,ride_id,rideable_type,started_at,ended_at,start_station_name,start_station_id,end_station_name,end_station_id,start_lat,start_lng,end_lat,end_lng,member_casual
692,A56647864CF1192A,electric_bike,2021-09-13 11:16:32,2021-09-13 11:23:57,E 81 St & Park Ave,7188,Central Park West & W 68 St,7079,40.77677702,-73.9590097,40.7734066,-73.97782542,member
723,89139B2B81E7604F,classic_bike,2021-09-24 12:52:57,2021-09-24 13:08:54,Madison Ave & E 82 St,7188,E 89 St & York Ave,7204,40.7781314,-73.96069399,40.7779453,-73.946041,casual
728,707012050A4F5F31,classic_bike,2021-09-05 17:54:06,2021-09-05 18:06:05,Madison Ave & E 82 St,7188,E 58 St & Madison Ave,6839,40.7781314,-73.96069399,40.76302594280519,-73.97209525108337,member
1457,867990CEB6DF1967,electric_bike,2021-09-29 09:46:47,2021-09-29 10:12:30,E 81 St & Park Ave,7188,Broadway & W 25 St,6173,40.77677702,-73.9590097,40.74286877312112,-73.98918628692627,member
1910,4B4CD7DC1EFBEFCA,classic_bike,2021-09-03 10:55:01,2021-09-03 10:59:39,Madison Ave & E 82 St,7188,5 Ave & E 72 St,7100,40.7781314,-73.96069399,40.77282817,-73.96685276,member
1919,15A93C9F3B2B2DF3,classic_bike,2021-09-05 16:48:48,2021-09-05 16:54:39,Madison Ave & E 82 St,7188,5 Ave & E 72 St,7100,40.7781314,-73.96069399,40.77282817,-73.96685276,member
4225,BFBB6928CD984225,classic_bike,2021-09-21 05:40:51,2021-09-21 05:50:36,E 81 St & Park Ave,7188,E 65 St & 2 Ave,6860,40.77677702,-73.9590097,40.76471851944339,-73.96222069859505,member
4807,2DDE8356519CBAA5,electric_bike,2021-09-27 10:15:02,2021-09-27 10:25:10,Madison Ave & E 82 St,7188,E 58 St & 3 Ave,6762,40.7781314,-73.96069399,40.76095756,-73.96724467,member
4808,CEF8EE5738ABB076,classic_bike,2021-09-17 15:24:25,2021-09-17 15:59:36,Madison Ave & E 82 St,7188,Bank St & Washington St,5964,40.7781314,-73.96069399,40.7361967,-74.00859207,member
4810,D1F75CD08DDD62B3,classic_bike,2021-09-02 14:53:05,2021-09-02 15:03:23,Madison Ave & E 82 St,7188,E 58 St & 3 Ave,6762,40.7781314,-73.96069399,40.76095756,-73.96724467,member
5123,92C2D5BF22DA720B,classic_bike,2021-09-25 15:16:33,2021-09-25 15:39:13,Madison Ave & E 82 St,7188,E 58 St & 3 Ave,6762,40.7781314,-73.96069399,40.76095756,-73.96724467,casual
5605,D7D7D6A92D054226,classic_bike,2021-09-04 14:23:26,2021-09-04 14:45:55,E 81 St & Park Ave,7188,E 58 St & 3 Ave,6762,40.77677702,-73.9590097,40.76095756,-73.96724467,casual
5839,9D84BAA7D5B99A80,electric_bike,2021-09-17 13:09:18,2021-09-17 13:23:31,E 81 St & Park Ave,7188,W 92 St & Broadway,7502,40.77677702,-73.9590097,40.7921,-73.9739,member
6113,7D4CEE1A8937F07B,classic_bike,2021-09-29 22:06:47,2021-09-29 22:13:42,Madison Ave & E 82 St,7188,E 97 St & Madison Ave,7393,40.7781314,-73.96069399,40.787801,-73.953559,casual
6175,C615FDDF4BB1B4CE,classic_bike,2021-09-09 20:38:50,2021-09-09 20:46:14,E 81 St & Park Ave,7188,E 97 St & Madison Ave,7393,40.77677702,-73.9590097,40.787801,-73.953559,member
7989,2AC65DC3FDA58C4E,electric_bike,2021-09-03 14:37:19,2021-09-03 14:50:18,Madison Ave & E 82 St,7188,E 47 St & 2 Ave,6498,40.7781314,-73.96069399,40.75323098,-73.97032517,member
7990,D579D6918ABADF11,classic_bike,2021-09-28 14:47:28,2021-09-28 14:50:34,Madison Ave & E 82 St,7188,E 85 St & 3 Ave,7212,40.7781314,-73.96069399,40.77801203,-73.95407149,member
7992,1AC5EA1B8226652B,classic_bike,2021-09-29 19:08:58,2021-09-29 19:14:29,Madison Ave & E 82 St,7188,E 85 St & 3 Ave,7212,40.7781314,-73.96069399,40.77801203,-73.95407149,casual
8869,DB674C560E8D5C62,classic_bike,2021-09-12 01:58:13,2021-09-12 02:01:36,Madison Ave & E 82 St,7188,E 85 St & 3 Ave,7212,40.7781314,-73.96069399,40.77801203,-73.95407149,member
8871,D17EABE1299F494C,classic_bike,2021-09-25 17:30:05,2021-09-25 17:58:58,Madison Ave & E 82 St,7188,E 47 St & 2 Ave,6498,40.7781314,-73.96069399,40.75323098,-73.97032517,member
8883,6917130A1E5E906A,classic_bike,2021-09-14 19:38:50,2021-09-14 19:42:15,Madison Ave & E 82 St,7188,E 85 St & 3 Ave,7212,40.7781314,-73.96069399,40.77801203,-73.95407149,member
8908,DED91DAAA9BF1B96,electric_bike,2021-09-29 13:53:12,2021-09-29 14:08:00,Madison Ave & E 82 St,7188,E 47 St & 2 Ave,6498,40.7781314,-73.96069399,40.75323098,-73.97032517,member
8909,EDD183E57C7F26AD,electric_bike,2021-09-26 19:06:39,2021-09-26 19:18:38,Madison Ave & E 82 St,7188,E 47 St & 2 Ave,6498,40.7781314,-73.96069399,40.75323098,-73.97032517,member
8911,2E1B3B2DC0CAA1C2,electric_bike,2021-09-16 21:38:15,2021-09-16 21:46:51,Madison Ave & E 82 St,7188,W 84 St & Columbus Ave,7382,40.7781314,-73.96069399,40.78499979,-73.97283406,member
8927,805E5169B3B55E16,classic_bike,2021-09-29 15:07:43,2021-09-29 15:11:14,Madison Ave & E 82 St,7188,E 85 St & 3 Ave,7212,40.7781314,-73.96069399,40.77801203,-73.95407149,member
8938,C4C74E56D5AA24E9,classic_bike,2021-09-13 13:32:54,2021-09-13 13:37:13,Madison Ave & E 82 St,7188,E 85 St & 3 Ave,7212,40.7781314,-73.96069399,40.77801203,-73.95407149,member
8946,F153949C5D95D5BD,classic_bike,2021-09-02 19:35:03,2021-09-02 20:06:25,Madison Ave & E 82 St,7188,E 56 St & 3 Ave,6691,40.7781314,-73.96069399,40.75934501,-73.96759673,casual
8949,61DFB01D76A6B10B,classic_bike,2021-09-28 15:49:35,2021-09-28 15:53:08,Madison Ave & E 82 St,7188,E 85 St & 3 Ave,7212,40.7781314,-73.96069399,40.77801203,-73.95407149,member
8951,F079806FCC07F44D,classic_bike,2021-09-25 18:04:58,2021-09-25 18:09:08,Madison Ave & E 82 St,7188,E 85 St & 3 Ave,7212,40.7781314,-73.96069399,40.77801203,-73.95407149,member
8972,5DA07DD1B9B2EA5C,classic_bike,2021-09-17 03:57:26,2021-09-17 04:03:21,Madison Ave & E 82 St,7188,E 85 St & 3 Ave,7212,40.7781314,-73.96069399,40.77801203,-73.95407149,casual
8995,F9309AE012AEFAB3,electric_bike,2021-09-18 18:03:22,2021-09-18 18:30:53,Madison Ave & E 82 St,7188,E 47 St & 2 Ave,6498,40.7781314,-73.96069399,40.75323098,-73.97032517,casual
9025,05689955324EF539,classic_bike,2021-09-23 09:14:33,2021-09-23 09:20:37,Madison Ave & E 82 St,7188,E 85 St & 3 Ave,7212,40.7781314,-73.96069399,40.77801203,-73.95407149,member
9028,2C408163ED4C0A9A,electric_bike,2021-09-20 07:54:55,2021-09-20 08:06:55,Madison Ave & E 82 St,7188,E 47 St & 2 Ave,6498,40.7781314,-73.96069399,40.75323098,-73.97032517,member
9031,BAEE2632F2CA5CFC,classic_bike,2021-09-10 01:09:35,2021-09-10 01:17:13,Madison Ave & E 82 St,7188,E 85 St & 3 Ave,7212,40.7781314,-73.96069399,40.77801203,-73.95407149,member
9067,8398EFB3E74073CC,electric_bike,2021-09-03 11:22:07,2021-09-03 11:25:54,Madison Ave & E 82 St,7188,E 85 St & 3 Ave,7212,40.7781314,-73.96069399,40.77801203,-73.95407149,member
9068,93578C4A795B6DA8,classic_bike,2021-09-30 11:23:06,2021-09-30 11:28:19,Madison Ave & E 82 St,7188,E 85 St & 3 Ave,7212,40.7781314,-73.96069399,40.77801203,-73.95407149,member
9069,0E7A3671017E789F,electric_bike,2021-09-30 09:14:22,2021-09-30 09:18:28,Madison Ave & E 82 St,7188,E 85 St & 3 Ave,7212,40.7781314,-73.96069399,40.77801203,-73.95407149,member
9110,AD369462EE1B3C34,electric_bike,2021-09-25 11:05:55,2021-09-25 11:10:04,Madison Ave & E 82 St,7188,E 85 St & 3 Ave,7212,40.7781314,-73.96069399,40.77801203,-73.95407149,member
9111,05BC98D01160D46A,classic_bike,2021-09-14 14:44:48,2021-09-14 14:49:16,Madison Ave & E 82 St,7188,E 85 St & 3 Ave,7212,40.7781314,-73.96069399,40.77801203,-73.95407149,member
9121,A2070F82C339447F,classic_bike,2021-09-12 11:42:31,2021-09-12 11:56:57,Madison Ave & E 82 St,7188,W 84 St & Columbus Ave,7382,40.7781314,-73.96069399,40.78499979,-73.97283406,casual
9220,82F9DBFDF6B54BE1,classic_bike,2021-09-18 23:43:19,2021-09-18 23:46:44,Madison Ave & E 82 St,7188,E 85 St & 3 Ave,7212,40.7781314,-73.96069399,40.77801203,-73.95407149,member
9222,317B38FECAC6807A,electric_bike,2021-09-17 12:30:10,2021-09-17 12:54:18,Madison Ave & E 82 St,7188,W 84 St & Columbus Ave,7382,40.7781314,-73.96069399,40.78499979,-73.97283406,member
9224,29378AA6B564DAC9,classic_bike,2021-09-16 17:05:54,2021-09-16 17:18:38,Madison Ave & E 82 St,7188,E 56 St & 3 Ave,6691,40.7781314,-73.96069399,40.75934501,-73.96759673,casual
9282,DC82FA2E802C7480,electric_bike,2021-09-17 03:57:16,2021-09-17 04:38:52,Madison Ave & E 82 St,7188,E 85 St & 3 Ave,7212,40.7781314,-73.96069399,40.77801203,-73.95407149,casual
10555,0A9B0563578FF61F,classic_bike,2021-09-30 19:20:27,2021-09-30 19:57:36,E 81 St & Park Ave,7188,St Nicholas Ave & W 137 St,7898,40.77677702,-73.9590097,40.818477,-73.947568,member
10932,ECA4225C592BBBC3,classic_bike,2021-09-07 15:37:00,2021-09-07 15:50:50,Madison Ave & E 82 St,7188,W 100 St & Broadway,7580,40.7781314,-73.96069399,40.7973721,-73.97041192,member
10933,66E4975B6E579ED2,classic_bike,2021-09-17 16:09:39,2021-09-17 16:23:51,Madison Ave & E 82 St,7188,W 100 St & Broadway,7580,40.7781314,-73.96069399,40.7973721,-73.97041192,member
11260,3B4C4AFAAFBD8458,classic_bike,2021-09-19 13:52:28,2021-09-19 13:58:19,E 81 St & Park Ave,7188,E 68 St & 3 Ave,6896,40.77677702,-73.9590097,40.76712840349542,-73.96224617958069,member
11769,ABE372650B28A8EF,classic_bike,2021-09-18 19:18:48,2021-09-18 19:34:24,Madison Ave & E 82 St,7188,Frederick Douglass Blvd & W 112 St,7631,40.7781314,-73.96069399,40.801694,-73.957145,member
12081,7A1AC2912037455F,electric_bike,2021-09-02 11:34:29,2021-09-02 11:40:35,E 81 St & Park Ave,7188,E 88 St & 1 Ave,7235,40.77677702,-73.9590097,40.778301,-73.9488134,member
13279,5112C76D97609A23,classic_bike,2021-09-09 15:14:03,2021-09-09 15:21:15,E 81 St & Park Ave,7188,E 88 St & 1 Ave,7235,40.77677702,-73.9590097,40.778301,-73.9488134,casual
13283,D2E2FE93757BDC3A,classic_bike,2021-09-27 08:43:29,2021-09-27 09:00:34,E 81 St & Park Ave,7188,E 45 St & 3 Ave,6464,40.77677702,-73.9590097,40.75255434,-73.97282625,casual
13294,5AB2DE824E8125C6,electric_bike,2021-09-17 14:00:21,2021-09-17 14:50:42,E 81 St & Park Ave,7188,E 88 St & 1 Ave,7235,40.77677702,-73.9590097,40.778301,-73.9488134,member
13299,B259FDD2D53ACDC0,electric_bike,2021-09-06 00:02:12,2021-09-06 00:32:04,E 81 St & Park Ave,7188,E 88 St & 1 Ave,7235,40.77677702,-73.9590097,40.778301,-73.9488134,member
14117,7B200EC39AFBF7E2,electric_bike,2021-09-07 18:33:20,2021-09-07 18:39:42,E 81 St & Park Ave,7188,E 88 St & 1 Ave,7235,40.77677702,-73.9590097,40.778301,-73.9488134,casual
14126,09AC90B530D0A02A,classic_bike,2021-09-08 18:51:34,2021-09-08 19:00:59,E 81 St & Park Ave,7188,Central Park West & W 72 St,7141,40.77677702,-73.9590097,40.77579376683666,-73.9762057363987,member
14127,5A61B595718B0A06,classic_bike,2021-09-09 13:06:19,2021-09-09 13:23:05,E 81 St & Park Ave,7188,Pershing Square South,6432,40.77677702,-73.9590097,40.751581,-73.97791,member
14138,F45BB2000034710B,electric_bike,2021-09-08 19:22:29,2021-09-08 19:27:38,E 81 St & Park Ave,7188,E 88 St & 1 Ave,7235,40.77677702,-73.9590097,40.778301,-73.9488134,casual
14487,A3A408F758B83804,classic_bike,2021-09-10 08:24:47,2021-09-10 08:44:28,E 81 St & Park Ave,7188,E 84 St & Park Ave,7243,40.77677702,-73.9590097,40.77862688,-73.95772073,member
14488,3BB2B3027FF692E1,classic_bike,2021-09-15 12:00:49,2021-09-15 12:11:51,E 81 St & Park Ave,7188,Central Park West & W 72 St,7141,40.77677702,-73.9590097,40.77579376683666,-73.9762057363987,member
14609,83BEE21FD38816BB,classic_bike,2021-09-13 13:39:07,2021-09-13 13:49:06,Madison Ave & E 82 St,7188,Central Park West & W 72 St,7141,40.7781314,-73.96069399,40.77579376683666,-73.9762057363987,member
14614,B9C909C97471126B,classic_bike,2021-09-02 15:34:28,2021-09-02 16:11:33,Madison Ave & E 82 St,7188,Central Park West & W 72 St,7141,40.7781314,-73.96069399,40.77579376683666,-73.9762057363987,casual
14616,5DC9D5B079B1A174,electric_bike,2021-09-16 12:11:33,2021-09-16 12:19:17,Madison Ave & E 82 St,7188,Central Park West & W 72 St,7141,40.7781314,-73.96069399,40.77579376683666,-73.9762057363987,casual
14669,9C47AB7391E5D192,classic_bike,2021-09-18 08:17:02,2021-09-18 08:27:20,E 81 St & Park Ave,7188,Central Park West & W 72 St,7141,40.77677702,-73.9590097,40.77579376683666,-73.9762057363987,member
14670,FE79C1FE574DC963,classic_bike,2021-09-06 16:58:55,2021-09-06 17:05:51,E 81 St & Park Ave,7188,E 84 St & Park Ave,7243,40.77677702,-73.9590097,40.77862688,-73.95772073,casual
14791,7A73898A5069BA32,classic_bike,2021-09-28 18:11:36,2021-09-28 18:13:10,Madison Ave & E 82 St,7188,E 84 St & Park Ave,7243,40.7781314,-73.96069399,40.77862688,-73.95772073,member
14794,404F9C2E005CEDF2,classic_bike,2021-09-26 17:38:12,2021-09-26 17:49:34,Madison Ave & E 82 St,7188,Central Park West & W 72 St,7141,40.7781314,-73.96069399,40.77579376683666,-73.9762057363987,casual
15447,B346AFECBA47804B,electric_bike,2021-09-17 12:54:04,2021-09-17 13:24:35,Madison Ave & E 82 St,7188,W 36 St & 9 Ave,6569,40.7781314,-73.96069399,40.75462324029105,-73.99516761302948,casual
17178,B46DE2D8E4CDF6A0,classic_bike,2021-09-05 16:32:49,2021-09-05 17:48:56,E 81 St & Park Ave,7188,W 47 St & 10 Ave,6824,40.77677702,-73.9590097,40.76269882,-73.99301222,casual
17300,BE7C33F47F294F4F,classic_bike,2021-09-10 07:54:16,2021-09-10 08:17:10,Madison Ave & E 82 St,7188,12 Ave & W 40 St,6765,40.7781314,-73.96069399,40.76087502,-74.00277668,member
17765,88A8DB9B7B377A97,classic_bike,2021-09-17 10:11:58,2021-09-17 10:25:44,E 81 St & Park Ave,7188,8 Ave & W 52 St,6816,40.77677702,-73.9590097,40.76370739,-73.9851615,member
17872,3EC75159EA2A7AB0,classic_bike,2021-09-13 13:44:05,2021-09-13 14:26:40,Madison Ave & E 82 St,7188,W 42 St & 6 Ave,6517,40.7781314,-73.96069399,40.75492,-73.98455,casual
18551,E8CA412CE9BD0F91,classic_bike,2021-09-23 08:24:14,2021-09-23 08:37:26,E 81 St & Park Ave,7188,W 52 St & 6 Ave,6740,40.77677702,-73.9590097,40.76132983124814,-73.97982001304626,member
19221,DE93BDF2C31FAC18,electric_bike,2021-09-25 07:58:53,2021-09-25 08:01:11,E 81 St & 3 Ave,7154,E 81 St & Park Ave,7188,40.77573034,-73.9567526,40.77677702,-73.9590097,member
19237,8EEEFDC5F4110612,classic_bike,2021-09-24 17:31:17,2021-09-24 17:58:48,Crescent St & 34 Ave,6759,E 81 St & Park Ave,7188,40.76108,-73.930562,40.77677702,-73.9590097,member
19238,D9D858FC15BAD290,electric_bike,2021-09-22 10:19:07,2021-09-22 10:28:34,W 52 St & 6 Ave,6740,E 81 St & Park Ave,7188,40.76132983124814,-73.97982001304626,40.77677702,-73.9590097,member
19240,637CC4580F17D2AA,electric_bike,2021-09-12 13:43:13,2021-09-12 13:52:47,Central Park W & W 91 St,7453,E 81 St & Park Ave,7188,40.78866499127884,-73.96680057048798,40.77677702,-73.9590097,member
19260,1444DB7D6DC94038,docked_bike,2021-09-09 06:56:26,2021-09-09 06:59:14,E 88 St & Park Ave,7293,E 81 St & Park Ave,7188,40.781411,-73.955959,40.776777,-73.95901,casual
19261,079B245930199917,docked_bike,2021-09-09 15:49:49,2021-09-09 15:54:18,E 88 St & Park Ave,7293,E 81 St & Park Ave,7188,40.781411,-73.955959,40.776777,-73.95901,casual
19262,CE20824FED6B4178,electric_bike,2021-09-27 18:55:58,2021-09-27 19:12:23,E 68 St & Madison Ave,6932,E 81 St & Park Ave,7188,40.7691572,-73.96703464,40.77677702,-73.9590097,member
19273,D0C31BF06D4C39EE,classic_bike,2021-09-02 17:42:53,2021-09-02 17:54:51,Amsterdam Ave & W 73 St,7260,E 81 St & Park Ave,7188,40.77966809007312,-73.98093044757842,40.77677702,-73.9590097,casual
19296,1CAFD6EE16458579,electric_bike,2021-09-12 13:50:11,2021-09-12 14:24:22,E 81 St & Park Ave,7188,E 81 St & Park Ave,7188,40.77677702,-73.9590097,40.77677702,-73.9590097,casual
19302,8D92B371A6E4B671,classic_bike,2021-09-10 18:52:08,2021-09-10 18:59:35,1 Ave & E 78 St,7020,E 81 St & Park Ave,7188,40.77140426,-73.9535166,40.77677702,-73.9590097,member
19308,C16899DC21E6BEF2,electric_bike,2021-09-23 07:49:33,2021-09-23 07:58:10,5 Ave & E 103 St,7511,E 81 St & Park Ave,7188,40.7922553,-73.95249933,40.77677702,-73.9590097,member
19327,14C5D1E753AF294F,electric_bike,2021-09-30 14:54:56,2021-09-30 15:00:34,E 65 St & 2 Ave,6860,E 81 St & Park Ave,7188,40.76471851944339,-73.96222069859505,40.77677702,-73.9590097,member
19341,1D70869183BBD3BD,classic_bike,2021-09-12 07:41:36,2021-09-12 08:10:06,Crescent St & Broadway,6827,E 81 St & Park Ave,7188,40.7633589,-73.9286471,40.77677702,-73.9590097,member
19350,5695BE125BB5D600,classic_bike,2021-09-15 18:26:10,2021-09-15 18:36:20,7 Ave & Central Park South,6912,E 81 St & Park Ave,7188,40.7667405590595,-73.9790689945221,40.77677702,-73.9590097,member
19353,C740E74E55FBCCC3,electric_bike,2021-09-02 11:36:28,2021-09-02 11:43:03,E 72 St & York Ave,6889,E 81 St & Park Ave,7188,40.76663814,-73.95348296,40.77677702,-73.9590097,casual
19358,65E44265A139C49E,classic_bike,2021-09-07 21:51:31,2021-09-07 22:01:04,Columbus Ave & W 72 St,7175,E 81 St & Park Ave,7188,40.7770575,-73.97898475,40.77677702,-73.9590097,member
19359,AC7D197AC5CBA357,electric_bike,2021-09-06 07:21:35,2021-09-06 07:28:17,Columbus Ave & W 72 St,7175,E 81 St & Park Ave,7188,40.7770575,-73.97898475,40.77677702,-73.9590097,member
19383,890242A444A0CF33,classic_bike,2021-09-15 07:52:41,2021-09-15 07:53:21,E 81 St & Park Ave,7188,E 81 St & Park Ave,7188,40.77677702,-73.9590097,40.77677702,-73.9590097,member
19398,2680387296FEAFFD,classic_bike,2021-09-25 16:49:35,2021-09-25 16:56:33,5 Ave & E 87 St,7323,E 81 St & Park Ave,7188,40.78232260730881,-73.95987510681152,40.77677702,-73.9590097,member
19417,6668E78EB2CB105A,classic_bike,2021-09-14 20:12:18,2021-09-14 20:18:57,E 67 St & Park Ave,6932,E 81 St & Park Ave,7188,40.76780080148132,-73.96592080593109,40.77677702,-73.9590097,member
19428,8901A9DB75C2E497,classic_bike,2021-09-30 07:27:37,2021-09-30 07:33:22,E 81 St & York Ave,7084,E 81 St & Park Ave,7188,40.7728384,-73.94989233,40.77677702,-73.9590097,member
19433,D83D558B19B7F4F7,classic_bike,2021-09-21 11:04:44,2021-09-21 11:19:51,5 Ave & E 103 St,7511,E 81 St & Park Ave,7188,40.7922553,-73.95249933,40.77677702,-73.9590097,member
19438,0ED0BC19889B2CF0,classic_bike,2021-09-21 20:04:22,2021-09-21 20:14:22,3 Ave & E 62 St,6762,E 81 St & Park Ave,7188,40.76312584,-73.96526895,40.77677702,-73.9590097,member
19440,F988454FAD20BF44,classic_bike,2021-09-02 16:35:05,2021-09-02 16:35:43,E 81 St & Park Ave,7188,E 81 St & Park Ave,7188,40.77677702,-73.9590097,40.77677702,-73.9590097,member
19453,C1213E5469CD2E05,classic_bike,2021-09-16 14:45:57,2021-09-16 14:48:39,E 84 St & Park Ave,7243,E 81 St & Park Ave,7188,40.77862688,-73.95772073,40.77677702,-73.9590097,member
19464,CF58454999756F95,classic_bike,2021-09-29 14:00:11,2021-09-29 14:19:40,E 116 St & 2 Ave,7563,E 81 St & Park Ave,7188,40.796879,-73.937261,40.77677702,-73.9590097,member
19470,EFC62CDE23C7B9B6,classic_bike,2021-09-12 13:55:22,2021-09-12 14:14:48,W 92 St & Broadway,7502,E 81 St & Park Ave,7188,40.7921,-73.9739,40.77677702,-73.9590097,member
19476,DB7F9AAC7C7BE390,classic_bike,2021-09-08 18:32:09,2021-09-08 18:42:17,E 84 St & 1 Ave,7180,E 81 St & Park Ave,7188,40.77565541,-73.95068615,40.77677702,-73.9590097,member
19485,CA662349E3A1E029,electric_bike,2021-09-17 14:27:24,2021-09-17 14:30:53,E 81 St & York Ave,7084,E 81 St & Park Ave,7188,40.7728384,-73.94989233,40.77677702,-73.9590097,member
19486,FE84B3D25824F612,classic_bike,2021-09-13 20:58:37,2021-09-13 21:10:49,Broadway & W 58 St,6948,E 81 St & Park Ave,7188,40.76695317,-73.98169333,40.77677702,-73.9590097,member
19488,A607B7C3E6773410,classic_bike,2021-09-13 07:23:46,2021-09-13 07:29:34,E 81 St & York Ave,7084,E 81 St & Park Ave,7188,40.7728384,-73.94989233,40.77677702,-73.9590097,member
19498,80CDA57E5CC048D1,classic_bike,2021-09-04 11:31:02,2021-09-04 11:40:53,E 82 St & East End Ave,7049,E 81 St & Park Ave,7188,40.7724607,-73.9468208,40.77677702,-73.9590097,member
19499,77E08F6C42876288,electric_bike,2021-09-08 13:05:45,2021-09-08 13:34:19,6 Ave & W 33 St,6364,E 81 St & Park Ave,7188,40.74901271,-73.98848395,40.77677702,-73.9590097,member
19502,790A8810476ABB99,classic_bike,2021-09-06 15:00:19,2021-09-06 15:26:46,Central Park S & 6 Ave,6876,E 81 St & Park Ave,7188,40.76590936,-73.97634151,40.77677702,-73.9590097,casual
19514,B7B23C7CD638DDCE,electric_bike,2021-09-08 18:08:00,2021-09-08 18:16:07,East End Ave & E 86 St,7113,E 81 St & Park Ave,7188,40.77518615,-73.94446054,40.77677702,-73.9590097,member
19515,2546613286ABDA4B,classic_bike,2021-09-12 09:52:04,2021-09-12 10:38:02,Madison Ave & E 82 St,7188,Harrison St & Hudson St,5400,40.7781314,-73.96069399,40.71870987,-74.0090009,member
19518,14ED4B1693090E08,electric_bike,2021-09-13 14:37:48,2021-09-13 14:40:14,Madison Ave & E 82 St,7188,E 81 St & Park Ave,7188,40.7781314,-73.96069399,40.77677702,-73.9590097,member
19540,9A873E1FEB4A3550,electric_bike,2021-09-10 07:57:09,2021-09-10 08:02:55,E 102 St & Park Ave,7488,E 81 St & Park Ave,7188,40.7904828,-73.95033068,40.77677702,-73.9590097,member
19541,E101881A6A44233D,classic_bike,2021-09-15 09:48:06,2021-09-15 09:57:31,7 Ave & Central Park South,6912,E 81 St & Park Ave,7188,40.7667405590595,-73.9790689945221,40.77677702,-73.9590097,member
19570,99AD5E35C1623399,classic_bike,2021-09-17 19:50:10,2021-09-17 20:09:10,E 59 St & Madison Ave,6801,E 81 St & Park Ave,7188,40.76350532,-73.97109243,40.77677702,-73.9590097,member
19571,74508704A5F6439D,classic_bike,2021-09-14 19:38:45,2021-09-14 20:09:06,W 20 St & 7 Ave,6182,E 81 St & Park Ave,7188,40.74238787,-73.99726235,40.77677702,-73.9590097,member
19772,6224196F55F2C2D0,classic_bike,2021-09-23 12:56:46,2021-09-23 13:08:16,E 81 St & Park Ave,7188,2 Ave & E 104 St,7436,40.77677702,-73.9590097,40.7892105,-73.94370784,casual
19912,1A1979D52B16DBDA,electric_bike,2021-09-26 12:34:31,2021-09-26 12:42:23,1 Ave & E 68 St,6822,E 81 St & Park Ave,7188,40.76500525,-73.95818491,40.77677702,-73.9590097,member
20082,C1C464796091BB55,classic_bike,2021-09-12 12:21:06,2021-09-12 12:36:34,E 95 St & 3 Ave,7365,E 81 St & Park Ave,7188,40.7849032,-73.950503,40.77677702,-73.9590097,casual
20669,589B9F7C58725C8E,classic_bike,2021-09-12 13:27:22,2021-09-12 13:38:49,E 81 St & Park Ave,7188,Central Park West & W 76 St,7253,40.77677702,-73.9590097,40.77896784,-73.97374737,member
20670,EAF8D29FBD58E494,classic_bike,2021-09-12 13:47:45,2021-09-12 13:58:50,E 81 St & Park Ave,7188,Central Park West & W 76 St,7253,40.77677702,-73.9590097,40.77896784,-73.97374737,casual
20706,0027A9D9F5B00D17,classic_bike,2021-09-02 12:12:48,2021-09-02 12:25:43,Madison Ave & E 82 St,7188,Central Park West & W 76 St,7253,40.7781314,-73.96069399,40.77896784,-73.97374737,casual
21418,AD5BCC9F9EDC1857,electric_bike,2021-09-03 18:42:59,2021-09-03 19:06:33,E 81 St & Park Ave,7188,Morningside Ave & W 123 St,7741,40.77677702,-73.9590097,40.81,-73.9551508,member
21435,7720A9D8979F0AC4,electric_bike,2021-09-03 18:42:58,2021-09-03 19:06:18,E 81 St & Park Ave,7188,Morningside Ave & W 123 St,7741,40.77677702,-73.9590097,40.81,-73.9551508,member
22603,66A4FA03B316D273,classic_bike,2021-09-26 15:19:33,2021-09-26 15:44:39,Madison Ave & E 82 St,7188,E 106 St & Madison Ave,7528,40.7781314,-73.96069399,40.7934337,-73.94945003,casual
22949,6A498B1A37A2B7D5,classic_bike,2021-09-06 17:02:51,2021-09-07 11:16:29,E 81 St & Park Ave,7188,E 106 St & Madison Ave,7528,40.77677702,-73.9590097,40.7934337,-73.94945003,casual
23374,AA6315E65346F71C,electric_bike,2021-09-03 13:01:37,2021-09-03 13:08:22,E 81 St & Park Ave,7188,E 106 St & Madison Ave,7528,40.77677702,-73.9590097,40.7934337,-73.94945003,member
23389,303817DDB2D5A02C,electric_bike,2021-09-04 06:13:24,2021-09-04 06:19:30,Madison Ave & E 82 St,7188,E 106 St & Madison Ave,7528,40.7781314,-73.96069399,40.7934337,-73.94945003,casual
23390,3BFCA2DAED542E49,electric_bike,2021-09-14 09:23:36,2021-09-14 09:34:44,Madison Ave & E 82 St,7188,E 106 St & Madison Ave,7528,40.7781314,-73.96069399,40.7934337,-73.94945003,casual
24349,9BE55CF3B40C6456,electric_bike,2021-09-06 16:12:07,2021-09-06 16:51:58,Madison Ave & E 82 St,7188,Howard St & Centre St,5422,40.7781314,-73.96069399,40.71910537,-73.99973337,casual
24657,026C37B437A5B078,electric_bike,2021-09-11 15:52:33,2021-09-11 17:08:43,Madison Ave & E 82 St,7188,Grand St & Greene St,5500,40.7781314,-73.96069399,40.72170005235607,-74.00238141417502,casual
25073,B78CACAD286CB75B,classic_bike,2021-09-10 18:41:50,2021-09-10 18:54:03,E 81 St & Park Ave,7188,E 84 St & 1 Ave,7180,40.77677702,-73.9590097,40.77565541,-73.95068615,casual
25105,773307A98DDB6BBE,classic_bike,2021-09-16 13:21:54,2021-09-16 13:45:25,E 81 St & Park Ave,7188,E 109 St & 3 Ave,7504,40.77677702,-73.9590097,40.79329668,-73.9432083,casual
25519,1122AD640FA226C4,classic_bike,2021-09-12 14:57:17,2021-09-12 15:08:40,E 81 St & Park Ave,7188,Broadway & W 58 St,6948,40.77677702,-73.9590097,40.76695317,-73.98169333,member
25941,9BDB87A4058BD045,electric_bike,2021-09-18 17:21:11,2021-09-18 17:27:40,E 81 St & Park Ave,7188,E 81 St & York Ave,7084,40.77677702,-73.9590097,40.7728384,-73.94989233,casual
26496,32C9B3FA4CDA6A39,classic_bike,2021-09-19 17:49:19,2021-09-19 18:32:25,E 81 St & Park Ave,7188,W 87 St & West End Ave,7484,40.77677702,-73.9590097,40.789622,-73.97757,member
26561,A00AF745641C0172,classic_bike,2021-09-10 13:51:33,2021-09-10 14:05:25,E 81 St & Park Ave,7188,Broadway & W 58 St,6948,40.77677702,-73.9590097,40.76695317,-73.98169333,member
26666,E3468E5E6CAC9D76,classic_bike,2021-09-29 23:52:21,2021-09-29 23:59:34,Madison Ave & E 82 St,7188,E 89 St & York Ave,7204,40.7781314,-73.96069399,40.7779453,-73.946041,casual
26674,F75DF98EC6ABE878,classic_bike,2021-09-25 18:49:45,2021-09-25 19:36:00,Madison Ave & E 82 St,7188,E 51 St & 2 Ave,6575,40.7781314,-73.96069399,40.755293,-73.967641,member
26706,90370DBA5927E806,electric_bike,2021-09-17 09:17:21,2021-09-17 09:27:49,Madison Ave & E 82 St,7188,E 58 St & Madison Ave,6839,40.7781314,-73.96069399,40.76302594280519,-73.97209525108337,member
26711,CBBAFE0451D79BC2,classic_bike,2021-09-06 11:21:43,2021-09-06 11:42:10,Madison Ave & E 82 St,7188,E 51 St & 2 Ave,6575,40.7781314,-73.96069399,40.755293,-73.967641,casual
26712,43808C77CE349BCD,classic_bike,2021-09-07 19:07:00,2021-09-07 19:18:52,Madison Ave & E 82 St,7188,W 55 St & 6 Ave,6809,40.7781314,-73.96069399,40.763189,-73.978434,casual
26713,3C45096612A3856F,classic_bike,2021-09-26 14:17:54,2021-09-26 14:27:30,Madison Ave & E 82 St,7188,E 58 St & Madison Ave,6839,40.7781314,-73.96069399,40.76302594280519,-73.97209525108337,casual
26724,504C39692E935856,classic_bike,2021-09-19 13:18:44,2021-09-19 13:40:44,Madison Ave & E 82 St,7188,W 55 St & 6 Ave,6809,40.7781314,-73.96069399,40.763189,-73.978434,member
26728,24A51CB8BA94CC72,classic_bike,2021-09-22 18:55:02,2021-09-22 19:33:47,Madison Ave & E 82 St,7188,W 87 St & West End Ave,7484,40.7781314,-73.96069399,40.789622,-73.97757,member
26733,06EA05E634258511,classic_bike,2021-09-25 21:51:06,2021-09-25 22:10:31,Madison Ave & E 82 St,7188,E 51 St & 2 Ave,6575,40.7781314,-73.96069399,40.755293,-73.967641,casual
26745,A84C12324AFA7037,classic_bike,2021-09-06 07:05:47,2021-09-06 07:14:19,Madison Ave & E 82 St,7188,E 89 St & York Ave,7204,40.7781314,-73.96069399,40.7779453,-73.946041,member
26752,7ED72DAB00278473,classic_bike,2021-09-17 16:17:07,2021-09-17 16:38:41,Madison Ave & E 82 St,7188,W 55 St & 6 Ave,6809,40.7781314,-73.96069399,40.763189,-73.978434,member
26768,74D38742DEC1F348,docked_bike,2021-09-13 11:24:59,2021-09-13 11:46:03,Madison Ave & E 82 St,7188,E 51 St & 2 Ave,6575,40.778131,-73.960694,40.755293,-73.967641,casual
26775,7AAB1C2FD5FB097E,classic_bike,2021-09-03 16:21:17,2021-09-03 16:41:39,Madison Ave & E 82 St,7188,W 55 St & 6 Ave,6809,40.7781314,-73.96069399,40.763189,-73.978434,casual
26783,C34928D1FBBE697F,classic_bike,2021-09-11 16:36:01,2021-09-11 16:47:48,Madison Ave & E 82 St,7188,E 58 St & Madison Ave,6839,40.7781314,-73.96069399,40.76302594280519,-73.97209525108337,casual
26784,421F1A84A821C1A9,classic_bike,2021-09-10 15:39:50,2021-09-10 15:51:39,Madison Ave & E 82 St,7188,E 89 St & York Ave,7204,40.7781314,-73.96069399,40.7779453,-73.946041,casual
26792,47FC027C743E992F,docked_bike,2021-09-18 16:49:49,2021-09-18 17:20:50,Madison Ave & E 82 St,7188,W 55 St & 6 Ave,6809,40.778131,-73.960694,40.763189,-73.978434,casual
26802,5878AB6F0BDC6672,classic_bike,2021-09-25 16:18:29,2021-09-25 16:44:48,Madison Ave & E 82 St,7188,E 51 St & 2 Ave,6575,40.7781314,-73.96069399,40.755293,-73.967641,casual
26804,8855CC56F9FFC940,classic_bike,2021-09-17 16:16:49,2021-09-17 16:38:22,Madison Ave & E 82 St,7188,W 55 St & 6 Ave,6809,40.7781314,-73.96069399,40.763189,-73.978434,casual
26817,7C0248E29DFAEAB7,classic_bike,2021-09-18 16:35:58,2021-09-18 16:48:03,Madison Ave & E 82 St,7188,E 89 St & York Ave,7204,40.7781314,-73.96069399,40.7779453,-73.946041,casual
27869,903135E993C73164,electric_bike,2021-09-21 13:34:11,2021-09-21 13:44:37,Madison Ave & E 82 St,7188,W 55 St & 6 Ave,6809,40.7781314,-73.96069399,40.763189,-73.978434,member
28768,A526DBCADFB2F7F6,classic_bike,2021-09-18 13:39:58,2021-09-18 14:36:46,E 81 St & Park Ave,7188,11 Ave & W 41 St,6726,40.77677702,-73.9590097,40.76030096,-73.99884222,member
32256,0F6011A047E6CD3E,classic_bike,2021-09-11 10:28:44,2021-09-11 10:34:59,Madison Ave & E 82 St,7188,2 Ave & E 96 St,7338,40.7781314,-73.96069399,40.7839636,-73.9471673,member
32268,4BD6BC29BD32D9B0,electric_bike,2021-09-10 14:05:42,2021-09-10 14:12:03,Madison Ave & E 82 St,7188,2 Ave & E 96 St,7338,40.7781314,-73.96069399,40.7839636,-73.9471673,member
32270,38D037C9D5C2A1B6,classic_bike,2021-09-26 19:22:22,2021-09-26 19:41:19,Madison Ave & E 82 St,7188,1 Ave & E 62 St,6753,40.7781314,-73.96069399,40.7612274,-73.96094022,casual
32280,66268D4E189FC40B,electric_bike,2021-09-19 23:37:20,2021-09-19 23:42:19,Madison Ave & E 82 St,7188,2 Ave & E 96 St,7338,40.7781314,-73.96069399,40.7839636,-73.9471673,casual
32296,EC2F70CC0FCC474F,classic_bike,2021-09-05 16:53:03,2021-09-05 17:03:20,Madison Ave & E 82 St,7188,1 Ave & E 62 St,6753,40.7781314,-73.96069399,40.7612274,-73.96094022,member
32421,6A9C968603D50168,classic_bike,2021-09-20 18:13:07,2021-09-20 18:35:00,Madison Ave & E 82 St,7188,1 Ave & E 62 St,6753,40.7781314,-73.96069399,40.7612274,-73.96094022,casual
32453,639A176B31FABEE1,electric_bike,2021-09-08 19:23:37,2021-09-08 19:30:57,Madison Ave & E 82 St,7188,2 Ave & E 96 St,7338,40.7781314,-73.96069399,40.7839636,-73.9471673,casual
32973,7CCC3E72A39DAA87,classic_bike,2021-09-25 15:38:55,2021-09-25 15:59:47,Madison Ave & E 82 St,7188,West End Ave & W 60 St,7059,40.7781314,-73.96069399,40.77237,-73.99005,casual
33167,C7EC83611B89F18A,classic_bike,2021-09-10 14:17:19,2021-09-10 14:37:12,E 81 St & Park Ave,7188,West End Ave & W 60 St,7059,40.77677702,-73.9590097,40.77237,-73.99005,member
33951,4CDDFA8EB584E8A4,electric_bike,2021-09-30 16:26:59,2021-09-30 16:52:28,Madison Ave & E 82 St,7188,Bergen Ave & E 152 St,7858,40.7781314,-73.96069399,40.817166,-73.914737,member
33955,0AAF91B47206FCF2,classic_bike,2021-09-17 14:18:54,2021-09-17 14:53:17,Madison Ave & E 82 St,7188,Lexington Ave & E 24 St,6089,40.7781314,-73.96069399,40.74025878,-73.98409214,casual
33984,910A55A2E16BA744,classic_bike,2021-09-12 10:09:50,2021-09-12 10:29:40,Madison Ave & E 82 St,7188,West End Ave & W 60 St,7059,40.7781314,-73.96069399,40.77237,-73.99005,casual
34200,E1523DCEFDD12435,classic_bike,2021-09-26 10:46:19,2021-09-26 11:04:16,Madison Ave & E 82 St,7188,West End Ave & W 60 St,7059,40.7781314,-73.96069399,40.77237,-73.99005,member
34217,3F4A90A17991311A,classic_bike,2021-09-01 13:15:52,2021-09-01 14:01:29,Madison Ave & E 82 St,7188,E 13 St & 2 Ave,5820,40.7781314,-73.96069399,40.73153937464073,-73.9853024482727,casual
34706,457F06DDD687CA81,classic_bike,2021-09-25 13:41:00,2021-09-25 13:52:30,E 81 St & Park Ave,7188,E 66 St & Madison Ave,6969,40.77677702,-73.9590097,40.76800889305947,-73.96845281124115,member
38867,38739DF470A8899E,classic_bike,2021-09-02 11:24:01,2021-09-02 11:59:04,Madison Ave & E 82 St,7188,W 76 St & Columbus Ave,7281,40.7781314,-73.96069399,40.7801839724239,-73.97728532552719,casual
38869,54D0DEBD7A1A9B7D,classic_bike,2021-09-18 14:32:43,2021-09-18 14:58:01,Madison Ave & E 82 St,7188,W 76 St & Columbus Ave,7281,40.7781314,-73.96069399,40.7801839724239,-73.97728532552719,casual
39453,1B75F73F1354F975,electric_bike,2021-09-08 07:22:31,2021-09-08 07:53:51,E 81 St & Park Ave,7188,North Moore St & Greenwich St,5470,40.77677702,-73.9590097,40.72019521437465,-74.0103006362915,member
39585,7AD0871BC7B72CB2,classic_bike,2021-09-16 08:18:09,2021-09-16 08:28:04,E 81 St & Park Ave,7188,W 76 St & Columbus Ave,7281,40.77677702,-73.9590097,40.7801839724239,-73.97728532552719,member
39591,134E625CF4954C41,classic_bike,2021-09-13 06:53:27,2021-09-13 07:05:44,E 81 St & Park Ave,7188,W 76 St & Columbus Ave,7281,40.77677702,-73.9590097,40.7801839724239,-73.97728532552719,member
40334,423B78A5724CDBBA,classic_bike,2021-09-14 15:49:08,2021-09-14 16:03:29,Madison Ave & E 82 St,7188,W 63 St & Broadway,7052,40.7781314,-73.96069399,40.77163851,-73.98261428,member
40335,85D46330CDCF3D29,electric_bike,2021-09-29 16:01:21,2021-09-29 16:25:52,Madison Ave & E 82 St,7188,W 30 St & 10 Ave,6459,40.7781314,-73.96069399,40.752694,-74.002353,member
41746,05820AF48D4B02E1,classic_bike,2021-09-25 19:49:12,2021-09-25 20:05:59,Madison Ave & E 82 St,7188,Columbus Ave & W 103 St,7595,40.7781314,-73.96069399,40.7969347,-73.9643412291,casual
44278,1FA27F1BADC4FAB8,electric_bike,2021-09-21 22:45:34,2021-09-21 23:01:13,E 81 St & Park Ave,7188,Lexington Ave & E 26 St,6089,40.77677702,-73.9590097,40.741459,-73.983293,member
44490,06AE3884E8B3038C,classic_bike,2021-09-21 14:52:41,2021-09-21 15:23:49,Madison Ave & E 82 St,7188,E 59 St & Madison Ave,6801,40.7781314,-73.96069399,40.76350532,-73.97109243,casual
44491,1965F6DCFD216D65,electric_bike,2021-09-21 10:26:29,2021-09-21 11:01:27,Madison Ave & E 82 St,7188,Amsterdam Ave & W 186 St,8394,40.7781314,-73.96069399,40.851113,-73.928808,casual
45544,965C437B9D2F7D74,classic_bike,2021-09-20 14:13:26,2021-09-20 14:20:18,Madison Ave & E 82 St,7188,5 Ave & E 72 St,7100,40.7781314,-73.96069399,40.77282817,-73.96685276,member
45545,60395DE627EF359B,electric_bike,2021-09-17 19:02:06,2021-09-17 20:07:43,Madison Ave & E 82 St,7188,Central Park West & W 85 St,7354,40.7781314,-73.96069399,40.78476,-73.969862,member
45557,08CBFABB0CDAAAA6,classic_bike,2021-09-24 08:25:12,2021-09-24 08:46:57,Madison Ave & E 82 St,7188,5 Ave & E 72 St,7100,40.7781314,-73.96069399,40.77282817,-73.96685276,casual
45562,CC49A16356744A66,classic_bike,2021-09-09 23:28:12,2021-09-09 23:35:06,Madison Ave & E 82 St,7188,Amsterdam Ave & W 79 St,7311,40.7781314,-73.96069399,40.7829391,-73.9786517,casual
45563,150D8C9012837B05,classic_bike,2021-09-10 14:01:36,2021-09-10 14:39:06,Madison Ave & E 82 St,7188,Central Park West & W 85 St,7354,40.7781314,-73.96069399,40.78476,-73.969862,casual
45644,1B1C576DA197E05B,classic_bike,2021-09-22 12:54:39,2021-09-22 13:00:08,E 81 St & Park Ave,7188,5 Ave & E 72 St,7100,40.77677702,-73.9590097,40.77282817,-73.96685276,member
45645,60A3F6F45CA7B368,classic_bike,2021-09-20 09:45:13,2021-09-20 09:51:14,E 81 St & Park Ave,7188,5 Ave & E 72 St,7100,40.77677702,-73.9590097,40.77282817,-73.96685276,member
45646,1A7FA084AF2118B2,classic_bike,2021-09-23 16:36:49,2021-09-23 16:46:57,E 81 St & Park Ave,7188,5 Ave & E 72 St,7100,40.77677702,-73.9590097,40.77282817,-73.96685276,member
45647,463EE03ED706A8C6,classic_bike,2021-09-28 18:14:27,2021-09-28 18:22:54,E 81 St & Park Ave,7188,5 Ave & E 72 St,7100,40.77677702,-73.9590097,40.77282817,-73.96685276,member
45648,51858D47AC8F485C,classic_bike,2021-09-02 14:26:24,2021-09-02 14:32:11,E 81 St & Park Ave,7188,5 Ave & E 72 St,7100,40.77677702,-73.9590097,40.77282817,-73.96685276,member
45650,999844BC7215F8A6,classic_bike,2021-09-20 10:55:18,2021-09-20 11:08:46,E 81 St & Park Ave,7188,Central Park West & W 85 St,7354,40.77677702,-73.9590097,40.78476,-73.969862,member
45661,C9BDCF110EBB223A,electric_bike,2021-09-12 11:17:40,2021-09-12 11:31:25,E 81 St & Park Ave,7188,Amsterdam Ave & W 79 St,7311,40.77677702,-73.9590097,40.7829391,-73.9786517,casual
46306,2161C060284222EF,classic_bike,2021-09-05 09:55:01,2021-09-05 10:02:36,E 81 St & Park Ave,7188,Central Park West & W 85 St,7354,40.77677702,-73.9590097,40.78476,-73.969862,casual
46439,D63ABB64B2A493CD,classic_bike,2021-09-30 16:12:35,2021-09-30 16:23:25,Madison Ave & E 82 St,7188,5 Ave & E 72 St,7100,40.7781314,-73.96069399,40.77282817,-73.96685276,casual
46530,EC5CA7C34834A960,electric_bike,2021-09-04 12:35:46,2021-09-04 12:39:57,E 84 St & 1 Ave,7180,E 81 St & Park Ave,7188,40.77565541,-73.95068615,40.77677702,-73.9590097,member
46533,FB20D680099BF1D7,classic_bike,2021-09-26 13:48:05,2021-09-26 18:00:55,W 50 St & 9 Ave,6854,E 81 St & Park Ave,7188,40.76360467795863,-73.98917958140373,40.77677702,-73.9590097,casual
46540,2DC424C102EE6441,electric_bike,2021-09-16 14:20:03,2021-09-16 14:29:07,Central Park S & 6 Ave,6876,E 81 St & Park Ave,7188,40.76590936,-73.97634151,40.77677702,-73.9590097,member
46548,F5B2B547A1D1A98A,electric_bike,2021-09-09 13:57:30,2021-09-09 14:47:13,Cedar Ave & W Fordham Rd,8575,E 81 St & Park Ave,7188,40.86156,-73.91219,40.77677702,-73.9590097,member
46561,274E056161973EC9,classic_bike,2021-09-03 18:32:24,2021-09-03 18:45:53,E 102 St & 1 Ave,7407,E 81 St & Park Ave,7188,40.7869946,-73.94164802,40.77677702,-73.9590097,member
46567,2433382EBCD2A901,classic_bike,2021-09-12 14:09:21,2021-09-12 14:21:02,E 95 St & 3 Ave,7365,E 81 St & Park Ave,7188,40.7849032,-73.950503,40.77677702,-73.9590097,member
46595,A45DA702B3BDB69D,classic_bike,2021-09-12 14:14:47,2021-09-12 14:16:50,Madison Ave & E 82 St,7188,E 81 St & Park Ave,7188,40.7781314,-73.96069399,40.77677702,-73.9590097,member
46596,25A2F145CD62D9B0,classic_bike,2021-09-12 14:11:34,2021-09-12 14:13:26,Madison Ave & E 82 St,7188,E 81 St & Park Ave,7188,40.7781314,-73.96069399,40.77677702,-73.9590097,member
46607,4CAAE315DC7CAAFC,classic_bike,2021-09-24 12:09:58,2021-09-24 12:11:22,Madison Ave & E 82 St,7188,E 81 St & Park Ave,7188,40.7781314,-73.96069399,40.77677702,-73.9590097,member
46608,74A2430D92994EAD,classic_bike,2021-09-24 12:01:02,2021-09-24 12:02:21,Madison Ave & E 82 St,7188,E 81 St & Park Ave,7188,40.7781314,-73.96069399,40.77677702,-73.9590097,member
46609,3F328056A12C021A,classic_bike,2021-09-24 12:13:41,2021-09-24 12:14:57,Madison Ave & E 82 St,7188,E 81 St & Park Ave,7188,40.7781314,-73.96069399,40.77677702,-73.9590097,member
46610,17282BFB3091E376,classic_bike,2021-09-24 12:18:16,2021-09-24 12:19:48,Madison Ave & E 82 St,7188,E 81 St & Park Ave,7188,40.7781314,-73.96069399,40.77677702,-73.9590097,member
46611,936C56A3D816E24C,classic_bike,2021-09-24 12:25:58,2021-09-24 12:27:10,Madison Ave & E 82 St,7188,E 81 St & Park Ave,7188,40.7781314,-73.96069399,40.77677702,-73.9590097,member
46612,74283305265E081F,classic_bike,2021-09-24 12:29:29,2021-09-24 12:30:39,Madison Ave & E 82 St,7188,E 81 St & Park Ave,7188,40.7781314,-73.96069399,40.77677702,-73.9590097,member
46613,68923C3DC7A521D1,classic_bike,2021-09-24 12:05:03,2021-09-24 12:06:17,Madison Ave & E 82 St,7188,E 81 St & Park Ave,7188,40.7781314,-73.96069399,40.77677702,-73.9590097,member
46614,4BC0D0BB9C5068CD,classic_bike,2021-09-24 12:22:23,2021-09-24 12:23:36,Madison Ave & E 82 St,7188,E 81 St & Park Ave,7188,40.7781314,-73.96069399,40.77677702,-73.9590097,member
46619,882978DCCD7F4E24,electric_bike,2021-09-28 15:36:53,2021-09-28 15:45:20,Central Park W & W 91 St,7453,E 81 St & Park Ave,7188,40.78866499127884,-73.96680057048798,40.77677702,-73.9590097,casual
46622,9D457E6012B2518D,electric_bike,2021-09-23 13:46:58,2021-09-23 13:53:59,E 68 St & 3 Ave,6896,E 81 St & Park Ave,7188,40.76712840349542,-73.96224617958069,40.77677702,-73.9590097,member
46623,2A25ED6C5096D0F7,electric_bike,2021-09-17 12:59:26,2021-09-17 13:03:45,E 68 St & 3 Ave,6896,E 81 St & Park Ave,7188,40.76712840349542,-73.96224617958069,40.77677702,-73.9590097,member
46644,EB709C82BB4AEBA9,electric_bike,2021-09-06 07:47:05,2021-09-06 07:55:08,1 Ave & E 68 St,6822,E 81 St & Park Ave,7188,40.76500525,-73.95818491,40.77677702,-73.9590097,member
46645,44071FF65DDA4035,electric_bike,2021-09-11 07:47:47,2021-09-11 07:53:12,1 Ave & E 68 St,6822,E 81 St & Park Ave,7188,40.76500525,-73.95818491,40.77677702,-73.9590097,member
46679,EACBF369AD7AEC53,classic_bike,2021-09-14 17:33:47,2021-09-14 17:47:32,E 58 St & 1 Ave (NE Corner),6682,E 81 St & Park Ave,7188,40.75892386377695,-73.96226227283478,40.77677702,-73.9590097,member
46699,895A69AD16A28D4C,electric_bike,2021-09-10 08:30:56,2021-09-10 08:32:20,E 81 St & Park Ave,7188,E 81 St & Park Ave,7188,40.77677702,-73.9590097,40.77677702,-73.9590097,member
46708,3CEDC23F1A1127B3,electric_bike,2021-09-01 11:52:39,2021-09-01 12:49:34,E 81 St & Park Ave,7188,E 81 St & Park Ave,7188,40.77677702,-73.9590097,40.77677702,-73.9590097,member
46712,9AF459D8645DED36,electric_bike,2021-09-07 16:58:27,2021-09-07 17:11:06,Columbus Ave & W 95 St,7520,E 81 St & Park Ave,7188,40.7919557,-73.968087,40.77677702,-73.9590097,member
46715,5C85079A42CBFF4C,classic_bike,2021-09-09 14:44:12,2021-09-09 14:56:50,E 81 St & Park Ave,7188,Columbus Ave & W 95 St,7520,40.77677702,-73.9590097,40.7919557,-73.968087,member
46746,244D30F56C89C2E6,classic_bike,2021-09-19 13:33:54,2021-09-19 14:04:10,28 St & 41 Ave,6462,E 81 St & Park Ave,7188,40.751047,-73.93797,40.77677702,-73.9590097,casual
46749,2829790DB227F1CB,classic_bike,2021-09-30 07:48:42,2021-09-30 07:53:00,E 91 St & Park Ave,7344,E 81 St & Park Ave,7188,40.7835016,-73.955327,40.77677702,-73.9590097,member
46752,34D77D2981C7176E,classic_bike,2021-09-07 14:24:50,2021-09-07 14:38:28,E 58 St & 3 Ave,6762,E 81 St & Park Ave,7188,40.76095756,-73.96724467,40.77677702,-73.9590097,member
46765,350D18D69ED0E95B,classic_bike,2021-09-10 08:21:29,2021-09-10 08:26:29,E 88 St & Park Ave,7293,E 81 St & Park Ave,7188,40.781410700190015,-73.95595908164978,40.77677702,-73.9590097,member
46818,C25D42D3D51ADC4D,classic_bike,2021-09-06 15:00:48,2021-09-06 15:26:33,Central Park S & 6 Ave,6876,E 81 St & Park Ave,7188,40.76590936,-73.97634151,40.77677702,-73.9590097,casual
46820,9F8394E348E14726,classic_bike,2021-09-19 19:10:16,2021-09-19 19:18:59,E 65 St & 2 Ave,6860,E 81 St & Park Ave,7188,40.76471851944339,-73.96222069859505,40.77677702,-73.9590097,member
46831,32EC31387E2BD64D,classic_bike,2021-09-06 08:52:24,2021-09-06 08:54:34,E 76 St & Park Ave,7128,E 81 St & Park Ave,7188,40.773763,-73.96222088,40.77677702,-73.9590097,member
46836,79423D47C2B206B7,classic_bike,2021-09-06 17:39:38,2021-09-06 17:44:34,E 81 St & York Ave,7084,E 81 St & Park Ave,7188,40.7728384,-73.94989233,40.77677702,-73.9590097,member
46845,3B99FD8DDB3B02A2,electric_bike,2021-09-13 13:51:41,2021-09-13 14:04:12,E 56 St & Madison Ave,6732,E 81 St & Park Ave,7188,40.761573,-73.972628,40.77677702,-73.9590097,member
46847,3190B517242CD569,classic_bike,2021-09-30 07:16:15,2021-09-30 07:27:43,Broadway & W 58 St,6948,E 81 St & Park Ave,7188,40.76695317,-73.98169333,40.77677702,-73.9590097,member
46849,5FA1AF4DBA2A9B11,classic_bike,2021-09-26 14:46:03,2021-09-26 15:08:11,Broadway & W 58 St,6948,E 81 St & Park Ave,7188,40.76695317,-73.98169333,40.77677702,-73.9590097,casual
46851,31CED484BC3B2AD1,classic_bike,2021-09-08 18:15:08,2021-09-08 18:22:02,E 81 St & York Ave,7084,E 81 St & Park Ave,7188,40.7728384,-73.94989233,40.77677702,-73.9590097,member
46852,ED148D51E96453CA,classic_bike,2021-09-26 16:37:04,2021-09-26 16:44:09,E 75 St & 3 Ave,6991,E 81 St & Park Ave,7188,40.77112927,-73.95772297,40.77677702,-73.9590097,member
46992,59C198461DAB9D23,classic_bike,2021-09-12 07:56:53,2021-09-12 08:26:53,E 13 St & 2 Ave,5820,E 81 St & Park Ave,7188,40.73153937464073,-73.9853024482727,40.77677702,-73.9590097,member
46993,9989E95B48554332,classic_bike,2021-09-22 17:07:38,2021-09-22 17:29:00,West End Ave & W 60 St,7059,E 81 St & Park Ave,7188,40.77237,-73.99005,40.77677702,-73.9590097,member
47160,042F8F5F6F0EA333,electric_bike,2021-09-27 14:03:10,2021-09-27 14:30:36,Hudson St & W 13 St,6115,E 81 St & Park Ave,7188,40.74005708567285,-74.0052741765976,40.77677702,-73.9590097,casual
47332,CA117E3C82F50D3A,classic_bike,2021-09-19 14:10:56,2021-09-19 14:43:33,E 15 St & 3 Ave,5863,E 81 St & Park Ave,7188,40.734232,-73.986923,40.77677702,-73.9590097,member
47430,AA9ABC98073C4CAD,classic_bike,2021-09-11 15:19:16,2021-09-11 15:43:08,Madison Ave & E 82 St,7188,W 110 St & Amsterdam Ave,7646,40.7781314,-73.96069399,40.802692,-73.96295,casual
47566,A2FBFDAC6CA77DEE,classic_bike,2021-09-11 15:50:28,2021-09-11 16:06:13,Madison Ave & E 82 St,7188,E 53 St & Lexington Ave,6617,40.7781314,-73.96069399,40.75828065,-73.97069431,member
47568,162020D7D7307778,classic_bike,2021-09-25 17:43:39,2021-09-25 18:00:22,Madison Ave & E 82 St,7188,Grand Army Plaza & Central Park S,6839,40.7781314,-73.96069399,40.7643971,-73.97371465,casual
47570,78C98B8905877FB0,classic_bike,2021-09-25 18:04:36,2021-09-25 18:53:11,Madison Ave & E 82 St,7188,Grand Army Plaza & Central Park S,6839,40.7781314,-73.96069399,40.7643971,-73.97371465,casual
49038,69DD388C89ABD514,classic_bike,2021-09-26 17:13:50,2021-09-26 17:45:47,Madison Ave & E 82 St,7188,6 Ave & W 34 St,6364,40.7781314,-73.96069399,40.74964,-73.98805,casual
50013,50BC4F24762976D7,classic_bike,2021-09-05 22:13:37,2021-09-05 22:35:26,E 81 St & Park Ave,7188,6 Ave & W 34 St,6364,40.77677702,-73.9590097,40.74964,-73.98805,casual
50534,23C55A69E6358789,classic_bike,2021-09-21 19:50:55,2021-09-21 20:50:27,Madison Ave & E 82 St,7188,Forsyth St\t& Grand St,5382,40.7781314,-73.96069399,40.71779817737835,-73.99316132068634,casual
50568,D996A3F4600E29C0,classic_bike,2021-09-01 17:46:13,2021-09-01 18:19:52,Madison Ave & E 82 St,7188,Forsyth St\t& Grand St,5382,40.7781314,-73.96069399,40.71779817737835,-73.99316132068634,member
52291,ED00AC8CFCD8950C,classic_bike,2021-09-05 17:12:11,2021-09-05 17:35:52,E 81 St & Park Ave,7188,Central Park North & Adam Clayton Powell Blvd,7617,40.77677702,-73.9590097,40.799484,-73.955613,casual
52302,53FF9D67985250F6,electric_bike,2021-09-08 10:56:08,2021-09-08 11:09:39,E 81 St & Park Ave,7188,Central Park North & Adam Clayton Powell Blvd,7617,40.77677702,-73.9590097,40.799484,-73.955613,casual
52433,B08482DE857F2E4F,classic_bike,2021-09-29 16:16:46,2021-09-29 16:32:54,Madison Ave & E 82 St,7188,Central Park North & Adam Clayton Powell Blvd,7617,40.7781314,-73.96069399,40.799484,-73.955613,member
52806,A9B07F012E800048,classic_bike,2021-09-03 08:05:18,2021-09-03 08:24:35,E 81 St & Park Ave,7188,St Nicholas Ave & Manhattan Ave,7723,40.77677702,-73.9590097,40.809725,-73.953149,member
53350,B34D11A16A718709,electric_bike,2021-09-10 07:40:38,2021-09-10 07:50:37,Madison Ave & E 82 St,7188,Broadway & W 56 St,6847,40.7781314,-73.96069399,40.7652654,-73.98192338,member
54369,920B29590D7762B0,classic_bike,2021-09-14 08:32:28,2021-09-14 08:54:34,Madison Ave & E 82 St,7188,W 18 St & 6 Ave,6064,40.7781314,-73.96069399,40.73971301,-73.99456405,member
54647,D93AFC78832A8F1A,classic_bike,2021-09-27 12:49:57,2021-09-27 12:56:40,E 81 St & Park Ave,7188,E 91 St & Park Ave,7344,40.77677702,-73.9590097,40.7835016,-73.955327,member
54798,C4CDA9FE3A3669A1,classic_bike,2021-09-17 16:09:13,2021-09-17 16:13:39,Madison Ave & E 82 St,7188,E 91 St & Park Ave,7344,40.7781314,-73.96069399,40.7835016,-73.955327,member
54801,65F42B7CAF231210,electric_bike,2021-09-25 12:34:53,2021-09-25 13:14:33,Madison Ave & E 82 St,7188,St Marks Pl & 2 Ave,5669,40.7781314,-73.96069399,40.7284186,-73.98713956,casual
56110,39817AE32DA7DFD4,electric_bike,2021-09-17 11:54:24,2021-09-17 11:57:20,E 81 St & Park Ave,7188,E 91 St & Park Ave,7344,40.77677702,-73.9590097,40.7835016,-73.955327,member
56113,10C4CE57B60ECD8C,electric_bike,2021-09-12 18:13:45,2021-09-12 18:56:19,E 81 St & Park Ave,7188,Lincoln Ave & E 138 St,7744,40.77677702,-73.9590097,40.810893,-73.927311,member
56119,16148D6D72586965,classic_bike,2021-09-21 14:31:59,2021-09-21 14:35:53,E 81 St & Park Ave,7188,E 91 St & Park Ave,7344,40.77677702,-73.9590097,40.7835016,-73.955327,member
56121,217D994A8A81ADC9,classic_bike,2021-09-07 09:08:54,2021-09-07 09:12:48,E 81 St & Park Ave,7188,E 91 St & Park Ave,7344,40.77677702,-73.9590097,40.7835016,-73.955327,member
56159,FDFF756E0620D93A,classic_bike,2021-09-12 16:09:41,2021-09-12 16:13:33,E 81 St & Park Ave,7188,E 91 St & Park Ave,7344,40.77677702,-73.9590097,40.7835016,-73.955327,casual
56160,0C6FD7B94152EE08,classic_bike,2021-09-12 21:34:16,2021-09-12 21:50:39,E 81 St & Park Ave,7188,W 89 St & Columbus Ave,7432,40.77677702,-73.9590097,40.7882213,-73.97041561,member
56168,B4533CAEEE84B812,classic_bike,2021-09-06 09:32:15,2021-09-06 09:55:12,E 81 St & Park Ave,7188,E 16 St & 5 Ave,6022,40.77677702,-73.9590097,40.73726186,-73.99238967,member
56171,0B7E0E39AE8839B8,classic_bike,2021-09-23 15:58:49,2021-09-23 16:02:39,E 81 St & Park Ave,7188,E 91 St & Park Ave,7344,40.77677702,-73.9590097,40.7835016,-73.955327,member
56173,47F2A99B08F5AD86,classic_bike,2021-09-28 14:14:53,2021-09-28 14:25:46,E 81 St & Park Ave,7188,W 89 St & Columbus Ave,7432,40.77677702,-73.9590097,40.7882213,-73.97041561,member
58888,F8AE4D47EE57C552,electric_bike,2021-09-12 11:17:45,2021-09-12 12:22:14,E 81 St & Park Ave,7188,W 89 St & Columbus Ave,7432,40.77677702,-73.9590097,40.7882213,-73.97041561,casual
58912,876157E854C206B3,classic_bike,2021-09-08 15:45:48,2021-09-08 15:52:12,E 81 St & Park Ave,7188,E 91 St & Park Ave,7344,40.77677702,-73.9590097,40.7835016,-73.955327,member
58948,EA74C5C110FF1EC9,electric_bike,2021-09-03 15:45:29,2021-09-03 16:23:49,E 81 St & Park Ave,7188,E 91 St & Park Ave,7344,40.77677702,-73.9590097,40.7835016,-73.955327,member
59748,2073B14B3D6EE6BF,classic_bike,2021-09-04 15:10:37,2021-09-04 16:07:41,Madison Ave & E 82 St,7188,Central Park S & 6 Ave,6876,40.7781314,-73.96069399,40.76590936,-73.97634151,casual
59753,CF4205697DDFB864,electric_bike,2021-09-06 09:55:09,2021-09-06 10:29:19,Madison Ave & E 82 St,7188,Central Park S & 6 Ave,6876,40.7781314,-73.96069399,40.76590936,-73.97634151,casual
59756,03FB0A678968B94C,classic_bike,2021-09-25 10:49:47,2021-09-25 11:06:06,Madison Ave & E 82 St,7188,Central Park S & 6 Ave,6876,40.7781314,-73.96069399,40.76590936,-73.97634151,casual
59772,A6DDB1D6C340C199,electric_bike,2021-09-24 15:13:24,2021-09-24 15:48:28,E 81 St & Park Ave,7188,Central Park S & 6 Ave,6876,40.77677702,-73.9590097,40.76590936,-73.97634151,casual
60013,8AC8BD159664AF41,classic_bike,2021-09-12 11:18:35,2021-09-12 11:33:22,Madison Ave & E 82 St,7188,E 53 St & Madison Ave,6659,40.7781314,-73.96069399,40.7597108,-73.97402311,member
60348,3144CD1E69591CB1,classic_bike,2021-09-22 11:09:17,2021-09-22 11:19:17,E 81 St & Park Ave,7188,E 53 St & Madison Ave,6659,40.77677702,-73.9590097,40.7597108,-73.97402311,member
60349,913D518C886331F2,electric_bike,2021-09-25 14:06:23,2021-09-25 15:07:11,E 81 St & Park Ave,7188,5 Ave & E 87 St,7323,40.77677702,-73.9590097,40.78232260730881,-73.95987510681152,member
62450,E15AF94B7A14CF26,classic_bike,2021-09-12 13:47:52,2021-09-12 14:25:38,Madison Ave & E 82 St,7188,Broadway & Moylan Pl,7823,40.7781314,-73.96069399,40.8143256,-73.9590255,casual
63131,534B9E9A71F3FC3B,classic_bike,2021-09-11 12:49:03,2021-09-11 13:37:26,Madison Ave & E 82 St,7188,E 48 St & 5 Ave,6626,40.7781314,-73.96069399,40.75724567911726,-73.97805914282799,casual
64409,ECF009DC091E68C2,classic_bike,2021-09-02 08:32:36,2021-09-02 08:44:40,Madison Ave & E 82 St,7188,E 48 St & 5 Ave,6626,40.7781314,-73.96069399,40.75724567911726,-73.97805914282799,casual
64411,98659C63EA9A131B,classic_bike,2021-09-11 12:59:00,2021-09-11 13:37:12,Madison Ave & E 82 St,7188,E 48 St & 5 Ave,6626,40.7781314,-73.96069399,40.75724567911726,-73.97805914282799,casual
64414,CA29522AE326A8A2,classic_bike,2021-09-28 17:01:24,2021-09-28 17:06:17,Madison Ave & E 82 St,7188,E 89 St & 3 Ave,7265,40.7781314,-73.96069399,40.7806284,-73.9521667,member
64431,791BEBE5E101AE60,electric_bike,2021-09-17 23:36:19,2021-09-17 23:52:06,Madison Ave & E 82 St,7188,1 Ave & E 110 St,7522,40.7781314,-73.96069399,40.7923272,-73.9383,member
64436,0052A2023B94D71D,classic_bike,2021-09-13 16:57:43,2021-09-13 17:03:16,Madison Ave & E 82 St,7188,E 89 St & 3 Ave,7265,40.7781314,-73.96069399,40.7806284,-73.9521667,member
64458,D29930608D56CE4A,classic_bike,2021-09-17 12:48:52,2021-09-17 13:02:15,Madison Ave & E 82 St,7188,3 Ave & E 71 St,6960,40.7781314,-73.96069399,40.76873687,-73.96119945,member
64461,66D81378AC216EE8,classic_bike,2021-09-25 12:46:16,2021-09-25 13:01:11,Madison Ave & E 82 St,7188,E 48 St & 5 Ave,6626,40.7781314,-73.96069399,40.75724567911726,-73.97805914282799,member
64469,635989F1F7E2A05E,classic_bike,2021-09-19 14:55:32,2021-09-19 15:27:10,Madison Ave & E 82 St,7188,E 48 St & 5 Ave,6626,40.7781314,-73.96069399,40.75724567911726,-73.97805914282799,casual
64483,D88E6A73F39ED38F,classic_bike,2021-09-19 14:55:52,2021-09-19 15:27:10,Madison Ave & E 82 St,7188,E 48 St & 5 Ave,6626,40.7781314,-73.96069399,40.75724567911726,-73.97805914282799,casual
64593,7B7062E79BB13B9A,classic_bike,2021-09-02 13:33:25,2021-09-02 13:39:16,Madison Ave & E 82 St,7188,E 89 St & 3 Ave,7265,40.7781314,-73.96069399,40.7806284,-73.9521667,member
64669,1183829AF7334E89,classic_bike,2021-09-26 17:05:01,2021-09-26 17:40:02,Madison Ave & E 82 St,7188,W 24 St & 7 Ave,6257,40.7781314,-73.96069399,40.74487634,-73.99529885,casual
64920,70BF11E5FCE8D2C0,classic_bike,2021-09-26 17:23:30,2021-09-26 17:40:29,E 81 St & Park Ave,7188,E 44 St & Lexington Ave,6464,40.77677702,-73.9590097,40.752643,-73.974996,member
66617,102E8EB5BD86D3E3,electric_bike,2021-09-24 10:27:59,2021-09-24 10:45:55,Madison Ave & E 82 St,7188,W 44 St & 11 Ave,6756,40.7781314,-73.96069399,40.762009,-73.996975,member
66641,419D577377EF164B,classic_bike,2021-09-02 23:01:43,2021-09-02 23:16:27,E 81 St & Park Ave,7188,Lenox Ave & W 115 St,7627,40.77677702,-73.9590097,40.8011939,-73.9500739,casual
66845,487534AD0511410D,electric_bike,2021-09-15 08:27:13,2021-09-15 08:41:59,E 81 St & Park Ave,7188,W 48 St & Rockefeller Plaza,6667,40.77677702,-73.9590097,40.75793646243674,-73.97960275411606,member
67505,736856B12051ED7D,classic_bike,2021-09-18 14:23:08,2021-09-18 14:59:07,Madison Ave & E 82 St,7188,W 36 St & 9 Ave,6569,40.7781314,-73.96069399,40.75462324029105,-73.99516761302948,casual
69522,C4C818077BDD717F,classic_bike,2021-09-15 17:07:43,2021-09-15 17:08:48,E 81 St & Park Ave,7188,E 84 St & Park Ave,7243,40.77677702,-73.9590097,40.77862688,-73.95772073,member
70152,DF19119D3F7E25EE,classic_bike,2021-09-29 12:59:26,2021-09-29 13:06:36,Madison Ave & E 82 St,7188,Central Park West & W 72 St,7141,40.7781314,-73.96069399,40.77579376683666,-73.9762057363987,member
70154,1822DC9EC3735E98,classic_bike,2021-09-15 19:22:49,2021-09-15 19:31:55,Madison Ave & E 82 St,7188,Central Park West & W 72 St,7141,40.7781314,-73.96069399,40.77579376683666,-73.9762057363987,member
70268,61DC96A450F89354,classic_bike,2021-09-12 16:08:25,2021-09-12 16:21:34,Madison Ave & E 82 St,7188,Frederick Douglass Blvd & W 112 St,7631,40.7781314,-73.96069399,40.801694,-73.957145,member
70528,AEC66A67F19565EB,classic_bike,2021-09-27 15:28:23,2021-09-27 15:43:49,E 81 St & Park Ave,7188,Frederick Douglass Blvd & W 112 St,7631,40.77677702,-73.9590097,40.801694,-73.957145,member
74427,7D4594C40C6D1993,electric_bike,2021-09-20 12:03:38,2021-09-20 12:36:55,Stanton St & Chrystie St,5523,Madison Ave & E 82 St,7188,40.72229346,-73.99147535,40.7781314,-73.96069399,member
74449,1C0D7382CF67D197,classic_bike,2021-09-14 21:56:55,2021-09-14 21:59:53,E 81 St & 3 Ave,7154,Madison Ave & E 82 St,7188,40.77573034,-73.9567526,40.7781314,-73.96069399,member
74534,A216419D7CFF13E9,classic_bike,2021-09-17 15:51:52,2021-09-17 16:07:10,E 47 St & Park Ave,6584,Madison Ave & E 82 St,7188,40.75510267,-73.97498696,40.7781314,-73.96069399,member
74557,D1B61647AE2D4C53,classic_bike,2021-09-08 09:11:33,2021-09-08 09:37:31,W 145 St & Amsterdam Ave,7997,Madison Ave & E 82 St,7188,40.825244,-73.947257,40.7781314,-73.96069399,member
74563,37E9E7F6A998A4C8,classic_bike,2021-09-22 14:28:39,2021-09-22 14:42:24,E 59 St & Madison Ave,6801,Madison Ave & E 82 St,7188,40.76350532,-73.97109243,40.7781314,-73.96069399,member
74565,133B97E02546144D,classic_bike,2021-09-12 10:49:43,2021-09-12 10:57:07,E 59 St & Madison Ave,6801,Madison Ave & E 82 St,7188,40.76350532,-73.97109243,40.7781314,-73.96069399,member
74590,51E920F94221F62E,classic_bike,2021-09-06 13:52:14,2021-09-06 14:01:57,E 59 St & Madison Ave,6801,Madison Ave & E 82 St,7188,40.76350532,-73.97109243,40.7781314,-73.96069399,casual
74643,50C4AA8B5A2E4A9E,classic_bike,2021-09-09 14:02:45,2021-09-09 14:34:05,Central Park S & 6 Ave,6876,Madison Ave & E 82 St,7188,40.76590936,-73.97634151,40.7781314,-73.96069399,casual
74644,E4A94F290AE474D0,classic_bike,2021-09-18 17:21:22,2021-09-18 17:58:33,Central Park S & 6 Ave,6876,Madison Ave & E 82 St,7188,40.76590936,-73.97634151,40.7781314,-73.96069399,casual
74650,AD7CBBD55E094091,classic_bike,2021-09-23 23:04:20,2021-09-23 23:16:03,Central Park S & 6 Ave,6876,Madison Ave & E 82 St,7188,40.76590936,-73.97634151,40.7781314,-73.96069399,member
74667,643BAED0C9111F20,electric_bike,2021-09-09 19:01:48,2021-09-09 19:15:37,W 87 St & West End Ave,7484,Madison Ave & E 82 St,7188,40.789622,-73.97757,40.7781314,-73.96069399,member
74673,B47DE86FBD401B76,electric_bike,2021-09-14 15:43:15,2021-09-14 15:55:42,W 55 St & 6 Ave,6809,Madison Ave & E 82 St,7188,40.763189,-73.978434,40.7781314,-73.96069399,casual
74678,9343B656DC354DE6,classic_bike,2021-09-12 15:12:19,2021-09-12 15:20:35,E 66 St & Madison Ave,6969,Madison Ave & E 82 St,7188,40.76800889305947,-73.96845281124115,40.7781314,-73.96069399,member
74742,92754545C02F989A,classic_bike,2021-09-25 16:40:52,2021-09-25 17:13:56,1 Ave & E 78 St,7020,Madison Ave & E 82 St,7188,40.77140426,-73.9535166,40.7781314,-73.96069399,member
74756,83486C02B9CC3A5C,electric_bike,2021-09-17 15:29:20,2021-09-17 15:59:18,9 Ave & W 45 St,6717,Madison Ave & E 82 St,7188,40.76019252,-73.9912551,40.7781314,-73.96069399,member
74765,49DCC70A16A3DCF5,classic_bike,2021-09-21 06:32:46,2021-09-21 06:56:27,9 Ave & W 45 St,6717,Madison Ave & E 82 St,7188,40.76019252,-73.9912551,40.7781314,-73.96069399,member
74918,29A0734139BF5DBD,classic_bike,2021-09-07 09:16:22,2021-09-07 09:27:16,W 100 St & Broadway,7580,Madison Ave & E 82 St,7188,40.7973721,-73.97041192,40.7781314,-73.96069399,member
74919,B4C938A677CDDC9A,classic_bike,2021-09-16 07:46:55,2021-09-16 07:57:47,W 100 St & Broadway,7580,Madison Ave & E 82 St,7188,40.7973721,-73.97041192,40.7781314,-73.96069399,member
74935,478CBA5470AE7909,electric_bike,2021-09-10 15:33:05,2021-09-10 15:51:30,Madison Ave & E 26 St,6131,Madison Ave & E 82 St,7188,40.742684734875695,-73.98671329021454,40.7781314,-73.96069399,member
74961,03EAC9604E81F860,electric_bike,2021-09-21 07:05:31,2021-09-21 07:18:40,E 81 St & Park Ave,7188,W 53 St & 10 Ave,6890,40.77677702,-73.9590097,40.76669671,-73.99061728,member
74988,300B8B2B110464D8,classic_bike,2021-09-25 11:46:56,2021-09-25 12:43:17,Grand St & Elizabeth St,5382,Madison Ave & E 82 St,7188,40.718822,-73.99596,40.7781314,-73.96069399,casual
75019,FD720E19CB17B1C4,electric_bike,2021-09-18 14:18:16,2021-09-18 15:08:21,Central Park West & W 68 St,7079,Madison Ave & E 82 St,7188,40.7734066,-73.97782542,40.7781314,-73.96069399,casual
75020,A461354EEF8E436B,classic_bike,2021-09-18 13:37:14,2021-09-18 14:12:18,Central Park West & W 68 St,7079,Madison Ave & E 82 St,7188,40.7734066,-73.97782542,40.7781314,-73.96069399,casual
75030,0B51905257D38E81,classic_bike,2021-09-02 15:37:28,2021-09-02 15:38:28,Madison Ave & E 82 St,7188,Madison Ave & E 82 St,7188,40.7781314,-73.96069399,40.7781314,-73.96069399,casual
75043,457F58348095522F,electric_bike,2021-09-25 06:46:53,2021-09-25 06:47:45,Madison Ave & E 82 St,7188,Madison Ave & E 82 St,7188,40.7781314,-73.96069399,40.7781314,-73.96069399,casual
75057,1F54A75331C7C4FB,classic_bike,2021-09-18 15:42:18,2021-09-18 16:47:30,Madison Ave & E 82 St,7188,Madison Ave & E 82 St,7188,40.7781314,-73.96069399,40.7781314,-73.96069399,casual
75059,CA0FE1EBE80D6BB8,classic_bike,2021-09-12 14:56:27,2021-09-12 15:38:46,Central Park West & W 68 St,7079,Madison Ave & E 82 St,7188,40.7734066,-73.97782542,40.7781314,-73.96069399,casual
75092,9BB9C23EDA56ADD4,electric_bike,2021-09-16 13:51:37,2021-09-16 14:00:38,E 72 St & York Ave,6889,Madison Ave & E 82 St,7188,40.76663814,-73.95348296,40.7781314,-73.96069399,member
75112,3B220C6B91BFB691,electric_bike,2021-09-25 12:22:03,2021-09-25 12:32:24,E 106 St & Lexington Ave,7504,Madison Ave & E 82 St,7188,40.791976,-73.945993,40.7781314,-73.96069399,casual
75140,DD80D823EDF351F7,classic_bike,2021-09-27 10:13:48,2021-09-27 10:25:50,E 72 St & York Ave,6889,Madison Ave & E 82 St,7188,40.76663814,-73.95348296,40.7781314,-73.96069399,member
75149,20983A1FFE35E874,docked_bike,2021-09-08 19:00:44,2021-09-08 19:50:08,Central Park West & W 85 St,7354,Madison Ave & E 82 St,7188,40.78476,-73.969862,40.778131,-73.960694,casual
75173,6A061612E3783C3A,classic_bike,2021-09-27 17:39:40,2021-09-27 17:52:21,W 51 St & Rockefeller Plaza,6700,Madison Ave & E 82 St,7188,40.75973805251143,-73.97811613976955,40.7781314,-73.96069399,member
75176,A25036BBCF6D0A92,electric_bike,2021-09-27 12:08:34,2021-09-27 12:20:14,E 53 St & Lexington Ave,6617,Madison Ave & E 82 St,7188,40.75828065,-73.97069431,40.7781314,-73.96069399,member
75191,EB14BDBE7D84051D,classic_bike,2021-09-14 17:52:08,2021-09-14 18:01:59,Central Park S & 6 Ave,6876,Madison Ave & E 82 St,7188,40.76590936,-73.97634151,40.7781314,-73.96069399,member
75230,45AF1E1280D603F6,electric_bike,2021-09-16 12:23:57,2021-09-16 12:43:18,8 Ave & W 38 St,6526,Madison Ave & E 82 St,7188,40.75461,-73.99177,40.7781314,-73.96069399,member
75244,5B029E4F44EB79CF,electric_bike,2021-09-10 16:18:20,2021-09-10 16:35:40,1 Ave & E 39 St,6303,Madison Ave & E 82 St,7188,40.74714,-73.97113,40.7781314,-73.96069399,member
75252,806D7FFDDDF9E738,classic_bike,2021-09-18 18:49:07,2021-09-18 19:06:26,E 81 St & York Ave,7084,Madison Ave & E 82 St,7188,40.7728384,-73.94989233,40.7781314,-73.96069399,member
75256,37D5574CC4967385,classic_bike,2021-09-19 10:30:26,2021-09-19 10:41:46,2 Ave & E 72 St,6925,Madison Ave & E 82 St,7188,40.7687620293096,-73.95840793848038,40.7781314,-73.96069399,member
75258,23382948919F0B8E,classic_bike,2021-09-18 07:48:05,2021-09-18 07:56:34,E 81 St & York Ave,7084,Madison Ave & E 82 St,7188,40.7728384,-73.94989233,40.7781314,-73.96069399,member
75265,D83F83533EDD2C94,classic_bike,2021-09-27 16:47:29,2021-09-27 16:56:51,E 56 St & Madison Ave,6732,Madison Ave & E 82 St,7188,40.761573,-73.972628,40.7781314,-73.96069399,member
75287,2702685F2AF70B57,classic_bike,2021-09-19 08:56:30,2021-09-19 09:03:57,W 76 St & Columbus Ave,7281,Madison Ave & E 82 St,7188,40.7801839724239,-73.97728532552719,40.7781314,-73.96069399,member
75290,6BED91A008A55463,electric_bike,2021-09-05 16:33:11,2021-09-05 16:53:50,W 76 St & Columbus Ave,7281,Madison Ave & E 82 St,7188,40.7801839724239,-73.97728532552719,40.7781314,-73.96069399,casual
75293,FBD77FCDE0CA5DE8,classic_bike,2021-09-20 07:47:34,2021-09-20 07:59:31,E 63 St & 3 Ave,6830,Madison Ave & E 82 St,7188,40.763954,-73.9646,40.7781314,-73.96069399,member
75316,7BE56F2B555F57C3,classic_bike,2021-09-26 12:41:33,2021-09-26 13:01:50,E 54 St & 1 Ave,6608,Madison Ave & E 82 St,7188,40.756265,-73.964179,40.7781314,-73.96069399,casual
75319,A0FBC17E6EB3F449,classic_bike,2021-09-13 14:56:08,2021-09-13 15:15:17,E 54 St & 1 Ave,6608,Madison Ave & E 82 St,7188,40.756265,-73.964179,40.7781314,-73.96069399,casual
75325,9F2EC4AE075F5FDB,classic_bike,2021-09-11 15:12:45,2021-09-11 15:46:40,Columbus Ave & W 72 St,7175,Madison Ave & E 82 St,7188,40.7770575,-73.97898475,40.7781314,-73.96069399,casual
75354,529E55881F84CEB2,classic_bike,2021-09-07 07:45:25,2021-09-07 08:19:53,Washington St & Gansevoort St,6039,Madison Ave & E 82 St,7188,40.739323,-74.008119,40.7781314,-73.96069399,member
75367,0312AD743B654E8A,classic_bike,2021-09-26 12:42:53,2021-09-26 13:22:35,Perry St & Greenwich Ave,5955,Madison Ave & E 82 St,7188,40.735918,-74.000939,40.7781314,-73.96069399,casual
75368,F17A123BCDAC5145,classic_bike,2021-09-26 14:59:57,2021-09-26 15:55:21,Grand St & Elizabeth St,5382,Madison Ave & E 82 St,7188,40.718822,-73.99596,40.7781314,-73.96069399,casual
75418,9347E0827F1C9186,electric_bike,2021-09-24 16:57:13,2021-09-24 17:11:28,W 70 St & Amsterdam Ave,7207,Madison Ave & E 82 St,7188,40.77748046,-73.98288594,40.7781314,-73.96069399,member
75429,3EBE8D89DF1FBE03,electric_bike,2021-09-16 16:53:17,2021-09-16 17:13:20,W 70 St & Amsterdam Ave,7207,Madison Ave & E 82 St,7188,40.77748046,-73.98288594,40.7781314,-73.96069399,casual
75474,3D19048337E6FF7F,classic_bike,2021-09-25 11:29:45,2021-09-25 12:07:46,Lexington Ave & E 24 St,6089,Madison Ave & E 82 St,7188,40.74025878,-73.98409214,40.7781314,-73.96069399,casual
75514,8059BCEE6133A213,classic_bike,2021-09-30 16:54:28,2021-09-30 17:06:28,E 53 St & Madison Ave,6659,Madison Ave & E 82 St,7188,40.7597108,-73.97402311,40.7781314,-73.96069399,member
76069,BAC1BC0763C810A8,classic_bike,2021-09-05 15:05:28,2021-09-05 16:06:07,Madison Ave & E 82 St,7188,E 40 St & 5 Ave,6474,40.7781314,-73.96069399,40.752062307,-73.9816324043,casual
76192,553FDCE83F46BA7D,classic_bike,2021-09-05 14:59:14,2021-09-05 16:25:39,Madison Ave & E 82 St,7188,E 40 St & 5 Ave,6474,40.7781314,-73.96069399,40.752062307,-73.9816324043,casual
76849,07F28BF63027080C,classic_bike,2021-09-15 07:03:10,2021-09-15 07:10:37,E 81 St & Park Ave,7188,E 98 St & Park Ave,7443,40.77677702,-73.9590097,40.78813,-73.95206,member
78305,D2449A5FD36E25AE,classic_bike,2021-09-06 11:59:35,2021-09-06 12:18:29,Madison Ave & E 82 St,7188,Central Park West & W 76 St,7253,40.7781314,-73.96069399,40.77896784,-73.97374737,casual
78315,9FADA474053E33C6,electric_bike,2021-09-05 11:10:44,2021-09-05 12:57:49,Madison Ave & E 82 St,7188,Central Park West & W 76 St,7253,40.7781314,-73.96069399,40.77896784,-73.97374737,casual
81712,75B7C35232F1E8E3,classic_bike,2021-09-30 21:26:57,2021-09-30 21:59:07,E 81 St & Park Ave,7188,Lenox Ave & W 140 St,7872,40.77677702,-73.9590097,40.817245,-73.938787,casual
83939,D78E9F3645788B2C,electric_bike,2021-09-09 15:24:09,2021-09-09 15:29:50,E 81 St & Park Ave,7188,E 93 St & 2 Ave,7286,40.77677702,-73.9590097,40.782454175279874,-73.9489196240902,member
84932,753E8C98BFD4D15E,electric_bike,2021-09-15 07:53:42,2021-09-15 08:04:22,E 81 St & Park Ave,7188,Central Park W & W 103 St,7577,40.77677702,-73.9590097,40.79558954105342,-73.96188408136368,member
86259,B299346638BE638E,electric_bike,2021-09-14 15:59:59,2021-09-14 16:06:09,Madison Ave & E 82 St,7188,E 66 St & Madison Ave,6969,40.7781314,-73.96069399,40.76800889305947,-73.96845281124115,casual
86703,C5E5FEEC4ECD67F7,classic_bike,2021-09-30 19:57:55,2021-09-30 20:03:30,E 81 St & Park Ave,7188,E 85 St & York Ave,7146,40.77677702,-73.9590097,40.77536905,-73.94803392,member
86704,3DBDCA333C74B60E,classic_bike,2021-09-27 16:52:33,2021-09-27 17:37:23,E 81 St & Park Ave,7188,6 Ave & Broome St,5610,40.77677702,-73.9590097,40.72431,-74.00473,member
86755,53BB7C9EEE299A1A,electric_bike,2021-09-30 10:10:09,2021-09-30 10:14:28,E 81 St & Park Ave,7188,E 66 St & Madison Ave,6969,40.77677702,-73.9590097,40.76800889305947,-73.96845281124115,member
86757,5DF164C9A0212AF5,classic_bike,2021-09-28 19:51:04,2021-09-28 20:00:10,E 81 St & Park Ave,7188,E 85 St & York Ave,7146,40.77677702,-73.9590097,40.77536905,-73.94803392,member
89140,4C3516B479AF9175,classic_bike,2021-09-10 16:29:21,2021-09-10 16:47:05,Madison Ave & E 82 St,7188,Central Park W & W 97 St,7538,40.7781314,-73.96069399,40.79249519495111,-73.96417066463071,member
89141,7F59007A16F968B7,classic_bike,2021-09-17 08:08:21,2021-09-17 08:23:25,Madison Ave & E 82 St,7188,W 100 St & Broadway,7580,40.7781314,-73.96069399,40.7973721,-73.97041192,member
89567,F9A96DD9237D3115,classic_bike,2021-09-25 14:46:25,2021-09-25 14:55:42,Madison Ave & E 82 St,7188,E 68 St & 3 Ave,6896,40.7781314,-73.96069399,40.76712840349542,-73.96224617958069,member
90275,FCD9F4B429F2D6F2,classic_bike,2021-09-02 12:37:11,2021-09-02 12:52:41,Madison Ave & E 82 St,7188,E 68 St & 3 Ave,6896,40.7781314,-73.96069399,40.76712840349542,-73.96224617958069,member
90875,3278D5A96DECFB4C,classic_bike,2021-09-02 13:35:58,2021-09-02 13:45:14,E 81 St & Park Ave,7188,E 65 St & 2 Ave,6860,40.77677702,-73.9590097,40.76471851944339,-73.96222069859505,member
90891,B524B8976C85596A,classic_bike,2021-09-29 17:40:39,2021-09-29 17:50:27,E 81 St & Park Ave,7188,E 65 St & 2 Ave,6860,40.77677702,-73.9590097,40.76471851944339,-73.96222069859505,casual
90895,7E05DBC90A29771D,classic_bike,2021-09-17 19:19:38,2021-09-17 19:30:43,E 81 St & Park Ave,7188,E 65 St & 2 Ave,6860,40.77677702,-73.9590097,40.76471851944339,-73.96222069859505,casual
91139,3B69AE00CC6FCBB8,electric_bike,2021-09-20 10:02:16,2021-09-20 10:10:08,Madison Ave & E 82 St,7188,E 65 St & 2 Ave,6860,40.7781314,-73.96069399,40.76471851944339,-73.96222069859505,member
91173,73C8A80EA3E7B2E5,classic_bike,2021-09-27 11:36:33,2021-09-27 11:47:15,E 81 St & Park Ave,7188,E 65 St & 2 Ave,6860,40.77677702,-73.9590097,40.76471851944339,-73.96222069859505,member
94018,D2C8DDCD09A425F1,classic_bike,2021-09-29 15:15:55,2021-09-29 15:27:37,Madison Ave & E 82 St,7188,E 106 St & Madison Ave,7528,40.7781314,-73.96069399,40.7934337,-73.94945003,casual
95531,67CBEA8E336099B1,electric_bike,2021-09-26 13:57:52,2021-09-26 14:44:34,Madison Ave & E 82 St,7188,12 Ave & W 40 St,6765,40.7781314,-73.96069399,40.76087502,-74.00277668,member
98746,0C9B1BE2F0715B3B,classic_bike,2021-09-13 14:26:03,2021-09-13 15:12:30,Madison Ave & E 82 St,7188,11 Ave & W 41 St,6726,40.7781314,-73.96069399,40.76030096,-73.99884222,casual
98852,2E7AACFEB9B4B0DD,electric_bike,2021-09-12 12:40:12,2021-09-12 13:25:26,Madison Ave & E 82 St,7188,Lafayette Ave & Classon Ave,4452,40.7781314,-73.96069399,40.68900443,-73.96023854,member
98959,71DACD41C66AD8CC,electric_bike,2021-09-18 10:11:47,2021-09-18 10:39:11,Madison Ave & E 82 St,7188,11 Ave & W 41 St,6726,40.7781314,-73.96069399,40.76030096,-73.99884222,member
99280,31AAFC67D4E24922,electric_bike,2021-09-04 15:21:44,2021-09-04 16:03:50,E 81 St & Park Ave,7188,E 59 St & Madison Ave,6801,40.77677702,-73.9590097,40.76350532,-73.97109243,member
99986,1DD45E2B1751AEEC,classic_bike,2021-09-02 16:38:44,2021-09-02 16:59:04,Madison Ave & E 82 St,7188,5 Ave & E 93 St,7372,40.7781314,-73.96069399,40.7857851,-73.957481,casual
102254,716EAD10B1D838C5,electric_bike,2021-09-30 21:16:11,2021-09-30 21:32:27,Madison Ave & E 82 St,7188,Hamilton Pl & W 138 St,7920,40.7781314,-73.96069399,40.821728,-73.952761,member
102591,7678A8696DE3FFD4,classic_bike,2021-09-23 17:06:52,2021-09-23 17:31:27,E 81 St & Park Ave,7188,Broadway & W 122 St,7783,40.77677702,-73.9590097,40.8120562,-73.9612547,member
103489,11F3832FE6CAA2F7,classic_bike,2021-09-14 08:25:03,2021-09-14 08:45:53,E 81 St & Park Ave,7188,Broadway & W 38 St,6560,40.77677702,-73.9590097,40.7529728216068,-73.98734897375107,member
106283,0D7C3E6F8D92FF93,electric_bike,2021-09-06 08:37:26,2021-09-06 09:05:19,E 81 St & Park Ave,7188,University Pl & E 8 St,5755,40.77677702,-73.9590097,40.73143724085228,-73.99490341544151,member
106506,B2124C438D64C8B1,classic_bike,2021-09-20 16:15:23,2021-09-20 16:18:18,Madison Ave & E 82 St,7188,E 81 St & 3 Ave,7154,40.7781314,-73.96069399,40.77573034,-73.9567526,member
109478,1DD0EEE27C35CE33,classic_bike,2021-09-25 17:16:50,2021-09-25 17:29:17,E 81 St & Park Ave,7188,E 68 St & Madison Ave,6932,40.77677702,-73.9590097,40.7691572,-73.96703464,casual
109486,DC1858D891411C06,classic_bike,2021-09-28 10:01:24,2021-09-28 10:18:02,Madison Ave & E 82 St,7188,Broadway & W 41 St,6560,40.7781314,-73.96069399,40.75513557,-73.98658032,member
109489,890509582A8797E2,classic_bike,2021-09-17 13:43:50,2021-09-17 14:10:33,Madison Ave & E 82 St,7188,E 72 St & Park Ave,6998,40.7781314,-73.96069399,40.77118287540658,-73.96409422159195,casual
109490,58E026327E75E652,classic_bike,2021-09-02 15:38:57,2021-09-02 16:41:30,Madison Ave & E 82 St,7188,E 72 St & Park Ave,6998,40.7781314,-73.96069399,40.77118287540658,-73.96409422159195,casual
109494,3894FFF09E27D6AD,electric_bike,2021-09-06 16:47:06,2021-09-06 17:14:33,Madison Ave & E 82 St,7188,Broadway & W 41 St,6560,40.7781314,-73.96069399,40.75513557,-73.98658032,casual
109862,6CC29165399FDE54,classic_bike,2021-09-01 00:53:02,2021-09-01 00:56:05,E 81 St & Park Ave,7188,E 72 St & Park Ave,6998,40.77677702,-73.9590097,40.77118287540658,-73.96409422159195,casual
110362,D8B043D87DA1C9A7,electric_bike,2021-09-05 15:48:14,2021-09-05 15:51:37,E 81 St & Park Ave,7188,E 72 St & Park Ave,6998,40.77677702,-73.9590097,40.77118287540658,-73.96409422159195,member
110607,A391BC6839455B38,classic_bike,2021-09-17 15:19:42,2021-09-17 15:28:59,Madison Ave & E 82 St,7188,W 87 St & Amsterdam Ave,7458,40.7781314,-73.96069399,40.78839,-73.9747,member
111319,D0E7C348FE56972E,classic_bike,2021-09-21 21:07:03,2021-09-21 21:19:35,Madison Ave & E 82 St,7188,Park Ave & E 124 St,7682,40.7781314,-73.96069399,40.8045555,-73.9396861,member
111337,53D77B73FA3713D8,classic_bike,2021-09-19 12:00:15,2021-09-19 12:12:51,Madison Ave & E 82 St,7188,3 Ave & E 100 St,7414,40.7781314,-73.96069399,40.7877214,-73.94728331,member
111360,65A168711AE39F42,classic_bike,2021-09-06 17:06:03,2021-09-06 17:18:09,Madison Ave & E 82 St,7188,W 87 St & Amsterdam Ave,7458,40.7781314,-73.96069399,40.78839,-73.9747,casual
111361,229229F302282666,classic_bike,2021-09-17 16:18:28,2021-09-17 16:56:00,Madison Ave & E 82 St,7188,W 87 St & Amsterdam Ave,7458,40.7781314,-73.96069399,40.78839,-73.9747,casual
111385,258BFBFF37CD0D46,classic_bike,2021-09-06 17:05:36,2021-09-06 17:17:39,Madison Ave & E 82 St,7188,W 87 St & Amsterdam Ave,7458,40.7781314,-73.96069399,40.78839,-73.9747,casual
111402,452E2E580411177C,classic_bike,2021-09-08 17:55:28,2021-09-08 18:06:38,Madison Ave & E 82 St,7188,Park Ave & E 124 St,7682,40.7781314,-73.96069399,40.8045555,-73.9396861,member
111653,C00775BC05E1F3ED,electric_bike,2021-09-01 14:54:45,2021-09-01 15:01:26,E 81 St & Park Ave,7188,E 97 St & 3 Ave,7365,40.77677702,-73.9590097,40.7859201,-73.94860294,member
111714,97483B586CFFC660,classic_bike,2021-09-19 15:09:55,2021-09-19 15:32:11,Park Ave & E 124 St,7682,E 81 St & Park Ave,7188,40.8045555,-73.9396861,40.77677702,-73.9590097,member
111725,D56D5984CCBA9163,classic_bike,2021-09-15 13:59:03,2021-09-15 14:07:41,3 Ave & E 100 St,7414,E 81 St & Park Ave,7188,40.7877214,-73.94728331,40.77677702,-73.9590097,member
111732,4EFFE786BDA53160,electric_bike,2021-09-23 08:52:55,2021-09-23 09:00:50,E 58 St & 1 Ave (NW Corner),6723,E 81 St & Park Ave,7188,40.759125,-73.962658,40.77677702,-73.9590097,member
111738,FCEBEC8D25277CAC,electric_bike,2021-09-02 16:32:56,2021-09-02 17:06:08,Greenwich St & Hubert St,5470,E 81 St & Park Ave,7188,40.721319,-74.010065,40.77677702,-73.9590097,casual
111753,D882714E2F5D8904,classic_bike,2021-09-21 16:34:54,2021-09-21 16:53:22,W 45 St & 8 Ave,6676,E 81 St & Park Ave,7188,40.75929124,-73.98859651,40.77677702,-73.9590097,member
111758,388AA98D43648A0A,classic_bike,2021-09-28 15:22:55,2021-09-28 15:32:03,E 59 St & Madison Ave,6801,E 81 St & Park Ave,7188,40.76350532,-73.97109243,40.77677702,-73.9590097,member
111762,F6B3F1F3E1CCAA73,classic_bike,2021-09-03 06:53:58,2021-09-03 06:57:10,E 81 St & 2 Ave,7121,E 81 St & Park Ave,7188,40.77477944895728,-73.95427465438843,40.77677702,-73.9590097,member
111765,0FCE4ED87668F963,classic_bike,2021-09-24 18:49:38,2021-09-24 19:19:00,E 27 St & 1 Ave,6004,E 81 St & Park Ave,7188,40.739445,-73.976806,40.77677702,-73.9590097,member
111768,A2AAAE744066BA8F,classic_bike,2021-09-06 15:32:47,2021-09-06 15:44:29,1 Ave & E 68 St,6822,E 81 St & Park Ave,7188,40.76500525,-73.95818491,40.77677702,-73.9590097,casual
111789,E52E5852F7FB34B9,classic_bike,2021-09-23 15:54:41,2021-09-23 16:17:21,W 50 St & 10 Ave,6890,E 81 St & Park Ave,7188,40.76473420006519,-73.99194359779358,40.77677702,-73.9590097,member
111793,BB016675B09AC035,classic_bike,2021-09-20 17:07:43,2021-09-20 17:41:37,Stanton St & Chrystie St,5523,E 81 St & Park Ave,7188,40.72229346,-73.99147535,40.77677702,-73.9590097,member
111800,B85C5BC2AC0B7910,classic_bike,2021-09-26 15:46:40,2021-09-26 15:54:15,1 Ave & E 78 St,7020,E 81 St & Park Ave,7188,40.77140426,-73.9535166,40.77677702,-73.9590097,casual
111803,B4DD52E949388695,classic_bike,2021-09-12 12:08:27,2021-09-12 12:15:09,1 Ave & E 78 St,7020,E 81 St & Park Ave,7188,40.77140426,-73.9535166,40.77677702,-73.9590097,member
111806,6C3D88EE368A4530,classic_bike,2021-09-19 10:08:32,2021-09-19 10:14:25,1 Ave & E 78 St,7020,E 81 St & Park Ave,7188,40.77140426,-73.9535166,40.77677702,-73.9590097,casual
111816,20ECA9AA734E20D8,classic_bike,2021-09-21 17:56:30,2021-09-21 18:00:46,E 81 St & York Ave,7084,E 81 St & Park Ave,7188,40.7728384,-73.94989233,40.77677702,-73.9590097,member
111825,5BC5B172AB8EF8E1,classic_bike,2021-09-13 15:49:41,2021-09-13 15:55:29,E 81 St & York Ave,7084,E 81 St & Park Ave,7188,40.7728384,-73.94989233,40.77677702,-73.9590097,member
111828,ABBF86C304539582,classic_bike,2021-09-03 12:20:37,2021-09-03 12:24:24,E 77 St & 3 Ave,7092,E 81 St & Park Ave,7188,40.77314236,-73.95856158,40.77677702,-73.9590097,member
111832,C253545D0BE8F6A4,classic_bike,2021-09-11 19:53:54,2021-09-11 20:04:00,E 66 St & Madison Ave,6969,E 81 St & Park Ave,7188,40.76800889305947,-73.96845281124115,40.77677702,-73.9590097,casual
111843,0511A16CE483FCEE,electric_bike,2021-09-26 14:27:14,2021-09-26 14:53:30,Pershing Square North,6432,E 81 St & Park Ave,7188,40.751873,-73.977706,40.77677702,-73.9590097,member
111855,6E2FEBA82C563DE7,electric_bike,2021-09-16 10:04:31,2021-09-16 10:06:49,E 85 St & 3 Ave,7212,E 81 St & Park Ave,7188,40.77801203,-73.95407149,40.77677702,-73.9590097,member
111856,F7141CB0DDBB69F6,electric_bike,2021-09-21 12:53:02,2021-09-21 12:54:28,E 81 St & 3 Ave,7154,E 81 St & Park Ave,7188,40.77573034,-73.9567526,40.77677702,-73.9590097,member
111857,A67A9F6C8C11CF61,classic_bike,2021-09-24 12:30:56,2021-09-24 12:47:37,E 81 St & 3 Ave,7154,E 81 St & Park Ave,7188,40.77573034,-73.9567526,40.77677702,-73.9590097,member
111860,CF8BE6AD1A74C388,classic_bike,2021-09-16 10:36:10,2021-09-16 10:56:14,Columbus Ave & W 72 St,7175,E 81 St & Park Ave,7188,40.7770575,-73.97898475,40.77677702,-73.9590097,member
111863,A89D93ACBE10C38D,classic_bike,2021-09-30 10:57:07,2021-09-30 11:23:21,W 100 St & Manhattan Ave,7538,E 81 St & Park Ave,7188,40.795,-73.9645,40.77677702,-73.9590097,member
111879,4AD253646CCD3917,electric_bike,2021-09-02 15:48:37,2021-09-02 16:06:26,Central Park West & W 85 St,7354,E 81 St & Park Ave,7188,40.78476,-73.969862,40.77677702,-73.9590097,casual
111891,D1C4AE8AA09CA4BE,classic_bike,2021-09-04 15:41:59,2021-09-04 16:04:21,1 Ave & E 44 St,6379,E 81 St & Park Ave,7188,40.75001986,-73.96905301,40.77677702,-73.9590097,member
111911,54385F7B47567D02,classic_bike,2021-09-30 19:35:14,2021-09-30 20:04:20,Central Park W & W 97 St,7538,E 81 St & Park Ave,7188,40.79249519495111,-73.96417066463071,40.77677702,-73.9590097,member
111921,8BFE15C69D3BFC4A,classic_bike,2021-09-08 10:00:48,2021-09-08 10:19:43,E 102 St & Park Ave,7488,E 81 St & Park Ave,7188,40.7904828,-73.95033068,40.77677702,-73.9590097,member
111924,BA74A863ECBC68EC,classic_bike,2021-09-13 10:24:19,2021-09-13 10:31:49,E 102 St & Park Ave,7488,E 81 St & Park Ave,7188,40.7904828,-73.95033068,40.77677702,-73.9590097,member
111936,EAAD9A2BDFDDF5F3,electric_bike,2021-09-25 20:09:52,2021-09-25 20:30:34,7 Ave & Central Park South,6912,E 81 St & Park Ave,7188,40.7667405590595,-73.9790689945221,40.77677702,-73.9590097,casual
111938,D365FAC054C3445D,classic_bike,2021-09-23 17:18:18,2021-09-23 17:35:01,7 Ave & Central Park South,6912,E 81 St & Park Ave,7188,40.7667405590595,-73.9790689945221,40.77677702,-73.9590097,member
111944,0BAA2CD45D3BA5F5,classic_bike,2021-09-04 14:51:29,2021-09-04 14:51:35,E 81 St & Park Ave,7188,E 81 St & Park Ave,7188,40.77677702,-73.9590097,40.77677702,-73.9590097,member
111995,EC513F93A3E6C1B5,classic_bike,2021-09-19 12:03:48,2021-09-19 12:11:10,E 68 St & 3 Ave,6896,E 81 St & Park Ave,7188,40.76712840349542,-73.96224617958069,40.77677702,-73.9590097,member
111999,44AD6CD18FEF0F76,classic_bike,2021-09-19 10:38:40,2021-09-19 10:50:17,Madison Ave & E 82 St,7188,Columbus Ave & W 95 St,7520,40.7781314,-73.96069399,40.7919557,-73.968087,member
112000,391BB4E8C0DE103C,classic_bike,2021-09-07 07:33:53,2021-09-07 08:13:26,Madison Ave & E 82 St,7188,E 81 St & Park Ave,7188,40.7781314,-73.96069399,40.77677702,-73.9590097,member
112001,5E1DBD001ABD671E,classic_bike,2021-09-13 20:55:44,2021-09-13 21:00:40,Madison Ave & E 82 St,7188,E 81 St & Park Ave,7188,40.7781314,-73.96069399,40.77677702,-73.9590097,member
112007,2731BF927B927C0B,classic_bike,2021-09-06 00:09:07,2021-09-06 00:22:24,2 Ave & E 104 St,7436,E 81 St & Park Ave,7188,40.7892105,-73.94370784,40.77677702,-73.9590097,casual
112014,813140183167056B,electric_bike,2021-09-02 08:09:05,2021-09-02 08:35:04,Vernon Blvd & 50 Ave,6170,E 81 St & Park Ave,7188,40.74232744,-73.95411749,40.77677702,-73.9590097,member
112016,5BDC645A5C5B185E,electric_bike,2021-09-28 17:45:13,2021-09-28 17:53:15,E 72 St & York Ave,6889,E 81 St & Park Ave,7188,40.76663814,-73.95348296,40.77677702,-73.9590097,member
112034,1DC82C9F577CE47F,electric_bike,2021-09-12 07:14:55,2021-09-12 07:23:57,Central Park West & W 85 St,7354,E 81 St & Park Ave,7188,40.78476,-73.969862,40.77677702,-73.9590097,member
112045,10FAEA10965D285D,electric_bike,2021-09-16 16:54:15,2021-09-16 16:56:49,E 88 St & Park Ave,7293,E 81 St & Park Ave,7188,40.781410700190015,-73.95595908164978,40.77677702,-73.9590097,member
112046,5CC7B0836A6978B1,electric_bike,2021-09-21 21:05:09,2021-09-21 21:07:22,E 88 St & Park Ave,7293,E 81 St & Park Ave,7188,40.781410700190015,-73.95595908164978,40.77677702,-73.9590097,member
112047,7BEE2A63E99B3636,electric_bike,2021-09-02 20:32:26,2021-09-02 21:03:41,E 68 St & Madison Ave,6932,E 81 St & Park Ave,7188,40.7691572,-73.96703464,40.77677702,-73.9590097,member
112048,3070155CA7020A58,classic_bike,2021-09-23 14:48:52,2021-09-23 14:53:39,E 72 St & Park Ave,6998,E 81 St & Park Ave,7188,40.77118287540658,-73.96409422159195,40.77677702,-73.9590097,casual
112049,41630235711F3C90,classic_bike,2021-09-23 13:02:08,2021-09-23 13:06:22,E 88 St & Park Ave,7293,E 81 St & Park Ave,7188,40.781410700190015,-73.95595908164978,40.77677702,-73.9590097,casual
112051,6C291ACBFFE95737,classic_bike,2021-09-14 21:51:52,2021-09-14 21:59:40,E 72 St & Park Ave,6998,E 81 St & Park Ave,7188,40.77118287540658,-73.96409422159195,40.77677702,-73.9590097,member
112052,0AA3AE0DF31962D9,classic_bike,2021-09-12 13:24:40,2021-09-12 13:32:25,E 68 St & Madison Ave,6932,E 81 St & Park Ave,7188,40.7691572,-73.96703464,40.77677702,-73.9590097,member
112055,CAAA1E4AEC5B23A8,classic_bike,2021-09-18 00:17:05,2021-09-18 00:21:48,E 72 St & Park Ave,6998,E 81 St & Park Ave,7188,40.77118287540658,-73.96409422159195,40.77677702,-73.9590097,casual
112056,4392442463839B34,classic_bike,2021-09-07 12:15:49,2021-09-07 12:31:40,Madison Ave & E 82 St,7188,Columbus Ave & W 95 St,7520,40.7781314,-73.96069399,40.7919557,-73.968087,member
112064,F2C3DB4673B9A610,classic_bike,2021-09-10 08:28:16,2021-09-10 08:30:42,Madison Ave & E 82 St,7188,E 81 St & Park Ave,7188,40.7781314,-73.96069399,40.77677702,-73.9590097,member
112080,17537A1D66704005,classic_bike,2021-09-18 19:22:44,2021-09-18 19:27:22,E 72 St & Park Ave,6998,E 81 St & Park Ave,7188,40.77118287540658,-73.96409422159195,40.77677702,-73.9590097,casual
112083,53029B0F92F51ABF,classic_bike,2021-09-30 16:51:41,2021-09-30 17:02:23,Amsterdam Ave & W 79 St,7311,E 81 St & Park Ave,7188,40.7829391,-73.9786517,40.77677702,-73.9590097,member
112094,F92C6EC15749D018,electric_bike,2021-09-30 06:02:02,2021-09-30 06:07:38,5 Ave & E 103 St,7511,E 81 St & Park Ave,7188,40.7922553,-73.95249933,40.77677702,-73.9590097,member
112095,677CB99836D8A643,classic_bike,2021-09-11 18:17:03,2021-09-11 18:46:32,Stuyvesant Walk & 1 Av Loop,5854,E 81 St & Park Ave,7188,40.732339777151054,-73.97898383438587,40.77677702,-73.9590097,member
112096,B07BB63EFEEF0355,electric_bike,2021-09-14 07:50:29,2021-09-14 07:58:29,5 Ave & E 103 St,7511,E 81 St & Park Ave,7188,40.7922553,-73.95249933,40.77677702,-73.9590097,member
112107,B6947982591DD4FD,classic_bike,2021-09-11 08:52:51,2021-09-11 08:58:16,E 84 St & 1 Ave,7180,E 81 St & Park Ave,7188,40.77565541,-73.95068615,40.77677702,-73.9590097,member
112126,D1D9DBB7350CFFCA,electric_bike,2021-09-07 12:34:19,2021-09-07 12:39:18,3 Ave & E 72 St,7028,E 81 St & Park Ave,7188,40.7699426,-73.96060712,40.77677702,-73.9590097,member
112132,108E07ECCFC736E1,classic_bike,2021-09-15 08:21:51,2021-09-15 08:37:45,Frederick Douglass Blvd & W 115 St,7658,E 81 St & Park Ave,7188,40.8038654,-73.9559308,40.77677702,-73.9590097,member
112137,7A45BC56E87BDAA8,electric_bike,2021-09-14 09:24:34,2021-09-14 09:56:19,Allen St & Rivington St,5414,E 81 St & Park Ave,7188,40.72019576,-73.98997825,40.77677702,-73.9590097,member
112146,A42B162FB8027349,electric_bike,2021-09-04 11:32:25,2021-09-04 11:38:40,E 88 St & 1 Ave,7235,E 81 St & Park Ave,7188,40.778301,-73.9488134,40.77677702,-73.9590097,casual
112150,915F46ABEF3C3033,classic_bike,2021-09-27 08:05:10,2021-09-27 08:18:23,Lenox Ave & W 111 St,7602,E 81 St & Park Ave,7188,40.7987859,-73.9523,40.77677702,-73.9590097,member
112151,7FB2EDD527A3AAC1,classic_bike,2021-09-17 07:50:42,2021-09-17 07:56:26,E 82 St & East End Ave,7049,E 81 St & Park Ave,7188,40.7724607,-73.9468208,40.77677702,-73.9590097,member
112152,33A586E20AF19649,classic_bike,2021-09-24 19:02:00,2021-09-24 19:19:04,Lenox Ave & W 111 St,7602,E 81 St & Park Ave,7188,40.7987859,-73.9523,40.77677702,-73.9590097,member
112153,51CFF0E90E6EB803,electric_bike,2021-09-15 21:48:15,2021-09-15 22:15:20,W 70 St & Amsterdam Ave,7207,E 81 St & Park Ave,7188,40.77748046,-73.98288594,40.77677702,-73.9590097,casual
112158,329713B1780B8266,classic_bike,2021-09-21 07:50:41,2021-09-21 07:54:58,E 82 St & East End Ave,7049,E 81 St & Park Ave,7188,40.7724607,-73.9468208,40.77677702,-73.9590097,member
112163,33DBEB5488177EDF,electric_bike,2021-09-29 12:58:50,2021-09-29 13:07:19,W 70 St & Amsterdam Ave,7207,E 81 St & Park Ave,7188,40.77748046,-73.98288594,40.77677702,-73.9590097,member
112165,FC05D34E203C8F81,electric_bike,2021-09-02 16:01:14,2021-09-02 16:07:14,E 82 St & East End Ave,7049,E 81 St & Park Ave,7188,40.7724607,-73.9468208,40.77677702,-73.9590097,member
112197,33DCEB78D2DC6327,classic_bike,2021-09-19 00:26:01,2021-09-19 01:00:52,Washington St & Gansevoort St,6039,E 81 St & Park Ave,7188,40.739323,-74.008119,40.77677702,-73.9590097,casual
112318,3DD9647FC6BA925D,classic_bike,2021-09-30 14:41:19,2021-09-30 14:45:05,Madison Ave & E 82 St,7188,E 81 St & 2 Ave,7121,40.7781314,-73.96069399,40.77477944895728,-73.95427465438843,casual
112321,AD9539D46BCF430B,classic_bike,2021-09-19 10:38:56,2021-09-19 10:55:10,Madison Ave & E 82 St,7188,E 114 St & 1 Ave,7540,40.7781314,-73.96069399,40.7945663,-73.9362541,member
114332,8DBB29B25F23D366,classic_bike,2021-09-12 12:47:18,2021-09-12 12:50:27,E 72 St & Park Ave,6998,E 81 St & Park Ave,7188,40.77118287540658,-73.96409422159195,40.77677702,-73.9590097,member
114362,B4C64FCA879D4E70,classic_bike,2021-09-09 18:35:21,2021-09-09 18:43:54,Central Park West & W 85 St,7354,E 81 St & Park Ave,7188,40.78476,-73.969862,40.77677702,-73.9590097,casual
114941,FC51898E1D0A1C04,classic_bike,2021-09-20 18:17:06,2021-09-20 18:30:27,Columbus Ave & W 72 St,7175,E 81 St & Park Ave,7188,40.7770575,-73.97898475,40.77677702,-73.9590097,member
114972,7DEF23CE6E0BB179,classic_bike,2021-09-13 11:21:50,2021-09-13 11:43:46,Madison Ave & E 82 St,7188,6 Ave & W 45 St,6593,40.7781314,-73.96069399,40.756951,-73.982631,member
114992,2EA317B328A8A80F,electric_bike,2021-09-25 17:45:45,2021-09-25 17:50:14,Madison Ave & E 82 St,7188,E 81 St & 2 Ave,7121,40.7781314,-73.96069399,40.77477944895728,-73.95427465438843,casual
115005,9B8D8001A1024C84,electric_bike,2021-09-02 14:00:37,2021-09-02 14:17:50,Madison Ave & E 82 St,7188,E 39 St & Lexington Ave,6389,40.7781314,-73.96069399,40.7494985460252,-73.97729203113158,member
115018,76F5212B0939DA72,classic_bike,2021-09-25 16:25:57,2021-09-25 16:53:07,Madison Ave & E 82 St,7188,E 39 St & Lexington Ave,6389,40.7781314,-73.96069399,40.7494985460252,-73.97729203113158,casual
115949,0153ED481A577C19,classic_bike,2021-09-23 13:24:48,2021-09-23 14:03:32,E 81 St & Park Ave,7188,E 81 St & 2 Ave,7121,40.77677702,-73.9590097,40.77477944895728,-73.95427465438843,member
115967,4294C0B386B04D74,classic_bike,2021-09-26 14:45:01,2021-09-26 14:56:34,E 81 St & Park Ave,7188,E 48 St & 3 Ave,6541,40.77677702,-73.9590097,40.7546011026,-73.971878855,member
115977,B5A2A2ECE6533DB6,classic_bike,2021-09-06 12:40:19,2021-09-06 12:42:07,E 81 St & Park Ave,7188,E 81 St & 2 Ave,7121,40.77677702,-73.9590097,40.77477944895728,-73.95427465438843,member
115978,EA5D7D64D3BD8B0C,classic_bike,2021-09-06 12:27:04,2021-09-06 12:28:48,E 81 St & Park Ave,7188,E 81 St & 2 Ave,7121,40.77677702,-73.9590097,40.77477944895728,-73.95427465438843,member
115979,3EED36216B3E2728,classic_bike,2021-09-06 10:00:31,2021-09-06 10:03:00,E 81 St & Park Ave,7188,E 81 St & 2 Ave,7121,40.77677702,-73.9590097,40.77477944895728,-73.95427465438843,member
115980,2270320F98906677,classic_bike,2021-09-06 12:35:38,2021-09-06 12:37:35,E 81 St & Park Ave,7188,E 81 St & 2 Ave,7121,40.77677702,-73.9590097,40.77477944895728,-73.95427465438843,member
115981,16BCAEECDD311D7E,classic_bike,2021-09-06 12:31:47,2021-09-06 12:33:21,E 81 St & Park Ave,7188,E 81 St & 2 Ave,7121,40.77677702,-73.9590097,40.77477944895728,-73.95427465438843,member
115982,64F3A3EB46C28791,classic_bike,2021-09-06 09:54:57,2021-09-06 09:56:58,E 81 St & Park Ave,7188,E 81 St & 2 Ave,7121,40.77677702,-73.9590097,40.77477944895728,-73.95427465438843,member
115983,2AA002EEE0DDA0FD,classic_bike,2021-09-06 09:50:03,2021-09-06 09:52:49,E 81 St & Park Ave,7188,E 81 St & 2 Ave,7121,40.77677702,-73.9590097,40.77477944895728,-73.95427465438843,member
115991,DD6C128CDFFD5E81,electric_bike,2021-09-17 11:17:42,2021-09-17 11:27:47,E 81 St & Park Ave,7188,E 114 St & 1 Ave,7540,40.77677702,-73.9590097,40.7945663,-73.9362541,casual
116192,8DCCA4032FEB41B1,classic_bike,2021-09-06 18:26:06,2021-09-06 18:53:18,E 81 St & Park Ave,7188,9 Ave & W 22 St,6266,40.77677702,-73.9590097,40.7454973,-74.00197139,member
116230,7AA038B245366102,electric_bike,2021-09-01 08:12:07,2021-09-01 08:31:54,E 81 St & Park Ave,7188,W 35 St & 9 Ave,6569,40.77677702,-73.9590097,40.75414519263519,-73.9960889518261,member
116232,C70A6B71240ABFEE,electric_bike,2021-09-06 15:19:15,2021-09-06 15:34:39,E 81 St & Park Ave,7188,2 Ave & E 29 St,6122,40.77677702,-73.9590097,40.74172351097472,-73.97809267044067,member
116233,B9016B027BA601F2,electric_bike,2021-09-12 14:19:37,2021-09-12 14:25:40,E 81 St & Park Ave,7188,E 97 St & Madison Ave,7393,40.77677702,-73.9590097,40.787801,-73.953559,casual
116488,9D9CB6A8FB2877AA,classic_bike,2021-09-10 09:00:53,2021-09-10 09:09:09,E 81 St & Park Ave,7188,E 67 St & Park Ave,6932,40.77677702,-73.9590097,40.76780080148132,-73.96592080593109,member
118708,1767957D0B5E6663,electric_bike,2021-09-03 10:50:21,2021-09-03 11:29:19,E 81 St & Park Ave,7188,West End Ave & W 60 St,7059,40.77677702,-73.9590097,40.77237,-73.99005,member
120343,3BBD997C064481C4,classic_bike,2021-09-04 16:06:19,2021-09-04 16:21:39,Madison Ave & E 82 St,7188,Amsterdam Ave & W 82 St,7360,40.7781314,-73.96069399,40.78524672,-73.97667321,casual
120650,A578FEA178E606A4,classic_bike,2021-09-25 18:22:17,2021-09-25 18:36:00,Madison Ave & E 82 St,7188,Amsterdam Ave & W 82 St,7360,40.7781314,-73.96069399,40.78524672,-73.97667321,casual
121237,1A46559DCCB0B5B1,classic_bike,2021-09-20 08:27:08,2021-09-20 08:43:30,Madison Ave & E 82 St,7188,E 33 St & 5 Ave,6322,40.7781314,-73.96069399,40.74765947,-73.98490707,member
123400,D7832AA91E44DAE0,classic_bike,2021-09-17 18:33:41,2021-09-17 19:13:46,E 81 St & Park Ave,7188,Christopher St & Greenwich St,5847,40.77677702,-73.9590097,40.73291553,-74.00711384,casual
124315,C22997476BFFD8B3,classic_bike,2021-09-11 21:33:02,2021-09-11 22:07:24,Madison Ave & E 82 St,7188,E 110 St & Madison Ave,7587,40.7781314,-73.96069399,40.7961535,-73.94782145,casual
125935,97C108FCC8F4C70A,classic_bike,2021-09-08 20:18:38,2021-09-08 20:39:21,Madison Ave & E 82 St,7188,E 110 St & Madison Ave,7587,40.7781314,-73.96069399,40.7961535,-73.94782145,member
126238,CC8FE793E0532823,docked_bike,2021-09-18 12:07:16,2021-09-18 12:29:56,Madison Ave & E 82 St,7188,Grand Army Plaza & Central Park S,6839,40.778131,-73.960694,40.764397,-73.973715,casual
126239,40CA454127944D08,classic_bike,2021-09-20 17:53:51,2021-09-20 18:06:02,Madison Ave & E 82 St,7188,W 51 St & Rockefeller Plaza,6700,40.7781314,-73.96069399,40.75973805251143,-73.97811613976955,member
126247,15D6F8C30784D9A2,classic_bike,2021-09-18 07:18:55,2021-09-18 07:29:48,Madison Ave & E 82 St,7188,E 53 St & Lexington Ave,6617,40.7781314,-73.96069399,40.75828065,-73.97069431,member
126248,44C17CBC52DBB035,classic_bike,2021-09-20 18:18:43,2021-09-20 18:31:43,Madison Ave & E 82 St,7188,Grand Army Plaza & Central Park S,6839,40.7781314,-73.96069399,40.7643971,-73.97371465,member
126250,C46357AA45B9FEAF,classic_bike,2021-09-14 17:10:05,2021-09-14 17:19:40,Madison Ave & E 82 St,7188,Grand Army Plaza & Central Park S,6839,40.7781314,-73.96069399,40.7643971,-73.97371465,casual
126811,7EC6D1298DA6D0DA,electric_bike,2021-09-16 17:23:16,2021-09-16 18:14:36,E 81 St & Park Ave,7188,Isham St & Broadway,8665,40.77677702,-73.9590097,40.86788,-73.919685,member
127260,4777B22BFC1CE9CC,classic_bike,2021-09-01 10:35:09,2021-09-01 10:56:16,Madison Ave & E 82 St,7188,W 106 St & Central Park West,7606,40.7781314,-73.96069399,40.7981856,-73.9605909006,member
127262,F6CADB6D00330332,electric_bike,2021-09-08 13:10:06,2021-09-08 13:32:26,Madison Ave & E 82 St,7188,W 106 St & Central Park West,7606,40.7781314,-73.96069399,40.7981856,-73.9605909006,member
129939,4DCDD3E5E2FA0910,electric_bike,2021-09-10 10:40:09,2021-09-10 11:10:42,Madison Ave & E 82 St,7188,Watts St & Greenwich St,5578,40.7781314,-73.96069399,40.72405549,-74.00965965,member
129968,A659233D43FE8859,electric_bike,2021-09-03 17:30:30,2021-09-03 18:25:19,Madison Ave & E 82 St,7188,Stagg St & Union Ave,5117,40.7781314,-73.96069399,40.70877084,-73.95095259,member
129981,462F9531C4F502F1,classic_bike,2021-09-21 17:54:02,2021-09-21 18:04:38,Madison Ave & E 82 St,7188,W 76 St & Columbus Ave,7281,40.7781314,-73.96069399,40.7801839724239,-73.97728532552719,member
129983,C21C25F0819B17CB,electric_bike,2021-09-12 11:53:55,2021-09-12 12:00:12,Madison Ave & E 82 St,7188,W 76 St & Columbus Ave,7281,40.7781314,-73.96069399,40.7801839724239,-73.97728532552719,member
130001,D3C0567968F323D9,classic_bike,2021-09-18 14:34:38,2021-09-18 14:57:48,Madison Ave & E 82 St,7188,W 76 St & Columbus Ave,7281,40.7781314,-73.96069399,40.7801839724239,-73.97728532552719,casual
130018,3B23305F8C57AE1D,electric_bike,2021-09-26 16:54:29,2021-09-26 17:32:48,Madison Ave & E 82 St,7188,North Moore St & Greenwich St,5470,40.7781314,-73.96069399,40.72019521437465,-74.0103006362915,casual
130074,6C1260F7FB425C92,classic_bike,2021-09-18 12:08:02,2021-09-18 12:40:00,Madison Ave & E 82 St,7188,W 76 St & Columbus Ave,7281,40.7781314,-73.96069399,40.7801839724239,-73.97728532552719,member
130088,51038AD0B506B63A,docked_bike,2021-09-02 11:36:21,2021-09-02 11:58:28,Madison Ave & E 82 St,7188,W 76 St & Columbus Ave,7281,40.778131,-73.960694,40.780184,-73.977285,casual
130092,6F62013B0546CB53,classic_bike,2021-09-10 14:04:14,2021-09-10 14:12:54,Madison Ave & E 82 St,7188,W 76 St & Columbus Ave,7281,40.7781314,-73.96069399,40.7801839724239,-73.97728532552719,member
130101,1E2FBFF1C505138B,classic_bike,2021-09-18 12:08:58,2021-09-18 12:40:09,Madison Ave & E 82 St,7188,W 76 St & Columbus Ave,7281,40.7781314,-73.96069399,40.7801839724239,-73.97728532552719,casual
130390,BD68813A78C30B89,classic_bike,2021-09-20 08:00:52,2021-09-20 08:08:10,Madison Ave & E 82 St,7188,Madison Ave & E 99 St,7443,40.7781314,-73.96069399,40.78948541553215,-73.95242929458618,member
130391,8D2B2D2E95346FE4,classic_bike,2021-09-24 08:41:35,2021-09-24 08:47:00,Madison Ave & E 82 St,7188,Madison Ave & E 99 St,7443,40.7781314,-73.96069399,40.78948541553215,-73.95242929458618,casual
131367,634F2A955B1B774A,classic_bike,2021-09-18 14:32:43,2021-09-18 14:57:51,Madison Ave & E 82 St,7188,W 76 St & Columbus Ave,7281,40.7781314,-73.96069399,40.7801839724239,-73.97728532552719,casual
131843,128345CC7BA21CCF,electric_bike,2021-09-20 17:13:39,2021-09-20 17:22:55,Madison Ave & E 82 St,7188,Amsterdam Ave & W 73 St,7260,40.7781314,-73.96069399,40.77966809007312,-73.98093044757842,member
131856,497BA187E5E06A6A,electric_bike,2021-09-25 12:03:32,2021-09-25 12:18:00,Madison Ave & E 82 St,7188,W 84 St & Broadway,7409,40.7781314,-73.96069399,40.7867947,-73.977112,casual
131984,4573EA224CAE9F91,classic_bike,2021-09-18 12:23:07,2021-09-18 13:12:40,E 81 St & Park Ave,7188,N 12 St & Bedford Ave,5450,40.77677702,-73.9590097,40.72079821,-73.95484712,member
133975,461AD50A2AC75A32,classic_bike,2021-09-17 11:25:58,2021-09-17 11:36:07,E 81 St & Park Ave,7188,E 63 St & 3 Ave,6830,40.77677702,-73.9590097,40.763954,-73.9646,member
134396,E3CB237A46B54250,classic_bike,2021-09-17 11:42:38,2021-09-17 12:19:59,Madison Ave & E 82 St,7188,Central Park W & W 91 St,7453,40.7781314,-73.96069399,40.78866499127884,-73.96680057048798,member
134414,A2582EB16F9EB0A6,classic_bike,2021-09-05 15:34:29,2021-09-05 16:18:19,Madison Ave & E 82 St,7188,Central Park W & W 91 St,7453,40.7781314,-73.96069399,40.78866499127884,-73.96680057048798,casual
134422,2B3F10C38FB03F54,classic_bike,2021-09-14 16:01:18,2021-09-14 16:08:58,Madison Ave & E 82 St,7188,Central Park W & W 91 St,7453,40.7781314,-73.96069399,40.78866499127884,-73.96680057048798,member
135208,5EBEDB71AA14923F,electric_bike,2021-09-13 09:09:39,2021-09-13 09:15:12,Madison Ave & E 82 St,7188,Central Park W & W 91 St,7453,40.7781314,-73.96069399,40.78866499127884,-73.96680057048798,casual
135210,3B6359051E424C93,classic_bike,2021-09-05 15:34:29,2021-09-05 16:18:24,Madison Ave & E 82 St,7188,Central Park W & W 91 St,7453,40.7781314,-73.96069399,40.78866499127884,-73.96680057048798,casual
135222,8896CA0E3B516CA7,classic_bike,2021-09-11 10:42:27,2021-09-11 11:02:51,E 81 St & Park Ave,7188,Central Park W & W 91 St,7453,40.77677702,-73.9590097,40.78866499127884,-73.96680057048798,member
135224,FC8B891A3DAA5C5D,classic_bike,2021-09-13 17:17:09,2021-09-13 17:28:18,E 81 St & Park Ave,7188,W 92 St & Broadway,7502,40.77677702,-73.9590097,40.7921,-73.9739,member
137304,06A3283D8B24F253,classic_bike,2021-09-11 17:23:14,2021-09-11 17:42:00,Madison Ave & E 82 St,7188,Cathedral Pkwy & Broadway,7680,40.7781314,-73.96069399,40.804213,-73.96699104,member
137322,E6DBAA071A86D6A8,electric_bike,2021-09-25 20:51:44,2021-09-25 21:10:39,Madison Ave & E 82 St,7188,Cathedral Pkwy & Broadway,7680,40.7781314,-73.96069399,40.804213,-73.96699104,member
137331,6A44D7902F7D442E,classic_bike,2021-09-13 20:38:24,2021-09-13 20:47:18,Madison Ave & E 82 St,7188,2 Ave & E 96 St,7338,40.7781314,-73.96069399,40.7839636,-73.9471673,member
137364,F0B4077F40E2BCC6,classic_bike,2021-09-24 14:17:52,2021-09-24 14:39:19,E 81 St & Park Ave,7188,Cathedral Pkwy & Broadway,7680,40.77677702,-73.9590097,40.804213,-73.96699104,member
137393,1261EFAF5E3F6A7C,classic_bike,2021-09-25 09:30:48,2021-09-25 09:46:27,E 81 St & Park Ave,7188,1 Ave & E 62 St,6753,40.77677702,-73.9590097,40.7612274,-73.96094022,member
137394,9D478360B4541ED8,classic_bike,2021-09-24 11:39:37,2021-09-24 12:09:46,E 81 St & Park Ave,7188,Cathedral Pkwy & Broadway,7680,40.77677702,-73.9590097,40.804213,-73.96699104,member
137400,072576115D3AF717,classic_bike,2021-09-11 13:43:16,2021-09-11 13:53:58,E 81 St & Park Ave,7188,1 Ave & E 62 St,6753,40.77677702,-73.9590097,40.7612274,-73.96094022,member
138685,8CC9FD769A854BCD,electric_bike,2021-09-19 03:00:18,2021-09-19 03:19:43,E 81 St & Park Ave,7188,1 Ave & E 39 St,6303,40.77677702,-73.9590097,40.74714,-73.97113,member
138726,02A5919C2077E001,electric_bike,2021-09-05 15:17:00,2021-09-05 15:28:14,E 81 St & Park Ave,7188,Columbus Ave & W 103 St,7595,40.77677702,-73.9590097,40.7969347,-73.9643412291,casual
140435,6F9452E4442F2D83,classic_bike,2021-09-04 16:43:06,2021-09-04 16:49:53,Madison Ave & E 82 St,7188,E 91 St & 2 Ave,7286,40.7781314,-73.96069399,40.78115276427916,-73.94963040947914,casual
140534,4D7BB94BFCA0CED1,classic_bike,2021-09-22 18:14:24,2021-09-22 18:19:47,Madison Ave & E 82 St,7188,E 91 St & 2 Ave,7286,40.7781314,-73.96069399,40.78115276427916,-73.94963040947914,member
140535,E3FF874DD6E9DA36,electric_bike,2021-09-22 12:25:29,2021-09-22 12:30:43,Madison Ave & E 82 St,7188,E 91 St & 2 Ave,7286,40.7781314,-73.96069399,40.78115276427916,-73.94963040947914,member
140536,D1FF25990AF11824,classic_bike,2021-09-21 16:48:07,2021-09-21 16:53:01,Madison Ave & E 82 St,7188,E 91 St & 2 Ave,7286,40.7781314,-73.96069399,40.78115276427916,-73.94963040947914,member
140537,6BD6A837DB03DCB4,electric_bike,2021-09-21 11:35:49,2021-09-21 11:39:37,Madison Ave & E 82 St,7188,E 91 St & 2 Ave,7286,40.7781314,-73.96069399,40.78115276427916,-73.94963040947914,member
140552,166814A278146805,classic_bike,2021-09-19 19:04:41,2021-09-19 19:11:54,Madison Ave & E 82 St,7188,E 91 St & 2 Ave,7286,40.7781314,-73.96069399,40.78115276427916,-73.94963040947914,member
140553,C0EA45889407DC57,classic_bike,2021-09-04 15:19:57,2021-09-04 15:38:47,Madison Ave & E 82 St,7188,E 103 St & Lexington Ave,7463,40.7781314,-73.96069399,40.7903051,-73.94755757,casual
140603,0BF1BD340F511A15,electric_bike,2021-09-23 17:04:54,2021-09-23 17:41:04,Madison Ave & E 82 St,7188,E 103 St & Lexington Ave,7463,40.7781314,-73.96069399,40.7903051,-73.94755757,member
140630,BC6421D36F638007,classic_bike,2021-09-05 12:38:06,2021-09-05 12:43:52,Madison Ave & E 82 St,7188,E 91 St & 2 Ave,7286,40.7781314,-73.96069399,40.78115276427916,-73.94963040947914,member
140646,4CBF3B5E0EDB06C3,electric_bike,2021-09-07 14:27:43,2021-09-07 14:53:00,Madison Ave & E 82 St,7188,1 Ave & E 39 St,6303,40.7781314,-73.96069399,40.74714,-73.97113,casual
140788,722B73A716664247,classic_bike,2021-09-26 11:15:26,2021-09-26 11:22:42,Madison Ave & E 82 St,7188,E 91 St & 2 Ave,7286,40.7781314,-73.96069399,40.78115276427916,-73.94963040947914,member
142063,4F659CB737C1A566,classic_bike,2021-09-04 15:19:47,2021-09-04 15:38:38,Madison Ave & E 82 St,7188,E 103 St & Lexington Ave,7463,40.7781314,-73.96069399,40.7903051,-73.94755757,casual
145487,B1B84A371249AFF2,classic_bike,2021-09-05 15:32:36,2021-09-05 15:53:35,Madison Ave & E 82 St,7188,E 39 St & 2 Ave,6345,40.7781314,-73.96069399,40.74803319428767,-73.973827958107,member
145558,99CCD828D70E3C62,classic_bike,2021-09-13 08:23:59,2021-09-13 08:47:14,Madison Ave & E 82 St,7188,W 31 St & 7 Ave,6331,40.7781314,-73.96069399,40.749156,-73.9916,member
145567,391A7006D2A26BE1,classic_bike,2021-09-17 12:09:41,2021-09-17 12:34:58,Madison Ave & E 82 St,7188,W 31 St & 7 Ave,6331,40.7781314,-73.96069399,40.749156,-73.9916,casual
148191,39976724C9735115,classic_bike,2021-09-27 08:00:27,2021-09-27 08:14:52,E 81 St & Park Ave,7188,W 47 St & 6 Ave,6667,40.77677702,-73.9590097,40.758397,-73.98255,member
148532,529EC1B41A35B97B,classic_bike,2021-09-13 16:56:09,2021-09-13 17:26:47,E 81 St & Park Ave,7188,Washington Pl & Broadway,5755,40.77677702,-73.9590097,40.72903917,-73.99404649,member
148751,0D05E053DDA9DB3B,electric_bike,2021-09-11 13:17:23,2021-09-11 13:24:38,Madison Ave & E 82 St,7188,East End Ave & E 86 St,7113,40.7781314,-73.96069399,40.77518615,-73.94446054,casual
148869,81D218EB94BEC6E3,classic_bike,2021-09-13 18:50:01,2021-09-13 19:21:42,E 81 St & Park Ave,7188,34 St & 35 Ave,6605,40.77677702,-73.9590097,40.7569332,-73.9262231,member
148877,CC3D2D17D8125FEE,classic_bike,2021-09-12 16:34:58,2021-09-12 17:24:20,Madison Ave & E 82 St,7188,E 47 St & 2 Ave,6498,40.7781314,-73.96069399,40.75323098,-73.97032517,casual
148883,4849FD94619067CE,classic_bike,2021-09-27 15:06:22,2021-09-27 15:22:02,Madison Ave & E 82 St,7188,E 47 St & 2 Ave,6498,40.7781314,-73.96069399,40.75323098,-73.97032517,member
148887,8D215B46270093FD,classic_bike,2021-09-28 16:30:05,2021-09-28 16:36:02,Madison Ave & E 82 St,7188,E 85 St & 3 Ave,7212,40.7781314,-73.96069399,40.77801203,-73.95407149,member
148891,AD7B9E458F4B5EE1,electric_bike,2021-09-12 10:07:52,2021-09-12 10:11:42,Madison Ave & E 82 St,7188,E 85 St & 3 Ave,7212,40.7781314,-73.96069399,40.77801203,-73.95407149,member
150405,8A355868620F984C,electric_bike,2021-09-21 19:01:54,2021-09-21 19:08:42,Madison Ave & E 82 St,7188,W 84 St & Columbus Ave,7382,40.7781314,-73.96069399,40.78499979,-73.97283406,member
150410,F8DC20EA0D7D9B67,classic_bike,2021-09-10 14:14:05,2021-09-10 14:29:53,Madison Ave & E 82 St,7188,E 47 St & 2 Ave,6498,40.7781314,-73.96069399,40.75323098,-73.97032517,member
150421,8892CDEFF3C236EA,classic_bike,2021-09-12 14:41:36,2021-09-12 14:57:24,Madison Ave & E 82 St,7188,E 56 St & 3 Ave,6691,40.7781314,-73.96069399,40.75934501,-73.96759673,casual
150435,6CDB97EEDE9C135F,classic_bike,2021-09-16 21:38:38,2021-09-16 21:46:50,Madison Ave & E 82 St,7188,W 84 St & Columbus Ave,7382,40.7781314,-73.96069399,40.78499979,-73.97283406,member
150436,6BE8C377ACB55118,classic_bike,2021-09-06 15:57:56,2021-09-06 16:49:05,Madison Ave & E 82 St,7188,W 84 St & Columbus Ave,7382,40.7781314,-73.96069399,40.78499979,-73.97283406,member
150525,75868AAF750673C5,classic_bike,2021-09-04 23:14:12,2021-09-04 23:16:45,Madison Ave & E 82 St,7188,E 85 St & 3 Ave,7212,40.7781314,-73.96069399,40.77801203,-73.95407149,member
150580,F062D267A23CFEC4,classic_bike,2021-09-18 14:08:35,2021-09-18 14:13:16,Madison Ave & E 82 St,7188,E 85 St & 3 Ave,7212,40.7781314,-73.96069399,40.77801203,-73.95407149,member
150583,C9B82352A09A286F,classic_bike,2021-09-25 17:30:19,2021-09-25 17:58:58,Madison Ave & E 82 St,7188,E 47 St & 2 Ave,6498,40.7781314,-73.96069399,40.75323098,-73.97032517,member
150585,E62520032E6268CB,electric_bike,2021-09-21 17:35:54,2021-09-21 17:50:49,Madison Ave & E 82 St,7188,E 47 St & 2 Ave,6498,40.7781314,-73.96069399,40.75323098,-73.97032517,casual
150586,C4FE0DE87FFDA46E,classic_bike,2021-09-25 16:37:34,2021-09-25 16:43:08,Madison Ave & E 82 St,7188,E 85 St & 3 Ave,7212,40.7781314,-73.96069399,40.77801203,-73.95407149,casual
150654,13A7BCA6A7953F98,classic_bike,2021-09-05 13:14:58,2021-09-05 13:18:45,Madison Ave & E 82 St,7188,E 85 St & 3 Ave,7212,40.7781314,-73.96069399,40.77801203,-73.95407149,member
150655,6F69A80BCA7D2382,classic_bike,2021-09-09 21:57:35,2021-09-09 22:01:49,Madison Ave & E 82 St,7188,E 85 St & 3 Ave,7212,40.7781314,-73.96069399,40.77801203,-73.95407149,member
150657,1A0D10EB3C883144,classic_bike,2021-09-18 16:16:25,2021-09-18 16:31:12,Madison Ave & E 82 St,7188,E 47 St & 2 Ave,6498,40.7781314,-73.96069399,40.75323098,-73.97032517,casual
152656,1D33005246029B03,electric_bike,2021-09-03 10:29:24,2021-09-03 10:51:02,Madison Ave & E 82 St,7188,Queens Plaza North & Crescent St,6429,40.7781314,-73.96069399,40.75110165,-73.94073717,member
153218,485E49840F529C38,classic_bike,2021-09-13 07:19:54,2021-09-13 07:35:47,E 81 St & Park Ave,7188,Lenox Ave & W 115 St,7627,40.77677702,-73.9590097,40.8011939,-73.9500739,member
153221,B0357A0536F52FA5,classic_bike,2021-09-02 13:26:30,2021-09-02 13:39:31,E 81 St & Park Ave,7188,W 48 St & Rockefeller Plaza,6667,40.77677702,-73.9590097,40.75793646243674,-73.97960275411606,member
153878,C306777C5A220191,electric_bike,2021-09-29 14:34:58,2021-09-29 14:46:32,Madison Ave & E 82 St,7188,Lenox Ave & W 115 St,7627,40.7781314,-73.96069399,40.8011939,-73.9500739,member
154344,B492F81D1821E33B,classic_bike,2021-09-27 09:33:06,2021-09-27 09:47:36,E 81 St & Park Ave,7188,W 48 St & Rockefeller Plaza,6667,40.77677702,-73.9590097,40.75793646243674,-73.97960275411606,member
155669,8F6147F181B0598A,electric_bike,2021-09-16 12:44:32,2021-09-16 13:14:03,Madison Ave & E 82 St,7188,Central Park S & 6 Ave,6876,40.7781314,-73.96069399,40.76590936,-73.97634151,casual
156396,D0AEB44A38C100F6,classic_bike,2021-09-10 07:36:17,2021-09-10 07:59:09,E 81 St & Park Ave,7188,Broadway & E 21 St,6098,40.77677702,-73.9590097,40.73988840858996,-73.98958593606949,member
157046,A9B5E6202D8E1A7A,classic_bike,2021-09-15 12:50:43,2021-09-15 13:16:22,Madison Ave & E 82 St,7188,Central Park S & 6 Ave,6876,40.7781314,-73.96069399,40.76590936,-73.97634151,member
163130,CC5549F3F97F6490,classic_bike,2021-09-02 16:36:31,2021-09-02 17:01:34,E 81 St & Park Ave,7188,Broadway & W 58 St,6948,40.77677702,-73.9590097,40.76695317,-73.98169333,member
163133,70D26EFEEA803249,classic_bike,2021-09-18 13:15:23,2021-09-18 13:22:05,E 81 St & Park Ave,7188,E 81 St & York Ave,7084,40.77677702,-73.9590097,40.7728384,-73.94989233,member
163137,D593F9174B7B35AA,classic_bike,2021-09-30 17:22:40,2021-09-30 17:31:07,E 81 St & Park Ave,7188,2 Ave & E 72 St,6925,40.77677702,-73.9590097,40.7687620293096,-73.95840793848038,casual
163140,79516FC889C56047,classic_bike,2021-09-29 17:56:47,2021-09-29 18:01:10,E 81 St & Park Ave,7188,2 Ave & E 72 St,6925,40.77677702,-73.9590097,40.7687620293096,-73.95840793848038,member
163141,9FD7D59BFB3B1164,classic_bike,2021-09-06 16:43:02,2021-09-06 16:54:49,E 81 St & Park Ave,7188,Broadway & W 58 St,6948,40.77677702,-73.9590097,40.76695317,-73.98169333,member
163700,9F25DC428E85DEBA,classic_bike,2021-09-25 14:02:15,2021-09-25 14:58:29,Madison Ave & E 82 St,7188,2 Ave & E 72 St,6925,40.7781314,-73.96069399,40.7687620293096,-73.95840793848038,member
163701,9B8DEE3713C9F449,classic_bike,2021-09-08 20:15:12,2021-09-08 20:22:48,Madison Ave & E 82 St,7188,E 81 St & York Ave,7084,40.7781314,-73.96069399,40.7728384,-73.94989233,member
163702,3B86E5478EDF9945,classic_bike,2021-09-24 18:44:15,2021-09-24 18:51:11,Madison Ave & E 82 St,7188,E 81 St & York Ave,7084,40.7781314,-73.96069399,40.7728384,-73.94989233,member
163703,17C93030BA8C6456,electric_bike,2021-09-28 12:37:46,2021-09-28 12:47:01,Madison Ave & E 82 St,7188,E 56 St & Madison Ave,6732,40.7781314,-73.96069399,40.761573,-73.972628,member
163705,59FFAE6A36E174B5,classic_bike,2021-09-22 07:22:56,2021-09-22 07:32:19,Madison Ave & E 82 St,7188,2 Ave & E 72 St,6925,40.7781314,-73.96069399,40.7687620293096,-73.95840793848038,member
163715,A2AAEB9D5DDDD5AE,electric_bike,2021-09-29 10:47:19,2021-09-29 10:51:18,Madison Ave & E 82 St,7188,E 77 St & 3 Ave,7092,40.7781314,-73.96069399,40.77314236,-73.95856158,member
163726,C3BEDC53E7D83C93,classic_bike,2021-09-24 16:28:04,2021-09-24 16:33:35,Madison Ave & E 82 St,7188,E 77 St & 3 Ave,7092,40.7781314,-73.96069399,40.77314236,-73.95856158,member
163750,BF226E5DDF16D21D,classic_bike,2021-09-24 17:04:57,2021-09-24 17:16:33,Madison Ave & E 82 St,7188,2 Ave & E 72 St,6925,40.7781314,-73.96069399,40.7687620293096,-73.95840793848038,member
163754,94E16B921FD8620D,classic_bike,2021-09-24 12:33:12,2021-09-24 12:38:54,Madison Ave & E 82 St,7188,E 81 St & York Ave,7084,40.7781314,-73.96069399,40.7728384,-73.94989233,member
163985,2A8E6A3D28577A33,classic_bike,2021-09-12 17:51:46,2021-09-12 18:09:22,E 81 St & Park Ave,7188,Broadway & W 58 St,6948,40.77677702,-73.9590097,40.76695317,-73.98169333,member
163987,DE815EDC281B645A,electric_bike,2021-09-23 17:03:54,2021-09-23 17:25:49,E 81 St & Park Ave,7188,9 Ave & W 45 St,6717,40.77677702,-73.9590097,40.76019252,-73.9912551,member
163989,AC14D06238416BBE,classic_bike,2021-09-12 16:37:41,2021-09-12 16:43:34,E 81 St & Park Ave,7188,E 81 St & York Ave,7084,40.77677702,-73.9590097,40.7728384,-73.94989233,member
163992,FE4AF85774BAE38B,classic_bike,2021-09-17 15:28:33,2021-09-17 15:37:38,E 81 St & Park Ave,7188,E 56 St & Madison Ave,6732,40.77677702,-73.9590097,40.761573,-73.972628,member
165538,E58132836A335E98,electric_bike,2021-09-17 11:36:20,2021-09-17 12:18:59,E 81 St & Park Ave,7188,E 4 St & 2 Ave,5593,40.77677702,-73.9590097,40.7262807,-73.98978041,casual
165539,A17B5F681F41F6A5,classic_bike,2021-09-26 09:05:57,2021-09-26 09:27:35,E 81 St & Park Ave,7188,W 42 St & 6 Ave,6517,40.77677702,-73.9590097,40.75492,-73.98455,member
165540,8D12B3C3DEF6A51B,classic_bike,2021-09-12 16:55:53,2021-09-12 17:18:49,E 81 St & Park Ave,7188,W 64 St & Thelonious Monk Circle,7123,40.77677702,-73.9590097,40.77515953434235,-73.98918695747852,member
169517,3F8FD94D0F988FAB,classic_bike,2021-09-21 14:25:07,2021-09-21 14:29:52,E 85 St & 3 Ave,7212,E 81 St & Park Ave,7188,40.77801203,-73.95407149,40.77677702,-73.9590097,member
169522,BFED054477C41952,electric_bike,2021-09-19 14:34:36,2021-09-19 14:40:24,E 85 St & 3 Ave,7212,E 81 St & Park Ave,7188,40.77801203,-73.95407149,40.77677702,-73.9590097,casual
169530,A69DF0DAC43F13E6,classic_bike,2021-09-21 17:56:28,2021-09-21 18:06:54,Central Park S & 6 Ave,6876,E 81 St & Park Ave,7188,40.76590936,-73.97634151,40.77677702,-73.9590097,member
169533,E3C9AD5214354DE3,classic_bike,2021-09-18 18:47:15,2021-09-18 18:49:45,E 81 St & 3 Ave,7154,E 81 St & Park Ave,7188,40.77573034,-73.9567526,40.77677702,-73.9590097,member
169537,6B1F2163980A2383,electric_bike,2021-09-30 15:04:00,2021-09-30 15:21:03,Amsterdam Ave & W 119 St,7727,E 81 St & Park Ave,7188,40.80863217506367,-73.95958609887202,40.77677702,-73.9590097,member
169538,E54E1990E862D4EE,classic_bike,2021-09-08 19:30:42,2021-09-08 19:37:48,E 81 St & York Ave,7084,E 81 St & Park Ave,7188,40.7728384,-73.94989233,40.77677702,-73.9590097,member
169547,2DE0AA0BF1C519E8,classic_bike,2021-09-15 16:10:59,2021-09-15 16:29:26,E 81 St & Park Ave,7188,W 42 St & 6 Ave,6517,40.77677702,-73.9590097,40.75492,-73.98455,member
169561,12C1E36841A70D52,classic_bike,2021-09-06 12:43:07,2021-09-06 12:46:02,E 81 St & 3 Ave,7154,E 81 St & Park Ave,7188,40.77573034,-73.9567526,40.77677702,-73.9590097,casual
169579,9CC2C28CD197D0F9,electric_bike,2021-09-05 22:49:31,2021-09-05 23:04:46,E 115 St & Lexington Ave,7599,E 81 St & Park Ave,7188,40.797911,-73.9423,40.77677702,-73.9590097,member
169602,44B401F418D89E7B,classic_bike,2021-09-06 18:55:19,2021-09-06 20:02:10,Central Park West & W 72 St,7141,E 81 St & Park Ave,7188,40.77579376683666,-73.9762057363987,40.77677702,-73.9590097,member
169636,B4D1F18EAC5065A1,classic_bike,2021-09-13 11:51:23,2021-09-13 12:09:29,Madison Ave & E 120 St,7667,E 81 St & Park Ave,7188,40.80295,-73.942954,40.77677702,-73.9590097,member
169637,FD86F164D63DB89D,electric_bike,2021-09-21 08:06:34,2021-09-21 08:29:17,46 Ave & 5 St,6286,E 81 St & Park Ave,7188,40.74731,-73.95451,40.77677702,-73.9590097,member
169669,4623C31027DD2797,electric_bike,2021-09-05 17:11:59,2021-09-05 17:18:05,1 Ave & E 78 St,7020,E 81 St & Park Ave,7188,40.77140426,-73.9535166,40.77677702,-73.9590097,member
169675,F285C67F1055C9F1,classic_bike,2021-09-14 07:15:52,2021-09-14 07:22:42,1 Ave & E 78 St,7020,E 81 St & Park Ave,7188,40.77140426,-73.9535166,40.77677702,-73.9590097,member
169676,5C23FDE627F58BF3,electric_bike,2021-09-09 17:46:40,2021-09-09 17:53:36,1 Ave & E 78 St,7020,E 81 St & Park Ave,7188,40.77140426,-73.9535166,40.77677702,-73.9590097,casual
169705,60A8D41E304E732E,classic_bike,2021-09-07 18:07:08,2021-09-07 18:19:23,E 58 St & 1 Ave (NW Corner),6723,E 81 St & Park Ave,7188,40.759125,-73.962658,40.77677702,-73.9590097,member
169707,C634E92A0026C3E7,classic_bike,2021-09-04 17:11:58,2021-09-04 17:37:45,W 95 St & Broadway,7541,E 81 St & Park Ave,7188,40.7937704,-73.971888,40.77677702,-73.9590097,member
169708,5F9660DAB6721EF8,classic_bike,2021-09-12 07:43:40,2021-09-12 08:06:18,E 31 St & 3 Ave,6239,E 81 St & Park Ave,7188,40.74394314,-73.97966069,40.77677702,-73.9590097,member
169722,5DBDCC601D228EE7,classic_bike,2021-09-15 09:38:11,2021-09-15 09:53:25,W 110 St & Amsterdam Ave,7646,E 81 St & Park Ave,7188,40.802692,-73.96295,40.77677702,-73.9590097,member
169785,C03D4D562A966280,electric_bike,2021-09-18 13:04:55,2021-09-18 13:26:45,E 17 St & Broadway,5980,E 81 St & Park Ave,7188,40.73704984,-73.99009296,40.77677702,-73.9590097,member
169788,D48632838BA759A8,classic_bike,2021-09-24 17:05:32,2021-09-24 17:27:17,W 42 St & Dyer Ave,6644,E 81 St & Park Ave,7188,40.75898481399634,-73.99379968643188,40.77677702,-73.9590097,member
169796,9F1CA01BDE8C2B11,classic_bike,2021-09-24 10:37:33,2021-09-24 10:52:37,E 48 St & 5 Ave,6626,E 81 St & Park Ave,7188,40.75724567911726,-73.97805914282799,40.77677702,-73.9590097,member
169798,09C95722D752F2CD,classic_bike,2021-09-21 15:18:25,2021-09-21 15:43:20,3 Ave & E 71 St,6960,E 81 St & Park Ave,7188,40.76873687,-73.96119945,40.77677702,-73.9590097,casual
169801,F589876B92A0F23C,electric_bike,2021-09-08 22:55:10,2021-09-08 23:07:11,E 44 St & 2 Ave,6422,E 81 St & Park Ave,7188,40.75118387463277,-73.97138714790344,40.77677702,-73.9590097,casual
169830,DEFD86347E0D0BDE,classic_bike,2021-09-12 08:14:53,2021-09-12 08:43:09,E 128 St & Madison Ave,7735,E 81 St & Park Ave,7188,40.80756,-73.939182,40.77677702,-73.9590097,member
169853,14823B228535C679,electric_bike,2021-09-19 15:26:47,2021-09-19 15:40:41,Central Park West & W 72 St,7141,E 81 St & Park Ave,7188,40.77579376683666,-73.9762057363987,40.77677702,-73.9590097,casual
169861,BDF1078C48B38742,classic_bike,2021-09-02 17:37:48,2021-09-02 17:49:39,Columbus Ave & W 72 St,7175,E 81 St & Park Ave,7188,40.7770575,-73.97898475,40.77677702,-73.9590097,member
169865,55B2D9729EB690A5,classic_bike,2021-09-16 13:06:34,2021-09-16 13:31:15,Central Park W & W 97 St,7538,E 81 St & Park Ave,7188,40.79249519495111,-73.96417066463071,40.77677702,-73.9590097,member
169879,A1D4F20DF3381B1C,classic_bike,2021-09-21 11:53:17,2021-09-21 12:01:51,Madison Ave & E 99 St,7443,E 81 St & Park Ave,7188,40.78948541553215,-73.95242929458618,40.77677702,-73.9590097,member
169888,F3E0AB09DD559300,electric_bike,2021-09-19 15:15:27,2021-09-19 15:40:25,Columbus Ave & W 72 St,7175,E 81 St & Park Ave,7188,40.7770575,-73.97898475,40.77677702,-73.9590097,casual
169889,3B77BEAD4856EA2C,classic_bike,2021-09-04 18:04:09,2021-09-04 18:15:11,Columbus Ave & W 72 St,7175,E 81 St & Park Ave,7188,40.7770575,-73.97898475,40.77677702,-73.9590097,member
169891,1F2809CAE8FF7B4C,classic_bike,2021-09-03 17:14:12,2021-09-03 17:25:23,Columbus Ave & W 72 St,7175,E 81 St & Park Ave,7188,40.7770575,-73.97898475,40.77677702,-73.9590097,member
169895,78C2ED4EC498022F,electric_bike,2021-09-29 14:25:10,2021-09-29 14:41:25,W 52 St & 6 Ave,6740,E 81 St & Park Ave,7188,40.76132983124814,-73.97982001304626,40.77677702,-73.9590097,member
169906,D311E944E3A3FB11,classic_bike,2021-09-10 16:30:29,2021-09-10 16:33:30,E 85 St & 3 Ave,7212,E 81 St & Park Ave,7188,40.77801203,-73.95407149,40.77677702,-73.9590097,member
169907,913AD7A0EC04ECD8,electric_bike,2021-09-23 15:38:20,2021-09-23 15:42:17,E 85 St & 3 Ave,7212,E 81 St & Park Ave,7188,40.77801203,-73.95407149,40.77677702,-73.9590097,member
169911,323D4239BCE831CA,classic_bike,2021-09-16 19:00:11,2021-09-16 19:23:20,W 37 St & 5 Ave,6398,E 81 St & Park Ave,7188,40.75038009,-73.98338988,40.77677702,-73.9590097,member
169913,189AE01061EC7900,classic_bike,2021-09-18 10:29:54,2021-09-18 10:34:35,E 81 St & 2 Ave,7121,E 81 St & Park Ave,7188,40.77477944895728,-73.95427465438843,40.77677702,-73.9590097,member
169914,28CC86175C328145,classic_bike,2021-09-11 11:10:51,2021-09-11 11:16:44,E 81 St & 2 Ave,7121,E 81 St & Park Ave,7188,40.77477944895728,-73.95427465438843,40.77677702,-73.9590097,member
169918,FBB75795D58D341D,classic_bike,2021-09-16 15:18:57,2021-09-16 15:38:47,6 Ave & W 45 St,6593,E 81 St & Park Ave,7188,40.756951,-73.982631,40.77677702,-73.9590097,member
169924,5D822FB66C9629A4,classic_bike,2021-09-25 12:47:33,2021-09-25 12:50:17,E 81 St & 2 Ave,7121,E 81 St & Park Ave,7188,40.77477944895728,-73.95427465438843,40.77677702,-73.9590097,member
169926,E5AC6EC5915E97A8,classic_bike,2021-09-17 13:29:57,2021-09-17 13:33:09,E 81 St & 2 Ave,7121,E 81 St & Park Ave,7188,40.77477944895728,-73.95427465438843,40.77677702,-73.9590097,casual
169935,72F50E379DA81233,classic_bike,2021-09-23 17:48:09,2021-09-23 17:54:53,E 84 St & 1 Ave,7180,E 81 St & Park Ave,7188,40.77565541,-73.95068615,40.77677702,-73.9590097,member
169937,9A8735195D0E11E9,classic_bike,2021-09-21 17:50:26,2021-09-21 17:56:50,E 74 St & 1 Ave,6953,E 81 St & Park Ave,7188,40.7689738,-73.95482273,40.77677702,-73.9590097,member
169942,A4FAAE8F063FE1BE,electric_bike,2021-09-23 07:04:14,2021-09-23 07:05:54,E 81 St & 2 Ave,7121,E 81 St & Park Ave,7188,40.77477944895728,-73.95427465438843,40.77677702,-73.9590097,member
169943,2BD48FF29731B8AF,electric_bike,2021-09-10 07:55:48,2021-09-10 08:09:46,E 39 St & Lexington Ave,6389,E 81 St & Park Ave,7188,40.7494985460252,-73.97729203113158,40.77677702,-73.9590097,member
169945,12ADFF4887DBAEF2,classic_bike,2021-09-25 06:54:05,2021-09-25 07:00:27,Columbus Ave & W 72 St,7175,E 81 St & Park Ave,7188,40.7770575,-73.97898475,40.77677702,-73.9590097,casual
169948,3AAD4658C9124C99,classic_bike,2021-09-25 14:29:02,2021-09-25 14:47:11,Columbus Ave & W 72 St,7175,E 81 St & Park Ave,7188,40.7770575,-73.97898475,40.77677702,-73.9590097,member
169956,E8F306C21DF3EBE9,classic_bike,2021-09-14 17:32:00,2021-09-14 17:57:25,W 44 St & 5 Ave,6551,E 81 St & Park Ave,7188,40.75500254,-73.98014437,40.77677702,-73.9590097,member
169957,28022BF750A6C7C0,classic_bike,2021-09-22 07:51:31,2021-09-22 07:57:52,E 82 St & East End Ave,7049,E 81 St & Park Ave,7188,40.7724607,-73.9468208,40.77677702,-73.9590097,member
169970,4242045F71BE5410,classic_bike,2021-09-09 05:05:54,2021-09-09 05:08:29,E 81 St & 2 Ave,7121,E 81 St & Park Ave,7188,40.77477944895728,-73.95427465438843,40.77677702,-73.9590097,member
169980,4DA8B2DB7B3630DC,electric_bike,2021-09-20 07:01:15,2021-09-20 07:03:15,E 81 St & 2 Ave,7121,E 81 St & Park Ave,7188,40.77477944895728,-73.95427465438843,40.77677702,-73.9590097,member
169990,504B88D9252E5AA3,classic_bike,2021-09-29 17:49:33,2021-09-29 18:01:22,Central Park West & W 68 St,7079,E 81 St & Park Ave,7188,40.7734066,-73.97782542,40.77677702,-73.9590097,member
170000,CF51034DC1275D66,classic_bike,2021-09-26 11:45:48,2021-09-26 12:20:10,MacDougal St & Prince St,5687,E 81 St & Park Ave,7188,40.72710258,-74.00297088,40.77677702,-73.9590097,member
170001,A28B4FB343604D64,classic_bike,2021-09-25 15:52:51,2021-09-25 17:24:13,Madison Ave & E 82 St,7188,E 81 St & Park Ave,7188,40.7781314,-73.96069399,40.77677702,-73.9590097,member
170019,5BD67396B1E5EB0F,classic_bike,2021-09-11 17:02:38,2021-09-11 17:05:47,E 81 St & 2 Ave,7121,E 81 St & Park Ave,7188,40.77477944895728,-73.95427465438843,40.77677702,-73.9590097,casual
170030,D9C24A97700BF840,classic_bike,2021-09-18 15:37:38,2021-09-18 16:07:20,4 Ave & E 12 St,5788,E 81 St & Park Ave,7188,40.732647,-73.99011,40.77677702,-73.9590097,casual
170052,2BA9DADC9765738A,classic_bike,2021-09-28 22:39:48,2021-09-28 23:15:10,Amsterdam Ave & W 73 St,7260,E 81 St & Park Ave,7188,40.77966809007312,-73.98093044757842,40.77677702,-73.9590097,member
170054,BF5752E660E86DC4,classic_bike,2021-09-11 18:35:58,2021-09-11 18:55:56,W 84 St & Broadway,7409,E 81 St & Park Ave,7188,40.7867947,-73.977112,40.77677702,-73.9590097,member
170075,93F48DE0457A71DB,classic_bike,2021-09-04 17:49:02,2021-09-04 18:03:45,Lexington Ave & E 111 St,7567,E 81 St & Park Ave,7188,40.7954121,-73.9441232,40.77677702,-73.9590097,member
170077,EF0A0C86246BC4D5,classic_bike,2021-09-12 16:02:17,2021-09-12 16:08:46,Central Park West & W 85 St,7354,E 81 St & Park Ave,7188,40.78476,-73.969862,40.77677702,-73.9590097,member
170080,6EE205827E12490E,electric_bike,2021-09-02 13:10:22,2021-09-02 13:17:28,5 Ave & E 72 St,7100,E 81 St & Park Ave,7188,40.77282817,-73.96685276,40.77677702,-73.9590097,casual
170102,38FC525EEE942C1C,electric_bike,2021-09-23 12:07:33,2021-09-23 12:24:17,E 88 St & Park Ave,7293,E 81 St & Park Ave,7188,40.781410700190015,-73.95595908164978,40.77677702,-73.9590097,member
170105,54BF61BA06CD08D1,classic_bike,2021-09-14 07:37:53,2021-09-14 07:44:12,E 82 St & East End Ave,7049,E 81 St & Park Ave,7188,40.7724607,-73.9468208,40.77677702,-73.9590097,member
170106,D25327ED57662FF4,classic_bike,2021-09-20 07:44:04,2021-09-20 07:49:01,E 82 St & East End Ave,7049,E 81 St & Park Ave,7188,40.7724607,-73.9468208,40.77677702,-73.9590097,member
170110,7747768E1B78276A,classic_bike,2021-09-17 13:04:34,2021-09-17 13:08:54,E 72 St & Park Ave,6998,E 81 St & Park Ave,7188,40.77118287540658,-73.96409422159195,40.77677702,-73.9590097,member
170113,E0391C5A75B02E77,classic_bike,2021-09-08 07:44:31,2021-09-08 07:57:26,E 106 St & Lexington Ave,7504,E 81 St & Park Ave,7188,40.791976,-73.945993,40.77677702,-73.9590097,member
170114,B836D38EB1BFF5AE,classic_bike,2021-09-25 18:20:51,2021-09-25 18:32:04,E 72 St & York Ave,6889,E 81 St & Park Ave,7188,40.76663814,-73.95348296,40.77677702,-73.9590097,member
170116,BA23CF77FB6A1A7E,classic_bike,2021-09-13 07:41:33,2021-09-13 07:51:15,E 72 St & York Ave,6889,E 81 St & Park Ave,7188,40.76663814,-73.95348296,40.77677702,-73.9590097,member
170127,A995758FBFD5BA11,electric_bike,2021-09-26 13:54:37,2021-09-26 14:08:15,Madison Ave & E 82 St,7188,Columbus Ave & W 95 St,7520,40.7781314,-73.96069399,40.7919557,-73.968087,member
170143,CE608B44814145B3,classic_bike,2021-09-25 11:27:48,2021-09-25 11:40:08,E 72 St & York Ave,6889,E 81 St & Park Ave,7188,40.76663814,-73.95348296,40.77677702,-73.9590097,member
170145,EBFA845A6DBCC62E,classic_bike,2021-09-25 00:02:38,2021-09-25 00:11:40,E 72 St & York Ave,6889,E 81 St & Park Ave,7188,40.76663814,-73.95348296,40.77677702,-73.9590097,casual
170146,1C1880158ADF0A95,classic_bike,2021-09-14 17:38:59,2021-09-14 17:48:13,E 72 St & York Ave,6889,E 81 St & Park Ave,7188,40.76663814,-73.95348296,40.77677702,-73.9590097,member
170148,8D784D9F26AB2E4C,electric_bike,2021-09-20 15:42:25,2021-09-20 16:34:19,11 Ave & W 27 St,6425,E 81 St & Park Ave,7188,40.751396,-74.005226,40.77677702,-73.9590097,casual
170152,975961E12880043A,classic_bike,2021-09-24 10:49:00,2021-09-24 11:02:50,E 72 St & York Ave,6889,E 81 St & Park Ave,7188,40.76663814,-73.95348296,40.77677702,-73.9590097,member
170153,BBFC7FBD7F95EA92,classic_bike,2021-09-12 13:42:02,2021-09-12 13:51:00,E 106 St & Lexington Ave,7504,E 81 St & Park Ave,7188,40.791976,-73.945993,40.77677702,-73.9590097,member
170242,627DA61C1031A18B,classic_bike,2021-09-26 20:29:57,2021-09-26 20:34:52,E 72 St & Park Ave,6998,E 81 St & Park Ave,7188,40.77118287540658,-73.96409422159195,40.77677702,-73.9590097,member
170246,9DAD62CB5F211928,classic_bike,2021-09-09 07:18:00,2021-09-09 07:26:02,E 91 St & 2 Ave,7286,E 81 St & Park Ave,7188,40.78115276427916,-73.94963040947914,40.77677702,-73.9590097,member
170249,AEE6C0CE3E2BC9B5,classic_bike,2021-09-12 09:11:06,2021-09-12 09:29:30,1 Ave & E 39 St,6303,E 81 St & Park Ave,7188,40.74714,-73.97113,40.77677702,-73.9590097,member
170250,B383B7ED754DE0A3,classic_bike,2021-09-29 13:48:17,2021-09-29 13:52:41,E 88 St & Park Ave,7293,E 81 St & Park Ave,7188,40.781410700190015,-73.95595908164978,40.77677702,-73.9590097,member
170255,A1134914280EB813,classic_bike,2021-09-27 15:01:32,2021-09-27 15:15:23,2 Ave & E 104 St,7436,E 81 St & Park Ave,7188,40.7892105,-73.94370784,40.77677702,-73.9590097,member
170296,CB42A46632FDDE20,classic_bike,2021-09-12 13:09:41,2021-09-12 13:29:05,E 91 St & 2 Ave,7286,E 81 St & Park Ave,7188,40.78115276427916,-73.94963040947914,40.77677702,-73.9590097,casual
171047,66202C38C8FE56BC,classic_bike,2021-09-18 13:38:32,2021-09-18 14:36:39,E 81 St & Park Ave,7188,11 Ave & W 41 St,6726,40.77677702,-73.9590097,40.76030096,-73.99884222,member
171057,20A4B071D2984F9E,electric_bike,2021-09-18 13:38:30,2021-09-18 14:36:51,E 81 St & Park Ave,7188,11 Ave & W 41 St,6726,40.77677702,-73.9590097,40.76030096,-73.99884222,casual
171577,E8A9D4EFC6BD1DFC,classic_bike,2021-09-25 02:45:43,2021-09-25 02:59:46,8 Ave & W 52 St,6816,E 81 St & Park Ave,7188,40.76370739,-73.9851615,40.77677702,-73.9590097,member
171579,44C4292E5F8DFC52,classic_bike,2021-09-10 15:29:38,2021-09-10 15:44:01,W 64 St & Thelonious Monk Circle,7123,E 81 St & Park Ave,7188,40.77515953434235,-73.98918695747852,40.77677702,-73.9590097,casual
172323,9BD1DF7108262415,classic_bike,2021-09-20 07:50:23,2021-09-20 08:17:14,Madison Ave & E 82 St,7188,E 33 St & 1 Ave,6197,40.7781314,-73.96069399,40.74322681432173,-73.97449783980846,member
172765,094AB48DE0FB5294,classic_bike,2021-09-12 14:47:03,2021-09-12 15:08:01,E 81 St & Park Ave,7188,E 59 St & Madison Ave,6801,40.77677702,-73.9590097,40.76350532,-73.97109243,member
173740,E4616A32C17C0116,classic_bike,2021-09-12 14:26:21,2021-09-12 15:11:58,Madison Ave & E 82 St,7188,W 145 St & Amsterdam Ave,7997,40.7781314,-73.96069399,40.825244,-73.947257,member
173744,8ED009D10ECAAE2C,classic_bike,2021-09-10 09:06:46,2021-09-10 09:15:41,Madison Ave & E 82 St,7188,E 95 St & 3 Ave,7365,40.7781314,-73.96069399,40.7849032,-73.950503,member
176246,E8795E5A222D6406,classic_bike,2021-09-23 17:06:22,2021-09-23 17:14:41,E 81 St & Park Ave,7188,Central Park West & W 72 St,7141,40.77677702,-73.9590097,40.77579376683666,-73.9762057363987,member
177209,C8F5ED82CBBBA514,classic_bike,2021-09-21 07:48:10,2021-09-21 07:50:08,Madison Ave & E 82 St,7188,E 84 St & Park Ave,7243,40.7781314,-73.96069399,40.77862688,-73.95772073,member
177215,5B48AC78A2AF2E02,classic_bike,2021-09-12 16:35:02,2021-09-12 17:01:29,Madison Ave & E 82 St,7188,Central Park West & W 72 St,7141,40.7781314,-73.96069399,40.77579376683666,-73.9762057363987,member
177221,ACD151B2A9E2E2BF,classic_bike,2021-09-29 16:00:12,2021-09-29 16:41:38,Madison Ave & E 82 St,7188,Central Park West & W 72 St,7141,40.7781314,-73.96069399,40.77579376683666,-73.9762057363987,casual
177269,2CC1943183C13649,classic_bike,2021-09-04 17:24:10,2021-09-04 17:56:15,Madison Ave & E 82 St,7188,Central Park West & W 72 St,7141,40.7781314,-73.96069399,40.77579376683666,-73.9762057363987,casual
178708,B282EB3A1D8887F1,classic_bike,2021-09-27 08:25:19,2021-09-27 09:10:32,Madison Ave & E 82 St,7188,Amsterdam Ave & W 73 St,7260,40.7781314,-73.96069399,40.77966809007312,-73.98093044757842,member
179617,5EB6EACC1CA88184,electric_bike,2021-09-24 10:18:29,2021-09-24 10:26:17,Madison Ave & E 82 St,7188,Grand Army Plaza & Central Park S,6839,40.7781314,-73.96069399,40.7643971,-73.97371465,member
179621,D59B682C3C3A1096,classic_bike,2021-09-26 13:28:14,2021-09-26 14:42:05,Madison Ave & E 82 St,7188,Grand Army Plaza & Central Park S,6839,40.7781314,-73.96069399,40.7643971,-73.97371465,casual
179622,EDB1261DB037EAD4,classic_bike,2021-09-25 17:46:18,2021-09-25 18:08:05,Madison Ave & E 82 St,7188,Grand Army Plaza & Central Park S,6839,40.7781314,-73.96069399,40.7643971,-73.97371465,casual
179643,82AD5956416B1E7F,docked_bike,2021-09-23 15:49:29,2021-09-23 16:30:41,Madison Ave & E 82 St,7188,Grand Army Plaza & Central Park S,6839,40.778131,-73.960694,40.764397,-73.973715,casual
179649,68CE2C5A33164FFF,classic_bike,2021-09-22 07:37:46,2021-09-22 07:53:45,Madison Ave & E 82 St,7188,Grand Army Plaza & Central Park S,6839,40.7781314,-73.96069399,40.7643971,-73.97371465,member
179650,710FDBEFC64A3E2D,classic_bike,2021-09-20 08:25:59,2021-09-20 08:32:09,Madison Ave & E 82 St,7188,Grand Army Plaza & Central Park S,6839,40.7781314,-73.96069399,40.7643971,-73.97371465,member
182715,85F35970D70536EA,classic_bike,2021-09-14 14:06:01,2021-09-14 14:29:33,Madison Ave & E 82 St,7188,Amsterdam Ave & W 136 St,7920,40.7781314,-73.96069399,40.819746,-73.951819,casual
182743,CE68A630FC5367C1,classic_bike,2021-09-22 15:52:51,2021-09-22 16:31:21,Madison Ave & E 82 St,7188,Leonard St & Nassau Ave,5550,40.7781314,-73.96069399,40.7239567849954,-73.94984364509583,member
188982,358F3C33AEC9B6F7,docked_bike,2021-09-25 14:38:00,2021-09-25 14:46:15,Madison Ave & E 82 St,7188,W 89 St & Columbus Ave,7432,40.778131,-73.960694,40.788221,-73.970416,casual
188990,FAD6973379EEF6C5,electric_bike,2021-09-16 17:23:19,2021-09-16 17:53:43,Madison Ave & E 82 St,7188,E 91 St & Park Ave,7344,40.7781314,-73.96069399,40.7835016,-73.955327,casual
189076,1EE43500DFCA7B8F,classic_bike,2021-09-17 12:02:06,2021-09-17 12:06:57,Madison Ave & E 82 St,7188,E 91 St & Park Ave,7344,40.7781314,-73.96069399,40.7835016,-73.955327,member
189081,6EAEA662C03CD9AB,classic_bike,2021-09-30 11:58:22,2021-09-30 12:02:12,Madison Ave & E 82 St,7188,E 91 St & Park Ave,7344,40.7781314,-73.96069399,40.7835016,-73.955327,member
189084,D909F5AECE076388,classic_bike,2021-09-04 11:39:01,2021-09-04 12:00:10,Madison Ave & E 82 St,7188,W 89 St & Columbus Ave,7432,40.7781314,-73.96069399,40.7882213,-73.97041561,member
189086,F38586237E47EC90,electric_bike,2021-09-01 17:04:47,2021-09-01 17:12:26,Madison Ave & E 82 St,7188,W 89 St & Columbus Ave,7432,40.7781314,-73.96069399,40.7882213,-73.97041561,casual
189090,087EEE0F8C8EC474,electric_bike,2021-09-21 17:51:30,2021-09-21 17:55:16,Madison Ave & E 82 St,7188,E 91 St & Park Ave,7344,40.7781314,-73.96069399,40.7835016,-73.955327,member
189101,E96AE8A6C8D9E8BA,classic_bike,2021-09-21 12:00:40,2021-09-21 12:04:27,Madison Ave & E 82 St,7188,E 91 St & Park Ave,7344,40.7781314,-73.96069399,40.7835016,-73.955327,member
189103,39582C02EFD8510D,electric_bike,2021-09-13 13:27:10,2021-09-13 13:30:15,Madison Ave & E 82 St,7188,E 91 St & Park Ave,7344,40.7781314,-73.96069399,40.7835016,-73.955327,member
189127,E82018923D403CA8,classic_bike,2021-09-29 17:09:20,2021-09-29 17:14:48,Madison Ave & E 82 St,7188,E 91 St & Park Ave,7344,40.7781314,-73.96069399,40.7835016,-73.955327,casual
189162,BCF39A0DB3F179E0,docked_bike,2021-09-06 12:48:57,2021-09-06 14:44:45,Madison Ave & E 82 St,7188,E 91 St & Park Ave,7344,40.778131,-73.960694,40.783502,-73.955327,casual
189175,EC2AC8B9D38E3AA6,classic_bike,2021-09-25 14:40:12,2021-09-25 15:08:04,Madison Ave & E 82 St,7188,E 16 St & 5 Ave,6022,40.7781314,-73.96069399,40.73726186,-73.99238967,member
189258,B0BEF6A403128594,classic_bike,2021-09-17 10:14:49,2021-09-17 10:20:53,Madison Ave & E 82 St,7188,E 91 St & Park Ave,7344,40.7781314,-73.96069399,40.7835016,-73.955327,member
189266,9486B59867B813F0,docked_bike,2021-09-06 12:48:57,2021-09-06 14:45:08,Madison Ave & E 82 St,7188,E 91 St & Park Ave,7344,40.778131,-73.960694,40.783502,-73.955327,casual
189272,4D3DBDB700CB9B14,classic_bike,2021-09-24 23:26:40,2021-09-24 23:30:14,Madison Ave & E 82 St,7188,E 91 St & Park Ave,7344,40.7781314,-73.96069399,40.7835016,-73.955327,member
189324,7486196D2D1EE4F0,electric_bike,2021-09-22 16:06:05,2021-09-22 16:12:11,Madison Ave & E 82 St,7188,E 91 St & Park Ave,7344,40.7781314,-73.96069399,40.7835016,-73.955327,member
189828,6AABFDB4FEE7676C,classic_bike,2021-09-27 12:00:42,2021-09-27 12:05:23,Madison Ave & E 82 St,7188,E 91 St & Park Ave,7344,40.7781314,-73.96069399,40.7835016,-73.955327,member
189868,F301666AC90ED9F6,classic_bike,2021-09-13 21:38:41,2021-09-13 23:47:27,Madison Ave & E 82 St,7188,E 91 St & Park Ave,7344,40.7781314,-73.96069399,40.7835016,-73.955327,casual
189899,DACCB9259758495C,classic_bike,2021-09-24 12:02:02,2021-09-24 12:05:53,Madison Ave & E 82 St,7188,E 91 St & Park Ave,7344,40.7781314,-73.96069399,40.7835016,-73.955327,member
189907,377D4452E2ECD494,electric_bike,2021-09-17 16:09:19,2021-09-17 16:13:45,Madison Ave & E 82 St,7188,E 91 St & Park Ave,7344,40.7781314,-73.96069399,40.7835016,-73.955327,casual
190691,8DE1733CAEF9E15B,classic_bike,2021-09-26 14:01:57,2021-09-26 14:07:03,Madison Ave & E 82 St,7188,E 91 St & Park Ave,7344,40.7781314,-73.96069399,40.7835016,-73.955327,member
190749,D8C2AE4657765474,classic_bike,2021-09-06 12:39:04,2021-09-06 12:43:34,Madison Ave & E 82 St,7188,E 91 St & Park Ave,7344,40.7781314,-73.96069399,40.7835016,-73.955327,member
190842,6CEE12BF588E2374,docked_bike,2021-09-06 12:49:49,2021-09-06 14:44:57,Madison Ave & E 82 St,7188,E 91 St & Park Ave,7344,40.778131,-73.960694,40.783502,-73.955327,casual
190846,32BC94758AD21403,electric_bike,2021-09-24 21:50:17,2021-09-24 21:53:27,Madison Ave & E 82 St,7188,E 91 St & Park Ave,7344,40.7781314,-73.96069399,40.7835016,-73.955327,member
190857,4B1C10AED1CDEA1B,classic_bike,2021-09-13 21:38:52,2021-09-13 23:47:29,Madison Ave & E 82 St,7188,E 91 St & Park Ave,7344,40.7781314,-73.96069399,40.7835016,-73.955327,casual
190885,44FFFC75D3668686,classic_bike,2021-09-09 10:56:17,2021-09-09 11:00:50,Madison Ave & E 82 St,7188,E 91 St & Park Ave,7344,40.7781314,-73.96069399,40.7835016,-73.955327,member
190886,94A0E8B3BCAB43E3,classic_bike,2021-09-29 11:02:41,2021-09-29 11:07:23,Madison Ave & E 82 St,7188,E 91 St & Park Ave,7344,40.7781314,-73.96069399,40.7835016,-73.955327,member
191281,5179C481A9E9EA27,classic_bike,2021-09-09 17:23:42,2021-09-09 17:39:39,E 81 St & Park Ave,7188,E 106 St & 1 Ave,7456,40.77677702,-73.9590097,40.7892529,-73.93956237,member
191298,1196613BD7E2390F,electric_bike,2021-09-04 22:14:43,2021-09-04 22:57:58,E 81 St & Park Ave,7188,E 13 St & 2 Ave,5820,40.77677702,-73.9590097,40.73153937464073,-73.9853024482727,member
195478,4250CCE1F306440E,classic_bike,2021-09-10 16:25:41,2021-09-10 16:43:49,E 81 St & Park Ave,7188,Broadway & W 122 St,7783,40.77677702,-73.9590097,40.8120562,-73.9612547,member
196886,8F5F72EA096A2582,classic_bike,2021-09-16 09:18:11,2021-09-16 09:50:21,E 81 St & Park Ave,7188,10 Ave & W 28 St,6459,40.77677702,-73.9590097,40.75066386,-74.00176802,member
197626,454E717F4CFEFF9B,electric_bike,2021-09-08 11:00:41,2021-09-08 11:20:25,E 81 St & Park Ave,7188,10 Ave & W 28 St,6459,40.77677702,-73.9590097,40.75066386,-74.00176802,member
202819,D45332746C87792E,electric_bike,2021-09-10 16:44:06,2021-09-10 17:22:25,Madison Ave & E 82 St,7188,Allen St & Hester St,5342,40.7781314,-73.96069399,40.71605866,-73.99190759,member
203277,738D644D1C03EAE8,electric_bike,2021-09-02 19:10:36,2021-09-02 19:42:06,E 81 St & Park Ave,7188,Allen St & Hester St,5342,40.77677702,-73.9590097,40.71605866,-73.99190759,casual
206555,FD9D3B8375517721,classic_bike,2021-09-04 16:12:58,2021-09-04 16:33:54,Madison Ave & E 82 St,7188,W 54 St & 9 Ave,6920,40.7781314,-73.96069399,40.76584941,-73.98690506,casual
206564,9A28BFE601C6FBC1,electric_bike,2021-09-27 07:08:21,2021-09-27 07:18:19,Madison Ave & E 82 St,7188,W 54 St & 9 Ave,6920,40.7781314,-73.96069399,40.76584941,-73.98690506,member
206624,DBA92DC251B23026,classic_bike,2021-09-17 19:13:18,2021-09-17 19:41:26,Madison Ave & E 82 St,7188,W 54 St & 9 Ave,6920,40.7781314,-73.96069399,40.76584941,-73.98690506,casual
206691,F13264D55177A447,classic_bike,2021-09-12 22:17:03,2021-09-12 22:36:45,Madison Ave & E 82 St,7188,Lenox Ave & W 130 St,7753,40.7781314,-73.96069399,40.8107922,-73.9430681,member
206810,B5DA418BD0FFBE7E,classic_bike,2021-09-02 21:05:57,2021-09-02 21:21:30,Madison Ave & E 82 St,7188,W 54 St & 9 Ave,6920,40.7781314,-73.96069399,40.76584941,-73.98690506,member
206836,E80E41C41DA12798,electric_bike,2021-09-12 12:41:02,2021-09-12 12:55:48,Madison Ave & E 82 St,7188,W 54 St & 9 Ave,6920,40.7781314,-73.96069399,40.76584941,-73.98690506,casual
207518,F7C7999BB9ECAE6C,classic_bike,2021-09-25 17:11:09,2021-09-25 17:28:44,E 81 St & Park Ave,7188,W 54 St & 9 Ave,6920,40.77677702,-73.9590097,40.76584941,-73.98690506,casual
207582,4F90B5DAD1EA81C3,classic_bike,2021-09-13 21:12:59,2021-09-13 21:29:02,E 81 St & Park Ave,7188,W 54 St & 9 Ave,6920,40.77677702,-73.9590097,40.76584941,-73.98690506,casual
207649,951DAAB3630B5379,classic_bike,2021-09-16 18:24:16,2021-09-16 18:58:45,W 27 St & 7 Ave,6247,Madison Ave & E 82 St,7188,40.746647,-73.993915,40.7781314,-73.96069399,member
207658,A56F0A5616C99C84,classic_bike,2021-09-03 10:24:32,2021-09-03 10:28:55,E 88 St & Park Ave,7293,Madison Ave & E 82 St,7188,40.781410700190015,-73.95595908164978,40.7781314,-73.96069399,member
207659,280273C2C37298FD,classic_bike,2021-09-25 19:30:41,2021-09-25 20:12:39,E 72 St & Park Ave,6998,Madison Ave & E 82 St,7188,40.77118287540658,-73.96409422159195,40.7781314,-73.96069399,casual
207669,450AA49B03010ADC,electric_bike,2021-09-02 09:27:18,2021-09-02 09:39:58,W 47 St & 10 Ave,6824,Madison Ave & E 82 St,7188,40.76269882,-73.99301222,40.7781314,-73.96069399,member
207683,E91579B3E73B8935,classic_bike,2021-09-04 17:11:58,2021-09-04 17:26:02,E 89 St & York Ave,7204,Madison Ave & E 82 St,7188,40.7779453,-73.946041,40.7781314,-73.96069399,member
207713,B637B29A7D41F394,classic_bike,2021-09-25 15:01:11,2021-09-25 15:51:45,Washington St & Gansevoort St,6039,Madison Ave & E 82 St,7188,40.739323,-74.008119,40.7781314,-73.96069399,member
207720,E29A03CB9BFA5BD4,classic_bike,2021-09-24 09:37:15,2021-09-24 10:18:15,Washington St & Gansevoort St,6039,Madison Ave & E 82 St,7188,40.739323,-74.008119,40.7781314,-73.96069399,casual
207770,A4678FD039FEDB08,classic_bike,2021-09-17 13:18:02,2021-09-17 13:40:14,Broadway & W 56 St,6847,Madison Ave & E 82 St,7188,40.7652654,-73.98192338,40.7781314,-73.96069399,member
207836,ECD5495747CD1B76,electric_bike,2021-09-20 15:22:35,2021-09-20 15:33:42,E 68 St & 3 Ave,6896,Madison Ave & E 82 St,7188,40.76712840349542,-73.96224617958069,40.7781314,-73.96069399,casual
207839,5B9D078FD96BD7A7,classic_bike,2021-09-25 17:11:10,2021-09-25 17:28:39,E 81 St & Park Ave,7188,W 54 St & 9 Ave,6920,40.77677702,-73.9590097,40.76584941,-73.98690506,casual
207850,A0DF3BCB0E385ED1,classic_bike,2021-09-03 13:08:46,2021-09-03 13:21:55,7 Ave & Central Park South,6912,Madison Ave & E 82 St,7188,40.7667405590595,-73.9790689945221,40.7781314,-73.96069399,member
207877,AE65F7C96A074F94,classic_bike,2021-09-13 07:38:03,2021-09-13 08:01:56,W 95 St & Broadway,7541,Madison Ave & E 82 St,7188,40.7937704,-73.971888,40.7781314,-73.96069399,casual
207879,78E708B7AD2BF275,electric_bike,2021-09-11 16:30:23,2021-09-11 16:43:25,Central Park West & W 76 St,7253,Madison Ave & E 82 St,7188,40.77896784,-73.97374737,40.7781314,-73.96069399,casual
207905,BBF7420E44237A04,classic_bike,2021-09-12 11:53:09,2021-09-12 12:11:01,E 88 St & 1 Ave,7235,Madison Ave & E 82 St,7188,40.778301,-73.9488134,40.7781314,-73.96069399,member
207942,4F24EDA47292D0BE,electric_bike,2021-09-11 17:47:42,2021-09-11 18:20:58,W Broadway & W Houston St,5644,Madison Ave & E 82 St,7188,40.726378,-74.000472,40.7781314,-73.96069399,casual
207970,09B4F19C864EBB94,classic_bike,2021-09-26 18:08:21,2021-09-26 18:12:04,E 81 St & Park Ave,7188,Madison Ave & E 82 St,7188,40.77677702,-73.9590097,40.7781314,-73.96069399,casual
207971,6D2C2C7D10EF5174,classic_bike,2021-09-28 23:29:55,2021-09-28 23:30:52,E 81 St & Park Ave,7188,Madison Ave & E 82 St,7188,40.77677702,-73.9590097,40.7781314,-73.96069399,member
207973,826AF8E79CAEE0EA,classic_bike,2021-09-14 13:36:48,2021-09-14 13:51:46,Columbus Ave & W 95 St,7520,Madison Ave & E 82 St,7188,40.7919557,-73.968087,40.7781314,-73.96069399,casual
207974,C5BE625AC03029CD,electric_bike,2021-09-17 18:14:34,2021-09-17 18:24:49,W 100 St & Manhattan Ave,7538,Madison Ave & E 82 St,7188,40.795,-73.9645,40.7781314,-73.96069399,member
207975,4659AA523EFF9034,classic_bike,2021-09-11 13:36:32,2021-09-11 13:52:03,Columbus Ave & W 72 St,7175,Madison Ave & E 82 St,7188,40.7770575,-73.97898475,40.7781314,-73.96069399,member
207980,60F2E49FE9E229AC,classic_bike,2021-09-05 13:49:24,2021-09-05 13:56:54,Columbus Ave & W 72 St,7175,Madison Ave & E 82 St,7188,40.7770575,-73.97898475,40.7781314,-73.96069399,member
207982,FD1DD36F56533C03,classic_bike,2021-09-10 10:17:49,2021-09-10 10:41:02,2 Ave & E 31 St,6197,Madison Ave & E 82 St,7188,40.74290902,-73.97706058,40.7781314,-73.96069399,member
207983,D7C3574B463DB872,classic_bike,2021-09-07 12:39:22,2021-09-07 13:09:43,E 47 St & Park Ave,6584,Madison Ave & E 82 St,7188,40.75510267,-73.97498696,40.7781314,-73.96069399,member
207991,98EA6FBF850EADA7,classic_bike,2021-09-18 17:20:24,2021-09-18 17:40:20,W 100 St & Manhattan Ave,7538,Madison Ave & E 82 St,7188,40.795,-73.9645,40.7781314,-73.96069399,member
208007,9349865383DA82F3,classic_bike,2021-09-17 22:17:57,2021-09-17 22:33:17,Columbus Ave & W 72 St,7175,Madison Ave & E 82 St,7188,40.7770575,-73.97898475,40.7781314,-73.96069399,casual
208021,E2BDA7CBF0FD8A00,classic_bike,2021-09-21 17:21:04,2021-09-21 17:38:00,W 52 St & 6 Ave,6740,Madison Ave & E 82 St,7188,40.76132983124814,-73.97982001304626,40.7781314,-73.96069399,member
208030,0C7F8BB184F97529,electric_bike,2021-09-23 15:51:54,2021-09-23 16:02:49,5 Ave & E 72 St,7100,Madison Ave & E 82 St,7188,40.77282817,-73.96685276,40.7781314,-73.96069399,casual
208044,C34B5CBE8482D509,classic_bike,2021-09-18 17:22:35,2021-09-18 17:58:37,Central Park S & 6 Ave,6876,Madison Ave & E 82 St,7188,40.76590936,-73.97634151,40.7781314,-73.96069399,casual
208057,D348C9A2388EEE25,classic_bike,2021-09-17 12:33:05,2021-09-17 13:56:03,Central Park S & 6 Ave,6876,Madison Ave & E 82 St,7188,40.76590936,-73.97634151,40.7781314,-73.96069399,casual
208058,8D6D1895BE82C3BC,classic_bike,2021-09-20 06:17:07,2021-09-20 06:40:03,E 20 St & FDR Drive,5886,Madison Ave & E 82 St,7188,40.73314259,-73.97573881,40.7781314,-73.96069399,casual
208073,8607BDD51AB0BB12,classic_bike,2021-09-12 06:38:19,2021-09-12 06:46:36,3 Ave & E 62 St,6762,Madison Ave & E 82 St,7188,40.76312584,-73.96526895,40.7781314,-73.96069399,member
208079,E6F7487957F29A20,electric_bike,2021-09-27 10:45:12,2021-09-27 10:54:39,3 Ave & E 62 St,6762,Madison Ave & E 82 St,7188,40.76312584,-73.96526895,40.7781314,-73.96069399,member
208085,5C2E033D5BEA58E0,classic_bike,2021-09-26 15:19:16,2021-09-26 15:49:56,E 55 St & 2 Ave,6650,Madison Ave & E 82 St,7188,40.75797322,-73.96603308,40.7781314,-73.96069399,casual
208119,FE3622F9B67E9A0B,electric_bike,2021-09-11 13:05:33,2021-09-11 13:13:57,E 53 St & Lexington Ave,6617,Madison Ave & E 82 St,7188,40.75828065,-73.97069431,40.7781314,-73.96069399,member
208144,5C2D33AA2A4CEE62,electric_bike,2021-09-23 23:16:49,2021-09-23 23:22:58,Columbus Ave & W 72 St,7175,Madison Ave & E 82 St,7188,40.7770575,-73.97898475,40.7781314,-73.96069399,member
208145,9025C2E377E28C2B,electric_bike,2021-09-21 23:17:55,2021-09-21 23:24:23,Columbus Ave & W 72 St,7175,Madison Ave & E 82 St,7188,40.7770575,-73.97898475,40.7781314,-73.96069399,member
208175,3EFAF155AB314F00,classic_bike,2021-09-16 12:45:17,2021-09-16 12:50:00,E 88 St & Park Ave,7293,Madison Ave & E 82 St,7188,40.781410700190015,-73.95595908164978,40.7781314,-73.96069399,member
208176,059EEF1660BB5EFA,classic_bike,2021-09-17 23:53:30,2021-09-17 23:57:36,E 72 St & Park Ave,6998,Madison Ave & E 82 St,7188,40.77118287540658,-73.96409422159195,40.7781314,-73.96069399,member
208235,45421E9970BBF429,classic_bike,2021-09-21 17:29:17,2021-09-21 17:54:59,E 30 St & Park Ave S,6206,Madison Ave & E 82 St,7188,40.74444921,-73.98303529,40.7781314,-73.96069399,member
208253,7B29B1AF2478713B,classic_bike,2021-09-27 12:50:34,2021-09-27 12:52:15,Madison Ave & E 82 St,7188,Madison Ave & E 82 St,7188,40.7781314,-73.96069399,40.7781314,-73.96069399,casual
208259,72E5DC3CA281175C,docked_bike,2021-09-14 14:35:00,2021-09-14 14:54:57,Madison Ave & E 82 St,7188,Madison Ave & E 82 St,7188,40.778131,-73.960694,40.778131,-73.960694,casual
208262,F430F3E2D4B2FDB3,electric_bike,2021-09-17 16:15:43,2021-09-17 16:56:19,Edgecombe Ave & W 145 St,7976,Madison Ave & E 82 St,7188,40.823498,-73.94386,40.7781314,-73.96069399,member
208272,1D28C36D7D9ED0C2,classic_bike,2021-09-12 14:56:07,2021-09-12 15:39:07,Central Park West & W 68 St,7079,Madison Ave & E 82 St,7188,40.7734066,-73.97782542,40.7781314,-73.96069399,member
208283,C35C20FC416B8DA1,classic_bike,2021-09-21 12:45:43,2021-09-21 12:47:02,Madison Ave & E 82 St,7188,Madison Ave & E 82 St,7188,40.7781314,-73.96069399,40.7781314,-73.96069399,member
208304,9FEC880E2A61D0C2,electric_bike,2021-09-14 06:24:31,2021-09-14 06:35:03,Amsterdam Ave & W 73 St,7260,Madison Ave & E 82 St,7188,40.77966809007312,-73.98093044757842,40.7781314,-73.96069399,casual
208334,15796E805D2A3C90,classic_bike,2021-09-14 20:08:05,2021-09-14 20:18:31,Amsterdam Ave & W 73 St,7260,Madison Ave & E 82 St,7188,40.77966809007312,-73.98093044757842,40.7781314,-73.96069399,casual
208359,7B2FED49F0730906,classic_bike,2021-09-07 15:41:00,2021-09-07 16:01:38,5 Ave & E 78 St,7161,Madison Ave & E 82 St,7188,40.77632142182271,-73.96427392959595,40.7781314,-73.96069399,member
208385,3049F39C2D2FE047,electric_bike,2021-09-22 10:47:14,2021-09-22 10:50:53,E 85 St & 3 Ave,7212,Madison Ave & E 82 St,7188,40.77801203,-73.95407149,40.7781314,-73.96069399,member
208389,43B44305C8DE2A3B,electric_bike,2021-09-03 10:10:28,2021-09-03 10:14:59,E 85 St & 3 Ave,7212,Madison Ave & E 82 St,7188,40.77801203,-73.95407149,40.7781314,-73.96069399,member
208390,8A725D460FF9C943,electric_bike,2021-09-30 11:42:47,2021-09-30 11:47:41,E 85 St & 3 Ave,7212,Madison Ave & E 82 St,7188,40.77801203,-73.95407149,40.7781314,-73.96069399,member
208391,EC0203933B1979E7,electric_bike,2021-09-30 09:25:02,2021-09-30 09:30:01,E 85 St & 3 Ave,7212,Madison Ave & E 82 St,7188,40.77801203,-73.95407149,40.7781314,-73.96069399,member
208392,4A7F36AC3B2D7B2D,classic_bike,2021-09-27 09:36:52,2021-09-27 09:45:39,E 85 St & 3 Ave,7212,Madison Ave & E 82 St,7188,40.77801203,-73.95407149,40.7781314,-73.96069399,member
208395,3BDD0C3ACC9C6798,electric_bike,2021-09-15 07:00:32,2021-09-15 07:11:16,Park Ave & E 124 St,7682,Madison Ave & E 82 St,7188,40.8045555,-73.9396861,40.7781314,-73.96069399,member
208418,B60293356FB266C9,classic_bike,2021-09-23 07:34:07,2021-09-23 08:09:40,Park Ave & E 124 St,7682,Madison Ave & E 82 St,7188,40.8045555,-73.9396861,40.7781314,-73.96069399,member
208419,91D2EBC7DC1B5928,classic_bike,2021-09-11 10:48:36,2021-09-11 10:54:53,W 87 St & Amsterdam Ave,7458,Madison Ave & E 82 St,7188,40.78839,-73.9747,40.7781314,-73.96069399,member
208459,4F3AAA1BA009D3C1,classic_bike,2021-09-25 12:52:23,2021-09-25 13:23:53,E 59 St & Madison Ave,6801,Madison Ave & E 82 St,7188,40.76350532,-73.97109243,40.7781314,-73.96069399,casual
208553,986B7DCB2CD21A2D,classic_bike,2021-09-15 07:12:03,2021-09-15 07:32:58,W 64 St & Thelonious Monk Circle,7123,Madison Ave & E 82 St,7188,40.77515953434235,-73.98918695747852,40.7781314,-73.96069399,member
208638,392F4EE30B93095C,electric_bike,2021-09-06 12:43:49,2021-09-06 13:27:02,W 4 St & 7 Ave S,5880,Madison Ave & E 82 St,7188,40.73401143,-74.00293877,40.7781314,-73.96069399,member
208697,EF972DBE6AF33D50,classic_bike,2021-09-16 09:45:27,2021-09-16 10:20:47,6 Ave & W 33 St,6364,Madison Ave & E 82 St,7188,40.74901271,-73.98848395,40.7781314,-73.96069399,casual
208724,1722666D0CA771A5,classic_bike,2021-09-15 08:28:57,2021-09-15 08:57:53,St Nicholas Ave & W 150 St,8013,Madison Ave & E 82 St,7188,40.827212,-73.942722,40.7781314,-73.96069399,member
208744,AB954EABEFFDABA0,classic_bike,2021-09-24 14:50:00,2021-09-24 14:52:59,E 81 St & 3 Ave,7154,Madison Ave & E 82 St,7188,40.77573034,-73.9567526,40.7781314,-73.96069399,member
208797,6E3341CFCCD796D8,classic_bike,2021-09-03 17:07:23,2021-09-03 17:45:01,E 3 St & 1 Ave,5553,Madison Ave & E 82 St,7188,40.72467721,-73.98783413,40.7781314,-73.96069399,member
208799,0DA38F20C0AA20E7,classic_bike,2021-09-19 07:47:16,2021-09-19 07:52:33,1 Ave & E 78 St,7020,Madison Ave & E 82 St,7188,40.77140426,-73.9535166,40.7781314,-73.96069399,member
208800,1504678AE3C4C6C0,classic_bike,2021-09-04 13:48:31,2021-09-04 13:56:55,1 Ave & E 78 St,7020,Madison Ave & E 82 St,7188,40.77140426,-73.9535166,40.7781314,-73.96069399,member
208845,3A7FD5C1003119DF,classic_bike,2021-09-18 19:00:41,2021-09-18 19:16:19,5 Ave & E 103 St,7511,Madison Ave & E 82 St,7188,40.7922553,-73.95249933,40.7781314,-73.96069399,member
208855,484FFDC280B7D77A,classic_bike,2021-09-26 15:47:10,2021-09-26 16:19:47,W 26 St & 8 Ave,6297,Madison Ave & E 82 St,7188,40.74734825,-73.99723551,40.7781314,-73.96069399,member
208861,FE4548937A527C2A,classic_bike,2021-09-20 06:36:48,2021-09-20 07:04:06,W 47 St & 6 Ave,6667,Madison Ave & E 82 St,7188,40.758397,-73.98255,40.7781314,-73.96069399,member
208887,07A24DE0515CEBB0,classic_bike,2021-09-19 14:07:50,2021-09-19 14:16:53,East End Ave & E 86 St,7113,Madison Ave & E 82 St,7188,40.77518615,-73.94446054,40.7781314,-73.96069399,member
208954,4C29F9CC770E8A03,classic_bike,2021-09-24 16:42:16,2021-09-24 17:05:00,E 53 St & Madison Ave,6659,Madison Ave & E 82 St,7188,40.7597108,-73.97402311,40.7781314,-73.96069399,casual
208955,6DAD5A6878C4B5F8,classic_bike,2021-09-24 16:42:05,2021-09-24 17:05:27,E 53 St & Madison Ave,6659,Madison Ave & E 82 St,7188,40.7597108,-73.97402311,40.7781314,-73.96069399,casual
208962,67D53A7940A925D5,electric_bike,2021-09-20 08:25:49,2021-09-20 08:34:15,Central Park West & W 72 St,7141,Madison Ave & E 82 St,7188,40.77579376683666,-73.9762057363987,40.7781314,-73.96069399,member
208970,4555A36880685103,classic_bike,2021-09-03 17:38:11,2021-09-03 20:27:25,E 84 St & Park Ave,7243,Madison Ave & E 82 St,7188,40.77862688,-73.95772073,40.7781314,-73.96069399,casual
208972,1D9871D893D3B791,classic_bike,2021-09-18 11:05:43,2021-09-18 13:29:15,Central Park West & W 72 St,7141,Madison Ave & E 82 St,7188,40.77579376683666,-73.9762057363987,40.7781314,-73.96069399,casual
208973,B3C7F6819A167262,classic_bike,2021-09-11 12:41:46,2021-09-11 13:21:25,Central Park West & W 72 St,7141,Madison Ave & E 82 St,7188,40.77579376683666,-73.9762057363987,40.7781314,-73.96069399,casual
208979,EEBC2D4B113D486A,classic_bike,2021-09-25 17:29:42,2021-09-25 17:32:51,E 84 St & Park Ave,7243,Madison Ave & E 82 St,7188,40.77862688,-73.95772073,40.7781314,-73.96069399,member
208984,1D96AECA58820C52,classic_bike,2021-09-18 17:20:21,2021-09-18 18:16:24,Central Park West & W 72 St,7141,Madison Ave & E 82 St,7188,40.77579376683666,-73.9762057363987,40.7781314,-73.96069399,casual
209001,E986DAEED23BE67C,classic_bike,2021-09-16 16:31:18,2021-09-16 16:41:43,Central Park West & W 72 St,7141,Madison Ave & E 82 St,7188,40.77579376683666,-73.9762057363987,40.7781314,-73.96069399,member
209020,DF2F0BEFA4E6BEB1,classic_bike,2021-09-11 11:10:40,2021-09-11 11:51:35,Frederick Douglass Blvd & W 112 St,7631,Madison Ave & E 82 St,7188,40.801694,-73.957145,40.7781314,-73.96069399,member
209035,FA5AE1C02452A8E7,classic_bike,2021-09-27 14:59:44,2021-09-27 15:05:36,E 66 St & Madison Ave,6969,Madison Ave & E 82 St,7188,40.76800889305947,-73.96845281124115,40.7781314,-73.96069399,member
209040,2F73DBF5D5B1F799,classic_bike,2021-09-17 15:02:53,2021-09-17 15:21:13,E 66 St & Madison Ave,6969,Madison Ave & E 82 St,7188,40.76800889305947,-73.96845281124115,40.7781314,-73.96069399,casual
209043,1E3FDA6936522D69,classic_bike,2021-09-03 13:50:17,2021-09-03 13:57:23,E 66 St & Madison Ave,6969,Madison Ave & E 82 St,7188,40.76800889305947,-73.96845281124115,40.7781314,-73.96069399,member
209057,881047E8CB95CE61,classic_bike,2021-09-25 16:44:52,2021-09-25 17:01:45,E 40 St & 5 Ave,6474,Madison Ave & E 82 St,7188,40.752062307,-73.9816324043,40.7781314,-73.96069399,member
209073,92F91DECD5C5CFA9,classic_bike,2021-09-21 08:30:20,2021-09-21 08:41:28,E 72 St & York Ave,6889,Madison Ave & E 82 St,7188,40.76663814,-73.95348296,40.7781314,-73.96069399,member
209122,69897DDD42518D09,classic_bike,2021-09-20 20:09:56,2021-09-20 20:28:01,W 116 St & Amsterdam Ave,7692,Madison Ave & E 82 St,7188,40.8067581,-73.9607082,40.7781314,-73.96069399,member
209125,F4A22403B9EAA4E4,classic_bike,2021-09-04 16:13:55,2021-09-04 16:41:32,W 63 St & Broadway,7052,Madison Ave & E 82 St,7188,40.77163851,-73.98261428,40.7781314,-73.96069399,casual
209144,5FFDA49160D9670F,electric_bike,2021-09-16 14:07:50,2021-09-16 14:22:58,W 31 St & 7 Ave,6331,Madison Ave & E 82 St,7188,40.749156,-73.9916,40.7781314,-73.96069399,member
209256,2110E88A52F9F68C,classic_bike,2021-09-11 16:01:32,2021-09-11 16:30:32,Central Park West & W 76 St,7253,Madison Ave & E 82 St,7188,40.77896784,-73.97374737,40.7781314,-73.96069399,casual
209257,E84D7856AF5543F2,classic_bike,2021-09-03 13:06:43,2021-09-03 13:37:37,W 95 St & Broadway,7541,Madison Ave & E 82 St,7188,40.7937704,-73.971888,40.7781314,-73.96069399,casual
209268,A7D85F9124D1372D,classic_bike,2021-09-11 11:14:20,2021-09-11 11:40:26,Central Park West & W 76 St,7253,Madison Ave & E 82 St,7188,40.77896784,-73.97374737,40.7781314,-73.96069399,casual
209282,087D862AADC65123,classic_bike,2021-09-22 17:27:34,2021-09-22 17:40:48,E 48 St & 3 Ave,6541,Madison Ave & E 82 St,7188,40.7546011026,-73.971878855,40.7781314,-73.96069399,member
209292,07DE47FA54DEF057,classic_bike,2021-09-24 14:53:26,2021-09-24 15:12:08,E 58 St & 1 Ave (NW Corner),6723,Madison Ave & E 82 St,7188,40.759125,-73.962658,40.7781314,-73.96069399,member
209295,CC57BC5C82F85831,classic_bike,2021-09-23 07:57:23,2021-09-23 08:08:19,W 95 St & Broadway,7541,Madison Ave & E 82 St,7188,40.7937704,-73.971888,40.7781314,-73.96069399,member
209297,8E568C3A6374C42C,classic_bike,2021-09-29 07:51:15,2021-09-29 08:01:35,W 95 St & Broadway,7541,Madison Ave & E 82 St,7188,40.7937704,-73.971888,40.7781314,-73.96069399,member
209316,32FEE1BE12569B34,classic_bike,2021-09-22 11:29:50,2021-09-22 11:36:47,Central Park West & W 76 St,7253,Madison Ave & E 82 St,7188,40.77896784,-73.97374737,40.7781314,-73.96069399,member
209332,5F3EE1A038E4FC6F,classic_bike,2021-09-26 13:52:46,2021-09-26 13:58:30,E 81 St & 2 Ave,7121,Madison Ave & E 82 St,7188,40.77477944895728,-73.95427465438843,40.7781314,-73.96069399,casual
209337,B982F4A6202F8D3C,classic_bike,2021-09-15 12:27:26,2021-09-15 12:35:46,E 81 St & 2 Ave,7121,Madison Ave & E 82 St,7188,40.77477944895728,-73.95427465438843,40.7781314,-73.96069399,member
209345,15905A85B305334C,classic_bike,2021-09-21 09:24:33,2021-09-21 09:42:56,6 Ave & W 45 St,6593,Madison Ave & E 82 St,7188,40.756951,-73.982631,40.7781314,-73.96069399,casual
209352,1A19E9F5F8A24160,classic_bike,2021-09-18 12:40:16,2021-09-18 14:06:37,Market St & Henry St,5270,Madison Ave & E 82 St,7188,40.71310702305908,-73.99446353316307,40.7781314,-73.96069399,casual
209353,C83FDC0392B6DFFB,classic_bike,2021-09-25 16:11:31,2021-09-25 17:11:55,6 Ave & W 45 St,6593,Madison Ave & E 82 St,7188,40.756951,-73.982631,40.7781314,-73.96069399,casual
209354,589D0CE775A5FFE5,classic_bike,2021-09-30 18:10:14,2021-09-30 18:46:14,E 81 St & 2 Ave,7121,Madison Ave & E 82 St,7188,40.77477944895728,-73.95427465438843,40.7781314,-73.96069399,casual
209355,50FD5BE7603E751D,classic_bike,2021-09-19 16:05:43,2021-09-19 16:29:17,6 Ave & W 45 St,6593,Madison Ave & E 82 St,7188,40.756951,-73.982631,40.7781314,-73.96069399,casual
209358,7DE50ED457FD489A,electric_bike,2021-09-10 11:42:10,2021-09-10 11:56:02,6 Ave & W 45 St,6593,Madison Ave & E 82 St,7188,40.756951,-73.982631,40.7781314,-73.96069399,casual
209380,00E8C6641BDCB24D,classic_bike,2021-09-26 10:07:57,2021-09-26 10:52:22,Greenwich St & Perry St,5922,Madison Ave & E 82 St,7188,40.73498,-74.00697,40.7781314,-73.96069399,casual
209423,014E462650F34501,classic_bike,2021-09-25 16:26:54,2021-09-25 17:49:09,Fulton St & William St,5137,Madison Ave & E 82 St,7188,40.70960089363537,-74.00655090808868,40.7781314,-73.96069399,casual
209451,AAF5BA8E638D31D3,electric_bike,2021-09-02 11:16:23,2021-09-02 11:40:27,Riverside Blvd & W 67 St,7183,Madison Ave & E 82 St,7188,40.777507027547976,-73.98888587951659,40.7781314,-73.96069399,member
209452,81A3C3D5DADA158F,classic_bike,2021-09-02 11:09:01,2021-09-02 11:24:44,1 Ave & E 68 St,6822,Madison Ave & E 82 St,7188,40.76500525,-73.95818491,40.7781314,-73.96069399,member
209481,465C7D226DE679C6,electric_bike,2021-09-16 16:46:53,2021-09-16 17:00:51,W 54 St & 9 Ave,6920,Madison Ave & E 82 St,7188,40.76584941,-73.98690506,40.7781314,-73.96069399,member
209488,62761DBE00D718C3,classic_bike,2021-09-19 12:40:53,2021-09-19 12:53:41,E 81 St & Park Ave,7188,Central Park West & W 68 St,7079,40.77677702,-73.9590097,40.7734066,-73.97782542,member
209498,79A827A3E27C9ED3,classic_bike,2021-09-07 16:24:54,2021-09-07 16:28:15,E 81 St & Park Ave,7188,Madison Ave & E 82 St,7188,40.77677702,-73.9590097,40.7781314,-73.96069399,member
209518,3FD3B2C53669D666,classic_bike,2021-09-12 14:18:47,2021-09-12 14:24:39,E 81 St & Park Ave,7188,Madison Ave & E 82 St,7188,40.77677702,-73.9590097,40.7781314,-73.96069399,member
209519,448B5614727414CC,electric_bike,2021-09-10 08:32:34,2021-09-10 08:53:00,E 81 St & Park Ave,7188,E 32 St & Park Ave,6280,40.77677702,-73.9590097,40.7457121,-73.98194829,member
209522,EF343F87B6651100,classic_bike,2021-09-13 08:13:59,2021-09-13 08:25:37,E 81 St & Park Ave,7188,Central Park West & W 68 St,7079,40.77677702,-73.9590097,40.7734066,-73.97782542,member
209530,08195B6D658BA97F,classic_bike,2021-09-24 12:48:26,2021-09-24 16:24:50,Murray St & West St,5329,Madison Ave & E 82 St,7188,40.7149787,-74.013012,40.7781314,-73.96069399,casual
209539,22672EA802C108E4,classic_bike,2021-09-25 16:25:48,2021-09-25 17:49:15,Fulton St & William St,5137,Madison Ave & E 82 St,7188,40.70960089363537,-74.00655090808868,40.7781314,-73.96069399,casual
209551,51AAB30F5D22454D,classic_bike,2021-09-18 08:41:51,2021-09-18 09:51:42,7 Ave & Central Park South,6912,Madison Ave & E 82 St,7188,40.7667405590595,-73.9790689945221,40.7781314,-73.96069399,casual
209586,6BB9DFF573475879,electric_bike,2021-09-15 09:49:02,2021-09-15 09:58:27,E 81 St & Park Ave,7188,W 67 St & Broadway,7116,40.77677702,-73.9590097,40.77492513,-73.98266566,member
209588,E104461904A4CC18,classic_bike,2021-09-07 16:52:21,2021-09-07 16:53:45,E 81 St & Park Ave,7188,Madison Ave & E 82 St,7188,40.77677702,-73.9590097,40.7781314,-73.96069399,member
209590,4EDDAE609C443BD1,classic_bike,2021-09-18 14:23:19,2021-09-18 14:56:20,7 Ave & Central Park South,6912,Madison Ave & E 82 St,7188,40.7667405590595,-73.9790689945221,40.7781314,-73.96069399,member
209599,54462502E81A226D,electric_bike,2021-09-16 19:19:50,2021-09-16 19:42:17,Broadway & E 14 St,5905,Madison Ave & E 82 St,7188,40.73454567,-73.99074142,40.7781314,-73.96069399,member
209608,A04056E487DB1545,classic_bike,2021-09-18 16:33:06,2021-09-18 16:59:13,7 Ave & Central Park South,6912,Madison Ave & E 82 St,7188,40.7667405590595,-73.9790689945221,40.7781314,-73.96069399,casual
209612,C13184E94B3CE876,classic_bike,2021-09-20 15:20:42,2021-09-20 15:42:43,E 102 St & Park Ave,7488,Madison Ave & E 82 St,7188,40.7904828,-73.95033068,40.7781314,-73.96069399,casual
209614,E510870CEACDCE20,classic_bike,2021-09-12 08:38:36,2021-09-12 09:11:07,Rivington St & Ridge St,5406,Madison Ave & E 82 St,7188,40.71850211,-73.98329859,40.7781314,-73.96069399,member
209619,0CDA4DFB0AE2108E,electric_bike,2021-09-02 09:23:49,2021-09-02 09:38:54,E 44 St & Lexington Ave,6464,Madison Ave & E 82 St,7188,40.752643,-73.974996,40.7781314,-73.96069399,member
209620,A2450FE12DA3BBA9,classic_bike,2021-09-09 17:48:20,2021-09-09 18:09:05,E 44 St & Lexington Ave,6464,Madison Ave & E 82 St,7188,40.752643,-73.974996,40.7781314,-73.96069399,member
209650,427644BE821E67A7,electric_bike,2021-09-24 11:24:56,2021-09-24 12:10:02,7 Ave & Central Park South,6912,Madison Ave & E 82 St,7188,40.7667405590595,-73.9790689945221,40.7781314,-73.96069399,casual
209664,91940DAAD7C73688,classic_bike,2021-09-17 16:03:23,2021-09-17 16:16:30,7 Ave & Central Park South,6912,Madison Ave & E 82 St,7188,40.7667405590595,-73.9790689945221,40.7781314,-73.96069399,member
209674,76BB1F14F21B6A60,electric_bike,2021-09-24 17:46:57,2021-09-24 18:14:17,St Nicholas Ave & Manhattan Ave,7723,Madison Ave & E 82 St,7188,40.809725,-73.953149,40.7781314,-73.96069399,member
209678,CA6BAC500069F04A,classic_bike,2021-09-14 18:53:52,2021-09-14 19:02:39,7 Ave & Central Park South,6912,Madison Ave & E 82 St,7188,40.7667405590595,-73.9790689945221,40.7781314,-73.96069399,member
209686,15025FA4A78BF4C5,docked_bike,2021-09-19 18:27:18,2021-09-19 18:44:12,7 Ave & Central Park South,6912,Madison Ave & E 82 St,7188,40.766741,-73.979069,40.778131,-73.960694,casual
209723,98DBB970CEEC2504,classic_bike,2021-09-24 16:54:39,2021-09-24 17:08:40,7 Ave & Central Park South,6912,Madison Ave & E 82 St,7188,40.7667405590595,-73.9790689945221,40.7781314,-73.96069399,member
209748,6DC8919626BF4F86,electric_bike,2021-09-25 13:49:12,2021-09-25 14:02:29,Central Park S & 6 Ave,6876,Madison Ave & E 82 St,7188,40.76590936,-73.97634151,40.7781314,-73.96069399,member
209764,5B6729B6DE1ED1E2,electric_bike,2021-09-25 07:59:02,2021-09-25 08:27:01,6 Ave & W 34 St,6364,Madison Ave & E 82 St,7188,40.74964,-73.98805,40.7781314,-73.96069399,casual
209765,930C30E024F356A5,classic_bike,2021-09-18 22:42:56,2021-09-18 23:20:56,Cleveland Pl & Spring St,5492,Madison Ave & E 82 St,7188,40.722103786686034,-73.99724900722504,40.7781314,-73.96069399,casual
209766,F07E334D5EE4B487,electric_bike,2021-09-21 14:14:40,2021-09-21 14:34:27,Broadway & W 53 St,6779,Madison Ave & E 82 St,7188,40.76344058,-73.98268129,40.7781314,-73.96069399,member
209767,6ED9E7BD211956DE,classic_bike,2021-09-26 14:52:03,2021-09-26 15:25:17,W 41 St & 8 Ave,6602,Madison Ave & E 82 St,7188,40.75640548,-73.9900262,40.7781314,-73.96069399,casual
209800,11425F2ADF5649B3,classic_bike,2021-09-25 17:14:28,2021-09-25 17:31:47,West End Ave & W 107 St,7650,Madison Ave & E 82 St,7188,40.8021174,-73.9681805305,40.7781314,-73.96069399,member
209804,10B9D8BE2ABD3F92,classic_bike,2021-09-12 12:10:23,2021-09-12 12:22:57,3 Ave & E 62 St,6762,Madison Ave & E 82 St,7188,40.76312584,-73.96526895,40.7781314,-73.96069399,member
209809,DAA6280C526D3435,electric_bike,2021-09-16 16:11:18,2021-09-16 16:43:57,Allen St & Stanton St,5484,Madison Ave & E 82 St,7188,40.722055,-73.989111,40.7781314,-73.96069399,member
209827,EAA3260D64EBE5D5,classic_bike,2021-09-08 17:45:04,2021-09-08 18:15:47,West End Ave & W 60 St,7059,Madison Ave & E 82 St,7188,40.77237,-73.99005,40.7781314,-73.96069399,member
209859,EF97596F2E671FC7,classic_bike,2021-09-19 09:47:12,2021-09-19 10:21:41,Lexington Ave & E 24 St,6089,Madison Ave & E 82 St,7188,40.74025878,-73.98409214,40.7781314,-73.96069399,casual
209880,3929EDF1340B343B,electric_bike,2021-09-22 04:36:07,2021-09-22 05:40:27,Bergen Ave & E 152 St,7858,Madison Ave & E 82 St,7188,40.817166,-73.914737,40.7781314,-73.96069399,member
209902,F61231290E3BB4EB,electric_bike,2021-09-12 13:10:04,2021-09-12 13:44:09,West End Ave & W 60 St,7059,Madison Ave & E 82 St,7188,40.77237,-73.99005,40.7781314,-73.96069399,casual
209935,3194BC6CC7B86C3C,classic_bike,2021-09-07 18:06:36,2021-09-07 18:23:45,E 55 St & 2 Ave,6650,Madison Ave & E 82 St,7188,40.75797322,-73.96603308,40.7781314,-73.96069399,member
209956,95DB2372C4640469,electric_bike,2021-09-13 07:05:34,2021-09-13 07:42:04,W 16 St & The High Line,6233,Madison Ave & E 82 St,7188,40.74334935,-74.00681753,40.7781314,-73.96069399,member
210013,49B20B28DE85C0DB,classic_bike,2021-09-17 14:06:22,2021-09-17 14:16:32,W 76 St & Columbus Ave,7281,Madison Ave & E 82 St,7188,40.7801839724239,-73.97728532552719,40.7781314,-73.96069399,casual
210037,9F0CEC02053B2AEF,electric_bike,2021-09-08 12:46:59,2021-09-08 12:55:33,E 68 St & Madison Ave,6932,Madison Ave & E 82 St,7188,40.7691572,-73.96703464,40.7781314,-73.96069399,casual
210041,FDC1297426186235,classic_bike,2021-09-03 14:33:52,2021-09-03 14:42:52,E 88 St & Park Ave,7293,Madison Ave & E 82 St,7188,40.781410700190015,-73.95595908164978,40.7781314,-73.96069399,casual
210042,9157DBACFFA5CE2C,classic_bike,2021-09-23 10:20:10,2021-09-23 10:57:49,Broadway & W 41 St,6560,Madison Ave & E 82 St,7188,40.75513557,-73.98658032,40.7781314,-73.96069399,casual
210059,68D7EFB877556A0B,classic_bike,2021-09-18 10:29:57,2021-09-18 11:13:41,Cherry St,5181,Madison Ave & E 82 St,7188,40.71219906,-73.97948148,40.7781314,-73.96069399,casual
210063,10E32BDDFAF70772,classic_bike,2021-09-30 18:13:34,2021-09-30 18:19:21,E 68 St & Madison Ave,6932,Madison Ave & E 82 St,7188,40.7691572,-73.96703464,40.7781314,-73.96069399,casual
210065,E5F3BBFB5C576E34,classic_bike,2021-09-23 10:19:56,2021-09-23 10:58:48,Broadway & W 41 St,6560,Madison Ave & E 82 St,7188,40.75513557,-73.98658032,40.7781314,-73.96069399,casual
210088,BB25C6734C458173,classic_bike,2021-09-13 19:58:43,2021-09-13 20:41:08,W 54 St & 11 Ave,6955,Madison Ave & E 82 St,7188,40.768333,-73.992573,40.7781314,-73.96069399,casual
210089,4A39AA97E70E7E55,electric_bike,2021-09-24 16:46:51,2021-09-24 19:10:47,E 72 St & Park Ave,6998,Madison Ave & E 82 St,7188,40.77118287540658,-73.96409422159195,40.7781314,-73.96069399,casual
210093,E1D6751875FF201D,classic_bike,2021-09-19 09:37:18,2021-09-19 09:51:40,W 54 St & 11 Ave,6955,Madison Ave & E 82 St,7188,40.768333,-73.992573,40.7781314,-73.96069399,casual
210111,7462DCE53D7EE565,classic_bike,2021-09-03 16:40:29,2021-09-03 16:43:36,E 88 St & Park Ave,7293,Madison Ave & E 82 St,7188,40.781410700190015,-73.95595908164978,40.7781314,-73.96069399,member
210115,5DCBCE48DD655D70,classic_bike,2021-09-10 18:55:16,2021-09-10 18:58:25,E 88 St & Park Ave,7293,Madison Ave & E 82 St,7188,40.781410700190015,-73.95595908164978,40.7781314,-73.96069399,member
210130,4AC31F2B11828BCF,classic_bike,2021-09-24 11:37:02,2021-09-24 11:41:19,E 88 St & Park Ave,7293,Madison Ave & E 82 St,7188,40.781410700190015,-73.95595908164978,40.7781314,-73.96069399,member
210132,C1C3B10DA3AC2D5E,classic_bike,2021-09-28 13:54:38,2021-09-28 14:00:04,E 72 St & Park Ave,6998,Madison Ave & E 82 St,7188,40.77118287540658,-73.96409422159195,40.7781314,-73.96069399,member
210140,1A099E4A1C075920,electric_bike,2021-09-12 07:42:06,2021-09-12 08:02:59,Frederick Douglass Blvd & W 115 St,7658,Madison Ave & E 82 St,7188,40.8038654,-73.9559308,40.7781314,-73.96069399,member
210141,65FCB301FF1FF2FC,classic_bike,2021-09-11 19:48:53,2021-09-11 20:05:16,2 Ave & E 99 St,7386,Madison Ave & E 82 St,7188,40.7862586,-73.94552579,40.7781314,-73.96069399,member
210149,ACC997778CAA1574,docked_bike,2021-09-19 15:53:17,2021-09-19 16:36:53,Broadway & W 41 St,6560,Madison Ave & E 82 St,7188,40.755136,-73.98658,40.778131,-73.960694,casual
210157,6805001E25AC2D5E,classic_bike,2021-09-10 07:29:05,2021-09-10 07:44:54,W 54 St & 11 Ave,6955,Madison Ave & E 82 St,7188,40.768333,-73.992573,40.7781314,-73.96069399,member
210191,CAD7C5D8CF98D95E,classic_bike,2021-09-20 17:13:27,2021-09-20 17:28:52,3 Ave & E 62 St,6762,Madison Ave & E 82 St,7188,40.76312584,-73.96526895,40.7781314,-73.96069399,member
210200,635023468E59158F,electric_bike,2021-09-24 07:35:28,2021-09-24 07:38:03,E 81 St & 3 Ave,7154,Madison Ave & E 82 St,7188,40.77573034,-73.9567526,40.7781314,-73.96069399,member
210214,170825318F31EC6A,classic_bike,2021-09-22 11:16:19,2021-09-22 11:48:38,Riverside Dr & W 78 St,7340,Madison Ave & E 82 St,7188,40.78414472,-73.98362492,40.7781314,-73.96069399,member
210228,83ED9470B263EF20,electric_bike,2021-09-02 11:59:03,2021-09-02 13:18:57,Calyer St & Jewel St,5743,Madison Ave & E 82 St,7188,40.72984,-73.94839,40.7781314,-73.96069399,casual
210286,C4DACD8129CCA524,electric_bike,2021-09-17 07:57:37,2021-09-17 08:06:14,E 93 St & 2 Ave,7286,Madison Ave & E 82 St,7188,40.782454175279874,-73.9489196240902,40.7781314,-73.96069399,casual
210300,E43A3FF39D6DDE3D,electric_bike,2021-09-27 00:25:21,2021-09-27 00:39:48,W 54 St & 9 Ave,6920,Madison Ave & E 82 St,7188,40.76584941,-73.98690506,40.7781314,-73.96069399,casual
210320,89E4F8502DFFC502,classic_bike,2021-09-19 13:08:45,2021-09-19 13:41:00,Broadway & W 36 St,6441,Madison Ave & E 82 St,7188,40.75097711,-73.98765428,40.7781314,-73.96069399,casual
210351,95FCCF27344E48CB,classic_bike,2021-09-17 13:37:50,2021-09-17 14:14:48,Central Park W & W 97 St,7538,Madison Ave & E 82 St,7188,40.79249519495111,-73.96417066463071,40.7781314,-73.96069399,casual
210361,3AB2171670125F10,classic_bike,2021-09-13 15:52:17,2021-09-13 16:25:59,7 Ave & Central Park South,6912,Madison Ave & E 82 St,7188,40.7667405590595,-73.9790689945221,40.7781314,-73.96069399,casual
210428,C303CAA3CF4FDFB4,electric_bike,2021-09-23 07:06:14,2021-09-23 07:18:39,E 81 St & Park Ave,7188,W 53 St & 10 Ave,6890,40.77677702,-73.9590097,40.76669671,-73.99061728,member
210429,0D20E84A06ACF5EF,electric_bike,2021-09-14 07:11:03,2021-09-14 07:24:46,E 81 St & Park Ave,7188,W 53 St & 10 Ave,6890,40.77677702,-73.9590097,40.76669671,-73.99061728,member
210431,794BCD7924BE85BF,classic_bike,2021-09-05 16:23:44,2021-09-05 16:39:24,Columbus Ave & W 95 St,7520,Madison Ave & E 82 St,7188,40.7919557,-73.968087,40.7781314,-73.96069399,member
210437,37F4A83F907DA34A,classic_bike,2021-09-03 16:32:15,2021-09-03 16:35:35,E 77 St & 3 Ave,7092,Madison Ave & E 82 St,7188,40.77314236,-73.95856158,40.7781314,-73.96069399,member
210440,D9785F14D64DEC62,classic_bike,2021-09-24 14:40:30,2021-09-24 14:47:32,E 81 St & York Ave,7084,Madison Ave & E 82 St,7188,40.7728384,-73.94989233,40.7781314,-73.96069399,member
210451,059CCB4A82F03B3F,classic_bike,2021-09-17 11:50:59,2021-09-17 13:45:25,Broadway & W 58 St,6948,Madison Ave & E 82 St,7188,40.76695317,-73.98169333,40.7781314,-73.96069399,member
210454,8CBBD33B035213F2,classic_bike,2021-09-30 07:27:09,2021-09-30 07:42:41,W 56 St & 10 Ave,6955,Madison Ave & E 82 St,7188,40.768254,-73.988639,40.7781314,-73.96069399,member
210464,B11FC972B030B194,classic_bike,2021-09-20 17:50:18,2021-09-20 17:54:48,E 77 St & 3 Ave,7092,Madison Ave & E 82 St,7188,40.77314236,-73.95856158,40.7781314,-73.96069399,member
210466,54ECBF68E1A3030F,classic_bike,2021-09-25 20:18:00,2021-09-25 20:29:21,Broadway & W 58 St,6948,Madison Ave & E 82 St,7188,40.76695317,-73.98169333,40.7781314,-73.96069399,member
210470,44777BA2925886E4,classic_bike,2021-09-24 15:30:34,2021-09-24 15:49:13,Broadway & W 58 St,6948,Madison Ave & E 82 St,7188,40.76695317,-73.98169333,40.7781314,-73.96069399,casual
210472,E777F2B2372F6C92,classic_bike,2021-09-11 13:34:23,2021-09-11 14:08:04,E 56 St & Madison Ave,6732,Madison Ave & E 82 St,7188,40.761573,-73.972628,40.7781314,-73.96069399,casual
210475,E14498EB12368B99,classic_bike,2021-09-21 12:00:40,2021-09-21 12:59:34,9 Ave & W 45 St,6717,Madison Ave & E 82 St,7188,40.76019252,-73.9912551,40.7781314,-73.96069399,casual
210476,58057E7F0A3BEEDD,classic_bike,2021-09-26 09:38:27,2021-09-26 09:51:42,W 56 St & 10 Ave,6955,Madison Ave & E 82 St,7188,40.768254,-73.988639,40.7781314,-73.96069399,casual
210480,64FAF9BE100388B5,classic_bike,2021-09-18 18:47:47,2021-09-18 18:59:57,2 Ave & E 72 St,6925,Madison Ave & E 82 St,7188,40.7687620293096,-73.95840793848038,40.7781314,-73.96069399,casual
210487,0526F3DFC669FDFA,classic_bike,2021-09-13 10:20:11,2021-09-13 10:36:46,Broadway & W 58 St,6948,Madison Ave & E 82 St,7188,40.76695317,-73.98169333,40.7781314,-73.96069399,member
210489,4650D37562DA1303,classic_bike,2021-09-26 12:21:44,2021-09-26 12:30:43,E 81 St & York Ave,7084,Madison Ave & E 82 St,7188,40.7728384,-73.94989233,40.7781314,-73.96069399,member
210490,B107E79E366839F9,classic_bike,2021-09-15 17:27:53,2021-09-15 17:34:25,E 81 St & York Ave,7084,Madison Ave & E 82 St,7188,40.7728384,-73.94989233,40.7781314,-73.96069399,member
210492,3177A2B7A44E1649,classic_bike,2021-09-11 23:01:56,2021-09-11 23:12:58,E 56 St & Madison Ave,6732,Madison Ave & E 82 St,7188,40.761573,-73.972628,40.7781314,-73.96069399,member
210494,9DA6ECBF05CD1B2C,electric_bike,2021-09-04 09:23:34,2021-09-04 09:37:36,E 56 St & Madison Ave,6732,Madison Ave & E 82 St,7188,40.761573,-73.972628,40.7781314,-73.96069399,casual
210501,E9CCB38888AAB816,classic_bike,2021-09-17 19:38:12,2021-09-17 20:09:07,9 Ave & W 45 St,6717,Madison Ave & E 82 St,7188,40.76019252,-73.9912551,40.7781314,-73.96069399,casual
210508,0F8360841A9C38E4,classic_bike,2021-09-06 12:16:23,2021-09-06 13:32:28,E 77 St & 3 Ave,7092,Madison Ave & E 82 St,7188,40.77314236,-73.95856158,40.7781314,-73.96069399,casual
210509,6686BA00F958901F,classic_bike,2021-09-06 11:35:39,2021-09-06 12:12:19,Broadway & W 58 St,6948,Madison Ave & E 82 St,7188,40.76695317,-73.98169333,40.7781314,-73.96069399,casual
210514,3C39D94860866C0B,classic_bike,2021-09-13 18:07:31,2021-09-13 18:27:51,W 64 St & Thelonious Monk Circle,7123,Madison Ave & E 82 St,7188,40.77515953434235,-73.98918695747852,40.7781314,-73.96069399,casual
210559,7921792B3DF3CA74,docked_bike,2021-09-06 00:02:36,2021-09-06 00:40:56,W 106 St & Central Park West,7606,Madison Ave & E 82 St,7188,40.798186,-73.960591,40.778131,-73.960694,casual
210576,6F71DD1917D26B93,classic_bike,2021-09-25 15:43:42,2021-09-25 16:06:16,W 59 St & 10 Ave,7023,Madison Ave & E 82 St,7188,40.770513,-73.988038,40.7781314,-73.96069399,member
210579,4596E4C204E8B458,classic_bike,2021-09-25 18:33:35,2021-09-25 19:01:29,W 106 St & Central Park West,7606,Madison Ave & E 82 St,7188,40.7981856,-73.9605909006,40.7781314,-73.96069399,member
210588,01332528189214D6,classic_bike,2021-09-12 15:56:24,2021-09-12 16:14:58,W 106 St & Central Park West,7606,Madison Ave & E 82 St,7188,40.7981856,-73.9605909006,40.7781314,-73.96069399,member
210611,7D6D63F999F3721E,classic_bike,2021-09-24 13:32:37,2021-09-24 13:37:19,E 91 St & Park Ave,7344,Madison Ave & E 82 St,7188,40.7835016,-73.955327,40.7781314,-73.96069399,member
210618,A2DC9635FE0AEC3F,classic_bike,2021-09-12 13:01:08,2021-09-12 13:13:03,E 91 St & Park Ave,7344,Madison Ave & E 82 St,7188,40.7835016,-73.955327,40.7781314,-73.96069399,casual
210623,D6399463081DE876,classic_bike,2021-09-21 20:44:08,2021-09-21 21:05:45,W 59 St & 10 Ave,7023,Madison Ave & E 82 St,7188,40.770513,-73.988038,40.7781314,-73.96069399,member
210624,913218374C41DB00,classic_bike,2021-09-22 19:54:30,2021-09-22 20:06:28,W 59 St & 10 Ave,7023,Madison Ave & E 82 St,7188,40.770513,-73.988038,40.7781314,-73.96069399,member
210665,12FCA2D8FB654ABC,electric_bike,2021-09-15 18:48:34,2021-09-15 18:54:19,5 Ave & E 63 St,6904,Madison Ave & E 82 St,7188,40.766368,-73.971518,40.7781314,-73.96069399,member
210691,B4409BF6016550F9,classic_bike,2021-09-14 12:53:24,2021-09-14 13:04:38,W 87 St & Amsterdam Ave,7458,Madison Ave & E 82 St,7188,40.78839,-73.9747,40.7781314,-73.96069399,casual
210699,BE7643BF774F343F,classic_bike,2021-09-14 12:52:40,2021-09-14 13:04:45,W 87 St & Amsterdam Ave,7458,Madison Ave & E 82 St,7188,40.78839,-73.9747,40.7781314,-73.96069399,casual
210712,6D8257BD79F9EDDA,classic_bike,2021-09-21 18:41:52,2021-09-21 18:55:45,E 118 St & Madison Ave,7640,Madison Ave & E 82 St,7188,40.8014866,-73.9442507,40.7781314,-73.96069399,member
210716,94839796A23AAF9A,classic_bike,2021-09-17 19:38:05,2021-09-17 19:48:50,5 Ave & E 93 St,7372,Madison Ave & E 82 St,7188,40.7857851,-73.957481,40.7781314,-73.96069399,member
210737,012F8AECCD1502CC,electric_bike,2021-09-30 10:08:03,2021-09-30 10:24:39,Morningside Dr & Amsterdam Ave,7741,Madison Ave & E 82 St,7188,40.81028506306003,-73.95736455917358,40.7781314,-73.96069399,casual
210747,624BF451C9DD1B37,electric_bike,2021-09-21 19:10:58,2021-09-21 19:15:30,5 Ave & E 93 St,7372,Madison Ave & E 82 St,7188,40.7857851,-73.957481,40.7781314,-73.96069399,member
210764,6FB1F9151E0FA5A8,classic_bike,2021-09-03 13:10:53,2021-09-03 13:19:29,5 Ave & E 93 St,7372,Madison Ave & E 82 St,7188,40.7857851,-73.957481,40.7781314,-73.96069399,casual
210783,580BCCED09714653,electric_bike,2021-09-11 11:08:29,2021-09-11 11:22:35,Amsterdam Ave & W 73 St,7260,Madison Ave & E 82 St,7188,40.77966809007312,-73.98093044757842,40.7781314,-73.96069399,member
210796,EEF0F2B10E534AC2,electric_bike,2021-09-04 00:53:51,2021-09-04 01:06:54,Amsterdam Ave & W 73 St,7260,Madison Ave & E 82 St,7188,40.77966809007312,-73.98093044757842,40.7781314,-73.96069399,member
210810,1CCD64C1B7C72530,classic_bike,2021-09-20 13:19:38,2021-09-20 13:38:18,Amsterdam Ave & W 73 St,7260,Madison Ave & E 82 St,7188,40.77966809007312,-73.98093044757842,40.7781314,-73.96069399,member
210816,35FE85D287CD7582,classic_bike,2021-09-04 15:10:22,2021-09-04 15:27:19,Amsterdam Ave & W 73 St,7260,Madison Ave & E 82 St,7188,40.77966809007312,-73.98093044757842,40.7781314,-73.96069399,casual
210881,468B32A04F662A86,classic_bike,2021-09-02 18:58:07,2021-09-02 19:07:03,E 89 St & York Ave,7204,Madison Ave & E 82 St,7188,40.7779453,-73.946041,40.7781314,-73.96069399,member
210932,3FED16C20121F114,electric_bike,2021-09-30 09:13:08,2021-09-30 09:28:05,W 50 St & 10 Ave,6890,Madison Ave & E 82 St,7188,40.76473420006519,-73.99194359779358,40.7781314,-73.96069399,casual
210953,A971F238DC3B0EBB,electric_bike,2021-09-02 13:45:25,2021-09-02 13:55:39,E 103 St & Lexington Ave,7463,Madison Ave & E 82 St,7188,40.7903051,-73.94755757,40.7781314,-73.96069399,casual
210966,A5973AC7CD32A133,electric_bike,2021-09-21 08:37:12,2021-09-21 09:01:20,Jackson Ave & 46 Rd,6203,Madison Ave & E 82 St,7188,40.74524768,-73.94733276,40.7781314,-73.96069399,member
210967,2AFED6C3009A7B72,electric_bike,2021-09-19 10:58:01,2021-09-19 11:44:41,E 60 St & York Ave,6682,Madison Ave & E 82 St,7188,40.759107,-73.959223,40.7781314,-73.96069399,member
211070,E6525B12E18F652B,electric_bike,2021-09-06 12:26:36,2021-09-06 13:08:17,Greenwich Ave & 8 Ave,6072,Madison Ave & E 82 St,7188,40.7390169121,-74.0026376103,40.7781314,-73.96069399,casual
211107,C03C4E975E839DC1,classic_bike,2021-09-06 15:39:11,2021-09-06 16:03:02,W 51 St & 6 Ave,6740,Madison Ave & E 82 St,7188,40.7606597,-73.98042047,40.7781314,-73.96069399,member
211113,BAA6F990C0CF1BA8,classic_bike,2021-09-24 09:28:45,2021-09-24 10:45:40,W 22 St & 8 Ave,6224,Madison Ave & E 82 St,7188,40.74475148,-73.99915362,40.7781314,-73.96069399,casual
211120,47542C69CD805B73,classic_bike,2021-09-20 14:08:34,2021-09-20 14:21:11,W 51 St & 6 Ave,6740,Madison Ave & E 82 St,7188,40.7606597,-73.98042047,40.7781314,-73.96069399,member
211166,485C83F863AB022A,classic_bike,2021-09-04 18:09:49,2021-09-04 18:36:31,Central Park West & W 72 St,7141,Madison Ave & E 82 St,7188,40.77579376683666,-73.9762057363987,40.7781314,-73.96069399,casual
211167,E1CA4CF9737F2BDC,classic_bike,2021-09-24 14:18:39,2021-09-24 14:21:33,E 84 St & Park Ave,7243,Madison Ave & E 82 St,7188,40.77862688,-73.95772073,40.7781314,-73.96069399,member
211169,2FAC3B1056FB45BF,classic_bike,2021-09-04 12:49:38,2021-09-04 13:21:52,Pershing Square South,6432,Madison Ave & E 82 St,7188,40.751581,-73.97791,40.7781314,-73.96069399,member
211171,876A7F1299C65097,classic_bike,2021-09-03 17:22:07,2021-09-03 17:28:56,Central Park West & W 72 St,7141,Madison Ave & E 82 St,7188,40.77579376683666,-73.9762057363987,40.7781314,-73.96069399,casual
211208,877F497398783C03,electric_bike,2021-09-11 12:45:13,2021-09-11 12:56:01,Lenox Ave & W 115 St,7627,Madison Ave & E 82 St,7188,40.8011939,-73.9500739,40.7781314,-73.96069399,casual
211211,8FB2A0BB8F7220E9,classic_bike,2021-09-12 07:55:02,2021-09-12 08:11:14,Queens Plaza North & Crescent St,6429,Madison Ave & E 82 St,7188,40.75110165,-73.94073717,40.7781314,-73.96069399,member
211246,4597D602C23A7E5A,classic_bike,2021-09-14 09:57:09,2021-09-14 10:19:43,E 48 St & 5 Ave,6626,Madison Ave & E 82 St,7188,40.75724567911726,-73.97805914282799,40.7781314,-73.96069399,casual
211267,C137FB48112F22D1,electric_bike,2021-09-21 15:14:12,2021-09-21 15:22:21,E 53 St & Madison Ave,6659,Madison Ave & E 82 St,7188,40.7597108,-73.97402311,40.7781314,-73.96069399,member
211292,15A5B1EBFF25C00F,electric_bike,2021-09-20 10:06:21,2021-09-20 10:19:29,W 106 St & Amsterdam Ave,7634,Madison Ave & E 82 St,7188,40.8008363,-73.9664492472,40.7781314,-73.96069399,member
211295,CB737413B008176D,electric_bike,2021-09-21 14:21:11,2021-09-21 14:47:41,E 11 St & 1 Ave,5746,Madison Ave & E 82 St,7188,40.72953837,-73.98426726,40.7781314,-73.96069399,member
211298,F37A78C7920853A9,classic_bike,2021-09-05 13:12:26,2021-09-05 13:47:31,Wadsworth Ave & W 179 St,8336,Madison Ave & E 82 St,7188,40.848467,-73.936064,40.7781314,-73.96069399,member
211304,EDA5FB0E19CEF716,classic_bike,2021-09-18 16:12:34,2021-09-18 16:26:09,3 Ave & E 71 St,6960,Madison Ave & E 82 St,7188,40.76873687,-73.96119945,40.7781314,-73.96069399,member
211316,5983030AFAB1C61D,classic_bike,2021-09-08 17:49:16,2021-09-08 17:59:43,E 53 St & Madison Ave,6659,Madison Ave & E 82 St,7188,40.7597108,-73.97402311,40.7781314,-73.96069399,member
211323,1759AF80F37672C8,classic_bike,2021-09-13 18:15:25,2021-09-13 18:26:11,E 53 St & Madison Ave,6659,Madison Ave & E 82 St,7188,40.7597108,-73.97402311,40.7781314,-73.96069399,member
211328,C4908DD7211FF88D,electric_bike,2021-09-17 12:32:36,2021-09-17 13:02:47,University Pl & E 14 St,5905,Madison Ave & E 82 St,7188,40.734814,-73.992085,40.7781314,-73.96069399,member
211336,298B0FD44D933D94,electric_bike,2021-09-25 10:43:29,2021-09-25 11:01:07,E 51 St & 1 Ave,6532,Madison Ave & E 82 St,7188,40.75455731,-73.96592976,40.7781314,-73.96069399,casual
211358,E7FCDC465BCFFA5B,electric_bike,2021-09-11 18:01:22,2021-09-11 18:19:24,3 Ave & E 72 St,7028,Madison Ave & E 82 St,7188,40.7699426,-73.96060712,40.7781314,-73.96069399,casual
211359,5EBB732DC563264E,electric_bike,2021-09-12 14:40:09,2021-09-12 15:11:35,W 106 St & Amsterdam Ave,7634,Madison Ave & E 82 St,7188,40.8008363,-73.9664492472,40.7781314,-73.96069399,casual
211379,D4C7EB4DEEB51DD6,electric_bike,2021-09-02 09:06:04,2021-09-02 11:19:45,Broadway & W 36 St,6441,Madison Ave & E 82 St,7188,40.75097711,-73.98765428,40.7781314,-73.96069399,casual
211386,CBD6D9C22B64C00A,classic_bike,2021-09-06 15:04:08,2021-09-06 15:48:34,E 53 St & Madison Ave,6659,Madison Ave & E 82 St,7188,40.7597108,-73.97402311,40.7781314,-73.96069399,member
211406,FF080CB4D8ADF812,classic_bike,2021-09-26 17:41:25,2021-09-26 17:50:01,3 Ave & E 72 St,7028,Madison Ave & E 82 St,7188,40.7699426,-73.96060712,40.7781314,-73.96069399,member
211432,FB3E19D4AA074B2B,electric_bike,2021-09-12 06:58:19,2021-09-12 07:21:15,Crescent St & 30 Ave,6958,Madison Ave & E 82 St,7188,40.768692,-73.9249574,40.7781314,-73.96069399,casual
211445,D1CA83064443FE14,electric_bike,2021-09-17 11:18:06,2021-09-17 11:51:26,47 Ave & 31 St,6151,Madison Ave & E 82 St,7188,40.743,-73.93561,40.7781314,-73.96069399,casual
211447,477E9708A8072CC3,classic_bike,2021-09-25 13:35:19,2021-09-25 15:55:29,E 81 St & 3 Ave,7154,Madison Ave & E 82 St,7188,40.77573034,-73.9567526,40.7781314,-73.96069399,casual
211452,495144F38CB50087,electric_bike,2021-09-02 12:50:23,2021-09-02 13:49:31,University Pl & E 8 St,5755,Madison Ave & E 82 St,7188,40.73143724085228,-73.99490341544151,40.7781314,-73.96069399,casual
211468,7BE790052C84FF44,classic_bike,2021-09-24 15:10:41,2021-09-24 15:56:24,Washington Pl & 6 Ave,5838,Madison Ave & E 82 St,7188,40.73224119,-74.00026394,40.7781314,-73.96069399,casual
211469,51C6A240F6D91C64,classic_bike,2021-09-06 12:42:52,2021-09-06 12:48:57,1 Ave & E 78 St,7020,Madison Ave & E 82 St,7188,40.77140426,-73.9535166,40.7781314,-73.96069399,member
211471,B07578229CFACCC5,classic_bike,2021-09-13 13:33:31,2021-09-13 13:39:29,5 Ave & E 78 St,7161,Madison Ave & E 82 St,7188,40.77632142182271,-73.96427392959595,40.7781314,-73.96069399,member
211478,20132C132944E6C8,classic_bike,2021-09-02 23:17:18,2021-09-02 23:19:27,5 Ave & E 78 St,7161,Madison Ave & E 82 St,7188,40.77632142182271,-73.96427392959595,40.7781314,-73.96069399,member
211485,EF19A0CCCC2D4EAD,classic_bike,2021-09-08 18:36:13,2021-09-08 18:47:37,Pershing Square North,6432,Madison Ave & E 82 St,7188,40.751873,-73.977706,40.7781314,-73.96069399,member
211493,698C206C75177C0E,classic_bike,2021-09-23 15:42:29,2021-09-23 15:49:34,1 Ave & E 78 St,7020,Madison Ave & E 82 St,7188,40.77140426,-73.9535166,40.7781314,-73.96069399,member
211534,2614FCCCC4529DE7,classic_bike,2021-09-10 10:26:22,2021-09-10 12:07:09,Pershing Square North,6432,Madison Ave & E 82 St,7188,40.751873,-73.977706,40.7781314,-73.96069399,member
211543,7AFD1A7D6EED3513,electric_bike,2021-09-23 10:50:02,2021-09-23 10:57:10,E 84 St & 1 Ave,7180,Madison Ave & E 82 St,7188,40.77565541,-73.95068615,40.7781314,-73.96069399,casual
211584,330BB08B04833AF3,classic_bike,2021-09-04 13:38:29,2021-09-04 14:23:49,Lafayette St & Jersey St,5561,Madison Ave & E 82 St,7188,40.72456089,-73.99565293,40.7781314,-73.96069399,casual
211591,9FE4B7A9C4648E52,docked_bike,2021-09-02 12:27:44,2021-09-02 13:08:18,W 45 St & 8 Ave,6676,Madison Ave & E 82 St,7188,40.759291,-73.988597,40.778131,-73.960694,casual
211612,22861D029E9EA973,classic_bike,2021-09-10 07:34:26,2021-09-10 07:39:17,E 84 St & 1 Ave,7180,Madison Ave & E 82 St,7188,40.77565541,-73.95068615,40.7781314,-73.96069399,member
211613,D6C3012EF3EF2FD6,classic_bike,2021-09-24 17:20:59,2021-09-24 17:31:21,E 84 St & 1 Ave,7180,Madison Ave & E 82 St,7188,40.77565541,-73.95068615,40.7781314,-73.96069399,casual
211705,55339430D341B51A,electric_bike,2021-09-26 13:56:49,2021-09-26 13:57:13,Madison Ave & E 82 St,7188,Madison Ave & E 82 St,7188,40.7781314,-73.96069399,40.7781314,-73.96069399,member
211711,7D12BA0AF3687DAE,classic_bike,2021-09-28 08:20:50,2021-09-28 08:23:53,E 81 St & 3 Ave,7154,Madison Ave & E 82 St,7188,40.77573034,-73.9567526,40.7781314,-73.96069399,member
211721,E5CDC7615F54A572,classic_bike,2021-09-25 23:34:07,2021-09-26 00:11:39,E 11 St & 3 Ave,5788,Madison Ave & E 82 St,7188,40.73127,-73.98849,40.7781314,-73.96069399,member
211753,D6850142E07E8180,classic_bike,2021-09-06 11:25:47,2021-09-06 11:55:14,Madison Ave & E 82 St,7188,Madison Ave & E 82 St,7188,40.7781314,-73.96069399,40.7781314,-73.96069399,casual
211756,CFBC30FF03AD81F4,classic_bike,2021-09-26 13:44:54,2021-09-26 14:05:55,Madison Ave & E 82 St,7188,Madison Ave & E 82 St,7188,40.7781314,-73.96069399,40.7781314,-73.96069399,casual
211758,A8ED5D3D013CDC6F,classic_bike,2021-09-25 12:29:34,2021-09-25 15:34:40,Madison Ave & E 82 St,7188,Madison Ave & E 82 St,7188,40.7781314,-73.96069399,40.7781314,-73.96069399,casual
211760,3D9020EE40D5B04E,classic_bike,2021-09-25 15:26:32,2021-09-25 16:16:10,W 67 St & Broadway,7116,Madison Ave & E 82 St,7188,40.77492513,-73.98266566,40.7781314,-73.96069399,casual
211763,CA09DFFEA39E5B26,classic_bike,2021-09-24 18:30:59,2021-09-24 18:31:50,Madison Ave & E 82 St,7188,Madison Ave & E 82 St,7188,40.7781314,-73.96069399,40.7781314,-73.96069399,casual
211782,D063D7F4D23550BE,electric_bike,2021-09-23 11:22:49,2021-09-23 11:59:55,Central Park West & W 68 St,7079,Madison Ave & E 82 St,7188,40.7734066,-73.97782542,40.7781314,-73.96069399,casual
211794,47D2557F66DDC24F,classic_bike,2021-09-06 16:01:31,2021-09-06 16:06:54,Madison Ave & E 82 St,7188,Madison Ave & E 82 St,7188,40.7781314,-73.96069399,40.7781314,-73.96069399,casual
211799,BB7B7F32CF2EA56C,classic_bike,2021-09-12 11:48:15,2021-09-12 12:13:21,Madison Ave & E 82 St,7188,Central Park West & W 68 St,7079,40.7781314,-73.96069399,40.7734066,-73.97782542,casual
211817,9FF7747305568D27,classic_bike,2021-09-11 16:57:04,2021-09-11 17:39:01,E 11 St & 3 Ave,5788,Madison Ave & E 82 St,7188,40.73127,-73.98849,40.7781314,-73.96069399,casual
211820,51F55AE34ACE8E61,classic_bike,2021-09-26 14:09:33,2021-09-26 14:29:04,W 116 St & Broadway,7713,Madison Ave & E 82 St,7188,40.8082,-73.9641,40.7781314,-73.96069399,member
211842,C4945780959FFF74,classic_bike,2021-09-06 14:16:03,2021-09-06 14:19:19,E 81 St & 3 Ave,7154,Madison Ave & E 82 St,7188,40.77573034,-73.9567526,40.7781314,-73.96069399,member
211870,EA3662F7B1DF7D77,classic_bike,2021-09-23 14:25:43,2021-09-23 14:39:23,Madison Ave & E 82 St,7188,Central Park West & W 68 St,7079,40.7781314,-73.96069399,40.7734066,-73.97782542,member
211871,691C2A45E36945FD,classic_bike,2021-09-25 14:51:24,2021-09-25 14:52:21,Madison Ave & E 82 St,7188,Madison Ave & E 82 St,7188,40.7781314,-73.96069399,40.7781314,-73.96069399,member
211875,79B72462C7110BDF,classic_bike,2021-09-28 15:56:33,2021-09-28 15:58:15,Madison Ave & E 82 St,7188,Madison Ave & E 82 St,7188,40.7781314,-73.96069399,40.7781314,-73.96069399,member
211889,CB54128D72EF9F78,classic_bike,2021-09-24 22:18:31,2021-09-24 22:29:57,W 67 St & Broadway,7116,Madison Ave & E 82 St,7188,40.77492513,-73.98266566,40.7781314,-73.96069399,member
211890,3880ACF15CA01336,electric_bike,2021-09-22 18:34:51,2021-09-22 19:06:59,Madison Ave & E 82 St,7188,Madison Ave & E 82 St,7188,40.7781314,-73.96069399,40.7781314,-73.96069399,member
211905,0B55433A39171799,classic_bike,2021-09-11 19:04:02,2021-09-11 19:04:21,Madison Ave & E 82 St,7188,Madison Ave & E 82 St,7188,40.7781314,-73.96069399,40.7781314,-73.96069399,member
211916,011131AFF48F9FBF,classic_bike,2021-09-20 14:28:12,2021-09-20 14:40:56,Madison Ave & E 82 St,7188,Madison Ave & E 82 St,7188,40.7781314,-73.96069399,40.7781314,-73.96069399,member
211921,4923CDEDDC1DF450,classic_bike,2021-09-20 17:31:52,2021-09-20 17:31:59,Madison Ave & E 82 St,7188,Madison Ave & E 82 St,7188,40.7781314,-73.96069399,40.7781314,-73.96069399,member
211942,E71D6976389E4105,classic_bike,2021-09-02 15:09:36,2021-09-02 15:17:54,E 82 St & East End Ave,7049,Madison Ave & E 82 St,7188,40.7724607,-73.9468208,40.7781314,-73.96069399,member
211960,933D96136CAEA7EC,classic_bike,2021-09-17 11:27:28,2021-09-17 11:51:12,Lenox Ave & W 111 St,7602,Madison Ave & E 82 St,7188,40.7987859,-73.9523,40.7781314,-73.96069399,casual
211971,85329C9E6179D256,classic_bike,2021-09-06 11:01:19,2021-09-06 11:18:42,W 70 St & Amsterdam Ave,7207,Madison Ave & E 82 St,7188,40.77748046,-73.98288594,40.7781314,-73.96069399,member
211987,5348C8B863AD5BB2,classic_bike,2021-09-23 11:11:15,2021-09-23 11:21:12,W 89 St & Columbus Ave,7432,Madison Ave & E 82 St,7188,40.7882213,-73.97041561,40.7781314,-73.96069399,member
211989,05F7E8D536D397B2,classic_bike,2021-09-26 16:14:25,2021-09-26 16:18:04,E 91 St & Park Ave,7344,Madison Ave & E 82 St,7188,40.7835016,-73.955327,40.7781314,-73.96069399,member
212001,59F2CBB079272315,classic_bike,2021-09-14 15:17:02,2021-09-14 15:24:46,E 82 St & East End Ave,7049,Madison Ave & E 82 St,7188,40.7724607,-73.9468208,40.7781314,-73.96069399,member
212002,AD02D13093672CD6,electric_bike,2021-09-14 09:13:23,2021-09-14 09:25:57,6 Ave & W 33 St,6364,Madison Ave & E 82 St,7188,40.74901271,-73.98848395,40.7781314,-73.96069399,member
212024,0137C43CDE30F51D,electric_bike,2021-09-12 07:58:31,2021-09-12 08:07:36,Lenox Ave & W 111 St,7602,Madison Ave & E 82 St,7188,40.7987859,-73.9523,40.7781314,-73.96069399,casual
212025,51BD90AD5F0E2079,classic_bike,2021-09-27 15:10:33,2021-09-27 15:54:54,6 Ave & W 33 St,6364,Madison Ave & E 82 St,7188,40.74901271,-73.98848395,40.7781314,-73.96069399,casual
212026,A64F20A5495CD474,classic_bike,2021-09-14 14:43:46,2021-09-14 14:54:19,W 70 St & Amsterdam Ave,7207,Madison Ave & E 82 St,7188,40.77748046,-73.98288594,40.7781314,-73.96069399,member
212032,CDBC6DABFC60D4D0,classic_bike,2021-09-04 12:17:50,2021-09-04 12:32:17,W 70 St & Amsterdam Ave,7207,Madison Ave & E 82 St,7188,40.77748046,-73.98288594,40.7781314,-73.96069399,member
212073,DF5C0D175D1F4EEB,electric_bike,2021-09-25 17:33:37,2021-09-25 17:43:48,Lenox Ave & W 111 St,7602,Madison Ave & E 82 St,7188,40.7987859,-73.9523,40.7781314,-73.96069399,casual
212099,5DF288B988EBEF1B,classic_bike,2021-09-18 07:28:24,2021-09-18 08:15:24,E 150 St & Gerard Ave,7906,Madison Ave & E 82 St,7188,40.820089,-73.928947,40.7781314,-73.96069399,casual
212133,F25872F648F4925D,classic_bike,2021-09-11 14:34:42,2021-09-11 14:53:13,Madison Ave & E 82 St,7188,Pleasant Ave & E 120 St,7579,40.7781314,-73.96069399,40.7974772,-73.9311847,member
212163,2172F92468D2B0D7,classic_bike,2021-09-13 19:12:40,2021-09-13 19:29:42,W 70 St & Amsterdam Ave,7207,Madison Ave & E 82 St,7188,40.77748046,-73.98288594,40.7781314,-73.96069399,member
212182,96DED0B1DF165A58,classic_bike,2021-09-25 09:25:12,2021-09-25 10:04:14,6 Ave & W 33 St,6364,Madison Ave & E 82 St,7188,40.74901271,-73.98848395,40.7781314,-73.96069399,casual
212187,66295BE02EB95383,classic_bike,2021-09-11 10:37:41,2021-09-11 11:05:23,Central Park W & W 97 St,7538,Madison Ave & E 82 St,7188,40.79249519495111,-73.96417066463071,40.7781314,-73.96069399,member
212196,0F8A4A2F7F245914,electric_bike,2021-09-24 16:17:28,2021-09-24 16:33:08,W 100 St & Broadway,7580,Madison Ave & E 82 St,7188,40.7973721,-73.97041192,40.7781314,-73.96069399,member
212222,AECD9856A2583232,electric_bike,2021-09-09 13:40:33,2021-09-09 13:56:46,E 32 St & Park Ave,6280,Madison Ave & E 82 St,7188,40.7457121,-73.98194829,40.7781314,-73.96069399,member
212247,1690ACFF120C3BBB,classic_bike,2021-09-12 16:08:51,2021-09-12 16:09:19,Madison Ave & E 82 St,7188,Madison Ave & E 82 St,7188,40.7781314,-73.96069399,40.7781314,-73.96069399,member
212265,051638A3B973C794,classic_bike,2021-09-20 17:26:46,2021-09-20 17:54:48,E 32 St & Park Ave,6280,Madison Ave & E 82 St,7188,40.7457121,-73.98194829,40.7781314,-73.96069399,member
212269,E695D22B9C7A4DBE,classic_bike,2021-09-03 12:18:27,2021-09-03 12:40:07,Madison Ave & E 82 St,7188,Madison Ave & E 82 St,7188,40.7781314,-73.96069399,40.7781314,-73.96069399,member
212273,359BEE48389FBE9B,classic_bike,2021-09-07 15:35:32,2021-09-07 16:02:04,Madison Ave & E 82 St,7188,Madison Ave & E 82 St,7188,40.7781314,-73.96069399,40.7781314,-73.96069399,member
212285,D8658EF7EACD5812,docked_bike,2021-09-06 11:11:04,2021-09-06 15:44:22,Madison Ave & E 82 St,7188,Madison Ave & E 82 St,7188,40.778131,-73.960694,40.778131,-73.960694,casual
212287,4AD5B5BF6E2254F3,classic_bike,2021-09-18 09:49:15,2021-09-18 09:50:53,Madison Ave & E 82 St,7188,Madison Ave & E 82 St,7188,40.7781314,-73.96069399,40.7781314,-73.96069399,member
212295,9E189C77026A5FC2,electric_bike,2021-09-24 14:42:53,2021-09-24 15:11:09,Central Park West & W 68 St,7079,Madison Ave & E 82 St,7188,40.7734066,-73.97782542,40.7781314,-73.96069399,casual
212572,6BB6A84F75473560,electric_bike,2021-09-11 16:35:27,2021-09-11 16:35:50,Madison Ave & E 82 St,7188,Madison Ave & E 82 St,7188,40.7781314,-73.96069399,40.7781314,-73.96069399,member
212576,A201C078BCAEE00A,classic_bike,2021-09-25 19:15:10,2021-09-25 19:15:58,Madison Ave & E 82 St,7188,Madison Ave & E 82 St,7188,40.7781314,-73.96069399,40.7781314,-73.96069399,member
212577,D10F13B0CE2EBF84,classic_bike,2021-09-19 16:27:26,2021-09-19 16:28:07,Madison Ave & E 82 St,7188,Madison Ave & E 82 St,7188,40.7781314,-73.96069399,40.7781314,-73.96069399,member
212578,7BBA95CEED6271BB,classic_bike,2021-09-19 16:32:34,2021-09-19 17:09:35,Madison Ave & E 82 St,7188,Central Park West & W 68 St,7079,40.7781314,-73.96069399,40.7734066,-73.97782542,member
212588,3436D3F2EEE2412B,classic_bike,2021-09-21 17:13:19,2021-09-21 17:23:27,Central Park West & W 68 St,7079,Madison Ave & E 82 St,7188,40.7734066,-73.97782542,40.7781314,-73.96069399,member
212613,53AF931C625A2C4C,classic_bike,2021-09-11 16:38:21,2021-09-11 16:39:50,Madison Ave & E 82 St,7188,Madison Ave & E 82 St,7188,40.7781314,-73.96069399,40.7781314,-73.96069399,casual
212615,12ABF8DB73BBEAD2,classic_bike,2021-09-11 14:54:26,2021-09-11 15:54:17,Madison Ave & E 82 St,7188,Madison Ave & E 82 St,7188,40.7781314,-73.96069399,40.7781314,-73.96069399,casual
212617,451D1981E409297A,classic_bike,2021-09-10 19:06:08,2021-09-10 19:38:57,Central Park West & W 68 St,7079,Madison Ave & E 82 St,7188,40.7734066,-73.97782542,40.7781314,-73.96069399,casual
212634,4A3A5578512A096F,electric_bike,2021-09-28 15:32:17,2021-09-28 15:52:56,Broadway & W 122 St,7783,Madison Ave & E 82 St,7188,40.8120562,-73.9612547,40.7781314,-73.96069399,casual
212671,305A58B352F48FAE,classic_bike,2021-09-19 14:18:21,2021-09-19 14:36:32,Lexington Ave & E 111 St,7567,Madison Ave & E 82 St,7188,40.7954121,-73.9441232,40.7781314,-73.96069399,member
212939,4C88355065218D89,classic_bike,2021-09-13 11:37:43,2021-09-13 12:07:30,7 Ave & Central Park South,6912,Madison Ave & E 82 St,7188,40.7667405590595,-73.9790689945221,40.7781314,-73.96069399,casual
213720,80713D119A7EB207,classic_bike,2021-09-24 10:33:29,2021-09-24 10:45:29,3 Ave & E 72 St,7028,Madison Ave & E 82 St,7188,40.7699426,-73.96060712,40.7781314,-73.96069399,member
214676,71A529619CE2077C,classic_bike,2021-09-10 17:45:45,2021-09-10 18:00:04,Madison Ave & E 82 St,7188,Park Ave & E 124 St,7682,40.7781314,-73.96069399,40.8045555,-73.9396861,member
214679,8A25E47C1AADC6A1,classic_bike,2021-09-05 17:08:20,2021-09-05 17:29:12,Madison Ave & E 82 St,7188,W 87 St & Amsterdam Ave,7458,40.7781314,-73.96069399,40.78839,-73.9747,casual
216341,71D9EC0C7D6BBEFD,classic_bike,2021-09-22 15:34:36,2021-09-22 15:48:22,E 81 St & Park Ave,7188,Park Ave & E 124 St,7682,40.77677702,-73.9590097,40.8045555,-73.9396861,member
216356,1B890222178BAE23,classic_bike,2021-09-12 17:27:01,2021-09-12 17:36:20,E 81 St & Park Ave,7188,3 Ave & E 100 St,7414,40.77677702,-73.9590097,40.7877214,-73.94728331,member
218540,CD8932EEDC3FE1BF,classic_bike,2021-09-23 13:17:07,2021-09-23 14:28:21,Madison Ave & E 82 St,7188,E 89 St & 3 Ave,7265,40.7781314,-73.96069399,40.7806284,-73.9521667,casual
218541,8D47A7E89EBFC308,classic_bike,2021-09-07 16:14:13,2021-09-07 16:26:00,Madison Ave & E 82 St,7188,E 48 St & 5 Ave,6626,40.7781314,-73.96069399,40.75724567911726,-73.97805914282799,casual
218563,D6AD832228903F12,classic_bike,2021-09-13 18:17:20,2021-09-13 19:11:46,Madison Ave & E 82 St,7188,3 Ave & E 71 St,6960,40.7781314,-73.96069399,40.76873687,-73.96119945,casual
218571,6170436B61FC7475,classic_bike,2021-09-20 19:33:06,2021-09-20 19:38:52,Madison Ave & E 82 St,7188,E 89 St & 3 Ave,7265,40.7781314,-73.96069399,40.7806284,-73.9521667,member
218572,73E994EC829E5896,classic_bike,2021-09-18 15:37:11,2021-09-18 15:51:03,Madison Ave & E 82 St,7188,E 48 St & 5 Ave,6626,40.7781314,-73.96069399,40.75724567911726,-73.97805914282799,member
218585,5861E91863630FE8,classic_bike,2021-09-22 06:43:08,2021-09-22 06:47:30,Madison Ave & E 82 St,7188,E 89 St & 3 Ave,7265,40.7781314,-73.96069399,40.7806284,-73.9521667,member
218831,4CF62A5D8B80A3AA,classic_bike,2021-09-25 16:23:50,2021-09-25 16:56:11,Madison Ave & E 82 St,7188,E 48 St & 5 Ave,6626,40.7781314,-73.96069399,40.75724567911726,-73.97805914282799,casual
218833,C8C8893BB038640D,electric_bike,2021-09-20 14:01:44,2021-09-20 14:16:46,Madison Ave & E 82 St,7188,1 Ave & E 110 St,7522,40.7781314,-73.96069399,40.7923272,-73.9383,casual
218859,E884DD10CAEE03EF,electric_bike,2021-09-24 05:56:36,2021-09-24 06:01:54,Madison Ave & E 82 St,7188,E 89 St & 3 Ave,7265,40.7781314,-73.96069399,40.7806284,-73.9521667,member
218864,961471E5129C9145,classic_bike,2021-09-19 14:57:14,2021-09-19 15:27:09,Madison Ave & E 82 St,7188,E 48 St & 5 Ave,6626,40.7781314,-73.96069399,40.75724567911726,-73.97805914282799,casual
218876,8E00120988C2E71B,classic_bike,2021-09-05 17:06:41,2021-09-05 17:12:52,Madison Ave & E 82 St,7188,E 89 St & 3 Ave,7265,40.7781314,-73.96069399,40.7806284,-73.9521667,member
218877,7C1966AA9D4BAAB8,classic_bike,2021-09-18 16:09:02,2021-09-18 16:15:25,Madison Ave & E 82 St,7188,E 89 St & 3 Ave,7265,40.7781314,-73.96069399,40.7806284,-73.9521667,member
218881,241805E0F61A1C26,classic_bike,2021-09-18 15:37:10,2021-09-18 15:51:09,Madison Ave & E 82 St,7188,E 48 St & 5 Ave,6626,40.7781314,-73.96069399,40.75724567911726,-73.97805914282799,casual
218971,DF0D2C5BC8147BA3,classic_bike,2021-09-06 16:32:40,2021-09-06 16:58:53,Madison Ave & E 82 St,7188,W 24 St & 7 Ave,6257,40.7781314,-73.96069399,40.74487634,-73.99529885,member
220282,329E751749A3AAAA,classic_bike,2021-09-14 16:19:48,2021-09-14 16:25:58,E 81 St & Park Ave,7188,3 Ave & E 71 St,6960,40.77677702,-73.9590097,40.76873687,-73.96119945,member
220283,699AEA52562E0FD1,classic_bike,2021-09-07 15:53:21,2021-09-07 16:22:44,E 81 St & Park Ave,7188,E 89 St & 3 Ave,7265,40.77677702,-73.9590097,40.7806284,-73.9521667,member
220284,6A29BAA56F0F55FB,classic_bike,2021-09-17 13:31:36,2021-09-17 13:39:14,E 81 St & Park Ave,7188,E 89 St & 3 Ave,7265,40.77677702,-73.9590097,40.7806284,-73.9521667,member
220289,5773D94B0C1E8699,classic_bike,2021-09-14 11:53:20,2021-09-14 12:01:06,E 81 St & Park Ave,7188,E 89 St & 3 Ave,7265,40.77677702,-73.9590097,40.7806284,-73.9521667,member
220290,FBE83AB0970EDAC5,classic_bike,2021-09-08 16:31:59,2021-09-08 16:43:09,E 81 St & Park Ave,7188,1 Ave & E 110 St,7522,40.77677702,-73.9590097,40.7923272,-73.9383,member
220293,63943AD1448F14CF,classic_bike,2021-09-21 09:46:32,2021-09-21 09:53:18,E 81 St & Park Ave,7188,E 89 St & 3 Ave,7265,40.77677702,-73.9590097,40.7806284,-73.9521667,member
220294,21CAF7B524F0C6FD,classic_bike,2021-09-07 17:29:56,2021-09-07 18:37:07,E 81 St & Park Ave,7188,E 89 St & 3 Ave,7265,40.77677702,-73.9590097,40.7806284,-73.9521667,member
220306,7CE0032C2F80E3E9,classic_bike,2021-09-04 17:41:15,2021-09-04 17:48:09,E 81 St & Park Ave,7188,3 Ave & E 71 St,6960,40.77677702,-73.9590097,40.76873687,-73.96119945,member
220307,376FC5586F2BCAB2,electric_bike,2021-09-20 17:01:40,2021-09-20 17:07:16,E 81 St & Park Ave,7188,E 89 St & 3 Ave,7265,40.77677702,-73.9590097,40.7806284,-73.9521667,member
221996,1748681EDC6C29AE,classic_bike,2021-09-27 18:21:51,2021-09-27 18:31:24,E 81 St & Park Ave,7188,2 Ave & E 104 St,7436,40.77677702,-73.9590097,40.7892105,-73.94370784,member
222009,E670752F07837CF8,classic_bike,2021-09-20 19:42:00,2021-09-20 19:51:37,E 81 St & Park Ave,7188,2 Ave & E 104 St,7436,40.77677702,-73.9590097,40.7892105,-73.94370784,member
224365,FA7E4D509E163E0D,classic_bike,2021-09-22 12:20:47,2021-09-22 12:39:04,Madison Ave & E 82 St,7188,W 95 St & Broadway,7541,40.7781314,-73.96069399,40.7937704,-73.971888,member
224636,E8ABF321C6325C7A,electric_bike,2021-09-27 12:52:53,2021-09-27 13:12:48,Madison Ave & E 82 St,7188,Central Park West & W 76 St,7253,40.7781314,-73.96069399,40.77896784,-73.97374737,casual
224639,E333C3940F5247CB,classic_bike,2021-09-11 12:52:52,2021-09-11 13:19:10,Madison Ave & E 82 St,7188,W 26 St & 10 Ave,6382,40.7781314,-73.96069399,40.749717753,-74.002950346,member
224833,9E4B52E994083766,classic_bike,2021-09-07 19:01:27,2021-09-07 19:21:05,E 81 St & Park Ave,7188,W 95 St & Broadway,7541,40.77677702,-73.9590097,40.7937704,-73.971888,member
226612,58BB246A57AC4F01,classic_bike,2021-09-26 12:24:24,2021-09-26 12:55:40,Madison Ave & E 82 St,7188,Central Park West & W 76 St,7253,40.7781314,-73.96069399,40.77896784,-73.97374737,member
237611,900B7992EC2AEB36,electric_bike,2021-09-12 16:51:07,2021-09-12 16:53:05,Madison Ave & E 82 St,7188,E 88 St & Park Ave,7293,40.7781314,-73.96069399,40.781410700190015,-73.95595908164978,member
237612,2A5EE973C613174F,electric_bike,2021-09-11 13:44:44,2021-09-11 15:37:51,Madison Ave & E 82 St,7188,E 88 St & Park Ave,7293,40.7781314,-73.96069399,40.781410700190015,-73.95595908164978,member
238266,5015393CE7ED4C1D,docked_bike,2021-09-11 13:31:07,2021-09-11 13:46:45,Madison Ave & E 82 St,7188,E 68 St & Madison Ave,6932,40.778131,-73.960694,40.769157,-73.967035,casual
238278,818DE49B3DC33EFA,classic_bike,2021-09-23 10:03:45,2021-09-23 10:07:20,Madison Ave & E 82 St,7188,E 88 St & Park Ave,7293,40.7781314,-73.96069399,40.781410700190015,-73.95595908164978,member
239321,9BB4EA71CF303D2F,classic_bike,2021-09-12 09:05:24,2021-09-12 09:14:31,Madison Ave & E 82 St,7188,E 88 St & Park Ave,7293,40.7781314,-73.96069399,40.781410700190015,-73.95595908164978,member
241452,79D290E42BEBEA78,electric_bike,2021-09-07 08:24:25,2021-09-07 08:38:24,Madison Ave & E 82 St,7188,E 33 St & 5 Ave,6322,40.7781314,-73.96069399,40.74765947,-73.98490707,casual
242031,EED9B2E56E90CDF0,classic_bike,2021-09-05 14:12:26,2021-09-05 14:56:55,E 81 St & Park Ave,7188,E 33 St & 5 Ave,6322,40.77677702,-73.9590097,40.74765947,-73.98490707,member
242430,0212DB4DACD89AA3,classic_bike,2021-09-25 22:05:57,2021-09-25 22:36:32,Madison Ave & E 82 St,7188,E 33 St & 5 Ave,6322,40.7781314,-73.96069399,40.74765947,-73.98490707,casual
244592,8B23B6F641F2D426,classic_bike,2021-09-08 18:40:11,2021-09-08 18:42:43,E 81 St & Park Ave,7188,5 Ave & E 78 St,7161,40.77677702,-73.9590097,40.77632142182271,-73.96427392959595,member
244595,06C7730F4A635B54,classic_bike,2021-09-24 14:39:34,2021-09-24 14:44:39,E 81 St & Park Ave,7188,3 Ave & E 72 St,7028,40.77677702,-73.9590097,40.7699426,-73.96060712,member
244608,926D0350DAE535AE,electric_bike,2021-09-02 21:07:32,2021-09-02 21:34:53,E 81 St & Park Ave,7188,3 Ave & E 72 St,7028,40.77677702,-73.9590097,40.7699426,-73.96060712,member
244621,E42876483DEF9B8B,electric_bike,2021-09-07 12:44:51,2021-09-07 12:50:43,E 81 St & Park Ave,7188,3 Ave & E 72 St,7028,40.77677702,-73.9590097,40.7699426,-73.96060712,member
245174,603CF1E2F3C4FFF0,electric_bike,2021-09-04 14:52:36,2021-09-04 14:57:25,E 81 St & Park Ave,7188,5 Ave & E 78 St,7161,40.77677702,-73.9590097,40.77632142182271,-73.96427392959595,member
245636,F47D6B90FC87BF4C,electric_bike,2021-09-02 23:20:10,2021-09-02 23:21:30,Madison Ave & E 82 St,7188,5 Ave & E 78 St,7161,40.7781314,-73.96069399,40.77632142182271,-73.96427392959595,member
252182,6A65C5D364BC7F7C,classic_bike,2021-09-02 17:40:37,2021-09-02 18:14:31,E 81 St & Park Ave,7188,1 Ave & E 78 St,7020,40.77677702,-73.9590097,40.77140426,-73.9535166,member
252187,49FAA5D5AEA6CBA0,classic_bike,2021-09-15 16:53:22,2021-09-15 16:57:53,E 81 St & Park Ave,7188,1 Ave & E 78 St,7020,40.77677702,-73.9590097,40.77140426,-73.9535166,member
252196,BE459706769431C8,electric_bike,2021-09-10 07:21:20,2021-09-10 07:27:22,E 81 St & Park Ave,7188,1 Ave & E 78 St,7020,40.77677702,-73.9590097,40.77140426,-73.9535166,member
253234,D34494F596049B5E,classic_bike,2021-09-22 09:19:44,2021-09-22 10:32:49,Madison Ave & E 82 St,7188,1 Ave & E 78 St,7020,40.7781314,-73.96069399,40.77140426,-73.9535166,member
253254,8E8CBCCD5251B76D,classic_bike,2021-09-02 10:20:37,2021-09-02 10:25:31,E 81 St & Park Ave,7188,1 Ave & E 78 St,7020,40.77677702,-73.9590097,40.77140426,-73.9535166,member
260395,877361F9A4E1DEC4,electric_bike,2021-09-05 13:24:43,2021-09-05 14:03:36,Madison Ave & E 82 St,7188,Greenwich St & Hubert St,5470,40.7781314,-73.96069399,40.721319,-74.010065,casual
261414,91FB316EAC4F164C,electric_bike,2021-09-23 08:13:57,2021-09-23 08:25:21,E 81 St & Park Ave,7188,Riverside Dr & W 82 St,7388,40.77677702,-73.9590097,40.78720869,-73.98128127,member
261419,951C3015E1C8B175,electric_bike,2021-09-19 07:56:26,2021-09-19 08:06:39,E 81 St & Park Ave,7188,Riverside Dr & W 82 St,7388,40.77677702,-73.9590097,40.78720869,-73.98128127,member
263182,799B339074EA7669,electric_bike,2021-09-22 08:30:47,2021-09-22 09:03:06,E 81 St & Park Ave,7188,Greenwich St & Hubert St,5470,40.77677702,-73.9590097,40.721319,-74.010065,member
263702,C0241965365FC0E8,classic_bike,2021-09-25 15:27:53,2021-09-25 16:19:42,E 81 St & Park Ave,7188,Mercer St & Bleecker St,5679,40.77677702,-73.9590097,40.72706363348306,-73.99662137031554,member
267640,345080B8AAEA66F3,classic_bike,2021-09-18 19:33:22,2021-09-18 19:58:19,E 81 St & Park Ave,7188,St Nicholas Ave & W 137 St,7898,40.77677702,-73.9590097,40.818477,-73.947568,member
269353,E8B65DF317C8F30A,electric_bike,2021-09-04 06:06:49,2021-09-04 06:19:26,Madison Ave & E 82 St,7188,5 Av & W 139 St,7851,40.7781314,-73.96069399,40.815484,-73.935856,casual
269366,DF5FE761A3C1675D,electric_bike,2021-09-10 16:58:24,2021-09-10 17:24:07,Madison Ave & E 82 St,7188,Central Park W & W 97 St,7538,40.7781314,-73.96069399,40.79249519495111,-73.96417066463071,member
269367,183EB5AB803457B6,classic_bike,2021-09-20 15:49:37,2021-09-20 16:01:58,Madison Ave & E 82 St,7188,W 100 St & Broadway,7580,40.7781314,-73.96069399,40.7973721,-73.97041192,member
269391,81B31F19ACF21F2E,classic_bike,2021-09-10 12:33:07,2021-09-10 12:43:50,Madison Ave & E 82 St,7188,W 100 St & Broadway,7580,40.7781314,-73.96069399,40.7973721,-73.97041192,member
269392,ECCB3706DEFD5697,classic_bike,2021-09-08 15:06:52,2021-09-08 15:18:33,Madison Ave & E 82 St,7188,W 100 St & Broadway,7580,40.7781314,-73.96069399,40.7973721,-73.97041192,member
269402,66FD8971BB154FC5,classic_bike,2021-09-26 11:56:39,2021-09-26 12:23:30,Madison Ave & E 82 St,7188,Central Park W & W 97 St,7538,40.7781314,-73.96069399,40.79249519495111,-73.96417066463071,casual
269404,1B8D2B56EC2DF5C2,classic_bike,2021-09-24 23:04:13,2021-09-24 23:46:16,Madison Ave & E 82 St,7188,W 100 St & Broadway,7580,40.7781314,-73.96069399,40.7973721,-73.97041192,casual
271519,01756D0D36205E7C,electric_bike,2021-09-13 07:12:37,2021-09-13 07:20:33,Madison Ave & E 82 St,7188,E 65 St & 2 Ave,6860,40.7781314,-73.96069399,40.76471851944339,-73.96222069859505,member
271608,C2F3F0E5DEBFB785,classic_bike,2021-09-10 14:32:34,2021-09-10 14:41:52,Madison Ave & E 82 St,7188,E 65 St & 2 Ave,6860,40.7781314,-73.96069399,40.76471851944339,-73.96222069859505,casual
271661,4F48EC2913DC26FF,classic_bike,2021-09-24 09:33:12,2021-09-24 09:54:51,Madison Ave & E 82 St,7188,Amsterdam Ave & W 66 St,7149,40.7781314,-73.96069399,40.7746671,-73.98470567,casual
276089,FF17ED203198B63E,classic_bike,2021-09-29 18:07:02,2021-09-29 18:26:05,Madison Ave & E 82 St,7188,Sullivan St & Washington Sq,5721,40.7781314,-73.96069399,40.73047747,-73.99906065,member
276096,24CE3F1CC0F03478,classic_bike,2021-09-26 12:51:57,2021-09-26 13:05:34,Madison Ave & E 82 St,7188,Pershing Square North,6432,40.7781314,-73.96069399,40.751873,-73.977706,member
276680,930B65F7D601E20B,classic_bike,2021-09-08 19:14:39,2021-09-08 19:15:59,E 81 St & Park Ave,7188,E 81 St & 3 Ave,7154,40.77677702,-73.9590097,40.77573034,-73.9567526,member
276681,1FFC7F3D5B71C902,classic_bike,2021-09-23 15:08:45,2021-09-23 15:10:12,E 81 St & Park Ave,7188,E 81 St & 3 Ave,7154,40.77677702,-73.9590097,40.77573034,-73.9567526,member
279050,757FE15AD47DB054,classic_bike,2021-09-17 21:02:00,2021-09-17 21:03:47,E 81 St & Park Ave,7188,E 81 St & 3 Ave,7154,40.77677702,-73.9590097,40.77573034,-73.9567526,member
279996,5A296F829A9D48F1,classic_bike,2021-09-08 18:03:59,2021-09-08 18:20:37,E 81 St & Park Ave,7188,E 44 St & Lexington Ave,6464,40.77677702,-73.9590097,40.752643,-73.974996,member
280017,0626F27D7FF52B9C,electric_bike,2021-09-13 03:47:59,2021-09-13 04:01:55,E 81 St & Park Ave,7188,E 44 St & Lexington Ave,6464,40.77677702,-73.9590097,40.752643,-73.974996,member
281879,5E041997EE3E1690,classic_bike,2021-09-12 16:41:28,2021-09-12 17:03:54,Madison Ave & E 82 St,7188,E 15 St & 3 Ave,5863,40.7781314,-73.96069399,40.734232,-73.986923,member
285116,820A355D159B955B,classic_bike,2021-09-23 13:18:40,2021-09-23 13:35:50,Madison Ave & E 82 St,7188,Mt Morris Park W & W 120 St,7685,40.7781314,-73.96069399,40.804038,-73.945925,casual
287253,9F199606AA9E05E1,classic_bike,2021-09-27 13:03:26,2021-09-27 13:15:03,Madison Ave & E 82 St,7188,E 63 St & 3 Ave,6830,40.7781314,-73.96069399,40.763954,-73.9646,member
288174,9330E9371C3D107F,classic_bike,2021-09-14 01:02:08,2021-09-14 01:39:29,E 81 St & Park Ave,7188,Canal St & Rutgers St,5303,40.77677702,-73.9590097,40.71427487,-73.98990025,member
291342,980A98F0F2FD966C,classic_bike,2021-09-11 10:00:17,2021-09-11 10:12:30,Madison Ave & E 82 St,7188,E 58 St & 3 Ave,6762,40.7781314,-73.96069399,40.76095756,-73.96724467,member
291395,0A725FFAEF275FB5,classic_bike,2021-09-21 16:42:06,2021-09-21 17:19:53,Madison Ave & E 82 St,7188,W 15 St & 6 Ave,5989,40.7781314,-73.96069399,40.738046142482766,-73.99642959237099,member
291404,CC7FCF3EECA941C4,classic_bike,2021-09-02 10:57:08,2021-09-02 11:21:48,Madison Ave & E 82 St,7188,E 63 St & 3 Ave,6830,40.7781314,-73.96069399,40.763954,-73.9646,member
291425,389EB2981D4EEE89,classic_bike,2021-09-03 12:26:02,2021-09-03 12:47:22,Madison Ave & E 82 St,7188,E 58 St & 3 Ave,6762,40.7781314,-73.96069399,40.76095756,-73.96724467,casual
291435,F0BF5FB0255374AD,classic_bike,2021-09-23 15:54:29,2021-09-23 16:38:30,Madison Ave & E 82 St,7188,Canal St & Rutgers St,5303,40.7781314,-73.96069399,40.71427487,-73.98990025,member
291443,B56718497BAD06DF,electric_bike,2021-09-21 09:33:53,2021-09-21 09:42:25,Madison Ave & E 82 St,7188,E 63 St & 3 Ave,6830,40.7781314,-73.96069399,40.763954,-73.9646,member
291452,2C7E95D1833D00A3,classic_bike,2021-09-21 20:28:51,2021-09-21 20:41:52,Madison Ave & E 82 St,7188,E 54 St & 1 Ave,6608,40.7781314,-73.96069399,40.756265,-73.964179,member
291473,313CCB8F06BF5964,classic_bike,2021-09-05 13:38:34,2021-09-05 13:54:45,Madison Ave & E 82 St,7188,E 58 St & 3 Ave,6762,40.7781314,-73.96069399,40.76095756,-73.96724467,member
291479,97580E8109E8310F,classic_bike,2021-09-25 16:15:26,2021-09-25 16:37:23,Madison Ave & E 82 St,7188,E 63 St & 3 Ave,6830,40.7781314,-73.96069399,40.763954,-73.9646,casual
291530,E3FC29405F06C217,classic_bike,2021-09-18 09:45:24,2021-09-18 09:55:11,Madison Ave & E 82 St,7188,E 63 St & 3 Ave,6830,40.7781314,-73.96069399,40.763954,-73.9646,member
295087,605D324E3EC25C1F,classic_bike,2021-09-18 13:58:16,2021-09-18 14:39:58,Madison Ave & E 82 St,7188,Broadway & W 38 St,6560,40.7781314,-73.96069399,40.7529728216068,-73.98734897375107,casual
300298,4798ECEB7A8575E4,classic_bike,2021-09-08 10:09:32,2021-09-08 10:34:16,E 81 St & Park Ave,7188,E 81 St & 2 Ave,7121,40.77677702,-73.9590097,40.77477944895728,-73.95427465438843,member
300299,0AC1D8B5059B1A77,classic_bike,2021-09-05 11:05:13,2021-09-05 11:07:34,E 81 St & Park Ave,7188,E 81 St & 2 Ave,7121,40.77677702,-73.9590097,40.77477944895728,-73.95427465438843,member
300300,F2139CF5C119F575,classic_bike,2021-09-05 11:00:32,2021-09-05 11:03:01,E 81 St & Park Ave,7188,E 81 St & 2 Ave,7121,40.77677702,-73.9590097,40.77477944895728,-73.95427465438843,member
300301,9D4C52E4D047CEA5,classic_bike,2021-09-05 11:10:24,2021-09-05 11:12:09,E 81 St & Park Ave,7188,E 81 St & 2 Ave,7121,40.77677702,-73.9590097,40.77477944895728,-73.95427465438843,member
300302,40F856C7F003B9EE,classic_bike,2021-09-05 09:14:37,2021-09-05 09:26:49,E 81 St & Park Ave,7188,E 48 St & 3 Ave,6541,40.77677702,-73.9590097,40.7546011026,-73.971878855,member
301918,5FC492D880558171,electric_bike,2021-09-17 16:08:13,2021-09-17 16:26:11,Madison Ave & E 82 St,7188,E 114 St & 1 Ave,7540,40.7781314,-73.96069399,40.7945663,-73.9362541,casual
301928,B4F2893130F37F2D,classic_bike,2021-09-28 15:56:17,2021-09-28 16:01:38,Madison Ave & E 82 St,7188,E 81 St & 2 Ave,7121,40.7781314,-73.96069399,40.77477944895728,-73.95427465438843,member
301944,C1A81EDD5BCB3BFA,classic_bike,2021-09-17 18:46:00,2021-09-17 19:17:38,Madison Ave & E 82 St,7188,6 Ave & W 45 St,6593,40.7781314,-73.96069399,40.756951,-73.982631,casual
302125,66E72F832AF2462E,classic_bike,2021-09-19 10:43:12,2021-09-19 11:01:47,Madison Ave & E 82 St,7188,E 48 St & 3 Ave,6541,40.7781314,-73.96069399,40.7546011026,-73.971878855,member
302127,2C6649B9E2E4F728,electric_bike,2021-09-14 06:21:39,2021-09-14 06:30:34,Madison Ave & E 82 St,7188,6 Ave & W 45 St,6593,40.7781314,-73.96069399,40.756951,-73.982631,member
302263,2F8F21BE2A13E398,electric_bike,2021-09-22 11:38:16,2021-09-22 11:52:14,Madison Ave & E 82 St,7188,E 48 St & 3 Ave,6541,40.7781314,-73.96069399,40.7546011026,-73.971878855,member
302269,AEDCE232C4DE0DA1,classic_bike,2021-09-12 10:40:04,2021-09-12 10:45:00,Madison Ave & E 82 St,7188,E 81 St & 2 Ave,7121,40.7781314,-73.96069399,40.77477944895728,-73.95427465438843,member
304682,C842B59A3614245B,classic_bike,2021-09-30 16:24:13,2021-09-30 16:28:16,Madison Ave & E 82 St,7188,E 81 St & 2 Ave,7121,40.7781314,-73.96069399,40.77477944895728,-73.95427465438843,member
306140,E885989A0622D9C1,classic_bike,2021-09-25 17:43:16,2021-09-25 17:49:55,Madison Ave & E 82 St,7188,E 81 St & 2 Ave,7121,40.7781314,-73.96069399,40.77477944895728,-73.95427465438843,casual
306196,C9CF947E8C0F4A4A,classic_bike,2021-09-18 13:38:21,2021-09-18 13:44:11,Madison Ave & E 82 St,7188,E 81 St & 2 Ave,7121,40.7781314,-73.96069399,40.77477944895728,-73.95427465438843,member
306271,08488AD34D3CEFA0,classic_bike,2021-09-18 12:04:42,2021-09-18 12:09:50,Madison Ave & E 82 St,7188,E 81 St & 2 Ave,7121,40.7781314,-73.96069399,40.77477944895728,-73.95427465438843,casual
306295,DA85EE194C4B46EA,classic_bike,2021-09-12 15:45:19,2021-09-12 16:25:57,Madison Ave & E 82 St,7188,E 81 St & 2 Ave,7121,40.7781314,-73.96069399,40.77477944895728,-73.95427465438843,casual
308102,709A37F368D1898F,classic_bike,2021-09-12 15:20:42,2021-09-12 15:48:37,E 81 St & Park Ave,7188,Lafayette St & E 8 St,5788,40.77677702,-73.9590097,40.73020660529954,-73.99102628231049,member
308104,0DB0E23A53652CDB,electric_bike,2021-09-12 23:43:24,2021-09-12 23:45:24,E 81 St & Park Ave,7188,E 81 St & 2 Ave,7121,40.77677702,-73.9590097,40.77477944895728,-73.95427465438843,member
308107,E7E9F76A11D0E67C,classic_bike,2021-09-27 08:10:37,2021-09-27 08:29:57,E 81 St & Park Ave,7188,6 Ave & W 45 St,6593,40.77677702,-73.9590097,40.756951,-73.982631,member
308115,0419C5E5DD1701C3,classic_bike,2021-09-23 13:01:59,2021-09-23 13:04:17,E 81 St & Park Ave,7188,E 81 St & 2 Ave,7121,40.77677702,-73.9590097,40.77477944895728,-73.95427465438843,member
308183,5B22746316FF3DF7,electric_bike,2021-09-21 12:14:59,2021-09-21 12:26:45,E 81 St & Park Ave,7188,6 Ave & W 45 St,6593,40.77677702,-73.9590097,40.756951,-73.982631,member
308641,AA4ADD1D9E11A94E,classic_bike,2021-09-24 18:45:47,2021-09-24 18:58:42,E 81 St & Park Ave,7188,E 97 St & Madison Ave,7393,40.77677702,-73.9590097,40.787801,-73.953559,member
308646,18B1345DE0BAE1F9,classic_bike,2021-09-23 18:19:46,2021-09-23 18:27:46,E 81 St & Park Ave,7188,E 97 St & Madison Ave,7393,40.77677702,-73.9590097,40.787801,-73.953559,member
308647,16A189F88C39825F,classic_bike,2021-09-24 14:50:56,2021-09-24 14:56:37,E 81 St & Park Ave,7188,E 67 St & Park Ave,6932,40.77677702,-73.9590097,40.76780080148132,-73.96592080593109,member
308674,6ABD16AC374298DE,classic_bike,2021-09-18 17:24:49,2021-09-18 17:31:12,E 81 St & Park Ave,7188,E 67 St & Park Ave,6932,40.77677702,-73.9590097,40.76780080148132,-73.96592080593109,member
312313,47F53EF91F3DBE85,classic_bike,2021-09-29 15:23:08,2021-09-29 15:53:22,Madison Ave & E 82 St,7188,W 35 St & 9 Ave,6569,40.7781314,-73.96069399,40.75414519263519,-73.9960889518261,member
312381,01F78EF1ABB0EA22,classic_bike,2021-09-24 12:24:13,2021-09-24 12:29:17,Madison Ave & E 82 St,7188,E 97 St & Madison Ave,7393,40.7781314,-73.96069399,40.787801,-73.953559,member
312456,800B6A7DE4D8F113,classic_bike,2021-09-02 10:33:26,2021-09-02 10:40:02,Madison Ave & E 82 St,7188,E 67 St & Park Ave,6932,40.7781314,-73.96069399,40.76780080148132,-73.96592080593109,member
314437,78042982F36F601C,classic_bike,2021-09-20 18:22:37,2021-09-20 18:27:59,Madison Ave & E 82 St,7188,E 67 St & Park Ave,6932,40.7781314,-73.96069399,40.76780080148132,-73.96592080593109,member
314458,983B8274DC644664,electric_bike,2021-09-11 12:41:15,2021-09-11 13:41:03,Madison Ave & E 82 St,7188,9 Ave & W 22 St,6266,40.7781314,-73.96069399,40.7454973,-74.00197139,casual
318360,60C6419BA88B716E,classic_bike,2021-09-21 17:50:27,2021-09-21 18:06:26,Madison Ave & E 82 St,7188,E 110 St & Madison Ave,7587,40.7781314,-73.96069399,40.7961535,-73.94782145,member
318362,9020EC26F56CB6C7,electric_bike,2021-09-29 15:01:25,2021-09-29 15:10:07,Madison Ave & E 82 St,7188,E 110 St & Madison Ave,7587,40.7781314,-73.96069399,40.7961535,-73.94782145,casual
318377,C59B344271FDF935,classic_bike,2021-09-04 08:16:24,2021-09-04 08:25:06,Madison Ave & E 82 St,7188,E 110 St & Madison Ave,7587,40.7781314,-73.96069399,40.7961535,-73.94782145,member
318415,501ACD88645D62EB,classic_bike,2021-09-15 19:23:15,2021-09-15 19:30:23,Madison Ave & E 82 St,7188,E 110 St & Madison Ave,7587,40.7781314,-73.96069399,40.7961535,-73.94782145,member
323351,12E1D54C988CBB7E,classic_bike,2021-09-03 08:13:31,2021-09-03 08:16:25,E 81 St & Park Ave,7188,E 78 St & 2 Ave,7057,40.77677702,-73.9590097,40.7727966,-73.95577801,member
323353,5535E653AD339723,classic_bike,2021-09-13 18:49:26,2021-09-13 18:52:55,E 81 St & Park Ave,7188,E 78 St & 2 Ave,7057,40.77677702,-73.9590097,40.7727966,-73.95577801,member
323427,C181A4FD924356FA,classic_bike,2021-09-02 18:11:26,2021-09-02 18:15:09,E 81 St & Park Ave,7188,E 78 St & 2 Ave,7057,40.77677702,-73.9590097,40.7727966,-73.95577801,member
323429,E476D47F4E9779DE,classic_bike,2021-09-01 15:09:09,2021-09-01 15:13:37,E 81 St & Park Ave,7188,E 78 St & 2 Ave,7057,40.77677702,-73.9590097,40.7727966,-73.95577801,member
323850,090420EB2E1312BC,classic_bike,2021-09-07 22:24:40,2021-09-07 22:27:23,E 81 St & Park Ave,7188,E 76 St & Park Ave,7128,40.77677702,-73.9590097,40.773763,-73.96222088,member
323855,6CA12D8728306B53,electric_bike,2021-09-15 22:20:02,2021-09-15 22:21:33,E 81 St & Park Ave,7188,E 76 St & Park Ave,7128,40.77677702,-73.9590097,40.773763,-73.96222088,casual
323867,DE8C7C06C309F508,classic_bike,2021-09-23 13:18:07,2021-09-23 13:20:53,E 81 St & Park Ave,7188,E 76 St & Park Ave,7128,40.77677702,-73.9590097,40.773763,-73.96222088,member
323868,0A0B39CF968A80DD,classic_bike,2021-09-23 10:28:34,2021-09-23 10:34:22,E 81 St & Park Ave,7188,E 76 St & Park Ave,7128,40.77677702,-73.9590097,40.773763,-73.96222088,member
324471,722C924D61358539,classic_bike,2021-09-08 18:26:54,2021-09-08 18:30:09,Madison Ave & E 82 St,7188,E 76 St & Park Ave,7128,40.7781314,-73.96069399,40.773763,-73.96222088,member
324502,87DDA348EC1FE28E,classic_bike,2021-09-25 14:46:54,2021-09-25 15:21:16,Madison Ave & E 82 St,7188,W 63 St & Broadway,7052,40.7781314,-73.96069399,40.77163851,-73.98261428,casual
326683,CF9BF2636C457B71,electric_bike,2021-09-24 17:23:13,2021-09-24 17:43:39,E 81 St & Park Ave,7188,E 76 St & Park Ave,7128,40.77677702,-73.9590097,40.773763,-73.96222088,casual
326739,012320D8BE5CC97B,classic_bike,2021-09-13 10:49:00,2021-09-13 10:51:15,E 81 St & Park Ave,7188,E 76 St & Park Ave,7128,40.77677702,-73.9590097,40.773763,-73.96222088,member
326748,B138DCDF0D6E6783,electric_bike,2021-09-14 14:13:10,2021-09-14 14:42:56,E 81 St & Park Ave,7188,W 116 St & Amsterdam Ave,7692,40.77677702,-73.9590097,40.8067581,-73.9607082,casual
326836,4C25B7B4FAD92A00,electric_bike,2021-09-13 16:52:39,2021-09-13 18:08:32,E 81 St & Park Ave,7188,E 76 St & Park Ave,7128,40.77677702,-73.9590097,40.773763,-73.96222088,member
326839,252F243D0AADD674,electric_bike,2021-09-26 13:25:58,2021-09-26 14:00:52,E 81 St & Park Ave,7188,E 76 St & Park Ave,7128,40.77677702,-73.9590097,40.773763,-73.96222088,member
326841,F278E087D514BBFD,classic_bike,2021-09-24 12:07:10,2021-09-24 12:11:32,E 81 St & Park Ave,7188,E 76 St & Park Ave,7128,40.77677702,-73.9590097,40.773763,-73.96222088,casual
327613,0B0EF4F696FF12B6,classic_bike,2021-09-27 13:07:20,2021-09-27 13:23:21,Madison Ave & E 82 St,7188,E 60 St & York Ave,6682,40.7781314,-73.96069399,40.759107,-73.959223,member
328677,D576B86C0E4354E8,electric_bike,2021-09-08 13:44:17,2021-09-08 13:47:41,E 81 St & Park Ave,7188,E 76 St & Park Ave,7128,40.77677702,-73.9590097,40.773763,-73.96222088,member
330149,7485E157DD45F52F,classic_bike,2021-09-26 11:30:56,2021-09-26 11:43:34,E 81 St & Park Ave,7188,Central Park North & Adam Clayton Powell Blvd,7617,40.77677702,-73.9590097,40.799484,-73.955613,member
330897,FB145744657BB49A,classic_bike,2021-09-03 06:08:41,2021-09-03 06:24:43,E 81 St & Park Ave,7188,6 Ave & W 33 St,6364,40.77677702,-73.9590097,40.74901271,-73.98848395,member
332636,92065219FE80A107,classic_bike,2021-09-06 16:28:48,2021-09-06 17:00:01,E 81 St & Park Ave,7188,W 36 St & 9 Ave,6569,40.77677702,-73.9590097,40.75462324029105,-73.99516761302948,member
334034,8DC56F64DBAE7970,classic_bike,2021-09-13 18:18:56,2021-09-13 18:25:24,E 81 St & Park Ave,7188,E 88 St & 1 Ave,7235,40.77677702,-73.9590097,40.778301,-73.9488134,member
334079,944F70B9CBA33DEE,electric_bike,2021-09-13 15:53:55,2021-09-13 16:29:39,E 81 St & Park Ave,7188,Broadway & W 185 St,8416,40.77677702,-73.9590097,40.852538,-73.93441,member
338513,A4637018AF155DCF,electric_bike,2021-09-14 15:55:03,2021-09-14 16:38:13,E 81 St & Park Ave,7188,Thompson St & Bleecker St,5721,40.77677702,-73.9590097,40.72840059450829,-73.99968780577183,member
339689,EF1CDBC7A902A0B6,classic_bike,2021-09-14 15:14:37,2021-09-14 15:44:04,Madison Ave & E 82 St,7188,Adam Clayton Powell Blvd & W 126 St,7738,40.7781314,-73.96069399,40.80949534777948,-73.94776493310928,member
339693,D94BCE8365C92F61,classic_bike,2021-09-14 17:35:06,2021-09-14 17:42:05,Madison Ave & E 82 St,7188,5 Ave & E 63 St,6904,40.7781314,-73.96069399,40.766368,-73.971518,member
339800,03AD01959F96F302,classic_bike,2021-09-14 10:04:56,2021-09-14 10:14:58,E 81 St & Park Ave,7188,1 Ave & E 68 St,6822,40.77677702,-73.9590097,40.76500525,-73.95818491,member
341569,1C31C5718234D863,classic_bike,2021-09-27 22:53:04,2021-09-27 23:09:13,E 81 St & Park Ave,7188,Frederick Douglass Blvd & W 115 St,7658,40.77677702,-73.9590097,40.8038654,-73.9559308,member
342947,E55C7BD29E6143A4,classic_bike,2021-09-14 08:04:58,2021-09-14 08:16:43,E 81 St & Park Ave,7188,Broadway & W 51 St,6779,40.77677702,-73.9590097,40.76228826,-73.98336183,member
343378,4A768F3E4DD4413F,electric_bike,2021-09-12 10:33:05,2021-09-12 11:00:47,Madison Ave & E 82 St,7188,Stanton St & Chrystie St,5523,40.7781314,-73.96069399,40.72229346,-73.99147535,member
345227,EE9659038EE183D9,classic_bike,2021-09-11 13:38:04,2021-09-11 15:36:34,Madison Ave & E 82 St,7188,Central Park West & W 85 St,7354,40.7781314,-73.96069399,40.78476,-73.969862,casual
345230,A2B9B11998EFD3CA,classic_bike,2021-09-26 09:14:52,2021-09-26 10:06:01,Madison Ave & E 82 St,7188,5 Ave & E 72 St,7100,40.7781314,-73.96069399,40.77282817,-73.96685276,casual
345234,F9177D1C243D2220,classic_bike,2021-09-06 16:03:34,2021-09-06 16:54:59,Madison Ave & E 82 St,7188,5 Ave & E 72 St,7100,40.7781314,-73.96069399,40.77282817,-73.96685276,casual
345235,335E96B1AECF26AA,classic_bike,2021-09-18 19:39:37,2021-09-18 19:59:32,Madison Ave & E 82 St,7188,5 Ave & E 72 St,7100,40.7781314,-73.96069399,40.77282817,-73.96685276,casual
345289,8561B575581B2434,classic_bike,2021-09-23 13:15:54,2021-09-23 14:06:54,Madison Ave & E 82 St,7188,Central Park West & W 85 St,7354,40.7781314,-73.96069399,40.78476,-73.969862,casual
346806,DF7BB7D12DAADDD1,classic_bike,2021-09-09 08:10:15,2021-09-09 08:17:25,E 81 St & Park Ave,7188,E 102 St & Park Ave,7488,40.77677702,-73.9590097,40.7904828,-73.95033068,member
346858,D85B0E0B621AB8AB,docked_bike,2021-09-06 00:49:19,2021-09-06 01:16:01,Madison Ave & E 82 St,7188,St Nicholas Ave & Manhattan Ave,7723,40.778131,-73.960694,40.809725,-73.953149,casual
346862,EBAF64621FA3A53A,classic_bike,2021-09-25 17:26:24,2021-09-25 17:48:31,Madison Ave & E 82 St,7188,7 Ave & Central Park South,6912,40.7781314,-73.96069399,40.7667405590595,-73.9790689945221,casual
346865,7E789DEFD039E205,classic_bike,2021-09-17 19:14:38,2021-09-17 19:51:50,Madison Ave & E 82 St,7188,7 Ave & Central Park South,6912,40.7781314,-73.96069399,40.7667405590595,-73.9790689945221,casual
348236,4EA692A27C831F4A,electric_bike,2021-09-06 08:45:39,2021-09-06 09:25:47,E 81 St & Park Ave,7188,Park Pl & Church St,5288,40.77677702,-73.9590097,40.71334184275907,-74.00935515761375,member
349270,EB1033909632C08A,classic_bike,2021-09-07 08:18:02,2021-09-07 08:23:48,Madison Ave & E 82 St,7188,E 85 St & York Ave,7146,40.7781314,-73.96069399,40.77536905,-73.94803392,member
349274,E9A196A8750E0793,classic_bike,2021-09-11 21:50:25,2021-09-11 21:56:04,Madison Ave & E 82 St,7188,E 85 St & York Ave,7146,40.7781314,-73.96069399,40.77536905,-73.94803392,casual
349285,2FFF8C5DD3E3D3FD,electric_bike,2021-09-27 11:40:53,2021-09-27 12:06:56,Madison Ave & E 82 St,7188,6 Ave & Broome St,5610,40.7781314,-73.96069399,40.72431,-74.00473,member
349291,AA04CE13E07EF4A5,electric_bike,2021-09-22 07:41:58,2021-09-22 07:54:39,Madison Ave & E 82 St,7188,Adam Clayton Powell Blvd & W 115 St,7643,40.7781314,-73.96069399,40.802535,-73.9532423,member
350100,2F80846CC4671C74,classic_bike,2021-09-26 23:23:35,2021-09-26 23:30:11,E 81 St & Park Ave,7188,E 66 St & Madison Ave,6969,40.77677702,-73.9590097,40.76800889305947,-73.96845281124115,casual
352085,1E4C2FDCC2A3861C,classic_bike,2021-09-16 21:22:59,2021-09-16 21:51:51,E 81 St & Park Ave,7188,12 Ave & W 40 St,6765,40.77677702,-73.9590097,40.76087502,-74.00277668,member
354487,FA6F6BAE7603A9AE,electric_bike,2021-09-14 19:00:43,2021-09-14 19:19:45,E 81 St & Park Ave,7188,Sunken Meadow Comfort Station,7571,40.77677702,-73.9590097,40.79558,-73.91906,casual
358883,30C7D11FC3D024DB,electric_bike,2021-09-23 08:17:40,2021-09-23 08:37:57,Madison Ave & E 82 St,7188,8 Ave & W 38 St,6526,40.7781314,-73.96069399,40.75461,-73.99177,member
358887,FCA1E25D6B7653AE,classic_bike,2021-09-18 16:48:07,2021-09-18 17:08:11,Madison Ave & E 82 St,7188,8 Ave & W 38 St,6526,40.7781314,-73.96069399,40.75461,-73.99177,member
358898,282FCEAC40B93D4D,classic_bike,2021-09-02 18:04:40,2021-09-02 18:48:28,Madison Ave & E 82 St,7188,Sunken Meadow Comfort Station,7571,40.7781314,-73.96069399,40.79558,-73.91906,member
358924,AFF9772B63D801EB,electric_bike,2021-09-10 08:59:32,2021-09-10 09:16:59,Madison Ave & E 82 St,7188,8 Ave & W 38 St,6526,40.7781314,-73.96069399,40.75461,-73.99177,member
358932,CBEA538F72FBD0F1,electric_bike,2021-09-26 15:23:57,2021-09-26 15:52:31,Madison Ave & E 82 St,7188,8 Ave & W 38 St,6526,40.7781314,-73.96069399,40.75461,-73.99177,casual
363293,5DA368BACDF58B22,classic_bike,2021-09-20 08:20:48,2021-09-20 08:41:05,Madison Ave & E 82 St,7188,8 Ave & W 38 St,6526,40.7781314,-73.96069399,40.75461,-73.99177,member
363323,D6CACC35A27C60B8,electric_bike,2021-09-09 08:28:44,2021-09-09 08:48:35,Madison Ave & E 82 St,7188,8 Ave & W 38 St,6526,40.7781314,-73.96069399,40.75461,-73.99177,member
363327,7F9C77AA521ABC53,classic_bike,2021-09-18 13:55:54,2021-09-18 14:27:14,Madison Ave & E 82 St,7188,Vernon Blvd & 47 Rd,6212,40.7781314,-73.96069399,40.7449067,-73.9534573,member
366190,408CEAB94C89B935,classic_bike,2021-09-29 13:20:34,2021-09-29 13:42:23,E 81 St & Park Ave,7188,8 Ave & W 38 St,6526,40.77677702,-73.9590097,40.75461,-73.99177,casual
367210,00E7C5D4D89A6685,classic_bike,2021-09-07 08:05:52,2021-09-07 08:18:10,Madison Ave & E 82 St,7188,W 52 St & 6 Ave,6740,40.7781314,-73.96069399,40.76132983124814,-73.97982001304626,member
367236,FB6697B2310B4467,classic_bike,2021-09-27 07:15:23,2021-09-27 07:31:54,Madison Ave & E 82 St,7188,3 Ave & E 62 St,6762,40.7781314,-73.96069399,40.76312584,-73.96526895,member
367240,4467CEE89FA4F0F6,electric_bike,2021-09-20 06:57:11,2021-09-20 07:05:57,Madison Ave & E 82 St,7188,3 Ave & E 62 St,6762,40.7781314,-73.96069399,40.76312584,-73.96526895,casual
367273,F6B15DC391749DDC,electric_bike,2021-09-21 07:43:10,2021-09-21 07:52:11,Madison Ave & E 82 St,7188,W 52 St & 6 Ave,6740,40.7781314,-73.96069399,40.76132983124814,-73.97982001304626,member
367281,757813DCB9D913C1,electric_bike,2021-09-30 13:30:29,2021-09-30 13:40:34,Madison Ave & E 82 St,7188,3 Ave & E 62 St,6762,40.7781314,-73.96069399,40.76312584,-73.96526895,member
367283,87FFEB8E39C167C0,electric_bike,2021-09-29 06:52:25,2021-09-29 07:02:00,Madison Ave & E 82 St,7188,3 Ave & E 62 St,6762,40.7781314,-73.96069399,40.76312584,-73.96526895,member
367289,3AE30AA99ED96074,classic_bike,2021-09-11 18:34:23,2021-09-11 18:49:12,Madison Ave & E 82 St,7188,3 Ave & E 62 St,6762,40.7781314,-73.96069399,40.76312584,-73.96526895,casual
367294,385361568B3FAAC6,classic_bike,2021-09-10 07:54:17,2021-09-10 08:06:58,Madison Ave & E 82 St,7188,3 Ave & E 62 St,6762,40.7781314,-73.96069399,40.76312584,-73.96526895,casual
368492,0866598E62120E04,classic_bike,2021-09-15 15:27:59,2021-09-15 15:36:28,E 81 St & Park Ave,7188,3 Ave & E 62 St,6762,40.77677702,-73.9590097,40.76312584,-73.96526895,member
369161,A6BC5F64AB9311F6,electric_bike,2021-09-06 12:12:23,2021-09-06 12:19:34,Madison Ave & E 82 St,7188,3 Ave & E 62 St,6762,40.7781314,-73.96069399,40.76312584,-73.96526895,member
369166,DDD22F43F14931E6,classic_bike,2021-09-22 13:50:33,2021-09-22 14:01:37,Madison Ave & E 82 St,7188,3 Ave & E 62 St,6762,40.7781314,-73.96069399,40.76312584,-73.96526895,member
369170,B3CC7C39F1AB1582,electric_bike,2021-09-19 10:45:57,2021-09-19 12:10:58,Madison Ave & E 82 St,7188,Henry St & Middagh St,4861,40.7781314,-73.96069399,40.7003,-73.991581,casual
369181,2F048E183563FCD1,classic_bike,2021-09-02 15:46:54,2021-09-02 15:54:44,Madison Ave & E 82 St,7188,3 Ave & E 62 St,6762,40.7781314,-73.96069399,40.76312584,-73.96526895,member
369193,9CA2009D5BA139AB,classic_bike,2021-09-14 16:45:14,2021-09-14 17:04:16,Madison Ave & E 82 St,7188,W 52 St & 6 Ave,6740,40.7781314,-73.96069399,40.76132983124814,-73.97982001304626,member
369210,6E855B2521AF50B7,classic_bike,2021-09-11 17:51:40,2021-09-11 18:07:16,Madison Ave & E 82 St,7188,3 Ave & E 62 St,6762,40.7781314,-73.96069399,40.76312584,-73.96526895,member
369215,2C68BF348FECACC3,docked_bike,2021-09-02 11:11:30,2021-09-02 14:00:42,Madison Ave & E 82 St,7188,3 Ave & E 62 St,6762,40.778131,-73.960694,40.763126,-73.965269,casual
369217,185475EF2D8DB5B2,electric_bike,2021-09-15 07:29:43,2021-09-15 08:25:52,Madison Ave & E 82 St,7188,3 Ave & E 62 St,6762,40.7781314,-73.96069399,40.76312584,-73.96526895,member
369223,09E68C573147774E,electric_bike,2021-09-15 18:14:05,2021-09-15 18:22:29,Madison Ave & E 82 St,7188,3 Ave & E 62 St,6762,40.7781314,-73.96069399,40.76312584,-73.96526895,member
369225,FBCCBF56762A84D6,classic_bike,2021-09-13 07:01:18,2021-09-13 07:18:19,Madison Ave & E 82 St,7188,3 Ave & E 62 St,6762,40.7781314,-73.96069399,40.76312584,-73.96526895,member
369258,3A832A9F1AEE7660,classic_bike,2021-09-07 14:16:55,2021-09-07 14:35:28,Madison Ave & E 82 St,7188,W 52 St & 6 Ave,6740,40.7781314,-73.96069399,40.76132983124814,-73.97982001304626,member
369267,F1C23A1BC5B32A93,classic_bike,2021-09-21 08:13:05,2021-09-21 08:25:05,Madison Ave & E 82 St,7188,3 Ave & E 62 St,6762,40.7781314,-73.96069399,40.76312584,-73.96526895,member
369268,DFC7C79B90584216,electric_bike,2021-09-14 07:35:44,2021-09-14 07:45:25,Madison Ave & E 82 St,7188,3 Ave & E 62 St,6762,40.7781314,-73.96069399,40.76312584,-73.96526895,member
369762,0E62E4FCA1816234,classic_bike,2021-09-21 14:12:00,2021-09-21 14:37:07,Madison Ave & E 82 St,7188,3 Ave & E 62 St,6762,40.7781314,-73.96069399,40.76312584,-73.96526895,casual
369789,943B444864ED6E82,classic_bike,2021-09-11 14:05:11,2021-09-11 15:05:14,Madison Ave & E 82 St,7188,W 52 St & 6 Ave,6740,40.7781314,-73.96069399,40.76132983124814,-73.97982001304626,casual
371532,953A77BA41A1933A,classic_bike,2021-09-23 14:52:36,2021-09-23 15:05:03,E 81 St & Park Ave,7188,3 Ave & E 62 St,6762,40.77677702,-73.9590097,40.76312584,-73.96526895,member
371533,A4E37C740C84E259,classic_bike,2021-09-24 13:34:09,2021-09-24 13:51:15,E 81 St & Park Ave,7188,3 Ave & E 62 St,6762,40.77677702,-73.9590097,40.76312584,-73.96526895,member
371545,FA79A7ABF81830B0,classic_bike,2021-09-23 09:57:20,2021-09-23 10:07:59,E 81 St & Park Ave,7188,3 Ave & E 62 St,6762,40.77677702,-73.9590097,40.76312584,-73.96526895,member
371573,685F71C4A890B553,electric_bike,2021-09-13 21:38:27,2021-09-13 21:47:28,E 81 St & Park Ave,7188,3 Ave & E 62 St,6762,40.77677702,-73.9590097,40.76312584,-73.96526895,member
371574,05A351DB0D8C3003,classic_bike,2021-09-02 14:43:30,2021-09-02 14:54:47,E 81 St & Park Ave,7188,3 Ave & E 62 St,6762,40.77677702,-73.9590097,40.76312584,-73.96526895,member
371578,79442864AC069E85,classic_bike,2021-09-17 13:46:44,2021-09-17 14:04:21,E 81 St & Park Ave,7188,3 Ave & E 62 St,6762,40.77677702,-73.9590097,40.76312584,-73.96526895,casual
372648,9FF61FA4988046A5,classic_bike,2021-09-29 10:12:48,2021-09-29 10:22:46,Madison Ave & E 82 St,7188,3 Ave & E 62 St,6762,40.7781314,-73.96069399,40.76312584,-73.96526895,casual
372651,4423FFFBE2DC845C,classic_bike,2021-09-04 13:58:45,2021-09-04 14:41:16,Madison Ave & E 82 St,7188,W 52 St & 6 Ave,6740,40.7781314,-73.96069399,40.76132983124814,-73.97982001304626,casual
372686,08B8E62A0AC6636E,classic_bike,2021-09-02 17:17:48,2021-09-02 17:38:17,Madison Ave & E 82 St,7188,3 Ave & E 62 St,6762,40.7781314,-73.96069399,40.76312584,-73.96526895,member
372699,BAB3D8CD09CCF23E,classic_bike,2021-09-05 16:00:37,2021-09-05 16:10:59,Madison Ave & E 82 St,7188,3 Ave & E 62 St,6762,40.7781314,-73.96069399,40.76312584,-73.96526895,member
372701,924E938CF9C5C238,classic_bike,2021-09-15 17:15:59,2021-09-15 17:26:18,Madison Ave & E 82 St,7188,3 Ave & E 62 St,6762,40.7781314,-73.96069399,40.76312584,-73.96526895,member
372706,2D7A86A7E09A3EAC,classic_bike,2021-09-02 08:09:18,2021-09-02 08:21:30,Madison Ave & E 82 St,7188,W 52 St & 6 Ave,6740,40.7781314,-73.96069399,40.76132983124814,-73.97982001304626,member
372737,63E22FAAC4E25CAB,classic_bike,2021-09-18 13:20:09,2021-09-18 13:32:53,E 81 St & Park Ave,7188,3 Ave & E 62 St,6762,40.77677702,-73.9590097,40.76312584,-73.96526895,casual
373650,D20CFE5B3FC636AA,electric_bike,2021-09-25 09:40:52,2021-09-25 09:51:12,Madison Ave & E 82 St,7188,W 52 St & 6 Ave,6740,40.7781314,-73.96069399,40.76132983124814,-73.97982001304626,member
373654,15C73705BA23F93D,electric_bike,2021-09-01 08:03:38,2021-09-01 08:12:21,Madison Ave & E 82 St,7188,3 Ave & E 62 St,6762,40.7781314,-73.96069399,40.76312584,-73.96526895,casual
373655,6BBDC50543F71E8C,classic_bike,2021-09-11 18:34:27,2021-09-11 18:49:20,Madison Ave & E 82 St,7188,3 Ave & E 62 St,6762,40.7781314,-73.96069399,40.76312584,-73.96526895,casual
373656,641B3F32EE650B1F,classic_bike,2021-09-11 14:07:25,2021-09-11 15:05:22,Madison Ave & E 82 St,7188,W 52 St & 6 Ave,6740,40.7781314,-73.96069399,40.76132983124814,-73.97982001304626,casual
375916,DB5A8DBBD6C1C136,classic_bike,2021-09-13 15:58:50,2021-09-13 16:11:21,Madison Ave & E 82 St,7188,3 Ave & E 62 St,6762,40.7781314,-73.96069399,40.76312584,-73.96526895,member
376176,6B851EEADF7C9774,classic_bike,2021-09-16 10:14:50,2021-09-16 10:26:12,Madison Ave & E 82 St,7188,3 Ave & E 62 St,6762,40.7781314,-73.96069399,40.76312584,-73.96526895,casual
376722,D68AAD8827E84396,classic_bike,2021-09-21 18:04:37,2021-09-21 18:15:17,Madison Ave & E 82 St,7188,3 Ave & E 62 St,6762,40.7781314,-73.96069399,40.76312584,-73.96526895,casual
376758,985FCAC7A5864B11,classic_bike,2021-09-22 07:52:56,2021-09-22 08:42:58,Madison Ave & E 82 St,7188,3 Ave & E 62 St,6762,40.7781314,-73.96069399,40.76312584,-73.96526895,member
376759,393EBC14408BDCF0,electric_bike,2021-09-20 07:41:13,2021-09-20 07:54:37,Madison Ave & E 82 St,7188,3 Ave & E 62 St,6762,40.7781314,-73.96069399,40.76312584,-73.96526895,member
376820,CA47545807D66960,classic_bike,2021-09-18 18:47:32,2021-09-18 19:10:58,Madison Ave & E 82 St,7188,W 52 St & 6 Ave,6740,40.7781314,-73.96069399,40.76132983124814,-73.97982001304626,member
376827,6FA6682AF405B162,electric_bike,2021-09-01 14:04:06,2021-09-01 15:01:34,Madison Ave & E 82 St,7188,W 52 St & 6 Ave,6740,40.7781314,-73.96069399,40.76132983124814,-73.97982001304626,casual
377247,A2CC45A652F1201B,classic_bike,2021-09-21 06:57:11,2021-09-21 07:06:53,Madison Ave & E 82 St,7188,3 Ave & E 62 St,6762,40.7781314,-73.96069399,40.76312584,-73.96526895,casual
378967,1D05C50FD1438AAE,classic_bike,2021-09-19 14:59:47,2021-09-19 15:11:38,Madison Ave & E 82 St,7188,3 Ave & E 62 St,6762,40.7781314,-73.96069399,40.76312584,-73.96526895,member
378970,5BCC19E8DA1CE623,classic_bike,2021-09-02 17:17:58,2021-09-02 17:38:18,Madison Ave & E 82 St,7188,3 Ave & E 62 St,6762,40.7781314,-73.96069399,40.76312584,-73.96526895,member
378974,A8CBA8684587B1A5,electric_bike,2021-09-25 12:22:14,2021-09-25 12:30:34,Madison Ave & E 82 St,7188,3 Ave & E 62 St,6762,40.7781314,-73.96069399,40.76312584,-73.96526895,casual
378975,0F6EFB40144BBF85,classic_bike,2021-09-25 09:48:01,2021-09-25 09:55:43,Madison Ave & E 82 St,7188,3 Ave & E 62 St,6762,40.7781314,-73.96069399,40.76312584,-73.96526895,casual
379125,19CB0844C2DA0BD6,classic_bike,2021-09-18 15:57:11,2021-09-18 16:11:44,E 81 St & Park Ave,7188,3 Ave & E 62 St,6762,40.77677702,-73.9590097,40.76312584,-73.96526895,member
380287,413FEBF861B2BC07,classic_bike,2021-09-10 18:12:06,2021-09-10 18:29:43,Madison Ave & E 82 St,7188,W 36 St & 7 Ave,6483,40.7781314,-73.96069399,40.752149,-73.989539,member
380304,923DA2E60A8A975C,classic_bike,2021-09-04 18:42:13,2021-09-04 19:21:29,Madison Ave & E 82 St,7188,5 Ave & E 87 St,7323,40.7781314,-73.96069399,40.78231448346993,-73.95980536937714,member
380309,79298B28E7104989,classic_bike,2021-09-19 13:11:13,2021-09-19 13:39:17,Madison Ave & E 82 St,7188,5 Ave & E 87 St,7323,40.7781314,-73.96069399,40.78232260730881,-73.95987510681152,casual
380849,99EF00253D45001D,classic_bike,2021-09-02 12:57:26,2021-09-02 13:14:58,Madison Ave & E 82 St,7188,3 Ave & E 62 St,6762,40.7781314,-73.96069399,40.76312584,-73.96526895,casual
380850,12A94D3943AC1282,electric_bike,2021-09-04 19:13:23,2021-09-04 19:21:48,Madison Ave & E 82 St,7188,E 118 St & Park Ave,7625,40.7781314,-73.96069399,40.8005385,-73.9419949,casual
381268,0E9619524BFD1798,classic_bike,2021-09-18 14:45:31,2021-09-18 15:10:16,E 81 St & Park Ave,7188,W 36 St & 7 Ave,6483,40.77677702,-73.9590097,40.752149,-73.989539,member
382609,4F7E6978C044CAEB,docked_bike,2021-09-11 18:06:11,2021-09-11 19:34:21,Madison Ave & E 82 St,7188,5 Ave & E 87 St,7323,40.778131,-73.960694,40.782323,-73.959875,casual
382613,4751BF576F854AE0,electric_bike,2021-09-22 16:31:03,2021-09-22 17:26:54,Madison Ave & E 82 St,7188,5 Ave & E 87 St,7323,40.7781314,-73.96069399,40.78232260730881,-73.95987510681152,member
383407,3C03CD3CC34D19B2,classic_bike,2021-09-11 11:53:24,2021-09-11 12:49:21,Madison Ave & E 82 St,7188,5 Ave & E 87 St,7323,40.7781314,-73.96069399,40.78232260730881,-73.95987510681152,casual
383447,54BEFEA5A007860E,classic_bike,2021-09-24 18:49:43,2021-09-24 18:53:49,E 81 St & Park Ave,7188,5 Ave & E 87 St,7323,40.77677702,-73.9590097,40.78232260730881,-73.95987510681152,casual
383449,AECA01C8FD91D0C0,classic_bike,2021-09-12 11:53:00,2021-09-12 12:07:26,E 81 St & Park Ave,7188,E 53 St & Madison Ave,6659,40.77677702,-73.9590097,40.7597108,-73.97402311,casual
383451,9C1E086A58DB6620,classic_bike,2021-09-28 17:48:38,2021-09-28 18:01:27,E 81 St & Park Ave,7188,E 53 St & Madison Ave,6659,40.77677702,-73.9590097,40.7597108,-73.97402311,member
384934,3E60191EB7D8712F,classic_bike,2021-09-06 18:17:38,2021-09-06 18:26:25,Madison Ave & E 82 St,7188,5 Ave & E 87 St,7323,40.7781314,-73.96069399,40.78231448346993,-73.95980536937714,casual
384937,DC14E454533BBF78,classic_bike,2021-09-26 15:10:32,2021-09-26 15:26:56,Madison Ave & E 82 St,7188,5 Ave & E 87 St,7323,40.7781314,-73.96069399,40.78232260730881,-73.95987510681152,casual
384938,969BE786CA2A36AE,classic_bike,2021-09-25 16:29:03,2021-09-25 17:19:41,Madison Ave & E 82 St,7188,W 36 St & 7 Ave,6483,40.7781314,-73.96069399,40.752149,-73.989539,casual
385020,F44A95B3B9D8984A,classic_bike,2021-09-05 16:44:56,2021-09-05 16:49:38,Madison Ave & E 82 St,7188,5 Ave & E 87 St,7323,40.7781314,-73.96069399,40.78231448346993,-73.95980536937714,member
385030,D1901FA60ECD7FDD,classic_bike,2021-09-11 14:43:18,2021-09-11 15:18:34,Madison Ave & E 82 St,7188,5 Ave & E 87 St,7323,40.7781314,-73.96069399,40.78232260730881,-73.95987510681152,casual
385031,D54BC597C89C38BF,classic_bike,2021-09-11 14:42:49,2021-09-11 15:18:24,Madison Ave & E 82 St,7188,5 Ave & E 87 St,7323,40.7781314,-73.96069399,40.78232260730881,-73.95987510681152,casual
386310,08368083FF6C2CE5,classic_bike,2021-09-24 18:27:46,2021-09-24 18:32:13,E 81 St & Park Ave,7188,5 Ave & E 87 St,7323,40.77677702,-73.9590097,40.78232260730881,-73.95987510681152,member
386347,A451EFC255AB30F6,classic_bike,2021-09-06 17:42:16,2021-09-06 18:33:06,E 81 St & Park Ave,7188,5 Ave & E 87 St,7323,40.77677702,-73.9590097,40.78231448346993,-73.95980536937714,casual
386348,E4CEC99A7A135F18,electric_bike,2021-09-25 14:06:39,2021-09-25 15:07:34,E 81 St & Park Ave,7188,5 Ave & E 87 St,7323,40.77677702,-73.9590097,40.78232260730881,-73.95987510681152,casual
386350,533B48FC104BBFB7,classic_bike,2021-09-06 17:47:19,2021-09-06 18:32:50,E 81 St & Park Ave,7188,5 Ave & E 87 St,7323,40.77677702,-73.9590097,40.78231448346993,-73.95980536937714,casual
386357,8E37CB10D8643752,classic_bike,2021-09-26 10:56:44,2021-09-26 11:00:28,E 81 St & Park Ave,7188,5 Ave & E 87 St,7323,40.77677702,-73.9590097,40.78232260730881,-73.95987510681152,member
386359,B333E2D18020A379,classic_bike,2021-09-06 17:42:45,2021-09-06 18:32:55,E 81 St & Park Ave,7188,5 Ave & E 87 St,7323,40.77677702,-73.9590097,40.78231448346993,-73.95980536937714,casual
386361,25CA334DE4FAA8ED,electric_bike,2021-09-05 16:11:24,2021-09-05 16:42:24,E 81 St & Park Ave,7188,5 Ave & E 87 St,7323,40.77677702,-73.9590097,40.78231448346993,-73.95980536937714,member
387261,4EFCA3E7A2617275,classic_bike,2021-09-19 08:31:16,2021-09-19 08:37:25,E 81 St & Park Ave,7188,5 Ave & E 87 St,7323,40.77677702,-73.9590097,40.78232260730881,-73.95987510681152,casual
387479,698942323074330A,classic_bike,2021-09-06 17:40:48,2021-09-06 18:33:05,E 81 St & Park Ave,7188,5 Ave & E 87 St,7323,40.77677702,-73.9590097,40.78231448346993,-73.95980536937714,casual
390142,5D8EBBC035AFD63B,electric_bike,2021-09-11 08:02:26,2021-09-11 08:35:10,E 81 St & Park Ave,7188,5 Ave & E 87 St,7323,40.77677702,-73.9590097,40.78232260730881,-73.95987510681152,member
390159,487BBB0D97478BA1,classic_bike,2021-09-27 12:50:05,2021-09-27 13:02:56,E 81 St & Park Ave,7188,E 53 St & Madison Ave,6659,40.77677702,-73.9590097,40.7597108,-73.97402311,member
390965,3EECE6B2A1158CDE,classic_bike,2021-09-20 15:37:52,2021-09-20 15:41:53,E 81 St & Park Ave,7188,5 Ave & E 87 St,7323,40.77677702,-73.9590097,40.78232260730881,-73.95987510681152,member
391377,1B96AF74A3D2FA0B,classic_bike,2021-09-03 14:29:23,2021-09-03 14:44:42,E 81 St & Park Ave,7188,E 53 St & Madison Ave,6659,40.77677702,-73.9590097,40.7597108,-73.97402311,member
391383,3EDB09E96873AF77,electric_bike,2021-09-13 17:52:28,2021-09-13 18:55:05,E 81 St & Park Ave,7188,5 Ave & E 87 St,7323,40.77677702,-73.9590097,40.78232260730881,-73.95987510681152,member
395472,D4E7CEC521A7E30B,classic_bike,2021-09-06 15:34:43,2021-09-06 15:42:41,E 81 St & Park Ave,7188,5 Ave & E 87 St,7323,40.77677702,-73.9590097,40.78231448346993,-73.95980536937714,member
395761,0177415C49C3AF25,classic_bike,2021-09-15 22:21:43,2021-09-15 22:24:48,E 81 St & Park Ave,7188,5 Ave & E 87 St,7323,40.77677702,-73.9590097,40.78232260730881,-73.95987510681152,casual
395763,56EA5A85BF0E1C28,classic_bike,2021-09-06 17:39:45,2021-09-06 18:32:34,E 81 St & Park Ave,7188,5 Ave & E 87 St,7323,40.77677702,-73.9590097,40.78231448346993,-73.95980536937714,casual
397200,7B553DE126569204,classic_bike,2021-09-12 20:12:00,2021-09-12 20:16:19,E 81 St & Park Ave,7188,5 Ave & E 87 St,7323,40.77677702,-73.9590097,40.78232260730881,-73.95987510681152,member
397220,6F069DDE3C480041,classic_bike,2021-09-12 11:55:11,2021-09-12 12:07:35,E 81 St & Park Ave,7188,E 53 St & Madison Ave,6659,40.77677702,-73.9590097,40.7597108,-73.97402311,casual
397227,A78AEBF7F767B117,electric_bike,2021-09-23 09:11:18,2021-09-23 09:22:44,E 81 St & Park Ave,7188,E 53 St & Madison Ave,6659,40.77677702,-73.9590097,40.7597108,-73.97402311,casual
397229,B7FC6C880CED440A,classic_bike,2021-09-06 17:42:15,2021-09-06 18:32:30,E 81 St & Park Ave,7188,5 Ave & E 87 St,7323,40.77677702,-73.9590097,40.78231448346993,-73.95980536937714,casual
398203,3EE5660631A1D990,classic_bike,2021-09-27 13:18:41,2021-09-27 13:26:35,E 81 St & Park Ave,7188,5 Ave & E 87 St,7323,40.77677702,-73.9590097,40.78232260730881,-73.95987510681152,casual
412456,DBE261343D86E10A,docked_bike,2021-09-11 18:06:08,2021-09-11 19:35:16,Madison Ave & E 82 St,7188,5 Ave & E 87 St,7323,40.778131,-73.960694,40.782323,-73.959875,casual
412499,2365195043367FC5,docked_bike,2021-09-11 18:05:42,2021-09-11 19:35:31,Madison Ave & E 82 St,7188,5 Ave & E 87 St,7323,40.778131,-73.960694,40.782323,-73.959875,casual
412512,C18D385FD81B6652,electric_bike,2021-09-23 14:44:52,2021-09-23 14:48:16,Madison Ave & E 82 St,7188,5 Ave & E 87 St,7323,40.7781314,-73.96069399,40.78232260730881,-73.95987510681152,member
412514,78F2EB3104E3B157,electric_bike,2021-09-03 18:37:31,2021-09-03 19:06:38,Madison Ave & E 82 St,7188,5 Ave & E 87 St,7323,40.7781314,-73.96069399,40.78231448346993,-73.95980536937714,member
412525,FFD6C7F5B80B7D03,electric_bike,2021-09-20 15:42:36,2021-09-20 15:52:50,Madison Ave & E 82 St,7188,E 53 St & Madison Ave,6659,40.7781314,-73.96069399,40.7597108,-73.97402311,casual
412530,8A22856F3A72D6D8,electric_bike,2021-09-11 16:11:18,2021-09-11 16:18:25,Madison Ave & E 82 St,7188,5 Ave & E 87 St,7323,40.7781314,-73.96069399,40.78232260730881,-73.95987510681152,casual
412563,147B54382415574F,classic_bike,2021-09-11 17:46:34,2021-09-11 18:14:32,Madison Ave & E 82 St,7188,MacDougal St & Washington Sq,5797,40.7781314,-73.96069399,40.73226398,-73.99852205,member
412577,69D585C701385960,classic_bike,2021-09-17 16:38:08,2021-09-17 18:58:20,Madison Ave & E 82 St,7188,W 36 St & 7 Ave,6483,40.7781314,-73.96069399,40.752149,-73.989539,casual
412590,A6E5F0F7813576B2,classic_bike,2021-09-22 16:05:47,2021-09-22 16:37:31,Madison Ave & E 82 St,7188,E 19 St & 3 Ave,5938,40.7781314,-73.96069399,40.73624527,-73.98473765,member
412593,22BD2BD147A7BFA3,classic_bike,2021-09-02 17:05:18,2021-09-02 17:44:29,Madison Ave & E 82 St,7188,MacDougal St & Washington Sq,5797,40.7781314,-73.96069399,40.73226398,-73.99852205,member
412600,AE6BEF0802B9A881,electric_bike,2021-09-21 07:26:54,2021-09-21 07:36:15,Madison Ave & E 82 St,7188,E 53 St & Madison Ave,6659,40.7781314,-73.96069399,40.7597108,-73.97402311,member
412615,8B0A464374F78F12,classic_bike,2021-09-02 18:46:36,2021-09-02 19:32:29,Madison Ave & E 82 St,7188,5 Ave & E 87 St,7323,40.7781314,-73.96069399,40.78231448346993,-73.95980536937714,member
412629,83885C887CD396B3,classic_bike,2021-09-27 08:36:51,2021-09-27 08:41:50,Madison Ave & E 82 St,7188,5 Ave & E 87 St,7323,40.7781314,-73.96069399,40.78232260730881,-73.95987510681152,casual
412635,C1E86AE7CF104E93,classic_bike,2021-09-02 13:35:45,2021-09-02 13:58:15,Madison Ave & E 82 St,7188,E 53 St & Madison Ave,6659,40.7781314,-73.96069399,40.7597108,-73.97402311,casual
412654,04767F24388820F9,electric_bike,2021-09-19 11:41:10,2021-09-19 11:45:57,Madison Ave & E 82 St,7188,5 Ave & E 87 St,7323,40.7781314,-73.96069399,40.78232260730881,-73.95987510681152,member
412655,9CBC048786392F98,classic_bike,2021-09-19 15:42:24,2021-09-19 15:45:39,Madison Ave & E 82 St,7188,5 Ave & E 87 St,7323,40.7781314,-73.96069399,40.78232260730881,-73.95987510681152,member
412656,99B3F193905BC173,classic_bike,2021-09-09 10:38:19,2021-09-09 10:43:38,Madison Ave & E 82 St,7188,5 Ave & E 87 St,7323,40.7781314,-73.96069399,40.78232260730881,-73.95987510681152,casual
412658,BC47EFDCCF22153D,electric_bike,2021-09-09 23:51:56,2021-09-10 00:03:21,Madison Ave & E 82 St,7188,5 Ave & E 87 St,7323,40.7781314,-73.96069399,40.78232260730881,-73.95987510681152,casual
412690,B8D4FBFC9346720F,classic_bike,2021-09-11 11:51:54,2021-09-11 12:49:23,Madison Ave & E 82 St,7188,5 Ave & E 87 St,7323,40.7781314,-73.96069399,40.78232260730881,-73.95987510681152,casual
412696,4237E155089DDECA,docked_bike,2021-09-11 18:05:55,2021-09-11 19:34:04,Madison Ave & E 82 St,7188,5 Ave & E 87 St,7323,40.778131,-73.960694,40.782323,-73.959875,casual
412699,93FB69AFA819664D,classic_bike,2021-09-25 14:57:55,2021-09-25 15:10:55,Madison Ave & E 82 St,7188,E 53 St & Madison Ave,6659,40.7781314,-73.96069399,40.7597108,-73.97402311,member
412708,8DD5399D767203CC,classic_bike,2021-09-20 16:00:18,2021-09-20 17:12:08,Madison Ave & E 82 St,7188,5 Ave & E 87 St,7323,40.7781314,-73.96069399,40.78232260730881,-73.95987510681152,casual
412709,211CD5300E53C558,classic_bike,2021-09-03 16:54:07,2021-09-03 17:57:46,Madison Ave & E 82 St,7188,W 36 St & 7 Ave,6483,40.7781314,-73.96069399,40.752149,-73.989539,casual
412713,8DFBB4156A601774,classic_bike,2021-09-25 17:38:07,2021-09-25 18:48:16,Madison Ave & E 82 St,7188,MacDougal St & Washington Sq,5797,40.7781314,-73.96069399,40.73226398,-73.99852205,casual
412719,9D9EEF0227C52920,electric_bike,2021-09-22 07:15:06,2021-09-22 07:23:10,Madison Ave & E 82 St,7188,E 53 St & Madison Ave,6659,40.7781314,-73.96069399,40.7597108,-73.97402311,member
412721,7F1BA20B83EB77BF,classic_bike,2021-09-11 13:46:15,2021-09-11 14:35:24,Madison Ave & E 82 St,7188,5 Ave & E 87 St,7323,40.7781314,-73.96069399,40.78232260730881,-73.95987510681152,casual
412724,464E0CFD59DABB6F,electric_bike,2021-09-12 17:02:56,2021-09-12 18:05:16,Madison Ave & E 82 St,7188,5 Ave & E 87 St,7323,40.7781314,-73.96069399,40.78232260730881,-73.95987510681152,casual
412725,0620301A7E885378,classic_bike,2021-09-06 16:23:11,2021-09-06 16:41:15,Madison Ave & E 82 St,7188,E 53 St & Madison Ave,6659,40.7781314,-73.96069399,40.7597108,-73.97402311,casual
412737,C6E5B6A6AF887B3D,classic_bike,2021-09-12 12:34:12,2021-09-12 13:08:15,Madison Ave & E 82 St,7188,5 Ave & E 87 St,7323,40.7781314,-73.96069399,40.78232260730881,-73.95987510681152,member
412748,87F550CC4E3C92D6,electric_bike,2021-09-27 11:41:04,2021-09-27 12:05:59,Madison Ave & E 82 St,7188,E 19 St & 3 Ave,5938,40.7781314,-73.96069399,40.73624527,-73.98473765,member
412763,153DA31855C2DE32,docked_bike,2021-09-26 15:16:19,2021-09-26 15:27:33,Madison Ave & E 82 St,7188,5 Ave & E 87 St,7323,40.778131,-73.960694,40.782323,-73.959875,casual
412773,813042C56B6BF3E7,classic_bike,2021-09-11 14:37:08,2021-09-11 16:40:26,Madison Ave & E 82 St,7188,5 Ave & E 87 St,7323,40.7781314,-73.96069399,40.78232260730881,-73.95987510681152,casual
412804,CD46F984755A1606,electric_bike,2021-09-27 07:12:29,2021-09-27 07:20:49,Madison Ave & E 82 St,7188,E 53 St & Madison Ave,6659,40.7781314,-73.96069399,40.7597108,-73.97402311,member
412821,3A24EABE9D0C7751,classic_bike,2021-09-03 16:54:06,2021-09-03 17:55:07,Madison Ave & E 82 St,7188,W 36 St & 7 Ave,6483,40.7781314,-73.96069399,40.752149,-73.989539,casual
412822,D94EB7AD9F9A0BF0,classic_bike,2021-09-05 14:49:59,2021-09-05 15:15:36,Madison Ave & E 82 St,7188,E 53 St & Madison Ave,6659,40.7781314,-73.96069399,40.7597108,-73.97402311,casual
412823,0E9833D25E9C9FF2,electric_bike,2021-09-11 12:45:02,2021-09-11 13:29:52,Madison Ave & E 82 St,7188,5 Ave & E 87 St,7323,40.7781314,-73.96069399,40.78232260730881,-73.95987510681152,casual
412836,395B42F05C948220,electric_bike,2021-09-25 13:56:54,2021-09-25 15:41:16,Madison Ave & E 82 St,7188,5 Ave & E 87 St,7323,40.7781314,-73.96069399,40.78232260730881,-73.95987510681152,casual
412858,7456D30A28C944AB,classic_bike,2021-09-03 18:40:44,2021-09-03 19:10:55,Madison Ave & E 82 St,7188,E 53 St & Madison Ave,6659,40.7781314,-73.96069399,40.7597108,-73.97402311,casual
412861,5AB68FDD8AC15467,classic_bike,2021-09-06 16:49:16,2021-09-06 16:58:53,Madison Ave & E 82 St,7188,5 Ave & E 87 St,7323,40.7781314,-73.96069399,40.78231448346993,-73.95980536937714,member
412864,65B7A1FEDEDD6A15,electric_bike,2021-09-24 18:24:21,2021-09-24 18:57:08,Madison Ave & E 82 St,7188,5 Ave & E 87 St,7323,40.7781314,-73.96069399,40.78232260730881,-73.95987510681152,member
412875,3854FC12C44ADE4D,classic_bike,2021-09-25 17:46:52,2021-09-25 17:52:43,Madison Ave & E 82 St,7188,5 Ave & E 87 St,7323,40.7781314,-73.96069399,40.78232260730881,-73.95987510681152,member
412876,01FE072976639EA2,electric_bike,2021-09-28 10:55:17,2021-09-28 11:07:58,Madison Ave & E 82 St,7188,E 53 St & Madison Ave,6659,40.7781314,-73.96069399,40.7597108,-73.97402311,member
412880,EA1E6801ED5729AA,docked_bike,2021-09-06 16:47:15,2021-09-06 16:54:00,Madison Ave & E 82 St,7188,5 Ave & E 87 St,7323,40.778131,-73.960694,40.782323,-73.959875,casual
412888,E2A21D3F06A16493,classic_bike,2021-09-06 16:19:49,2021-09-06 16:41:32,Madison Ave & E 82 St,7188,E 53 St & Madison Ave,6659,40.7781314,-73.96069399,40.7597108,-73.97402311,member
412890,77174A7C92320A75,classic_bike,2021-09-14 08:22:35,2021-09-14 08:33:51,Madison Ave & E 82 St,7188,E 53 St & Madison Ave,6659,40.7781314,-73.96069399,40.7597108,-73.97402311,member
412901,83FACA398BC0C693,classic_bike,2021-09-26 12:42:51,2021-09-26 14:12:00,Madison Ave & E 82 St,7188,5 Ave & E 87 St,7323,40.7781314,-73.96069399,40.78232260730881,-73.95987510681152,casual
412903,BB789B7179A57A6B,classic_bike,2021-09-22 01:33:39,2021-09-22 01:36:48,Madison Ave & E 82 St,7188,5 Ave & E 87 St,7323,40.7781314,-73.96069399,40.78232260730881,-73.95987510681152,casual
412912,7DD6DD2380717BDA,electric_bike,2021-09-12 17:04:35,2021-09-12 18:05:37,Madison Ave & E 82 St,7188,5 Ave & E 87 St,7323,40.7781314,-73.96069399,40.78232260730881,-73.95987510681152,casual
412933,C20A3BF67E4ADAA0,classic_bike,2021-09-06 16:09:13,2021-09-06 16:19:34,Madison Ave & E 82 St,7188,5 Ave & E 87 St,7323,40.7781314,-73.96069399,40.78231448346993,-73.95980536937714,casual
412934,FFB88010563F38A9,classic_bike,2021-09-27 06:13:42,2021-09-27 06:25:30,Madison Ave & E 82 St,7188,E 53 St & Madison Ave,6659,40.7781314,-73.96069399,40.7597108,-73.97402311,member
412937,20A61F24F79DC6C3,classic_bike,2021-09-19 07:40:42,2021-09-19 07:43:25,Madison Ave & E 82 St,7188,5 Ave & E 87 St,7323,40.7781314,-73.96069399,40.78232260730881,-73.95987510681152,member
412943,5528EB059C2F7483,classic_bike,2021-09-14 16:46:03,2021-09-14 16:57:53,Madison Ave & E 82 St,7188,5 Ave & E 87 St,7323,40.7781314,-73.96069399,40.78232260730881,-73.95987510681152,casual
412970,90BBD4A24A1CCB45,classic_bike,2021-09-24 14:48:22,2021-09-24 14:51:53,Madison Ave & E 82 St,7188,5 Ave & E 87 St,7323,40.7781314,-73.96069399,40.78232260730881,-73.95987510681152,member
412972,8810A40D44E9345F,classic_bike,2021-09-20 06:38:05,2021-09-20 06:49:19,Madison Ave & E 82 St,7188,E 53 St & Madison Ave,6659,40.7781314,-73.96069399,40.7597108,-73.97402311,member
412995,43A8EB3F7CCDC7C6,classic_bike,2021-09-11 11:10:11,2021-09-11 11:56:28,Madison Ave & E 82 St,7188,5 Ave & E 87 St,7323,40.7781314,-73.96069399,40.78232260730881,-73.95987510681152,member
413007,F7A4C27664035AB3,classic_bike,2021-09-19 17:47:49,2021-09-19 18:06:52,Madison Ave & E 82 St,7188,5 Ave & E 87 St,7323,40.7781314,-73.96069399,40.78232260730881,-73.95987510681152,member
413008,C3997D9BFA42B4D0,classic_bike,2021-09-11 22:19:14,2021-09-11 22:22:41,Madison Ave & E 82 St,7188,5 Ave & E 87 St,7323,40.7781314,-73.96069399,40.78232260730881,-73.95987510681152,member
413024,C8D42558AC529F4F,classic_bike,2021-09-03 14:54:03,2021-09-03 15:23:42,Madison Ave & E 82 St,7188,W 36 St & 7 Ave,6483,40.7781314,-73.96069399,40.752149,-73.989539,casual
413038,F282EABD1E6B3EF0,classic_bike,2021-09-11 13:46:47,2021-09-11 14:34:52,Madison Ave & E 82 St,7188,5 Ave & E 87 St,7323,40.7781314,-73.96069399,40.78232260730881,-73.95987510681152,casual
413045,D1F2C4B9455E363B,electric_bike,2021-09-11 10:34:14,2021-09-11 10:44:33,Madison Ave & E 82 St,7188,E 53 St & Madison Ave,6659,40.7781314,-73.96069399,40.7597108,-73.97402311,member
413051,06AC779ABE22D9EC,electric_bike,2021-09-03 14:54:11,2021-09-03 15:23:47,Madison Ave & E 82 St,7188,W 36 St & 7 Ave,6483,40.7781314,-73.96069399,40.752149,-73.989539,casual
413052,B06113F8B89BB42A,classic_bike,2021-09-03 18:44:30,2021-09-03 19:08:02,Madison Ave & E 82 St,7188,E 53 St & Madison Ave,6659,40.7781314,-73.96069399,40.7597108,-73.97402311,casual
413053,3134FC20C5083DB8,classic_bike,2021-09-12 16:26:54,2021-09-12 16:33:07,Madison Ave & E 82 St,7188,5 Ave & E 87 St,7323,40.7781314,-73.96069399,40.78232260730881,-73.95987510681152,casual
413088,F8F71C1D7212ED35,classic_bike,2021-09-25 17:38:57,2021-09-25 18:48:51,Madison Ave & E 82 St,7188,MacDougal St & Washington Sq,5797,40.7781314,-73.96069399,40.73226398,-73.99852205,casual
413091,C8A75A819A9493BE,classic_bike,2021-09-20 16:08:31,2021-09-20 16:43:14,Madison Ave & E 82 St,7188,5 Ave & E 87 St,7323,40.7781314,-73.96069399,40.78232260730881,-73.95987510681152,casual
413092,EA3E30529AD5695A,classic_bike,2021-09-09 23:52:23,2021-09-10 00:03:58,Madison Ave & E 82 St,7188,5 Ave & E 87 St,7323,40.7781314,-73.96069399,40.78232260730881,-73.95987510681152,casual
413121,B74DC2EA35390D84,electric_bike,2021-09-12 17:01:51,2021-09-12 17:55:45,Madison Ave & E 82 St,7188,5 Ave & E 87 St,7323,40.7781314,-73.96069399,40.78232260730881,-73.95987510681152,member
413147,392179E430AFFF85,classic_bike,2021-09-25 16:35:07,2021-09-25 17:19:29,Madison Ave & E 82 St,7188,W 36 St & 7 Ave,6483,40.7781314,-73.96069399,40.752149,-73.989539,casual
413148,05DF1D8823637382,classic_bike,2021-09-21 15:52:48,2021-09-21 16:25:30,Madison Ave & E 82 St,7188,5 Ave & E 87 St,7323,40.7781314,-73.96069399,40.78232260730881,-73.95987510681152,casual
413149,E862A2FC096C1C26,classic_bike,2021-09-02 10:03:44,2021-09-02 10:20:58,Madison Ave & E 82 St,7188,W 36 St & 7 Ave,6483,40.7781314,-73.96069399,40.752149,-73.989539,casual
413166,748389EE457ED528,classic_bike,2021-09-21 15:46:59,2021-09-21 16:25:04,Madison Ave & E 82 St,7188,5 Ave & E 87 St,7323,40.7781314,-73.96069399,40.78232260730881,-73.95987510681152,casual
413180,393464D9D51C8B9F,electric_bike,2021-09-12 13:49:08,2021-09-12 13:57:56,Madison Ave & E 82 St,7188,E 53 St & Madison Ave,6659,40.7781314,-73.96069399,40.7597108,-73.97402311,member
413181,DD603E3AE4A35342,classic_bike,2021-09-06 16:09:13,2021-09-06 16:19:10,Madison Ave & E 82 St,7188,5 Ave & E 87 St,7323,40.7781314,-73.96069399,40.78231448346993,-73.95980536937714,casual
413230,0BF23DAF6AB02BF3,electric_bike,2021-09-16 12:50:21,2021-09-16 12:58:05,Madison Ave & E 82 St,7188,5 Ave & E 87 St,7323,40.7781314,-73.96069399,40.78232260730881,-73.95987510681152,member
413237,A2E00939BC0F91F8,classic_bike,2021-09-22 18:18:01,2021-09-22 18:28:46,Madison Ave & E 82 St,7188,E 53 St & Madison Ave,6659,40.7781314,-73.96069399,40.7597108,-73.97402311,member
413295,41A29CD7192A7ACF,classic_bike,2021-09-24 13:36:20,2021-09-24 13:39:33,Madison Ave & E 82 St,7188,5 Ave & E 87 St,7323,40.7781314,-73.96069399,40.78232260730881,-73.95987510681152,member
413518,7E9E41E0BF442F88,classic_bike,2021-09-29 08:07:36,2021-09-29 08:19:56,Madison Ave & E 82 St,7188,E 53 St & Madison Ave,6659,40.7781314,-73.96069399,40.7597108,-73.97402311,member
413614,C975AD6FFEB5C306,classic_bike,2021-09-07 14:20:07,2021-09-07 14:36:23,Madison Ave & E 82 St,7188,E 53 St & Madison Ave,6659,40.7781314,-73.96069399,40.7597108,-73.97402311,casual
415030,589A8E645A3684BE,electric_bike,2021-09-19 19:51:37,2021-09-19 20:11:23,Madison Ave & E 82 St,7188,W 36 St & 9 Ave,6569,40.7781314,-73.96069399,40.75462324029105,-73.99516761302948,member
415092,02708EE5B38EF1B8,classic_bike,2021-09-05 14:47:56,2021-09-05 15:15:41,Madison Ave & E 82 St,7188,E 53 St & Madison Ave,6659,40.7781314,-73.96069399,40.7597108,-73.97402311,casual
419053,699A8A5A8047803F,classic_bike,2021-09-08 15:49:52,2021-09-08 16:25:46,Madison Ave & E 82 St,7188,W 36 St & 9 Ave,6569,40.7781314,-73.96069399,40.75462324029105,-73.99516761302948,member
420578,3235C1ECF79233A4,electric_bike,2021-09-17 08:58:10,2021-09-17 09:14:07,E 81 St & Park Ave,7188,W 36 St & 9 Ave,6569,40.77677702,-73.9590097,40.75462324029105,-73.99516761302948,member
425261,9B1B208BBA6C3A37,electric_bike,2021-09-17 16:40:00,2021-09-17 16:58:59,Madison Ave & E 82 St,7188,Broadway & W 29 St,6289,40.7781314,-73.96069399,40.7462009,-73.98855723,member
425270,286B1488D6AB6D8A,classic_bike,2021-09-18 14:23:18,2021-09-18 14:59:02,Madison Ave & E 82 St,7188,W 36 St & 9 Ave,6569,40.7781314,-73.96069399,40.75462324029105,-73.99516761302948,casual
427883,0A3030A99D79C346,classic_bike,2021-09-27 09:10:19,2021-09-27 09:33:02,E 81 St & Park Ave,7188,Broadway & W 29 St,6289,40.77677702,-73.9590097,40.7462009,-73.98855723,member
428260,7FAC0CA3FFAED493,classic_bike,2021-09-03 17:32:52,2021-09-03 17:47:24,Madison Ave & E 82 St,7188,W 87 St & Amsterdam Ave,7458,40.7781314,-73.96069399,40.78839,-73.9747,member
428323,0B7F8C1C36A25083,classic_bike,2021-09-20 14:45:33,2021-09-20 15:29:35,Madison Ave & E 82 St,7188,W 87 St & Amsterdam Ave,7458,40.7781314,-73.96069399,40.78839,-73.9747,casual
428324,926994DEE18F6631,classic_bike,2021-09-20 12:20:24,2021-09-20 12:52:43,Madison Ave & E 82 St,7188,W 87 St & Amsterdam Ave,7458,40.7781314,-73.96069399,40.78839,-73.9747,casual
428342,E2EC92AB1211C64C,classic_bike,2021-09-18 12:59:05,2021-09-18 13:19:25,Madison Ave & E 82 St,7188,Park Ave & E 124 St,7682,40.7781314,-73.96069399,40.8045555,-73.9396861,member
428343,1F4158992A7C999A,electric_bike,2021-09-30 09:48:40,2021-09-30 09:55:42,Madison Ave & E 82 St,7188,3 Ave & E 100 St,7414,40.7781314,-73.96069399,40.7877214,-73.94728331,member
428344,638EEC4AFCE46EAD,classic_bike,2021-09-21 21:09:58,2021-09-21 21:20:00,Madison Ave & E 82 St,7188,E 118 St & Madison Ave,7640,40.7781314,-73.96069399,40.8014866,-73.9442507,member
428406,1FFACBDB4C4659D0,classic_bike,2021-09-27 19:14:13,2021-09-27 19:27:18,Madison Ave & E 82 St,7188,Park Ave & E 124 St,7682,40.7781314,-73.96069399,40.8045555,-73.9396861,member
429289,BF4AB5CD2F73B3BC,electric_bike,2021-09-28 16:33:17,2021-09-28 16:42:58,E 81 St & Park Ave,7188,Park Ave & E 124 St,7682,40.77677702,-73.9590097,40.8045555,-73.9396861,member
429290,A27CE99D8B319A67,classic_bike,2021-09-22 18:08:47,2021-09-22 18:27:28,E 81 St & Park Ave,7188,Park Ave & E 124 St,7682,40.77677702,-73.9590097,40.8045555,-73.9396861,member
432190,51991C66CFBC945E,electric_bike,2021-09-18 09:14:19,2021-09-18 09:28:11,E 81 St & Park Ave,7188,W 87 St & Amsterdam Ave,7458,40.77677702,-73.9590097,40.78839,-73.9747,casual
432192,BC6570FF39B454CD,electric_bike,2021-09-03 12:11:02,2021-09-03 12:36:25,E 81 St & Park Ave,7188,Amsterdam Ave & W 152 St,8069,40.77677702,-73.9590097,40.829523,-73.944279,member
432200,8CCE5B4B81172C4C,classic_bike,2021-09-30 15:39:13,2021-09-30 15:53:11,E 81 St & Park Ave,7188,Park Ave & E 124 St,7682,40.77677702,-73.9590097,40.8045555,-73.9396861,member
432202,648C15F135670800,classic_bike,2021-09-09 19:28:08,2021-09-09 19:46:43,E 81 St & Park Ave,7188,W 87 St & Amsterdam Ave,7458,40.77677702,-73.9590097,40.78839,-73.9747,casual
432204,362514BF8DDCD92F,electric_bike,2021-09-20 18:37:29,2021-09-20 18:48:22,E 81 St & Park Ave,7188,Park Ave & E 124 St,7682,40.77677702,-73.9590097,40.8045555,-73.9396861,member
432232,886A4BD9A4AE6C59,classic_bike,2021-09-22 18:55:45,2021-09-22 19:07:27,E 81 St & Park Ave,7188,E 118 St & Madison Ave,7640,40.77677702,-73.9590097,40.8014866,-73.9442507,member
432236,F253B3E091001301,electric_bike,2021-09-23 15:48:35,2021-09-23 15:59:24,E 81 St & Park Ave,7188,Park Ave & E 124 St,7682,40.77677702,-73.9590097,40.8045555,-73.9396861,member
432280,BDA2570D56B02155,classic_bike,2021-09-21 12:34:17,2021-09-21 12:49:20,E 81 St & Park Ave,7188,Park Ave & E 124 St,7682,40.77677702,-73.9590097,40.8045555,-73.9396861,member
436911,7A616A5EE01B5C66,classic_bike,2021-09-20 18:57:54,2021-09-20 19:10:35,E 81 St & Park Ave,7188,E 118 St & Madison Ave,7640,40.77677702,-73.9590097,40.8014866,-73.9442507,member
436912,D323905F45789931,classic_bike,2021-09-14 17:59:28,2021-09-14 18:11:41,E 81 St & Park Ave,7188,E 118 St & Madison Ave,7640,40.77677702,-73.9590097,40.8014866,-73.9442507,member
436932,94490A635104E998,electric_bike,2021-09-18 16:22:06,2021-09-18 16:39:10,E 81 St & Park Ave,7188,Park Ave & E 124 St,7682,40.77677702,-73.9590097,40.8045555,-73.9396861,member
437099,7DD1DA314CE0546C,classic_bike,2021-09-13 15:08:54,2021-09-13 15:40:27,Madison Ave & E 82 St,7188,St. Nicholas Ave & W 155 St,8085,40.7781314,-73.96069399,40.830663,-73.941323,member
437108,D8127D321AAEE914,classic_bike,2021-09-05 17:07:44,2021-09-05 17:28:40,Madison Ave & E 82 St,7188,W 87 St & Amsterdam Ave,7458,40.7781314,-73.96069399,40.78839,-73.9747,casual
437121,B6685601CE94A558,classic_bike,2021-09-24 17:58:11,2021-09-24 18:16:49,Madison Ave & E 82 St,7188,Park Ave & E 124 St,7682,40.7781314,-73.96069399,40.8045555,-73.9396861,member
437124,5B8797601D86FDC9,electric_bike,2021-09-15 12:40:19,2021-09-15 12:49:57,Madison Ave & E 82 St,7188,W 87 St & Amsterdam Ave,7458,40.7781314,-73.96069399,40.78839,-73.9747,casual
437142,A0B1627456FED685,electric_bike,2021-09-17 10:32:03,2021-09-17 10:39:13,Madison Ave & E 82 St,7188,E 97 St & 3 Ave,7365,40.7781314,-73.96069399,40.7859201,-73.94860294,member
437158,6B133D2172D9A43A,classic_bike,2021-09-05 17:01:32,2021-09-05 17:23:23,Madison Ave & E 82 St,7188,W 87 St & Amsterdam Ave,7458,40.7781314,-73.96069399,40.78839,-73.9747,casual
437177,24154D8C67901694,classic_bike,2021-09-17 16:18:30,2021-09-17 16:56:04,Madison Ave & E 82 St,7188,W 87 St & Amsterdam Ave,7458,40.7781314,-73.96069399,40.78839,-73.9747,casual
437193,0CFD262B075270B2,electric_bike,2021-09-30 17:33:30,2021-09-30 17:40:57,Madison Ave & E 82 St,7188,W 87 St & Amsterdam Ave,7458,40.7781314,-73.96069399,40.78839,-73.9747,casual
437582,AE8E05719513085B,electric_bike,2021-09-15 19:50:19,2021-09-15 20:03:02,Madison Ave & E 82 St,7188,Park Ave & E 124 St,7682,40.7781314,-73.96069399,40.8045555,-73.9396861,member
437589,7B35C230AE123014,classic_bike,2021-09-12 23:00:12,2021-09-12 23:12:18,Madison Ave & E 82 St,7188,W 87 St & Amsterdam Ave,7458,40.7781314,-73.96069399,40.78839,-73.9747,casual
437590,96F4A72DC7AA3D8E,classic_bike,2021-09-21 18:46:12,2021-09-21 18:59:23,Madison Ave & E 82 St,7188,E 115 St & Lexington Ave,7599,40.7781314,-73.96069399,40.797911,-73.9423,casual
437592,500FB0C3BF8C91EB,classic_bike,2021-09-03 17:33:10,2021-09-03 17:47:27,Madison Ave & E 82 St,7188,W 87 St & Amsterdam Ave,7458,40.7781314,-73.96069399,40.78839,-73.9747,casual
438625,233D69F9416F34A3,classic_bike,2021-09-05 17:01:39,2021-09-05 17:23:05,Madison Ave & E 82 St,7188,W 87 St & Amsterdam Ave,7458,40.7781314,-73.96069399,40.78839,-73.9747,casual
440953,5233CC83F8BBB6E5,classic_bike,2021-09-24 19:04:34,2021-09-24 19:14:20,Madison Ave & E 82 St,7188,3 Ave & E 100 St,7414,40.7781314,-73.96069399,40.7877214,-73.94728331,member
440969,9F03EB4D7A942A81,classic_bike,2021-09-08 22:14:32,2021-09-08 22:25:09,Madison Ave & E 82 St,7188,E 118 St & Madison Ave,7640,40.7781314,-73.96069399,40.8014866,-73.9442507,member
440971,B2DC644B9D560904,electric_bike,2021-09-15 18:29:07,2021-09-15 18:39:46,Madison Ave & E 82 St,7188,Park Ave & E 124 St,7682,40.7781314,-73.96069399,40.8045555,-73.9396861,casual
440990,B861E6C66BA8E8BA,classic_bike,2021-09-20 14:46:00,2021-09-20 15:29:33,Madison Ave & E 82 St,7188,W 87 St & Amsterdam Ave,7458,40.7781314,-73.96069399,40.78839,-73.9747,casual
440991,70B706B2598C16E6,classic_bike,2021-09-20 14:45:32,2021-09-20 15:29:49,Madison Ave & E 82 St,7188,W 87 St & Amsterdam Ave,7458,40.7781314,-73.96069399,40.78839,-73.9747,casual
441020,E06DD0F67577C236,classic_bike,2021-09-28 19:15:44,2021-09-28 19:26:20,Madison Ave & E 82 St,7188,Park Ave & E 124 St,7682,40.7781314,-73.96069399,40.8045555,-73.9396861,member
441021,955DCD10F3BB22F5,electric_bike,2021-09-17 13:12:33,2021-09-17 13:36:17,Madison Ave & E 82 St,7188,Amsterdam Ave & W 152 St,8069,40.7781314,-73.96069399,40.829523,-73.944279,member
441024,9CA16EE0CA67D8C1,classic_bike,2021-09-17 20:28:22,2021-09-17 21:12:02,Madison Ave & E 82 St,7188,25 Ave & 41 St,6943,40.7781314,-73.96069399,40.767666,-73.910963,member
441051,6FEAE6AC181602EF,classic_bike,2021-09-06 15:41:46,2021-09-06 15:55:25,Madison Ave & E 82 St,7188,W 87 St & Amsterdam Ave,7458,40.7781314,-73.96069399,40.78839,-73.9747,casual
441076,5E898874B11E5ECC,electric_bike,2021-09-05 17:05:48,2021-09-05 17:28:55,Madison Ave & E 82 St,7188,W 87 St & Amsterdam Ave,7458,40.7781314,-73.96069399,40.78839,-73.9747,member
441080,1D6C0B96B06D489D,classic_bike,2021-09-17 18:39:52,2021-09-17 18:54:05,Madison Ave & E 82 St,7188,Park Ave & E 124 St,7682,40.7781314,-73.96069399,40.8045555,-73.9396861,member
441081,5E9BCCE351FBA80F,classic_bike,2021-09-07 17:34:12,2021-09-07 17:45:47,Madison Ave & E 82 St,7188,Park Ave & E 124 St,7682,40.7781314,-73.96069399,40.8045555,-73.9396861,member
443072,E909C9F12E0230F0,classic_bike,2021-09-06 17:05:52,2021-09-06 17:12:24,Madison Ave & E 82 St,7188,E 93 St & 2 Ave,7286,40.7781314,-73.96069399,40.782454175279874,-73.9489196240902,casual
443560,20075081A9451683,classic_bike,2021-09-20 18:14:24,2021-09-20 18:21:37,Madison Ave & E 82 St,7188,E 93 St & 2 Ave,7286,40.7781314,-73.96069399,40.782454175279874,-73.9489196240902,member
443568,71C688B379665678,classic_bike,2021-09-11 14:42:54,2021-09-11 15:15:36,Madison Ave & E 82 St,7188,Lexington Ave & E 29 St,6164,40.7781314,-73.96069399,40.74311555376486,-73.98215353488922,member
443569,E4143FBCA1B0A3EB,electric_bike,2021-09-11 09:35:26,2021-09-11 09:41:24,Madison Ave & E 82 St,7188,E 93 St & 2 Ave,7286,40.7781314,-73.96069399,40.782454175279874,-73.9489196240902,member
444583,166AA842C2F80E67,electric_bike,2021-09-09 15:23:20,2021-09-09 15:29:35,E 81 St & Park Ave,7188,E 93 St & 2 Ave,7286,40.77677702,-73.9590097,40.782454175279874,-73.9489196240902,member
444586,2DF868F6A00F1700,electric_bike,2021-09-23 12:34:44,2021-09-23 12:40:31,E 81 St & Park Ave,7188,E 93 St & 2 Ave,7286,40.77677702,-73.9590097,40.782454175279874,-73.9489196240902,member
444593,599E62624DA80CEE,classic_bike,2021-09-12 20:01:34,2021-09-12 20:09:23,E 81 St & Park Ave,7188,E 93 St & 2 Ave,7286,40.77677702,-73.9590097,40.782454175279874,-73.9489196240902,casual
445031,4C48467BEC816CB1,classic_bike,2021-09-06 22:23:59,2021-09-06 22:30:53,E 81 St & Park Ave,7188,E 93 St & 2 Ave,7286,40.77677702,-73.9590097,40.782454175279874,-73.9489196240902,casual
445047,7391A0722B71BE29,classic_bike,2021-09-29 18:03:17,2021-09-29 18:10:31,E 81 St & Park Ave,7188,E 93 St & 2 Ave,7286,40.77677702,-73.9590097,40.782454175279874,-73.9489196240902,member
445048,71D63A88ABD3D045,classic_bike,2021-09-15 18:01:41,2021-09-15 18:37:04,E 81 St & Park Ave,7188,Morton St & Washington St,5772,40.77677702,-73.9590097,40.73115,-74.00887,member
447998,68C29F48689AD215,classic_bike,2021-09-20 15:46:34,2021-09-20 16:04:21,E 81 St & Park Ave,7188,Lexington Ave & E 29 St,6164,40.77677702,-73.9590097,40.74311555376486,-73.98215353488922,member
449051,D72003EECF5402E2,classic_bike,2021-09-25 19:16:20,2021-09-25 19:23:48,Madison Ave & E 82 St,7188,E 93 St & 2 Ave,7286,40.7781314,-73.96069399,40.782454175279874,-73.9489196240902,member
449070,CF4F17D5379DA74F,electric_bike,2021-09-13 17:53:40,2021-09-13 18:22:19,Madison Ave & E 82 St,7188,Morton St & Washington St,5772,40.7781314,-73.96069399,40.73115,-74.00887,member
449076,B076E7D4B0F8E97F,classic_bike,2021-09-27 17:43:22,2021-09-27 17:54:42,Madison Ave & E 82 St,7188,E 93 St & 2 Ave,7286,40.7781314,-73.96069399,40.782454175279874,-73.9489196240902,member
449088,838DDBABAD4BFB13,classic_bike,2021-09-25 16:48:45,2021-09-25 17:14:32,Madison Ave & E 82 St,7188,Lexington Ave & E 29 St,6164,40.7781314,-73.96069399,40.74311555376486,-73.98215353488922,member
449105,52CB747FB857BE85,classic_bike,2021-09-06 11:00:17,2021-09-06 11:06:53,Madison Ave & E 82 St,7188,E 93 St & 2 Ave,7286,40.7781314,-73.96069399,40.782454175279874,-73.9489196240902,member
449113,CE8277B4F6BFB173,classic_bike,2021-09-15 17:57:37,2021-09-15 18:04:34,Madison Ave & E 82 St,7188,E 93 St & 2 Ave,7286,40.7781314,-73.96069399,40.782454175279874,-73.9489196240902,member
449191,15659743B3DDC80D,classic_bike,2021-09-23 10:59:21,2021-09-23 11:07:12,Madison Ave & E 82 St,7188,E 93 St & 2 Ave,7286,40.7781314,-73.96069399,40.782454175279874,-73.9489196240902,member
452584,9681B4AEC17E0A40,electric_bike,2021-09-21 21:12:43,2021-09-21 21:18:24,E 81 St & Park Ave,7188,E 93 St & 2 Ave,7286,40.77677702,-73.9590097,40.782454175279874,-73.9489196240902,member
452585,3C91DBCEC4E1B35F,classic_bike,2021-09-17 21:55:40,2021-09-17 22:01:58,E 81 St & Park Ave,7188,E 93 St & 2 Ave,7286,40.77677702,-73.9590097,40.782454175279874,-73.9489196240902,member
452597,DB93AF6D8F59F375,classic_bike,2021-09-09 20:15:56,2021-09-09 20:21:14,E 81 St & Park Ave,7188,E 93 St & 2 Ave,7286,40.77677702,-73.9590097,40.782454175279874,-73.9489196240902,member
453715,F4D4A24ADBC459C5,electric_bike,2021-09-17 17:51:36,2021-09-17 17:57:51,Madison Ave & E 82 St,7188,E 93 St & 2 Ave,7286,40.7781314,-73.96069399,40.782454175279874,-73.9489196240902,member
453716,9A27B6978D0126A7,electric_bike,2021-09-17 12:37:37,2021-09-17 12:43:19,Madison Ave & E 82 St,7188,E 93 St & 2 Ave,7286,40.7781314,-73.96069399,40.782454175279874,-73.9489196240902,member
453721,59A5AA446F42EE89,electric_bike,2021-09-24 13:07:27,2021-09-24 13:12:59,Madison Ave & E 82 St,7188,E 93 St & 2 Ave,7286,40.7781314,-73.96069399,40.782454175279874,-73.9489196240902,member
453751,EEA0B2EA0E09E27E,electric_bike,2021-09-21 11:14:37,2021-09-21 11:20:29,Madison Ave & E 82 St,7188,E 93 St & 2 Ave,7286,40.7781314,-73.96069399,40.782454175279874,-73.9489196240902,member
453774,75D7C0DF81744C38,electric_bike,2021-09-19 14:43:38,2021-09-19 14:52:19,Madison Ave & E 82 St,7188,E 93 St & 2 Ave,7286,40.7781314,-73.96069399,40.782454175279874,-73.9489196240902,casual
453783,ADDD24AC4156B328,classic_bike,2021-09-14 17:55:51,2021-09-14 18:02:40,Madison Ave & E 82 St,7188,E 93 St & 2 Ave,7286,40.7781314,-73.96069399,40.782454175279874,-73.9489196240902,member
453789,62CE8FC81C0D27B4,classic_bike,2021-09-30 17:47:56,2021-09-30 17:59:09,Madison Ave & E 82 St,7188,E 93 St & 2 Ave,7286,40.7781314,-73.96069399,40.782454175279874,-73.9489196240902,member
453797,D5B2E7E08F651832,classic_bike,2021-09-11 14:43:28,2021-09-11 15:15:41,Madison Ave & E 82 St,7188,Lexington Ave & E 29 St,6164,40.7781314,-73.96069399,40.74311555376486,-73.98215353488922,casual
453798,C4FF1BE895E3A748,classic_bike,2021-09-02 18:45:46,2021-09-02 18:52:52,Madison Ave & E 82 St,7188,E 93 St & 2 Ave,7286,40.7781314,-73.96069399,40.782454175279874,-73.9489196240902,member
453820,AC566F4B39B16733,classic_bike,2021-09-18 08:21:17,2021-09-18 08:27:10,Madison Ave & E 82 St,7188,E 93 St & 2 Ave,7286,40.7781314,-73.96069399,40.782454175279874,-73.9489196240902,member
453822,A15BD3C8F5B45462,classic_bike,2021-09-06 15:51:50,2021-09-06 15:59:50,Madison Ave & E 82 St,7188,E 93 St & 2 Ave,7286,40.7781314,-73.96069399,40.782454175279874,-73.9489196240902,member
453827,83221A6231DF6DF1,electric_bike,2021-09-18 09:03:35,2021-09-18 09:18:59,Madison Ave & E 82 St,7188,E 93 St & 2 Ave,7286,40.7781314,-73.96069399,40.782454175279874,-73.9489196240902,member
453831,834A14F43B30B471,classic_bike,2021-09-14 10:08:33,2021-09-14 10:16:35,Madison Ave & E 82 St,7188,E 93 St & 2 Ave,7286,40.7781314,-73.96069399,40.782454175279874,-73.9489196240902,member
454020,BBF60B55ACCB703B,classic_bike,2021-09-11 11:44:27,2021-09-11 11:55:46,Madison Ave & E 82 St,7188,E 93 St & 2 Ave,7286,40.7781314,-73.96069399,40.782454175279874,-73.9489196240902,member
454060,985BB94272B72E31,classic_bike,2021-09-24 12:37:19,2021-09-24 14:06:38,Madison Ave & E 82 St,7188,Morton St & Washington St,5772,40.7781314,-73.96069399,40.73115,-74.00887,casual
454064,D54CAF4FF4664011,classic_bike,2021-09-20 17:47:05,2021-09-20 17:53:17,Madison Ave & E 82 St,7188,E 93 St & 2 Ave,7286,40.7781314,-73.96069399,40.782454175279874,-73.9489196240902,member
454080,E070E0A4CF265092,classic_bike,2021-09-17 21:38:27,2021-09-17 22:07:35,Madison Ave & E 82 St,7188,Lexington Ave & E 29 St,6164,40.7781314,-73.96069399,40.74311555376486,-73.98215353488922,member
454509,C191116951A3335A,classic_bike,2021-09-04 18:13:55,2021-09-04 18:18:46,Madison Ave & E 82 St,7188,E 93 St & 2 Ave,7286,40.7781314,-73.96069399,40.782454175279874,-73.9489196240902,member
457148,652AE443A285BEC1,electric_bike,2021-09-25 09:02:28,2021-09-25 09:08:29,Madison Ave & E 82 St,7188,E 93 St & 2 Ave,7286,40.7781314,-73.96069399,40.782454175279874,-73.9489196240902,member
457157,3B85D37BFAF8F97D,electric_bike,2021-09-19 12:24:17,2021-09-19 12:32:08,Madison Ave & E 82 St,7188,E 93 St & 2 Ave,7286,40.7781314,-73.96069399,40.782454175279874,-73.9489196240902,casual
457166,C4282C384BA85072,classic_bike,2021-09-19 14:21:15,2021-09-19 14:29:38,Madison Ave & E 82 St,7188,E 93 St & 2 Ave,7286,40.7781314,-73.96069399,40.782454175279874,-73.9489196240902,casual
457443,2BCD871BB952EF94,classic_bike,2021-09-24 17:44:33,2021-09-24 17:56:11,Madison Ave & E 82 St,7188,E 93 St & 2 Ave,7286,40.7781314,-73.96069399,40.782454175279874,-73.9489196240902,member
458135,7259BE923B81DC8B,electric_bike,2021-09-06 12:40:28,2021-09-06 12:47:03,E 81 St & Park Ave,7188,5 Ave & E 103 St,7511,40.77677702,-73.9590097,40.7922553,-73.95249933,member
462581,82B7CCAF2313DDEF,classic_bike,2021-09-21 10:30:20,2021-09-21 11:06:52,Madison Ave & E 82 St,7188,5 Ave & E 103 St,7511,40.7781314,-73.96069399,40.7922553,-73.95249933,casual
462596,6BCBC86E4B3C874E,docked_bike,2021-09-13 17:29:03,2021-09-13 18:25:29,Madison Ave & E 82 St,7188,5 Ave & E 103 St,7511,40.778131,-73.960694,40.792255,-73.952499,casual
462597,001D605A10AC86C2,classic_bike,2021-09-17 13:53:51,2021-09-17 14:03:40,Madison Ave & E 82 St,7188,5 Ave & E 103 St,7511,40.7781314,-73.96069399,40.7922553,-73.95249933,member
462600,BE9CE383F64A72DB,classic_bike,2021-09-08 08:57:28,2021-09-08 09:05:09,Madison Ave & E 82 St,7188,5 Ave & E 103 St,7511,40.7781314,-73.96069399,40.7922553,-73.95249933,casual
462616,E9DCDC9EF3F2EB18,classic_bike,2021-09-24 12:58:16,2021-09-24 13:15:26,Madison Ave & E 82 St,7188,5 Ave & E 103 St,7511,40.7781314,-73.96069399,40.7922553,-73.95249933,member
466154,17122BDAA98398E6,docked_bike,2021-09-19 15:21:57,2021-09-19 16:01:02,Madison Ave & E 82 St,7188,5 Ave & E 103 St,7511,40.778131,-73.960694,40.792255,-73.952499,casual
466241,1E6021F483138ACE,docked_bike,2021-09-19 15:22:12,2021-09-19 15:57:35,Madison Ave & E 82 St,7188,5 Ave & E 103 St,7511,40.778131,-73.960694,40.792255,-73.952499,casual
469871,F5CC5830B0C6F7E6,electric_bike,2021-09-15 08:46:41,2021-09-15 08:56:07,Madison Ave & E 82 St,7188,5 Ave & E 103 St,7511,40.7781314,-73.96069399,40.7922553,-73.95249933,casual
469875,DE358D9B72BA1521,docked_bike,2021-09-13 17:28:17,2021-09-13 18:25:02,Madison Ave & E 82 St,7188,5 Ave & E 103 St,7511,40.778131,-73.960694,40.792255,-73.952499,casual
469898,CE0C281A4959E004,classic_bike,2021-09-24 12:58:50,2021-09-24 13:14:59,Madison Ave & E 82 St,7188,5 Ave & E 103 St,7511,40.7781314,-73.96069399,40.7922553,-73.95249933,member
469904,3C4ACB49A05A5385,docked_bike,2021-09-13 17:28:39,2021-09-13 18:24:40,Madison Ave & E 82 St,7188,5 Ave & E 103 St,7511,40.778131,-73.960694,40.792255,-73.952499,casual
469924,50E08D30874227CC,classic_bike,2021-09-18 16:12:30,2021-09-18 16:29:16,Madison Ave & E 82 St,7188,5 Ave & E 103 St,7511,40.7781314,-73.96069399,40.7922553,-73.95249933,casual
469938,A8EFD15FCCCC8054,electric_bike,2021-09-21 10:36:25,2021-09-21 11:07:51,Madison Ave & E 82 St,7188,5 Ave & E 103 St,7511,40.7781314,-73.96069399,40.7922553,-73.95249933,casual
469939,93A5C7472117C413,classic_bike,2021-09-24 08:36:30,2021-09-24 08:46:09,Madison Ave & E 82 St,7188,5 Ave & E 103 St,7511,40.7781314,-73.96069399,40.7922553,-73.95249933,casual
469940,D8F5EB7318FA14C0,classic_bike,2021-09-14 17:30:53,2021-09-14 18:13:47,Madison Ave & E 82 St,7188,5 Ave & E 103 St,7511,40.7781314,-73.96069399,40.7922553,-73.95249933,casual
471260,635B9E136B825D20,docked_bike,2021-09-13 17:27:54,2021-09-13 18:25:01,Madison Ave & E 82 St,7188,5 Ave & E 103 St,7511,40.778131,-73.960694,40.792255,-73.952499,casual
471920,495630E81DEE05EE,classic_bike,2021-09-05 15:53:53,2021-09-05 16:07:00,Madison Ave & E 82 St,7188,5 Ave & E 103 St,7511,40.7781314,-73.96069399,40.7922553,-73.95249933,casual
472783,17DC5A74C227D4C1,classic_bike,2021-09-05 15:54:08,2021-09-05 16:06:59,Madison Ave & E 82 St,7188,5 Ave & E 103 St,7511,40.7781314,-73.96069399,40.7922553,-73.95249933,casual
472902,BEF2A1EB59E77BC5,classic_bike,2021-09-26 10:36:47,2021-09-26 10:57:12,Madison Ave & E 82 St,7188,Wards Meadow Comfort Station,7327,40.7781314,-73.96069399,40.78294,-73.93077,member
478170,D90620639411D60F,classic_bike,2021-09-10 17:45:18,2021-09-10 18:26:50,Madison Ave & E 82 St,7188,E Tremont Ave & Jerome Ave,8403,40.7781314,-73.96069399,40.851747,-73.908964,member
478535,6821D96882979BBA,electric_bike,2021-09-06 08:46:44,2021-09-06 10:29:06,E 81 St & Park Ave,7188,Wards Meadow Comfort Station,7327,40.77677702,-73.9590097,40.78294,-73.93077,member
482984,A7037081CB1B9F18,electric_bike,2021-09-10 15:54:03,2021-09-10 16:14:30,Madison Ave & E 82 St,7188,Wards Meadow Comfort Station,7327,40.7781314,-73.96069399,40.78294,-73.93077,casual
483012,91791F829D89FE6B,classic_bike,2021-09-24 20:01:11,2021-09-24 21:07:54,Madison Ave & E 82 St,7188,Hudson St & W 13 St,6115,40.7781314,-73.96069399,40.74005708567285,-74.0052741765976,casual
483261,931343C3752BFA3C,classic_bike,2021-09-08 20:41:15,2021-09-08 21:02:11,E 81 St & Park Ave,7188,E 128 St & Madison Ave,7735,40.77677702,-73.9590097,40.80756,-73.939182,member
483284,4AEF000D34C9141C,electric_bike,2021-09-02 00:27:44,2021-09-02 01:19:25,Madison Ave & E 82 St,7188,E Tremont Ave & Jerome Ave,8403,40.7781314,-73.96069399,40.851747,-73.908964,casual
491400,E2013AC32138BCAB,classic_bike,2021-09-17 11:44:31,2021-09-17 12:24:31,Madison Ave & E 82 St,7188,Greenwich St & Hubert St,5470,40.7781314,-73.96069399,40.721319,-74.010065,member
493550,B97ACD52AA32821B,classic_bike,2021-09-27 16:36:55,2021-09-27 17:15:12,E 81 St & Park Ave,7188,Mercer St & Bleecker St,5679,40.77677702,-73.9590097,40.72706363348306,-73.99662137031554,member
494115,89E2B2B3BEF4C8FC,classic_bike,2021-09-14 07:59:03,2021-09-14 08:36:10,E 81 St & Park Ave,7188,Greenwich St & Hubert St,5470,40.77677702,-73.9590097,40.721319,-74.010065,member
499760,9B66C6D431613FCB,classic_bike,2021-09-21 08:30:31,2021-09-21 09:13:31,Madison Ave & E 82 St,7188,Greenwich St & Hubert St,5470,40.7781314,-73.96069399,40.721319,-74.010065,member
500479,96D4C13C6061F05C,classic_bike,2021-09-20 21:01:11,2021-09-20 21:14:48,Madison Ave & E 82 St,7188,Riverside Dr & W 82 St,7388,40.7781314,-73.96069399,40.78720869,-73.98128127,member
507344,D2070E5D40F3163E,classic_bike,2021-09-27 14:09:52,2021-09-27 14:23:40,Madison Ave & E 82 St,7188,Riverside Dr & W 82 St,7388,40.7781314,-73.96069399,40.78720869,-73.98128127,member
508312,21957E1FA44560E2,classic_bike,2021-09-06 10:15:41,2021-09-06 10:33:29,Madison Ave & E 82 St,7188,Riverside Dr & W 82 St,7388,40.7781314,-73.96069399,40.78720869,-73.98128127,member
508316,DB7FFEC45129B227,classic_bike,2021-09-17 19:03:48,2021-09-17 19:37:37,Madison Ave & E 82 St,7188,Duane St & Greenwich St,5400,40.7781314,-73.96069399,40.71748752,-74.0104554,member
508317,43EE1969D25F878C,classic_bike,2021-09-07 14:26:11,2021-09-07 14:40:16,Madison Ave & E 82 St,7188,Riverside Dr & W 82 St,7388,40.7781314,-73.96069399,40.78720869,-73.98128127,member
514157,615E422BFB348721,classic_bike,2021-09-06 10:15:29,2021-09-06 10:33:25,Madison Ave & E 82 St,7188,Riverside Dr & W 82 St,7388,40.7781314,-73.96069399,40.78720869,-73.98128127,member
516940,EF17CF8309C180F0,classic_bike,2021-09-17 18:33:05,2021-09-17 19:13:20,E 81 St & Park Ave,7188,Christopher St & Greenwich St,5847,40.77677702,-73.9590097,40.73291553,-74.00711384,member
517815,D80901889CB399B4,electric_bike,2021-09-14 06:40:52,2021-09-14 06:45:47,Madison Ave & E 82 St,7188,Madison Ave & E 99 St,7443,40.7781314,-73.96069399,40.78948541553215,-73.95242929458618,casual
517816,568E4841AFF69DDC,electric_bike,2021-09-12 15:33:38,2021-09-12 16:22:01,Madison Ave & E 82 St,7188,Madison Ave & E 99 St,7443,40.7781314,-73.96069399,40.78948541553215,-73.95242929458618,casual
517861,9BDB3F4B9F911D02,electric_bike,2021-09-17 13:29:25,2021-09-17 13:34:42,Madison Ave & E 82 St,7188,Madison Ave & E 99 St,7443,40.7781314,-73.96069399,40.78948541553215,-73.95242929458618,member
517876,6968BAF75B198AE7,classic_bike,2021-09-26 14:16:15,2021-09-26 14:34:15,Madison Ave & E 82 St,7188,West End Ave & W 107 St,7650,40.7781314,-73.96069399,40.8021174,-73.9681805305,member
517900,4C934EB08DCB04A3,classic_bike,2021-09-20 14:19:01,2021-09-20 14:40:23,Madison Ave & E 82 St,7188,Madison Ave & E 99 St,7443,40.7781314,-73.96069399,40.78948541553215,-73.95242929458618,member
517903,4DC675891102EE28,electric_bike,2021-09-20 11:35:04,2021-09-20 11:50:57,Madison Ave & E 82 St,7188,West End Ave & W 107 St,7650,40.7781314,-73.96069399,40.8021174,-73.9681805305,member
518076,025A138ACEB7A1AA,classic_bike,2021-09-18 16:42:42,2021-09-18 17:19:07,Madison Ave & E 82 St,7188,West End Ave & W 107 St,7650,40.7781314,-73.96069399,40.8021174,-73.9681805305,member
518080,EB130641EAF95117,classic_bike,2021-09-30 16:50:20,2021-09-30 17:14:33,Madison Ave & E 82 St,7188,West End Ave & W 107 St,7650,40.7781314,-73.96069399,40.8021174,-73.9681805305,member
518081,6D498857263CC1EB,classic_bike,2021-09-13 16:45:28,2021-09-13 17:05:48,Madison Ave & E 82 St,7188,West End Ave & W 107 St,7650,40.7781314,-73.96069399,40.8021174,-73.9681805305,member
523204,F96F2A4617CE836A,classic_bike,2021-09-07 14:34:16,2021-09-07 14:41:56,Madison Ave & E 82 St,7188,Madison Ave & E 99 St,7443,40.7781314,-73.96069399,40.78948541553215,-73.95242929458618,member
523231,50FB1E2878D2F1C4,classic_bike,2021-09-19 16:06:07,2021-09-19 16:11:01,Madison Ave & E 82 St,7188,Madison Ave & E 99 St,7443,40.7781314,-73.96069399,40.78948541553215,-73.95242929458618,member
523239,F0F7020168D29330,classic_bike,2021-09-18 16:44:07,2021-09-18 17:19:10,Madison Ave & E 82 St,7188,West End Ave & W 107 St,7650,40.7781314,-73.96069399,40.8021174,-73.9681805305,casual
523298,3C833351FEE65E3C,classic_bike,2021-09-21 14:44:08,2021-09-21 14:53:26,Madison Ave & E 82 St,7188,Madison Ave & E 99 St,7443,40.7781314,-73.96069399,40.78948541553215,-73.95242929458618,member
523568,73C074D3189DED5D,classic_bike,2021-09-27 08:25:20,2021-09-27 08:31:13,Madison Ave & E 82 St,7188,Madison Ave & E 99 St,7443,40.7781314,-73.96069399,40.78948541553215,-73.95242929458618,member
524644,BD0BF3C0A86229FF,classic_bike,2021-09-21 05:19:42,2021-09-21 05:25:59,E 81 St & Park Ave,7188,Madison Ave & E 99 St,7443,40.77677702,-73.9590097,40.78948541553215,-73.95242929458618,member
524663,CD52AF651150DFE9,classic_bike,2021-09-24 23:11:11,2021-09-24 23:28:39,E 81 St & Park Ave,7188,West End Ave & W 107 St,7650,40.77677702,-73.9590097,40.8021174,-73.9681805305,member
524877,9A123089A8FBF044,classic_bike,2021-09-23 17:27:42,2021-09-23 17:36:14,E 81 St & Park Ave,7188,Madison Ave & E 99 St,7443,40.77677702,-73.9590097,40.78948541553215,-73.95242929458618,casual
526943,D88AA6B248089230,electric_bike,2021-09-05 12:48:27,2021-09-05 12:53:06,Madison Ave & E 82 St,7188,Madison Ave & E 99 St,7443,40.7781314,-73.96069399,40.78948541553215,-73.95242929458618,member
526951,421D882962E5038D,electric_bike,2021-09-17 11:55:38,2021-09-17 12:03:15,Madison Ave & E 82 St,7188,Madison Ave & E 99 St,7443,40.7781314,-73.96069399,40.78948541553215,-73.95242929458618,casual
526957,645E7A8D75ADC8AA,classic_bike,2021-09-10 06:16:06,2021-09-10 06:20:55,Madison Ave & E 82 St,7188,Madison Ave & E 99 St,7443,40.7781314,-73.96069399,40.78948541553215,-73.95242929458618,member
526962,BCBE38849085203B,classic_bike,2021-09-24 11:08:44,2021-09-24 11:14:20,Madison Ave & E 82 St,7188,Madison Ave & E 99 St,7443,40.7781314,-73.96069399,40.78948541553215,-73.95242929458618,member
526983,CCE8E0015AFD666C,classic_bike,2021-09-15 17:41:49,2021-09-15 18:20:17,Madison Ave & E 82 St,7188,Madison Ave & E 99 St,7443,40.7781314,-73.96069399,40.78948541553215,-73.95242929458618,member
527417,933D4D70750FE4F5,classic_bike,2021-09-05 18:35:04,2021-09-05 18:41:15,E 81 St & Park Ave,7188,Madison Ave & E 99 St,7443,40.77677702,-73.9590097,40.78948541553215,-73.95242929458618,member
527658,AB5B4077321EF2F1,classic_bike,2021-09-14 15:34:16,2021-09-14 15:40:42,E 81 St & Park Ave,7188,Madison Ave & E 99 St,7443,40.77677702,-73.9590097,40.78948541553215,-73.95242929458618,member
527772,191FEDCECAE972B5,classic_bike,2021-09-03 13:13:22,2021-09-03 13:20:34,Madison Ave & E 82 St,7188,Madison Ave & E 99 St,7443,40.7781314,-73.96069399,40.78948541553215,-73.95242929458618,member
528229,0C1CE70AF30E49BB,classic_bike,2021-09-13 16:03:17,2021-09-13 16:08:51,Madison Ave & E 82 St,7188,Madison Ave & E 99 St,7443,40.7781314,-73.96069399,40.78948541553215,-73.95242929458618,member
528247,3786213472E675E3,classic_bike,2021-09-02 06:36:26,2021-09-02 06:42:38,Madison Ave & E 82 St,7188,Madison Ave & E 99 St,7443,40.7781314,-73.96069399,40.78948541553215,-73.95242929458618,member
530782,8799A584F7B30969,electric_bike,2021-09-02 11:26:18,2021-09-02 12:03:57,Madison Ave & E 82 St,7188,Murray St & Greenwich St,5288,40.7781314,-73.96069399,40.71485150526252,-74.01122331619263,casual
532972,298E4F69A295D97F,classic_bike,2021-09-11 18:48:29,2021-09-11 19:58:06,E 81 St & Park Ave,7188,Murray St & Greenwich St,5288,40.77677702,-73.9590097,40.71485150526252,-74.01122331619263,member
536152,AF1E3159FD638F8A,classic_bike,2021-09-16 22:04:34,2021-09-16 22:23:39,E 81 St & Park Ave,7188,Lenox Ave & W 146 St,7910,40.77677702,-73.9590097,40.821111,-73.935971,member
548199,FBCB759B30129DE3,docked_bike,2021-09-30 18:53:54,2021-09-30 20:36:49,Madison Ave & E 82 St,7188,Atlantic Ave & Fort Greene Pl,4354,40.778131,-73.960694,40.683826,-73.976323,casual
550515,1319BD6C6E5071BC,classic_bike,2021-09-22 16:13:39,2021-09-22 16:33:56,Madison Ave & E 82 St,7188,11 Ave & W 41 St,6726,40.7781314,-73.96069399,40.76030096,-73.99884222,casual
559446,9BECFC2985216D1C,classic_bike,2021-09-24 19:30:32,2021-09-24 21:32:32,Madison Ave & E 82 St,7188,11 Ave & W 41 St,6726,40.7781314,-73.96069399,40.76030096,-73.99884222,casual
560148,01548E39984CE6DB,classic_bike,2021-09-18 13:38:55,2021-09-18 14:36:53,E 81 St & Park Ave,7188,11 Ave & W 41 St,6726,40.77677702,-73.9590097,40.76030096,-73.99884222,casual
566974,192E1ACC246458A6,classic_bike,2021-09-24 16:07:23,2021-09-24 16:29:50,Madison Ave & E 82 St,7188,11 Ave & W 41 St,6726,40.7781314,-73.96069399,40.76030096,-73.99884222,casual
567080,05967E9B4EE8C5E5,classic_bike,2021-09-02 12:48:11,2021-09-02 13:06:11,E 81 St & Park Ave,7188,11 Ave & W 41 St,6726,40.77677702,-73.9590097,40.76030096,-73.99884222,member
567438,7A71ABCC3AB3A231,classic_bike,2021-09-13 07:24:35,2021-09-13 07:50:52,E 81 St & Park Ave,7188,11 Ave & W 41 St,6726,40.77677702,-73.9590097,40.76030096,-73.99884222,casual
569049,97179CC3F57F0647,classic_bike,2021-09-05 17:48:35,2021-09-05 18:14:21,E 81 St & Park Ave,7188,2 Ave & E 125 St,7648,40.77677702,-73.9590097,40.802554,-73.933509,member
569069,D77C6CABF05FD981,classic_bike,2021-09-05 17:49:56,2021-09-05 18:14:43,E 81 St & Park Ave,7188,2 Ave & E 125 St,7648,40.77677702,-73.9590097,40.802554,-73.933509,casual
571314,9566930F30BB2798,classic_bike,2021-09-24 18:28:46,2021-09-24 18:52:28,Madison Ave & E 82 St,7188,W 104 St & Amsterdam Ave,7610,40.7781314,-73.96069399,40.79904139288298,-73.96649479866028,casual
572114,F7D990F0D6DA1EB3,electric_bike,2021-09-03 17:29:22,2021-09-03 17:43:36,Madison Ave & E 82 St,7188,2 Ave & E 125 St,7648,40.7781314,-73.96069399,40.802554,-73.933509,casual
575504,0D6B0FF399591F04,classic_bike,2021-09-10 15:25:52,2021-09-10 15:57:15,E 81 St & Park Ave,7188,W 160 St & St. Nicholas Ave,8138,40.77677702,-73.9590097,40.834468,-73.939865,member
575531,0EF0D86132824F7F,electric_bike,2021-09-05 17:48:25,2021-09-05 18:14:25,E 81 St & Park Ave,7188,2 Ave & E 125 St,7648,40.77677702,-73.9590097,40.802554,-73.933509,casual
580637,DE5DFAFC9D5D360D,classic_bike,2021-09-04 16:19:11,2021-09-04 16:50:05,Madison Ave & E 82 St,7188,W 104 St & Amsterdam Ave,7610,40.7781314,-73.96069399,40.79904139288298,-73.96649479866028,casual
580649,7FB4DB44B9FB8499,electric_bike,2021-09-22 01:31:44,2021-09-22 02:25:51,Madison Ave & E 82 St,7188,W 160 St & St. Nicholas Ave,8138,40.7781314,-73.96069399,40.834468,-73.939865,casual
585793,7760011B239C54CC,docked_bike,2021-09-04 13:58:51,2021-09-04 15:23:20,Madison Ave & E 82 St,7188,West Thames St,5114,40.778131,-73.960694,40.708347,-74.017134,casual
585848,CDF5CD074C7ABF32,electric_bike,2021-09-24 07:28:03,2021-09-24 07:38:25,Madison Ave & E 82 St,7188,W 104 St & Amsterdam Ave,7610,40.7781314,-73.96069399,40.79904139288298,-73.96649479866028,casual
585895,D1C72EBD1825DB01,classic_bike,2021-09-12 13:14:41,2021-09-12 13:26:45,Madison Ave & E 82 St,7188,W 104 St & Amsterdam Ave,7610,40.7781314,-73.96069399,40.79904139288298,-73.96649479866028,member
585906,4A8534C7950483D1,electric_bike,2021-09-19 08:43:16,2021-09-19 08:52:43,Madison Ave & E 82 St,7188,W 104 St & Amsterdam Ave,7610,40.7781314,-73.96069399,40.79904139288298,-73.96649479866028,casual
585920,857EFC06E46BFCB5,classic_bike,2021-09-25 17:47:28,2021-09-25 18:14:06,Madison Ave & E 82 St,7188,W 104 St & Amsterdam Ave,7610,40.7781314,-73.96069399,40.79904139288298,-73.96649479866028,member
585953,7DFCC26942E4D569,classic_bike,2021-09-18 20:25:39,2021-09-18 20:46:39,Madison Ave & E 82 St,7188,W 104 St & Amsterdam Ave,7610,40.7781314,-73.96069399,40.79904139288298,-73.96649479866028,casual
586480,49421D54BF37AD96,electric_bike,2021-09-04 13:59:35,2021-09-04 15:24:28,Madison Ave & E 82 St,7188,West Thames St,5114,40.7781314,-73.96069399,40.70834698,-74.01713445,member
588668,8BCACBA9CC683C85,classic_bike,2021-09-04 16:18:37,2021-09-04 16:50:06,Madison Ave & E 82 St,7188,W 104 St & Amsterdam Ave,7610,40.7781314,-73.96069399,40.79904139288298,-73.96649479866028,casual
590592,301315909EE14B02,classic_bike,2021-09-09 18:32:37,2021-09-09 18:59:41,E 81 St & Park Ave,7188,8 Ave & W 49 St,6747,40.77677702,-73.9590097,40.76171227910671,-73.98655101656914,casual
590609,8C653215ED8C2535,classic_bike,2021-09-05 17:12:56,2021-09-05 17:33:19,E 81 St & Park Ave,7188,8 Ave & W 49 St,6747,40.77677702,-73.9590097,40.76171227910671,-73.98655101656914,member
590700,FA9946F534BE1AA3,classic_bike,2021-09-25 16:25:52,2021-09-25 16:51:03,Madison Ave & E 82 St,7188,8 Ave & W 49 St,6747,40.7781314,-73.96069399,40.76171227910671,-73.98655101656914,casual
590704,29C76148E8243310,classic_bike,2021-09-18 16:33:57,2021-09-18 17:15:54,Madison Ave & E 82 St,7188,8 Ave & W 49 St,6747,40.7781314,-73.96069399,40.76171227910671,-73.98655101656914,casual
594806,34A4A37454F9C7DA,classic_bike,2021-09-18 16:33:34,2021-09-18 17:15:47,Madison Ave & E 82 St,7188,8 Ave & W 49 St,6747,40.7781314,-73.96069399,40.76171227910671,-73.98655101656914,casual
595109,B5C0D700B61D8EE7,docked_bike,2021-09-11 20:41:57,2021-09-11 21:14:07,Madison Ave & E 82 St,7188,8 Ave & W 49 St,6747,40.778131,-73.960694,40.761712,-73.986551,casual
601513,07AC269F8ECC861F,classic_bike,2021-09-25 16:29:35,2021-09-25 16:50:59,Madison Ave & E 82 St,7188,8 Ave & W 49 St,6747,40.7781314,-73.96069399,40.76171227910671,-73.98655101656914,member
601533,11FE328A9DECAD4E,classic_bike,2021-09-18 17:11:00,2021-09-18 17:48:12,Madison Ave & E 82 St,7188,8 Ave & W 49 St,6747,40.7781314,-73.96069399,40.76171227910671,-73.98655101656914,casual
601555,10A756511E6D5277,classic_bike,2021-09-03 15:49:57,2021-09-03 16:17:56,Madison Ave & E 82 St,7188,1 Ave & E 44 St,6379,40.7781314,-73.96069399,40.75001986,-73.96905301,casual
601580,74C679C569D8B397,docked_bike,2021-09-11 20:41:45,2021-09-11 21:14:06,Madison Ave & E 82 St,7188,8 Ave & W 49 St,6747,40.778131,-73.960694,40.761712,-73.986551,casual
601590,F58AAC7DE72BBE92,electric_bike,2021-09-23 11:25:46,2021-09-23 11:41:43,Madison Ave & E 82 St,7188,8 Ave & W 49 St,6747,40.7781314,-73.96069399,40.76171227910671,-73.98655101656914,member
602263,C9080227D12C708F,classic_bike,2021-09-18 17:11:28,2021-09-18 17:48:31,Madison Ave & E 82 St,7188,8 Ave & W 49 St,6747,40.7781314,-73.96069399,40.76171227910671,-73.98655101656914,casual
613319,75C6D9FA337E3107,classic_bike,2021-09-03 15:49:42,2021-09-03 16:17:33,Madison Ave & E 82 St,7188,1 Ave & E 44 St,6379,40.7781314,-73.96069399,40.75001986,-73.96905301,casual
617215,D735DA608CB5FF52,electric_bike,2021-09-11 16:32:56,2021-09-11 16:56:06,Madison Ave & E 82 St,7188,8 Ave & W 33 St,6450,40.7781314,-73.96069399,40.751551,-73.993934,member
617248,7F477730EE4CC8CC,electric_bike,2021-09-16 18:07:37,2021-09-16 18:48:37,Madison Ave & E 82 St,7188,8 Ave & W 33 St,6450,40.7781314,-73.96069399,40.751551,-73.993934,casual
633167,E43B8A7B92A59F7B,classic_bike,2021-09-29 14:06:35,2021-09-29 14:14:04,Madison Ave & E 82 St,7188,E 78 St & 2 Ave,7057,40.7781314,-73.96069399,40.7727966,-73.95577801,member
633172,CDA235DC7BDB2E52,classic_bike,2021-09-11 14:56:39,2021-09-11 15:12:28,Madison Ave & E 82 St,7188,Columbus Ave & W 72 St,7175,40.7781314,-73.96069399,40.7770575,-73.97898475,member
633428,57EC68315BC0ED6A,classic_bike,2021-09-13 15:43:10,2021-09-13 15:59:49,Madison Ave & E 82 St,7188,W 100 St & Manhattan Ave,7538,40.7781314,-73.96069399,40.795,-73.9645,member
633454,1D0F5A1419004079,classic_bike,2021-09-08 17:27:00,2021-09-08 17:30:25,E 81 St & Park Ave,7188,E 78 St & 2 Ave,7057,40.77677702,-73.9590097,40.7727966,-73.95577801,member
633976,3878DF87A764425C,classic_bike,2021-09-23 17:32:16,2021-09-23 17:35:06,E 81 St & Park Ave,7188,E 78 St & 2 Ave,7057,40.77677702,-73.9590097,40.7727966,-73.95577801,member
634316,253596DB5C883501,classic_bike,2021-09-19 13:42:19,2021-09-19 13:54:05,E 81 St & Park Ave,7188,Columbus Ave & W 72 St,7175,40.77677702,-73.9590097,40.7770575,-73.97898475,member
634369,5C19EF32C019D071,electric_bike,2021-09-28 16:40:02,2021-09-28 16:54:52,E 81 St & Park Ave,7188,Columbus Ave & W 72 St,7175,40.77677702,-73.9590097,40.7770575,-73.97898475,member
634688,642AC0BACB9FA5C7,classic_bike,2021-09-22 18:02:26,2021-09-22 18:07:43,Madison Ave & E 82 St,7188,E 78 St & 2 Ave,7057,40.7781314,-73.96069399,40.7727966,-73.95577801,member
634689,12FB4CF0AE8C916C,electric_bike,2021-09-18 11:17:43,2021-09-18 11:39:47,Madison Ave & E 82 St,7188,Columbus Ave & W 72 St,7175,40.7781314,-73.96069399,40.7770575,-73.97898475,member
635103,AFEBA80F40471219,classic_bike,2021-09-11 05:24:01,2021-09-11 05:26:40,E 81 St & Park Ave,7188,E 78 St & 2 Ave,7057,40.77677702,-73.9590097,40.7727966,-73.95577801,member
635106,A062CE1CC5B0F58B,electric_bike,2021-09-12 10:38:56,2021-09-12 10:48:47,E 81 St & Park Ave,7188,Columbus Ave & W 72 St,7175,40.77677702,-73.9590097,40.7770575,-73.97898475,member
635107,4875D1516D3D6C2A,classic_bike,2021-09-15 23:01:39,2021-09-15 23:05:04,E 81 St & Park Ave,7188,E 78 St & 2 Ave,7057,40.77677702,-73.9590097,40.7727966,-73.95577801,member
636286,CF5DE9BC8C7938CE,classic_bike,2021-09-11 18:56:46,2021-09-11 19:33:29,Madison Ave & E 82 St,7188,E 78 St & 2 Ave,7057,40.7781314,-73.96069399,40.7727966,-73.95577801,member
636287,EE9C81A11715BD4E,classic_bike,2021-09-10 15:50:50,2021-09-10 16:01:15,Madison Ave & E 82 St,7188,Columbus Ave & W 72 St,7175,40.7781314,-73.96069399,40.7770575,-73.97898475,member
636288,8CC1380E44861450,electric_bike,2021-09-09 18:26:22,2021-09-09 18:30:36,Madison Ave & E 82 St,7188,E 78 St & 2 Ave,7057,40.7781314,-73.96069399,40.7727966,-73.95577801,member
636311,D0C04F2338634938,classic_bike,2021-09-28 08:56:00,2021-09-28 09:09:18,Madison Ave & E 82 St,7188,Columbus Ave & W 72 St,7175,40.7781314,-73.96069399,40.7770575,-73.97898475,member
636312,7CBBD8E784D2052B,classic_bike,2021-09-24 09:11:58,2021-09-24 09:20:54,Madison Ave & E 82 St,7188,Columbus Ave & W 72 St,7175,40.7781314,-73.96069399,40.7770575,-73.97898475,member
637231,18963ED935BF53AB,classic_bike,2021-09-04 13:59:11,2021-09-04 14:13:24,Madison Ave & E 82 St,7188,W 100 St & Manhattan Ave,7538,40.7781314,-73.96069399,40.795,-73.9645,member
641734,03BA4514F68EC534,classic_bike,2021-09-17 14:53:13,2021-09-17 15:25:42,Madison Ave & E 82 St,7188,Columbus Ave & W 72 St,7175,40.7781314,-73.96069399,40.7770575,-73.97898475,member
641739,6D2D70D6E405D050,classic_bike,2021-09-16 11:42:18,2021-09-16 11:47:18,Madison Ave & E 82 St,7188,E 78 St & 2 Ave,7057,40.7781314,-73.96069399,40.7727966,-73.95577801,member
641747,6661DA47E4D77BFF,classic_bike,2021-09-29 11:54:04,2021-09-29 12:02:31,Madison Ave & E 82 St,7188,Columbus Ave & W 72 St,7175,40.7781314,-73.96069399,40.7770575,-73.97898475,member
641755,761740289E2FDEE8,electric_bike,2021-09-05 12:59:15,2021-09-05 13:07:17,Madison Ave & E 82 St,7188,Columbus Ave & W 72 St,7175,40.7781314,-73.96069399,40.7770575,-73.97898475,casual
641757,D95260844C51AB89,classic_bike,2021-09-12 13:13:40,2021-09-12 13:28:12,Madison Ave & E 82 St,7188,W 100 St & Manhattan Ave,7538,40.7781314,-73.96069399,40.795,-73.9645,casual
641769,588BD944BC70EFCE,classic_bike,2021-09-10 10:49:26,2021-09-10 11:23:29,Madison Ave & E 82 St,7188,W 100 St & Manhattan Ave,7538,40.7781314,-73.96069399,40.795,-73.9645,member
641788,D49CB50CF8241E3F,electric_bike,2021-09-12 09:07:30,2021-09-12 09:39:27,Madison Ave & E 82 St,7188,Columbus Ave & W 72 St,7175,40.7781314,-73.96069399,40.7770575,-73.97898475,member
641792,ACB7A4882DD61986,classic_bike,2021-09-14 20:10:35,2021-09-14 20:14:58,Madison Ave & E 82 St,7188,E 78 St & 2 Ave,7057,40.7781314,-73.96069399,40.7727966,-73.95577801,member
641795,7E16C49E53EBA8F8,classic_bike,2021-09-05 15:49:04,2021-09-05 16:18:03,Madison Ave & E 82 St,7188,W 100 St & Manhattan Ave,7538,40.7781314,-73.96069399,40.795,-73.9645,casual
641820,ABA92C3DD193ECE3,classic_bike,2021-09-20 11:04:01,2021-09-20 11:43:34,Madison Ave & E 82 St,7188,Columbus Ave & W 72 St,7175,40.7781314,-73.96069399,40.7770575,-73.97898475,casual
641824,079EA3C8ED6FF4FE,classic_bike,2021-09-08 20:34:05,2021-09-08 20:46:37,Madison Ave & E 82 St,7188,Columbus Ave & W 72 St,7175,40.7781314,-73.96069399,40.7770575,-73.97898475,member
641827,51BBAE5018CEAF61,electric_bike,2021-09-14 15:47:32,2021-09-14 15:55:22,Madison Ave & E 82 St,7188,Columbus Ave & W 72 St,7175,40.7781314,-73.96069399,40.7770575,-73.97898475,member
641842,35B84A9603F19DA0,classic_bike,2021-09-12 16:21:47,2021-09-12 16:33:10,Madison Ave & E 82 St,7188,Columbus Ave & W 72 St,7175,40.7781314,-73.96069399,40.7770575,-73.97898475,casual
641852,EFD510D9F138894E,classic_bike,2021-09-24 19:41:54,2021-09-24 19:47:24,E 81 St & Park Ave,7188,E 78 St & 2 Ave,7057,40.77677702,-73.9590097,40.7727966,-73.95577801,member
641865,36D8F4C4D69C9903,electric_bike,2021-09-23 13:26:33,2021-09-23 13:35:33,E 81 St & Park Ave,7188,Columbus Ave & W 72 St,7175,40.77677702,-73.9590097,40.7770575,-73.97898475,casual
641873,AC62DFD2FEF6EB34,classic_bike,2021-09-21 19:05:03,2021-09-21 19:13:03,Madison Ave & E 82 St,7188,E 78 St & 2 Ave,7057,40.7781314,-73.96069399,40.7727966,-73.95577801,member
641875,68B872DF18732E4F,electric_bike,2021-09-30 21:52:11,2021-09-30 21:58:05,Madison Ave & E 82 St,7188,Columbus Ave & W 72 St,7175,40.7781314,-73.96069399,40.7770575,-73.97898475,member
641878,A7FE8A094B0D3CB6,classic_bike,2021-09-17 17:59:38,2021-09-17 18:03:10,E 81 St & Park Ave,7188,E 78 St & 2 Ave,7057,40.77677702,-73.9590097,40.7727966,-73.95577801,member
641903,D21F6D2FCC5CE525,classic_bike,2021-09-21 18:54:35,2021-09-21 18:57:14,E 81 St & Park Ave,7188,E 78 St & 2 Ave,7057,40.77677702,-73.9590097,40.7727966,-73.95577801,member
641919,A391DB9450352FFF,classic_bike,2021-09-11 16:30:30,2021-09-11 16:45:55,E 81 St & Park Ave,7188,W 100 St & Manhattan Ave,7538,40.77677702,-73.9590097,40.795,-73.9645,member
641926,2EEB05C98BD19767,classic_bike,2021-09-16 16:29:09,2021-09-16 16:32:00,E 81 St & Park Ave,7188,E 78 St & 2 Ave,7057,40.77677702,-73.9590097,40.7727966,-73.95577801,member
641932,AFA24ED0045EDE3D,classic_bike,2021-09-29 18:37:09,2021-09-29 18:40:38,E 81 St & Park Ave,7188,E 78 St & 2 Ave,7057,40.77677702,-73.9590097,40.7727966,-73.95577801,member
641949,C7C28495C5209CCA,classic_bike,2021-09-21 20:03:13,2021-09-21 20:06:59,E 81 St & Park Ave,7188,E 78 St & 2 Ave,7057,40.77677702,-73.9590097,40.7727966,-73.95577801,member
641971,98C06A403E48B193,classic_bike,2021-09-04 14:14:18,2021-09-04 14:16:43,E 81 St & Park Ave,7188,E 78 St & 2 Ave,7057,40.77677702,-73.9590097,40.7727966,-73.95577801,member
641973,AB18FB89DEE83DFF,electric_bike,2021-09-25 14:06:30,2021-09-25 14:15:43,E 81 St & Park Ave,7188,Columbus Ave & W 72 St,7175,40.77677702,-73.9590097,40.7770575,-73.97898475,member
641976,0E896E558E7B324A,classic_bike,2021-09-11 18:58:48,2021-09-11 19:35:10,E 81 St & Park Ave,7188,E 78 St & 2 Ave,7057,40.77677702,-73.9590097,40.7727966,-73.95577801,member
641983,46E3A5133055B44C,classic_bike,2021-09-28 18:39:11,2021-09-28 18:42:13,E 81 St & Park Ave,7188,E 78 St & 2 Ave,7057,40.77677702,-73.9590097,40.7727966,-73.95577801,member
641987,E22412616E067F33,classic_bike,2021-09-17 16:23:42,2021-09-17 16:44:57,E 81 St & Park Ave,7188,Columbus Ave & W 72 St,7175,40.77677702,-73.9590097,40.7770575,-73.97898475,casual
641996,7F7C29EAF3882BB8,classic_bike,2021-09-04 08:46:31,2021-09-04 08:56:53,E 81 St & Park Ave,7188,Columbus Ave & W 72 St,7175,40.77677702,-73.9590097,40.7770575,-73.97898475,member
642003,5D4D7BCA578FA93A,electric_bike,2021-09-16 10:12:51,2021-09-16 10:16:25,E 81 St & Park Ave,7188,E 78 St & 2 Ave,7057,40.77677702,-73.9590097,40.7727966,-73.95577801,member
642008,F81F02425EADCBA0,classic_bike,2021-09-24 14:25:29,2021-09-24 14:54:28,E 81 St & Park Ave,7188,Columbus Ave & W 72 St,7175,40.77677702,-73.9590097,40.7770575,-73.97898475,casual
642029,16CF4775F3565D3E,electric_bike,2021-09-03 23:10:47,2021-09-03 23:14:30,E 81 St & Park Ave,7188,E 78 St & 2 Ave,7057,40.77677702,-73.9590097,40.7727966,-73.95577801,member
644004,2B115884782F60F4,classic_bike,2021-09-25 10:46:43,2021-09-25 10:49:03,E 81 St & Park Ave,7188,E 78 St & 2 Ave,7057,40.77677702,-73.9590097,40.7727966,-73.95577801,casual
644048,69896147B1BE7669,classic_bike,2021-09-22 16:04:53,2021-09-22 16:16:19,E 81 St & Park Ave,7188,Columbus Ave & W 72 St,7175,40.77677702,-73.9590097,40.7770575,-73.97898475,member
644069,6EF3EE2560FD943C,classic_bike,2021-09-03 17:38:15,2021-09-03 17:41:09,E 81 St & Park Ave,7188,E 78 St & 2 Ave,7057,40.77677702,-73.9590097,40.7727966,-73.95577801,member
644070,00A1C76A59EB52BA,classic_bike,2021-09-13 18:18:34,2021-09-13 18:34:39,E 81 St & Park Ave,7188,Columbus Ave & W 72 St,7175,40.77677702,-73.9590097,40.7770575,-73.97898475,member
644073,29E036D4A4993F62,electric_bike,2021-09-06 10:54:03,2021-09-06 11:03:42,E 81 St & Park Ave,7188,Columbus Ave & W 72 St,7175,40.77677702,-73.9590097,40.7770575,-73.97898475,casual
644159,69C32B07A9C0C14F,classic_bike,2021-09-07 18:07:29,2021-09-07 18:12:34,Madison Ave & E 82 St,7188,E 78 St & 2 Ave,7057,40.7781314,-73.96069399,40.7727966,-73.95577801,member
644160,F3910D727CCBFFE6,classic_bike,2021-09-24 18:53:39,2021-09-24 18:57:35,Madison Ave & E 82 St,7188,E 78 St & 2 Ave,7057,40.7781314,-73.96069399,40.7727966,-73.95577801,member
644161,C79D9FE7AF4D7EB8,classic_bike,2021-09-08 17:50:40,2021-09-08 17:54:57,Madison Ave & E 82 St,7188,E 78 St & 2 Ave,7057,40.7781314,-73.96069399,40.7727966,-73.95577801,member
644162,A5E2FBAA57CA721C,electric_bike,2021-09-18 14:31:34,2021-09-18 14:38:04,Madison Ave & E 82 St,7188,Columbus Ave & W 72 St,7175,40.7781314,-73.96069399,40.7770575,-73.97898475,member
644163,4FF9D73B0D9092BE,classic_bike,2021-09-11 15:25:10,2021-09-11 15:33:35,Madison Ave & E 82 St,7188,Columbus Ave & W 72 St,7175,40.7781314,-73.96069399,40.7770575,-73.97898475,member
644164,5A1AD99F415468D7,electric_bike,2021-09-07 15:45:41,2021-09-07 15:52:20,Madison Ave & E 82 St,7188,Columbus Ave & W 72 St,7175,40.7781314,-73.96069399,40.7770575,-73.97898475,member
644169,1C82AF66B0380838,classic_bike,2021-09-10 14:52:33,2021-09-10 14:55:48,E 81 St & Park Ave,7188,E 78 St & 2 Ave,7057,40.77677702,-73.9590097,40.7727966,-73.95577801,member
644170,C849F4C76CEE3468,electric_bike,2021-09-26 09:41:06,2021-09-26 09:47:39,E 81 St & Park Ave,7188,Columbus Ave & W 72 St,7175,40.77677702,-73.9590097,40.7770575,-73.97898475,member
644188,A431EC6C763A9C2B,classic_bike,2021-09-25 15:04:22,2021-09-25 15:13:18,E 81 St & Park Ave,7188,Columbus Ave & W 72 St,7175,40.77677702,-73.9590097,40.7770575,-73.97898475,casual
644253,0ABC7FA643637C9C,classic_bike,2021-09-02 19:28:06,2021-09-02 19:33:51,Madison Ave & E 82 St,7188,E 78 St & 2 Ave,7057,40.7781314,-73.96069399,40.7727966,-73.95577801,member
647580,94AEE735C66B460D,classic_bike,2021-09-25 16:50:13,2021-09-25 17:06:58,Madison Ave & E 82 St,7188,Columbus Ave & W 72 St,7175,40.7781314,-73.96069399,40.7770575,-73.97898475,casual
647585,A340F7928AFE3514,classic_bike,2021-09-20 18:42:21,2021-09-20 18:52:47,Madison Ave & E 82 St,7188,Columbus Ave & W 72 St,7175,40.7781314,-73.96069399,40.7770575,-73.97898475,member
647587,90977FAC73A11646,classic_bike,2021-09-12 13:11:49,2021-09-12 13:28:05,Madison Ave & E 82 St,7188,W 100 St & Manhattan Ave,7538,40.7781314,-73.96069399,40.795,-73.9645,member
647589,A32DA1967EA4CF55,classic_bike,2021-09-19 15:18:43,2021-09-19 15:30:21,Madison Ave & E 82 St,7188,Columbus Ave & W 72 St,7175,40.7781314,-73.96069399,40.7770575,-73.97898475,member
647595,864145E3E982554F,electric_bike,2021-09-20 14:50:32,2021-09-20 14:59:21,Madison Ave & E 82 St,7188,Columbus Ave & W 72 St,7175,40.7781314,-73.96069399,40.7770575,-73.97898475,casual
647621,3BB556A07217AFF1,classic_bike,2021-09-21 18:55:32,2021-09-21 19:04:01,Madison Ave & E 82 St,7188,E 78 St & 2 Ave,7057,40.7781314,-73.96069399,40.7727966,-73.95577801,member
647622,70211C2EB94F2DB3,classic_bike,2021-09-07 11:12:22,2021-09-07 11:51:17,Madison Ave & E 82 St,7188,Columbus Ave & W 72 St,7175,40.7781314,-73.96069399,40.7770575,-73.97898475,member
647625,D7BBB219C247BCAA,classic_bike,2021-09-17 15:53:17,2021-09-17 16:03:08,Madison Ave & E 82 St,7188,Columbus Ave & W 72 St,7175,40.7781314,-73.96069399,40.7770575,-73.97898475,casual
647627,2B31909DB700EE69,classic_bike,2021-09-25 13:35:09,2021-09-25 13:50:21,Madison Ave & E 82 St,7188,Columbus Ave & W 72 St,7175,40.7781314,-73.96069399,40.7770575,-73.97898475,casual
647637,9EAD2E49B3C740E0,classic_bike,2021-09-06 16:30:53,2021-09-06 16:40:37,Madison Ave & E 82 St,7188,E 78 St & 2 Ave,7057,40.7781314,-73.96069399,40.7727966,-73.95577801,casual
647651,D10DBB5743465B35,classic_bike,2021-09-02 10:55:51,2021-09-02 11:09:58,Madison Ave & E 82 St,7188,Columbus Ave & W 72 St,7175,40.7781314,-73.96069399,40.7770575,-73.97898475,casual
647654,3B72980AF8678747,electric_bike,2021-09-15 17:11:20,2021-09-15 17:28:45,Madison Ave & E 82 St,7188,W 100 St & Manhattan Ave,7538,40.7781314,-73.96069399,40.795,-73.9645,casual
647670,3D43B5E7C656BCCB,classic_bike,2021-09-17 15:47:29,2021-09-17 15:56:16,Madison Ave & E 82 St,7188,Columbus Ave & W 72 St,7175,40.7781314,-73.96069399,40.7770575,-73.97898475,member
647677,3684F145A96493DB,electric_bike,2021-09-04 15:53:23,2021-09-04 16:00:02,Madison Ave & E 82 St,7188,Columbus Ave & W 72 St,7175,40.7781314,-73.96069399,40.7770575,-73.97898475,member
647684,0C3D724404AB15F5,classic_bike,2021-09-02 16:05:38,2021-09-02 16:30:21,Madison Ave & E 82 St,7188,W 100 St & Manhattan Ave,7538,40.7781314,-73.96069399,40.795,-73.9645,casual
647686,7F76A2BBF906C67D,classic_bike,2021-09-12 15:55:51,2021-09-12 16:53:16,Madison Ave & E 82 St,7188,Columbus Ave & W 72 St,7175,40.7781314,-73.96069399,40.7770575,-73.97898475,casual
647688,9E64F90DDA188189,classic_bike,2021-09-30 18:19:44,2021-09-30 18:24:16,Madison Ave & E 82 St,7188,E 78 St & 2 Ave,7057,40.7781314,-73.96069399,40.7727966,-73.95577801,member
647707,08C4FF76862BB3A1,classic_bike,2021-09-11 18:38:38,2021-09-11 18:58:00,Madison Ave & E 82 St,7188,Columbus Ave & W 72 St,7175,40.7781314,-73.96069399,40.7770575,-73.97898475,casual
647730,924E9360ED5D1530,classic_bike,2021-09-16 14:53:20,2021-09-16 15:03:10,Madison Ave & E 82 St,7188,Columbus Ave & W 72 St,7175,40.7781314,-73.96069399,40.7770575,-73.97898475,member
647739,1813DD5F80A6311F,classic_bike,2021-09-12 15:56:00,2021-09-12 16:52:25,Madison Ave & E 82 St,7188,Columbus Ave & W 72 St,7175,40.7781314,-73.96069399,40.7770575,-73.97898475,casual
647743,E90884891DB3CABD,electric_bike,2021-09-03 18:01:30,2021-09-03 18:06:36,Madison Ave & E 82 St,7188,E 78 St & 2 Ave,7057,40.7781314,-73.96069399,40.7727966,-73.95577801,casual
647744,14D015FB7E55A361,classic_bike,2021-09-05 15:48:26,2021-09-05 16:18:23,Madison Ave & E 82 St,7188,W 100 St & Manhattan Ave,7538,40.7781314,-73.96069399,40.795,-73.9645,casual
647751,A2447CF79D10DC09,electric_bike,2021-09-19 10:20:30,2021-09-19 11:03:36,Madison Ave & E 82 St,7188,E 78 St & 2 Ave,7057,40.7781314,-73.96069399,40.7727966,-73.95577801,member
647755,897BF59E3144C582,electric_bike,2021-09-14 17:10:56,2021-09-14 17:37:51,Madison Ave & E 82 St,7188,Columbus Ave & W 72 St,7175,40.7781314,-73.96069399,40.7770575,-73.97898475,casual
647756,540E462EF7649BE2,classic_bike,2021-09-19 12:04:56,2021-09-19 12:16:25,Madison Ave & E 82 St,7188,Columbus Ave & W 72 St,7175,40.7781314,-73.96069399,40.7770575,-73.97898475,member
647758,6B1AD377B18960D0,classic_bike,2021-09-07 12:23:47,2021-09-07 12:27:25,Madison Ave & E 82 St,7188,E 78 St & 2 Ave,7057,40.7781314,-73.96069399,40.7727966,-73.95577801,member
647774,665D998D1F190A1B,classic_bike,2021-09-24 15:46:33,2021-09-24 15:55:04,Madison Ave & E 82 St,7188,Columbus Ave & W 72 St,7175,40.7781314,-73.96069399,40.7770575,-73.97898475,member
647782,0E209E92128DCF19,classic_bike,2021-09-14 18:44:10,2021-09-14 18:48:26,Madison Ave & E 82 St,7188,E 78 St & 2 Ave,7057,40.7781314,-73.96069399,40.7727966,-73.95577801,member
647787,89480E903F76AB73,classic_bike,2021-09-18 14:11:23,2021-09-18 14:38:41,Madison Ave & E 82 St,7188,W 100 St & Manhattan Ave,7538,40.7781314,-73.96069399,40.795,-73.9645,member
647792,3B22D566DE4927EF,electric_bike,2021-09-23 15:38:11,2021-09-23 15:44:48,Madison Ave & E 82 St,7188,Columbus Ave & W 72 St,7175,40.7781314,-73.96069399,40.7770575,-73.97898475,member
647793,B0AC685D11C2A0D2,classic_bike,2021-09-21 15:45:52,2021-09-21 15:56:27,Madison Ave & E 82 St,7188,Columbus Ave & W 72 St,7175,40.7781314,-73.96069399,40.7770575,-73.97898475,member
647802,1AFBCDA284B767B8,electric_bike,2021-09-21 21:04:24,2021-09-21 21:16:02,Madison Ave & E 82 St,7188,Columbus Ave & W 72 St,7175,40.7781314,-73.96069399,40.7770575,-73.97898475,member
647808,7D2D2D9B8F864600,classic_bike,2021-09-26 17:15:05,2021-09-26 17:25:58,Madison Ave & E 82 St,7188,Columbus Ave & W 72 St,7175,40.7781314,-73.96069399,40.7770575,-73.97898475,member
647821,15B1A28C352FC6A7,classic_bike,2021-09-12 22:13:58,2021-09-12 22:23:51,Madison Ave & E 82 St,7188,Columbus Ave & W 72 St,7175,40.7781314,-73.96069399,40.7770575,-73.97898475,member
647934,D597868A298D0E7B,classic_bike,2021-09-25 14:16:22,2021-09-25 14:25:14,Madison Ave & E 82 St,7188,Columbus Ave & W 72 St,7175,40.7781314,-73.96069399,40.7770575,-73.97898475,member
647935,FE91D9414C4CCF03,electric_bike,2021-09-25 09:38:31,2021-09-25 09:44:48,Madison Ave & E 82 St,7188,Columbus Ave & W 72 St,7175,40.7781314,-73.96069399,40.7770575,-73.97898475,member
648852,976809F58DA9D4B5,classic_bike,2021-09-25 13:35:24,2021-09-25 13:50:07,Madison Ave & E 82 St,7188,Columbus Ave & W 72 St,7175,40.7781314,-73.96069399,40.7770575,-73.97898475,casual
648878,A2AB5E6C1C40244E,classic_bike,2021-09-18 13:10:47,2021-09-18 13:16:38,Madison Ave & E 82 St,7188,E 78 St & 2 Ave,7057,40.7781314,-73.96069399,40.7727966,-73.95577801,member
648879,D122BCCB7D30E280,classic_bike,2021-09-16 15:16:16,2021-09-16 15:21:27,Madison Ave & E 82 St,7188,E 78 St & 2 Ave,7057,40.7781314,-73.96069399,40.7727966,-73.95577801,member
648887,2049A5A9E2036DDF,classic_bike,2021-09-20 19:51:11,2021-09-20 20:03:39,Madison Ave & E 82 St,7188,Columbus Ave & W 72 St,7175,40.7781314,-73.96069399,40.7770575,-73.97898475,member
648941,D066AFD5BA5445F1,classic_bike,2021-09-11 14:57:48,2021-09-11 15:12:28,Madison Ave & E 82 St,7188,Columbus Ave & W 72 St,7175,40.7781314,-73.96069399,40.7770575,-73.97898475,member
648953,B44EBF0FA4A80B0C,electric_bike,2021-09-15 21:24:46,2021-09-15 21:54:59,Madison Ave & E 82 St,7188,E 78 St & 2 Ave,7057,40.7781314,-73.96069399,40.7727966,-73.95577801,casual
649105,1C7E7F6024549178,classic_bike,2021-09-20 08:36:46,2021-09-20 09:01:45,Madison Ave & E 82 St,7188,Columbus Ave & W 72 St,7175,40.7781314,-73.96069399,40.7770575,-73.97898475,member
650025,7B5B5F9D2C5C73E3,classic_bike,2021-09-18 16:13:58,2021-09-18 16:26:36,Madison Ave & E 82 St,7188,W 100 St & Manhattan Ave,7538,40.7781314,-73.96069399,40.795,-73.9645,casual
650026,9187D14AE55B1018,classic_bike,2021-09-12 15:57:53,2021-09-12 16:51:58,Madison Ave & E 82 St,7188,Columbus Ave & W 72 St,7175,40.7781314,-73.96069399,40.7770575,-73.97898475,casual
650027,67FA5D000024E0EE,electric_bike,2021-09-16 15:50:00,2021-09-16 16:06:46,Madison Ave & E 82 St,7188,Columbus Ave & W 72 St,7175,40.7781314,-73.96069399,40.7770575,-73.97898475,casual
650029,D8F6B8D7CA7004DB,classic_bike,2021-09-28 17:18:40,2021-09-28 17:31:07,Madison Ave & E 82 St,7188,Columbus Ave & W 72 St,7175,40.7781314,-73.96069399,40.7770575,-73.97898475,casual
653538,48CED9CD8FA0D277,classic_bike,2021-09-07 19:34:12,2021-09-07 19:49:32,Madison Ave & E 82 St,7188,W 54 St & 9 Ave,6920,40.7781314,-73.96069399,40.76584941,-73.98690506,member
653609,D05314F17B6618D8,classic_bike,2021-09-11 13:10:18,2021-09-11 13:24:55,Madison Ave & E 82 St,7188,W 54 St & 9 Ave,6920,40.7781314,-73.96069399,40.76584941,-73.98690506,member
663800,B8E1885542ECCE67,classic_bike,2021-09-26 11:03:32,2021-09-26 11:19:44,Madison Ave & E 82 St,7188,Lenox Ave & W 130 St,7753,40.7781314,-73.96069399,40.8107922,-73.9430681,member
663875,28A0409A87F1D022,electric_bike,2021-09-24 13:54:16,2021-09-24 14:07:15,Madison Ave & E 82 St,7188,Lenox Ave & W 130 St,7753,40.7781314,-73.96069399,40.8107922,-73.9430681,member
678266,3D5DCB8E69361942,classic_bike,2021-09-06 14:42:38,2021-09-06 15:10:38,Madison Ave & E 82 St,7188,W 33 St & 7 Ave,6407,40.7781314,-73.96069399,40.75019995,-73.99093085,member
680135,A6B3C17F4319205A,classic_bike,2021-09-20 09:24:09,2021-09-20 09:43:06,Madison Ave & E 82 St,7188,W 51 St & 6 Ave,6740,40.7781314,-73.96069399,40.7606597,-73.98042047,member
680136,7A404BBEEFF69A63,electric_bike,2021-09-24 22:30:42,2021-09-24 22:41:20,Madison Ave & E 82 St,7188,E 118 St & 1 Ave,7596,40.7781314,-73.96069399,40.79747,-73.93504,member
680147,493C307E63980F05,electric_bike,2021-09-08 15:34:01,2021-09-08 15:55:29,Madison Ave & E 82 St,7188,E 118 St & 1 Ave,7596,40.7781314,-73.96069399,40.79747,-73.93504,member
680182,DD15DF9261854D1B,electric_bike,2021-09-27 02:50:17,2021-09-27 03:40:47,Madison Ave & E 82 St,7188,W 51 St & 6 Ave,6740,40.7781314,-73.96069399,40.7606597,-73.98042047,member
680196,F168E4BD22D5EF9B,classic_bike,2021-09-20 11:17:50,2021-09-20 11:31:37,Madison Ave & E 82 St,7188,W 51 St & 6 Ave,6740,40.7781314,-73.96069399,40.7606597,-73.98042047,member
682409,4ECDFFC972BB359E,electric_bike,2021-09-25 12:34:20,2021-09-25 12:49:50,E 81 St & Park Ave,7188,W 33 St & 7 Ave,6407,40.77677702,-73.9590097,40.75019995,-73.99093085,member
682412,7FB24F64C4771DC1,electric_bike,2021-09-17 14:50:51,2021-09-17 15:10:02,E 81 St & Park Ave,7188,E 118 St & 1 Ave,7596,40.77677702,-73.9590097,40.79747,-73.93504,member
683433,E048CA256CEA39F8,classic_bike,2021-09-19 09:13:54,2021-09-19 09:34:35,E 81 St & Park Ave,7188,W 33 St & 7 Ave,6407,40.77677702,-73.9590097,40.75019995,-73.99093085,member
683463,9FF5831EF386CE41,electric_bike,2021-09-12 21:47:40,2021-09-12 22:26:55,E 81 St & Park Ave,7188,48 St & 37 Ave,6435,40.77677702,-73.9590097,40.751555,-73.915026,member
683493,E985F37FA3078F09,classic_bike,2021-09-23 07:29:12,2021-09-23 07:44:27,E 81 St & Park Ave,7188,W 51 St & 6 Ave,6740,40.77677702,-73.9590097,40.7606597,-73.98042047,member
684597,5DDD73F2CD8C4E65,classic_bike,2021-09-23 16:18:33,2021-09-23 16:37:39,Madison Ave & E 82 St,7188,W 33 St & 7 Ave,6407,40.7781314,-73.96069399,40.75019995,-73.99093085,member
684914,65CC0CF1455DDA94,electric_bike,2021-09-03 10:06:49,2021-09-03 10:15:30,Madison Ave & E 82 St,7188,W 51 St & 6 Ave,6740,40.7781314,-73.96069399,40.7606597,-73.98042047,member
689228,90C5F1263DA8B3FB,classic_bike,2021-09-12 09:15:26,2021-09-12 09:45:27,E 81 St & Park Ave,7188,W 33 St & 7 Ave,6407,40.77677702,-73.9590097,40.75019995,-73.99093085,member
691260,A2A7074B01DE8B74,electric_bike,2021-09-02 12:54:50,2021-09-02 13:14:53,Madison Ave & E 82 St,7188,W 33 St & 7 Ave,6407,40.7781314,-73.96069399,40.75019995,-73.99093085,member
691272,7915CAFCFC972CAE,classic_bike,2021-09-24 12:16:33,2021-09-24 12:53:46,Madison Ave & E 82 St,7188,W 22 St & 8 Ave,6224,40.7781314,-73.96069399,40.74475148,-73.99915362,member
699069,6BD9D4B84248A3FC,electric_bike,2021-09-04 08:46:30,2021-09-04 09:30:20,E 81 St & Park Ave,7188,Park Pl & Church St,5288,40.77677702,-73.9590097,40.71334184275907,-74.00935515761375,member
700295,D056271BB177B505,docked_bike,2021-09-17 17:20:29,2021-09-17 18:08:06,Madison Ave & E 82 St,7188,Broadway & Moylan Pl,7823,40.778131,-73.960694,40.814326,-73.959026,casual
700305,0AA662857BE201D4,classic_bike,2021-09-12 13:49:43,2021-09-12 14:25:47,Madison Ave & E 82 St,7188,Broadway & Moylan Pl,7823,40.7781314,-73.96069399,40.8143256,-73.9590255,casual
700344,784DF6923FC475B6,classic_bike,2021-09-12 13:47:58,2021-09-12 14:25:31,Madison Ave & E 82 St,7188,Broadway & Moylan Pl,7823,40.7781314,-73.96069399,40.8143256,-73.9590255,casual
701524,8A9CBBADF2F06548,electric_bike,2021-09-06 08:45:46,2021-09-06 09:25:55,E 81 St & Park Ave,7188,Park Pl & Church St,5288,40.77677702,-73.9590097,40.71334184275907,-74.00935515761375,member
706712,D1ECBADC7ACD7418,electric_bike,2021-09-02 22:56:19,2021-09-02 23:07:33,E 81 St & Park Ave,7188,3 Ave & E 112 St,7543,40.77677702,-73.9590097,40.795508,-73.941606,casual
707637,722BC0BC99ED5C44,classic_bike,2021-09-11 08:34:38,2021-09-11 09:15:19,Madison Ave & E 82 St,7188,Park Pl & Church St,5288,40.7781314,-73.96069399,40.71334184275907,-74.00935515761375,member
708142,677AE23F22837262,classic_bike,2021-09-12 13:01:00,2021-09-12 13:53:40,E 81 St & Park Ave,7188,E 89 St & York Ave,7204,40.77677702,-73.9590097,40.7779453,-73.946041,member
708161,86556FFDD4342BF7,classic_bike,2021-09-02 12:41:56,2021-09-02 12:53:30,E 81 St & Park Ave,7188,E 58 St & Madison Ave,6839,40.77677702,-73.9590097,40.76302594280519,-73.97209525108337,member
708164,0471F641F4A35FB7,classic_bike,2021-09-07 19:02:15,2021-09-07 19:18:52,E 81 St & Park Ave,7188,W 55 St & 6 Ave,6809,40.77677702,-73.9590097,40.763189,-73.978434,casual
708181,DFC544118FB4ACCD,classic_bike,2021-09-15 19:35:05,2021-09-15 19:45:06,E 81 St & Park Ave,7188,W 55 St & 6 Ave,6809,40.77677702,-73.9590097,40.763189,-73.978434,member
708183,FA5F549C7DF39B29,classic_bike,2021-09-25 17:23:37,2021-09-25 17:47:27,E 81 St & Park Ave,7188,E 89 St & York Ave,7204,40.77677702,-73.9590097,40.7779453,-73.946041,member
708199,762F64104B46FE16,classic_bike,2021-09-06 19:01:28,2021-09-06 19:10:18,E 81 St & Park Ave,7188,E 89 St & York Ave,7204,40.77677702,-73.9590097,40.7779453,-73.946041,member
708201,082BD347A88F5DBF,classic_bike,2021-09-17 18:46:54,2021-09-17 18:57:45,E 81 St & Park Ave,7188,W 55 St & 6 Ave,6809,40.77677702,-73.9590097,40.763189,-73.978434,member
708205,FF66516A83118CD1,classic_bike,2021-09-25 01:17:09,2021-09-25 01:26:38,E 81 St & Park Ave,7188,W 87 St & West End Ave,7484,40.77677702,-73.9590097,40.789622,-73.97757,member
708209,828FFF7A7E1DD43D,electric_bike,2021-09-14 17:55:01,2021-09-14 18:00:21,E 81 St & Park Ave,7188,E 89 St & York Ave,7204,40.77677702,-73.9590097,40.7779453,-73.946041,member
708213,38E8140CC974D4EF,classic_bike,2021-09-06 16:25:05,2021-09-06 16:44:32,E 81 St & Park Ave,7188,E 51 St & 2 Ave,6575,40.77677702,-73.9590097,40.755293,-73.967641,casual
708217,98A170A89AC05AF7,electric_bike,2021-09-08 13:59:56,2021-09-08 14:07:35,E 81 St & Park Ave,7188,E 89 St & York Ave,7204,40.77677702,-73.9590097,40.7779453,-73.946041,casual
708218,D2EEF6E58B911E09,classic_bike,2021-09-06 19:01:21,2021-09-06 19:10:30,E 81 St & Park Ave,7188,E 89 St & York Ave,7204,40.77677702,-73.9590097,40.7779453,-73.946041,casual
708224,3FD0B09B449E652C,classic_bike,2021-09-14 15:16:32,2021-09-14 15:23:00,E 81 St & Park Ave,7188,E 89 St & York Ave,7204,40.77677702,-73.9590097,40.7779453,-73.946041,member
708225,C082869D054110C8,classic_bike,2021-09-06 16:25:22,2021-09-06 16:44:32,E 81 St & Park Ave,7188,E 51 St & 2 Ave,6575,40.77677702,-73.9590097,40.755293,-73.967641,casual
708226,3E2AA2FC7A1CC61B,classic_bike,2021-09-07 19:01:55,2021-09-07 19:18:51,E 81 St & Park Ave,7188,W 55 St & 6 Ave,6809,40.77677702,-73.9590097,40.763189,-73.978434,casual
708283,C35A18261F447D60,classic_bike,2021-09-14 18:34:43,2021-09-14 18:44:57,E 81 St & Park Ave,7188,W 55 St & 6 Ave,6809,40.77677702,-73.9590097,40.763189,-73.978434,member
709629,1418486539F8C3F9,classic_bike,2021-09-19 13:18:58,2021-09-19 13:40:59,Madison Ave & E 82 St,7188,W 55 St & 6 Ave,6809,40.7781314,-73.96069399,40.763189,-73.978434,casual
709630,ABD9EA1BE129F8D3,classic_bike,2021-09-19 16:41:43,2021-09-19 17:07:54,Madison Ave & E 82 St,7188,E 51 St & 2 Ave,6575,40.7781314,-73.96069399,40.755293,-73.967641,casual
709632,28ADC9E44F18E35A,electric_bike,2021-09-20 14:54:32,2021-09-20 15:29:03,Madison Ave & E 82 St,7188,W 55 St & 6 Ave,6809,40.7781314,-73.96069399,40.763189,-73.978434,casual
709640,DADEA5DDF27E531F,classic_bike,2021-09-06 11:22:24,2021-09-06 11:42:16,Madison Ave & E 82 St,7188,E 51 St & 2 Ave,6575,40.7781314,-73.96069399,40.755293,-73.967641,casual
709661,3BC0B06D8865E3DB,classic_bike,2021-09-18 16:47:06,2021-09-18 17:05:09,Madison Ave & E 82 St,7188,E 51 St & 2 Ave,6575,40.7781314,-73.96069399,40.755293,-73.967641,casual
709665,2BC7C2DFA3A7FEC9,classic_bike,2021-09-15 14:32:04,2021-09-15 14:56:02,Madison Ave & E 82 St,7188,E 58 St & Madison Ave,6839,40.7781314,-73.96069399,40.76302594280519,-73.97209525108337,casual
709669,D6FB2503116B9C87,classic_bike,2021-09-05 17:01:38,2021-09-05 17:23:27,Madison Ave & E 82 St,7188,E 51 St & 2 Ave,6575,40.7781314,-73.96069399,40.755293,-73.967641,member
709685,2396A970A580A6E8,classic_bike,2021-09-11 11:16:18,2021-09-11 11:24:06,Madison Ave & E 82 St,7188,E 89 St & York Ave,7204,40.7781314,-73.96069399,40.7779453,-73.946041,member
709686,BC2C090B7A8951A6,electric_bike,2021-09-02 11:14:11,2021-09-02 11:30:34,Madison Ave & E 82 St,7188,W 87 St & West End Ave,7484,40.7781314,-73.96069399,40.789622,-73.97757,member
709698,6104B299E60952FF,classic_bike,2021-09-17 11:44:36,2021-09-17 11:58:39,Madison Ave & E 82 St,7188,E 58 St & Madison Ave,6839,40.7781314,-73.96069399,40.76302594280519,-73.97209525108337,casual
709712,806B877F28E71C47,classic_bike,2021-09-12 14:24:16,2021-09-12 14:38:30,Madison Ave & E 82 St,7188,E 58 St & Madison Ave,6839,40.7781314,-73.96069399,40.76302594280519,-73.97209525108337,casual
709717,B050F00A325BE40B,classic_bike,2021-09-03 16:41:05,2021-09-03 16:49:34,Madison Ave & E 82 St,7188,W 87 St & West End Ave,7484,40.7781314,-73.96069399,40.789622,-73.97757,member
709982,907A51D3DCE56198,classic_bike,2021-09-03 16:20:10,2021-09-03 16:41:04,Madison Ave & E 82 St,7188,W 55 St & 6 Ave,6809,40.7781314,-73.96069399,40.763189,-73.978434,member
709983,BBDF1ABD8DE1D461,electric_bike,2021-09-22 13:12:28,2021-09-22 13:20:43,Madison Ave & E 82 St,7188,W 55 St & 6 Ave,6809,40.7781314,-73.96069399,40.763189,-73.978434,member
709998,99763326F63D375C,docked_bike,2021-09-18 16:49:52,2021-09-18 17:19:54,Madison Ave & E 82 St,7188,W 55 St & 6 Ave,6809,40.778131,-73.960694,40.763189,-73.978434,casual
710005,34AED7FAAABE8264,electric_bike,2021-09-10 18:50:12,2021-09-10 18:56:55,Madison Ave & E 82 St,7188,W 87 St & West End Ave,7484,40.7781314,-73.96069399,40.789622,-73.97757,casual
710007,A43D0AEFAABACA4D,classic_bike,2021-09-12 15:14:07,2021-09-12 15:48:50,Madison Ave & E 82 St,7188,E 89 St & York Ave,7204,40.7781314,-73.96069399,40.7779453,-73.946041,casual
710025,8401376AF679265D,electric_bike,2021-09-04 11:49:08,2021-09-04 11:58:50,Madison Ave & E 82 St,7188,E 89 St & York Ave,7204,40.7781314,-73.96069399,40.7779453,-73.946041,casual
710034,245E5D0BD3466CBF,electric_bike,2021-09-29 16:05:33,2021-09-29 16:32:10,Madison Ave & E 82 St,7188,35 St & Broadway,6750,40.7781314,-73.96069399,40.760339,-73.9222427,member
711263,C8AF93F98296CF6F,classic_bike,2021-09-09 17:41:29,2021-09-09 17:58:30,Madison Ave & E 82 St,7188,W 87 St & West End Ave,7484,40.7781314,-73.96069399,40.789622,-73.97757,member
722705,85614138EB3FD555,classic_bike,2021-09-09 19:29:51,2021-09-09 19:41:04,E 81 St & Park Ave,7188,W 55 St & 6 Ave,6809,40.77677702,-73.9590097,40.763189,-73.978434,member
722706,4FBA888DCE36AFAA,electric_bike,2021-09-04 09:02:50,2021-09-04 09:10:28,E 81 St & Park Ave,7188,W 55 St & 6 Ave,6809,40.77677702,-73.9590097,40.763189,-73.978434,member
722708,F821743BC54CCB6A,electric_bike,2021-09-02 16:15:32,2021-09-02 16:33:17,E 81 St & Park Ave,7188,E 89 St & York Ave,7204,40.77677702,-73.9590097,40.7779453,-73.946041,member
722712,D6E5F1246D80F439,classic_bike,2021-09-21 18:59:11,2021-09-21 19:12:10,E 81 St & Park Ave,7188,W 55 St & 6 Ave,6809,40.77677702,-73.9590097,40.763189,-73.978434,member
722713,41244C7ADCB155A1,classic_bike,2021-09-18 11:34:59,2021-09-18 11:45:07,E 81 St & Park Ave,7188,E 89 St & York Ave,7204,40.77677702,-73.9590097,40.7779453,-73.946041,member
722717,5B87BD9EE4CF104E,classic_bike,2021-09-06 16:25:03,2021-09-06 16:44:27,E 81 St & Park Ave,7188,E 51 St & 2 Ave,6575,40.77677702,-73.9590097,40.755293,-73.967641,member
722720,9620B345D7ABE336,classic_bike,2021-09-06 19:02:34,2021-09-06 19:10:32,E 81 St & Park Ave,7188,E 89 St & York Ave,7204,40.77677702,-73.9590097,40.7779453,-73.946041,casual
722721,F1D8B1EEFED877C5,classic_bike,2021-09-27 14:57:56,2021-09-27 15:12:26,E 81 St & Park Ave,7188,E 58 St & Madison Ave,6839,40.77677702,-73.9590097,40.76302594280519,-73.97209525108337,member
722746,679D1CE8296E613C,classic_bike,2021-09-22 11:14:07,2021-09-22 11:33:20,E 81 St & Park Ave,7188,E 51 St & 2 Ave,6575,40.77677702,-73.9590097,40.755293,-73.967641,member
722749,F9522B3A24B7F57C,classic_bike,2021-09-08 20:43:03,2021-09-08 20:59:53,E 81 St & Park Ave,7188,E 89 St & York Ave,7204,40.77677702,-73.9590097,40.7779453,-73.946041,member
722750,93A81BE7948F6C24,classic_bike,2021-09-13 17:46:58,2021-09-13 18:22:55,E 81 St & Park Ave,7188,W 87 St & West End Ave,7484,40.77677702,-73.9590097,40.789622,-73.97757,member
723341,214BC162F6D9C158,classic_bike,2021-09-23 13:08:22,2021-09-23 13:18:59,E 81 St & Park Ave,7188,E 89 St & York Ave,7204,40.77677702,-73.9590097,40.7779453,-73.946041,member
724838,75F1A7D4A362AF8B,electric_bike,2021-09-15 11:20:44,2021-09-15 11:30:11,Madison Ave & E 82 St,7188,W 55 St & 6 Ave,6809,40.7781314,-73.96069399,40.763189,-73.978434,member
724847,9A665C290E663A17,classic_bike,2021-09-26 01:21:00,2021-09-26 01:35:23,Madison Ave & E 82 St,7188,E 51 St & 2 Ave,6575,40.7781314,-73.96069399,40.755293,-73.967641,member
724851,E5128179732CCFD8,classic_bike,2021-09-25 21:50:58,2021-09-25 22:10:21,Madison Ave & E 82 St,7188,E 51 St & 2 Ave,6575,40.7781314,-73.96069399,40.755293,-73.967641,member
724854,01747E9FD2515FE7,classic_bike,2021-09-20 15:05:08,2021-09-20 15:28:50,Madison Ave & E 82 St,7188,W 55 St & 6 Ave,6809,40.7781314,-73.96069399,40.763189,-73.978434,casual
724857,600542AD6CC6DBE1,classic_bike,2021-09-04 14:45:45,2021-09-04 14:58:18,Madison Ave & E 82 St,7188,E 51 St & 2 Ave,6575,40.7781314,-73.96069399,40.755293,-73.967641,casual
724859,ECD020293D5396E5,classic_bike,2021-09-24 17:05:33,2021-09-24 17:15:02,Madison Ave & E 82 St,7188,W 87 St & West End Ave,7484,40.7781314,-73.96069399,40.789622,-73.97757,member
724905,A937876BBA21FFC2,classic_bike,2021-09-22 20:58:21,2021-09-22 21:06:59,Madison Ave & E 82 St,7188,E 89 St & York Ave,7204,40.7781314,-73.96069399,40.7779453,-73.946041,member
724910,731235A14313002C,classic_bike,2021-09-17 16:16:19,2021-09-17 16:37:05,Madison Ave & E 82 St,7188,W 55 St & 6 Ave,6809,40.7781314,-73.96069399,40.763189,-73.978434,casual
724911,0358688E77187730,classic_bike,2021-09-18 16:35:58,2021-09-18 16:48:01,Madison Ave & E 82 St,7188,E 89 St & York Ave,7204,40.7781314,-73.96069399,40.7779453,-73.946041,casual
724912,8D7CF9C35F34D9CF,classic_bike,2021-09-28 14:15:48,2021-09-28 14:38:35,Madison Ave & E 82 St,7188,E 51 St & 2 Ave,6575,40.7781314,-73.96069399,40.755293,-73.967641,casual
724933,734FA81BBD3E1CD0,classic_bike,2021-09-24 23:25:36,2021-09-24 23:36:18,Madison Ave & E 82 St,7188,W 87 St & West End Ave,7484,40.7781314,-73.96069399,40.789622,-73.97757,member
724946,DF23FAF1B599ACBD,classic_bike,2021-09-28 14:15:27,2021-09-28 14:38:39,Madison Ave & E 82 St,7188,E 51 St & 2 Ave,6575,40.7781314,-73.96069399,40.755293,-73.967641,casual
724954,7319C92F4791CBF2,classic_bike,2021-09-17 11:45:41,2021-09-17 11:58:30,Madison Ave & E 82 St,7188,E 58 St & Madison Ave,6839,40.7781314,-73.96069399,40.76302594280519,-73.97209525108337,casual
724955,1540EC60B01BA22E,electric_bike,2021-09-17 23:58:10,2021-09-18 00:52:29,Madison Ave & E 82 St,7188,E 58 St & Madison Ave,6839,40.7781314,-73.96069399,40.76302594280519,-73.97209525108337,member
724958,BFD4A03315CE76D7,electric_bike,2021-09-21 15:27:00,2021-09-21 15:46:49,Madison Ave & E 82 St,7188,W 87 St & West End Ave,7484,40.7781314,-73.96069399,40.789622,-73.97757,casual
724962,91496EC50C7AD65E,classic_bike,2021-09-22 18:55:17,2021-09-22 19:33:54,Madison Ave & E 82 St,7188,W 87 St & West End Ave,7484,40.7781314,-73.96069399,40.789622,-73.97757,casual
724979,58D1C0501C55613D,classic_bike,2021-09-26 01:20:55,2021-09-26 01:35:43,Madison Ave & E 82 St,7188,E 51 St & 2 Ave,6575,40.7781314,-73.96069399,40.755293,-73.967641,member
724981,033395D78A890F6B,classic_bike,2021-09-02 15:50:12,2021-09-02 15:58:50,Madison Ave & E 82 St,7188,E 89 St & York Ave,7204,40.7781314,-73.96069399,40.7779453,-73.946041,member
726046,EBC9E37C76EE9AF4,electric_bike,2021-09-12 15:13:18,2021-09-12 15:49:44,Madison Ave & E 82 St,7188,E 89 St & York Ave,7204,40.7781314,-73.96069399,40.7779453,-73.946041,casual
726990,0BED65A61946A46F,classic_bike,2021-09-15 17:19:53,2021-09-15 17:28:54,Madison Ave & E 82 St,7188,E 58 St & Madison Ave,6839,40.7781314,-73.96069399,40.76302594280519,-73.97209525108337,member
726994,D14FEA8BBFA90B02,classic_bike,2021-09-27 10:49:47,2021-09-27 11:08:04,Madison Ave & E 82 St,7188,E 58 St & Madison Ave,6839,40.7781314,-73.96069399,40.76302594280519,-73.97209525108337,member
726997,B5307F60F25360A5,classic_bike,2021-09-15 16:00:28,2021-09-15 16:12:41,Madison Ave & E 82 St,7188,E 89 St & York Ave,7204,40.7781314,-73.96069399,40.7779453,-73.946041,member
728114,06AC82EF9AE5C045,classic_bike,2021-09-26 19:41:01,2021-09-26 19:59:18,Madison Ave & E 82 St,7188,E 51 St & 2 Ave,6575,40.7781314,-73.96069399,40.755293,-73.967641,member
728791,515FEC35E6AC9601,classic_bike,2021-09-01 15:59:06,2021-09-01 16:25:39,E 81 St & Park Ave,7188,W 87 St & West End Ave,7484,40.77677702,-73.9590097,40.789622,-73.97757,member
728794,009F15C31989243E,classic_bike,2021-09-13 17:29:58,2021-09-13 17:41:50,E 81 St & Park Ave,7188,E 58 St & Madison Ave,6839,40.77677702,-73.9590097,40.76302594280519,-73.97209525108337,member
729405,CFDA145415068E83,docked_bike,2021-09-12 10:51:24,2021-09-12 11:23:05,Madison Ave & E 82 St,7188,Central Park W & W 103 St,7577,40.778131,-73.960694,40.79559,-73.961884,casual
730053,0BBF863465603654,classic_bike,2021-09-06 16:24:57,2021-09-06 16:44:47,E 81 St & Park Ave,7188,E 51 St & 2 Ave,6575,40.77677702,-73.9590097,40.755293,-73.967641,casual
730205,344D08E5FF724D6D,electric_bike,2021-09-30 08:38:15,2021-09-30 09:10:04,E 81 St & Park Ave,7188,Central Park W & W 103 St,7577,40.77677702,-73.9590097,40.79558954105342,-73.96188408136368,member
730223,4B740E5F05ACBCF5,classic_bike,2021-09-24 13:34:20,2021-09-24 13:53:32,E 81 St & Park Ave,7188,Central Park W & W 103 St,7577,40.77677702,-73.9590097,40.79558954105342,-73.96188408136368,member
730225,A809C102CD22AEAA,classic_bike,2021-09-18 15:27:10,2021-09-18 15:51:20,E 81 St & Park Ave,7188,Central Park W & W 103 St,7577,40.77677702,-73.9590097,40.79558954105342,-73.96188408136368,casual
730226,7DC34CE37537EFC0,classic_bike,2021-09-15 20:06:02,2021-09-15 20:18:07,E 81 St & Park Ave,7188,Central Park W & W 103 St,7577,40.77677702,-73.9590097,40.79558954105342,-73.96188408136368,casual
730280,40084B8BAD0207F5,classic_bike,2021-09-24 13:35:08,2021-09-24 13:54:32,E 81 St & Park Ave,7188,Central Park W & W 103 St,7577,40.77677702,-73.9590097,40.79558954105342,-73.96188408136368,member
733302,E8F2A048E376B463,classic_bike,2021-09-27 18:59:28,2021-09-27 19:13:56,E 81 St & Park Ave,7188,Central Park W & W 103 St,7577,40.77677702,-73.9590097,40.79558954105342,-73.96188408136368,member
734544,B3128099F1621C20,classic_bike,2021-09-24 13:15:35,2021-09-24 13:36:42,Madison Ave & E 82 St,7188,11 Ave & W 59 St,7059,40.7781314,-73.96069399,40.77149671054441,-73.99046033620834,member
737341,924DA860D8C83076,classic_bike,2021-09-13 21:08:57,2021-09-13 21:29:32,E 81 St & Park Ave,7188,Central Park W & W 103 St,7577,40.77677702,-73.9590097,40.79558954105342,-73.96188408136368,member
737353,A6F86695F6A1B837,electric_bike,2021-09-27 16:29:07,2021-09-27 16:58:18,E 81 St & Park Ave,7188,8 Ave & W 16 St,6072,40.77677702,-73.9590097,40.740983,-74.001702,member
737383,406C4744A83DCFCD,classic_bike,2021-09-14 17:14:56,2021-09-14 17:54:35,E 81 St & Park Ave,7188,8 Ave & W 16 St,6072,40.77677702,-73.9590097,40.740983,-74.001702,member
737388,BA68B54BC2378048,electric_bike,2021-09-05 23:19:07,2021-09-05 23:41:20,E 81 St & Park Ave,7188,21 St & 31 Dr,6865,40.77677702,-73.9590097,40.7659,-73.930819,member
739053,3CDD65FEBDB3F35B,electric_bike,2021-09-17 13:28:51,2021-09-17 14:01:01,Madison Ave & E 82 St,7188,Adam Clayton Powell Blvd & W 138 St,7855,40.7781314,-73.96069399,40.81695971032464,-73.9422959089279,member
739058,D114D0A2C7BAA833,electric_bike,2021-09-22 15:49:51,2021-09-22 17:13:00,Madison Ave & E 82 St,7188,Central Park W & W 103 St,7577,40.7781314,-73.96069399,40.79558954105342,-73.96188408136368,casual
739060,887C1C21AED3699D,classic_bike,2021-09-12 16:06:39,2021-09-12 16:36:00,Madison Ave & E 82 St,7188,11 Ave & W 59 St,7059,40.7781314,-73.96069399,40.77149671054441,-73.99046033620834,casual
739084,6B06A9E3FAEAE1B8,docked_bike,2021-09-06 16:47:48,2021-09-06 17:14:02,Madison Ave & E 82 St,7188,Central Park W & W 103 St,7577,40.778131,-73.960694,40.79559,-73.961884,casual
739108,FDBCCD6608D89E2A,electric_bike,2021-09-20 17:24:03,2021-09-20 17:36:52,Madison Ave & E 82 St,7188,11 Ave & W 59 St,7059,40.7781314,-73.96069399,40.77149671054441,-73.99046033620834,member
740244,0A1BC93515B3AE4D,classic_bike,2021-09-11 17:51:28,2021-09-11 18:14:07,Madison Ave & E 82 St,7188,11 Ave & W 59 St,7059,40.7781314,-73.96069399,40.77149671054441,-73.99046033620834,casual
740245,949A619E2E2B7AE6,classic_bike,2021-09-11 17:53:47,2021-09-11 18:15:01,Madison Ave & E 82 St,7188,11 Ave & W 59 St,7059,40.7781314,-73.96069399,40.77149671054441,-73.99046033620834,casual
751247,8B1754FFB18877D1,classic_bike,2021-09-12 16:06:50,2021-09-12 16:36:01,Madison Ave & E 82 St,7188,11 Ave & W 59 St,7059,40.7781314,-73.96069399,40.77149671054441,-73.99046033620834,casual
751263,5678AB2ECE7EBE0A,classic_bike,2021-09-24 17:59:37,2021-09-24 18:35:00,Madison Ave & E 82 St,7188,11 Ave & W 59 St,7059,40.7781314,-73.96069399,40.77149671054441,-73.99046033620834,member
751265,D15236380D052E49,electric_bike,2021-09-07 16:28:41,2021-09-07 16:56:20,Madison Ave & E 82 St,7188,8 Ave & W 16 St,6072,40.7781314,-73.96069399,40.740983,-74.001702,member
751269,F2BBF0E98B8A87AA,classic_bike,2021-09-09 16:41:17,2021-09-09 17:35:40,Madison Ave & E 82 St,7188,Central Park W & W 103 St,7577,40.7781314,-73.96069399,40.79558954105342,-73.96188408136368,casual
751411,E8063C4ED930FF3B,classic_bike,2021-09-09 16:42:26,2021-09-09 17:36:04,Madison Ave & E 82 St,7188,Central Park W & W 103 St,7577,40.7781314,-73.96069399,40.79558954105342,-73.96188408136368,casual
752328,388D14BDA8973A21,classic_bike,2021-09-15 22:05:28,2021-09-15 22:22:54,E 81 St & Park Ave,7188,Central Park W & W 103 St,7577,40.77677702,-73.9590097,40.79558954105342,-73.96188408136368,member
752334,EF267B42CE1440AB,classic_bike,2021-09-21 16:56:51,2021-09-21 17:37:24,E 81 St & Park Ave,7188,8 Ave & W 16 St,6072,40.77677702,-73.9590097,40.740983,-74.001702,member
763554,9F3603A3D004A53D,classic_bike,2021-09-12 23:41:34,2021-09-13 00:08:14,Madison Ave & E 82 St,7188,1 Ave & E 16 St,5779,40.7781314,-73.96069399,40.73221853,-73.98165557,member
763561,452D397C03616508,classic_bike,2021-09-13 17:18:40,2021-09-13 17:38:32,Madison Ave & E 82 St,7188,11 Ave & W 59 St,7059,40.7781314,-73.96069399,40.77149671054441,-73.99046033620834,member
763601,85EA9957EE1622A9,classic_bike,2021-09-09 16:40:53,2021-09-09 17:35:29,Madison Ave & E 82 St,7188,Central Park W & W 103 St,7577,40.7781314,-73.96069399,40.79558954105342,-73.96188408136368,casual
763616,0BEC059518C4F850,classic_bike,2021-09-12 10:52:00,2021-09-12 11:23:05,Madison Ave & E 82 St,7188,Central Park W & W 103 St,7577,40.7781314,-73.96069399,40.79558954105342,-73.96188408136368,member
763658,0AB4C812D2E5F814,classic_bike,2021-09-09 16:41:00,2021-09-09 17:35:24,Madison Ave & E 82 St,7188,Central Park W & W 103 St,7577,40.7781314,-73.96069399,40.79558954105342,-73.96188408136368,casual
763678,27D18D3DAADBFD5A,classic_bike,2021-09-09 16:42:07,2021-09-09 17:35:27,Madison Ave & E 82 St,7188,Central Park W & W 103 St,7577,40.7781314,-73.96069399,40.79558954105342,-73.96188408136368,casual
763691,3EA84E0F619003DA,classic_bike,2021-09-12 10:06:42,2021-09-12 10:18:18,Madison Ave & E 82 St,7188,Central Park W & W 103 St,7577,40.7781314,-73.96069399,40.79558954105342,-73.96188408136368,casual
764077,8E62E256DBCB45DE,classic_bike,2021-09-12 16:16:41,2021-09-12 16:36:40,Madison Ave & E 82 St,7188,Central Park W & W 103 St,7577,40.7781314,-73.96069399,40.79558954105342,-73.96188408136368,casual
764078,B32634258DFD4D34,classic_bike,2021-09-09 16:41:20,2021-09-09 17:35:28,Madison Ave & E 82 St,7188,Central Park W & W 103 St,7577,40.7781314,-73.96069399,40.79558954105342,-73.96188408136368,casual
764083,AAEFE3432ACF06E4,classic_bike,2021-09-24 17:58:37,2021-09-24 18:35:30,Madison Ave & E 82 St,7188,11 Ave & W 59 St,7059,40.7781314,-73.96069399,40.77149671054441,-73.99046033620834,member
764125,92D378DD7868995B,classic_bike,2021-09-12 16:17:58,2021-09-12 16:36:52,Madison Ave & E 82 St,7188,Central Park W & W 103 St,7577,40.7781314,-73.96069399,40.79558954105342,-73.96188408136368,casual
764131,9B529BBD03D9F675,electric_bike,2021-09-20 17:06:37,2021-09-20 17:26:43,Madison Ave & E 82 St,7188,1 Ave & E 16 St,5779,40.7781314,-73.96069399,40.73221853,-73.98165557,casual
765879,E783B54708209F20,classic_bike,2021-09-30 16:27:19,2021-09-30 16:48:44,Madison Ave & E 82 St,7188,Lexington Ave & E 24 St,6089,40.7781314,-73.96069399,40.74025878,-73.98409214,member
774862,66BA1AEEEC5B4235,classic_bike,2021-09-19 18:33:01,2021-09-19 18:47:35,Madison Ave & E 82 St,7188,West End Ave & W 60 St,7059,40.7781314,-73.96069399,40.77237,-73.99005,member
774863,A05176252A4918ED,classic_bike,2021-09-01 13:14:02,2021-09-01 14:01:33,Madison Ave & E 82 St,7188,E 13 St & 2 Ave,5820,40.7781314,-73.96069399,40.73153937464073,-73.9853024482727,casual
774876,FFCC91CDB3FA9A40,classic_bike,2021-09-15 17:50:43,2021-09-15 18:03:34,Madison Ave & E 82 St,7188,E 106 St & 1 Ave,7456,40.7781314,-73.96069399,40.7892529,-73.93956237,member
774898,4BB4F1D31DB37A6C,electric_bike,2021-09-01 10:39:15,2021-09-01 10:50:28,Madison Ave & E 82 St,7188,West End Ave & W 60 St,7059,40.7781314,-73.96069399,40.77237,-73.99005,member
774925,C0B4976557372C6C,classic_bike,2021-09-24 20:50:12,2021-09-24 21:27:10,Madison Ave & E 82 St,7188,E 13 St & 2 Ave,5820,40.7781314,-73.96069399,40.73153937464073,-73.9853024482727,casual
775089,780E097C9CDB7CE8,classic_bike,2021-09-28 23:35:35,2021-09-29 00:25:09,Madison Ave & E 82 St,7188,Lexington Ave & E 24 St,6089,40.7781314,-73.96069399,40.74025878,-73.98409214,member
786828,58CB4189DA8F48CA,classic_bike,2021-09-12 16:01:11,2021-09-12 16:14:18,E 81 St & Park Ave,7188,West End Ave & W 60 St,7059,40.77677702,-73.9590097,40.77237,-73.99005,casual
786833,8051102E27F79003,classic_bike,2021-09-03 08:04:38,2021-09-03 08:22:23,E 81 St & Park Ave,7188,West End Ave & W 60 St,7059,40.77677702,-73.9590097,40.77237,-73.99005,member
786854,909EC5BAC31157FF,classic_bike,2021-09-20 14:55:59,2021-09-20 15:10:20,E 81 St & Park Ave,7188,West End Ave & W 60 St,7059,40.77677702,-73.9590097,40.77237,-73.99005,casual
786869,875BB25CC90155AF,classic_bike,2021-09-24 17:41:28,2021-09-24 18:10:13,E 81 St & Park Ave,7188,E 13 St & 2 Ave,5820,40.77677702,-73.9590097,40.73153937464073,-73.9853024482727,member
787517,16FD5EFA037E2415,electric_bike,2021-09-24 12:53:11,2021-09-24 13:18:19,E 81 St & Park Ave,7188,E 13 St & 2 Ave,5820,40.77677702,-73.9590097,40.73153937464073,-73.9853024482727,member
787733,C825AC12594B1444,classic_bike,2021-09-02 16:22:24,2021-09-02 16:47:29,E 81 St & Park Ave,7188,E 13 St & 2 Ave,5820,40.77677702,-73.9590097,40.73153937464073,-73.9853024482727,member
792214,D30500106F730916,electric_bike,2021-09-25 15:38:46,2021-09-25 15:59:47,Madison Ave & E 82 St,7188,West End Ave & W 60 St,7059,40.7781314,-73.96069399,40.77237,-73.99005,casual
792222,4A7518A7D7417D07,classic_bike,2021-09-17 14:17:40,2021-09-17 14:53:21,Madison Ave & E 82 St,7188,Lexington Ave & E 24 St,6089,40.7781314,-73.96069399,40.74025878,-73.98409214,casual
792238,90F0DA0C516CF147,electric_bike,2021-09-20 00:22:18,2021-09-20 00:31:58,Madison Ave & E 82 St,7188,West End Ave & W 60 St,7059,40.7781314,-73.96069399,40.77237,-73.99005,member
792252,6060A185AC0B4458,classic_bike,2021-09-19 18:33:11,2021-09-19 18:47:38,Madison Ave & E 82 St,7188,West End Ave & W 60 St,7059,40.7781314,-73.96069399,40.77237,-73.99005,member
792301,BE7842B2ED084661,classic_bike,2021-09-16 20:18:48,2021-09-16 20:29:10,Madison Ave & E 82 St,7188,E 106 St & 1 Ave,7456,40.7781314,-73.96069399,40.7892529,-73.93956237,member
793571,9D5CFCCF95AB5385,electric_bike,2021-09-11 16:08:36,2021-09-11 16:32:12,Madison Ave & E 82 St,7188,E 13 St & 2 Ave,5820,40.7781314,-73.96069399,40.73153937464073,-73.9853024482727,casual
794131,8ACF89E2C226202D,electric_bike,2021-09-04 12:40:20,2021-09-04 12:53:15,E 81 St & Park Ave,7188,West End Ave & W 60 St,7059,40.77677702,-73.9590097,40.77237,-73.99005,member
795092,3D0E638F31271446,electric_bike,2021-09-24 12:45:41,2021-09-24 13:07:46,Madison Ave & E 82 St,7188,E 13 St & 2 Ave,5820,40.7781314,-73.96069399,40.73153937464073,-73.9853024482727,member
798676,6D072301D3838321,classic_bike,2021-09-17 20:02:51,2021-09-17 20:13:36,Madison Ave & E 82 St,7188,E 106 St & 1 Ave,7456,40.7781314,-73.96069399,40.7892529,-73.93956237,member
798736,33FA08A8B38B59DF,electric_bike,2021-09-21 07:47:16,2021-09-21 07:58:55,Madison Ave & E 82 St,7188,West End Ave & W 60 St,7059,40.7781314,-73.96069399,40.77237,-73.99005,member
801778,36CDCDFDDD4A2C61,classic_bike,2021-09-16 17:40:03,2021-09-16 17:52:13,E 81 St & Park Ave,7188,W 84 St & Columbus Ave,7382,40.77677702,-73.9590097,40.78499979,-73.97283406,member
801806,3BE451C2E824DD74,classic_bike,2021-09-27 06:38:08,2021-09-27 06:41:07,E 81 St & Park Ave,7188,E 85 St & 3 Ave,7212,40.77677702,-73.9590097,40.77801203,-73.95407149,member
801840,2579E9330940815D,electric_bike,2021-09-07 12:42:41,2021-09-07 12:56:15,E 81 St & Park Ave,7188,E 85 St & 3 Ave,7212,40.77677702,-73.9590097,40.77801203,-73.95407149,casual
801844,D98D4557E2AA2350,classic_bike,2021-09-21 15:37:01,2021-09-21 15:54:02,E 81 St & Park Ave,7188,E 56 St & 3 Ave,6691,40.77677702,-73.9590097,40.75934501,-73.96759673,member
801845,791898EAD10A99AF,classic_bike,2021-09-03 00:14:25,2021-09-03 00:17:05,E 81 St & Park Ave,7188,E 85 St & 3 Ave,7212,40.77677702,-73.9590097,40.77801203,-73.95407149,member
801846,A2FE0415800490BF,classic_bike,2021-09-02 15:51:53,2021-09-02 15:54:52,E 81 St & Park Ave,7188,E 85 St & 3 Ave,7212,40.77677702,-73.9590097,40.77801203,-73.95407149,member
801851,B43DBB902ABA7B25,electric_bike,2021-09-07 12:47:58,2021-09-07 12:55:49,E 81 St & Park Ave,7188,E 85 St & 3 Ave,7212,40.77677702,-73.9590097,40.77801203,-73.95407149,casual
801860,6CDF6F2C113472C0,classic_bike,2021-09-12 20:10:46,2021-09-12 20:17:25,E 81 St & Park Ave,7188,E 85 St & 3 Ave,7212,40.77677702,-73.9590097,40.77801203,-73.95407149,member
801863,31937DF5B7A545C1,classic_bike,2021-09-15 06:37:46,2021-09-15 06:40:47,E 81 St & Park Ave,7188,E 85 St & 3 Ave,7212,40.77677702,-73.9590097,40.77801203,-73.95407149,member
801877,9B23F93BA1B3D39C,electric_bike,2021-09-08 18:22:41,2021-09-08 18:30:45,E 81 St & Park Ave,7188,W 84 St & Columbus Ave,7382,40.77677702,-73.9590097,40.78499979,-73.97283406,member
801892,2D397A3FDDFCD6D1,classic_bike,2021-09-17 15:13:26,2021-09-17 15:35:45,E 81 St & Park Ave,7188,E 56 St & 3 Ave,6691,40.77677702,-73.9590097,40.75934501,-73.96759673,member
801898,05AC54FD7340C172,classic_bike,2021-09-23 17:33:46,2021-09-23 17:37:03,E 81 St & Park Ave,7188,E 85 St & 3 Ave,7212,40.77677702,-73.9590097,40.77801203,-73.95407149,member
801901,FFD515C248EA1CA3,classic_bike,2021-09-08 15:53:52,2021-09-08 15:57:12,E 81 St & Park Ave,7188,E 85 St & 3 Ave,7212,40.77677702,-73.9590097,40.77801203,-73.95407149,member
801903,6C8A0E9E5CFF5DCD,classic_bike,2021-09-06 14:40:39,2021-09-06 15:24:26,E 81 St & Park Ave,7188,E 85 St & 3 Ave,7212,40.77677702,-73.9590097,40.77801203,-73.95407149,member
801905,099FD1780365A515,classic_bike,2021-09-27 12:02:09,2021-09-27 12:05:51,E 81 St & Park Ave,7188,E 85 St & 3 Ave,7212,40.77677702,-73.9590097,40.77801203,-73.95407149,member
801909,E2681A95E5A73253,electric_bike,2021-09-17 14:23:45,2021-09-17 14:26:42,E 81 St & Park Ave,7188,E 85 St & 3 Ave,7212,40.77677702,-73.9590097,40.77801203,-73.95407149,member
801918,A75EB7986D0A6613,classic_bike,2021-09-18 13:40:20,2021-09-18 13:45:40,E 81 St & Park Ave,7188,E 85 St & 3 Ave,7212,40.77677702,-73.9590097,40.77801203,-73.95407149,member
801946,74E04D7A30B96101,electric_bike,2021-09-25 13:58:23,2021-09-25 14:31:54,E 81 St & Park Ave,7188,E 85 St & 3 Ave,7212,40.77677702,-73.9590097,40.77801203,-73.95407149,member
801947,0E89C02D8065DB3D,classic_bike,2021-09-10 12:37:29,2021-09-10 12:42:11,E 81 St & Park Ave,7188,E 85 St & 3 Ave,7212,40.77677702,-73.9590097,40.77801203,-73.95407149,member
801963,D376ADEF7992318D,classic_bike,2021-09-06 21:33:48,2021-09-06 21:36:54,E 81 St & Park Ave,7188,E 85 St & 3 Ave,7212,40.77677702,-73.9590097,40.77801203,-73.95407149,member
801965,95F2CA23B4DEE917,electric_bike,2021-09-08 18:35:40,2021-09-08 18:55:38,E 81 St & Park Ave,7188,E 85 St & 3 Ave,7212,40.77677702,-73.9590097,40.77801203,-73.95407149,casual
801967,16196E4270FF8CF6,electric_bike,2021-09-07 17:15:34,2021-09-07 17:53:41,E 81 St & Park Ave,7188,E 85 St & 3 Ave,7212,40.77677702,-73.9590097,40.77801203,-73.95407149,casual
803784,434F3C081C6EFB95,classic_bike,2021-09-30 15:23:26,2021-09-30 15:27:35,E 81 St & Park Ave,7188,E 85 St & 3 Ave,7212,40.77677702,-73.9590097,40.77801203,-73.95407149,member
803786,56A1AC55DD38EF54,electric_bike,2021-09-20 14:50:46,2021-09-20 15:05:53,E 81 St & Park Ave,7188,W 84 St & Columbus Ave,7382,40.77677702,-73.9590097,40.78499979,-73.97283406,casual
803787,6FDF06C2ED2EA53E,classic_bike,2021-09-27 09:53:32,2021-09-27 10:09:29,E 81 St & Park Ave,7188,E 47 St & 2 Ave,6498,40.77677702,-73.9590097,40.75323098,-73.97032517,casual
803881,136FE48BEC72D18E,classic_bike,2021-09-04 16:20:27,2021-09-04 16:29:10,E 81 St & Park Ave,7188,W 84 St & Columbus Ave,7382,40.77677702,-73.9590097,40.78499979,-73.97283406,member
804471,3F9A36BADC8402AB,classic_bike,2021-09-13 19:07:26,2021-09-13 19:23:35,E 81 St & Park Ave,7188,E 47 St & 2 Ave,6498,40.77677702,-73.9590097,40.75323098,-73.97032517,casual
806372,061D4026C9A2F0E5,classic_bike,2021-09-17 20:06:36,2021-09-17 20:19:16,Madison Ave & E 82 St,7188,W 84 St & Columbus Ave,7382,40.7781314,-73.96069399,40.78499979,-73.97283406,member
806373,C3030A01115DB9E2,electric_bike,2021-09-24 20:39:43,2021-09-24 20:45:48,Madison Ave & E 82 St,7188,E 85 St & 3 Ave,7212,40.7781314,-73.96069399,40.77801203,-73.95407149,member
806378,EE41685B413B824E,classic_bike,2021-09-24 10:44:52,2021-09-24 10:48:31,Madison Ave & E 82 St,7188,E 85 St & 3 Ave,7212,40.7781314,-73.96069399,40.77801203,-73.95407149,member
806379,667F73CD4B67DAF6,electric_bike,2021-09-24 12:30:04,2021-09-24 12:35:03,Madison Ave & E 82 St,7188,E 85 St & 3 Ave,7212,40.7781314,-73.96069399,40.77801203,-73.95407149,member
806380,A160E9BBA030293C,classic_bike,2021-09-20 12:08:55,2021-09-20 12:15:34,Madison Ave & E 82 St,7188,E 85 St & 3 Ave,7212,40.7781314,-73.96069399,40.77801203,-73.95407149,member
806412,D4905C1D41A16042,classic_bike,2021-09-06 13:50:14,2021-09-06 13:55:59,Madison Ave & E 82 St,7188,E 85 St & 3 Ave,7212,40.7781314,-73.96069399,40.77801203,-73.95407149,casual
806413,A79A57F52A4598D9,electric_bike,2021-09-09 22:42:17,2021-09-09 22:52:42,Madison Ave & E 82 St,7188,E 85 St & 3 Ave,7212,40.7781314,-73.96069399,40.77801203,-73.95407149,casual
806417,103723E97A372822,classic_bike,2021-09-12 23:48:36,2021-09-12 23:51:40,Madison Ave & E 82 St,7188,E 85 St & 3 Ave,7212,40.7781314,-73.96069399,40.77801203,-73.95407149,member
806474,1A3EE16ECCA37DD1,classic_bike,2021-09-11 13:07:54,2021-09-11 13:19:35,Madison Ave & E 82 St,7188,E 56 St & 3 Ave,6691,40.7781314,-73.96069399,40.75934501,-73.96759673,casual
806476,38AD9609EE72FA7A,classic_bike,2021-09-12 16:34:38,2021-09-12 17:24:19,Madison Ave & E 82 St,7188,E 47 St & 2 Ave,6498,40.7781314,-73.96069399,40.75323098,-73.97032517,casual
806541,12806B32C533103A,electric_bike,2021-09-23 16:10:16,2021-09-23 16:17:10,Madison Ave & E 82 St,7188,E 85 St & 3 Ave,7212,40.7781314,-73.96069399,40.77801203,-73.95407149,member
806544,205462D205956D26,classic_bike,2021-09-11 17:27:07,2021-09-11 17:37:21,Madison Ave & E 82 St,7188,E 85 St & 3 Ave,7212,40.7781314,-73.96069399,40.77801203,-73.95407149,member
806548,5E8F1C4EAE7DD079,classic_bike,2021-09-24 12:57:17,2021-09-24 13:51:46,Madison Ave & E 82 St,7188,W 84 St & Columbus Ave,7382,40.7781314,-73.96069399,40.78499979,-73.97283406,casual
806567,4AB63CFEB34C84AC,classic_bike,2021-09-21 13:42:39,2021-09-21 13:50:51,Madison Ave & E 82 St,7188,E 85 St & 3 Ave,7212,40.7781314,-73.96069399,40.77801203,-73.95407149,member
806609,2E353614B7C832DD,classic_bike,2021-09-22 19:28:14,2021-09-22 19:32:10,Madison Ave & E 82 St,7188,E 85 St & 3 Ave,7212,40.7781314,-73.96069399,40.77801203,-73.95407149,member
806611,2F72F70E69583FF8,electric_bike,2021-09-25 13:24:54,2021-09-25 18:09:59,Madison Ave & E 82 St,7188,E 85 St & 3 Ave,7212,40.7781314,-73.96069399,40.77801203,-73.95407149,member
806612,287D773170F97AD1,electric_bike,2021-09-22 10:36:00,2021-09-22 10:40:33,Madison Ave & E 82 St,7188,E 85 St & 3 Ave,7212,40.7781314,-73.96069399,40.77801203,-73.95407149,member
806622,1802AE8BC08E3DF3,electric_bike,2021-09-19 20:21:00,2021-09-19 20:27:05,Madison Ave & E 82 St,7188,W 84 St & Columbus Ave,7382,40.7781314,-73.96069399,40.78499979,-73.97283406,member
806626,662AD9E29A3002E5,electric_bike,2021-09-22 22:34:57,2021-09-22 22:52:50,Madison Ave & E 82 St,7188,E 47 St & 2 Ave,6498,40.7781314,-73.96069399,40.75323098,-73.97032517,casual
807367,314843D49A058502,electric_bike,2021-09-23 11:40:41,2021-09-23 11:45:12,Madison Ave & E 82 St,7188,E 85 St & 3 Ave,7212,40.7781314,-73.96069399,40.77801203,-73.95407149,member
807370,5CFD49CA2B490DAC,classic_bike,2021-09-26 19:22:02,2021-09-26 19:25:47,Madison Ave & E 82 St,7188,E 85 St & 3 Ave,7212,40.7781314,-73.96069399,40.77801203,-73.95407149,member
807371,DB0BD0AE1FFDB3F0,classic_bike,2021-09-22 23:32:17,2021-09-22 23:35:06,Madison Ave & E 82 St,7188,E 85 St & 3 Ave,7212,40.7781314,-73.96069399,40.77801203,-73.95407149,member
807372,FB1BB10C03D010F6,electric_bike,2021-09-23 13:24:02,2021-09-23 13:27:04,Madison Ave & E 82 St,7188,E 85 St & 3 Ave,7212,40.7781314,-73.96069399,40.77801203,-73.95407149,member
807734,A9118E6854689A26,classic_bike,2021-09-18 12:24:35,2021-09-18 12:29:18,Madison Ave & E 82 St,7188,E 85 St & 3 Ave,7212,40.7781314,-73.96069399,40.77801203,-73.95407149,member
807774,8CCA547779F2BD66,classic_bike,2021-09-12 15:26:51,2021-09-12 15:49:43,Madison Ave & E 82 St,7188,W 84 St & Columbus Ave,7382,40.7781314,-73.96069399,40.78499979,-73.97283406,casual
807809,29B8B6B4B02F616D,electric_bike,2021-09-26 16:11:39,2021-09-26 17:09:51,Madison Ave & E 82 St,7188,W 84 St & Columbus Ave,7382,40.7781314,-73.96069399,40.78499979,-73.97283406,member
807810,AB3EB4A4D17B9698,classic_bike,2021-09-21 19:10:11,2021-09-21 19:13:43,Madison Ave & E 82 St,7188,E 85 St & 3 Ave,7212,40.7781314,-73.96069399,40.77801203,-73.95407149,member
807812,601BBAA7E70FBC96,electric_bike,2021-09-28 14:55:06,2021-09-28 15:09:22,Madison Ave & E 82 St,7188,E 47 St & 2 Ave,6498,40.7781314,-73.96069399,40.75323098,-73.97032517,member
807816,A833B78677B6E912,classic_bike,2021-09-24 13:40:03,2021-09-24 13:55:19,Madison Ave & E 82 St,7188,E 47 St & 2 Ave,6498,40.7781314,-73.96069399,40.75323098,-73.97032517,member
807846,BFEE22F1EA25B39B,classic_bike,2021-09-16 20:09:25,2021-09-16 20:16:44,Madison Ave & E 82 St,7188,W 84 St & Columbus Ave,7382,40.7781314,-73.96069399,40.78499979,-73.97283406,member
807850,AB222A1DB3E0CF26,classic_bike,2021-09-12 14:41:13,2021-09-12 14:57:01,Madison Ave & E 82 St,7188,E 56 St & 3 Ave,6691,40.7781314,-73.96069399,40.75934501,-73.96759673,casual
807855,4607967C26183C86,classic_bike,2021-09-24 18:59:47,2021-09-24 19:04:34,Madison Ave & E 82 St,7188,E 85 St & 3 Ave,7212,40.7781314,-73.96069399,40.77801203,-73.95407149,member
807871,66968CEB2BD47530,classic_bike,2021-09-04 09:37:03,2021-09-04 09:42:21,Madison Ave & E 82 St,7188,E 85 St & 3 Ave,7212,40.7781314,-73.96069399,40.77801203,-73.95407149,member
807875,73419CDA9D92F858,electric_bike,2021-09-02 09:34:03,2021-09-02 09:37:36,Madison Ave & E 82 St,7188,E 85 St & 3 Ave,7212,40.7781314,-73.96069399,40.77801203,-73.95407149,member
807885,5AAFB50C94073DCD,electric_bike,2021-09-04 12:05:08,2021-09-04 12:09:03,Madison Ave & E 82 St,7188,E 85 St & 3 Ave,7212,40.7781314,-73.96069399,40.77801203,-73.95407149,member
807886,6222F08D2455445B,classic_bike,2021-09-21 12:33:51,2021-09-21 12:38:46,Madison Ave & E 82 St,7188,E 85 St & 3 Ave,7212,40.7781314,-73.96069399,40.77801203,-73.95407149,member
807890,0744372D6484C615,classic_bike,2021-09-06 13:50:40,2021-09-06 13:55:34,Madison Ave & E 82 St,7188,E 85 St & 3 Ave,7212,40.7781314,-73.96069399,40.77801203,-73.95407149,casual
807891,4D83FFBC924C83DC,classic_bike,2021-09-06 15:58:12,2021-09-06 16:11:55,Madison Ave & E 82 St,7188,E 56 St & 3 Ave,6691,40.7781314,-73.96069399,40.75934501,-73.96759673,casual
807899,81E198A91780BEFF,classic_bike,2021-09-26 16:54:28,2021-09-26 16:58:18,Madison Ave & E 82 St,7188,E 85 St & 3 Ave,7212,40.7781314,-73.96069399,40.77801203,-73.95407149,member
807906,A3208B7D04686371,classic_bike,2021-09-25 21:01:55,2021-09-25 21:11:58,Madison Ave & E 82 St,7188,E 85 St & 3 Ave,7212,40.7781314,-73.96069399,40.77801203,-73.95407149,member
807908,B85BCCC712B3A5C1,classic_bike,2021-09-11 21:01:39,2021-09-11 21:09:08,Madison Ave & E 82 St,7188,E 85 St & 3 Ave,7212,40.7781314,-73.96069399,40.77801203,-73.95407149,member
807925,7CD598095B68E34B,classic_bike,2021-09-21 23:26:14,2021-09-21 23:29:11,Madison Ave & E 82 St,7188,E 85 St & 3 Ave,7212,40.7781314,-73.96069399,40.77801203,-73.95407149,member
807926,B91BD24CBB3E3288,classic_bike,2021-09-19 23:55:02,2021-09-19 23:58:17,Madison Ave & E 82 St,7188,E 85 St & 3 Ave,7212,40.7781314,-73.96069399,40.77801203,-73.95407149,member
807927,A7E3705568F83003,classic_bike,2021-09-20 23:42:21,2021-09-20 23:45:30,Madison Ave & E 82 St,7188,E 85 St & 3 Ave,7212,40.7781314,-73.96069399,40.77801203,-73.95407149,member
815096,21E94B8B20892BA9,classic_bike,2021-09-10 16:21:51,2021-09-10 16:25:28,E 81 St & Park Ave,7188,E 85 St & 3 Ave,7212,40.77677702,-73.9590097,40.77801203,-73.95407149,member
815122,31A2A54262B1C113,classic_bike,2021-09-12 14:04:34,2021-09-12 14:13:38,E 81 St & Park Ave,7188,E 56 St & 3 Ave,6691,40.77677702,-73.9590097,40.75934501,-73.96759673,member
815124,B31E4EE5AFC73EA9,classic_bike,2021-09-05 22:04:24,2021-09-05 22:09:00,E 81 St & Park Ave,7188,E 85 St & 3 Ave,7212,40.77677702,-73.9590097,40.77801203,-73.95407149,member
815131,76213293E08CEE02,classic_bike,2021-09-17 06:36:15,2021-09-17 06:38:40,E 81 St & Park Ave,7188,E 85 St & 3 Ave,7212,40.77677702,-73.9590097,40.77801203,-73.95407149,member
815132,D093E24C622DB3A1,classic_bike,2021-09-13 06:32:23,2021-09-13 06:35:26,E 81 St & Park Ave,7188,E 85 St & 3 Ave,7212,40.77677702,-73.9590097,40.77801203,-73.95407149,member
816715,6B7125E4C9A3E4E1,classic_bike,2021-09-23 16:27:58,2021-09-23 16:32:17,E 81 St & Park Ave,7188,E 85 St & 3 Ave,7212,40.77677702,-73.9590097,40.77801203,-73.95407149,member
816716,1F8030E5990F00DE,electric_bike,2021-09-10 17:55:29,2021-09-10 17:57:53,E 81 St & Park Ave,7188,E 85 St & 3 Ave,7212,40.77677702,-73.9590097,40.77801203,-73.95407149,member
816724,EF780025BD823A5B,classic_bike,2021-09-17 15:29:36,2021-09-17 15:35:49,E 81 St & Park Ave,7188,E 85 St & 3 Ave,7212,40.77677702,-73.9590097,40.77801203,-73.95407149,member
816725,8F14ACF68CD50586,classic_bike,2021-09-13 14:30:14,2021-09-13 14:47:19,E 81 St & Park Ave,7188,E 47 St & 2 Ave,6498,40.77677702,-73.9590097,40.75323098,-73.97032517,member
816738,FA832EDEBE75E5F4,electric_bike,2021-09-27 15:05:10,2021-09-27 15:17:36,E 81 St & Park Ave,7188,E 56 St & 3 Ave,6691,40.77677702,-73.9590097,40.75934501,-73.96759673,member
817954,966BD5CC680EF995,classic_bike,2021-09-28 17:47:21,2021-09-28 17:51:43,E 81 St & Park Ave,7188,E 85 St & 3 Ave,7212,40.77677702,-73.9590097,40.77801203,-73.95407149,casual
824456,401D15A652897F72,classic_bike,2021-09-24 20:44:16,2021-09-24 20:51:19,Madison Ave & E 82 St,7188,E 85 St & 3 Ave,7212,40.7781314,-73.96069399,40.77801203,-73.95407149,member
824472,289592F53A99B244,classic_bike,2021-09-05 12:48:43,2021-09-05 12:55:49,Madison Ave & E 82 St,7188,W 84 St & Columbus Ave,7382,40.7781314,-73.96069399,40.78499979,-73.97283406,member
824498,DED7C6D60E9F4235,electric_bike,2021-09-05 19:33:02,2021-09-05 19:36:16,Madison Ave & E 82 St,7188,E 85 St & 3 Ave,7212,40.7781314,-73.96069399,40.77801203,-73.95407149,member
824499,F5171BB2277B0953,classic_bike,2021-09-14 14:08:02,2021-09-14 14:23:54,Madison Ave & E 82 St,7188,E 47 St & 2 Ave,6498,40.7781314,-73.96069399,40.75323098,-73.97032517,member
824503,F20CB90E96312A22,classic_bike,2021-09-04 17:09:05,2021-09-04 17:21:20,Madison Ave & E 82 St,7188,E 47 St & 2 Ave,6498,40.7781314,-73.96069399,40.75323098,-73.97032517,member
824505,8C5442C8C53ABEF2,classic_bike,2021-09-20 09:38:21,2021-09-20 09:46:34,Madison Ave & E 82 St,7188,W 84 St & Columbus Ave,7382,40.7781314,-73.96069399,40.78499979,-73.97283406,member
824528,7EA9310472382BEB,classic_bike,2021-09-15 01:36:44,2021-09-15 01:39:47,Madison Ave & E 82 St,7188,E 85 St & 3 Ave,7212,40.7781314,-73.96069399,40.77801203,-73.95407149,member
824536,1E49ED0C508F9EA9,classic_bike,2021-09-18 18:02:49,2021-09-18 18:31:05,Madison Ave & E 82 St,7188,E 47 St & 2 Ave,6498,40.7781314,-73.96069399,40.75323098,-73.97032517,casual
824537,7FF7BF2233353EE2,classic_bike,2021-09-12 15:33:02,2021-09-12 15:50:09,Madison Ave & E 82 St,7188,W 84 St & Columbus Ave,7382,40.7781314,-73.96069399,40.78499979,-73.97283406,casual
824545,D16E0DABEE76DEB4,electric_bike,2021-09-25 12:40:50,2021-09-25 12:50:19,Madison Ave & E 82 St,7188,W 84 St & Columbus Ave,7382,40.7781314,-73.96069399,40.78499979,-73.97283406,casual
824555,A307A83B4D3B0A1E,electric_bike,2021-09-19 22:31:18,2021-09-19 22:34:17,Madison Ave & E 82 St,7188,E 85 St & 3 Ave,7212,40.7781314,-73.96069399,40.77801203,-73.95407149,member
824557,3A698E1E2ED01C58,classic_bike,2021-09-17 00:31:14,2021-09-17 00:34:58,Madison Ave & E 82 St,7188,E 85 St & 3 Ave,7212,40.7781314,-73.96069399,40.77801203,-73.95407149,member
824579,9597A18759636635,electric_bike,2021-09-04 11:15:26,2021-09-04 11:19:17,Madison Ave & E 82 St,7188,E 85 St & 3 Ave,7212,40.7781314,-73.96069399,40.77801203,-73.95407149,member
824581,66E5D5FFBDF6494C,electric_bike,2021-09-26 08:54:49,2021-09-26 08:58:32,Madison Ave & E 82 St,7188,E 85 St & 3 Ave,7212,40.7781314,-73.96069399,40.77801203,-73.95407149,member
824586,E3F913FA0A4D9768,classic_bike,2021-09-22 07:58:58,2021-09-22 08:02:56,Madison Ave & E 82 St,7188,E 85 St & 3 Ave,7212,40.7781314,-73.96069399,40.77801203,-73.95407149,member
824595,FFF7D895699C10FB,electric_bike,2021-09-28 18:37:24,2021-09-28 18:41:57,Madison Ave & E 82 St,7188,E 85 St & 3 Ave,7212,40.7781314,-73.96069399,40.77801203,-73.95407149,member
824604,D6AA0D7E0FEAF71C,classic_bike,2021-09-24 18:42:40,2021-09-24 18:50:16,Madison Ave & E 82 St,7188,E 85 St & 3 Ave,7212,40.7781314,-73.96069399,40.77801203,-73.95407149,member
824605,AAD40806452F87E7,classic_bike,2021-09-13 18:37:17,2021-09-13 18:47:23,Madison Ave & E 82 St,7188,W 84 St & Columbus Ave,7382,40.7781314,-73.96069399,40.78499979,-73.97283406,member
824622,B8B93C35AAEF4479,classic_bike,2021-09-26 11:55:55,2021-09-26 12:01:16,Madison Ave & E 82 St,7188,E 85 St & 3 Ave,7212,40.7781314,-73.96069399,40.77801203,-73.95407149,member
824624,728EA479075F521B,classic_bike,2021-09-26 07:33:52,2021-09-26 07:37:29,Madison Ave & E 82 St,7188,E 85 St & 3 Ave,7212,40.7781314,-73.96069399,40.77801203,-73.95407149,member
824626,07F1D2A4F8A8155D,classic_bike,2021-09-24 16:10:51,2021-09-24 16:14:41,Madison Ave & E 82 St,7188,E 85 St & 3 Ave,7212,40.7781314,-73.96069399,40.77801203,-73.95407149,member
824630,D180960219446A15,electric_bike,2021-09-06 11:14:43,2021-09-06 11:18:39,Madison Ave & E 82 St,7188,E 85 St & 3 Ave,7212,40.7781314,-73.96069399,40.77801203,-73.95407149,member
824896,8F439C2990F81190,classic_bike,2021-09-22 15:31:03,2021-09-22 15:42:05,E 81 St & Park Ave,7188,W 84 St & Columbus Ave,7382,40.77677702,-73.9590097,40.78499979,-73.97283406,member
824903,DF4E105AE5EA9D80,classic_bike,2021-09-29 06:29:13,2021-09-29 06:31:31,E 81 St & Park Ave,7188,E 85 St & 3 Ave,7212,40.77677702,-73.9590097,40.77801203,-73.95407149,member
824904,125EE4B2092DF101,classic_bike,2021-09-02 06:18:02,2021-09-02 06:20:36,E 81 St & Park Ave,7188,E 85 St & 3 Ave,7212,40.77677702,-73.9590097,40.77801203,-73.95407149,member
824905,0F3FFB1BA3861017,electric_bike,2021-09-10 08:19:22,2021-09-10 08:28:04,E 81 St & Park Ave,7188,E 56 St & 3 Ave,6691,40.77677702,-73.9590097,40.75934501,-73.96759673,member
824923,D0BBFFB7E84D6BA2,classic_bike,2021-09-18 17:06:01,2021-09-18 17:13:55,Madison Ave & E 82 St,7188,W 84 St & Columbus Ave,7382,40.7781314,-73.96069399,40.78499979,-73.97283406,member
824930,CDB1A5C8A2170A29,classic_bike,2021-09-17 20:40:04,2021-09-17 20:52:44,Madison Ave & E 82 St,7188,W 84 St & Columbus Ave,7382,40.7781314,-73.96069399,40.78499979,-73.97283406,member
826686,6F08932046D25598,classic_bike,2021-09-28 19:12:09,2021-09-28 19:15:59,Madison Ave & E 82 St,7188,E 85 St & 3 Ave,7212,40.7781314,-73.96069399,40.77801203,-73.95407149,casual
826691,93952439F59F706A,classic_bike,2021-09-07 17:36:35,2021-09-07 17:41:32,Madison Ave & E 82 St,7188,E 85 St & 3 Ave,7212,40.7781314,-73.96069399,40.77801203,-73.95407149,member
826751,3A42C93803A9B92B,electric_bike,2021-09-05 11:13:22,2021-09-05 11:16:55,Madison Ave & E 82 St,7188,E 85 St & 3 Ave,7212,40.7781314,-73.96069399,40.77801203,-73.95407149,member
826760,7390E5CFDE6CABF5,classic_bike,2021-09-30 16:39:20,2021-09-30 16:53:09,Madison Ave & E 82 St,7188,E 56 St & 3 Ave,6691,40.7781314,-73.96069399,40.75934501,-73.96759673,member
826765,66B861B29E9DE070,electric_bike,2021-09-02 16:16:25,2021-09-02 16:28:54,Madison Ave & E 82 St,7188,E 47 St & 2 Ave,6498,40.7781314,-73.96069399,40.75323098,-73.97032517,member
826770,A50C1D2E8751554C,classic_bike,2021-09-06 16:24:28,2021-09-06 16:29:48,Madison Ave & E 82 St,7188,E 85 St & 3 Ave,7212,40.7781314,-73.96069399,40.77801203,-73.95407149,member
829457,8B837D1F5B88AA38,classic_bike,2021-09-27 08:54:34,2021-09-27 09:09:10,Madison Ave & E 82 St,7188,E 47 St & 2 Ave,6498,40.7781314,-73.96069399,40.75323098,-73.97032517,member
829461,1AC5CD2A09EE8552,classic_bike,2021-09-18 11:38:30,2021-09-18 11:52:55,Madison Ave & E 82 St,7188,E 85 St & 3 Ave,7212,40.7781314,-73.96069399,40.77801203,-73.95407149,member
829476,849A0ED917602578,electric_bike,2021-09-12 09:31:43,2021-09-12 09:34:11,Madison Ave & E 82 St,7188,E 85 St & 3 Ave,7212,40.7781314,-73.96069399,40.77801203,-73.95407149,member
830719,CBAC7D9492A05D04,classic_bike,2021-09-29 09:23:13,2021-09-29 09:34:52,E 81 St & Park Ave,7188,E 58 St & 1 Ave (NW Corner),6723,40.77677702,-73.9590097,40.759125,-73.962658,member
830726,CF7C8E61962D4B66,classic_bike,2021-09-20 16:58:51,2021-09-20 17:10:30,E 81 St & Park Ave,7188,Central Park West & W 76 St,7253,40.77677702,-73.9590097,40.77896784,-73.97374737,casual
832863,04F7FA97E2D3582A,classic_bike,2021-09-05 15:31:07,2021-09-05 16:10:43,Madison Ave & E 82 St,7188,Suffolk St & Stanton St,5445,40.7781314,-73.96069399,40.72066442,-73.98517977,casual
834435,EE52B954589F5A37,classic_bike,2021-09-30 09:57:33,2021-09-30 10:21:49,E 81 St & Park Ave,7188,W 43 St & 10 Ave,6756,40.77677702,-73.9590097,40.76009437,-73.99461843,member
834455,DA6D2D5BB920F290,electric_bike,2021-09-13 12:31:40,2021-09-13 13:14:11,E 81 St & Park Ave,7188,Central Park West & W 76 St,7253,40.77677702,-73.9590097,40.77896784,-73.97374737,member
834457,69DC7D02551C9661,electric_bike,2021-09-23 12:26:33,2021-09-23 12:37:31,E 81 St & Park Ave,7188,W 95 St & Broadway,7541,40.77677702,-73.9590097,40.7937704,-73.971888,member
834459,4145D7A9CE6529CA,classic_bike,2021-09-12 14:46:57,2021-09-12 15:01:57,E 81 St & Park Ave,7188,Central Park West & W 76 St,7253,40.77677702,-73.9590097,40.77896784,-73.97374737,casual
834461,34904E5B01932027,electric_bike,2021-09-14 19:28:02,2021-09-14 19:33:48,E 81 St & Park Ave,7188,Central Park West & W 76 St,7253,40.77677702,-73.9590097,40.77896784,-73.97374737,member
834475,2DEDFC8C30FBD97F,classic_bike,2021-09-12 14:48:22,2021-09-12 15:02:27,E 81 St & Park Ave,7188,Central Park West & W 76 St,7253,40.77677702,-73.9590097,40.77896784,-73.97374737,casual
834476,9BA081109BA97002,electric_bike,2021-09-12 09:18:15,2021-09-12 09:28:10,E 81 St & Park Ave,7188,Central Park West & W 76 St,7253,40.77677702,-73.9590097,40.77896784,-73.97374737,casual
834479,9F81228A294F4FD0,electric_bike,2021-09-20 14:49:13,2021-09-20 15:35:07,E 81 St & Park Ave,7188,W 43 St & 10 Ave,6756,40.77677702,-73.9590097,40.76009437,-73.99461843,member
835596,199EBDBF51B6FB67,electric_bike,2021-09-26 17:37:52,2021-09-26 17:49:46,E 81 St & Park Ave,7188,Central Park West & W 76 St,7253,40.77677702,-73.9590097,40.77896784,-73.97374737,casual
835605,956B5C30BA09AF1D,classic_bike,2021-09-12 14:46:23,2021-09-12 15:02:35,E 81 St & Park Ave,7188,Central Park West & W 76 St,7253,40.77677702,-73.9590097,40.77896784,-73.97374737,casual
835608,0CB1741BDD293C99,classic_bike,2021-09-12 14:59:24,2021-09-12 15:23:24,E 81 St & Park Ave,7188,E 44 St & 2 Ave,6422,40.77677702,-73.9590097,40.75118387463277,-73.97138714790344,member
838351,C032CF72B24065A7,classic_bike,2021-09-22 17:53:18,2021-09-22 18:55:35,Madison Ave & E 82 St,7188,Central Park West & W 76 St,7253,40.7781314,-73.96069399,40.77896784,-73.97374737,member
838352,DD46A6B9B461B79C,classic_bike,2021-09-30 16:53:47,2021-09-30 17:20:33,Madison Ave & E 82 St,7188,W 26 St & 10 Ave,6382,40.7781314,-73.96069399,40.749717753,-74.002950346,member
838360,E3CCDA79EFE8B74B,classic_bike,2021-09-25 19:54:47,2021-09-25 20:11:18,Madison Ave & E 82 St,7188,W 43 St & 10 Ave,6756,40.7781314,-73.96069399,40.76009437,-73.99461843,member
838368,65FA0C39E480295D,classic_bike,2021-09-11 13:42:53,2021-09-11 14:09:54,Madison Ave & E 82 St,7188,E 44 St & 2 Ave,6422,40.7781314,-73.96069399,40.75118387463277,-73.97138714790344,casual
838385,4C6D89506B9736B6,classic_bike,2021-09-27 12:49:01,2021-09-27 13:12:18,Madison Ave & E 82 St,7188,Central Park West & W 76 St,7253,40.7781314,-73.96069399,40.77896784,-73.97374737,casual
838414,C9D2173DA0C06A46,classic_bike,2021-09-24 16:43:44,2021-09-24 17:17:07,Madison Ave & E 82 St,7188,Central Park West & W 76 St,7253,40.7781314,-73.96069399,40.77896784,-73.97374737,casual
838459,9761F7158D7DD918,classic_bike,2021-09-17 16:57:33,2021-09-17 17:18:25,Madison Ave & E 82 St,7188,W 95 St & Broadway,7541,40.7781314,-73.96069399,40.7937704,-73.971888,member
838470,B4482798E9AE5880,classic_bike,2021-09-25 16:47:31,2021-09-25 17:03:12,Madison Ave & E 82 St,7188,E 58 St & 1 Ave (NW Corner),6723,40.7781314,-73.96069399,40.759125,-73.962658,casual
838486,B1F167C9F5BE5330,classic_bike,2021-09-17 18:48:05,2021-09-17 19:33:03,Madison Ave & E 82 St,7188,W 95 St & Broadway,7541,40.7781314,-73.96069399,40.7937704,-73.971888,member
838492,57570F796063776F,classic_bike,2021-09-05 15:08:04,2021-09-05 15:36:31,Madison Ave & E 82 St,7188,Central Park West & W 76 St,7253,40.7781314,-73.96069399,40.77896784,-73.97374737,member
838496,18FCF03A2C79B3F7,classic_bike,2021-09-22 11:42:24,2021-09-22 12:01:51,Madison Ave & E 82 St,7188,Central Park West & W 76 St,7253,40.7781314,-73.96069399,40.77896784,-73.97374737,casual
838524,FB8D6E043AD7D091,docked_bike,2021-09-22 09:55:34,2021-09-22 10:26:20,Madison Ave & E 82 St,7188,W 26 St & 10 Ave,6382,40.778131,-73.960694,40.749718,-74.00295,casual
838526,6EA65D1FCC052E45,electric_bike,2021-09-06 09:37:36,2021-09-06 09:48:03,Madison Ave & E 82 St,7188,E 58 St & 1 Ave (NW Corner),6723,40.7781314,-73.96069399,40.759125,-73.962658,member
840960,8AD225875AD2C8D1,classic_bike,2021-09-18 08:44:20,2021-09-18 09:04:31,Madison Ave & E 82 St,7188,W 95 St & Broadway,7541,40.7781314,-73.96069399,40.7937704,-73.971888,casual
841355,ADC28803D9A1F0E2,electric_bike,2021-09-28 23:28:20,2021-09-28 23:34:01,E 81 St & Park Ave,7188,Central Park West & W 76 St,7253,40.77677702,-73.9590097,40.77896784,-73.97374737,member
841368,D289D0D6B3A8C9F0,classic_bike,2021-09-20 16:58:38,2021-09-20 17:11:53,E 81 St & Park Ave,7188,Central Park West & W 76 St,7253,40.77677702,-73.9590097,40.77896784,-73.97374737,casual
841372,7716E8BB134EDBAE,classic_bike,2021-09-04 17:33:39,2021-09-04 18:07:09,E 81 St & Park Ave,7188,W 95 St & Broadway,7541,40.77677702,-73.9590097,40.7937704,-73.971888,casual
841374,229527AEA09391FD,classic_bike,2021-09-04 17:28:03,2021-09-04 18:06:57,E 81 St & Park Ave,7188,W 95 St & Broadway,7541,40.77677702,-73.9590097,40.7937704,-73.971888,casual
842075,4569C874CDA5B7C6,classic_bike,2021-09-25 17:27:52,2021-09-25 18:09:44,E 81 St & Park Ave,7188,W 43 St & 10 Ave,6756,40.77677702,-73.9590097,40.76009437,-73.99461843,member
842085,CAED7328B2102E3E,classic_bike,2021-09-21 09:05:10,2021-09-21 09:46:13,E 81 St & Park Ave,7188,E 58 St & 1 Ave (NW Corner),6723,40.77677702,-73.9590097,40.759125,-73.962658,member
843477,995B988B718D955A,classic_bike,2021-09-06 02:17:27,2021-09-06 02:33:56,Madison Ave & E 82 St,7188,E 44 St & 2 Ave,6422,40.7781314,-73.96069399,40.75118387463277,-73.97138714790344,member
843482,740A66582B347001,classic_bike,2021-09-08 16:41:17,2021-09-08 16:55:05,Madison Ave & E 82 St,7188,Central Park West & W 76 St,7253,40.7781314,-73.96069399,40.77896784,-73.97374737,casual
846057,075079302DDACCD8,classic_bike,2021-09-19 09:29:44,2021-09-19 09:37:05,Madison Ave & E 82 St,7188,Central Park West & W 76 St,7253,40.7781314,-73.96069399,40.77896784,-73.97374737,member
846061,30C866C79553E674,electric_bike,2021-09-24 19:53:04,2021-09-24 20:18:14,Madison Ave & E 82 St,7188,W 26 St & 10 Ave,6382,40.7781314,-73.96069399,40.749717753,-74.002950346,member
846079,EC61E838144E2757,classic_bike,2021-09-29 18:48:05,2021-09-29 18:57:33,Madison Ave & E 82 St,7188,Central Park West & W 76 St,7253,40.7781314,-73.96069399,40.77896784,-73.97374737,casual
846131,ED954EFDD9CC5C93,classic_bike,2021-09-04 15:27:11,2021-09-04 16:22:20,Madison Ave & E 82 St,7188,Central Park West & W 76 St,7253,40.7781314,-73.96069399,40.77896784,-73.97374737,casual
846138,705C85B0DD31A09C,electric_bike,2021-09-04 15:26:23,2021-09-04 15:40:51,Madison Ave & E 82 St,7188,Central Park West & W 76 St,7253,40.7781314,-73.96069399,40.77896784,-73.97374737,member
846150,7FE1820DEA2BA6B7,classic_bike,2021-09-27 19:55:57,2021-09-27 20:09:36,Madison Ave & E 82 St,7188,E 58 St & 1 Ave (NW Corner),6723,40.7781314,-73.96069399,40.759125,-73.962658,member
846277,BEF6090A7526BF88,docked_bike,2021-09-18 13:59:46,2021-09-18 14:08:27,Madison Ave & E 82 St,7188,Central Park West & W 76 St,7253,40.778131,-73.960694,40.778968,-73.973747,casual
846498,D7343309BE011888,classic_bike,2021-09-28 19:06:47,2021-09-28 19:27:28,Madison Ave & E 82 St,7188,W 95 St & Broadway,7541,40.7781314,-73.96069399,40.7937704,-73.971888,member
846543,ABD7E4AA3D723414,classic_bike,2021-09-25 19:56:57,2021-09-25 20:20:01,Madison Ave & E 82 St,7188,E 58 St & 1 Ave (NW Corner),6723,40.7781314,-73.96069399,40.759125,-73.962658,casual
846544,6CDE0A9D1A2F121C,electric_bike,2021-09-24 22:15:21,2021-09-24 22:24:36,Madison Ave & E 82 St,7188,Central Park West & W 76 St,7253,40.7781314,-73.96069399,40.77896784,-73.97374737,casual
846547,E6EB762E644DB456,classic_bike,2021-09-11 20:41:43,2021-09-11 21:06:05,Madison Ave & E 82 St,7188,Central Park West & W 76 St,7253,40.7781314,-73.96069399,40.77896784,-73.97374737,casual
847953,4A0C774C84A98A52,classic_bike,2021-09-17 18:08:19,2021-09-17 18:17:58,Madison Ave & E 82 St,7188,Central Park West & W 76 St,7253,40.7781314,-73.96069399,40.77896784,-73.97374737,member
847954,7684A7A8DC0CE4FC,classic_bike,2021-09-12 22:14:06,2021-09-12 22:31:19,Madison Ave & E 82 St,7188,W 95 St & Broadway,7541,40.7781314,-73.96069399,40.7937704,-73.971888,casual
849389,769D342FF31E4907,electric_bike,2021-09-12 14:26:16,2021-09-12 14:32:22,E 81 St & Park Ave,7188,Central Park West & W 76 St,7253,40.77677702,-73.9590097,40.77896784,-73.97374737,member
849406,6020EFDA0A9BA1CC,classic_bike,2021-09-15 18:48:07,2021-09-15 19:08:55,E 81 St & Park Ave,7188,W 95 St & Broadway,7541,40.77677702,-73.9590097,40.7937704,-73.971888,member
849424,BA11910A753D7DDC,classic_bike,2021-09-17 20:37:29,2021-09-17 20:48:31,E 81 St & Park Ave,7188,E 58 St & 1 Ave (NW Corner),6723,40.77677702,-73.9590097,40.759125,-73.962658,member
849446,C1934D16CD5A009C,electric_bike,2021-09-27 19:52:18,2021-09-27 20:44:41,E 81 St & Park Ave,7188,E 58 St & 1 Ave (NW Corner),6723,40.77677702,-73.9590097,40.759125,-73.962658,casual
851465,3899C4165B30AB20,classic_bike,2021-09-12 13:27:35,2021-09-12 13:38:47,E 81 St & Park Ave,7188,Central Park West & W 76 St,7253,40.77677702,-73.9590097,40.77896784,-73.97374737,member
851518,AFB6DC8013804BB7,classic_bike,2021-09-25 11:42:25,2021-09-25 12:03:29,E 81 St & Park Ave,7188,W 95 St & Broadway,7541,40.77677702,-73.9590097,40.7937704,-73.971888,member
858327,963710096079C07A,classic_bike,2021-09-18 13:56:10,2021-09-18 14:08:35,Madison Ave & E 82 St,7188,Central Park West & W 76 St,7253,40.7781314,-73.96069399,40.77896784,-73.97374737,casual
858349,DEBA4D0203711D55,electric_bike,2021-09-12 12:02:02,2021-09-12 12:32:30,Madison Ave & E 82 St,7188,Central Park West & W 76 St,7253,40.7781314,-73.96069399,40.77896784,-73.97374737,member
858357,0290CA2E6FD8D734,classic_bike,2021-09-19 15:07:08,2021-09-19 15:28:17,Madison Ave & E 82 St,7188,Central Park West & W 76 St,7253,40.7781314,-73.96069399,40.77896784,-73.97374737,casual
858358,E89CA7D3E384611D,classic_bike,2021-09-18 13:53:13,2021-09-18 15:00:56,Madison Ave & E 82 St,7188,Central Park West & W 76 St,7253,40.7781314,-73.96069399,40.77896784,-73.97374737,casual
858368,E18C8EF6BC8F696D,classic_bike,2021-09-08 16:41:51,2021-09-08 16:55:22,Madison Ave & E 82 St,7188,Central Park West & W 76 St,7253,40.7781314,-73.96069399,40.77896784,-73.97374737,casual
858384,D186E8D3B2C6F08D,classic_bike,2021-09-18 19:28:48,2021-09-18 20:28:53,Madison Ave & E 82 St,7188,Central Park West & W 76 St,7253,40.7781314,-73.96069399,40.77896784,-73.97374737,member
858401,4407717D4F7370BC,classic_bike,2021-09-12 16:53:37,2021-09-12 17:06:29,Madison Ave & E 82 St,7188,Central Park West & W 76 St,7253,40.7781314,-73.96069399,40.77896784,-73.97374737,member
858419,6CF0D588CFF25B09,electric_bike,2021-09-29 21:30:25,2021-09-29 21:53:19,Madison Ave & E 82 St,7188,Suffolk St & Stanton St,5445,40.7781314,-73.96069399,40.72066442,-73.98517977,member
858425,F39ED1A442270E1D,electric_bike,2021-09-11 15:41:46,2021-09-11 16:16:02,Madison Ave & E 82 St,7188,Suffolk St & Stanton St,5445,40.7781314,-73.96069399,40.72066442,-73.98517977,member
858428,F8E6438CD78A604D,electric_bike,2021-09-02 10:50:34,2021-09-02 11:04:18,Madison Ave & E 82 St,7188,Central Park West & W 76 St,7253,40.7781314,-73.96069399,40.77896784,-73.97374737,member
858444,B63A208DF7E97F01,classic_bike,2021-09-30 16:54:43,2021-09-30 17:20:41,Madison Ave & E 82 St,7188,W 26 St & 10 Ave,6382,40.7781314,-73.96069399,40.749717753,-74.002950346,casual
858469,D2D4EE5F32346ECA,docked_bike,2021-09-23 14:40:37,2021-09-23 15:12:19,Madison Ave & E 82 St,7188,Central Park West & W 76 St,7253,40.778131,-73.960694,40.778968,-73.973747,casual
858507,1919F69662310FDE,classic_bike,2021-09-24 07:59:41,2021-09-24 08:18:14,Madison Ave & E 82 St,7188,W 95 St & Broadway,7541,40.7781314,-73.96069399,40.7937704,-73.971888,member
858518,673E93C7ECE31597,classic_bike,2021-09-04 15:15:44,2021-09-04 15:38:21,Madison Ave & E 82 St,7188,E 58 St & 1 Ave (NW Corner),6723,40.7781314,-73.96069399,40.759125,-73.962658,casual
858519,BE0F9A7CE98E631B,classic_bike,2021-09-18 08:44:38,2021-09-18 09:04:35,Madison Ave & E 82 St,7188,W 95 St & Broadway,7541,40.7781314,-73.96069399,40.7937704,-73.971888,casual
858528,F62D9BDFF160A89D,electric_bike,2021-09-18 20:12:09,2021-09-18 20:55:06,Madison Ave & E 82 St,7188,E 58 St & 1 Ave (NW Corner),6723,40.7781314,-73.96069399,40.759125,-73.962658,casual
858529,99295B91A7A8E17A,classic_bike,2021-09-24 16:43:09,2021-09-24 17:17:14,Madison Ave & E 82 St,7188,Central Park West & W 76 St,7253,40.7781314,-73.96069399,40.77896784,-73.97374737,casual
860561,03691570EB351D87,electric_bike,2021-09-29 17:22:56,2021-09-29 17:37:57,Madison Ave & E 82 St,7188,W 43 St & 10 Ave,6756,40.7781314,-73.96069399,40.76009437,-73.99461843,member
860563,D0425AE6A88FBB18,classic_bike,2021-09-22 17:59:23,2021-09-22 18:57:50,Madison Ave & E 82 St,7188,Central Park West & W 76 St,7253,40.7781314,-73.96069399,40.77896784,-73.97374737,member
860580,8B070D92F055655D,electric_bike,2021-09-02 10:54:11,2021-09-02 11:04:23,Madison Ave & E 82 St,7188,Central Park West & W 76 St,7253,40.7781314,-73.96069399,40.77896784,-73.97374737,casual
860640,42A3E55B9CF93F13,electric_bike,2021-09-07 10:18:31,2021-09-07 10:26:05,Madison Ave & E 82 St,7188,Central Park West & W 76 St,7253,40.7781314,-73.96069399,40.77896784,-73.97374737,member
860650,A445268A49E030FB,classic_bike,2021-09-22 17:53:44,2021-09-22 18:53:29,Madison Ave & E 82 St,7188,Central Park West & W 76 St,7253,40.7781314,-73.96069399,40.77896784,-73.97374737,casual
860657,21617F4F9B625C57,classic_bike,2021-09-05 15:08:34,2021-09-05 15:36:37,Madison Ave & E 82 St,7188,Central Park West & W 76 St,7253,40.7781314,-73.96069399,40.77896784,-73.97374737,casual
860720,0A3A806378A5F29D,classic_bike,2021-09-20 22:50:37,2021-09-20 23:05:22,Madison Ave & E 82 St,7188,E 58 St & 1 Ave (NW Corner),6723,40.7781314,-73.96069399,40.759125,-73.962658,member
860721,7C3D0AC47F3A4741,electric_bike,2021-09-07 09:56:21,2021-09-07 10:05:17,Madison Ave & E 82 St,7188,Central Park West & W 76 St,7253,40.7781314,-73.96069399,40.77896784,-73.97374737,member
860759,4325CF615509CA1D,electric_bike,2021-09-07 12:37:17,2021-09-07 12:49:27,Madison Ave & E 82 St,7188,W 95 St & Broadway,7541,40.7781314,-73.96069399,40.7937704,-73.971888,member
860763,F01B10CF3FE9BEDF,classic_bike,2021-09-24 15:49:44,2021-09-24 16:34:02,Madison Ave & E 82 St,7188,W 26 St & 10 Ave,6382,40.7781314,-73.96069399,40.749717753,-74.002950346,member
860775,9F0B518A27C0BA82,classic_bike,2021-09-05 15:07:21,2021-09-05 15:36:25,Madison Ave & E 82 St,7188,Central Park West & W 76 St,7253,40.7781314,-73.96069399,40.77896784,-73.97374737,casual
860809,25717A3F14441C90,classic_bike,2021-09-06 11:58:56,2021-09-06 12:18:38,Madison Ave & E 82 St,7188,Central Park West & W 76 St,7253,40.7781314,-73.96069399,40.77896784,-73.97374737,casual
860815,15530394FD541287,classic_bike,2021-09-13 17:01:16,2021-09-13 17:11:41,Madison Ave & E 82 St,7188,W 95 St & Broadway,7541,40.7781314,-73.96069399,40.7937704,-73.971888,member
860818,EE8EC312B7D79C31,electric_bike,2021-09-19 18:17:09,2021-09-19 18:32:41,Madison Ave & E 82 St,7188,W 95 St & Broadway,7541,40.7781314,-73.96069399,40.7937704,-73.971888,member
860829,0A43153D8A22706D,classic_bike,2021-09-02 12:18:27,2021-09-02 12:54:08,Madison Ave & E 82 St,7188,Suffolk St & Stanton St,5445,40.7781314,-73.96069399,40.72066442,-73.98517977,casual
860864,F6DA4310E1897318,classic_bike,2021-09-19 15:07:17,2021-09-19 15:28:20,Madison Ave & E 82 St,7188,Central Park West & W 76 St,7253,40.7781314,-73.96069399,40.77896784,-73.97374737,casual
860866,F32285B16212176E,classic_bike,2021-09-18 13:52:40,2021-09-18 15:01:11,Madison Ave & E 82 St,7188,Central Park West & W 76 St,7253,40.7781314,-73.96069399,40.77896784,-73.97374737,casual
861373,F446BFD6B8451925,classic_bike,2021-09-06 17:02:10,2021-09-06 17:27:03,Madison Ave & E 82 St,7188,W 43 St & 10 Ave,6756,40.7781314,-73.96069399,40.76009437,-73.99461843,member
865514,93B0678022E00BDB,classic_bike,2021-09-11 16:47:41,2021-09-11 17:13:51,Madison Ave & E 82 St,7188,Suffolk St & Stanton St,5445,40.7781314,-73.96069399,40.72066442,-73.98517977,casual
865530,993924F151831E6F,classic_bike,2021-09-10 15:46:24,2021-09-10 16:10:22,Madison Ave & E 82 St,7188,E 44 St & 2 Ave,6422,40.7781314,-73.96069399,40.75118387463277,-73.97138714790344,member
865556,B4C3CB4B1B069E79,classic_bike,2021-09-24 16:42:57,2021-09-24 17:17:44,Madison Ave & E 82 St,7188,Central Park West & W 76 St,7253,40.7781314,-73.96069399,40.77896784,-73.97374737,casual
865566,F30B38B32828663A,classic_bike,2021-09-25 15:35:47,2021-09-25 15:42:51,Madison Ave & E 82 St,7188,Central Park West & W 76 St,7253,40.7781314,-73.96069399,40.77896784,-73.97374737,member
865573,8BCD41CF3FB4C7C3,classic_bike,2021-09-12 16:53:41,2021-09-12 17:06:26,Madison Ave & E 82 St,7188,Central Park West & W 76 St,7253,40.7781314,-73.96069399,40.77896784,-73.97374737,member
865588,9B76325420B4DA5C,classic_bike,2021-09-07 11:06:32,2021-09-07 11:20:33,Madison Ave & E 82 St,7188,E 58 St & 1 Ave (NW Corner),6723,40.7781314,-73.96069399,40.759125,-73.962658,member
865590,BAE9BA1423330AB5,classic_bike,2021-09-04 16:20:33,2021-09-04 17:27:57,Madison Ave & E 82 St,7188,Central Park West & W 76 St,7253,40.7781314,-73.96069399,40.77896784,-73.97374737,member
865595,A908EBA329987FB0,electric_bike,2021-09-25 16:47:25,2021-09-25 17:03:30,Madison Ave & E 82 St,7188,E 58 St & 1 Ave (NW Corner),6723,40.7781314,-73.96069399,40.759125,-73.962658,member
865597,607CEF8925ACF788,classic_bike,2021-09-22 11:43:01,2021-09-22 12:02:08,Madison Ave & E 82 St,7188,Central Park West & W 76 St,7253,40.7781314,-73.96069399,40.77896784,-73.97374737,casual
865603,C92F0E0D184B81A7,classic_bike,2021-09-24 16:43:31,2021-09-24 17:17:39,Madison Ave & E 82 St,7188,Central Park West & W 76 St,7253,40.7781314,-73.96069399,40.77896784,-73.97374737,casual
865624,8EA5398D9EA7D71E,docked_bike,2021-09-23 14:40:28,2021-09-23 15:12:41,Madison Ave & E 82 St,7188,Central Park West & W 76 St,7253,40.778131,-73.960694,40.778968,-73.973747,casual
865625,E758B0F13BC75B17,electric_bike,2021-09-06 14:38:42,2021-09-06 15:02:04,Madison Ave & E 82 St,7188,E 44 St & 2 Ave,6422,40.7781314,-73.96069399,40.75118387463277,-73.97138714790344,member
865630,905D1781F56B598C,classic_bike,2021-09-04 15:15:29,2021-09-04 15:38:22,Madison Ave & E 82 St,7188,E 58 St & 1 Ave (NW Corner),6723,40.7781314,-73.96069399,40.759125,-73.962658,casual
865638,4FB1133DB7300B12,electric_bike,2021-09-21 18:51:01,2021-09-21 19:01:58,Madison Ave & E 82 St,7188,E 58 St & 1 Ave (NW Corner),6723,40.7781314,-73.96069399,40.759125,-73.962658,member
871814,014A6ED8D6F1BABF,classic_bike,2021-09-21 10:49:01,2021-09-21 11:03:01,E 81 St & Park Ave,7188,W 90 St & Amsterdam Ave,7432,40.77677702,-73.9590097,40.79017948095081,-73.97288918495178,member
871932,1F645C5101924C46,electric_bike,2021-09-16 00:06:11,2021-09-16 00:17:04,E 81 St & Park Ave,7188,W 90 St & Amsterdam Ave,7432,40.77677702,-73.9590097,40.79017948095081,-73.97288918495178,casual
876416,E210420077CFE2CB,classic_bike,2021-09-24 16:50:59,2021-09-24 17:12:06,E 81 St & Park Ave,7188,W 31 St & 7 Ave,6331,40.77677702,-73.9590097,40.749156,-73.9916,member
876423,FF684ED64FC9EB4B,classic_bike,2021-09-06 18:00:30,2021-09-06 18:19:04,E 81 St & Park Ave,7188,W 31 St & 7 Ave,6331,40.77677702,-73.9590097,40.749156,-73.9916,member
880652,B922CF24D7AC5956,electric_bike,2021-09-18 16:11:00,2021-09-18 16:29:00,Madison Ave & E 82 St,7188,E 39 St & 2 Ave,6345,40.7781314,-73.96069399,40.74803319428767,-73.973827958107,member
880653,C7536D0EB6F3ACF3,electric_bike,2021-09-14 11:04:11,2021-09-14 11:19:05,Madison Ave & E 82 St,7188,W 31 St & 7 Ave,6331,40.7781314,-73.96069399,40.749156,-73.9916,member
880690,B84AF3E85F9D494C,electric_bike,2021-09-26 12:04:17,2021-09-26 12:29:02,Madison Ave & E 82 St,7188,W 90 St & Amsterdam Ave,7432,40.7781314,-73.96069399,40.79017948095081,-73.97288918495178,casual
880707,D359619E88359CBC,classic_bike,2021-09-14 12:45:56,2021-09-14 13:07:18,Madison Ave & E 82 St,7188,E 39 St & 2 Ave,6345,40.7781314,-73.96069399,40.74803319428767,-73.973827958107,member
880733,83B1D9ED7CCFED9E,classic_bike,2021-09-19 20:11:09,2021-09-19 20:20:41,Madison Ave & E 82 St,7188,W 90 St & Amsterdam Ave,7432,40.7781314,-73.96069399,40.79017948095081,-73.97288918495178,member
880734,54014AC32342AAF6,classic_bike,2021-09-19 20:11:19,2021-09-19 20:20:42,Madison Ave & E 82 St,7188,W 90 St & Amsterdam Ave,7432,40.7781314,-73.96069399,40.79017948095081,-73.97288918495178,member
880758,03628FFD6A964ED8,electric_bike,2021-09-10 13:20:28,2021-09-10 13:43:45,Madison Ave & E 82 St,7188,W 31 St & 7 Ave,6331,40.7781314,-73.96069399,40.749156,-73.9916,casual
880767,BA3881E5DCDDF7B2,electric_bike,2021-09-17 12:22:02,2021-09-17 12:43:23,Madison Ave & E 82 St,7188,E 39 St & 2 Ave,6345,40.7781314,-73.96069399,40.74803319428767,-73.973827958107,casual
880793,9061FE43B9FD2A8A,classic_bike,2021-09-17 16:49:37,2021-09-17 17:23:43,Madison Ave & E 82 St,7188,W 31 St & 7 Ave,6331,40.7781314,-73.96069399,40.749156,-73.9916,casual
882932,D842F6998BA2333B,electric_bike,2021-09-03 20:32:59,2021-09-03 21:25:21,Madison Ave & E 82 St,7188,W 15 St & 10 Ave,6115,40.7781314,-73.96069399,40.74275382865903,-74.00747358798981,casual
883906,7973569BFDD30616,electric_bike,2021-09-22 16:04:13,2021-09-22 16:42:46,Madison Ave & E 82 St,7188,Sedgwick Ave & W Tremont Ave,8428,40.7781314,-73.96069399,40.853157,-73.918214,member
884726,DDD2CF6980E92C16,electric_bike,2021-09-17 18:52:49,2021-09-17 19:11:43,E 81 St & Park Ave,7188,E 39 St & 2 Ave,6345,40.77677702,-73.9590097,40.74803319428767,-73.973827958107,member
889053,3E4BBA67C151FA99,classic_bike,2021-09-17 16:49:32,2021-09-17 17:23:40,Madison Ave & E 82 St,7188,W 31 St & 7 Ave,6331,40.7781314,-73.96069399,40.749156,-73.9916,casual
889065,81BFD4BBA018836D,electric_bike,2021-09-19 12:54:48,2021-09-19 13:29:20,Madison Ave & E 82 St,7188,W 15 St & 10 Ave,6115,40.7781314,-73.96069399,40.74275382865903,-74.00747358798981,casual
889071,5C8B4928FC6BE080,classic_bike,2021-09-16 18:06:11,2021-09-16 18:25:33,Madison Ave & E 82 St,7188,E 39 St & 2 Ave,6345,40.7781314,-73.96069399,40.74803319428767,-73.973827958107,member
890802,675E220EB2106774,electric_bike,2021-09-10 08:25:39,2021-09-10 08:43:15,Madison Ave & E 82 St,7188,W 31 St & 7 Ave,6331,40.7781314,-73.96069399,40.749156,-73.9916,member
890806,C682EBF73A102381,classic_bike,2021-09-29 17:33:41,2021-09-29 17:50:44,Madison Ave & E 82 St,7188,E 39 St & 2 Ave,6345,40.7781314,-73.96069399,40.74803319428767,-73.973827958107,member
890807,79C5334D1B54B47F,classic_bike,2021-09-26 16:04:30,2021-09-26 16:30:52,Madison Ave & E 82 St,7188,E 39 St & 2 Ave,6345,40.7781314,-73.96069399,40.74803319428767,-73.973827958107,casual
896982,515C02FC490B11F8,classic_bike,2021-09-18 17:40:55,2021-09-18 17:55:13,Madison Ave & E 82 St,7188,W 90 St & Amsterdam Ave,7432,40.7781314,-73.96069399,40.79017948095081,-73.97288918495178,casual
899868,E6F95AEE26DCB859,classic_bike,2021-09-26 16:04:37,2021-09-26 16:30:59,Madison Ave & E 82 St,7188,E 39 St & 2 Ave,6345,40.7781314,-73.96069399,40.74803319428767,-73.973827958107,casual
899871,55DB73DF1135A68D,classic_bike,2021-09-17 11:41:52,2021-09-17 11:57:32,Madison Ave & E 82 St,7188,W 31 St & 7 Ave,6331,40.7781314,-73.96069399,40.749156,-73.9916,member
899874,DF98727B92B2A815,classic_bike,2021-09-12 07:20:44,2021-09-12 07:31:42,Madison Ave & E 82 St,7188,W 90 St & Amsterdam Ave,7432,40.7781314,-73.96069399,40.79017948095081,-73.97288918495178,member
899955,8E246082D0177104,classic_bike,2021-09-28 18:54:16,2021-09-28 19:17:55,Madison Ave & E 82 St,7188,W 90 St & Amsterdam Ave,7432,40.7781314,-73.96069399,40.79017948095081,-73.97288918495178,member
900806,0D7A7099C4A7D0EA,classic_bike,2021-09-18 01:06:17,2021-09-18 01:13:59,E 81 St & Park Ave,7188,Central Park W & W 91 St,7453,40.77677702,-73.9590097,40.78866499127884,-73.96680057048798,casual
900818,DDA40A77CC5F02B8,classic_bike,2021-09-12 00:48:38,2021-09-12 00:56:12,E 81 St & Park Ave,7188,Central Park W & W 91 St,7453,40.77677702,-73.9590097,40.78866499127884,-73.96680057048798,casual
901209,359D0952EF41F575,classic_bike,2021-09-02 16:50:31,2021-09-02 17:34:51,Madison Ave & E 82 St,7188,Allen St & Stanton St,5484,40.7781314,-73.96069399,40.722055,-73.989111,member
901214,1DD49347F214BC5F,classic_bike,2021-09-15 16:26:03,2021-09-15 16:40:15,Madison Ave & E 82 St,7188,Central Park W & W 91 St,7453,40.7781314,-73.96069399,40.78866499127884,-73.96680057048798,casual
901216,0035D73F3B97AA7C,electric_bike,2021-09-24 07:54:27,2021-09-24 08:01:11,Madison Ave & E 82 St,7188,Central Park W & W 91 St,7453,40.7781314,-73.96069399,40.78866499127884,-73.96680057048798,casual
901247,6F43140807160850,electric_bike,2021-09-15 15:33:14,2021-09-15 15:44:15,Madison Ave & E 82 St,7188,Central Park W & W 91 St,7453,40.7781314,-73.96069399,40.78866499127884,-73.96680057048798,casual
901280,5FDE5BF3718AACA1,electric_bike,2021-09-21 16:00:02,2021-09-21 16:06:27,Madison Ave & E 82 St,7188,Central Park W & W 91 St,7453,40.7781314,-73.96069399,40.78866499127884,-73.96680057048798,member
901461,270549A53D59E05D,electric_bike,2021-09-25 09:42:44,2021-09-25 10:15:06,E 81 St & Park Ave,7188,Central Park W & W 91 St,7453,40.77677702,-73.9590097,40.78866499127884,-73.96680057048798,casual
901522,78DBFEC496251C0A,classic_bike,2021-09-11 12:21:01,2021-09-11 12:40:59,Madison Ave & E 82 St,7188,W 92 St & Broadway,7502,40.7781314,-73.96069399,40.7921,-73.9739,member
901569,533098D46F665978,classic_bike,2021-09-15 17:27:16,2021-09-15 18:00:39,E 81 St & Park Ave,7188,31 Ave & 30 St,6857,40.77677702,-73.9590097,40.7647,-73.9240312,member
902353,8EA25FDA1FB3AD2E,classic_bike,2021-09-03 17:53:51,2021-09-03 18:09:28,E 81 St & Park Ave,7188,W 92 St & Broadway,7502,40.77677702,-73.9590097,40.7921,-73.9739,member
902754,FF2040D5F5912490,classic_bike,2021-09-17 17:12:48,2021-09-17 17:21:14,Madison Ave & E 82 St,7188,Central Park W & W 91 St,7453,40.7781314,-73.96069399,40.78866499127884,-73.96680057048798,member
902791,93D252048CB01421,classic_bike,2021-09-03 13:36:23,2021-09-03 13:46:04,Madison Ave & E 82 St,7188,Central Park W & W 91 St,7453,40.7781314,-73.96069399,40.78866499127884,-73.96680057048798,casual
902793,311D416EB3CEE4F5,classic_bike,2021-09-11 11:58:58,2021-09-11 12:26:50,Madison Ave & E 82 St,7188,Central Park W & W 91 St,7453,40.7781314,-73.96069399,40.78866499127884,-73.96680057048798,casual
902827,11480D0245E9DCF6,classic_bike,2021-09-17 21:00:10,2021-09-17 21:08:31,Madison Ave & E 82 St,7188,Central Park W & W 91 St,7453,40.7781314,-73.96069399,40.78866499127884,-73.96680057048798,member
908301,84D46695D7481C9D,classic_bike,2021-09-30 17:04:10,2021-09-30 17:12:25,E 81 St & Park Ave,7188,Central Park W & W 91 St,7453,40.77677702,-73.9590097,40.78866499127884,-73.96680057048798,member
908302,7273A9EB90380447,classic_bike,2021-09-27 17:06:54,2021-09-27 17:20:59,E 81 St & Park Ave,7188,W 92 St & Broadway,7502,40.77677702,-73.9590097,40.7921,-73.9739,member
908308,62D00E8E210E3C8B,electric_bike,2021-09-01 18:46:45,2021-09-01 18:55:13,E 81 St & Park Ave,7188,Central Park W & W 91 St,7453,40.77677702,-73.9590097,40.78866499127884,-73.96680057048798,member
908336,58424EA6772C61C0,classic_bike,2021-09-03 14:02:23,2021-09-03 14:16:45,E 81 St & Park Ave,7188,W 92 St & Broadway,7502,40.77677702,-73.9590097,40.7921,-73.9739,member
908420,A4476B3570A4C734,classic_bike,2021-09-06 13:50:58,2021-09-06 14:15:12,E 81 St & Park Ave,7188,Central Park W & W 91 St,7453,40.77677702,-73.9590097,40.78866499127884,-73.96680057048798,member
909871,6B7C5C23D592C82F,docked_bike,2021-09-02 15:48:48,2021-09-02 16:15:12,Madison Ave & E 82 St,7188,Central Park W & W 91 St,7453,40.778131,-73.960694,40.788665,-73.966801,casual
909882,90A84ED3641019AC,classic_bike,2021-09-24 16:58:54,2021-09-24 17:10:42,Madison Ave & E 82 St,7188,W 92 St & Broadway,7502,40.7781314,-73.96069399,40.7921,-73.9739,member
909893,C2EE55F6167B5A81,classic_bike,2021-09-16 13:27:43,2021-09-16 14:14:37,Madison Ave & E 82 St,7188,Central Park W & W 91 St,7453,40.7781314,-73.96069399,40.78866499127884,-73.96680057048798,casual
909911,20FE87A4648FEDE1,classic_bike,2021-09-21 11:37:20,2021-09-21 11:56:06,Madison Ave & E 82 St,7188,Central Park W & W 91 St,7453,40.7781314,-73.96069399,40.78866499127884,-73.96680057048798,member
909951,4B709769B8F289D9,electric_bike,2021-09-02 11:10:07,2021-09-02 11:19:03,Madison Ave & E 82 St,7188,Central Park W & W 91 St,7453,40.7781314,-73.96069399,40.78866499127884,-73.96680057048798,casual
909953,1C3BB329F0D9DD93,electric_bike,2021-09-29 07:54:34,2021-09-29 08:01:47,Madison Ave & E 82 St,7188,Central Park W & W 91 St,7453,40.7781314,-73.96069399,40.78866499127884,-73.96680057048798,casual
910082,AEE131583176D95A,electric_bike,2021-09-14 15:23:14,2021-09-14 15:40:13,Madison Ave & E 82 St,7188,Central Park W & W 91 St,7453,40.7781314,-73.96069399,40.78866499127884,-73.96680057048798,member
910699,866A48BCF201E1F3,classic_bike,2021-09-23 17:04:45,2021-09-23 17:20:52,E 81 St & Park Ave,7188,W 92 St & Broadway,7502,40.77677702,-73.9590097,40.7921,-73.9739,member
910700,4612329A0ACC4A6D,electric_bike,2021-09-10 08:12:39,2021-09-10 08:19:38,E 81 St & Park Ave,7188,Central Park W & W 91 St,7453,40.77677702,-73.9590097,40.78866499127884,-73.96680057048798,casual
911152,E0F7246DFBC134D0,classic_bike,2021-09-18 16:17:00,2021-09-18 16:56:43,Madison Ave & E 82 St,7188,Central Park W & W 91 St,7453,40.7781314,-73.96069399,40.78866499127884,-73.96680057048798,casual
912498,A429B484CBE1B0C5,docked_bike,2021-09-02 15:46:05,2021-09-02 16:15:17,Madison Ave & E 82 St,7188,Central Park W & W 91 St,7453,40.778131,-73.960694,40.788665,-73.966801,casual
912500,8A03C57F77861B1A,classic_bike,2021-09-22 17:58:18,2021-09-22 18:10:15,Madison Ave & E 82 St,7188,W 92 St & Broadway,7502,40.7781314,-73.96069399,40.7921,-73.9739,member
913850,5E5C9E6BF212799E,classic_bike,2021-09-18 16:13:43,2021-09-18 16:57:08,Madison Ave & E 82 St,7188,Central Park W & W 91 St,7453,40.7781314,-73.96069399,40.78866499127884,-73.96680057048798,casual
913932,C1A16C6C92383F3A,electric_bike,2021-09-21 14:48:50,2021-09-21 15:25:56,Madison Ave & E 82 St,7188,Allen St & Stanton St,5484,40.7781314,-73.96069399,40.722055,-73.989111,casual
913934,7BD9B1F0535C0576,classic_bike,2021-09-16 13:26:05,2021-09-16 14:14:54,Madison Ave & E 82 St,7188,Central Park W & W 91 St,7453,40.7781314,-73.96069399,40.78866499127884,-73.96680057048798,casual
914050,C4DEE2F50B6DCFBD,electric_bike,2021-09-20 11:22:18,2021-09-20 11:43:58,Madison Ave & E 82 St,7188,W 92 St & Broadway,7502,40.7781314,-73.96069399,40.7921,-73.9739,member
914823,37C507E8724AD172,classic_bike,2021-09-04 13:14:39,2021-09-04 14:08:26,Madison Ave & E 82 St,7188,Central Park W & W 91 St,7453,40.7781314,-73.96069399,40.78866499127884,-73.96680057048798,member
914826,A12B09AF7FDC0AA9,classic_bike,2021-09-20 20:44:01,2021-09-20 20:54:36,Madison Ave & E 82 St,7188,Central Park W & W 91 St,7453,40.7781314,-73.96069399,40.78866499127884,-73.96680057048798,casual
915872,CF29B94FF72FA2E8,classic_bike,2021-09-06 13:50:34,2021-09-06 14:15:41,E 81 St & Park Ave,7188,Central Park W & W 91 St,7453,40.77677702,-73.9590097,40.78866499127884,-73.96680057048798,casual
917440,C778B6C7CF236DEF,classic_bike,2021-09-16 15:34:07,2021-09-16 15:47:49,Madison Ave & E 82 St,7188,W 92 St & Broadway,7502,40.7781314,-73.96069399,40.7921,-73.9739,member
917447,A0E3FAB487CE95C9,classic_bike,2021-09-11 11:57:03,2021-09-11 12:27:25,Madison Ave & E 82 St,7188,Central Park W & W 91 St,7453,40.7781314,-73.96069399,40.78866499127884,-73.96680057048798,member
917480,698B27E95B5EC48D,classic_bike,2021-09-12 15:03:32,2021-09-12 15:13:30,Madison Ave & E 82 St,7188,Central Park W & W 91 St,7453,40.7781314,-73.96069399,40.78866499127884,-73.96680057048798,member
917483,542324CD7CECDB90,classic_bike,2021-09-11 11:57:36,2021-09-11 12:26:25,Madison Ave & E 82 St,7188,Central Park W & W 91 St,7453,40.7781314,-73.96069399,40.78866499127884,-73.96680057048798,casual
919984,9387348708001BFA,electric_bike,2021-09-25 20:48:00,2021-09-25 21:16:03,Madison Ave & E 82 St,7188,6 Ave & W 34 St,6364,40.7781314,-73.96069399,40.74964,-73.98805,member
920012,E310ABEB3C0CD1A6,classic_bike,2021-09-25 17:20:36,2021-09-25 17:54:48,Madison Ave & E 82 St,7188,6 Ave & W 34 St,6364,40.7781314,-73.96069399,40.74964,-73.98805,casual
921237,D1DFFDDEB4021522,classic_bike,2021-09-26 12:42:32,2021-09-26 13:22:40,Madison Ave & E 82 St,7188,Cleveland Pl & Spring St,5492,40.7781314,-73.96069399,40.722103786686034,-73.99724900722504,member
922305,A1D86555389FEEFF,docked_bike,2021-09-13 16:21:31,2021-09-13 17:04:31,Madison Ave & E 82 St,7188,Cleveland Pl & Spring St,5492,40.778131,-73.960694,40.722104,-73.997249,casual
923563,E31F2D2B4097A58D,electric_bike,2021-09-19 22:05:42,2021-09-19 22:37:30,E 81 St & Park Ave,7188,Cleveland Pl & Spring St,5492,40.77677702,-73.9590097,40.722103786686034,-73.99724900722504,member
923577,F9A7D836A5E8C159,classic_bike,2021-09-26 15:26:40,2021-09-26 16:09:57,E 81 St & Park Ave,7188,Forsyth St\t& Grand St,5382,40.77677702,-73.9590097,40.71779817737835,-73.99316132068634,casual
933284,09952E1158878C0A,electric_bike,2021-09-06 07:20:49,2021-09-06 07:31:59,E 81 St & Park Ave,7188,Lexington Ave & E 120 St,7652,40.77677702,-73.9590097,40.8013066,-73.9398167,member
934784,82052DAC421392AE,docked_bike,2021-09-26 17:06:38,2021-09-26 17:39:15,Madison Ave & E 82 St,7188,6 Ave & W 34 St,6364,40.778131,-73.960694,40.74964,-73.98805,casual
934788,571896BD3C8CF4F7,electric_bike,2021-09-19 07:06:25,2021-09-19 07:17:26,Madison Ave & E 82 St,7188,Lexington Ave & E 120 St,7652,40.7781314,-73.96069399,40.8013066,-73.9398167,member
934875,0C23FDCE8A9D5960,electric_bike,2021-09-12 06:57:22,2021-09-12 07:08:39,Madison Ave & E 82 St,7188,Lexington Ave & E 120 St,7652,40.7781314,-73.96069399,40.8013066,-73.9398167,member
934893,A51E866437A2214A,classic_bike,2021-09-15 17:35:05,2021-09-15 18:09:30,Madison Ave & E 82 St,7188,Forsyth St\t& Grand St,5382,40.7781314,-73.96069399,40.71779817737835,-73.99316132068634,member
934921,07D798C8DCCE6274,classic_bike,2021-09-24 17:24:59,2021-09-24 18:02:28,Madison Ave & E 82 St,7188,Forsyth St\t& Grand St,5382,40.7781314,-73.96069399,40.71779817737835,-73.99316132068634,member
934939,FCC52497EF4EA8E5,classic_bike,2021-09-17 19:50:06,2021-09-17 20:43:21,Madison Ave & E 82 St,7188,6 Ave & W 34 St,6364,40.7781314,-73.96069399,40.74964,-73.98805,casual
935898,DB201DD16D777673,classic_bike,2021-09-18 20:14:56,2021-09-18 20:53:47,Madison Ave & E 82 St,7188,Cleveland Pl & Spring St,5492,40.7781314,-73.96069399,40.722103786686034,-73.99724900722504,casual
947507,6BCF60F48FB8FEAF,classic_bike,2021-09-17 17:39:05,2021-09-17 18:13:06,Madison Ave & E 82 St,7188,Forsyth St\t& Grand St,5382,40.7781314,-73.96069399,40.71779817737835,-73.99316132068634,member
947528,ED8984C66F94FD18,docked_bike,2021-09-26 17:05:53,2021-09-26 17:38:58,Madison Ave & E 82 St,7188,6 Ave & W 34 St,6364,40.778131,-73.960694,40.74964,-73.98805,casual
947549,FFF60732C487D592,classic_bike,2021-09-17 17:02:26,2021-09-17 17:33:01,Madison Ave & E 82 St,7188,6 Ave & W 34 St,6364,40.7781314,-73.96069399,40.74964,-73.98805,casual
949636,E336A242A896AA02,classic_bike,2021-09-01 14:23:01,2021-09-01 14:31:26,E 81 St & Park Ave,7188,3 Ave & E 71 St,6960,40.77677702,-73.9590097,40.76873687,-73.96119945,member
949660,7E2938D8ACFC9728,electric_bike,2021-09-23 10:13:12,2021-09-23 10:20:38,E 81 St & Park Ave,7188,3 Ave & E 71 St,6960,40.77677702,-73.9590097,40.76873687,-73.96119945,member
951577,B8E5037827686196,classic_bike,2021-09-16 23:29:23,2021-09-16 23:35:47,Madison Ave & E 82 St,7188,E 89 St & 3 Ave,7265,40.7781314,-73.96069399,40.7806284,-73.9521667,casual
951580,C9321030733C937D,classic_bike,2021-09-07 21:07:50,2021-09-07 21:13:56,Madison Ave & E 82 St,7188,E 89 St & 3 Ave,7265,40.7781314,-73.96069399,40.7806284,-73.9521667,casual
951582,636078284A874E59,classic_bike,2021-09-15 11:20:48,2021-09-15 11:32:02,Madison Ave & E 82 St,7188,1 Ave & E 110 St,7522,40.7781314,-73.96069399,40.7923272,-73.9383,member
951584,21522C184A214B1E,electric_bike,2021-09-20 17:32:16,2021-09-20 17:37:15,Madison Ave & E 82 St,7188,E 89 St & 3 Ave,7265,40.7781314,-73.96069399,40.7806284,-73.9521667,member
951591,45E3D5C2CCAFEC2E,electric_bike,2021-09-21 13:05:05,2021-09-21 13:11:16,Madison Ave & E 82 St,7188,3 Ave & E 71 St,6960,40.7781314,-73.96069399,40.76873687,-73.96119945,member
951595,FB48CC457813D8A0,classic_bike,2021-09-03 01:31:00,2021-09-03 01:35:42,Madison Ave & E 82 St,7188,E 89 St & 3 Ave,7265,40.7781314,-73.96069399,40.7806284,-73.9521667,casual
951603,D46553928FCB4012,classic_bike,2021-09-25 16:23:59,2021-09-25 16:56:15,Madison Ave & E 82 St,7188,E 48 St & 5 Ave,6626,40.7781314,-73.96069399,40.75724567911726,-73.97805914282799,casual
951604,922C9517D291F708,classic_bike,2021-09-19 14:55:34,2021-09-19 15:27:06,Madison Ave & E 82 St,7188,E 48 St & 5 Ave,6626,40.7781314,-73.96069399,40.75724567911726,-73.97805914282799,casual
951605,800401E3D0406477,classic_bike,2021-09-19 14:56:05,2021-09-19 15:28:29,Madison Ave & E 82 St,7188,E 48 St & 5 Ave,6626,40.7781314,-73.96069399,40.75724567911726,-73.97805914282799,casual
951618,9D944435B0A38D32,classic_bike,2021-09-19 14:56:28,2021-09-19 15:28:34,Madison Ave & E 82 St,7188,E 48 St & 5 Ave,6626,40.7781314,-73.96069399,40.75724567911726,-73.97805914282799,casual
951619,89C8184DB88DCDAC,classic_bike,2021-09-02 14:50:53,2021-09-02 14:58:51,Madison Ave & E 82 St,7188,3 Ave & E 71 St,6960,40.7781314,-73.96069399,40.76873687,-73.96119945,member
951630,AD488E4850F6B6A4,electric_bike,2021-09-22 11:06:03,2021-09-22 11:13:55,Madison Ave & E 82 St,7188,3 Ave & E 71 St,6960,40.7781314,-73.96069399,40.76873687,-73.96119945,casual
953210,9FE127D999F6C85D,classic_bike,2021-09-25 12:06:45,2021-09-25 12:13:35,Madison Ave & E 82 St,7188,3 Ave & E 71 St,6960,40.7781314,-73.96069399,40.76873687,-73.96119945,member
953224,C96CD6FA15E40084,classic_bike,2021-09-26 17:04:39,2021-09-26 17:40:05,Madison Ave & E 82 St,7188,W 24 St & 7 Ave,6257,40.7781314,-73.96069399,40.74487634,-73.99529885,casual
953234,60341986DB298EA0,electric_bike,2021-09-26 23:48:12,2021-09-26 23:57:16,Madison Ave & E 82 St,7188,1 Ave & E 110 St,7522,40.7781314,-73.96069399,40.7923272,-73.9383,member
953239,04A448EE21438B2E,classic_bike,2021-09-16 17:04:57,2021-09-16 17:32:46,Madison Ave & E 82 St,7188,3 Ave & E 71 St,6960,40.7781314,-73.96069399,40.76873687,-73.96119945,casual
956624,23F6FFFF750B188D,electric_bike,2021-09-21 13:05:30,2021-09-21 13:10:22,E 81 St & Park Ave,7188,E 89 St & 3 Ave,7265,40.77677702,-73.9590097,40.7806284,-73.9521667,member
956627,37806E77D347ECA8,classic_bike,2021-09-21 18:00:16,2021-09-21 18:07:47,E 81 St & Park Ave,7188,E 89 St & 3 Ave,7265,40.77677702,-73.9590097,40.7806284,-73.9521667,casual
956646,56A0B8541FAFCF6D,classic_bike,2021-09-02 12:31:43,2021-09-02 12:37:09,E 81 St & Park Ave,7188,E 89 St & 3 Ave,7265,40.77677702,-73.9590097,40.7806284,-73.9521667,member
956739,FC1A16BCC7324687,classic_bike,2021-09-05 15:53:29,2021-09-05 16:06:09,E 81 St & Park Ave,7188,E 48 St & 5 Ave,6626,40.77677702,-73.9590097,40.75724567911726,-73.97805914282799,member
956741,3480C90D64D9C534,classic_bike,2021-09-05 16:10:33,2021-09-05 16:15:36,E 81 St & Park Ave,7188,E 89 St & 3 Ave,7265,40.77677702,-73.9590097,40.7806284,-73.9521667,member
956742,90849C94D8FCCB8B,classic_bike,2021-09-24 13:49:59,2021-09-24 13:56:53,E 81 St & Park Ave,7188,E 89 St & 3 Ave,7265,40.77677702,-73.9590097,40.7806284,-73.9521667,member
959129,84AF9CC65A9C5E14,electric_bike,2021-09-23 16:49:23,2021-09-23 16:55:11,Madison Ave & E 82 St,7188,E 89 St & 3 Ave,7265,40.7781314,-73.96069399,40.7806284,-73.9521667,member
959154,89A1B6C27C8AD0B6,classic_bike,2021-09-03 13:05:05,2021-09-03 13:14:35,Madison Ave & E 82 St,7188,E 48 St & 5 Ave,6626,40.7781314,-73.96069399,40.75724567911726,-73.97805914282799,member
959169,2AB0A856051D7757,classic_bike,2021-09-26 11:05:25,2021-09-26 11:14:22,Madison Ave & E 82 St,7188,3 Ave & E 71 St,6960,40.7781314,-73.96069399,40.76873687,-73.96119945,casual
959196,27EC5EABE60E0FBD,classic_bike,2021-09-03 15:24:39,2021-09-03 15:34:44,Madison Ave & E 82 St,7188,E 89 St & 3 Ave,7265,40.7781314,-73.96069399,40.7806284,-73.9521667,casual
959210,95957F5F88981205,electric_bike,2021-09-20 18:41:33,2021-09-20 18:49:23,Madison Ave & E 82 St,7188,E 89 St & 3 Ave,7265,40.7781314,-73.96069399,40.7806284,-73.9521667,casual
959211,9E01F0FDCE76F2BB,classic_bike,2021-09-17 16:45:09,2021-09-17 17:08:20,Madison Ave & E 82 St,7188,E 48 St & 5 Ave,6626,40.7781314,-73.96069399,40.75724567911726,-73.97805914282799,casual
959218,97506C006E949AB7,electric_bike,2021-09-04 15:39:03,2021-09-04 15:43:38,Madison Ave & E 82 St,7188,3 Ave & E 71 St,6960,40.7781314,-73.96069399,40.76873687,-73.96119945,member
959233,36A2944192BEA83D,electric_bike,2021-09-19 15:57:35,2021-09-19 16:12:14,Madison Ave & E 82 St,7188,E 48 St & 5 Ave,6626,40.7781314,-73.96069399,40.75724567911726,-73.97805914282799,member
959236,3143FB0CF9E79D6E,classic_bike,2021-09-11 13:04:01,2021-09-11 13:35:15,Madison Ave & E 82 St,7188,E 89 St & 3 Ave,7265,40.7781314,-73.96069399,40.7806284,-73.9521667,member
959512,82F955637F1E4F96,classic_bike,2021-09-18 16:01:57,2021-09-18 16:23:10,Madison Ave & E 82 St,7188,W 24 St & 7 Ave,6257,40.7781314,-73.96069399,40.74487634,-73.99529885,member
959515,8B938A11D91B9F24,classic_bike,2021-09-14 19:58:22,2021-09-14 20:04:25,Madison Ave & E 82 St,7188,E 89 St & 3 Ave,7265,40.7781314,-73.96069399,40.7806284,-73.9521667,member
959516,0B86FF5BFFB152A5,classic_bike,2021-09-03 15:22:01,2021-09-03 15:34:47,Madison Ave & E 82 St,7188,E 89 St & 3 Ave,7265,40.7781314,-73.96069399,40.7806284,-73.9521667,casual
959528,E841E87213CC4B4B,classic_bike,2021-09-19 12:49:58,2021-09-19 12:55:28,Madison Ave & E 82 St,7188,3 Ave & E 71 St,6960,40.7781314,-73.96069399,40.76873687,-73.96119945,member
959534,4346D226BF82FEC5,classic_bike,2021-09-12 16:32:23,2021-09-12 16:38:43,Madison Ave & E 82 St,7188,E 89 St & 3 Ave,7265,40.7781314,-73.96069399,40.7806284,-73.9521667,member
960520,57BA9686A4FFCD66,docked_bike,2021-09-09 16:21:15,2021-09-09 16:26:42,Madison Ave & E 82 St,7188,E 89 St & 3 Ave,7265,40.778131,-73.960694,40.780628,-73.952167,casual
964347,DBBD1D3C0E888587,classic_bike,2021-09-16 12:26:12,2021-09-16 12:32:38,E 81 St & Park Ave,7188,E 89 St & 3 Ave,7265,40.77677702,-73.9590097,40.7806284,-73.9521667,member
964348,9D3CD3F8BEB137C4,classic_bike,2021-09-04 17:40:54,2021-09-04 17:47:45,E 81 St & Park Ave,7188,3 Ave & E 71 St,6960,40.77677702,-73.9590097,40.76873687,-73.96119945,member
964350,5D68087B637D1755,classic_bike,2021-09-03 13:09:58,2021-09-03 13:16:39,E 81 St & Park Ave,7188,E 89 St & 3 Ave,7265,40.77677702,-73.9590097,40.7806284,-73.9521667,member
965511,706EF0A0BB27CF1E,classic_bike,2021-09-26 17:35:41,2021-09-26 17:41:23,E 81 St & Park Ave,7188,E 89 St & 3 Ave,7265,40.77677702,-73.9590097,40.7806284,-73.9521667,member
965694,640451184184742B,classic_bike,2021-09-05 20:13:16,2021-09-05 20:38:40,Madison Ave & E 82 St,7188,E 89 St & 3 Ave,7265,40.7781314,-73.96069399,40.7806284,-73.9521667,casual
965714,88DF56D4A3AD98EC,electric_bike,2021-09-04 13:25:36,2021-09-04 14:15:39,Madison Ave & E 82 St,7188,W 24 St & 7 Ave,6257,40.7781314,-73.96069399,40.74487634,-73.99529885,casual
965715,73183E2B8F34FA57,electric_bike,2021-09-26 11:03:31,2021-09-26 11:09:42,Madison Ave & E 82 St,7188,E 89 St & 3 Ave,7265,40.7781314,-73.96069399,40.7806284,-73.9521667,member
965718,ECBDC04019B67960,classic_bike,2021-09-30 17:25:40,2021-09-30 17:37:35,Madison Ave & E 82 St,7188,E 48 St & 5 Ave,6626,40.7781314,-73.96069399,40.75724567911726,-73.97805914282799,member
965722,8435FA64FB1F7D6D,classic_bike,2021-09-18 19:30:19,2021-09-18 19:38:10,Madison Ave & E 82 St,7188,3 Ave & E 71 St,6960,40.7781314,-73.96069399,40.76873687,-73.96119945,member
965724,E2674960C5540A5F,classic_bike,2021-09-19 14:54:18,2021-09-19 15:20:05,Madison Ave & E 82 St,7188,W 24 St & 7 Ave,6257,40.7781314,-73.96069399,40.74487634,-73.99529885,member
965736,5CC556D045CE1509,electric_bike,2021-09-20 11:00:11,2021-09-20 11:13:56,Madison Ave & E 82 St,7188,1 Ave & E 110 St,7522,40.7781314,-73.96069399,40.7923272,-73.9383,member
965743,C211FB63A4E1A826,electric_bike,2021-09-26 13:58:43,2021-09-26 14:03:49,Madison Ave & E 82 St,7188,E 89 St & 3 Ave,7265,40.7781314,-73.96069399,40.7806284,-73.9521667,casual
965972,9D89C8F4A0813B5E,classic_bike,2021-09-18 11:58:28,2021-09-18 12:05:35,Madison Ave & E 82 St,7188,E 89 St & 3 Ave,7265,40.7781314,-73.96069399,40.7806284,-73.9521667,member
970053,53A918B2CD932989,classic_bike,2021-09-09 05:08:49,2021-09-09 05:13:10,E 81 St & Park Ave,7188,E 89 St & 3 Ave,7265,40.77677702,-73.9590097,40.7806284,-73.9521667,member
970056,917B8A1DA8C983B7,classic_bike,2021-09-24 16:23:02,2021-09-24 16:27:36,E 81 St & Park Ave,7188,E 89 St & 3 Ave,7265,40.77677702,-73.9590097,40.7806284,-73.9521667,member
970076,A8F94B36B7943257,classic_bike,2021-09-09 18:49:49,2021-09-09 18:55:04,E 81 St & Park Ave,7188,E 89 St & 3 Ave,7265,40.77677702,-73.9590097,40.7806284,-73.9521667,member
970077,5AC70B8F93788791,classic_bike,2021-09-11 13:10:46,2021-09-11 13:15:25,E 81 St & Park Ave,7188,E 89 St & 3 Ave,7265,40.77677702,-73.9590097,40.7806284,-73.9521667,member
970998,AF93987F65D96504,electric_bike,2021-09-28 12:37:46,2021-09-28 12:47:53,Madison Ave & E 82 St,7188,E 48 St & 5 Ave,6626,40.7781314,-73.96069399,40.75724567911726,-73.97805914282799,member
973209,AFEA71120C29E97C,electric_bike,2021-09-14 18:39:59,2021-09-14 18:56:35,E 81 St & Park Ave,7188,E 48 St & 5 Ave,6626,40.77677702,-73.9590097,40.75724567911726,-73.97805914282799,member
973211,DB348856C0E11DA8,classic_bike,2021-09-12 22:09:20,2021-09-12 22:13:58,E 81 St & Park Ave,7188,E 89 St & 3 Ave,7265,40.77677702,-73.9590097,40.7806284,-73.9521667,member
973212,CFDD167E0038E98E,electric_bike,2021-09-01 16:47:13,2021-09-01 16:58:12,E 81 St & Park Ave,7188,1 Ave & E 110 St,7522,40.77677702,-73.9590097,40.7923272,-73.9383,member
973226,BAA64C49B88D78D7,classic_bike,2021-09-12 14:35:55,2021-09-12 15:19:48,E 81 St & Park Ave,7188,E 48 St & 5 Ave,6626,40.77677702,-73.9590097,40.75724567911726,-73.97805914282799,casual
973229,21004B18AF198D9B,classic_bike,2021-09-26 13:18:26,2021-09-26 13:24:07,E 81 St & Park Ave,7188,E 89 St & 3 Ave,7265,40.77677702,-73.9590097,40.7806284,-73.9521667,member
973932,BB418B8D6B3CC2FA,classic_bike,2021-09-15 17:52:09,2021-09-15 17:59:02,Madison Ave & E 82 St,7188,3 Ave & E 71 St,6960,40.7781314,-73.96069399,40.76873687,-73.96119945,member
974904,58F4F28944B4AEBD,classic_bike,2021-09-09 08:59:12,2021-09-09 09:04:49,Madison Ave & E 82 St,7188,3 Ave & E 71 St,6960,40.7781314,-73.96069399,40.76873687,-73.96119945,member
974919,28659E4E004BE7FB,electric_bike,2021-09-24 08:30:13,2021-09-24 08:35:39,Madison Ave & E 82 St,7188,E 89 St & 3 Ave,7265,40.7781314,-73.96069399,40.7806284,-73.9521667,member
974923,6A96EDDE2F70F4D1,classic_bike,2021-09-05 17:07:14,2021-09-05 17:13:29,Madison Ave & E 82 St,7188,E 89 St & 3 Ave,7265,40.7781314,-73.96069399,40.7806284,-73.9521667,casual
974927,8889AAED6C9DBBC8,classic_bike,2021-09-17 16:44:20,2021-09-17 17:08:22,Madison Ave & E 82 St,7188,E 48 St & 5 Ave,6626,40.7781314,-73.96069399,40.75724567911726,-73.97805914282799,casual
974929,D06E4D0711914880,classic_bike,2021-09-11 12:55:32,2021-09-11 13:37:35,Madison Ave & E 82 St,7188,E 48 St & 5 Ave,6626,40.7781314,-73.96069399,40.75724567911726,-73.97805914282799,casual
975099,976E91BA911D772C,classic_bike,2021-09-24 13:40:51,2021-09-24 13:46:05,E 81 St & Park Ave,7188,E 89 St & 3 Ave,7265,40.77677702,-73.9590097,40.7806284,-73.9521667,member
978673,5FB865B100A30462,classic_bike,2021-09-26 12:54:01,2021-09-26 13:10:16,E 81 St & Park Ave,7188,Pershing Square North,6432,40.77677702,-73.9590097,40.751873,-73.977706,member
978674,C8E3DDA3D43015BD,classic_bike,2021-09-10 10:40:56,2021-09-10 11:00:14,E 81 St & Park Ave,7188,Pershing Square North,6432,40.77677702,-73.9590097,40.751873,-73.977706,member
978676,417DC8E89FBCA7E5,classic_bike,2021-09-20 14:53:23,2021-09-20 15:08:50,E 81 St & Park Ave,7188,E 81 St & 3 Ave,7154,40.77677702,-73.9590097,40.77573034,-73.9567526,casual
978706,DD51C001DBB0B0B7,classic_bike,2021-09-19 19:02:22,2021-09-19 19:04:55,E 81 St & Park Ave,7188,E 81 St & 3 Ave,7154,40.77677702,-73.9590097,40.77573034,-73.9567526,member
978707,7FA49FB025422AE3,classic_bike,2021-09-22 18:03:59,2021-09-22 18:05:11,E 81 St & Park Ave,7188,E 81 St & 3 Ave,7154,40.77677702,-73.9590097,40.77573034,-73.9567526,member
978708,5C07F0688B3CFBC1,classic_bike,2021-09-25 14:53:12,2021-09-25 15:55:25,E 81 St & Park Ave,7188,E 81 St & 3 Ave,7154,40.77677702,-73.9590097,40.77573034,-73.9567526,casual
978709,88ED218A4F94C6A7,classic_bike,2021-09-02 09:31:01,2021-09-02 09:48:01,E 81 St & Park Ave,7188,Pershing Square North,6432,40.77677702,-73.9590097,40.751873,-73.977706,member
981405,4CC5987EC54B042D,classic_bike,2021-09-09 08:44:06,2021-09-09 09:03:07,E 81 St & Park Ave,7188,E 81 St & 3 Ave,7154,40.77677702,-73.9590097,40.77573034,-73.9567526,member
981434,681B7353F2E387C5,classic_bike,2021-09-13 16:25:51,2021-09-13 16:28:15,E 81 St & Park Ave,7188,E 81 St & 3 Ave,7154,40.77677702,-73.9590097,40.77573034,-73.9567526,member
983504,EA87981AC1EBCB28,electric_bike,2021-09-28 11:00:26,2021-09-28 11:04:08,Madison Ave & E 82 St,7188,E 81 St & 3 Ave,7154,40.7781314,-73.96069399,40.77573034,-73.9567526,member
983505,04540298AD1F0C03,classic_bike,2021-09-26 13:53:56,2021-09-26 14:29:41,Madison Ave & E 82 St,7188,E 81 St & 3 Ave,7154,40.7781314,-73.96069399,40.77573034,-73.9567526,casual
983526,066A1F775C5BBD25,classic_bike,2021-09-19 15:11:48,2021-09-19 15:14:26,Madison Ave & E 82 St,7188,E 81 St & 3 Ave,7154,40.7781314,-73.96069399,40.77573034,-73.9567526,member
983538,C5E61C9F9D494505,classic_bike,2021-09-16 22:03:14,2021-09-16 22:29:24,Madison Ave & E 82 St,7188,University Pl & E 8 St,5755,40.7781314,-73.96069399,40.73143724085228,-73.99490341544151,member
983554,0B0D0200F1337E07,classic_bike,2021-09-18 16:36:46,2021-09-18 17:17:54,Madison Ave & E 82 St,7188,E 81 St & 3 Ave,7154,40.7781314,-73.96069399,40.77573034,-73.9567526,member
983560,6C70B1BE3A47CD39,classic_bike,2021-09-26 13:53:30,2021-09-26 14:31:10,Madison Ave & E 82 St,7188,E 81 St & 3 Ave,7154,40.7781314,-73.96069399,40.77573034,-73.9567526,casual
983570,5FF8869FFDEEBA31,classic_bike,2021-09-12 10:52:44,2021-09-12 10:56:20,Madison Ave & E 82 St,7188,E 81 St & 3 Ave,7154,40.7781314,-73.96069399,40.77573034,-73.9567526,member
983622,848DDDB4CFB70AA5,classic_bike,2021-09-27 15:05:36,2021-09-27 15:09:00,Madison Ave & E 82 St,7188,E 81 St & 3 Ave,7154,40.7781314,-73.96069399,40.77573034,-73.9567526,member
983630,0B35816F31472108,electric_bike,2021-09-25 02:35:11,2021-09-25 03:06:40,Madison Ave & E 82 St,7188,E 81 St & 3 Ave,7154,40.7781314,-73.96069399,40.77573034,-73.9567526,casual
983648,4CEAC0872916ABB2,classic_bike,2021-09-18 16:36:06,2021-09-18 17:17:54,Madison Ave & E 82 St,7188,E 81 St & 3 Ave,7154,40.7781314,-73.96069399,40.77573034,-73.9567526,member
983722,6954B5ABB7C82465,electric_bike,2021-09-18 14:48:28,2021-09-18 15:08:52,Madison Ave & E 82 St,7188,E 81 St & 3 Ave,7154,40.7781314,-73.96069399,40.77573034,-73.9567526,member
987360,76EE70ACC3A812A7,classic_bike,2021-09-25 21:00:53,2021-09-25 21:03:48,E 81 St & Park Ave,7188,E 81 St & 3 Ave,7154,40.77677702,-73.9590097,40.77573034,-73.9567526,member
987363,FEDC87ABBEC32EEA,classic_bike,2021-09-11 14:23:04,2021-09-11 14:36:35,E 81 St & Park Ave,7188,E 81 St & 3 Ave,7154,40.77677702,-73.9590097,40.77573034,-73.9567526,casual
987376,92C65C1B639CC431,electric_bike,2021-09-11 08:59:59,2021-09-11 09:00:59,E 81 St & Park Ave,7188,E 81 St & 3 Ave,7154,40.77677702,-73.9590097,40.77573034,-73.9567526,member
987415,D20EB8CDD5A8EB36,classic_bike,2021-09-14 18:51:35,2021-09-14 18:53:52,E 81 St & Park Ave,7188,E 81 St & 3 Ave,7154,40.77677702,-73.9590097,40.77573034,-73.9567526,member
987420,2A5EF0B30930DA5A,classic_bike,2021-09-11 17:53:12,2021-09-11 17:56:21,E 81 St & Park Ave,7188,E 81 St & 3 Ave,7154,40.77677702,-73.9590097,40.77573034,-73.9567526,member
988789,30EDF933A38F5655,classic_bike,2021-09-15 14:37:29,2021-09-15 14:38:56,E 81 St & Park Ave,7188,E 81 St & 3 Ave,7154,40.77677702,-73.9590097,40.77573034,-73.9567526,member
1005165,CC74B78D36E46F71,electric_bike,2021-09-27 14:35:54,2021-09-27 14:40:45,Madison Ave & E 82 St,7188,E 81 St & 3 Ave,7154,40.7781314,-73.96069399,40.77573034,-73.9567526,member
1005213,40241BCF2CAB0374,electric_bike,2021-09-30 18:11:39,2021-09-30 18:40:30,Madison Ave & E 82 St,7188,12 Ave & W 125 St,7886,40.7781314,-73.96069399,40.818299,-73.960405,member
1005239,D7529AFFA80D5D24,electric_bike,2021-09-15 13:56:48,2021-09-15 14:02:22,Madison Ave & E 82 St,7188,E 81 St & 3 Ave,7154,40.7781314,-73.96069399,40.77573034,-73.9567526,member
1005249,4E9A01D65E7A8EDB,electric_bike,2021-09-19 04:06:23,2021-09-19 04:29:40,Madison Ave & E 82 St,7188,University Pl & E 8 St,5755,40.7781314,-73.96069399,40.73143724085228,-73.99490341544151,casual
1005251,9010134B987B8E86,electric_bike,2021-09-27 16:39:00,2021-09-27 17:18:46,Madison Ave & E 82 St,7188,E 81 St & 3 Ave,7154,40.7781314,-73.96069399,40.77573034,-73.9567526,casual
1005345,9AF2926A4BD33F19,classic_bike,2021-09-18 09:06:02,2021-09-18 10:03:20,Madison Ave & E 82 St,7188,E 81 St & 3 Ave,7154,40.7781314,-73.96069399,40.77573034,-73.9567526,casual
1005361,79E1C6E437F6B71A,classic_bike,2021-09-17 14:23:29,2021-09-17 14:34:16,Madison Ave & E 82 St,7188,E 81 St & 3 Ave,7154,40.7781314,-73.96069399,40.77573034,-73.9567526,member
1005377,4DFC031028FA1067,classic_bike,2021-09-18 19:04:45,2021-09-18 19:08:50,Madison Ave & E 82 St,7188,E 81 St & 3 Ave,7154,40.7781314,-73.96069399,40.77573034,-73.9567526,member
1005405,E2F7384509CB0F83,classic_bike,2021-09-09 16:19:40,2021-09-09 16:23:43,Madison Ave & E 82 St,7188,E 81 St & 3 Ave,7154,40.7781314,-73.96069399,40.77573034,-73.9567526,member
1005413,36A97C29DC1A012F,electric_bike,2021-09-02 12:05:43,2021-09-02 12:08:55,Madison Ave & E 82 St,7188,E 81 St & 3 Ave,7154,40.7781314,-73.96069399,40.77573034,-73.9567526,member
1005415,57C6FAA77798EEF0,electric_bike,2021-09-06 12:51:31,2021-09-07 06:39:02,Madison Ave & E 82 St,7188,S 4 St & Rodney St,5156,40.7781314,-73.96069399,40.70934,-73.95608,casual
1007663,60ED8604C54BCFE2,classic_bike,2021-09-22 15:20:01,2021-09-22 15:21:16,E 81 St & Park Ave,7188,E 81 St & 3 Ave,7154,40.77677702,-73.9590097,40.77573034,-73.9567526,member
1007668,7598F8FEDECD8D4E,electric_bike,2021-09-26 10:56:57,2021-09-26 12:13:30,E 81 St & Park Ave,7188,E 81 St & 3 Ave,7154,40.77677702,-73.9590097,40.77573034,-73.9567526,member
1007795,5F0FC56191BBE268,classic_bike,2021-09-26 17:13:51,2021-09-26 17:16:50,Madison Ave & E 82 St,7188,E 81 St & 3 Ave,7154,40.7781314,-73.96069399,40.77573034,-73.9567526,member
1008423,C4162ED96B40AC9E,classic_bike,2021-09-26 13:57:06,2021-09-26 14:31:29,Madison Ave & E 82 St,7188,E 81 St & 3 Ave,7154,40.7781314,-73.96069399,40.77573034,-73.9567526,casual
1009031,7D4B717856D4083B,classic_bike,2021-09-18 18:52:27,2021-09-18 18:53:42,E 81 St & Park Ave,7188,E 81 St & 3 Ave,7154,40.77677702,-73.9590097,40.77573034,-73.9567526,member
1009054,E1490C09F2639D22,classic_bike,2021-09-11 13:28:27,2021-09-11 13:29:42,E 81 St & Park Ave,7188,E 81 St & 3 Ave,7154,40.77677702,-73.9590097,40.77573034,-73.9567526,member
1009056,02C079D538C20823,classic_bike,2021-09-28 15:25:34,2021-09-28 15:27:55,E 81 St & Park Ave,7188,E 81 St & 3 Ave,7154,40.77677702,-73.9590097,40.77573034,-73.9567526,member
1012727,134CA0957281D47E,classic_bike,2021-09-24 13:34:02,2021-09-24 13:50:24,Madison Ave & E 82 St,7188,W 113 St & Broadway,7713,40.7781314,-73.96069399,40.805973,-73.964928,casual
1013171,F7676611D09BFEEF,classic_bike,2021-09-18 14:52:08,2021-09-18 15:51:18,E 81 St & Park Ave,7188,Kent Ave & N 7 St,5489,40.77677702,-73.9590097,40.72036775298455,-73.96165072917938,casual
1014470,FFB1AD46AAAA6856,classic_bike,2021-09-04 16:02:42,2021-09-04 16:18:01,Madison Ave & E 82 St,7188,E 47 St & Park Ave,6584,40.7781314,-73.96069399,40.75510267,-73.97498696,member
1014504,B7A31FBDEC3A8EF9,electric_bike,2021-09-18 14:05:24,2021-09-18 15:10:06,Madison Ave & E 82 St,7188,Kent Ave & N 7 St,5489,40.7781314,-73.96069399,40.72036775298455,-73.96165072917938,casual
1015950,E0D6C7C4A1A47B65,classic_bike,2021-09-20 17:51:47,2021-09-20 18:17:04,Madison Ave & E 82 St,7188,2 Ave & E 31 St,6197,40.7781314,-73.96069399,40.74290902,-73.97706058,member
1021080,6EA5C43CD891F07F,classic_bike,2021-09-25 11:35:49,2021-09-25 11:51:02,Madison Ave & E 82 St,7188,E 47 St & Park Ave,6584,40.7781314,-73.96069399,40.75510267,-73.97498696,casual
1021176,33FF4FE508E53F8E,electric_bike,2021-09-18 12:55:48,2021-09-18 13:12:35,Madison Ave & E 82 St,7188,Lexington Ave & E 26 St,6089,40.7781314,-73.96069399,40.741459,-73.983293,casual
1021252,F07F4786C4C4187F,classic_bike,2021-09-01 16:34:00,2021-09-01 17:02:45,Madison Ave & E 82 St,7188,2 Ave & E 31 St,6197,40.7781314,-73.96069399,40.74290902,-73.97706058,member
1021253,652955C761704B12,classic_bike,2021-09-28 14:55:06,2021-09-28 15:19:03,Madison Ave & E 82 St,7188,E 47 St & Park Ave,6584,40.7781314,-73.96069399,40.75510267,-73.97498696,casual
1024449,505B592C08CD6514,classic_bike,2021-09-26 19:58:09,2021-09-26 20:09:16,E 81 St & Park Ave,7188,E 47 St & Park Ave,6584,40.77677702,-73.9590097,40.75510267,-73.97498696,member
1024451,5BB3F2328851F58C,classic_bike,2021-09-17 15:13:14,2021-09-17 15:28:20,E 81 St & Park Ave,7188,E 47 St & Park Ave,6584,40.77677702,-73.9590097,40.75510267,-73.97498696,member
1024751,D7B779ABCA41A3A8,electric_bike,2021-09-27 14:48:17,2021-09-27 15:10:42,Madison Ave & E 82 St,7188,2 Ave & E 31 St,6197,40.7781314,-73.96069399,40.74290902,-73.97706058,member
1024756,CABAAB37F657192A,electric_bike,2021-09-07 09:40:51,2021-09-07 10:04:27,Madison Ave & E 82 St,7188,E 27 St & 1 Ave,6004,40.7781314,-73.96069399,40.739445,-73.976806,member
1024762,2934962F9A5489A1,classic_bike,2021-09-24 17:18:44,2021-09-24 18:04:56,Madison Ave & E 82 St,7188,2 Ave & E 31 St,6197,40.7781314,-73.96069399,40.74290902,-73.97706058,member
1027318,FDACD0B31B56F814,electric_bike,2021-09-28 07:22:50,2021-09-28 07:34:16,Madison Ave & E 82 St,7188,E 47 St & Park Ave,6584,40.7781314,-73.96069399,40.75510267,-73.97498696,member
1027344,B89FD60EF847559C,electric_bike,2021-09-07 18:46:38,2021-09-07 19:26:08,Madison Ave & E 82 St,7188,E 47 St & Park Ave,6584,40.7781314,-73.96069399,40.75510267,-73.97498696,casual
1037157,6B71F39AAA75AEB2,classic_bike,2021-09-25 11:35:38,2021-09-25 11:51:03,Madison Ave & E 82 St,7188,E 47 St & Park Ave,6584,40.7781314,-73.96069399,40.75510267,-73.97498696,member
1037188,812742E42BF823B8,classic_bike,2021-09-17 19:02:47,2021-09-17 19:37:12,Madison Ave & E 82 St,7188,2 Ave & E 31 St,6197,40.7781314,-73.96069399,40.74290902,-73.97706058,member
1037190,8776E630CC96EA71,classic_bike,2021-09-29 07:37:05,2021-09-29 07:48:21,Madison Ave & E 82 St,7188,E 47 St & Park Ave,6584,40.7781314,-73.96069399,40.75510267,-73.97498696,member
1037213,77D720518BF44F21,classic_bike,2021-09-18 13:49:26,2021-09-18 14:19:20,Madison Ave & E 82 St,7188,2 Ave & E 31 St,6197,40.7781314,-73.96069399,40.74290902,-73.97706058,member
1037226,15EADC4500E6DAB8,classic_bike,2021-09-02 07:46:49,2021-09-02 08:01:12,Madison Ave & E 82 St,7188,E 47 St & Park Ave,6584,40.7781314,-73.96069399,40.75510267,-73.97498696,casual
1037253,08E464AA52D2174B,classic_bike,2021-09-27 07:29:31,2021-09-27 07:43:46,Madison Ave & E 82 St,7188,E 47 St & Park Ave,6584,40.7781314,-73.96069399,40.75510267,-73.97498696,member
1037266,7F42EB82895BC6D7,electric_bike,2021-09-08 07:53:55,2021-09-08 08:06:34,Madison Ave & E 82 St,7188,E 47 St & Park Ave,6584,40.7781314,-73.96069399,40.75510267,-73.97498696,member
1037312,EEBBBFED4F68250D,electric_bike,2021-09-14 18:44:45,2021-09-14 19:10:26,Madison Ave & E 82 St,7188,W 113 St & Broadway,7713,40.7781314,-73.96069399,40.805973,-73.964928,casual
1037322,6516F33E46B106E8,classic_bike,2021-09-07 18:45:27,2021-09-07 19:25:26,Madison Ave & E 82 St,7188,E 47 St & Park Ave,6584,40.7781314,-73.96069399,40.75510267,-73.97498696,casual
1039277,92CBBE1AEAFA26D0,electric_bike,2021-09-07 07:46:48,2021-09-07 07:58:48,Madison Ave & E 82 St,7188,E 47 St & Park Ave,6584,40.7781314,-73.96069399,40.75510267,-73.97498696,member
1039314,532178D95744E542,classic_bike,2021-09-01 08:49:30,2021-09-01 09:07:33,Madison Ave & E 82 St,7188,E 47 St & Park Ave,6584,40.7781314,-73.96069399,40.75510267,-73.97498696,casual
1039317,32BA3764EE254B8E,electric_bike,2021-09-11 16:59:22,2021-09-11 17:18:38,Madison Ave & E 82 St,7188,W 113 St & Broadway,7713,40.7781314,-73.96069399,40.805973,-73.964928,casual
1041282,D015303138E50549,electric_bike,2021-09-12 18:10:27,2021-09-12 19:01:49,E 81 St & Park Ave,7188,W 113 St & Broadway,7713,40.77677702,-73.9590097,40.805973,-73.964928,member
1041287,6332E1CC4DBCB4B7,classic_bike,2021-09-28 08:08:37,2021-09-28 08:23:21,E 81 St & Park Ave,7188,E 47 St & Park Ave,6584,40.77677702,-73.9590097,40.75510267,-73.97498696,member
1041290,AA54EF282A05D899,electric_bike,2021-09-12 18:10:09,2021-09-12 19:02:15,E 81 St & Park Ave,7188,W 113 St & Broadway,7713,40.77677702,-73.9590097,40.805973,-73.964928,casual
1043931,C869AC15690AFE58,electric_bike,2021-09-05 13:23:10,2021-09-05 13:35:22,Madison Ave & E 82 St,7188,E 47 St & Park Ave,6584,40.7781314,-73.96069399,40.75510267,-73.97498696,member
1043982,30575AB82C2E3277,classic_bike,2021-09-07 18:45:13,2021-09-07 19:24:57,Madison Ave & E 82 St,7188,E 47 St & Park Ave,6584,40.7781314,-73.96069399,40.75510267,-73.97498696,casual
1044543,FC67469A31456971,classic_bike,2021-09-15 07:34:54,2021-09-15 07:50:07,Madison Ave & E 82 St,7188,E 47 St & Park Ave,6584,40.7781314,-73.96069399,40.75510267,-73.97498696,casual
1045472,8CAF06DEA4D56DE5,classic_bike,2021-09-16 18:48:05,2021-09-16 19:07:39,E 81 St & Park Ave,7188,E 47 St & Park Ave,6584,40.77677702,-73.9590097,40.75510267,-73.97498696,member
1046515,035D4D3B4D708E09,classic_bike,2021-09-27 06:45:08,2021-09-27 06:58:08,E 81 St & Park Ave,7188,E 47 St & Park Ave,6584,40.77677702,-73.9590097,40.75510267,-73.97498696,casual
1048631,002B031985FDA620,electric_bike,2021-09-27 11:08:10,2021-09-27 11:55:20,Madison Ave & E 82 St,7188,Cliff St & Fulton St,5065,40.7781314,-73.96069399,40.70838,-74.00495,casual
1049378,5A4887908C1C7739,electric_bike,2021-09-02 13:11:31,2021-09-02 13:23:23,E 81 St & Park Ave,7188,Frederick Douglass Blvd & W 112 St,7631,40.77677702,-73.9590097,40.801694,-73.957145,casual
1050745,F25ACCDE37BC08B9,classic_bike,2021-09-26 15:15:16,2021-09-26 15:28:42,Madison Ave & E 82 St,7188,Frederick Douglass Blvd & W 112 St,7631,40.7781314,-73.96069399,40.801694,-73.957145,member
1052157,3C17168C46943AE4,electric_bike,2021-09-05 14:30:58,2021-09-05 14:43:32,E 81 St & Park Ave,7188,Frederick Douglass Blvd & W 112 St,7631,40.77677702,-73.9590097,40.801694,-73.957145,casual
1052162,CF317AC3118C53DC,classic_bike,2021-09-29 13:48:47,2021-09-29 13:59:36,E 81 St & Park Ave,7188,E 60 St & York Ave,6682,40.77677702,-73.9590097,40.759107,-73.959223,casual
1054098,CCB89C32AE691103,classic_bike,2021-09-21 16:16:22,2021-09-21 16:30:05,E 81 St & Park Ave,7188,Frederick Douglass Blvd & W 112 St,7631,40.77677702,-73.9590097,40.801694,-73.957145,member
1054154,B4F397CAA97FD791,docked_bike,2021-09-16 16:10:11,2021-09-16 16:32:22,Madison Ave & E 82 St,7188,Frederick Douglass Blvd & W 112 St,7631,40.778131,-73.960694,40.801694,-73.957145,casual
1054183,80D2EA6545F90D59,classic_bike,2021-09-18 16:02:49,2021-09-18 16:23:52,Madison Ave & E 82 St,7188,Frederick Douglass Blvd & W 112 St,7631,40.7781314,-73.96069399,40.801694,-73.957145,casual
1058059,DF58A7CB6446C449,classic_bike,2021-09-26 16:06:03,2021-09-26 16:20:32,Madison Ave & E 82 St,7188,Frederick Douglass Blvd & W 112 St,7631,40.7781314,-73.96069399,40.801694,-73.957145,member
1058603,DAD962750B2D639E,classic_bike,2021-09-18 16:02:24,2021-09-18 16:23:48,Madison Ave & E 82 St,7188,Frederick Douglass Blvd & W 112 St,7631,40.7781314,-73.96069399,40.801694,-73.957145,member
1058686,077D92C3143D7A3E,classic_bike,2021-09-12 12:19:16,2021-09-12 12:58:48,Madison Ave & E 82 St,7188,Frederick Douglass Blvd & W 112 St,7631,40.7781314,-73.96069399,40.801694,-73.957145,casual
1061231,1A176070445DA9BF,classic_bike,2021-09-23 16:11:02,2021-09-23 16:24:20,E 81 St & Park Ave,7188,Frederick Douglass Blvd & W 112 St,7631,40.77677702,-73.9590097,40.801694,-73.957145,member
1061237,99210B0F809C1EA8,classic_bike,2021-09-14 16:10:39,2021-09-14 16:24:29,E 81 St & Park Ave,7188,Frederick Douglass Blvd & W 112 St,7631,40.77677702,-73.9590097,40.801694,-73.957145,member
1062105,605781050D522D62,electric_bike,2021-09-02 12:10:15,2021-09-02 12:21:18,Madison Ave & E 82 St,7188,Frederick Douglass Blvd & W 112 St,7631,40.7781314,-73.96069399,40.801694,-73.957145,member
1062106,473CC7F7D4C56C0F,classic_bike,2021-09-10 16:04:37,2021-09-10 16:18:53,Madison Ave & E 82 St,7188,Frederick Douglass Blvd & W 112 St,7631,40.7781314,-73.96069399,40.801694,-73.957145,member
1062128,E182E239AC88D2F6,classic_bike,2021-09-19 15:02:19,2021-09-19 15:14:53,Madison Ave & E 82 St,7188,Frederick Douglass Blvd & W 112 St,7631,40.7781314,-73.96069399,40.801694,-73.957145,member
1062149,DB49866BC3E59923,classic_bike,2021-09-28 16:04:12,2021-09-28 16:18:05,Madison Ave & E 82 St,7188,Frederick Douglass Blvd & W 112 St,7631,40.7781314,-73.96069399,40.801694,-73.957145,member
1062199,60F12E8326870F91,classic_bike,2021-09-26 13:40:41,2021-09-26 14:00:14,Madison Ave & E 82 St,7188,Frederick Douglass Blvd & W 112 St,7631,40.7781314,-73.96069399,40.801694,-73.957145,member
1062201,6FFE36CD77C60D5D,classic_bike,2021-09-09 15:03:03,2021-09-09 15:43:02,Madison Ave & E 82 St,7188,Frederick Douglass Blvd & W 112 St,7631,40.7781314,-73.96069399,40.801694,-73.957145,casual
1064591,420FE9F96BD6BD22,classic_bike,2021-09-12 12:21:37,2021-09-12 12:58:53,Madison Ave & E 82 St,7188,Frederick Douglass Blvd & W 112 St,7631,40.7781314,-73.96069399,40.801694,-73.957145,casual
1064600,6A70818758223C53,classic_bike,2021-09-26 13:40:48,2021-09-26 14:00:18,Madison Ave & E 82 St,7188,Frederick Douglass Blvd & W 112 St,7631,40.7781314,-73.96069399,40.801694,-73.957145,member
1064603,AB080EDCEFC6066F,classic_bike,2021-09-17 16:04:49,2021-09-17 16:18:15,Madison Ave & E 82 St,7188,Frederick Douglass Blvd & W 112 St,7631,40.7781314,-73.96069399,40.801694,-73.957145,member
1064605,48DB46F94FE9A7F3,classic_bike,2021-09-30 16:04:18,2021-09-30 16:16:24,Madison Ave & E 82 St,7188,Frederick Douglass Blvd & W 112 St,7631,40.7781314,-73.96069399,40.801694,-73.957145,member
1064609,E5CA08402B555F4A,classic_bike,2021-09-10 17:49:54,2021-09-10 18:10:48,Madison Ave & E 82 St,7188,E 60 St & York Ave,6682,40.7781314,-73.96069399,40.759107,-73.959223,casual
1064611,C7EB7D933D6C7BFD,docked_bike,2021-09-16 16:09:32,2021-09-16 16:32:31,Madison Ave & E 82 St,7188,Frederick Douglass Blvd & W 112 St,7631,40.778131,-73.960694,40.801694,-73.957145,casual
1065648,59530B930B0C4577,classic_bike,2021-09-12 12:17:46,2021-09-12 12:58:43,Madison Ave & E 82 St,7188,Frederick Douglass Blvd & W 112 St,7631,40.7781314,-73.96069399,40.801694,-73.957145,casual
1065728,60625E82B9905EB1,classic_bike,2021-09-19 16:04:37,2021-09-19 16:20:55,Madison Ave & E 82 St,7188,Frederick Douglass Blvd & W 112 St,7631,40.7781314,-73.96069399,40.801694,-73.957145,member
1065729,01F12D63F5B7C732,classic_bike,2021-09-21 16:09:01,2021-09-21 16:23:38,Madison Ave & E 82 St,7188,Frederick Douglass Blvd & W 112 St,7631,40.7781314,-73.96069399,40.801694,-73.957145,member
1067027,574EF1F061FE1947,classic_bike,2021-09-05 22:55:38,2021-09-05 23:06:31,Madison Ave & E 82 St,7188,Adam Clayton Powell Blvd & W 115 St,7643,40.7781314,-73.96069399,40.802535,-73.9532423,member
1067028,1BC1B0BCD8F4DF5F,electric_bike,2021-09-04 07:45:29,2021-09-04 07:52:17,Madison Ave & E 82 St,7188,E 85 St & York Ave,7146,40.7781314,-73.96069399,40.77536905,-73.94803392,member
1071741,DDB24E4586FCB4AE,classic_bike,2021-09-27 17:38:02,2021-09-27 17:55:28,E 81 St & Park Ave,7188,E 85 St & York Ave,7146,40.77677702,-73.9590097,40.77536905,-73.94803392,member
1071761,74140F2F81164A33,classic_bike,2021-09-17 22:44:06,2021-09-17 22:59:47,E 81 St & Park Ave,7188,Adam Clayton Powell Blvd & W 115 St,7643,40.77677702,-73.9590097,40.802535,-73.9532423,member
1071762,A5FE533FA8BAE0B0,classic_bike,2021-09-01 00:53:18,2021-09-01 00:58:27,E 81 St & Park Ave,7188,E 85 St & York Ave,7146,40.77677702,-73.9590097,40.77536905,-73.94803392,member
1071763,73C49FBB46C02969,electric_bike,2021-09-10 17:13:34,2021-09-10 18:06:04,E 81 St & Park Ave,7188,E 85 St & York Ave,7146,40.77677702,-73.9590097,40.77536905,-73.94803392,member
1071770,FE029C7557178CEC,classic_bike,2021-09-16 00:49:17,2021-09-16 00:55:55,E 81 St & Park Ave,7188,E 85 St & York Ave,7146,40.77677702,-73.9590097,40.77536905,-73.94803392,casual
1071780,AB89FAEA86B2573D,classic_bike,2021-09-11 14:20:25,2021-09-11 14:57:54,E 81 St & Park Ave,7188,6 Ave & Broome St,5610,40.77677702,-73.9590097,40.72431,-74.00473,casual
1071781,232C2C65ABB97ABC,classic_bike,2021-09-25 17:52:14,2021-09-25 18:01:27,E 81 St & Park Ave,7188,E 66 St & Madison Ave,6969,40.77677702,-73.9590097,40.76800889305947,-73.96845281124115,casual
1071789,B77ECB81CAAB27A0,electric_bike,2021-09-19 14:59:42,2021-09-19 15:49:10,E 81 St & Park Ave,7188,E 85 St & York Ave,7146,40.77677702,-73.9590097,40.77536905,-73.94803392,member
1071796,75A83A34EAEB12CD,classic_bike,2021-09-30 13:05:06,2021-09-30 13:11:55,E 81 St & Park Ave,7188,E 85 St & York Ave,7146,40.77677702,-73.9590097,40.77536905,-73.94803392,member
1072537,C9529022779F3514,classic_bike,2021-09-02 14:48:09,2021-09-02 15:12:45,Madison Ave & E 82 St,7188,E 66 St & Madison Ave,6969,40.7781314,-73.96069399,40.76800889305947,-73.96845281124115,casual
1072619,A6F8DBFB7BF27A64,classic_bike,2021-09-03 11:14:06,2021-09-03 11:22:46,Madison Ave & E 82 St,7188,E 66 St & Madison Ave,6969,40.7781314,-73.96069399,40.76800889305947,-73.96845281124115,member
1072647,5A1905256C69C225,classic_bike,2021-09-03 08:23:47,2021-09-03 08:55:08,Madison Ave & E 82 St,7188,6 Ave & Broome St,5610,40.7781314,-73.96069399,40.72431,-74.00473,member
1079183,0B0DAFA247565197,electric_bike,2021-09-18 10:58:59,2021-09-18 11:15:24,Madison Ave & E 82 St,7188,Adam Clayton Powell Blvd & W 115 St,7643,40.7781314,-73.96069399,40.802535,-73.9532423,member
1079193,B542C90F6C3F4079,electric_bike,2021-09-30 15:33:26,2021-09-30 16:23:53,Madison Ave & E 82 St,7188,E 66 St & Madison Ave,6969,40.7781314,-73.96069399,40.76800889305947,-73.96845281124115,member
1079212,0C390DF3385EDF98,electric_bike,2021-09-05 08:24:04,2021-09-05 08:28:04,Madison Ave & E 82 St,7188,E 85 St & York Ave,7146,40.7781314,-73.96069399,40.77536905,-73.94803392,member
1079232,17D54B1F9BFCE00B,classic_bike,2021-09-13 07:56:57,2021-09-13 08:04:40,Madison Ave & E 82 St,7188,E 85 St & York Ave,7146,40.7781314,-73.96069399,40.77536905,-73.94803392,member
1079237,D6E716173669DECC,electric_bike,2021-09-18 11:00:03,2021-09-18 11:15:33,Madison Ave & E 82 St,7188,Adam Clayton Powell Blvd & W 115 St,7643,40.7781314,-73.96069399,40.802535,-73.9532423,casual
1079249,4FF64EC7D15A01A7,classic_bike,2021-09-26 15:47:19,2021-09-26 17:32:06,Madison Ave & E 82 St,7188,Knickerbocker Ave & Cooper St,4582,40.7781314,-73.96069399,40.69081,-73.90448,member
1079251,9A9FBE8385CED6FA,classic_bike,2021-09-02 14:47:28,2021-09-02 15:12:55,Madison Ave & E 82 St,7188,E 66 St & Madison Ave,6969,40.7781314,-73.96069399,40.76800889305947,-73.96845281124115,casual
1080176,A451D8349BFFA51C,classic_bike,2021-09-19 22:52:35,2021-09-19 23:05:03,Madison Ave & E 82 St,7188,Adam Clayton Powell Blvd & W 115 St,7643,40.7781314,-73.96069399,40.802535,-73.9532423,member
1080194,3358528EA49FF715,electric_bike,2021-09-19 14:59:43,2021-09-19 15:49:05,E 81 St & Park Ave,7188,E 85 St & York Ave,7146,40.77677702,-73.9590097,40.77536905,-73.94803392,member
1080197,6903B91A704EE79D,classic_bike,2021-09-02 14:48:55,2021-09-02 15:13:05,Madison Ave & E 82 St,7188,E 66 St & Madison Ave,6969,40.7781314,-73.96069399,40.76800889305947,-73.96845281124115,member
1080208,EE410573901EADFF,electric_bike,2021-09-29 13:52:00,2021-09-29 13:57:52,E 81 St & Park Ave,7188,E 66 St & Madison Ave,6969,40.77677702,-73.9590097,40.76800889305947,-73.96845281124115,member
1080210,599B75B87D1117BB,classic_bike,2021-09-15 11:11:01,2021-09-15 11:37:28,E 81 St & Park Ave,7188,E 66 St & Madison Ave,6969,40.77677702,-73.9590097,40.76800889305947,-73.96845281124115,casual
1080212,7D977331104C25AD,classic_bike,2021-09-26 23:23:10,2021-09-26 23:30:16,E 81 St & Park Ave,7188,E 66 St & Madison Ave,6969,40.77677702,-73.9590097,40.76800889305947,-73.96845281124115,casual
1080223,D0ACF9DC57007668,classic_bike,2021-09-26 22:53:31,2021-09-26 23:07:36,E 81 St & Park Ave,7188,Adam Clayton Powell Blvd & W 115 St,7643,40.77677702,-73.9590097,40.802535,-73.9532423,member
1080372,8E5AD4921FE8EAAA,electric_bike,2021-09-02 08:05:32,2021-09-02 08:14:38,Madison Ave & E 82 St,7188,E 66 St & Madison Ave,6969,40.7781314,-73.96069399,40.76800889305947,-73.96845281124115,member
1080373,7FE479267BA8DA3B,electric_bike,2021-09-22 10:59:23,2021-09-22 11:07:58,Madison Ave & E 82 St,7188,E 66 St & Madison Ave,6969,40.7781314,-73.96069399,40.76800889305947,-73.96845281124115,casual
1081050,F1A351B8E3F3C51D,classic_bike,2021-09-10 22:46:03,2021-09-10 22:59:36,E 81 St & Park Ave,7188,Adam Clayton Powell Blvd & W 115 St,7643,40.77677702,-73.9590097,40.802535,-73.9532423,member
1081051,42C68107C4C1A692,classic_bike,2021-09-24 22:52:25,2021-09-24 23:06:00,E 81 St & Park Ave,7188,Adam Clayton Powell Blvd & W 115 St,7643,40.77677702,-73.9590097,40.802535,-73.9532423,member
1081099,237493DCC48C2488,electric_bike,2021-09-27 11:48:36,2021-09-27 11:58:07,E 81 St & Park Ave,7188,E 66 St & Madison Ave,6969,40.77677702,-73.9590097,40.76800889305947,-73.96845281124115,member
1081100,F25BBEBFADD9C4CB,classic_bike,2021-09-03 23:08:50,2021-09-03 23:24:22,E 81 St & Park Ave,7188,Adam Clayton Powell Blvd & W 115 St,7643,40.77677702,-73.9590097,40.802535,-73.9532423,member
1081140,F2FF4BF163257200,classic_bike,2021-09-28 22:56:14,2021-09-28 23:09:27,E 81 St & Park Ave,7188,Adam Clayton Powell Blvd & W 115 St,7643,40.77677702,-73.9590097,40.802535,-73.9532423,member
1084376,60351A69238EB34C,classic_bike,2021-09-26 23:23:25,2021-09-26 23:30:46,E 81 St & Park Ave,7188,E 66 St & Madison Ave,6969,40.77677702,-73.9590097,40.76800889305947,-73.96845281124115,casual
1084379,742494800D9A7A8A,classic_bike,2021-09-21 11:32:21,2021-09-21 11:40:02,E 81 St & Park Ave,7188,E 66 St & Madison Ave,6969,40.77677702,-73.9590097,40.76800889305947,-73.96845281124115,member
1085112,FC8CBB1D7EAA5974,classic_bike,2021-09-25 16:28:58,2021-09-25 16:35:58,Madison Ave & E 82 St,7188,E 85 St & York Ave,7146,40.7781314,-73.96069399,40.77536905,-73.94803392,member
1085130,A88E376E2BC2586D,classic_bike,2021-09-18 13:35:02,2021-09-18 13:43:55,Madison Ave & E 82 St,7188,E 85 St & York Ave,7146,40.7781314,-73.96069399,40.77536905,-73.94803392,member
1085134,EE8CB27AE8D77771,classic_bike,2021-09-08 11:58:11,2021-09-08 12:04:42,Madison Ave & E 82 St,7188,E 85 St & York Ave,7146,40.7781314,-73.96069399,40.77536905,-73.94803392,member
1085158,51515462AB73353A,classic_bike,2021-09-06 07:55:20,2021-09-06 08:00:50,Madison Ave & E 82 St,7188,E 85 St & York Ave,7146,40.7781314,-73.96069399,40.77536905,-73.94803392,member
1085168,E913A2F3F5DBE9FE,classic_bike,2021-09-04 06:46:11,2021-09-04 06:51:26,Madison Ave & E 82 St,7188,E 66 St & Madison Ave,6969,40.7781314,-73.96069399,40.76800889305947,-73.96845281124115,member
1085180,9F18F039A3BC512C,classic_bike,2021-09-02 14:47:40,2021-09-02 15:13:27,Madison Ave & E 82 St,7188,E 66 St & Madison Ave,6969,40.7781314,-73.96069399,40.76800889305947,-73.96845281124115,casual
1085185,4E44A5E5ED636FAF,classic_bike,2021-09-29 12:47:13,2021-09-29 13:08:56,Madison Ave & E 82 St,7188,Adam Clayton Powell Blvd & W 115 St,7643,40.7781314,-73.96069399,40.802535,-73.9532423,casual
1085815,D6BBF804229797DF,classic_bike,2021-09-21 13:16:47,2021-09-21 13:23:41,Madison Ave & E 82 St,7188,E 85 St & York Ave,7146,40.7781314,-73.96069399,40.77536905,-73.94803392,member
1085816,8B4594290D33EE06,classic_bike,2021-09-08 11:55:16,2021-09-08 12:04:45,Madison Ave & E 82 St,7188,E 66 St & Madison Ave,6969,40.7781314,-73.96069399,40.76800889305947,-73.96845281124115,member
1086174,70F3B56E953C32DD,electric_bike,2021-09-30 16:38:03,2021-09-30 17:05:52,E 81 St & Park Ave,7188,E 118 St & 3 Ave,7611,40.77677702,-73.9590097,40.799139,-73.9389152,casual
1093842,48C6880736A7002C,classic_bike,2021-09-13 17:42:47,2021-09-13 17:58:30,E 81 St & Park Ave,7188,E 118 St & 3 Ave,7611,40.77677702,-73.9590097,40.799139,-73.9389152,member
1093945,37AA14D79F7B6F3C,classic_bike,2021-09-30 16:33:47,2021-09-30 17:05:38,E 81 St & Park Ave,7188,E 118 St & 3 Ave,7611,40.77677702,-73.9590097,40.799139,-73.9389152,casual
1099366,472469ACEDF43E5E,electric_bike,2021-09-26 14:49:53,2021-09-26 15:03:46,Madison Ave & E 82 St,7188,E 118 St & 3 Ave,7611,40.7781314,-73.96069399,40.799139,-73.9389152,casual
1099428,D20605DF9DFCCDE2,classic_bike,2021-09-06 19:53:13,2021-09-06 20:15:56,Madison Ave & E 82 St,7188,E 50 St & Park Ave,6659,40.7781314,-73.96069399,40.757334,-73.974235,casual
1099503,68220BF25C643F0C,classic_bike,2021-09-22 11:35:43,2021-09-22 11:52:30,Madison Ave & E 82 St,7188,E 118 St & 3 Ave,7611,40.7781314,-73.96069399,40.799139,-73.9389152,member
1099596,B4B7EE0857127317,electric_bike,2021-09-22 09:25:18,2021-09-22 10:06:16,Madison Ave & E 82 St,7188,Centre St & Worth St,5279,40.7781314,-73.96069399,40.71494807,-74.00234482,member
1101280,8C3496555028C9C2,classic_bike,2021-09-14 07:27:42,2021-09-14 07:50:24,E 81 St & Park Ave,7188,E 50 St & Park Ave,6659,40.77677702,-73.9590097,40.757334,-73.974235,member
1108693,2EC2BF02105858D9,classic_bike,2021-09-17 16:25:07,2021-09-17 16:33:10,Madison Ave & E 82 St,7188,W 89 St & Columbus Ave,7432,40.7781314,-73.96069399,40.7882213,-73.97041561,member
1108700,1B3F5363F5822374,electric_bike,2021-09-12 13:53:12,2021-09-12 15:08:32,Madison Ave & E 82 St,7188,Ditmars Blvd & 19 St,7291,40.7781314,-73.96069399,40.78145,-73.9183302,casual
1108704,26064CF998230F4A,classic_bike,2021-09-17 14:47:51,2021-09-17 14:53:15,Madison Ave & E 82 St,7188,E 91 St & Park Ave,7344,40.7781314,-73.96069399,40.7835016,-73.955327,member
1108734,4C6C6E67FBFC55D2,classic_bike,2021-09-26 15:38:32,2021-09-26 15:44:36,Madison Ave & E 82 St,7188,E 91 St & Park Ave,7344,40.7781314,-73.96069399,40.7835016,-73.955327,member
1108801,6AA60DCA29F4F0A5,classic_bike,2021-09-02 14:17:11,2021-09-02 15:08:15,Madison Ave & E 82 St,7188,Norfolk St & Broome St,5374,40.7781314,-73.96069399,40.7172274,-73.98802084,casual
1108841,01595E1E654B08ED,classic_bike,2021-09-14 20:30:35,2021-09-14 20:35:08,Madison Ave & E 82 St,7188,E 91 St & Park Ave,7344,40.7781314,-73.96069399,40.7835016,-73.955327,casual
1111112,12857C6D6D323A09,classic_bike,2021-09-14 14:10:55,2021-09-14 14:21:33,E 81 St & Park Ave,7188,W 89 St & Columbus Ave,7432,40.77677702,-73.9590097,40.7882213,-73.97041561,member
1111119,516D11028F95DAE5,classic_bike,2021-09-17 17:11:20,2021-09-17 17:15:34,E 81 St & Park Ave,7188,E 91 St & Park Ave,7344,40.77677702,-73.9590097,40.7835016,-73.955327,member
1111125,25D95C8F85C73CE5,classic_bike,2021-09-11 11:53:58,2021-09-11 12:06:57,E 81 St & Park Ave,7188,E 91 St & Park Ave,7344,40.77677702,-73.9590097,40.7835016,-73.955327,member
1112431,FDCBB37BE218D78D,electric_bike,2021-09-11 07:55:42,2021-09-11 07:59:07,E 81 St & Park Ave,7188,E 91 St & Park Ave,7344,40.77677702,-73.9590097,40.7835016,-73.955327,member
1112432,5D702EF82F0075BF,classic_bike,2021-09-14 01:01:48,2021-09-14 01:36:34,E 81 St & Park Ave,7188,Norfolk St & Broome St,5374,40.77677702,-73.9590097,40.7172274,-73.98802084,casual
1114502,693FF396013E9430,classic_bike,2021-09-20 18:20:50,2021-09-20 18:26:21,E 81 St & Park Ave,7188,E 91 St & Park Ave,7344,40.77677702,-73.9590097,40.7835016,-73.955327,member
1114533,5E6DC55E8113C470,classic_bike,2021-09-21 13:31:56,2021-09-21 13:36:19,E 81 St & Park Ave,7188,E 91 St & Park Ave,7344,40.77677702,-73.9590097,40.7835016,-73.955327,member
1114536,5C3868DC3C7AF00B,classic_bike,2021-09-24 11:58:55,2021-09-24 12:02:46,E 81 St & Park Ave,7188,E 91 St & Park Ave,7344,40.77677702,-73.9590097,40.7835016,-73.955327,member
1122175,1DF3E23AB76A8AE0,electric_bike,2021-09-04 13:50:25,2021-09-04 14:01:13,Madison Ave & E 82 St,7188,E 91 St & Park Ave,7344,40.7781314,-73.96069399,40.7835016,-73.955327,casual
1122625,7E852B73DC428C18,electric_bike,2021-09-08 08:27:47,2021-09-08 08:31:25,Madison Ave & E 82 St,7188,E 91 St & Park Ave,7344,40.7781314,-73.96069399,40.7835016,-73.955327,member
1122680,55ECD6BBEECAE585,classic_bike,2021-09-22 07:28:29,2021-09-22 07:54:43,Madison Ave & E 82 St,7188,E 16 St & 5 Ave,6022,40.7781314,-73.96069399,40.73726186,-73.99238967,member
1122955,7F31BDC7F22CEB7B,electric_bike,2021-09-11 21:09:47,2021-09-11 22:12:52,Madison Ave & E 82 St,7188,St Marks Pl & 2 Ave,5669,40.7781314,-73.96069399,40.7284186,-73.98713956,member
1122957,F9A3B932B21BC515,electric_bike,2021-09-30 19:51:42,2021-09-30 20:16:36,Madison Ave & E 82 St,7188,E 91 St & Park Ave,7344,40.7781314,-73.96069399,40.7835016,-73.955327,member
1123995,4C247BD97929C42C,classic_bike,2021-09-11 17:16:13,2021-09-11 17:39:39,Madison Ave & E 82 St,7188,W 89 St & Columbus Ave,7432,40.7781314,-73.96069399,40.7882213,-73.97041561,member
1124000,867ECCCEC8A7EC4F,classic_bike,2021-09-04 13:53:08,2021-09-04 13:57:16,Madison Ave & E 82 St,7188,E 91 St & Park Ave,7344,40.7781314,-73.96069399,40.7835016,-73.955327,member
1124001,8AB87A5C2833FD58,electric_bike,2021-09-11 16:46:34,2021-09-11 16:51:27,Madison Ave & E 82 St,7188,E 91 St & Park Ave,7344,40.7781314,-73.96069399,40.7835016,-73.955327,member
1124008,20CC3F62B55E6BB1,classic_bike,2021-09-30 13:49:52,2021-09-30 13:56:12,Madison Ave & E 82 St,7188,E 91 St & Park Ave,7344,40.7781314,-73.96069399,40.7835016,-73.955327,member
1124604,8403A316D56BB981,classic_bike,2021-09-14 14:16:13,2021-09-14 14:21:46,E 81 St & Park Ave,7188,E 91 St & Park Ave,7344,40.77677702,-73.9590097,40.7835016,-73.955327,casual
1124606,7E0722FB138C417F,classic_bike,2021-09-09 07:13:19,2021-09-09 07:40:38,E 81 St & Park Ave,7188,E 16 St & 5 Ave,6022,40.77677702,-73.9590097,40.73726186,-73.99238967,member
1124623,313E99AB29515E70,classic_bike,2021-09-15 16:11:58,2021-09-15 16:14:58,E 81 St & Park Ave,7188,E 91 St & Park Ave,7344,40.77677702,-73.9590097,40.7835016,-73.955327,member
1124628,59272EA78E9EFB54,electric_bike,2021-09-16 04:32:17,2021-09-16 04:39:58,E 81 St & Park Ave,7188,W 89 St & Columbus Ave,7432,40.77677702,-73.9590097,40.7882213,-73.97041561,member
1124631,B942B59ABB900614,classic_bike,2021-09-27 14:11:35,2021-09-27 14:21:31,E 81 St & Park Ave,7188,W 89 St & Columbus Ave,7432,40.77677702,-73.9590097,40.7882213,-73.97041561,member
1124646,83693D6D262D81AD,classic_bike,2021-09-02 07:22:38,2021-09-02 07:45:16,E 81 St & Park Ave,7188,E 16 St & 5 Ave,6022,40.77677702,-73.9590097,40.73726186,-73.99238967,member
1124647,4E2995FB5BCFB3C0,classic_bike,2021-09-09 17:16:24,2021-09-09 17:20:57,E 81 St & Park Ave,7188,E 91 St & Park Ave,7344,40.77677702,-73.9590097,40.7835016,-73.955327,member
1143913,B8FF0751D3D44EDB,electric_bike,2021-09-21 10:10:48,2021-09-21 10:18:41,Madison Ave & E 82 St,7188,E 91 St & Park Ave,7344,40.7781314,-73.96069399,40.7835016,-73.955327,member
1143955,1A11393143EAF1D5,classic_bike,2021-09-21 19:27:24,2021-09-21 19:40:01,Madison Ave & E 82 St,7188,W 89 St & Columbus Ave,7432,40.7781314,-73.96069399,40.7882213,-73.97041561,casual
1143974,13830BB94DAB24B6,classic_bike,2021-09-20 14:02:24,2021-09-20 14:08:27,Madison Ave & E 82 St,7188,E 91 St & Park Ave,7344,40.7781314,-73.96069399,40.7835016,-73.955327,casual
1143999,B125203D1130A3BC,classic_bike,2021-09-15 12:50:07,2021-09-15 12:58:57,Madison Ave & E 82 St,7188,E 91 St & Park Ave,7344,40.7781314,-73.96069399,40.7835016,-73.955327,member
1144000,4B5DD66CC6E86D90,classic_bike,2021-09-16 12:13:22,2021-09-16 12:16:56,Madison Ave & E 82 St,7188,E 91 St & Park Ave,7344,40.7781314,-73.96069399,40.7835016,-73.955327,member
1144001,DAB08BF8BC5C23E3,docked_bike,2021-09-06 12:49:09,2021-09-06 14:45:13,Madison Ave & E 82 St,7188,E 91 St & Park Ave,7344,40.778131,-73.960694,40.783502,-73.955327,casual
1144029,F206BA83A3A7DA5E,electric_bike,2021-09-11 12:58:21,2021-09-11 13:02:18,Madison Ave & E 82 St,7188,E 91 St & Park Ave,7344,40.7781314,-73.96069399,40.7835016,-73.955327,member
1144037,3CF0903FDECCBF97,electric_bike,2021-09-25 12:34:26,2021-09-25 13:14:28,Madison Ave & E 82 St,7188,St Marks Pl & 2 Ave,5669,40.7781314,-73.96069399,40.7284186,-73.98713956,casual
1144040,2BD2FE201E858B0B,electric_bike,2021-09-13 23:44:03,2021-09-13 23:46:56,Madison Ave & E 82 St,7188,E 91 St & Park Ave,7344,40.7781314,-73.96069399,40.7835016,-73.955327,casual
1144041,B261718C358E82C9,electric_bike,2021-09-14 19:54:17,2021-09-14 19:57:03,Madison Ave & E 82 St,7188,E 91 St & Park Ave,7344,40.7781314,-73.96069399,40.7835016,-73.955327,casual
1145882,BAEA8F203631FCCD,classic_bike,2021-09-04 11:39:01,2021-09-04 12:00:08,Madison Ave & E 82 St,7188,W 89 St & Columbus Ave,7432,40.7781314,-73.96069399,40.7882213,-73.97041561,member
1145883,47FA757D1FE00408,classic_bike,2021-09-14 21:32:11,2021-09-14 21:42:06,Madison Ave & E 82 St,7188,W 89 St & Columbus Ave,7432,40.7781314,-73.96069399,40.7882213,-73.97041561,member
1145899,FA35F1D2193667CA,electric_bike,2021-09-25 14:07:42,2021-09-25 15:10:54,Madison Ave & E 82 St,7188,W 89 St & Columbus Ave,7432,40.7781314,-73.96069399,40.7882213,-73.97041561,member
1145990,A8607A765F4DCE76,electric_bike,2021-09-08 18:24:53,2021-09-08 18:42:49,Madison Ave & E 82 St,7188,W 89 St & Columbus Ave,7432,40.7781314,-73.96069399,40.7882213,-73.97041561,member
1146075,56E688D9D5E76916,classic_bike,2021-09-20 12:00:51,2021-09-20 12:05:55,Madison Ave & E 82 St,7188,E 91 St & Park Ave,7344,40.7781314,-73.96069399,40.7835016,-73.955327,member
1146076,1FDA6BCD18B7EF25,classic_bike,2021-09-02 21:04:32,2021-09-02 21:13:24,Madison Ave & E 82 St,7188,W 89 St & Columbus Ave,7432,40.7781314,-73.96069399,40.7882213,-73.97041561,member
1146079,561827B9CB057228,classic_bike,2021-09-14 18:54:34,2021-09-14 18:58:58,Madison Ave & E 82 St,7188,E 91 St & Park Ave,7344,40.7781314,-73.96069399,40.7835016,-73.955327,member
1146688,739370644CB0A860,electric_bike,2021-09-28 13:04:41,2021-09-28 13:09:07,E 81 St & Park Ave,7188,E 91 St & Park Ave,7344,40.77677702,-73.9590097,40.7835016,-73.955327,member
1146696,BB13B9CEABB7B947,classic_bike,2021-09-26 16:35:47,2021-09-26 16:42:18,E 81 St & Park Ave,7188,E 91 St & Park Ave,7344,40.77677702,-73.9590097,40.7835016,-73.955327,casual
1146697,DCDDDE7C23EE6DA8,electric_bike,2021-09-14 14:55:19,2021-09-14 14:59:09,E 81 St & Park Ave,7188,E 91 St & Park Ave,7344,40.77677702,-73.9590097,40.7835016,-73.955327,member
1146698,DF98CEB922BFDC18,classic_bike,2021-09-12 17:05:45,2021-09-12 17:11:02,E 81 St & Park Ave,7188,E 91 St & Park Ave,7344,40.77677702,-73.9590097,40.7835016,-73.955327,member
1146701,B409FDE8A706DD12,classic_bike,2021-09-26 14:49:05,2021-09-26 15:13:56,E 81 St & Park Ave,7188,St Marks Pl & 2 Ave,5669,40.77677702,-73.9590097,40.7284186,-73.98713956,member
1149031,DE12485B3B0F83A3,electric_bike,2021-09-09 18:02:43,2021-09-09 18:18:33,Madison Ave & E 82 St,7188,W 89 St & Columbus Ave,7432,40.7781314,-73.96069399,40.7882213,-73.97041561,member
1150718,56522956024A3429,classic_bike,2021-09-04 12:04:54,2021-09-04 12:30:52,E 81 St & Park Ave,7188,E 16 St & 5 Ave,6022,40.77677702,-73.9590097,40.73726186,-73.99238967,member
1150729,8788DF27B0F7A7D1,classic_bike,2021-09-08 16:07:09,2021-09-08 16:15:01,E 81 St & Park Ave,7188,E 91 St & Park Ave,7344,40.77677702,-73.9590097,40.7835016,-73.955327,member
1150730,913D3A0C2229DE1D,electric_bike,2021-09-09 11:28:55,2021-09-09 11:34:18,E 81 St & Park Ave,7188,E 91 St & Park Ave,7344,40.77677702,-73.9590097,40.7835016,-73.955327,member
1150735,CC90CE618EB4A62F,classic_bike,2021-09-17 16:34:17,2021-09-17 16:38:11,E 81 St & Park Ave,7188,E 91 St & Park Ave,7344,40.77677702,-73.9590097,40.7835016,-73.955327,member
1151113,ED2B1F9023F9930C,electric_bike,2021-09-03 08:54:02,2021-09-03 08:57:42,Madison Ave & E 82 St,7188,E 91 St & Park Ave,7344,40.7781314,-73.96069399,40.7835016,-73.955327,member
1151127,8A2407590F41E10F,classic_bike,2021-09-22 12:00:45,2021-09-22 12:04:34,Madison Ave & E 82 St,7188,E 91 St & Park Ave,7344,40.7781314,-73.96069399,40.7835016,-73.955327,member
1151133,23EA5ACEA990957F,classic_bike,2021-09-18 20:52:46,2021-09-18 20:57:08,Madison Ave & E 82 St,7188,E 91 St & Park Ave,7344,40.7781314,-73.96069399,40.7835016,-73.955327,casual
1151749,B048322B87E3B613,classic_bike,2021-09-21 14:57:29,2021-09-21 15:04:17,E 81 St & Park Ave,7188,E 91 St & Park Ave,7344,40.77677702,-73.9590097,40.7835016,-73.955327,member
1151755,CE172592D3CF7E0C,classic_bike,2021-09-28 16:30:13,2021-09-28 16:36:10,E 81 St & Park Ave,7188,E 91 St & Park Ave,7344,40.77677702,-73.9590097,40.7835016,-73.955327,member
1151756,7CB97EB77DB33D57,classic_bike,2021-09-20 16:48:42,2021-09-20 16:52:40,E 81 St & Park Ave,7188,E 91 St & Park Ave,7344,40.77677702,-73.9590097,40.7835016,-73.955327,member
1155760,88D3BCF171C7ECA3,electric_bike,2021-09-04 21:29:41,2021-09-04 21:37:06,Madison Ave & E 82 St,7188,E 115 St & Madison Ave,7599,40.7781314,-73.96069399,40.7989445,-73.944846,member
1155946,2D9B0B37DA070C69,classic_bike,2021-09-12 13:38:07,2021-09-12 14:33:52,Madison Ave & E 82 St,7188,State St & Smith St,4565,40.7781314,-73.96069399,40.68926942,-73.98912867,member
1156980,4332AF426BE96EA4,electric_bike,2021-09-03 00:08:36,2021-09-03 00:59:53,Madison Ave & E 82 St,7188,Jefferson Ave & Evergreen Ave,4517,40.7781314,-73.96069399,40.68989,-73.91458,casual
1161858,68E6D3BAEB00E245,classic_bike,2021-09-17 07:45:15,2021-09-17 08:24:52,E 81 St & Park Ave,7188,W Broadway & Spring St,5569,40.77677702,-73.9590097,40.72494672359416,-74.00165855884552,member
1161969,7E655ECB25B6B699,classic_bike,2021-09-07 08:31:49,2021-09-07 09:03:22,Madison Ave & E 82 St,7188,W Broadway & Spring St,5569,40.7781314,-73.96069399,40.72494672359416,-74.00165855884552,member
1164860,AFE6C0BC607BDDEE,classic_bike,2021-09-25 11:09:10,2021-09-25 11:27:37,Madison Ave & E 82 St,7188,E 115 St & Madison Ave,7599,40.7781314,-73.96069399,40.7989445,-73.944846,casual
1165777,27A8CDFEA00F8749,classic_bike,2021-09-14 21:01:08,2021-09-14 21:13:42,E 81 St & Park Ave,7188,Central Park W & W 97 St,7538,40.77677702,-73.9590097,40.79249519495111,-73.96417066463071,member
1165781,72DD473E0B956F3D,classic_bike,2021-09-29 14:28:29,2021-09-29 14:45:19,E 81 St & Park Ave,7188,Central Park W & W 97 St,7538,40.77677702,-73.9590097,40.79249519495111,-73.96417066463071,casual
1165789,674B4B59F3058115,classic_bike,2021-09-17 14:14:07,2021-09-17 14:27:25,E 81 St & Park Ave,7188,Central Park W & W 97 St,7538,40.77677702,-73.9590097,40.79249519495111,-73.96417066463071,casual
1165811,BF0D9CF5FA7DC25F,classic_bike,2021-09-10 18:16:28,2021-09-10 18:49:09,E 81 St & Park Ave,7188,St Nicholas Ave & W 137 St,7898,40.77677702,-73.9590097,40.818477,-73.947568,member
1165813,86DFBE471D75419F,classic_bike,2021-09-04 18:47:47,2021-09-04 19:18:31,E 81 St & Park Ave,7188,St Nicholas Ave & W 137 St,7898,40.77677702,-73.9590097,40.818477,-73.947568,member
1166473,3D03611621E65EEA,classic_bike,2021-09-29 08:22:18,2021-09-29 08:57:00,Madison Ave & E 82 St,7188,Central Park W & W 97 St,7538,40.7781314,-73.96069399,40.79249519495111,-73.96417066463071,member
1166830,C68DAE799EC95D91,classic_bike,2021-09-24 19:26:45,2021-09-24 19:54:51,E 81 St & Park Ave,7188,St Nicholas Ave & W 137 St,7898,40.77677702,-73.9590097,40.818477,-73.947568,member
1168565,A8E20F7534622E36,classic_bike,2021-09-29 15:35:27,2021-09-29 15:48:28,Madison Ave & E 82 St,7188,Central Park W & W 97 St,7538,40.7781314,-73.96069399,40.79249519495111,-73.96417066463071,member
1168575,918DE55E882A2D46,classic_bike,2021-09-26 11:55:42,2021-09-26 12:23:41,Madison Ave & E 82 St,7188,Central Park W & W 97 St,7538,40.7781314,-73.96069399,40.79249519495111,-73.96417066463071,casual
1168576,A7E7E019B7765A2C,classic_bike,2021-09-26 14:03:54,2021-09-26 14:53:25,Madison Ave & E 82 St,7188,Central Park W & W 97 St,7538,40.7781314,-73.96069399,40.79249519495111,-73.96417066463071,casual
1168593,10790FA1F0B145EF,electric_bike,2021-09-06 09:54:47,2021-09-06 10:01:57,Madison Ave & E 82 St,7188,Central Park W & W 97 St,7538,40.7781314,-73.96069399,40.79249519495111,-73.96417066463071,member
1168626,7B7363CB52FB2A7E,classic_bike,2021-09-03 15:32:08,2021-09-03 16:14:22,Madison Ave & E 82 St,7188,Central Park W & W 97 St,7538,40.7781314,-73.96069399,40.79249519495111,-73.96417066463071,casual
1168630,2D352B4A74B05B1B,classic_bike,2021-09-09 15:59:33,2021-09-09 16:13:27,Madison Ave & E 82 St,7188,W 100 St & Broadway,7580,40.7781314,-73.96069399,40.7973721,-73.97041192,member
1168649,7BABC700142DEF25,classic_bike,2021-09-29 14:20:30,2021-09-29 14:28:44,Madison Ave & E 82 St,7188,Central Park W & W 97 St,7538,40.7781314,-73.96069399,40.79249519495111,-73.96417066463071,member
1168653,4A92A4452BB671BA,classic_bike,2021-09-09 13:36:36,2021-09-09 13:46:21,Madison Ave & E 82 St,7188,Central Park W & W 97 St,7538,40.7781314,-73.96069399,40.79249519495111,-73.96417066463071,member
1169368,241364467B350C04,classic_bike,2021-09-25 14:21:36,2021-09-25 14:51:31,Madison Ave & E 82 St,7188,Central Park W & W 97 St,7538,40.7781314,-73.96069399,40.79249519495111,-73.96417066463071,casual
1169370,F4E876D4876C5D7A,classic_bike,2021-09-10 08:30:49,2021-09-10 08:48:07,Madison Ave & E 82 St,7188,W 100 St & Broadway,7580,40.7781314,-73.96069399,40.7973721,-73.97041192,member
1169386,6F91FA2BFC3AB78F,classic_bike,2021-09-20 18:28:39,2021-09-20 18:37:22,Madison Ave & E 82 St,7188,Central Park W & W 97 St,7538,40.7781314,-73.96069399,40.79249519495111,-73.96417066463071,member
1169419,26BBB5C7BEAD5248,electric_bike,2021-09-18 14:30:20,2021-09-18 14:41:41,Madison Ave & E 82 St,7188,W 100 St & Broadway,7580,40.7781314,-73.96069399,40.7973721,-73.97041192,casual
1170875,8C7AAD01B59F96DA,classic_bike,2021-09-11 19:24:19,2021-09-11 19:50:30,E 81 St & Park Ave,7188,St Nicholas Ave & W 137 St,7898,40.77677702,-73.9590097,40.818477,-73.947568,member
1170894,53A6B944C63C34DF,classic_bike,2021-09-20 18:27:18,2021-09-20 18:59:36,E 81 St & Park Ave,7188,W 100 St & Broadway,7580,40.77677702,-73.9590097,40.7973721,-73.97041192,casual
1170895,C0963EB77DF9774B,classic_bike,2021-09-02 23:37:44,2021-09-03 00:02:10,E 81 St & Park Ave,7188,E 116 St & 2 Ave,7563,40.77677702,-73.9590097,40.796879,-73.937261,casual
1170897,4E279DBEF05B673A,electric_bike,2021-09-06 06:38:26,2021-09-06 06:50:47,E 81 St & Park Ave,7188,5 Av & W 139 St,7851,40.77677702,-73.9590097,40.815484,-73.935856,casual
1170919,E2ADCEF2D6E5736C,classic_bike,2021-09-06 15:01:46,2021-09-06 15:31:35,E 81 St & Park Ave,7188,Central Park W & W 97 St,7538,40.77677702,-73.9590097,40.79249519495111,-73.96417066463071,casual
1170936,517DB41CA342C11B,classic_bike,2021-09-06 15:03:06,2021-09-06 15:30:23,E 81 St & Park Ave,7188,Central Park W & W 97 St,7538,40.77677702,-73.9590097,40.79249519495111,-73.96417066463071,casual
1175844,FA82A2B4EB3F1836,classic_bike,2021-09-19 11:06:57,2021-09-19 11:23:58,Madison Ave & E 82 St,7188,W 100 St & Broadway,7580,40.7781314,-73.96069399,40.7973721,-73.97041192,member
1175848,25285EF88F6ADBFF,classic_bike,2021-09-27 13:10:24,2021-09-27 13:51:34,Madison Ave & E 82 St,7188,Central Park W & W 97 St,7538,40.7781314,-73.96069399,40.79249519495111,-73.96417066463071,casual
1175886,6C0D478EA686EEF7,classic_bike,2021-09-26 14:04:57,2021-09-26 14:54:48,Madison Ave & E 82 St,7188,Central Park W & W 97 St,7538,40.7781314,-73.96069399,40.79249519495111,-73.96417066463071,casual
1175895,27B8B05876812D17,electric_bike,2021-09-26 14:03:15,2021-09-26 14:53:36,Madison Ave & E 82 St,7188,Central Park W & W 97 St,7538,40.7781314,-73.96069399,40.79249519495111,-73.96417066463071,member
1175899,C3EC7FA5EDEE92CC,classic_bike,2021-09-13 14:31:49,2021-09-13 14:58:12,Madison Ave & E 82 St,7188,Central Park W & W 97 St,7538,40.7781314,-73.96069399,40.79249519495111,-73.96417066463071,casual
1175922,418E4C1101FEC0B9,classic_bike,2021-09-11 14:43:50,2021-09-11 17:25:45,Madison Ave & E 82 St,7188,Central Park W & W 97 St,7538,40.7781314,-73.96069399,40.79249519495111,-73.96417066463071,casual
1175946,F0B4F995DE042CE1,electric_bike,2021-09-07 16:28:37,2021-09-07 16:38:40,Madison Ave & E 82 St,7188,W 100 St & Broadway,7580,40.7781314,-73.96069399,40.7973721,-73.97041192,member
1175953,AC9528B1FF390CCA,classic_bike,2021-09-20 12:41:49,2021-09-20 12:52:33,Madison Ave & E 82 St,7188,Central Park W & W 97 St,7538,40.7781314,-73.96069399,40.79249519495111,-73.96417066463071,casual
1175976,0C7B4C3228D9300C,electric_bike,2021-09-25 10:38:01,2021-09-25 10:50:24,Madison Ave & E 82 St,7188,W 100 St & Broadway,7580,40.7781314,-73.96069399,40.7973721,-73.97041192,member
1175981,C41E8F3C374833B9,classic_bike,2021-09-24 14:39:03,2021-09-24 15:08:25,Madison Ave & E 82 St,7188,Central Park W & W 97 St,7538,40.7781314,-73.96069399,40.79249519495111,-73.96417066463071,casual
1176001,F477FEC1FEE7F281,classic_bike,2021-09-10 19:18:43,2021-09-10 19:52:16,Madison Ave & E 82 St,7188,Central Park W & W 97 St,7538,40.7781314,-73.96069399,40.79249519495111,-73.96417066463071,casual
1177360,EBEA4DBC1648A12F,electric_bike,2021-09-17 18:26:42,2021-09-17 18:33:42,Madison Ave & E 82 St,7188,Central Park W & W 97 St,7538,40.7781314,-73.96069399,40.79249519495111,-73.96417066463071,member
1177382,D3C8B5E015A80BF7,classic_bike,2021-09-03 15:31:05,2021-09-03 16:14:27,Madison Ave & E 82 St,7188,Central Park W & W 97 St,7538,40.7781314,-73.96069399,40.79249519495111,-73.96417066463071,casual
1179804,78FBDD43E7E394B6,classic_bike,2021-09-27 19:26:50,2021-09-27 19:40:13,E 81 St & Park Ave,7188,Central Park W & W 97 St,7538,40.77677702,-73.9590097,40.79249519495111,-73.96417066463071,member
1179806,8BBD7588E0D8C23B,classic_bike,2021-09-28 16:38:16,2021-09-28 16:53:32,E 81 St & Park Ave,7188,Central Park W & W 97 St,7538,40.77677702,-73.9590097,40.79249519495111,-73.96417066463071,member
1179814,702789A487FCBEFF,classic_bike,2021-09-21 16:23:07,2021-09-21 16:36:45,E 81 St & Park Ave,7188,Central Park W & W 97 St,7538,40.77677702,-73.9590097,40.79249519495111,-73.96417066463071,member
1179816,2A49AA2F14C554F6,classic_bike,2021-09-03 19:09:27,2021-09-03 19:36:37,E 81 St & Park Ave,7188,St Nicholas Ave & W 137 St,7898,40.77677702,-73.9590097,40.818477,-73.947568,member
1179827,FD293AC21FF24AF0,classic_bike,2021-09-06 16:47:21,2021-09-06 17:01:57,E 81 St & Park Ave,7188,Central Park W & W 97 St,7538,40.77677702,-73.9590097,40.79249519495111,-73.96417066463071,casual
1179853,B8D27632202B0DAB,electric_bike,2021-09-16 10:25:52,2021-09-16 10:35:40,E 81 St & Park Ave,7188,Central Park W & W 97 St,7538,40.77677702,-73.9590097,40.79249519495111,-73.96417066463071,member
1180518,9464C5DF0513AFD4,classic_bike,2021-09-04 15:38:34,2021-09-04 15:52:37,Madison Ave & E 82 St,7188,Central Park W & W 97 St,7538,40.7781314,-73.96069399,40.79249519495111,-73.96417066463071,casual
1181309,7F1496EFDAACCE1D,classic_bike,2021-09-10 17:23:12,2021-09-10 17:37:16,E 81 St & Park Ave,7188,W 100 St & Broadway,7580,40.77677702,-73.9590097,40.7973721,-73.97041192,member
1181411,AFFCCDE0F7479CC8,classic_bike,2021-09-27 13:11:05,2021-09-27 13:51:16,Madison Ave & E 82 St,7188,Central Park W & W 97 St,7538,40.7781314,-73.96069399,40.79249519495111,-73.96417066463071,casual
1181414,6B9DE7DC46CF621D,classic_bike,2021-09-06 11:25:23,2021-09-06 11:39:07,Madison Ave & E 82 St,7188,Central Park W & W 97 St,7538,40.7781314,-73.96069399,40.79249519495111,-73.96417066463071,casual
1184323,41D318D79940EE36,classic_bike,2021-09-27 14:56:56,2021-09-27 15:02:50,E 81 St & Park Ave,7188,5 Ave & E 72 St,7100,40.77677702,-73.9590097,40.77282817,-73.96685276,member
1184324,A6B3919816198A90,classic_bike,2021-09-22 08:18:44,2021-09-22 08:25:30,E 81 St & Park Ave,7188,5 Ave & E 72 St,7100,40.77677702,-73.9590097,40.77282817,-73.96685276,member
1184326,E14D9189A9900E07,classic_bike,2021-09-15 22:00:01,2021-09-15 22:06:10,E 81 St & Park Ave,7188,Central Park West & W 85 St,7354,40.77677702,-73.9590097,40.78476,-73.969862,casual
1184327,CB943C6C1AC7572F,classic_bike,2021-09-12 16:29:59,2021-09-12 17:03:58,E 81 St & Park Ave,7188,5 Ave & E 72 St,7100,40.77677702,-73.9590097,40.77282817,-73.96685276,casual
1184341,F48ADA61B295CABB,classic_bike,2021-09-02 17:57:42,2021-09-02 19:21:37,E 81 St & Park Ave,7188,5 Ave & E 72 St,7100,40.77677702,-73.9590097,40.77282817,-73.96685276,casual
1184354,2B7B918CEBA7137E,electric_bike,2021-09-30 21:20:10,2021-09-30 21:27:58,E 81 St & Park Ave,7188,Central Park West & W 85 St,7354,40.77677702,-73.9590097,40.78476,-73.969862,member
1184358,D326404B56490313,electric_bike,2021-09-24 15:01:30,2021-09-24 15:07:52,E 81 St & Park Ave,7188,Central Park West & W 85 St,7354,40.77677702,-73.9590097,40.78476,-73.969862,member
1184359,17D05CDE9502238A,classic_bike,2021-09-07 15:36:08,2021-09-07 15:43:10,E 81 St & Park Ave,7188,5 Ave & E 72 St,7100,40.77677702,-73.9590097,40.77282817,-73.96685276,member
1184360,373CA5688C5C6235,classic_bike,2021-09-22 13:21:40,2021-09-22 13:25:50,E 81 St & Park Ave,7188,5 Ave & E 72 St,7100,40.77677702,-73.9590097,40.77282817,-73.96685276,member
1184365,D1AA802683B82F31,classic_bike,2021-09-21 14:49:33,2021-09-21 15:03:29,E 81 St & Park Ave,7188,Central Park West & W 85 St,7354,40.77677702,-73.9590097,40.78476,-73.969862,casual
1184366,3A38B96A8AAE214D,classic_bike,2021-09-04 18:31:53,2021-09-04 18:40:31,E 81 St & Park Ave,7188,5 Ave & E 72 St,7100,40.77677702,-73.9590097,40.77282817,-73.96685276,casual
1184375,0FA1C1BAE300CEEF,classic_bike,2021-09-25 10:00:36,2021-09-25 10:07:24,E 81 St & Park Ave,7188,5 Ave & E 72 St,7100,40.77677702,-73.9590097,40.77282817,-73.96685276,member
1184390,924D9B561CE47C21,classic_bike,2021-09-13 19:18:45,2021-09-13 19:26:05,E 81 St & Park Ave,7188,5 Ave & E 72 St,7100,40.77677702,-73.9590097,40.77282817,-73.96685276,member
1184405,62100B67C7931235,classic_bike,2021-09-22 17:38:24,2021-09-22 17:41:59,E 81 St & Park Ave,7188,5 Ave & E 72 St,7100,40.77677702,-73.9590097,40.77282817,-73.96685276,member
1184438,3CF3495295B3BD9C,classic_bike,2021-09-02 14:36:44,2021-09-02 15:40:55,E 81 St & Park Ave,7188,Central Park West & W 85 St,7354,40.77677702,-73.9590097,40.78476,-73.969862,member
1185256,BAD790F02EE1E025,docked_bike,2021-09-17 09:08:29,2021-09-17 09:32:27,Madison Ave & E 82 St,7188,Amsterdam Ave & W 79 St,7311,40.778131,-73.960694,40.782939,-73.978652,casual
1185257,BB2828257B668D3F,classic_bike,2021-09-26 15:32:48,2021-09-26 16:01:40,Madison Ave & E 82 St,7188,Central Park West & W 85 St,7354,40.7781314,-73.96069399,40.78476,-73.969862,member
1185258,795F5D2B121F7779,classic_bike,2021-09-21 12:48:28,2021-09-21 12:54:20,Madison Ave & E 82 St,7188,5 Ave & E 72 St,7100,40.7781314,-73.96069399,40.77282817,-73.96685276,member
1185261,C6F251CE54EB9DE3,classic_bike,2021-09-27 13:30:41,2021-09-27 15:09:37,Madison Ave & E 82 St,7188,5 Ave & E 72 St,7100,40.7781314,-73.96069399,40.77282817,-73.96685276,casual
1185275,755D59CEB963F3F9,classic_bike,2021-09-14 08:25:05,2021-09-14 08:34:59,E 81 St & Park Ave,7188,Amsterdam Ave & W 79 St,7311,40.77677702,-73.9590097,40.7829391,-73.9786517,member
1185277,C435095385996CF8,electric_bike,2021-09-06 11:07:59,2021-09-06 11:11:51,Madison Ave & E 82 St,7188,5 Ave & E 72 St,7100,40.7781314,-73.96069399,40.77282817,-73.96685276,member
1185285,FD867C4380268DFA,classic_bike,2021-09-11 13:37:24,2021-09-11 13:56:12,Madison Ave & E 82 St,7188,Central Park West & W 85 St,7354,40.7781314,-73.96069399,40.78476,-73.969862,casual
1185295,41C50E0F598A12DC,classic_bike,2021-09-14 12:46:36,2021-09-14 12:55:10,Madison Ave & E 82 St,7188,Central Park West & W 85 St,7354,40.7781314,-73.96069399,40.78476,-73.969862,casual
1185311,85D35DB98FE059A3,classic_bike,2021-09-25 13:17:42,2021-09-25 13:41:33,Madison Ave & E 82 St,7188,5 Ave & E 72 St,7100,40.7781314,-73.96069399,40.77282817,-73.96685276,casual
1185318,CCCDF2DFCD394F3A,classic_bike,2021-09-05 09:45:35,2021-09-05 10:25:40,E 81 St & Park Ave,7188,5 Ave & E 72 St,7100,40.77677702,-73.9590097,40.77282817,-73.96685276,casual
1185321,EC5332FBEF809820,classic_bike,2021-09-22 08:14:13,2021-09-22 09:12:04,E 81 St & Park Ave,7188,Central Park West & W 85 St,7354,40.77677702,-73.9590097,40.78476,-73.969862,member
1185354,278C70E0988930E1,classic_bike,2021-09-27 13:32:55,2021-09-27 15:09:56,Madison Ave & E 82 St,7188,5 Ave & E 72 St,7100,40.7781314,-73.96069399,40.77282817,-73.96685276,casual
1185369,6FCE9636F89A070B,classic_bike,2021-09-14 12:27:53,2021-09-14 12:32:04,Madison Ave & E 82 St,7188,5 Ave & E 72 St,7100,40.7781314,-73.96069399,40.77282817,-73.96685276,member
1185376,F129CC614D1F5C99,classic_bike,2021-09-11 09:42:50,2021-09-11 10:05:13,Madison Ave & E 82 St,7188,5 Ave & E 72 St,7100,40.7781314,-73.96069399,40.77282817,-73.96685276,member
1185383,B2B01C24A1F3E82D,electric_bike,2021-09-14 00:01:35,2021-09-14 00:23:59,Madison Ave & E 82 St,7188,Broadway & W 133 St,7903,40.7781314,-73.96069399,40.8190344,-73.956156,casual
1185385,5DE509D64851CD22,classic_bike,2021-09-17 12:59:56,2021-09-17 13:32:30,Madison Ave & E 82 St,7188,Central Park West & W 85 St,7354,40.7781314,-73.96069399,40.78476,-73.969862,casual
1185394,95CDBA2FB1DC5A24,classic_bike,2021-09-01 13:09:01,2021-09-01 13:12:22,Madison Ave & E 82 St,7188,5 Ave & E 72 St,7100,40.7781314,-73.96069399,40.77282817,-73.96685276,member
1185397,490E358AFC7CEA66,docked_bike,2021-09-10 11:11:56,2021-09-10 11:32:15,Madison Ave & E 82 St,7188,5 Ave & E 72 St,7100,40.778131,-73.960694,40.772828,-73.966853,casual
1185404,E011E3BEDB9B4184,classic_bike,2021-09-01 14:44:44,2021-09-01 14:52:49,Madison Ave & E 82 St,7188,Amsterdam Ave & W 79 St,7311,40.7781314,-73.96069399,40.7829391,-73.9786517,member
1185412,9F72442A3075C422,electric_bike,2021-09-16 17:22:59,2021-09-16 17:42:03,Madison Ave & E 82 St,7188,Central Park West & W 85 St,7354,40.7781314,-73.96069399,40.78476,-73.969862,casual
1185413,3A0CD2852E2114D5,electric_bike,2021-09-16 15:34:49,2021-09-16 16:17:31,Madison Ave & E 82 St,7188,Central Park West & W 85 St,7354,40.7781314,-73.96069399,40.78476,-73.969862,casual
1185419,D4F0FC242AE3B492,electric_bike,2021-09-14 12:46:39,2021-09-14 12:55:04,Madison Ave & E 82 St,7188,Central Park West & W 85 St,7354,40.7781314,-73.96069399,40.78476,-73.969862,casual
1185429,F3BF3A5B832F64BE,classic_bike,2021-09-02 13:46:07,2021-09-02 14:01:58,Madison Ave & E 82 St,7188,Amsterdam Ave & W 79 St,7311,40.7781314,-73.96069399,40.7829391,-73.9786517,member
1185435,BE9ED66B72DE6135,docked_bike,2021-09-25 17:58:59,2021-09-25 18:32:21,Madison Ave & E 82 St,7188,5 Ave & E 72 St,7100,40.778131,-73.960694,40.772828,-73.966853,casual
1185439,89EF305C1AC3F0F6,classic_bike,2021-09-01 16:32:44,2021-09-01 16:37:21,Madison Ave & E 82 St,7188,5 Ave & E 72 St,7100,40.7781314,-73.96069399,40.77282817,-73.96685276,member
1185449,BEEBA6C3DAC54F13,classic_bike,2021-09-30 19:10:38,2021-09-30 19:17:46,Madison Ave & E 82 St,7188,5 Ave & E 72 St,7100,40.7781314,-73.96069399,40.77282817,-73.96685276,casual
1185476,7204694C26830A6A,classic_bike,2021-09-18 14:08:01,2021-09-18 14:24:53,Madison Ave & E 82 St,7188,Central Park West & W 85 St,7354,40.7781314,-73.96069399,40.78476,-73.969862,casual
1185477,534149B5F766ABB0,classic_bike,2021-09-20 18:01:16,2021-09-20 18:09:42,Madison Ave & E 82 St,7188,5 Ave & E 72 St,7100,40.7781314,-73.96069399,40.77282817,-73.96685276,casual
1185483,BBC9DDC581299BDD,electric_bike,2021-09-03 14:16:56,2021-09-03 14:20:48,Madison Ave & E 82 St,7188,5 Ave & E 72 St,7100,40.7781314,-73.96069399,40.77282817,-73.96685276,member
1185487,994E48B72B815D60,classic_bike,2021-09-10 22:57:09,2021-09-10 23:03:32,Madison Ave & E 82 St,7188,Central Park West & W 85 St,7354,40.7781314,-73.96069399,40.78476,-73.969862,member
1185490,1097F1BB85169ED1,classic_bike,2021-09-27 09:11:25,2021-09-27 09:14:54,Madison Ave & E 82 St,7188,5 Ave & E 72 St,7100,40.7781314,-73.96069399,40.77282817,-73.96685276,member
1185512,B73A19BD3D080583,classic_bike,2021-09-08 11:19:39,2021-09-08 11:24:25,Madison Ave & E 82 St,7188,5 Ave & E 72 St,7100,40.7781314,-73.96069399,40.77282817,-73.96685276,member
1186785,65ABAB6A7577028A,classic_bike,2021-09-28 15:58:56,2021-09-28 16:13:57,Madison Ave & E 82 St,7188,Amsterdam Ave & W 79 St,7311,40.7781314,-73.96069399,40.7829391,-73.9786517,member
1186792,CBDB118EE3D89820,classic_bike,2021-09-20 17:32:16,2021-09-20 17:37:49,Madison Ave & E 82 St,7188,5 Ave & E 72 St,7100,40.7781314,-73.96069399,40.77282817,-73.96685276,member
1186796,1F66AB0EC3EE610D,classic_bike,2021-09-13 15:55:43,2021-09-13 16:09:03,E 81 St & Park Ave,7188,5 Ave & E 72 St,7100,40.77677702,-73.9590097,40.77282817,-73.96685276,member
1186834,E395D1647616BAF2,classic_bike,2021-09-27 13:29:46,2021-09-27 15:09:35,Madison Ave & E 82 St,7188,5 Ave & E 72 St,7100,40.7781314,-73.96069399,40.77282817,-73.96685276,casual
1186856,EBC294BF0B7E7CAD,classic_bike,2021-09-09 15:24:34,2021-09-09 15:33:03,Madison Ave & E 82 St,7188,Amsterdam Ave & W 79 St,7311,40.7781314,-73.96069399,40.7829391,-73.9786517,member
1186931,A0D361E174BFEF3B,classic_bike,2021-09-22 14:05:21,2021-09-22 14:16:14,Madison Ave & E 82 St,7188,5 Ave & E 72 St,7100,40.7781314,-73.96069399,40.77282817,-73.96685276,member
1186936,10B270A85E0C34DC,classic_bike,2021-09-12 11:13:34,2021-09-12 11:42:28,Madison Ave & E 82 St,7188,Central Park West & W 85 St,7354,40.7781314,-73.96069399,40.78476,-73.969862,casual
1186937,66675F59378B8B7B,docked_bike,2021-09-24 12:45:36,2021-09-24 14:39:23,Madison Ave & E 82 St,7188,Amsterdam Ave & W 79 St,7311,40.778131,-73.960694,40.782939,-73.978652,casual
1186942,9D281ED3DEC805D5,classic_bike,2021-09-26 13:25:55,2021-09-26 14:15:05,Madison Ave & E 82 St,7188,Amsterdam Ave & W 79 St,7311,40.7781314,-73.96069399,40.7829391,-73.9786517,casual
1190015,666BE6C5DE2CB452,classic_bike,2021-09-10 08:00:36,2021-09-10 08:30:15,E 81 St & Park Ave,7188,5 Ave & E 72 St,7100,40.77677702,-73.9590097,40.77282817,-73.96685276,member
1190016,E0F2BA3EBEDFA837,classic_bike,2021-09-05 16:18:16,2021-09-05 16:57:27,E 81 St & Park Ave,7188,Central Park West & W 85 St,7354,40.77677702,-73.9590097,40.78476,-73.969862,casual
1190032,46EFD3BB8430B11A,classic_bike,2021-09-22 08:17:21,2021-09-22 08:27:41,E 81 St & Park Ave,7188,Amsterdam Ave & W 79 St,7311,40.77677702,-73.9590097,40.7829391,-73.9786517,member
1190066,D9708F3ED6AC9B51,classic_bike,2021-09-26 17:40:51,2021-09-26 17:52:03,E 81 St & Park Ave,7188,Central Park West & W 85 St,7354,40.77677702,-73.9590097,40.78476,-73.969862,casual
1190944,A254B2287B3B8CF5,classic_bike,2021-09-13 13:40:10,2021-09-13 13:47:21,Madison Ave & E 82 St,7188,5 Ave & E 72 St,7100,40.7781314,-73.96069399,40.77282817,-73.96685276,member
1190953,A23503F7BBE87ED0,electric_bike,2021-09-04 11:02:38,2021-09-04 11:05:37,Madison Ave & E 82 St,7188,5 Ave & E 72 St,7100,40.7781314,-73.96069399,40.77282817,-73.96685276,member
1190956,B9ACD84CC8B644FC,docked_bike,2021-09-25 17:59:26,2021-09-25 18:32:54,Madison Ave & E 82 St,7188,5 Ave & E 72 St,7100,40.778131,-73.960694,40.772828,-73.966853,casual
1190962,3C8E5DD81794C5EB,classic_bike,2021-09-11 16:13:11,2021-09-11 16:21:28,Madison Ave & E 82 St,7188,Central Park West & W 85 St,7354,40.7781314,-73.96069399,40.78476,-73.969862,member
1191004,FC43C4CB0D0F3433,classic_bike,2021-09-26 16:30:56,2021-09-26 16:40:31,Madison Ave & E 82 St,7188,Central Park West & W 85 St,7354,40.7781314,-73.96069399,40.78476,-73.969862,member
1191015,C7743790DBF63607,electric_bike,2021-09-01 14:14:35,2021-09-01 14:20:48,Madison Ave & E 82 St,7188,5 Ave & E 72 St,7100,40.7781314,-73.96069399,40.77282817,-73.96685276,casual
1191016,9286136E32BE7656,classic_bike,2021-09-26 15:02:11,2021-09-26 15:11:27,Madison Ave & E 82 St,7188,5 Ave & E 72 St,7100,40.7781314,-73.96069399,40.77282817,-73.96685276,casual
1191028,4C0724CACB0DB761,docked_bike,2021-09-24 12:45:42,2021-09-24 14:39:14,Madison Ave & E 82 St,7188,Amsterdam Ave & W 79 St,7311,40.778131,-73.960694,40.782939,-73.978652,casual
1191030,B58AEC108E56735E,classic_bike,2021-09-22 16:17:22,2021-09-22 16:31:30,Madison Ave & E 82 St,7188,Amsterdam Ave & W 79 St,7311,40.7781314,-73.96069399,40.7829391,-73.9786517,member
1191032,F7CA7674BB6C5DB9,classic_bike,2021-09-23 13:16:58,2021-09-23 14:04:40,Madison Ave & E 82 St,7188,Central Park West & W 85 St,7354,40.7781314,-73.96069399,40.78476,-73.969862,casual
1191035,622D7D9E9C5258C7,classic_bike,2021-09-10 14:00:14,2021-09-10 14:39:55,Madison Ave & E 82 St,7188,Central Park West & W 85 St,7354,40.7781314,-73.96069399,40.78476,-73.969862,casual
1191040,1FD50F351AD2D1E0,classic_bike,2021-09-23 14:24:35,2021-09-23 14:30:19,Madison Ave & E 82 St,7188,5 Ave & E 72 St,7100,40.7781314,-73.96069399,40.77282817,-73.96685276,member
1191052,E7393FF8D11DE382,classic_bike,2021-09-26 15:32:46,2021-09-26 16:01:47,Madison Ave & E 82 St,7188,Central Park West & W 85 St,7354,40.7781314,-73.96069399,40.78476,-73.969862,casual
1191065,2041D9254E02177F,classic_bike,2021-09-25 14:02:00,2021-09-25 14:10:51,Madison Ave & E 82 St,7188,5 Ave & E 72 St,7100,40.7781314,-73.96069399,40.77282817,-73.96685276,member
1191070,2FCD7E456C161ABD,classic_bike,2021-09-06 16:29:27,2021-09-06 17:18:22,Madison Ave & E 82 St,7188,5 Ave & E 72 St,7100,40.7781314,-73.96069399,40.77282817,-73.96685276,member
1191088,F86F48AF049CA49E,classic_bike,2021-09-24 15:35:12,2021-09-24 15:44:04,Madison Ave & E 82 St,7188,5 Ave & E 72 St,7100,40.7781314,-73.96069399,40.77282817,-73.96685276,member
1191094,10F827042B53ED12,electric_bike,2021-09-06 12:52:12,2021-09-06 13:33:12,Madison Ave & E 82 St,7188,5 Ave & E 72 St,7100,40.7781314,-73.96069399,40.77282817,-73.96685276,casual
1194985,2A111239BC0B1303,classic_bike,2021-09-17 14:46:08,2021-09-17 14:52:51,Madison Ave & E 82 St,7188,Central Park West & W 85 St,7354,40.7781314,-73.96069399,40.78476,-73.969862,member
1194986,6E9AF15456D7BDD4,electric_bike,2021-09-08 08:02:58,2021-09-08 08:10:21,Madison Ave & E 82 St,7188,5 Ave & E 72 St,7100,40.7781314,-73.96069399,40.77282817,-73.96685276,member
1194987,BE4CE89DB39EA911,classic_bike,2021-09-21 08:41:13,2021-09-21 08:44:29,Madison Ave & E 82 St,7188,5 Ave & E 72 St,7100,40.7781314,-73.96069399,40.77282817,-73.96685276,member
1198119,FC85C607DAB98B04,electric_bike,2021-09-13 16:48:17,2021-09-13 16:55:48,E 81 St & Park Ave,7188,5 Ave & E 72 St,7100,40.77677702,-73.9590097,40.77282817,-73.96685276,member
1198139,B809599C3AF18EFD,electric_bike,2021-09-16 17:06:36,2021-09-16 17:57:38,E 81 St & Park Ave,7188,5 Ave & E 72 St,7100,40.77677702,-73.9590097,40.77282817,-73.96685276,casual
1198159,C3064173BBDD8559,classic_bike,2021-09-05 09:44:53,2021-09-05 10:24:56,E 81 St & Park Ave,7188,5 Ave & E 72 St,7100,40.77677702,-73.9590097,40.77282817,-73.96685276,casual
1198562,82752DF97640114B,classic_bike,2021-09-21 12:42:57,2021-09-21 12:49:16,E 81 St & Park Ave,7188,5 Ave & E 72 St,7100,40.77677702,-73.9590097,40.77282817,-73.96685276,casual
1198575,CD0A4CB4C2FF6CEB,classic_bike,2021-09-14 19:03:43,2021-09-14 19:09:25,E 81 St & Park Ave,7188,5 Ave & E 72 St,7100,40.77677702,-73.9590097,40.77282817,-73.96685276,casual
1198582,B86F1A29D260AB77,classic_bike,2021-09-18 00:02:07,2021-09-18 00:10:49,E 81 St & Park Ave,7188,Central Park West & W 85 St,7354,40.77677702,-73.9590097,40.78476,-73.969862,member
1198586,7085B127E94BAF0B,classic_bike,2021-09-27 13:18:25,2021-09-27 13:24:21,E 81 St & Park Ave,7188,5 Ave & E 72 St,7100,40.77677702,-73.9590097,40.77282817,-73.96685276,casual
1198598,568B20BBFCCF9422,classic_bike,2021-09-06 15:23:58,2021-09-06 15:34:05,E 81 St & Park Ave,7188,Central Park West & W 85 St,7354,40.77677702,-73.9590097,40.78476,-73.969862,member
1201493,936E46DD24747B29,classic_bike,2021-09-19 09:38:39,2021-09-19 10:07:25,Madison Ave & E 82 St,7188,Central Park West & W 85 St,7354,40.7781314,-73.96069399,40.78476,-73.969862,casual
1201527,07E7C6508B9D9F46,classic_bike,2021-09-23 13:15:18,2021-09-23 14:05:07,Madison Ave & E 82 St,7188,Central Park West & W 85 St,7354,40.7781314,-73.96069399,40.78476,-73.969862,casual
1201530,84D312DC680D6E0D,classic_bike,2021-09-17 12:59:38,2021-09-17 13:32:15,Madison Ave & E 82 St,7188,Central Park West & W 85 St,7354,40.7781314,-73.96069399,40.78476,-73.969862,casual
1201532,97E4A40E043479CA,electric_bike,2021-09-13 09:26:17,2021-09-13 09:30:25,Madison Ave & E 82 St,7188,5 Ave & E 72 St,7100,40.7781314,-73.96069399,40.77282817,-73.96685276,member
1201549,DF78E1266D4CDCC7,classic_bike,2021-09-26 03:09:58,2021-09-26 03:15:07,Madison Ave & E 82 St,7188,Central Park West & W 85 St,7354,40.7781314,-73.96069399,40.78476,-73.969862,casual
1201556,A0B9472AA3DAF4A5,classic_bike,2021-09-26 00:52:51,2021-09-26 00:58:09,Madison Ave & E 82 St,7188,5 Ave & E 72 St,7100,40.7781314,-73.96069399,40.77282817,-73.96685276,member
1201558,286E375921B48847,classic_bike,2021-09-02 22:06:35,2021-09-02 22:17:14,Madison Ave & E 82 St,7188,Amsterdam Ave & W 79 St,7311,40.7781314,-73.96069399,40.7829391,-73.9786517,member
1201564,854463594BCD77F5,classic_bike,2021-09-06 16:27:53,2021-09-06 17:19:07,Madison Ave & E 82 St,7188,5 Ave & E 72 St,7100,40.7781314,-73.96069399,40.77282817,-73.96685276,member
1201591,626CAAE0A0ACEFEF,classic_bike,2021-09-18 14:07:47,2021-09-18 14:26:30,Madison Ave & E 82 St,7188,Central Park West & W 85 St,7354,40.7781314,-73.96069399,40.78476,-73.969862,casual
1201614,D636FB7C3E6B7AE2,electric_bike,2021-09-22 18:16:54,2021-09-22 18:21:40,Madison Ave & E 82 St,7188,Central Park West & W 85 St,7354,40.7781314,-73.96069399,40.78476,-73.969862,member
1201619,6CECE84FA054AB23,classic_bike,2021-09-07 14:17:27,2021-09-07 14:20:13,Madison Ave & E 82 St,7188,5 Ave & E 72 St,7100,40.7781314,-73.96069399,40.77282817,-73.96685276,member
1201620,84FDD1A8597BACCD,classic_bike,2021-09-21 17:06:57,2021-09-21 17:27:31,Madison Ave & E 82 St,7188,5 Ave & E 72 St,7100,40.7781314,-73.96069399,40.77282817,-73.96685276,casual
1201624,4FC3FC6AC6874D16,classic_bike,2021-09-02 13:31:56,2021-09-02 13:35:40,Madison Ave & E 82 St,7188,5 Ave & E 72 St,7100,40.7781314,-73.96069399,40.77282817,-73.96685276,member
1201627,3990F22CCB9B3821,electric_bike,2021-09-24 14:57:56,2021-09-24 15:04:32,Madison Ave & E 82 St,7188,Amsterdam Ave & W 79 St,7311,40.7781314,-73.96069399,40.7829391,-73.9786517,member
1202222,9A5EA43FC3F7D2C5,classic_bike,2021-09-24 14:44:37,2021-09-24 14:52:09,Madison Ave & E 82 St,7188,Central Park West & W 85 St,7354,40.7781314,-73.96069399,40.78476,-73.969862,member
1202730,2E1A5E498235F1ED,classic_bike,2021-09-19 16:27:42,2021-09-19 16:33:03,Madison Ave & E 82 St,7188,5 Ave & E 72 St,7100,40.7781314,-73.96069399,40.77282817,-73.96685276,casual
1202782,005E58C54133FD97,docked_bike,2021-09-26 13:50:56,2021-09-26 14:27:55,Madison Ave & E 82 St,7188,5 Ave & E 72 St,7100,40.778131,-73.960694,40.772828,-73.966853,casual
1202786,688829A61113C20E,classic_bike,2021-09-28 17:22:23,2021-09-28 17:27:12,Madison Ave & E 82 St,7188,5 Ave & E 72 St,7100,40.7781314,-73.96069399,40.77282817,-73.96685276,member
1202816,22514B61CF5FA829,classic_bike,2021-09-24 12:42:06,2021-09-24 14:40:59,Madison Ave & E 82 St,7188,Amsterdam Ave & W 79 St,7311,40.7781314,-73.96069399,40.7829391,-73.9786517,casual
1202823,C0CB9E0197D21172,classic_bike,2021-09-21 17:39:24,2021-09-21 17:48:49,Madison Ave & E 82 St,7188,5 Ave & E 72 St,7100,40.7781314,-73.96069399,40.77282817,-73.96685276,member
1202828,DEFAAA4C129C62EC,classic_bike,2021-09-02 15:06:53,2021-09-02 15:15:46,Madison Ave & E 82 St,7188,5 Ave & E 72 St,7100,40.7781314,-73.96069399,40.77282817,-73.96685276,casual
1202836,A364B32650C1CFFB,classic_bike,2021-09-23 13:16:13,2021-09-23 14:04:43,Madison Ave & E 82 St,7188,Central Park West & W 85 St,7354,40.7781314,-73.96069399,40.78476,-73.969862,casual
1205691,0DAA5419B08774DF,classic_bike,2021-09-11 17:26:22,2021-09-11 17:36:36,E 81 St & Park Ave,7188,Amsterdam Ave & W 79 St,7311,40.77677702,-73.9590097,40.7829391,-73.9786517,member
1205701,16D1786ABF0675B5,classic_bike,2021-09-05 16:15:42,2021-09-05 16:57:32,E 81 St & Park Ave,7188,Central Park West & W 85 St,7354,40.77677702,-73.9590097,40.78476,-73.969862,casual
1205719,5F05CDADEB58E90B,classic_bike,2021-09-25 14:24:37,2021-09-25 15:45:52,E 81 St & Park Ave,7188,5 Ave & E 72 St,7100,40.77677702,-73.9590097,40.77282817,-73.96685276,casual
1205720,D8208BD2480B7382,classic_bike,2021-09-12 16:29:51,2021-09-12 17:03:11,E 81 St & Park Ave,7188,5 Ave & E 72 St,7100,40.77677702,-73.9590097,40.77282817,-73.96685276,casual
1205721,CFAFC023CBA19D47,classic_bike,2021-09-06 15:24:52,2021-09-06 15:34:06,E 81 St & Park Ave,7188,Central Park West & W 85 St,7354,40.77677702,-73.9590097,40.78476,-73.969862,casual
1205726,F95298DCF18B565B,classic_bike,2021-09-27 08:13:35,2021-09-27 08:20:27,E 81 St & Park Ave,7188,5 Ave & E 72 St,7100,40.77677702,-73.9590097,40.77282817,-73.96685276,member
1205937,C4879D9D6F880C2E,classic_bike,2021-09-20 18:31:57,2021-09-20 18:37:29,Madison Ave & E 82 St,7188,5 Ave & E 72 St,7100,40.7781314,-73.96069399,40.77282817,-73.96685276,member
1205950,97F347A009401CCD,classic_bike,2021-09-24 16:22:20,2021-09-24 16:30:49,Madison Ave & E 82 St,7188,5 Ave & E 72 St,7100,40.7781314,-73.96069399,40.77282817,-73.96685276,casual
1205968,B51D148C35AC7A8D,classic_bike,2021-09-14 13:20:40,2021-09-14 13:36:33,Madison Ave & E 82 St,7188,Amsterdam Ave & W 79 St,7311,40.7781314,-73.96069399,40.7829391,-73.9786517,member
1205979,89B4A23C091CD79C,electric_bike,2021-09-30 14:59:56,2021-09-30 15:59:10,Madison Ave & E 82 St,7188,5 Ave & E 72 St,7100,40.7781314,-73.96069399,40.77282817,-73.96685276,casual
1206007,14D451A3BEDAADAD,docked_bike,2021-09-20 12:25:24,2021-09-20 12:51:37,Madison Ave & E 82 St,7188,5 Ave & E 72 St,7100,40.778131,-73.960694,40.772828,-73.966853,casual
1206015,7A7747B87E13C4F5,classic_bike,2021-09-12 11:13:34,2021-09-12 11:42:47,Madison Ave & E 82 St,7188,Central Park West & W 85 St,7354,40.7781314,-73.96069399,40.78476,-73.969862,casual
1206018,A2DA5693A37C056F,electric_bike,2021-09-02 23:28:56,2021-09-02 23:35:25,Madison Ave & E 82 St,7188,Amsterdam Ave & W 79 St,7311,40.7781314,-73.96069399,40.7829391,-73.9786517,member
1206027,D98F96FD9CA59D57,classic_bike,2021-09-20 13:07:03,2021-09-20 13:51:14,Madison Ave & E 82 St,7188,5 Ave & E 72 St,7100,40.7781314,-73.96069399,40.77282817,-73.96685276,member
1206035,7B2C54AE844D7211,classic_bike,2021-09-29 19:47:18,2021-09-29 20:15:32,Madison Ave & E 82 St,7188,Central Park West & W 85 St,7354,40.7781314,-73.96069399,40.78476,-73.969862,member
1206045,D435D6D9ADC293DA,classic_bike,2021-09-15 17:49:33,2021-09-15 17:57:21,Madison Ave & E 82 St,7188,Central Park West & W 85 St,7354,40.7781314,-73.96069399,40.78476,-73.969862,casual
1206048,4D66F36F273A034A,classic_bike,2021-09-26 09:15:08,2021-09-26 10:04:36,Madison Ave & E 82 St,7188,5 Ave & E 72 St,7100,40.7781314,-73.96069399,40.77282817,-73.96685276,casual
1206051,BBFAE872A8978201,docked_bike,2021-09-10 11:12:10,2021-09-10 11:31:31,Madison Ave & E 82 St,7188,5 Ave & E 72 St,7100,40.778131,-73.960694,40.772828,-73.966853,casual
1206056,94962E2868A625DD,classic_bike,2021-09-11 23:16:19,2021-09-11 23:29:14,Madison Ave & E 82 St,7188,5 Ave & W 126 St,7701,40.7781314,-73.96069399,40.80722,-73.9418,member
1206062,26913E1BC6F98A81,docked_bike,2021-09-24 12:45:55,2021-09-24 14:39:34,Madison Ave & E 82 St,7188,Amsterdam Ave & W 79 St,7311,40.778131,-73.960694,40.782939,-73.978652,casual
1206071,FD61F63AED143B99,docked_bike,2021-09-26 13:51:16,2021-09-26 14:27:42,Madison Ave & E 82 St,7188,5 Ave & E 72 St,7100,40.778131,-73.960694,40.772828,-73.966853,casual
1206096,A5740F49514A43B9,classic_bike,2021-09-20 12:21:50,2021-09-20 12:51:50,Madison Ave & E 82 St,7188,5 Ave & E 72 St,7100,40.7781314,-73.96069399,40.77282817,-73.96685276,casual
1206232,040E472247213252,classic_bike,2021-09-25 17:59:16,2021-09-25 18:34:32,Madison Ave & E 82 St,7188,5 Ave & E 72 St,7100,40.7781314,-73.96069399,40.77282817,-73.96685276,member
1206235,B552477305C8AA2F,classic_bike,2021-09-16 17:08:53,2021-09-16 17:30:01,Madison Ave & E 82 St,7188,Amsterdam Ave & W 79 St,7311,40.7781314,-73.96069399,40.7829391,-73.9786517,member
1206247,2B088C89A0446957,electric_bike,2021-09-21 09:46:55,2021-09-21 09:50:34,Madison Ave & E 82 St,7188,5 Ave & E 72 St,7100,40.7781314,-73.96069399,40.77282817,-73.96685276,member
1207702,8FC1744785089127,docked_bike,2021-09-24 12:45:29,2021-09-24 14:39:28,Madison Ave & E 82 St,7188,Amsterdam Ave & W 79 St,7311,40.778131,-73.960694,40.782939,-73.978652,casual
1207703,7B9F6C54602A08C7,docked_bike,2021-09-17 09:07:53,2021-09-17 09:32:03,Madison Ave & E 82 St,7188,Amsterdam Ave & W 79 St,7311,40.778131,-73.960694,40.782939,-73.978652,casual
1207706,BD7AFB6C51752DC4,classic_bike,2021-09-21 17:06:57,2021-09-21 17:27:56,Madison Ave & E 82 St,7188,5 Ave & E 72 St,7100,40.7781314,-73.96069399,40.77282817,-73.96685276,casual
1208207,CF677A15A0405589,electric_bike,2021-09-10 10:43:30,2021-09-10 10:49:54,Madison Ave & E 82 St,7188,Central Park West & W 85 St,7354,40.7781314,-73.96069399,40.78476,-73.969862,member
1208218,2EAB0D8B219EB940,electric_bike,2021-09-25 14:05:59,2021-09-25 14:10:14,Madison Ave & E 82 St,7188,5 Ave & E 72 St,7100,40.7781314,-73.96069399,40.77282817,-73.96685276,casual
1208219,DEBA76A060B58CEF,classic_bike,2021-09-20 14:13:38,2021-09-20 14:20:14,Madison Ave & E 82 St,7188,5 Ave & E 72 St,7100,40.7781314,-73.96069399,40.77282817,-73.96685276,casual
1208221,4492D30D2E737D22,classic_bike,2021-09-27 16:10:37,2021-09-27 16:19:36,Madison Ave & E 82 St,7188,5 Ave & E 72 St,7100,40.7781314,-73.96069399,40.77282817,-73.96685276,casual
1208229,3964E03C8C15B21E,classic_bike,2021-09-26 13:27:10,2021-09-26 14:15:15,Madison Ave & E 82 St,7188,Amsterdam Ave & W 79 St,7311,40.7781314,-73.96069399,40.7829391,-73.9786517,casual
1208309,0B167C0431BF28B2,classic_bike,2021-09-10 20:52:10,2021-09-10 21:05:57,Madison Ave & E 82 St,7188,Amsterdam Ave & W 79 St,7311,40.7781314,-73.96069399,40.7829391,-73.9786517,member
1208314,4BE01819C70F2581,classic_bike,2021-09-23 15:50:46,2021-09-23 16:02:03,Madison Ave & E 82 St,7188,Central Park West & W 85 St,7354,40.7781314,-73.96069399,40.78476,-73.969862,casual
1208315,32396309B54ABC22,classic_bike,2021-09-01 13:14:49,2021-09-01 13:19:20,Madison Ave & E 82 St,7188,5 Ave & E 72 St,7100,40.7781314,-73.96069399,40.77282817,-73.96685276,casual
1208743,E4CF162B4D4743F0,classic_bike,2021-09-13 13:39:58,2021-09-13 13:46:47,Madison Ave & E 82 St,7188,5 Ave & E 72 St,7100,40.7781314,-73.96069399,40.77282817,-73.96685276,casual
1208803,D082D3AF6635D16A,classic_bike,2021-09-04 17:10:53,2021-09-04 17:33:03,Madison Ave & E 82 St,7188,Amsterdam Ave & W 73 St,7260,40.7781314,-73.96069399,40.77966809007312,-73.98093044757842,casual
1208810,B0F52C28A03D106B,classic_bike,2021-09-23 14:24:59,2021-09-23 14:34:44,Madison Ave & E 82 St,7188,Amsterdam Ave & W 73 St,7260,40.7781314,-73.96069399,40.77966809007312,-73.98093044757842,casual
1209568,F5E075BB96A17AA9,electric_bike,2021-09-15 13:44:35,2021-09-15 13:53:52,E 81 St & Park Ave,7188,Amsterdam Ave & W 73 St,7260,40.77677702,-73.9590097,40.77966809007312,-73.98093044757842,member
1211073,F7A250283E4FB1B0,classic_bike,2021-09-05 13:17:25,2021-09-05 13:37:29,Madison Ave & E 82 St,7188,Amsterdam Ave & W 73 St,7260,40.7781314,-73.96069399,40.77966809007312,-73.98093044757842,member
1213400,F9C84CDDFF8D1E9E,classic_bike,2021-09-03 13:02:17,2021-09-03 13:12:05,E 81 St & Park Ave,7188,W 84 St & Broadway,7409,40.77677702,-73.9590097,40.7867947,-73.977112,member
1215435,3348685E4FA6FC64,electric_bike,2021-09-13 13:09:07,2021-09-13 13:20:44,E 81 St & Park Ave,7188,Amsterdam Ave & W 73 St,7260,40.77677702,-73.9590097,40.77966809007312,-73.98093044757842,member
1215447,9FFFF8FB4511FEF3,classic_bike,2021-09-28 22:29:05,2021-09-28 22:39:13,E 81 St & Park Ave,7188,Amsterdam Ave & W 73 St,7260,40.77677702,-73.9590097,40.77966809007312,-73.98093044757842,member
1215724,BCD8FCC053DDBBB6,classic_bike,2021-09-02 11:18:53,2021-09-02 11:31:16,E 81 St & Park Ave,7188,W 84 St & Broadway,7409,40.77677702,-73.9590097,40.7867947,-73.977112,member
1215754,1A094F75269E6D23,classic_bike,2021-09-03 16:30:55,2021-09-03 16:42:03,E 81 St & Park Ave,7188,Amsterdam Ave & W 73 St,7260,40.77677702,-73.9590097,40.77966809007312,-73.98093044757842,member
1215770,C71A6495721C78D4,electric_bike,2021-09-19 10:50:51,2021-09-19 11:07:48,E 81 St & Park Ave,7188,W 84 St & Broadway,7409,40.77677702,-73.9590097,40.7867947,-73.977112,member
1215816,5BE5C0078C28850C,classic_bike,2021-09-17 23:03:40,2021-09-17 23:15:39,E 81 St & Park Ave,7188,W 84 St & Broadway,7409,40.77677702,-73.9590097,40.7867947,-73.977112,member
1215852,C52CABE1233877CA,classic_bike,2021-09-15 14:18:35,2021-09-15 14:30:55,E 81 St & Park Ave,7188,Amsterdam Ave & W 73 St,7260,40.77677702,-73.9590097,40.77966809007312,-73.98093044757842,member
1216306,D10B2D15F890AE6F,classic_bike,2021-09-14 15:04:59,2021-09-14 15:18:38,E 81 St & Park Ave,7188,Amsterdam Ave & W 73 St,7260,40.77677702,-73.9590097,40.77966809007312,-73.98093044757842,member
1223171,C306944819610CED,electric_bike,2021-09-12 09:09:52,2021-09-12 09:41:30,Madison Ave & E 82 St,7188,W 84 St & Broadway,7409,40.7781314,-73.96069399,40.7867947,-73.977112,member
1223236,770CF6E6AFEB04D5,classic_bike,2021-09-25 11:37:58,2021-09-25 11:52:32,Madison Ave & E 82 St,7188,Amsterdam Ave & W 73 St,7260,40.7781314,-73.96069399,40.77966809007312,-73.98093044757842,member
1223852,B6B9A319E0DF076F,classic_bike,2021-09-04 17:10:29,2021-09-04 17:33:13,Madison Ave & E 82 St,7188,Amsterdam Ave & W 73 St,7260,40.7781314,-73.96069399,40.77966809007312,-73.98093044757842,casual
1223854,0D4BC87A0422FBF8,classic_bike,2021-09-30 14:51:10,2021-09-30 15:01:47,Madison Ave & E 82 St,7188,Amsterdam Ave & W 73 St,7260,40.7781314,-73.96069399,40.77966809007312,-73.98093044757842,casual
1224357,983CA856A5E6A045,classic_bike,2021-09-03 13:11:55,2021-09-03 13:35:08,Madison Ave & E 82 St,7188,Amsterdam Ave & W 73 St,7260,40.7781314,-73.96069399,40.77966809007312,-73.98093044757842,casual
1224358,C87BA6EABB30429B,classic_bike,2021-09-06 14:29:31,2021-09-06 15:00:12,Madison Ave & E 82 St,7188,Amsterdam Ave & W 73 St,7260,40.7781314,-73.96069399,40.77966809007312,-73.98093044757842,casual
1229749,DE64BAD9B3B4E0B8,classic_bike,2021-09-12 15:21:23,2021-09-12 15:34:06,Madison Ave & E 82 St,7188,Amsterdam Ave & W 73 St,7260,40.7781314,-73.96069399,40.77966809007312,-73.98093044757842,member
1229783,6EF374E555C84DA7,classic_bike,2021-09-11 17:44:43,2021-09-11 18:01:44,Madison Ave & E 82 St,7188,Amsterdam Ave & W 73 St,7260,40.7781314,-73.96069399,40.77966809007312,-73.98093044757842,casual
1229789,AC97C6F1ABC8DF82,classic_bike,2021-09-15 15:10:17,2021-09-15 15:23:13,Madison Ave & E 82 St,7188,Amsterdam Ave & W 73 St,7260,40.7781314,-73.96069399,40.77966809007312,-73.98093044757842,casual
1229791,4B518106C5BD5156,classic_bike,2021-09-15 17:30:23,2021-09-15 17:40:49,Madison Ave & E 82 St,7188,Amsterdam Ave & W 73 St,7260,40.7781314,-73.96069399,40.77966809007312,-73.98093044757842,member
1229831,3D7DB532AD28574B,classic_bike,2021-09-15 00:28:07,2021-09-15 00:37:42,Madison Ave & E 82 St,7188,Amsterdam Ave & W 73 St,7260,40.7781314,-73.96069399,40.77966809007312,-73.98093044757842,casual
1229839,86FD71A99CC63CBA,classic_bike,2021-09-19 14:26:14,2021-09-19 14:56:35,Madison Ave & E 82 St,7188,4 Ave & E 12 St,5788,40.7781314,-73.96069399,40.732647,-73.99011,member
1229863,D1DE4E7CF6DC1DC4,classic_bike,2021-09-27 15:53:11,2021-09-27 16:01:42,Madison Ave & E 82 St,7188,W 84 St & Broadway,7409,40.7781314,-73.96069399,40.7867947,-73.977112,member
1229897,F0096F9F22492E33,classic_bike,2021-09-17 17:34:35,2021-09-17 17:52:33,Madison Ave & E 82 St,7188,Amsterdam Ave & W 73 St,7260,40.7781314,-73.96069399,40.77966809007312,-73.98093044757842,casual
1229903,1F02A13399579C1D,classic_bike,2021-09-18 13:38:06,2021-09-18 14:01:25,Madison Ave & E 82 St,7188,Amsterdam Ave & W 73 St,7260,40.7781314,-73.96069399,40.77966809007312,-73.98093044757842,casual
1229940,B0BCD8653CB5E5C9,classic_bike,2021-09-27 10:28:00,2021-09-27 10:40:21,Madison Ave & E 82 St,7188,Amsterdam Ave & W 73 St,7260,40.7781314,-73.96069399,40.77966809007312,-73.98093044757842,casual
1229944,F564C602B42E8AD3,classic_bike,2021-09-21 12:32:17,2021-09-21 12:51:33,Madison Ave & E 82 St,7188,Amsterdam Ave & W 73 St,7260,40.7781314,-73.96069399,40.77966809007312,-73.98093044757842,casual
1229982,DA81A561F5E94041,classic_bike,2021-09-18 13:59:38,2021-09-18 14:19:46,Madison Ave & E 82 St,7188,W 84 St & Broadway,7409,40.7781314,-73.96069399,40.7867947,-73.977112,casual
1229992,F84F5AD6BF9B87B8,classic_bike,2021-09-24 17:33:19,2021-09-24 17:56:13,Madison Ave & E 82 St,7188,Amsterdam Ave & W 73 St,7260,40.7781314,-73.96069399,40.77966809007312,-73.98093044757842,casual
1230970,B6960BA0E434075B,classic_bike,2021-09-18 13:34:08,2021-09-18 14:03:05,Madison Ave & E 82 St,7188,Amsterdam Ave & W 73 St,7260,40.7781314,-73.96069399,40.77966809007312,-73.98093044757842,member
1231024,B8DA03684875D754,classic_bike,2021-09-12 15:22:30,2021-09-12 15:34:11,Madison Ave & E 82 St,7188,Amsterdam Ave & W 73 St,7260,40.7781314,-73.96069399,40.77966809007312,-73.98093044757842,member
1231140,2898873E5A5A8D64,classic_bike,2021-09-22 15:14:18,2021-09-22 15:25:52,Madison Ave & E 82 St,7188,Amsterdam Ave & W 73 St,7260,40.7781314,-73.96069399,40.77966809007312,-73.98093044757842,casual
1231451,EB3D0BCB397F9FDD,classic_bike,2021-09-18 13:55:15,2021-09-18 14:19:14,Madison Ave & E 82 St,7188,W 84 St & Broadway,7409,40.7781314,-73.96069399,40.7867947,-73.977112,casual
1231698,195777D107F72D1B,classic_bike,2021-09-11 16:01:01,2021-09-11 16:44:33,Madison Ave & E 82 St,7188,W 84 St & Broadway,7409,40.7781314,-73.96069399,40.7867947,-73.977112,member
1231699,159FB8C68D6BC3D0,classic_bike,2021-09-17 17:33:11,2021-09-17 17:52:30,Madison Ave & E 82 St,7188,Amsterdam Ave & W 73 St,7260,40.7781314,-73.96069399,40.77966809007312,-73.98093044757842,member
1231727,7BC119BD57AC8BF2,classic_bike,2021-09-17 17:35:22,2021-09-17 17:52:41,Madison Ave & E 82 St,7188,Amsterdam Ave & W 73 St,7260,40.7781314,-73.96069399,40.77966809007312,-73.98093044757842,casual
1235961,C301C9F2800EB88C,classic_bike,2021-09-22 11:43:38,2021-09-22 12:19:05,Madison Ave & E 82 St,7188,W 11 St & 6 Ave,5914,40.7781314,-73.96069399,40.73532427,-73.99800419,member
1240108,D1236AA0DAD67A48,classic_bike,2021-09-15 07:34:13,2021-09-15 07:46:02,Madison Ave & E 82 St,7188,E 41 St & Madison Ave,6474,40.7781314,-73.96069399,40.752165280621966,-73.97992193698882,member
1240157,BEB4303C8EAB9F31,classic_bike,2021-09-10 18:55:27,2021-09-10 19:19:28,Madison Ave & E 82 St,7188,Madison Ave & E 120 St,7667,40.7781314,-73.96069399,40.80295,-73.942954,casual
1240215,B82CEF6A01519698,classic_bike,2021-09-02 16:43:22,2021-09-02 17:03:04,Madison Ave & E 82 St,7188,E 41 St & Madison Ave,6474,40.7781314,-73.96069399,40.752165280621966,-73.97992193698882,member
1245372,846FC0A4A26495F1,classic_bike,2021-09-30 19:26:33,2021-09-30 19:56:52,E 81 St & Park Ave,7188,W 11 St & 6 Ave,5914,40.77677702,-73.9590097,40.73532427,-73.99800419,member
1245389,46725C2D2FA901EA,electric_bike,2021-09-17 18:33:57,2021-09-17 18:45:28,Madison Ave & E 82 St,7188,Madison Ave & E 120 St,7667,40.7781314,-73.96069399,40.80295,-73.942954,member
1246895,E29BF7083B3CFE56,electric_bike,2021-09-04 13:15:18,2021-09-04 13:24:05,E 81 St & Park Ave,7188,Madison Ave & E 120 St,7667,40.77677702,-73.9590097,40.80295,-73.942954,member
1252221,70E8E0B5AF255BB5,classic_bike,2021-09-27 15:08:02,2021-09-27 15:41:22,Madison Ave & E 82 St,7188,W 17 St & 8 Ave,6148,40.7781314,-73.96069399,40.74177603,-74.00149746,member
1252225,BEACE7715D17281F,classic_bike,2021-09-12 12:42:45,2021-09-12 13:07:44,Madison Ave & E 82 St,7188,Adam Clayton Powell Blvd & W 123 St,7704,40.7781314,-73.96069399,40.8078316,-73.949373,casual
1252232,FBDD1D0AAFCEFCD3,electric_bike,2021-09-16 13:36:58,2021-09-16 13:47:54,Madison Ave & E 82 St,7188,Madison Ave & E 120 St,7667,40.7781314,-73.96069399,40.80295,-73.942954,member
1252250,0E043D9F94138804,classic_bike,2021-09-11 18:28:02,2021-09-11 18:41:26,Madison Ave & E 82 St,7188,Madison Ave & E 120 St,7667,40.7781314,-73.96069399,40.80295,-73.942954,casual
1257234,7261EC1B12C7677D,classic_bike,2021-09-13 08:23:20,2021-09-13 08:49:52,E 81 St & Park Ave,7188,E 41 St & Madison Ave,6474,40.77677702,-73.9590097,40.752165280621966,-73.97992193698882,member
1257235,FF8861882EA974FF,classic_bike,2021-09-17 21:55:53,2021-09-17 22:33:57,E 81 St & Park Ave,7188,34 Ave & 31 St,6720,40.77677702,-73.9590097,40.759604471387945,-73.92714411020279,member
1257264,0A7D1225414EDCBE,classic_bike,2021-09-16 17:03:19,2021-09-16 17:23:48,E 81 St & Park Ave,7188,8 Ave & W 31 St,6450,40.77677702,-73.9590097,40.7505853470215,-73.9946848154068,member
1261901,79C5030DC448B974,electric_bike,2021-09-20 13:25:06,2021-09-20 14:00:32,Madison Ave & E 82 St,7188,E 7 St & Avenue A,5626,40.7781314,-73.96069399,40.72621788,-73.98379855,member
1261915,8929591B4B3D0D60,classic_bike,2021-09-18 23:31:50,2021-09-18 23:43:43,Madison Ave & E 82 St,7188,Madison Ave & E 120 St,7667,40.7781314,-73.96069399,40.80295,-73.942954,casual
1261950,BF50392CB031B2D5,classic_bike,2021-09-13 16:13:53,2021-09-13 16:45:34,Madison Ave & E 82 St,7188,E 41 St & Madison Ave,6474,40.7781314,-73.96069399,40.752165280621966,-73.97992193698882,casual
1262712,624B3075C7195D6D,classic_bike,2021-09-21 14:06:34,2021-09-21 14:34:44,Madison Ave & E 82 St,7188,8 Ave & W 31 St,6450,40.7781314,-73.96069399,40.7505853470215,-73.9946848154068,casual
1263069,753CDA2A5DE24739,electric_bike,2021-09-12 10:18:49,2021-09-12 10:44:07,Madison Ave & E 82 St,7188,Madison Ave & E 120 St,7667,40.7781314,-73.96069399,40.80295,-73.942954,member
1265110,F54117E69F5D94E7,classic_bike,2021-09-12 12:42:06,2021-09-12 13:07:16,Madison Ave & E 82 St,7188,Adam Clayton Powell Blvd & W 123 St,7704,40.7781314,-73.96069399,40.8078316,-73.949373,casual
1265974,87A8948A72291306,classic_bike,2021-09-07 17:25:41,2021-09-07 17:40:53,Madison Ave & E 82 St,7188,Adam Clayton Powell Blvd & W 123 St,7704,40.7781314,-73.96069399,40.8078316,-73.949373,casual
1269866,0E1035523A71A6F8,electric_bike,2021-09-13 12:37:30,2021-09-13 12:51:58,Madison Ave & E 82 St,7188,Adam Clayton Powell Blvd & W 123 St,7704,40.7781314,-73.96069399,40.8078316,-73.949373,member
1274138,88B35612642F0BA8,electric_bike,2021-09-13 15:51:40,2021-09-13 16:02:38,Madison Ave & E 82 St,7188,E 110 St & Madison Ave,7587,40.7781314,-73.96069399,40.7961535,-73.94782145,member
1275021,CE5383AD92F0A229,classic_bike,2021-09-05 15:31:15,2021-09-05 15:50:55,Madison Ave & E 82 St,7188,E 110 St & Madison Ave,7587,40.7781314,-73.96069399,40.7961535,-73.94782145,casual
1284644,3EC07AF4D5652DFC,classic_bike,2021-09-05 15:33:33,2021-09-05 15:50:52,Madison Ave & E 82 St,7188,E 110 St & Madison Ave,7587,40.7781314,-73.96069399,40.7961535,-73.94782145,casual
1284648,C76E65870B5F889D,classic_bike,2021-09-10 09:31:13,2021-09-10 09:40:25,Madison Ave & E 82 St,7188,E 110 St & Madison Ave,7587,40.7781314,-73.96069399,40.7961535,-73.94782145,member
1285570,F71E945648881DEB,classic_bike,2021-09-02 13:58:59,2021-09-02 14:09:41,Madison Ave & E 82 St,7188,E 110 St & Madison Ave,7587,40.7781314,-73.96069399,40.7961535,-73.94782145,member
1288497,644E93445FCD63D0,classic_bike,2021-09-11 21:39:21,2021-09-11 22:05:40,E 81 St & Park Ave,7188,E 110 St & Madison Ave,7587,40.77677702,-73.9590097,40.7961535,-73.94782145,casual
1288510,FF65F96C774ABECC,electric_bike,2021-09-04 07:42:59,2021-09-04 08:08:48,E 81 St & Park Ave,7188,E 110 St & Madison Ave,7587,40.77677702,-73.9590097,40.7961535,-73.94782145,member
1289800,DD1AF4828AF6643E,classic_bike,2021-09-19 11:37:07,2021-09-19 11:47:01,Madison Ave & E 82 St,7188,E 110 St & Madison Ave,7587,40.7781314,-73.96069399,40.7961535,-73.94782145,member
1294182,22EF3EDF0B68A6C5,electric_bike,2021-09-28 14:54:48,2021-09-28 15:08:59,Madison Ave & E 82 St,7188,W 47 St & 10 Ave,6824,40.7781314,-73.96069399,40.76269882,-73.99301222,member
1294458,B2E55C8A67B67F56,classic_bike,2021-09-15 17:21:20,2021-09-15 17:54:47,E 81 St & Park Ave,7188,12 Ave & W 40 St,6765,40.77677702,-73.9590097,40.76087502,-74.00277668,casual
1294482,D28623FFF7FFEC6E,electric_bike,2021-09-29 16:10:42,2021-09-29 16:31:30,E 81 St & Park Ave,7188,1 Ave & E 18 St,5854,40.77677702,-73.9590097,40.73381219196632,-73.98054420948029,casual
1295021,DEB7FE3D865983D2,classic_bike,2021-09-13 17:26:08,2021-09-13 18:18:14,E 81 St & Park Ave,7188,12 Ave & W 40 St,6765,40.77677702,-73.9590097,40.76087502,-74.00277668,casual
1302947,0E5B401CE901F702,electric_bike,2021-09-20 07:20:44,2021-09-20 07:38:58,Madison Ave & E 82 St,7188,12 Ave & W 40 St,6765,40.7781314,-73.96069399,40.76087502,-74.00277668,member
1302980,FF7B8983AF722BAC,classic_bike,2021-09-24 07:09:04,2021-09-24 07:41:32,Madison Ave & E 82 St,7188,12 Ave & W 40 St,6765,40.7781314,-73.96069399,40.76087502,-74.00277668,member
1303026,74F3E9EDE0E68B9A,classic_bike,2021-09-21 12:09:46,2021-09-21 12:45:34,Madison Ave & E 82 St,7188,12 Ave & W 40 St,6765,40.7781314,-73.96069399,40.76087502,-74.00277668,member
1303041,C0EE67FA2AC3E816,electric_bike,2021-09-18 12:57:38,2021-09-18 13:27:59,Madison Ave & E 82 St,7188,E 16 St & Irving Pl,5938,40.7781314,-73.96069399,40.735367055605394,-73.98797392845154,member
1315225,7DF98E4C40E96201,classic_bike,2021-09-03 16:11:23,2021-09-03 16:31:24,Madison Ave & E 82 St,7188,12 Ave & W 40 St,6765,40.7781314,-73.96069399,40.76087502,-74.00277668,member
1315393,893E5CF4AF233CD2,classic_bike,2021-09-12 14:30:54,2021-09-12 15:28:20,Madison Ave & E 82 St,7188,12 Ave & W 40 St,6765,40.7781314,-73.96069399,40.76087502,-74.00277668,casual
1315394,5701255F89544883,classic_bike,2021-09-12 14:30:59,2021-09-12 15:28:20,Madison Ave & E 82 St,7188,12 Ave & W 40 St,6765,40.7781314,-73.96069399,40.76087502,-74.00277668,casual
1315437,ABCD32D3DAF1D78A,classic_bike,2021-09-25 14:25:57,2021-09-25 14:53:39,Madison Ave & E 82 St,7188,12 Ave & W 40 St,6765,40.7781314,-73.96069399,40.76087502,-74.00277668,member
1315438,08CC13180830F83B,classic_bike,2021-09-25 19:48:55,2021-09-25 20:15:48,Madison Ave & E 82 St,7188,W 47 St & 10 Ave,6824,40.7781314,-73.96069399,40.76269882,-73.99301222,member
1315622,35F4891B7EF563B1,electric_bike,2021-09-07 14:29:26,2021-09-07 14:58:40,Madison Ave & E 82 St,7188,12 Ave & W 40 St,6765,40.7781314,-73.96069399,40.76087502,-74.00277668,member
1315633,55A3B3E838F3710D,classic_bike,2021-09-11 17:45:58,2021-09-11 18:13:51,Madison Ave & E 82 St,7188,Broadway & W 37 St,6441,40.7781314,-73.96069399,40.75172632,-73.98753523,casual
1315840,99E356DA63AE2D2C,classic_bike,2021-09-20 16:09:28,2021-09-20 16:39:07,Madison Ave & E 82 St,7188,1 Ave & E 18 St,5854,40.7781314,-73.96069399,40.73381219196632,-73.98054420948029,member
1315883,1D14D983BB2EB2C4,classic_bike,2021-09-17 15:08:22,2021-09-17 15:37:41,Madison Ave & E 82 St,7188,12 Ave & W 40 St,6765,40.7781314,-73.96069399,40.76087502,-74.00277668,casual
1318360,2F173AF67E1A2372,classic_bike,2021-09-22 08:17:44,2021-09-22 08:38:16,E 81 St & Park Ave,7188,Broadway & W 37 St,6441,40.77677702,-73.9590097,40.75172632,-73.98753523,casual
1318584,8444226FEAF2F580,classic_bike,2021-09-24 20:59:52,2021-09-24 21:26:04,E 81 St & Park Ave,7188,12 Ave & W 40 St,6765,40.77677702,-73.9590097,40.76087502,-74.00277668,member
1328190,353CA61204D3F3B8,classic_bike,2021-09-17 15:08:51,2021-09-17 15:37:23,Madison Ave & E 82 St,7188,12 Ave & W 40 St,6765,40.7781314,-73.96069399,40.76087502,-74.00277668,member
1328465,765DBDC14740E485,electric_bike,2021-09-18 12:58:09,2021-09-18 13:28:12,Madison Ave & E 82 St,7188,E 16 St & Irving Pl,5938,40.7781314,-73.96069399,40.735367055605394,-73.98797392845154,casual
1330029,BA75C6FBBF889236,electric_bike,2021-09-11 11:53:38,2021-09-11 12:06:13,E 81 St & Park Ave,7188,W 47 St & 10 Ave,6824,40.77677702,-73.9590097,40.76269882,-73.99301222,member
1330058,1A0EA595FF346EC6,electric_bike,2021-09-04 02:12:50,2021-09-04 02:24:50,E 81 St & Park Ave,7188,W 47 St & 10 Ave,6824,40.77677702,-73.9590097,40.76269882,-73.99301222,casual
1330071,4CD566ADDB8E749D,electric_bike,2021-09-13 21:37:48,2021-09-13 21:57:48,E 81 St & Park Ave,7188,1 Ave & E 18 St,5854,40.77677702,-73.9590097,40.73381219196632,-73.98054420948029,member
1331670,761F1857196D93EC,electric_bike,2021-09-03 07:36:14,2021-09-03 07:52:04,Madison Ave & E 82 St,7188,Broadway & W 37 St,6441,40.7781314,-73.96069399,40.75172632,-73.98753523,member
1334840,4F3F4BB21F0091E7,classic_bike,2021-09-08 06:26:25,2021-09-08 06:53:04,Madison Ave & E 82 St,7188,Broadway & W 37 St,6441,40.7781314,-73.96069399,40.75172632,-73.98753523,member
1334844,7024FB37A41B8B64,electric_bike,2021-09-18 15:19:15,2021-09-18 15:37:59,Madison Ave & E 82 St,7188,E 13 St & Avenue A,5779,40.7781314,-73.96069399,40.72966729392978,-73.98067966103554,member
1338685,F2CC221EEC3D0A53,classic_bike,2021-09-08 20:24:12,2021-09-08 20:52:44,Madison Ave & E 82 St,7188,Forsyth St & Canal St,5270,40.7781314,-73.96069399,40.7158155,-73.99422366,member
1339951,B229A8B1DB65C3A6,classic_bike,2021-09-16 13:21:48,2021-09-16 13:45:59,E 81 St & Park Ave,7188,E 109 St & 3 Ave,7504,40.77677702,-73.9590097,40.79329668,-73.9432083,casual
1339999,CC91CE17BAECEE9C,classic_bike,2021-09-16 13:21:51,2021-09-16 13:45:34,E 81 St & Park Ave,7188,E 109 St & 3 Ave,7504,40.77677702,-73.9590097,40.79329668,-73.9432083,casual
1340723,5208D16D4F4E93C5,classic_bike,2021-09-13 08:09:50,2021-09-13 08:26:55,E 81 St & Park Ave,7188,E 27 St & Park Ave S,6131,40.77677702,-73.9590097,40.74275179648995,-73.9847157150507,member
1344847,13D58D6BC8E77A43,classic_bike,2021-09-12 17:39:36,2021-09-12 18:10:07,E 81 St & Park Ave,7188,E 27 St & Park Ave S,6131,40.77677702,-73.9590097,40.74275179648995,-73.9847157150507,member
1344855,EC6AFBF69E327F52,classic_bike,2021-09-16 13:22:03,2021-09-16 13:45:36,E 81 St & Park Ave,7188,E 109 St & 3 Ave,7504,40.77677702,-73.9590097,40.79329668,-73.9432083,casual
1345147,7B1103DB121D448B,classic_bike,2021-09-18 16:08:43,2021-09-18 16:46:38,Madison Ave & E 82 St,7188,E 27 St & Park Ave S,6131,40.7781314,-73.96069399,40.74275179648995,-73.9847157150507,casual
1352615,6692F1A66CABE845,classic_bike,2021-09-16 11:04:44,2021-09-16 11:39:21,E 81 St & Park Ave,7188,Greenwich Ave & 8 Ave,6072,40.77677702,-73.9590097,40.7390169121,-74.0026376103,member
1352643,5F30F7F8F5F65A90,classic_bike,2021-09-16 13:22:22,2021-09-16 13:45:56,E 81 St & Park Ave,7188,E 109 St & 3 Ave,7504,40.77677702,-73.9590097,40.79329668,-73.9432083,casual
1367122,FDEE8F3837FD584E,classic_bike,2021-09-17 13:48:51,2021-09-17 14:05:43,Madison Ave & E 82 St,7188,E 109 St & 3 Ave,7504,40.7781314,-73.96069399,40.79329668,-73.9432083,member
1367168,725AB4071403403E,electric_bike,2021-09-04 10:46:46,2021-09-04 11:08:13,Madison Ave & E 82 St,7188,E 27 St & Park Ave S,6131,40.7781314,-73.96069399,40.74275179648995,-73.9847157150507,member
1367236,0ED0E53713157542,classic_bike,2021-09-18 16:08:43,2021-09-18 16:46:41,Madison Ave & E 82 St,7188,E 27 St & Park Ave S,6131,40.7781314,-73.96069399,40.74275179648995,-73.9847157150507,casual
1367240,965446BC75DE4ED5,classic_bike,2021-09-11 12:25:46,2021-09-11 12:47:35,Madison Ave & E 82 St,7188,W 50 St & 10 Ave,6890,40.7781314,-73.96069399,40.76473420006519,-73.99194359779358,casual
1367428,FC06F049ECCB58F8,classic_bike,2021-09-17 09:51:42,2021-09-17 10:04:30,Madison Ave & E 82 St,7188,E 109 St & 3 Ave,7504,40.7781314,-73.96069399,40.79329668,-73.9432083,member
1367452,8762ED250155D4D1,classic_bike,2021-09-13 11:23:57,2021-09-13 11:43:01,Madison Ave & E 82 St,7188,W 50 St & 10 Ave,6890,40.7781314,-73.96069399,40.76473420006519,-73.99194359779358,member
1367460,11E7E6D38C15FC26,electric_bike,2021-09-18 12:37:17,2021-09-18 13:16:40,Madison Ave & E 82 St,7188,Greenwich Ave & 8 Ave,6072,40.7781314,-73.96069399,40.7390169121,-74.0026376103,member
1367482,8902BC5D3090F8BD,classic_bike,2021-09-13 01:22:03,2021-09-13 02:01:14,Madison Ave & E 82 St,7188,W 50 St & 10 Ave,6890,40.7781314,-73.96069399,40.76473420006519,-73.99194359779358,member
1367543,A768AF8F1ED7DDE4,classic_bike,2021-09-25 11:11:56,2021-09-25 11:29:13,Madison Ave & E 82 St,7188,W 50 St & 10 Ave,6890,40.7781314,-73.96069399,40.76473420006519,-73.99194359779358,member
1367569,DEB2DFF782E9A4D9,electric_bike,2021-09-24 17:00:29,2021-09-24 17:25:06,Madison Ave & E 82 St,7188,Greenwich Ave & 8 Ave,6072,40.7781314,-73.96069399,40.7390169121,-74.0026376103,member
1367599,194355E0618D6949,classic_bike,2021-09-10 12:55:58,2021-09-10 13:45:48,Madison Ave & E 82 St,7188,Greenwich Ave & 8 Ave,6072,40.7781314,-73.96069399,40.7390169121,-74.0026376103,member
1368803,5D18158479B3DA4F,classic_bike,2021-09-16 16:46:43,2021-09-16 17:09:28,Madison Ave & E 82 St,7188,E 27 St & Park Ave S,6131,40.7781314,-73.96069399,40.74275179648995,-73.9847157150507,member
1369560,99BA8041AEAE35FB,classic_bike,2021-09-26 09:38:16,2021-09-26 10:04:06,Madison Ave & E 82 St,7188,Greenwich Ave & 8 Ave,6072,40.7781314,-73.96069399,40.7390169121,-74.0026376103,member
1377983,3E95C25DAA29E0EE,classic_bike,2021-09-13 07:48:02,2021-09-13 08:14:05,E 81 St & Park Ave,7188,E 17 St & Broadway,5980,40.77677702,-73.9590097,40.73704984,-73.99009296,member
1381052,BA7A256A6B617042,electric_bike,2021-09-17 12:44:59,2021-09-17 13:10:21,E 81 St & Park Ave,7188,E 17 St & Broadway,5980,40.77677702,-73.9590097,40.73704984,-73.99009296,member
1383708,6A95733A01557D6E,classic_bike,2021-09-30 07:47:20,2021-09-30 08:12:27,Madison Ave & E 82 St,7188,E 17 St & Broadway,5980,40.7781314,-73.96069399,40.73704984,-73.99009296,member
1383823,AB522331B43FB779,docked_bike,2021-09-02 15:46:21,2021-09-02 18:10:19,Madison Ave & E 82 St,7188,E 17 St & Broadway,5980,40.778131,-73.960694,40.73705,-73.990093,casual
1383827,00A140D9AEA20770,classic_bike,2021-09-18 14:49:08,2021-09-18 15:39:27,Madison Ave & E 82 St,7188,University Pl & E 14 St,5905,40.7781314,-73.96069399,40.734814,-73.992085,casual
1383933,344C1BD1480AED92,classic_bike,2021-09-06 17:06:22,2021-09-06 17:42:41,Madison Ave & E 82 St,7188,W 42 St & Dyer Ave,6644,40.7781314,-73.96069399,40.75898481399634,-73.99379968643188,member
1383934,2803A34617E31637,electric_bike,2021-09-23 09:26:12,2021-09-23 09:43:54,Madison Ave & E 82 St,7188,E 17 St & Broadway,5980,40.7781314,-73.96069399,40.73704984,-73.99009296,member
1384952,4E1B81B295C7D744,electric_bike,2021-09-20 10:27:25,2021-09-20 10:42:54,Madison Ave & E 82 St,7188,E 17 St & Broadway,5980,40.7781314,-73.96069399,40.73704984,-73.99009296,member
1385448,DAE3E49A4E43878E,classic_bike,2021-09-27 10:36:40,2021-09-27 10:53:43,E 81 St & Park Ave,7188,E 51 St & 1 Ave,6532,40.77677702,-73.9590097,40.75455731,-73.96592976,casual
1385454,F875CEC2A8F80928,classic_bike,2021-09-12 17:13:05,2021-09-12 17:37:53,E 81 St & Park Ave,7188,Lenox Ave & W 126 St,7720,40.77677702,-73.9590097,40.808442,-73.9452087,casual
1385456,B5CE12085257F38F,classic_bike,2021-09-24 23:36:35,2021-09-24 23:55:07,E 81 St & Park Ave,7188,W 42 St & Dyer Ave,6644,40.77677702,-73.9590097,40.75898481399634,-73.99379968643188,member
1416811,934F87463F7B1D35,electric_bike,2021-09-23 18:22:11,2021-09-23 18:46:55,Madison Ave & E 82 St,7188,43 St & Broadway,6670,40.7781314,-73.96069399,40.7577284,-73.9166368,member
1416837,F17F3A129A52CDBD,classic_bike,2021-09-15 17:24:00,2021-09-15 17:36:52,Madison Ave & E 82 St,7188,E 51 St & 1 Ave,6532,40.7781314,-73.96069399,40.75455731,-73.96592976,member
1416856,E2D96E84EE0ED3B3,classic_bike,2021-09-14 14:11:24,2021-09-14 14:25:40,Madison Ave & E 82 St,7188,E 51 St & 1 Ave,6532,40.7781314,-73.96069399,40.75455731,-73.96592976,member
1416923,0000106CB1C2B01B,classic_bike,2021-09-17 20:55:21,2021-09-17 21:12:15,Madison Ave & E 82 St,7188,E 51 St & 1 Ave,6532,40.7781314,-73.96069399,40.75455731,-73.96592976,member
1417089,0AA932E68FA62D3A,electric_bike,2021-09-02 10:15:42,2021-09-02 10:39:44,Madison Ave & E 82 St,7188,Convent Ave & W 135 St,7860,40.7781314,-73.96069399,40.818215,-73.950988,member
1417091,F5535C00051DAD91,classic_bike,2021-09-20 17:15:32,2021-09-20 17:30:33,Madison Ave & E 82 St,7188,E 51 St & 1 Ave,6532,40.7781314,-73.96069399,40.75455731,-73.96592976,member
1417117,C68B41A06E1B1485,classic_bike,2021-09-05 19:45:33,2021-09-05 20:08:43,Madison Ave & E 82 St,7188,Lenox Ave & W 126 St,7720,40.7781314,-73.96069399,40.808442,-73.9452087,casual
1419663,FC2E5405F6AEEBDD,classic_bike,2021-09-26 10:41:58,2021-09-26 11:10:08,Madison Ave & E 82 St,7188,University Pl & E 14 St,5905,40.7781314,-73.96069399,40.734814,-73.992085,member
1419690,F2837D949A454C65,classic_bike,2021-09-28 07:29:58,2021-09-28 07:55:52,Madison Ave & E 82 St,7188,E 17 St & Broadway,5980,40.7781314,-73.96069399,40.73704984,-73.99009296,member
1419717,C643F87156828CFF,electric_bike,2021-09-27 21:07:37,2021-09-27 21:23:51,Madison Ave & E 82 St,7188,E 51 St & 1 Ave,6532,40.7781314,-73.96069399,40.75455731,-73.96592976,member
1419954,FC0BA1875C651A95,classic_bike,2021-09-16 22:32:14,2021-09-16 22:53:09,Madison Ave & E 82 St,7188,W 42 St & Dyer Ave,6644,40.7781314,-73.96069399,40.75898481399634,-73.99379968643188,member
1420014,FA063E7ED3FE6170,classic_bike,2021-09-13 12:09:38,2021-09-13 12:43:38,Madison Ave & E 82 St,7188,University Pl & E 14 St,5905,40.7781314,-73.96069399,40.734814,-73.992085,member
1420126,64743D1570EB9FD0,classic_bike,2021-09-30 14:46:12,2021-09-30 15:21:53,Madison Ave & E 82 St,7188,University Pl & E 14 St,5905,40.7781314,-73.96069399,40.734814,-73.992085,member
1420135,477A16759C2614EB,classic_bike,2021-09-04 13:03:27,2021-09-04 13:21:33,Madison Ave & E 82 St,7188,Lenox Ave & W 126 St,7720,40.7781314,-73.96069399,40.808442,-73.9452087,member
1420631,412B1879395BB0F9,electric_bike,2021-09-03 11:41:11,2021-09-03 12:06:06,Madison Ave & E 82 St,7188,E 51 St & 1 Ave,6532,40.7781314,-73.96069399,40.75455731,-73.96592976,casual
1420930,8C7F7D791F611254,classic_bike,2021-09-13 08:24:07,2021-09-13 08:55:51,Madison Ave & E 82 St,7188,W 34 St & 11 Ave,6578,40.7781314,-73.96069399,40.75594159,-74.0021163,member
1421245,F22408BF63F9591C,classic_bike,2021-09-26 13:58:12,2021-09-26 14:52:50,Madison Ave & E 82 St,7188,W 34 St & 11 Ave,6578,40.7781314,-73.96069399,40.75594159,-74.0021163,casual
1421248,FC4F754C03862A1A,classic_bike,2021-09-17 08:37:41,2021-09-17 08:55:10,Madison Ave & E 82 St,7188,E 68 St & 3 Ave,6896,40.7781314,-73.96069399,40.76712840349542,-73.96224617958069,member
1421249,3C565CD08D48C94C,electric_bike,2021-09-17 13:03:23,2021-09-17 13:12:05,Madison Ave & E 82 St,7188,E 68 St & 3 Ave,6896,40.7781314,-73.96069399,40.76712840349542,-73.96224617958069,member
1421627,9BB43C13F6D04E71,electric_bike,2021-09-12 12:51:39,2021-09-12 15:34:42,E 81 St & Park Ave,7188,E 68 St & 3 Ave,6896,40.77677702,-73.9590097,40.76712840349542,-73.96224617958069,member
1421629,6B6E6BA56B9C6C1B,classic_bike,2021-09-11 14:10:15,2021-09-11 14:52:42,E 81 St & Park Ave,7188,W 34 St & 11 Ave,6578,40.77677702,-73.9590097,40.75594159,-74.0021163,casual
1421630,260C97D2AB1F3BBE,classic_bike,2021-09-19 14:43:15,2021-09-19 15:05:08,E 81 St & Park Ave,7188,W 37 St & 10 Ave,6611,40.77677702,-73.9590097,40.75660359,-73.9979009,member
1421728,F44DA16BFCED831E,classic_bike,2021-09-13 16:05:20,2021-09-13 16:36:32,Madison Ave & E 82 St,7188,Lenox Ave & W 126 St,7720,40.7781314,-73.96069399,40.808442,-73.9452087,member
1424767,5A67B3985A3A60F8,classic_bike,2021-09-28 15:47:17,2021-09-28 15:59:57,Madison Ave & E 82 St,7188,E 68 St & 3 Ave,6896,40.7781314,-73.96069399,40.76712840349542,-73.96224617958069,member
1424783,1EC445D477CFAB7A,classic_bike,2021-09-26 15:23:36,2021-09-26 15:37:18,Madison Ave & E 82 St,7188,E 68 St & 3 Ave,6896,40.7781314,-73.96069399,40.76712840349542,-73.96224617958069,casual
1426025,AADD9F3737A6E83D,electric_bike,2021-09-04 12:27:25,2021-09-04 12:51:24,Madison Ave & E 82 St,7188,W 34 St & 11 Ave,6578,40.7781314,-73.96069399,40.75594159,-74.0021163,member
1426201,7D5C5B8C7EAFDBEA,electric_bike,2021-09-12 12:01:34,2021-09-12 12:55:49,Madison Ave & E 82 St,7188,Margaret Corbin Plz & Ft Washington Ave,8532,40.7781314,-73.96069399,40.859166,-73.933872,casual
1427788,9F2D66EB73B6B13C,classic_bike,2021-09-11 14:10:15,2021-09-11 14:52:03,E 81 St & Park Ave,7188,W 34 St & 11 Ave,6578,40.77677702,-73.9590097,40.75594159,-74.0021163,casual
1427791,F9909ED475F63C85,classic_bike,2021-09-17 08:06:15,2021-09-17 08:38:29,E 81 St & Park Ave,7188,W 34 St & 11 Ave,6578,40.77677702,-73.9590097,40.75594159,-74.0021163,member
1427793,46ACFC1EBC30028B,classic_bike,2021-09-11 14:10:19,2021-09-11 14:51:27,E 81 St & Park Ave,7188,W 34 St & 11 Ave,6578,40.77677702,-73.9590097,40.75594159,-74.0021163,member
1427795,E677820014DF7F28,electric_bike,2021-09-23 13:28:44,2021-09-23 13:39:06,E 81 St & Park Ave,7188,E 68 St & 3 Ave,6896,40.77677702,-73.9590097,40.76712840349542,-73.96224617958069,member
1428011,181B619F0BBD253D,classic_bike,2021-09-27 13:33:53,2021-09-27 13:58:54,E 81 St & Park Ave,7188,E 68 St & 3 Ave,6896,40.77677702,-73.9590097,40.76712840349542,-73.96224617958069,casual
1434073,784160706BB139F9,electric_bike,2021-09-17 18:22:56,2021-09-17 18:48:57,Madison Ave & E 82 St,7188,W 37 St & 10 Ave,6611,40.7781314,-73.96069399,40.75660359,-73.9979009,member
1434076,93351623B2CE21C5,classic_bike,2021-09-12 12:54:18,2021-09-12 13:40:18,Madison Ave & E 82 St,7188,W 34 St & 11 Ave,6578,40.7781314,-73.96069399,40.75594159,-74.0021163,member
1434081,89C06E045ED811E0,classic_bike,2021-09-12 12:54:28,2021-09-12 13:38:42,Madison Ave & E 82 St,7188,W 34 St & 11 Ave,6578,40.7781314,-73.96069399,40.75594159,-74.0021163,casual
1434082,A71B7BFD8261CF62,classic_bike,2021-09-12 15:50:44,2021-09-12 18:24:41,Madison Ave & E 82 St,7188,W 37 St & 10 Ave,6611,40.7781314,-73.96069399,40.75660359,-73.9979009,casual
1434083,C5CAF4E7F45C6604,classic_bike,2021-09-06 12:15:34,2021-09-06 12:24:06,Madison Ave & E 82 St,7188,E 68 St & 3 Ave,6896,40.7781314,-73.96069399,40.76712840349542,-73.96224617958069,casual
1434094,8AE91586AC110D65,classic_bike,2021-09-27 13:24:38,2021-09-27 13:58:44,Madison Ave & E 82 St,7188,E 68 St & 3 Ave,6896,40.7781314,-73.96069399,40.76712840349542,-73.96224617958069,casual
1434104,46677D935189781D,classic_bike,2021-09-04 17:45:20,2021-09-04 18:08:26,Madison Ave & E 82 St,7188,W 37 St & 10 Ave,6611,40.7781314,-73.96069399,40.75660359,-73.9979009,member
1434105,78407B0FBA6CA3A7,electric_bike,2021-09-27 12:40:17,2021-09-27 13:02:38,Madison Ave & E 82 St,7188,W 34 St & 11 Ave,6578,40.7781314,-73.96069399,40.75594159,-74.0021163,member
1434138,66AACE3D4CAF2B32,classic_bike,2021-09-02 12:54:01,2021-09-02 13:22:52,Madison Ave & E 82 St,7188,E 68 St & 3 Ave,6896,40.7781314,-73.96069399,40.76712840349542,-73.96224617958069,member
1434142,6926A4E54A478A32,classic_bike,2021-09-13 14:33:40,2021-09-13 14:43:40,Madison Ave & E 82 St,7188,E 68 St & 3 Ave,6896,40.7781314,-73.96069399,40.76712840349542,-73.96224617958069,member
1434158,3F8EF4C1DCA80AF9,classic_bike,2021-09-18 08:07:08,2021-09-18 08:47:23,Madison Ave & E 82 St,7188,E 68 St & 3 Ave,6896,40.7781314,-73.96069399,40.76712840349542,-73.96224617958069,casual
1434207,47774D439AF07D56,classic_bike,2021-09-02 12:36:43,2021-09-02 12:52:31,Madison Ave & E 82 St,7188,E 68 St & 3 Ave,6896,40.7781314,-73.96069399,40.76712840349542,-73.96224617958069,member
1434544,72EADF52FDCF6903,classic_bike,2021-09-20 11:06:16,2021-09-20 11:39:24,Madison Ave & E 82 St,7188,E 68 St & 3 Ave,6896,40.7781314,-73.96069399,40.76712840349542,-73.96224617958069,casual
1435534,7619CB217693D160,electric_bike,2021-09-19 14:17:08,2021-09-19 14:27:34,Madison Ave & E 82 St,7188,E 68 St & 3 Ave,6896,40.7781314,-73.96069399,40.76712840349542,-73.96224617958069,casual
1435544,51F89F9D3C772A8F,classic_bike,2021-09-11 14:09:58,2021-09-11 14:52:01,E 81 St & Park Ave,7188,W 34 St & 11 Ave,6578,40.77677702,-73.9590097,40.75594159,-74.0021163,casual
1435557,AD53998B4B132CDE,classic_bike,2021-09-16 14:23:22,2021-09-16 14:35:23,E 81 St & Park Ave,7188,E 68 St & 3 Ave,6896,40.77677702,-73.9590097,40.76712840349542,-73.96224617958069,member
1436198,710EAB87E219E3CA,classic_bike,2021-09-09 08:19:50,2021-09-09 08:28:42,E 81 St & Park Ave,7188,E 68 St & 3 Ave,6896,40.77677702,-73.9590097,40.76712840349542,-73.96224617958069,member
1438438,9BB9179EEAE57EEE,classic_bike,2021-09-24 16:18:03,2021-09-24 16:28:50,Madison Ave & E 82 St,7188,E 68 St & 3 Ave,6896,40.7781314,-73.96069399,40.76712840349542,-73.96224617958069,member
1439167,E70B62350E80610D,classic_bike,2021-09-26 15:22:58,2021-09-26 15:36:57,Madison Ave & E 82 St,7188,E 68 St & 3 Ave,6896,40.7781314,-73.96069399,40.76712840349542,-73.96224617958069,casual
1439330,589458FFB73A720F,electric_bike,2021-09-04 00:00:37,2021-09-04 00:05:14,E 81 St & Park Ave,7188,5 Ave & E 93 St,7372,40.77677702,-73.9590097,40.7857851,-73.957481,member
1439405,F94ABDCD8396883D,classic_bike,2021-09-17 21:31:02,2021-09-17 22:19:19,E 81 St & Park Ave,7188,5 Ave & E 93 St,7372,40.77677702,-73.9590097,40.7857851,-73.957481,casual
1440552,DC4635E2CEF6211A,classic_bike,2021-09-02 16:38:06,2021-09-02 16:59:05,Madison Ave & E 82 St,7188,5 Ave & E 93 St,7372,40.7781314,-73.96069399,40.7857851,-73.957481,casual
1441031,BCF2B613A5C81DCC,classic_bike,2021-09-25 15:44:30,2021-09-25 16:15:21,Madison Ave & E 82 St,7188,5 Ave & E 93 St,7372,40.7781314,-73.96069399,40.7857851,-73.957481,casual
1441034,0B3D540C2D732E15,classic_bike,2021-09-11 12:15:17,2021-09-11 12:32:39,Madison Ave & E 82 St,7188,W 46 St & 11 Ave,6795,40.7781314,-73.96069399,40.76341379,-73.99667444,casual
1441041,84D90872FF3636FD,classic_bike,2021-09-21 14:12:08,2021-09-21 14:40:53,Madison Ave & E 82 St,7188,W 46 St & 11 Ave,6795,40.7781314,-73.96069399,40.76341379,-73.99667444,member
1441042,5E0D15CDA3486C73,electric_bike,2021-09-30 18:18:15,2021-09-30 18:37:45,Madison Ave & E 82 St,7188,W 25 St & 6 Ave,6215,40.7781314,-73.96069399,40.74395411,-73.99144871,member
1441125,66630A23D66913A6,electric_bike,2021-09-23 14:23:57,2021-09-23 14:28:41,Madison Ave & E 82 St,7188,5 Ave & E 93 St,7372,40.7781314,-73.96069399,40.7857851,-73.957481,casual
1443971,7A1CD3FFC9DF7189,classic_bike,2021-09-19 16:08:38,2021-09-19 16:17:59,Madison Ave & E 82 St,7188,5 Ave & E 93 St,7372,40.7781314,-73.96069399,40.7857851,-73.957481,casual
1443990,3A7FE5ABBDC73D37,classic_bike,2021-09-17 16:31:19,2021-09-17 17:01:03,Madison Ave & E 82 St,7188,W 25 St & 6 Ave,6215,40.7781314,-73.96069399,40.74395411,-73.99144871,casual
1443991,B4161ABFC8EC7654,classic_bike,2021-09-19 16:17:14,2021-09-19 16:39:04,Madison Ave & E 82 St,7188,5 Ave & E 93 St,7372,40.7781314,-73.96069399,40.7857851,-73.957481,member
1444006,4DC83072DE23A033,classic_bike,2021-09-28 14:32:37,2021-09-28 14:54:19,Madison Ave & E 82 St,7188,5 Ave & E 93 St,7372,40.7781314,-73.96069399,40.7857851,-73.957481,casual
1444032,C6DBD10A2AA6B3D0,classic_bike,2021-09-08 15:58:29,2021-09-08 17:43:43,Madison Ave & E 82 St,7188,5 Ave & E 93 St,7372,40.7781314,-73.96069399,40.7857851,-73.957481,casual
1446110,3506468CB47ADA99,classic_bike,2021-09-11 07:13:49,2021-09-11 07:32:13,Madison Ave & E 82 St,7188,W 46 St & 11 Ave,6795,40.7781314,-73.96069399,40.76341379,-73.99667444,member
1446199,ADB61F7C78CA070E,electric_bike,2021-09-18 15:16:25,2021-09-18 15:22:05,Madison Ave & E 82 St,7188,5 Ave & E 93 St,7372,40.7781314,-73.96069399,40.7857851,-73.957481,member
1446245,D2D7AD6DA97F416F,classic_bike,2021-09-08 15:59:12,2021-09-08 17:43:41,Madison Ave & E 82 St,7188,5 Ave & E 93 St,7372,40.7781314,-73.96069399,40.7857851,-73.957481,casual
1446258,6FCA0EE182EC608A,classic_bike,2021-09-23 14:54:47,2021-09-23 15:13:44,Madison Ave & E 82 St,7188,W 46 St & 11 Ave,6795,40.7781314,-73.96069399,40.76341379,-73.99667444,member
1446265,EBAAE8D80810A25A,classic_bike,2021-09-18 13:03:33,2021-09-18 14:02:09,Madison Ave & E 82 St,7188,5 Ave & E 93 St,7372,40.7781314,-73.96069399,40.7857851,-73.957481,casual
1446272,5240501B136565DB,electric_bike,2021-09-18 13:09:20,2021-09-18 13:14:10,Madison Ave & E 82 St,7188,5 Ave & E 93 St,7372,40.7781314,-73.96069399,40.7857851,-73.957481,casual
1446815,6E93B810156F5281,electric_bike,2021-09-30 19:50:50,2021-09-30 19:58:50,E 81 St & Park Ave,7188,5 Ave & E 93 St,7372,40.77677702,-73.9590097,40.7857851,-73.957481,member
1446846,7066C69712936B33,electric_bike,2021-09-08 14:25:09,2021-09-08 14:59:58,E 81 St & Park Ave,7188,5 Ave & E 93 St,7372,40.77677702,-73.9590097,40.7857851,-73.957481,member
1447826,BF849274F82F27C6,electric_bike,2021-09-17 14:50:25,2021-09-17 15:21:32,E 81 St & Park Ave,7188,W 46 St & 11 Ave,6795,40.77677702,-73.9590097,40.76341379,-73.99667444,casual
1447841,6DB8717AEC874F7C,classic_bike,2021-09-18 15:18:18,2021-09-18 15:23:53,E 81 St & Park Ave,7188,5 Ave & E 93 St,7372,40.77677702,-73.9590097,40.7857851,-73.957481,member
1455902,4796BC6CB0EFBF1B,classic_bike,2021-09-11 20:09:23,2021-09-11 20:22:35,Madison Ave & E 82 St,7188,5 Ave & E 93 St,7372,40.7781314,-73.96069399,40.7857851,-73.957481,casual
1455904,F63CB12FAADF47DB,classic_bike,2021-09-25 15:40:47,2021-09-25 16:15:19,Madison Ave & E 82 St,7188,5 Ave & E 93 St,7372,40.7781314,-73.96069399,40.7857851,-73.957481,casual
1455913,3450118EA86A77BF,electric_bike,2021-09-10 07:52:02,2021-09-10 07:56:33,Madison Ave & E 82 St,7188,5 Ave & E 93 St,7372,40.7781314,-73.96069399,40.7857851,-73.957481,casual
1455925,9FCF0965BD2809D2,electric_bike,2021-09-22 15:03:15,2021-09-22 15:19:22,Madison Ave & E 82 St,7188,5 Ave & E 93 St,7372,40.7781314,-73.96069399,40.7857851,-73.957481,member
1460073,D0BD152DB90D166E,classic_bike,2021-09-06 17:45:02,2021-09-06 17:50:52,E 81 St & Park Ave,7188,5 Ave & E 93 St,7372,40.77677702,-73.9590097,40.7857851,-73.957481,member
1461209,7DAEDBB0DD272C64,classic_bike,2021-09-17 14:09:54,2021-09-17 14:19:47,E 81 St & Park Ave,7188,5 Ave & E 93 St,7372,40.77677702,-73.9590097,40.7857851,-73.957481,member
1462976,F253451B9AC2A5E2,electric_bike,2021-09-20 13:53:19,2021-09-20 13:58:36,Madison Ave & E 82 St,7188,5 Ave & E 93 St,7372,40.7781314,-73.96069399,40.7857851,-73.957481,member
1462982,663FEA8A1A902C44,classic_bike,2021-09-28 14:30:38,2021-09-28 14:53:25,Madison Ave & E 82 St,7188,5 Ave & E 93 St,7372,40.7781314,-73.96069399,40.7857851,-73.957481,casual
1462999,F94325985EA9281E,classic_bike,2021-09-24 15:49:41,2021-09-24 15:55:06,Madison Ave & E 82 St,7188,5 Ave & E 93 St,7372,40.7781314,-73.96069399,40.7857851,-73.957481,member
1463004,9755F75DBCA52DD7,classic_bike,2021-09-01 15:54:09,2021-09-01 16:05:10,Madison Ave & E 82 St,7188,5 Ave & E 93 St,7372,40.7781314,-73.96069399,40.7857851,-73.957481,member
1463015,9D106196728187A6,classic_bike,2021-09-04 14:15:15,2021-09-04 14:32:38,Madison Ave & E 82 St,7188,W 46 St & 11 Ave,6795,40.7781314,-73.96069399,40.76341379,-73.99667444,casual
1463058,22E8D1F1028856CD,classic_bike,2021-09-02 15:37:16,2021-09-02 16:42:32,Madison Ave & E 82 St,7188,5 Ave & E 93 St,7372,40.7781314,-73.96069399,40.7857851,-73.957481,casual
1463083,A15A61886B841105,classic_bike,2021-09-21 08:30:30,2021-09-21 08:36:20,Madison Ave & E 82 St,7188,5 Ave & E 93 St,7372,40.7781314,-73.96069399,40.7857851,-73.957481,member
1463102,230B1A96DF0068D2,classic_bike,2021-09-20 18:18:10,2021-09-20 18:27:58,Madison Ave & E 82 St,7188,5 Ave & E 93 St,7372,40.7781314,-73.96069399,40.7857851,-73.957481,member
1463141,9FCEEF9BD8CEA018,classic_bike,2021-09-19 17:37:45,2021-09-19 17:44:54,Madison Ave & E 82 St,7188,5 Ave & E 93 St,7372,40.7781314,-73.96069399,40.7857851,-73.957481,casual
1463167,ED84241C72238DD6,classic_bike,2021-09-10 13:25:04,2021-09-10 13:33:48,Madison Ave & E 82 St,7188,5 Ave & E 93 St,7372,40.7781314,-73.96069399,40.7857851,-73.957481,member
1463178,FCA67A60E31B7DFA,electric_bike,2021-09-04 13:45:41,2021-09-04 14:30:51,Madison Ave & E 82 St,7188,5 Ave & E 93 St,7372,40.7781314,-73.96069399,40.7857851,-73.957481,casual
1463195,C1731065A1D16A5B,classic_bike,2021-09-25 17:36:08,2021-09-25 17:57:02,Madison Ave & E 82 St,7188,5 Ave & E 93 St,7372,40.7781314,-73.96069399,40.7857851,-73.957481,member
1463204,7215D75DF81558F0,classic_bike,2021-09-19 13:21:36,2021-09-19 13:29:31,Madison Ave & E 82 St,7188,5 Ave & E 93 St,7372,40.7781314,-73.96069399,40.7857851,-73.957481,member
1463210,A20A55615A675658,classic_bike,2021-09-19 17:28:11,2021-09-19 17:32:50,Madison Ave & E 82 St,7188,5 Ave & E 93 St,7372,40.7781314,-73.96069399,40.7857851,-73.957481,casual
1463260,AB9262775EE476CF,classic_bike,2021-09-11 15:40:25,2021-09-11 16:20:31,Madison Ave & E 82 St,7188,W 18 St & 9 Ave,6190,40.7781314,-73.96069399,40.7435337324616,-74.00367558002472,casual
1463269,6CA8D6B31DE90FDA,classic_bike,2021-09-25 19:08:05,2021-09-25 19:32:48,Madison Ave & E 82 St,7188,W 25 St & 6 Ave,6215,40.7781314,-73.96069399,40.74395411,-73.99144871,member
1463506,087D61FB10EA463A,classic_bike,2021-09-28 07:31:44,2021-09-28 07:36:16,Madison Ave & E 82 St,7188,5 Ave & E 93 St,7372,40.7781314,-73.96069399,40.7857851,-73.957481,member
1466709,9C6BB346A0DBD567,electric_bike,2021-09-09 15:17:43,2021-09-09 15:22:33,Madison Ave & E 82 St,7188,5 Ave & E 93 St,7372,40.7781314,-73.96069399,40.7857851,-73.957481,member
1467420,7D78D30F67F336EC,classic_bike,2021-09-17 21:31:02,2021-09-17 22:19:21,E 81 St & Park Ave,7188,5 Ave & E 93 St,7372,40.77677702,-73.9590097,40.7857851,-73.957481,casual
1468473,204B7F82F1AEB333,electric_bike,2021-09-11 13:16:46,2021-09-11 13:19:45,Madison Ave & E 82 St,7188,5 Ave & E 93 St,7372,40.7781314,-73.96069399,40.7857851,-73.957481,member
1468484,9EBA3BD9A85DF838,electric_bike,2021-09-10 12:53:46,2021-09-10 13:18:51,Madison Ave & E 82 St,7188,W 25 St & 6 Ave,6215,40.7781314,-73.96069399,40.74395411,-73.99144871,casual
1471214,7A71FD8448D3B9B6,classic_bike,2021-09-28 08:15:30,2021-09-28 08:30:18,Madison Ave & E 82 St,7188,W 37 St & 5 Ave,6398,40.7781314,-73.96069399,40.75038009,-73.98338988,member
1476153,9C61B002EF4D59FB,classic_bike,2021-09-29 08:15:39,2021-09-29 08:32:43,Madison Ave & E 82 St,7188,W 37 St & 5 Ave,6398,40.7781314,-73.96069399,40.75038009,-73.98338988,member
1476159,EDDBA25273F0ED94,classic_bike,2021-09-12 07:37:13,2021-09-12 07:58:45,Madison Ave & E 82 St,7188,W 37 St & 5 Ave,6398,40.7781314,-73.96069399,40.75038009,-73.98338988,member
1476162,07A7A0DA4B7847A9,classic_bike,2021-09-06 17:07:06,2021-09-06 18:20:26,Madison Ave & E 82 St,7188,Grand St & Elizabeth St,5382,40.7781314,-73.96069399,40.718822,-73.99596,casual
1476182,6CA152DA2CC1A5BA,electric_bike,2021-09-19 11:17:17,2021-09-19 12:20:03,Madison Ave & E 82 St,7188,Stagg St & Morgan Ave,5170,40.7781314,-73.96069399,40.710681,-73.93372,member
1476306,30F700D1EF8FD142,classic_bike,2021-09-10 10:57:38,2021-09-10 11:11:41,Madison Ave & E 82 St,7188,W 37 St & 5 Ave,6398,40.7781314,-73.96069399,40.75038009,-73.98338988,member
1478564,DCDE06B632A140C5,classic_bike,2021-09-11 09:31:02,2021-09-11 09:50:03,E 81 St & Park Ave,7188,W 37 St & 5 Ave,6398,40.77677702,-73.9590097,40.75038009,-73.98338988,casual
1483535,C8ABAD44F8829814,classic_bike,2021-09-27 08:37:11,2021-09-27 08:56:26,E 81 St & Park Ave,7188,W 37 St & 5 Ave,6398,40.77677702,-73.9590097,40.75038009,-73.98338988,member
1483538,092DDDC6F85A6F9D,electric_bike,2021-09-14 12:15:47,2021-09-14 12:30:16,E 81 St & Park Ave,7188,W 37 St & 5 Ave,6398,40.77677702,-73.9590097,40.75038009,-73.98338988,member
1486156,36B9BC31822D3560,docked_bike,2021-09-10 21:02:02,2021-09-10 21:24:14,Madison Ave & E 82 St,7188,W 37 St & 5 Ave,6398,40.778131,-73.960694,40.75038,-73.98339,casual
1486157,DCD4AB10BADFCA54,docked_bike,2021-09-10 21:01:40,2021-09-10 21:24:27,Madison Ave & E 82 St,7188,W 37 St & 5 Ave,6398,40.778131,-73.960694,40.75038,-73.98339,casual
1486159,B351EB0B520630AB,classic_bike,2021-09-06 17:06:47,2021-09-06 18:20:17,Madison Ave & E 82 St,7188,Grand St & Elizabeth St,5382,40.7781314,-73.96069399,40.718822,-73.99596,casual
1486164,37CD8AFDA79D703F,classic_bike,2021-09-13 08:22:40,2021-09-13 08:51:11,Madison Ave & E 82 St,7188,W 37 St & 5 Ave,6398,40.7781314,-73.96069399,40.75038009,-73.98338988,member
1486188,878B8E4214455801,classic_bike,2021-09-14 08:23:23,2021-09-14 08:40:51,Madison Ave & E 82 St,7188,W 37 St & 5 Ave,6398,40.7781314,-73.96069399,40.75038009,-73.98338988,member
1486210,3B9F46F299715601,classic_bike,2021-09-06 17:06:47,2021-09-06 18:19:38,Madison Ave & E 82 St,7188,Grand St & Elizabeth St,5382,40.7781314,-73.96069399,40.718822,-73.99596,casual
1486215,0BD71DD18A847508,docked_bike,2021-09-10 21:01:54,2021-09-10 21:24:32,Madison Ave & E 82 St,7188,W 37 St & 5 Ave,6398,40.778131,-73.960694,40.75038,-73.98339,casual
1486266,0D15F9F585ECD6DE,electric_bike,2021-09-25 13:14:57,2021-09-25 13:29:06,Madison Ave & E 82 St,7188,W 37 St & 5 Ave,6398,40.7781314,-73.96069399,40.75038009,-73.98338988,member
1486267,48DF4A2CF80033F5,electric_bike,2021-09-24 11:05:12,2021-09-24 11:17:21,Madison Ave & E 82 St,7188,W 37 St & 5 Ave,6398,40.7781314,-73.96069399,40.75038009,-73.98338988,member
1486621,C742AAA50F40E7B3,classic_bike,2021-09-21 18:07:22,2021-09-21 19:51:37,Madison Ave & E 82 St,7188,Grand St & Elizabeth St,5382,40.7781314,-73.96069399,40.718822,-73.99596,casual
1486639,A0D7992C89BBF9F5,classic_bike,2021-09-21 13:35:13,2021-09-21 13:49:49,Madison Ave & E 82 St,7188,W 37 St & 5 Ave,6398,40.7781314,-73.96069399,40.75038009,-73.98338988,member
1486682,E510C53C37CAF7D5,classic_bike,2021-09-11 19:58:06,2021-09-11 20:43:37,Madison Ave & E 82 St,7188,Grand St & Elizabeth St,5382,40.7781314,-73.96069399,40.718822,-73.99596,casual
1486903,9A68AE338174C5CA,electric_bike,2021-09-25 16:24:28,2021-09-25 17:04:32,Madison Ave & E 82 St,7188,Grand St & Elizabeth St,5382,40.7781314,-73.96069399,40.718822,-73.99596,member
1486941,96151632EB4971EF,classic_bike,2021-09-16 08:56:14,2021-09-16 09:12:43,Madison Ave & E 82 St,7188,W 37 St & 5 Ave,6398,40.7781314,-73.96069399,40.75038009,-73.98338988,member
1491346,1620439552E7DD14,classic_bike,2021-09-10 21:02:13,2021-09-10 21:24:23,Madison Ave & E 82 St,7188,W 37 St & 5 Ave,6398,40.7781314,-73.96069399,40.75038009,-73.98338988,casual
1491372,8AD95CD690D0E009,classic_bike,2021-09-14 09:59:44,2021-09-14 10:16:49,Madison Ave & E 82 St,7188,W 37 St & 5 Ave,6398,40.7781314,-73.96069399,40.75038009,-73.98338988,member
1493049,3E45870A7697492B,docked_bike,2021-09-10 21:00:37,2021-09-10 21:24:25,Madison Ave & E 82 St,7188,W 37 St & 5 Ave,6398,40.778131,-73.960694,40.75038,-73.98339,casual
1494646,C174655B2096C373,classic_bike,2021-09-09 15:51:06,2021-09-09 15:53:21,Madison Ave & E 82 St,7188,5 Ave & E 78 St,7161,40.7781314,-73.96069399,40.77632142182271,-73.96427392959595,member
1494647,8096385071ABFFAD,classic_bike,2021-09-16 15:38:18,2021-09-16 15:41:35,Madison Ave & E 82 St,7188,5 Ave & E 78 St,7161,40.7781314,-73.96069399,40.77632142182271,-73.96427392959595,member
1498446,FFCD3E8EDB95C2CF,classic_bike,2021-09-06 11:24:46,2021-09-06 11:30:55,Madison Ave & E 82 St,7188,3 Ave & E 72 St,7028,40.7781314,-73.96069399,40.7699426,-73.96060712,casual
1498454,BC2232539AED2775,classic_bike,2021-09-10 16:56:56,2021-09-10 17:01:22,Madison Ave & E 82 St,7188,5 Ave & E 78 St,7161,40.7781314,-73.96069399,40.77632142182271,-73.96427392959595,member
1499106,1E08FD771375DCE8,classic_bike,2021-09-05 15:31:15,2021-09-05 15:39:12,E 81 St & Park Ave,7188,5 Ave & E 78 St,7161,40.77677702,-73.9590097,40.77632142182271,-73.96427392959595,casual
1499134,FD207B905BB9DC09,electric_bike,2021-09-16 14:44:04,2021-09-16 14:52:26,E 81 St & Park Ave,7188,5 Ave & E 78 St,7161,40.77677702,-73.9590097,40.77632142182271,-73.96427392959595,member
1499166,B105029A4E94AC96,classic_bike,2021-09-27 17:55:42,2021-09-27 18:01:34,E 81 St & Park Ave,7188,3 Ave & E 72 St,7028,40.77677702,-73.9590097,40.7699426,-73.96060712,member
1499172,8ED11AA66BA54BEF,electric_bike,2021-09-23 13:21:26,2021-09-23 13:51:51,E 81 St & Park Ave,7188,E 11 St & 1 Ave,5746,40.77677702,-73.9590097,40.72953837,-73.98426726,casual
1499184,A6E7EB54C9A4126E,electric_bike,2021-09-22 08:58:37,2021-09-22 09:03:26,E 81 St & Park Ave,7188,3 Ave & E 72 St,7028,40.77677702,-73.9590097,40.7699426,-73.96060712,casual
1499202,C30CEA01E7C853B1,electric_bike,2021-09-06 22:14:57,2021-09-06 22:29:36,E 81 St & Park Ave,7188,W 50 St & 9 Ave,6854,40.77677702,-73.9590097,40.76360467795863,-73.98917958140373,casual
1499207,81CBA4A6D34EE84F,classic_bike,2021-09-08 21:50:57,2021-09-08 21:55:44,E 81 St & Park Ave,7188,5 Ave & E 78 St,7161,40.77677702,-73.9590097,40.77632142182271,-73.96427392959595,member
1499209,31D74FA62FC8D3FC,classic_bike,2021-09-04 15:11:48,2021-09-04 15:13:50,E 81 St & Park Ave,7188,5 Ave & E 78 St,7161,40.77677702,-73.9590097,40.77632142182271,-73.96427392959595,member
1499216,2B37D124EC26CF46,classic_bike,2021-09-04 13:01:06,2021-09-04 13:03:56,E 81 St & Park Ave,7188,5 Ave & E 78 St,7161,40.77677702,-73.9590097,40.77632142182271,-73.96427392959595,member
1501276,258DF0669771CA8C,electric_bike,2021-09-06 10:16:31,2021-09-06 11:35:39,E 81 St & Park Ave,7188,5 Ave & E 78 St,7161,40.77677702,-73.9590097,40.77632142182271,-73.96427392959595,member
1501277,A868D120768D71EE,classic_bike,2021-09-18 18:12:50,2021-09-18 18:21:57,E 81 St & Park Ave,7188,5 Ave & E 78 St,7161,40.77677702,-73.9590097,40.77632142182271,-73.96427392959595,member
1501284,7F81E5B36FFAAF09,classic_bike,2021-09-23 18:14:28,2021-09-23 18:49:24,E 81 St & Park Ave,7188,E 2 St & Avenue C,5476,40.77677702,-73.9590097,40.7208736,-73.98085795,member
1501407,6150E69766640880,classic_bike,2021-09-18 18:13:15,2021-09-18 18:21:24,E 81 St & Park Ave,7188,5 Ave & E 78 St,7161,40.77677702,-73.9590097,40.77632142182271,-73.96427392959595,member
1501438,38871474E17EDB2C,electric_bike,2021-09-15 14:03:43,2021-09-15 14:33:51,E 81 St & Park Ave,7188,W 50 St & 9 Ave,6854,40.77677702,-73.9590097,40.76360467795863,-73.98917958140373,casual
1501440,AE63C73EF9E69093,classic_bike,2021-09-12 13:32:39,2021-09-12 14:21:06,E 81 St & Park Ave,7188,3 Ave & E 72 St,7028,40.77677702,-73.9590097,40.7699426,-73.96060712,member
1501458,E139CDC901E05773,classic_bike,2021-09-01 06:50:01,2021-09-01 06:53:29,E 81 St & Park Ave,7188,5 Ave & E 78 St,7161,40.77677702,-73.9590097,40.77632142182271,-73.96427392959595,member
1501460,6EA0DB5CFD2AE44A,classic_bike,2021-09-01 13:25:23,2021-09-01 13:29:34,E 81 St & Park Ave,7188,3 Ave & E 72 St,7028,40.77677702,-73.9590097,40.7699426,-73.96060712,member
1502021,AB0AA62010D9F1EB,classic_bike,2021-09-10 14:58:57,2021-09-10 15:40:03,Madison Ave & E 82 St,7188,5 Ave & E 78 St,7161,40.7781314,-73.96069399,40.77632142182271,-73.96427392959595,member
1506609,AE14DCC8F1D8E4C8,classic_bike,2021-09-02 13:35:28,2021-09-02 13:38:25,Madison Ave & E 82 St,7188,5 Ave & E 78 St,7161,40.7781314,-73.96069399,40.77632142182271,-73.96427392959595,member
1506612,91D3B06FCE64C9A5,electric_bike,2021-09-30 21:35:57,2021-09-30 21:38:14,Madison Ave & E 82 St,7188,5 Ave & E 78 St,7161,40.7781314,-73.96069399,40.77632142182271,-73.96427392959595,member
1506650,D8C2D2DA31B25CF5,electric_bike,2021-09-15 12:12:20,2021-09-15 12:43:31,Madison Ave & E 82 St,7188,W 50 St & 9 Ave,6854,40.7781314,-73.96069399,40.76360467795863,-73.98917958140373,member
1506677,E1C5BE1A5249662C,classic_bike,2021-09-18 18:47:34,2021-09-18 18:59:12,Madison Ave & E 82 St,7188,3 Ave & E 72 St,7028,40.7781314,-73.96069399,40.7699426,-73.96060712,casual
1506777,B2A801D93C1D5817,classic_bike,2021-09-03 12:32:33,2021-09-03 12:35:39,Madison Ave & E 82 St,7188,5 Ave & E 78 St,7161,40.7781314,-73.96069399,40.77632142182271,-73.96427392959595,member
1506803,71784C9DCA01D32A,classic_bike,2021-09-29 17:50:39,2021-09-29 17:53:33,Madison Ave & E 82 St,7188,5 Ave & E 78 St,7161,40.7781314,-73.96069399,40.77632142182271,-73.96427392959595,member
1506805,ED1C83E14E3465FB,classic_bike,2021-09-13 18:23:11,2021-09-13 18:36:39,Madison Ave & E 82 St,7188,5 Ave & E 78 St,7161,40.7781314,-73.96069399,40.77632142182271,-73.96427392959595,casual
1506808,ABA0ED06E99DA7EA,classic_bike,2021-09-27 19:51:53,2021-09-27 19:53:46,Madison Ave & E 82 St,7188,5 Ave & E 78 St,7161,40.7781314,-73.96069399,40.77632142182271,-73.96427392959595,member
1506816,43C700ACC1CC719C,classic_bike,2021-09-10 11:07:22,2021-09-10 11:10:14,Madison Ave & E 82 St,7188,5 Ave & E 78 St,7161,40.7781314,-73.96069399,40.77632142182271,-73.96427392959595,member
1506826,EAFAFEECF5E94E1C,classic_bike,2021-09-06 14:09:35,2021-09-06 14:13:58,Madison Ave & E 82 St,7188,5 Ave & E 78 St,7161,40.7781314,-73.96069399,40.77632142182271,-73.96427392959595,member
1506827,6F0C53C452B6A403,classic_bike,2021-09-30 17:09:59,2021-09-30 17:37:28,Madison Ave & E 82 St,7188,5 Ave & E 78 St,7161,40.7781314,-73.96069399,40.77632142182271,-73.96427392959595,member
1506833,E774A55ECEB6203E,classic_bike,2021-09-10 19:46:32,2021-09-10 19:48:57,Madison Ave & E 82 St,7188,5 Ave & E 78 St,7161,40.7781314,-73.96069399,40.77632142182271,-73.96427392959595,member
1506834,8FAE89D2F221D698,classic_bike,2021-09-18 17:17:17,2021-09-18 17:26:17,Madison Ave & E 82 St,7188,5 Ave & E 78 St,7161,40.7781314,-73.96069399,40.77632142182271,-73.96427392959595,casual
1506837,8008128F7ED301C9,classic_bike,2021-09-25 14:11:58,2021-09-25 14:17:29,Madison Ave & E 82 St,7188,3 Ave & E 72 St,7028,40.7781314,-73.96069399,40.7699426,-73.96060712,member
1506838,21BB36128B94C3F5,electric_bike,2021-09-28 23:31:29,2021-09-28 23:32:38,Madison Ave & E 82 St,7188,5 Ave & E 78 St,7161,40.7781314,-73.96069399,40.77632142182271,-73.96427392959595,member
1506843,EE0615B33370AAD8,classic_bike,2021-09-02 14:41:53,2021-09-02 14:44:33,Madison Ave & E 82 St,7188,5 Ave & E 78 St,7161,40.7781314,-73.96069399,40.77632142182271,-73.96427392959595,casual
1506845,D811199A05D8FF9C,classic_bike,2021-09-18 18:37:14,2021-09-18 19:26:15,Madison Ave & E 82 St,7188,5 Ave & E 78 St,7161,40.7781314,-73.96069399,40.77632142182271,-73.96427392959595,casual
1506860,E001BCFC7639BE4E,classic_bike,2021-09-24 18:54:41,2021-09-24 19:05:17,Madison Ave & E 82 St,7188,3 Ave & E 72 St,7028,40.7781314,-73.96069399,40.7699426,-73.96060712,member
1506940,4B1F6A6FF420CE2D,classic_bike,2021-09-08 18:20:40,2021-09-08 18:41:49,Madison Ave & E 82 St,7188,W 106 St & Amsterdam Ave,7634,40.7781314,-73.96069399,40.8008363,-73.9664492472,member
1506942,5E1367DCA926BB15,classic_bike,2021-09-20 18:05:41,2021-09-20 18:27:17,Madison Ave & E 82 St,7188,W 106 St & Amsterdam Ave,7634,40.7781314,-73.96069399,40.8008363,-73.9664492472,member
1506944,72D33066F90756CA,classic_bike,2021-09-13 15:16:37,2021-09-13 15:32:34,Madison Ave & E 82 St,7188,5 Ave & E 78 St,7161,40.7781314,-73.96069399,40.77632142182271,-73.96427392959595,member
1506991,9649823B5ADA7E8D,classic_bike,2021-09-04 16:16:10,2021-09-04 16:48:33,Madison Ave & E 82 St,7188,Broadway & W 36 St,6441,40.7781314,-73.96069399,40.75097711,-73.98765428,casual
1507040,32FE6DD8880920A5,classic_bike,2021-09-17 18:22:53,2021-09-17 18:33:16,Madison Ave & E 82 St,7188,3 Ave & E 72 St,7028,40.7781314,-73.96069399,40.7699426,-73.96060712,casual
1507091,0ED64465C8D3FBB9,classic_bike,2021-09-09 18:15:43,2021-09-09 18:18:01,Madison Ave & E 82 St,7188,5 Ave & E 78 St,7161,40.7781314,-73.96069399,40.77632142182271,-73.96427392959595,member
1507106,0C6F33C2E9A14A0B,electric_bike,2021-09-08 15:54:26,2021-09-08 15:58:05,Madison Ave & E 82 St,7188,5 Ave & E 78 St,7161,40.7781314,-73.96069399,40.77632142182271,-73.96427392959595,member
1507280,B73FE1CCDEDF2A5F,classic_bike,2021-09-03 16:04:56,2021-09-03 16:07:00,E 81 St & Park Ave,7188,5 Ave & E 78 St,7161,40.77677702,-73.9590097,40.77632142182271,-73.96427392959595,member
1507286,D8D469D5D81A5FCC,electric_bike,2021-09-10 19:35:33,2021-09-10 19:38:26,E 81 St & Park Ave,7188,5 Ave & E 78 St,7161,40.77677702,-73.9590097,40.77632142182271,-73.96427392959595,member
1507297,4B40E820299F122D,classic_bike,2021-09-28 18:20:53,2021-09-28 18:54:13,E 81 St & Park Ave,7188,E 2 St & Avenue C,5476,40.77677702,-73.9590097,40.7208736,-73.98085795,member
1507311,E4F899A31E35EA69,classic_bike,2021-09-10 08:53:22,2021-09-10 09:15:28,E 81 St & Park Ave,7188,Broadway & W 36 St,6441,40.77677702,-73.9590097,40.75097711,-73.98765428,casual
1507312,EA3DA3962A03C90B,classic_bike,2021-09-04 19:13:56,2021-09-04 20:33:28,E 81 St & Park Ave,7188,5 Ave & E 78 St,7161,40.77677702,-73.9590097,40.77632142182271,-73.96427392959595,casual
1507317,5BDC83C4236B3B5F,electric_bike,2021-09-20 17:40:34,2021-09-20 18:22:33,E 81 St & Park Ave,7188,E 11 St & 1 Ave,5746,40.77677702,-73.9590097,40.72953837,-73.98426726,casual
1507328,7D27091A8B58C212,electric_bike,2021-09-07 17:09:39,2021-09-07 17:28:33,E 81 St & Park Ave,7188,Broadway & W 36 St,6441,40.77677702,-73.9590097,40.75097711,-73.98765428,member
1507336,679FAFAA7A249C4D,classic_bike,2021-09-26 18:05:56,2021-09-26 19:17:50,E 81 St & Park Ave,7188,W 50 St & 9 Ave,6854,40.77677702,-73.9590097,40.76360467795863,-73.98917958140373,casual
1507340,D96547BF6B22F8D5,classic_bike,2021-09-10 19:15:25,2021-09-10 19:54:24,E 81 St & Park Ave,7188,3 Ave & E 72 St,7028,40.77677702,-73.9590097,40.7699426,-73.96060712,member
1507343,069CE55B002186A3,classic_bike,2021-09-25 15:01:51,2021-09-25 15:07:38,E 81 St & Park Ave,7188,5 Ave & E 78 St,7161,40.77677702,-73.9590097,40.77632142182271,-73.96427392959595,member
1507347,AE0037BC5782B918,classic_bike,2021-09-25 12:52:01,2021-09-25 13:09:22,E 81 St & Park Ave,7188,W 106 St & Amsterdam Ave,7634,40.77677702,-73.9590097,40.8008363,-73.9664492472,member
1507348,674F1B886C637B64,classic_bike,2021-09-30 18:59:32,2021-09-30 19:38:17,E 81 St & Park Ave,7188,E 2 St & Avenue C,5476,40.77677702,-73.9590097,40.7208736,-73.98085795,member
1520314,ECD3ED1D9C7197F5,electric_bike,2021-09-22 16:27:00,2021-09-22 16:35:10,Madison Ave & E 82 St,7188,3 Ave & E 72 St,7028,40.7781314,-73.96069399,40.7699426,-73.96060712,member
1520318,58E2189F8B8FEE82,classic_bike,2021-09-15 10:52:48,2021-09-15 10:56:24,Madison Ave & E 82 St,7188,5 Ave & E 78 St,7161,40.7781314,-73.96069399,40.77632142182271,-73.96427392959595,member
1520410,7230D22C8F7E85B5,classic_bike,2021-09-13 08:15:22,2021-09-13 08:17:59,Madison Ave & E 82 St,7188,5 Ave & E 78 St,7161,40.7781314,-73.96069399,40.77632142182271,-73.96427392959595,member
1520423,001D26C2620F6773,classic_bike,2021-09-18 17:16:44,2021-09-18 17:27:25,Madison Ave & E 82 St,7188,5 Ave & E 78 St,7161,40.7781314,-73.96069399,40.77632142182271,-73.96427392959595,casual
1520426,3665468016BC86FF,electric_bike,2021-09-26 12:25:49,2021-09-26 12:52:06,Madison Ave & E 82 St,7188,St Nicholas Ave & W 150 St,8013,40.7781314,-73.96069399,40.827212,-73.942722,casual
1520427,759649B6ABD8DF75,electric_bike,2021-09-05 14:50:34,2021-09-05 14:55:13,Madison Ave & E 82 St,7188,5 Ave & E 78 St,7161,40.7781314,-73.96069399,40.77632142182271,-73.96427392959595,casual
1520431,552C6CE70C0A6999,classic_bike,2021-09-03 14:06:54,2021-09-03 14:18:43,Madison Ave & E 82 St,7188,5 Ave & E 78 St,7161,40.7781314,-73.96069399,40.77632142182271,-73.96427392959595,casual
1520436,77EE873A492A1D1B,electric_bike,2021-09-07 14:00:47,2021-09-07 14:15:28,Madison Ave & E 82 St,7188,5 Ave & E 78 St,7161,40.7781314,-73.96069399,40.77632142182271,-73.96427392959595,casual
1520442,52A960922C55AE4E,classic_bike,2021-09-10 19:13:51,2021-09-10 19:26:46,Madison Ave & E 82 St,7188,5 Ave & E 78 St,7161,40.7781314,-73.96069399,40.77632142182271,-73.96427392959595,casual
1520448,9A2B3286B8409D4D,classic_bike,2021-09-19 04:27:37,2021-09-19 05:27:44,Madison Ave & E 82 St,7188,W 50 St & 9 Ave,6854,40.7781314,-73.96069399,40.76360467795863,-73.98917958140373,casual
1520489,DEBCFAE7C4E1B5F6,classic_bike,2021-09-02 09:23:28,2021-09-02 09:27:28,Madison Ave & E 82 St,7188,5 Ave & E 78 St,7161,40.7781314,-73.96069399,40.77632142182271,-73.96427392959595,member
1520491,C62868069BB461C2,electric_bike,2021-09-15 19:08:16,2021-09-15 19:22:36,Madison Ave & E 82 St,7188,W 50 St & 9 Ave,6854,40.7781314,-73.96069399,40.76360467795863,-73.98917958140373,casual
1520497,899D21D82BB03794,electric_bike,2021-09-05 14:50:42,2021-09-05 14:59:12,Madison Ave & E 82 St,7188,5 Ave & E 78 St,7161,40.7781314,-73.96069399,40.77632142182271,-73.96427392959595,casual
1520501,B6231075BFBF726E,classic_bike,2021-09-17 15:22:25,2021-09-17 15:29:28,Madison Ave & E 82 St,7188,3 Ave & E 72 St,7028,40.7781314,-73.96069399,40.7699426,-73.96060712,member
1520503,FDC359139235F9E0,classic_bike,2021-09-13 19:07:48,2021-09-13 19:16:01,Madison Ave & E 82 St,7188,5 Ave & E 78 St,7161,40.7781314,-73.96069399,40.77632142182271,-73.96427392959595,casual
1520506,9BDEA4557307B577,classic_bike,2021-09-08 17:17:31,2021-09-08 17:23:32,Madison Ave & E 82 St,7188,5 Ave & E 78 St,7161,40.7781314,-73.96069399,40.77632142182271,-73.96427392959595,casual
1520511,363D4A9C02FCFC1D,classic_bike,2021-09-10 19:13:36,2021-09-10 19:27:10,Madison Ave & E 82 St,7188,5 Ave & E 78 St,7161,40.7781314,-73.96069399,40.77632142182271,-73.96427392959595,casual
1520515,D7D8B08315882450,classic_bike,2021-09-14 19:59:47,2021-09-14 20:02:08,Madison Ave & E 82 St,7188,5 Ave & E 78 St,7161,40.7781314,-73.96069399,40.77632142182271,-73.96427392959595,member
1520549,139047449E37698D,electric_bike,2021-09-09 19:19:41,2021-09-09 19:22:14,Madison Ave & E 82 St,7188,5 Ave & E 78 St,7161,40.7781314,-73.96069399,40.77632142182271,-73.96427392959595,member
1520554,5FE2ED9CD1B42556,classic_bike,2021-09-14 18:53:39,2021-09-14 19:16:05,Madison Ave & E 82 St,7188,W 106 St & Amsterdam Ave,7634,40.7781314,-73.96069399,40.8008363,-73.9664492472,member
1520566,D272277C0C73A609,classic_bike,2021-09-04 16:10:33,2021-09-04 16:48:24,Madison Ave & E 82 St,7188,Broadway & W 36 St,6441,40.7781314,-73.96069399,40.75097711,-73.98765428,casual
1520570,712E9A9AEBB16A82,classic_bike,2021-09-18 18:34:32,2021-09-18 19:27:31,Madison Ave & E 82 St,7188,5 Ave & E 78 St,7161,40.7781314,-73.96069399,40.77632142182271,-73.96427392959595,casual
1520572,BC98858D5867F259,electric_bike,2021-09-07 13:47:49,2021-09-07 13:53:44,Madison Ave & E 82 St,7188,3 Ave & E 72 St,7028,40.7781314,-73.96069399,40.7699426,-73.96060712,casual
1522810,C43856DFDC400817,electric_bike,2021-09-24 12:44:33,2021-09-24 12:47:44,Madison Ave & E 82 St,7188,5 Ave & E 78 St,7161,40.7781314,-73.96069399,40.77632142182271,-73.96427392959595,member
1522857,8E93CAFF11EF858A,classic_bike,2021-09-07 15:35:31,2021-09-07 15:38:52,Madison Ave & E 82 St,7188,5 Ave & E 78 St,7161,40.7781314,-73.96069399,40.77632142182271,-73.96427392959595,member
1522862,9060DC7EC7B162D9,electric_bike,2021-09-11 13:32:09,2021-09-11 13:38:46,Madison Ave & E 82 St,7188,3 Ave & E 72 St,7028,40.7781314,-73.96069399,40.7699426,-73.96060712,casual
1522867,2785451E226720D4,classic_bike,2021-09-08 13:18:06,2021-09-08 13:20:58,Madison Ave & E 82 St,7188,5 Ave & E 78 St,7161,40.7781314,-73.96069399,40.77632142182271,-73.96427392959595,member
1522874,1FA626BA768FC0A8,classic_bike,2021-09-27 16:22:55,2021-09-27 16:52:37,Madison Ave & E 82 St,7188,5 Ave & E 78 St,7161,40.7781314,-73.96069399,40.77632142182271,-73.96427392959595,casual
1522962,8AF514B98543D752,classic_bike,2021-09-11 11:59:40,2021-09-11 12:05:40,Madison Ave & E 82 St,7188,3 Ave & E 72 St,7028,40.7781314,-73.96069399,40.7699426,-73.96060712,member
1522963,8FFACC212DB676EE,electric_bike,2021-09-08 23:07:50,2021-09-08 23:53:24,Madison Ave & E 82 St,7188,5 Ave & E 78 St,7161,40.7781314,-73.96069399,40.77632142182271,-73.96427392959595,member
1522965,B60A462ABDA6EE82,classic_bike,2021-09-18 16:39:14,2021-09-18 17:23:56,Madison Ave & E 82 St,7188,E 11 St & 1 Ave,5746,40.7781314,-73.96069399,40.72953837,-73.98426726,casual
1522967,BC8CBC0889E00C45,classic_bike,2021-09-08 16:49:40,2021-09-08 17:05:03,Madison Ave & E 82 St,7188,5 Ave & E 78 St,7161,40.7781314,-73.96069399,40.77632142182271,-73.96427392959595,casual
1523035,75F49EE3E1A532B3,classic_bike,2021-09-06 11:26:49,2021-09-06 11:29:58,Madison Ave & E 82 St,7188,5 Ave & E 78 St,7161,40.7781314,-73.96069399,40.77632142182271,-73.96427392959595,member
1525462,35F6D16BFF3C0B0A,electric_bike,2021-09-15 20:59:40,2021-09-15 21:38:22,E 81 St & Park Ave,7188,5 Ave & E 78 St,7161,40.77677702,-73.9590097,40.77632142182271,-73.96427392959595,casual
1532626,749714BEDFB86CB2,classic_bike,2021-09-30 17:40:19,2021-09-30 18:05:57,Madison Ave & E 82 St,7188,St Nicholas Ave & W 150 St,8013,40.7781314,-73.96069399,40.827212,-73.942722,member
1549712,E520AA96AB2A1454,classic_bike,2021-09-09 17:44:58,2021-09-09 18:11:12,E 81 St & Park Ave,7188,St. Nicholas Ave & W 126 St,7756,40.77677702,-73.9590097,40.8114323,-73.9518776,member
1549713,032EFDA7ABE18F5B,classic_bike,2021-09-22 17:41:06,2021-09-22 17:50:58,E 81 St & Park Ave,7188,,nan,40.77677702,-73.9590097,40.78,-73.96,member
1549723,43C8F503F9A21968,electric_bike,2021-09-03 06:56:55,2021-09-03 07:10:23,E 81 St & Park Ave,7188,,nan,40.77677702,-73.9590097,,,member
1549724,4364EB766508CF72,classic_bike,2021-09-28 19:08:58,2021-09-29 07:51:14,E 81 St & Park Ave,7188,,nan,40.77677702,-73.9590097,40.77,-73.97,member
1549725,8AAFE3D2B48BFA10,classic_bike,2021-09-12 15:26:12,2021-09-12 15:46:26,E 81 St & Park Ave,7188,E 138 St & 5 Av,7809,40.77677702,-73.9590097,40.81449,-73.936153,member
1549735,1341E0FCF652C786,classic_bike,2021-09-02 08:43:44,2021-09-02 11:01:33,E 81 St & Park Ave,7188,,nan,40.77677702,-73.9590097,40.76,-73.98,member
1549744,5CCF0ABD288E9ABE,classic_bike,2021-09-25 14:15:39,2021-09-25 14:21:45,E 81 St & Park Ave,7188,E 74 St & 1 Ave,6953,40.77677702,-73.9590097,40.7689738,-73.95482273,casual
1549760,868F4B8476512133,classic_bike,2021-09-12 20:01:55,2021-09-12 20:52:30,E 81 St & Park Ave,7188,W 10 St & Washington St,5847,40.77677702,-73.9590097,40.73342399437081,-74.00851495563984,casual
1549761,C36F483408C2DCCB,classic_bike,2021-09-09 08:53:13,2021-09-09 08:59:08,E 81 St & Park Ave,7188,E 74 St & 1 Ave,6953,40.77677702,-73.9590097,40.7689738,-73.95482273,member
1549762,A192FE9475EED320,classic_bike,2021-09-11 19:46:11,2021-09-11 19:52:36,E 81 St & Park Ave,7188,E 74 St & 1 Ave,6953,40.77677702,-73.9590097,40.7689738,-73.95482273,member
1549772,85C36C07323CB0CE,classic_bike,2021-09-15 14:58:35,2021-09-15 15:05:16,E 81 St & Park Ave,7188,E 74 St & 1 Ave,6953,40.77677702,-73.9590097,40.7689738,-73.95482273,member
1549785,D4CCF308340D86BB,classic_bike,2021-09-17 08:58:06,2021-09-17 09:19:27,E 81 St & Park Ave,7188,E 74 St & 1 Ave,6953,40.77677702,-73.9590097,40.7689738,-73.95482273,member
1549790,AF41FEF12E7FD323,classic_bike,2021-09-10 09:08:58,2021-09-10 09:14:09,E 81 St & Park Ave,7188,E 74 St & 1 Ave,6953,40.77677702,-73.9590097,40.7689738,-73.95482273,member
1549792,2D4F644199FA86C0,classic_bike,2021-09-07 18:04:59,2021-09-07 18:11:41,E 81 St & Park Ave,7188,E 74 St & 1 Ave,6953,40.77677702,-73.9590097,40.7689738,-73.95482273,member
1549794,77DB6D6BD3BEE9C9,classic_bike,2021-09-13 08:19:13,2021-09-13 08:25:00,E 81 St & Park Ave,7188,E 74 St & 1 Ave,6953,40.77677702,-73.9590097,40.7689738,-73.95482273,member
1549815,21B78B9C0171F0C0,classic_bike,2021-09-28 10:37:03,2021-09-28 10:50:33,E 81 St & Park Ave,7188,E 74 St & 1 Ave,6953,40.77677702,-73.9590097,40.7689738,-73.95482273,casual
1549828,FA6179198DB0C412,classic_bike,2021-09-17 19:32:36,2021-09-17 19:38:23,E 81 St & Park Ave,7188,E 74 St & 1 Ave,6953,40.77677702,-73.9590097,40.7689738,-73.95482273,member
1549829,66C590AE10FFF3A1,electric_bike,2021-09-05 09:07:44,2021-09-05 09:12:30,E 81 St & Park Ave,7188,E 74 St & 1 Ave,6953,40.77677702,-73.9590097,40.7689738,-73.95482273,member
1549833,5715B4E3E748F1F4,electric_bike,2021-09-19 10:08:15,2021-09-19 10:24:47,E 81 St & Park Ave,7188,St. Nicholas Ave & W 126 St,7756,40.77677702,-73.9590097,40.8114323,-73.9518776,member
1549852,A4375C55E98A46C7,classic_bike,2021-09-09 09:12:53,2021-09-09 09:18:44,E 81 St & Park Ave,7188,E 74 St & 1 Ave,6953,40.77677702,-73.9590097,40.7689738,-73.95482273,member
1549854,314CFBAD4E26CDA8,classic_bike,2021-09-14 16:38:09,2021-09-14 16:55:16,E 81 St & Park Ave,7188,,nan,40.77677702,-73.9590097,,,member
1549855,3FD6A4F1406D4F3D,classic_bike,2021-09-13 16:58:49,2021-09-13 17:07:12,E 81 St & Park Ave,7188,E 74 St & 1 Ave,6953,40.77677702,-73.9590097,40.7689738,-73.95482273,member
1549858,F540D9DA6CD0EA38,classic_bike,2021-09-05 10:54:58,2021-09-05 10:57:00,E 81 St & Park Ave,7188,,nan,40.77677702,-73.9590097,,,member
1549864,6E47D0280ECA86CB,electric_bike,2021-09-12 09:16:41,2021-09-12 09:20:47,E 81 St & Park Ave,7188,E 74 St & 1 Ave,6953,40.77677702,-73.9590097,40.7689738,-73.95482273,member
1549865,343E2DA884D6F282,classic_bike,2021-09-20 14:53:56,2021-09-20 14:59:51,E 81 St & Park Ave,7188,E 74 St & 1 Ave,6953,40.77677702,-73.9590097,40.7689738,-73.95482273,member
1549866,7A35DB0CE9BAE92C,classic_bike,2021-09-13 09:12:27,2021-09-13 09:19:00,E 81 St & Park Ave,7188,E 74 St & 1 Ave,6953,40.77677702,-73.9590097,40.7689738,-73.95482273,member
1549877,F0F7126502EB714F,classic_bike,2021-09-19 14:35:52,2021-09-19 14:41:15,E 81 St & Park Ave,7188,E 74 St & 1 Ave,6953,40.77677702,-73.9590097,40.7689738,-73.95482273,member
1549899,D04CDA4BD2AB6D2A,classic_bike,2021-09-07 17:08:18,2021-09-07 17:24:19,E 81 St & Park Ave,7188,E 74 St & 1 Ave,6953,40.77677702,-73.9590097,40.7689738,-73.95482273,member
1549903,B1C3B6AE7DF2F4EC,classic_bike,2021-09-08 21:14:36,2021-09-08 21:20:03,E 81 St & Park Ave,7188,E 74 St & 1 Ave,6953,40.77677702,-73.9590097,40.7689738,-73.95482273,member
1550208,39087B767D7FCDFC,classic_bike,2021-09-05 17:09:59,2021-09-05 18:07:03,E 81 St & Park Ave,7188,,nan,40.77677702,-73.9590097,,,casual
1550434,77203BF6C239C9AF,classic_bike,2021-09-12 20:03:59,2021-09-12 20:52:32,E 81 St & Park Ave,7188,W 10 St & Washington St,5847,40.77677702,-73.9590097,40.73342399437081,-74.00851495563984,casual
1550544,A7BBE10E4D8DC522,classic_bike,2021-09-13 11:33:48,2021-09-13 11:41:26,E 81 St & Park Ave,7188,E 74 St & 1 Ave,6953,40.77677702,-73.9590097,40.7689738,-73.95482273,member
1550620,EFA3DEB199623DF0,electric_bike,2021-09-07 09:01:28,2021-09-07 09:07:06,E 81 St & Park Ave,7188,E 74 St & 1 Ave,6953,40.77677702,-73.9590097,40.7689738,-73.95482273,member
1550621,D9DA3202A0201252,electric_bike,2021-09-16 08:54:24,2021-09-16 09:01:07,E 81 St & Park Ave,7188,E 74 St & 1 Ave,6953,40.77677702,-73.9590097,40.7689738,-73.95482273,member
1550622,7349559A6AFF8DAD,electric_bike,2021-09-06 09:06:47,2021-09-06 09:11:08,E 81 St & Park Ave,7188,E 74 St & 1 Ave,6953,40.77677702,-73.9590097,40.7689738,-73.95482273,member
1551794,8D2A94B1EA96BCA0,electric_bike,2021-09-18 15:21:38,2021-09-18 15:26:01,E 81 St & Park Ave,7188,E 74 St & 1 Ave,6953,40.77677702,-73.9590097,40.7689738,-73.95482273,casual
1552559,B318F7851903218C,classic_bike,2021-09-30 10:56:49,2021-09-30 11:16:13,Madison Ave & E 82 St,7188,,nan,40.7781314,-73.96069399,,,casual
1552568,99A530ACC8F846C2,classic_bike,2021-09-04 15:53:18,2021-09-04 16:17:36,Madison Ave & E 82 St,7188,,nan,40.7781314,-73.96069399,40.8,-73.96,casual
1552593,926AD8A582374A32,classic_bike,2021-09-26 10:51:20,2021-09-26 10:58:56,Madison Ave & E 82 St,7188,E 74 St & 1 Ave,6953,40.7781314,-73.96069399,40.7689738,-73.95482273,member
1552602,3324F998534FD5EB,classic_bike,2021-09-18 17:40:36,2021-09-18 22:41:13,Madison Ave & E 82 St,7188,,nan,40.7781314,-73.96069399,40.79,-73.97,casual
1552608,049193CC9EAF374C,electric_bike,2021-09-29 19:48:09,2021-09-30 20:48:05,Madison Ave & E 82 St,7188,,nan,40.7781314,-73.96069399,,,member
1552609,D9FBBA2219712918,classic_bike,2021-09-06 18:12:32,2021-09-06 18:27:55,Madison Ave & E 82 St,7188,Adam Clayton Powell Blvd & W 118 St,7670,40.7781314,-73.96069399,40.804372,-73.951475,member
1552647,35C59FB35BB2A21A,classic_bike,2021-09-26 14:13:29,2021-09-26 16:05:50,Madison Ave & E 82 St,7188,,nan,40.7781314,-73.96069399,40.75,-74.0,member
1552687,877F76CEC0D6AFEB,classic_bike,2021-09-24 20:22:02,2021-09-24 20:59:24,Madison Ave & E 82 St,7188,,nan,40.7781314,-73.96069399,,,casual
1552757,6D5B99560C4E790A,classic_bike,2021-09-10 12:30:32,2021-09-10 12:38:51,Madison Ave & E 82 St,7188,E 74 St & 1 Ave,6953,40.7781314,-73.96069399,40.7689738,-73.95482273,member
1552759,F335B26AD4B62AB5,docked_bike,2021-09-05 11:14:12,2021-09-05 14:23:07,Madison Ave & E 82 St,7188,,nan,40.778131,-73.960694,,,casual
1552789,8C2C06F1F7C21B26,classic_bike,2021-09-06 18:03:19,2021-09-06 18:10:18,Madison Ave & E 82 St,7188,E 74 St & 1 Ave,6953,40.7781314,-73.96069399,40.7689738,-73.95482273,member
1552818,901E158708DBE59A,classic_bike,2021-09-18 12:36:19,2021-09-18 12:47:15,Madison Ave & E 82 St,7188,E 74 St & 1 Ave,6953,40.7781314,-73.96069399,40.7689738,-73.95482273,member
1552826,1C41244777D3D761,electric_bike,2021-09-19 12:11:13,2021-09-19 15:57:35,Madison Ave & E 82 St,7188,,nan,40.7781314,-73.96069399,40.86,-73.93,member
1552844,C86BE3014EFD9F07,classic_bike,2021-09-07 10:53:53,2021-09-07 11:04:39,Madison Ave & E 82 St,7188,E 74 St & 1 Ave,6953,40.7781314,-73.96069399,40.7689738,-73.95482273,member
1552886,F31E8E745B496FEC,classic_bike,2021-09-13 08:07:09,2021-09-14 03:02:22,Madison Ave & E 82 St,7188,,nan,40.7781314,-73.96069399,40.78,-73.96,member
1552908,3BC4ED63602FB22E,classic_bike,2021-09-05 02:54:31,2021-09-05 03:13:37,Madison Ave & E 82 St,7188,Adam Clayton Powell Blvd & W 118 St,7670,40.7781314,-73.96069399,40.804372,-73.951475,casual
1552918,C810A758B96A9E32,electric_bike,2021-09-23 12:08:50,2021-09-23 12:23:42,Madison Ave & E 82 St,7188,St. Nicholas Ave & W 126 St,7756,40.7781314,-73.96069399,40.8114323,-73.9518776,member
1552944,C03022745AF478A1,classic_bike,2021-09-29 14:13:10,2021-09-29 14:26:52,Madison Ave & E 82 St,7188,,nan,40.7781314,-73.96069399,,,member
1552947,5AD2481B04274752,electric_bike,2021-09-23 15:16:53,2021-09-23 16:26:43,Madison Ave & E 82 St,7188,,nan,40.7781314,-73.96069399,,,member
1552953,4EDDEA620F9BE11C,electric_bike,2021-09-11 13:08:06,2021-09-11 13:22:03,Madison Ave & E 82 St,7188,E 138 St & 5 Av,7809,40.7781314,-73.96069399,40.81449,-73.936153,casual
1552957,9C42FB5FA7410650,classic_bike,2021-09-05 02:55:03,2021-09-05 03:13:17,Madison Ave & E 82 St,7188,Adam Clayton Powell Blvd & W 118 St,7670,40.7781314,-73.96069399,40.804372,-73.951475,casual
1552969,E854804CBE4D494D,classic_bike,2021-09-23 14:50:00,2021-09-23 14:54:08,Madison Ave & E 82 St,7188,,nan,40.7781314,-73.96069399,40.77,-73.96,member
1552972,DB2F440A5B868688,electric_bike,2021-09-17 08:15:31,2021-09-17 11:54:52,Madison Ave & E 82 St,7188,,nan,40.7781314,-73.96069399,,,member
1553012,56DA27A32F34ECAA,classic_bike,2021-09-28 08:22:11,2021-09-28 08:42:13,Madison Ave & E 82 St,7188,Adam Clayton Powell Blvd & W 118 St,7670,40.7781314,-73.96069399,40.804372,-73.951475,member
1553023,B2C6A496D6331B4A,classic_bike,2021-09-11 10:54:54,2021-09-11 11:05:40,Madison Ave & E 82 St,7188,,nan,40.7781314,-73.96069399,40.78,-73.95,member
1553036,407D52E3012612D9,classic_bike,2021-09-19 18:06:08,2021-09-19 18:19:14,Madison Ave & E 82 St,7188,Adam Clayton Powell Blvd & W 118 St,7670,40.7781314,-73.96069399,40.804372,-73.951475,member
1553041,CD0F0F457EB92247,classic_bike,2021-09-06 17:31:46,2021-09-06 17:41:21,Madison Ave & E 82 St,7188,E 74 St & 1 Ave,6953,40.7781314,-73.96069399,40.7689738,-73.95482273,member
1553117,73F3A63BF275BA11,classic_bike,2021-09-20 19:21:58,2021-09-20 19:32:39,Madison Ave & E 82 St,7188,E 74 St & 1 Ave,6953,40.7781314,-73.96069399,40.7689738,-73.95482273,member
1553129,054288F49ADDBFF8,classic_bike,2021-09-29 17:15:28,2021-09-29 18:11:09,Madison Ave & E 82 St,7188,,nan,40.7781314,-73.96069399,40.74,-74.0,member
1553167,7BC6E20CB06E25F4,classic_bike,2021-09-24 09:03:07,2021-09-24 09:12:40,Madison Ave & E 82 St,7188,E 74 St & 1 Ave,6953,40.7781314,-73.96069399,40.7689738,-73.95482273,member
1554067,8F307246E8FF044C,classic_bike,2021-09-18 11:05:28,2021-09-18 13:40:53,Madison Ave & E 82 St,7188,,nan,40.7781314,-73.96069399,40.8,-73.96,casual
1554110,45F3FE2743CD4FEC,classic_bike,2021-09-28 16:17:31,2021-09-28 16:24:51,Madison Ave & E 82 St,7188,E 74 St & 1 Ave,6953,40.7781314,-73.96069399,40.7689738,-73.95482273,member
1554231,7293658F2D1AB6B1,classic_bike,2021-09-30 13:43:02,2021-09-30 14:11:26,Madison Ave & E 82 St,7188,,nan,40.7781314,-73.96069399,40.77,-73.98,casual
1554235,4ACBE719CDDC65B2,classic_bike,2021-09-12 12:20:28,2021-09-12 15:42:09,Madison Ave & E 82 St,7188,,nan,40.7781314,-73.96069399,,,member
1554401,0DA4041C73023E15,classic_bike,2021-09-24 16:20:58,2021-09-24 16:33:07,Madison Ave & E 82 St,7188,,nan,40.7781314,-73.96069399,,,member
1554444,187368A0091E7E35,classic_bike,2021-09-18 19:47:45,2021-09-18 20:06:39,Madison Ave & E 82 St,7188,E 138 St & 5 Av,7809,40.7781314,-73.96069399,40.81449,-73.936153,member
1554453,665DC52F9F9653D2,electric_bike,2021-09-21 14:41:59,2021-09-21 14:47:04,Madison Ave & E 82 St,7188,,nan,40.7781314,-73.96069399,,,casual
1554455,75E27AB9339BB9A8,classic_bike,2021-09-17 15:53:51,2021-09-17 16:23:07,Madison Ave & E 82 St,7188,,nan,40.7781314,-73.96069399,,,member
1554458,46E78BAFD41E53BB,electric_bike,2021-09-15 16:02:04,2021-09-15 16:08:26,Madison Ave & E 82 St,7188,E 74 St & 1 Ave,6953,40.7781314,-73.96069399,40.7689738,-73.95482273,member
1554563,25179E013F1AB86B,classic_bike,2021-09-10 19:08:58,2021-09-10 19:18:46,Madison Ave & E 82 St,7188,E 74 St & 1 Ave,6953,40.7781314,-73.96069399,40.7689738,-73.95482273,casual
1554655,41CB167AC43DF4D1,classic_bike,2021-09-21 13:47:21,2021-09-21 14:13:47,Madison Ave & E 82 St,7188,,nan,40.7781314,-73.96069399,,,member
1554713,E47538558DCAB5CD,classic_bike,2021-09-04 15:53:04,2021-09-04 16:17:36,Madison Ave & E 82 St,7188,,nan,40.7781314,-73.96069399,40.8,-73.96,casual
1555737,BD8719F76270373C,classic_bike,2021-09-13 17:45:16,2021-09-13 17:55:06,Madison Ave & E 82 St,7188,E 74 St & 1 Ave,6953,40.7781314,-73.96069399,40.7689738,-73.95482273,member
1561338,3A1B16083DA6B3F0,electric_bike,2021-09-06 12:11:27,2021-09-06 13:01:35,Madison Ave & E 82 St,7188,,nan,40.7781314,-73.96069399,40.8,-73.96,casual
1564076,88251A30AFC642E0,classic_bike,2021-09-07 18:05:07,2021-09-07 18:11:32,E 81 St & Park Ave,7188,E 74 St & 1 Ave,6953,40.77677702,-73.9590097,40.7689738,-73.95482273,member
1564077,D98DF3E494D965C3,electric_bike,2021-09-05 15:19:22,2021-09-05 15:27:58,E 81 St & Park Ave,7188,E 74 St & 1 Ave,6953,40.77677702,-73.9590097,40.7689738,-73.95482273,casual
1565152,BD19921D9C898051,classic_bike,2021-09-15 08:23:08,2021-09-15 10:10:39,Madison Ave & E 82 St,7188,,nan,40.7781314,-73.96069399,40.76,-73.98,member
1569478,A0D6A97E38042471,electric_bike,2021-09-30 19:56:20,2021-09-30 20:35:44,E 81 St & Park Ave,7188,Roebling St & N 4 St,5267,40.77677702,-73.9590097,40.71469,-73.95739,casual
1575968,176A2EA2B22A613E,classic_bike,2021-09-12 17:08:07,2021-09-12 17:52:59,E 81 St & Park Ave,7188,46 Ave & 5 St,6286,40.77677702,-73.9590097,40.74731,-73.95451,casual
1585521,553A9E55B73D367E,classic_bike,2021-09-10 17:45:35,2021-09-10 18:30:19,Madison Ave & E 82 St,7188,Fulton St & Pearl St,5024,40.7781314,-73.96069399,40.70772198491691,-74.00438636541367,casual
1586324,F2E3FF225988E8DB,classic_bike,2021-09-18 17:11:26,2021-09-18 18:13:26,Madison Ave & E 82 St,7188,Fulton St & Pearl St,5024,40.7781314,-73.96069399,40.70772198491691,-74.00438636541367,member
1587004,DDC0803F2D3841BA,electric_bike,2021-09-09 15:14:28,2021-09-09 15:44:14,Madison Ave & E 82 St,7188,Cooper Square & Astor Pl,5712,40.7781314,-73.96069399,40.72951496224949,-73.99075269699097,member
1589935,56B681AC0852FE4B,classic_bike,2021-09-14 19:14:13,2021-09-14 19:45:38,Madison Ave & E 82 St,7188,46 Ave & 5 St,6286,40.7781314,-73.96069399,40.74731,-73.95451,member
1592281,1B492084EE116902,electric_bike,2021-09-26 15:05:16,2021-09-26 15:15:36,Madison Ave & E 82 St,7188,E 88 St & 1 Ave,7235,40.7781314,-73.96069399,40.778301,-73.9488134,member
1592372,1650AE4E35D047DE,classic_bike,2021-09-22 19:11:13,2021-09-22 19:18:55,Madison Ave & E 82 St,7188,E 88 St & 1 Ave,7235,40.7781314,-73.96069399,40.778301,-73.9488134,member
1592390,1C48C63577E255BF,classic_bike,2021-09-13 16:49:56,2021-09-13 17:26:06,Madison Ave & E 82 St,7188,E 88 St & 1 Ave,7235,40.7781314,-73.96069399,40.778301,-73.9488134,casual
1592405,B69453315FCF4A9A,classic_bike,2021-09-24 17:25:44,2021-09-24 17:36:31,Madison Ave & E 82 St,7188,E 88 St & 1 Ave,7235,40.7781314,-73.96069399,40.778301,-73.9488134,casual
1592467,B609E7FEE7D11319,electric_bike,2021-09-14 17:09:58,2021-09-14 17:42:39,Madison Ave & E 82 St,7188,Allen St & Rivington St,5414,40.7781314,-73.96069399,40.72019576,-73.98997825,member
1592479,83DABD9A3F05CFBB,classic_bike,2021-09-27 17:51:22,2021-09-27 17:57:10,Madison Ave & E 82 St,7188,E 88 St & 1 Ave,7235,40.7781314,-73.96069399,40.778301,-73.9488134,casual
1592483,AA84734F71F23620,classic_bike,2021-09-18 10:12:39,2021-09-18 10:40:39,Madison Ave & E 82 St,7188,E 45 St & 3 Ave,6464,40.7781314,-73.96069399,40.75255434,-73.97282625,casual
1592576,0DC163A7F40C963E,classic_bike,2021-09-17 17:31:26,2021-09-17 18:12:45,Madison Ave & E 82 St,7188,62 St & Northern Blvd,6536,40.7781314,-73.96069399,40.754176,-73.900318,member
1592584,E4A4BA71E173B9FA,classic_bike,2021-09-05 13:54:34,2021-09-05 14:19:07,Madison Ave & E 82 St,7188,E 45 St & 3 Ave,6464,40.7781314,-73.96069399,40.75255434,-73.97282625,casual
1592670,FE77F793203BB9C7,classic_bike,2021-09-07 17:32:41,2021-09-07 17:41:10,Madison Ave & E 82 St,7188,E 88 St & 1 Ave,7235,40.7781314,-73.96069399,40.778301,-73.9488134,member
1592685,0933A17D7BDAB60B,classic_bike,2021-09-02 14:48:59,2021-09-02 14:55:54,Madison Ave & E 82 St,7188,E 88 St & 1 Ave,7235,40.7781314,-73.96069399,40.778301,-73.9488134,member
1592739,74431EAE98634A84,classic_bike,2021-09-05 13:54:15,2021-09-05 14:19:04,Madison Ave & E 82 St,7188,E 45 St & 3 Ave,6464,40.7781314,-73.96069399,40.75255434,-73.97282625,casual
1592745,5A13862F3AAF7DA7,electric_bike,2021-09-09 18:24:40,2021-09-09 18:46:45,Madison Ave & E 82 St,7188,St. Nicholas Terrace & Convent Ave,7937,40.7781314,-73.96069399,40.821294,-73.947868,member
1592779,3D239B852C1517BB,electric_bike,2021-09-08 19:43:12,2021-09-08 20:22:08,Madison Ave & E 82 St,7188,Franklin St & Dupont St,5944,40.7781314,-73.96069399,40.73564,-73.95866,member
1593072,13E9FBEA902C0DAD,classic_bike,2021-09-24 17:25:34,2021-09-24 17:36:20,Madison Ave & E 82 St,7188,E 88 St & 1 Ave,7235,40.7781314,-73.96069399,40.778301,-73.9488134,casual
1594715,10D862D0F9DA75EA,classic_bike,2021-09-04 00:28:18,2021-09-04 00:33:09,Madison Ave & E 82 St,7188,E 88 St & 1 Ave,7235,40.7781314,-73.96069399,40.778301,-73.9488134,member
1594718,920E3AD9BB90936E,classic_bike,2021-09-17 23:05:51,2021-09-17 23:12:40,Madison Ave & E 82 St,7188,E 88 St & 1 Ave,7235,40.7781314,-73.96069399,40.778301,-73.9488134,member
1594767,AD478D8E60F78D90,classic_bike,2021-09-18 00:39:22,2021-09-18 00:44:42,Madison Ave & E 82 St,7188,E 88 St & 1 Ave,7235,40.7781314,-73.96069399,40.778301,-73.9488134,casual
1594877,D86F1AC5AAE62365,classic_bike,2021-09-02 13:47:55,2021-09-02 14:49:17,Madison Ave & E 82 St,7188,Murray St & West St,5329,40.7781314,-73.96069399,40.7149787,-74.013012,member
1601722,A2F68ECF347F73D2,classic_bike,2021-09-13 19:57:48,2021-09-13 20:06:47,E 81 St & Park Ave,7188,E 88 St & 1 Ave,7235,40.77677702,-73.9590097,40.778301,-73.9488134,member
1601761,0FA25ED6552877A8,classic_bike,2021-09-14 12:18:59,2021-09-14 12:29:31,E 81 St & Park Ave,7188,E 88 St & 1 Ave,7235,40.77677702,-73.9590097,40.778301,-73.9488134,member
1601786,6D59CFE7562ACEEE,electric_bike,2021-09-08 13:29:34,2021-09-08 13:34:33,E 81 St & Park Ave,7188,E 88 St & 1 Ave,7235,40.77677702,-73.9590097,40.778301,-73.9488134,member
1601799,A9028F6EDCDC00E5,classic_bike,2021-09-16 15:35:23,2021-09-16 15:42:48,E 81 St & Park Ave,7188,E 88 St & 1 Ave,7235,40.77677702,-73.9590097,40.778301,-73.9488134,casual
1601840,C8E45956C3C6CCFD,electric_bike,2021-09-23 17:28:59,2021-09-23 17:34:20,E 81 St & Park Ave,7188,E 88 St & 1 Ave,7235,40.77677702,-73.9590097,40.778301,-73.9488134,member
1603535,12EC168348154C70,classic_bike,2021-09-10 18:52:52,2021-09-10 18:58:09,E 81 St & Park Ave,7188,E 88 St & 1 Ave,7235,40.77677702,-73.9590097,40.778301,-73.9488134,member
1603591,4F832EE0721C08F3,classic_bike,2021-09-29 18:07:47,2021-09-29 18:14:14,E 81 St & Park Ave,7188,E 88 St & 1 Ave,7235,40.77677702,-73.9590097,40.778301,-73.9488134,casual
1604209,8B8EFBB03BDBDB63,classic_bike,2021-09-15 18:07:40,2021-09-15 18:15:43,E 81 St & Park Ave,7188,E 88 St & 1 Ave,7235,40.77677702,-73.9590097,40.778301,-73.9488134,casual
1604343,073047FFCF9AE2C4,classic_bike,2021-09-23 16:30:46,2021-09-23 16:37:04,E 81 St & Park Ave,7188,E 88 St & 1 Ave,7235,40.77677702,-73.9590097,40.778301,-73.9488134,member
1608190,D72AC30A8AC2517F,classic_bike,2021-09-23 12:24:28,2021-09-23 12:33:41,Madison Ave & E 82 St,7188,E 88 St & 1 Ave,7235,40.7781314,-73.96069399,40.778301,-73.9488134,member
1608235,855D4E48DF28AA06,classic_bike,2021-09-23 13:32:20,2021-09-23 13:50:31,Madison Ave & E 82 St,7188,E 88 St & 1 Ave,7235,40.7781314,-73.96069399,40.778301,-73.9488134,member
1608246,7C0FD845AEF95A73,classic_bike,2021-09-25 12:31:00,2021-09-25 12:39:00,Madison Ave & E 82 St,7188,E 88 St & 1 Ave,7235,40.7781314,-73.96069399,40.778301,-73.9488134,member
1608247,87EB1AAD6A6CDE85,classic_bike,2021-09-02 13:47:55,2021-09-02 14:49:38,Madison Ave & E 82 St,7188,Murray St & West St,5329,40.7781314,-73.96069399,40.7149787,-74.013012,member
1609091,271A55CF40C60FB0,electric_bike,2021-09-23 15:01:01,2021-09-23 15:28:24,Madison Ave & E 82 St,7188,31 Ave & Steinway St,6782,40.7781314,-73.96069399,40.7611488,-73.9170071,member
1609092,B7A0DC77B68856C2,classic_bike,2021-09-12 13:55:07,2021-09-12 14:33:13,Madison Ave & E 82 St,7188,E 88 St & 1 Ave,7235,40.7781314,-73.96069399,40.778301,-73.9488134,member
1609121,A19B43A568F372F4,electric_bike,2021-09-12 14:23:57,2021-09-12 15:01:17,Madison Ave & E 82 St,7188,Murray St & West St,5329,40.7781314,-73.96069399,40.7149787,-74.013012,member
1609122,63019AEBFC3A91EE,classic_bike,2021-09-18 10:10:27,2021-09-18 10:39:43,Madison Ave & E 82 St,7188,E 45 St & 3 Ave,6464,40.7781314,-73.96069399,40.75255434,-73.97282625,casual
1610585,6DFBB77CE542FB90,classic_bike,2021-09-01 14:23:14,2021-09-01 14:30:37,Madison Ave & E 82 St,7188,E 88 St & 1 Ave,7235,40.7781314,-73.96069399,40.778301,-73.9488134,member
1617895,312955EC0508609A,classic_bike,2021-09-06 01:00:58,2021-09-06 01:05:50,E 81 St & Park Ave,7188,E 88 St & 1 Ave,7235,40.77677702,-73.9590097,40.778301,-73.9488134,member
1617896,568E1B22F8D4AC07,classic_bike,2021-09-24 19:33:38,2021-09-24 19:40:25,E 81 St & Park Ave,7188,E 88 St & 1 Ave,7235,40.77677702,-73.9590097,40.778301,-73.9488134,member
1624703,BFB1BEE697140ED7,electric_bike,2021-09-24 16:40:41,2021-09-24 17:03:42,Madison Ave & E 82 St,7188,St. Nicholas Terrace & Convent Ave,7937,40.7781314,-73.96069399,40.821294,-73.947868,member
1624708,8F6EF74B9332027B,electric_bike,2021-09-30 19:45:47,2021-09-30 20:21:57,Madison Ave & E 82 St,7188,E 88 St & 1 Ave,7235,40.7781314,-73.96069399,40.778301,-73.9488134,member
1624768,54F87099A834D3C2,classic_bike,2021-09-02 15:13:32,2021-09-02 15:21:20,Madison Ave & E 82 St,7188,E 88 St & 1 Ave,7235,40.7781314,-73.96069399,40.778301,-73.9488134,member
1624769,721F1C2E675EAA79,classic_bike,2021-09-16 08:04:27,2021-09-16 08:34:08,Madison Ave & E 82 St,7188,E 88 St & 1 Ave,7235,40.7781314,-73.96069399,40.778301,-73.9488134,member
1624813,EFACB142595B1291,classic_bike,2021-09-14 15:43:42,2021-09-14 15:53:06,Madison Ave & E 82 St,7188,E 88 St & 1 Ave,7235,40.7781314,-73.96069399,40.778301,-73.9488134,member
1626018,46C3294CBF342BC2,electric_bike,2021-09-02 14:08:11,2021-09-02 15:06:21,E 81 St & Park Ave,7188,Columbia Heights & Cranberry St,4829,40.77677702,-73.9590097,40.70037867,-73.99548059,member
1627601,8D3DDD0E00FAC8AE,classic_bike,2021-09-28 19:34:09,2021-09-28 19:48:20,Madison Ave & E 82 St,7188,E 88 St & 1 Ave,7235,40.7781314,-73.96069399,40.778301,-73.9488134,casual
1627602,008FBDFF913FEB08,electric_bike,2021-09-18 19:29:23,2021-09-18 20:36:02,Madison Ave & E 82 St,7188,Allen St & Rivington St,5414,40.7781314,-73.96069399,40.72019576,-73.98997825,casual
1633148,31C39DB5123D3B60,classic_bike,2021-09-04 15:28:14,2021-09-04 16:10:36,Madison Ave & E 82 St,7188,Central Park North & Adam Clayton Powell Blvd,7617,40.7781314,-73.96069399,40.799484,-73.955613,casual
1633189,8C7D42DE8D269FF7,classic_bike,2021-09-25 10:05:40,2021-09-25 10:20:02,Madison Ave & E 82 St,7188,Central Park North & Adam Clayton Powell Blvd,7617,40.7781314,-73.96069399,40.799484,-73.955613,casual
1633198,A3786C06BE4845FA,classic_bike,2021-09-12 15:40:07,2021-09-12 16:02:31,Madison Ave & E 82 St,7188,Lexington Ave & E 36 St,6313,40.7781314,-73.96069399,40.7475739589548,-73.9788007736206,casual
1633255,8C300B742241821B,classic_bike,2021-09-19 14:48:55,2021-09-19 15:28:34,Madison Ave & E 82 St,7188,Central Park North & Adam Clayton Powell Blvd,7617,40.7781314,-73.96069399,40.799484,-73.955613,casual
1633256,3A8AD15516E87714,classic_bike,2021-09-19 14:48:20,2021-09-19 15:28:36,Madison Ave & E 82 St,7188,Central Park North & Adam Clayton Powell Blvd,7617,40.7781314,-73.96069399,40.799484,-73.955613,casual
1633265,29EC1329D91561A4,classic_bike,2021-09-05 14:57:17,2021-09-05 15:18:44,Madison Ave & E 82 St,7188,Lexington Ave & E 36 St,6313,40.7781314,-73.96069399,40.7475739589548,-73.9788007736206,casual
1633275,559405DC03DF7ACB,docked_bike,2021-09-18 14:48:22,2021-09-18 15:15:41,Madison Ave & E 82 St,7188,Central Park North & Adam Clayton Powell Blvd,7617,40.778131,-73.960694,40.799484,-73.955613,casual
1633287,2CA30C2850D56DDB,classic_bike,2021-09-04 10:29:53,2021-09-04 10:44:56,Madison Ave & E 82 St,7188,Central Park North & Adam Clayton Powell Blvd,7617,40.7781314,-73.96069399,40.799484,-73.955613,member
1633332,B19AB73BA21B5C65,electric_bike,2021-09-02 14:39:13,2021-09-02 15:13:47,Madison Ave & E 82 St,7188,Central Park North & Adam Clayton Powell Blvd,7617,40.7781314,-73.96069399,40.799484,-73.955613,casual
1633347,873C3EC5D75AABBE,classic_bike,2021-09-18 13:52:50,2021-09-18 14:26:22,Madison Ave & E 82 St,7188,Central Park North & Adam Clayton Powell Blvd,7617,40.7781314,-73.96069399,40.799484,-73.955613,casual
1633402,533D392981A4D465,classic_bike,2021-09-20 17:41:55,2021-09-20 17:53:26,Madison Ave & E 82 St,7188,Central Park North & Adam Clayton Powell Blvd,7617,40.7781314,-73.96069399,40.799484,-73.955613,member
1633826,CA7EA6E495249D08,classic_bike,2021-09-04 15:26:32,2021-09-04 16:09:29,Madison Ave & E 82 St,7188,Central Park North & Adam Clayton Powell Blvd,7617,40.7781314,-73.96069399,40.799484,-73.955613,casual
1633910,07E0C87020D592A3,classic_bike,2021-09-04 10:30:06,2021-09-04 10:44:26,Madison Ave & E 82 St,7188,Central Park North & Adam Clayton Powell Blvd,7617,40.7781314,-73.96069399,40.799484,-73.955613,casual
1633927,EE9E09B81B6968F8,classic_bike,2021-09-04 15:27:05,2021-09-04 16:09:50,Madison Ave & E 82 St,7188,Central Park North & Adam Clayton Powell Blvd,7617,40.7781314,-73.96069399,40.799484,-73.955613,casual
1633933,C924FF8154DF3A8D,docked_bike,2021-09-14 14:58:18,2021-09-14 15:26:58,Madison Ave & E 82 St,7188,Central Park North & Adam Clayton Powell Blvd,7617,40.778131,-73.960694,40.799484,-73.955613,casual
1634157,1FEBAFC123D6D304,classic_bike,2021-09-05 14:57:34,2021-09-05 15:16:02,Madison Ave & E 82 St,7188,Lexington Ave & E 36 St,6313,40.7781314,-73.96069399,40.7475739589548,-73.9788007736206,casual
1634166,0ACFD37C9F0A095F,electric_bike,2021-09-24 22:33:57,2021-09-24 22:47:40,Madison Ave & E 82 St,7188,Lexington Ave & E 36 St,6313,40.7781314,-73.96069399,40.7475739589548,-73.9788007736206,member
1634172,903F36B31B5B70C4,classic_bike,2021-09-19 16:03:59,2021-09-19 16:42:46,Madison Ave & E 82 St,7188,Central Park North & Adam Clayton Powell Blvd,7617,40.7781314,-73.96069399,40.799484,-73.955613,member
1634181,93CAA88B12F558B2,classic_bike,2021-09-17 12:14:27,2021-09-17 12:26:53,Madison Ave & E 82 St,7188,Central Park North & Adam Clayton Powell Blvd,7617,40.7781314,-73.96069399,40.799484,-73.955613,casual
1634229,C82315941DADD875,classic_bike,2021-09-05 14:56:45,2021-09-05 15:18:41,Madison Ave & E 82 St,7188,Lexington Ave & E 36 St,6313,40.7781314,-73.96069399,40.7475739589548,-73.9788007736206,casual
1634674,EBDCEED07F9AC443,classic_bike,2021-09-27 13:05:11,2021-09-27 13:53:45,Madison Ave & E 82 St,7188,Central Park North & Adam Clayton Powell Blvd,7617,40.7781314,-73.96069399,40.799484,-73.955613,casual
1634816,1FB493B255A1924F,classic_bike,2021-09-16 18:11:22,2021-09-16 18:22:37,Madison Ave & E 82 St,7188,Central Park North & Adam Clayton Powell Blvd,7617,40.7781314,-73.96069399,40.799484,-73.955613,member
1642352,3F8B487494809E23,docked_bike,2021-09-14 14:57:15,2021-09-14 15:26:52,Madison Ave & E 82 St,7188,Central Park North & Adam Clayton Powell Blvd,7617,40.778131,-73.960694,40.799484,-73.955613,casual
1642370,376D3D321D8CD299,classic_bike,2021-09-27 13:05:32,2021-09-27 13:53:33,Madison Ave & E 82 St,7188,Central Park North & Adam Clayton Powell Blvd,7617,40.7781314,-73.96069399,40.799484,-73.955613,casual
1642389,9215D782E7FFEF94,classic_bike,2021-09-05 14:58:46,2021-09-05 15:19:03,Madison Ave & E 82 St,7188,Lexington Ave & E 36 St,6313,40.7781314,-73.96069399,40.7475739589548,-73.9788007736206,member
1642406,F9AE9FCD9BD04E5A,classic_bike,2021-09-07 10:36:10,2021-09-07 10:51:22,Madison Ave & E 82 St,7188,Central Park North & Adam Clayton Powell Blvd,7617,40.7781314,-73.96069399,40.799484,-73.955613,member
1642408,72A92F11076411EE,electric_bike,2021-09-11 08:29:12,2021-09-11 08:42:35,Madison Ave & E 82 St,7188,Lexington Ave & E 36 St,6313,40.7781314,-73.96069399,40.7475739589548,-73.9788007736206,member
1642412,BA72DD0FC2E32057,classic_bike,2021-09-19 16:03:39,2021-09-19 16:43:12,Madison Ave & E 82 St,7188,Central Park North & Adam Clayton Powell Blvd,7617,40.7781314,-73.96069399,40.799484,-73.955613,casual
1642413,569E29E87C41A6AE,classic_bike,2021-09-05 14:57:30,2021-09-05 15:15:22,Madison Ave & E 82 St,7188,Lexington Ave & E 36 St,6313,40.7781314,-73.96069399,40.7475739589548,-73.9788007736206,casual
1642414,02ACA5781FCC65D6,classic_bike,2021-09-19 14:48:20,2021-09-19 15:28:22,Madison Ave & E 82 St,7188,Central Park North & Adam Clayton Powell Blvd,7617,40.7781314,-73.96069399,40.799484,-73.955613,casual
1642803,DB1AE5FD0386AF42,docked_bike,2021-09-16 13:54:30,2021-09-16 14:06:59,Madison Ave & E 82 St,7188,Central Park North & Adam Clayton Powell Blvd,7617,40.778131,-73.960694,40.799484,-73.955613,casual
1642805,F2F89FCA6B069290,classic_bike,2021-09-20 14:25:48,2021-09-20 14:38:54,Madison Ave & E 82 St,7188,Central Park North & Adam Clayton Powell Blvd,7617,40.7781314,-73.96069399,40.799484,-73.955613,member
1642849,5A87DD7B540CDE02,classic_bike,2021-09-19 14:48:35,2021-09-19 15:31:37,Madison Ave & E 82 St,7188,Central Park North & Adam Clayton Powell Blvd,7617,40.7781314,-73.96069399,40.799484,-73.955613,casual
1644827,D32B57F326D8CD0B,classic_bike,2021-09-05 17:12:25,2021-09-05 17:35:27,E 81 St & Park Ave,7188,Central Park North & Adam Clayton Powell Blvd,7617,40.77677702,-73.9590097,40.799484,-73.955613,casual
1644833,866D260AC2FB558D,classic_bike,2021-09-26 14:51:42,2021-09-26 15:06:47,E 81 St & Park Ave,7188,Lexington Ave & E 36 St,6313,40.77677702,-73.9590097,40.7475739589548,-73.9788007736206,member
1644840,3A7702FCA257C3F4,classic_bike,2021-09-24 19:20:25,2021-09-24 19:40:44,E 81 St & Park Ave,7188,Lexington Ave & E 36 St,6313,40.77677702,-73.9590097,40.7475739589548,-73.9788007736206,member
1644849,89C7301E05D8D2C0,classic_bike,2021-09-11 13:22:09,2021-09-11 13:34:48,E 81 St & Park Ave,7188,Central Park North & Adam Clayton Powell Blvd,7617,40.77677702,-73.9590097,40.799484,-73.955613,casual
1644852,CD2A8393BFBF61DF,classic_bike,2021-09-26 14:51:00,2021-09-26 15:06:53,E 81 St & Park Ave,7188,Lexington Ave & E 36 St,6313,40.77677702,-73.9590097,40.7475739589548,-73.9788007736206,member
1644859,FEE457FF5E39BB4A,classic_bike,2021-09-16 20:27:20,2021-09-16 20:45:45,E 81 St & Park Ave,7188,Central Park North & Adam Clayton Powell Blvd,7617,40.77677702,-73.9590097,40.799484,-73.955613,member
1644863,FCEB542A7232E074,electric_bike,2021-09-30 09:24:29,2021-09-30 09:37:26,E 81 St & Park Ave,7188,Lexington Ave & E 36 St,6313,40.77677702,-73.9590097,40.7475739589548,-73.9788007736206,casual
1644864,0225F9B6ABE0B1B1,classic_bike,2021-09-02 17:14:49,2021-09-02 17:35:10,E 81 St & Park Ave,7188,Central Park North & Adam Clayton Powell Blvd,7617,40.77677702,-73.9590097,40.799484,-73.955613,casual
1645175,99667AEF84758FD0,docked_bike,2021-09-18 14:48:10,2021-09-18 15:17:28,Madison Ave & E 82 St,7188,Central Park North & Adam Clayton Powell Blvd,7617,40.778131,-73.960694,40.799484,-73.955613,casual
1645178,575EE949CC677A4D,classic_bike,2021-09-20 15:48:26,2021-09-20 16:01:17,Madison Ave & E 82 St,7188,Central Park North & Adam Clayton Powell Blvd,7617,40.7781314,-73.96069399,40.799484,-73.955613,casual
1645182,5D60FEC54E5ABAF3,electric_bike,2021-09-26 11:38:24,2021-09-26 11:54:17,Madison Ave & E 82 St,7188,Central Park North & Adam Clayton Powell Blvd,7617,40.7781314,-73.96069399,40.799484,-73.955613,member
1645185,B5FB7421CC410069,classic_bike,2021-09-16 13:54:21,2021-09-16 14:07:00,Madison Ave & E 82 St,7188,Central Park North & Adam Clayton Powell Blvd,7617,40.7781314,-73.96069399,40.799484,-73.955613,casual
1645459,541F3C9E274BA82A,classic_bike,2021-09-25 16:28:06,2021-09-25 17:28:48,Madison Ave & E 82 St,7188,Lexington Ave & E 36 St,6313,40.7781314,-73.96069399,40.7475739589548,-73.9788007736206,casual
1645461,5EEE871784CF094C,classic_bike,2021-09-05 14:56:22,2021-09-05 15:17:00,Madison Ave & E 82 St,7188,Lexington Ave & E 36 St,6313,40.7781314,-73.96069399,40.7475739589548,-73.9788007736206,casual
1645509,13D2F2B518BFD791,classic_bike,2021-09-27 08:29:09,2021-09-27 09:06:31,E 81 St & Park Ave,7188,Lexington Ave & E 36 St,6313,40.77677702,-73.9590097,40.7475739589548,-73.9788007736206,member
1646171,F7F3C92EA4456A22,electric_bike,2021-09-07 22:02:51,2021-09-07 22:13:52,E 81 St & Park Ave,7188,Pershing Square South,6432,40.77677702,-73.9590097,40.751581,-73.97791,member
1646173,872298E0297BB12D,classic_bike,2021-09-13 14:41:27,2021-09-13 15:23:35,E 81 St & Park Ave,7188,Central Park West & W 72 St,7141,40.77677702,-73.9590097,40.77579376683666,-73.9762057363987,member
1646174,4B394A004B6B27CD,electric_bike,2021-09-27 08:00:22,2021-09-27 08:08:21,E 81 St & Park Ave,7188,Central Park West & W 72 St,7141,40.77677702,-73.9590097,40.77579376683666,-73.9762057363987,member
1646544,5806DD8B6A9CACCA,classic_bike,2021-09-12 21:06:25,2021-09-12 21:19:51,Madison Ave & E 82 St,7188,Central Park West & W 72 St,7141,40.7781314,-73.96069399,40.77579376683666,-73.9762057363987,casual
1646572,A60E0E2EE1848FB8,classic_bike,2021-09-24 21:28:39,2021-09-24 21:30:24,Madison Ave & E 82 St,7188,E 84 St & Park Ave,7243,40.7781314,-73.96069399,40.77862688,-73.95772073,member
1647229,9519CE4295BF49C3,classic_bike,2021-09-18 13:05:06,2021-09-18 13:06:52,E 81 St & Park Ave,7188,E 84 St & Park Ave,7243,40.77677702,-73.9590097,40.77862688,-73.95772073,member
1647236,EBD32A631F551E96,classic_bike,2021-09-12 23:10:32,2021-09-12 23:19:57,E 81 St & Park Ave,7188,Central Park West & W 72 St,7141,40.77677702,-73.9590097,40.77579376683666,-73.9762057363987,member
1647336,CBCCB73DED1296D7,classic_bike,2021-09-06 14:06:04,2021-09-06 14:08:22,E 81 St & Park Ave,7188,E 84 St & Park Ave,7243,40.77677702,-73.9590097,40.77862688,-73.95772073,member
1647337,00970333937EB04E,classic_bike,2021-09-05 17:05:35,2021-09-05 17:13:32,E 81 St & Park Ave,7188,Central Park West & W 72 St,7141,40.77677702,-73.9590097,40.77579376683666,-73.9762057363987,member
1647350,1D334EB92596C6A9,classic_bike,2021-09-10 18:31:38,2021-09-10 18:34:12,E 81 St & Park Ave,7188,E 84 St & Park Ave,7243,40.77677702,-73.9590097,40.77862688,-73.95772073,member
1650100,B4436E25FD0E0486,classic_bike,2021-09-19 17:29:02,2021-09-19 17:38:12,Madison Ave & E 82 St,7188,Central Park West & W 72 St,7141,40.7781314,-73.96069399,40.77579376683666,-73.9762057363987,member
1650101,F45CB76B5D578249,classic_bike,2021-09-04 13:08:44,2021-09-04 13:10:18,Madison Ave & E 82 St,7188,E 84 St & Park Ave,7243,40.7781314,-73.96069399,40.77862688,-73.95772073,member
1650104,DB6C140ADF82CEB4,classic_bike,2021-09-22 11:24:30,2021-09-22 11:34:57,Madison Ave & E 82 St,7188,Central Park West & W 72 St,7141,40.7781314,-73.96069399,40.77579376683666,-73.9762057363987,casual
1650117,873352701229EB28,electric_bike,2021-09-04 21:18:38,2021-09-04 23:16:55,Madison Ave & E 82 St,7188,E 84 St & Park Ave,7243,40.7781314,-73.96069399,40.77862688,-73.95772073,member
1650119,9AE62E59C3EB3B28,classic_bike,2021-09-30 15:01:18,2021-09-30 15:03:42,Madison Ave & E 82 St,7188,E 84 St & Park Ave,7243,40.7781314,-73.96069399,40.77862688,-73.95772073,member
1650132,58B47155C92FA123,classic_bike,2021-09-07 14:54:22,2021-09-07 14:56:34,Madison Ave & E 82 St,7188,E 84 St & Park Ave,7243,40.7781314,-73.96069399,40.77862688,-73.95772073,member
1650140,A6EDF160E51CBA2A,classic_bike,2021-09-02 15:32:49,2021-09-02 16:12:27,Madison Ave & E 82 St,7188,Central Park West & W 72 St,7141,40.7781314,-73.96069399,40.77579376683666,-73.9762057363987,casual
1650152,42D1858846762F9C,classic_bike,2021-09-26 17:37:30,2021-09-26 17:47:51,Madison Ave & E 82 St,7188,Central Park West & W 72 St,7141,40.7781314,-73.96069399,40.77579376683666,-73.9762057363987,member
1650154,EE35BAB5F76AC38D,classic_bike,2021-09-01 16:37:53,2021-09-01 16:44:48,Madison Ave & E 82 St,7188,E 84 St & Park Ave,7243,40.7781314,-73.96069399,40.77862688,-73.95772073,casual
1650160,9C077DE35561502F,classic_bike,2021-09-18 17:25:04,2021-09-18 17:35:26,Madison Ave & E 82 St,7188,Central Park West & W 72 St,7141,40.7781314,-73.96069399,40.77579376683666,-73.9762057363987,member
1650164,D967F1D523519090,classic_bike,2021-09-09 18:45:07,2021-09-09 18:55:20,Madison Ave & E 82 St,7188,Central Park West & W 72 St,7141,40.7781314,-73.96069399,40.77579376683666,-73.9762057363987,member
1650180,27D253ADBC2590BF,classic_bike,2021-09-07 13:43:40,2021-09-07 14:02:19,Madison Ave & E 82 St,7188,Pershing Square South,6432,40.7781314,-73.96069399,40.751581,-73.97791,member
1650188,08BD3FFDD1722CF3,classic_bike,2021-09-03 17:36:17,2021-09-03 18:20:45,Madison Ave & E 82 St,7188,Central Park West & W 72 St,7141,40.7781314,-73.96069399,40.77579376683666,-73.9762057363987,casual
1650190,C33EC072B6840A91,classic_bike,2021-09-21 20:47:53,2021-09-21 20:50:05,Madison Ave & E 82 St,7188,E 84 St & Park Ave,7243,40.7781314,-73.96069399,40.77862688,-73.95772073,casual
1650197,AF0041BDCF066616,electric_bike,2021-09-18 10:43:09,2021-09-18 10:49:18,Madison Ave & E 82 St,7188,Central Park West & W 72 St,7141,40.7781314,-73.96069399,40.77579376683666,-73.9762057363987,member
1650198,BB1141CBB1424095,classic_bike,2021-09-30 15:00:32,2021-09-30 15:02:25,Madison Ave & E 82 St,7188,E 84 St & Park Ave,7243,40.7781314,-73.96069399,40.77862688,-73.95772073,member
1650218,B5DBFD2CC1FE0876,classic_bike,2021-09-18 11:55:27,2021-09-18 11:59:03,Madison Ave & E 82 St,7188,E 84 St & Park Ave,7243,40.7781314,-73.96069399,40.77862688,-73.95772073,member
1650219,60D17B0FA7FDDD19,electric_bike,2021-09-26 11:10:15,2021-09-26 11:12:42,Madison Ave & E 82 St,7188,E 84 St & Park Ave,7243,40.7781314,-73.96069399,40.77862688,-73.95772073,member
1650230,EF72804741E19B4C,classic_bike,2021-09-17 14:26:01,2021-09-17 14:28:56,Madison Ave & E 82 St,7188,E 84 St & Park Ave,7243,40.7781314,-73.96069399,40.77862688,-73.95772073,member
1650735,5C12F2A6D6F727E7,electric_bike,2021-09-30 07:38:44,2021-09-30 07:58:14,E 81 St & Park Ave,7188,Pershing Square South,6432,40.77677702,-73.9590097,40.751581,-73.97791,member
1651826,0FD633EE6C6635AC,electric_bike,2021-09-13 14:34:31,2021-09-13 14:43:45,Madison Ave & E 82 St,7188,Central Park West & W 72 St,7141,40.7781314,-73.96069399,40.77579376683666,-73.9762057363987,member
1651835,05BBA6D50E0CB524,classic_bike,2021-09-19 15:33:30,2021-09-19 16:04:46,Madison Ave & E 82 St,7188,Central Park West & W 72 St,7141,40.7781314,-73.96069399,40.77579376683666,-73.9762057363987,casual
1651858,F001C3F4F5F5B9AD,classic_bike,2021-09-13 18:37:47,2021-09-13 18:48:18,E 81 St & Park Ave,7188,E 84 St & Park Ave,7243,40.77677702,-73.9590097,40.77862688,-73.95772073,casual
1651897,93BEF21C8B119147,classic_bike,2021-09-08 18:42:13,2021-09-08 19:03:24,E 81 St & Park Ave,7188,Central Park West & W 72 St,7141,40.77677702,-73.9590097,40.77579376683666,-73.9762057363987,casual
1652473,CA18CB878F6D6B4C,classic_bike,2021-09-12 17:01:02,2021-09-12 17:03:46,Madison Ave & E 82 St,7188,E 84 St & Park Ave,7243,40.7781314,-73.96069399,40.77862688,-73.95772073,member
1652474,18F48E1C7BC85DF8,classic_bike,2021-09-07 17:39:04,2021-09-07 17:45:51,Madison Ave & E 82 St,7188,Central Park West & W 72 St,7141,40.7781314,-73.96069399,40.77579376683666,-73.9762057363987,member
1652478,A05A2C84480DCD79,classic_bike,2021-09-28 15:01:19,2021-09-28 15:04:17,Madison Ave & E 82 St,7188,E 84 St & Park Ave,7243,40.7781314,-73.96069399,40.77862688,-73.95772073,member
1657369,0577CDB4B7522B4D,classic_bike,2021-09-17 14:10:48,2021-09-17 14:12:09,E 81 St & Park Ave,7188,E 84 St & Park Ave,7243,40.77677702,-73.9590097,40.77862688,-73.95772073,member
1657378,1C2C39D72ADDC461,classic_bike,2021-09-26 16:35:11,2021-09-26 16:37:44,E 81 St & Park Ave,7188,E 84 St & Park Ave,7243,40.77677702,-73.9590097,40.77862688,-73.95772073,casual
1657379,268B3F18A1A9C5C9,classic_bike,2021-09-06 16:35:56,2021-09-06 17:04:58,E 81 St & Park Ave,7188,Central Park West & W 72 St,7141,40.77677702,-73.9590097,40.77579376683666,-73.9762057363987,member
1657380,5C064C3745D29E93,electric_bike,2021-09-12 10:48:21,2021-09-12 10:50:19,E 81 St & Park Ave,7188,E 84 St & Park Ave,7243,40.77677702,-73.9590097,40.77862688,-73.95772073,member
1657381,81EC1820D11E3394,classic_bike,2021-09-11 19:20:49,2021-09-11 19:27:20,E 81 St & Park Ave,7188,Central Park West & W 72 St,7141,40.77677702,-73.9590097,40.77579376683666,-73.9762057363987,member
1657383,A74152DE9B9FE391,classic_bike,2021-09-10 22:21:05,2021-09-10 22:22:40,E 81 St & Park Ave,7188,E 84 St & Park Ave,7243,40.77677702,-73.9590097,40.77862688,-73.95772073,member
1657384,CE451C88DB10FEF0,electric_bike,2021-09-19 12:36:39,2021-09-19 13:14:25,E 81 St & Park Ave,7188,Central Park West & W 72 St,7141,40.77677702,-73.9590097,40.77579376683666,-73.9762057363987,casual
1657389,B737360A88540814,classic_bike,2021-09-09 19:12:41,2021-09-09 19:21:24,E 81 St & Park Ave,7188,Central Park West & W 72 St,7141,40.77677702,-73.9590097,40.77579376683666,-73.9762057363987,member
1657977,5CA713054EF59179,classic_bike,2021-09-23 15:13:43,2021-09-23 15:59:18,E 81 St & Park Ave,7188,E 84 St & Park Ave,7243,40.77677702,-73.9590097,40.77862688,-73.95772073,member
1657978,1CD43FC248940C71,classic_bike,2021-09-27 13:03:26,2021-09-27 13:05:12,E 81 St & Park Ave,7188,E 84 St & Park Ave,7243,40.77677702,-73.9590097,40.77862688,-73.95772073,member
1657979,03F131A69C4766FF,classic_bike,2021-09-06 09:50:47,2021-09-06 10:27:45,E 81 St & Park Ave,7188,E 84 St & Park Ave,7243,40.77677702,-73.9590097,40.77862688,-73.95772073,member
1658004,F6D7133966CEF604,classic_bike,2021-09-11 16:30:05,2021-09-11 16:32:25,E 81 St & Park Ave,7188,E 84 St & Park Ave,7243,40.77677702,-73.9590097,40.77862688,-73.95772073,member
1661754,704FDF986BCB8579,electric_bike,2021-09-20 17:50:31,2021-09-20 18:00:17,Madison Ave & E 82 St,7188,Central Park West & W 72 St,7141,40.7781314,-73.96069399,40.77579376683666,-73.9762057363987,member
1661756,2F100617A7D7B3D2,classic_bike,2021-09-11 09:45:24,2021-09-11 09:48:37,Madison Ave & E 82 St,7188,E 84 St & Park Ave,7243,40.7781314,-73.96069399,40.77862688,-73.95772073,member
1661776,3D8DBDF42D7EA91B,classic_bike,2021-09-06 14:05:57,2021-09-06 14:39:51,Madison Ave & E 82 St,7188,Central Park West & W 72 St,7141,40.7781314,-73.96069399,40.77579376683666,-73.9762057363987,member
1661793,E8A0C5D912173BA6,classic_bike,2021-09-08 14:58:29,2021-09-08 15:00:17,Madison Ave & E 82 St,7188,E 84 St & Park Ave,7243,40.7781314,-73.96069399,40.77862688,-73.95772073,member
1661798,E545FAEF543912FC,classic_bike,2021-09-02 15:28:42,2021-09-02 16:11:18,Madison Ave & E 82 St,7188,Central Park West & W 72 St,7141,40.7781314,-73.96069399,40.77579376683666,-73.9762057363987,casual
1661799,3407698E3B38AF67,classic_bike,2021-09-26 14:47:33,2021-09-26 15:21:10,Madison Ave & E 82 St,7188,Central Park West & W 72 St,7141,40.7781314,-73.96069399,40.77579376683666,-73.9762057363987,casual
1661804,A2226A6156291F32,electric_bike,2021-09-18 14:56:54,2021-09-18 16:04:12,Madison Ave & E 82 St,7188,E 84 St & Park Ave,7243,40.7781314,-73.96069399,40.77862688,-73.95772073,member
1661820,F2B752A35F077C35,classic_bike,2021-09-14 16:55:35,2021-09-14 17:18:49,Madison Ave & E 82 St,7188,Central Park West & W 72 St,7141,40.7781314,-73.96069399,40.77579376683666,-73.9762057363987,casual
1661821,D056A97FE511327E,docked_bike,2021-09-03 18:01:00,2021-09-03 19:24:50,Madison Ave & E 82 St,7188,E 84 St & Park Ave,7243,40.778131,-73.960694,40.778627,-73.957721,casual
1661844,A577C3403288A1AC,electric_bike,2021-09-08 12:50:43,2021-09-08 12:57:31,Madison Ave & E 82 St,7188,Central Park West & W 72 St,7141,40.7781314,-73.96069399,40.77579376683666,-73.9762057363987,member
1661845,93BF86B9EDFD7B87,classic_bike,2021-09-27 15:00:05,2021-09-27 15:02:21,Madison Ave & E 82 St,7188,E 84 St & Park Ave,7243,40.7781314,-73.96069399,40.77862688,-73.95772073,member
1661877,3A491A970525036F,electric_bike,2021-09-07 18:51:09,2021-09-07 18:52:40,Madison Ave & E 82 St,7188,E 84 St & Park Ave,7243,40.7781314,-73.96069399,40.77862688,-73.95772073,member
1661881,B0DABFA4061C0DB5,electric_bike,2021-09-30 14:34:42,2021-09-30 14:39:02,Madison Ave & E 82 St,7188,E 84 St & Park Ave,7243,40.7781314,-73.96069399,40.77862688,-73.95772073,member
1661892,261F29A12F95A895,electric_bike,2021-09-19 19:24:30,2021-09-19 19:32:24,Madison Ave & E 82 St,7188,Central Park West & W 72 St,7141,40.7781314,-73.96069399,40.77579376683666,-73.9762057363987,member
1661927,4DFDC6B7CA560B18,classic_bike,2021-09-02 15:32:28,2021-09-02 16:11:04,Madison Ave & E 82 St,7188,Central Park West & W 72 St,7141,40.7781314,-73.96069399,40.77579376683666,-73.9762057363987,casual
1661929,BCE5F5457BC225AC,classic_bike,2021-09-04 11:42:06,2021-09-04 11:57:46,Madison Ave & E 82 St,7188,Central Park West & W 72 St,7141,40.7781314,-73.96069399,40.77579376683666,-73.9762057363987,casual
1661950,8E6417C013AF8C09,classic_bike,2021-09-29 14:56:15,2021-09-29 14:58:25,Madison Ave & E 82 St,7188,E 84 St & Park Ave,7243,40.7781314,-73.96069399,40.77862688,-73.95772073,member
1661958,CE1D68FE5E6C4457,electric_bike,2021-09-12 09:46:22,2021-09-12 09:48:10,Madison Ave & E 82 St,7188,E 84 St & Park Ave,7243,40.7781314,-73.96069399,40.77862688,-73.95772073,member
1661960,FFECA3381F87FA92,classic_bike,2021-09-12 21:06:27,2021-09-12 21:19:58,Madison Ave & E 82 St,7188,Central Park West & W 72 St,7141,40.7781314,-73.96069399,40.77579376683666,-73.9762057363987,casual
1661961,1CC0F2DBCD2F97E7,classic_bike,2021-09-26 14:47:27,2021-09-26 15:21:23,Madison Ave & E 82 St,7188,Central Park West & W 72 St,7141,40.7781314,-73.96069399,40.77579376683666,-73.9762057363987,casual
1661970,A71631B38A9969EC,classic_bike,2021-09-02 16:22:05,2021-09-02 16:24:47,Madison Ave & E 82 St,7188,E 84 St & Park Ave,7243,40.7781314,-73.96069399,40.77862688,-73.95772073,member
1661982,8EE5E37533E9796C,classic_bike,2021-09-12 16:40:04,2021-09-12 16:42:50,Madison Ave & E 82 St,7188,E 84 St & Park Ave,7243,40.7781314,-73.96069399,40.77862688,-73.95772073,member
1662010,3B919C1A3D67CE20,electric_bike,2021-09-22 17:34:58,2021-09-22 17:47:25,Madison Ave & E 82 St,7188,E 84 St & Park Ave,7243,40.7781314,-73.96069399,40.77862688,-73.95772073,member
1662011,E62CDFD45E41065B,electric_bike,2021-09-26 11:47:04,2021-09-26 11:50:06,Madison Ave & E 82 St,7188,E 84 St & Park Ave,7243,40.7781314,-73.96069399,40.77862688,-73.95772073,member
1662015,A01BDEC3D61B8451,classic_bike,2021-09-17 17:59:24,2021-09-17 18:02:25,Madison Ave & E 82 St,7188,E 84 St & Park Ave,7243,40.7781314,-73.96069399,40.77862688,-73.95772073,casual
1662022,A822823EDD733CCD,classic_bike,2021-09-13 18:46:01,2021-09-13 18:52:33,Madison Ave & E 82 St,7188,E 84 St & Park Ave,7243,40.7781314,-73.96069399,40.77862688,-73.95772073,casual
1662023,99F75053EAACE74E,classic_bike,2021-09-27 13:02:10,2021-09-27 15:49:08,Madison Ave & E 82 St,7188,Central Park West & W 72 St,7141,40.7781314,-73.96069399,40.77579376683666,-73.9762057363987,casual
1662031,1FB91E0B450EF90F,classic_bike,2021-09-20 15:54:35,2021-09-20 15:56:14,Madison Ave & E 82 St,7188,E 84 St & Park Ave,7243,40.7781314,-73.96069399,40.77862688,-73.95772073,member
1662037,6D30E0FA1873B8BE,classic_bike,2021-09-25 19:06:17,2021-09-25 19:41:52,Madison Ave & E 82 St,7188,43 St & 37 Ave,6401,40.7781314,-73.96069399,40.750181,-73.919998,member
1662089,C2A9E04CAD1981F5,classic_bike,2021-09-02 15:32:52,2021-09-02 16:11:35,Madison Ave & E 82 St,7188,Central Park West & W 72 St,7141,40.7781314,-73.96069399,40.77579376683666,-73.9762057363987,casual
1662092,9788D873D02E8BC1,classic_bike,2021-09-12 16:56:53,2021-09-12 17:45:50,Madison Ave & E 82 St,7188,E 84 St & Park Ave,7243,40.7781314,-73.96069399,40.77862688,-73.95772073,casual
1662093,CC30815B45DCF8AE,classic_bike,2021-09-30 20:19:12,2021-09-30 20:41:24,Madison Ave & E 82 St,7188,Pershing Square South,6432,40.7781314,-73.96069399,40.751581,-73.97791,casual
1662102,BF26604ECC522FB2,classic_bike,2021-09-29 14:54:44,2021-09-29 15:39:15,Madison Ave & E 82 St,7188,Central Park West & W 72 St,7141,40.7781314,-73.96069399,40.77579376683666,-73.9762057363987,member
1662111,7DAAE00FB083620A,classic_bike,2021-09-18 15:41:50,2021-09-18 16:32:21,Madison Ave & E 82 St,7188,E 84 St & Park Ave,7243,40.7781314,-73.96069399,40.77862688,-73.95772073,casual
1662116,53696E9D6C67F21F,classic_bike,2021-09-09 17:04:49,2021-09-09 17:09:21,Madison Ave & E 82 St,7188,E 84 St & Park Ave,7243,40.7781314,-73.96069399,40.77862688,-73.95772073,casual
1662146,EE9ED1D78540B7DA,classic_bike,2021-09-11 09:26:35,2021-09-11 09:53:41,Madison Ave & E 82 St,7188,Central Park West & W 72 St,7141,40.7781314,-73.96069399,40.77579376683666,-73.9762057363987,casual
1662150,2463FD9210D1E631,electric_bike,2021-09-20 03:00:43,2021-09-20 03:19:27,Madison Ave & E 82 St,7188,E 84 St & Park Ave,7243,40.7781314,-73.96069399,40.77862688,-73.95772073,casual
1662204,E206AD07215867FA,classic_bike,2021-09-16 18:13:51,2021-09-16 18:21:35,Madison Ave & E 82 St,7188,Central Park West & W 72 St,7141,40.7781314,-73.96069399,40.77579376683666,-73.9762057363987,member
1662208,97EA3BC9D03E3DD7,electric_bike,2021-09-30 10:22:24,2021-09-30 10:26:07,Madison Ave & E 82 St,7188,E 84 St & Park Ave,7243,40.7781314,-73.96069399,40.77862688,-73.95772073,member
1662222,CA943040AD05250F,classic_bike,2021-09-19 11:18:18,2021-09-19 11:20:23,Madison Ave & E 82 St,7188,E 84 St & Park Ave,7243,40.7781314,-73.96069399,40.77862688,-73.95772073,casual
1662233,95F8E108E95B956E,classic_bike,2021-09-09 17:05:02,2021-09-09 17:09:38,Madison Ave & E 82 St,7188,E 84 St & Park Ave,7243,40.7781314,-73.96069399,40.77862688,-73.95772073,casual
1662280,C0A4C03A4A711C58,classic_bike,2021-09-19 15:34:04,2021-09-19 16:03:20,Madison Ave & E 82 St,7188,Central Park West & W 72 St,7141,40.7781314,-73.96069399,40.77579376683666,-73.9762057363987,casual
1662281,A7AB13795A097066,electric_bike,2021-09-02 15:28:49,2021-09-02 16:12:33,Madison Ave & E 82 St,7188,Central Park West & W 72 St,7141,40.7781314,-73.96069399,40.77579376683666,-73.9762057363987,casual
1663922,FDE59B926B8CB2B6,classic_bike,2021-09-19 15:11:38,2021-09-19 16:17:02,E 81 St & Park Ave,7188,Central Park West & W 72 St,7141,40.77677702,-73.9590097,40.77579376683666,-73.9762057363987,member
1663939,C0AD414266A37ABC,classic_bike,2021-09-06 16:56:52,2021-09-06 17:03:03,E 81 St & Park Ave,7188,E 84 St & Park Ave,7243,40.77677702,-73.9590097,40.77862688,-73.95772073,casual
1663940,AB44A9FA8AED17F7,classic_bike,2021-09-19 20:27:16,2021-09-19 20:28:27,E 81 St & Park Ave,7188,E 84 St & Park Ave,7243,40.77677702,-73.9590097,40.77862688,-73.95772073,member
1663943,4802A8E30C978E8F,classic_bike,2021-09-19 19:02:07,2021-09-19 19:17:22,E 81 St & Park Ave,7188,E 84 St & Park Ave,7243,40.77677702,-73.9590097,40.77862688,-73.95772073,member
1663945,BF29AF208E9C0543,classic_bike,2021-09-25 13:29:46,2021-09-25 14:38:30,E 81 St & Park Ave,7188,Metropolitan Ave & Bedford Ave,5308,40.77677702,-73.9590097,40.71534825,-73.96024116,casual
1664369,FA3E595FB3D4871B,classic_bike,2021-09-20 12:54:34,2021-09-20 13:02:52,Madison Ave & E 82 St,7188,Central Park West & W 72 St,7141,40.7781314,-73.96069399,40.77579376683666,-73.9762057363987,member
1664381,9E1DBF935B16CCFF,classic_bike,2021-09-04 17:25:38,2021-09-04 17:55:44,Madison Ave & E 82 St,7188,Central Park West & W 72 St,7141,40.7781314,-73.96069399,40.77579376683666,-73.9762057363987,casual
1669608,710E77F41B84AFD0,classic_bike,2021-09-08 13:08:37,2021-09-08 13:15:46,Madison Ave & E 82 St,7188,Central Park West & W 72 St,7141,40.7781314,-73.96069399,40.77579376683666,-73.9762057363987,member
1669616,760FE840418AF3A4,classic_bike,2021-09-18 15:39:49,2021-09-18 16:32:03,Madison Ave & E 82 St,7188,E 84 St & Park Ave,7243,40.7781314,-73.96069399,40.77862688,-73.95772073,casual
1669631,5FB22F6E357293BE,classic_bike,2021-09-20 13:14:22,2021-09-20 13:20:51,Madison Ave & E 82 St,7188,Central Park West & W 72 St,7141,40.7781314,-73.96069399,40.77579376683666,-73.9762057363987,member
1669665,FAD377092E838E6B,classic_bike,2021-09-17 03:56:54,2021-09-17 03:59:34,Madison Ave & E 82 St,7188,E 84 St & Park Ave,7243,40.7781314,-73.96069399,40.77862688,-73.95772073,casual
1669686,3601DC294F0DF73F,classic_bike,2021-09-22 14:57:34,2021-09-22 15:19:38,Madison Ave & E 82 St,7188,Central Park West & W 72 St,7141,40.7781314,-73.96069399,40.77579376683666,-73.9762057363987,member
1669687,282ABFE5BDDCF967,classic_bike,2021-09-27 14:50:19,2021-09-27 15:24:59,Madison Ave & E 82 St,7188,Central Park West & W 72 St,7141,40.7781314,-73.96069399,40.77579376683666,-73.9762057363987,member
1669833,81B2C4E4D4EC2CC1,electric_bike,2021-09-30 13:25:38,2021-09-30 13:45:48,Madison Ave & E 82 St,7188,Central Park West & W 72 St,7141,40.7781314,-73.96069399,40.77579376683666,-73.9762057363987,casual
1671562,5116B24DB1FA20CC,classic_bike,2021-09-30 14:35:02,2021-09-30 14:38:59,Madison Ave & E 82 St,7188,E 84 St & Park Ave,7243,40.7781314,-73.96069399,40.77862688,-73.95772073,member
1671565,74D45C1D860657AD,classic_bike,2021-09-17 21:55:06,2021-09-17 21:56:59,Madison Ave & E 82 St,7188,E 84 St & Park Ave,7243,40.7781314,-73.96069399,40.77862688,-73.95772073,member
1671648,33A3D2C02C887331,classic_bike,2021-09-27 16:58:46,2021-09-27 17:02:45,Madison Ave & E 82 St,7188,E 84 St & Park Ave,7243,40.7781314,-73.96069399,40.77862688,-73.95772073,member
1671663,8B06AA3144C759C9,classic_bike,2021-09-12 11:26:41,2021-09-12 11:28:37,Madison Ave & E 82 St,7188,E 84 St & Park Ave,7243,40.7781314,-73.96069399,40.77862688,-73.95772073,member
1672266,A9CA8CE8E861672B,classic_bike,2021-09-14 14:54:53,2021-09-14 15:28:59,Madison Ave & E 82 St,7188,Central Park West & W 72 St,7141,40.7781314,-73.96069399,40.77579376683666,-73.9762057363987,member
1672290,70F622DFD182CD04,classic_bike,2021-09-16 12:38:02,2021-09-16 12:59:52,Madison Ave & E 82 St,7188,Pershing Square South,6432,40.7781314,-73.96069399,40.751581,-73.97791,member
1679400,A0EA861D1FF8E001,electric_bike,2021-09-26 15:15:06,2021-09-26 15:49:40,Madison Ave & E 82 St,7188,E 10 St & Avenue A,5659,40.7781314,-73.96069399,40.72740794,-73.98142006,member
1682376,1422CDB30FA4ABB6,classic_bike,2021-09-02 10:00:47,2021-09-02 10:20:09,Madison Ave & E 82 St,7188,W 42 St & 8 Ave,6602,40.7781314,-73.96069399,40.7575699,-73.99098507,member
1686648,9A376DCAA9163E4C,classic_bike,2021-09-12 17:48:22,2021-09-12 18:41:25,E 81 St & Park Ave,7188,E 14 St & Avenue B,5736,40.77677702,-73.9590097,40.72938685,-73.97772429,casual
1686662,E20EFE751E4E1FD9,electric_bike,2021-09-13 14:45:45,2021-09-13 15:29:39,E 81 St & Park Ave,7188,E 14 St & Avenue B,5736,40.77677702,-73.9590097,40.72938685,-73.97772429,casual
1686674,8786EC74165DCC51,classic_bike,2021-09-14 00:00:51,2021-09-14 00:18:20,E 81 St & Park Ave,7188,W 42 St & 8 Ave,6602,40.77677702,-73.9590097,40.7575699,-73.99098507,member
1686680,9D62D2CAC4FCF411,classic_bike,2021-09-13 14:05:12,2021-09-13 14:22:17,E 81 St & Park Ave,7188,27 St & Hunter St,6310,40.77677702,-73.9590097,40.7485,-73.941275,member
1687510,79ACA4B8BC0A37D3,classic_bike,2021-09-12 17:48:56,2021-09-12 18:41:32,E 81 St & Park Ave,7188,E 14 St & Avenue B,5736,40.77677702,-73.9590097,40.72938685,-73.97772429,casual
1698632,F6D362601A3887B0,classic_bike,2021-09-13 18:36:54,2021-09-13 19:06:24,Madison Ave & E 82 St,7188,W 42 St & 8 Ave,6602,40.7781314,-73.96069399,40.7575699,-73.99098507,member
1701202,A17434A4387053C9,classic_bike,2021-09-25 18:43:50,2021-09-25 19:18:00,E 81 St & Park Ave,7188,E 14 St & Avenue B,5736,40.77677702,-73.9590097,40.72938685,-73.97772429,member
1701545,2C09795C6C21D8E1,classic_bike,2021-09-12 19:43:00,2021-09-12 20:19:07,Madison Ave & E 82 St,7188,E 10 St & Avenue A,5659,40.7781314,-73.96069399,40.72740794,-73.98142006,casual
1708046,91116CFAD17AC6EA,electric_bike,2021-09-17 13:13:51,2021-09-17 13:28:30,Madison Ave & E 82 St,7188,W 42 St & 8 Ave,6602,40.7781314,-73.96069399,40.7575699,-73.99098507,casual
1708108,FAFC4BED793C8B2F,electric_bike,2021-09-24 13:30:57,2021-09-24 13:44:58,Madison Ave & E 82 St,7188,W 42 St & 8 Ave,6602,40.7781314,-73.96069399,40.7575699,-73.99098507,casual
1708155,F2E12FDF93DDF42A,classic_bike,2021-09-19 10:57:31,2021-09-19 11:16:17,Madison Ave & E 82 St,7188,W 42 St & 8 Ave,6602,40.7781314,-73.96069399,40.7575699,-73.99098507,casual
1708178,49BDF11314DF8251,classic_bike,2021-09-18 15:37:34,2021-09-18 16:19:21,Madison Ave & E 82 St,7188,E 10 St & Avenue A,5659,40.7781314,-73.96069399,40.72740794,-73.98142006,casual
1708225,FA5F6AEB38BF1E04,classic_bike,2021-09-17 13:41:23,2021-09-17 14:00:05,Madison Ave & E 82 St,7188,W 42 St & 8 Ave,6602,40.7781314,-73.96069399,40.7575699,-73.99098507,member
1715214,11C6AD6F9DBD2865,electric_bike,2021-09-15 07:31:33,2021-09-15 07:56:00,Madison Ave & E 82 St,7188,E 6 St & Avenue B,5584,40.7781314,-73.96069399,40.72453734,-73.98185424,member
1715818,DB54A91D6FF77A6C,classic_bike,2021-09-06 12:12:41,2021-09-06 12:52:25,Madison Ave & E 82 St,7188,E 2 St & Avenue A,5553,40.7781314,-73.96069399,40.72307749068673,-73.98583620786667,member
1715826,6E5576F9228C24C3,classic_bike,2021-09-21 17:10:08,2021-09-21 17:35:23,Madison Ave & E 82 St,7188,W 42 St & 8 Ave,6602,40.7781314,-73.96069399,40.7575699,-73.99098507,casual
1721349,33A7B378A3242509,classic_bike,2021-09-28 09:30:46,2021-09-28 09:50:02,Madison Ave & E 82 St,7188,St Nicholas Ave & Manhattan Ave,7723,40.7781314,-73.96069399,40.809725,-73.953149,member
1721402,E621A61B8B71ECBB,electric_bike,2021-09-19 18:12:13,2021-09-19 18:23:49,Madison Ave & E 82 St,7188,7 Ave & Central Park South,6912,40.7781314,-73.96069399,40.7667405590595,-73.9790689945221,casual
1721404,1A99F9799B71D357,classic_bike,2021-09-24 15:47:33,2021-09-24 16:10:34,Madison Ave & E 82 St,7188,7 Ave & Central Park South,6912,40.7781314,-73.96069399,40.7667405590595,-73.9790689945221,casual
1721494,085A2A3358D3D489,electric_bike,2021-09-28 09:18:19,2021-09-28 09:31:18,Madison Ave & E 82 St,7188,7 Ave & Central Park South,6912,40.7781314,-73.96069399,40.7667405590595,-73.9790689945221,member
1721658,34D70E20E760BD35,classic_bike,2021-09-24 10:17:58,2021-09-24 10:25:18,E 81 St & Park Ave,7188,E 102 St & Park Ave,7488,40.77677702,-73.9590097,40.7904828,-73.95033068,member
1723545,FF4E3134181CCB84,classic_bike,2021-09-25 17:25:33,2021-09-25 17:47:45,Madison Ave & E 82 St,7188,7 Ave & Central Park South,6912,40.7781314,-73.96069399,40.7667405590595,-73.9790689945221,casual
1723902,6D88B954C411FCCD,electric_bike,2021-09-06 02:38:31,2021-09-06 02:44:09,E 81 St & Park Ave,7188,E 102 St & Park Ave,7488,40.77677702,-73.9590097,40.7904828,-73.95033068,member
1723904,46DBD3D0FBAB61F9,classic_bike,2021-09-08 09:13:22,2021-09-08 09:27:21,E 81 St & Park Ave,7188,7 Ave & Central Park South,6912,40.77677702,-73.9590097,40.7667405590595,-73.9790689945221,member
1723913,95F59C34B338FBB3,classic_bike,2021-09-22 09:13:08,2021-09-22 09:20:05,E 81 St & Park Ave,7188,E 102 St & Park Ave,7488,40.77677702,-73.9590097,40.7904828,-73.95033068,member
1723914,7A288380A72A25CE,electric_bike,2021-09-21 16:47:48,2021-09-21 16:58:14,E 81 St & Park Ave,7188,7 Ave & Central Park South,6912,40.77677702,-73.9590097,40.7667405590595,-73.9790689945221,member
1724161,BF3C40E49B07F966,classic_bike,2021-09-23 13:23:58,2021-09-23 13:35:25,E 81 St & Park Ave,7188,7 Ave & Central Park South,6912,40.77677702,-73.9590097,40.7667405590595,-73.9790689945221,casual
1724165,4F04BD56BAFCA49B,classic_bike,2021-09-08 13:00:55,2021-09-08 13:15:04,E 81 St & Park Ave,7188,7 Ave & Central Park South,6912,40.77677702,-73.9590097,40.7667405590595,-73.9790689945221,casual
1728807,411354C8F7D662D8,classic_bike,2021-09-26 15:59:46,2021-09-26 16:25:03,Madison Ave & E 82 St,7188,7 Ave & Central Park South,6912,40.7781314,-73.96069399,40.7667405590595,-73.9790689945221,casual
1728828,FF47A78FF22CA3EC,classic_bike,2021-09-25 17:26:01,2021-09-25 17:47:41,Madison Ave & E 82 St,7188,7 Ave & Central Park South,6912,40.7781314,-73.96069399,40.7667405590595,-73.9790689945221,casual
1728835,23326B9BF12A6DD4,classic_bike,2021-09-06 14:03:25,2021-09-06 14:21:14,Madison Ave & E 82 St,7188,7 Ave & Central Park South,6912,40.7781314,-73.96069399,40.7667405590595,-73.9790689945221,casual
1728837,EE44EE7DDF4D8AEA,classic_bike,2021-09-07 11:55:02,2021-09-07 12:07:45,Madison Ave & E 82 St,7188,7 Ave & Central Park South,6912,40.7781314,-73.96069399,40.7667405590595,-73.9790689945221,casual
1728839,CED23550364A1063,electric_bike,2021-09-17 17:27:28,2021-09-17 17:46:41,Madison Ave & E 82 St,7188,7 Ave & Central Park South,6912,40.7781314,-73.96069399,40.7667405590595,-73.9790689945221,casual
1728864,FC943BAC5B9AA747,classic_bike,2021-09-17 17:24:18,2021-09-17 18:09:31,Madison Ave & E 82 St,7188,7 Ave & Central Park South,6912,40.7781314,-73.96069399,40.7667405590595,-73.9790689945221,casual
1728879,51CE4A39A6E6C809,electric_bike,2021-09-27 18:02:22,2021-09-27 18:10:30,Madison Ave & E 82 St,7188,7 Ave & Central Park South,6912,40.7781314,-73.96069399,40.7667405590595,-73.9790689945221,member
1728962,58CEE28CC55A525C,classic_bike,2021-09-18 14:54:39,2021-09-18 15:41:49,Madison Ave & E 82 St,7188,7 Ave & Central Park South,6912,40.7781314,-73.96069399,40.7667405590595,-73.9790689945221,casual
1735709,89EFE3A887B2D884,classic_bike,2021-09-15 08:07:35,2021-09-15 08:15:39,E 81 St & Park Ave,7188,E 102 St & Park Ave,7488,40.77677702,-73.9590097,40.7904828,-73.95033068,member
1735754,79D4725AC11B3DB7,electric_bike,2021-09-21 12:42:11,2021-09-21 13:01:26,E 81 St & Park Ave,7188,7 Ave & Central Park South,6912,40.77677702,-73.9590097,40.7667405590595,-73.9790689945221,casual
1735756,75C225A91CF5E722,classic_bike,2021-09-21 16:50:08,2021-09-21 17:25:10,E 81 St & Park Ave,7188,7 Ave & Central Park South,6912,40.77677702,-73.9590097,40.7667405590595,-73.9790689945221,member
1735765,DE926A3B4DBEDE7C,classic_bike,2021-09-27 13:39:49,2021-09-27 14:03:14,E 81 St & Park Ave,7188,7 Ave & Central Park South,6912,40.77677702,-73.9590097,40.7667405590595,-73.9790689945221,casual
1735770,79DE59B691EADD6C,classic_bike,2021-09-06 15:13:38,2021-09-06 15:31:12,E 81 St & Park Ave,7188,7 Ave & Central Park South,6912,40.77677702,-73.9590097,40.7667405590595,-73.9790689945221,member
1735775,1710B1BAD5251851,electric_bike,2021-09-11 18:20:11,2021-09-11 18:39:04,E 81 St & Park Ave,7188,7 Ave & Central Park South,6912,40.77677702,-73.9590097,40.7667405590595,-73.9790689945221,casual
1735779,1D44B1CA667724B4,electric_bike,2021-09-04 11:41:33,2021-09-04 11:52:45,E 81 St & Park Ave,7188,7 Ave & Central Park South,6912,40.77677702,-73.9590097,40.7667405590595,-73.9790689945221,member
1735784,909D6C8FE0C38F8F,classic_bike,2021-09-23 15:49:14,2021-09-23 16:02:39,E 81 St & Park Ave,7188,7 Ave & Central Park South,6912,40.77677702,-73.9590097,40.7667405590595,-73.9790689945221,member
1735798,00E7B4941C1D43D8,classic_bike,2021-09-05 16:19:56,2021-09-05 16:33:15,E 81 St & Park Ave,7188,7 Ave & Central Park South,6912,40.77677702,-73.9590097,40.7667405590595,-73.9790689945221,casual
1735800,E94FBE2E488130F0,classic_bike,2021-09-27 13:40:17,2021-09-27 14:03:43,E 81 St & Park Ave,7188,7 Ave & Central Park South,6912,40.77677702,-73.9590097,40.7667405590595,-73.9790689945221,casual
1735816,5A7E1820ADDAF1FB,classic_bike,2021-09-25 13:32:33,2021-09-25 13:43:57,E 81 St & Park Ave,7188,7 Ave & Central Park South,6912,40.77677702,-73.9590097,40.7667405590595,-73.9790689945221,member
1735850,A4FADA00F668D716,classic_bike,2021-09-13 09:21:54,2021-09-13 09:32:52,E 81 St & Park Ave,7188,7 Ave & Central Park South,6912,40.77677702,-73.9590097,40.7667405590595,-73.9790689945221,member
1735852,57556D56D29342F9,classic_bike,2021-09-26 10:49:27,2021-09-26 10:58:26,E 81 St & Park Ave,7188,7 Ave & Central Park South,6912,40.77677702,-73.9590097,40.7667405590595,-73.9790689945221,member
1737490,27768EDE6E99459C,classic_bike,2021-09-17 09:08:46,2021-09-17 09:14:59,E 81 St & Park Ave,7188,E 102 St & Park Ave,7488,40.77677702,-73.9590097,40.7904828,-73.95033068,member
1737491,90FC1FE37775DC1D,classic_bike,2021-09-17 16:50:40,2021-09-17 16:57:58,E 81 St & Park Ave,7188,E 102 St & Park Ave,7488,40.77677702,-73.9590097,40.7904828,-73.95033068,member
1737492,550A0B7F273CD9E8,electric_bike,2021-09-17 14:06:54,2021-09-17 14:14:30,E 81 St & Park Ave,7188,E 102 St & Park Ave,7488,40.77677702,-73.9590097,40.7904828,-73.95033068,member
1737853,2E74D3C3F2D4B434,classic_bike,2021-09-12 17:24:08,2021-09-12 17:46:25,E 81 St & Park Ave,7188,7 Ave & Central Park South,6912,40.77677702,-73.9590097,40.7667405590595,-73.9790689945221,casual
1739688,1215987BE9734DCA,docked_bike,2021-09-25 15:34:37,2021-09-25 16:25:57,Madison Ave & E 82 St,7188,7 Ave & Central Park South,6912,40.778131,-73.960694,40.766741,-73.979069,casual
1739700,0CF6BD4324E17670,classic_bike,2021-09-19 14:39:52,2021-09-19 14:55:02,Madison Ave & E 82 St,7188,7 Ave & Central Park South,6912,40.7781314,-73.96069399,40.7667405590595,-73.9790689945221,member
1739703,3F60881B8D3B9FD7,electric_bike,2021-09-16 17:04:37,2021-09-16 17:20:54,Madison Ave & E 82 St,7188,7 Ave & Central Park South,6912,40.7781314,-73.96069399,40.7667405590595,-73.9790689945221,casual
1739704,F3C96B88F5923F91,classic_bike,2021-09-30 08:24:04,2021-09-30 08:34:15,Madison Ave & E 82 St,7188,7 Ave & Central Park South,6912,40.7781314,-73.96069399,40.7667405590595,-73.9790689945221,casual
1739707,FF9903E6AB42014A,classic_bike,2021-09-11 15:19:15,2021-09-11 16:19:38,Madison Ave & E 82 St,7188,7 Ave & Central Park South,6912,40.7781314,-73.96069399,40.7667405590595,-73.9790689945221,casual
1739738,037CC18D929A44BB,classic_bike,2021-09-21 18:59:03,2021-09-21 19:09:11,Madison Ave & E 82 St,7188,E 102 St & Park Ave,7488,40.7781314,-73.96069399,40.7904828,-73.95033068,member
1739784,D01AD35D261EFFF4,classic_bike,2021-09-25 17:25:58,2021-09-25 17:47:43,Madison Ave & E 82 St,7188,7 Ave & Central Park South,6912,40.7781314,-73.96069399,40.7667405590595,-73.9790689945221,casual
1739805,04F75DB10F26960F,classic_bike,2021-09-17 13:11:03,2021-09-17 13:34:36,Madison Ave & E 82 St,7188,Broadway & E 14 St,5905,40.7781314,-73.96069399,40.73454567,-73.99074142,member
1739822,08C58F792E17165E,classic_bike,2021-09-15 05:46:33,2021-09-15 05:57:51,Madison Ave & E 82 St,7188,7 Ave & Central Park South,6912,40.7781314,-73.96069399,40.7667405590595,-73.9790689945221,member
1739829,ADAAAD0E6E9F348C,classic_bike,2021-09-05 15:07:27,2021-09-05 15:29:57,Madison Ave & E 82 St,7188,7 Ave & Central Park South,6912,40.7781314,-73.96069399,40.7667405590595,-73.9790689945221,casual
1739830,6995D95458E175E0,classic_bike,2021-09-13 20:37:49,2021-09-13 21:02:34,Madison Ave & E 82 St,7188,7 Ave & Central Park South,6912,40.7781314,-73.96069399,40.7667405590595,-73.9790689945221,casual
1739870,0A934526588DF971,electric_bike,2021-09-04 11:11:45,2021-09-04 11:17:55,Madison Ave & E 82 St,7188,E 102 St & Park Ave,7488,40.7781314,-73.96069399,40.7904828,-73.95033068,member
1739884,F603DE1A1D612A70,classic_bike,2021-09-26 15:58:24,2021-09-26 16:25:11,Madison Ave & E 82 St,7188,7 Ave & Central Park South,6912,40.7781314,-73.96069399,40.7667405590595,-73.9790689945221,casual
1739900,1EE2A57C5D0E8F61,electric_bike,2021-09-24 12:17:56,2021-09-24 12:47:30,Madison Ave & E 82 St,7188,7 Ave & Central Park South,6912,40.7781314,-73.96069399,40.7667405590595,-73.9790689945221,member
1739901,D24B773EF185D021,classic_bike,2021-09-19 13:17:17,2021-09-19 13:52:25,Madison Ave & E 82 St,7188,7 Ave & Central Park South,6912,40.7781314,-73.96069399,40.7667405590595,-73.9790689945221,casual
1739914,F65A913A6E76C681,classic_bike,2021-09-17 17:59:11,2021-09-17 18:10:04,Madison Ave & E 82 St,7188,7 Ave & Central Park South,6912,40.7781314,-73.96069399,40.7667405590595,-73.9790689945221,member
1739920,991EE95A396D99B5,classic_bike,2021-09-16 17:04:56,2021-09-16 17:21:29,Madison Ave & E 82 St,7188,7 Ave & Central Park South,6912,40.7781314,-73.96069399,40.7667405590595,-73.9790689945221,member
1739947,32B272899CD13363,electric_bike,2021-09-06 13:30:16,2021-09-06 14:09:14,Madison Ave & E 82 St,7188,7 Ave & Central Park South,6912,40.7781314,-73.96069399,40.7667405590595,-73.9790689945221,casual
1739953,E1C6B10B4D60C3C6,classic_bike,2021-09-04 18:46:30,2021-09-04 19:03:01,Madison Ave & E 82 St,7188,7 Ave & Central Park South,6912,40.7781314,-73.96069399,40.7667405590595,-73.9790689945221,casual
1739960,7F084EC0EC5D0780,classic_bike,2021-09-20 09:19:19,2021-09-20 09:26:30,Madison Ave & E 82 St,7188,E 102 St & Park Ave,7488,40.7781314,-73.96069399,40.7904828,-73.95033068,member
1739965,51E6655CF1E54696,electric_bike,2021-09-06 13:30:21,2021-09-06 14:08:55,Madison Ave & E 82 St,7188,7 Ave & Central Park South,6912,40.7781314,-73.96069399,40.7667405590595,-73.9790689945221,casual
1739987,8AF1B1336B33B624,classic_bike,2021-09-24 15:47:16,2021-09-24 16:10:18,Madison Ave & E 82 St,7188,7 Ave & Central Park South,6912,40.7781314,-73.96069399,40.7667405590595,-73.9790689945221,member
1740320,2C7F0365FF53A6F0,docked_bike,2021-09-18 16:24:12,2021-09-18 17:01:36,Madison Ave & E 82 St,7188,7 Ave & Central Park South,6912,40.778131,-73.960694,40.766741,-73.979069,casual
1740387,E37547E229BC486E,docked_bike,2021-09-25 15:33:33,2021-09-25 16:25:54,Madison Ave & E 82 St,7188,7 Ave & Central Park South,6912,40.778131,-73.960694,40.766741,-73.979069,casual
1740401,59009804FFA30611,classic_bike,2021-09-22 11:57:15,2021-09-22 12:05:03,Madison Ave & E 82 St,7188,E 102 St & Park Ave,7488,40.7781314,-73.96069399,40.7904828,-73.95033068,member
1740410,7D8441F76C649E84,electric_bike,2021-09-20 15:44:24,2021-09-20 16:50:56,Madison Ave & E 82 St,7188,7 Ave & Central Park South,6912,40.7781314,-73.96069399,40.7667405590595,-73.9790689945221,casual
1741694,8756E19C65E7F288,classic_bike,2021-09-02 19:33:12,2021-09-02 19:56:00,Madison Ave & E 82 St,7188,St Nicholas Ave & Manhattan Ave,7723,40.7781314,-73.96069399,40.809725,-73.953149,member
1741701,D2D2084C039B68DD,classic_bike,2021-09-11 15:21:07,2021-09-11 16:19:54,Madison Ave & E 82 St,7188,7 Ave & Central Park South,6912,40.7781314,-73.96069399,40.7667405590595,-73.9790689945221,casual
1741800,67EBF8D30A645AB0,classic_bike,2021-09-19 13:18:13,2021-09-19 13:52:42,Madison Ave & E 82 St,7188,7 Ave & Central Park South,6912,40.7781314,-73.96069399,40.7667405590595,-73.9790689945221,casual
1759026,9FE5DEFDA3961E35,electric_bike,2021-09-29 14:59:26,2021-09-29 15:37:15,Madison Ave & E 82 St,7188,7 Ave & Central Park South,6912,40.7781314,-73.96069399,40.7667405590595,-73.9790689945221,member
1759028,EFEDDCF8B86A4D73,classic_bike,2021-09-04 18:46:50,2021-09-04 19:03:06,Madison Ave & E 82 St,7188,7 Ave & Central Park South,6912,40.7781314,-73.96069399,40.7667405590595,-73.9790689945221,casual
1759031,0DD9F395960AC0DF,electric_bike,2021-09-07 16:22:49,2021-09-07 16:32:41,Madison Ave & E 82 St,7188,7 Ave & Central Park South,6912,40.7781314,-73.96069399,40.7667405590595,-73.9790689945221,member
1759041,61B825B1EC3C0230,docked_bike,2021-09-18 16:25:35,2021-09-18 17:01:54,Madison Ave & E 82 St,7188,7 Ave & Central Park South,6912,40.778131,-73.960694,40.766741,-73.979069,casual
1759042,8AA3B174EDC224DD,classic_bike,2021-09-04 17:43:37,2021-09-04 17:55:21,Madison Ave & E 82 St,7188,7 Ave & Central Park South,6912,40.7781314,-73.96069399,40.7667405590595,-73.9790689945221,member
1759045,2E64454E21EF7035,classic_bike,2021-09-17 18:15:28,2021-09-17 18:57:38,Madison Ave & E 82 St,7188,7 Ave & Central Park South,6912,40.7781314,-73.96069399,40.7667405590595,-73.9790689945221,casual
1759059,9521DFA7FDDBA6AF,classic_bike,2021-09-17 07:16:00,2021-09-17 07:25:37,Madison Ave & E 82 St,7188,7 Ave & Central Park South,6912,40.7781314,-73.96069399,40.7667405590595,-73.9790689945221,casual
1759060,288B5A0148DDD0C1,classic_bike,2021-09-26 15:55:13,2021-09-26 16:25:53,Madison Ave & E 82 St,7188,7 Ave & Central Park South,6912,40.7781314,-73.96069399,40.7667405590595,-73.9790689945221,casual
1759062,F958D147B764B3AA,classic_bike,2021-09-19 13:17:33,2021-09-19 13:52:21,Madison Ave & E 82 St,7188,7 Ave & Central Park South,6912,40.7781314,-73.96069399,40.7667405590595,-73.9790689945221,casual
1759072,8575DECE34B786AE,classic_bike,2021-09-20 08:13:50,2021-09-20 08:23:59,Madison Ave & E 82 St,7188,7 Ave & Central Park South,6912,40.7781314,-73.96069399,40.7667405590595,-73.9790689945221,casual
1759074,D540ED3EE6753B66,classic_bike,2021-09-28 16:27:42,2021-09-28 16:47:43,Madison Ave & E 82 St,7188,7 Ave & Central Park South,6912,40.7781314,-73.96069399,40.7667405590595,-73.9790689945221,casual
1759079,40550F36C92F4A2F,classic_bike,2021-09-19 14:39:55,2021-09-19 14:56:29,Madison Ave & E 82 St,7188,7 Ave & Central Park South,6912,40.7781314,-73.96069399,40.7667405590595,-73.9790689945221,casual
1759082,34FE65C8DC283CD6,classic_bike,2021-09-13 20:37:53,2021-09-13 21:02:49,Madison Ave & E 82 St,7188,7 Ave & Central Park South,6912,40.7781314,-73.96069399,40.7667405590595,-73.9790689945221,casual
1759087,1A104D3A933EB9E5,classic_bike,2021-09-23 08:20:05,2021-09-23 08:31:57,Madison Ave & E 82 St,7188,7 Ave & Central Park South,6912,40.7781314,-73.96069399,40.7667405590595,-73.9790689945221,member
1759141,A7CC3F5FEC83E477,classic_bike,2021-09-17 18:16:02,2021-09-17 18:58:29,Madison Ave & E 82 St,7188,7 Ave & Central Park South,6912,40.7781314,-73.96069399,40.7667405590595,-73.9790689945221,casual
1759143,48C216D8E082F37A,classic_bike,2021-09-25 17:26:43,2021-09-25 17:47:52,Madison Ave & E 82 St,7188,7 Ave & Central Park South,6912,40.7781314,-73.96069399,40.7667405590595,-73.9790689945221,casual
1759166,338DABEBCDEE7458,electric_bike,2021-09-06 00:50:24,2021-09-06 01:14:32,Madison Ave & E 82 St,7188,St Nicholas Ave & Manhattan Ave,7723,40.7781314,-73.96069399,40.809725,-73.953149,casual
1759171,9D3815232A232235,electric_bike,2021-09-11 10:32:21,2021-09-11 13:25:57,Madison Ave & E 82 St,7188,7 Ave & Central Park South,6912,40.7781314,-73.96069399,40.7667405590595,-73.9790689945221,member
1759191,BAE17EC84055367F,classic_bike,2021-09-27 15:16:39,2021-09-27 15:57:54,Madison Ave & E 82 St,7188,Broadway & E 14 St,5905,40.7781314,-73.96069399,40.73454567,-73.99074142,member
1759192,3DDD1A3D2DA691A2,classic_bike,2021-09-18 13:47:06,2021-09-18 14:11:54,Madison Ave & E 82 St,7188,7 Ave & Central Park South,6912,40.7781314,-73.96069399,40.7667405590595,-73.9790689945221,member
1759202,4C43A949D02389AF,classic_bike,2021-09-05 15:08:04,2021-09-05 15:30:18,Madison Ave & E 82 St,7188,7 Ave & Central Park South,6912,40.7781314,-73.96069399,40.7667405590595,-73.9790689945221,casual
1759214,FA147584F4866686,electric_bike,2021-09-08 08:29:39,2021-09-08 08:38:42,Madison Ave & E 82 St,7188,7 Ave & Central Park South,6912,40.7781314,-73.96069399,40.7667405590595,-73.9790689945221,casual
1759219,199EF60FB86084B4,electric_bike,2021-09-17 07:50:09,2021-09-17 07:59:01,Madison Ave & E 82 St,7188,7 Ave & Central Park South,6912,40.7781314,-73.96069399,40.7667405590595,-73.9790689945221,member
1759224,8FF76F4CA514F352,electric_bike,2021-09-06 00:51:14,2021-09-06 01:16:22,Madison Ave & E 82 St,7188,St Nicholas Ave & Manhattan Ave,7723,40.7781314,-73.96069399,40.809725,-73.953149,casual
1759230,BCF90EC3C911F5BD,classic_bike,2021-09-23 10:37:35,2021-09-23 10:50:29,Madison Ave & E 82 St,7188,7 Ave & Central Park South,6912,40.7781314,-73.96069399,40.7667405590595,-73.9790689945221,member
1759267,64F3702E1820B691,electric_bike,2021-09-13 04:00:32,2021-09-13 04:09:24,Madison Ave & E 82 St,7188,E 102 St & Park Ave,7488,40.7781314,-73.96069399,40.7904828,-73.95033068,member
1759276,2694D3C15589D061,classic_bike,2021-09-15 09:01:47,2021-09-15 09:15:55,Madison Ave & E 82 St,7188,7 Ave & Central Park South,6912,40.7781314,-73.96069399,40.7667405590595,-73.9790689945221,member
1759281,8C268D27AF021D0A,classic_bike,2021-09-17 19:18:54,2021-09-17 19:37:19,Madison Ave & E 82 St,7188,7 Ave & Central Park South,6912,40.7781314,-73.96069399,40.7667405590595,-73.9790689945221,casual
1759309,BB2C8DF0F0B89BBE,classic_bike,2021-09-18 13:47:43,2021-09-18 14:12:04,Madison Ave & E 82 St,7188,7 Ave & Central Park South,6912,40.7781314,-73.96069399,40.7667405590595,-73.9790689945221,member
1759312,595DDC60698495BD,electric_bike,2021-09-22 06:36:58,2021-09-22 06:44:21,Madison Ave & E 82 St,7188,7 Ave & Central Park South,6912,40.7781314,-73.96069399,40.7667405590595,-73.9790689945221,member
1759424,9CF8A79819C8089F,electric_bike,2021-09-23 10:16:40,2021-09-23 10:24:53,Madison Ave & E 82 St,7188,7 Ave & Central Park South,6912,40.7781314,-73.96069399,40.7667405590595,-73.9790689945221,casual
1759513,63C295C1EB8F31E0,docked_bike,2021-09-18 16:25:45,2021-09-18 17:01:28,Madison Ave & E 82 St,7188,7 Ave & Central Park South,6912,40.778131,-73.960694,40.766741,-73.979069,casual
1759516,8B3CB6A83976B1E3,docked_bike,2021-09-06 00:49:33,2021-09-06 01:15:39,Madison Ave & E 82 St,7188,St Nicholas Ave & Manhattan Ave,7723,40.778131,-73.960694,40.809725,-73.953149,casual
1759524,0A64A9AA61D56F32,electric_bike,2021-09-21 14:41:24,2021-09-21 15:07:25,Madison Ave & E 82 St,7188,7 Ave & Central Park South,6912,40.7781314,-73.96069399,40.7667405590595,-73.9790689945221,member
1759528,654437C7A59E79DC,docked_bike,2021-09-18 16:23:57,2021-09-18 17:01:45,Madison Ave & E 82 St,7188,7 Ave & Central Park South,6912,40.778131,-73.960694,40.766741,-73.979069,casual
1759540,88A9562B62EDB9A5,classic_bike,2021-09-17 18:16:59,2021-09-17 18:57:28,Madison Ave & E 82 St,7188,7 Ave & Central Park South,6912,40.7781314,-73.96069399,40.7667405590595,-73.9790689945221,casual
1759612,3F73909D30B30AA9,electric_bike,2021-09-07 16:54:04,2021-09-07 17:02:03,Madison Ave & E 82 St,7188,7 Ave & Central Park South,6912,40.7781314,-73.96069399,40.7667405590595,-73.9790689945221,member
1759616,BD33A6ED32DFE0CF,classic_bike,2021-09-11 15:19:53,2021-09-11 16:18:37,Madison Ave & E 82 St,7188,7 Ave & Central Park South,6912,40.7781314,-73.96069399,40.7667405590595,-73.9790689945221,casual
1759621,BC743B55BD4247D0,classic_bike,2021-09-24 15:47:01,2021-09-24 16:10:32,Madison Ave & E 82 St,7188,7 Ave & Central Park South,6912,40.7781314,-73.96069399,40.7667405590595,-73.9790689945221,casual
1760244,C15ADC3F3926D093,docked_bike,2021-09-06 00:47:26,2021-09-06 01:14:30,Madison Ave & E 82 St,7188,St Nicholas Ave & Manhattan Ave,7723,40.778131,-73.960694,40.809725,-73.953149,casual
1760251,993719BB1F611A29,classic_bike,2021-09-11 15:25:22,2021-09-11 16:18:29,Madison Ave & E 82 St,7188,7 Ave & Central Park South,6912,40.7781314,-73.96069399,40.7667405590595,-73.9790689945221,casual
1760252,BE79BCFF00395CD7,classic_bike,2021-09-28 16:27:42,2021-09-28 16:47:50,Madison Ave & E 82 St,7188,7 Ave & Central Park South,6912,40.7781314,-73.96069399,40.7667405590595,-73.9790689945221,casual
1760646,C02D2088BD9B318F,electric_bike,2021-09-17 23:31:51,2021-09-17 23:45:49,Madison Ave & E 82 St,7188,28 St & 41 Ave,6462,40.7781314,-73.96069399,40.751047,-73.93797,member
1761457,AB367CBFA73B0A3D,classic_bike,2021-09-23 16:04:11,2021-09-23 16:20:05,Madison Ave & E 82 St,7188,Frederick Douglass Blvd & W 115 St,7658,40.7781314,-73.96069399,40.8038654,-73.9559308,member
1761475,BE8305EA3753B278,classic_bike,2021-09-26 18:13:44,2021-09-26 19:15:45,Madison Ave & E 82 St,7188,Frederick Douglass Blvd & W 115 St,7658,40.7781314,-73.96069399,40.8038654,-73.9559308,casual
1764105,D768CEDA698566D9,classic_bike,2021-09-07 15:31:34,2021-09-07 15:54:17,E 81 St & Park Ave,7188,Frederick Douglass Blvd & W 115 St,7658,40.77677702,-73.9590097,40.8038654,-73.9559308,casual
1764107,0AC9DEAD409C8304,classic_bike,2021-09-24 12:25:21,2021-09-24 12:37:50,E 81 St & Park Ave,7188,2 Ave & E 99 St,7386,40.77677702,-73.9590097,40.7862586,-73.94552579,member
1768647,114D1ACFD7616EB4,classic_bike,2021-09-28 16:17:51,2021-09-28 16:32:41,E 81 St & Park Ave,7188,Frederick Douglass Blvd & W 115 St,7658,40.77677702,-73.9590097,40.8038654,-73.9559308,member
1768648,D04A74D671E1A547,classic_bike,2021-09-30 08:26:34,2021-09-30 08:42:30,E 81 St & Park Ave,7188,Frederick Douglass Blvd & W 115 St,7658,40.77677702,-73.9590097,40.8038654,-73.9559308,member
1769297,AD44ECF59EDAD573,classic_bike,2021-09-14 00:17:59,2021-09-14 00:33:28,E 81 St & Park Ave,7188,Frederick Douglass Blvd & W 115 St,7658,40.77677702,-73.9590097,40.8038654,-73.9559308,member
1771178,FB41AD31C354FDA1,classic_bike,2021-09-07 14:11:52,2021-09-07 14:37:32,Madison Ave & E 82 St,7188,Greenwich Ave & Charles St,5914,40.7781314,-73.96069399,40.735238,-74.000271,member
1771191,6A1454F3C9FA2553,classic_bike,2021-09-22 12:20:48,2021-09-22 12:47:14,Madison Ave & E 82 St,7188,Greenwich Ave & Charles St,5914,40.7781314,-73.96069399,40.735238,-74.000271,member
1771215,10BB47DBE60AD30E,classic_bike,2021-09-26 18:12:56,2021-09-26 19:14:47,Madison Ave & E 82 St,7188,Frederick Douglass Blvd & W 115 St,7658,40.7781314,-73.96069399,40.8038654,-73.9559308,casual
1771220,87D4C59D0FD5972D,classic_bike,2021-09-24 16:05:00,2021-09-24 16:20:13,Madison Ave & E 82 St,7188,Frederick Douglass Blvd & W 115 St,7658,40.7781314,-73.96069399,40.8038654,-73.9559308,member
1771490,D1CEA8DCC5650283,electric_bike,2021-09-08 01:36:14,2021-09-08 01:42:18,Madison Ave & E 82 St,7188,2 Ave & E 99 St,7386,40.7781314,-73.96069399,40.7862586,-73.94552579,member
1771491,D09761D91BA48D8E,classic_bike,2021-09-27 16:04:24,2021-09-27 16:19:39,Madison Ave & E 82 St,7188,Frederick Douglass Blvd & W 115 St,7658,40.7781314,-73.96069399,40.8038654,-73.9559308,member
1772092,A3217B4F07A14BB7,classic_bike,2021-09-10 14:36:05,2021-09-10 14:53:39,Madison Ave & E 82 St,7188,Frederick Douglass Blvd & W 115 St,7658,40.7781314,-73.96069399,40.8038654,-73.9559308,member
1772096,383960DFACBB2DC6,classic_bike,2021-09-18 14:30:33,2021-09-18 15:37:13,Madison Ave & E 82 St,7188,28 St & 41 Ave,6462,40.7781314,-73.96069399,40.751047,-73.93797,casual
1774618,D9C7C1F469599011,classic_bike,2021-09-08 17:57:22,2021-09-08 18:30:53,Madison Ave & E 82 St,7188,Greenwich Ave & Charles St,5914,40.7781314,-73.96069399,40.735238,-74.000271,member
1774621,30C0F400363754F2,electric_bike,2021-09-20 00:53:25,2021-09-20 01:03:22,Madison Ave & E 82 St,7188,Frederick Douglass Blvd & W 115 St,7658,40.7781314,-73.96069399,40.8038654,-73.9559308,member
1774657,7AFA92EBBC1556F3,electric_bike,2021-09-18 11:39:46,2021-09-18 11:51:25,Madison Ave & E 82 St,7188,Frederick Douglass Blvd & W 115 St,7658,40.7781314,-73.96069399,40.8038654,-73.9559308,member
1774672,B9E801B06706B76C,classic_bike,2021-09-18 14:30:15,2021-09-18 15:36:59,Madison Ave & E 82 St,7188,28 St & 41 Ave,6462,40.7781314,-73.96069399,40.751047,-73.93797,casual
1775583,25C81A953D6D3CFB,classic_bike,2021-09-16 23:19:04,2021-09-16 23:27:00,Madison Ave & E 82 St,7188,2 Ave & E 99 St,7386,40.7781314,-73.96069399,40.7862586,-73.94552579,member
1776658,9D28E7FEA549FBA4,classic_bike,2021-09-06 14:28:15,2021-09-06 14:31:10,E 81 St & 3 Ave,7154,Madison Ave & E 82 St,7188,40.77573034,-73.9567526,40.7781314,-73.96069399,member
1776704,B2C50E4C88C438DF,classic_bike,2021-09-12 11:32:03,2021-09-12 11:52:29,Frederick Douglass Blvd & W 112 St,7631,Madison Ave & E 82 St,7188,40.801694,-73.957145,40.7781314,-73.96069399,member
1776744,91E2128929BCFCBB,electric_bike,2021-09-19 14:11:35,2021-09-19 14:16:29,1 Ave & E 78 St,7020,Madison Ave & E 82 St,7188,40.77140426,-73.9535166,40.7781314,-73.96069399,member
1776746,12C51014DF8CD2F1,classic_bike,2021-09-30 15:39:01,2021-09-30 15:50:34,1 Ave & E 78 St,7020,Madison Ave & E 82 St,7188,40.77140426,-73.9535166,40.7781314,-73.96069399,member
1776753,AFAC2990321C52D8,classic_bike,2021-09-05 13:17:49,2021-09-05 13:26:14,1 Ave & E 78 St,7020,Madison Ave & E 82 St,7188,40.77140426,-73.9535166,40.7781314,-73.96069399,casual
1776761,0F6F8289C58AD4B2,classic_bike,2021-09-17 10:52:36,2021-09-17 11:41:11,Washington Pl & 6 Ave,5838,Madison Ave & E 82 St,7188,40.73224119,-74.00026394,40.7781314,-73.96069399,casual
1776819,FD02D6B936A0EB2B,electric_bike,2021-09-06 11:51:34,2021-09-06 12:00:49,Lenox Ave & W 115 St,7627,Madison Ave & E 82 St,7188,40.8011939,-73.9500739,40.7781314,-73.96069399,member
1776823,211F9398FD258B5E,electric_bike,2021-09-23 08:52:02,2021-09-23 09:09:28,W 44 St & 11 Ave,6756,Madison Ave & E 82 St,7188,40.762009,-73.996975,40.7781314,-73.96069399,casual
1776840,9843E5B7B5E9F4E5,electric_bike,2021-09-26 14:37:34,2021-09-26 14:48:42,Broadway & W 51 St,6779,Madison Ave & E 82 St,7188,40.76228826,-73.98336183,40.7781314,-73.96069399,casual
1776844,DED6C9DD11AF1ED1,classic_bike,2021-09-22 13:11:21,2021-09-22 13:57:38,Broadway & W 51 St,6779,Madison Ave & E 82 St,7188,40.76228826,-73.98336183,40.7781314,-73.96069399,casual
1776888,2D24032AC9A05AF8,classic_bike,2021-09-12 12:06:31,2021-09-12 12:31:16,E 31 St & 3 Ave,6239,Madison Ave & E 82 St,7188,40.74394314,-73.97966069,40.7781314,-73.96069399,member
1776920,01B558E966918FB7,classic_bike,2021-09-11 11:34:25,2021-09-11 12:07:50,W 110 St & Amsterdam Ave,7646,Madison Ave & E 82 St,7188,40.802692,-73.96295,40.7781314,-73.96069399,casual
1776934,4C7F1CA598921263,classic_bike,2021-09-03 10:41:07,2021-09-03 11:12:47,E 31 St & 3 Ave,6239,Madison Ave & E 82 St,7188,40.74394314,-73.97966069,40.7781314,-73.96069399,casual
1776938,21E130DFADADA95A,electric_bike,2021-09-21 14:44:37,2021-09-21 15:06:36,Broadway & W 51 St,6779,Madison Ave & E 82 St,7188,40.76228826,-73.98336183,40.7781314,-73.96069399,casual
1776990,F6E86A604CF7B104,electric_bike,2021-09-24 11:38:03,2021-09-24 12:03:48,W 116 St & Amsterdam Ave,7692,Madison Ave & E 82 St,7188,40.8067581,-73.9607082,40.7781314,-73.96069399,member
1776996,C4FC7C0750697B64,classic_bike,2021-09-23 08:33:14,2021-09-23 08:46:06,W 63 St & Broadway,7052,Madison Ave & E 82 St,7188,40.77163851,-73.98261428,40.7781314,-73.96069399,member
1777017,C87AD4A9B4E803D1,classic_bike,2021-09-20 21:03:24,2021-09-20 21:16:16,W 51 St & 6 Ave,6740,Madison Ave & E 82 St,7188,40.7606597,-73.98042047,40.7781314,-73.96069399,member
1777044,E06E2BDFFF1930EA,classic_bike,2021-09-11 11:03:34,2021-09-11 11:22:33,Riverside Dr & W 72 St,7288,Madison Ave & E 82 St,7188,40.78057799010334,-73.98562431335449,40.7781314,-73.96069399,member
1777109,DD9D888C9282A0F6,classic_bike,2021-09-18 07:47:53,2021-09-18 08:06:09,E 68 St & 3 Ave,6896,Madison Ave & E 82 St,7188,40.76712840349542,-73.96224617958069,40.7781314,-73.96069399,casual
1777139,D976BA7016F463C1,classic_bike,2021-09-23 20:42:04,2021-09-23 20:53:19,E 72 St & York Ave,6889,Madison Ave & E 82 St,7188,40.76663814,-73.95348296,40.7781314,-73.96069399,member
1777178,60E9D7E503B259DF,electric_bike,2021-09-06 06:55:09,2021-09-06 07:00:34,5 Ave & E 93 St,7372,Madison Ave & E 82 St,7188,40.7857851,-73.957481,40.7781314,-73.96069399,casual
1777199,2B302794BC7597C2,classic_bike,2021-09-05 16:37:15,2021-09-05 16:55:32,E 51 St & 2 Ave,6575,Madison Ave & E 82 St,7188,40.755293,-73.967641,40.7781314,-73.96069399,member
1777214,937662720055116F,electric_bike,2021-09-24 21:35:51,2021-09-24 21:47:18,W 87 St & Amsterdam Ave,7458,Madison Ave & E 82 St,7188,40.78839,-73.9747,40.7781314,-73.96069399,member
1777218,2DDEC15E3620C0F4,electric_bike,2021-09-15 13:23:22,2021-09-15 13:31:47,E 58 St & Madison Ave,6839,Madison Ave & E 82 St,7188,40.76302594280519,-73.97209525108337,40.7781314,-73.96069399,member
1777227,32E4F06D385C294E,electric_bike,2021-09-23 14:26:48,2021-09-23 14:35:34,W 55 St & 6 Ave,6809,Madison Ave & E 82 St,7188,40.763189,-73.978434,40.7781314,-73.96069399,member
1777300,3A5DE1A551AC94AC,electric_bike,2021-09-22 16:42:53,2021-09-22 17:32:30,10 Ave & W 28 St,6459,Madison Ave & E 82 St,7188,40.75066386,-74.00176802,40.7781314,-73.96069399,member
1777400,169ACF5FE1CDB7EF,classic_bike,2021-09-03 18:10:57,2021-09-03 18:18:19,E 97 St & Madison Ave,7393,Madison Ave & E 82 St,7188,40.787801,-73.953559,40.7781314,-73.96069399,member
1777496,96A98B9A16A4EF9F,classic_bike,2021-09-11 14:27:07,2021-09-11 14:59:40,E 67 St & Park Ave,6932,Madison Ave & E 82 St,7188,40.76780080148132,-73.96592080593109,40.7781314,-73.96069399,casual
1777508,0641C82064474245,electric_bike,2021-09-17 12:54:54,2021-09-17 13:03:30,E 97 St & Madison Ave,7393,Madison Ave & E 82 St,7188,40.787801,-73.953559,40.7781314,-73.96069399,member
1777516,631B0660B7EB60E0,classic_bike,2021-09-13 08:43:08,2021-09-13 08:50:39,E 67 St & Park Ave,6932,Madison Ave & E 82 St,7188,40.76780080148132,-73.96592080593109,40.7781314,-73.96069399,casual
1777543,D4953532253AD225,classic_bike,2021-09-17 11:03:37,2021-09-17 11:06:41,E 91 St & Park Ave,7344,Madison Ave & E 82 St,7188,40.7835016,-73.955327,40.7781314,-73.96069399,member
1777544,8E6417B117299093,classic_bike,2021-09-16 11:02:15,2021-09-16 11:05:59,E 91 St & Park Ave,7344,Madison Ave & E 82 St,7188,40.7835016,-73.955327,40.7781314,-73.96069399,member
1777575,DF70D6FA947639E4,classic_bike,2021-09-30 19:47:42,2021-09-30 19:51:18,E 91 St & Park Ave,7344,Madison Ave & E 82 St,7188,40.7835016,-73.955327,40.7781314,-73.96069399,member
1777582,4A4AFC2D6B01327D,electric_bike,2021-09-15 19:32:37,2021-09-15 19:35:05,E 91 St & Park Ave,7344,Madison Ave & E 82 St,7188,40.7835016,-73.955327,40.7781314,-73.96069399,casual
1777616,D3616FC624362DB7,classic_bike,2021-09-14 09:56:20,2021-09-14 10:02:02,E 91 St & Park Ave,7344,Madison Ave & E 82 St,7188,40.7835016,-73.955327,40.7781314,-73.96069399,member
1777618,6C95F68A0A9E01EC,electric_bike,2021-09-15 18:11:02,2021-09-15 18:14:34,E 91 St & Park Ave,7344,Madison Ave & E 82 St,7188,40.7835016,-73.955327,40.7781314,-73.96069399,member
1777676,14B881351F72FA39,classic_bike,2021-09-16 17:15:02,2021-09-16 17:52:30,Cooper Square & Astor Pl,5712,Madison Ave & E 82 St,7188,40.72951496224949,-73.99075269699097,40.7781314,-73.96069399,member
1777684,EDD86C6F479D80EB,classic_bike,2021-09-11 10:22:05,2021-09-11 11:05:27,44 Dr & Jackson Ave,6352,Madison Ave & E 82 St,7188,40.74718234,-73.9432635,40.7781314,-73.96069399,casual
1777688,D29B23EB241D4AAD,classic_bike,2021-09-17 18:08:15,2021-09-17 18:43:35,Central Park W & W 97 St,7538,Madison Ave & E 82 St,7188,40.79249519495111,-73.96417066463071,40.7781314,-73.96069399,member
1777729,38FDF0CF5CB0573C,electric_bike,2021-09-28 09:56:54,2021-09-28 10:16:47,Madison Ave & E 26 St,6131,Madison Ave & E 82 St,7188,40.742684734875695,-73.98671329021454,40.7781314,-73.96069399,member
1777752,8D7BFBC48A8D720E,classic_bike,2021-09-02 11:09:56,2021-09-02 11:24:53,1 Ave & E 68 St,6822,Madison Ave & E 82 St,7188,40.76500525,-73.95818491,40.7781314,-73.96069399,member
1777766,85FF404C119BAA2F,classic_bike,2021-09-22 20:43:58,2021-09-22 20:57:42,Central Park W & W 97 St,7538,Madison Ave & E 82 St,7188,40.79249519495111,-73.96417066463071,40.7781314,-73.96069399,casual
1777788,184B467B5AE2412D,electric_bike,2021-09-03 14:26:29,2021-09-03 14:50:14,Madison Ave & E 26 St,6131,Madison Ave & E 82 St,7188,40.742684734875695,-73.98671329021454,40.7781314,-73.96069399,member
1777815,AC65132216B1C248,classic_bike,2021-09-25 17:27:19,2021-09-25 17:55:13,Central Park West & W 76 St,7253,Madison Ave & E 82 St,7188,40.77896784,-73.97374737,40.7781314,-73.96069399,member
1777817,3D381D95B566B6CF,docked_bike,2021-09-11 16:30:46,2021-09-11 16:43:20,Central Park West & W 76 St,7253,Madison Ave & E 82 St,7188,40.778968,-73.973747,40.778131,-73.960694,casual
1777818,DDB26B33904262D9,docked_bike,2021-09-19 14:28:49,2021-09-19 15:24:19,Central Park West & W 76 St,7253,Madison Ave & E 82 St,7188,40.778968,-73.973747,40.778131,-73.960694,casual
1777821,84119D2A9B5A69F8,classic_bike,2021-09-03 17:22:56,2021-09-03 17:42:55,E 58 St & 1 Ave (NW Corner),6723,Madison Ave & E 82 St,7188,40.759125,-73.962658,40.7781314,-73.96069399,casual
1777823,A9881E45A8E7E830,classic_bike,2021-09-24 19:00:01,2021-09-24 19:23:02,W 95 St & Broadway,7541,Madison Ave & E 82 St,7188,40.7937704,-73.971888,40.7781314,-73.96069399,casual
1777825,3DC3C063FC4C0E91,classic_bike,2021-09-12 10:18:17,2021-09-12 11:24:24,E 44 St & 2 Ave,6422,Madison Ave & E 82 St,7188,40.75118387463277,-73.97138714790344,40.7781314,-73.96069399,casual
1777839,C64BABACDC3CF74B,classic_bike,2021-09-27 07:39:09,2021-09-27 07:48:51,W 95 St & Broadway,7541,Madison Ave & E 82 St,7188,40.7937704,-73.971888,40.7781314,-73.96069399,member
1777843,1678F06D50A36834,electric_bike,2021-09-12 13:25:58,2021-09-12 13:55:51,Central Park West & W 76 St,7253,Madison Ave & E 82 St,7188,40.77896784,-73.97374737,40.7781314,-73.96069399,member
1777845,92B508AA32BCAF76,classic_bike,2021-09-24 18:02:48,2021-09-24 18:16:55,Columbus Ave & W 95 St,7520,Madison Ave & E 82 St,7188,40.7919557,-73.968087,40.7781314,-73.96069399,member
1777850,925387C60BDFCE23,electric_bike,2021-09-30 19:17:43,2021-09-30 19:25:06,E 81 St & Park Ave,7188,Central Park West & W 68 St,7079,40.77677702,-73.9590097,40.7734066,-73.97782542,casual
1777862,2B50534727E8E303,electric_bike,2021-09-14 09:02:48,2021-09-14 09:17:33,W 95 St & Broadway,7541,Madison Ave & E 82 St,7188,40.7937704,-73.971888,40.7781314,-73.96069399,member
1777866,E9F93B2A96CB294F,electric_bike,2021-09-01 14:35:14,2021-09-01 14:46:09,E 81 St & Park Ave,7188,W 107 St & Columbus Ave,7619,40.77677702,-73.9590097,40.7997568,-73.9621128676,member
1777871,0A91F6672447B0DC,classic_bike,2021-09-13 17:47:22,2021-09-13 17:58:41,E 81 St & Park Ave,7188,Madison Ave & E 82 St,7188,40.77677702,-73.9590097,40.7781314,-73.96069399,member
1777873,9DDCFEEDF26048C0,classic_bike,2021-09-04 14:04:28,2021-09-04 14:24:56,E 81 St & Park Ave,7188,W 67 St & Broadway,7116,40.77677702,-73.9590097,40.77492513,-73.98266566,member
1777874,6D942004107499D1,classic_bike,2021-09-11 11:20:06,2021-09-11 11:51:11,Columbus Ave & W 95 St,7520,Madison Ave & E 82 St,7188,40.7919557,-73.968087,40.7781314,-73.96069399,member
1777883,8B81D09BE96A9956,classic_bike,2021-09-06 09:38:42,2021-09-06 10:09:08,Allen St & Rivington St,5414,Madison Ave & E 82 St,7188,40.72019576,-73.98997825,40.7781314,-73.96069399,member
1777940,17E546AA1B502650,electric_bike,2021-09-19 14:45:58,2021-09-19 15:43:57,Prospect Pl & Vanderbilt Ave,4157,Madison Ave & E 82 St,7188,40.67767534269111,-73.96902143955231,40.7781314,-73.96069399,member
1777988,9B8C8E662586333D,classic_bike,2021-09-25 17:47:33,2021-09-25 18:01:02,Columbus Ave & W 72 St,7175,Madison Ave & E 82 St,7188,40.7770575,-73.97898475,40.7781314,-73.96069399,member
1777990,029F9DEEA5CF8ECD,classic_bike,2021-09-20 09:12:25,2021-09-20 09:28:31,W 100 St & Manhattan Ave,7538,Madison Ave & E 82 St,7188,40.795,-73.9645,40.7781314,-73.96069399,casual
1777991,0B691B5066F4F415,classic_bike,2021-09-28 07:24:55,2021-09-28 07:30:49,E 78 St & 2 Ave,7057,Madison Ave & E 82 St,7188,40.7727966,-73.95577801,40.7781314,-73.96069399,member
1778010,781ECE39FE458B1E,classic_bike,2021-09-17 19:10:05,2021-09-17 19:20:52,W 100 St & Manhattan Ave,7538,Madison Ave & E 82 St,7188,40.795,-73.9645,40.7781314,-73.96069399,casual
1778011,ACE7B793F22E7FD4,classic_bike,2021-09-02 15:50:15,2021-09-02 16:02:04,Columbus Ave & W 72 St,7175,Madison Ave & E 82 St,7188,40.7770575,-73.97898475,40.7781314,-73.96069399,casual
1778026,B44FC3F3A448D453,electric_bike,2021-09-15 02:01:30,2021-09-15 02:15:20,Mt Morris Park W & W 120 St,7685,Madison Ave & E 82 St,7188,40.804038,-73.945925,40.7781314,-73.96069399,casual
1778028,40C3D188CF80237D,classic_bike,2021-09-27 14:11:27,2021-09-27 14:21:46,W 52 St & 6 Ave,6740,Madison Ave & E 82 St,7188,40.76132983124814,-73.97982001304626,40.7781314,-73.96069399,member
1778029,279A1CD2041AA3C2,classic_bike,2021-09-09 17:26:13,2021-09-09 17:40:44,W 52 St & 6 Ave,6740,Madison Ave & E 82 St,7188,40.76132983124814,-73.97982001304626,40.7781314,-73.96069399,member
1778038,0EEBEBD5BABA14FC,classic_bike,2021-09-03 14:35:04,2021-09-03 14:42:46,E 88 St & Park Ave,7293,Madison Ave & E 82 St,7188,40.781410700190015,-73.95595908164978,40.7781314,-73.96069399,casual
1778048,B0FA318804ACEAC5,classic_bike,2021-09-28 09:02:48,2021-09-28 09:14:15,W 100 St & Manhattan Ave,7538,Madison Ave & E 82 St,7188,40.795,-73.9645,40.7781314,-73.96069399,member
1778061,11CF26512DE9AA67,classic_bike,2021-09-04 14:21:11,2021-09-04 14:43:42,W 52 St & 6 Ave,6740,Madison Ave & E 82 St,7188,40.76132983124814,-73.97982001304626,40.7781314,-73.96069399,casual
1778069,811AE95AA0063850,classic_bike,2021-09-24 08:55:43,2021-09-24 09:06:08,W 100 St & Manhattan Ave,7538,Madison Ave & E 82 St,7188,40.795,-73.9645,40.7781314,-73.96069399,casual
1778078,6EC9CC8716C3E114,electric_bike,2021-09-07 16:40:57,2021-09-07 16:46:49,E 68 St & Madison Ave,6932,Madison Ave & E 82 St,7188,40.7691572,-73.96703464,40.7781314,-73.96069399,member
1778081,F9CE80BD751F7449,classic_bike,2021-09-21 17:28:44,2021-09-21 17:34:11,E 72 St & Park Ave,6998,Madison Ave & E 82 St,7188,40.77118287540658,-73.96409422159195,40.7781314,-73.96069399,member
1778085,3C02B676A8659681,classic_bike,2021-09-03 18:33:17,2021-09-03 18:37:53,E 88 St & Park Ave,7293,Madison Ave & E 82 St,7188,40.781410700190015,-73.95595908164978,40.7781314,-73.96069399,member
1778090,AF5BECFE82ECBF8E,electric_bike,2021-09-14 16:13:30,2021-09-14 16:36:23,E 88 St & Park Ave,7293,Madison Ave & E 82 St,7188,40.781410700190015,-73.95595908164978,40.7781314,-73.96069399,casual
1778096,4D504697D28012BC,classic_bike,2021-09-12 13:43:49,2021-09-12 13:52:43,E 72 St & Park Ave,6998,Madison Ave & E 82 St,7188,40.77118287540658,-73.96409422159195,40.7781314,-73.96069399,casual
1778099,557F9A504CBC9C3B,classic_bike,2021-09-16 15:06:30,2021-09-16 15:21:01,West End Ave & W 107 St,7650,Madison Ave & E 82 St,7188,40.8021174,-73.9681805305,40.7781314,-73.96069399,member
1778106,A45A9EE1F0539826,electric_bike,2021-09-02 08:54:56,2021-09-02 09:01:12,Madison Ave & E 99 St,7443,Madison Ave & E 82 St,7188,40.78948541553215,-73.95242929458618,40.7781314,-73.96069399,casual
1778108,E7682E4557E6B2AA,classic_bike,2021-09-17 17:43:34,2021-09-17 17:50:30,3 Ave & E 62 St,6762,Madison Ave & E 82 St,7188,40.76312584,-73.96526895,40.7781314,-73.96069399,member
1778112,E8C91650EE78D349,electric_bike,2021-09-21 07:34:35,2021-09-21 07:39:55,Madison Ave & E 99 St,7443,Madison Ave & E 82 St,7188,40.78948541553215,-73.95242929458618,40.7781314,-73.96069399,member
1778130,1ADB0CD1103C149E,electric_bike,2021-09-27 06:39:16,2021-09-27 06:47:10,Madison Ave & E 99 St,7443,Madison Ave & E 82 St,7188,40.78948541553215,-73.95242929458618,40.7781314,-73.96069399,member
1778171,DDF07A7FD70BDC78,classic_bike,2021-09-13 20:48:32,2021-09-13 21:26:23,8 Ave & W 49 St,6747,Madison Ave & E 82 St,7188,40.76171227910671,-73.98655101656914,40.7781314,-73.96069399,member
1778217,4D4354A6E0935F4B,classic_bike,2021-09-27 18:29:16,2021-09-27 18:48:26,West End Ave & W 107 St,7650,Madison Ave & E 82 St,7188,40.8021174,-73.9681805305,40.7781314,-73.96069399,member
1778251,83D437885D59CECD,classic_bike,2021-09-29 13:28:13,2021-09-29 14:01:17,Madison Ave & E 99 St,7443,Madison Ave & E 82 St,7188,40.78948541553215,-73.95242929458618,40.7781314,-73.96069399,member
1778263,D8229594420D8450,classic_bike,2021-09-16 15:11:30,2021-09-16 15:19:25,3 Ave & E 62 St,6762,Madison Ave & E 82 St,7188,40.76312584,-73.96526895,40.7781314,-73.96069399,casual
1778272,3F951110BB8DDB92,docked_bike,2021-09-18 13:43:16,2021-09-18 14:14:12,7 Ave & Central Park South,6912,Madison Ave & E 82 St,7188,40.766741,-73.979069,40.778131,-73.960694,casual
1778303,55A9DA7EC2E32112,classic_bike,2021-09-15 16:37:29,2021-09-15 17:03:26,3 Ave & E 62 St,6762,Madison Ave & E 82 St,7188,40.76312584,-73.96526895,40.7781314,-73.96069399,member
1778308,4FEE812EDD9CD9F5,electric_bike,2021-09-22 07:32:07,2021-09-22 07:39:50,7 Ave & Central Park South,6912,Madison Ave & E 82 St,7188,40.7667405590595,-73.9790689945221,40.7781314,-73.96069399,member
1778314,F5289930F362F93C,electric_bike,2021-09-23 09:38:32,2021-09-23 10:12:02,Broadway & E 14 St,5905,Madison Ave & E 82 St,7188,40.73454567,-73.99074142,40.7781314,-73.96069399,casual
1778317,B33014E9E70F2C8F,electric_bike,2021-09-07 12:03:24,2021-09-07 12:29:08,7 Ave & Central Park South,6912,Madison Ave & E 82 St,7188,40.7667405590595,-73.9790689945221,40.7781314,-73.96069399,casual
1778320,7F885F6D46271A0E,classic_bike,2021-09-11 12:34:02,2021-09-11 13:02:18,7 Ave & Central Park South,6912,Madison Ave & E 82 St,7188,40.7667405590595,-73.9790689945221,40.7781314,-73.96069399,casual
1778331,106AD5A25F736B65,classic_bike,2021-09-20 08:52:10,2021-09-20 09:20:24,Broadway & E 14 St,5905,Madison Ave & E 82 St,7188,40.73454567,-73.99074142,40.7781314,-73.96069399,member
1778358,32254A20D313343A,classic_bike,2021-09-17 13:16:38,2021-09-17 13:29:19,7 Ave & Central Park South,6912,Madison Ave & E 82 St,7188,40.7667405590595,-73.9790689945221,40.7781314,-73.96069399,member
1778409,BD8794E4FD99C886,classic_bike,2021-09-30 17:26:49,2021-09-30 17:32:50,E 78 St & 2 Ave,7057,Madison Ave & E 82 St,7188,40.7727966,-73.95577801,40.7781314,-73.96069399,casual
1778413,FDC5FF6DE9FD1CF2,classic_bike,2021-09-02 14:41:49,2021-09-02 14:51:02,E 78 St & 2 Ave,7057,Madison Ave & E 82 St,7188,40.7727966,-73.95577801,40.7781314,-73.96069399,casual
1778448,E1900E4A5081711E,classic_bike,2021-09-07 18:25:08,2021-09-07 18:34:03,East End Ave & E 86 St,7113,Madison Ave & E 82 St,7188,40.77518615,-73.94446054,40.7781314,-73.96069399,member
1778511,0B13E55FCAC091C6,classic_bike,2021-09-11 10:29:31,2021-09-11 10:50:50,W 43 St & 10 Ave,6756,Madison Ave & E 82 St,7188,40.76009437,-73.99461843,40.7781314,-73.96069399,member
1778582,18F6A2D6556BAAC8,classic_bike,2021-09-17 11:28:01,2021-09-17 11:44:13,1 Ave & E 68 St,6822,Madison Ave & E 82 St,7188,40.76500525,-73.95818491,40.7781314,-73.96069399,casual
1778590,6882F877C13CF3A3,classic_bike,2021-09-12 13:45:11,2021-09-12 13:54:12,W 76 St & Columbus Ave,7281,Madison Ave & E 82 St,7188,40.7801839724239,-73.97728532552719,40.7781314,-73.96069399,member
1778599,EC5B8C631E471CC8,electric_bike,2021-09-13 23:38:35,2021-09-13 23:45:46,W 76 St & Columbus Ave,7281,Madison Ave & E 82 St,7188,40.7801839724239,-73.97728532552719,40.7781314,-73.96069399,member
1778666,8D6EC333FFDF6F96,classic_bike,2021-09-25 11:44:41,2021-09-25 12:16:10,West End Ave & W 60 St,7059,Madison Ave & E 82 St,7188,40.77237,-73.99005,40.7781314,-73.96069399,casual
1778668,A27ADC3386B99CE8,classic_bike,2021-09-24 18:30:39,2021-09-24 19:22:26,E 13 St & 2 Ave,5820,Madison Ave & E 82 St,7188,40.73153937464073,-73.9853024482727,40.7781314,-73.96069399,casual
1778670,898088AF1B6CF64B,classic_bike,2021-09-19 09:47:07,2021-09-19 10:21:22,Lexington Ave & E 24 St,6089,Madison Ave & E 82 St,7188,40.74025878,-73.98409214,40.7781314,-73.96069399,casual
1778706,ADE0247520B71D87,electric_bike,2021-09-26 18:06:43,2021-09-26 18:50:55,5 Ave & E 87 St,7323,Madison Ave & E 82 St,7188,40.78232260730881,-73.95987510681152,40.7781314,-73.96069399,member
1778735,7B55F4CB52A9673E,classic_bike,2021-09-18 14:08:47,2021-09-18 16:49:46,MacDougal St & Washington Sq,5797,Madison Ave & E 82 St,7188,40.73226398,-73.99852205,40.7781314,-73.96069399,casual
1778744,0FB18131E0A328F9,electric_bike,2021-09-24 16:14:03,2021-09-24 16:24:04,E 53 St & Madison Ave,6659,Madison Ave & E 82 St,7188,40.7597108,-73.97402311,40.7781314,-73.96069399,member
1778748,6E7B5B07FEB591DE,classic_bike,2021-09-03 14:49:28,2021-09-03 14:56:51,5 Ave & E 87 St,7323,Madison Ave & E 82 St,7188,40.78231448346993,-73.95980536937714,40.7781314,-73.96069399,member
1778754,B5129D4E6ED517B1,classic_bike,2021-09-04 17:34:09,2021-09-04 17:38:32,5 Ave & E 87 St,7323,Madison Ave & E 82 St,7188,40.78231448346993,-73.95980536937714,40.7781314,-73.96069399,casual
1778759,B98A3136BE907E67,classic_bike,2021-09-18 18:37:26,2021-09-18 19:27:41,Central Park W & W 91 St,7453,Madison Ave & E 82 St,7188,40.78866499127884,-73.96680057048798,40.7781314,-73.96069399,member
1778804,8F2FFFB0DC9C93A5,classic_bike,2021-09-08 09:22:35,2021-09-08 09:33:54,Central Park W & W 91 St,7453,Madison Ave & E 82 St,7188,40.78866499127884,-73.96680057048798,40.7781314,-73.96069399,member
1778822,BB3994F8ABBF57D9,classic_bike,2021-09-21 08:14:05,2021-09-21 08:22:10,Central Park W & W 91 St,7453,Madison Ave & E 82 St,7188,40.78866499127884,-73.96680057048798,40.7781314,-73.96069399,member
1778847,2C73E5D735DFF7E0,electric_bike,2021-09-01 13:18:15,2021-09-01 13:36:53,Riverside Dr & W 78 St,7340,Madison Ave & E 82 St,7188,40.78414472,-73.98362492,40.7781314,-73.96069399,member
1778872,74861F8ADBEA91AE,electric_bike,2021-09-02 09:38:48,2021-09-02 09:59:59,W 13 St & 7 Ave,6030,Madison Ave & E 82 St,7188,40.73781509,-73.99994661,40.7781314,-73.96069399,member
1778885,2DD35957008270F2,electric_bike,2021-09-26 12:55:14,2021-09-26 13:35:37,E 44 St & Lexington Ave,6464,Madison Ave & E 82 St,7188,40.752643,-73.974996,40.7781314,-73.96069399,casual
1778893,54D8E06D8A6063B6,classic_bike,2021-09-12 14:25:26,2021-09-12 14:44:15,E 54 St & 1 Ave,6608,Madison Ave & E 82 St,7188,40.756265,-73.964179,40.7781314,-73.96069399,member
1778904,12EFDC3F0F485D23,classic_bike,2021-09-18 12:15:20,2021-09-18 12:49:22,E 54 St & 1 Ave,6608,Madison Ave & E 82 St,7188,40.756265,-73.964179,40.7781314,-73.96069399,casual
1778907,254D1FF8ACFA8731,classic_bike,2021-09-18 07:49:28,2021-09-18 08:06:05,E 63 St & 3 Ave,6830,Madison Ave & E 82 St,7188,40.763954,-73.9646,40.7781314,-73.96069399,casual
1778952,6B07BDF23F3A709B,classic_bike,2021-09-22 17:21:06,2021-09-22 17:52:35,E 27 St & 1 Ave,6004,Madison Ave & E 82 St,7188,40.739445,-73.976806,40.7781314,-73.96069399,member
1778984,C8584EB073496A6C,classic_bike,2021-09-17 11:06:09,2021-09-17 11:25:41,W 42 St & 8 Ave,6602,Madison Ave & E 82 St,7188,40.7575699,-73.99098507,40.7781314,-73.96069399,member
1779079,54772172B8B23467,electric_bike,2021-09-21 12:28:37,2021-09-21 12:57:00,E 10 St & Avenue A,5659,Madison Ave & E 82 St,7188,40.72740794,-73.98142006,40.7781314,-73.96069399,casual
1779169,2E03768FCE7DC464,classic_bike,2021-09-13 19:14:29,2021-09-13 19:42:50,E 89 St & York Ave,7204,Madison Ave & E 82 St,7188,40.7779453,-73.946041,40.7781314,-73.96069399,member
1779190,0EEFBE69E5A2D989,classic_bike,2021-09-24 16:29:06,2021-09-24 16:44:54,E 72 St & York Ave,6889,Madison Ave & E 82 St,7188,40.76663814,-73.95348296,40.7781314,-73.96069399,member
1779201,48107CE844AE71B0,classic_bike,2021-09-11 10:07:32,2021-09-11 11:41:59,8 Ave & W 38 St,6526,Madison Ave & E 82 St,7188,40.75461,-73.99177,40.7781314,-73.96069399,casual
1779227,9EDC10794B32524B,classic_bike,2021-09-20 17:50:55,2021-09-20 18:02:28,E 72 St & York Ave,6889,Madison Ave & E 82 St,7188,40.76663814,-73.95348296,40.7781314,-73.96069399,member
1779277,6413F2E1DAA58BFA,electric_bike,2021-09-30 17:56:05,2021-09-30 18:11:01,E 74 St & 1 Ave,6953,Madison Ave & E 82 St,7188,40.7689738,-73.95482273,40.7781314,-73.96069399,member
1779284,E8996E88F4C33C06,electric_bike,2021-09-18 18:56:06,2021-09-18 19:23:50,11 Ave & W 27 St,6425,Madison Ave & E 82 St,7188,40.751396,-74.005226,40.7781314,-73.96069399,member
1779288,56A42BED23C6CCAC,classic_bike,2021-09-13 16:09:16,2021-09-13 16:34:32,8 Ave & W 27 St,6297,Madison Ave & E 82 St,7188,40.747968,-73.996637,40.7781314,-73.96069399,member
1779290,CCBA958CB9DA8986,classic_bike,2021-09-24 16:19:38,2021-09-24 16:43:43,E 72 St & York Ave,6889,Madison Ave & E 82 St,7188,40.76663814,-73.95348296,40.7781314,-73.96069399,member
1779297,019E547B248FC698,classic_bike,2021-09-21 15:51:49,2021-09-21 16:29:48,W 10 St & Washington St,5847,Madison Ave & E 82 St,7188,40.73342399437081,-74.00851495563984,40.7781314,-73.96069399,member
1779299,F2ED8DB4687C4CC5,electric_bike,2021-09-05 13:47:19,2021-09-05 13:57:58,Adam Clayton Powell Blvd & W 118 St,7670,Madison Ave & E 82 St,7188,40.804372,-73.951475,40.7781314,-73.96069399,member
1779324,7B3175D6AA6E8714,classic_bike,2021-09-20 18:15:45,2021-09-20 18:23:03,E 74 St & 1 Ave,6953,Madison Ave & E 82 St,7188,40.7689738,-73.95482273,40.7781314,-73.96069399,member
1779340,2FD468BB795ED985,classic_bike,2021-09-25 12:22:09,2021-09-25 12:40:34,Adam Clayton Powell Blvd & W 118 St,7670,Madison Ave & E 82 St,7188,40.804372,-73.951475,40.7781314,-73.96069399,member
1779346,AFEAC79300659B4D,classic_bike,2021-09-27 17:37:50,2021-09-27 17:47:27,Grand Army Plaza & Central Park S,6839,Madison Ave & E 82 St,7188,40.7643971,-73.97371465,40.7781314,-73.96069399,member
1779347,7335F820469FDC3A,electric_bike,2021-09-30 16:06:55,2021-09-30 16:17:01,W 51 St & Rockefeller Plaza,6700,Madison Ave & E 82 St,7188,40.75973805251143,-73.97811613976955,40.7781314,-73.96069399,member
1779362,321519E8F2149271,classic_bike,2021-09-11 14:03:44,2021-09-11 14:47:26,Grand Army Plaza & Central Park S,6839,Madison Ave & E 82 St,7188,40.7643971,-73.97371465,40.7781314,-73.96069399,casual
1779369,B7458DAB9FD0EEC9,classic_bike,2021-09-18 13:18:02,2021-09-18 13:32:25,E 53 St & Lexington Ave,6617,Madison Ave & E 82 St,7188,40.75828065,-73.97069431,40.7781314,-73.96069399,member
1779372,740B94016C3500BF,docked_bike,2021-09-18 10:19:38,2021-09-18 10:57:57,Grand Army Plaza & Central Park S,6839,Madison Ave & E 82 St,7188,40.764397,-73.973715,40.778131,-73.960694,casual
1779373,91D0800EBA5A0EC1,electric_bike,2021-09-10 13:40:09,2021-09-10 13:51:45,W 51 St & Rockefeller Plaza,6700,Madison Ave & E 82 St,7188,40.75973805251143,-73.97811613976955,40.7781314,-73.96069399,member
1779381,7EDA9E269F54C51B,electric_bike,2021-09-07 08:10:55,2021-09-07 08:19:40,E 53 St & Lexington Ave,6617,Madison Ave & E 82 St,7188,40.75828065,-73.97069431,40.7781314,-73.96069399,member
1779386,7D6328987206FB09,classic_bike,2021-09-20 19:32:57,2021-09-20 19:40:24,Grand Army Plaza & Central Park S,6839,Madison Ave & E 82 St,7188,40.7643971,-73.97371465,40.7781314,-73.96069399,member
1779409,25E4285C63F281FB,classic_bike,2021-09-11 12:18:53,2021-09-11 13:30:31,Grand Army Plaza & Central Park S,6839,Madison Ave & E 82 St,7188,40.7643971,-73.97371465,40.7781314,-73.96069399,casual
1779435,83012A19CBF7EB84,classic_bike,2021-09-08 16:18:07,2021-09-08 16:31:44,W 51 St & Rockefeller Plaza,6700,Madison Ave & E 82 St,7188,40.75969995906254,-73.97808194160461,40.7781314,-73.96069399,member
1779442,39BD0DAA02B16439,docked_bike,2021-09-18 10:22:14,2021-09-18 10:58:20,Grand Army Plaza & Central Park S,6839,Madison Ave & E 82 St,7188,40.764397,-73.973715,40.778131,-73.960694,casual
1779448,BADE472E97062547,classic_bike,2021-09-13 14:01:09,2021-09-13 15:33:11,Grand Army Plaza & Central Park S,6839,Madison Ave & E 82 St,7188,40.7643971,-73.97371465,40.7781314,-73.96069399,casual
1779458,9736A326C5CC3DEB,classic_bike,2021-09-11 14:01:52,2021-09-11 14:47:30,Grand Army Plaza & Central Park S,6839,Madison Ave & E 82 St,7188,40.7643971,-73.97371465,40.7781314,-73.96069399,casual
1779459,C17BAF353719F0F1,classic_bike,2021-09-05 13:40:58,2021-09-05 14:15:43,Grand Army Plaza & Central Park S,6839,Madison Ave & E 82 St,7188,40.7643971,-73.97371465,40.7781314,-73.96069399,casual
1779470,A17C3B068C918B11,classic_bike,2021-09-25 15:21:48,2021-09-25 15:42:20,Grand Army Plaza & Central Park S,6839,Madison Ave & E 82 St,7188,40.7643971,-73.97371465,40.7781314,-73.96069399,casual
1779471,37FE0B36529C7D3E,classic_bike,2021-09-30 10:37:06,2021-09-30 11:00:23,E 53 St & Lexington Ave,6617,Madison Ave & E 82 St,7188,40.75828065,-73.97069431,40.7781314,-73.96069399,casual
1779476,3DA01A29D2EB5E94,classic_bike,2021-09-23 09:23:40,2021-09-23 09:35:16,Grand Army Plaza & Central Park S,6839,Madison Ave & E 82 St,7188,40.7643971,-73.97371465,40.7781314,-73.96069399,casual
1779506,F315C923C715AFDF,classic_bike,2021-09-22 13:08:18,2021-09-22 13:58:24,Broadway & W 51 St,6779,Madison Ave & E 82 St,7188,40.76228826,-73.98336183,40.7781314,-73.96069399,casual
1779541,436E90F50CB200CC,electric_bike,2021-09-18 10:22:01,2021-09-18 10:27:55,E 66 St & Madison Ave,6969,Madison Ave & E 82 St,7188,40.76800889305947,-73.96845281124115,40.7781314,-73.96069399,member
1779560,6D21879A1C93E034,classic_bike,2021-09-29 12:13:02,2021-09-29 13:12:47,Dean St & Hoyt St,4446,Madison Ave & E 82 St,7188,40.6864442,-73.98759104,40.7781314,-73.96069399,member
1779562,2D3010CB4E4C48D4,electric_bike,2021-09-12 10:22:05,2021-09-12 11:12:31,E 60 St & York Ave,6682,Madison Ave & E 82 St,7188,40.759107,-73.959223,40.7781314,-73.96069399,member
1779581,63E35B34FC119799,classic_bike,2021-09-25 11:30:38,2021-09-25 12:15:40,Central Park S & 6 Ave,6876,Madison Ave & E 82 St,7188,40.76590936,-73.97634151,40.7781314,-73.96069399,casual
1779584,02052D4218207029,classic_bike,2021-09-03 13:53:25,2021-09-03 14:31:38,Central Park S & 6 Ave,6876,Madison Ave & E 82 St,7188,40.76590936,-73.97634151,40.7781314,-73.96069399,casual
1779586,06E1AC804B5DEF29,electric_bike,2021-09-07 13:52:12,2021-09-07 14:17:26,Central Park S & 6 Ave,6876,Madison Ave & E 82 St,7188,40.76590936,-73.97634151,40.7781314,-73.96069399,casual
1779590,7DED84D9CFCC117E,electric_bike,2021-09-16 17:07:18,2021-09-16 17:40:20,Nassau Ave & Newell St,5623,Madison Ave & E 82 St,7188,40.724812564400175,-73.94752621650696,40.7781314,-73.96069399,member
1779602,13FF5F5F7DA15A62,classic_bike,2021-09-12 14:56:04,2021-09-12 15:04:31,Central Park S & 6 Ave,6876,Madison Ave & E 82 St,7188,40.76590936,-73.97634151,40.7781314,-73.96069399,member
1779604,72CC8855DE5B1C63,classic_bike,2021-09-02 17:05:26,2021-09-02 17:14:24,Central Park S & 6 Ave,6876,Madison Ave & E 82 St,7188,40.76590936,-73.97634151,40.7781314,-73.96069399,member
1779612,601D7BB5FC9999DB,electric_bike,2021-09-05 09:50:16,2021-09-05 10:09:19,Central Park S & 6 Ave,6876,Madison Ave & E 82 St,7188,40.76590936,-73.97634151,40.7781314,-73.96069399,casual
1779616,C1CF7E6F0E9380A5,classic_bike,2021-09-06 13:08:13,2021-09-06 13:29:00,Central Park S & 6 Ave,6876,Madison Ave & E 82 St,7188,40.76590936,-73.97634151,40.7781314,-73.96069399,casual
1779625,066C3F6EE10F2FF0,classic_bike,2021-09-10 08:24:28,2021-09-10 08:49:00,Central Park S & 6 Ave,6876,Madison Ave & E 82 St,7188,40.76590936,-73.97634151,40.7781314,-73.96069399,member
1779632,B8135031FBCDA77D,classic_bike,2021-09-26 09:22:46,2021-09-26 09:32:17,Central Park S & 6 Ave,6876,Madison Ave & E 82 St,7188,40.76590936,-73.97634151,40.7781314,-73.96069399,member
1779633,82830334CC5D879C,classic_bike,2021-09-22 18:00:02,2021-09-22 18:14:14,Central Park S & 6 Ave,6876,Madison Ave & E 82 St,7188,40.76590936,-73.97634151,40.7781314,-73.96069399,member
1779635,94BA53FD7B540525,classic_bike,2021-09-21 19:10:21,2021-09-21 19:27:06,Central Park S & 6 Ave,6876,Madison Ave & E 82 St,7188,40.76590936,-73.97634151,40.7781314,-73.96069399,member
1779656,C8F27EBFE52C69E3,classic_bike,2021-09-05 13:45:49,2021-09-05 14:25:12,E 41 St & Madison Ave,6474,Madison Ave & E 82 St,7188,40.752165280621966,-73.97992193698882,40.7781314,-73.96069399,casual
1779659,D598E96C2F52076F,classic_bike,2021-09-25 10:59:20,2021-09-25 11:31:08,Central Park S & 6 Ave,6876,Madison Ave & E 82 St,7188,40.76590936,-73.97634151,40.7781314,-73.96069399,member
1779661,18564CA0518110D3,classic_bike,2021-09-03 13:51:11,2021-09-03 14:31:46,Central Park S & 6 Ave,6876,Madison Ave & E 82 St,7188,40.76590936,-73.97634151,40.7781314,-73.96069399,casual
1779664,7D54449D5E7682C8,electric_bike,2021-09-11 12:50:28,2021-09-11 13:08:02,Central Park S & 6 Ave,6876,Madison Ave & E 82 St,7188,40.76590936,-73.97634151,40.7781314,-73.96069399,member
1779678,E8AABF8B0263265E,classic_bike,2021-09-21 08:51:13,2021-09-21 09:12:52,Central Park S & 6 Ave,6876,Madison Ave & E 82 St,7188,40.76590936,-73.97634151,40.7781314,-73.96069399,casual
1779682,5E0C130A3A97799A,classic_bike,2021-09-25 11:29:45,2021-09-25 12:15:40,Central Park S & 6 Ave,6876,Madison Ave & E 82 St,7188,40.76590936,-73.97634151,40.7781314,-73.96069399,casual
1779685,C94E00988FF5E871,classic_bike,2021-09-11 16:32:19,2021-09-11 16:52:10,Central Park S & 6 Ave,6876,Madison Ave & E 82 St,7188,40.76590936,-73.97634151,40.7781314,-73.96069399,casual
1779705,8351D7B589BFE1D7,classic_bike,2021-09-13 11:19:01,2021-09-13 11:27:39,Central Park S & 6 Ave,6876,Madison Ave & E 82 St,7188,40.76590936,-73.97634151,40.7781314,-73.96069399,member
1779712,DF12EEBE90079C89,electric_bike,2021-09-04 11:33:01,2021-09-04 11:43:11,Central Park S & 6 Ave,6876,Madison Ave & E 82 St,7188,40.76590936,-73.97634151,40.7781314,-73.96069399,member
1779722,7649FD371496B0E5,classic_bike,2021-09-25 10:59:45,2021-09-25 11:31:37,Central Park S & 6 Ave,6876,Madison Ave & E 82 St,7188,40.76590936,-73.97634151,40.7781314,-73.96069399,casual
1779725,AC976427408F1B78,classic_bike,2021-09-21 16:21:02,2021-09-21 17:02:25,Central Park S & 6 Ave,6876,Madison Ave & E 82 St,7188,40.76590936,-73.97634151,40.7781314,-73.96069399,casual
1779727,0AF10214373E0576,classic_bike,2021-09-08 10:54:26,2021-09-08 11:53:38,Central Park S & 6 Ave,6876,Madison Ave & E 82 St,7188,40.76590936,-73.97634151,40.7781314,-73.96069399,casual
1779756,9D085C92C8CD2A3E,docked_bike,2021-09-17 17:13:35,2021-09-17 17:37:46,Central Park S & 6 Ave,6876,Madison Ave & E 82 St,7188,40.765909,-73.976342,40.778131,-73.960694,casual
1779764,D5A7ACBC7A04BB95,electric_bike,2021-09-18 14:07:39,2021-09-18 14:44:20,Graham Ave & Grand St,5178,Madison Ave & E 82 St,7188,40.711863,-73.944024,40.7781314,-73.96069399,casual
1779791,818C867412070F08,classic_bike,2021-09-25 12:52:07,2021-09-25 13:17:40,1 Ave & E 39 St,6303,Madison Ave & E 82 St,7188,40.74714,-73.97113,40.7781314,-73.96069399,member
1779850,1E2F9037563E7A75,classic_bike,2021-09-19 13:56:14,2021-09-19 14:35:10,8 Ave & W 33 St,6450,Madison Ave & E 82 St,7188,40.751551,-73.993934,40.7781314,-73.96069399,casual
1779951,718A7667B445C449,electric_bike,2021-09-09 14:38:18,2021-09-09 14:46:56,Amsterdam Ave & W 73 St,7260,Madison Ave & E 82 St,7188,40.77966809007312,-73.98093044757842,40.7781314,-73.96069399,member
1779961,5E4B62FF1EA66F9B,classic_bike,2021-09-08 20:53:11,2021-09-08 21:03:30,Amsterdam Ave & W 73 St,7260,Madison Ave & E 82 St,7188,40.77966809007312,-73.98093044757842,40.7781314,-73.96069399,casual
1779983,59F1713842897104,classic_bike,2021-09-18 19:04:04,2021-09-18 19:24:28,Amsterdam Ave & W 73 St,7260,Madison Ave & E 82 St,7188,40.77966809007312,-73.98093044757842,40.7781314,-73.96069399,casual
1780000,401F7A158C437F0C,electric_bike,2021-09-18 19:04:09,2021-09-18 19:24:18,Amsterdam Ave & W 73 St,7260,Madison Ave & E 82 St,7188,40.77966809007312,-73.98093044757842,40.7781314,-73.96069399,casual
1780054,05623C372B4BF36F,classic_bike,2021-09-26 10:23:25,2021-09-26 10:44:37,W 21 St & 6 Ave,6140,Madison Ave & E 82 St,7188,40.74173969,-73.99415556,40.7781314,-73.96069399,member
1780091,5CD9B7622576D13D,classic_bike,2021-09-25 18:31:41,2021-09-25 19:01:59,W 106 St & Central Park West,7606,Madison Ave & E 82 St,7188,40.7981856,-73.9605909006,40.7781314,-73.96069399,casual
1780094,19606D7B9DEE232F,classic_bike,2021-09-25 18:32:50,2021-09-25 19:01:51,W 106 St & Central Park West,7606,Madison Ave & E 82 St,7188,40.7981856,-73.9605909006,40.7781314,-73.96069399,casual
1780101,6FB0F19392BC1FEE,classic_bike,2021-09-17 08:43:45,2021-09-17 08:57:09,W 106 St & Central Park West,7606,Madison Ave & E 82 St,7188,40.7981856,-73.9605909006,40.7781314,-73.96069399,casual
1780128,C30D540BA1187DF7,classic_bike,2021-09-17 16:48:44,2021-09-17 16:53:22,E 91 St & Park Ave,7344,Madison Ave & E 82 St,7188,40.7835016,-73.955327,40.7781314,-73.96069399,member
1780149,8614F6AEFF176974,classic_bike,2021-09-21 18:19:45,2021-09-21 18:23:28,E 91 St & Park Ave,7344,Madison Ave & E 82 St,7188,40.7835016,-73.955327,40.7781314,-73.96069399,member
1780150,68C410E79E525F39,electric_bike,2021-09-07 19:13:20,2021-09-07 19:16:22,E 91 St & Park Ave,7344,Madison Ave & E 82 St,7188,40.7835016,-73.955327,40.7781314,-73.96069399,member
1780178,8E550E234DBEA548,classic_bike,2021-09-07 16:40:07,2021-09-07 16:48:43,Amsterdam Ave & W 79 St,7311,Madison Ave & E 82 St,7188,40.7829391,-73.9786517,40.7781314,-73.96069399,member
1780197,B004038FD1E59D29,classic_bike,2021-09-26 14:13:37,2021-09-26 14:41:06,5 Ave & E 72 St,7100,Madison Ave & E 82 St,7188,40.77282817,-73.96685276,40.7781314,-73.96069399,casual
1780227,C3F704236B610AE7,classic_bike,2021-09-05 18:55:11,2021-09-05 19:39:23,5 Ave & E 72 St,7100,Madison Ave & E 82 St,7188,40.77282817,-73.96685276,40.7781314,-73.96069399,casual
1780230,F184E23A9B756A74,electric_bike,2021-09-27 12:28:37,2021-09-27 12:50:54,5 Ave & E 72 St,7100,Madison Ave & E 82 St,7188,40.77282817,-73.96685276,40.7781314,-73.96069399,casual
1780232,22B63CD18F337B99,electric_bike,2021-09-14 10:56:10,2021-09-14 10:59:54,Central Park West & W 85 St,7354,Madison Ave & E 82 St,7188,40.78476,-73.969862,40.7781314,-73.96069399,member
1780250,71EC36EEF27E5F76,classic_bike,2021-09-25 18:52:37,2021-09-25 19:02:36,5 Ave & E 72 St,7100,Madison Ave & E 82 St,7188,40.77282817,-73.96685276,40.7781314,-73.96069399,member
1780285,F1D52AF90A12D6AB,classic_bike,2021-09-08 14:15:33,2021-09-08 14:38:17,5 Ave & E 72 St,7100,Madison Ave & E 82 St,7188,40.77282817,-73.96685276,40.7781314,-73.96069399,casual
1780286,B9F34904C3D50211,electric_bike,2021-09-13 22:09:12,2021-09-13 22:31:56,Broadway & W 133 St,7903,Madison Ave & E 82 St,7188,40.8190344,-73.956156,40.7781314,-73.96069399,casual
1780311,0CA7787802AB8C98,classic_bike,2021-09-18 16:51:18,2021-09-18 17:45:46,Central Park West & W 85 St,7354,Madison Ave & E 82 St,7188,40.78476,-73.969862,40.7781314,-73.96069399,casual
1780313,5A34B1C2964C6154,classic_bike,2021-09-17 15:34:43,2021-09-17 16:13:40,Central Park West & W 85 St,7354,Madison Ave & E 82 St,7188,40.78476,-73.969862,40.7781314,-73.96069399,casual
1780327,16F52A1DA3A67BE4,docked_bike,2021-09-12 13:02:53,2021-09-12 13:49:40,Central Park West & W 85 St,7354,Madison Ave & E 82 St,7188,40.78476,-73.969862,40.778131,-73.960694,casual
1780334,BE70EDF5B887EB54,classic_bike,2021-09-19 14:29:54,2021-09-19 14:57:30,Central Park West & W 85 St,7354,Madison Ave & E 82 St,7188,40.78476,-73.969862,40.7781314,-73.96069399,casual
1780344,048D3BF88533A57A,classic_bike,2021-09-11 17:16:48,2021-09-11 17:46:09,Central Park West & W 85 St,7354,Madison Ave & E 82 St,7188,40.78476,-73.969862,40.7781314,-73.96069399,casual
1780371,3F804C3BB3D912A7,classic_bike,2021-09-10 16:02:08,2021-09-10 16:39:58,12 Ave & W 40 St,6765,Madison Ave & E 82 St,7188,40.76087502,-74.00277668,40.7781314,-73.96069399,casual
1780378,746036D0E678A80D,electric_bike,2021-09-29 09:28:35,2021-09-29 09:33:45,Central Park West & W 85 St,7354,Madison Ave & E 82 St,7188,40.78476,-73.969862,40.7781314,-73.96069399,member
1780387,7672DEA1E8A5BEA0,electric_bike,2021-09-01 19:30:22,2021-09-01 19:37:08,Central Park West & W 85 St,7354,Madison Ave & E 82 St,7188,40.78476,-73.969862,40.7781314,-73.96069399,casual
1780392,42EF3EB9D1D958DD,classic_bike,2021-09-26 14:10:55,2021-09-26 14:41:10,5 Ave & E 72 St,7100,Madison Ave & E 82 St,7188,40.77282817,-73.96685276,40.7781314,-73.96069399,casual
1780393,090C3C1F1C8FF9DB,classic_bike,2021-09-07 13:33:55,2021-09-07 13:54:01,5 Ave & E 72 St,7100,Madison Ave & E 82 St,7188,40.77282817,-73.96685276,40.7781314,-73.96069399,casual
1780396,744308D994BB085F,classic_bike,2021-09-26 14:14:38,2021-09-26 14:40:43,5 Ave & E 72 St,7100,Madison Ave & E 82 St,7188,40.77282817,-73.96685276,40.7781314,-73.96069399,casual
1780398,91101A3F756A2A85,classic_bike,2021-09-24 13:37:22,2021-09-24 13:58:39,5 Ave & E 72 St,7100,Madison Ave & E 82 St,7188,40.77282817,-73.96685276,40.7781314,-73.96069399,member
1780402,2C59B5DA416D6E4F,classic_bike,2021-09-26 16:17:06,2021-09-26 16:44:50,Central Park West & W 85 St,7354,Madison Ave & E 82 St,7188,40.78476,-73.969862,40.7781314,-73.96069399,member
1780413,B1E646330E53EE06,classic_bike,2021-09-23 15:52:31,2021-09-23 16:02:39,5 Ave & E 72 St,7100,Madison Ave & E 82 St,7188,40.77282817,-73.96685276,40.7781314,-73.96069399,casual
1780435,F23D948D707182AF,classic_bike,2021-09-24 09:49:13,2021-09-24 09:58:03,Central Park S & 6 Ave,6876,Madison Ave & E 82 St,7188,40.76590936,-73.97634151,40.7781314,-73.96069399,member
1780437,0904CB0836F51C09,classic_bike,2021-09-11 12:53:12,2021-09-11 13:03:40,Central Park S & 6 Ave,6876,Madison Ave & E 82 St,7188,40.76590936,-73.97634151,40.7781314,-73.96069399,member
1780453,132FC9BF137C8F76,electric_bike,2021-09-21 17:13:43,2021-09-21 17:17:36,5 Ave & E 72 St,7100,Madison Ave & E 82 St,7188,40.77282817,-73.96685276,40.7781314,-73.96069399,member
1780457,AA39C2FDD53DA853,electric_bike,2021-09-19 10:33:07,2021-09-19 10:45:17,5 Ave & E 72 St,7100,Madison Ave & E 82 St,7188,40.77282817,-73.96685276,40.7781314,-73.96069399,casual
1780460,34D8275177053F3A,classic_bike,2021-09-02 18:37:11,2021-09-02 18:44:07,5 Ave & E 72 St,7100,Madison Ave & E 82 St,7188,40.77282817,-73.96685276,40.7781314,-73.96069399,casual
1780461,0F4DB54B5E1BB131,classic_bike,2021-09-11 10:16:50,2021-09-11 10:34:55,Central Park West & W 85 St,7354,Madison Ave & E 82 St,7188,40.78476,-73.969862,40.7781314,-73.96069399,casual
1780462,1397344B18B8AC34,electric_bike,2021-09-13 09:06:41,2021-09-13 09:21:48,Central Park West & W 85 St,7354,Madison Ave & E 82 St,7188,40.78476,-73.969862,40.7781314,-73.96069399,casual
1780476,24EEC4728E49BBB2,classic_bike,2021-09-26 11:18:26,2021-09-26 12:03:58,Central Park S & 6 Ave,6876,Madison Ave & E 82 St,7188,40.76590936,-73.97634151,40.7781314,-73.96069399,casual
1780482,1DE828939C76B716,classic_bike,2021-09-09 14:05:05,2021-09-09 14:37:03,Central Park S & 6 Ave,6876,Madison Ave & E 82 St,7188,40.76590936,-73.97634151,40.7781314,-73.96069399,casual
1780485,EC6A02653848B392,classic_bike,2021-09-24 17:49:05,2021-09-24 18:01:48,Central Park S & 6 Ave,6876,Madison Ave & E 82 St,7188,40.76590936,-73.97634151,40.7781314,-73.96069399,casual
1780514,AD1A64CB030947E2,classic_bike,2021-09-05 09:51:11,2021-09-05 10:09:32,Central Park S & 6 Ave,6876,Madison Ave & E 82 St,7188,40.76590936,-73.97634151,40.7781314,-73.96069399,casual
1780524,94B43712A3A0CE94,electric_bike,2021-09-18 09:16:51,2021-09-18 10:19:15,Hudson St & Reade St,5359,Madison Ave & E 82 St,7188,40.71625008,-74.0091059,40.7781314,-73.96069399,casual
1780577,E2C6108A6492B7E7,classic_bike,2021-09-10 08:18:07,2021-09-10 08:49:20,Central Park S & 6 Ave,6876,Madison Ave & E 82 St,7188,40.76590936,-73.97634151,40.7781314,-73.96069399,member
1780605,2E2D271E446118BA,classic_bike,2021-09-11 16:44:37,2021-09-11 17:13:42,45 Rd & 11 St,6319,Madison Ave & E 82 St,7188,40.74708586,-73.94977234,40.7781314,-73.96069399,member
1780618,21704B29364753F6,classic_bike,2021-09-28 15:21:24,2021-09-28 15:50:58,W 51 St & 6 Ave,6740,Madison Ave & E 82 St,7188,40.7606597,-73.98042047,40.7781314,-73.96069399,member
1780627,ACC986D281FC9881,electric_bike,2021-09-12 14:01:09,2021-09-12 14:18:11,W 51 St & 6 Ave,6740,Madison Ave & E 82 St,7188,40.7606597,-73.98042047,40.7781314,-73.96069399,casual
1780628,8659F99077FBE86D,electric_bike,2021-09-03 13:56:52,2021-09-03 14:10:47,W 51 St & 6 Ave,6740,Madison Ave & E 82 St,7188,40.7606597,-73.98042047,40.7781314,-73.96069399,member
1780711,4F4C46B7B6163A59,classic_bike,2021-09-01 16:29:33,2021-09-01 17:29:24,Grand Army Plaza & Central Park S,6839,Madison Ave & E 82 St,7188,40.7643971,-73.97371465,40.7781314,-73.96069399,casual
1780784,D3B25F2292827C6C,classic_bike,2021-09-25 13:20:20,2021-09-25 13:39:18,E 109 St & 3 Ave,7504,Madison Ave & E 82 St,7188,40.79329668,-73.9432083,40.7781314,-73.96069399,casual
1780848,DFE5A6779194CE9B,classic_bike,2021-09-28 14:41:13,2021-09-28 14:53:57,E 53 St & Lexington Ave,6617,Madison Ave & E 82 St,7188,40.75828065,-73.97069431,40.7781314,-73.96069399,member
1780877,5A2432C611BFB615,classic_bike,2021-09-13 16:46:40,2021-09-13 17:21:30,W 50 St & 10 Ave,6890,Madison Ave & E 82 St,7188,40.76473420006519,-73.99194359779358,40.7781314,-73.96069399,member
1780911,8F64B27015AE57F8,electric_bike,2021-09-16 10:53:35,2021-09-16 11:15:19,W 148 St & Amsterdam Ave,8033,Madison Ave & E 82 St,7188,40.827075,-73.945909,40.7781314,-73.96069399,member
1780915,D323DBF904F8DBD3,electric_bike,2021-09-12 08:57:49,2021-09-12 09:13:19,St. Nicholas Ave & W 126 St,7756,Madison Ave & E 82 St,7188,40.8114323,-73.9518776,40.7781314,-73.96069399,member
1780940,AB47C9ED8B769D64,classic_bike,2021-09-14 17:45:22,2021-09-14 18:09:07,St. Nicholas Ave & W 126 St,7756,Madison Ave & E 82 St,7188,40.8114323,-73.9518776,40.7781314,-73.96069399,member
1780951,452A8DC424196E96,classic_bike,2021-09-24 09:17:08,2021-09-24 09:46:28,Queens Plaza North & Crescent St,6429,Madison Ave & E 82 St,7188,40.75110165,-73.94073717,40.7781314,-73.96069399,casual
1780995,7BA529BE28A7F89D,classic_bike,2021-09-12 07:01:37,2021-09-12 07:35:40,Queens Plaza North & Crescent St,6429,Madison Ave & E 82 St,7188,40.75110165,-73.94073717,40.7781314,-73.96069399,member
1780997,FDA8CA67BCAFE350,electric_bike,2021-09-15 17:03:59,2021-09-15 17:25:17,W 48 St & Rockefeller Plaza,6667,Madison Ave & E 82 St,7188,40.75793646243674,-73.97960275411606,40.7781314,-73.96069399,casual
1781001,22CDA6C7BCD9708F,classic_bike,2021-09-08 20:25:19,2021-09-08 20:53:18,W 44 St & 11 Ave,6756,Madison Ave & E 82 St,7188,40.762009,-73.996975,40.7781314,-73.96069399,casual
1781025,EA37301A94C0EE27,electric_bike,2021-09-27 10:38:02,2021-09-27 10:49:21,W 48 St & Rockefeller Plaza,6667,Madison Ave & E 82 St,7188,40.75793646243674,-73.97960275411606,40.7781314,-73.96069399,member
1781035,5C61D34D07FB5775,electric_bike,2021-09-28 14:00:21,2021-09-28 14:33:09,University Pl & E 14 St,5905,Madison Ave & E 82 St,7188,40.734814,-73.992085,40.7781314,-73.96069399,member
1781038,0FA78AF91B29DF7A,classic_bike,2021-09-19 14:30:16,2021-09-19 14:59:46,E 51 St & 1 Ave,6532,Madison Ave & E 82 St,7188,40.75455731,-73.96592976,40.7781314,-73.96069399,casual
1781055,9C94F1C4754D2448,electric_bike,2021-09-22 09:54:36,2021-09-22 10:29:09,Allen St & Hester St,5342,Madison Ave & E 82 St,7188,40.71605866,-73.99190759,40.7781314,-73.96069399,member
1781066,0C3EE3CC1F7382CF,classic_bike,2021-09-20 13:23:02,2021-09-20 14:03:39,E 17 St & Broadway,5980,Madison Ave & E 82 St,7188,40.73704984,-73.99009296,40.7781314,-73.96069399,member
1781142,F35489D6E08EAA8A,classic_bike,2021-09-20 09:40:17,2021-09-20 10:07:17,W 45 St & 8 Ave,6676,Madison Ave & E 82 St,7188,40.75929124,-73.98859651,40.7781314,-73.96069399,casual
1781182,7AB99179A70F64FD,classic_bike,2021-09-03 16:08:49,2021-09-03 16:41:15,Madison Ave & E 82 St,7188,Madison Ave & E 82 St,7188,40.7781314,-73.96069399,40.7781314,-73.96069399,member
1781235,B7F144309FCECB94,classic_bike,2021-09-25 15:48:02,2021-09-25 16:31:01,Madison Ave & E 82 St,7188,Madison Ave & E 82 St,7188,40.7781314,-73.96069399,40.7781314,-73.96069399,casual
1781246,3E7CB129CB427954,classic_bike,2021-09-17 18:03:55,2021-09-17 18:37:58,Madison Ave & E 82 St,7188,Central Park West & W 68 St,7079,40.7781314,-73.96069399,40.7734066,-73.97782542,casual
1781247,7CDFC133653EDA15,classic_bike,2021-09-12 13:30:23,2021-09-12 14:59:43,Central Park West & W 68 St,7079,Madison Ave & E 82 St,7188,40.7734066,-73.97782542,40.7781314,-73.96069399,casual
1781254,99B394F31B528328,classic_bike,2021-09-04 12:44:41,2021-09-04 12:57:56,Central Park West & W 68 St,7079,Madison Ave & E 82 St,7188,40.7734066,-73.97782542,40.7781314,-73.96069399,casual
1781273,FE55C9E8E1D820B1,classic_bike,2021-09-30 15:14:31,2021-09-30 15:34:21,Madison Ave & E 82 St,7188,W 67 St & Broadway,7116,40.7781314,-73.96069399,40.77492513,-73.98266566,casual
1781286,4C95B52D0D0A59AC,classic_bike,2021-09-17 12:12:39,2021-09-17 12:30:37,Madison Ave & E 82 St,7188,Central Park West & W 68 St,7079,40.7781314,-73.96069399,40.7734066,-73.97782542,casual
1781388,398B3A0B824EBB9A,classic_bike,2021-09-24 17:44:04,2021-09-24 17:58:12,E 95 St & 3 Ave,7365,Madison Ave & E 82 St,7188,40.7849032,-73.950503,40.7781314,-73.96069399,member
1781391,CA30E3826B5F12FA,classic_bike,2021-09-12 07:00:15,2021-09-12 07:06:50,E 59 St & Madison Ave,6801,Madison Ave & E 82 St,7188,40.76350532,-73.97109243,40.7781314,-73.96069399,member
1781398,40BD8728781C424C,electric_bike,2021-09-26 10:55:36,2021-09-26 11:08:00,E 59 St & Madison Ave,6801,Madison Ave & E 82 St,7188,40.76350532,-73.97109243,40.7781314,-73.96069399,member
1781425,957EAD5F56FB0FF1,classic_bike,2021-09-17 15:17:51,2021-09-17 15:37:01,E 59 St & Madison Ave,6801,Madison Ave & E 82 St,7188,40.76350532,-73.97109243,40.7781314,-73.96069399,casual
1781494,8A69F1F665EC420F,classic_bike,2021-09-12 18:52:59,2021-09-12 19:13:24,W 50 St & 9 Ave,6854,Madison Ave & E 82 St,7188,40.76360467795863,-73.98917958140373,40.7781314,-73.96069399,member
1781513,175BC09113DDD8F3,classic_bike,2021-09-19 12:58:55,2021-09-19 13:19:31,E 58 St & 3 Ave,6762,Madison Ave & E 82 St,7188,40.76095756,-73.96724467,40.7781314,-73.96069399,member
1781521,D0DB80685C2FDEAC,electric_bike,2021-09-07 14:08:14,2021-09-07 14:15:36,E 89 St & 3 Ave,7265,Madison Ave & E 82 St,7188,40.7806284,-73.9521667,40.7781314,-73.96069399,casual
1781527,3862A1EE4520AE70,classic_bike,2021-09-25 09:21:14,2021-09-25 09:40:14,3 Ave & E 71 St,6960,Madison Ave & E 82 St,7188,40.76873687,-73.96119945,40.7781314,-73.96069399,casual
1781539,74D91A9F1036701D,classic_bike,2021-09-28 14:46:41,2021-09-28 14:54:05,E 89 St & 3 Ave,7265,Madison Ave & E 82 St,7188,40.7806284,-73.9521667,40.7781314,-73.96069399,member
1781544,641ADFD3EEE7F4C0,classic_bike,2021-09-28 09:54:51,2021-09-28 10:00:30,E 89 St & 3 Ave,7265,Madison Ave & E 82 St,7188,40.7806284,-73.9521667,40.7781314,-73.96069399,member
1781559,513B0CA8C96204CB,electric_bike,2021-09-25 13:30:46,2021-09-25 13:36:22,3 Ave & E 71 St,6960,Madison Ave & E 82 St,7188,40.76873687,-73.96119945,40.7781314,-73.96069399,member
1781563,BB89BD7C62AD18E7,classic_bike,2021-09-24 14:29:03,2021-09-24 14:38:16,3 Ave & E 71 St,6960,Madison Ave & E 82 St,7188,40.76873687,-73.96119945,40.7781314,-73.96069399,member
1781565,A24E6A28DB97BE4A,electric_bike,2021-09-21 17:04:46,2021-09-21 17:31:59,W 24 St & 7 Ave,6257,Madison Ave & E 82 St,7188,40.74487634,-73.99529885,40.7781314,-73.96069399,casual
1781569,C43232473A0BBF56,classic_bike,2021-09-17 18:10:09,2021-09-17 18:23:15,3 Ave & E 71 St,6960,Madison Ave & E 82 St,7188,40.76873687,-73.96119945,40.7781314,-73.96069399,casual
1781593,F82F0D27B652AD76,classic_bike,2021-09-15 07:45:01,2021-09-15 07:55:46,West End Ave & W 94 St,7524,Madison Ave & E 82 St,7188,40.7941654,-73.974124,40.7781314,-73.96069399,member
1781602,80E3D26F68BB9AE1,classic_bike,2021-09-26 12:19:03,2021-09-26 12:29:56,Madison Av & E 51 St,6659,Madison Ave & E 82 St,7188,40.75863,-73.97513,40.7781314,-73.96069399,member
1781615,F8051FB3BCAAEA4B,classic_bike,2021-09-16 15:04:01,2021-09-16 15:21:13,1 Ave & E 94 St,7286,Madison Ave & E 82 St,7188,40.7817212,-73.94594,40.7781314,-73.96069399,member
1781625,1A2341AC0B0CB8D3,electric_bike,2021-09-18 09:09:33,2021-09-18 09:26:51,Icahn Stadium,7514,Madison Ave & E 82 St,7188,40.79346,-73.92389,40.7781314,-73.96069399,casual
1781626,EBBB3EE58E9350AF,classic_bike,2021-09-18 13:51:30,2021-09-18 14:10:38,1 Ave & E 94 St,7286,Madison Ave & E 82 St,7188,40.7817212,-73.94594,40.7781314,-73.96069399,casual
1781699,FF44D123555343BC,classic_bike,2021-09-17 14:08:42,2021-09-17 14:22:23,W 76 St & Columbus Ave,7281,Madison Ave & E 82 St,7188,40.7801839724239,-73.97728532552719,40.7781314,-73.96069399,member
1781724,BC6E900AECF2DB04,classic_bike,2021-09-06 12:13:21,2021-09-06 12:24:56,1 Ave & E 78 St,7020,Madison Ave & E 82 St,7188,40.77140426,-73.9535166,40.7781314,-73.96069399,casual
1781776,C2A6243C158F4912,classic_bike,2021-09-05 15:28:05,2021-09-05 15:41:28,8 Ave & W 52 St,6816,Madison Ave & E 82 St,7188,40.76370739,-73.9851615,40.7781314,-73.96069399,member
1781786,541E1E2C86539A8E,electric_bike,2021-09-24 11:37:13,2021-09-24 12:13:25,Broadway & W 56 St,6847,Madison Ave & E 82 St,7188,40.7652654,-73.98192338,40.7781314,-73.96069399,casual
1781801,F63EA23CDC44412C,electric_bike,2021-09-22 15:42:52,2021-09-22 15:54:14,W 64 St & Thelonious Monk Circle,7123,Madison Ave & E 82 St,7188,40.77515953434235,-73.98918695747852,40.7781314,-73.96069399,member
1781803,2B2E23FB519F618E,classic_bike,2021-09-23 13:54:58,2021-09-23 14:19:27,W 42 St & 6 Ave,6517,Madison Ave & E 82 St,7188,40.75492,-73.98455,40.7781314,-73.96069399,member
1781915,F36F8A8DDF3ED9EB,classic_bike,2021-09-26 01:47:46,2021-09-26 02:01:55,8 Ave & W 52 St,6816,Madison Ave & E 82 St,7188,40.76370739,-73.9851615,40.7781314,-73.96069399,casual
1781917,4EA5DFFA9B6F73D3,classic_bike,2021-09-26 14:27:19,2021-09-26 15:02:52,W 42 St & 6 Ave,6517,Madison Ave & E 82 St,7188,40.75492,-73.98455,40.7781314,-73.96069399,casual
1781942,6DA9DF95968F7D2E,electric_bike,2021-09-21 14:52:38,2021-09-21 15:06:40,8 Ave & W 52 St,6816,Madison Ave & E 82 St,7188,40.76370739,-73.9851615,40.7781314,-73.96069399,casual
1781961,D767FDB2E7B12C35,classic_bike,2021-09-14 17:00:57,2021-09-14 17:14:52,Broadway & W 56 St,6847,Madison Ave & E 82 St,7188,40.7652654,-73.98192338,40.7781314,-73.96069399,member
1781972,9CC4D4F8AE455746,classic_bike,2021-09-06 12:54:50,2021-09-06 13:15:54,W 42 St & 6 Ave,6517,Madison Ave & E 82 St,7188,40.75492,-73.98455,40.7781314,-73.96069399,casual
1781978,A4F7DAB8C44BDB69,classic_bike,2021-09-11 11:33:59,2021-09-11 12:15:39,McGuinness Blvd & Eagle St,5977,Madison Ave & E 82 St,7188,40.73555,-73.95284,40.7781314,-73.96069399,member
1781993,E3341DF0EFCE4AA9,electric_bike,2021-09-25 11:16:35,2021-09-25 11:40:33,McGuinness Blvd & Eagle St,5977,Madison Ave & E 82 St,7188,40.73555,-73.95284,40.7781314,-73.96069399,casual
1781994,F0EE8A16CF8F6ACF,classic_bike,2021-09-11 11:51:35,2021-09-11 12:27:16,W 42 St & 6 Ave,6517,Madison Ave & E 82 St,7188,40.75492,-73.98455,40.7781314,-73.96069399,casual
1781995,6A879786E187C710,electric_bike,2021-09-04 09:47:41,2021-09-04 10:14:40,8 Ave & W 52 St,6816,Madison Ave & E 82 St,7188,40.76370739,-73.9851615,40.7781314,-73.96069399,casual
1782005,DE8B7B1EF6982FB3,electric_bike,2021-09-10 23:19:01,2021-09-10 23:28:09,Broadway & W 56 St,6847,Madison Ave & E 82 St,7188,40.7652654,-73.98192338,40.7781314,-73.96069399,member
1782006,7E6B1135175ECAF0,classic_bike,2021-09-25 18:43:46,2021-09-25 19:01:56,W 42 St & 6 Ave,6517,Madison Ave & E 82 St,7188,40.75492,-73.98455,40.7781314,-73.96069399,member
1782028,E4F34FC5F9ECCCF1,classic_bike,2021-09-20 08:36:55,2021-09-20 09:08:37,9 Ave & W 18 St,6190,Madison Ave & E 82 St,7188,40.74317449,-74.00366443,40.7781314,-73.96069399,member
1782079,2E720023AF18782C,classic_bike,2021-09-21 07:53:55,2021-09-21 08:11:17,W 42 St & 6 Ave,6517,Madison Ave & E 82 St,7188,40.75492,-73.98455,40.7781314,-73.96069399,member
1782145,26469162476CE6E7,classic_bike,2021-09-26 12:23:47,2021-09-26 12:56:23,W 63 St & Broadway,7052,Madison Ave & E 82 St,7188,40.77163851,-73.98261428,40.7781314,-73.96069399,casual
1782165,0DD9C9624F1992C1,electric_bike,2021-09-17 07:23:14,2021-09-17 07:45:37,Edgecombe Ave & W 141 St,7915,Madison Ave & E 82 St,7188,40.820681,-73.945144,40.7781314,-73.96069399,member
1782180,A5846546FA4F7EA1,classic_bike,2021-09-16 13:15:07,2021-09-16 13:31:21,W 116 St & Amsterdam Ave,7692,Madison Ave & E 82 St,7188,40.8067581,-73.9607082,40.7781314,-73.96069399,member
1782191,74FF40D7044E54BC,classic_bike,2021-09-17 14:55:02,2021-09-17 15:21:25,W 63 St & Broadway,7052,Madison Ave & E 82 St,7188,40.77163851,-73.98261428,40.7781314,-73.96069399,member
1782192,A182DA9C3CA684BA,electric_bike,2021-09-11 14:59:08,2021-09-11 15:13:18,W 116 St & Amsterdam Ave,7692,Madison Ave & E 82 St,7188,40.8067581,-73.9607082,40.7781314,-73.96069399,member
1782259,8DB07F769CA65F9F,classic_bike,2021-09-09 13:11:22,2021-09-09 13:32:29,W 116 St & Amsterdam Ave,7692,Madison Ave & E 82 St,7188,40.8067581,-73.9607082,40.7781314,-73.96069399,member
1782348,BB68398A6A82C18E,classic_bike,2021-09-17 16:23:43,2021-09-17 16:32:59,E 67 St & Park Ave,6932,Madison Ave & E 82 St,7188,40.76780080148132,-73.96592080593109,40.7781314,-73.96069399,member
1782396,92F9EB516B845BE7,electric_bike,2021-09-21 07:22:20,2021-09-21 07:27:17,E 67 St & Park Ave,6932,Madison Ave & E 82 St,7188,40.76780080148132,-73.96592080593109,40.7781314,-73.96069399,casual
1782425,9B948474CCEF4429,classic_bike,2021-09-26 09:44:02,2021-09-26 10:01:34,Adam Clayton Powell Blvd & W 132 St,7814,Madison Ave & E 82 St,7188,40.813539,-73.94521,40.7781314,-73.96069399,member
1782435,97D1DB0896120669,classic_bike,2021-09-18 13:00:57,2021-09-18 13:39:20,Broadway & W 25 St,6173,Madison Ave & E 82 St,7188,40.74286877312112,-73.98918628692627,40.7781314,-73.96069399,member
1782448,825690808BF382B1,classic_bike,2021-09-18 13:19:33,2021-09-18 16:59:41,Broadway & W 25 St,6173,Madison Ave & E 82 St,7188,40.74286877312112,-73.98918628692627,40.7781314,-73.96069399,casual
1782463,8C33188687148973,classic_bike,2021-09-07 17:14:19,2021-09-07 17:27:41,E 58 St & Madison Ave,6839,Madison Ave & E 82 St,7188,40.76302594280519,-73.97209525108337,40.7781314,-73.96069399,member
1782477,E62B1CFAA1D77662,classic_bike,2021-09-18 13:58:12,2021-09-18 14:26:16,W 55 St & 6 Ave,6809,Madison Ave & E 82 St,7188,40.763189,-73.978434,40.7781314,-73.96069399,member
1782509,E9B0AEB51A5D9360,classic_bike,2021-09-25 12:59:59,2021-09-25 13:26:38,8 Ave & W 27 St,6297,Madison Ave & E 82 St,7188,40.747968,-73.996637,40.7781314,-73.96069399,member
1782518,26C244A26C635ACC,classic_bike,2021-09-14 18:39:46,2021-09-14 18:44:21,E 85 St & 3 Ave,7212,Madison Ave & E 82 St,7188,40.77801203,-73.95407149,40.7781314,-73.96069399,member
1782536,DA1020331722B163,electric_bike,2021-09-11 20:50:58,2021-09-11 20:59:08,E 106 St & Lexington Ave,7504,Madison Ave & E 82 St,7188,40.791976,-73.945993,40.7781314,-73.96069399,member
1782541,5F37939AE34585B4,classic_bike,2021-09-25 16:45:14,2021-09-25 17:00:03,E 56 St & Madison Ave,6732,Madison Ave & E 82 St,7188,40.761573,-73.972628,40.7781314,-73.96069399,member
1782554,8A2062A190EFF535,classic_bike,2021-09-01 10:41:39,2021-09-01 10:48:27,E 81 St & York Ave,7084,Madison Ave & E 82 St,7188,40.7728384,-73.94989233,40.7781314,-73.96069399,member
1782560,6DFCEC43F27D49D7,docked_bike,2021-09-18 11:07:38,2021-09-18 11:36:47,Broadway & W 58 St,6948,Madison Ave & E 82 St,7188,40.766953,-73.981693,40.778131,-73.960694,casual
1782565,4E32BFCF599E2A19,classic_bike,2021-09-21 00:10:31,2021-09-21 00:22:04,Broadway & W 58 St,6948,Madison Ave & E 82 St,7188,40.76695317,-73.98169333,40.7781314,-73.96069399,member
1782571,B5999747CCD60F92,electric_bike,2021-09-17 09:48:21,2021-09-17 10:21:48,E 56 St & Madison Ave,6732,Madison Ave & E 82 St,7188,40.761573,-73.972628,40.7781314,-73.96069399,casual
1782586,C7F4AD3DB88CF7E0,classic_bike,2021-09-24 01:39:37,2021-09-24 01:50:39,Broadway & W 58 St,6948,Madison Ave & E 82 St,7188,40.76695317,-73.98169333,40.7781314,-73.96069399,member
1782589,E2F4D184419E98B0,classic_bike,2021-09-20 07:26:15,2021-09-20 07:42:58,W 56 St & 10 Ave,6955,Madison Ave & E 82 St,7188,40.768254,-73.988639,40.7781314,-73.96069399,member
1782593,0EB8FF7CFB1E64C3,classic_bike,2021-09-27 12:24:10,2021-09-27 12:43:01,Broadway & W 58 St,6948,Madison Ave & E 82 St,7188,40.76695317,-73.98169333,40.7781314,-73.96069399,casual
1782604,DADD9FDD4FBCC789,classic_bike,2021-09-25 11:05:51,2021-09-25 11:13:31,2 Ave & E 72 St,6925,Madison Ave & E 82 St,7188,40.7687620293096,-73.95840793848038,40.7781314,-73.96069399,casual
1782606,AFDD909913F1B18D,classic_bike,2021-09-30 17:18:09,2021-09-30 17:29:03,E 81 St & York Ave,7084,Madison Ave & E 82 St,7188,40.7728384,-73.94989233,40.7781314,-73.96069399,casual
1782620,9FF26E0CDE3486AC,classic_bike,2021-09-17 13:05:11,2021-09-17 13:28:21,7 Ave & Central Park South,6912,Madison Ave & E 82 St,7188,40.7667405590595,-73.9790689945221,40.7781314,-73.96069399,casual
1782634,BC1DC96AE5C3079B,electric_bike,2021-09-25 16:05:26,2021-09-25 16:20:06,Broadway & W 58 St,6948,Madison Ave & E 82 St,7188,40.76695317,-73.98169333,40.7781314,-73.96069399,member
1782635,653AFFC87F099043,classic_bike,2021-09-12 06:56:47,2021-09-12 07:04:06,E 81 St & York Ave,7084,Madison Ave & E 82 St,7188,40.7728384,-73.94989233,40.7781314,-73.96069399,member
1782636,9B3FA0B064EA00FE,classic_bike,2021-09-22 06:31:33,2021-09-22 06:53:12,9 Ave & W 45 St,6717,Madison Ave & E 82 St,7188,40.76019252,-73.9912551,40.7781314,-73.96069399,member
1782638,610323CFA73812CC,classic_bike,2021-09-20 16:56:51,2021-09-20 17:05:16,E 81 St & York Ave,7084,Madison Ave & E 82 St,7188,40.7728384,-73.94989233,40.7781314,-73.96069399,member
1782641,BF3AE1B9CF8B3B61,electric_bike,2021-09-18 11:03:20,2021-09-18 11:36:34,Broadway & W 58 St,6948,Madison Ave & E 82 St,7188,40.76695317,-73.98169333,40.7781314,-73.96069399,casual
1782649,5C94AC8380EA5737,electric_bike,2021-09-07 11:20:21,2021-09-07 11:31:46,Broadway & W 58 St,6948,Madison Ave & E 82 St,7188,40.76695317,-73.98169333,40.7781314,-73.96069399,casual
1782654,FF90A5489FEF1AFC,docked_bike,2021-09-18 09:53:39,2021-09-18 11:03:57,Broadway & W 58 St,6948,Madison Ave & E 82 St,7188,40.766953,-73.981693,40.778131,-73.960694,casual
1782657,ABD4650502685C8D,classic_bike,2021-09-27 11:31:10,2021-09-27 11:42:45,E 56 St & Madison Ave,6732,Madison Ave & E 82 St,7188,40.761573,-73.972628,40.7781314,-73.96069399,member
1782658,E4F187AB6148D3BF,classic_bike,2021-09-20 11:30:17,2021-09-20 11:36:21,E 77 St & 3 Ave,7092,Madison Ave & E 82 St,7188,40.77314236,-73.95856158,40.7781314,-73.96069399,member
1782677,32FC247F92AE936F,electric_bike,2021-09-22 09:04:55,2021-09-22 09:19:15,9 Ave & W 45 St,6717,Madison Ave & E 82 St,7188,40.76019252,-73.9912551,40.7781314,-73.96069399,casual
1782686,F7C498F81F8984F1,classic_bike,2021-09-14 08:07:00,2021-09-14 08:22:08,Broadway & W 58 St,6948,Madison Ave & E 82 St,7188,40.76695317,-73.98169333,40.7781314,-73.96069399,member
1782689,5CC2E4C238BB2515,classic_bike,2021-09-07 17:14:32,2021-09-07 17:21:59,2 Ave & E 72 St,6925,Madison Ave & E 82 St,7188,40.7687620293096,-73.95840793848038,40.7781314,-73.96069399,casual
1782691,CE1130E4AA14824F,classic_bike,2021-09-28 16:34:12,2021-09-28 16:43:54,E 77 St & 3 Ave,7092,Madison Ave & E 82 St,7188,40.77314236,-73.95856158,40.7781314,-73.96069399,casual
1782697,6481C047CF5A2788,classic_bike,2021-09-07 18:40:01,2021-09-07 18:48:19,E 81 St & York Ave,7084,Madison Ave & E 82 St,7188,40.7728384,-73.94989233,40.7781314,-73.96069399,casual
1782702,E5E5B674850E550C,classic_bike,2021-09-27 07:01:32,2021-09-27 07:07:42,E 81 St & York Ave,7084,Madison Ave & E 82 St,7188,40.7728384,-73.94989233,40.7781314,-73.96069399,member
1782704,02D49D9160A58161,classic_bike,2021-09-26 07:55:48,2021-09-26 08:02:44,E 81 St & York Ave,7084,Madison Ave & E 82 St,7188,40.7728384,-73.94989233,40.7781314,-73.96069399,member
1782715,F4A9282F18671280,classic_bike,2021-09-15 15:27:38,2021-09-15 15:33:34,E 81 St & York Ave,7084,Madison Ave & E 82 St,7188,40.7728384,-73.94989233,40.7781314,-73.96069399,member
1782721,407E134D67493DEE,classic_bike,2021-09-02 15:19:29,2021-09-02 15:28:04,E 56 St & Madison Ave,6732,Madison Ave & E 82 St,7188,40.761573,-73.972628,40.7781314,-73.96069399,member
1782725,4FF471465F02A47B,electric_bike,2021-09-30 11:48:41,2021-09-30 11:52:21,E 77 St & 3 Ave,7092,Madison Ave & E 82 St,7188,40.77314236,-73.95856158,40.7781314,-73.96069399,member
1782738,0BD4E079B4128FBF,classic_bike,2021-09-25 17:42:25,2021-09-25 17:57:46,Broadway & W 58 St,6948,Madison Ave & E 82 St,7188,40.76695317,-73.98169333,40.7781314,-73.96069399,member
1782746,48693F17A7FC16B6,docked_bike,2021-09-14 16:14:58,2021-09-14 18:19:36,Broadway & W 58 St,6948,Madison Ave & E 82 St,7188,40.766953,-73.981693,40.778131,-73.960694,casual
1782752,EE29C8FF60CB09A6,electric_bike,2021-09-04 13:18:50,2021-09-04 13:37:14,Broadway & W 58 St,6948,Madison Ave & E 82 St,7188,40.76695317,-73.98169333,40.7781314,-73.96069399,casual
1782763,F0A96FD52E73AB10,classic_bike,2021-09-26 14:09:04,2021-09-26 15:04:58,Broadway & W 58 St,6948,Madison Ave & E 82 St,7188,40.76695317,-73.98169333,40.7781314,-73.96069399,casual
1782775,C618C0D35F3CF6BA,classic_bike,2021-09-11 16:01:35,2021-09-11 16:12:54,Broadway & W 58 St,6948,Madison Ave & E 82 St,7188,40.76695317,-73.98169333,40.7781314,-73.96069399,member
1782789,4DE08E5514B9086D,classic_bike,2021-09-18 18:47:51,2021-09-18 19:00:45,2 Ave & E 72 St,6925,Madison Ave & E 82 St,7188,40.7687620293096,-73.95840793848038,40.7781314,-73.96069399,member
1782791,6B245955A9EF3E48,classic_bike,2021-09-18 19:03:16,2021-09-18 19:14:40,2 Ave & E 72 St,6925,Madison Ave & E 82 St,7188,40.7687620293096,-73.95840793848038,40.7781314,-73.96069399,member
1782792,52B5E4F94B2E9047,classic_bike,2021-09-03 13:30:03,2021-09-03 13:50:50,Broadway & W 58 St,6948,Madison Ave & E 82 St,7188,40.76695317,-73.98169333,40.7781314,-73.96069399,member
1782810,DEAAE144F84D04AA,electric_bike,2021-09-20 11:02:21,2021-09-20 11:26:52,W 34 St & 11 Ave,6578,Madison Ave & E 82 St,7188,40.75594159,-74.0021163,40.7781314,-73.96069399,member
1782855,F8E3133867C13A1D,classic_bike,2021-09-18 14:39:41,2021-09-18 15:11:55,W 37 St & 10 Ave,6611,Madison Ave & E 82 St,7188,40.75660359,-73.9979009,40.7781314,-73.96069399,casual
1782906,1BAFDA7927939CCB,electric_bike,2021-09-12 06:35:24,2021-09-12 07:10:16,Clinton Ave & Myrtle Ave,4651,Madison Ave & E 82 St,7188,40.693261,-73.968896,40.7781314,-73.96069399,member
1782915,F7359FD5B01F6E97,classic_bike,2021-09-30 15:49:54,2021-09-30 16:03:08,1 Ave & E 68 St,6822,Madison Ave & E 82 St,7188,40.76500525,-73.95818491,40.7781314,-73.96069399,member
1782941,69E9C10311E13675,classic_bike,2021-09-26 12:29:58,2021-09-26 13:12:14,W 34 St & 11 Ave,6578,Madison Ave & E 82 St,7188,40.75594159,-74.0021163,40.7781314,-73.96069399,casual
1782975,B57ACA2AE18510DE,classic_bike,2021-09-17 07:54:42,2021-09-17 08:04:27,1 Ave & E 68 St,6822,Madison Ave & E 82 St,7188,40.76500525,-73.95818491,40.7781314,-73.96069399,member
1782986,4E604DAF2EBF278F,classic_bike,2021-09-15 19:07:22,2021-09-15 19:17:25,E 68 St & 3 Ave,6896,Madison Ave & E 82 St,7188,40.76712840349542,-73.96224617958069,40.7781314,-73.96069399,casual
1783055,ED8085669F92ED89,classic_bike,2021-09-22 09:58:09,2021-09-22 10:02:26,E 77 St & 3 Ave,7092,Madison Ave & E 82 St,7188,40.77314236,-73.95856158,40.7781314,-73.96069399,member
1783064,C0B3EF0D42D36219,classic_bike,2021-09-29 20:56:12,2021-09-29 21:17:41,9 Ave & W 45 St,6717,Madison Ave & E 82 St,7188,40.76019252,-73.9912551,40.7781314,-73.96069399,member
1783106,3FB3ED4DA5174364,classic_bike,2021-09-16 19:55:25,2021-09-16 20:05:23,Broadway & W 58 St,6948,Madison Ave & E 82 St,7188,40.76695317,-73.98169333,40.7781314,-73.96069399,member
1783116,A91B7F578EBA160C,classic_bike,2021-09-25 18:52:21,2021-09-25 18:57:51,E 81 St & York Ave,7084,Madison Ave & E 82 St,7188,40.7728384,-73.94989233,40.7781314,-73.96069399,member
1783117,27DA273D284119FA,classic_bike,2021-09-14 19:06:39,2021-09-14 19:15:14,E 81 St & York Ave,7084,Madison Ave & E 82 St,7188,40.7728384,-73.94989233,40.7781314,-73.96069399,member
1783120,1725D9FBF51C78F6,classic_bike,2021-09-17 11:39:39,2021-09-17 13:45:45,Broadway & W 58 St,6948,Madison Ave & E 82 St,7188,40.76695317,-73.98169333,40.7781314,-73.96069399,casual
1783135,C4C4C5B949B807FF,classic_bike,2021-09-04 09:24:19,2021-09-04 09:37:05,E 56 St & Madison Ave,6732,Madison Ave & E 82 St,7188,40.761573,-73.972628,40.7781314,-73.96069399,casual
1783146,A1EDDDDED83E554A,classic_bike,2021-09-25 11:48:29,2021-09-25 12:43:14,Grand St & Elizabeth St,5382,Madison Ave & E 82 St,7188,40.718822,-73.99596,40.7781314,-73.96069399,casual
1783178,28D18CFEE6DB92F1,electric_bike,2021-09-05 10:32:18,2021-09-05 10:36:41,E 68 St & Madison Ave,6932,Madison Ave & E 82 St,7188,40.7691572,-73.96703464,40.7781314,-73.96069399,casual
1783188,A3776F54CE41F65C,classic_bike,2021-09-16 10:44:19,2021-09-16 10:48:49,E 77 St & 3 Ave,7092,Madison Ave & E 82 St,7188,40.77314236,-73.95856158,40.7781314,-73.96069399,member
1783191,56792967BAAC309D,classic_bike,2021-09-25 13:00:12,2021-09-25 13:05:30,E 77 St & 3 Ave,7092,Madison Ave & E 82 St,7188,40.77314236,-73.95856158,40.7781314,-73.96069399,member
1783200,7BAF528A6913A901,classic_bike,2021-09-15 17:23:22,2021-09-15 18:09:25,Lexington Ave & Classon Ave,4452,Madison Ave & E 82 St,7188,40.68676793,-73.95928168,40.7781314,-73.96069399,member
1783212,70C74651FAF1E832,classic_bike,2021-09-26 14:05:58,2021-09-26 15:04:52,Broadway & W 58 St,6948,Madison Ave & E 82 St,7188,40.76695317,-73.98169333,40.7781314,-73.96069399,casual
1783214,A9D8D850BC8BAF52,classic_bike,2021-09-11 13:33:22,2021-09-11 14:07:59,E 56 St & Madison Ave,6732,Madison Ave & E 82 St,7188,40.761573,-73.972628,40.7781314,-73.96069399,casual
1783215,B63A1FF2444EC30E,classic_bike,2021-09-02 12:03:21,2021-09-02 12:42:07,Broadway & W 58 St,6948,Madison Ave & E 82 St,7188,40.76695317,-73.98169333,40.7781314,-73.96069399,casual
1783223,4159D22D519C6828,classic_bike,2021-09-29 13:14:50,2021-09-29 13:19:21,E 72 St & Park Ave,6998,Madison Ave & E 82 St,7188,40.77118287540658,-73.96409422159195,40.7781314,-73.96069399,member
1783226,8E3FEE54BEE35162,electric_bike,2021-09-19 09:51:24,2021-09-19 10:04:14,E 68 St & Madison Ave,6932,Madison Ave & E 82 St,7188,40.7691572,-73.96703464,40.7781314,-73.96069399,member
1783239,20D52E74F50A062B,classic_bike,2021-09-03 14:34:25,2021-09-03 14:42:39,E 88 St & Park Ave,7293,Madison Ave & E 82 St,7188,40.781410700190015,-73.95595908164978,40.7781314,-73.96069399,casual
1783242,3CA8528F61CB0B4A,classic_bike,2021-09-11 11:42:04,2021-09-11 12:09:14,E 51 St & 2 Ave,6575,Madison Ave & E 82 St,7188,40.755293,-73.967641,40.7781314,-73.96069399,member
1783277,23DE33B686660564,classic_bike,2021-09-24 16:25:51,2021-09-24 16:35:35,E 68 St & Madison Ave,6932,Madison Ave & E 82 St,7188,40.7691572,-73.96703464,40.7781314,-73.96069399,member
1783279,637F72FBC31B1435,classic_bike,2021-09-15 15:43:14,2021-09-15 15:49:06,E 72 St & Park Ave,6998,Madison Ave & E 82 St,7188,40.77118287540658,-73.96409422159195,40.7781314,-73.96069399,member
1783280,26419FB32B977176,classic_bike,2021-09-14 18:42:02,2021-09-14 18:58:49,E 88 St & Park Ave,7293,Madison Ave & E 82 St,7188,40.781410700190015,-73.95595908164978,40.7781314,-73.96069399,member
1783288,758AFC0EA40F7F82,electric_bike,2021-09-03 18:32:59,2021-09-03 18:38:35,E 88 St & Park Ave,7293,Madison Ave & E 82 St,7188,40.781410700190015,-73.95595908164978,40.7781314,-73.96069399,member
1783290,2F9AD1EC85CA4AEF,classic_bike,2021-09-18 17:11:06,2021-09-18 17:37:34,Broadway & W 41 St,6560,Madison Ave & E 82 St,7188,40.75513557,-73.98658032,40.7781314,-73.96069399,casual
1783321,E78E38B5389644A9,classic_bike,2021-09-19 10:25:30,2021-09-19 10:28:37,E 76 St & Park Ave,7128,Madison Ave & E 82 St,7188,40.773763,-73.96222088,40.7781314,-73.96069399,member
1783367,BDBF2CFB99CAD721,electric_bike,2021-09-26 11:32:36,2021-09-26 11:37:42,E 76 St & Park Ave,7128,Madison Ave & E 82 St,7188,40.773763,-73.96222088,40.7781314,-73.96069399,member
1783382,F77973AB609F7B03,classic_bike,2021-09-28 13:17:05,2021-09-28 13:35:53,W 116 St & Amsterdam Ave,7692,Madison Ave & E 82 St,7188,40.8067581,-73.9607082,40.7781314,-73.96069399,member
1783386,AD5D50736EA7ABF9,classic_bike,2021-09-15 17:18:11,2021-09-15 17:32:12,W 63 St & Broadway,7052,Madison Ave & E 82 St,7188,40.77163851,-73.98261428,40.7781314,-73.96069399,member
1783420,8C39D314877DDA60,electric_bike,2021-09-13 17:19:13,2021-09-13 18:09:14,Mott St & Prince St,5561,Madison Ave & E 82 St,7188,40.72317958,-73.99480012,40.7781314,-73.96069399,casual
1783424,CC37A238756D0803,classic_bike,2021-09-16 17:20:21,2021-09-16 17:31:58,1 Ave & E 78 St,7020,Madison Ave & E 82 St,7188,40.77140426,-73.9535166,40.7781314,-73.96069399,member
1783427,97F48BAC3567F844,classic_bike,2021-09-10 14:00:17,2021-09-10 14:07:26,1 Ave & E 78 St,7020,Madison Ave & E 82 St,7188,40.77140426,-73.9535166,40.7781314,-73.96069399,member
1783439,84AF16B8CAC03531,classic_bike,2021-09-02 15:43:58,2021-09-02 16:04:47,E 60 St & York Ave,6682,Madison Ave & E 82 St,7188,40.759107,-73.959223,40.7781314,-73.96069399,casual
1783441,8589140E91143494,electric_bike,2021-09-18 10:38:52,2021-09-18 10:50:07,5 Ave & E 93 St,7372,Madison Ave & E 82 St,7188,40.7857851,-73.957481,40.7781314,-73.96069399,member
1783444,06C11FF64FFD3506,electric_bike,2021-09-28 12:10:11,2021-09-28 12:15:32,5 Ave & E 93 St,7372,Madison Ave & E 82 St,7188,40.7857851,-73.957481,40.7781314,-73.96069399,casual
1783454,4C9DC3A170F262F9,classic_bike,2021-09-11 10:21:39,2021-09-11 10:54:42,W 46 St & 11 Ave,6795,Madison Ave & E 82 St,7188,40.76341379,-73.99667444,40.7781314,-73.96069399,member
1783469,98077715EE31D184,classic_bike,2021-09-25 12:33:55,2021-09-25 13:11:56,Mott St & Prince St,5561,Madison Ave & E 82 St,7188,40.72317958,-73.99480012,40.7781314,-73.96069399,member
1783492,B12DB626E7ACEA10,electric_bike,2021-09-25 10:43:09,2021-09-25 11:28:24,E 60 St & York Ave,6682,Madison Ave & E 82 St,7188,40.759107,-73.959223,40.7781314,-73.96069399,member
1783495,BE557D9ADE57D661,electric_bike,2021-09-09 18:10:41,2021-09-09 18:19:52,5 Ave & E 63 St,6904,Madison Ave & E 82 St,7188,40.766368,-73.971518,40.7781314,-73.96069399,member
1783510,87DE21C1779D176A,classic_bike,2021-09-21 08:00:07,2021-09-21 08:12:41,West End Ave & W 94 St,7524,Madison Ave & E 82 St,7188,40.7941654,-73.974124,40.7781314,-73.96069399,member
1783511,ABD6FBBE2F616F92,classic_bike,2021-09-24 07:48:11,2021-09-24 07:59:27,West End Ave & W 94 St,7524,Madison Ave & E 82 St,7188,40.7941654,-73.974124,40.7781314,-73.96069399,member
1783531,739795DDE6AF78A4,classic_bike,2021-09-23 10:53:24,2021-09-23 11:08:52,W 52 St & 6 Ave,6740,Madison Ave & E 82 St,7188,40.76132983124814,-73.97982001304626,40.7781314,-73.96069399,member
1783532,2206A520D225E45C,classic_bike,2021-09-28 18:57:07,2021-09-28 19:09:15,3 Ave & E 62 St,6762,Madison Ave & E 82 St,7188,40.76312584,-73.96526895,40.7781314,-73.96069399,member
1783541,3E02E289BB7B098E,classic_bike,2021-09-09 09:14:48,2021-09-09 09:21:46,3 Ave & E 71 St,6960,Madison Ave & E 82 St,7188,40.76873687,-73.96119945,40.7781314,-73.96069399,member
1783545,440E8927FFC8EEC2,classic_bike,2021-09-06 17:54:48,2021-09-06 18:06:43,Columbus Ave & W 72 St,7175,Madison Ave & E 82 St,7188,40.7770575,-73.97898475,40.7781314,-73.96069399,member
1783553,7684330DED9B24E3,classic_bike,2021-09-30 11:53:31,2021-09-30 12:02:07,Columbus Ave & W 72 St,7175,Madison Ave & E 82 St,7188,40.7770575,-73.97898475,40.7781314,-73.96069399,member
1783554,BE5CA402A7190AB7,electric_bike,2021-09-16 23:57:32,2021-09-17 00:03:33,Columbus Ave & W 72 St,7175,Madison Ave & E 82 St,7188,40.7770575,-73.97898475,40.7781314,-73.96069399,member
1783555,16A927C6AFBC377F,electric_bike,2021-09-12 12:30:13,2021-09-12 12:37:28,Columbus Ave & W 72 St,7175,Madison Ave & E 82 St,7188,40.7770575,-73.97898475,40.7781314,-73.96069399,member
1783564,77517E74BF2F9E19,classic_bike,2021-09-24 10:34:57,2021-09-24 10:58:14,5 Ave & E 29 St,6248,Madison Ave & E 82 St,7188,40.7451677,-73.98683077,40.7781314,-73.96069399,member
1783571,7827E6F5BC2F89C9,electric_bike,2021-09-28 21:02:45,2021-09-28 21:25:46,5 Ave & E 29 St,6248,Madison Ave & E 82 St,7188,40.7451677,-73.98683077,40.7781314,-73.96069399,member
1783575,06526D083B7978D2,electric_bike,2021-09-21 14:25:26,2021-09-21 14:39:19,E 78 St & 2 Ave,7057,Madison Ave & E 82 St,7188,40.7727966,-73.95577801,40.7781314,-73.96069399,member
1783582,6B196A1C12411055,electric_bike,2021-09-26 12:34:12,2021-09-26 13:06:08,E 78 St & 2 Ave,7057,Madison Ave & E 82 St,7188,40.7727966,-73.95577801,40.7781314,-73.96069399,casual
1783589,03B485DA6873A850,electric_bike,2021-09-22 12:09:52,2021-09-22 12:24:49,W 100 St & Manhattan Ave,7538,Madison Ave & E 82 St,7188,40.795,-73.9645,40.7781314,-73.96069399,member
1783596,9508B52F92D1F917,classic_bike,2021-09-11 14:32:23,2021-09-11 14:41:58,Columbus Ave & W 72 St,7175,Madison Ave & E 82 St,7188,40.7770575,-73.97898475,40.7781314,-73.96069399,casual
1783597,ED5E0020B988AFD6,classic_bike,2021-09-10 21:24:51,2021-09-10 21:33:44,Columbus Ave & W 72 St,7175,Madison Ave & E 82 St,7188,40.7770575,-73.97898475,40.7781314,-73.96069399,casual
1783599,51CA85FE3475CDA9,classic_bike,2021-09-02 14:12:47,2021-09-02 14:19:08,E 89 St & 3 Ave,7265,Madison Ave & E 82 St,7188,40.7806284,-73.9521667,40.7781314,-73.96069399,member
1783620,FEA75AB9663D8F38,electric_bike,2021-09-18 14:54:04,2021-09-18 15:10:49,Columbus Ave & W 72 St,7175,Madison Ave & E 82 St,7188,40.7770575,-73.97898475,40.7781314,-73.96069399,casual
1783625,8D7CFCAF797092F6,classic_bike,2021-09-12 15:03:40,2021-09-12 15:19:36,W 100 St & Manhattan Ave,7538,Madison Ave & E 82 St,7188,40.795,-73.9645,40.7781314,-73.96069399,casual
1783627,A8ED6441EFA54D85,classic_bike,2021-09-04 12:47:24,2021-09-04 12:58:41,E 78 St & 2 Ave,7057,Madison Ave & E 82 St,7188,40.7727966,-73.95577801,40.7781314,-73.96069399,casual
1783638,C688F855E2384412,classic_bike,2021-09-20 18:25:14,2021-09-20 18:37:09,E 81 St & York Ave,7084,Madison Ave & E 82 St,7188,40.7728384,-73.94989233,40.7781314,-73.96069399,member
1783647,DE811542C8BCE47A,classic_bike,2021-09-26 12:22:45,2021-09-26 12:57:06,Broadway & W 58 St,6948,Madison Ave & E 82 St,7188,40.76695317,-73.98169333,40.7781314,-73.96069399,member
1783648,101E9D6C4B141F2E,classic_bike,2021-09-04 13:58:18,2021-09-04 14:12:51,Broadway & W 58 St,6948,Madison Ave & E 82 St,7188,40.76695317,-73.98169333,40.7781314,-73.96069399,member
1783652,4889E6D77F8AE3A7,classic_bike,2021-09-26 14:05:00,2021-09-26 15:06:14,Broadway & W 58 St,6948,Madison Ave & E 82 St,7188,40.76695317,-73.98169333,40.7781314,-73.96069399,casual
1783656,4EA54667461E0350,classic_bike,2021-09-16 20:10:45,2021-09-16 20:18:47,E 81 St & York Ave,7084,Madison Ave & E 82 St,7188,40.7728384,-73.94989233,40.7781314,-73.96069399,casual
1783664,D626C4D3002ED73C,classic_bike,2021-09-18 12:46:28,2021-09-18 13:00:58,E 78 St & 2 Ave,7057,Madison Ave & E 82 St,7188,40.7727966,-73.95577801,40.7781314,-73.96069399,member
1783677,EE831D26EBAEF117,electric_bike,2021-09-12 12:40:07,2021-09-12 12:59:42,Amsterdam Ave & W 66 St,7149,Madison Ave & E 82 St,7188,40.7746671,-73.98470567,40.7781314,-73.96069399,member
1783699,6759DE160B037BD9,electric_bike,2021-09-19 10:26:46,2021-09-19 10:36:55,E 65 St & 2 Ave,6860,Madison Ave & E 82 St,7188,40.76471851944339,-73.96222069859505,40.7781314,-73.96069399,member
1783711,5D108D7C04D0EE25,classic_bike,2021-09-06 15:19:52,2021-09-06 16:01:21,Clinton St\t& Cherry St,5190,Madison Ave & E 82 St,7188,40.711471394469264,-73.98672603070736,40.7781314,-73.96069399,member
1783733,6138D1E0923D3193,classic_bike,2021-09-11 12:50:32,2021-09-11 13:40:52,10 Ave & W 14 St,6157,Madison Ave & E 82 St,7188,40.74198159994023,-74.00831580162048,40.7781314,-73.96069399,casual
1783735,61E41BA3015C2243,classic_bike,2021-09-09 16:28:02,2021-09-09 16:56:18,E 51 St & Lexington Ave,6659,Madison Ave & E 82 St,7188,40.75714758,-73.97207836,40.7781314,-73.96069399,casual
1783739,68DAD18811E7AE47,classic_bike,2021-09-11 13:44:42,2021-09-11 14:06:54,E 51 St & Lexington Ave,6659,Madison Ave & E 82 St,7188,40.75714758,-73.97207836,40.7781314,-73.96069399,casual
1783833,76704D083CDD38B4,classic_bike,2021-09-26 14:35:31,2021-09-26 14:49:00,E 88 St & 1 Ave,7235,Madison Ave & E 82 St,7188,40.778301,-73.9488134,40.7781314,-73.96069399,casual
1783845,A14971FE7CDE1B32,classic_bike,2021-09-14 23:04:06,2021-09-14 23:13:02,E 59 St & Madison Ave,6801,Madison Ave & E 82 St,7188,40.76350532,-73.97109243,40.7781314,-73.96069399,member
1783878,0FD17C6C72E62842,electric_bike,2021-09-20 07:25:22,2021-09-20 07:37:11,E 45 St & 3 Ave,6464,Madison Ave & E 82 St,7188,40.75255434,-73.97282625,40.7781314,-73.96069399,member
1783912,04478DA3DDD1E609,classic_bike,2021-09-26 13:48:01,2021-09-26 14:30:43,E 11 St & Avenue B,5659,Madison Ave & E 82 St,7188,40.72746420692392,-73.97950418293476,40.7781314,-73.96069399,member
1783946,32F0FF6AF79C1DCA,electric_bike,2021-09-30 07:01:58,2021-09-30 07:13:53,Madison Ave & E 82 St,7188,W 53 St & 10 Ave,6890,40.7781314,-73.96069399,40.76669671,-73.99061728,member
1783955,241754F00E525725,classic_bike,2021-09-30 10:39:12,2021-09-30 10:47:01,Madison Ave & E 82 St,7188,Central Park West & W 68 St,7079,40.7781314,-73.96069399,40.7734066,-73.97782542,member
1783958,EE89393CCD8FFE39,electric_bike,2021-09-06 10:16:13,2021-09-06 10:46:56,MacDougal St & Prince St,5687,Madison Ave & E 82 St,7188,40.72710258,-74.00297088,40.7781314,-73.96069399,member
1783961,10EBD46054E18B6C,classic_bike,2021-09-08 08:17:33,2021-09-08 08:35:10,Madison Ave & E 82 St,7188,W 53 St & 10 Ave,6890,40.7781314,-73.96069399,40.76669671,-73.99061728,member
1783963,059560228DBFC77F,electric_bike,2021-09-28 16:28:50,2021-09-28 16:39:09,W 53 St & 10 Ave,6890,Madison Ave & E 82 St,7188,40.76669671,-73.99061728,40.7781314,-73.96069399,member
1783971,37D18A6CCDA5FBB7,classic_bike,2021-09-04 15:22:29,2021-09-04 15:23:09,Madison Ave & E 82 St,7188,Madison Ave & E 82 St,7188,40.7781314,-73.96069399,40.7781314,-73.96069399,casual
1783972,92DF6A8AAEFC18F3,classic_bike,2021-09-04 15:25:42,2021-09-04 15:25:45,Madison Ave & E 82 St,7188,Madison Ave & E 82 St,7188,40.7781314,-73.96069399,40.7781314,-73.96069399,casual
1783973,1CB7063010617259,classic_bike,2021-09-04 15:26:44,2021-09-04 15:27:42,Madison Ave & E 82 St,7188,Madison Ave & E 82 St,7188,40.7781314,-73.96069399,40.7781314,-73.96069399,casual
1783980,12CF861C6D1455D6,classic_bike,2021-09-25 15:47:40,2021-09-25 16:30:48,Madison Ave & E 82 St,7188,Madison Ave & E 82 St,7188,40.7781314,-73.96069399,40.7781314,-73.96069399,casual
1783985,627BDC23C030F675,classic_bike,2021-09-04 06:44:39,2021-09-04 07:15:30,Madison Ave & E 82 St,7188,Central Park West & W 68 St,7079,40.7781314,-73.96069399,40.7734066,-73.97782542,casual
1783986,B7418C8F0AAAEB5D,classic_bike,2021-09-13 20:28:55,2021-09-13 20:41:52,Madison Ave & E 82 St,7188,Madison Ave & E 82 St,7188,40.7781314,-73.96069399,40.7781314,-73.96069399,casual
1783990,1C5932348F861171,electric_bike,2021-09-20 11:01:52,2021-09-20 11:02:37,Madison Ave & E 82 St,7188,Madison Ave & E 82 St,7188,40.7781314,-73.96069399,40.7781314,-73.96069399,casual
1784079,F437ECB2E2F767C8,electric_bike,2021-09-13 19:51:48,2021-09-13 20:16:17,E 51 St & 1 Ave,6532,Madison Ave & E 82 St,7188,40.75455731,-73.96592976,40.7781314,-73.96069399,member
1784124,6686993A063C1D00,classic_bike,2021-09-22 14:32:12,2021-09-22 14:56:24,E 33 St & 5 Ave,6322,Madison Ave & E 82 St,7188,40.74765947,-73.98490707,40.7781314,-73.96069399,casual
1784206,DD744C3D7DA48362,electric_bike,2021-09-06 12:25:10,2021-09-06 13:25:32,Greenwich Ave & 8 Ave,6072,Madison Ave & E 82 St,7188,40.7390169121,-74.0026376103,40.7781314,-73.96069399,casual
1784210,B15CCF56FEB94A2D,electric_bike,2021-09-13 07:01:27,2021-09-13 07:08:19,E 106 St & Madison Ave,7528,Madison Ave & E 82 St,7188,40.7934337,-73.94945003,40.7781314,-73.96069399,member
1784220,1C46D7275031639C,electric_bike,2021-09-08 09:28:02,2021-09-08 09:56:03,Washington St & Barrow St,5847,Madison Ave & E 82 St,7188,40.73191132323174,-74.008769094944,40.7781314,-73.96069399,member
1784247,BFBF026A04037350,electric_bike,2021-09-24 07:04:44,2021-09-24 07:11:34,E 106 St & Madison Ave,7528,Madison Ave & E 82 St,7188,40.7934337,-73.94945003,40.7781314,-73.96069399,member
1784297,45CADB46FA53942A,classic_bike,2021-09-26 20:05:48,2021-09-26 20:19:08,W 51 St & 6 Ave,6740,Madison Ave & E 82 St,7188,40.7606597,-73.98042047,40.7781314,-73.96069399,member
1784303,AA4EA05CF6C25BA1,docked_bike,2021-09-06 16:36:07,2021-09-06 17:15:58,Central Park West & W 72 St,7141,Madison Ave & E 82 St,7188,40.775794,-73.976206,40.778131,-73.960694,casual
1784309,60CD1256D1FCBB21,classic_bike,2021-09-18 08:37:20,2021-09-18 09:10:01,Central Park West & W 72 St,7141,Madison Ave & E 82 St,7188,40.77579376683666,-73.9762057363987,40.7781314,-73.96069399,casual
1784311,C133BB73E783969C,classic_bike,2021-09-26 11:42:06,2021-09-26 11:44:05,E 84 St & Park Ave,7243,Madison Ave & E 82 St,7188,40.77862688,-73.95772073,40.7781314,-73.96069399,member
1784357,C376F5EB3BD3D1E6,classic_bike,2021-09-18 17:40:59,2021-09-18 18:12:12,Central Park West & W 72 St,7141,Madison Ave & E 82 St,7188,40.77579376683666,-73.9762057363987,40.7781314,-73.96069399,casual
1784360,C988A021E232EDFC,classic_bike,2021-09-22 17:36:42,2021-09-22 17:44:55,Central Park West & W 72 St,7141,Madison Ave & E 82 St,7188,40.77579376683666,-73.9762057363987,40.7781314,-73.96069399,member
1784363,A6EC7FB79438C5AC,electric_bike,2021-09-14 15:36:08,2021-09-14 15:38:03,E 84 St & Park Ave,7243,Madison Ave & E 82 St,7188,40.77862688,-73.95772073,40.7781314,-73.96069399,member
1784368,E9A034BCE8B85295,electric_bike,2021-09-26 09:10:20,2021-09-26 09:45:59,Metropolitan Ave & Bedford Ave,5308,Madison Ave & E 82 St,7188,40.71534825,-73.96024116,40.7781314,-73.96069399,member
1784373,548422D977263AF6,electric_bike,2021-09-23 10:02:26,2021-09-23 10:04:34,E 84 St & Park Ave,7243,Madison Ave & E 82 St,7188,40.77862688,-73.95772073,40.7781314,-73.96069399,member
1784374,00AAE64E96E35B37,classic_bike,2021-09-11 15:04:11,2021-09-11 15:05:48,E 84 St & Park Ave,7243,Madison Ave & E 82 St,7188,40.77862688,-73.95772073,40.7781314,-73.96069399,member
1784376,B6ADA382D7A916A7,classic_bike,2021-09-16 16:04:21,2021-09-16 16:31:45,Pershing Square South,6432,Madison Ave & E 82 St,7188,40.751581,-73.97791,40.7781314,-73.96069399,member
1784381,ACC871EC08D92EFE,classic_bike,2021-09-24 17:53:30,2021-09-24 17:57:08,E 84 St & Park Ave,7243,Madison Ave & E 82 St,7188,40.77862688,-73.95772073,40.7781314,-73.96069399,member
1784382,B7338ECFB87DE661,classic_bike,2021-09-19 13:56:44,2021-09-19 14:10:28,Central Park West & W 72 St,7141,Madison Ave & E 82 St,7188,40.77579376683666,-73.9762057363987,40.7781314,-73.96069399,member
1784385,03CBDED2447E1F37,classic_bike,2021-09-23 16:23:42,2021-09-23 16:25:55,E 84 St & Park Ave,7243,Madison Ave & E 82 St,7188,40.77862688,-73.95772073,40.7781314,-73.96069399,member
1784391,40436FA5F9AB91E9,classic_bike,2021-09-18 17:45:14,2021-09-18 18:31:29,E 84 St & Park Ave,7243,Madison Ave & E 82 St,7188,40.77862688,-73.95772073,40.7781314,-73.96069399,member
1784398,843F3E968705E82C,classic_bike,2021-09-18 11:38:57,2021-09-18 11:49:05,Central Park West & W 72 St,7141,Madison Ave & E 82 St,7188,40.77579376683666,-73.9762057363987,40.7781314,-73.96069399,member
1784401,1B74319D70CD66FC,classic_bike,2021-09-30 14:19:14,2021-09-30 14:49:58,Central Park West & W 72 St,7141,Madison Ave & E 82 St,7188,40.77579376683666,-73.9762057363987,40.7781314,-73.96069399,casual
1784407,853D8C0C0C7F71D5,classic_bike,2021-09-24 20:51:56,2021-09-24 22:11:06,E 84 St & Park Ave,7243,Madison Ave & E 82 St,7188,40.77862688,-73.95772073,40.7781314,-73.96069399,casual
1784417,2A74B5B2962BBC2C,classic_bike,2021-09-17 16:54:35,2021-09-17 17:08:39,Central Park West & W 85 St,7354,Madison Ave & E 82 St,7188,40.78476,-73.969862,40.7781314,-73.96069399,member
1784420,E958363CB3FB1BDC,classic_bike,2021-09-29 13:39:28,2021-09-29 14:00:16,5 Ave & E 72 St,7100,Madison Ave & E 82 St,7188,40.77282817,-73.96685276,40.7781314,-73.96069399,member
1784424,A3B19AD45666BEE8,electric_bike,2021-09-26 14:16:29,2021-09-26 15:14:58,Central Park West & W 85 St,7354,Madison Ave & E 82 St,7188,40.78476,-73.969862,40.7781314,-73.96069399,casual
1784425,77588AAF7484CE4A,classic_bike,2021-09-17 15:35:19,2021-09-17 16:13:43,Central Park West & W 85 St,7354,Madison Ave & E 82 St,7188,40.78476,-73.969862,40.7781314,-73.96069399,casual
1784429,6170EA5723AFBB6D,classic_bike,2021-09-21 21:00:29,2021-09-21 21:02:23,E 84 St & Park Ave,7243,Madison Ave & E 82 St,7188,40.77862688,-73.95772073,40.7781314,-73.96069399,member
1784439,8817DFC04C61A548,classic_bike,2021-09-26 13:27:33,2021-09-26 13:46:49,Central Park West & W 72 St,7141,Madison Ave & E 82 St,7188,40.77579376683666,-73.9762057363987,40.7781314,-73.96069399,member
1784442,2BCC4B5AB08AABF4,classic_bike,2021-09-04 17:31:30,2021-09-04 17:43:35,E 84 St & Park Ave,7243,Madison Ave & E 82 St,7188,40.77862688,-73.95772073,40.7781314,-73.96069399,casual
1784443,99FC0409E1EDC26A,classic_bike,2021-09-30 14:19:35,2021-09-30 14:49:46,Central Park West & W 72 St,7141,Madison Ave & E 82 St,7188,40.77579376683666,-73.9762057363987,40.7781314,-73.96069399,casual
1784474,9C30774F4385F871,classic_bike,2021-09-24 16:57:37,2021-09-24 18:05:54,W 89 St & Columbus Ave,7432,Madison Ave & E 82 St,7188,40.7882213,-73.97041561,40.7781314,-73.96069399,casual
1784475,F8786B94A1003C12,classic_bike,2021-09-24 16:56:59,2021-09-24 18:05:45,W 89 St & Columbus Ave,7432,Madison Ave & E 82 St,7188,40.7882213,-73.97041561,40.7781314,-73.96069399,casual
1784483,084D9D3E47FDA901,classic_bike,2021-09-18 18:46:51,2021-09-18 19:00:18,W 89 St & Columbus Ave,7432,Madison Ave & E 82 St,7188,40.7882213,-73.97041561,40.7781314,-73.96069399,casual
1784505,DD9161C96E0654F5,electric_bike,2021-09-01 19:51:40,2021-09-01 20:01:46,W 59 St & 10 Ave,7023,Madison Ave & E 82 St,7188,40.770513,-73.988038,40.7781314,-73.96069399,member
1784523,877F600D1B332B5A,classic_bike,2021-09-09 19:23:50,2021-09-09 19:37:46,W 59 St & 10 Ave,7023,Madison Ave & E 82 St,7188,40.770513,-73.988038,40.7781314,-73.96069399,member
1784524,3E8F769D54E24AF6,classic_bike,2021-09-24 19:48:26,2021-09-24 20:13:35,W 59 St & 10 Ave,7023,Madison Ave & E 82 St,7188,40.770513,-73.988038,40.7781314,-73.96069399,member
1784553,F5C8AFB064966A70,classic_bike,2021-09-25 12:11:14,2021-09-25 12:23:13,7 Ave & Central Park South,6912,Madison Ave & E 82 St,7188,40.7667405590595,-73.9790689945221,40.7781314,-73.96069399,member
1784556,F996177A4813CAF5,electric_bike,2021-09-17 14:21:17,2021-09-17 14:32:30,7 Ave & Central Park South,6912,Madison Ave & E 82 St,7188,40.7667405590595,-73.9790689945221,40.7781314,-73.96069399,member
1784562,D060C4688E22451B,classic_bike,2021-09-18 08:58:25,2021-09-18 09:51:59,7 Ave & Central Park South,6912,Madison Ave & E 82 St,7188,40.7667405590595,-73.9790689945221,40.7781314,-73.96069399,casual
1784563,EDF2B1692677C83A,classic_bike,2021-09-24 13:56:16,2021-09-24 16:24:28,7 Ave & Central Park South,6912,Madison Ave & E 82 St,7188,40.7667405590595,-73.9790689945221,40.7781314,-73.96069399,casual
1784605,A44FFF25D4335422,electric_bike,2021-09-07 18:06:02,2021-09-07 18:17:23,E 40 St & 5 Ave,6474,Madison Ave & E 82 St,7188,40.752062307,-73.9816324043,40.7781314,-73.96069399,member
1784611,16EB5F38DCA94663,classic_bike,2021-09-05 15:27:04,2021-09-05 15:41:45,E 98 St & Park Ave,7443,Madison Ave & E 82 St,7188,40.78813,-73.95206,40.7781314,-73.96069399,casual
1784615,05C67A7FF217F298,classic_bike,2021-09-18 16:47:08,2021-09-18 16:56:14,7 Ave & Central Park South,6912,Madison Ave & E 82 St,7188,40.7667405590595,-73.9790689945221,40.7781314,-73.96069399,member
1784621,AA72D37FC208EBC1,electric_bike,2021-09-17 12:38:37,2021-09-17 12:56:19,7 Ave & Central Park South,6912,Madison Ave & E 82 St,7188,40.7667405590595,-73.9790689945221,40.7781314,-73.96069399,member
1784631,5012BF699297B530,classic_bike,2021-09-19 12:57:02,2021-09-19 13:08:35,7 Ave & Central Park South,6912,Madison Ave & E 82 St,7188,40.7667405590595,-73.9790689945221,40.7781314,-73.96069399,casual
1784634,358DC30FBB247299,classic_bike,2021-09-18 09:55:16,2021-09-18 10:11:17,7 Ave & Central Park South,6912,Madison Ave & E 82 St,7188,40.7667405590595,-73.9790689945221,40.7781314,-73.96069399,casual
1784643,4C1B2F83B66400C8,classic_bike,2021-09-03 08:35:03,2021-09-03 08:47:50,7 Ave & Central Park South,6912,Madison Ave & E 82 St,7188,40.7667405590595,-73.9790689945221,40.7781314,-73.96069399,member
1784648,3FA46B75F8577B5D,electric_bike,2021-09-22 20:09:45,2021-09-22 20:20:06,7 Ave & Central Park South,6912,Madison Ave & E 82 St,7188,40.7667405590595,-73.9790689945221,40.7781314,-73.96069399,member
1784658,48B9BC13ADC85FE1,classic_bike,2021-09-18 13:54:33,2021-09-18 14:26:14,FDR Drive & E 35 St,6230,Madison Ave & E 82 St,7188,40.744219,-73.97121214,40.7781314,-73.96069399,casual
1784665,E7A91E5C4B578C32,classic_bike,2021-09-17 16:52:56,2021-09-17 17:07:54,E 40 St & 5 Ave,6474,Madison Ave & E 82 St,7188,40.752062307,-73.9816324043,40.7781314,-73.96069399,member
1784666,DDC6635A79794DD1,docked_bike,2021-09-19 18:27:18,2021-09-19 18:43:58,7 Ave & Central Park South,6912,Madison Ave & E 82 St,7188,40.766741,-73.979069,40.778131,-73.960694,casual
1784667,FF92B06C0B42FD27,classic_bike,2021-09-18 14:24:08,2021-09-18 14:56:06,7 Ave & Central Park South,6912,Madison Ave & E 82 St,7188,40.7667405590595,-73.9790689945221,40.7781314,-73.96069399,member
1784684,E1A05626A84D8B2C,classic_bike,2021-09-12 12:15:50,2021-09-12 12:41:31,7 Ave & Central Park South,6912,Madison Ave & E 82 St,7188,40.7667405590595,-73.9790689945221,40.7781314,-73.96069399,casual
1784702,C91E83AF88A9CCA6,classic_bike,2021-09-18 12:14:01,2021-09-18 12:36:46,7 Ave & Central Park South,6912,Madison Ave & E 82 St,7188,40.7667405590595,-73.9790689945221,40.7781314,-73.96069399,casual
1784719,D363274A4DE308F6,electric_bike,2021-09-30 16:56:09,2021-09-30 17:27:26,W 13 St & 5 Ave,5947,Madison Ave & E 82 St,7188,40.735445,-73.99431,40.7781314,-73.96069399,member
1784756,16944BCA5D999C3A,classic_bike,2021-09-26 11:18:03,2021-09-26 11:58:30,7 Ave & Central Park South,6912,Madison Ave & E 82 St,7188,40.7667405590595,-73.9790689945221,40.7781314,-73.96069399,casual
1784759,E916BE20720ADAC2,docked_bike,2021-09-01 13:10:26,2021-09-01 13:40:32,7 Ave & Central Park South,6912,Madison Ave & E 82 St,7188,40.766741,-73.979069,40.778131,-73.960694,casual
1784764,A78D443A2CB2F7CA,classic_bike,2021-09-11 16:23:06,2021-09-11 16:32:28,7 Ave & Central Park South,6912,Madison Ave & E 82 St,7188,40.7667405590595,-73.9790689945221,40.7781314,-73.96069399,casual
1784774,C21C8F14CB68B379,classic_bike,2021-09-10 08:56:29,2021-09-10 09:16:42,Riverside Dr & W 104 St,7623,Madison Ave & E 82 St,7188,40.8013434,-73.9711457439,40.7781314,-73.96069399,member
1784803,D548FFC3920CEAD0,classic_bike,2021-09-22 14:51:43,2021-09-22 15:06:30,W 44 St & 5 Ave,6551,Madison Ave & E 82 St,7188,40.75500254,-73.98014437,40.7781314,-73.96069399,member
1784850,AAF079494AA15AE1,classic_bike,2021-09-06 09:32:55,2021-09-06 09:55:57,E 47 St & 1 Ave,6498,Madison Ave & E 82 St,7188,40.75206862,-73.96784384,40.7781314,-73.96069399,casual
1784859,5C585BC9FBE6BD4A,electric_bike,2021-09-08 08:59:24,2021-09-08 09:11:56,E 47 St & 1 Ave,6498,Madison Ave & E 82 St,7188,40.75206862,-73.96784384,40.7781314,-73.96069399,member
1784963,7E8D217B1769A573,classic_bike,2021-09-11 10:18:25,2021-09-11 10:22:12,E 81 St & 2 Ave,7121,Madison Ave & E 82 St,7188,40.77477944895728,-73.95427465438843,40.7781314,-73.96069399,member
1784968,4134AFCD39DD9C9D,electric_bike,2021-09-21 10:04:59,2021-09-21 10:07:21,E 81 St & 2 Ave,7121,Madison Ave & E 82 St,7188,40.77477944895728,-73.95427465438843,40.7781314,-73.96069399,casual
1784982,378BF1F3276FAEE5,classic_bike,2021-09-19 11:22:53,2021-09-19 11:35:18,Central Park West & W 72 St,7141,Madison Ave & E 82 St,7188,40.77579376683666,-73.9762057363987,40.7781314,-73.96069399,member
1784992,5101C0C58F98942D,classic_bike,2021-09-06 12:46:19,2021-09-06 13:14:11,E 39 St & Lexington Ave,6389,Madison Ave & E 82 St,7188,40.7494985460252,-73.97729203113158,40.7781314,-73.96069399,member
1784993,D90D0084DE3B0306,classic_bike,2021-09-12 12:59:05,2021-09-12 13:02:23,E 81 St & 2 Ave,7121,Madison Ave & E 82 St,7188,40.77477944895728,-73.95427465438843,40.7781314,-73.96069399,member
1785032,758438AFD41208C1,classic_bike,2021-09-12 07:16:26,2021-09-12 07:42:51,Central Park West & W 72 St,7141,Madison Ave & E 82 St,7188,40.77579376683666,-73.9762057363987,40.7781314,-73.96069399,casual
1785059,C2AD029333AC9503,classic_bike,2021-09-11 11:21:56,2021-09-11 11:48:56,6 Ave & W 45 St,6593,Madison Ave & E 82 St,7188,40.756951,-73.982631,40.7781314,-73.96069399,casual
1785060,4D0E9EAB86AFDC14,classic_bike,2021-09-19 16:05:45,2021-09-19 16:29:19,6 Ave & W 45 St,6593,Madison Ave & E 82 St,7188,40.756951,-73.982631,40.7781314,-73.96069399,casual
1785086,0BF27369721B0BB0,classic_bike,2021-09-24 13:00:48,2021-09-24 13:53:42,1 Ave & E 6 St,5626,Madison Ave & E 82 St,7188,40.72633085971696,-73.98616880178452,40.7781314,-73.96069399,casual
1785087,8C20EDABA2BED484,classic_bike,2021-09-23 14:08:37,2021-09-23 14:28:20,E 39 St & Lexington Ave,6389,Madison Ave & E 82 St,7188,40.7494985460252,-73.97729203113158,40.7781314,-73.96069399,casual
1785089,2FCC8D504A5FDD3D,electric_bike,2021-09-18 12:40:39,2021-09-18 14:06:36,Market St & Henry St,5270,Madison Ave & E 82 St,7188,40.71310702305908,-73.99446353316307,40.7781314,-73.96069399,casual
1785097,A5754E536B26C525,docked_bike,2021-09-05 13:48:07,2021-09-05 14:30:11,Central Park West & W 72 St,7141,Madison Ave & E 82 St,7188,40.775794,-73.976206,40.778131,-73.960694,casual
1785102,0C6D399DFDDA6D70,classic_bike,2021-09-04 17:31:45,2021-09-04 17:43:26,E 84 St & Park Ave,7243,Madison Ave & E 82 St,7188,40.77862688,-73.95772073,40.7781314,-73.96069399,casual
1785142,F89CF177770E4D4C,classic_bike,2021-09-03 17:43:00,2021-09-03 20:37:45,E 84 St & Park Ave,7243,Madison Ave & E 82 St,7188,40.77862688,-73.95772073,40.7781314,-73.96069399,casual
1785145,F6A733D9978A1E6F,electric_bike,2021-09-11 08:17:15,2021-09-11 09:12:31,E 84 St & Park Ave,7243,Madison Ave & E 82 St,7188,40.77862688,-73.95772073,40.7781314,-73.96069399,casual
1785167,208B61FD8069FF06,electric_bike,2021-09-28 16:30:35,2021-09-28 16:57:32,Watts St & Greenwich St,5578,Madison Ave & E 82 St,7188,40.72405549,-74.00965965,40.7781314,-73.96069399,member
1785181,9A34F059496E5B63,classic_bike,2021-09-10 12:24:30,2021-09-10 12:40:08,W 76 St & Columbus Ave,7281,Madison Ave & E 82 St,7188,40.7801839724239,-73.97728532552719,40.7781314,-73.96069399,casual
1785226,37F88BC3CB90D4A6,classic_bike,2021-09-29 14:48:42,2021-09-29 14:54:33,Central Park West & W 72 St,7141,Madison Ave & E 82 St,7188,40.77579376683666,-73.9762057363987,40.7781314,-73.96069399,member
1785241,443EE25CDC686E30,classic_bike,2021-09-22 14:56:38,2021-09-22 15:08:38,5 Ave & E 103 St,7511,Madison Ave & E 82 St,7188,40.7922553,-73.95249933,40.7781314,-73.96069399,member
1785246,E2C3F88337C524D2,classic_bike,2021-09-20 13:57:05,2021-09-20 14:12:40,5 Ave & E 103 St,7511,Madison Ave & E 82 St,7188,40.7922553,-73.95249933,40.7781314,-73.96069399,member
1785261,14F7603C8688A7C3,classic_bike,2021-09-10 13:58:08,2021-09-10 15:07:35,5 Ave & E 103 St,7511,Madison Ave & E 82 St,7188,40.7922553,-73.95249933,40.7781314,-73.96069399,casual
1785273,011A5A3E7F46374A,classic_bike,2021-09-02 14:41:00,2021-09-02 14:50:08,5 Ave & E 103 St,7511,Madison Ave & E 82 St,7188,40.7922553,-73.95249933,40.7781314,-73.96069399,member
1785328,29BD82F90CE7F363,electric_bike,2021-09-12 08:57:32,2021-09-12 09:06:11,E 84 St & Park Ave,7243,Madison Ave & E 82 St,7188,40.77862688,-73.95772073,40.7781314,-73.96069399,member
1785332,8F3ECBD82DC10DA5,classic_bike,2021-09-13 08:12:32,2021-09-13 08:14:37,E 84 St & Park Ave,7243,Madison Ave & E 82 St,7188,40.77862688,-73.95772073,40.7781314,-73.96069399,member
1785334,59CA33AA070E63CC,classic_bike,2021-09-22 11:45:13,2021-09-22 11:56:26,Central Park West & W 72 St,7141,Madison Ave & E 82 St,7188,40.77579376683666,-73.9762057363987,40.7781314,-73.96069399,member
1785342,2B4F73FFAF03235F,classic_bike,2021-09-30 18:02:29,2021-09-30 18:17:10,Pershing Square South,6432,Madison Ave & E 82 St,7188,40.751581,-73.97791,40.7781314,-73.96069399,member
1785365,F71AF5F36B8BDA21,electric_bike,2021-09-19 06:45:40,2021-09-19 06:53:16,5 Ave & E 103 St,7511,Madison Ave & E 82 St,7188,40.7922553,-73.95249933,40.7781314,-73.96069399,casual
1785367,BEA2E29453947F02,electric_bike,2021-09-19 07:22:15,2021-09-19 07:27:44,5 Ave & E 103 St,7511,Madison Ave & E 82 St,7188,40.7922553,-73.95249933,40.7781314,-73.96069399,member
1785401,C577C88A87F435DF,electric_bike,2021-09-05 13:21:49,2021-09-05 13:46:02,6 Ave & W 34 St,6364,Madison Ave & E 82 St,7188,40.74964,-73.98805,40.7781314,-73.96069399,casual
1785418,EF19D51145740E66,classic_bike,2021-09-20 16:35:48,2021-09-20 17:07:31,5 Ave & E 103 St,7511,Madison Ave & E 82 St,7188,40.7922553,-73.95249933,40.7781314,-73.96069399,member
1785430,81FDCF85E32D28CB,electric_bike,2021-09-05 13:22:19,2021-09-05 13:45:59,6 Ave & W 34 St,6364,Madison Ave & E 82 St,7188,40.74964,-73.98805,40.7781314,-73.96069399,casual
1785456,A7C5C5F5365932A9,classic_bike,2021-09-02 10:25:13,2021-09-02 11:02:48,E 12 St & 3 Ave,5788,Madison Ave & E 82 St,7188,40.73223272,-73.98889957,40.7781314,-73.96069399,member
1785496,CACC33DCA5F00DDD,classic_bike,2021-09-02 09:59:21,2021-09-02 10:36:23,Cleveland Pl & Spring St,5492,Madison Ave & E 82 St,7188,40.722103786686034,-73.99724900722504,40.7781314,-73.96069399,member
1785506,78EFF5F8213E3A17,electric_bike,2021-09-05 11:56:24,2021-09-05 12:11:18,6 Ave & W 34 St,6364,Madison Ave & E 82 St,7188,40.74964,-73.98805,40.7781314,-73.96069399,casual
1785639,5AA1EFBE027125FE,electric_bike,2021-09-26 11:53:47,2021-09-26 12:23:13,E 11 St & Avenue B,5659,Madison Ave & E 82 St,7188,40.72746420692392,-73.97950418293476,40.7781314,-73.96069399,member
1785640,5B5C17E54715BA2D,electric_bike,2021-09-22 07:26:36,2021-09-22 07:31:57,Madison Ave & E 99 St,7443,Madison Ave & E 82 St,7188,40.78948541553215,-73.95242929458618,40.7781314,-73.96069399,member
1785754,F4D15692A3840575,classic_bike,2021-09-20 13:46:43,2021-09-20 13:52:57,E 72 St & Park Ave,6998,Madison Ave & E 82 St,7188,40.77118287540658,-73.96409422159195,40.7781314,-73.96069399,member
1785763,E084EBBDBAFE1ECC,classic_bike,2021-09-21 07:43:10,2021-09-21 08:00:51,Frederick Douglass Blvd & W 115 St,7658,Madison Ave & E 82 St,7188,40.8038654,-73.9559308,40.7781314,-73.96069399,member
1785770,D2316F134BBD6755,classic_bike,2021-09-25 11:09:54,2021-09-25 11:46:47,W 42 St & 8 Ave,6602,Madison Ave & E 82 St,7188,40.7575699,-73.99098507,40.7781314,-73.96069399,member
1785781,AFB3EEB98E311024,classic_bike,2021-09-23 15:11:31,2021-09-23 15:45:01,W 42 St & 8 Ave,6602,Madison Ave & E 82 St,7188,40.7575699,-73.99098507,40.7781314,-73.96069399,casual
1785813,A9A8EE3DC5AAB479,electric_bike,2021-09-20 17:36:08,2021-09-20 17:49:12,Columbus Ave & W 72 St,7175,Madison Ave & E 82 St,7188,40.7770575,-73.97898475,40.7781314,-73.96069399,member
1785822,EFC914E347401CAB,classic_bike,2021-09-26 16:03:36,2021-09-26 16:17:54,Columbus Ave & W 72 St,7175,Madison Ave & E 82 St,7188,40.7770575,-73.97898475,40.7781314,-73.96069399,casual
1785829,27C7C2C7B248D807,docked_bike,2021-09-14 16:06:59,2021-09-14 16:34:41,W 100 St & Manhattan Ave,7538,Madison Ave & E 82 St,7188,40.795,-73.9645,40.778131,-73.960694,casual
1785832,BFE7C969633FC9B6,electric_bike,2021-09-27 17:53:30,2021-09-27 18:01:41,Columbus Ave & W 72 St,7175,Madison Ave & E 82 St,7188,40.7770575,-73.97898475,40.7781314,-73.96069399,member
1785948,1395DF5702BB328E,electric_bike,2021-09-02 07:13:28,2021-09-02 07:58:07,Monroe St & Bedford Ave,4368,Madison Ave & E 82 St,7188,40.6851443,-73.95380904,40.7781314,-73.96069399,member
1786006,CABEAEE8CAFFB7ED,classic_bike,2021-09-02 15:24:31,2021-09-02 15:43:39,W 42 St & 8 Ave,6602,Madison Ave & E 82 St,7188,40.7575699,-73.99098507,40.7781314,-73.96069399,member
1786023,03EC0D6598F86DAF,classic_bike,2021-09-24 11:03:48,2021-09-24 11:14:36,E 72 St & York Ave,6889,Madison Ave & E 82 St,7188,40.76663814,-73.95348296,40.7781314,-73.96069399,member
1786038,BBDCD1776C1B0CA1,classic_bike,2021-09-18 18:37:15,2021-09-18 18:45:40,E 63 St & 3 Ave,6830,Madison Ave & E 82 St,7188,40.763954,-73.9646,40.7781314,-73.96069399,member
1786050,C3587171366C239A,classic_bike,2021-09-14 06:46:42,2021-09-14 06:54:56,E 63 St & 3 Ave,6830,Madison Ave & E 82 St,7188,40.763954,-73.9646,40.7781314,-73.96069399,member
1786054,E59A216E34E249EF,classic_bike,2021-09-28 15:10:07,2021-09-28 15:33:04,E 58 St & 3 Ave,6762,Madison Ave & E 82 St,7188,40.76095756,-73.96724467,40.7781314,-73.96069399,member
1786106,9D0C58111C91A039,classic_bike,2021-09-04 15:38:59,2021-09-04 16:00:27,W 21 St & 6 Ave,6140,Madison Ave & E 82 St,7188,40.74173969,-73.99415556,40.7781314,-73.96069399,member
1786117,2996183826F76AD5,classic_bike,2021-09-10 08:52:57,2021-09-10 09:05:35,E 58 St & 3 Ave,6762,Madison Ave & E 82 St,7188,40.76095756,-73.96724467,40.7781314,-73.96069399,member
1786120,54DADC8C5A54B52F,classic_bike,2021-09-26 19:46:40,2021-09-26 20:15:33,W 20 St & 10 Ave,6306,Madison Ave & E 82 St,7188,40.745686,-74.005141,40.7781314,-73.96069399,member
1786127,A1BABFBC5856C883,classic_bike,2021-09-22 19:23:26,2021-09-22 19:33:13,Columbus Ave & W 72 St,7175,Madison Ave & E 82 St,7188,40.7770575,-73.97898475,40.7781314,-73.96069399,member
1786143,6D62040A234C2B2C,electric_bike,2021-09-19 12:12:58,2021-09-19 12:54:50,Canal St & Rutgers St,5303,Madison Ave & E 82 St,7188,40.71427487,-73.98990025,40.7781314,-73.96069399,member
1786151,BA1F557F2EEC1071,classic_bike,2021-09-19 11:14:41,2021-09-19 11:24:06,E 63 St & 3 Ave,6830,Madison Ave & E 82 St,7188,40.763954,-73.9646,40.7781314,-73.96069399,member
1786156,69A11CFC595E0D03,classic_bike,2021-09-20 11:42:02,2021-09-20 11:54:26,E 58 St & 3 Ave,6762,Madison Ave & E 82 St,7188,40.76095756,-73.96724467,40.7781314,-73.96069399,member
1786180,FB425C982A0524C4,classic_bike,2021-09-19 12:59:01,2021-09-19 13:19:28,E 58 St & 3 Ave,6762,Madison Ave & E 82 St,7188,40.76095756,-73.96724467,40.7781314,-73.96069399,member
1786187,9EC5DF23676770C2,electric_bike,2021-09-30 07:08:46,2021-09-30 07:36:00,Bank St & Washington St,5964,Madison Ave & E 82 St,7188,40.7361967,-74.00859207,40.7781314,-73.96069399,member
1786194,952CED853E6805B9,classic_bike,2021-09-26 12:41:20,2021-09-26 13:01:52,E 54 St & 1 Ave,6608,Madison Ave & E 82 St,7188,40.756265,-73.964179,40.7781314,-73.96069399,casual
1786202,672FD02C04764496,docked_bike,2021-09-02 12:26:47,2021-09-02 13:08:09,W 45 St & 8 Ave,6676,Madison Ave & E 82 St,7188,40.759291,-73.988597,40.778131,-73.960694,casual
1786205,07F419E91F2D157D,electric_bike,2021-09-05 18:35:32,2021-09-05 19:11:44,Lafayette St & Jersey St,5561,Madison Ave & E 82 St,7188,40.72456089,-73.99565293,40.7781314,-73.96069399,member
1786226,3E0207B83EE4D82C,classic_bike,2021-09-18 12:15:19,2021-09-18 12:49:24,E 54 St & 1 Ave,6608,Madison Ave & E 82 St,7188,40.756265,-73.964179,40.7781314,-73.96069399,casual
1786250,98DE92315262B579,classic_bike,2021-09-17 18:16:09,2021-09-17 18:26:23,E 63 St & 3 Ave,6830,Madison Ave & E 82 St,7188,40.763954,-73.9646,40.7781314,-73.96069399,member
1786261,5DCBB6502AF1E7E9,classic_bike,2021-09-04 09:19:59,2021-09-04 09:35:22,E 54 St & 1 Ave,6608,Madison Ave & E 82 St,7188,40.756265,-73.964179,40.7781314,-73.96069399,member
1786292,3E54CBE0C2E183C6,classic_bike,2021-09-12 08:24:26,2021-09-12 08:32:40,East End Ave & E 86 St,7113,Madison Ave & E 82 St,7188,40.77518615,-73.94446054,40.7781314,-73.96069399,member
1786293,DDFEDEDDBF580A97,classic_bike,2021-09-03 13:33:05,2021-09-03 13:54:20,W 47 St & 6 Ave,6667,Madison Ave & E 82 St,7188,40.758397,-73.98255,40.7781314,-73.96069399,member
1786329,BF6AEEAF1FEF7657,classic_bike,2021-09-03 11:53:48,2021-09-03 12:18:27,W 47 St & 6 Ave,6667,Madison Ave & E 82 St,7188,40.758397,-73.98255,40.7781314,-73.96069399,casual
1786393,48AFB35A8FC79CDF,classic_bike,2021-09-04 17:06:00,2021-09-04 18:26:10,W 47 St & 6 Ave,6667,Madison Ave & E 82 St,7188,40.758397,-73.98255,40.7781314,-73.96069399,casual
1786398,825B4C729F19E319,classic_bike,2021-09-20 17:34:12,2021-09-20 18:02:59,W 13 St & 7 Ave,6030,Madison Ave & E 82 St,7188,40.73781509,-73.99994661,40.7781314,-73.96069399,member
1786444,29A539605594DBF3,electric_bike,2021-09-15 11:53:06,2021-09-15 12:06:23,2 Ave & E 55 St,6650,Madison Ave & E 82 St,7188,40.757920208794026,-73.96638214588165,40.7781314,-73.96069399,member
1786454,A73C6E6E3244F856,classic_bike,2021-09-05 21:05:52,2021-09-05 21:31:50,2 Ave & E 55 St,6650,Madison Ave & E 82 St,7188,40.757920208794026,-73.96638214588165,40.7781314,-73.96069399,casual
1786460,64CCDBD38D333634,electric_bike,2021-09-18 13:57:28,2021-09-18 14:30:36,Mt Morris Park W & W 120 St,7685,Madison Ave & E 82 St,7188,40.804038,-73.945925,40.7781314,-73.96069399,casual
1786475,C0D33525A4BCF9AF,classic_bike,2021-09-02 13:26:52,2021-09-02 13:30:33,E 88 St & Park Ave,7293,Madison Ave & E 82 St,7188,40.781410700190015,-73.95595908164978,40.7781314,-73.96069399,member
1786476,C2FD1F01FDB3909F,electric_bike,2021-09-20 16:30:52,2021-09-20 16:35:25,E 68 St & Madison Ave,6932,Madison Ave & E 82 St,7188,40.7691572,-73.96703464,40.7781314,-73.96069399,member
1786532,0E46992E784DDF58,classic_bike,2021-09-25 09:47:09,2021-09-25 10:10:28,2 Ave & E 55 St,6650,Madison Ave & E 82 St,7188,40.757920208794026,-73.96638214588165,40.7781314,-73.96069399,member
1786546,95359115FF221944,electric_bike,2021-09-11 08:21:41,2021-09-11 09:12:08,E 85 St & 3 Ave,7212,Madison Ave & E 82 St,7188,40.77801203,-73.95407149,40.7781314,-73.96069399,casual
1786567,17304FE0FA4B182D,classic_bike,2021-09-21 14:03:38,2021-09-21 14:11:26,E 85 St & 3 Ave,7212,Madison Ave & E 82 St,7188,40.77801203,-73.95407149,40.7781314,-73.96069399,member
1786594,97B86B1E00A45D5F,classic_bike,2021-09-06 00:28:40,2021-09-06 00:50:48,W 84 St & Columbus Ave,7382,Madison Ave & E 82 St,7188,40.78499979,-73.97283406,40.7781314,-73.96069399,casual
1786609,1E3D7444B4EA85AC,electric_bike,2021-09-30 18:51:10,2021-09-30 19:44:24,E 72 St & Park Ave,6998,Madison Ave & E 82 St,7188,40.77118287540658,-73.96409422159195,40.7781314,-73.96069399,member
1786612,26C60CB7B6AB1DF6,classic_bike,2021-09-19 13:56:57,2021-09-19 14:03:53,E 68 St & Madison Ave,6932,Madison Ave & E 82 St,7188,40.7691572,-73.96703464,40.7781314,-73.96069399,casual
1786615,E070160765EBDF1A,classic_bike,2021-09-03 14:35:39,2021-09-03 14:42:46,E 88 St & Park Ave,7293,Madison Ave & E 82 St,7188,40.781410700190015,-73.95595908164978,40.7781314,-73.96069399,casual
1786621,B272A4C138644A38,electric_bike,2021-09-26 09:25:48,2021-09-26 09:32:53,E 68 St & Madison Ave,6932,Madison Ave & E 82 St,7188,40.7691572,-73.96703464,40.7781314,-73.96069399,casual
1786627,D0A4B3258B18277C,electric_bike,2021-09-21 13:03:05,2021-09-21 13:07:32,E 85 St & 3 Ave,7212,Madison Ave & E 82 St,7188,40.77801203,-73.95407149,40.7781314,-73.96069399,member
1786629,9F8A85434FFDB8F5,classic_bike,2021-09-18 13:02:32,2021-09-18 13:22:17,W 84 St & Columbus Ave,7382,Madison Ave & E 82 St,7188,40.78499979,-73.97283406,40.7781314,-73.96069399,casual
1786632,2DF9B6BD6C6B2F53,classic_bike,2021-09-28 16:10:14,2021-09-28 16:13:37,E 85 St & 3 Ave,7212,Madison Ave & E 82 St,7188,40.77801203,-73.95407149,40.7781314,-73.96069399,member
1786642,E5837BB0BB63B5DE,classic_bike,2021-09-26 14:49:48,2021-09-26 15:24:53,W 84 St & Columbus Ave,7382,Madison Ave & E 82 St,7188,40.78499979,-73.97283406,40.7781314,-73.96069399,casual
1786650,9289572451F61D5A,classic_bike,2021-09-10 00:09:43,2021-09-10 00:16:56,W 84 St & Columbus Ave,7382,Madison Ave & E 82 St,7188,40.78499979,-73.97283406,40.7781314,-73.96069399,member
1786651,DCAC9C5E402671E3,electric_bike,2021-09-26 11:55:44,2021-09-26 12:00:30,E 85 St & 3 Ave,7212,Madison Ave & E 82 St,7188,40.77801203,-73.95407149,40.7781314,-73.96069399,member
1786652,3149EC3F1767C543,classic_bike,2021-09-12 01:25:55,2021-09-12 01:44:22,E 56 St & 3 Ave,6691,Madison Ave & E 82 St,7188,40.75934501,-73.96759673,40.7781314,-73.96069399,member
1786657,7B86E94C3CB5459E,classic_bike,2021-09-25 13:16:17,2021-09-25 13:24:33,E 85 St & 3 Ave,7212,Madison Ave & E 82 St,7188,40.77801203,-73.95407149,40.7781314,-73.96069399,member
1786661,F57208D989D2B690,classic_bike,2021-09-25 13:15:45,2021-09-25 13:20:00,E 85 St & 3 Ave,7212,Madison Ave & E 82 St,7188,40.77801203,-73.95407149,40.7781314,-73.96069399,member
1786662,E291678A3CD0A76E,classic_bike,2021-09-25 11:56:35,2021-09-25 12:00:15,E 85 St & 3 Ave,7212,Madison Ave & E 82 St,7188,40.77801203,-73.95407149,40.7781314,-73.96069399,member
1786675,98EB1280CE984A03,classic_bike,2021-09-24 08:23:16,2021-09-24 08:39:43,E 56 St & 3 Ave,6691,Madison Ave & E 82 St,7188,40.75934501,-73.96759673,40.7781314,-73.96069399,member
1786701,18D831C1FD5370E5,electric_bike,2021-09-07 12:57:31,2021-09-07 14:17:08,E 85 St & 3 Ave,7212,Madison Ave & E 82 St,7188,40.77801203,-73.95407149,40.7781314,-73.96069399,casual
1786706,7E3636ED71FA2780,classic_bike,2021-09-22 11:10:13,2021-09-22 11:35:15,E 47 St & 2 Ave,6498,Madison Ave & E 82 St,7188,40.75323098,-73.97032517,40.7781314,-73.96069399,member
1786711,A0A58B07A7759A3D,classic_bike,2021-09-19 09:32:46,2021-09-19 09:39:25,E 85 St & 3 Ave,7212,Madison Ave & E 82 St,7188,40.77801203,-73.95407149,40.7781314,-73.96069399,member
1786713,8F8863BF5F0F869F,electric_bike,2021-09-04 10:00:07,2021-09-04 10:03:50,E 85 St & 3 Ave,7212,Madison Ave & E 82 St,7188,40.77801203,-73.95407149,40.7781314,-73.96069399,member
1786719,D174AD25EC281152,electric_bike,2021-09-25 11:56:34,2021-09-25 12:36:20,E 47 St & 2 Ave,6498,Madison Ave & E 82 St,7188,40.75323098,-73.97032517,40.7781314,-73.96069399,member
1786744,8DE59E11079BFC82,classic_bike,2021-09-22 20:57:07,2021-09-22 21:02:15,E 85 St & 3 Ave,7212,Madison Ave & E 82 St,7188,40.77801203,-73.95407149,40.7781314,-73.96069399,member
1786752,DB64BC8D786760B9,electric_bike,2021-09-01 15:15:23,2021-09-01 16:59:21,E 85 St & 3 Ave,7212,Madison Ave & E 82 St,7188,40.77801203,-73.95407149,40.7781314,-73.96069399,casual
1786757,C945154A5D2E1E58,classic_bike,2021-09-06 16:02:38,2021-09-06 16:08:10,E 85 St & 3 Ave,7212,Madison Ave & E 82 St,7188,40.77801203,-73.95407149,40.7781314,-73.96069399,member
1786758,DC4261C4DD503677,classic_bike,2021-09-25 08:31:06,2021-09-25 08:41:28,W 84 St & Columbus Ave,7382,Madison Ave & E 82 St,7188,40.78499979,-73.97283406,40.7781314,-73.96069399,member
1786764,ECE6B948CA2F68EA,classic_bike,2021-09-18 10:31:22,2021-09-18 10:37:40,E 85 St & 3 Ave,7212,Madison Ave & E 82 St,7188,40.77801203,-73.95407149,40.7781314,-73.96069399,member
1786766,E1BBD784E5C82A17,electric_bike,2021-09-26 09:05:20,2021-09-26 09:09:17,E 85 St & 3 Ave,7212,Madison Ave & E 82 St,7188,40.77801203,-73.95407149,40.7781314,-73.96069399,member
1786767,4A61E721AAD53752,classic_bike,2021-09-18 23:22:46,2021-09-18 23:27:30,E 85 St & 3 Ave,7212,Madison Ave & E 82 St,7188,40.77801203,-73.95407149,40.7781314,-73.96069399,member
1786775,D376F6C12D7BB3CA,classic_bike,2021-09-18 13:02:13,2021-09-18 13:22:32,W 84 St & Columbus Ave,7382,Madison Ave & E 82 St,7188,40.78499979,-73.97283406,40.7781314,-73.96069399,casual
1786778,82C9D9232E69956A,classic_bike,2021-09-12 09:46:32,2021-09-12 10:04:31,W 84 St & Columbus Ave,7382,Madison Ave & E 82 St,7188,40.78499979,-73.97283406,40.7781314,-73.96069399,casual
1786804,C7AE75342E83C0B6,classic_bike,2021-09-03 14:00:43,2021-09-03 14:45:30,N 6 St & Bedford Ave,5379,Madison Ave & E 82 St,7188,40.71745169,-73.95850939,40.7781314,-73.96069399,member
1786839,EA5BFDEA2F5E5C3F,electric_bike,2021-09-27 22:31:01,2021-09-27 22:45:59,W 41 St & 8 Ave,6602,Madison Ave & E 82 St,7188,40.75640548,-73.9900262,40.7781314,-73.96069399,member
1786858,7FF1D25654A7E744,classic_bike,2021-09-12 15:20:41,2021-09-12 15:41:18,Broadway & W 53 St,6779,Madison Ave & E 82 St,7188,40.76344058,-73.98268129,40.7781314,-73.96069399,member
1786888,C74B3C48D98509BE,electric_bike,2021-09-17 22:03:08,2021-09-17 22:05:44,E 85 St & 3 Ave,7212,Madison Ave & E 82 St,7188,40.77801203,-73.95407149,40.7781314,-73.96069399,member
1786895,1EF729EED5E58595,classic_bike,2021-09-04 13:44:27,2021-09-04 14:18:56,W 41 St & 8 Ave,6602,Madison Ave & E 82 St,7188,40.75640548,-73.9900262,40.7781314,-73.96069399,casual
1786909,2E32B24563A033A0,classic_bike,2021-09-15 15:37:46,2021-09-15 16:39:22,Spring St & Hudson St,5653,Madison Ave & E 82 St,7188,40.72583996792375,-74.0076532959938,40.7781314,-73.96069399,casual
1786975,E3AB4B6EA0F9587A,electric_bike,2021-09-30 09:59:57,2021-09-30 10:12:08,Broadway & W 53 St,6779,Madison Ave & E 82 St,7188,40.76344058,-73.98268129,40.7781314,-73.96069399,member
1786987,AB3A5027072181C8,classic_bike,2021-09-20 16:39:51,2021-09-20 16:48:22,1 Ave & E 68 St,6822,Madison Ave & E 82 St,7188,40.76500525,-73.95818491,40.7781314,-73.96069399,member
1786999,6EBD4A5048248DD0,electric_bike,2021-09-16 16:36:57,2021-09-16 16:53:13,1 Ave & E 39 St,6303,Madison Ave & E 82 St,7188,40.74714,-73.97113,40.7781314,-73.96069399,member
1787135,7860D3C2EA3702A9,classic_bike,2021-09-24 15:24:10,2021-09-24 15:36:07,E 91 St & 2 Ave,7286,Madison Ave & E 82 St,7188,40.78115276427916,-73.94963040947914,40.7781314,-73.96069399,member
1787140,9DDA08165AE47164,classic_bike,2021-09-01 13:48:15,2021-09-01 13:49:30,E 81 St & Park Ave,7188,Madison Ave & E 82 St,7188,40.77677702,-73.9590097,40.7781314,-73.96069399,member
1787145,72E96B67D9B3F15A,classic_bike,2021-09-20 13:29:55,2021-09-20 13:40:13,Columbus Ave & W 95 St,7520,Madison Ave & E 82 St,7188,40.7919557,-73.968087,40.7781314,-73.96069399,member
1787146,FAD0B6F6940F892C,electric_bike,2021-09-20 07:03:38,2021-09-20 07:17:18,E 81 St & Park Ave,7188,W 53 St & 10 Ave,6890,40.77677702,-73.9590097,40.76669671,-73.99061728,member
1787147,749A03E7C4B6CC9D,electric_bike,2021-09-29 06:58:17,2021-09-29 07:11:04,E 81 St & Park Ave,7188,W 53 St & 10 Ave,6890,40.77677702,-73.9590097,40.76669671,-73.99061728,member
1787157,369BC26E63698A4C,classic_bike,2021-09-12 16:02:43,2021-09-12 16:16:37,E 81 St & Park Ave,7188,W 67 St & Broadway,7116,40.77677702,-73.9590097,40.77492513,-73.98266566,member
1787163,64F8766709CD6D58,classic_bike,2021-09-26 09:46:35,2021-09-26 09:55:12,E 91 St & 2 Ave,7286,Madison Ave & E 82 St,7188,40.78115276427916,-73.94963040947914,40.7781314,-73.96069399,member
1787176,3B925A604A15CBB6,electric_bike,2021-09-03 17:47:47,2021-09-03 17:58:02,Columbus Ave & W 95 St,7520,Madison Ave & E 82 St,7188,40.7919557,-73.968087,40.7781314,-73.96069399,casual
1787177,363F4D5AB1C0572A,electric_bike,2021-09-19 08:27:04,2021-09-19 08:40:55,E 81 St & Park Ave,7188,W 67 St & Broadway,7116,40.77677702,-73.9590097,40.77492513,-73.98266566,member
1787182,9109759A03AA0DE5,classic_bike,2021-09-12 09:16:49,2021-09-12 09:18:30,E 81 St & Park Ave,7188,Madison Ave & E 82 St,7188,40.77677702,-73.9590097,40.7781314,-73.96069399,member
1787183,1E956CDF723AC787,classic_bike,2021-09-12 09:20:13,2021-09-12 09:21:51,E 81 St & Park Ave,7188,Madison Ave & E 82 St,7188,40.77677702,-73.9590097,40.7781314,-73.96069399,member
1787184,A01D64D7ABBE6F48,classic_bike,2021-09-12 09:51:43,2021-09-12 09:53:27,E 81 St & Park Ave,7188,Madison Ave & E 82 St,7188,40.77677702,-73.9590097,40.7781314,-73.96069399,member
1787185,FD8DC49E8A113380,classic_bike,2021-09-12 09:24:07,2021-09-12 09:25:32,E 81 St & Park Ave,7188,Madison Ave & E 82 St,7188,40.77677702,-73.9590097,40.7781314,-73.96069399,member
1787186,63AABD88EE1C954B,classic_bike,2021-09-12 09:27:18,2021-09-12 09:29:15,E 81 St & Park Ave,7188,Madison Ave & E 82 St,7188,40.77677702,-73.9590097,40.7781314,-73.96069399,member
1787187,715D6D5E16A1019B,classic_bike,2021-09-12 09:48:18,2021-09-12 09:49:55,E 81 St & Park Ave,7188,Madison Ave & E 82 St,7188,40.77677702,-73.9590097,40.7781314,-73.96069399,member
1787188,BED517A784072B8F,classic_bike,2021-09-12 09:37:44,2021-09-12 09:39:29,E 81 St & Park Ave,7188,Madison Ave & E 82 St,7188,40.77677702,-73.9590097,40.7781314,-73.96069399,member
1787189,6654020E346F615B,classic_bike,2021-09-12 09:30:52,2021-09-12 09:32:23,E 81 St & Park Ave,7188,Madison Ave & E 82 St,7188,40.77677702,-73.9590097,40.7781314,-73.96069399,member
1787190,6ABC0E512B038BDF,classic_bike,2021-09-12 09:34:20,2021-09-12 09:35:55,E 81 St & Park Ave,7188,Madison Ave & E 82 St,7188,40.77677702,-73.9590097,40.7781314,-73.96069399,member
1787191,1138A9F4A87CE351,classic_bike,2021-09-12 09:55:24,2021-09-12 09:56:57,E 81 St & Park Ave,7188,Madison Ave & E 82 St,7188,40.77677702,-73.9590097,40.7781314,-73.96069399,member
1787192,5ECE461E79D0A3F2,classic_bike,2021-09-12 09:44:32,2021-09-12 09:46:25,E 81 St & Park Ave,7188,Madison Ave & E 82 St,7188,40.77677702,-73.9590097,40.7781314,-73.96069399,member
1787193,0C1EFFEA17D6C777,classic_bike,2021-09-12 09:41:19,2021-09-12 09:42:44,E 81 St & Park Ave,7188,Madison Ave & E 82 St,7188,40.77677702,-73.9590097,40.7781314,-73.96069399,member
1787202,851412C158C0CC0C,classic_bike,2021-09-04 13:38:43,2021-09-04 14:02:08,1 Ave & E 39 St,6303,Madison Ave & E 82 St,7188,40.74714,-73.97113,40.7781314,-73.96069399,member
1787209,F50C584A6514608D,classic_bike,2021-09-11 20:51:49,2021-09-11 21:09:00,E 81 St & Park Ave,7188,Madison Ave & E 82 St,7188,40.77677702,-73.9590097,40.7781314,-73.96069399,member
1787212,9EFBC7712AB621C2,classic_bike,2021-09-09 19:17:56,2021-09-09 19:19:29,E 81 St & Park Ave,7188,Madison Ave & E 82 St,7188,40.77677702,-73.9590097,40.7781314,-73.96069399,member
1787220,568214BCEA612C56,classic_bike,2021-09-23 08:27:14,2021-09-23 08:49:58,E 81 St & Park Ave,7188,W 107 St & Columbus Ave,7619,40.77677702,-73.9590097,40.7997568,-73.9621128676,casual
1787221,EC26CCA09D51B04E,classic_bike,2021-09-28 18:41:07,2021-09-28 19:00:51,E 81 St & Park Ave,7188,W 53 St & 10 Ave,6890,40.77677702,-73.9590097,40.76669671,-73.99061728,member
1787222,7F95A2B386FF37E9,classic_bike,2021-09-17 15:46:01,2021-09-17 15:56:08,Columbus Ave & W 95 St,7520,Madison Ave & E 82 St,7188,40.7919557,-73.968087,40.7781314,-73.96069399,member
1787241,0DA09A8EC5A87D87,classic_bike,2021-09-26 18:07:59,2021-09-26 18:12:13,E 81 St & Park Ave,7188,Madison Ave & E 82 St,7188,40.77677702,-73.9590097,40.7781314,-73.96069399,casual
1787246,AE926D136369B8C7,classic_bike,2021-09-20 08:14:42,2021-09-20 08:26:57,E 81 St & Park Ave,7188,Central Park West & W 68 St,7079,40.77677702,-73.9590097,40.7734066,-73.97782542,member
1787247,9A9C3CDAC2EF57C3,classic_bike,2021-09-12 17:37:47,2021-09-12 18:05:25,E 81 St & Park Ave,7188,Madison Ave & E 82 St,7188,40.77677702,-73.9590097,40.7781314,-73.96069399,member
1787251,765526DAB7C63E46,classic_bike,2021-09-27 12:55:54,2021-09-27 12:57:43,E 81 St & Park Ave,7188,Madison Ave & E 82 St,7188,40.77677702,-73.9590097,40.7781314,-73.96069399,member
1787263,2C09ADD44724EC77,electric_bike,2021-09-19 12:38:06,2021-09-19 14:42:16,E 81 St & Park Ave,7188,Madison Ave & E 82 St,7188,40.77677702,-73.9590097,40.7781314,-73.96069399,casual
1787297,6955529D43C611EC,classic_bike,2021-09-12 13:52:46,2021-09-12 14:18:09,Broadway & W 53 St,6779,Madison Ave & E 82 St,7188,40.76344058,-73.98268129,40.7781314,-73.96069399,casual
1787300,E658FE7805E2B988,classic_bike,2021-09-12 09:48:45,2021-09-12 09:58:29,Columbus Ave & W 95 St,7520,Madison Ave & E 82 St,7188,40.7919557,-73.968087,40.7781314,-73.96069399,casual
1787303,2C2C7204B4692EEA,classic_bike,2021-09-12 09:51:50,2021-09-12 09:53:25,E 81 St & Park Ave,7188,Madison Ave & E 82 St,7188,40.77677702,-73.9590097,40.7781314,-73.96069399,member
1787304,092075F18893BC31,classic_bike,2021-09-12 09:44:42,2021-09-12 09:46:25,E 81 St & Park Ave,7188,Madison Ave & E 82 St,7188,40.77677702,-73.9590097,40.7781314,-73.96069399,member
1787305,609C717912AB454A,classic_bike,2021-09-12 09:34:40,2021-09-12 09:35:54,E 81 St & Park Ave,7188,Madison Ave & E 82 St,7188,40.77677702,-73.9590097,40.7781314,-73.96069399,member
1787306,647DB26F9042EFBA,classic_bike,2021-09-12 09:30:52,2021-09-12 09:32:26,E 81 St & Park Ave,7188,Madison Ave & E 82 St,7188,40.77677702,-73.9590097,40.7781314,-73.96069399,member
1787307,3AC4C3978A03F6EE,classic_bike,2021-09-12 09:24:09,2021-09-12 09:25:29,E 81 St & Park Ave,7188,Madison Ave & E 82 St,7188,40.77677702,-73.9590097,40.7781314,-73.96069399,member
1787308,64846849BFB4AF60,classic_bike,2021-09-12 09:16:47,2021-09-12 09:18:28,E 81 St & Park Ave,7188,Madison Ave & E 82 St,7188,40.77677702,-73.9590097,40.7781314,-73.96069399,member
1787309,4FBC163DDBAD92ED,classic_bike,2021-09-12 09:37:44,2021-09-12 09:39:27,E 81 St & Park Ave,7188,Madison Ave & E 82 St,7188,40.77677702,-73.9590097,40.7781314,-73.96069399,member
1787310,8911921EB198C655,classic_bike,2021-09-12 09:48:24,2021-09-12 09:49:54,E 81 St & Park Ave,7188,Madison Ave & E 82 St,7188,40.77677702,-73.9590097,40.7781314,-73.96069399,member
1787311,C105DAE719F26706,classic_bike,2021-09-12 09:20:15,2021-09-12 09:21:49,E 81 St & Park Ave,7188,Madison Ave & E 82 St,7188,40.77677702,-73.9590097,40.7781314,-73.96069399,member
1787312,096CE3FC24CD1BC3,classic_bike,2021-09-12 09:55:42,2021-09-12 09:56:55,E 81 St & Park Ave,7188,Madison Ave & E 82 St,7188,40.77677702,-73.9590097,40.7781314,-73.96069399,member
1787313,2F530E76B8B857B6,classic_bike,2021-09-12 09:41:16,2021-09-12 09:42:48,E 81 St & Park Ave,7188,Madison Ave & E 82 St,7188,40.77677702,-73.9590097,40.7781314,-73.96069399,member
1787314,BB49183ED4E21FB3,classic_bike,2021-09-12 09:27:24,2021-09-12 09:28:57,E 81 St & Park Ave,7188,Madison Ave & E 82 St,7188,40.77677702,-73.9590097,40.7781314,-73.96069399,member
1787316,F71CB69133FD5957,classic_bike,2021-09-02 13:33:22,2021-09-02 13:34:28,E 81 St & Park Ave,7188,Madison Ave & E 82 St,7188,40.77677702,-73.9590097,40.7781314,-73.96069399,member
1787327,B740C23E1322089D,classic_bike,2021-09-12 18:07:42,2021-09-12 19:22:20,E 81 St & Park Ave,7188,Madison Ave & E 82 St,7188,40.77677702,-73.9590097,40.7781314,-73.96069399,casual
1787356,78DDC5C182D0462A,electric_bike,2021-09-13 12:30:11,2021-09-13 12:37:17,Columbus Ave & W 95 St,7520,Madison Ave & E 82 St,7188,40.7919557,-73.968087,40.7781314,-73.96069399,casual
1787357,054782002DB6CBB3,electric_bike,2021-09-26 13:14:13,2021-09-26 13:30:54,E 81 St & Park Ave,7188,E 32 St & Park Ave,6280,40.77677702,-73.9590097,40.7457121,-73.98194829,casual
1787361,5A858389065AAEE4,classic_bike,2021-09-12 14:21:57,2021-09-12 14:23:38,E 81 St & Park Ave,7188,Madison Ave & E 82 St,7188,40.77677702,-73.9590097,40.7781314,-73.96069399,member
1787362,CA0A131F2FBA0FBB,classic_bike,2021-09-02 16:46:13,2021-09-02 16:54:33,E 81 St & Park Ave,7188,Central Park West & W 68 St,7079,40.77677702,-73.9590097,40.7734066,-73.97782542,member
1787405,ECF9715460F17885,classic_bike,2021-09-30 13:37:16,2021-09-30 14:16:21,W 21 St & 6 Ave,6140,Madison Ave & E 82 St,7188,40.74173969,-73.99415556,40.7781314,-73.96069399,member
1787409,00A4AD2F8565F40E,classic_bike,2021-09-26 17:45:09,2021-09-26 18:09:30,W 21 St & 6 Ave,6140,Madison Ave & E 82 St,7188,40.74173969,-73.99415556,40.7781314,-73.96069399,casual
1787435,EA5B46CF0B3B8AEF,electric_bike,2021-09-02 23:57:00,2021-09-03 00:03:08,Columbus Ave & W 72 St,7175,Madison Ave & E 82 St,7188,40.7770575,-73.97898475,40.7781314,-73.96069399,member
1787436,029C41F39A24530E,classic_bike,2021-09-03 23:33:02,2021-09-03 23:41:26,Columbus Ave & W 72 St,7175,Madison Ave & E 82 St,7188,40.7770575,-73.97898475,40.7781314,-73.96069399,member
1787441,2C0684D264A30141,electric_bike,2021-09-05 12:07:22,2021-09-05 12:35:54,W 21 St & 6 Ave,6140,Madison Ave & E 82 St,7188,40.74173969,-73.99415556,40.7781314,-73.96069399,member
1787448,2B4989EA8FD2A162,classic_bike,2021-09-16 21:33:18,2021-09-16 21:36:44,E 85 St & 3 Ave,7212,Madison Ave & E 82 St,7188,40.77801203,-73.95407149,40.7781314,-73.96069399,member
1787503,5835606B513A7E78,electric_bike,2021-09-24 08:02:53,2021-09-24 08:15:07,W 84 St & Columbus Ave,7382,Madison Ave & E 82 St,7188,40.78499979,-73.97283406,40.7781314,-73.96069399,member
1787510,4FA2FB1B9199AC9E,electric_bike,2021-09-18 14:46:56,2021-09-18 15:11:40,Morningside Dr & Amsterdam Ave,7741,Madison Ave & E 82 St,7188,40.81028506306003,-73.95736455917358,40.7781314,-73.96069399,casual
1787514,0DCA1E68E2A3D189,electric_bike,2021-09-17 11:44:27,2021-09-17 12:17:26,W 21 St & 6 Ave,6140,Madison Ave & E 82 St,7188,40.74173969,-73.99415556,40.7781314,-73.96069399,casual
1787522,E18C0DA618D6E246,electric_bike,2021-09-23 08:39:54,2021-09-23 08:53:00,W 49 St & 8 Ave,6747,Madison Ave & E 82 St,7188,40.76227205,-73.98788205,40.7781314,-73.96069399,member
1787527,DF0B3BE88A568FA1,electric_bike,2021-09-13 14:40:48,2021-09-13 15:11:55,W 21 St & 6 Ave,6140,Madison Ave & E 82 St,7188,40.74173969,-73.99415556,40.7781314,-73.96069399,member
1787541,A1F9DD94801ECEE0,classic_bike,2021-09-25 19:14:09,2021-09-25 19:50:17,11 Ave & W 41 St,6726,Madison Ave & E 82 St,7188,40.76030096,-73.99884222,40.7781314,-73.96069399,member
1787585,179F7C967E3303F4,classic_bike,2021-09-19 11:09:25,2021-09-19 11:36:26,11 Ave & W 41 St,6726,Madison Ave & E 82 St,7188,40.76030096,-73.99884222,40.7781314,-73.96069399,member
1787591,2190A3D06639DC97,classic_bike,2021-09-02 14:23:07,2021-09-02 14:35:30,East End Ave & E 86 St,7113,Madison Ave & E 82 St,7188,40.77518615,-73.94446054,40.7781314,-73.96069399,member
1787628,27809353F731468C,electric_bike,2021-09-04 14:13:00,2021-09-04 15:21:04,Central Park S & 6 Ave,6876,Madison Ave & E 82 St,7188,40.76590936,-73.97634151,40.7781314,-73.96069399,casual
1787635,83E6B1D2BA6900A0,classic_bike,2021-09-07 13:54:04,2021-09-07 14:17:37,Central Park S & 6 Ave,6876,Madison Ave & E 82 St,7188,40.76590936,-73.97634151,40.7781314,-73.96069399,casual
1787640,F14D209969034F4E,classic_bike,2021-09-08 18:39:13,2021-09-08 19:16:50,Greenwich St & W Houston St,5730,Madison Ave & E 82 St,7188,40.728846,-74.008591,40.7781314,-73.96069399,member
1787646,E524A6E3CDF89CE9,classic_bike,2021-09-04 14:33:24,2021-09-04 15:01:17,W 47 St & 6 Ave,6667,Madison Ave & E 82 St,7188,40.758397,-73.98255,40.7781314,-73.96069399,member
1787680,9F3972389851C8E0,classic_bike,2021-09-18 14:56:12,2021-09-18 15:21:06,Central Park S & 6 Ave,6876,Madison Ave & E 82 St,7188,40.76590936,-73.97634151,40.7781314,-73.96069399,casual
1787686,1DCDD43F3167DF2B,classic_bike,2021-09-16 17:28:49,2021-09-16 18:02:12,Central Park S & 6 Ave,6876,Madison Ave & E 82 St,7188,40.76590936,-73.97634151,40.7781314,-73.96069399,casual
1787687,4964BA18D5E0E4F2,classic_bike,2021-09-20 12:57:21,2021-09-20 13:12:51,Central Park S & 6 Ave,6876,Madison Ave & E 82 St,7188,40.76590936,-73.97634151,40.7781314,-73.96069399,casual
1787696,F8C6FDF67F38ED8D,electric_bike,2021-09-15 12:20:58,2021-09-15 12:31:34,E 63 St & 3 Ave,6830,Madison Ave & E 82 St,7188,40.763954,-73.9646,40.7781314,-73.96069399,casual
1787712,1C087BE4B50236CF,classic_bike,2021-09-06 14:05:36,2021-09-06 14:20:57,Central Park S & 6 Ave,6876,Madison Ave & E 82 St,7188,40.76590936,-73.97634151,40.7781314,-73.96069399,member
1787721,CE0B2A7FD92B1304,classic_bike,2021-09-26 11:02:48,2021-09-26 12:04:21,Central Park S & 6 Ave,6876,Madison Ave & E 82 St,7188,40.76590936,-73.97634151,40.7781314,-73.96069399,casual
1787725,8DF385A997819059,classic_bike,2021-09-11 10:40:43,2021-09-11 11:19:15,Central Park S & 6 Ave,6876,Madison Ave & E 82 St,7188,40.76590936,-73.97634151,40.7781314,-73.96069399,casual
1787751,FE1CDC42F23CCE6D,classic_bike,2021-09-05 14:59:55,2021-09-05 15:15:31,E 63 St & 3 Ave,6830,Madison Ave & E 82 St,7188,40.763954,-73.9646,40.7781314,-73.96069399,casual
1787766,AC8BD737309717DC,classic_bike,2021-09-10 10:09:02,2021-09-10 10:22:23,Central Park S & 6 Ave,6876,Madison Ave & E 82 St,7188,40.76590936,-73.97634151,40.7781314,-73.96069399,casual
1787771,3AB82012168A4D90,classic_bike,2021-09-02 15:41:34,2021-09-02 15:51:19,E 93 St & 2 Ave,7286,Madison Ave & E 82 St,7188,40.782454175279874,-73.9489196240902,40.7781314,-73.96069399,member
1787815,897B0362676F05B0,classic_bike,2021-09-13 21:06:29,2021-09-13 21:27:10,W 42 St & 8 Ave,6602,Madison Ave & E 82 St,7188,40.7575699,-73.99098507,40.7781314,-73.96069399,member
1787828,847A58E9B9C82486,classic_bike,2021-09-12 19:31:36,2021-09-12 19:39:15,E 93 St & 2 Ave,7286,Madison Ave & E 82 St,7188,40.782454175279874,-73.9489196240902,40.7781314,-73.96069399,member
1787849,7532DCC744414CF6,classic_bike,2021-09-18 11:57:34,2021-09-18 12:07:35,E 93 St & 2 Ave,7286,Madison Ave & E 82 St,7188,40.782454175279874,-73.9489196240902,40.7781314,-73.96069399,member
1787900,047552D6E9CF5BCF,electric_bike,2021-09-12 07:07:44,2021-09-12 07:16:20,Lexington Ave & E 111 St,7567,Madison Ave & E 82 St,7188,40.7954121,-73.9441232,40.7781314,-73.96069399,member
1787956,F78535E4AF5D5CC1,electric_bike,2021-09-21 17:09:00,2021-09-21 17:41:57,West St & Chambers St,5329,Madison Ave & E 82 St,7188,40.71754834,-74.01322069,40.7781314,-73.96069399,member
1788007,B18870CA3656CDBA,classic_bike,2021-09-15 11:26:52,2021-09-15 12:13:48,10 Ave & W 28 St,6459,Madison Ave & E 82 St,7188,40.75066386,-74.00176802,40.7781314,-73.96069399,member
1788159,0413D5EDDCB89E5C,classic_bike,2021-09-11 13:19:16,2021-09-11 14:05:06,Avenue C & E 18 St,5769,Madison Ave & E 82 St,7188,40.730563,-73.973984,40.7781314,-73.96069399,member
1788165,A9732621E8E0C0A7,classic_bike,2021-09-16 17:42:20,2021-09-16 17:56:59,W 106 St & Central Park West,7606,Madison Ave & E 82 St,7188,40.7981856,-73.9605909006,40.7781314,-73.96069399,member
1788233,92A2A5BB12D8A2E2,classic_bike,2021-09-12 11:54:36,2021-09-12 12:19:51,W 106 St & Central Park West,7606,Madison Ave & E 82 St,7188,40.7981856,-73.9605909006,40.7781314,-73.96069399,casual
1788296,00D8E22F929A637C,classic_bike,2021-09-15 16:52:53,2021-09-15 17:08:14,E 47 St & Park Ave,6584,Madison Ave & E 82 St,7188,40.75510267,-73.97498696,40.7781314,-73.96069399,member
1788330,3F5CCE6FE2BE29B4,electric_bike,2021-09-27 20:26:38,2021-09-27 20:45:47,W 59 St & 10 Ave,7023,Madison Ave & E 82 St,7188,40.770513,-73.988038,40.7781314,-73.96069399,member
1788331,01B536737FBB8262,classic_bike,2021-09-28 18:00:54,2021-09-28 18:19:23,W 59 St & 10 Ave,7023,Madison Ave & E 82 St,7188,40.770513,-73.988038,40.7781314,-73.96069399,member
1788332,6CF6562469315E48,electric_bike,2021-09-26 16:38:52,2021-09-26 16:52:33,W 59 St & 10 Ave,7023,Madison Ave & E 82 St,7188,40.770513,-73.988038,40.7781314,-73.96069399,member
1788334,E8D48D9FD7C9D99C,electric_bike,2021-09-13 20:06:57,2021-09-13 20:23:04,W 59 St & 10 Ave,7023,Madison Ave & E 82 St,7188,40.770513,-73.988038,40.7781314,-73.96069399,member
1788336,E43AAB5BB4C84156,classic_bike,2021-09-02 10:43:58,2021-09-02 10:59:14,W 106 St & Central Park West,7606,Madison Ave & E 82 St,7188,40.7981856,-73.9605909006,40.7781314,-73.96069399,member
1788340,12D1388ACB03F607,classic_bike,2021-09-13 08:56:08,2021-09-13 09:10:57,W 106 St & Central Park West,7606,Madison Ave & E 82 St,7188,40.7981856,-73.9605909006,40.7781314,-73.96069399,casual
1788347,1351D2929BFA57D1,classic_bike,2021-09-11 14:13:18,2021-09-11 14:43:35,W 106 St & Central Park West,7606,Madison Ave & E 82 St,7188,40.7981856,-73.9605909006,40.7781314,-73.96069399,casual
1788349,FED7E30611D50CBB,classic_bike,2021-09-26 16:27:12,2021-09-26 16:35:01,E 91 St & Park Ave,7344,Madison Ave & E 82 St,7188,40.7835016,-73.955327,40.7781314,-73.96069399,member
1788355,9631149A59C80FE6,classic_bike,2021-09-22 15:42:03,2021-09-22 15:48:58,E 91 St & Park Ave,7344,Madison Ave & E 82 St,7188,40.7835016,-73.955327,40.7781314,-73.96069399,member
1788361,FE5FE0DC7E93B9EB,classic_bike,2021-09-12 13:04:29,2021-09-12 13:12:18,E 91 St & Park Ave,7344,Madison Ave & E 82 St,7188,40.7835016,-73.955327,40.7781314,-73.96069399,casual
1788366,F03E15EDC7A20F04,classic_bike,2021-09-06 11:54:13,2021-09-06 12:08:30,W 106 St & Central Park West,7606,Madison Ave & E 82 St,7188,40.7981856,-73.9605909006,40.7781314,-73.96069399,member
1788380,44D10031D296A1F5,electric_bike,2021-09-23 15:04:26,2021-09-23 15:23:33,W 89 St & Columbus Ave,7432,Madison Ave & E 82 St,7188,40.7882213,-73.97041561,40.7781314,-73.96069399,casual
1788525,5EA9F005564DCAC4,classic_bike,2021-09-22 10:46:20,2021-09-22 10:51:27,E 91 St & Park Ave,7344,Madison Ave & E 82 St,7188,40.7835016,-73.955327,40.7781314,-73.96069399,member
1788536,FAF43095A4063149,electric_bike,2021-09-25 07:43:34,2021-09-25 08:27:08,W 15 St & 6 Ave,5989,Madison Ave & E 82 St,7188,40.738046142482766,-73.99642959237099,40.7781314,-73.96069399,member
1788604,6E4D2D38BC78556D,electric_bike,2021-09-03 09:51:01,2021-09-03 10:16:37,Willis Ave & E 141 St,7759,Madison Ave & E 82 St,7188,40.81093,-73.921606,40.7781314,-73.96069399,member
1788620,CC8FA3AD2876CAEB,classic_bike,2021-09-03 13:43:38,2021-09-03 14:02:09,Amsterdam Ave & W 73 St,7260,Madison Ave & E 82 St,7188,40.77966809007312,-73.98093044757842,40.7781314,-73.96069399,casual
1788631,56D4EB2376B75E3F,classic_bike,2021-09-22 08:07:41,2021-09-22 08:19:07,Amsterdam Ave & W 73 St,7260,Madison Ave & E 82 St,7188,40.77966809007312,-73.98093044757842,40.7781314,-73.96069399,member
1788768,DC1A63846B77F3E3,classic_bike,2021-09-02 18:36:14,2021-09-02 18:44:10,5 Ave & E 72 St,7100,Madison Ave & E 82 St,7188,40.77282817,-73.96685276,40.7781314,-73.96069399,casual
1788788,B09363CC06830096,classic_bike,2021-09-27 18:34:27,2021-09-27 18:38:23,5 Ave & E 72 St,7100,Madison Ave & E 82 St,7188,40.77282817,-73.96685276,40.7781314,-73.96069399,member
1788795,F07F95DF5A5E24D2,electric_bike,2021-09-22 15:55:05,2021-09-22 16:03:34,5 Ave & E 72 St,7100,Madison Ave & E 82 St,7188,40.77282817,-73.96685276,40.7781314,-73.96069399,casual
1788797,2E50C0EADA7BF66C,classic_bike,2021-09-08 17:44:12,2021-09-08 17:51:39,5 Ave & E 72 St,7100,Madison Ave & E 82 St,7188,40.77282817,-73.96685276,40.7781314,-73.96069399,casual
1788803,E87B7BDCBE72FC4F,classic_bike,2021-09-28 08:06:20,2021-09-28 08:11:30,5 Ave & E 72 St,7100,Madison Ave & E 82 St,7188,40.77282817,-73.96685276,40.7781314,-73.96069399,member
1788804,A97A8C1494630E8B,electric_bike,2021-09-10 21:05:07,2021-09-10 21:11:07,Central Park West & W 85 St,7354,Madison Ave & E 82 St,7188,40.78476,-73.969862,40.7781314,-73.96069399,member
1788805,37B18FDB413C7EC7,electric_bike,2021-09-20 17:17:57,2021-09-20 17:23:24,5 Ave & E 72 St,7100,Madison Ave & E 82 St,7188,40.77282817,-73.96685276,40.7781314,-73.96069399,member
1788819,24A252C2A140A406,classic_bike,2021-09-02 12:44:08,2021-09-02 13:06:08,Central Park S & 6 Ave,6876,Madison Ave & E 82 St,7188,40.76590936,-73.97634151,40.7781314,-73.96069399,casual
1788820,9CCD0001DE34B083,classic_bike,2021-09-08 16:52:19,2021-09-08 18:18:55,Central Park S & 6 Ave,6876,Madison Ave & E 82 St,7188,40.76590936,-73.97634151,40.7781314,-73.96069399,casual
1788861,1F5DEA3E144FD7F9,classic_bike,2021-09-30 13:33:50,2021-09-30 13:57:01,5 Ave & E 72 St,7100,Madison Ave & E 82 St,7188,40.77282817,-73.96685276,40.7781314,-73.96069399,member
1788867,BD01CC97550F0748,docked_bike,2021-09-06 00:17:58,2021-09-06 00:41:32,Central Park West & W 85 St,7354,Madison Ave & E 82 St,7188,40.78476,-73.969862,40.778131,-73.960694,casual
1788868,5D05CEC423941FA6,electric_bike,2021-09-27 16:30:28,2021-09-27 16:34:40,5 Ave & E 72 St,7100,Madison Ave & E 82 St,7188,40.77282817,-73.96685276,40.7781314,-73.96069399,member
1788880,0EC9BEDF48D37809,classic_bike,2021-09-18 16:52:21,2021-09-18 17:45:34,Central Park West & W 85 St,7354,Madison Ave & E 82 St,7188,40.78476,-73.969862,40.7781314,-73.96069399,casual
1788889,CEA909D2DB66E9D9,classic_bike,2021-09-21 08:00:18,2021-09-21 08:08:06,Central Park West & W 85 St,7354,Madison Ave & E 82 St,7188,40.78476,-73.969862,40.7781314,-73.96069399,member
1788902,8C0EF245829618EB,classic_bike,2021-09-21 11:33:18,2021-09-21 11:49:56,Central Park S & 6 Ave,6876,Madison Ave & E 82 St,7188,40.76590936,-73.97634151,40.7781314,-73.96069399,casual
1788921,C8E53F7AA54FCA6A,classic_bike,2021-09-13 15:11:49,2021-09-13 15:17:19,5 Ave & E 72 St,7100,Madison Ave & E 82 St,7188,40.77282817,-73.96685276,40.7781314,-73.96069399,member
1788945,F4E344136C7F37FC,classic_bike,2021-09-19 15:23:25,2021-09-19 15:30:40,5 Ave & E 72 St,7100,Madison Ave & E 82 St,7188,40.77282817,-73.96685276,40.7781314,-73.96069399,member
1788989,C3F0F1F4B245C455,classic_bike,2021-09-14 13:31:06,2021-09-14 13:41:52,5 Ave & E 72 St,7100,Madison Ave & E 82 St,7188,40.77282817,-73.96685276,40.7781314,-73.96069399,casual
1788991,0DB175EB1581E1B2,classic_bike,2021-09-20 12:34:59,2021-09-20 12:52:07,Central Park West & W 85 St,7354,Madison Ave & E 82 St,7188,40.78476,-73.969862,40.7781314,-73.96069399,casual
1789006,1B3388C32CE3A10F,classic_bike,2021-09-30 14:51:47,2021-09-30 15:09:01,Broadway & W 51 St,6779,Madison Ave & E 82 St,7188,40.76228826,-73.98336183,40.7781314,-73.96069399,member
1789095,0C3A08547E5BA62E,docked_bike,2021-09-06 12:38:02,2021-09-06 12:59:04,5 Ave & E 103 St,7511,Madison Ave & E 82 St,7188,40.792255,-73.952499,40.778131,-73.960694,casual
1789155,A75280D7F357EBFF,classic_bike,2021-09-19 20:04:36,2021-09-19 20:09:30,E 85 St & 3 Ave,7212,Madison Ave & E 82 St,7188,40.77801203,-73.95407149,40.7781314,-73.96069399,member
1789161,BCB450CD1FDA0AFE,classic_bike,2021-09-27 06:39:24,2021-09-27 06:48:22,E 85 St & York Ave,7146,Madison Ave & E 82 St,7188,40.77536905,-73.94803392,40.7781314,-73.96069399,member
1789166,0F5E0720BC3C660D,classic_bike,2021-09-29 14:03:44,2021-09-29 14:11:40,E 66 St & Madison Ave,6969,Madison Ave & E 82 St,7188,40.76800889305947,-73.96845281124115,40.7781314,-73.96069399,member
1789168,1459CB45A2714D70,classic_bike,2021-09-29 20:39:21,2021-09-29 21:44:53,Broadway & W 51 St,6779,Madison Ave & E 82 St,7188,40.76228826,-73.98336183,40.7781314,-73.96069399,member
1789170,A3917B9FE8CAC28D,classic_bike,2021-09-11 11:34:50,2021-09-11 12:08:09,W 110 St & Amsterdam Ave,7646,Madison Ave & E 82 St,7188,40.802692,-73.96295,40.7781314,-73.96069399,casual
1789199,019FEC0176F80B32,electric_bike,2021-09-12 10:42:18,2021-09-12 10:59:52,5 Ave & E 103 St,7511,Madison Ave & E 82 St,7188,40.7922553,-73.95249933,40.7781314,-73.96069399,casual
1789219,D7A7A8B246E4A51C,classic_bike,2021-09-22 18:42:37,2021-09-22 18:48:49,E 66 St & Madison Ave,6969,Madison Ave & E 82 St,7188,40.76800889305947,-73.96845281124115,40.7781314,-73.96069399,member
1789225,4A16B40F7E1FEBB8,classic_bike,2021-09-03 14:34:08,2021-09-03 20:38:07,E 66 St & Madison Ave,6969,Madison Ave & E 82 St,7188,40.76800889305947,-73.96845281124115,40.7781314,-73.96069399,casual
1789244,D3B6E16776E047FA,classic_bike,2021-09-06 12:24:40,2021-09-06 12:54:37,E 66 St & Madison Ave,6969,Madison Ave & E 82 St,7188,40.76800889305947,-73.96845281124115,40.7781314,-73.96069399,casual
1789265,9D5C2150A9984099,docked_bike,2021-09-25 10:18:07,2021-09-25 10:28:01,E 66 St & Madison Ave,6969,Madison Ave & E 82 St,7188,40.768009,-73.968453,40.778131,-73.960694,casual
1789266,E04F3EEA18E83789,electric_bike,2021-09-21 10:02:17,2021-09-21 10:10:19,E 66 St & Madison Ave,6969,Madison Ave & E 82 St,7188,40.76800889305947,-73.96845281124115,40.7781314,-73.96069399,casual
1789279,03CDFD4F5002BD8C,electric_bike,2021-09-05 18:31:29,2021-09-05 18:38:18,E 81 St & Park Ave,7188,Madison Ave & E 82 St,7188,40.77677702,-73.9590097,40.7781314,-73.96069399,member
1789280,CD60A4F425DA7EA4,docked_bike,2021-09-12 18:13:12,2021-09-12 19:22:17,E 81 St & Park Ave,7188,Madison Ave & E 82 St,7188,40.776777,-73.95901,40.778131,-73.960694,casual
1789282,05FC7B9D26BFFC07,classic_bike,2021-09-17 23:34:36,2021-09-17 23:36:05,E 81 St & Park Ave,7188,Madison Ave & E 82 St,7188,40.77677702,-73.9590097,40.7781314,-73.96069399,member
1789285,49AD3EDFB65D8602,classic_bike,2021-09-18 13:39:39,2021-09-18 14:05:13,Columbus Ave & W 95 St,7520,Madison Ave & E 82 St,7188,40.7919557,-73.968087,40.7781314,-73.96069399,member
1789286,FD144A226EC24575,classic_bike,2021-09-25 13:40:03,2021-09-25 14:08:45,Columbus Ave & W 95 St,7520,Madison Ave & E 82 St,7188,40.7919557,-73.968087,40.7781314,-73.96069399,member
1789287,76C39121A1163093,classic_bike,2021-09-11 18:47:43,2021-09-11 18:56:24,E 81 St & Park Ave,7188,Madison Ave & E 82 St,7188,40.77677702,-73.9590097,40.7781314,-73.96069399,member
1789288,A085342C92ADFFB7,classic_bike,2021-09-18 09:56:50,2021-09-18 10:07:26,E 81 St & Park Ave,7188,Central Park West & W 68 St,7079,40.77677702,-73.9590097,40.7734066,-73.97782542,casual
1789290,C5FA2896002C1C51,classic_bike,2021-09-18 11:40:19,2021-09-18 11:58:54,Adam Clayton Powell Blvd & W 115 St,7643,Madison Ave & E 82 St,7188,40.802535,-73.9532423,40.7781314,-73.96069399,member
1789331,2222AFA4316D8517,classic_bike,2021-09-19 16:19:00,2021-09-19 16:42:26,W 43 St & 10 Ave,6756,Madison Ave & E 82 St,7188,40.76009437,-73.99461843,40.7781314,-73.96069399,member
1789355,9ED944AE49C97562,classic_bike,2021-09-05 11:29:50,2021-09-05 11:58:18,E 39 St & Lexington Ave,6389,Madison Ave & E 82 St,7188,40.7494985460252,-73.97729203113158,40.7781314,-73.96069399,casual
1789370,3C45FAF8B5AFF3B0,electric_bike,2021-09-25 10:08:09,2021-09-25 10:28:07,W 95 St & Broadway,7541,Madison Ave & E 82 St,7188,40.7937704,-73.971888,40.7781314,-73.96069399,member
1789382,F3590B31A0AE9313,classic_bike,2021-09-17 18:38:44,2021-09-17 19:12:13,Central Park West & W 76 St,7253,Madison Ave & E 82 St,7188,40.77896784,-73.97374737,40.7781314,-73.96069399,casual
1789384,AEEC110625E13F0F,classic_bike,2021-09-25 15:24:15,2021-09-25 15:43:09,E 81 St & Park Ave,7188,W 67 St & Broadway,7116,40.77677702,-73.9590097,40.77492513,-73.98266566,member
1789395,8730466C514FD8BB,electric_bike,2021-09-16 20:31:09,2021-09-16 20:41:20,Central Park West & W 76 St,7253,Madison Ave & E 82 St,7188,40.77896784,-73.97374737,40.7781314,-73.96069399,casual
1789435,C6C29387E2DD3309,classic_bike,2021-09-15 06:47:14,2021-09-15 07:12:59,Queens Plaza North & Crescent St,6429,Madison Ave & E 82 St,7188,40.75110165,-73.94073717,40.7781314,-73.96069399,member
1789478,AE4047DC191115E4,electric_bike,2021-09-12 12:30:16,2021-09-12 12:48:28,Pershing Square North,6432,Madison Ave & E 82 St,7188,40.751873,-73.977706,40.7781314,-73.96069399,casual
1789481,1C4E27B721AE607A,classic_bike,2021-09-05 14:47:44,2021-09-05 14:51:46,E 81 St & 3 Ave,7154,Madison Ave & E 82 St,7188,40.77573034,-73.9567526,40.7781314,-73.96069399,member
1789536,8AA36D4EAF542D02,classic_bike,2021-09-17 18:09:27,2021-09-17 18:28:17,5 Ave & W 131 St,7735,Madison Ave & E 82 St,7188,40.81014,-73.93973,40.7781314,-73.96069399,casual
1789590,7B49947C4F3C94EE,electric_bike,2021-09-11 20:38:33,2021-09-11 20:58:09,E 81 St & 3 Ave,7154,Madison Ave & E 82 St,7188,40.77573034,-73.9567526,40.7781314,-73.96069399,casual
1789592,DF21AEB16829C66E,classic_bike,2021-09-12 11:57:27,2021-09-12 12:01:46,E 81 St & 3 Ave,7154,Madison Ave & E 82 St,7188,40.77573034,-73.9567526,40.7781314,-73.96069399,member
1789600,072DA3F9FD27371E,classic_bike,2021-09-19 20:19:10,2021-09-19 20:27:21,E 81 St & 3 Ave,7154,Madison Ave & E 82 St,7188,40.77573034,-73.9567526,40.7781314,-73.96069399,member
1789614,1343809C5827E8B1,classic_bike,2021-09-16 19:11:59,2021-09-16 19:29:42,W 44 St & 5 Ave,6551,Madison Ave & E 82 St,7188,40.75500254,-73.98014437,40.7781314,-73.96069399,member
1789638,DBAA575EE20E1E39,electric_bike,2021-09-12 09:03:31,2021-09-12 09:29:37,47 Ave & 31 St,6151,Madison Ave & E 82 St,7188,40.743,-73.93561,40.7781314,-73.96069399,casual
1789644,863CA927CB73EFB6,classic_bike,2021-09-12 16:53:01,2021-09-12 16:57:50,E 81 St & 3 Ave,7154,Madison Ave & E 82 St,7188,40.77573034,-73.9567526,40.7781314,-73.96069399,member
1789653,D17C7788307B69B7,classic_bike,2021-09-12 11:22:14,2021-09-12 11:43:46,Pershing Square North,6432,Madison Ave & E 82 St,7188,40.751873,-73.977706,40.7781314,-73.96069399,casual
1789655,DA1B57765AD9D991,classic_bike,2021-09-12 11:22:44,2021-09-12 11:44:01,Pershing Square North,6432,Madison Ave & E 82 St,7188,40.751873,-73.977706,40.7781314,-73.96069399,casual
1789690,F622288E3B3B1ED2,classic_bike,2021-09-09 15:18:03,2021-09-09 15:36:42,Riverside Dr & W 104 St,7623,Madison Ave & E 82 St,7188,40.8013434,-73.9711457439,40.7781314,-73.96069399,casual
1789699,193CA2FF7D86846D,classic_bike,2021-09-11 11:58:25,2021-09-11 12:08:52,2 Ave & E 96 St,7338,Madison Ave & E 82 St,7188,40.7839636,-73.9471673,40.7781314,-73.96069399,member
1789710,DDFB1B25D6D98025,classic_bike,2021-09-19 12:32:32,2021-09-19 13:02:32,Riverside Dr & W 104 St,7623,Madison Ave & E 82 St,7188,40.8013434,-73.9711457439,40.7781314,-73.96069399,casual
1789749,5A2ED2EAD97FBA0A,classic_bike,2021-09-24 18:11:43,2021-09-24 18:23:15,Riverside Dr & W 91 St,7524,Madison Ave & E 82 St,7188,40.79313480986663,-73.97700369358063,40.7781314,-73.96069399,casual
1789750,F23EC9A19A635C82,classic_bike,2021-09-26 15:53:00,2021-09-26 16:19:33,1 Ave & E 62 St,6753,Madison Ave & E 82 St,7188,40.7612274,-73.96094022,40.7781314,-73.96069399,member
1789756,8DC471D0DF84E56F,electric_bike,2021-09-23 12:54:50,2021-09-23 13:20:07,W 44 St & 5 Ave,6551,Madison Ave & E 82 St,7188,40.75500254,-73.98014437,40.7781314,-73.96069399,casual
1789773,36E827E40C08C44F,electric_bike,2021-09-10 15:33:26,2021-09-10 15:52:38,Riverside Dr & W 91 St,7524,Madison Ave & E 82 St,7188,40.79313480986663,-73.97700369358063,40.7781314,-73.96069399,member
1789784,84B8506961103126,electric_bike,2021-09-14 16:30:20,2021-09-14 17:11:08,2 Ave & E 96 St,7338,Madison Ave & E 82 St,7188,40.7839636,-73.9471673,40.7781314,-73.96069399,member
1789789,80BF4B2076364040,electric_bike,2021-09-03 17:07:46,2021-09-03 17:18:31,2 Ave & E 96 St,7338,Madison Ave & E 82 St,7188,40.7839636,-73.9471673,40.7781314,-73.96069399,casual
1789791,E1E5AE71945791B6,classic_bike,2021-09-18 18:50:39,2021-09-18 19:20:08,Cathedral Pkwy & Broadway,7680,Madison Ave & E 82 St,7188,40.804213,-73.96699104,40.7781314,-73.96069399,casual
1789828,0C40110B219B6028,classic_bike,2021-09-18 12:09:48,2021-09-18 12:20:43,Riverside Dr & W 91 St,7524,Madison Ave & E 82 St,7188,40.79313480986663,-73.97700369358063,40.7781314,-73.96069399,member
1789830,0D89791D2B09E119,classic_bike,2021-09-18 16:19:35,2021-09-18 16:29:39,3 Ave & E 71 St,6960,Madison Ave & E 82 St,7188,40.76873687,-73.96119945,40.7781314,-73.96069399,member
1789840,423837F5EFCFC3F2,classic_bike,2021-09-24 16:22:35,2021-09-24 16:36:15,E 48 St & 5 Ave,6626,Madison Ave & E 82 St,7188,40.75724567911726,-73.97805914282799,40.7781314,-73.96069399,casual
1789957,A2771E4F3A70C09E,electric_bike,2021-09-29 14:31:04,2021-09-29 15:17:40,5 Ave & E 78 St,7161,Madison Ave & E 82 St,7188,40.77632142182271,-73.96427392959595,40.7781314,-73.96069399,casual
1789970,3C601F5D2D58C139,classic_bike,2021-09-27 12:38:39,2021-09-27 12:49:23,5 Ave & E 78 St,7161,Madison Ave & E 82 St,7188,40.77632142182271,-73.96427392959595,40.7781314,-73.96069399,casual
1789986,7D5E059093A67B88,electric_bike,2021-09-16 12:30:17,2021-09-16 12:44:30,5 Ave & E 78 St,7161,Madison Ave & E 82 St,7188,40.77632142182271,-73.96427392959595,40.7781314,-73.96069399,casual
1790026,B9B4775C43292B77,classic_bike,2021-09-12 06:28:50,2021-09-12 06:40:44,3 Ave & E 72 St,7028,Madison Ave & E 82 St,7188,40.7699426,-73.96060712,40.7781314,-73.96069399,member
1790035,6D7F1E9AC01F1ED9,classic_bike,2021-09-11 11:41:51,2021-09-11 11:52:33,Central Park West & W 76 St,7253,Madison Ave & E 82 St,7188,40.77896784,-73.97374737,40.7781314,-73.96069399,casual
1790042,2A6320B4C56129EC,classic_bike,2021-09-25 20:58:11,2021-09-25 21:17:10,Central Park West & W 76 St,7253,Madison Ave & E 82 St,7188,40.77896784,-73.97374737,40.7781314,-73.96069399,member
1790051,9C41DFEC7D4EA9DB,classic_bike,2021-09-21 16:04:42,2021-09-21 16:13:17,3 Ave & E 72 St,7028,Madison Ave & E 82 St,7188,40.7699426,-73.96060712,40.7781314,-73.96069399,member
1790055,7E760DE25C96129E,docked_bike,2021-09-25 17:27:54,2021-09-25 17:56:07,Central Park West & W 76 St,7253,Madison Ave & E 82 St,7188,40.778968,-73.973747,40.778131,-73.960694,casual
1790085,D62190D43D4B3DEB,classic_bike,2021-09-02 08:44:38,2021-09-02 09:18:02,St Nicholas Ave & W 150 St,8013,Madison Ave & E 82 St,7188,40.827212,-73.942722,40.7781314,-73.96069399,member
1790120,D9CCAC1D4937A9E2,classic_bike,2021-09-08 01:31:42,2021-09-08 01:35:30,5 Ave & E 78 St,7161,Madison Ave & E 82 St,7188,40.77632142182271,-73.96427392959595,40.7781314,-73.96069399,member
1790158,23046B1AE1A09C53,classic_bike,2021-09-26 11:44:18,2021-09-26 11:51:46,E 66 St & Madison Ave,6969,Madison Ave & E 82 St,7188,40.76800889305947,-73.96845281124115,40.7781314,-73.96069399,member
1790171,98B70BBCF10473B5,electric_bike,2021-09-05 11:44:18,2021-09-05 12:19:55,8 Ave & W 33 St,6450,Madison Ave & E 82 St,7188,40.751551,-73.993934,40.7781314,-73.96069399,casual
1790188,68242A9A8CAD9F2C,classic_bike,2021-09-19 13:56:16,2021-09-19 14:39:26,8 Ave & W 33 St,6450,Madison Ave & E 82 St,7188,40.751551,-73.993934,40.7781314,-73.96069399,casual
1790208,61F36DE5DD5312E6,classic_bike,2021-09-02 09:22:44,2021-09-02 10:06:12,8 Ave & W 33 St,6450,Madison Ave & E 82 St,7188,40.751551,-73.993934,40.7781314,-73.96069399,casual
1790218,228510387776CEB6,classic_bike,2021-09-18 20:11:09,2021-09-18 20:25:44,W 70 St & Amsterdam Ave,7207,Madison Ave & E 82 St,7188,40.77748046,-73.98288594,40.7781314,-73.96069399,member
1790250,952AA438727E15CD,electric_bike,2021-09-07 12:56:37,2021-09-07 13:09:25,E 66 St & Madison Ave,6969,Madison Ave & E 82 St,7188,40.76800889305947,-73.96845281124115,40.7781314,-73.96069399,casual
1790271,1306F9754CE7400D,electric_bike,2021-09-20 14:26:25,2021-09-20 14:28:52,E 81 St & 3 Ave,7154,Madison Ave & E 82 St,7188,40.77573034,-73.9567526,40.7781314,-73.96069399,member
1790277,BE8C29D4A1292EC5,classic_bike,2021-09-16 07:33:05,2021-09-16 08:03:56,E 82 St & East End Ave,7049,Madison Ave & E 82 St,7188,40.7724607,-73.9468208,40.7781314,-73.96069399,member
1790278,F299AAA23C168317,classic_bike,2021-09-13 18:43:07,2021-09-13 19:02:56,W 70 St & Amsterdam Ave,7207,Madison Ave & E 82 St,7188,40.77748046,-73.98288594,40.7781314,-73.96069399,member
1790351,2D4C3CD7F1A152D5,classic_bike,2021-09-18 12:04:30,2021-09-18 12:36:13,Lenox Ave & W 111 St,7602,Madison Ave & E 82 St,7188,40.7987859,-73.9523,40.7781314,-73.96069399,casual
1790360,67D12550FD74BDA8,classic_bike,2021-09-17 14:55:35,2021-09-17 15:53:41,6 Ave & W 33 St,6364,Madison Ave & E 82 St,7188,40.74901271,-73.98848395,40.7781314,-73.96069399,casual
1790362,12E2BE897963829E,classic_bike,2021-09-27 15:11:45,2021-09-27 15:54:41,6 Ave & W 33 St,6364,Madison Ave & E 82 St,7188,40.74901271,-73.98848395,40.7781314,-73.96069399,casual
1790411,061A822EA7819265,electric_bike,2021-09-15 08:31:35,2021-09-15 08:50:06,W 44 St & 11 Ave,6756,Madison Ave & E 82 St,7188,40.762009,-73.996975,40.7781314,-73.96069399,casual
1790457,E656949152A02E5D,classic_bike,2021-09-16 15:24:31,2021-09-16 15:33:15,5 Ave & E 72 St,7100,Madison Ave & E 82 St,7188,40.77282817,-73.96685276,40.7781314,-73.96069399,member
1790466,83B16B89DB4520D5,classic_bike,2021-09-11 20:04:43,2021-09-11 20:27:15,Central Park West & W 85 St,7354,Madison Ave & E 82 St,7188,40.78476,-73.969862,40.7781314,-73.96069399,casual
1790483,2FACABC704B4503C,classic_bike,2021-09-06 15:40:31,2021-09-06 15:59:43,Frederick Douglass Blvd & W 112 St,7631,Madison Ave & E 82 St,7188,40.801694,-73.957145,40.7781314,-73.96069399,member
1790485,3467BB57912FEBED,classic_bike,2021-09-19 15:39:50,2021-09-19 15:55:35,Frederick Douglass Blvd & W 112 St,7631,Madison Ave & E 82 St,7188,40.801694,-73.957145,40.7781314,-73.96069399,member
1790513,ABA7AE010D3EC383,classic_bike,2021-09-19 13:16:43,2021-09-19 13:59:47,Frederick Douglass Blvd & W 112 St,7631,Madison Ave & E 82 St,7188,40.801694,-73.957145,40.7781314,-73.96069399,casual
1790538,89CE44E03C578235,classic_bike,2021-09-20 08:28:11,2021-09-20 08:55:37,Frederick Douglass Blvd & W 112 St,7631,Madison Ave & E 82 St,7188,40.801694,-73.957145,40.7781314,-73.96069399,casual
1790545,86F7AC97E77ABDB3,electric_bike,2021-09-11 15:44:01,2021-09-11 15:54:38,Frederick Douglass Blvd & W 112 St,7631,Madison Ave & E 82 St,7188,40.801694,-73.957145,40.7781314,-73.96069399,member
1790551,FEB1A1355A6A7660,classic_bike,2021-09-17 09:37:05,2021-09-17 09:55:01,Frederick Douglass Blvd & W 112 St,7631,Madison Ave & E 82 St,7188,40.801694,-73.957145,40.7781314,-73.96069399,casual
1790557,D0167C33A09F927A,electric_bike,2021-09-25 06:47:04,2021-09-25 06:54:48,Amsterdam Ave & W 73 St,7260,Madison Ave & E 82 St,7188,40.77966809007312,-73.98093044757842,40.7781314,-73.96069399,casual
1790589,33C27D9A3F7FC895,classic_bike,2021-09-21 08:27:16,2021-09-21 08:36:11,E 66 St & Madison Ave,6969,Madison Ave & E 82 St,7188,40.76800889305947,-73.96845281124115,40.7781314,-73.96069399,member
1790590,FCCE2E501268FFD8,classic_bike,2021-09-20 17:38:10,2021-09-20 17:47:15,E 85 St & York Ave,7146,Madison Ave & E 82 St,7188,40.77536905,-73.94803392,40.7781314,-73.96069399,member
1790595,F945DFED56AB9CFD,classic_bike,2021-09-29 18:35:13,2021-09-29 18:42:22,E 66 St & Madison Ave,6969,Madison Ave & E 82 St,7188,40.76800889305947,-73.96845281124115,40.7781314,-73.96069399,casual
1790599,F527ADA939193C66,classic_bike,2021-09-04 15:13:08,2021-09-04 15:21:50,E 85 St & York Ave,7146,Madison Ave & E 82 St,7188,40.77536905,-73.94803392,40.7781314,-73.96069399,casual
1790666,07CCA0D7EACD58ED,classic_bike,2021-09-19 13:03:57,2021-09-19 13:15:24,E 91 St & Park Ave,7344,Madison Ave & E 82 St,7188,40.7835016,-73.955327,40.7781314,-73.96069399,member
1790702,A3CE0C72E1C4B365,electric_bike,2021-09-15 15:23:28,2021-09-15 15:29:49,E 66 St & Madison Ave,6969,Madison Ave & E 82 St,7188,40.76800889305947,-73.96845281124115,40.7781314,-73.96069399,member
1790719,B2F90C95E768A9C4,classic_bike,2021-09-05 13:47:10,2021-09-05 14:29:58,E 41 St & Madison Ave,6474,Madison Ave & E 82 St,7188,40.752165280621966,-73.97992193698882,40.7781314,-73.96069399,casual
1790745,ECFD5F726DF4FF56,classic_bike,2021-09-01 15:52:28,2021-09-01 16:06:07,E 41 St & Madison Ave,6474,Madison Ave & E 82 St,7188,40.752165280621966,-73.97992193698882,40.7781314,-73.96069399,member
1790768,28B4158306D0DD7B,classic_bike,2021-09-28 08:28:45,2021-09-28 08:53:06,W 11 St & 6 Ave,5914,Madison Ave & E 82 St,7188,40.73532427,-73.99800419,40.7781314,-73.96069399,member
1790775,59FA55F1D4512226,electric_bike,2021-09-19 10:11:01,2021-09-19 10:23:06,E 41 St & Madison Ave,6474,Madison Ave & E 82 St,7188,40.752165280621966,-73.97992193698882,40.7781314,-73.96069399,member
1790785,9C472850220A0927,classic_bike,2021-09-17 17:04:44,2021-09-17 17:08:47,E 91 St & Park Ave,7344,Madison Ave & E 82 St,7188,40.7835016,-73.955327,40.7781314,-73.96069399,member
1790911,BB3D743D91C6E99C,classic_bike,2021-09-13 08:10:22,2021-09-13 08:20:48,West End Ave & W 94 St,7524,Madison Ave & E 82 St,7188,40.7941654,-73.974124,40.7781314,-73.96069399,member
1790919,FEAD0E6CB6C8CF8C,classic_bike,2021-09-20 07:53:39,2021-09-20 08:04:43,West End Ave & W 94 St,7524,Madison Ave & E 82 St,7188,40.7941654,-73.974124,40.7781314,-73.96069399,member
1790923,1726F3E922306F33,electric_bike,2021-09-30 21:10:00,2021-09-30 21:15:24,E 75 St & 3 Ave,6991,Madison Ave & E 82 St,7188,40.77112927,-73.95772297,40.7781314,-73.96069399,member
1790927,2D0003FFD390C288,electric_bike,2021-09-14 14:54:31,2021-09-14 15:13:03,Amsterdam Ave & W 119 St,7727,Madison Ave & E 82 St,7188,40.80863217506367,-73.95958609887202,40.7781314,-73.96069399,casual
1790928,282F4E43BA54A7A1,classic_bike,2021-09-17 13:19:55,2021-09-17 13:58:58,Amsterdam Ave & W 119 St,7727,Madison Ave & E 82 St,7188,40.80863217506367,-73.95958609887202,40.7781314,-73.96069399,casual
1790935,FBCB6A51EE429F3C,electric_bike,2021-09-03 15:06:36,2021-09-03 15:15:15,Madison Av & E 51 St,6659,Madison Ave & E 82 St,7188,40.75863,-73.97513,40.7781314,-73.96069399,member
1790942,9D67FEFCCF5F9F7A,classic_bike,2021-09-15 12:16:15,2021-09-15 12:27:15,Madison Av & E 51 St,6659,Madison Ave & E 82 St,7188,40.75863,-73.97513,40.7781314,-73.96069399,casual
1790946,DD466385CA9917E1,classic_bike,2021-09-20 07:49:18,2021-09-20 07:53:53,E 75 St & 3 Ave,6991,Madison Ave & E 82 St,7188,40.77112927,-73.95772297,40.7781314,-73.96069399,member
1790964,F28E98823E63332D,classic_bike,2021-09-27 15:52:48,2021-09-27 16:06:39,Madison Av & E 51 St,6659,Madison Ave & E 82 St,7188,40.75863,-73.97513,40.7781314,-73.96069399,casual
1791000,DFF5D0B5FA25F081,classic_bike,2021-09-02 11:59:42,2021-09-02 12:34:44,W 116 St & Broadway,7713,Madison Ave & E 82 St,7188,40.8082,-73.9641,40.7781314,-73.96069399,casual
1791021,640159D83375F78B,classic_bike,2021-09-20 15:33:49,2021-09-20 15:43:55,5 Ave & E 72 St,7100,Madison Ave & E 82 St,7188,40.77282817,-73.96685276,40.7781314,-73.96069399,casual
1791067,EDB504047897FFC2,classic_bike,2021-09-16 20:12:58,2021-09-16 20:30:33,W 116 St & Broadway,7713,Madison Ave & E 82 St,7188,40.8082,-73.9641,40.7781314,-73.96069399,member
1791089,828DBD6C779350CB,classic_bike,2021-09-15 06:59:58,2021-09-15 07:34:10,Washington St & Gansevoort St,6039,Madison Ave & E 82 St,7188,40.739323,-74.008119,40.7781314,-73.96069399,member
1791259,51759B89704DE437,classic_bike,2021-09-24 17:29:03,2021-09-24 18:01:36,Washington St & Gansevoort St,6039,Madison Ave & E 82 St,7188,40.739323,-74.008119,40.7781314,-73.96069399,casual
1791278,624DB24EDCBDA612,classic_bike,2021-09-14 07:08:10,2021-09-14 07:42:13,Washington St & Gansevoort St,6039,Madison Ave & E 82 St,7188,40.739323,-74.008119,40.7781314,-73.96069399,member
1791307,87829323CE67CF77,classic_bike,2021-09-10 11:42:19,2021-09-10 12:20:19,Washington St & Gansevoort St,6039,Madison Ave & E 82 St,7188,40.739323,-74.008119,40.7781314,-73.96069399,member
1791331,54D5F4B8EA0B9165,classic_bike,2021-09-25 15:02:47,2021-09-25 15:51:50,Washington St & Gansevoort St,6039,Madison Ave & E 82 St,7188,40.739323,-74.008119,40.7781314,-73.96069399,casual
1791341,6676BF717C613F1A,classic_bike,2021-09-09 14:10:27,2021-09-09 14:14:22,E 91 St & Park Ave,7344,Madison Ave & E 82 St,7188,40.7835016,-73.955327,40.7781314,-73.96069399,member
1791344,6621CAB0ABB93D78,classic_bike,2021-09-30 14:13:08,2021-09-30 14:18:00,E 91 St & Park Ave,7344,Madison Ave & E 82 St,7188,40.7835016,-73.955327,40.7781314,-73.96069399,member
1791396,ED945C09601DCB14,classic_bike,2021-09-04 13:38:26,2021-09-04 14:04:53,W 30 St & 10 Ave,6459,Madison Ave & E 82 St,7188,40.752694,-74.002353,40.7781314,-73.96069399,casual
1791415,2BB6200D1626EDF5,classic_bike,2021-09-20 15:51:02,2021-09-20 16:06:02,W 63 St & Broadway,7052,Madison Ave & E 82 St,7188,40.77163851,-73.98261428,40.7781314,-73.96069399,member
1791418,BD772620EEA4848F,classic_bike,2021-09-24 14:21:26,2021-09-24 14:24:46,E 76 St & Park Ave,7128,Madison Ave & E 82 St,7188,40.773763,-73.96222088,40.7781314,-73.96069399,member
1791419,26812553218F1D7E,classic_bike,2021-09-26 23:43:20,2021-09-26 23:47:10,E 76 St & Park Ave,7128,Madison Ave & E 82 St,7188,40.773763,-73.96222088,40.7781314,-73.96069399,member
1791443,FBFE322831C355A6,classic_bike,2021-09-30 13:06:40,2021-09-30 13:23:54,W 116 St & Amsterdam Ave,7692,Madison Ave & E 82 St,7188,40.8067581,-73.9607082,40.7781314,-73.96069399,member
1791444,8F6E49CF856101D0,classic_bike,2021-09-14 13:13:36,2021-09-14 13:30:57,W 116 St & Amsterdam Ave,7692,Madison Ave & E 82 St,7188,40.8067581,-73.9607082,40.7781314,-73.96069399,member
1791502,367629B5A27FA4AF,classic_bike,2021-09-25 13:54:58,2021-09-25 14:38:34,W 116 St & Amsterdam Ave,7692,Madison Ave & E 82 St,7188,40.8067581,-73.9607082,40.7781314,-73.96069399,casual
1791525,A449728F06CB36D0,classic_bike,2021-09-17 15:35:34,2021-09-17 15:48:34,W 63 St & Broadway,7052,Madison Ave & E 82 St,7188,40.77163851,-73.98261428,40.7781314,-73.96069399,member
1791555,7BC74411FC13022C,classic_bike,2021-09-18 19:12:44,2021-09-18 19:40:01,Edgecombe Ave & W 141 St,7915,Madison Ave & E 82 St,7188,40.820681,-73.945144,40.7781314,-73.96069399,member
1791568,D194E27848C5CA5A,classic_bike,2021-09-17 17:48:21,2021-09-17 17:51:53,E 76 St & Park Ave,7128,Madison Ave & E 82 St,7188,40.773763,-73.96222088,40.7781314,-73.96069399,casual
1791596,191FF0FB2CA9975F,classic_bike,2021-09-26 20:17:33,2021-09-26 20:22:11,E 76 St & Park Ave,7128,Madison Ave & E 82 St,7188,40.773763,-73.96222088,40.7781314,-73.96069399,member
1791614,9E45FEE0062F5BD9,classic_bike,2021-09-23 09:54:04,2021-09-23 10:03:43,Central Park S & 6 Ave,6876,Madison Ave & E 82 St,7188,40.76590936,-73.97634151,40.7781314,-73.96069399,member
1791626,EEC736963EA0CB61,classic_bike,2021-09-03 13:55:28,2021-09-03 14:31:38,Central Park S & 6 Ave,6876,Madison Ave & E 82 St,7188,40.76590936,-73.97634151,40.7781314,-73.96069399,casual
1791630,97B88AF7F3E75D72,classic_bike,2021-09-04 08:12:40,2021-09-04 08:15:18,E 76 St & Park Ave,7128,Madison Ave & E 82 St,7188,40.773763,-73.96222088,40.7781314,-73.96069399,member
1791713,7E224FC691D00D27,electric_bike,2021-09-11 09:50:28,2021-09-11 10:14:28,W 15 St & 7 Ave,6030,Madison Ave & E 82 St,7188,40.73935542,-73.99931783,40.7781314,-73.96069399,member
1791720,1A0C3CA23D0E0DCD,classic_bike,2021-09-27 12:57:20,2021-09-27 13:09:52,W 106 St & Central Park West,7606,Madison Ave & E 82 St,7188,40.7981856,-73.9605909006,40.7781314,-73.96069399,casual
1791754,56F7284F44E0B861,classic_bike,2021-09-21 19:10:19,2021-09-21 19:27:10,Central Park S & 6 Ave,6876,Madison Ave & E 82 St,7188,40.76590936,-73.97634151,40.7781314,-73.96069399,member
1791759,81D05D264EC3A65C,classic_bike,2021-09-17 15:57:28,2021-09-17 16:11:06,Central Park S & 6 Ave,6876,Madison Ave & E 82 St,7188,40.76590936,-73.97634151,40.7781314,-73.96069399,member
1791763,F955B8FEAE8E4602,docked_bike,2021-09-25 14:55:42,2021-09-25 16:28:46,Central Park S & 6 Ave,6876,Madison Ave & E 82 St,7188,40.765909,-73.976342,40.778131,-73.960694,casual
1791768,CA1C21B65D0BF344,classic_bike,2021-09-21 08:52:22,2021-09-21 09:13:05,Central Park S & 6 Ave,6876,Madison Ave & E 82 St,7188,40.76590936,-73.97634151,40.7781314,-73.96069399,casual
1791787,C44B87082BACDB96,classic_bike,2021-09-11 13:19:14,2021-09-11 14:05:05,Avenue C & E 18 St,5769,Madison Ave & E 82 St,7188,40.730563,-73.973984,40.7781314,-73.96069399,member
1791798,EE7DC4DE93A942EA,electric_bike,2021-09-24 11:43:17,2021-09-24 12:25:14,Greenpoint Ave & Manhattan Ave,5785,Madison Ave & E 82 St,7188,40.73026,-73.95394,40.7781314,-73.96069399,member
1791834,307ED8915078FF1A,classic_bike,2021-09-12 13:07:47,2021-09-12 13:14:20,E 67 St & Park Ave,6932,Madison Ave & E 82 St,7188,40.76780080148132,-73.96592080593109,40.7781314,-73.96069399,member
1791855,5C21DA9DDA15E78A,classic_bike,2021-09-11 14:26:48,2021-09-11 14:59:53,E 67 St & Park Ave,6932,Madison Ave & E 82 St,7188,40.76780080148132,-73.96592080593109,40.7781314,-73.96069399,casual
1791856,86956F6CF0B69E99,classic_bike,2021-09-10 08:53:54,2021-09-10 09:02:19,E 97 St & Madison Ave,7393,Madison Ave & E 82 St,7188,40.787801,-73.953559,40.7781314,-73.96069399,casual
1791903,570F12ADEC651B85,classic_bike,2021-09-12 18:39:24,2021-09-12 19:42:04,W 45 St & 8 Ave,6676,Madison Ave & E 82 St,7188,40.75929124,-73.98859651,40.7781314,-73.96069399,casual
1791909,A6787F2FA304B6E4,classic_bike,2021-09-17 11:45:08,2021-09-17 12:00:09,W 45 St & 8 Ave,6676,Madison Ave & E 82 St,7188,40.75929124,-73.98859651,40.7781314,-73.96069399,member
1791954,C17843BE96927D36,classic_bike,2021-09-09 14:37:06,2021-09-09 15:18:10,W 4 St & 7 Ave S,5880,Madison Ave & E 82 St,7188,40.73401143,-74.00293877,40.7781314,-73.96069399,casual
1791966,16AE24310536A67D,classic_bike,2021-09-11 13:21:57,2021-09-11 13:58:41,W 4 St & 7 Ave S,5880,Madison Ave & E 82 St,7188,40.73401143,-74.00293877,40.7781314,-73.96069399,member
1792015,3C0ED92774C85968,classic_bike,2021-09-21 12:14:21,2021-09-21 12:41:35,W 45 St & 8 Ave,6676,Madison Ave & E 82 St,7188,40.75929124,-73.98859651,40.7781314,-73.96069399,member
1792080,D7BB4A28F04461AD,classic_bike,2021-09-26 14:51:59,2021-09-26 15:04:22,E 58 St & Madison Ave,6839,Madison Ave & E 82 St,7188,40.76302594280519,-73.97209525108337,40.7781314,-73.96069399,member
1792105,470812A9C1DC2391,classic_bike,2021-09-15 13:52:01,2021-09-15 14:02:01,E 58 St & Madison Ave,6839,Madison Ave & E 82 St,7188,40.76302594280519,-73.97209525108337,40.7781314,-73.96069399,member
1792107,1C506A42EE918D39,classic_bike,2021-09-23 14:08:34,2021-09-23 14:22:09,W 55 St & 6 Ave,6809,Madison Ave & E 82 St,7188,40.763189,-73.978434,40.7781314,-73.96069399,member
1792115,C6359B5ABA130308,classic_bike,2021-09-14 15:29:43,2021-09-14 15:38:57,E 58 St & Madison Ave,6839,Madison Ave & E 82 St,7188,40.76302594280519,-73.97209525108337,40.7781314,-73.96069399,casual
1792121,18070A1AF5FBEA43,classic_bike,2021-09-11 19:01:46,2021-09-11 19:10:36,E 89 St & York Ave,7204,Madison Ave & E 82 St,7188,40.7779453,-73.946041,40.7781314,-73.96069399,member
1792122,6C02C0151EC57458,classic_bike,2021-09-11 12:37:03,2021-09-11 13:10:32,E 89 St & York Ave,7204,Madison Ave & E 82 St,7188,40.7779453,-73.946041,40.7781314,-73.96069399,member
1792123,43B43CE18CE88405,electric_bike,2021-09-22 11:13:44,2021-09-22 11:19:53,E 58 St & Madison Ave,6839,Madison Ave & E 82 St,7188,40.76302594280519,-73.97209525108337,40.7781314,-73.96069399,member
1792124,DC7BA3E6A4CF9D85,docked_bike,2021-09-23 12:19:23,2021-09-23 13:08:06,W 87 St & West End Ave,7484,Madison Ave & E 82 St,7188,40.789622,-73.97757,40.778131,-73.960694,casual
1792132,9657F602A0AB622D,classic_bike,2021-09-25 11:44:02,2021-09-25 12:01:01,W 55 St & 6 Ave,6809,Madison Ave & E 82 St,7188,40.763189,-73.978434,40.7781314,-73.96069399,casual
1792134,235F10A056E0205F,classic_bike,2021-09-24 15:08:10,2021-09-24 15:26:03,W 55 St & 6 Ave,6809,Madison Ave & E 82 St,7188,40.763189,-73.978434,40.7781314,-73.96069399,casual
1792139,45B971CF55296548,classic_bike,2021-09-17 15:33:48,2021-09-17 15:50:52,E 58 St & Madison Ave,6839,Madison Ave & E 82 St,7188,40.76302594280519,-73.97209525108337,40.7781314,-73.96069399,member
1792143,87279CE8673993F9,classic_bike,2021-09-07 19:34:23,2021-09-07 20:09:44,W 59 St & 10 Ave,7023,Madison Ave & E 82 St,7188,40.770513,-73.988038,40.7781314,-73.96069399,member
1792147,C58F9B240D60AD5E,classic_bike,2021-09-25 18:32:14,2021-09-25 19:01:35,W 106 St & Central Park West,7606,Madison Ave & E 82 St,7188,40.7981856,-73.9605909006,40.7781314,-73.96069399,casual
1792148,55857847A02130CE,classic_bike,2021-09-16 17:42:07,2021-09-16 17:57:07,W 106 St & Central Park West,7606,Madison Ave & E 82 St,7188,40.7981856,-73.9605909006,40.7781314,-73.96069399,member
1792167,F85514C5138B9226,docked_bike,2021-09-04 16:15:48,2021-09-04 16:56:20,W 55 St & 6 Ave,6809,Madison Ave & E 82 St,7188,40.763189,-73.978434,40.778131,-73.960694,casual
1792169,A7611CC985F364C0,classic_bike,2021-09-01 17:54:51,2021-09-01 18:05:33,W 55 St & 6 Ave,6809,Madison Ave & E 82 St,7188,40.763189,-73.978434,40.7781314,-73.96069399,member
1792170,9DBDD6A6E1A5E604,electric_bike,2021-09-10 09:47:54,2021-09-10 09:59:10,W 55 St & 6 Ave,6809,Madison Ave & E 82 St,7188,40.763189,-73.978434,40.7781314,-73.96069399,member
1792177,A319208C39CB408A,electric_bike,2021-09-10 16:30:20,2021-09-10 16:38:18,W 87 St & West End Ave,7484,Madison Ave & E 82 St,7188,40.789622,-73.97757,40.7781314,-73.96069399,member
1792196,3CCF8E16F057EF3D,classic_bike,2021-09-24 17:04:21,2021-09-24 17:21:57,W 55 St & 6 Ave,6809,Madison Ave & E 82 St,7188,40.763189,-73.978434,40.7781314,-73.96069399,casual
1792217,C3E84BADD2F6B23E,classic_bike,2021-09-17 12:21:29,2021-09-17 12:58:06,W 21 St & 6 Ave,6140,Madison Ave & E 82 St,7188,40.74173969,-73.99415556,40.7781314,-73.96069399,member
1792240,E37D799CA79216C0,classic_bike,2021-09-10 13:54:47,2021-09-10 14:23:46,W 55 St & 6 Ave,6809,Madison Ave & E 82 St,7188,40.763189,-73.978434,40.7781314,-73.96069399,casual
1792317,91035113486E6225,classic_bike,2021-09-18 13:02:15,2021-09-18 13:28:22,St Nicholas Ave & W 134 St,7837,Madison Ave & E 82 St,7188,40.816234,-73.948222,40.7781314,-73.96069399,member
1792380,F20475B1D328C175,classic_bike,2021-09-05 10:52:25,2021-09-05 11:14:37,W 49 St & 8 Ave,6747,Madison Ave & E 82 St,7188,40.76227205,-73.98788205,40.7781314,-73.96069399,casual
1792404,9544CB94D425DE21,classic_bike,2021-09-17 18:53:59,2021-09-17 19:08:24,W 55 St & 6 Ave,6809,Madison Ave & E 82 St,7188,40.763189,-73.978434,40.7781314,-73.96069399,member
1792409,D047FEE4E8B04DA0,classic_bike,2021-09-19 19:27:45,2021-09-19 19:39:25,W 87 St & West End Ave,7484,Madison Ave & E 82 St,7188,40.789622,-73.97757,40.7781314,-73.96069399,member
1792410,56C428DFF60A86A9,classic_bike,2021-09-05 18:57:58,2021-09-05 19:09:42,W 87 St & West End Ave,7484,Madison Ave & E 82 St,7188,40.789622,-73.97757,40.7781314,-73.96069399,member
1792411,A10EF9FB0DBF74B9,classic_bike,2021-09-14 16:33:34,2021-09-14 16:44:45,W 55 St & 6 Ave,6809,Madison Ave & E 82 St,7188,40.763189,-73.978434,40.7781314,-73.96069399,member
1792417,B08A325CBC9F644C,classic_bike,2021-09-20 07:52:05,2021-09-20 08:26:39,43 St & Broadway,6670,Madison Ave & E 82 St,7188,40.7577284,-73.9166368,40.7781314,-73.96069399,member
1792460,F7795C57C9531078,classic_bike,2021-09-27 16:30:46,2021-09-27 16:42:14,E 81 St & Park Ave,7188,Central Park West & W 68 St,7079,40.77677702,-73.9590097,40.7734066,-73.97782542,member
1792463,F8E903935D935CF6,classic_bike,2021-09-15 17:28:33,2021-09-15 17:29:32,E 81 St & Park Ave,7188,Madison Ave & E 82 St,7188,40.77677702,-73.9590097,40.7781314,-73.96069399,member
1792464,D7FA23922EDFE058,classic_bike,2021-09-14 08:03:19,2021-09-14 08:12:56,E 81 St & Park Ave,7188,W 67 St & Broadway,7116,40.77677702,-73.9590097,40.77492513,-73.98266566,member
1792465,2B421ABD3F63B389,docked_bike,2021-09-17 14:05:11,2021-09-17 14:48:29,Central Park S & 6 Ave,6876,Madison Ave & E 82 St,7188,40.765909,-73.976342,40.778131,-73.960694,casual
1792482,F65BD0184946B99B,classic_bike,2021-09-23 09:12:44,2021-09-23 09:25:04,Central Park S & 6 Ave,6876,Madison Ave & E 82 St,7188,40.76590936,-73.97634151,40.7781314,-73.96069399,casual
1792576,0930A170EFAE7ECE,classic_bike,2021-09-11 14:12:11,2021-09-11 14:54:09,24 St & 41 Ave,6505,Madison Ave & E 82 St,7188,40.752474,-73.939991,40.7781314,-73.96069399,casual
1792622,B97002658520386B,classic_bike,2021-09-17 20:09:53,2021-09-17 20:15:16,E 67 St & Park Ave,6932,Madison Ave & E 82 St,7188,40.76780080148132,-73.96592080593109,40.7781314,-73.96069399,member
1792631,063391190CAA4B83,classic_bike,2021-09-18 10:17:34,2021-09-18 10:24:27,E 97 St & Madison Ave,7393,Madison Ave & E 82 St,7188,40.787801,-73.953559,40.7781314,-73.96069399,member
1792636,C962761BA47227DC,classic_bike,2021-09-25 14:08:01,2021-09-25 14:16:01,E 67 St & Park Ave,6932,Madison Ave & E 82 St,7188,40.76780080148132,-73.96592080593109,40.7781314,-73.96069399,member
1792637,CC17FC447F357F77,electric_bike,2021-09-08 19:27:45,2021-09-08 19:33:57,E 81 St & Park Ave,7188,Madison Ave & E 82 St,7188,40.77677702,-73.9590097,40.7781314,-73.96069399,member
1792654,194A5B50FCA25B0A,classic_bike,2021-09-06 17:20:14,2021-09-06 17:44:20,Madison Ave & E 82 St,7188,Madison Ave & E 82 St,7188,40.7781314,-73.96069399,40.7781314,-73.96069399,member
1792671,16CEC327CCE6FAE4,classic_bike,2021-09-20 17:22:24,2021-09-20 17:30:20,Central Park West & W 68 St,7079,Madison Ave & E 82 St,7188,40.7734066,-73.97782542,40.7781314,-73.96069399,member
1792673,FAD94B1525D61B2B,docked_bike,2021-09-14 14:35:01,2021-09-14 14:55:09,Madison Ave & E 82 St,7188,Madison Ave & E 82 St,7188,40.778131,-73.960694,40.778131,-73.960694,casual
1792677,30F887A4DB07A28E,classic_bike,2021-09-28 20:49:37,2021-09-28 21:00:55,Central Park West & W 68 St,7079,Madison Ave & E 82 St,7188,40.7734066,-73.97782542,40.7781314,-73.96069399,member
1792693,1E722B3B5AC9AFED,classic_bike,2021-09-29 18:00:57,2021-09-29 18:06:13,Madison Ave & E 82 St,7188,Madison Ave & E 82 St,7188,40.7781314,-73.96069399,40.7781314,-73.96069399,member
1792720,F7DD22EBE922A4B9,classic_bike,2021-09-25 15:56:49,2021-09-25 15:58:01,Madison Ave & E 82 St,7188,Madison Ave & E 82 St,7188,40.7781314,-73.96069399,40.7781314,-73.96069399,member
1792738,5BC709BD98586B2F,classic_bike,2021-09-23 08:50:35,2021-09-23 08:50:39,Madison Ave & E 82 St,7188,Madison Ave & E 82 St,7188,40.7781314,-73.96069399,40.7781314,-73.96069399,casual
1792745,4209AB485EA21CFC,classic_bike,2021-09-24 19:10:19,2021-09-24 19:11:09,Madison Ave & E 82 St,7188,Madison Ave & E 82 St,7188,40.7781314,-73.96069399,40.7781314,-73.96069399,casual
1792746,0DD368ADA5177A2E,electric_bike,2021-09-24 07:53:47,2021-09-24 07:54:11,Madison Ave & E 82 St,7188,Madison Ave & E 82 St,7188,40.7781314,-73.96069399,40.7781314,-73.96069399,casual
1792761,FBA50B458079FC60,classic_bike,2021-09-07 14:49:23,2021-09-07 15:11:18,Central Park West & W 68 St,7079,Madison Ave & E 82 St,7188,40.7734066,-73.97782542,40.7781314,-73.96069399,member
1792777,F9B459358F70D254,classic_bike,2021-09-03 18:16:21,2021-09-03 18:16:23,Madison Ave & E 82 St,7188,Madison Ave & E 82 St,7188,40.7781314,-73.96069399,40.7781314,-73.96069399,casual
1792794,91F595ACFBC2209E,classic_bike,2021-09-05 15:32:07,2021-09-05 15:45:43,Madison Ave & E 82 St,7188,W 53 St & 10 Ave,6890,40.7781314,-73.96069399,40.76669671,-73.99061728,member
1792811,30BB6A32F1B11AD9,electric_bike,2021-09-15 17:14:59,2021-09-15 17:31:57,W 67 St & Broadway,7116,Madison Ave & E 82 St,7188,40.77492513,-73.98266566,40.7781314,-73.96069399,member
1792874,9A0AE0053B0AE486,classic_bike,2021-09-09 19:03:47,2021-09-09 19:14:53,W 67 St & Broadway,7116,Madison Ave & E 82 St,7188,40.77492513,-73.98266566,40.7781314,-73.96069399,member
1792926,0BA1071F3C0A1D42,classic_bike,2021-09-18 16:39:36,2021-09-18 16:41:00,Madison Ave & E 82 St,7188,Madison Ave & E 82 St,7188,40.7781314,-73.96069399,40.7781314,-73.96069399,member
1792937,C6FAEAC9DE9819A0,electric_bike,2021-09-14 09:01:18,2021-09-14 09:20:05,Madison Ave & E 82 St,7188,E 32 St & Park Ave,6280,40.7781314,-73.96069399,40.7457121,-73.98194829,member
1792971,5829AB3EAC743123,classic_bike,2021-09-03 10:22:56,2021-09-03 10:56:54,MacDougal St & Prince St,5687,Madison Ave & E 82 St,7188,40.72710258,-74.00297088,40.7781314,-73.96069399,casual
1792999,163252BC05098526,classic_bike,2021-09-11 16:27:25,2021-09-11 16:52:47,Madison Ave & E 82 St,7188,E 32 St & Park Ave,6280,40.7781314,-73.96069399,40.7457121,-73.98194829,member
1793022,64500DA911F34CC1,electric_bike,2021-09-23 11:34:55,2021-09-23 11:35:28,Madison Ave & E 82 St,7188,Madison Ave & E 82 St,7188,40.7781314,-73.96069399,40.7781314,-73.96069399,member
1793031,C70E6938D9EE7E9B,classic_bike,2021-09-11 10:11:21,2021-09-11 10:32:45,1 Ave & E 39 St,6303,Madison Ave & E 82 St,7188,40.74714,-73.97113,40.7781314,-73.96069399,member
1793048,1865D8BD37B4FB20,classic_bike,2021-09-11 14:26:07,2021-09-11 14:59:42,E 67 St & Park Ave,6932,Madison Ave & E 82 St,7188,40.76780080148132,-73.96592080593109,40.7781314,-73.96069399,member
1793060,A23196DB8423B115,classic_bike,2021-09-11 16:27:38,2021-09-11 16:53:04,Madison Ave & E 82 St,7188,E 32 St & Park Ave,6280,40.7781314,-73.96069399,40.7457121,-73.98194829,member
1793091,93F3A8E7B7140379,classic_bike,2021-09-25 18:25:21,2021-09-25 18:26:30,Madison Ave & E 82 St,7188,Madison Ave & E 82 St,7188,40.7781314,-73.96069399,40.7781314,-73.96069399,casual
1793133,2BE6152B94013500,electric_bike,2021-09-25 10:50:52,2021-09-25 10:52:23,Madison Ave & E 82 St,7188,Madison Ave & E 82 St,7188,40.7781314,-73.96069399,40.7781314,-73.96069399,member
1793156,4016406B4B3D5EAC,electric_bike,2021-09-25 13:28:54,2021-09-25 13:29:26,Madison Ave & E 82 St,7188,Madison Ave & E 82 St,7188,40.7781314,-73.96069399,40.7781314,-73.96069399,member
1793186,D207631F5F65918A,classic_bike,2021-09-18 11:56:48,2021-09-18 11:57:34,Madison Ave & E 82 St,7188,Madison Ave & E 82 St,7188,40.7781314,-73.96069399,40.7781314,-73.96069399,casual
1793187,BDE8E01E0BAD9577,classic_bike,2021-09-18 12:47:38,2021-09-18 14:04:41,Central Park West & W 68 St,7079,Madison Ave & E 82 St,7188,40.7734066,-73.97782542,40.7781314,-73.96069399,casual
1793210,70FE91F093A6CCDC,classic_bike,2021-09-06 11:51:03,2021-09-06 13:00:59,Madison Ave & E 82 St,7188,Madison Ave & E 82 St,7188,40.7781314,-73.96069399,40.7781314,-73.96069399,casual
1793231,691143D896784631,electric_bike,2021-09-25 10:48:52,2021-09-25 11:05:55,W 67 St & Broadway,7116,Madison Ave & E 82 St,7188,40.77492513,-73.98266566,40.7781314,-73.96069399,member
1793237,A9BA6DE34C85C4D6,electric_bike,2021-09-13 08:13:53,2021-09-13 08:28:33,Madison Ave & E 82 St,7188,E 32 St & Park Ave,6280,40.7781314,-73.96069399,40.7457121,-73.98194829,member
1793289,10EB3041D632B916,classic_bike,2021-09-27 12:15:28,2021-09-27 12:40:15,W 107 St & Columbus Ave,7619,Madison Ave & E 82 St,7188,40.7997568,-73.9621128676,40.7781314,-73.96069399,casual
1793295,EDA7BD5E4EEDE2CE,classic_bike,2021-09-12 15:28:37,2021-09-12 15:44:56,Central Park West & W 68 St,7079,Madison Ave & E 82 St,7188,40.7734066,-73.97782542,40.7781314,-73.96069399,casual
1793299,88B28B133FD53C2C,electric_bike,2021-09-19 19:10:24,2021-09-19 19:19:01,Central Park West & W 68 St,7079,Madison Ave & E 82 St,7188,40.7734066,-73.97782542,40.7781314,-73.96069399,member
1793342,BC74F5F8C7FD9048,classic_bike,2021-09-07 15:10:18,2021-09-07 15:12:08,Madison Ave & E 82 St,7188,Madison Ave & E 82 St,7188,40.7781314,-73.96069399,40.7781314,-73.96069399,member
1793344,6DF527F6B949C139,classic_bike,2021-09-15 12:59:37,2021-09-15 13:13:00,Madison Ave & E 82 St,7188,Central Park West & W 68 St,7079,40.7781314,-73.96069399,40.7734066,-73.97782542,member
1793353,1B420C6FDD0AF7F5,classic_bike,2021-09-06 14:06:43,2021-09-06 14:06:48,Madison Ave & E 82 St,7188,Madison Ave & E 82 St,7188,40.7781314,-73.96069399,40.7781314,-73.96069399,member
1793391,87AD8BC92154E43E,classic_bike,2021-09-27 13:21:58,2021-09-27 13:23:09,Madison Ave & E 82 St,7188,Madison Ave & E 82 St,7188,40.7781314,-73.96069399,40.7781314,-73.96069399,casual
1793393,0C9551B5C62178F1,classic_bike,2021-09-12 13:30:22,2021-09-12 14:59:40,Central Park West & W 68 St,7079,Madison Ave & E 82 St,7188,40.7734066,-73.97782542,40.7781314,-73.96069399,casual
1793406,E4F657999ED570DD,classic_bike,2021-09-11 12:45:48,2021-09-11 12:46:42,Madison Ave & E 82 St,7188,Madison Ave & E 82 St,7188,40.7781314,-73.96069399,40.7781314,-73.96069399,member
1793410,320D0B11C2006AF4,electric_bike,2021-09-18 11:39:04,2021-09-18 12:46:51,Madison Ave & E 82 St,7188,Madison Ave & E 82 St,7188,40.7781314,-73.96069399,40.7781314,-73.96069399,member
1793417,DD50DF5B3BD3C8B6,classic_bike,2021-09-12 09:13:04,2021-09-12 09:39:55,Madison Ave & E 82 St,7188,Madison Ave & E 82 St,7188,40.7781314,-73.96069399,40.7781314,-73.96069399,member
1793431,D2C3EFA7D724839F,electric_bike,2021-09-26 09:31:01,2021-09-26 09:31:37,Madison Ave & E 82 St,7188,Madison Ave & E 82 St,7188,40.7781314,-73.96069399,40.7781314,-73.96069399,member
1793432,571E6471FF692D8A,electric_bike,2021-09-26 09:32:22,2021-09-26 09:43:54,Madison Ave & E 82 St,7188,W 67 St & Broadway,7116,40.7781314,-73.96069399,40.77492513,-73.98266566,member
1793433,60B0C40A63BFACDA,classic_bike,2021-09-06 17:18:47,2021-09-06 17:44:19,Madison Ave & E 82 St,7188,Madison Ave & E 82 St,7188,40.7781314,-73.96069399,40.7781314,-73.96069399,member
1793434,2B903FD3115EEEB8,classic_bike,2021-09-25 11:30:29,2021-09-25 11:40:35,Madison Ave & E 82 St,7188,W 67 St & Broadway,7116,40.7781314,-73.96069399,40.77492513,-73.98266566,member
1793458,5720DBF07E85D09B,classic_bike,2021-09-25 19:54:16,2021-09-25 19:54:22,Madison Ave & E 82 St,7188,Madison Ave & E 82 St,7188,40.7781314,-73.96069399,40.7781314,-73.96069399,member
1793481,BB2F7ECFA56E49C5,classic_bike,2021-09-02 10:16:33,2021-09-02 10:35:41,W 107 St & Columbus Ave,7619,Madison Ave & E 82 St,7188,40.7997568,-73.9621128676,40.7781314,-73.96069399,casual
1793487,6F4CC55A1FD2C128,electric_bike,2021-09-18 19:47:04,2021-09-18 19:57:36,Central Park West & W 68 St,7079,Madison Ave & E 82 St,7188,40.7734066,-73.97782542,40.7781314,-73.96069399,casual
1793496,3CC61D7AD871CD7C,classic_bike,2021-09-11 13:16:50,2021-09-11 14:17:36,Madison Ave & E 82 St,7188,Madison Ave & E 82 St,7188,40.7781314,-73.96069399,40.7781314,-73.96069399,casual
1793583,1B146A1974A252A2,classic_bike,2021-09-13 16:46:58,2021-09-13 17:21:47,W 50 St & 10 Ave,6890,Madison Ave & E 82 St,7188,40.76473420006519,-73.99194359779358,40.7781314,-73.96069399,member
1793587,A3725D96E53851B3,electric_bike,2021-09-02 11:00:27,2021-09-02 11:35:42,Forsyth St & Canal St,5270,Madison Ave & E 82 St,7188,40.7158155,-73.99422366,40.7781314,-73.96069399,member
1793589,0EEDEA87D40FD550,electric_bike,2021-09-11 17:07:27,2021-09-11 17:20:49,W 63 St & Broadway,7052,Madison Ave & E 82 St,7188,40.77163851,-73.98261428,40.7781314,-73.96069399,member
1793633,3016AEC5E2C89075,classic_bike,2021-09-21 18:25:34,2021-09-21 18:44:21,E 27 St & Park Ave S,6131,Madison Ave & E 82 St,7188,40.74275179648995,-73.9847157150507,40.7781314,-73.96069399,member
1793650,D509350212AD6E89,electric_bike,2021-09-02 12:28:12,2021-09-02 13:09:03,W 42 St & Dyer Ave,6644,Madison Ave & E 82 St,7188,40.75898481399634,-73.99379968643188,40.7781314,-73.96069399,casual
1793658,E67C655D3BFD8136,classic_bike,2021-09-12 09:05:02,2021-09-12 09:20:21,E 51 St & 1 Ave,6532,Madison Ave & E 82 St,7188,40.75455731,-73.96592976,40.7781314,-73.96069399,casual
1793674,4A8CC117C121D07E,classic_bike,2021-09-12 12:52:17,2021-09-12 13:55:20,W 50 St & 10 Ave,6890,Madison Ave & E 82 St,7188,40.76473420006519,-73.99194359779358,40.7781314,-73.96069399,member
1793742,5700A6E26227E36B,electric_bike,2021-09-13 12:54:15,2021-09-13 13:16:38,11 Ave & W 27 St,6425,Madison Ave & E 82 St,7188,40.751396,-74.005226,40.7781314,-73.96069399,casual
1793781,32D4B281B7448FC9,electric_bike,2021-09-07 09:52:14,2021-09-07 10:02:24,E 72 St & York Ave,6889,Madison Ave & E 82 St,7188,40.76663814,-73.95348296,40.7781314,-73.96069399,casual
1793798,4345BB993B36B890,classic_bike,2021-09-17 17:15:47,2021-09-17 17:31:11,W 55 St & 6 Ave,6809,Madison Ave & E 82 St,7188,40.763189,-73.978434,40.7781314,-73.96069399,member
1793802,FAB79483AF4479AB,electric_bike,2021-09-30 10:55:55,2021-09-30 11:07:31,W 87 St & West End Ave,7484,Madison Ave & E 82 St,7188,40.789622,-73.97757,40.7781314,-73.96069399,casual
1793818,34EBEFAEEB6F607C,classic_bike,2021-09-21 16:53:55,2021-09-21 17:05:37,E 72 St & York Ave,6889,Madison Ave & E 82 St,7188,40.76663814,-73.95348296,40.7781314,-73.96069399,member
1793831,723FDF82775311D0,classic_bike,2021-09-27 11:29:37,2021-09-27 11:40:32,E 72 St & York Ave,6889,Madison Ave & E 82 St,7188,40.76663814,-73.95348296,40.7781314,-73.96069399,member
1793876,D2E29A5527C065DA,classic_bike,2021-09-10 10:10:54,2021-09-10 10:20:04,E 72 St & York Ave,6889,Madison Ave & E 82 St,7188,40.76663814,-73.95348296,40.7781314,-73.96069399,casual
1793920,92E9C0CF7F80DFE5,electric_bike,2021-09-11 16:24:22,2021-09-11 16:58:40,E 68 St & 3 Ave,6896,Madison Ave & E 82 St,7188,40.76712840349542,-73.96224617958069,40.7781314,-73.96069399,member
1793990,A6E246ED08492696,electric_bike,2021-09-23 13:33:25,2021-09-23 13:40:10,E 97 St & Madison Ave,7393,Madison Ave & E 82 St,7188,40.787801,-73.953559,40.7781314,-73.96069399,member
1794003,99D6A9720FF4A2B7,docked_bike,2021-09-10 19:06:43,2021-09-10 19:54:13,W 34 St & 11 Ave,6578,Madison Ave & E 82 St,7188,40.755942,-74.002116,40.778131,-73.960694,casual
1794020,C150FAE6BCD2B651,electric_bike,2021-09-16 09:48:36,2021-09-16 11:11:11,E 56 St & Madison Ave,6732,Madison Ave & E 82 St,7188,40.761573,-73.972628,40.7781314,-73.96069399,member
1794024,CA7AA264D47C1B23,electric_bike,2021-09-09 08:10:10,2021-09-09 08:23:52,E 77 St & 3 Ave,7092,Madison Ave & E 82 St,7188,40.77314236,-73.95856158,40.7781314,-73.96069399,member
1794041,3598C755609D1F99,classic_bike,2021-09-22 15:28:25,2021-09-22 15:33:40,E 81 St & York Ave,7084,Madison Ave & E 82 St,7188,40.7728384,-73.94989233,40.7781314,-73.96069399,member
1794043,49248744BC68F856,electric_bike,2021-09-08 08:07:13,2021-09-08 08:25:17,9 Ave & W 45 St,6717,Madison Ave & E 82 St,7188,40.76019252,-73.9912551,40.7781314,-73.96069399,member
1794051,0EA12260FA95B132,electric_bike,2021-09-05 07:40:09,2021-09-05 07:44:57,E 81 St & York Ave,7084,Madison Ave & E 82 St,7188,40.7728384,-73.94989233,40.7781314,-73.96069399,member
1794054,4C2746E8DDDB814C,classic_bike,2021-09-17 13:49:02,2021-09-17 13:55:20,E 77 St & 3 Ave,7092,Madison Ave & E 82 St,7188,40.77314236,-73.95856158,40.7781314,-73.96069399,member
1794062,9F9123F442A95F20,classic_bike,2021-09-18 11:05:47,2021-09-18 11:36:53,Broadway & W 58 St,6948,Madison Ave & E 82 St,7188,40.76695317,-73.98169333,40.7781314,-73.96069399,casual
1794065,37100C968409D983,electric_bike,2021-09-02 12:05:28,2021-09-02 12:42:20,Broadway & W 58 St,6948,Madison Ave & E 82 St,7188,40.76695317,-73.98169333,40.7781314,-73.96069399,casual
1794071,FA2EC1FF498A3865,classic_bike,2021-09-13 19:14:25,2021-09-13 19:57:47,Broadway & W 58 St,6948,Madison Ave & E 82 St,7188,40.76695317,-73.98169333,40.7781314,-73.96069399,casual
1794074,1914CDFD26F3D420,electric_bike,2021-09-15 21:02:07,2021-09-15 21:12:34,W 59 St & 10 Ave,7023,Madison Ave & E 82 St,7188,40.770513,-73.988038,40.7781314,-73.96069399,member
1794083,8AD6087A77C78A76,classic_bike,2021-09-11 13:19:20,2021-09-11 14:05:03,Avenue C & E 18 St,5769,Madison Ave & E 82 St,7188,40.730563,-73.973984,40.7781314,-73.96069399,member
1794104,1166DDA19F623ABA,electric_bike,2021-09-17 12:19:51,2021-09-17 12:26:38,E 56 St & Madison Ave,6732,Madison Ave & E 82 St,7188,40.761573,-73.972628,40.7781314,-73.96069399,member
1794115,70EC16BCA353592A,classic_bike,2021-09-21 13:23:44,2021-09-21 13:34:17,E 81 St & York Ave,7084,Madison Ave & E 82 St,7188,40.7728384,-73.94989233,40.7781314,-73.96069399,member
1794116,085D53E8E2FEA6B5,classic_bike,2021-09-17 15:48:28,2021-09-17 15:57:18,E 77 St & 3 Ave,7092,Madison Ave & E 82 St,7188,40.77314236,-73.95856158,40.7781314,-73.96069399,member
1794133,3BD12544BC8EC661,classic_bike,2021-09-19 11:18:10,2021-09-19 11:22:16,E 76 St & Park Ave,7128,Madison Ave & E 82 St,7188,40.773763,-73.96222088,40.7781314,-73.96069399,member
1794139,23A9E9862729F663,classic_bike,2021-09-25 16:25:22,2021-09-25 16:28:14,E 76 St & Park Ave,7128,Madison Ave & E 82 St,7188,40.773763,-73.96222088,40.7781314,-73.96069399,member
1794143,AE7EE6D22971C880,classic_bike,2021-09-21 13:21:12,2021-09-21 13:39:32,W 116 St & Amsterdam Ave,7692,Madison Ave & E 82 St,7188,40.8067581,-73.9607082,40.7781314,-73.96069399,member
1794154,80A82BBBD30D67AC,classic_bike,2021-09-17 14:02:09,2021-09-17 14:06:21,E 76 St & Park Ave,7128,Madison Ave & E 82 St,7188,40.773763,-73.96222088,40.7781314,-73.96069399,member
1794197,A2DC3FBA5F0ABADE,classic_bike,2021-09-23 07:32:41,2021-09-23 07:48:30,W 56 St & 10 Ave,6955,Madison Ave & E 82 St,7188,40.768254,-73.988639,40.7781314,-73.96069399,member
1794204,2D44E29315D4194A,classic_bike,2021-09-25 17:28:56,2021-09-25 17:37:19,E 81 St & York Ave,7084,Madison Ave & E 82 St,7188,40.7728384,-73.94989233,40.7781314,-73.96069399,member
1794220,59F035EEBD8C9775,classic_bike,2021-09-26 13:05:57,2021-09-26 13:31:29,9 Ave & W 45 St,6717,Madison Ave & E 82 St,7188,40.76019252,-73.9912551,40.7781314,-73.96069399,member
1794232,C2C5309D50D5FD93,classic_bike,2021-09-11 09:30:09,2021-09-11 09:56:09,W 116 St & Amsterdam Ave,7692,Madison Ave & E 82 St,7188,40.8067581,-73.9607082,40.7781314,-73.96069399,member
1794275,3B68645CD86E7E4A,classic_bike,2021-09-20 19:22:54,2021-09-20 19:26:31,E 91 St & Park Ave,7344,Madison Ave & E 82 St,7188,40.7835016,-73.955327,40.7781314,-73.96069399,member
1794290,00999C0FC631C5BB,electric_bike,2021-09-04 13:46:25,2021-09-04 13:58:12,Broadway & W 58 St,6948,Madison Ave & E 82 St,7188,40.76695317,-73.98169333,40.7781314,-73.96069399,member
1794297,794CE3D0EC78F31D,classic_bike,2021-09-16 21:50:29,2021-09-16 21:59:58,Broadway & W 58 St,6948,Madison Ave & E 82 St,7188,40.76695317,-73.98169333,40.7781314,-73.96069399,member
1794302,17313FFA043BECF8,classic_bike,2021-09-25 19:38:14,2021-09-25 19:54:21,E 77 St & 3 Ave,7092,Madison Ave & E 82 St,7188,40.77314236,-73.95856158,40.7781314,-73.96069399,member
1794305,871D8E5704EBD2EA,classic_bike,2021-09-24 15:22:11,2021-09-24 15:28:26,E 81 St & York Ave,7084,Madison Ave & E 82 St,7188,40.7728384,-73.94989233,40.7781314,-73.96069399,member
1794318,3FBAC5BD05DEA2EC,classic_bike,2021-09-20 13:52:22,2021-09-20 14:21:07,E 56 St & Madison Ave,6732,Madison Ave & E 82 St,7188,40.761573,-73.972628,40.7781314,-73.96069399,casual
1794320,60AC48C540603CCC,classic_bike,2021-09-24 11:09:44,2021-09-24 11:19:36,2 Ave & E 72 St,6925,Madison Ave & E 82 St,7188,40.7687620293096,-73.95840793848038,40.7781314,-73.96069399,member
1794331,38DBFE3E567E7E3B,classic_bike,2021-09-26 00:16:00,2021-09-26 00:54:25,Broadway & W 58 St,6948,Madison Ave & E 82 St,7188,40.76695317,-73.98169333,40.7781314,-73.96069399,member
1794336,F79C2385E84E6652,classic_bike,2021-09-17 19:37:15,2021-09-17 20:09:19,9 Ave & W 45 St,6717,Madison Ave & E 82 St,7188,40.76019252,-73.9912551,40.7781314,-73.96069399,casual
1794341,2EFF883A1CAB92F6,electric_bike,2021-09-04 13:19:16,2021-09-04 13:37:33,Broadway & W 58 St,6948,Madison Ave & E 82 St,7188,40.76695317,-73.98169333,40.7781314,-73.96069399,casual
1794343,9F2CE8B17E726DF2,classic_bike,2021-09-11 11:56:23,2021-09-11 12:31:04,Broadway & W 58 St,6948,Madison Ave & E 82 St,7188,40.76695317,-73.98169333,40.7781314,-73.96069399,casual
1794352,A14D51537CC758F7,electric_bike,2021-09-06 08:02:56,2021-09-06 08:07:20,E 81 St & York Ave,7084,Madison Ave & E 82 St,7188,40.7728384,-73.94989233,40.7781314,-73.96069399,member
1794362,DEF14C4C30AB7B21,classic_bike,2021-09-14 18:19:48,2021-09-14 18:28:08,2 Ave & E 72 St,6925,Madison Ave & E 82 St,7188,40.7687620293096,-73.95840793848038,40.7781314,-73.96069399,member
1794372,3EFE779F5893E60E,electric_bike,2021-09-10 09:46:11,2021-09-10 09:51:38,E 81 St & York Ave,7084,Madison Ave & E 82 St,7188,40.7728384,-73.94989233,40.7781314,-73.96069399,casual
1794394,708B291075090338,classic_bike,2021-09-17 10:27:16,2021-09-17 11:03:33,Washington St & Gansevoort St,6039,Madison Ave & E 82 St,7188,40.739323,-74.008119,40.7781314,-73.96069399,member
1794406,071174FD386DAF4B,classic_bike,2021-09-16 07:29:38,2021-09-16 08:01:39,Washington St & Gansevoort St,6039,Madison Ave & E 82 St,7188,40.739323,-74.008119,40.7781314,-73.96069399,member
1794417,F04FE73E4C99A359,classic_bike,2021-09-10 14:46:14,2021-09-10 14:56:03,E 56 St & Madison Ave,6732,Madison Ave & E 82 St,7188,40.761573,-73.972628,40.7781314,-73.96069399,member
1794437,9146E9C5DD76139C,classic_bike,2021-09-12 06:49:02,2021-09-12 07:01:26,Broadway & W 58 St,6948,Madison Ave & E 82 St,7188,40.76695317,-73.98169333,40.7781314,-73.96069399,member
1794441,44BE09AD2C8F7207,classic_bike,2021-09-20 11:57:56,2021-09-20 12:07:58,2 Ave & E 72 St,6925,Madison Ave & E 82 St,7188,40.7687620293096,-73.95840793848038,40.7781314,-73.96069399,member
1794461,1D61C51808CFF366,classic_bike,2021-09-14 09:47:09,2021-09-14 09:53:31,E 77 St & 3 Ave,7092,Madison Ave & E 82 St,7188,40.77314236,-73.95856158,40.7781314,-73.96069399,member
1794471,43EECCAC09414947,classic_bike,2021-09-18 13:26:29,2021-09-18 13:39:59,2 Ave & E 72 St,6925,Madison Ave & E 82 St,7188,40.7687620293096,-73.95840793848038,40.7781314,-73.96069399,casual
1794478,7DAD1EC8E92FBB78,classic_bike,2021-09-11 21:32:29,2021-09-11 21:47:01,2 Ave & E 72 St,6925,Madison Ave & E 82 St,7188,40.7687620293096,-73.95840793848038,40.7781314,-73.96069399,member
1794490,F2CAAA2EECD20476,classic_bike,2021-09-11 13:32:52,2021-09-11 14:08:01,E 56 St & Madison Ave,6732,Madison Ave & E 82 St,7188,40.761573,-73.972628,40.7781314,-73.96069399,casual
1794495,7CF7F8F0D757E913,classic_bike,2021-09-04 14:18:34,2021-09-04 14:35:30,Broadway & W 58 St,6948,Madison Ave & E 82 St,7188,40.76695317,-73.98169333,40.7781314,-73.96069399,casual
1794531,42865A947530BE77,electric_bike,2021-09-18 10:08:35,2021-09-18 10:22:37,Broadway & W 58 St,6948,Madison Ave & E 82 St,7188,40.76695317,-73.98169333,40.7781314,-73.96069399,member
1794553,AF07DD930EBCF8C3,classic_bike,2021-09-11 17:00:55,2021-09-11 17:39:09,E 11 St & 3 Ave,5788,Madison Ave & E 82 St,7188,40.73127,-73.98849,40.7781314,-73.96069399,casual
1794563,532F5C710DFA355A,electric_bike,2021-09-24 12:25:42,2021-09-24 12:30:50,E 81 St & York Ave,7084,Madison Ave & E 82 St,7188,40.7728384,-73.94989233,40.7781314,-73.96069399,member
1794567,EA0D8F399D4EE686,classic_bike,2021-09-26 12:49:47,2021-09-26 12:59:45,E 56 St & Madison Ave,6732,Madison Ave & E 82 St,7188,40.761573,-73.972628,40.7781314,-73.96069399,member
1794580,E9A88B4F6D0FDD40,classic_bike,2021-09-24 17:36:05,2021-09-24 17:49:31,Broadway & W 58 St,6948,Madison Ave & E 82 St,7188,40.76695317,-73.98169333,40.7781314,-73.96069399,casual
1794582,127E5BB92E0369A1,classic_bike,2021-09-26 14:07:55,2021-09-26 15:07:50,Broadway & W 58 St,6948,Madison Ave & E 82 St,7188,40.76695317,-73.98169333,40.7781314,-73.96069399,casual
1794597,93C9AA777B4EED22,classic_bike,2021-09-06 13:14:19,2021-09-06 13:26:34,Amsterdam Ave & W 82 St,7360,Madison Ave & E 82 St,7188,40.78524672,-73.97667321,40.7781314,-73.96069399,casual
1794598,881166DA96C4E68C,classic_bike,2021-09-03 11:23:39,2021-09-03 12:03:30,Amsterdam Ave & W 82 St,7360,Madison Ave & E 82 St,7188,40.78524672,-73.97667321,40.7781314,-73.96069399,casual
1794642,35987ACEDEBEAF4D,classic_bike,2021-09-17 09:30:54,2021-09-17 09:53:10,W 63 St & Broadway,7052,Madison Ave & E 82 St,7188,40.77163851,-73.98261428,40.7781314,-73.96069399,member
1794648,48E291B481CA8C5E,electric_bike,2021-09-21 10:28:31,2021-09-21 10:32:17,E 75 St & 3 Ave,6991,Madison Ave & E 82 St,7188,40.77112927,-73.95772297,40.7781314,-73.96069399,member
1794656,DC10F79F4050C4B3,classic_bike,2021-09-12 12:02:42,2021-09-12 12:32:44,Lexington Ave & E 36 St,6313,Madison Ave & E 82 St,7188,40.7475739589548,-73.9788007736206,40.7781314,-73.96069399,casual
1794662,EF479DAA3E2035A1,electric_bike,2021-09-26 13:48:00,2021-09-26 13:57:51,E 75 St & 3 Ave,6991,Madison Ave & E 82 St,7188,40.77112927,-73.95772297,40.7781314,-73.96069399,casual
1794689,4E82A399ADF03D9C,classic_bike,2021-09-20 10:54:02,2021-09-20 11:14:06,Lexington Ave & E 36 St,6313,Madison Ave & E 82 St,7188,40.7475739589548,-73.9788007736206,40.7781314,-73.96069399,casual
1794711,8AAB37716640BFD7,classic_bike,2021-09-29 10:39:49,2021-09-29 10:54:42,1 Ave & E 94 St,7286,Madison Ave & E 82 St,7188,40.7817212,-73.94594,40.7781314,-73.96069399,member
1794712,F423120A1555987E,electric_bike,2021-09-22 16:11:07,2021-09-22 16:19:13,Madison Av & E 51 St,6659,Madison Ave & E 82 St,7188,40.75863,-73.97513,40.7781314,-73.96069399,member
1794797,D18F58250225ACF4,classic_bike,2021-09-17 13:19:33,2021-09-17 13:59:28,Amsterdam Ave & W 119 St,7727,Madison Ave & E 82 St,7188,40.80863217506367,-73.95958609887202,40.7781314,-73.96069399,casual
1794812,FCF8C429933F36E3,classic_bike,2021-09-17 15:51:04,2021-09-17 16:17:38,Central Park North & Adam Clayton Powell Blvd,7617,Madison Ave & E 82 St,7188,40.799484,-73.955613,40.7781314,-73.96069399,casual
1794821,58F81C508924A5FE,classic_bike,2021-09-19 13:22:13,2021-09-19 13:59:36,Central Park North & Adam Clayton Powell Blvd,7617,Madison Ave & E 82 St,7188,40.799484,-73.955613,40.7781314,-73.96069399,member
1794826,92F0E17683F42DA5,classic_bike,2021-09-18 14:34:56,2021-09-18 14:57:28,Central Park North & Adam Clayton Powell Blvd,7617,Madison Ave & E 82 St,7188,40.799484,-73.955613,40.7781314,-73.96069399,casual
1794870,A9D9737D5182E2B0,classic_bike,2021-09-25 18:48:28,2021-09-25 19:16:40,W 11 St & 6 Ave,5914,Madison Ave & E 82 St,7188,40.73532427,-73.99800419,40.7781314,-73.96069399,member
1794900,FD1332CAD612E29B,classic_bike,2021-09-13 18:41:02,2021-09-13 19:19:44,Broadway & Moylan Pl,7823,Madison Ave & E 82 St,7188,40.8143256,-73.9590255,40.7781314,-73.96069399,casual
1794930,469EF6E26131185B,electric_bike,2021-09-06 12:01:04,2021-09-06 13:19:50,Park Pl & Church St,5288,Madison Ave & E 82 St,7188,40.71334184275907,-74.00935515761375,40.7781314,-73.96069399,member
1795041,44844B5237C9BD41,electric_bike,2021-09-18 12:07:52,2021-09-18 12:30:38,E 110 St & Madison Ave,7587,Madison Ave & E 82 St,7188,40.7961535,-73.94782145,40.7781314,-73.96069399,casual
1795052,D89B30C8CE082749,classic_bike,2021-09-04 12:42:44,2021-09-04 12:51:00,Madison Av & E 51 St,6659,Madison Ave & E 82 St,7188,40.75863,-73.97513,40.7781314,-73.96069399,casual
1795059,2264B66219BC0138,classic_bike,2021-09-24 16:48:08,2021-09-24 17:01:56,1 Ave & E 94 St,7286,Madison Ave & E 82 St,7188,40.7817212,-73.94594,40.7781314,-73.96069399,casual
1795062,7FB99C28B5F7D945,classic_bike,2021-09-21 15:12:09,2021-09-21 15:25:47,E 82 St & East End Ave,7049,Madison Ave & E 82 St,7188,40.7724607,-73.9468208,40.7781314,-73.96069399,member
1795093,B73CE328C92B07AF,electric_bike,2021-09-02 18:47:02,2021-09-02 19:06:36,E 110 St & Madison Ave,7587,Madison Ave & E 82 St,7188,40.7961535,-73.94782145,40.7781314,-73.96069399,casual
1795104,17AD90C5379400E0,classic_bike,2021-09-21 19:06:07,2021-09-21 19:12:09,E 66 St & Madison Ave,6969,Madison Ave & E 82 St,7188,40.76800889305947,-73.96845281124115,40.7781314,-73.96069399,casual
1795120,52C273F042E2864F,classic_bike,2021-09-20 08:28:13,2021-09-20 08:55:36,Frederick Douglass Blvd & W 112 St,7631,Madison Ave & E 82 St,7188,40.801694,-73.957145,40.7781314,-73.96069399,casual
1795134,4ECD366BCDFF984C,classic_bike,2021-09-25 16:48:26,2021-09-25 17:36:37,E 33 St & 5 Ave,6322,Madison Ave & E 82 St,7188,40.74765947,-73.98490707,40.7781314,-73.96069399,casual
1795135,A7E96A4F5D5701A1,classic_bike,2021-09-25 10:24:55,2021-09-25 11:17:46,W 116 St & Broadway,7713,Madison Ave & E 82 St,7188,40.8082,-73.9641,40.7781314,-73.96069399,casual
1795137,A44DBEB3BC732B02,classic_bike,2021-09-11 17:00:03,2021-09-11 17:38:57,E 11 St & 3 Ave,5788,Madison Ave & E 82 St,7188,40.73127,-73.98849,40.7781314,-73.96069399,casual
1795167,01D2001CD1837FFC,classic_bike,2021-09-17 17:22:07,2021-09-17 17:39:23,E 110 St & Madison Ave,7587,Madison Ave & E 82 St,7188,40.7961535,-73.94782145,40.7781314,-73.96069399,member
1795176,6A34884928DEEB35,classic_bike,2021-09-23 17:10:02,2021-09-23 17:20:09,E 59 St & Madison Ave,6801,Madison Ave & E 82 St,7188,40.76350532,-73.97109243,40.7781314,-73.96069399,member
1795188,819E43F1E47C5489,classic_bike,2021-09-22 16:03:07,2021-09-22 16:24:30,E 33 St & 1 Ave,6197,Madison Ave & E 82 St,7188,40.74322681432173,-73.97449783980846,40.7781314,-73.96069399,member
1795197,79A89AEE0CB26425,classic_bike,2021-09-08 14:19:26,2021-09-08 14:28:23,E 59 St & Madison Ave,6801,Madison Ave & E 82 St,7188,40.76350532,-73.97109243,40.7781314,-73.96069399,casual
1795223,757E12947C3F5BDA,classic_bike,2021-09-14 19:39:20,2021-09-14 19:50:08,E 59 St & Madison Ave,6801,Madison Ave & E 82 St,7188,40.76350532,-73.97109243,40.7781314,-73.96069399,member
1795227,1A10C9E665918734,electric_bike,2021-09-07 09:03:45,2021-09-07 09:18:25,6 Ave & W 33 St,6364,Madison Ave & E 82 St,7188,40.74901271,-73.98848395,40.7781314,-73.96069399,member
1795233,3612DA522FF59069,classic_bike,2021-09-02 14:02:13,2021-09-02 14:09:49,E 82 St & East End Ave,7049,Madison Ave & E 82 St,7188,40.7724607,-73.9468208,40.7781314,-73.96069399,member
1795236,68D13A07B03DBEBA,classic_bike,2021-09-04 15:02:45,2021-09-04 15:18:59,Lenox Ave & W 111 St,7602,Madison Ave & E 82 St,7188,40.7987859,-73.9523,40.7781314,-73.96069399,member
1795250,57B41B6DF2E15629,electric_bike,2021-09-19 19:41:08,2021-09-19 19:46:58,E 95 St & 3 Ave,7365,Madison Ave & E 82 St,7188,40.7849032,-73.950503,40.7781314,-73.96069399,casual
1795279,D744715910ECF1AB,electric_bike,2021-09-02 09:19:42,2021-09-02 09:27:48,E 59 St & Madison Ave,6801,Madison Ave & E 82 St,7188,40.76350532,-73.97109243,40.7781314,-73.96069399,casual
1795282,A79D39FF9CAA0BFA,classic_bike,2021-09-18 11:12:54,2021-09-18 11:24:06,E 59 St & Madison Ave,6801,Madison Ave & E 82 St,7188,40.76350532,-73.97109243,40.7781314,-73.96069399,casual
1795346,3B1F55AAA1BDBE0E,classic_bike,2021-09-23 14:37:15,2021-09-23 14:51:57,E 59 St & Madison Ave,6801,Madison Ave & E 82 St,7188,40.76350532,-73.97109243,40.7781314,-73.96069399,member
1795382,5D65711138069B61,classic_bike,2021-09-20 15:40:40,2021-09-20 16:09:30,E 33 St & 1 Ave,6197,Madison Ave & E 82 St,7188,40.74322681432173,-73.97449783980846,40.7781314,-73.96069399,member
1795431,5FE620DCB93EB404,classic_bike,2021-09-11 16:36:53,2021-09-11 16:45:31,E 59 St & Madison Ave,6801,Madison Ave & E 82 St,7188,40.76350532,-73.97109243,40.7781314,-73.96069399,member
1795438,94C2C612C8B4712C,classic_bike,2021-09-23 13:21:33,2021-09-23 13:53:55,E 33 St & 1 Ave,6197,Madison Ave & E 82 St,7188,40.74322681432173,-73.97449783980846,40.7781314,-73.96069399,casual
1795448,136B20FE4D6CE698,classic_bike,2021-09-13 12:33:48,2021-09-13 12:51:01,Park Ave & E 124 St,7682,Madison Ave & E 82 St,7188,40.8045555,-73.9396861,40.7781314,-73.96069399,member
1795486,F399E800297D34E8,electric_bike,2021-09-05 10:51:29,2021-09-05 11:00:06,E 59 St & Madison Ave,6801,Madison Ave & E 82 St,7188,40.76350532,-73.97109243,40.7781314,-73.96069399,casual
1795507,B624B3480495AF43,classic_bike,2021-09-23 07:29:21,2021-09-23 07:38:41,W 87 St & Amsterdam Ave,7458,Madison Ave & E 82 St,7188,40.78839,-73.9747,40.7781314,-73.96069399,member
1795523,A1113E214E63D4BC,classic_bike,2021-09-02 08:43:34,2021-09-02 08:55:36,E 115 St & Lexington Ave,7599,Madison Ave & E 82 St,7188,40.797911,-73.9423,40.7781314,-73.96069399,member
1795556,C6B42D03C3A93CE6,classic_bike,2021-09-24 14:24:10,2021-09-24 14:53:05,W 20 St & 7 Ave,6182,Madison Ave & E 82 St,7188,40.74238787,-73.99726235,40.7781314,-73.96069399,member
1795557,7D9AB8A191D8678B,classic_bike,2021-09-16 17:42:38,2021-09-16 17:56:51,E 95 St & 3 Ave,7365,Madison Ave & E 82 St,7188,40.7849032,-73.950503,40.7781314,-73.96069399,member
1795585,B1CE23BE76EDC8C9,classic_bike,2021-09-01 17:12:04,2021-09-01 17:24:50,E 59 St & Madison Ave,6801,Madison Ave & E 82 St,7188,40.76350532,-73.97109243,40.7781314,-73.96069399,casual
1795586,9C56550F2E070ACA,classic_bike,2021-09-02 17:56:59,2021-09-02 18:19:00,E 59 St & Madison Ave,6801,Madison Ave & E 82 St,7188,40.76350532,-73.97109243,40.7781314,-73.96069399,casual
1795598,5588357690FB5E4F,classic_bike,2021-09-06 19:12:12,2021-09-06 19:24:19,E 88 St & Park Ave,7293,Madison Ave & E 82 St,7188,40.781410700190015,-73.95595908164978,40.7781314,-73.96069399,member
1795604,9AEC67A5EBDDA722,classic_bike,2021-09-16 10:09:57,2021-09-16 10:14:30,E 88 St & Park Ave,7293,Madison Ave & E 82 St,7188,40.781410700190015,-73.95595908164978,40.7781314,-73.96069399,member
1795623,3177AF0EECD12892,classic_bike,2021-09-02 09:32:38,2021-09-02 09:41:37,E 68 St & Madison Ave,6932,Madison Ave & E 82 St,7188,40.7691572,-73.96703464,40.7781314,-73.96069399,member
1795628,FBFE6AF749C8885C,electric_bike,2021-09-17 17:37:54,2021-09-17 17:59:31,E 88 St & Park Ave,7293,Madison Ave & E 82 St,7188,40.781410700190015,-73.95595908164978,40.7781314,-73.96069399,casual
1795673,96204F437442D5F5,classic_bike,2021-09-06 10:53:12,2021-09-06 10:57:56,E 72 St & Park Ave,6998,Madison Ave & E 82 St,7188,40.77118287540658,-73.96409422159195,40.7781314,-73.96069399,member
1795677,C991FAEDCE309F46,classic_bike,2021-09-19 13:56:29,2021-09-19 14:04:02,E 68 St & Madison Ave,6932,Madison Ave & E 82 St,7188,40.7691572,-73.96703464,40.7781314,-73.96069399,member
1795701,01E9B63869D8EE2F,classic_bike,2021-09-26 07:46:24,2021-09-26 07:51:44,E 68 St & Madison Ave,6932,Madison Ave & E 82 St,7188,40.7691572,-73.96703464,40.7781314,-73.96069399,member
1795735,5CC6C4FD7D2560C8,classic_bike,2021-09-10 09:25:21,2021-09-10 09:32:45,E 72 St & Park Ave,6998,Madison Ave & E 82 St,7188,40.77118287540658,-73.96409422159195,40.7781314,-73.96069399,member
1795741,BDF19993DC56B301,classic_bike,2021-09-12 14:57:46,2021-09-12 15:02:00,E 72 St & Park Ave,6998,Madison Ave & E 82 St,7188,40.77118287540658,-73.96409422159195,40.7781314,-73.96069399,member
1795748,FB7DBC7DC302C3B4,classic_bike,2021-09-20 13:56:51,2021-09-20 14:02:21,E 72 St & Park Ave,6998,Madison Ave & E 82 St,7188,40.77118287540658,-73.96409422159195,40.7781314,-73.96069399,member
1795770,555C05FD5D786EE8,classic_bike,2021-09-24 15:13:53,2021-09-24 15:19:04,E 68 St & Madison Ave,6932,Madison Ave & E 82 St,7188,40.7691572,-73.96703464,40.7781314,-73.96069399,member
1795773,C3CA7FE8F1CAEBD6,classic_bike,2021-09-14 08:28:22,2021-09-14 08:30:59,E 88 St & Park Ave,7293,Madison Ave & E 82 St,7188,40.781410700190015,-73.95595908164978,40.7781314,-73.96069399,member
1795785,B8F955A85CADFC9C,classic_bike,2021-09-24 14:17:16,2021-09-24 14:23:41,E 68 St & Madison Ave,6932,Madison Ave & E 82 St,7188,40.7691572,-73.96703464,40.7781314,-73.96069399,member
1795787,1F0E59298A92D1DD,classic_bike,2021-09-03 07:35:23,2021-09-03 07:51:15,W 54 St & 11 Ave,6955,Madison Ave & E 82 St,7188,40.768333,-73.992573,40.7781314,-73.96069399,member
1795797,7AE151CED708AB13,classic_bike,2021-09-27 07:09:52,2021-09-27 07:16:16,E 68 St & Madison Ave,6932,Madison Ave & E 82 St,7188,40.7691572,-73.96703464,40.7781314,-73.96069399,casual
1795827,A2CEE2D32AFAAE50,classic_bike,2021-09-07 17:08:28,2021-09-07 17:22:56,W 50 St & 9 Ave,6854,Madison Ave & E 82 St,7188,40.76360467795863,-73.98917958140373,40.7781314,-73.96069399,member
1795861,D6D76D511AB746D3,classic_bike,2021-09-20 19:13:36,2021-09-20 19:19:04,3 Ave & E 72 St,7028,Madison Ave & E 82 St,7188,40.7699426,-73.96060712,40.7781314,-73.96069399,casual
1795862,6DBD4984D78257CD,classic_bike,2021-09-20 16:26:29,2021-09-20 16:47:11,W 106 St & Amsterdam Ave,7634,Madison Ave & E 82 St,7188,40.8008363,-73.9664492472,40.7781314,-73.96069399,casual
1795864,298ED9F8D03A33FF,electric_bike,2021-09-20 13:48:18,2021-09-20 13:51:46,E 68 St & Madison Ave,6932,Madison Ave & E 82 St,7188,40.7691572,-73.96703464,40.7781314,-73.96069399,member
1795865,0CE0CB7650DED87D,electric_bike,2021-09-20 10:16:49,2021-09-20 10:19:56,E 68 St & Madison Ave,6932,Madison Ave & E 82 St,7188,40.7691572,-73.96703464,40.7781314,-73.96069399,member
1795875,A4016B51468768A4,classic_bike,2021-09-10 08:13:59,2021-09-10 08:37:16,Broadway & W 41 St,6560,Madison Ave & E 82 St,7188,40.75513557,-73.98658032,40.7781314,-73.96069399,member
1795897,ADAF6FD247FA7F8D,classic_bike,2021-09-25 11:05:09,2021-09-25 11:09:25,E 88 St & Park Ave,7293,Madison Ave & E 82 St,7188,40.781410700190015,-73.95595908164978,40.7781314,-73.96069399,member
1795909,3E1BCC3926398FD4,electric_bike,2021-09-27 09:32:50,2021-09-27 09:37:56,E 68 St & Madison Ave,6932,Madison Ave & E 82 St,7188,40.7691572,-73.96703464,40.7781314,-73.96069399,member
1795914,A5005ACAA38C21BC,classic_bike,2021-09-13 17:36:25,2021-09-13 17:44:59,E 72 St & Park Ave,6998,Madison Ave & E 82 St,7188,40.77118287540658,-73.96409422159195,40.7781314,-73.96069399,casual
1795949,7C3A662970260C41,classic_bike,2021-09-06 12:55:58,2021-09-06 13:15:13,W 106 St & Amsterdam Ave,7634,Madison Ave & E 82 St,7188,40.8008363,-73.9664492472,40.7781314,-73.96069399,casual
1795964,032E86F57F235265,classic_bike,2021-09-06 15:52:37,2021-09-06 16:09:28,8 Ave & W 49 St,6747,Madison Ave & E 82 St,7188,40.76171227910671,-73.98655101656914,40.7781314,-73.96069399,member
1795982,E0E4E5FC95E62E7B,classic_bike,2021-09-20 09:28:24,2021-09-20 09:37:11,E 68 St & Madison Ave,6932,Madison Ave & E 82 St,7188,40.7691572,-73.96703464,40.7781314,-73.96069399,member
1796018,D4993F5C10B6CBE8,classic_bike,2021-09-22 09:26:18,2021-09-22 09:46:32,W 87 St & Amsterdam Ave,7458,Madison Ave & E 82 St,7188,40.78839,-73.9747,40.7781314,-73.96069399,casual
1796047,0051BB09139D8E97,classic_bike,2021-09-19 16:19:10,2021-09-19 16:27:12,3 Ave & E 72 St,7028,Madison Ave & E 82 St,7188,40.7699426,-73.96060712,40.7781314,-73.96069399,member
1796083,25C40C9B7395B0D0,electric_bike,2021-09-15 11:49:55,2021-09-15 12:08:32,1 Ave & E 44 St,6379,Madison Ave & E 82 St,7188,40.75001986,-73.96905301,40.7781314,-73.96069399,member
1796101,B9D4CB3042072A1D,classic_bike,2021-09-11 15:03:44,2021-09-11 15:36:15,8 Ave & W 49 St,6747,Madison Ave & E 82 St,7188,40.76171227910671,-73.98655101656914,40.7781314,-73.96069399,casual
1796132,AD28C45BE61C6ED7,classic_bike,2021-09-12 11:57:53,2021-09-12 12:36:19,8 Ave & W 49 St,6747,Madison Ave & E 82 St,7188,40.76171227910671,-73.98655101656914,40.7781314,-73.96069399,casual
1796260,A41EED3307651F52,classic_bike,2021-09-20 12:34:29,2021-09-20 12:53:31,12 Ave & W 40 St,6765,Madison Ave & E 82 St,7188,40.76087502,-74.00277668,40.7781314,-73.96069399,member
1796265,32BEF125814BBA2A,electric_bike,2021-09-08 07:00:40,2021-09-08 07:26:37,12 Ave & W 40 St,6765,Madison Ave & E 82 St,7188,40.76087502,-74.00277668,40.7781314,-73.96069399,member
1796271,A4BFD5D3114EFA43,classic_bike,2021-09-12 06:43:21,2021-09-12 07:13:26,1 Ave & E 18 St,5854,Madison Ave & E 82 St,7188,40.73381219196632,-73.98054420948029,40.7781314,-73.96069399,member
1796286,D5682DB4333EC27E,electric_bike,2021-09-28 08:53:59,2021-09-28 09:12:42,12 Ave & W 40 St,6765,Madison Ave & E 82 St,7188,40.76087502,-74.00277668,40.7781314,-73.96069399,casual
1796290,FE2DE61C120441EF,classic_bike,2021-09-12 06:49:07,2021-09-12 07:02:20,1 Ave & E 62 St,6753,Madison Ave & E 82 St,7188,40.7612274,-73.96094022,40.7781314,-73.96069399,casual
1796329,ABD2B0928A27D572,classic_bike,2021-09-17 18:07:31,2021-09-17 18:33:37,12 Ave & W 40 St,6765,Madison Ave & E 82 St,7188,40.76087502,-74.00277668,40.7781314,-73.96069399,member
1796335,42B0D67344C28B1E,classic_bike,2021-09-17 16:38:46,2021-09-17 17:16:37,12 Ave & W 40 St,6765,Madison Ave & E 82 St,7188,40.76087502,-74.00277668,40.7781314,-73.96069399,casual
1796366,8EF910C75FE49285,classic_bike,2021-09-07 13:11:52,2021-09-07 13:38:42,Broadway & W 37 St,6441,Madison Ave & E 82 St,7188,40.75172632,-73.98753523,40.7781314,-73.96069399,casual
1796451,21AC505DEBEF684A,classic_bike,2021-09-13 17:56:19,2021-09-13 18:35:27,1 Ave & E 18 St,5854,Madison Ave & E 82 St,7188,40.73381219196632,-73.98054420948029,40.7781314,-73.96069399,member
1796503,E4EE816D9B7E14E2,classic_bike,2021-09-20 13:25:55,2021-09-20 14:03:27,E 16 St & Irving Pl,5938,Madison Ave & E 82 St,7188,40.735367055605394,-73.98797392845154,40.7781314,-73.96069399,member
1796516,CC75231BFC61069C,classic_bike,2021-09-17 16:27:20,2021-09-17 16:42:25,W 100 St & Manhattan Ave,7538,Madison Ave & E 82 St,7188,40.795,-73.9645,40.7781314,-73.96069399,member
1796517,44B42E2B634A0476,classic_bike,2021-09-12 12:18:20,2021-09-12 12:39:23,E 78 St & 2 Ave,7057,Madison Ave & E 82 St,7188,40.7727966,-73.95577801,40.7781314,-73.96069399,member
1796527,49E3E3A354734A29,classic_bike,2021-09-11 00:20:19,2021-09-11 00:29:02,Columbus Ave & W 72 St,7175,Madison Ave & E 82 St,7188,40.7770575,-73.97898475,40.7781314,-73.96069399,member
1796528,983BA7FBCADFB2F3,classic_bike,2021-09-24 08:19:32,2021-09-24 08:29:33,Columbus Ave & W 72 St,7175,Madison Ave & E 82 St,7188,40.7770575,-73.97898475,40.7781314,-73.96069399,member
1796534,C281229157F07B6E,docked_bike,2021-09-18 14:57:45,2021-09-18 15:10:40,Columbus Ave & W 72 St,7175,Madison Ave & E 82 St,7188,40.777058,-73.978985,40.778131,-73.960694,casual
1796561,4618CAD82C11501F,classic_bike,2021-09-10 00:15:54,2021-09-10 00:24:33,Columbus Ave & W 72 St,7175,Madison Ave & E 82 St,7188,40.7770575,-73.97898475,40.7781314,-73.96069399,member
1796563,5B5F5A6DAD6475BB,classic_bike,2021-09-25 11:05:22,2021-09-25 11:18:10,Columbus Ave & W 72 St,7175,Madison Ave & E 82 St,7188,40.7770575,-73.97898475,40.7781314,-73.96069399,member
1796570,6CF18BCE273E941C,electric_bike,2021-09-12 09:11:40,2021-09-12 09:25:54,Frederick Douglass Blvd & W 112 St,7631,Madison Ave & E 82 St,7188,40.801694,-73.957145,40.7781314,-73.96069399,casual
1796587,1CF9A08D57C93C0F,electric_bike,2021-09-11 15:19:53,2021-09-11 15:27:51,E 78 St & 2 Ave,7057,Madison Ave & E 82 St,7188,40.7727966,-73.95577801,40.7781314,-73.96069399,member
1796596,924CA017E8CA5CB4,classic_bike,2021-09-12 10:17:52,2021-09-12 10:31:32,W 100 St & Manhattan Ave,7538,Madison Ave & E 82 St,7188,40.795,-73.9645,40.7781314,-73.96069399,member
1796606,6368CA7CAAABC7DB,classic_bike,2021-09-20 08:21:37,2021-09-20 08:31:19,Columbus Ave & W 72 St,7175,Madison Ave & E 82 St,7188,40.7770575,-73.97898475,40.7781314,-73.96069399,member
1796616,960ACD266BCA03C7,classic_bike,2021-09-10 18:29:57,2021-09-10 18:40:53,Columbus Ave & W 72 St,7175,Madison Ave & E 82 St,7188,40.7770575,-73.97898475,40.7781314,-73.96069399,member
1796618,F9AABEE35DB5A01D,classic_bike,2021-09-17 23:44:33,2021-09-17 23:52:44,Columbus Ave & W 72 St,7175,Madison Ave & E 82 St,7188,40.7770575,-73.97898475,40.7781314,-73.96069399,member
1796619,788355E4E99834B4,classic_bike,2021-09-26 00:13:28,2021-09-26 00:22:07,Columbus Ave & W 72 St,7175,Madison Ave & E 82 St,7188,40.7770575,-73.97898475,40.7781314,-73.96069399,member
1796631,3FC13F932AB735E8,classic_bike,2021-09-03 17:49:24,2021-09-03 17:54:39,E 78 St & 2 Ave,7057,Madison Ave & E 82 St,7188,40.7727966,-73.95577801,40.7781314,-73.96069399,member
1796633,E10FF4A30BF5BD82,classic_bike,2021-09-17 09:13:01,2021-09-17 09:24:22,Columbus Ave & W 72 St,7175,Madison Ave & E 82 St,7188,40.7770575,-73.97898475,40.7781314,-73.96069399,member
1796634,E5A30180DDE4A6BE,classic_bike,2021-09-27 15:54:31,2021-09-27 15:58:57,E 78 St & 2 Ave,7057,Madison Ave & E 82 St,7188,40.7727966,-73.95577801,40.7781314,-73.96069399,member
1796642,046E4F181E4ECB75,classic_bike,2021-09-18 16:18:04,2021-09-18 16:43:06,W 54 St & 11 Ave,6955,Madison Ave & E 82 St,7188,40.768333,-73.992573,40.7781314,-73.96069399,member
1796645,A0352EC520C4392A,classic_bike,2021-09-11 15:26:57,2021-09-11 15:32:36,E 68 St & Madison Ave,6932,Madison Ave & E 82 St,7188,40.7691572,-73.96703464,40.7781314,-73.96069399,member
1796655,EA6B89054CC14E4A,classic_bike,2021-09-24 13:18:14,2021-09-24 13:28:47,Columbus Ave & W 72 St,7175,Madison Ave & E 82 St,7188,40.7770575,-73.97898475,40.7781314,-73.96069399,member
1796656,57263940C0DFF671,electric_bike,2021-09-25 01:05:41,2021-09-25 01:11:12,Columbus Ave & W 72 St,7175,Madison Ave & E 82 St,7188,40.7770575,-73.97898475,40.7781314,-73.96069399,member
1796657,857D9ADF8D26F7A0,electric_bike,2021-09-25 12:11:19,2021-09-25 12:18:23,Columbus Ave & W 72 St,7175,Madison Ave & E 82 St,7188,40.7770575,-73.97898475,40.7781314,-73.96069399,member
1796676,87845603CFA1EFD8,electric_bike,2021-09-16 14:57:12,2021-09-16 15:01:52,E 78 St & 2 Ave,7057,Madison Ave & E 82 St,7188,40.7727966,-73.95577801,40.7781314,-73.96069399,member
1796681,A335A41F706DA15D,classic_bike,2021-09-12 15:04:39,2021-09-12 15:19:21,W 100 St & Manhattan Ave,7538,Madison Ave & E 82 St,7188,40.795,-73.9645,40.7781314,-73.96069399,casual
1796695,2601CF14BCBDC601,classic_bike,2021-09-25 20:44:41,2021-09-25 21:01:13,Columbus Ave & W 72 St,7175,Madison Ave & E 82 St,7188,40.7770575,-73.97898475,40.7781314,-73.96069399,member
1796710,67509B3F3171F4B2,classic_bike,2021-09-03 14:10:42,2021-09-03 14:25:32,E 74 St & 1 Ave,6953,Madison Ave & E 82 St,7188,40.7689738,-73.95482273,40.7781314,-73.96069399,member
1796719,90899ED3EE757015,classic_bike,2021-09-19 15:24:50,2021-09-19 15:40:21,Adam Clayton Powell Blvd & W 118 St,7670,Madison Ave & E 82 St,7188,40.804372,-73.951475,40.7781314,-73.96069399,member
1796733,051E8DA09F9F9F3E,classic_bike,2021-09-27 14:35:12,2021-09-27 15:02:21,W 135 St & Lenox Terrace Pl,7832,Madison Ave & E 82 St,7188,40.813619,-73.939336,40.7781314,-73.96069399,casual
1796763,B5F79296CAD783BF,classic_bike,2021-09-22 08:27:28,2021-09-22 08:50:30,St. Nicholas Ave & W 126 St,7756,Madison Ave & E 82 St,7188,40.8114323,-73.9518776,40.7781314,-73.96069399,member
1796796,CE2BE7E439209230,classic_bike,2021-09-05 01:46:35,2021-09-05 02:06:47,Adam Clayton Powell Blvd & W 118 St,7670,Madison Ave & E 82 St,7188,40.804372,-73.951475,40.7781314,-73.96069399,casual
1796805,2769333B6FD17D72,electric_bike,2021-09-19 09:45:54,2021-09-19 09:56:36,Adam Clayton Powell Blvd & W 118 St,7670,Madison Ave & E 82 St,7188,40.804372,-73.951475,40.7781314,-73.96069399,member
1796807,044E07D5368B775F,classic_bike,2021-09-12 12:05:40,2021-09-12 12:16:44,E 74 St & 1 Ave,6953,Madison Ave & E 82 St,7188,40.7689738,-73.95482273,40.7781314,-73.96069399,member
1796812,3FCAE341D3E66878,classic_bike,2021-09-21 09:35:56,2021-09-21 09:56:11,Adam Clayton Powell Blvd & W 118 St,7670,Madison Ave & E 82 St,7188,40.804372,-73.951475,40.7781314,-73.96069399,member
1796816,001AC777887ED3E8,classic_bike,2021-09-05 01:46:00,2021-09-05 02:07:05,Adam Clayton Powell Blvd & W 118 St,7670,Madison Ave & E 82 St,7188,40.804372,-73.951475,40.7781314,-73.96069399,casual
1796826,FFEFB292A5509132,classic_bike,2021-09-10 14:50:20,2021-09-10 15:03:42,Broadway & W 58 St,6948,Madison Ave & E 82 St,7188,40.76695317,-73.98169333,40.7781314,-73.96069399,member
1796874,C69EB57A79DA16C5,electric_bike,2021-09-12 14:59:38,2021-09-12 15:29:43,W 100 St & Broadway,7580,Madison Ave & E 82 St,7188,40.7973721,-73.97041192,40.7781314,-73.96069399,casual
1796890,904D8F8B022E5810,classic_bike,2021-09-11 12:06:43,2021-09-11 12:30:50,Broadway & W 58 St,6948,Madison Ave & E 82 St,7188,40.76695317,-73.98169333,40.7781314,-73.96069399,casual
1796893,A2EBD94848A725BB,classic_bike,2021-09-21 09:02:34,2021-09-21 09:37:27,Broadway & W 58 St,6948,Madison Ave & E 82 St,7188,40.76695317,-73.98169333,40.7781314,-73.96069399,casual
1796895,73ED572C56362C5E,classic_bike,2021-09-25 11:36:18,2021-09-25 11:58:37,E 56 St & Madison Ave,6732,Madison Ave & E 82 St,7188,40.761573,-73.972628,40.7781314,-73.96069399,member
1796899,6E557B06858797F8,electric_bike,2021-09-25 17:42:31,2021-09-25 17:57:44,Broadway & W 58 St,6948,Madison Ave & E 82 St,7188,40.76695317,-73.98169333,40.7781314,-73.96069399,member
1796900,E6079B5E7E9802C1,docked_bike,2021-09-18 09:54:26,2021-09-18 11:03:56,Broadway & W 58 St,6948,Madison Ave & E 82 St,7188,40.766953,-73.981693,40.778131,-73.960694,casual
1796926,221BF83CA618A986,classic_bike,2021-09-30 10:58:54,2021-09-30 11:14:12,E 116 St & 2 Ave,7563,Madison Ave & E 82 St,7188,40.796879,-73.937261,40.7781314,-73.96069399,member
1796944,BD5D147823DEC5CD,classic_bike,2021-09-17 13:37:44,2021-09-17 14:14:48,Central Park W & W 97 St,7538,Madison Ave & E 82 St,7188,40.79249519495111,-73.96417066463071,40.7781314,-73.96069399,casual
1796959,AC220500CFE2C481,classic_bike,2021-09-09 18:41:43,2021-09-09 19:45:22,E 110 St & Madison Ave,7587,Madison Ave & E 82 St,7188,40.7961535,-73.94782145,40.7781314,-73.96069399,casual
1796961,AEB692C8FA5B6A29,electric_bike,2021-09-25 12:06:45,2021-09-25 12:27:52,E 33 St & 1 Ave,6197,Madison Ave & E 82 St,7188,40.74322681432173,-73.97449783980846,40.7781314,-73.96069399,member
1797038,32F7BA1DB479F3DB,classic_bike,2021-09-26 08:45:45,2021-09-26 09:04:10,Central Park W & W 97 St,7538,Madison Ave & E 82 St,7188,40.79249519495111,-73.96417066463071,40.7781314,-73.96069399,member
1797044,FAA55E26CD1C7149,electric_bike,2021-09-14 21:37:00,2021-09-14 21:45:59,Central Park W & W 97 St,7538,Madison Ave & E 82 St,7188,40.79249519495111,-73.96417066463071,40.7781314,-73.96069399,casual
1797045,4CB9D69A19B7C6AE,classic_bike,2021-09-15 08:03:21,2021-09-15 08:32:14,Central Park W & W 97 St,7538,Madison Ave & E 82 St,7188,40.79249519495111,-73.96417066463071,40.7781314,-73.96069399,casual
1797054,8D889253A045D27C,electric_bike,2021-09-12 14:59:37,2021-09-12 15:30:02,W 100 St & Broadway,7580,Madison Ave & E 82 St,7188,40.7973721,-73.97041192,40.7781314,-73.96069399,casual
1797127,6E2A66BC5D8A2667,classic_bike,2021-09-26 08:45:20,2021-09-26 09:04:04,Central Park W & W 97 St,7538,Madison Ave & E 82 St,7188,40.79249519495111,-73.96417066463071,40.7781314,-73.96069399,member
1797128,5B68E82DFCBA72BC,electric_bike,2021-09-18 14:14:08,2021-09-18 14:30:26,E 116 St & 2 Ave,7563,Madison Ave & E 82 St,7188,40.796879,-73.937261,40.7781314,-73.96069399,member
1797135,838865B217E2C1A5,classic_bike,2021-09-11 17:30:56,2021-09-11 17:52:07,Central Park W & W 97 St,7538,Madison Ave & E 82 St,7188,40.79249519495111,-73.96417066463071,40.7781314,-73.96069399,member
1797137,2620C28C98545B8D,classic_bike,2021-09-11 15:38:48,2021-09-11 16:15:03,Central Park W & W 97 St,7538,Madison Ave & E 82 St,7188,40.79249519495111,-73.96417066463071,40.7781314,-73.96069399,casual
1797142,5F5113735F5F7F14,classic_bike,2021-09-24 13:47:07,2021-09-24 14:09:31,W 51 St & 6 Ave,6740,Madison Ave & E 82 St,7188,40.7606597,-73.98042047,40.7781314,-73.96069399,member
1797150,E3BA46726ACE7486,classic_bike,2021-09-01 09:50:25,2021-09-01 09:59:57,W 100 St & Broadway,7580,Madison Ave & E 82 St,7188,40.7973721,-73.97041192,40.7781314,-73.96069399,member
1797174,64965B242241AC72,classic_bike,2021-09-02 18:09:56,2021-09-02 18:26:11,W 51 St & 6 Ave,6740,Madison Ave & E 82 St,7188,40.7606597,-73.98042047,40.7781314,-73.96069399,casual
1797232,EEE3C795DD007A78,classic_bike,2021-09-13 07:03:14,2021-09-13 07:14:41,Madison Ave & E 82 St,7188,W 67 St & Broadway,7116,40.7781314,-73.96069399,40.77492513,-73.98266566,member
1797252,5E9D092C60E747D7,classic_bike,2021-09-06 12:56:16,2021-09-06 12:56:31,Madison Ave & E 82 St,7188,Madison Ave & E 82 St,7188,40.7781314,-73.96069399,40.7781314,-73.96069399,member
1797314,64A9D5C884B41570,classic_bike,2021-09-11 11:25:55,2021-09-11 11:36:30,E 110 St & Madison Ave,7587,Madison Ave & E 82 St,7188,40.7961535,-73.94782145,40.7781314,-73.96069399,member
1797317,AA50866D96382B10,classic_bike,2021-09-19 12:29:30,2021-09-19 12:44:25,E 110 St & Madison Ave,7587,Madison Ave & E 82 St,7188,40.7961535,-73.94782145,40.7781314,-73.96069399,member
1797380,B2711A8624D1145A,classic_bike,2021-09-05 11:56:36,2021-09-05 12:29:07,8 Ave & W 16 St,6072,Madison Ave & E 82 St,7188,40.740983,-74.001702,40.7781314,-73.96069399,casual
1797388,00E9565E4B5B1089,classic_bike,2021-09-24 14:51:36,2021-09-24 15:19:11,11 Ave & W 59 St,7059,Madison Ave & E 82 St,7188,40.77149671054441,-73.99046033620834,40.7781314,-73.96069399,member
1797421,4EE6523CE9F1677B,classic_bike,2021-09-17 17:40:46,2021-09-17 17:53:55,W 51 St & 6 Ave,6740,Madison Ave & E 82 St,7188,40.7606597,-73.98042047,40.7781314,-73.96069399,member
1797432,2C0B3D82DA31D4B3,classic_bike,2021-09-18 16:23:20,2021-09-18 16:35:31,Central Park W & W 103 St,7577,Madison Ave & E 82 St,7188,40.79558954105342,-73.96188408136368,40.7781314,-73.96069399,member
1797446,6CA98AB23C7807FD,classic_bike,2021-09-18 15:21:33,2021-09-18 15:37:43,Central Park W & W 103 St,7577,Madison Ave & E 82 St,7188,40.79558954105342,-73.96188408136368,40.7781314,-73.96069399,member
1797459,191173D1199EFDD8,electric_bike,2021-09-14 18:14:47,2021-09-14 18:30:33,Wards Meadow Comfort Station,7327,Madison Ave & E 82 St,7188,40.78294,-73.93077,40.7781314,-73.96069399,casual
1797598,598E46DFD580E41E,electric_bike,2021-09-30 09:40:47,2021-09-30 10:01:07,E 40 St & 5 Ave,6474,Madison Ave & E 82 St,7188,40.752062307,-73.9816324043,40.7781314,-73.96069399,member
1797601,15E93147F7FCC4BE,electric_bike,2021-09-22 17:01:30,2021-09-22 17:23:30,E 40 St & 5 Ave,6474,Madison Ave & E 82 St,7188,40.752062307,-73.9816324043,40.7781314,-73.96069399,member
1797614,8FC48D99436F99E1,classic_bike,2021-09-17 07:55:30,2021-09-17 08:06:20,W 100 St & Broadway,7580,Madison Ave & E 82 St,7188,40.7973721,-73.97041192,40.7781314,-73.96069399,member
1797639,6BCB8B1B9CF39B40,classic_bike,2021-09-05 15:26:49,2021-09-05 15:41:50,E 98 St & Park Ave,7443,Madison Ave & E 82 St,7188,40.78813,-73.95206,40.7781314,-73.96069399,casual
1797673,683F9D7D85B02CBD,classic_bike,2021-09-18 13:20:04,2021-09-18 13:57:52,Broadway & W 25 St,6173,Madison Ave & E 82 St,7188,40.74286877312112,-73.98918628692627,40.7781314,-73.96069399,casual
1797745,443210721BCA9D0C,classic_bike,2021-09-18 13:54:15,2021-09-18 14:26:07,FDR Drive & E 35 St,6230,Madison Ave & E 82 St,7188,40.744219,-73.97121214,40.7781314,-73.96069399,casual
1797752,213FACB09221C485,electric_bike,2021-09-02 16:15:45,2021-09-02 16:36:33,W 129 St & Convent Ave,7818,Madison Ave & E 82 St,7188,40.814394437915816,-73.95324736833572,40.7781314,-73.96069399,member
1797762,20603696184D328E,classic_bike,2021-09-15 17:14:14,2021-09-15 17:28:22,E 40 St & 5 Ave,6474,Madison Ave & E 82 St,7188,40.752062307,-73.9816324043,40.7781314,-73.96069399,member
1797764,912D8D562FFFC56A,electric_bike,2021-09-21 06:53:27,2021-09-21 07:14:06,Broadway & W 25 St,6173,Madison Ave & E 82 St,7188,40.74286877312112,-73.98918628692627,40.7781314,-73.96069399,member
1797792,2CFB02B7899D413F,classic_bike,2021-09-04 17:15:34,2021-09-04 18:26:25,W 51 St & 6 Ave,6740,Madison Ave & E 82 St,7188,40.7606597,-73.98042047,40.7781314,-73.96069399,casual
1797808,3508F8E3CBAD5BB6,electric_bike,2021-09-06 09:33:29,2021-09-06 10:18:57,W 27 St & 7 Ave,6247,Madison Ave & E 82 St,7188,40.746647,-73.993915,40.7781314,-73.96069399,casual
1797819,03486FBB1795BD83,classic_bike,2021-09-19 11:52:25,2021-09-19 12:40:30,Broadway & W 38 St,6560,Madison Ave & E 82 St,7188,40.7529728216068,-73.98734897375107,40.7781314,-73.96069399,member
1797878,D5B69586B7632178,electric_bike,2021-09-29 06:34:06,2021-09-29 07:06:36,W 16 St & The High Line,6233,Madison Ave & E 82 St,7188,40.74334935,-74.00681753,40.7781314,-73.96069399,member
1797951,38AC31D23AFCE681,classic_bike,2021-09-19 17:12:06,2021-09-19 17:45:53,Broadway & 12 St,6901,Madison Ave & E 82 St,7188,40.7668,-73.9347774,40.7781314,-73.96069399,member
1797957,B057F5CEADF05B1B,classic_bike,2021-09-30 16:57:07,2021-09-30 17:21:52,Broadway & W 25 St,6173,Madison Ave & E 82 St,7188,40.74286877312112,-73.98918628692627,40.7781314,-73.96069399,member
1797999,27DE8B938411678A,classic_bike,2021-09-05 13:10:38,2021-09-05 13:25:31,W 100 St & Broadway,7580,Madison Ave & E 82 St,7188,40.7973721,-73.97041192,40.7781314,-73.96069399,member
1798107,A13C6829A49794D1,classic_bike,2021-09-03 14:09:22,2021-09-03 14:25:26,E 74 St & 1 Ave,6953,Madison Ave & E 82 St,7188,40.7689738,-73.95482273,40.7781314,-73.96069399,member
1798119,C25974F5B798FAC0,electric_bike,2021-09-28 13:19:10,2021-09-28 13:28:39,E 74 St & 1 Ave,6953,Madison Ave & E 82 St,7188,40.7689738,-73.95482273,40.7781314,-73.96069399,casual
1798236,7B827FAF96BC924C,classic_bike,2021-09-10 11:32:38,2021-09-10 11:59:55,Broadway & W 122 St,7783,Madison Ave & E 82 St,7188,40.8120562,-73.9612547,40.7781314,-73.96069399,casual
1798286,9CD93420F9F001F4,electric_bike,2021-09-07 15:49:34,2021-09-07 16:16:42,North Moore St & Greenwich St,5470,Madison Ave & E 82 St,7188,40.72019521437465,-74.0103006362915,40.7781314,-73.96069399,member
1798301,50964B69E79CEF84,classic_bike,2021-09-20 20:09:24,2021-09-20 20:15:43,E 77 St & 3 Ave,7092,Madison Ave & E 82 St,7188,40.77314236,-73.95856158,40.7781314,-73.96069399,member
1798302,182A8A064AB9123E,classic_bike,2021-09-26 15:44:45,2021-09-26 15:55:57,2 Ave & E 72 St,6925,Madison Ave & E 82 St,7188,40.7687620293096,-73.95840793848038,40.7781314,-73.96069399,member
1798315,6723B698D50168FC,classic_bike,2021-09-06 11:42:39,2021-09-06 12:12:22,Broadway & W 58 St,6948,Madison Ave & E 82 St,7188,40.76695317,-73.98169333,40.7781314,-73.96069399,casual
1798346,7AEDE3D343E12CF7,classic_bike,2021-09-17 11:39:52,2021-09-17 13:45:20,Broadway & W 58 St,6948,Madison Ave & E 82 St,7188,40.76695317,-73.98169333,40.7781314,-73.96069399,casual
1798348,675264E9E0D0D8B1,classic_bike,2021-09-26 14:07:10,2021-09-26 15:06:28,Broadway & W 58 St,6948,Madison Ave & E 82 St,7188,40.76695317,-73.98169333,40.7781314,-73.96069399,casual
1798354,C6B72E844DFFF062,classic_bike,2021-09-19 10:07:20,2021-09-19 10:28:56,Broadway & W 58 St,6948,Madison Ave & E 82 St,7188,40.76695317,-73.98169333,40.7781314,-73.96069399,casual
1798360,D68FE043A0D99C4D,classic_bike,2021-09-27 12:21:55,2021-09-27 12:42:53,Broadway & W 58 St,6948,Madison Ave & E 82 St,7188,40.76695317,-73.98169333,40.7781314,-73.96069399,casual
1798366,DEA9B89EEB3BCBA0,classic_bike,2021-09-23 08:20:12,2021-09-23 08:28:10,E 77 St & 3 Ave,7092,Madison Ave & E 82 St,7188,40.77314236,-73.95856158,40.7781314,-73.96069399,member
1798374,D6866EBB98FD3ACE,classic_bike,2021-09-25 07:32:03,2021-09-25 07:38:36,E 81 St & York Ave,7084,Madison Ave & E 82 St,7188,40.7728384,-73.94989233,40.7781314,-73.96069399,member
1798404,DDF3F43A9DCAD6D6,classic_bike,2021-09-24 07:41:10,2021-09-24 08:00:19,W 54 St & 11 Ave,6955,Madison Ave & E 82 St,7188,40.768333,-73.992573,40.7781314,-73.96069399,member
1798423,33C30025A48A1E69,classic_bike,2021-09-13 18:17:37,2021-09-13 19:00:07,W 10 St & Washington St,5847,Madison Ave & E 82 St,7188,40.73342399437081,-74.00851495563984,40.7781314,-73.96069399,member
1798431,37C73CE1708E5918,classic_bike,2021-09-11 13:05:11,2021-09-11 13:17:42,W 76 St & Columbus Ave,7281,Madison Ave & E 82 St,7188,40.7801839724239,-73.97728532552719,40.7781314,-73.96069399,member
1798482,DB5371A45D8B8919,classic_bike,2021-09-26 15:06:10,2021-09-26 15:20:03,W 100 St & Manhattan Ave,7538,Madison Ave & E 82 St,7188,40.795,-73.9645,40.7781314,-73.96069399,member
1798486,A56A06171F96B9E2,classic_bike,2021-09-15 00:04:46,2021-09-15 00:13:52,Columbus Ave & W 72 St,7175,Madison Ave & E 82 St,7188,40.7770575,-73.97898475,40.7781314,-73.96069399,member
1798634,7D4DAD776B608234,electric_bike,2021-09-04 15:21:18,2021-09-04 15:45:41,Columbus Ave & W 72 St,7175,Madison Ave & E 82 St,7188,40.7770575,-73.97898475,40.7781314,-73.96069399,casual
1798648,DD5C7B898D8730D2,electric_bike,2021-09-23 00:21:46,2021-09-23 00:33:08,Columbus Ave & W 72 St,7175,Madison Ave & E 82 St,7188,40.7770575,-73.97898475,40.7781314,-73.96069399,member
1798679,74A514696A3F0F39,classic_bike,2021-09-25 11:13:25,2021-09-25 12:46:25,Maiden Ln & Pearl St,5065,Madison Ave & E 82 St,7188,40.70706456,-74.00731853,40.7781314,-73.96069399,casual
1798729,A16A6E80058B85AE,classic_bike,2021-09-07 10:13:16,2021-09-07 10:20:19,E 78 St & 2 Ave,7057,Madison Ave & E 82 St,7188,40.7727966,-73.95577801,40.7781314,-73.96069399,member
1798824,5D978ECEE23F1576,classic_bike,2021-09-23 17:03:31,2021-09-23 17:16:26,W 54 St & 9 Ave,6920,Madison Ave & E 82 St,7188,40.76584941,-73.98690506,40.7781314,-73.96069399,member
1798855,602438EE8FB1DDBA,electric_bike,2021-09-04 14:25:15,2021-09-04 15:35:27,Henry St & Grand St,5294,Madison Ave & E 82 St,7188,40.714211,-73.981095,40.7781314,-73.96069399,casual
1798860,2BF6AEE22825AD4C,classic_bike,2021-09-04 14:27:32,2021-09-04 15:35:33,Henry St & Grand St,5294,Madison Ave & E 82 St,7188,40.714211,-73.981095,40.7781314,-73.96069399,casual
1798927,1989E276B338C648,classic_bike,2021-09-23 09:32:45,2021-09-23 09:51:11,8 Ave & W 38 St,6526,Madison Ave & E 82 St,7188,40.75461,-73.99177,40.7781314,-73.96069399,casual
1798945,DFF2E7D665FD9556,classic_bike,2021-09-18 13:16:57,2021-09-18 14:08:40,W 34 St & 11 Ave,6578,Madison Ave & E 82 St,7188,40.75594159,-74.0021163,40.7781314,-73.96069399,casual
1798971,92230E22078D008E,electric_bike,2021-09-11 08:57:18,2021-09-11 09:09:59,W 54 St & 9 Ave,6920,Madison Ave & E 82 St,7188,40.76584941,-73.98690506,40.7781314,-73.96069399,member
1798978,E92D959E9BDEBC44,classic_bike,2021-09-19 15:44:26,2021-09-19 16:12:48,12 Ave & W 40 St,6765,Madison Ave & E 82 St,7188,40.76087502,-74.00277668,40.7781314,-73.96069399,member
1798995,5AE8F6151AEB0DD7,electric_bike,2021-09-14 19:37:24,2021-09-14 19:43:04,E 89 St & 3 Ave,7265,Madison Ave & E 82 St,7188,40.7806284,-73.9521667,40.7781314,-73.96069399,member
1799000,C87C454ED4A45502,electric_bike,2021-09-04 11:12:12,2021-09-04 11:19:24,E 89 St & 3 Ave,7265,Madison Ave & E 82 St,7188,40.7806284,-73.9521667,40.7781314,-73.96069399,member
1799070,77B7A3C7F7BEA10E,classic_bike,2021-09-08 18:06:06,2021-09-08 18:17:40,E 53 St & Madison Ave,6659,Madison Ave & E 82 St,7188,40.7597108,-73.97402311,40.7781314,-73.96069399,member
1799072,94C2767409A155F5,classic_bike,2021-09-28 16:02:56,2021-09-28 16:13:05,E 53 St & Madison Ave,6659,Madison Ave & E 82 St,7188,40.7597108,-73.97402311,40.7781314,-73.96069399,member
1799091,3F8DA0C3026A62F9,classic_bike,2021-09-04 17:06:14,2021-09-04 17:21:14,W 54 St & 9 Ave,6920,Madison Ave & E 82 St,7188,40.76584941,-73.98690506,40.7781314,-73.96069399,casual
1799121,B856796B6E64BF6C,classic_bike,2021-09-21 15:55:33,2021-09-21 16:07:39,E 72 St & York Ave,6889,Madison Ave & E 82 St,7188,40.76663814,-73.95348296,40.7781314,-73.96069399,member
1799213,6BA4226D6C09F5ED,classic_bike,2021-09-13 16:01:45,2021-09-13 16:31:14,8 Ave & W 49 St,6747,Madison Ave & E 82 St,7188,40.76171227910671,-73.98655101656914,40.7781314,-73.96069399,casual
1799252,797BC23C8BE44E6A,classic_bike,2021-09-12 07:08:24,2021-09-12 07:30:11,E 23 St & 1 Ave,5929,Madison Ave & E 82 St,7188,40.736502,-73.97809472,40.7781314,-73.96069399,member
1799271,1FF681A86AF233D2,electric_bike,2021-09-20 09:01:20,2021-09-20 09:38:48,Allen St & Hester St,5342,Madison Ave & E 82 St,7188,40.71605866,-73.99190759,40.7781314,-73.96069399,member
1799295,E7706795307E8A07,classic_bike,2021-09-21 18:03:18,2021-09-21 18:16:03,E 53 St & Madison Ave,6659,Madison Ave & E 82 St,7188,40.7597108,-73.97402311,40.7781314,-73.96069399,member
1799330,E67188E082863669,classic_bike,2021-09-07 12:56:46,2021-09-07 13:44:10,W Broadway & Spring St,5569,Madison Ave & E 82 St,7188,40.72494672359416,-74.00165855884552,40.7781314,-73.96069399,casual
1799388,2A69BC7BD9D6E3F5,classic_bike,2021-09-27 13:57:05,2021-09-27 14:00:59,E 72 St & Park Ave,6998,Madison Ave & E 82 St,7188,40.77118287540658,-73.96409422159195,40.7781314,-73.96069399,member
1799396,09F31B7208EF48C2,classic_bike,2021-09-20 18:12:13,2021-09-20 18:17:14,E 68 St & Madison Ave,6932,Madison Ave & E 82 St,7188,40.7691572,-73.96703464,40.7781314,-73.96069399,member
1799397,49AF78A63E61D0ED,electric_bike,2021-09-03 15:30:48,2021-09-03 15:35:28,E 72 St & Park Ave,6998,Madison Ave & E 82 St,7188,40.77118287540658,-73.96409422159195,40.7781314,-73.96069399,member
1799404,E1B6367021975D4E,electric_bike,2021-09-30 21:01:14,2021-09-30 21:44:41,W 54 St & 11 Ave,6955,Madison Ave & E 82 St,7188,40.768333,-73.992573,40.7781314,-73.96069399,member
1799417,36F8BBB4751205F7,classic_bike,2021-09-03 13:20:58,2021-09-03 13:27:10,E 68 St & Madison Ave,6932,Madison Ave & E 82 St,7188,40.7691572,-73.96703464,40.7781314,-73.96069399,member
1799464,E8C4448FA3A21780,electric_bike,2021-09-22 12:22:01,2021-09-22 13:00:53,11 Ave & W 27 St,6425,Madison Ave & E 82 St,7188,40.751396,-74.005226,40.7781314,-73.96069399,member
1799469,992BAD9F20F050E9,classic_bike,2021-09-11 17:48:56,2021-09-11 18:00:43,E 72 St & York Ave,6889,Madison Ave & E 82 St,7188,40.76663814,-73.95348296,40.7781314,-73.96069399,member
1799501,9E962621447FFDE4,classic_bike,2021-09-02 12:06:33,2021-09-02 12:26:08,E 115 St & Madison Ave,7599,Madison Ave & E 82 St,7188,40.7989445,-73.944846,40.7781314,-73.96069399,casual
1799542,2DE6E496696E8A81,electric_bike,2021-09-20 13:28:39,2021-09-20 14:09:41,W 67 St & Broadway,7116,Madison Ave & E 82 St,7188,40.77492513,-73.98266566,40.7781314,-73.96069399,member
1799578,54AF90E676250999,docked_bike,2021-09-23 15:37:20,2021-09-23 15:46:21,Madison Ave & E 82 St,7188,Madison Ave & E 82 St,7188,40.778131,-73.960694,40.778131,-73.960694,casual
1799584,DB5785AEEA31EED1,electric_bike,2021-09-16 12:46:11,2021-09-16 12:46:37,Madison Ave & E 82 St,7188,Madison Ave & E 82 St,7188,40.7781314,-73.96069399,40.7781314,-73.96069399,member
1799600,3EB949C026A71870,electric_bike,2021-09-26 18:54:15,2021-09-26 19:44:27,Madison Ave & E 82 St,7188,Madison Ave & E 82 St,7188,40.7781314,-73.96069399,40.7781314,-73.96069399,casual
1799628,39D75ED5800974AD,classic_bike,2021-09-04 17:05:11,2021-09-04 17:21:07,W 54 St & 9 Ave,6920,Madison Ave & E 82 St,7188,40.76584941,-73.98690506,40.7781314,-73.96069399,member
1799646,E18733F4184E7A23,electric_bike,2021-09-16 20:29:07,2021-09-16 20:46:20,Pleasant Ave & E 120 St,7579,Madison Ave & E 82 St,7188,40.7974772,-73.9311847,40.7781314,-73.96069399,member
1799654,8C506F59C3CD3495,classic_bike,2021-09-26 13:52:16,2021-09-26 14:06:17,Central Park West & W 68 St,7079,Madison Ave & E 82 St,7188,40.7734066,-73.97782542,40.7781314,-73.96069399,member
1799655,3550A373C91D1046,classic_bike,2021-09-26 12:16:48,2021-09-26 12:27:25,Madison Ave & E 82 St,7188,Central Park West & W 68 St,7079,40.7781314,-73.96069399,40.7734066,-73.97782542,member
1799657,78A0A0DC547E9C0E,classic_bike,2021-09-13 18:35:11,2021-09-13 18:35:35,Madison Ave & E 82 St,7188,Madison Ave & E 82 St,7188,40.7781314,-73.96069399,40.7781314,-73.96069399,member
1799662,5B2D6754A2DF9DC2,classic_bike,2021-09-14 16:59:48,2021-09-14 17:14:12,W 53 St & 10 Ave,6890,Madison Ave & E 82 St,7188,40.76669671,-73.99061728,40.7781314,-73.96069399,member
1799700,97B900B911629645,classic_bike,2021-09-11 13:42:05,2021-09-11 14:25:00,Madison Ave & E 82 St,7188,Madison Ave & E 82 St,7188,40.7781314,-73.96069399,40.7781314,-73.96069399,casual
1799730,0B250BDDF885671A,classic_bike,2021-09-11 14:56:41,2021-09-11 14:57:24,Madison Ave & E 82 St,7188,Madison Ave & E 82 St,7188,40.7781314,-73.96069399,40.7781314,-73.96069399,member
1799748,FC45F8105E7BBBD6,classic_bike,2021-09-03 15:21:41,2021-09-03 15:22:35,Madison Ave & E 82 St,7188,Madison Ave & E 82 St,7188,40.7781314,-73.96069399,40.7781314,-73.96069399,casual
1799778,0015772C03A7CF21,electric_bike,2021-09-18 06:58:05,2021-09-18 07:11:53,W 53 St & 10 Ave,6890,Madison Ave & E 82 St,7188,40.76669671,-73.99061728,40.7781314,-73.96069399,casual
1799788,6F54C39B467E953B,electric_bike,2021-09-28 07:01:17,2021-09-28 07:16:36,Broadway & W 29 St,6289,Madison Ave & E 82 St,7188,40.7462009,-73.98855723,40.7781314,-73.96069399,member
1799797,D06DE3CBE727D0D7,classic_bike,2021-09-27 14:02:57,2021-09-27 14:23:43,E 123 St & Lexington Ave,7636,Madison Ave & E 82 St,7188,40.8029263,-73.9379,40.7781314,-73.96069399,member
1799815,7C840E27C5A44FD4,classic_bike,2021-09-18 11:43:10,2021-09-18 12:46:04,E 27 St & 1 Ave,6004,Madison Ave & E 82 St,7188,40.739445,-73.976806,40.7781314,-73.96069399,casual
1799837,A92AAAD98E7FD394,classic_bike,2021-09-24 16:50:10,2021-09-24 17:21:49,Broadway & W 29 St,6289,Madison Ave & E 82 St,7188,40.7462009,-73.98855723,40.7781314,-73.96069399,casual
1799838,13F0EF13270E7375,classic_bike,2021-09-05 10:59:05,2021-09-05 11:47:14,Broadway & W 29 St,6289,Madison Ave & E 82 St,7188,40.7462009,-73.98855723,40.7781314,-73.96069399,casual
1799851,90F007031CF3DC96,classic_bike,2021-09-07 11:25:50,2021-09-07 11:59:47,8 Ave & W 38 St,6526,Madison Ave & E 82 St,7188,40.75461,-73.99177,40.7781314,-73.96069399,casual
1799882,E9DFDC10D8A96F83,classic_bike,2021-09-12 11:55:09,2021-09-12 12:32:43,5 Ave & E 87 St,7323,Madison Ave & E 82 St,7188,40.78232260730881,-73.95987510681152,40.7781314,-73.96069399,member
1799884,4EF99B2781683CDA,classic_bike,2021-09-14 17:42:42,2021-09-14 17:54:58,E 53 St & Madison Ave,6659,Madison Ave & E 82 St,7188,40.7597108,-73.97402311,40.7781314,-73.96069399,member
1799885,6449055013B529E1,classic_bike,2021-09-19 15:50:18,2021-09-19 15:56:28,5 Ave & E 87 St,7323,Madison Ave & E 82 St,7188,40.78232260730881,-73.95987510681152,40.7781314,-73.96069399,member
1799905,20E39337B18ACD0C,electric_bike,2021-09-08 13:41:44,2021-09-08 14:10:05,W 36 St & 9 Ave,6569,Madison Ave & E 82 St,7188,40.75462324029105,-73.99516761302948,40.7781314,-73.96069399,member
1799906,0B05E554D3CFF2D4,electric_bike,2021-09-05 14:30:34,2021-09-05 15:10:57,W 36 St & 9 Ave,6569,Madison Ave & E 82 St,7188,40.75462324029105,-73.99516761302948,40.7781314,-73.96069399,casual
1799913,24B427503CCEDA4B,classic_bike,2021-09-10 20:11:10,2021-09-10 20:33:10,6 Ave & W 45 St,6593,Madison Ave & E 82 St,7188,40.756951,-73.982631,40.7781314,-73.96069399,casual
1799926,A919FEC14221EC3A,classic_bike,2021-09-05 11:29:40,2021-09-05 11:58:19,E 39 St & Lexington Ave,6389,Madison Ave & E 82 St,7188,40.7494985460252,-73.97729203113158,40.7781314,-73.96069399,casual
1799961,E2FD23916E4EC114,classic_bike,2021-09-13 16:55:29,2021-09-13 17:20:38,W 113 St & Broadway,7713,Madison Ave & E 82 St,7188,40.805973,-73.964928,40.7781314,-73.96069399,casual
1799966,27455E844C8DE5DE,electric_bike,2021-09-14 18:20:44,2021-09-14 18:28:11,E 53 St & Madison Ave,6659,Madison Ave & E 82 St,7188,40.7597108,-73.97402311,40.7781314,-73.96069399,member
1799973,B1BF8322505A3AED,classic_bike,2021-09-25 09:14:17,2021-09-25 09:33:02,E 53 St & Madison Ave,6659,Madison Ave & E 82 St,7188,40.7597108,-73.97402311,40.7781314,-73.96069399,member
1800004,ED213C81C7BF9C74,classic_bike,2021-09-19 12:48:39,2021-09-19 12:54:13,E 81 St & 2 Ave,7121,Madison Ave & E 82 St,7188,40.77477944895728,-73.95427465438843,40.7781314,-73.96069399,casual
1800032,A355D72198935B4C,classic_bike,2021-09-24 15:57:53,2021-09-24 18:05:54,West Drive & Prospect Park West,3651,Madison Ave & E 82 St,7188,40.6610633719006,-73.97945255041122,40.7781314,-73.96069399,casual
1800034,C2062F1DB7206A23,electric_bike,2021-09-24 13:02:35,2021-09-24 13:53:51,1 Ave & E 6 St,5626,Madison Ave & E 82 St,7188,40.72633085971696,-73.98616880178452,40.7781314,-73.96069399,casual
1800076,A8B861BC242E8E51,classic_bike,2021-09-26 12:37:51,2021-09-26 13:07:16,Broadway & W 29 St,6289,Madison Ave & E 82 St,7188,40.7462009,-73.98855723,40.7781314,-73.96069399,casual
1800107,DFD0105D77A697B9,electric_bike,2021-09-24 13:00:48,2021-09-24 13:53:58,1 Ave & E 6 St,5626,Madison Ave & E 82 St,7188,40.72633085971696,-73.98616880178452,40.7781314,-73.96069399,casual
1800122,4702238573F6A783,classic_bike,2021-09-06 09:30:05,2021-09-06 09:57:42,6 Ave & W 45 St,6593,Madison Ave & E 82 St,7188,40.756951,-73.982631,40.7781314,-73.96069399,member
1800123,96D373C57D342BC4,classic_bike,2021-09-20 17:45:40,2021-09-20 17:50:15,E 81 St & 2 Ave,7121,Madison Ave & E 82 St,7188,40.77477944895728,-73.95427465438843,40.7781314,-73.96069399,member
1800125,D2BD82B93F424C84,classic_bike,2021-09-24 16:29:35,2021-09-24 17:01:28,Lafayette St & E 8 St,5788,Madison Ave & E 82 St,7188,40.73020660529954,-73.99102628231049,40.7781314,-73.96069399,member
1800128,F6BC91A9143C249B,classic_bike,2021-09-19 13:02:12,2021-09-19 13:32:34,6 Ave & W 45 St,6593,Madison Ave & E 82 St,7188,40.756951,-73.982631,40.7781314,-73.96069399,casual
1800130,C73C4A3E6E680569,classic_bike,2021-09-16 11:00:05,2021-09-16 11:40:56,6 Ave & W 45 St,6593,Madison Ave & E 82 St,7188,40.756951,-73.982631,40.7781314,-73.96069399,casual
1800133,5EF0E1F1CEF3280C,classic_bike,2021-09-11 19:53:00,2021-09-11 19:57:52,E 81 St & 2 Ave,7121,Madison Ave & E 82 St,7188,40.77477944895728,-73.95427465438843,40.7781314,-73.96069399,member
1800139,B1304F8441910CAD,classic_bike,2021-09-16 10:59:57,2021-09-16 11:42:12,6 Ave & W 45 St,6593,Madison Ave & E 82 St,7188,40.756951,-73.982631,40.7781314,-73.96069399,casual
1800140,E485424AAD373D72,classic_bike,2021-09-06 14:11:54,2021-09-06 14:38:35,E 48 St & 3 Ave,6541,Madison Ave & E 82 St,7188,40.7546011026,-73.971878855,40.7781314,-73.96069399,casual
1800141,F1FDEDFB7F3493ED,classic_bike,2021-09-06 09:27:16,2021-09-06 09:33:02,E 81 St & 2 Ave,7121,Madison Ave & E 82 St,7188,40.77477944895728,-73.95427465438843,40.7781314,-73.96069399,casual
1800142,145EA7D0A645DB33,classic_bike,2021-09-20 09:43:47,2021-09-20 10:03:37,E 48 St & 3 Ave,6541,Madison Ave & E 82 St,7188,40.7546011026,-73.971878855,40.7781314,-73.96069399,casual
1800159,17905AE2321714B8,classic_bike,2021-09-29 15:49:55,2021-09-29 16:06:21,6 Ave & W 45 St,6593,Madison Ave & E 82 St,7188,40.756951,-73.982631,40.7781314,-73.96069399,member
1800161,8D35B082B7E8EBA5,classic_bike,2021-09-30 14:49:38,2021-09-30 14:53:53,E 81 St & 2 Ave,7121,Madison Ave & E 82 St,7188,40.77477944895728,-73.95427465438843,40.7781314,-73.96069399,casual
1800162,722CB0403E1D1FEE,classic_bike,2021-09-19 16:06:18,2021-09-19 16:29:18,6 Ave & W 45 St,6593,Madison Ave & E 82 St,7188,40.756951,-73.982631,40.7781314,-73.96069399,casual
1800178,247F037134C393BB,classic_bike,2021-09-21 18:16:24,2021-09-21 18:39:33,E 39 St & Lexington Ave,6389,Madison Ave & E 82 St,7188,40.7494985460252,-73.97729203113158,40.7781314,-73.96069399,member
1800179,645E2D66ED1F40DB,classic_bike,2021-09-01 10:57:50,2021-09-01 11:34:07,E 48 St & 3 Ave,6541,Madison Ave & E 82 St,7188,40.7546011026,-73.971878855,40.7781314,-73.96069399,casual
1800193,D9B876425C4C5590,electric_bike,2021-09-19 12:36:46,2021-09-19 13:03:14,Stanton St & Chrystie St,5523,Madison Ave & E 82 St,7188,40.72229346,-73.99147535,40.7781314,-73.96069399,member
1800302,2491A44B47587535,classic_bike,2021-09-26 10:07:28,2021-09-26 10:52:20,Greenwich St & Perry St,5922,Madison Ave & E 82 St,7188,40.73498,-74.00697,40.7781314,-73.96069399,casual
1800324,B9CDAD17317A4130,classic_bike,2021-09-30 13:02:44,2021-09-30 13:09:48,E 81 St & 2 Ave,7121,Madison Ave & E 82 St,7188,40.77477944895728,-73.95427465438843,40.7781314,-73.96069399,member
1800334,00259844A9117FFA,classic_bike,2021-09-17 16:16:39,2021-09-17 16:46:57,Watts St & Greenwich St,5578,Madison Ave & E 82 St,7188,40.72405549,-74.00965965,40.7781314,-73.96069399,member
1800341,EB2DD4FB12B0453E,electric_bike,2021-09-09 15:00:35,2021-09-09 15:09:25,W 76 St & Columbus Ave,7281,Madison Ave & E 82 St,7188,40.7801839724239,-73.97728532552719,40.7781314,-73.96069399,member
1800406,F22AE0C6E8BAE9C6,electric_bike,2021-09-17 12:17:19,2021-09-17 12:27:57,W 76 St & Columbus Ave,7281,Madison Ave & E 82 St,7188,40.7801839724239,-73.97728532552719,40.7781314,-73.96069399,member
1800422,2A9638F7CC4E3850,classic_bike,2021-09-24 14:48:51,2021-09-24 15:08:57,Morningside Dr & Amsterdam Ave,7741,Madison Ave & E 82 St,7188,40.81028506306003,-73.95736455917358,40.7781314,-73.96069399,casual
1800455,73E29F49BB623661,electric_bike,2021-09-02 16:10:38,2021-09-02 16:13:42,E 81 St & 2 Ave,7121,Madison Ave & E 82 St,7188,40.77477944895728,-73.95427465438843,40.7781314,-73.96069399,member
1800461,42A8F288F74674D6,classic_bike,2021-09-04 12:30:46,2021-09-04 12:34:05,E 81 St & 2 Ave,7121,Madison Ave & E 82 St,7188,40.77477944895728,-73.95427465438843,40.7781314,-73.96069399,member
1800515,2A4DA336E113E9E1,docked_bike,2021-09-26 15:10:42,2021-09-26 15:30:19,6 Ave & W 45 St,6593,Madison Ave & E 82 St,7188,40.756951,-73.982631,40.778131,-73.960694,casual
1800540,947FFE677FC7CE1D,electric_bike,2021-09-29 15:25:36,2021-09-29 15:50:52,West End Ave & W 60 St,7059,Madison Ave & E 82 St,7188,40.77237,-73.99005,40.7781314,-73.96069399,casual
1800568,D430AFA8C5ED887B,classic_bike,2021-09-20 15:18:08,2021-09-20 15:43:54,West End Ave & W 60 St,7059,Madison Ave & E 82 St,7188,40.77237,-73.99005,40.7781314,-73.96069399,member
1800604,EB3C4569E3E53E6E,classic_bike,2021-09-19 08:41:15,2021-09-19 08:54:35,E 39 St & Lexington Ave,6389,Madison Ave & E 82 St,7188,40.7494985460252,-73.97729203113158,40.7781314,-73.96069399,member
1800612,F58942B5E5166EBF,classic_bike,2021-09-25 16:11:59,2021-09-25 17:11:37,6 Ave & W 45 St,6593,Madison Ave & E 82 St,7188,40.756951,-73.982631,40.7781314,-73.96069399,casual
1800672,B2144C174296C891,classic_bike,2021-09-25 11:45:06,2021-09-25 12:16:13,West End Ave & W 60 St,7059,Madison Ave & E 82 St,7188,40.77237,-73.99005,40.7781314,-73.96069399,casual
1800711,45461FEA92511E7D,classic_bike,2021-09-05 10:30:49,2021-09-05 11:06:45,Lexington Ave & E 24 St,6089,Madison Ave & E 82 St,7188,40.74025878,-73.98409214,40.7781314,-73.96069399,member
1800755,ED928C49485B8BA5,classic_bike,2021-09-14 20:54:36,2021-09-14 21:30:02,Lexington Ave & E 24 St,6089,Madison Ave & E 82 St,7188,40.74025878,-73.98409214,40.7781314,-73.96069399,member
1800756,79387608CDCF1E0C,electric_bike,2021-09-15 15:40:52,2021-09-15 15:57:46,West End Ave & W 60 St,7059,Madison Ave & E 82 St,7188,40.77237,-73.99005,40.7781314,-73.96069399,member
1800805,1910EC5A3F7EEAB1,classic_bike,2021-09-12 11:46:13,2021-09-12 13:49:31,Broadway & W 38 St,6560,Madison Ave & E 82 St,7188,40.7529728216068,-73.98734897375107,40.7781314,-73.96069399,casual
1800826,EFB85A6A0F12C62C,electric_bike,2021-09-03 13:28:42,2021-09-03 14:01:51,Riverside Dr & W 78 St,7340,Madison Ave & E 82 St,7188,40.78414472,-73.98362492,40.7781314,-73.96069399,casual
1800835,9BCFB5F70B2617BE,electric_bike,2021-09-18 12:21:22,2021-09-18 12:39:24,E 128 St & Madison Ave,7735,Madison Ave & E 82 St,7188,40.80756,-73.939182,40.7781314,-73.96069399,casual
1800929,D3D8DCEE0BCDA1C7,classic_bike,2021-09-02 13:25:09,2021-09-02 13:50:33,2 Ave & E 55 St,6650,Madison Ave & E 82 St,7188,40.757920208794026,-73.96638214588165,40.7781314,-73.96069399,casual
1800956,0625763D55982B36,classic_bike,2021-09-12 12:43:32,2021-09-12 13:07:52,E 44 St & Lexington Ave,6464,Madison Ave & E 82 St,7188,40.752643,-73.974996,40.7781314,-73.96069399,member
1800957,0FA8E29421EA58DD,classic_bike,2021-09-02 20:04:59,2021-09-02 20:28:19,E 44 St & Lexington Ave,6464,Madison Ave & E 82 St,7188,40.752643,-73.974996,40.7781314,-73.96069399,casual
1800959,A4DBD2ADE9BB2DF7,classic_bike,2021-09-20 14:07:40,2021-09-20 14:37:35,Mt Morris Park W & W 120 St,7685,Madison Ave & E 82 St,7188,40.804038,-73.945925,40.7781314,-73.96069399,casual
1801088,EB17085405B30537,classic_bike,2021-09-06 15:39:06,2021-09-06 16:03:18,W 51 St & 6 Ave,6740,Madison Ave & E 82 St,7188,40.7606597,-73.98042047,40.7781314,-73.96069399,member
1801099,D8E07523BCEFFF8A,electric_bike,2021-09-19 11:40:33,2021-09-19 11:50:07,East End Ave & E 86 St,7113,Madison Ave & E 82 St,7188,40.77518615,-73.94446054,40.7781314,-73.96069399,member
1801138,7DE3F85AC9429013,classic_bike,2021-09-24 14:40:08,2021-09-24 14:54:14,East End Ave & E 86 St,7113,Madison Ave & E 82 St,7188,40.77518615,-73.94446054,40.7781314,-73.96069399,casual
1801163,A957EA71A3504D45,classic_bike,2021-09-30 17:55:14,2021-09-30 18:13:56,W 47 St & 6 Ave,6667,Madison Ave & E 82 St,7188,40.758397,-73.98255,40.7781314,-73.96069399,member
1801188,B793D32F118BC8AB,classic_bike,2021-09-24 13:11:19,2021-09-24 13:39:33,2 Ave & E 55 St,6650,Madison Ave & E 82 St,7188,40.757920208794026,-73.96638214588165,40.7781314,-73.96069399,casual
1801217,2F1A11E5C2927F95,classic_bike,2021-09-18 12:33:05,2021-09-18 12:57:44,W 47 St & 6 Ave,6667,Madison Ave & E 82 St,7188,40.758397,-73.98255,40.7781314,-73.96069399,member
1801265,A2F425B41E0F6F23,classic_bike,2021-09-14 17:44:43,2021-09-14 18:09:08,St. Nicholas Ave & W 126 St,7756,Madison Ave & E 82 St,7188,40.8114323,-73.9518776,40.7781314,-73.96069399,member
1801282,084CFD03A42BFE1F,electric_bike,2021-09-23 10:28:34,2021-09-23 10:31:46,E 85 St & 3 Ave,7212,Madison Ave & E 82 St,7188,40.77801203,-73.95407149,40.7781314,-73.96069399,member
1801283,B709F25A1260BE08,electric_bike,2021-09-23 18:14:36,2021-09-23 18:18:57,E 85 St & 3 Ave,7212,Madison Ave & E 82 St,7188,40.77801203,-73.95407149,40.7781314,-73.96069399,member
1801307,58F852623494DA71,electric_bike,2021-09-05 09:49:41,2021-09-05 09:53:34,E 85 St & 3 Ave,7212,Madison Ave & E 82 St,7188,40.77801203,-73.95407149,40.7781314,-73.96069399,member
1801314,3CA638108B80B668,classic_bike,2021-09-12 20:43:33,2021-09-12 20:54:39,W 84 St & Columbus Ave,7382,Madison Ave & E 82 St,7188,40.78499979,-73.97283406,40.7781314,-73.96069399,member
1801315,9AFB82B0DAB7C3CD,classic_bike,2021-09-19 12:23:46,2021-09-19 12:27:16,E 85 St & 3 Ave,7212,Madison Ave & E 82 St,7188,40.77801203,-73.95407149,40.7781314,-73.96069399,member
1801319,38C31C791ECEF0D8,classic_bike,2021-09-06 13:54:55,2021-09-06 13:59:18,E 85 St & 3 Ave,7212,Madison Ave & E 82 St,7188,40.77801203,-73.95407149,40.7781314,-73.96069399,member
1801320,9376F1248722DE82,classic_bike,2021-09-25 17:03:37,2021-09-25 17:19:35,E 85 St & 3 Ave,7212,Madison Ave & E 82 St,7188,40.77801203,-73.95407149,40.7781314,-73.96069399,casual
1801324,8FD492C5F49B2A1A,electric_bike,2021-09-19 12:47:33,2021-09-19 14:42:04,E 85 St & 3 Ave,7212,Madison Ave & E 82 St,7188,40.77801203,-73.95407149,40.7781314,-73.96069399,casual
1801328,83FFC1DA1D18C8AE,classic_bike,2021-09-06 19:06:58,2021-09-06 19:10:51,E 85 St & 3 Ave,7212,Madison Ave & E 82 St,7188,40.77801203,-73.95407149,40.7781314,-73.96069399,member
1801335,561BF137981B7B11,classic_bike,2021-09-09 14:38:26,2021-09-09 14:46:32,E 85 St & 3 Ave,7212,Madison Ave & E 82 St,7188,40.77801203,-73.95407149,40.7781314,-73.96069399,casual
1801368,4BCF8CB25436FA63,classic_bike,2021-09-13 13:28:14,2021-09-13 13:31:44,E 85 St & 3 Ave,7212,Madison Ave & E 82 St,7188,40.77801203,-73.95407149,40.7781314,-73.96069399,member
1801393,7F3DA4850D63BCCD,electric_bike,2021-09-26 14:14:11,2021-09-26 14:52:51,Pike St & Monroe St,5159,Madison Ave & E 82 St,7188,40.71173107,-73.99193043,40.7781314,-73.96069399,casual
1801427,07A63F2F0F81137B,classic_bike,2021-09-18 12:59:39,2021-09-18 13:39:51,Broadway & W 25 St,6173,Madison Ave & E 82 St,7188,40.74286877312112,-73.98918628692627,40.7781314,-73.96069399,casual
1801429,0A9A4CF57C8668C5,classic_bike,2021-09-04 13:45:03,2021-09-04 14:01:34,E 47 St & 2 Ave,6498,Madison Ave & E 82 St,7188,40.75323098,-73.97032517,40.7781314,-73.96069399,member
1801435,82AA36B8B035F6D6,classic_bike,2021-09-07 15:07:03,2021-09-07 15:14:59,W 84 St & Columbus Ave,7382,Madison Ave & E 82 St,7188,40.78499979,-73.97283406,40.7781314,-73.96069399,member
1801444,BB616AEDE7D70F54,electric_bike,2021-09-03 07:05:27,2021-09-03 07:16:29,E 47 St & 2 Ave,6498,Madison Ave & E 82 St,7188,40.75323098,-73.97032517,40.7781314,-73.96069399,member
1801455,1245D5407F40ACB4,classic_bike,2021-09-25 17:02:12,2021-09-25 17:20:35,E 85 St & 3 Ave,7212,Madison Ave & E 82 St,7188,40.77801203,-73.95407149,40.7781314,-73.96069399,casual
1801463,36D58BA3CE8A1DF7,classic_bike,2021-09-20 00:18:28,2021-09-20 00:21:52,E 85 St & 3 Ave,7212,Madison Ave & E 82 St,7188,40.77801203,-73.95407149,40.7781314,-73.96069399,member
1801484,463E6BB7B6526DD1,electric_bike,2021-09-20 18:04:11,2021-09-20 18:09:24,E 85 St & 3 Ave,7212,Madison Ave & E 82 St,7188,40.77801203,-73.95407149,40.7781314,-73.96069399,member
1801486,EF3C2CA785FE83FB,classic_bike,2021-09-25 11:56:06,2021-09-25 12:36:23,E 47 St & 2 Ave,6498,Madison Ave & E 82 St,7188,40.75323098,-73.97032517,40.7781314,-73.96069399,member
1801488,E86DEDCD6D8E9DDE,electric_bike,2021-09-06 00:27:57,2021-09-06 00:45:40,W 84 St & Columbus Ave,7382,Madison Ave & E 82 St,7188,40.78499979,-73.97283406,40.7781314,-73.96069399,casual
1801495,4DE02DA74230BF68,classic_bike,2021-09-13 00:51:57,2021-09-13 01:21:26,W 84 St & Columbus Ave,7382,Madison Ave & E 82 St,7188,40.78499979,-73.97283406,40.7781314,-73.96069399,member
1801502,A70EE9A5809E1F9E,classic_bike,2021-09-27 11:37:37,2021-09-27 11:40:59,E 85 St & 3 Ave,7212,Madison Ave & E 82 St,7188,40.77801203,-73.95407149,40.7781314,-73.96069399,member
1801516,D9C8DCDF9A3751F0,electric_bike,2021-09-25 12:59:49,2021-09-25 13:26:56,W 26 St & 8 Ave,6297,Madison Ave & E 82 St,7188,40.74734825,-73.99723551,40.7781314,-73.96069399,member
1801523,6505106055015443,electric_bike,2021-09-14 12:26:55,2021-09-14 12:40:24,East End Ave & E 86 St,7113,Madison Ave & E 82 St,7188,40.77518615,-73.94446054,40.7781314,-73.96069399,casual
1801529,3EA0AF6B5786E702,classic_bike,2021-09-22 08:53:45,2021-09-22 09:02:55,E 85 St & 3 Ave,7212,Madison Ave & E 82 St,7188,40.77801203,-73.95407149,40.7781314,-73.96069399,casual
1801538,FF8E8B037A5CBC88,classic_bike,2021-09-13 15:19:23,2021-09-13 20:36:36,E 85 St & 3 Ave,7212,Madison Ave & E 82 St,7188,40.77801203,-73.95407149,40.7781314,-73.96069399,casual
1801547,E37F21C0A3DE4738,electric_bike,2021-09-14 09:16:31,2021-09-14 09:28:50,E 47 St & 2 Ave,6498,Madison Ave & E 82 St,7188,40.75323098,-73.97032517,40.7781314,-73.96069399,member
1801550,A72493E79575321B,electric_bike,2021-09-16 13:44:33,2021-09-16 13:55:02,E 56 St & 3 Ave,6691,Madison Ave & E 82 St,7188,40.75934501,-73.96759673,40.7781314,-73.96069399,casual
1801577,00455FE101915283,electric_bike,2021-09-25 16:30:33,2021-09-25 16:39:21,East End Ave & E 86 St,7113,Madison Ave & E 82 St,7188,40.77518615,-73.94446054,40.7781314,-73.96069399,member
1801692,A53953C9451F30AD,classic_bike,2021-09-18 09:48:00,2021-09-18 09:51:50,E 84 St & Park Ave,7243,Madison Ave & E 82 St,7188,40.77862688,-73.95772073,40.7781314,-73.96069399,member
1801699,5D01076864AFD5CC,classic_bike,2021-09-15 11:18:31,2021-09-15 11:20:21,E 84 St & Park Ave,7243,Madison Ave & E 82 St,7188,40.77862688,-73.95772073,40.7781314,-73.96069399,member
1801716,9187E3C2003F57E2,electric_bike,2021-09-08 18:09:56,2021-09-08 18:19:24,2 Ave & E 55 St,6650,Madison Ave & E 82 St,7188,40.757920208794026,-73.96638214588165,40.7781314,-73.96069399,member
1801739,70FFC830C17EFEEF,electric_bike,2021-09-13 15:52:38,2021-09-13 16:01:53,Central Park West & W 72 St,7141,Madison Ave & E 82 St,7188,40.77579376683666,-73.9762057363987,40.7781314,-73.96069399,member
1801749,41888D03837C9E2C,classic_bike,2021-09-07 14:47:52,2021-09-07 15:01:58,Central Park West & W 72 St,7141,Madison Ave & E 82 St,7188,40.77579376683666,-73.9762057363987,40.7781314,-73.96069399,member
1801750,A71E46393D48AAD1,classic_bike,2021-09-18 12:45:29,2021-09-18 13:29:15,Central Park West & W 72 St,7141,Madison Ave & E 82 St,7188,40.77579376683666,-73.9762057363987,40.7781314,-73.96069399,casual
1801754,FF777FD27B7B160E,classic_bike,2021-09-27 14:44:06,2021-09-27 14:49:59,Central Park West & W 72 St,7141,Madison Ave & E 82 St,7188,40.77579376683666,-73.9762057363987,40.7781314,-73.96069399,member
1801756,92A01557F6F2A630,electric_bike,2021-09-25 10:00:18,2021-09-25 11:09:10,E 84 St & Park Ave,7243,Madison Ave & E 82 St,7188,40.77862688,-73.95772073,40.7781314,-73.96069399,member
1801806,85EDAD1DA1511A2D,classic_bike,2021-09-04 14:09:59,2021-09-04 14:11:27,E 84 St & Park Ave,7243,Madison Ave & E 82 St,7188,40.77862688,-73.95772073,40.7781314,-73.96069399,member
1801820,FDC128993918DA22,classic_bike,2021-09-24 16:16:08,2021-09-24 16:18:56,E 84 St & Park Ave,7243,Madison Ave & E 82 St,7188,40.77862688,-73.95772073,40.7781314,-73.96069399,casual
1801826,A1DEE39C157D49C5,classic_bike,2021-09-11 15:12:52,2021-09-11 15:46:40,Columbus Ave & W 72 St,7175,Madison Ave & E 82 St,7188,40.7770575,-73.97898475,40.7781314,-73.96069399,casual
1801830,F44D05F0383E4E69,electric_bike,2021-09-08 23:26:44,2021-09-08 23:32:40,Central Park West & W 72 St,7141,Madison Ave & E 82 St,7188,40.77579376683666,-73.9762057363987,40.7781314,-73.96069399,member
1801831,B371BFE20A6B27BB,electric_bike,2021-09-02 14:18:17,2021-09-02 14:24:22,Central Park West & W 72 St,7141,Madison Ave & E 82 St,7188,40.77579376683666,-73.9762057363987,40.7781314,-73.96069399,member
1801833,1D35C5AE4240B989,classic_bike,2021-09-19 14:58:59,2021-09-19 15:01:53,E 84 St & Park Ave,7243,Madison Ave & E 82 St,7188,40.77862688,-73.95772073,40.7781314,-73.96069399,member
1801835,0DBDBB3B4499359D,docked_bike,2021-09-05 13:47:25,2021-09-05 14:28:37,Central Park West & W 72 St,7141,Madison Ave & E 82 St,7188,40.775794,-73.976206,40.778131,-73.960694,casual
1801838,6995A01A59406F7C,electric_bike,2021-09-12 11:01:23,2021-09-12 11:03:40,E 84 St & Park Ave,7243,Madison Ave & E 82 St,7188,40.77862688,-73.95772073,40.7781314,-73.96069399,member
1801839,F56BD99E834359B5,electric_bike,2021-09-12 08:28:16,2021-09-12 08:29:52,E 84 St & Park Ave,7243,Madison Ave & E 82 St,7188,40.77862688,-73.95772073,40.7781314,-73.96069399,member
1801840,89BEB25AC30ED33B,classic_bike,2021-09-11 15:43:47,2021-09-11 15:50:50,E 84 St & Park Ave,7243,Madison Ave & E 82 St,7188,40.77862688,-73.95772073,40.7781314,-73.96069399,member
1801844,5A28F92CAE03EB54,classic_bike,2021-09-19 11:24:22,2021-09-19 11:35:40,Central Park West & W 72 St,7141,Madison Ave & E 82 St,7188,40.77579376683666,-73.9762057363987,40.7781314,-73.96069399,casual
1801862,5F28EC0F2F3C4FD4,electric_bike,2021-09-19 22:16:29,2021-09-19 22:30:10,West End Ave & W 60 St,7059,Madison Ave & E 82 St,7188,40.77237,-73.99005,40.7781314,-73.96069399,member
1801869,7B13F6034295A46C,classic_bike,2021-09-12 13:10:13,2021-09-12 13:44:14,West End Ave & W 60 St,7059,Madison Ave & E 82 St,7188,40.77237,-73.99005,40.7781314,-73.96069399,casual
1801890,F871F5F30425E359,classic_bike,2021-09-06 07:06:03,2021-09-06 07:35:33,E 84 St & Park Ave,7243,Madison Ave & E 82 St,7188,40.77862688,-73.95772073,40.7781314,-73.96069399,member
1801891,FF5E71589A666DB3,classic_bike,2021-09-11 14:31:06,2021-09-11 14:39:42,Central Park West & W 72 St,7141,Madison Ave & E 82 St,7188,40.77579376683666,-73.9762057363987,40.7781314,-73.96069399,member
1801897,1AC10C1D0977B420,classic_bike,2021-09-13 16:05:47,2021-09-13 16:07:39,E 84 St & Park Ave,7243,Madison Ave & E 82 St,7188,40.77862688,-73.95772073,40.7781314,-73.96069399,member
1801919,5E1D3A9FAE7E5632,electric_bike,2021-09-22 09:43:27,2021-09-22 09:51:18,Central Park West & W 72 St,7141,Madison Ave & E 82 St,7188,40.77579376683666,-73.9762057363987,40.7781314,-73.96069399,member
1801928,88ABA7D83A007638,classic_bike,2021-09-19 17:04:46,2021-09-19 17:18:12,Central Park West & W 72 St,7141,Madison Ave & E 82 St,7188,40.77579376683666,-73.9762057363987,40.7781314,-73.96069399,casual
1801936,54CC7B4C4179C872,classic_bike,2021-09-06 10:18:06,2021-09-06 10:26:12,E 91 St & 2 Ave,7286,Madison Ave & E 82 St,7188,40.78115276427916,-73.94963040947914,40.7781314,-73.96069399,member
1801975,36EFCB23B9D1C19B,classic_bike,2021-09-26 15:33:01,2021-09-26 16:11:22,Broadway & W 37 St,6441,Madison Ave & E 82 St,7188,40.75172632,-73.98753523,40.7781314,-73.96069399,casual
1802004,649998F68F9353B1,classic_bike,2021-09-19 11:50:13,2021-09-19 12:40:31,Broadway & W 38 St,6560,Madison Ave & E 82 St,7188,40.7529728216068,-73.98734897375107,40.7781314,-73.96069399,casual
1802011,25F78809A2D5DEB0,classic_bike,2021-09-08 18:10:55,2021-09-08 18:26:54,E 40 St & 5 Ave,6474,Madison Ave & E 82 St,7188,40.752062307,-73.9816324043,40.7781314,-73.96069399,member
1802012,57797209316099AD,classic_bike,2021-09-08 16:52:50,2021-09-08 17:05:46,E 40 St & 5 Ave,6474,Madison Ave & E 82 St,7188,40.752062307,-73.9816324043,40.7781314,-73.96069399,member
1802014,0D91420BE01A92E7,classic_bike,2021-09-25 14:49:17,2021-09-25 15:11:17,FDR Drive & E 35 St,6230,Madison Ave & E 82 St,7188,40.744219,-73.97121214,40.7781314,-73.96069399,member
1802019,78BEA5EF4078E789,classic_bike,2021-09-03 13:04:52,2021-09-03 13:15:20,Columbus Ave & W 72 St,7175,Madison Ave & E 82 St,7188,40.7770575,-73.97898475,40.7781314,-73.96069399,member
1802052,B6F4577235D528BB,classic_bike,2021-09-11 16:02:39,2021-09-11 16:11:38,E 91 St & 2 Ave,7286,Madison Ave & E 82 St,7188,40.78115276427916,-73.94963040947914,40.7781314,-73.96069399,member
1802058,3701C96436555F7D,electric_bike,2021-09-22 07:17:08,2021-09-22 07:28:07,E 81 St & Park Ave,7188,W 53 St & 10 Ave,6890,40.77677702,-73.9590097,40.76669671,-73.99061728,member
1802061,76FA307A5FF47CF8,electric_bike,2021-09-19 12:38:11,2021-09-19 14:41:03,E 81 St & Park Ave,7188,Madison Ave & E 82 St,7188,40.77677702,-73.9590097,40.7781314,-73.96069399,casual
1802065,3C5AFCFB3C7B3073,classic_bike,2021-09-07 21:20:04,2021-09-07 21:28:14,E 81 St & Park Ave,7188,Central Park West & W 68 St,7079,40.77677702,-73.9590097,40.7734066,-73.97782542,member
1802070,23C7415BED52E2E1,classic_bike,2021-09-18 14:53:15,2021-09-18 14:56:39,E 81 St & Park Ave,7188,Madison Ave & E 82 St,7188,40.77677702,-73.9590097,40.7781314,-73.96069399,member
1802075,5A7676CF0AF61465,classic_bike,2021-09-04 12:46:57,2021-09-04 12:59:31,E 78 St & 2 Ave,7057,Madison Ave & E 82 St,7188,40.7727966,-73.95577801,40.7781314,-73.96069399,casual
1802076,5FB49F207C5FBB35,classic_bike,2021-09-17 13:33:19,2021-09-17 14:22:02,E 78 St & 2 Ave,7057,Madison Ave & E 82 St,7188,40.7727966,-73.95577801,40.7781314,-73.96069399,casual
1802078,D4FB34CF0A2D4A6B,classic_bike,2021-09-18 13:28:40,2021-09-18 13:36:44,Central Park West & W 72 St,7141,Madison Ave & E 82 St,7188,40.77579376683666,-73.9762057363987,40.7781314,-73.96069399,member
1802081,5A46D75ED1C1701D,docked_bike,2021-09-06 16:36:29,2021-09-06 17:16:02,Central Park West & W 72 St,7141,Madison Ave & E 82 St,7188,40.775794,-73.976206,40.778131,-73.960694,casual
1802087,01B18473219A37BA,classic_bike,2021-09-18 15:20:00,2021-09-18 15:23:12,E 84 St & Park Ave,7243,Madison Ave & E 82 St,7188,40.77862688,-73.95772073,40.7781314,-73.96069399,casual
1802089,F76D97F8A76B6695,classic_bike,2021-09-24 19:09:04,2021-09-24 19:16:00,E 84 St & Park Ave,7243,Madison Ave & E 82 St,7188,40.77862688,-73.95772073,40.7781314,-73.96069399,casual
1802093,704A5D7CD0CE3F5C,classic_bike,2021-09-11 11:20:06,2021-09-11 11:51:10,Columbus Ave & W 95 St,7520,Madison Ave & E 82 St,7188,40.7919557,-73.968087,40.7781314,-73.96069399,member
1802094,E52A5D445985F582,electric_bike,2021-09-09 18:13:30,2021-09-09 19:01:39,E 81 St & Park Ave,7188,Boerum St & Broadway,5004,40.77677702,-73.9590097,40.70538077,-73.94976519,member
1802100,6C835F322B75EADF,electric_bike,2021-09-09 14:12:22,2021-09-09 14:24:57,E 81 St & Park Ave,7188,Central Park West & W 68 St,7079,40.77677702,-73.9590097,40.7734066,-73.97782542,member
1802113,D7CF9D794CA24988,classic_bike,2021-09-08 15:35:45,2021-09-08 15:43:26,E 85 St & 3 Ave,7212,Madison Ave & E 82 St,7188,40.77801203,-73.95407149,40.7781314,-73.96069399,casual
1802126,C41EB1FFE32C94F3,classic_bike,2021-09-04 14:39:07,2021-09-04 14:54:11,Central Park West & W 72 St,7141,Madison Ave & E 82 St,7188,40.77579376683666,-73.9762057363987,40.7781314,-73.96069399,casual
1802134,AB25C44AD6810DC8,electric_bike,2021-09-12 07:49:21,2021-09-12 08:09:50,W 29 St & 9 Ave,6416,Madison Ave & E 82 St,7188,40.7500727,-73.99839279,40.7781314,-73.96069399,member
1802144,77E5F406501AEE94,electric_bike,2021-09-07 09:17:49,2021-09-07 09:31:14,E 47 St & 1 Ave,6498,Madison Ave & E 82 St,7188,40.75206862,-73.96784384,40.7781314,-73.96069399,member
1802173,4890FCE167DC81F7,classic_bike,2021-09-02 20:08:40,2021-09-02 20:28:10,E 44 St & Lexington Ave,6464,Madison Ave & E 82 St,7188,40.752643,-73.974996,40.7781314,-73.96069399,casual
1802187,434AE4477F5F3C3E,classic_bike,2021-09-07 17:22:04,2021-09-07 17:27:49,E 85 St & 3 Ave,7212,Madison Ave & E 82 St,7188,40.77801203,-73.95407149,40.7781314,-73.96069399,member
1802198,7045B7B9E59B9D33,classic_bike,2021-09-26 13:50:14,2021-09-26 14:07:10,W 44 St & 5 Ave,6551,Madison Ave & E 82 St,7188,40.75500254,-73.98014437,40.7781314,-73.96069399,casual
1802209,11F2C7A6DAFA0435,classic_bike,2021-09-13 17:50:21,2021-09-13 17:52:54,E 84 St & Park Ave,7243,Madison Ave & E 82 St,7188,40.77862688,-73.95772073,40.7781314,-73.96069399,member
1802214,9D2BB30F9D2D6296,electric_bike,2021-09-20 11:34:56,2021-09-20 11:37:14,E 84 St & Park Ave,7243,Madison Ave & E 82 St,7188,40.77862688,-73.95772073,40.7781314,-73.96069399,member
1802215,67EE2635299D7ED0,electric_bike,2021-09-06 09:58:22,2021-09-06 10:00:29,E 84 St & Park Ave,7243,Madison Ave & E 82 St,7188,40.77862688,-73.95772073,40.7781314,-73.96069399,member
1802223,4A4CD742F047FF1F,electric_bike,2021-09-17 18:44:23,2021-09-17 18:47:54,E 85 St & 3 Ave,7212,Madison Ave & E 82 St,7188,40.77801203,-73.95407149,40.7781314,-73.96069399,member
1802225,50B320B8673DC719,classic_bike,2021-09-16 15:45:26,2021-09-16 17:05:13,E 85 St & 3 Ave,7212,Madison Ave & E 82 St,7188,40.77801203,-73.95407149,40.7781314,-73.96069399,casual
1802231,8B3148276AB9539E,classic_bike,2021-09-18 08:37:51,2021-09-18 09:10:15,Central Park West & W 72 St,7141,Madison Ave & E 82 St,7188,40.77579376683666,-73.9762057363987,40.7781314,-73.96069399,casual
1802246,63E310763C713270,classic_bike,2021-09-13 10:38:01,2021-09-13 10:57:54,W 44 St & 5 Ave,6551,Madison Ave & E 82 St,7188,40.75500254,-73.98014437,40.7781314,-73.96069399,member
1802249,0E704CB5559B6507,classic_bike,2021-09-10 14:33:05,2021-09-10 14:55:42,W 44 St & 5 Ave,6551,Madison Ave & E 82 St,7188,40.75500254,-73.98014437,40.7781314,-73.96069399,member
1802264,341D0DEACD2B82A1,classic_bike,2021-09-17 17:23:44,2021-09-17 18:00:30,W 13 St & 5 Ave,5947,Madison Ave & E 82 St,7188,40.735445,-73.99431,40.7781314,-73.96069399,member
1802297,A174A30F882ABAD6,classic_bike,2021-09-16 18:24:10,2021-09-16 18:58:08,Warren St & W Broadway,5288,Madison Ave & E 82 St,7188,40.71473993,-74.00910627,40.7781314,-73.96069399,member
1802304,F996C01F69D0D1E4,classic_bike,2021-09-01 07:58:53,2021-09-01 08:14:37,E 47 St & 1 Ave,6498,Madison Ave & E 82 St,7188,40.75206862,-73.96784384,40.7781314,-73.96069399,member
1802305,1C7F16E8263405D7,classic_bike,2021-09-12 08:53:29,2021-09-12 09:14:53,E 47 St & 1 Ave,6498,Madison Ave & E 82 St,7188,40.75206862,-73.96784384,40.7781314,-73.96069399,member
1802319,461FCC5D3AF89300,classic_bike,2021-09-28 14:40:42,2021-09-28 15:14:23,6 Ave & Canal St,5500,Madison Ave & E 82 St,7188,40.72243797,-74.00566443,40.7781314,-73.96069399,casual
1802323,C9BA0D0009BDB705,electric_bike,2021-09-30 10:21:42,2021-09-30 10:42:01,W 44 St & 5 Ave,6551,Madison Ave & E 82 St,7188,40.75500254,-73.98014437,40.7781314,-73.96069399,casual
1802328,8D4F2681FC064AD3,classic_bike,2021-09-09 08:43:57,2021-09-09 08:53:43,Central Park West & W 72 St,7141,Madison Ave & E 82 St,7188,40.77579376683666,-73.9762057363987,40.7781314,-73.96069399,member
1802349,5A2CB2973C8EB407,classic_bike,2021-09-04 12:30:20,2021-09-04 12:49:14,W 84 St & Columbus Ave,7382,Madison Ave & E 82 St,7188,40.78499979,-73.97283406,40.7781314,-73.96069399,casual
1802354,3E64F5BC80653B04,electric_bike,2021-09-24 12:47:48,2021-09-24 12:53:06,E 85 St & 3 Ave,7212,Madison Ave & E 82 St,7188,40.77801203,-73.95407149,40.7781314,-73.96069399,member
1802355,DD4E4B10ABB55E0F,electric_bike,2021-09-24 10:56:55,2021-09-24 11:01:11,E 85 St & 3 Ave,7212,Madison Ave & E 82 St,7188,40.77801203,-73.95407149,40.7781314,-73.96069399,member
1802381,C1697B24FFA22395,electric_bike,2021-09-13 14:30:56,2021-09-13 14:37:09,Central Park West & W 72 St,7141,Madison Ave & E 82 St,7188,40.77579376683666,-73.9762057363987,40.7781314,-73.96069399,member
1802393,1F99A5C4E56476DA,classic_bike,2021-09-21 16:00:16,2021-09-21 16:08:24,Central Park West & W 72 St,7141,Madison Ave & E 82 St,7188,40.77579376683666,-73.9762057363987,40.7781314,-73.96069399,member
1802407,40419376DBCEEEEA,classic_bike,2021-09-06 14:11:18,2021-09-06 14:35:56,E 47 St & 1 Ave,6498,Madison Ave & E 82 St,7188,40.75206862,-73.96784384,40.7781314,-73.96069399,member
1802436,5967FC49A510F6FB,classic_bike,2021-09-01 14:03:59,2021-09-01 14:16:23,W 44 St & 5 Ave,6551,Madison Ave & E 82 St,7188,40.75500254,-73.98014437,40.7781314,-73.96069399,member
1802453,DF88DF69AF682FC7,electric_bike,2021-09-30 10:21:58,2021-09-30 10:42:19,W 44 St & 5 Ave,6551,Madison Ave & E 82 St,7188,40.75500254,-73.98014437,40.7781314,-73.96069399,casual
1802514,9F194D94E0F1443D,classic_bike,2021-09-05 12:02:33,2021-09-05 12:31:51,W 44 St & 5 Ave,6551,Madison Ave & E 82 St,7188,40.75500254,-73.98014437,40.7781314,-73.96069399,casual
1802533,A71E839BFC048B5A,classic_bike,2021-09-05 12:03:02,2021-09-05 12:31:52,W 44 St & 5 Ave,6551,Madison Ave & E 82 St,7188,40.75500254,-73.98014437,40.7781314,-73.96069399,casual
1802541,EF0DC9B886F94BCB,electric_bike,2021-09-10 12:05:08,2021-09-10 12:18:28,E 47 St & 1 Ave,6498,Madison Ave & E 82 St,7188,40.75206862,-73.96784384,40.7781314,-73.96069399,member
1802560,43A102EB9B947B73,classic_bike,2021-09-26 14:52:16,2021-09-26 15:25:05,W 41 St & 8 Ave,6602,Madison Ave & E 82 St,7188,40.75640548,-73.9900262,40.7781314,-73.96069399,casual
1802594,B51C8C57E556594E,classic_bike,2021-09-09 15:17:49,2021-09-09 15:36:39,Riverside Dr & W 104 St,7623,Madison Ave & E 82 St,7188,40.8013434,-73.9711457439,40.7781314,-73.96069399,casual
1802598,012D79A3E110B90B,classic_bike,2021-09-08 13:33:34,2021-09-08 13:43:07,Central Park West & W 72 St,7141,Madison Ave & E 82 St,7188,40.77579376683666,-73.9762057363987,40.7781314,-73.96069399,member
1802601,656BA1B24474C1CA,docked_bike,2021-09-11 13:13:51,2021-09-11 13:41:08,Central Park West & W 72 St,7141,Madison Ave & E 82 St,7188,40.775794,-73.976206,40.778131,-73.960694,casual
1802603,9251FE12E7DE76C9,classic_bike,2021-09-03 10:36:48,2021-09-03 10:47:35,Central Park West & W 72 St,7141,Madison Ave & E 82 St,7188,40.77579376683666,-73.9762057363987,40.7781314,-73.96069399,member
1802617,3AA59E96D70A7531,classic_bike,2021-09-23 18:49:47,2021-09-23 19:24:18,Central Park West & W 72 St,7141,Madison Ave & E 82 St,7188,40.77579376683666,-73.9762057363987,40.7781314,-73.96069399,member
1802629,AD598ED66E92AC91,classic_bike,2021-09-12 07:15:45,2021-09-12 07:42:41,Central Park West & W 72 St,7141,Madison Ave & E 82 St,7188,40.77579376683666,-73.9762057363987,40.7781314,-73.96069399,casual
1802658,95B502604D664EF1,docked_bike,2021-09-23 13:12:11,2021-09-23 13:47:43,W 44 St & 5 Ave,6551,Madison Ave & E 82 St,7188,40.755003,-73.980144,40.778131,-73.960694,casual
1802665,08A895F5789AAF26,classic_bike,2021-09-16 12:11:13,2021-09-16 13:05:52,6 Ave & Canal St,5500,Madison Ave & E 82 St,7188,40.72243797,-74.00566443,40.7781314,-73.96069399,casual
1802737,77F489D82C552921,electric_bike,2021-09-12 10:07:51,2021-09-12 10:17:57,Mt Morris Park W & W 120 St,7685,Madison Ave & E 82 St,7188,40.804038,-73.945925,40.7781314,-73.96069399,member
1802762,06729E4C8314B06C,electric_bike,2021-09-03 23:36:37,2021-09-03 23:56:18,W 41 St & 8 Ave,6602,Madison Ave & E 82 St,7188,40.75640548,-73.9900262,40.7781314,-73.96069399,casual
1802787,57D6339B56908A72,classic_bike,2021-09-24 13:46:02,2021-09-24 14:05:39,11 Ave & W 59 St,7059,Madison Ave & E 82 St,7188,40.77149671054441,-73.99046033620834,40.7781314,-73.96069399,member
1802803,CF12778257B9687F,classic_bike,2021-09-17 18:19:09,2021-09-17 18:47:53,Broadway & W 53 St,6779,Madison Ave & E 82 St,7188,40.76344058,-73.98268129,40.7781314,-73.96069399,casual
1802827,F2166F4F0CB5BC98,classic_bike,2021-09-27 12:34:33,2021-09-27 12:39:18,E 85 St & 3 Ave,7212,Madison Ave & E 82 St,7188,40.77801203,-73.95407149,40.7781314,-73.96069399,member
1802828,F60A5A03B2B851C5,classic_bike,2021-09-29 14:55:52,2021-09-29 15:09:08,W 84 St & Columbus Ave,7382,Madison Ave & E 82 St,7188,40.78499979,-73.97283406,40.7781314,-73.96069399,member
1802863,813D81993BCE0689,classic_bike,2021-09-30 16:19:34,2021-09-30 16:36:28,Broadway & W 53 St,6779,Madison Ave & E 82 St,7188,40.76344058,-73.98268129,40.7781314,-73.96069399,member
1802930,685E1C9E96F3FFE4,classic_bike,2021-09-26 15:47:24,2021-09-26 16:19:40,W 26 St & 8 Ave,6297,Madison Ave & E 82 St,7188,40.74734825,-73.99723551,40.7781314,-73.96069399,member
1802941,9F315559E0193D69,electric_bike,2021-09-23 15:26:06,2021-09-23 15:39:18,E 47 St & 2 Ave,6498,Madison Ave & E 82 St,7188,40.75323098,-73.97032517,40.7781314,-73.96069399,member
1802947,C9A7F981E6EB3522,electric_bike,2021-09-14 09:33:57,2021-09-14 09:46:43,E 47 St & 2 Ave,6498,Madison Ave & E 82 St,7188,40.75323098,-73.97032517,40.7781314,-73.96069399,member
1802985,F130F3BF9B7CEBF0,classic_bike,2021-09-25 16:56:52,2021-09-25 17:19:34,E 85 St & 3 Ave,7212,Madison Ave & E 82 St,7188,40.77801203,-73.95407149,40.7781314,-73.96069399,casual
1802996,9118A8CE64BA7E41,classic_bike,2021-09-15 10:11:02,2021-09-15 10:17:12,E 85 St & 3 Ave,7212,Madison Ave & E 82 St,7188,40.77801203,-73.95407149,40.7781314,-73.96069399,casual
1803016,5C8C436BD4424D5A,classic_bike,2021-09-02 13:25:02,2021-09-02 13:50:38,2 Ave & E 55 St,6650,Madison Ave & E 82 St,7188,40.757920208794026,-73.96638214588165,40.7781314,-73.96069399,casual
1803018,A84F825EDA2FCB01,classic_bike,2021-09-18 19:02:53,2021-09-18 19:16:51,Mt Morris Park W & W 120 St,7685,Madison Ave & E 82 St,7188,40.804038,-73.945925,40.7781314,-73.96069399,casual
1803036,30649A1FF5A5C07A,electric_bike,2021-09-17 10:01:54,2021-09-17 10:05:43,E 85 St & 3 Ave,7212,Madison Ave & E 82 St,7188,40.77801203,-73.95407149,40.7781314,-73.96069399,member
1803038,88A5F8FC81BDE344,electric_bike,2021-09-12 10:18:51,2021-09-12 10:23:31,E 85 St & 3 Ave,7212,Madison Ave & E 82 St,7188,40.77801203,-73.95407149,40.7781314,-73.96069399,member
1803046,F81A0AE7BDF3AA7A,classic_bike,2021-09-10 11:40:42,2021-09-10 12:17:33,E 13 St & 2 Ave,5820,Madison Ave & E 82 St,7188,40.73153937464073,-73.9853024482727,40.7781314,-73.96069399,member
1803167,970809C5EE21AE51,electric_bike,2021-09-07 10:49:42,2021-09-07 11:00:13,E 65 St & 2 Ave,6860,Madison Ave & E 82 St,7188,40.76471851944339,-73.96222069859505,40.7781314,-73.96069399,member
1803214,7B89FE6142456785,classic_bike,2021-09-15 07:25:09,2021-09-15 07:31:13,E 81 St & 2 Ave,7121,Madison Ave & E 82 St,7188,40.77477944895728,-73.95427465438843,40.7781314,-73.96069399,member
1803217,2DA9C8E04AF6576E,classic_bike,2021-09-04 15:25:19,2021-09-04 15:53:44,E 39 St & Lexington Ave,6389,Madison Ave & E 82 St,7188,40.7494985460252,-73.97729203113158,40.7781314,-73.96069399,casual
1803229,F5B14F1B94701037,classic_bike,2021-09-03 18:35:29,2021-09-03 18:39:03,E 81 St & 2 Ave,7121,Madison Ave & E 82 St,7188,40.77477944895728,-73.95427465438843,40.7781314,-73.96069399,member
1803234,0FA02C2DA007F9C5,electric_bike,2021-09-28 13:05:21,2021-09-28 13:18:13,E 48 St & 3 Ave,6541,Madison Ave & E 82 St,7188,40.7546011026,-73.971878855,40.7781314,-73.96069399,casual
1803267,A5C04C90251DB651,classic_bike,2021-09-26 15:07:50,2021-09-26 15:30:39,6 Ave & W 45 St,6593,Madison Ave & E 82 St,7188,40.756951,-73.982631,40.7781314,-73.96069399,casual
1803269,4513A000EDBD6B8F,electric_bike,2021-09-21 09:05:41,2021-09-21 09:18:01,6 Ave & W 45 St,6593,Madison Ave & E 82 St,7188,40.756951,-73.982631,40.7781314,-73.96069399,casual
1803296,27AFE4292ADEE471,classic_bike,2021-09-17 14:54:59,2021-09-17 16:31:27,W 41 St & 8 Ave,6602,Madison Ave & E 82 St,7188,40.75640548,-73.9900262,40.7781314,-73.96069399,casual
1803314,DFFA6190EC940477,electric_bike,2021-09-08 08:17:38,2021-09-08 08:26:39,E 51 St & Lexington Ave,6659,Madison Ave & E 82 St,7188,40.75714758,-73.97207836,40.7781314,-73.96069399,member
1803319,4794FA04C5251161,classic_bike,2021-09-17 09:59:12,2021-09-17 10:12:49,Amsterdam Ave & W 66 St,7149,Madison Ave & E 82 St,7188,40.7746671,-73.98470567,40.7781314,-73.96069399,member
1803327,031878BCACE74C3B,electric_bike,2021-09-11 12:41:51,2021-09-11 13:41:01,10 Ave & W 14 St,6157,Madison Ave & E 82 St,7188,40.74198159994023,-74.00831580162048,40.7781314,-73.96069399,casual
1803337,860CB0D45DA352B1,electric_bike,2021-09-04 11:00:56,2021-09-04 11:31:30,W 41 St & 8 Ave,6602,Madison Ave & E 82 St,7188,40.75640548,-73.9900262,40.7781314,-73.96069399,casual
1803340,8B375EEFB7354E4C,classic_bike,2021-09-04 13:53:20,2021-09-04 14:18:51,W 41 St & 8 Ave,6602,Madison Ave & E 82 St,7188,40.75640548,-73.9900262,40.7781314,-73.96069399,casual
1803348,CEC09C666D56CF17,electric_bike,2021-09-23 10:42:25,2021-09-23 10:52:53,E 65 St & 2 Ave,6860,Madison Ave & E 82 St,7188,40.76471851944339,-73.96222069859505,40.7781314,-73.96069399,member
1803370,BFBFE5F0D8DB8A4F,electric_bike,2021-09-18 14:13:48,2021-09-18 14:46:31,LaGuardia Pl & W 3 St,5721,Madison Ave & E 82 St,7188,40.72917025,-73.99810231,40.7781314,-73.96069399,casual
1803377,71BC4539848EDBB9,classic_bike,2021-09-12 11:55:40,2021-09-12 12:33:27,40 Ave & Crescent St,6462,Madison Ave & E 82 St,7188,40.7535992020056,-73.93795609474182,40.7781314,-73.96069399,member
1803393,0092640E33ED86BE,classic_bike,2021-09-26 13:59:47,2021-09-26 14:46:25,Clinton St & Grand St,5303,Madison Ave & E 82 St,7188,40.71559509,-73.9870295,40.7781314,-73.96069399,member
1803430,BB27FA90B19F2371,classic_bike,2021-09-04 16:34:49,2021-09-04 17:03:36,Amsterdam Ave & W 66 St,7149,Madison Ave & E 82 St,7188,40.7746671,-73.98470567,40.7781314,-73.96069399,member
1803464,0D19CF51FCA75F4E,classic_bike,2021-09-20 17:55:29,2021-09-20 18:13:20,Amsterdam Ave & W 66 St,7149,Madison Ave & E 82 St,7188,40.7746671,-73.98470567,40.7781314,-73.96069399,member
1803568,09139F660C437539,classic_bike,2021-09-22 00:09:03,2021-09-22 01:25:54,W 41 St & 8 Ave,6602,Madison Ave & E 82 St,7188,40.75640548,-73.9900262,40.7781314,-73.96069399,casual
1803578,7023D5ACE7FB44E6,classic_bike,2021-09-10 14:56:21,2021-09-10 15:21:08,W 36 St & 9 Ave,6569,Madison Ave & E 82 St,7188,40.75462324029105,-73.99516761302948,40.7781314,-73.96069399,casual
1803597,ECF842C3372B0350,electric_bike,2021-09-10 08:04:11,2021-09-10 08:16:23,E 51 St & Lexington Ave,6659,Madison Ave & E 82 St,7188,40.75714758,-73.97207836,40.7781314,-73.96069399,member
1803647,A0E71DC88ED6B2E1,electric_bike,2021-09-14 16:50:46,2021-09-14 16:55:08,E 85 St & 3 Ave,7212,Madison Ave & E 82 St,7188,40.77801203,-73.95407149,40.7781314,-73.96069399,member
1803650,C6732421B76D1006,classic_bike,2021-09-18 16:32:21,2021-09-18 16:46:53,E 85 St & 3 Ave,7212,Madison Ave & E 82 St,7188,40.77801203,-73.95407149,40.7781314,-73.96069399,casual
1803651,3C02092D8E8762BF,classic_bike,2021-09-20 14:35:09,2021-09-20 15:26:32,Amsterdam Ave & W 131 St,7842,Madison Ave & E 82 St,7188,40.816355,-73.954295,40.7781314,-73.96069399,casual
1803652,2C93492FA7A4B7A0,classic_bike,2021-09-09 14:39:10,2021-09-09 14:45:59,E 85 St & 3 Ave,7212,Madison Ave & E 82 St,7188,40.77801203,-73.95407149,40.7781314,-73.96069399,casual
1803659,7D82731ECB8F8452,classic_bike,2021-09-17 10:09:42,2021-09-17 10:13:46,E 85 St & 3 Ave,7212,Madison Ave & E 82 St,7188,40.77801203,-73.95407149,40.7781314,-73.96069399,member
1803720,9611956A9BC203FA,electric_bike,2021-09-18 14:13:08,2021-09-18 14:46:32,LaGuardia Pl & W 3 St,5721,Madison Ave & E 82 St,7188,40.72917025,-73.99810231,40.7781314,-73.96069399,casual
1803728,21F8E5E3B80EF045,classic_bike,2021-09-25 16:07:05,2021-09-25 16:20:57,E 65 St & 2 Ave,6860,Madison Ave & E 82 St,7188,40.76471851944339,-73.96222069859505,40.7781314,-73.96069399,member
1803807,3C1DAB86B0EBBEDC,electric_bike,2021-09-02 10:39:54,2021-09-02 11:40:31,Pier 40 - Hudson River Park,5696,Madison Ave & E 82 St,7188,40.7277140777778,-74.01129573583603,40.7781314,-73.96069399,member
1803815,93A54ACB27C8510F,electric_bike,2021-09-16 13:12:42,2021-09-16 13:41:35,E 9 St & Avenue C,5616,Madison Ave & E 82 St,7188,40.72521311,-73.97768752,40.7781314,-73.96069399,member
1803846,480BAEA3B8ED610B,classic_bike,2021-09-07 09:49:33,2021-09-07 10:00:31,2 Ave & E 104 St,7436,Madison Ave & E 82 St,7188,40.7892105,-73.94370784,40.7781314,-73.96069399,casual
1803909,F4B24CFAA708CB57,classic_bike,2021-09-13 12:58:04,2021-09-13 13:28:41,Forsyth St\t& Grand St,5382,Madison Ave & E 82 St,7188,40.71779817737835,-73.99316132068634,40.7781314,-73.96069399,member
1803940,E81021D57EB14164,electric_bike,2021-09-18 12:24:27,2021-09-18 12:48:02,E 65 St & 2 Ave,6860,Madison Ave & E 82 St,7188,40.76471851944339,-73.96222069859505,40.7781314,-73.96069399,member
1803954,9419504FD29A0B21,classic_bike,2021-09-25 10:30:44,2021-09-25 10:44:08,Amsterdam Ave & W 73 St,7260,Madison Ave & E 82 St,7188,40.77966809007312,-73.98093044757842,40.7781314,-73.96069399,member
1803969,4FA3FBF7B9FAA560,electric_bike,2021-09-17 12:12:24,2021-09-17 12:46:54,4 Ave & E 12 St,5788,Madison Ave & E 82 St,7188,40.732647,-73.99011,40.7781314,-73.96069399,member
1803975,298542B74E7ACEA1,classic_bike,2021-09-22 08:31:04,2021-09-22 08:46:35,Amsterdam Ave & W 73 St,7260,Madison Ave & E 82 St,7188,40.77966809007312,-73.98093044757842,40.7781314,-73.96069399,member
1803998,164CFF16651B1CCD,electric_bike,2021-09-01 13:44:09,2021-09-01 14:00:09,W 84 St & Broadway,7409,Madison Ave & E 82 St,7188,40.7867947,-73.977112,40.7781314,-73.96069399,member
1804011,8C997A01BCCED8BF,electric_bike,2021-09-29 20:38:02,2021-09-29 20:57:33,4 Ave & E 12 St,5788,Madison Ave & E 82 St,7188,40.732647,-73.99011,40.7781314,-73.96069399,casual
1804039,D0D5A4BFE9EDF4FC,classic_bike,2021-09-27 13:47:13,2021-09-27 14:00:31,Amsterdam Ave & W 73 St,7260,Madison Ave & E 82 St,7188,40.77966809007312,-73.98093044757842,40.7781314,-73.96069399,member
1804047,C37006DB5D54049B,electric_bike,2021-09-30 14:42:37,2021-09-30 14:53:15,Amsterdam Ave & W 73 St,7260,Madison Ave & E 82 St,7188,40.77966809007312,-73.98093044757842,40.7781314,-73.96069399,casual
1804093,524BD827354B2A02,electric_bike,2021-09-27 10:49:12,2021-09-27 10:57:42,Amsterdam Ave & W 66 St,7149,Madison Ave & E 82 St,7188,40.7746671,-73.98470567,40.7781314,-73.96069399,member
1804120,2CA0C96A0515E378,classic_bike,2021-09-11 17:43:37,2021-09-11 17:57:40,E 74 St & 1 Ave,6953,Madison Ave & E 82 St,7188,40.7689738,-73.95482273,40.7781314,-73.96069399,casual
1804156,ABE71D2658B56CE4,electric_bike,2021-09-22 12:11:20,2021-09-22 12:25:58,W 41 St & 8 Ave,6602,Madison Ave & E 82 St,7188,40.75640548,-73.9900262,40.7781314,-73.96069399,member
1804219,C0DDBC45A1285E82,electric_bike,2021-09-17 15:59:12,2021-09-17 16:35:33,E 2 St & 2 Ave,5593,Madison Ave & E 82 St,7188,40.72502876,-73.99069656,40.7781314,-73.96069399,member
1804225,91E1440E609FC010,classic_bike,2021-09-03 15:02:14,2021-09-03 15:28:37,W 144 St & Adam Clayton Powell Blvd,7932,Madison Ave & E 82 St,7188,40.820877,-73.939249,40.7781314,-73.96069399,casual
1804228,32861A59C681C189,classic_bike,2021-09-19 14:38:53,2021-09-19 15:25:48,E 81 St & Park Ave,7188,Madison Ave & E 82 St,7188,40.77677702,-73.9590097,40.7781314,-73.96069399,casual
1804235,82CFEC1434A9D0D6,classic_bike,2021-09-13 21:11:08,2021-09-13 21:26:52,E 81 St & Park Ave,7188,Central Park West & W 68 St,7079,40.77677702,-73.9590097,40.7734066,-73.97782542,casual
1804239,B28B831FBA4EE5CD,electric_bike,2021-09-12 12:54:05,2021-09-12 13:10:15,E 81 St & Park Ave,7188,W 53 St & 10 Ave,6890,40.77677702,-73.9590097,40.76669671,-73.99061728,member
1804246,3BD55E833B983D06,electric_bike,2021-09-12 09:13:48,2021-09-12 09:15:28,E 81 St & Park Ave,7188,Madison Ave & E 82 St,7188,40.77677702,-73.9590097,40.7781314,-73.96069399,member
1804276,15354ADA3373F1DF,docked_bike,2021-09-02 16:17:03,2021-09-02 16:36:08,Columbus Ave & W 72 St,7175,Madison Ave & E 82 St,7188,40.777058,-73.978985,40.778131,-73.960694,casual
1804278,F753A8A044731815,classic_bike,2021-09-28 17:01:12,2021-09-28 17:14:29,Columbus Ave & W 72 St,7175,Madison Ave & E 82 St,7188,40.7770575,-73.97898475,40.7781314,-73.96069399,casual
1804284,D7A0FFB9AF5CAF17,electric_bike,2021-09-29 07:59:18,2021-09-29 08:31:19,28 Ave & 44 St,6879,Madison Ave & E 82 St,7188,40.76408932350688,-73.91065120697021,40.7781314,-73.96069399,member
1804321,4CE50908CEA8F1DB,electric_bike,2021-09-01 13:53:39,2021-09-01 14:11:19,W 84 St & Broadway,7409,Madison Ave & E 82 St,7188,40.7867947,-73.977112,40.7781314,-73.96069399,casual
1804346,6D1583AEFAB60857,classic_bike,2021-09-23 13:58:12,2021-09-23 14:46:42,Riverside Dr & W 104 St,7623,Madison Ave & E 82 St,7188,40.8013434,-73.9711457439,40.7781314,-73.96069399,casual
1804411,A6BC5B93205791A0,classic_bike,2021-09-24 08:54:00,2021-09-24 09:06:42,Amsterdam Ave & W 73 St,7260,Madison Ave & E 82 St,7188,40.77966809007312,-73.98093044757842,40.7781314,-73.96069399,member
1804412,520A502324C2F672,classic_bike,2021-09-24 20:21:19,2021-09-24 20:42:19,Amsterdam Ave & W 73 St,7260,Madison Ave & E 82 St,7188,40.77966809007312,-73.98093044757842,40.7781314,-73.96069399,member
1804440,81377A3DD965BC77,electric_bike,2021-09-07 14:55:29,2021-09-07 15:31:33,LaGuardia Pl & W 3 St,5721,Madison Ave & E 82 St,7188,40.72917025,-73.99810231,40.7781314,-73.96069399,casual
1804490,06FCBD846F304825,electric_bike,2021-09-06 09:53:27,2021-09-06 09:54:26,E 81 St & Park Ave,7188,Madison Ave & E 82 St,7188,40.77677702,-73.9590097,40.7781314,-73.96069399,member
1804503,FB627AD0A058AEFD,classic_bike,2021-09-10 19:48:34,2021-09-10 20:03:48,W 59 St & 10 Ave,7023,Madison Ave & E 82 St,7188,40.770513,-73.988038,40.7781314,-73.96069399,member
1804506,3B9A9DF1396DD09A,electric_bike,2021-09-27 15:44:13,2021-09-27 15:58:07,W 59 St & 10 Ave,7023,Madison Ave & E 82 St,7188,40.770513,-73.988038,40.7781314,-73.96069399,member
1804510,0717718CD6EED61A,classic_bike,2021-09-25 14:00:15,2021-09-25 14:48:58,W 106 St & Central Park West,7606,Madison Ave & E 82 St,7188,40.7981856,-73.9605909006,40.7781314,-73.96069399,casual
1804514,FF7F33618A32C014,classic_bike,2021-09-12 16:02:29,2021-09-12 16:16:32,E 81 St & Park Ave,7188,W 67 St & Broadway,7116,40.77677702,-73.9590097,40.77492513,-73.98266566,member
1804518,7EF7785572D2F17E,electric_bike,2021-09-24 10:15:33,2021-09-24 10:17:50,E 81 St & Park Ave,7188,Madison Ave & E 82 St,7188,40.77677702,-73.9590097,40.7781314,-73.96069399,member
1804519,D98610352AA82C3B,classic_bike,2021-09-12 17:37:35,2021-09-12 18:05:24,E 81 St & Park Ave,7188,Madison Ave & E 82 St,7188,40.77677702,-73.9590097,40.7781314,-73.96069399,member
1804520,5A6E8F0002C52BB0,classic_bike,2021-09-12 15:19:01,2021-09-12 15:57:22,Columbus Ave & W 95 St,7520,Madison Ave & E 82 St,7188,40.7919557,-73.968087,40.7781314,-73.96069399,member
1804521,77063A40991A9DF8,classic_bike,2021-09-11 20:17:24,2021-09-11 20:32:37,E 81 St & Park Ave,7188,W 67 St & Broadway,7116,40.77677702,-73.9590097,40.77492513,-73.98266566,member
1804525,6BEBBCB7D3E53CCD,classic_bike,2021-09-25 09:21:16,2021-09-25 10:07:46,W 106 St & Central Park West,7606,Madison Ave & E 82 St,7188,40.7981856,-73.9605909006,40.7781314,-73.96069399,casual
1804534,664BEB10CF251CC4,classic_bike,2021-09-20 19:55:56,2021-09-20 20:18:20,W 59 St & 10 Ave,7023,Madison Ave & E 82 St,7188,40.770513,-73.988038,40.7781314,-73.96069399,member
1804596,F1F515E9736988D4,classic_bike,2021-09-11 14:13:38,2021-09-11 14:43:39,W 106 St & Central Park West,7606,Madison Ave & E 82 St,7188,40.7981856,-73.9605909006,40.7781314,-73.96069399,casual
1804602,4845C01C72B03F6E,electric_bike,2021-09-16 20:46:36,2021-09-16 20:56:44,W 59 St & 10 Ave,7023,Madison Ave & E 82 St,7188,40.770513,-73.988038,40.7781314,-73.96069399,member
1804607,75CC24F12ECA1D7F,electric_bike,2021-09-28 14:20:36,2021-09-28 14:49:02,Barrow St & Hudson St,5805,Madison Ave & E 82 St,7188,40.73172428,-74.00674436,40.7781314,-73.96069399,casual
1804657,92C27856782E9A9B,electric_bike,2021-09-22 15:37:10,2021-09-22 16:25:45,Broadway & W 220 St,8715,Madison Ave & E 82 St,7188,40.872412,-73.912807,40.7781314,-73.96069399,member
1804679,82AC9781F1FBB50C,classic_bike,2021-09-14 18:19:19,2021-09-14 18:23:30,E 91 St & Park Ave,7344,Madison Ave & E 82 St,7188,40.7835016,-73.955327,40.7781314,-73.96069399,member
1804687,F067B36BAEEE5037,classic_bike,2021-09-15 14:07:50,2021-09-15 14:16:17,W 89 St & Columbus Ave,7432,Madison Ave & E 82 St,7188,40.7882213,-73.97041561,40.7781314,-73.96069399,member
1804690,91A36B591BA5D09F,classic_bike,2021-09-22 10:24:22,2021-09-22 10:34:35,E 81 St & Park Ave,7188,Central Park West & W 68 St,7079,40.77677702,-73.9590097,40.7734066,-73.97782542,member
1804693,1D2FCE69B40663E0,classic_bike,2021-09-19 18:45:48,2021-09-19 19:15:29,Columbus Ave & W 95 St,7520,Madison Ave & E 82 St,7188,40.7919557,-73.968087,40.7781314,-73.96069399,casual
1804694,10EBE0B55644E3CD,classic_bike,2021-09-10 15:48:21,2021-09-10 15:53:33,E 81 St & Park Ave,7188,Madison Ave & E 82 St,7188,40.77677702,-73.9590097,40.7781314,-73.96069399,casual
1804702,25D93970B502A2B3,classic_bike,2021-09-25 08:50:40,2021-09-25 08:52:14,E 81 St & Park Ave,7188,Madison Ave & E 82 St,7188,40.77677702,-73.9590097,40.7781314,-73.96069399,member
1804703,9149F38F72EF8535,classic_bike,2021-09-18 13:24:20,2021-09-18 13:47:47,W 41 St & 8 Ave,6602,Madison Ave & E 82 St,7188,40.75640548,-73.9900262,40.7781314,-73.96069399,member
1804727,3BD4C98F70F9E6CF,classic_bike,2021-09-11 20:17:54,2021-09-11 20:32:36,E 81 St & Park Ave,7188,W 67 St & Broadway,7116,40.77677702,-73.9590097,40.77492513,-73.98266566,member
1804805,71D3A09050F2BAF6,classic_bike,2021-09-15 14:45:19,2021-09-15 14:57:28,W 89 St & Columbus Ave,7432,Madison Ave & E 82 St,7188,40.7882213,-73.97041561,40.7781314,-73.96069399,casual
1804814,C0DC0024606A6EE6,classic_bike,2021-09-29 13:29:24,2021-09-29 13:33:43,E 91 St & Park Ave,7344,Madison Ave & E 82 St,7188,40.7835016,-73.955327,40.7781314,-73.96069399,member
1804818,DEB6EA64325C0DBC,classic_bike,2021-09-09 16:49:33,2021-09-09 17:03:13,Central Park S & 6 Ave,6876,Madison Ave & E 82 St,7188,40.76590936,-73.97634151,40.7781314,-73.96069399,member
1804864,8986E1D826D1E165,classic_bike,2021-09-12 13:00:30,2021-09-12 13:12:05,E 91 St & Park Ave,7344,Madison Ave & E 82 St,7188,40.7835016,-73.955327,40.7781314,-73.96069399,casual
1804877,5732D474D0A4C262,classic_bike,2021-09-21 16:19:28,2021-09-21 17:01:56,Central Park S & 6 Ave,6876,Madison Ave & E 82 St,7188,40.76590936,-73.97634151,40.7781314,-73.96069399,casual
1804878,DA8C78D3C22BEF82,classic_bike,2021-09-06 13:07:08,2021-09-06 13:29:25,Central Park S & 6 Ave,6876,Madison Ave & E 82 St,7188,40.76590936,-73.97634151,40.7781314,-73.96069399,casual
1804882,2F03E6B3DD902B5B,classic_bike,2021-09-08 10:54:22,2021-09-08 11:53:17,Central Park S & 6 Ave,6876,Madison Ave & E 82 St,7188,40.76590936,-73.97634151,40.7781314,-73.96069399,casual
1804883,C822160817716F46,classic_bike,2021-09-17 12:35:38,2021-09-17 13:55:48,Central Park S & 6 Ave,6876,Madison Ave & E 82 St,7188,40.76590936,-73.97634151,40.7781314,-73.96069399,casual
1804938,A9FAA5C4EB5EF565,classic_bike,2021-09-18 15:19:14,2021-09-18 15:48:29,Central Park S & 6 Ave,6876,Madison Ave & E 82 St,7188,40.76590936,-73.97634151,40.7781314,-73.96069399,casual
1804945,A8B670BDFA25E7AA,classic_bike,2021-09-03 22:09:33,2021-09-03 22:26:58,Central Park S & 6 Ave,6876,Madison Ave & E 82 St,7188,40.76590936,-73.97634151,40.7781314,-73.96069399,casual
1804952,7479A36EC7A812E0,electric_bike,2021-09-19 10:17:28,2021-09-19 10:49:20,Central Park S & 6 Ave,6876,Madison Ave & E 82 St,7188,40.76590936,-73.97634151,40.7781314,-73.96069399,casual
1804959,A6BC3A5C6742C94B,classic_bike,2021-09-11 06:10:52,2021-09-11 06:25:36,Central Park S & 6 Ave,6876,Madison Ave & E 82 St,7188,40.76590936,-73.97634151,40.7781314,-73.96069399,casual
1804968,A36C251FB0598E04,electric_bike,2021-09-09 11:28:38,2021-09-09 11:32:46,E 91 St & Park Ave,7344,Madison Ave & E 82 St,7188,40.7835016,-73.955327,40.7781314,-73.96069399,member
1804980,DCE6B4AFEB3ACA50,classic_bike,2021-09-21 13:22:12,2021-09-21 13:44:38,Broadway & E 21 St,6098,Madison Ave & E 82 St,7188,40.73988840858996,-73.98958593606949,40.7781314,-73.96069399,member
1805000,02304186D3BA293F,classic_bike,2021-09-06 10:50:37,2021-09-06 11:18:56,Central Park S & 6 Ave,6876,Madison Ave & E 82 St,7188,40.76590936,-73.97634151,40.7781314,-73.96069399,casual
1805008,B1497CFAB54D0607,classic_bike,2021-09-17 18:30:10,2021-09-17 18:56:54,Broadway & E 21 St,6098,Madison Ave & E 82 St,7188,40.73988840858996,-73.98958593606949,40.7781314,-73.96069399,member
1805017,8E91E001C2EFA49C,classic_bike,2021-09-07 09:52:37,2021-09-07 10:02:16,Central Park S & 6 Ave,6876,Madison Ave & E 82 St,7188,40.76590936,-73.97634151,40.7781314,-73.96069399,member
1805022,C71A9D1440BAF0A1,classic_bike,2021-09-23 10:00:36,2021-09-23 10:16:25,Central Park S & 6 Ave,6876,Madison Ave & E 82 St,7188,40.76590936,-73.97634151,40.7781314,-73.96069399,casual
1805025,2950BF45564D6E64,classic_bike,2021-09-25 14:22:45,2021-09-25 14:40:56,Central Park S & 6 Ave,6876,Madison Ave & E 82 St,7188,40.76590936,-73.97634151,40.7781314,-73.96069399,casual
1805027,B345077492B5FC31,classic_bike,2021-09-27 06:16:40,2021-09-27 06:39:55,E 20 St & FDR Drive,5886,Madison Ave & E 82 St,7188,40.73314259,-73.97573881,40.7781314,-73.96069399,casual
1805036,4C7545D58EE8B545,docked_bike,2021-09-18 14:58:39,2021-09-18 15:22:34,Central Park S & 6 Ave,6876,Madison Ave & E 82 St,7188,40.765909,-73.976342,40.778131,-73.960694,casual
1805045,D6F3A059A33DB0D9,classic_bike,2021-09-10 17:36:20,2021-09-10 17:45:57,Central Park S & 6 Ave,6876,Madison Ave & E 82 St,7188,40.76590936,-73.97634151,40.7781314,-73.96069399,member
1805058,42B06F9DF19D195A,classic_bike,2021-09-17 12:32:50,2021-09-17 13:55:35,Central Park S & 6 Ave,6876,Madison Ave & E 82 St,7188,40.76590936,-73.97634151,40.7781314,-73.96069399,casual
1805065,16C6BDC5A1CEDFAB,docked_bike,2021-09-14 11:58:07,2021-09-14 12:20:15,Central Park S & 6 Ave,6876,Madison Ave & E 82 St,7188,40.765909,-73.976342,40.778131,-73.960694,casual
1805077,7EB659D20B9D0724,classic_bike,2021-09-11 17:46:17,2021-09-11 18:01:34,Central Park S & 6 Ave,6876,Madison Ave & E 82 St,7188,40.76590936,-73.97634151,40.7781314,-73.96069399,member
1805122,E456864E6D4695EE,classic_bike,2021-09-26 19:03:19,2021-09-26 19:11:40,5 Ave & E 63 St,6904,Madison Ave & E 82 St,7188,40.766368,-73.971518,40.7781314,-73.96069399,member
1805144,1E8207C5DBFAB4C9,electric_bike,2021-09-05 09:50:36,2021-09-05 10:09:05,Central Park S & 6 Ave,6876,Madison Ave & E 82 St,7188,40.76590936,-73.97634151,40.7781314,-73.96069399,casual
1805145,74EBC533458435A0,classic_bike,2021-09-11 16:34:54,2021-09-11 16:52:08,Central Park S & 6 Ave,6876,Madison Ave & E 82 St,7188,40.76590936,-73.97634151,40.7781314,-73.96069399,casual
1805148,0F32F7A88D6C8204,classic_bike,2021-09-12 15:39:26,2021-09-12 15:53:52,Central Park S & 6 Ave,6876,Madison Ave & E 82 St,7188,40.76590936,-73.97634151,40.7781314,-73.96069399,casual
1805160,7C4F9D54CAB63778,electric_bike,2021-09-30 12:53:04,2021-09-30 12:59:20,W 89 St & Columbus Ave,7432,Madison Ave & E 82 St,7188,40.7882213,-73.97041561,40.7781314,-73.96069399,member
1805189,1CC30DCC65B4826C,electric_bike,2021-09-13 15:17:09,2021-09-13 15:48:38,E 9 St & Avenue C,5616,Madison Ave & E 82 St,7188,40.72521311,-73.97768752,40.7781314,-73.96069399,member
1805196,ED0028B537D95AD4,classic_bike,2021-09-17 19:49:05,2021-09-17 20:27:56,W 44 St & 5 Ave,6551,Madison Ave & E 82 St,7188,40.75500254,-73.98014437,40.7781314,-73.96069399,member
1805198,471B2388F8E5FCB3,electric_bike,2021-09-23 16:11:56,2021-09-23 16:39:01,E 9 St & Avenue C,5616,Madison Ave & E 82 St,7188,40.72521311,-73.97768752,40.7781314,-73.96069399,member
1805228,C054B1724C346787,classic_bike,2021-09-30 14:04:19,2021-09-30 14:23:27,Lenox Ave & W 117 St,7655,Madison Ave & E 82 St,7188,40.8025566,-73.9490782,40.7781314,-73.96069399,member
1805229,D7EBE4F63B77E347,classic_bike,2021-09-15 17:47:13,2021-09-15 17:56:20,5 Ave & E 63 St,6904,Madison Ave & E 82 St,7188,40.766368,-73.971518,40.7781314,-73.96069399,member
1805230,C190E01A996A8E0A,classic_bike,2021-09-14 17:47:28,2021-09-14 17:54:24,5 Ave & E 63 St,6904,Madison Ave & E 82 St,7188,40.766368,-73.971518,40.7781314,-73.96069399,member
1805249,BBB210B1B530F5C6,classic_bike,2021-09-08 16:54:28,2021-09-08 17:03:43,Central Park S & 6 Ave,6876,Madison Ave & E 82 St,7188,40.76590936,-73.97634151,40.7781314,-73.96069399,member
1805257,F51BA4DDD0579C32,classic_bike,2021-09-08 16:50:22,2021-09-08 18:18:21,Central Park S & 6 Ave,6876,Madison Ave & E 82 St,7188,40.76590936,-73.97634151,40.7781314,-73.96069399,casual
1805258,4EAEB9D91554B4F5,classic_bike,2021-09-17 18:21:13,2021-09-17 19:04:32,Central Park S & 6 Ave,6876,Madison Ave & E 82 St,7188,40.76590936,-73.97634151,40.7781314,-73.96069399,casual
1805261,F73DB2BCC18DFF7F,classic_bike,2021-09-02 12:46:20,2021-09-02 13:06:02,Central Park S & 6 Ave,6876,Madison Ave & E 82 St,7188,40.76590936,-73.97634151,40.7781314,-73.96069399,member
1805281,C771E1A1C032443D,classic_bike,2021-09-06 11:46:35,2021-09-06 11:56:32,5 Ave & E 63 St,6904,Madison Ave & E 82 St,7188,40.766368,-73.971518,40.7781314,-73.96069399,casual
1805283,E314422753AFD761,classic_bike,2021-09-19 11:07:24,2021-09-19 11:19:36,Lenox Ave & W 117 St,7655,Madison Ave & E 82 St,7188,40.8025566,-73.9490782,40.7781314,-73.96069399,casual
1805288,10D0A78CBE4B7D4B,docked_bike,2021-09-25 14:55:05,2021-09-25 16:28:26,Central Park S & 6 Ave,6876,Madison Ave & E 82 St,7188,40.765909,-73.976342,40.778131,-73.960694,casual
1805295,ABCEFD61EB286382,classic_bike,2021-09-12 10:16:43,2021-09-12 10:28:01,Lenox Ave & W 117 St,7655,Madison Ave & E 82 St,7188,40.8025566,-73.9490782,40.7781314,-73.96069399,member
1805314,7C7CBB006BB98CCE,classic_bike,2021-09-05 13:04:01,2021-09-05 13:37:52,5 Ave & E 63 St,6904,Madison Ave & E 82 St,7188,40.766368,-73.971518,40.7781314,-73.96069399,casual
1805325,B9BD5C32EE56A4E1,classic_bike,2021-09-15 17:20:07,2021-09-15 17:34:07,5 Ave & E 63 St,6904,Madison Ave & E 82 St,7188,40.766368,-73.971518,40.7781314,-73.96069399,casual
1805330,306528FCA88E6B1C,classic_bike,2021-09-05 12:55:26,2021-09-05 16:44:48,Central Park S & 6 Ave,6876,Madison Ave & E 82 St,7188,40.76590936,-73.97634151,40.7781314,-73.96069399,casual
1805332,53C58B4CEFE35362,classic_bike,2021-09-03 13:52:17,2021-09-03 14:31:13,Central Park S & 6 Ave,6876,Madison Ave & E 82 St,7188,40.76590936,-73.97634151,40.7781314,-73.96069399,casual
1805336,D6E50278D607F698,electric_bike,2021-09-26 16:03:26,2021-09-26 16:10:55,Central Park S & 6 Ave,6876,Madison Ave & E 82 St,7188,40.76590936,-73.97634151,40.7781314,-73.96069399,member
1805337,8FF4844F5381E170,classic_bike,2021-09-18 09:55:18,2021-09-18 10:19:26,E 20 St & FDR Drive,5886,Madison Ave & E 82 St,7188,40.73314259,-73.97573881,40.7781314,-73.96069399,casual
1805366,85ECBDB51F89FD16,electric_bike,2021-09-02 14:16:00,2021-09-02 14:29:45,5 Ave & E 63 St,6904,Madison Ave & E 82 St,7188,40.766368,-73.971518,40.7781314,-73.96069399,casual
1805367,B52C52160A97CF9A,classic_bike,2021-09-05 13:04:18,2021-09-05 13:37:22,5 Ave & E 63 St,6904,Madison Ave & E 82 St,7188,40.766368,-73.971518,40.7781314,-73.96069399,casual
1805371,51E3D8286AEDFE7F,electric_bike,2021-09-14 07:06:37,2021-09-14 07:11:50,5 Ave & E 63 St,6904,Madison Ave & E 82 St,7188,40.766368,-73.971518,40.7781314,-73.96069399,member
1805389,6F72D9EE4B3B21EA,electric_bike,2021-09-19 11:23:10,2021-09-19 11:32:26,5 Ave & E 63 St,6904,Madison Ave & E 82 St,7188,40.766368,-73.971518,40.7781314,-73.96069399,member
1805397,69B15E7BB3478A80,classic_bike,2021-09-10 17:47:29,2021-09-10 17:56:34,5 Ave & E 63 St,6904,Madison Ave & E 82 St,7188,40.766368,-73.971518,40.7781314,-73.96069399,member
1805403,EC5AC69F9C17B678,electric_bike,2021-09-18 11:15:16,2021-09-18 11:25:48,5 Ave & E 63 St,6904,Madison Ave & E 82 St,7188,40.766368,-73.971518,40.7781314,-73.96069399,member
1805420,18D4D7E572952E7B,electric_bike,2021-09-30 17:44:08,2021-09-30 18:03:58,Adam Clayton Powell Blvd & W 126 St,7738,Madison Ave & E 82 St,7188,40.80949534777948,-73.94776493310928,40.7781314,-73.96069399,casual
1805424,B7C1909F7BBAC109,electric_bike,2021-09-14 12:20:29,2021-09-14 12:29:59,5 Ave & E 63 St,6904,Madison Ave & E 82 St,7188,40.766368,-73.971518,40.7781314,-73.96069399,casual
1805431,DB958B6832F1E9C1,electric_bike,2021-09-26 13:48:14,2021-09-26 14:53:29,W 89 St & Columbus Ave,7432,Madison Ave & E 82 St,7188,40.7882213,-73.97041561,40.7781314,-73.96069399,member
1805443,207551F3977B5679,electric_bike,2021-09-02 14:57:00,2021-09-02 15:14:11,7 Ave & Central Park South,6912,Madison Ave & E 82 St,7188,40.7667405590595,-73.9790689945221,40.7781314,-73.96069399,member
1805452,0DCD486EAC287C5B,classic_bike,2021-09-13 07:58:34,2021-09-13 08:21:01,St Nicholas Ave & Manhattan Ave,7723,Madison Ave & E 82 St,7188,40.809725,-73.953149,40.7781314,-73.96069399,member
1805461,BFC29919FAE6597C,classic_bike,2021-09-30 13:25:08,2021-09-30 13:35:44,E 102 St & Park Ave,7488,Madison Ave & E 82 St,7188,40.7904828,-73.95033068,40.7781314,-73.96069399,member
1805474,9BE659F4A9FB02A7,electric_bike,2021-09-26 18:02:03,2021-09-26 18:49:45,E 91 St & Park Ave,7344,Madison Ave & E 82 St,7188,40.7835016,-73.955327,40.7781314,-73.96069399,member
1805502,A565E17ADC66A2F3,classic_bike,2021-09-13 17:25:27,2021-09-13 17:42:46,7 Ave & Central Park South,6912,Madison Ave & E 82 St,7188,40.7667405590595,-73.9790689945221,40.7781314,-73.96069399,casual
1805541,3C4BE22FEFF49E35,classic_bike,2021-09-18 16:32:49,2021-09-18 16:59:41,7 Ave & Central Park South,6912,Madison Ave & E 82 St,7188,40.7667405590595,-73.9790689945221,40.7781314,-73.96069399,casual
1805548,7D2722335AB0B32F,classic_bike,2021-09-17 18:42:39,2021-09-17 19:32:14,7 Ave & Central Park South,6912,Madison Ave & E 82 St,7188,40.7667405590595,-73.9790689945221,40.7781314,-73.96069399,casual
1805551,6FA3E795F57F64F6,electric_bike,2021-09-12 06:39:03,2021-09-12 06:48:58,E 102 St & Park Ave,7488,Madison Ave & E 82 St,7188,40.7904828,-73.95033068,40.7781314,-73.96069399,casual
1805552,61E5C864301E107D,electric_bike,2021-09-17 11:32:20,2021-09-17 13:15:20,7 Ave & Central Park South,6912,Madison Ave & E 82 St,7188,40.7667405590595,-73.9790689945221,40.7781314,-73.96069399,casual
1805561,00AFD747922A97B2,classic_bike,2021-09-17 07:21:44,2021-09-17 07:34:21,W 106 St & Central Park West,7606,Madison Ave & E 82 St,7188,40.7981856,-73.9605909006,40.7781314,-73.96069399,member
1805562,CE2B85B2ADDAC78C,electric_bike,2021-09-24 07:27:54,2021-09-24 07:37:04,W 106 St & Central Park West,7606,Madison Ave & E 82 St,7188,40.7981856,-73.9605909006,40.7781314,-73.96069399,member
1805570,0CF9D754EE372401,classic_bike,2021-09-07 22:58:01,2021-09-07 23:17:33,Amsterdam Ave & W 73 St,7260,Madison Ave & E 82 St,7188,40.77966809007312,-73.98093044757842,40.7781314,-73.96069399,member
1805580,EBED96C73AFEEBDD,classic_bike,2021-09-25 09:19:55,2021-09-25 10:07:58,W 106 St & Central Park West,7606,Madison Ave & E 82 St,7188,40.7981856,-73.9605909006,40.7781314,-73.96069399,casual
1805583,0B022C7CACF83E6E,classic_bike,2021-09-11 12:00:33,2021-09-11 12:18:20,W 106 St & Central Park West,7606,Madison Ave & E 82 St,7188,40.7981856,-73.9605909006,40.7781314,-73.96069399,member
1805588,7E340448E528DB85,classic_bike,2021-09-25 14:00:57,2021-09-25 14:48:46,W 106 St & Central Park West,7606,Madison Ave & E 82 St,7188,40.7981856,-73.9605909006,40.7781314,-73.96069399,casual
1805593,DBBDD3F269670C6A,classic_bike,2021-09-18 10:19:40,2021-09-18 10:39:05,E 102 St & Park Ave,7488,Madison Ave & E 82 St,7188,40.7904828,-73.95033068,40.7781314,-73.96069399,member
1805599,070E8F71853AD5DA,classic_bike,2021-09-03 13:33:41,2021-09-03 13:57:57,St Nicholas Ave & Manhattan Ave,7723,Madison Ave & E 82 St,7188,40.809725,-73.953149,40.7781314,-73.96069399,member
1805602,85E95B34153D3A56,electric_bike,2021-09-07 18:08:36,2021-09-07 18:40:43,7 Ave & Central Park South,6912,Madison Ave & E 82 St,7188,40.7667405590595,-73.9790689945221,40.7781314,-73.96069399,casual
1805637,0CFB0F5AE88BF02F,classic_bike,2021-09-17 11:30:57,2021-09-17 13:15:06,7 Ave & Central Park South,6912,Madison Ave & E 82 St,7188,40.7667405590595,-73.9790689945221,40.7781314,-73.96069399,casual
1805704,DF1DF539CADE72E2,classic_bike,2021-09-30 08:19:11,2021-09-30 08:31:01,W 92 St & Broadway,7502,Madison Ave & E 82 St,7188,40.7921,-73.9739,40.7781314,-73.96069399,member
1805729,805B76A72A14EEDC,classic_bike,2021-09-26 11:17:55,2021-09-26 11:57:43,7 Ave & Central Park South,6912,Madison Ave & E 82 St,7188,40.7667405590595,-73.9790689945221,40.7781314,-73.96069399,casual
1805733,16CEE4FCD00C11FE,classic_bike,2021-09-12 12:15:47,2021-09-12 12:41:39,7 Ave & Central Park South,6912,Madison Ave & E 82 St,7188,40.7667405590595,-73.9790689945221,40.7781314,-73.96069399,casual
1805748,2FDB456B0E08E322,classic_bike,2021-09-02 16:02:20,2021-09-02 16:33:21,Central Park W & W 91 St,7453,Madison Ave & E 82 St,7188,40.78866499127884,-73.96680057048798,40.7781314,-73.96069399,casual
1805834,94CCC48F0886062C,electric_bike,2021-09-10 07:45:43,2021-09-10 07:52:02,5 Ave & E 63 St,6904,Madison Ave & E 82 St,7188,40.766368,-73.971518,40.7781314,-73.96069399,member
1805846,FB0B25E1015ADD30,classic_bike,2021-09-02 19:12:41,2021-09-02 19:22:57,5 Ave & E 63 St,6904,Madison Ave & E 82 St,7188,40.766368,-73.971518,40.7781314,-73.96069399,member
1805852,622EDA0EADCB29C8,classic_bike,2021-09-03 01:02:25,2021-09-03 01:27:05,E 12 St & 3 Ave,5788,Madison Ave & E 82 St,7188,40.73223272,-73.98889957,40.7781314,-73.96069399,member
1805874,E89CCFFE923560B9,classic_bike,2021-09-24 08:17:29,2021-09-24 08:30:56,W 92 St & Broadway,7502,Madison Ave & E 82 St,7188,40.7921,-73.9739,40.7781314,-73.96069399,member
1805900,6D5EA1234A89133E,electric_bike,2021-09-06 16:53:26,2021-09-06 16:59:01,E 81 St & 2 Ave,7121,Madison Ave & E 82 St,7188,40.77477944895728,-73.95427465438843,40.7781314,-73.96069399,member
1805959,D90CEBE9DA45B012,electric_bike,2021-09-27 07:47:06,2021-09-27 08:01:20,Amsterdam Ave & W 66 St,7149,Madison Ave & E 82 St,7188,40.7746671,-73.98470567,40.7781314,-73.96069399,member
1805993,EB2D7859760D44E2,classic_bike,2021-09-20 17:16:41,2021-09-20 17:36:58,W 37 St & 5 Ave,6398,Madison Ave & E 82 St,7188,40.75038009,-73.98338988,40.7781314,-73.96069399,casual
1806071,BAAFAA939AD20346,electric_bike,2021-09-16 14:06:00,2021-09-16 15:00:13,W 37 St & 5 Ave,6398,Madison Ave & E 82 St,7188,40.75038009,-73.98338988,40.7781314,-73.96069399,casual
1806074,FD4158093BCB34FC,classic_bike,2021-09-06 13:09:48,2021-09-06 13:33:43,W 37 St & 5 Ave,6398,Madison Ave & E 82 St,7188,40.75038009,-73.98338988,40.7781314,-73.96069399,casual
1806106,B901C978F9CB5173,classic_bike,2021-09-26 14:58:51,2021-09-26 15:55:05,Grand St & Elizabeth St,5382,Madison Ave & E 82 St,7188,40.718822,-73.99596,40.7781314,-73.96069399,casual
1806128,25883A275D8CD236,classic_bike,2021-09-28 18:59:01,2021-09-28 19:22:25,W 37 St & 5 Ave,6398,Madison Ave & E 82 St,7188,40.75038009,-73.98338988,40.7781314,-73.96069399,member
1806134,7CB443CCFAB5D424,classic_bike,2021-09-11 13:23:22,2021-09-11 13:27:58,E 81 St & 2 Ave,7121,Madison Ave & E 82 St,7188,40.77477944895728,-73.95427465438843,40.7781314,-73.96069399,member
1806145,B5DC2ABE85B7B989,classic_bike,2021-09-18 08:24:08,2021-09-18 08:30:36,E 81 St & 2 Ave,7121,Madison Ave & E 82 St,7188,40.77477944895728,-73.95427465438843,40.7781314,-73.96069399,member
1806149,53C9F87CFA9A9692,classic_bike,2021-09-28 07:37:16,2021-09-28 07:52:47,6 Ave & W 45 St,6593,Madison Ave & E 82 St,7188,40.756951,-73.982631,40.7781314,-73.96069399,member
1806150,EA6C7B8CCF39E6AA,classic_bike,2021-09-27 07:54:25,2021-09-27 08:10:18,6 Ave & W 45 St,6593,Madison Ave & E 82 St,7188,40.756951,-73.982631,40.7781314,-73.96069399,member
1806154,4C6BC28CC26F2BF6,electric_bike,2021-09-11 13:39:05,2021-09-11 14:07:06,E 48 St & 3 Ave,6541,Madison Ave & E 82 St,7188,40.7546011026,-73.971878855,40.7781314,-73.96069399,casual
1806163,567A84C527D5249C,classic_bike,2021-09-10 14:40:23,2021-09-10 15:07:41,W 37 St & 5 Ave,6398,Madison Ave & E 82 St,7188,40.75038009,-73.98338988,40.7781314,-73.96069399,casual
1806175,F3A90BBAE8B01C8D,electric_bike,2021-09-16 10:05:07,2021-09-16 10:29:59,Barrow St & Hudson St,5805,Madison Ave & E 82 St,7188,40.73172428,-74.00674436,40.7781314,-73.96069399,member
1806199,09B1DBF732AC66D2,classic_bike,2021-09-26 14:59:13,2021-09-26 15:55:10,Grand St & Elizabeth St,5382,Madison Ave & E 82 St,7188,40.718822,-73.99596,40.7781314,-73.96069399,casual
1806227,DAD81AEE525CBCD0,classic_bike,2021-09-24 13:38:42,2021-09-24 14:19:49,11 Ave & W 41 St,6726,Madison Ave & E 82 St,7188,40.76030096,-73.99884222,40.7781314,-73.96069399,casual
1806230,EBE5FC515FF516CB,docked_bike,2021-09-11 10:28:38,2021-09-11 10:58:11,Grand Army Plaza & Central Park S,6839,Madison Ave & E 82 St,7188,40.764397,-73.973715,40.778131,-73.960694,casual
1806231,53B6403024162AD3,docked_bike,2021-09-06 09:40:43,2021-09-06 09:59:33,Grand Army Plaza & Central Park S,6839,Madison Ave & E 82 St,7188,40.764397,-73.973715,40.778131,-73.960694,casual
1806232,7271893CB8D73161,classic_bike,2021-09-21 16:18:52,2021-09-21 16:40:11,E 53 St & Lexington Ave,6617,Madison Ave & E 82 St,7188,40.75828065,-73.97069431,40.7781314,-73.96069399,member
1806238,87C30772B873BB23,classic_bike,2021-09-18 16:59:37,2021-09-18 17:13:06,Grand Army Plaza & Central Park S,6839,Madison Ave & E 82 St,7188,40.7643971,-73.97371465,40.7781314,-73.96069399,member
1806241,4C90B150592B2976,classic_bike,2021-09-24 12:59:39,2021-09-24 13:25:46,Grand Army Plaza & Central Park S,6839,Madison Ave & E 82 St,7188,40.7643971,-73.97371465,40.7781314,-73.96069399,casual
1806245,FE0B148E00410C18,classic_bike,2021-09-17 11:46:53,2021-09-17 12:49:34,Grand Army Plaza & Central Park S,6839,Madison Ave & E 82 St,7188,40.7643971,-73.97371465,40.7781314,-73.96069399,casual
1806246,65653C0C59DE9252,classic_bike,2021-09-12 01:14:50,2021-09-12 01:23:22,Grand Army Plaza & Central Park S,6839,Madison Ave & E 82 St,7188,40.7643971,-73.97371465,40.7781314,-73.96069399,casual
1806249,2DB442029DB387AC,classic_bike,2021-09-18 18:07:32,2021-09-18 18:29:28,Grand Army Plaza & Central Park S,6839,Madison Ave & E 82 St,7188,40.7643971,-73.97371465,40.7781314,-73.96069399,member
1806261,33F2527678788C05,classic_bike,2021-09-25 12:52:27,2021-09-25 13:43:41,Grand Army Plaza & Central Park S,6839,Madison Ave & E 82 St,7188,40.7643971,-73.97371465,40.7781314,-73.96069399,casual
1806267,C6BF6AA15AC121A3,classic_bike,2021-09-18 10:41:03,2021-09-18 10:56:25,Grand Army Plaza & Central Park S,6839,Madison Ave & E 82 St,7188,40.7643971,-73.97371465,40.7781314,-73.96069399,casual
1806271,386B793B9D299383,docked_bike,2021-09-11 10:29:11,2021-09-11 10:58:11,Grand Army Plaza & Central Park S,6839,Madison Ave & E 82 St,7188,40.764397,-73.973715,40.778131,-73.960694,casual
1806272,1D3E055BE3E49C5F,classic_bike,2021-09-07 11:23:14,2021-09-07 11:44:24,W 51 St & Rockefeller Plaza,6700,Madison Ave & E 82 St,7188,40.75969995906254,-73.97808194160461,40.7781314,-73.96069399,member
1806274,CDA48C3BB5D39423,classic_bike,2021-09-17 12:59:26,2021-09-17 13:14:50,Grand Army Plaza & Central Park S,6839,Madison Ave & E 82 St,7188,40.7643971,-73.97371465,40.7781314,-73.96069399,member
1806275,33C0DF7EE9DCDEA0,classic_bike,2021-09-18 18:07:12,2021-09-18 18:29:25,Grand Army Plaza & Central Park S,6839,Madison Ave & E 82 St,7188,40.7643971,-73.97371465,40.7781314,-73.96069399,member
1806287,FC08378947519305,classic_bike,2021-09-17 12:53:59,2021-09-17 13:55:33,Grand Army Plaza & Central Park S,6839,Madison Ave & E 82 St,7188,40.7643971,-73.97371465,40.7781314,-73.96069399,casual
1806306,FF6E1A2576012EF1,electric_bike,2021-09-28 09:21:11,2021-09-28 09:42:12,Grand Army Plaza & Central Park S,6839,Madison Ave & E 82 St,7188,40.7643971,-73.97371465,40.7781314,-73.96069399,casual
1806315,0C7FEBF03AACC074,classic_bike,2021-09-11 14:02:58,2021-09-11 14:48:01,Grand Army Plaza & Central Park S,6839,Madison Ave & E 82 St,7188,40.7643971,-73.97371465,40.7781314,-73.96069399,casual
1806320,224124921643028F,classic_bike,2021-09-17 17:31:01,2021-09-17 17:55:12,W 51 St & Rockefeller Plaza,6700,Madison Ave & E 82 St,7188,40.75973805251143,-73.97811613976955,40.7781314,-73.96069399,casual
1806322,B371E28BE7ECAD0B,classic_bike,2021-09-05 14:55:03,2021-09-05 15:06:17,Grand Army Plaza & Central Park S,6839,Madison Ave & E 82 St,7188,40.7643971,-73.97371465,40.7781314,-73.96069399,casual
1806323,3CE3FAFD697A4091,classic_bike,2021-09-12 14:24:51,2021-09-12 14:45:08,E 53 St & Lexington Ave,6617,Madison Ave & E 82 St,7188,40.75828065,-73.97069431,40.7781314,-73.96069399,casual
1806325,A47E2EA9EA6E5897,electric_bike,2021-09-12 16:19:35,2021-09-12 16:42:06,Grand Army Plaza & Central Park S,6839,Madison Ave & E 82 St,7188,40.7643971,-73.97371465,40.7781314,-73.96069399,casual
1806327,5F1C971739F0CF4E,classic_bike,2021-09-14 14:23:04,2021-09-14 14:51:42,Grand Army Plaza & Central Park S,6839,Madison Ave & E 82 St,7188,40.7643971,-73.97371465,40.7781314,-73.96069399,casual
1806330,BBCD2EFF8709DF79,classic_bike,2021-09-01 17:08:23,2021-09-01 17:17:55,Grand Army Plaza & Central Park S,6839,Madison Ave & E 82 St,7188,40.7643971,-73.97371465,40.7781314,-73.96069399,member
1806341,8FB1F285B901EF69,classic_bike,2021-09-18 14:57:23,2021-09-18 15:14:16,W 51 St & Rockefeller Plaza,6700,Madison Ave & E 82 St,7188,40.75973805251143,-73.97811613976955,40.7781314,-73.96069399,member
1806342,9E82A5EAE42BD680,docked_bike,2021-09-26 15:21:54,2021-09-26 15:54:20,Grand Army Plaza & Central Park S,6839,Madison Ave & E 82 St,7188,40.764397,-73.973715,40.778131,-73.960694,casual
1806343,4058EF90545BC279,classic_bike,2021-09-26 12:34:41,2021-09-26 12:55:23,W 51 St & Rockefeller Plaza,6700,Madison Ave & E 82 St,7188,40.75973805251143,-73.97811613976955,40.7781314,-73.96069399,member
1806358,68B6084CC34DB9A3,electric_bike,2021-09-22 11:16:44,2021-09-22 11:26:18,Grand Army Plaza & Central Park S,6839,Madison Ave & E 82 St,7188,40.7643971,-73.97371465,40.7781314,-73.96069399,member
1806360,E7E849FD4BA5AE79,docked_bike,2021-09-13 15:23:02,2021-09-13 16:17:52,Grand Army Plaza & Central Park S,6839,Madison Ave & E 82 St,7188,40.764397,-73.973715,40.778131,-73.960694,casual
1806363,7C9D59D4363AFFAC,classic_bike,2021-09-12 10:37:14,2021-09-12 11:11:23,E 53 St & Lexington Ave,6617,Madison Ave & E 82 St,7188,40.75828065,-73.97069431,40.7781314,-73.96069399,casual
1806369,12ECDEEEFEFDEE0E,classic_bike,2021-09-21 12:23:50,2021-09-21 12:37:50,W 51 St & Rockefeller Plaza,6700,Madison Ave & E 82 St,7188,40.75973805251143,-73.97811613976955,40.7781314,-73.96069399,member
1806377,EA7F7C9EF5ACF55E,classic_bike,2021-09-09 14:18:36,2021-09-09 14:45:16,Grand Army Plaza & Central Park S,6839,Madison Ave & E 82 St,7188,40.7643971,-73.97371465,40.7781314,-73.96069399,casual
1806386,03C81EE0DC780DA3,classic_bike,2021-09-12 10:36:57,2021-09-12 11:10:06,E 53 St & Lexington Ave,6617,Madison Ave & E 82 St,7188,40.75828065,-73.97069431,40.7781314,-73.96069399,casual
1806424,F2E87257F7E0B4F8,classic_bike,2021-09-19 15:30:35,2021-09-19 15:49:51,Grand Army Plaza & Central Park S,6839,Madison Ave & E 82 St,7188,40.7643971,-73.97371465,40.7781314,-73.96069399,member
1806438,8BB220CB887414A4,electric_bike,2021-09-15 11:02:25,2021-09-15 11:10:14,Grand Army Plaza & Central Park S,6839,Madison Ave & E 82 St,7188,40.7643971,-73.97371465,40.7781314,-73.96069399,member
1806440,3D1812D5A79F5978,classic_bike,2021-09-27 15:43:39,2021-09-27 15:55:39,E 53 St & Lexington Ave,6617,Madison Ave & E 82 St,7188,40.75828065,-73.97069431,40.7781314,-73.96069399,member
1806441,C36F8F7DEE22281A,classic_bike,2021-09-29 17:00:56,2021-09-29 17:12:45,E 53 St & Lexington Ave,6617,Madison Ave & E 82 St,7188,40.75828065,-73.97069431,40.7781314,-73.96069399,member
1806445,BC072172F06D099C,classic_bike,2021-09-25 13:46:01,2021-09-25 13:57:03,Grand Army Plaza & Central Park S,6839,Madison Ave & E 82 St,7188,40.7643971,-73.97371465,40.7781314,-73.96069399,member
1806446,ABB08ECE8B823D0A,electric_bike,2021-09-17 23:21:08,2021-09-17 23:27:57,Grand Army Plaza & Central Park S,6839,Madison Ave & E 82 St,7188,40.7643971,-73.97371465,40.7781314,-73.96069399,member
1806447,CBE10FF1D806577B,classic_bike,2021-09-01 16:32:15,2021-09-01 17:29:36,Grand Army Plaza & Central Park S,6839,Madison Ave & E 82 St,7188,40.7643971,-73.97371465,40.7781314,-73.96069399,casual
1806453,9042B7245A7D9392,classic_bike,2021-09-06 13:03:58,2021-09-06 13:26:54,Grand Army Plaza & Central Park S,6839,Madison Ave & E 82 St,7188,40.7643971,-73.97371465,40.7781314,-73.96069399,casual
1806454,AFD9AA1ECF9FABFF,classic_bike,2021-09-20 10:35:43,2021-09-20 10:59:39,E 53 St & Lexington Ave,6617,Madison Ave & E 82 St,7188,40.75828065,-73.97069431,40.7781314,-73.96069399,casual
1806481,A486084ECCE20304,classic_bike,2021-09-14 16:26:02,2021-09-14 16:49:45,Grand Army Plaza & Central Park S,6839,Madison Ave & E 82 St,7188,40.7643971,-73.97371465,40.7781314,-73.96069399,member
1806487,6AC3FDFC90E11C1C,classic_bike,2021-09-28 09:16:35,2021-09-28 09:57:52,Grand Army Plaza & Central Park S,6839,Madison Ave & E 82 St,7188,40.7643971,-73.97371465,40.7781314,-73.96069399,casual
1806513,AD6248AA960658F1,docked_bike,2021-09-26 15:20:59,2021-09-26 15:54:55,Grand Army Plaza & Central Park S,6839,Madison Ave & E 82 St,7188,40.764397,-73.973715,40.778131,-73.960694,casual
1806529,EBDCBD1B9EB74FD1,classic_bike,2021-09-19 23:03:13,2021-09-19 23:15:07,1 Ave & E 68 St,6822,Madison Ave & E 82 St,7188,40.76500525,-73.95818491,40.7781314,-73.96069399,member
1806550,3FE96798EB475E12,classic_bike,2021-09-04 08:12:28,2021-09-04 08:25:00,1 Ave & E 68 St,6822,Madison Ave & E 82 St,7188,40.76500525,-73.95818491,40.7781314,-73.96069399,member
1806561,0681653D9D863D1C,classic_bike,2021-09-18 14:07:11,2021-09-18 14:26:54,Riverside Blvd & W 67 St,7183,Madison Ave & E 82 St,7188,40.777507027547976,-73.98888587951659,40.7781314,-73.96069399,casual
1806572,0B249DA43C45AEE0,classic_bike,2021-09-05 11:04:52,2021-09-05 11:29:37,Riverside Blvd & W 67 St,7183,Madison Ave & E 82 St,7188,40.777507027547976,-73.98888587951659,40.7781314,-73.96069399,casual
1806588,FB3FD1F9429B0FE1,electric_bike,2021-09-08 15:03:45,2021-09-08 15:19:20,Riverside Blvd & W 67 St,7183,Madison Ave & E 82 St,7188,40.777507027547976,-73.98888587951659,40.7781314,-73.96069399,casual
1806594,3256591B70D6C2B8,electric_bike,2021-09-30 14:16:11,2021-09-30 14:33:55,Madison Ave & E 26 St,6131,Madison Ave & E 82 St,7188,40.742684734875695,-73.98671329021454,40.7781314,-73.96069399,member
1806599,40FEC8B489DA48A2,classic_bike,2021-09-25 11:45:40,2021-09-25 12:00:40,1 Ave & E 68 St,6822,Madison Ave & E 82 St,7188,40.76500525,-73.95818491,40.7781314,-73.96069399,casual
1806607,8ED6450B2042AAD4,classic_bike,2021-09-25 11:45:48,2021-09-25 12:01:45,1 Ave & E 68 St,6822,Madison Ave & E 82 St,7188,40.76500525,-73.95818491,40.7781314,-73.96069399,casual
1806616,9148E09E0DBC8506,classic_bike,2021-09-28 13:57:46,2021-09-28 14:12:06,W 37 St & 5 Ave,6398,Madison Ave & E 82 St,7188,40.75038009,-73.98338988,40.7781314,-73.96069399,member
1806668,871803B467D592F5,classic_bike,2021-09-28 13:58:00,2021-09-28 14:12:07,W 37 St & 5 Ave,6398,Madison Ave & E 82 St,7188,40.75038009,-73.98338988,40.7781314,-73.96069399,member
1806684,FA968D8142CBA9B6,classic_bike,2021-09-17 10:46:10,2021-09-17 11:00:30,1 Ave & E 68 St,6822,Madison Ave & E 82 St,7188,40.76500525,-73.95818491,40.7781314,-73.96069399,member
1806746,B0DCF690B35487E2,classic_bike,2021-09-18 15:25:45,2021-09-18 15:38:00,1 Ave & E 68 St,6822,Madison Ave & E 82 St,7188,40.76500525,-73.95818491,40.7781314,-73.96069399,member
1806750,1973E5357B998C98,classic_bike,2021-09-11 09:40:19,2021-09-11 09:52:12,1 Ave & E 68 St,6822,Madison Ave & E 82 St,7188,40.76500525,-73.95818491,40.7781314,-73.96069399,member
1806752,2476BF9593CC3DEF,classic_bike,2021-09-17 18:56:59,2021-09-17 19:10:27,1 Ave & E 68 St,6822,Madison Ave & E 82 St,7188,40.76500525,-73.95818491,40.7781314,-73.96069399,member
1806760,CB4980B64E86BA1B,electric_bike,2021-09-11 11:33:45,2021-09-11 11:50:48,Riverside Blvd & W 67 St,7183,Madison Ave & E 82 St,7188,40.777507027547976,-73.98888587951659,40.7781314,-73.96069399,casual
1806764,1EE0D439BA20BA6C,electric_bike,2021-09-25 02:07:58,2021-09-25 02:34:08,1 Ave & E 68 St,6822,Madison Ave & E 82 St,7188,40.76500525,-73.95818491,40.7781314,-73.96069399,casual
1806800,84A2C2014D790BC7,electric_bike,2021-09-14 05:54:03,2021-09-14 06:12:48,St. Nicholas Terrace & Convent Ave,7937,Madison Ave & E 82 St,7188,40.821294,-73.947868,40.7781314,-73.96069399,member
1806815,96DC8F565A2383CE,electric_bike,2021-09-26 08:05:26,2021-09-26 08:32:47,31 Ave & Steinway St,6782,Madison Ave & E 82 St,7188,40.7611488,-73.9170071,40.7781314,-73.96069399,member
1806818,682A421065F2BDDA,classic_bike,2021-09-18 12:14:16,2021-09-18 13:13:02,E 45 St & 3 Ave,6464,Madison Ave & E 82 St,7188,40.75255434,-73.97282625,40.7781314,-73.96069399,casual
1806819,A343AB5C42A31865,classic_bike,2021-09-03 11:21:33,2021-09-03 11:58:38,E 45 St & 3 Ave,6464,Madison Ave & E 82 St,7188,40.75255434,-73.97282625,40.7781314,-73.96069399,casual
1806830,6D1B8BEA90D15480,classic_bike,2021-09-21 19:18:15,2021-09-21 19:27:58,E 65 St & 2 Ave,6860,Madison Ave & E 82 St,7188,40.76471851944339,-73.96222069859505,40.7781314,-73.96069399,casual
1806834,ED5BAB28EB700415,classic_bike,2021-09-30 15:39:32,2021-09-30 16:08:51,E 65 St & 2 Ave,6860,Madison Ave & E 82 St,7188,40.76471851944339,-73.96222069859505,40.7781314,-73.96069399,casual
1806905,B5FFC15DD48009BE,classic_bike,2021-09-26 14:12:44,2021-09-26 14:24:16,E 88 St & 1 Ave,7235,Madison Ave & E 82 St,7188,40.778301,-73.9488134,40.7781314,-73.96069399,member
1806967,A858E4F895CE8E48,electric_bike,2021-09-06 19:34:54,2021-09-06 19:37:19,5 Ave & E 78 St,7161,Madison Ave & E 82 St,7188,40.77632142182271,-73.96427392959595,40.7781314,-73.96069399,member
1806976,8D1C4EC46F308845,classic_bike,2021-09-06 23:06:35,2021-09-06 23:08:15,5 Ave & E 78 St,7161,Madison Ave & E 82 St,7188,40.77632142182271,-73.96427392959595,40.7781314,-73.96069399,member
1807047,A783A716F4FBDC82,classic_bike,2021-09-27 14:23:08,2021-09-27 14:26:38,5 Ave & E 78 St,7161,Madison Ave & E 82 St,7188,40.77632142182271,-73.96427392959595,40.7781314,-73.96069399,member
1807057,BD0289C66989CE18,electric_bike,2021-09-15 19:20:52,2021-09-15 19:23:00,5 Ave & E 78 St,7161,Madison Ave & E 82 St,7188,40.77632142182271,-73.96427392959595,40.7781314,-73.96069399,member
1807063,14752F0EBA933966,classic_bike,2021-09-30 09:53:27,2021-09-30 10:27:47,E 11 St & 1 Ave,5746,Madison Ave & E 82 St,7188,40.72953837,-73.98426726,40.7781314,-73.96069399,member
1807066,CBDA0B3B24A09091,electric_bike,2021-09-11 12:40:36,2021-09-11 13:00:08,W 106 St & Amsterdam Ave,7634,Madison Ave & E 82 St,7188,40.8008363,-73.9664492472,40.7781314,-73.96069399,casual
1807070,B6215979F0B76488,electric_bike,2021-09-08 15:29:47,2021-09-08 15:33:32,5 Ave & E 78 St,7161,Madison Ave & E 82 St,7188,40.77632142182271,-73.96427392959595,40.7781314,-73.96069399,member
1807071,BD17F9533CEAE3C3,classic_bike,2021-09-12 17:19:22,2021-09-12 17:30:00,3 Ave & E 72 St,7028,Madison Ave & E 82 St,7188,40.7699426,-73.96060712,40.7781314,-73.96069399,member
1807086,1E9748C791499511,classic_bike,2021-09-06 12:55:44,2021-09-06 13:14:33,W 106 St & Amsterdam Ave,7634,Madison Ave & E 82 St,7188,40.8008363,-73.9664492472,40.7781314,-73.96069399,member
1807088,430FF0EC7FDDD1A1,electric_bike,2021-09-22 14:44:06,2021-09-22 15:01:19,W 106 St & Amsterdam Ave,7634,Madison Ave & E 82 St,7188,40.8008363,-73.9664492472,40.7781314,-73.96069399,casual
1807097,420582E6499D3FB8,classic_bike,2021-09-27 12:36:21,2021-09-27 12:50:56,5 Ave & E 78 St,7161,Madison Ave & E 82 St,7188,40.77632142182271,-73.96427392959595,40.7781314,-73.96069399,casual
1807099,AA10608490509E39,classic_bike,2021-09-13 07:33:45,2021-09-13 07:50:51,W 106 St & Amsterdam Ave,7634,Madison Ave & E 82 St,7188,40.8008363,-73.9664492472,40.7781314,-73.96069399,member
1807143,B7154A185BFBE94B,classic_bike,2021-09-18 22:54:41,2021-09-18 23:31:57,Washington Pl & 6 Ave,5838,Madison Ave & E 82 St,7188,40.73224119,-74.00026394,40.7781314,-73.96069399,member
1807154,D34E4F4870A24168,classic_bike,2021-09-07 16:09:21,2021-09-07 16:51:33,1 Ave & E 78 St,7020,Madison Ave & E 82 St,7188,40.77140426,-73.9535166,40.7781314,-73.96069399,casual
1807165,0379F9F0ACE12E00,classic_bike,2021-09-20 05:14:31,2021-09-20 05:19:55,1 Ave & E 78 St,7020,Madison Ave & E 82 St,7188,40.77140426,-73.9535166,40.7781314,-73.96069399,member
1807172,2077495CD6743887,classic_bike,2021-09-24 16:17:00,2021-09-24 16:31:28,1 Ave & E 78 St,7020,Madison Ave & E 82 St,7188,40.77140426,-73.9535166,40.7781314,-73.96069399,member
1807182,A784BAFFB1EB30D3,classic_bike,2021-09-16 16:12:04,2021-09-16 16:17:57,1 Ave & E 78 St,7020,Madison Ave & E 82 St,7188,40.77140426,-73.9535166,40.7781314,-73.96069399,member
1807185,7F122F484E312A7D,classic_bike,2021-09-05 17:36:14,2021-09-05 17:42:46,1 Ave & E 78 St,7020,Madison Ave & E 82 St,7188,40.77140426,-73.9535166,40.7781314,-73.96069399,member
1807188,5405AC875950297B,classic_bike,2021-09-11 15:21:12,2021-09-11 15:49:44,Washington Pl & 6 Ave,5838,Madison Ave & E 82 St,7188,40.73224119,-74.00026394,40.7781314,-73.96069399,member
1807194,F2BDC0CC1CBB891E,classic_bike,2021-09-02 07:19:41,2021-09-02 07:54:52,Allen St & Stanton St,5484,Madison Ave & E 82 St,7188,40.722055,-73.989111,40.7781314,-73.96069399,casual
1807203,0B29A50A1B69703D,classic_bike,2021-09-17 10:52:07,2021-09-17 11:39:19,Washington Pl & 6 Ave,5838,Madison Ave & E 82 St,7188,40.73224119,-74.00026394,40.7781314,-73.96069399,casual
1807224,2C6BB5A65F8097CC,classic_bike,2021-09-25 16:07:05,2021-09-25 16:21:02,E 65 St & 2 Ave,6860,Madison Ave & E 82 St,7188,40.76471851944339,-73.96222069859505,40.7781314,-73.96069399,member
1807228,34A3894734001BD9,electric_bike,2021-09-16 10:57:35,2021-09-16 11:08:51,E 65 St & 2 Ave,6860,Madison Ave & E 82 St,7188,40.76471851944339,-73.96222069859505,40.7781314,-73.96069399,member
1807243,76B5E1EABBCC3447,classic_bike,2021-09-28 17:06:53,2021-09-28 17:19:57,7 Ave & Central Park South,6912,Madison Ave & E 82 St,7188,40.7667405590595,-73.9790689945221,40.7781314,-73.96069399,member
1807276,BCCF45716C530096,classic_bike,2021-09-11 10:09:37,2021-09-11 10:18:45,1 Ave & E 78 St,7020,Madison Ave & E 82 St,7188,40.77140426,-73.9535166,40.7781314,-73.96069399,member
1807277,6F1ADB036CA57F0A,classic_bike,2021-09-11 07:54:28,2021-09-11 07:59:49,1 Ave & E 78 St,7020,Madison Ave & E 82 St,7188,40.77140426,-73.9535166,40.7781314,-73.96069399,member
1807288,0E74DE64C39CB911,classic_bike,2021-09-18 07:10:18,2021-09-18 07:17:33,E 65 St & 2 Ave,6860,Madison Ave & E 82 St,7188,40.76471851944339,-73.96222069859505,40.7781314,-73.96069399,member
1807307,05C1C0DFD5E6877F,classic_bike,2021-09-16 14:22:32,2021-09-16 14:30:38,1 Ave & E 78 St,7020,Madison Ave & E 82 St,7188,40.77140426,-73.9535166,40.7781314,-73.96069399,member
1807308,B3069E1D2C922DAF,classic_bike,2021-09-16 19:11:06,2021-09-16 19:16:49,1 Ave & E 78 St,7020,Madison Ave & E 82 St,7188,40.77140426,-73.9535166,40.7781314,-73.96069399,member
1807313,2F4FB4A94F132F77,classic_bike,2021-09-19 10:13:45,2021-09-19 10:20:06,1 Ave & E 78 St,7020,Madison Ave & E 82 St,7188,40.77140426,-73.9535166,40.7781314,-73.96069399,member
1807317,9DE16FDB9886E157,classic_bike,2021-09-24 15:06:46,2021-09-24 15:56:20,Washington Pl & 6 Ave,5838,Madison Ave & E 82 St,7188,40.73224119,-74.00026394,40.7781314,-73.96069399,casual
1807330,92DF338429A44DC7,classic_bike,2021-09-21 16:26:49,2021-09-21 17:02:08,7 Ave & Central Park South,6912,Madison Ave & E 82 St,7188,40.7667405590595,-73.9790689945221,40.7781314,-73.96069399,casual
1807353,47624DFB78CD9759,classic_bike,2021-09-23 13:42:43,2021-09-23 14:06:23,Central Park W & W 91 St,7453,Madison Ave & E 82 St,7188,40.78866499127884,-73.96680057048798,40.7781314,-73.96069399,casual
1807358,CEF19464C85B374D,classic_bike,2021-09-11 13:10:50,2021-09-11 13:21:08,Central Park W & W 91 St,7453,Madison Ave & E 82 St,7188,40.78866499127884,-73.96680057048798,40.7781314,-73.96069399,member
1807367,7D46EF36B557613C,classic_bike,2021-09-18 16:04:35,2021-09-18 16:13:32,1 Ave & E 78 St,7020,Madison Ave & E 82 St,7188,40.77140426,-73.9535166,40.7781314,-73.96069399,casual
1807378,A5E364EEAF9460BA,classic_bike,2021-09-10 12:28:25,2021-09-10 12:37:12,1 Ave & E 78 St,7020,Madison Ave & E 82 St,7188,40.77140426,-73.9535166,40.7781314,-73.96069399,member
1807381,9CD69D7DF64DACBC,classic_bike,2021-09-21 11:45:29,2021-09-21 12:00:33,1 Ave & E 78 St,7020,Madison Ave & E 82 St,7188,40.77140426,-73.9535166,40.7781314,-73.96069399,member
1807402,C73513FE807906C0,classic_bike,2021-09-06 02:12:16,2021-09-06 02:24:23,7 Ave & Central Park South,6912,Madison Ave & E 82 St,7188,40.7667405590595,-73.9790689945221,40.7781314,-73.96069399,member
1807423,6C83E8667291C383,classic_bike,2021-09-21 15:36:26,2021-09-21 15:44:54,1 Ave & E 78 St,7020,Madison Ave & E 82 St,7188,40.77140426,-73.9535166,40.7781314,-73.96069399,member
1807427,8BA1A98E4EFF1B2F,classic_bike,2021-09-16 17:19:54,2021-09-16 17:31:48,1 Ave & E 78 St,7020,Madison Ave & E 82 St,7188,40.77140426,-73.9535166,40.7781314,-73.96069399,member
1807428,77C9A04493FC3274,classic_bike,2021-09-23 15:58:26,2021-09-23 16:10:40,1 Ave & E 78 St,7020,Madison Ave & E 82 St,7188,40.77140426,-73.9535166,40.7781314,-73.96069399,member
1807433,76CB6F84395DEFE9,classic_bike,2021-09-06 13:30:43,2021-09-06 13:45:32,1 Ave & E 78 St,7020,Madison Ave & E 82 St,7188,40.77140426,-73.9535166,40.7781314,-73.96069399,member
1807440,98624A41B03679F8,classic_bike,2021-09-13 15:52:10,2021-09-13 16:25:07,7 Ave & Central Park South,6912,Madison Ave & E 82 St,7188,40.7667405590595,-73.9790689945221,40.7781314,-73.96069399,casual
1807451,3290460138F75F3D,classic_bike,2021-09-29 12:37:11,2021-09-29 12:44:27,1 Ave & E 78 St,7020,Madison Ave & E 82 St,7188,40.77140426,-73.9535166,40.7781314,-73.96069399,member
1807454,D3D6CD28435EE8D9,classic_bike,2021-09-18 12:40:47,2021-09-18 13:56:42,E 25 St & 2 Ave,6046,Madison Ave & E 82 St,7188,40.73912601,-73.97973776,40.7781314,-73.96069399,casual
1807458,525BECD528567051,classic_bike,2021-09-15 16:39:02,2021-09-15 16:56:40,1 Ave & E 78 St,7020,Madison Ave & E 82 St,7188,40.77140426,-73.9535166,40.7781314,-73.96069399,casual
1807474,6506EF775D7D3D02,electric_bike,2021-09-21 17:36:12,2021-09-21 17:45:45,E 53 St & Lexington Ave,6617,Madison Ave & E 82 St,7188,40.75828065,-73.97069431,40.7781314,-73.96069399,member
1807489,243AD0C6681E78E7,classic_bike,2021-09-17 11:41:22,2021-09-17 12:49:46,Grand Army Plaza & Central Park S,6839,Madison Ave & E 82 St,7188,40.7643971,-73.97371465,40.7781314,-73.96069399,casual
1807492,CBF902B4CC260771,classic_bike,2021-09-25 12:52:34,2021-09-25 13:43:38,Grand Army Plaza & Central Park S,6839,Madison Ave & E 82 St,7188,40.7643971,-73.97371465,40.7781314,-73.96069399,casual
1807494,50EE03D848A6B3A9,classic_bike,2021-09-02 11:53:30,2021-09-02 12:48:17,Grand Army Plaza & Central Park S,6839,Madison Ave & E 82 St,7188,40.7643971,-73.97371465,40.7781314,-73.96069399,casual
1807500,A5ED8FE73B9DC214,classic_bike,2021-09-01 16:30:43,2021-09-01 17:30:21,Grand Army Plaza & Central Park S,6839,Madison Ave & E 82 St,7188,40.7643971,-73.97371465,40.7781314,-73.96069399,casual
1807501,E0E7A75F93CE1F62,classic_bike,2021-09-11 15:24:36,2021-09-11 15:37:38,Grand Army Plaza & Central Park S,6839,Madison Ave & E 82 St,7188,40.7643971,-73.97371465,40.7781314,-73.96069399,casual
1807502,89569764848EE41A,classic_bike,2021-09-03 16:53:59,2021-09-03 17:10:00,Grand Army Plaza & Central Park S,6839,Madison Ave & E 82 St,7188,40.7643971,-73.97371465,40.7781314,-73.96069399,casual
1807526,37FC5DBC3C50A2E3,electric_bike,2021-09-23 10:16:38,2021-09-23 10:58:42,Amsterdam Ave & W 73 St,7260,Madison Ave & E 82 St,7188,40.77966809007312,-73.98093044757842,40.7781314,-73.96069399,member
1807531,C0F12360A61F7328,classic_bike,2021-09-06 10:01:32,2021-09-06 10:20:40,W 106 St & Central Park West,7606,Madison Ave & E 82 St,7188,40.7981856,-73.9605909006,40.7781314,-73.96069399,member
1807533,809735A3A7AF9343,classic_bike,2021-09-01 16:13:12,2021-09-01 16:28:57,W 59 St & 10 Ave,7023,Madison Ave & E 82 St,7188,40.770513,-73.988038,40.7781314,-73.96069399,member
1807563,63D272ACEC8AA105,classic_bike,2021-09-24 13:38:38,2021-09-24 14:20:10,11 Ave & W 41 St,6726,Madison Ave & E 82 St,7188,40.76030096,-73.99884222,40.7781314,-73.96069399,casual
1807591,0CD80A2A808B1735,classic_bike,2021-09-17 11:49:41,2021-09-17 13:55:07,7 Ave & Central Park South,6912,Madison Ave & E 82 St,7188,40.7667405590595,-73.9790689945221,40.7781314,-73.96069399,casual
1807648,CABFE90B146C8A7E,classic_bike,2021-09-17 09:59:32,2021-09-17 10:28:25,Amsterdam Ave & W 66 St,7149,Madison Ave & E 82 St,7188,40.7746671,-73.98470567,40.7781314,-73.96069399,casual
1807667,8AA11602C6AC0B3B,classic_bike,2021-09-25 16:47:25,2021-09-25 17:05:11,Amsterdam Ave & W 73 St,7260,Madison Ave & E 82 St,7188,40.77966809007312,-73.98093044757842,40.7781314,-73.96069399,member
1807672,39AF9ABE58302732,classic_bike,2021-09-18 15:23:36,2021-09-18 15:48:36,Central Park S & 6 Ave,6876,Madison Ave & E 82 St,7188,40.76590936,-73.97634151,40.7781314,-73.96069399,casual
1807677,4AD07E595E8CCD66,electric_bike,2021-09-22 21:56:21,2021-09-22 22:05:15,Central Park S & 6 Ave,6876,Madison Ave & E 82 St,7188,40.76590936,-73.97634151,40.7781314,-73.96069399,member
1807691,E9DCADCE759F299D,classic_bike,2021-09-21 17:44:49,2021-09-21 17:52:43,5 Ave & E 63 St,6904,Madison Ave & E 82 St,7188,40.766368,-73.971518,40.7781314,-73.96069399,member
1807715,A5C58B0F32474520,classic_bike,2021-09-02 09:22:53,2021-09-02 10:05:21,8 Ave & W 33 St,6450,Madison Ave & E 82 St,7188,40.751551,-73.993934,40.7781314,-73.96069399,casual
1807731,68DBFDF27E58CDDF,classic_bike,2021-09-05 11:42:58,2021-09-05 12:19:55,8 Ave & W 33 St,6450,Madison Ave & E 82 St,7188,40.751551,-73.993934,40.7781314,-73.96069399,casual
1807749,439FF1B043FCEDC2,classic_bike,2021-09-22 09:16:25,2021-09-22 09:25:19,5 Ave & E 63 St,6904,Madison Ave & E 82 St,7188,40.766368,-73.971518,40.7781314,-73.96069399,member
1807875,594E2D21F2E1B7BD,docked_bike,2021-09-17 17:13:21,2021-09-17 17:37:56,Central Park S & 6 Ave,6876,Madison Ave & E 82 St,7188,40.765909,-73.976342,40.778131,-73.960694,casual
1807885,F1D198EA30212F53,classic_bike,2021-09-10 17:35:55,2021-09-10 17:44:06,5 Ave & E 63 St,6904,Madison Ave & E 82 St,7188,40.766368,-73.971518,40.7781314,-73.96069399,member
1807887,EBE4B82AB6CAEE3E,electric_bike,2021-09-06 13:41:09,2021-09-06 13:56:41,Lenox Ave & W 117 St,7655,Madison Ave & E 82 St,7188,40.8025566,-73.9490782,40.7781314,-73.96069399,member
1807888,A856ECD9C691F207,classic_bike,2021-09-17 08:00:35,2021-09-17 08:11:51,5 Ave & E 63 St,6904,Madison Ave & E 82 St,7188,40.766368,-73.971518,40.7781314,-73.96069399,member
1807890,B7BCF5809EC8ED08,classic_bike,2021-09-30 16:17:41,2021-09-30 16:26:27,5 Ave & E 63 St,6904,Madison Ave & E 82 St,7188,40.766368,-73.971518,40.7781314,-73.96069399,member
1807925,765B5C29F70819FC,classic_bike,2021-09-24 07:48:24,2021-09-24 08:15:21,Frederick Douglass Blvd & W 112 St,7631,Madison Ave & E 82 St,7188,40.801694,-73.957145,40.7781314,-73.96069399,casual
1808080,F877FE4AB7215282,classic_bike,2021-09-02 12:01:45,2021-09-02 12:34:45,W 116 St & Broadway,7713,Madison Ave & E 82 St,7188,40.8082,-73.9641,40.7781314,-73.96069399,casual
1808098,7B2F5F173E90D1D0,classic_bike,2021-09-25 10:27:05,2021-09-25 11:17:42,W 116 St & Broadway,7713,Madison Ave & E 82 St,7188,40.8082,-73.9641,40.7781314,-73.96069399,casual
1808099,CB90C031E243FA6A,classic_bike,2021-09-11 16:52:29,2021-09-11 17:18:21,Morningside Ave & W 123 St,7741,Madison Ave & E 82 St,7188,40.81,-73.9551508,40.7781314,-73.96069399,member
1808119,D2DB77E8BB1414AE,classic_bike,2021-09-19 09:42:49,2021-09-19 09:54:17,7 Ave & Central Park South,6912,Madison Ave & E 82 St,7188,40.7667405590595,-73.9790689945221,40.7781314,-73.96069399,member
1808173,58DA451C0DB71D4B,classic_bike,2021-09-12 10:07:45,2021-09-12 10:30:15,E 33 St & 5 Ave,6322,Madison Ave & E 82 St,7188,40.74765947,-73.98490707,40.7781314,-73.96069399,member
1808241,C79223E0F8F8FFBF,classic_bike,2021-09-03 13:10:56,2021-09-03 13:19:37,5 Ave & E 93 St,7372,Madison Ave & E 82 St,7188,40.7857851,-73.957481,40.7781314,-73.96069399,casual
1808254,C352951188DC0EEF,classic_bike,2021-09-21 08:10:28,2021-09-21 10:07:36,5 Ave & E 93 St,7372,Madison Ave & E 82 St,7188,40.7857851,-73.957481,40.7781314,-73.96069399,member
1808263,628D06DAFB6FF579,classic_bike,2021-09-19 13:56:53,2021-09-19 14:39:35,8 Ave & W 33 St,6450,Madison Ave & E 82 St,7188,40.751551,-73.993934,40.7781314,-73.96069399,casual
1808279,0B82A32F47CA6D02,electric_bike,2021-09-11 14:22:14,2021-09-11 15:01:52,Huron St & Franklin St,5869,Madison Ave & E 82 St,7188,40.73266,-73.95826,40.7781314,-73.96069399,member
1808307,829AFFD9E2523CBD,classic_bike,2021-09-18 15:34:39,2021-09-18 15:42:12,5 Ave & E 93 St,7372,Madison Ave & E 82 St,7188,40.7857851,-73.957481,40.7781314,-73.96069399,member
1808326,3A7292C69994A6D0,electric_bike,2021-09-17 15:18:52,2021-09-17 15:32:00,5 Ave & E 93 St,7372,Madison Ave & E 82 St,7188,40.7857851,-73.957481,40.7781314,-73.96069399,casual
1808332,8EDB78C1BEF4C95B,classic_bike,2021-09-19 13:57:19,2021-09-19 14:35:00,8 Ave & W 33 St,6450,Madison Ave & E 82 St,7188,40.751551,-73.993934,40.7781314,-73.96069399,casual
1808351,73CDD51A969EE336,classic_bike,2021-09-03 10:11:09,2021-09-03 10:48:23,W 46 St & 11 Ave,6795,Madison Ave & E 82 St,7188,40.76341379,-73.99667444,40.7781314,-73.96069399,casual
1808369,D179DCE1E98D0B61,classic_bike,2021-09-02 14:36:01,2021-09-02 14:56:29,W 52 St & 6 Ave,6740,Madison Ave & E 82 St,7188,40.76132983124814,-73.97982001304626,40.7781314,-73.96069399,casual
1808370,CDF61469DF5FC843,classic_bike,2021-09-18 09:30:53,2021-09-18 09:42:19,3 Ave & E 62 St,6762,Madison Ave & E 82 St,7188,40.76312584,-73.96526895,40.7781314,-73.96069399,member
1808374,B74FDD31EF766FF2,classic_bike,2021-09-07 16:40:07,2021-09-07 16:54:20,W 52 St & 6 Ave,6740,Madison Ave & E 82 St,7188,40.76132983124814,-73.97982001304626,40.7781314,-73.96069399,member
1808380,BC676F57A822D77B,classic_bike,2021-09-18 09:38:07,2021-09-18 09:47:16,5 Ave & E 93 St,7372,Madison Ave & E 82 St,7188,40.7857851,-73.957481,40.7781314,-73.96069399,casual
1808401,DEA0F4B2AB687AEF,classic_bike,2021-09-21 16:36:51,2021-09-21 17:06:42,8 Ave & W 33 St,6450,Madison Ave & E 82 St,7188,40.751551,-73.993934,40.7781314,-73.96069399,member
1808419,A8E1E22A0F9AD8DB,classic_bike,2021-09-20 18:07:14,2021-09-20 18:17:27,5 Ave & E 63 St,6904,Madison Ave & E 82 St,7188,40.766368,-73.971518,40.7781314,-73.96069399,member
1808421,E760465681A3015C,electric_bike,2021-09-22 21:14:55,2021-09-22 21:21:27,5 Ave & E 63 St,6904,Madison Ave & E 82 St,7188,40.766368,-73.971518,40.7781314,-73.96069399,member
1808428,B3E2774A803181A3,classic_bike,2021-09-10 17:53:15,2021-09-10 18:03:09,5 Ave & E 63 St,6904,Madison Ave & E 82 St,7188,40.766368,-73.971518,40.7781314,-73.96069399,casual
1808432,02E0D3E458F7B220,classic_bike,2021-09-18 13:01:17,2021-09-18 13:44:49,5 Ave & E 63 St,6904,Madison Ave & E 82 St,7188,40.766368,-73.971518,40.7781314,-73.96069399,casual
1808469,2EDFC46EBC6BDF00,electric_bike,2021-09-25 10:18:10,2021-09-25 10:32:31,W 52 St & 6 Ave,6740,Madison Ave & E 82 St,7188,40.76132983124814,-73.97982001304626,40.7781314,-73.96069399,casual
1808475,4761CCCF92F60EC4,electric_bike,2021-09-20 08:59:23,2021-09-20 09:09:24,W 52 St & 6 Ave,6740,Madison Ave & E 82 St,7188,40.76132983124814,-73.97982001304626,40.7781314,-73.96069399,casual
1808476,661AAB9F53B67B4C,classic_bike,2021-09-02 14:38:26,2021-09-02 14:56:28,W 52 St & 6 Ave,6740,Madison Ave & E 82 St,7188,40.76132983124814,-73.97982001304626,40.7781314,-73.96069399,member
1808506,EF7F051125DD2348,classic_bike,2021-09-19 20:58:26,2021-09-19 21:08:17,3 Ave & E 62 St,6762,Madison Ave & E 82 St,7188,40.76312584,-73.96526895,40.7781314,-73.96069399,casual
1808523,6113A68A3BCE3239,classic_bike,2021-09-11 09:55:13,2021-09-11 10:13:42,1 Ave & E 78 St,7020,Madison Ave & E 82 St,7188,40.77140426,-73.9535166,40.7781314,-73.96069399,member
1808527,D7191B3819440232,docked_bike,2021-09-17 11:40:52,2021-09-17 12:13:30,5 Ave & E 63 St,6904,Madison Ave & E 82 St,7188,40.766368,-73.971518,40.778131,-73.960694,casual
1808537,1E677F37E952A3CE,docked_bike,2021-09-17 11:40:48,2021-09-17 12:13:18,5 Ave & E 63 St,6904,Madison Ave & E 82 St,7188,40.766368,-73.971518,40.778131,-73.960694,casual
1808562,CE47A936338126AB,classic_bike,2021-09-22 17:26:08,2021-09-22 17:38:27,W 52 St & 6 Ave,6740,Madison Ave & E 82 St,7188,40.76132983124814,-73.97982001304626,40.7781314,-73.96069399,member
1808576,EF047B9408D80327,electric_bike,2021-09-08 18:43:55,2021-09-08 18:48:26,5 Ave & E 93 St,7372,Madison Ave & E 82 St,7188,40.7857851,-73.957481,40.7781314,-73.96069399,casual
1808583,B248C5EBE5DA97AA,classic_bike,2021-09-07 11:43:23,2021-09-07 11:50:58,5 Ave & E 93 St,7372,Madison Ave & E 82 St,7188,40.7857851,-73.957481,40.7781314,-73.96069399,member
1808585,2F97959CB2B15CE5,classic_bike,2021-09-11 16:42:35,2021-09-11 16:53:27,Madison Av & E 51 St,6659,Madison Ave & E 82 St,7188,40.75863,-73.97513,40.7781314,-73.96069399,member
1808586,6C4BB6F147F740E9,classic_bike,2021-09-10 17:30:14,2021-09-10 17:42:34,Madison Av & E 51 St,6659,Madison Ave & E 82 St,7188,40.75863,-73.97513,40.7781314,-73.96069399,member
1808613,4746B6277ED2A2AE,docked_bike,2021-09-14 11:47:46,2021-09-14 12:19:48,Central Park S & 6 Ave,6876,Madison Ave & E 82 St,7188,40.765909,-73.976342,40.778131,-73.960694,casual
1808616,FB40537A4059973B,classic_bike,2021-09-14 17:33:32,2021-09-14 17:43:18,Central Park S & 6 Ave,6876,Madison Ave & E 82 St,7188,40.76590936,-73.97634151,40.7781314,-73.96069399,member
1808638,CC192B96D58CD9E4,classic_bike,2021-09-02 07:51:12,2021-09-02 08:05:05,West End Ave & W 94 St,7524,Madison Ave & E 82 St,7188,40.7941654,-73.974124,40.7781314,-73.96069399,member
1808640,9A9015F455C12269,docked_bike,2021-09-11 18:01:40,2021-09-11 18:23:00,Madison Av & E 51 St,6659,Madison Ave & E 82 St,7188,40.75863,-73.97513,40.778131,-73.960694,casual
1808641,7C53953EB6414765,classic_bike,2021-09-10 18:57:14,2021-09-10 19:06:42,1 Ave & E 94 St,7286,Madison Ave & E 82 St,7188,40.7817212,-73.94594,40.7781314,-73.96069399,member
1808666,DF483304EB105F3F,electric_bike,2021-09-23 07:36:33,2021-09-23 08:13:01,Madison Av & E 51 St,6659,Madison Ave & E 82 St,7188,40.75863,-73.97513,40.7781314,-73.96069399,casual
1808668,963B7FF5B9180FCE,docked_bike,2021-09-11 18:01:40,2021-09-11 18:23:04,Madison Av & E 51 St,6659,Madison Ave & E 82 St,7188,40.75863,-73.97513,40.778131,-73.960694,casual
1808677,D2F87568889E68D7,classic_bike,2021-09-25 16:28:12,2021-09-25 17:12:50,Amsterdam Ave & W 119 St,7727,Madison Ave & E 82 St,7188,40.80863217506367,-73.95958609887202,40.7781314,-73.96069399,casual
1808680,AC73B8D4D0542EE3,classic_bike,2021-09-02 01:42:22,2021-09-02 01:53:44,Madison Av & E 51 St,6659,Madison Ave & E 82 St,7188,40.75863,-73.97513,40.7781314,-73.96069399,casual
1808691,9111CDFC201F0A7B,classic_bike,2021-09-26 15:51:19,2021-09-26 16:07:40,1 Ave & E 94 St,7286,Madison Ave & E 82 St,7188,40.7817212,-73.94594,40.7781314,-73.96069399,member
1808704,159F48B10F64FCEC,electric_bike,2021-09-07 09:43:28,2021-09-07 09:59:20,Amsterdam Ave & W 119 St,7727,Madison Ave & E 82 St,7188,40.80863217506367,-73.95958609887202,40.7781314,-73.96069399,casual
1808715,7698D326EF19E933,electric_bike,2021-09-15 18:08:14,2021-09-15 18:14:45,1 Ave & E 78 St,7020,Madison Ave & E 82 St,7188,40.77140426,-73.9535166,40.7781314,-73.96069399,member
1808716,BE50D98FE3D17171,classic_bike,2021-09-06 12:42:52,2021-09-06 12:49:50,1 Ave & E 78 St,7020,Madison Ave & E 82 St,7188,40.77140426,-73.9535166,40.7781314,-73.96069399,member
1808717,06AA8A7A8192CBF3,classic_bike,2021-09-28 15:26:02,2021-09-28 15:33:53,1 Ave & E 78 St,7020,Madison Ave & E 82 St,7188,40.77140426,-73.9535166,40.7781314,-73.96069399,member
1808720,21E9491CB0587572,classic_bike,2021-09-12 07:52:22,2021-09-12 07:57:57,1 Ave & E 78 St,7020,Madison Ave & E 82 St,7188,40.77140426,-73.9535166,40.7781314,-73.96069399,member
1808727,222A6A9C033E7917,classic_bike,2021-09-15 18:53:32,2021-09-15 19:06:58,West End Ave & W 94 St,7524,Madison Ave & E 82 St,7188,40.7941654,-73.974124,40.7781314,-73.96069399,member
1808733,64781550AEFE6D21,classic_bike,2021-09-16 15:47:34,2021-09-16 16:02:29,Madison Av & E 51 St,6659,Madison Ave & E 82 St,7188,40.75863,-73.97513,40.7781314,-73.96069399,casual
1808737,9D0ACC1AE84D7538,classic_bike,2021-09-27 06:20:05,2021-09-27 06:36:24,West End Ave & W 94 St,7524,Madison Ave & E 82 St,7188,40.7941654,-73.974124,40.7781314,-73.96069399,casual
1808739,1B3ADC7F7F6F5176,electric_bike,2021-09-03 09:44:39,2021-09-03 09:59:14,Amsterdam Ave & W 119 St,7727,Madison Ave & E 82 St,7188,40.80863217506367,-73.95958609887202,40.7781314,-73.96069399,casual
1808742,00EAF4F34DAEE49C,electric_bike,2021-09-21 11:42:39,2021-09-21 11:52:32,Madison Av & E 51 St,6659,Madison Ave & E 82 St,7188,40.75863,-73.97513,40.7781314,-73.96069399,member
1808743,FF5D1A5E42380403,classic_bike,2021-09-20 17:29:32,2021-09-20 17:42:45,Madison Av & E 51 St,6659,Madison Ave & E 82 St,7188,40.75863,-73.97513,40.7781314,-73.96069399,member
1808769,EE1F89019E75C452,classic_bike,2021-09-25 14:11:36,2021-09-25 14:26:25,E 75 St & 3 Ave,6991,Madison Ave & E 82 St,7188,40.77112927,-73.95772297,40.7781314,-73.96069399,casual
1808792,243D376B107D3CF6,electric_bike,2021-09-11 15:25:40,2021-09-11 16:47:57,E 75 St & 3 Ave,6991,Madison Ave & E 82 St,7188,40.77112927,-73.95772297,40.7781314,-73.96069399,casual
1808797,093C39FF378CD603,classic_bike,2021-09-22 16:18:26,2021-09-22 16:25:49,E 75 St & 3 Ave,6991,Madison Ave & E 82 St,7188,40.77112927,-73.95772297,40.7781314,-73.96069399,member
1808818,B35839274503B8D1,electric_bike,2021-09-21 10:39:04,2021-09-21 10:52:09,W 37 St & 5 Ave,6398,Madison Ave & E 82 St,7188,40.75038009,-73.98338988,40.7781314,-73.96069399,member
1808843,4B8C4E8CD34556F8,electric_bike,2021-09-17 08:33:16,2021-09-17 09:04:43,30 Ave & 41 St,6812,Madison Ave & E 82 St,7188,40.763422,-73.914142,40.7781314,-73.96069399,casual
1808846,3A7820666DBEC9CA,classic_bike,2021-09-25 14:16:18,2021-09-25 14:35:18,Madison Av & E 51 St,6659,Madison Ave & E 82 St,7188,40.75863,-73.97513,40.7781314,-73.96069399,member
1808854,D5AEC87D0E2B5D77,classic_bike,2021-09-13 17:18:35,2021-09-13 17:45:13,E 118 St & 3 Ave,7611,Madison Ave & E 82 St,7188,40.799139,-73.9389152,40.7781314,-73.96069399,member
1808863,C37A849B620B9A3B,classic_bike,2021-09-06 09:52:11,2021-09-06 09:57:43,1 Ave & E 78 St,7020,Madison Ave & E 82 St,7188,40.77140426,-73.9535166,40.7781314,-73.96069399,member
1808866,4E95E5E9B5108C4B,classic_bike,2021-09-16 20:07:53,2021-09-16 20:13:11,1 Ave & E 78 St,7020,Madison Ave & E 82 St,7188,40.77140426,-73.9535166,40.7781314,-73.96069399,member
1808868,2028AAE7076A95B9,classic_bike,2021-09-18 11:09:34,2021-09-18 11:16:01,1 Ave & E 78 St,7020,Madison Ave & E 82 St,7188,40.77140426,-73.9535166,40.7781314,-73.96069399,casual
1808887,235BD349C1B3B056,electric_bike,2021-09-16 13:24:09,2021-09-16 13:33:41,Madison Av & E 51 St,6659,Madison Ave & E 82 St,7188,40.75863,-73.97513,40.7781314,-73.96069399,member
1808917,6091F2FDFD5051FE,electric_bike,2021-09-15 20:49:02,2021-09-15 20:55:24,Central Park W & W 91 St,7453,Madison Ave & E 82 St,7188,40.78866499127884,-73.96680057048798,40.7781314,-73.96069399,member
1808921,2AC078D2954459DB,classic_bike,2021-09-18 08:36:46,2021-09-18 08:48:48,1 Ave & E 78 St,7020,Madison Ave & E 82 St,7188,40.77140426,-73.9535166,40.7781314,-73.96069399,member
1808922,73261112F8E6BFE0,classic_bike,2021-09-25 16:41:28,2021-09-25 17:13:55,1 Ave & E 78 St,7020,Madison Ave & E 82 St,7188,40.77140426,-73.9535166,40.7781314,-73.96069399,member
1808924,4798E5D1A88B82A3,classic_bike,2021-09-25 11:12:34,2021-09-25 12:07:46,E 3 St & 1 Ave,5553,Madison Ave & E 82 St,7188,40.72467721,-73.98783413,40.7781314,-73.96069399,casual
1808942,C28168FCB47797E8,electric_bike,2021-09-11 12:30:47,2021-09-11 12:40:23,1 Ave & E 78 St,7020,Madison Ave & E 82 St,7188,40.77140426,-73.9535166,40.7781314,-73.96069399,member
1808943,ED358E98648B6739,classic_bike,2021-09-25 15:50:48,2021-09-25 15:58:33,1 Ave & E 78 St,7020,Madison Ave & E 82 St,7188,40.77140426,-73.9535166,40.7781314,-73.96069399,member
1808970,F5EB6AEB7B412543,classic_bike,2021-09-26 12:11:40,2021-09-26 12:34:52,E 118 St & 3 Ave,7611,Madison Ave & E 82 St,7188,40.799139,-73.9389152,40.7781314,-73.96069399,member
1808986,F4C66C348515C913,classic_bike,2021-09-05 13:46:16,2021-09-05 14:29:04,E 41 St & Madison Ave,6474,Madison Ave & E 82 St,7188,40.752165280621966,-73.97992193698882,40.7781314,-73.96069399,casual
1808990,BD92B7D7F97E40EC,classic_bike,2021-09-30 16:31:12,2021-09-30 16:39:57,3 Ave & E 72 St,7028,Madison Ave & E 82 St,7188,40.7699426,-73.96060712,40.7781314,-73.96069399,member
1809003,B457FEEEE081166C,classic_bike,2021-09-19 13:15:00,2021-09-19 13:20:06,3 Ave & E 72 St,7028,Madison Ave & E 82 St,7188,40.7699426,-73.96060712,40.7781314,-73.96069399,member
1809013,1210592EF0C3CD61,electric_bike,2021-09-18 02:49:17,2021-09-18 03:05:33,3 Ave & E 72 St,7028,Madison Ave & E 82 St,7188,40.7699426,-73.96060712,40.7781314,-73.96069399,casual
1809060,271E8398F1790693,classic_bike,2021-09-23 13:08:03,2021-09-23 13:28:40,E 41 St & Madison Ave,6474,Madison Ave & E 82 St,7188,40.752165280621966,-73.97992193698882,40.7781314,-73.96069399,member
1809083,0CA6715BE5A50102,classic_bike,2021-09-05 13:46:22,2021-09-05 14:25:26,E 41 St & Madison Ave,6474,Madison Ave & E 82 St,7188,40.752165280621966,-73.97992193698882,40.7781314,-73.96069399,casual
1809133,9A76F4EC930F5FC9,classic_bike,2021-09-17 17:13:29,2021-09-17 17:32:25,Madison Ave & E 120 St,7667,Madison Ave & E 82 St,7188,40.80295,-73.942954,40.7781314,-73.96069399,member
1809135,5D9637A446D504D1,classic_bike,2021-09-07 16:05:29,2021-09-07 16:16:47,E 41 St & Madison Ave,6474,Madison Ave & E 82 St,7188,40.752165280621966,-73.97992193698882,40.7781314,-73.96069399,member
1809151,461EBB534EE3BB97,classic_bike,2021-09-21 16:57:46,2021-09-21 17:47:45,W 11 St & 6 Ave,5914,Madison Ave & E 82 St,7188,40.73532427,-73.99800419,40.7781314,-73.96069399,member
1809156,21B45D6E31CC7C8F,classic_bike,2021-09-27 16:34:50,2021-09-27 16:46:21,E 41 St & Madison Ave,6474,Madison Ave & E 82 St,7188,40.752165280621966,-73.97992193698882,40.7781314,-73.96069399,member
1809157,65AF0E173007EB51,classic_bike,2021-09-20 17:41:58,2021-09-20 17:55:41,E 41 St & Madison Ave,6474,Madison Ave & E 82 St,7188,40.752165280621966,-73.97992193698882,40.7781314,-73.96069399,member
1809167,00CF88DACDADBD74,electric_bike,2021-09-20 14:28:45,2021-09-20 14:50:19,E 41 St & Madison Ave,6474,Madison Ave & E 82 St,7188,40.752165280621966,-73.97992193698882,40.7781314,-73.96069399,member
1809169,2DD2FDA7F30EC3BF,classic_bike,2021-09-12 16:26:33,2021-09-12 16:55:00,8 Ave & W 31 St,6450,Madison Ave & E 82 St,7188,40.7505853470215,-73.9946848154068,40.7781314,-73.96069399,member
1809216,3F2E1639EF82A26A,classic_bike,2021-09-19 12:43:21,2021-09-19 12:53:45,E 88 St & 1 Ave,7235,Madison Ave & E 82 St,7188,40.778301,-73.9488134,40.7781314,-73.96069399,member
1809228,465D5D72BD523A86,classic_bike,2021-09-17 17:11:51,2021-09-17 17:23:39,E 41 St & Madison Ave,6474,Madison Ave & E 82 St,7188,40.752165280621966,-73.97992193698882,40.7781314,-73.96069399,member
1809278,CA3B550502BBF283,electric_bike,2021-09-05 13:45:37,2021-09-05 14:25:20,E 41 St & Madison Ave,6474,Madison Ave & E 82 St,7188,40.752165280621966,-73.97992193698882,40.7781314,-73.96069399,member
1809295,B69D42DC484A249E,classic_bike,2021-09-17 08:47:12,2021-09-17 09:16:26,W 17 St & 8 Ave,6148,Madison Ave & E 82 St,7188,40.74177603,-74.00149746,40.7781314,-73.96069399,member
1809302,632C11C4481B9108,classic_bike,2021-09-24 12:03:18,2021-09-24 12:29:22,Adam Clayton Powell Blvd & W 123 St,7704,Madison Ave & E 82 St,7188,40.8078316,-73.949373,40.7781314,-73.96069399,member
1809363,413117DE51FD7F06,classic_bike,2021-09-16 17:33:45,2021-09-16 17:48:23,E 41 St & Madison Ave,6474,Madison Ave & E 82 St,7188,40.752165280621966,-73.97992193698882,40.7781314,-73.96069399,member
1809426,0D86F60E547584C6,classic_bike,2021-09-12 07:34:42,2021-09-12 07:48:52,Riverside Blvd & W 67 St,7183,Madison Ave & E 82 St,7188,40.777507027547976,-73.98888587951659,40.7781314,-73.96069399,member
1809432,831378D26005F6C1,electric_bike,2021-09-10 15:22:48,2021-09-10 15:52:39,Riverside Blvd & W 67 St,7183,Madison Ave & E 82 St,7188,40.777507027547976,-73.98888587951659,40.7781314,-73.96069399,casual
1809471,B2E6BE8C44C906CA,electric_bike,2021-09-23 13:16:03,2021-09-23 13:49:48,Adam Clayton Powell Blvd & W 132 St,7814,Madison Ave & E 82 St,7188,40.813539,-73.94521,40.7781314,-73.96069399,member
1809483,5B3FFC548EE39A22,classic_bike,2021-09-16 07:18:05,2021-09-16 07:24:34,E 67 St & Park Ave,6932,Madison Ave & E 82 St,7188,40.76780080148132,-73.96592080593109,40.7781314,-73.96069399,casual
1809515,DA20F49779076773,electric_bike,2021-09-27 14:04:52,2021-09-27 14:27:31,Madison Ave & E 26 St,6131,Madison Ave & E 82 St,7188,40.742684734875695,-73.98671329021454,40.7781314,-73.96069399,member
1809516,1D68E67401E5FF4D,classic_bike,2021-09-08 16:37:37,2021-09-08 16:48:58,E 58 St & 1 Ave (NE Corner),6682,Madison Ave & E 82 St,7188,40.75892386377695,-73.96226227283478,40.7781314,-73.96069399,member
1809532,6E862CF4D0167ED5,classic_bike,2021-09-07 13:36:33,2021-09-07 14:08:17,W 35 St & 9 Ave,6569,Madison Ave & E 82 St,7188,40.75414519263519,-73.9960889518261,40.7781314,-73.96069399,member
1809541,FB59C95621CC97F0,classic_bike,2021-09-16 01:25:36,2021-09-16 01:54:23,9 Ave & W 22 St,6266,Madison Ave & E 82 St,7188,40.7454973,-74.00197139,40.7781314,-73.96069399,member
1809542,ED5BEAB25D3C2001,electric_bike,2021-09-12 23:31:21,2021-09-12 23:46:46,W 35 St & 9 Ave,6569,Madison Ave & E 82 St,7188,40.75414519263519,-73.9960889518261,40.7781314,-73.96069399,casual
1809563,5AE0582D0ACA232F,classic_bike,2021-09-13 11:41:41,2021-09-13 11:55:51,Adam Clayton Powell Blvd & W 123 St,7704,Madison Ave & E 82 St,7188,40.8078316,-73.949373,40.7781314,-73.96069399,member
1809580,C2504C6B163AAFE0,electric_bike,2021-09-18 10:03:26,2021-09-18 10:15:52,E 67 St & Park Ave,6932,Madison Ave & E 82 St,7188,40.76780080148132,-73.96592080593109,40.7781314,-73.96069399,casual
1809589,EB1AEE1276BE08B9,classic_bike,2021-09-11 16:28:08,2021-09-11 16:58:35,E 67 St & Park Ave,6932,Madison Ave & E 82 St,7188,40.76780080148132,-73.96592080593109,40.7781314,-73.96069399,casual
1809599,A63940F1C0F4024E,electric_bike,2021-09-19 10:22:44,2021-09-19 10:48:55,Grand Army Plaza & Central Park S,6839,Madison Ave & E 82 St,7188,40.7643971,-73.97371465,40.7781314,-73.96069399,casual
1809603,029D3143137619B3,classic_bike,2021-09-06 13:03:54,2021-09-06 13:26:48,Grand Army Plaza & Central Park S,6839,Madison Ave & E 82 St,7188,40.7643971,-73.97371465,40.7781314,-73.96069399,casual
1809641,595FEC4F698FD2B0,classic_bike,2021-09-19 11:19:49,2021-09-19 12:14:37,W 45 St & 8 Ave,6676,Madison Ave & E 82 St,7188,40.75929124,-73.98859651,40.7781314,-73.96069399,casual
1809654,CD3CEECF414584C3,classic_bike,2021-09-22 13:40:54,2021-09-22 13:47:40,E 84 St & 1 Ave,7180,Madison Ave & E 82 St,7188,40.77565541,-73.95068615,40.7781314,-73.96069399,member
1809687,CFC1373AA7B4242B,classic_bike,2021-09-19 17:41:20,2021-09-19 17:54:36,Grand Army Plaza & Central Park S,6839,Madison Ave & E 82 St,7188,40.7643971,-73.97371465,40.7781314,-73.96069399,member
1809692,E607A2EB0741331E,classic_bike,2021-09-22 11:29:47,2021-09-22 11:42:53,Grand Army Plaza & Central Park S,6839,Madison Ave & E 82 St,7188,40.7643971,-73.97371465,40.7781314,-73.96069399,casual
1809693,F20BC058292AD352,classic_bike,2021-09-05 13:38:52,2021-09-05 14:15:55,Grand Army Plaza & Central Park S,6839,Madison Ave & E 82 St,7188,40.7643971,-73.97371465,40.7781314,-73.96069399,casual
1809695,BCE2D152BF75DF1F,classic_bike,2021-09-15 08:07:30,2021-09-15 08:22:27,E 53 St & Lexington Ave,6617,Madison Ave & E 82 St,7188,40.75828065,-73.97069431,40.7781314,-73.96069399,member
1809701,35C01A4423274896,classic_bike,2021-09-23 14:17:31,2021-09-23 14:53:00,31 Ave & Crescent St,6893,Madison Ave & E 82 St,7188,40.7658346,-73.9265474,40.7781314,-73.96069399,casual
1809719,8FE34B7F4E079F6E,classic_bike,2021-09-05 18:50:52,2021-09-05 18:55:57,E 84 St & 1 Ave,7180,Madison Ave & E 82 St,7188,40.77565541,-73.95068615,40.7781314,-73.96069399,member
1809730,B4EB34F0753EC0A8,classic_bike,2021-09-11 13:22:23,2021-09-11 14:03:27,W 4 St & 7 Ave S,5880,Madison Ave & E 82 St,7188,40.73401143,-74.00293877,40.7781314,-73.96069399,casual
1809733,D7A929BEC9EA378E,classic_bike,2021-09-10 17:54:24,2021-09-10 18:06:56,3 Ave & E 62 St,6762,Madison Ave & E 82 St,7188,40.76312584,-73.96526895,40.7781314,-73.96069399,member
1809740,B76B8F0AD5B939E3,electric_bike,2021-09-18 13:39:50,2021-09-18 13:59:48,W 45 St & 8 Ave,6676,Madison Ave & E 82 St,7188,40.75929124,-73.98859651,40.7781314,-73.96069399,member
1809768,61DCB5BD7B4E83F2,classic_bike,2021-09-09 13:34:27,2021-09-09 13:43:23,E 84 St & 1 Ave,7180,Madison Ave & E 82 St,7188,40.77565541,-73.95068615,40.7781314,-73.96069399,casual
1809793,B7BB3DCF74019444,classic_bike,2021-09-22 09:00:32,2021-09-22 09:14:59,E 84 St & 1 Ave,7180,Madison Ave & E 82 St,7188,40.77565541,-73.95068615,40.7781314,-73.96069399,member
1809807,F628554115F1FC36,electric_bike,2021-09-11 13:20:47,2021-09-11 13:28:37,E 84 St & 1 Ave,7180,Madison Ave & E 82 St,7188,40.77565541,-73.95068615,40.7781314,-73.96069399,member
1809821,4F8699539A3D24A0,electric_bike,2021-09-27 09:09:15,2021-09-27 09:24:24,W 45 St & 8 Ave,6676,Madison Ave & E 82 St,7188,40.75929124,-73.98859651,40.7781314,-73.96069399,casual
1809849,3DBD5B3207A0B9DC,docked_bike,2021-09-04 15:18:24,2021-09-04 15:54:37,W 46 St & 11 Ave,6795,Madison Ave & E 82 St,7188,40.763414,-73.996674,40.778131,-73.960694,casual
1809852,1149F5BAD4A7184F,classic_bike,2021-09-28 08:08:59,2021-09-28 09:16:11,5 Ave & E 93 St,7372,Madison Ave & E 82 St,7188,40.7857851,-73.957481,40.7781314,-73.96069399,member
1809869,8C0792B2C2E28F67,classic_bike,2021-09-29 18:37:09,2021-09-29 18:44:01,E 84 St & 1 Ave,7180,Madison Ave & E 82 St,7188,40.77565541,-73.95068615,40.7781314,-73.96069399,member
1809876,678949D61FC01D4A,classic_bike,2021-09-30 11:30:54,2021-09-30 11:39:15,E 84 St & 1 Ave,7180,Madison Ave & E 82 St,7188,40.77565541,-73.95068615,40.7781314,-73.96069399,member
1809897,E9E7100CE44F883B,classic_bike,2021-09-11 18:20:56,2021-09-11 19:03:19,E 84 St & 1 Ave,7180,Madison Ave & E 82 St,7188,40.77565541,-73.95068615,40.7781314,-73.96069399,member
1809960,B23BA60E89659726,electric_bike,2021-09-06 12:43:59,2021-09-06 13:26:56,W 4 St & 7 Ave S,5880,Madison Ave & E 82 St,7188,40.73401143,-74.00293877,40.7781314,-73.96069399,casual
1809968,3E9E2360D41E42FF,classic_bike,2021-09-24 19:43:05,2021-09-24 19:51:42,E 67 St & Park Ave,6932,Madison Ave & E 82 St,7188,40.76780080148132,-73.96592080593109,40.7781314,-73.96069399,member
1809975,5E6EA10E0E08705D,electric_bike,2021-09-11 09:50:13,2021-09-11 10:14:12,W 15 St & 7 Ave,6030,Madison Ave & E 82 St,7188,40.73935542,-73.99931783,40.7781314,-73.96069399,member
1809979,BCFF33E4FB3B781C,electric_bike,2021-09-06 22:46:44,2021-09-06 23:02:53,Adam Clayton Powell Blvd & W 132 St,7814,Madison Ave & E 82 St,7188,40.813539,-73.94521,40.7781314,-73.96069399,casual
1810137,E9BFF4D21C44D5C0,classic_bike,2021-09-19 13:13:38,2021-09-19 13:39:52,9 Ave & W 22 St,6266,Madison Ave & E 82 St,7188,40.7454973,-74.00197139,40.7781314,-73.96069399,member
1810147,D1FCCBEF8A429313,electric_bike,2021-09-27 11:19:23,2021-09-27 11:37:32,Adam Clayton Powell Blvd & W 132 St,7814,Madison Ave & E 82 St,7188,40.813539,-73.94521,40.7781314,-73.96069399,member
1810201,CD386BD7E03E972A,electric_bike,2021-09-23 20:10:19,2021-09-23 20:24:31,Broadway & W 56 St,6847,Madison Ave & E 82 St,7188,40.7652654,-73.98192338,40.7781314,-73.96069399,member
1810270,95E574548E4F69B6,electric_bike,2021-09-24 08:34:26,2021-09-24 08:53:35,W 18 St & 6 Ave,6064,Madison Ave & E 82 St,7188,40.73971301,-73.99456405,40.7781314,-73.96069399,member
1810283,4B7AD63A3BAA91EF,classic_bike,2021-09-17 09:37:51,2021-09-17 09:56:44,Broadway & W 56 St,6847,Madison Ave & E 82 St,7188,40.7652654,-73.98192338,40.7781314,-73.96069399,member
1810301,654EFEB5BC08B448,electric_bike,2021-09-17 13:13:14,2021-09-17 13:28:42,8 Ave & W 52 St,6816,Madison Ave & E 82 St,7188,40.76370739,-73.9851615,40.7781314,-73.96069399,member
1810362,6F0041FB1A721B81,classic_bike,2021-09-15 13:04:48,2021-09-15 13:19:29,8 Ave & W 52 St,6816,Madison Ave & E 82 St,7188,40.76370739,-73.9851615,40.7781314,-73.96069399,member
1810388,51520513C1641EB8,electric_bike,2021-09-27 14:21:59,2021-09-27 14:42:21,8 Ave & W 52 St,6816,Madison Ave & E 82 St,7188,40.76370739,-73.9851615,40.7781314,-73.96069399,member
1810405,1B6C5A8426A7C19A,electric_bike,2021-09-24 11:37:26,2021-09-24 12:13:26,Broadway & W 56 St,6847,Madison Ave & E 82 St,7188,40.7652654,-73.98192338,40.7781314,-73.96069399,casual
1810415,0AA068352B5EE642,electric_bike,2021-09-18 09:09:44,2021-09-18 10:19:19,Franklin St & W Broadway,5430,Madison Ave & E 82 St,7188,40.71911552,-74.00666661,40.7781314,-73.96069399,casual
1810427,E26C38511ECA465C,classic_bike,2021-09-12 07:12:52,2021-09-12 07:30:02,8 Ave & W 52 St,6816,Madison Ave & E 82 St,7188,40.76370739,-73.9851615,40.7781314,-73.96069399,member
1810538,78BD95BA54DC51DC,classic_bike,2021-09-07 07:17:31,2021-09-07 07:23:52,E 67 St & Park Ave,6932,Madison Ave & E 82 St,7188,40.76780080148132,-73.96592080593109,40.7781314,-73.96069399,casual
1810539,56D288C6BE369142,classic_bike,2021-09-11 14:27:21,2021-09-11 14:59:42,E 67 St & Park Ave,6932,Madison Ave & E 82 St,7188,40.76780080148132,-73.96592080593109,40.7781314,-73.96069399,casual
1810558,1F8229966CBF608B,classic_bike,2021-09-29 10:18:14,2021-09-29 10:36:00,W 42 St & 6 Ave,6517,Madison Ave & E 82 St,7188,40.75492,-73.98455,40.7781314,-73.96069399,member
1810585,9F1D4EB162435247,classic_bike,2021-09-18 15:07:12,2021-09-18 15:18:45,E 41 St & Madison Ave,6474,Madison Ave & E 82 St,7188,40.752165280621966,-73.97992193698882,40.7781314,-73.96069399,member
1810607,390F9DD7763DED0F,classic_bike,2021-09-14 21:20:43,2021-09-14 21:38:14,W 42 St & 6 Ave,6517,Madison Ave & E 82 St,7188,40.75492,-73.98455,40.7781314,-73.96069399,member
1810657,5CBB2B628013C602,classic_bike,2021-09-18 12:47:29,2021-09-18 13:16:24,W 18 St & 6 Ave,6064,Madison Ave & E 82 St,7188,40.73971301,-73.99456405,40.7781314,-73.96069399,member
1810685,580413075365EFE3,classic_bike,2021-09-18 13:44:06,2021-09-18 13:59:48,8 Ave & W 52 St,6816,Madison Ave & E 82 St,7188,40.76370739,-73.9851615,40.7781314,-73.96069399,member
1810697,34A16EF8086298B3,classic_bike,2021-09-19 19:51:35,2021-09-19 20:19:22,24 St & 38 Ave,6581,Madison Ave & E 82 St,7188,40.756351,-73.936515,40.7781314,-73.96069399,casual
1810704,F319D1974F51AEDD,classic_bike,2021-09-15 16:48:01,2021-09-15 16:59:48,E 58 St & Madison Ave,6839,Madison Ave & E 82 St,7188,40.76302594280519,-73.97209525108337,40.7781314,-73.96069399,member
1810709,6BA169EDD26F5B01,classic_bike,2021-09-02 11:03:07,2021-09-02 11:18:35,E 58 St & Madison Ave,6839,Madison Ave & E 82 St,7188,40.76302594280519,-73.97209525108337,40.7781314,-73.96069399,casual
1810713,ADA5D52CA851D0C0,classic_bike,2021-09-02 11:02:49,2021-09-02 11:18:43,E 58 St & Madison Ave,6839,Madison Ave & E 82 St,7188,40.76302594280519,-73.97209525108337,40.7781314,-73.96069399,casual
1810739,442CCC857D50E366,classic_bike,2021-09-11 15:46:59,2021-09-11 15:56:30,E 89 St & York Ave,7204,Madison Ave & E 82 St,7188,40.7779453,-73.946041,40.7781314,-73.96069399,member
1810741,89D2668ADCB61694,classic_bike,2021-09-23 14:08:58,2021-09-23 14:22:12,W 55 St & 6 Ave,6809,Madison Ave & E 82 St,7188,40.763189,-73.978434,40.7781314,-73.96069399,casual
1810747,28598B8CCC5920E5,classic_bike,2021-09-04 14:45:07,2021-09-04 15:23:56,E 51 St & 2 Ave,6575,Madison Ave & E 82 St,7188,40.755293,-73.967641,40.7781314,-73.96069399,member
1810762,A25C70557A1814AC,electric_bike,2021-09-29 09:50:35,2021-09-29 10:01:42,W 55 St & 6 Ave,6809,Madison Ave & E 82 St,7188,40.763189,-73.978434,40.7781314,-73.96069399,member
1810764,88754AAD7AFD84F8,classic_bike,2021-09-26 14:52:28,2021-09-26 15:04:19,E 58 St & Madison Ave,6839,Madison Ave & E 82 St,7188,40.76302594280519,-73.97209525108337,40.7781314,-73.96069399,member
1810775,0BF1C17C8073EDE0,classic_bike,2021-09-07 14:19:34,2021-09-07 14:45:21,W 55 St & 6 Ave,6809,Madison Ave & E 82 St,7188,40.763189,-73.978434,40.7781314,-73.96069399,member
1810783,EA75EF4312890E39,classic_bike,2021-09-26 11:40:20,2021-09-26 11:50:24,E 89 St & York Ave,7204,Madison Ave & E 82 St,7188,40.7779453,-73.946041,40.7781314,-73.96069399,member
1810786,E4234FEA8E170FEC,classic_bike,2021-09-11 13:44:29,2021-09-11 14:07:43,E 58 St & Madison Ave,6839,Madison Ave & E 82 St,7188,40.76302594280519,-73.97209525108337,40.7781314,-73.96069399,casual
1810793,E4BE593652A1E5BE,classic_bike,2021-09-20 15:01:45,2021-09-20 16:04:14,E 58 St & Madison Ave,6839,Madison Ave & E 82 St,7188,40.76302594280519,-73.97209525108337,40.7781314,-73.96069399,casual
1810797,32A3B02C06DEA362,classic_bike,2021-09-19 15:06:52,2021-09-19 15:19:00,E 58 St & Madison Ave,6839,Madison Ave & E 82 St,7188,40.76302594280519,-73.97209525108337,40.7781314,-73.96069399,casual
1810819,22695812F57D1843,electric_bike,2021-09-18 13:57:19,2021-09-18 14:26:28,W 55 St & 6 Ave,6809,Madison Ave & E 82 St,7188,40.763189,-73.978434,40.7781314,-73.96069399,member
1810828,9DB5BA2EFB5FDF1C,classic_bike,2021-09-23 14:08:43,2021-09-23 14:22:11,W 55 St & 6 Ave,6809,Madison Ave & E 82 St,7188,40.763189,-73.978434,40.7781314,-73.96069399,casual
1810833,D1356F7859712C01,classic_bike,2021-09-18 15:22:44,2021-09-18 15:37:26,E 89 St & York Ave,7204,Madison Ave & E 82 St,7188,40.7779453,-73.946041,40.7781314,-73.96069399,member
1810843,5051ACE9AFD8C03E,classic_bike,2021-09-18 11:45:35,2021-09-18 11:57:24,E 89 St & York Ave,7204,Madison Ave & E 82 St,7188,40.7779453,-73.946041,40.7781314,-73.96069399,member
1810888,1C93BB8251D9D6F6,classic_bike,2021-09-11 17:00:49,2021-09-11 17:39:41,E 11 St & 3 Ave,5788,Madison Ave & E 82 St,7188,40.73127,-73.98849,40.7781314,-73.96069399,casual
1810906,5F1E34713A321D0B,classic_bike,2021-09-24 09:10:43,2021-09-24 09:39:15,St Nicholas Ave & W 150 St,8013,Madison Ave & E 82 St,7188,40.827212,-73.942722,40.7781314,-73.96069399,member
1810914,7DD004148395C3C4,classic_bike,2021-09-28 08:18:54,2021-09-28 08:29:09,W 90 St & Amsterdam Ave,7432,Madison Ave & E 82 St,7188,40.79017948095081,-73.97288918495178,40.7781314,-73.96069399,member
1810952,AFF74087ACB6E17B,electric_bike,2021-09-28 09:56:13,2021-09-28 10:06:44,W 55 St & 6 Ave,6809,Madison Ave & E 82 St,7188,40.763189,-73.978434,40.7781314,-73.96069399,member
1810956,F2218E71B682A0AA,classic_bike,2021-09-10 16:46:51,2021-09-10 16:56:18,W 55 St & 6 Ave,6809,Madison Ave & E 82 St,7188,40.763189,-73.978434,40.7781314,-73.96069399,member
1810959,E79DBFEAAC8E2ECB,classic_bike,2021-09-20 14:57:53,2021-09-20 16:03:57,E 58 St & Madison Ave,6839,Madison Ave & E 82 St,7188,40.76302594280519,-73.97209525108337,40.7781314,-73.96069399,casual
1810960,147EE39E821E02E1,electric_bike,2021-09-06 12:34:09,2021-09-06 12:50:03,W 55 St & 6 Ave,6809,Madison Ave & E 82 St,7188,40.763189,-73.978434,40.7781314,-73.96069399,casual
1810961,81E7E190CDEF4E43,classic_bike,2021-09-09 18:36:12,2021-09-09 18:44:47,E 58 St & Madison Ave,6839,Madison Ave & E 82 St,7188,40.76302594280519,-73.97209525108337,40.7781314,-73.96069399,member
1810962,2220EF9CC3AD6DA9,classic_bike,2021-09-11 13:45:38,2021-09-11 14:07:47,E 58 St & Madison Ave,6839,Madison Ave & E 82 St,7188,40.76302594280519,-73.97209525108337,40.7781314,-73.96069399,casual
1810966,E61357B6DE8E4CE0,classic_bike,2021-09-07 16:47:58,2021-09-07 17:13:37,W 55 St & 6 Ave,6809,Madison Ave & E 82 St,7188,40.763189,-73.978434,40.7781314,-73.96069399,casual
1810999,33EDEB9AE61635D8,classic_bike,2021-09-12 17:46:39,2021-09-12 17:54:00,5 Ave & E 63 St,6904,Madison Ave & E 82 St,7188,40.766368,-73.971518,40.7781314,-73.96069399,member
1811000,FFB0601306753734,classic_bike,2021-09-05 13:04:30,2021-09-05 13:37:29,5 Ave & E 63 St,6904,Madison Ave & E 82 St,7188,40.766368,-73.971518,40.7781314,-73.96069399,casual
1811001,58D762B645F513B2,classic_bike,2021-09-08 16:06:31,2021-09-08 16:38:49,5 Ave & E 63 St,6904,Madison Ave & E 82 St,7188,40.766368,-73.971518,40.7781314,-73.96069399,casual
1811009,46AB9DB7F8A2746E,classic_bike,2021-09-15 19:13:58,2021-09-15 19:20:44,5 Ave & E 63 St,6904,Madison Ave & E 82 St,7188,40.766368,-73.971518,40.7781314,-73.96069399,member
1811028,7BA4BAEE9217D0EB,classic_bike,2021-09-25 16:00:37,2021-09-25 16:09:28,E 82 St & East End Ave,7049,Madison Ave & E 82 St,7188,40.7724607,-73.9468208,40.7781314,-73.96069399,member
1811078,699C7F6DC3B24C7A,electric_bike,2021-09-13 12:43:22,2021-09-13 13:07:56,E 20 St & Park Ave,6055,Madison Ave & E 82 St,7188,40.73827428,-73.98751968,40.7781314,-73.96069399,member
1811157,D0C0079F8BEAD5F7,classic_bike,2021-09-04 15:03:46,2021-09-04 15:18:55,Lenox Ave & W 111 St,7602,Madison Ave & E 82 St,7188,40.7987859,-73.9523,40.7781314,-73.96069399,casual
1811170,FA7AD1C2E0A78E04,electric_bike,2021-09-12 13:26:26,2021-09-12 13:42:23,W 70 St & Amsterdam Ave,7207,Madison Ave & E 82 St,7188,40.77748046,-73.98288594,40.7781314,-73.96069399,casual
1811188,879A7FDCFAACC48D,electric_bike,2021-09-01 11:37:18,2021-09-01 11:54:24,6 Ave & W 33 St,6364,Madison Ave & E 82 St,7188,40.74901271,-73.98848395,40.7781314,-73.96069399,casual
1811223,CB7978C6C544AFF0,classic_bike,2021-09-04 16:30:49,2021-09-04 16:53:38,Lenox Ave & W 111 St,7602,Madison Ave & E 82 St,7188,40.7987859,-73.9523,40.7781314,-73.96069399,casual
1811239,034FB5A0CC0943F0,classic_bike,2021-09-13 15:08:03,2021-09-13 15:38:00,6 Ave & W 33 St,6364,Madison Ave & E 82 St,7188,40.74901271,-73.98848395,40.7781314,-73.96069399,casual
1811241,6220F8B5378F6BC3,classic_bike,2021-09-03 10:08:58,2021-09-03 10:24:53,W 70 St & Amsterdam Ave,7207,Madison Ave & E 82 St,7188,40.77748046,-73.98288594,40.7781314,-73.96069399,casual
1811246,32BB036164D210FE,classic_bike,2021-09-17 11:18:13,2021-09-17 11:51:13,Lenox Ave & W 111 St,7602,Madison Ave & E 82 St,7188,40.7987859,-73.9523,40.7781314,-73.96069399,casual
1811287,5141064B8F1336A1,classic_bike,2021-09-18 13:01:49,2021-09-18 13:31:59,E 20 St & Park Ave,6055,Madison Ave & E 82 St,7188,40.73827428,-73.98751968,40.7781314,-73.96069399,member
1811289,39F56EDF73EA6AEB,classic_bike,2021-09-12 14:55:42,2021-09-12 15:06:22,E 102 St & 1 Ave,7407,Madison Ave & E 82 St,7188,40.7869946,-73.94164802,40.7781314,-73.96069399,member
1811297,638BED32B11619B9,classic_bike,2021-09-21 15:22:52,2021-09-21 15:30:18,E 82 St & East End Ave,7049,Madison Ave & E 82 St,7188,40.7724607,-73.9468208,40.7781314,-73.96069399,member
1811304,E8CC5FBE6B33BD88,classic_bike,2021-09-04 15:22:27,2021-09-04 15:35:03,Lenox Ave & W 111 St,7602,Madison Ave & E 82 St,7188,40.7987859,-73.9523,40.7781314,-73.96069399,casual
1811340,F58BEF5B202CBCEA,electric_bike,2021-09-05 07:06:09,2021-09-05 07:10:15,E 82 St & East End Ave,7049,Madison Ave & E 82 St,7188,40.7724607,-73.9468208,40.7781314,-73.96069399,member
1811355,0CDF3DD58B699C7B,classic_bike,2021-09-11 15:01:23,2021-09-11 15:28:09,E 102 St & 1 Ave,7407,Madison Ave & E 82 St,7188,40.7869946,-73.94164802,40.7781314,-73.96069399,member
1811358,53A3C3927F3694AF,classic_bike,2021-09-18 20:49:36,2021-09-18 20:59:10,E 82 St & East End Ave,7049,Madison Ave & E 82 St,7188,40.7724607,-73.9468208,40.7781314,-73.96069399,casual
1811409,10B77D5DC9FC8E76,classic_bike,2021-09-20 08:09:21,2021-09-20 08:22:16,W 70 St & Amsterdam Ave,7207,Madison Ave & E 82 St,7188,40.77748046,-73.98288594,40.7781314,-73.96069399,member
1811440,CEDB851044EDDCCC,classic_bike,2021-09-11 08:58:25,2021-09-11 09:12:52,West End Ave & W 94 St,7524,Madison Ave & E 82 St,7188,40.7941654,-73.974124,40.7781314,-73.96069399,member
1811441,D29FB6B53F6B44BD,classic_bike,2021-09-22 18:55:54,2021-09-22 19:10:17,West End Ave & W 94 St,7524,Madison Ave & E 82 St,7188,40.7941654,-73.974124,40.7781314,-73.96069399,member
1811444,4033241715A00993,electric_bike,2021-09-12 11:28:01,2021-09-12 11:43:28,Madison Av & E 51 St,6659,Madison Ave & E 82 St,7188,40.75863,-73.97513,40.7781314,-73.96069399,member
1811487,5128FF0624F1A302,classic_bike,2021-09-16 09:45:35,2021-09-16 10:20:49,6 Ave & W 33 St,6364,Madison Ave & E 82 St,7188,40.74901271,-73.98848395,40.7781314,-73.96069399,casual
1811496,536752E7A5CB2166,classic_bike,2021-09-19 14:11:06,2021-09-19 14:18:04,1 Ave & E 94 St,7286,Madison Ave & E 82 St,7188,40.7817212,-73.94594,40.7781314,-73.96069399,member
1811513,7451C6795242D743,classic_bike,2021-09-12 06:32:37,2021-09-12 06:50:07,6 Ave & W 33 St,6364,Madison Ave & E 82 St,7188,40.74901271,-73.98848395,40.7781314,-73.96069399,member
1811524,2B0B75D474B06495,classic_bike,2021-09-21 10:45:14,2021-09-21 11:05:33,E 102 St & 1 Ave,7407,Madison Ave & E 82 St,7188,40.7869946,-73.94164802,40.7781314,-73.96069399,member
1811527,E6C4DC7D7FF8BA2D,classic_bike,2021-09-17 11:47:43,2021-09-17 11:54:39,E 82 St & East End Ave,7049,Madison Ave & E 82 St,7188,40.7724607,-73.9468208,40.7781314,-73.96069399,member
1811538,578E3CC76BA12534,electric_bike,2021-09-21 09:28:18,2021-09-21 09:45:52,6 Ave & W 33 St,6364,Madison Ave & E 82 St,7188,40.74901271,-73.98848395,40.7781314,-73.96069399,member
1811541,0F44675891E3D282,electric_bike,2021-09-26 13:20:15,2021-09-26 13:32:35,Lenox Ave & W 111 St,7602,Madison Ave & E 82 St,7188,40.7987859,-73.9523,40.7781314,-73.96069399,member
1811549,06C891ED8438AC07,classic_bike,2021-09-18 14:40:26,2021-09-18 14:47:20,E 75 St & 3 Ave,6991,Madison Ave & E 82 St,7188,40.77112927,-73.95772297,40.7781314,-73.96069399,member
1811568,1C93FDD4E46471D0,classic_bike,2021-09-04 15:03:59,2021-09-04 15:18:59,Lenox Ave & W 111 St,7602,Madison Ave & E 82 St,7188,40.7987859,-73.9523,40.7781314,-73.96069399,casual
1811583,5A2938E082B97828,classic_bike,2021-09-03 11:59:56,2021-09-03 12:06:38,E 82 St & East End Ave,7049,Madison Ave & E 82 St,7188,40.7724607,-73.9468208,40.7781314,-73.96069399,member
1811630,068296F07ADC674D,classic_bike,2021-09-27 09:57:51,2021-09-27 10:10:47,E 82 St & East End Ave,7049,Madison Ave & E 82 St,7188,40.7724607,-73.9468208,40.7781314,-73.96069399,member
1811633,5868DF1124312541,classic_bike,2021-09-19 18:17:05,2021-09-19 18:24:22,E 82 St & East End Ave,7049,Madison Ave & E 82 St,7188,40.7724607,-73.9468208,40.7781314,-73.96069399,member
1811640,F4136669CF543BD6,classic_bike,2021-09-13 16:57:49,2021-09-13 17:09:59,E 82 St & East End Ave,7049,Madison Ave & E 82 St,7188,40.7724607,-73.9468208,40.7781314,-73.96069399,member
1811648,3E23AE6A67366B4F,classic_bike,2021-09-17 08:04:07,2021-09-17 08:15:11,E 82 St & East End Ave,7049,Madison Ave & E 82 St,7188,40.7724607,-73.9468208,40.7781314,-73.96069399,member
1811655,FCFBF6F3B82DBC94,classic_bike,2021-09-06 09:08:17,2021-09-06 09:17:05,E 75 St & 3 Ave,6991,Madison Ave & E 82 St,7188,40.77112927,-73.95772297,40.7781314,-73.96069399,member
1811686,1F9931BCE4DB1918,classic_bike,2021-09-21 10:25:40,2021-09-21 10:43:05,3 Ave & E 62 St,6762,Madison Ave & E 82 St,7188,40.76312584,-73.96526895,40.7781314,-73.96069399,member
1811689,50F8E5AB156D2837,electric_bike,2021-09-12 10:29:21,2021-09-12 10:42:30,E 118 St & Park Ave,7625,Madison Ave & E 82 St,7188,40.8005385,-73.9419949,40.7781314,-73.96069399,casual
1811690,0E4A77DAF2493787,electric_bike,2021-09-22 10:25:59,2021-09-22 10:34:47,3 Ave & E 62 St,6762,Madison Ave & E 82 St,7188,40.76312584,-73.96526895,40.7781314,-73.96069399,casual
1811697,CE3F060395BC24FD,classic_bike,2021-09-28 18:22:50,2021-09-28 18:48:58,W 34 St & 11 Ave,6578,Madison Ave & E 82 St,7188,40.75594159,-74.0021163,40.7781314,-73.96069399,member
1811713,93B7A3897E0FB292,classic_bike,2021-09-22 18:21:29,2021-09-22 18:54:20,E 68 St & 3 Ave,6896,Madison Ave & E 82 St,7188,40.76712840349542,-73.96224617958069,40.7781314,-73.96069399,member
1811717,9FBAA216C0BE926B,classic_bike,2021-09-30 14:25:40,2021-09-30 14:31:20,E 68 St & 3 Ave,6896,Madison Ave & E 82 St,7188,40.76712840349542,-73.96224617958069,40.7781314,-73.96069399,member
1811725,2868C2D463AB0E4C,classic_bike,2021-09-13 17:25:40,2021-09-13 17:45:58,W 70 St & Amsterdam Ave,7207,Madison Ave & E 82 St,7188,40.77748046,-73.98288594,40.7781314,-73.96069399,member
1811762,8C67A208DDB1B112,classic_bike,2021-09-21 07:59:02,2021-09-21 08:09:09,E 82 St & East End Ave,7049,Madison Ave & E 82 St,7188,40.7724607,-73.9468208,40.7781314,-73.96069399,member
1811767,CCDC7868DC7A81E6,classic_bike,2021-09-25 09:23:48,2021-09-25 10:03:49,6 Ave & W 33 St,6364,Madison Ave & E 82 St,7188,40.74901271,-73.98848395,40.7781314,-73.96069399,casual
1811770,AF740E94376FEE0F,classic_bike,2021-09-20 15:16:34,2021-09-20 15:56:20,6 Ave & W 33 St,6364,Madison Ave & E 82 St,7188,40.74901271,-73.98848395,40.7781314,-73.96069399,casual
1811823,72B48040FB6D0CFE,classic_bike,2021-09-17 12:31:17,2021-09-17 12:41:12,E 72 St & York Ave,6889,Madison Ave & E 82 St,7188,40.76663814,-73.95348296,40.7781314,-73.96069399,member
1811837,9D6D851F9023F41F,classic_bike,2021-09-03 15:15:25,2021-09-03 15:24:20,E 72 St & York Ave,6889,Madison Ave & E 82 St,7188,40.76663814,-73.95348296,40.7781314,-73.96069399,member
1811854,0BC0AE153B2B62D4,classic_bike,2021-09-19 11:40:24,2021-09-19 11:50:30,E 72 St & York Ave,6889,Madison Ave & E 82 St,7188,40.76663814,-73.95348296,40.7781314,-73.96069399,member
1811860,9049F323204BACF1,classic_bike,2021-09-15 16:58:04,2021-09-15 17:10:29,E 41 St & Madison Ave,6474,Madison Ave & E 82 St,7188,40.752165280621966,-73.97992193698882,40.7781314,-73.96069399,member
1811886,F7684172BB22485B,classic_bike,2021-09-25 16:53:34,2021-09-25 17:19:17,5 Ave & E 93 St,7372,Madison Ave & E 82 St,7188,40.7857851,-73.957481,40.7781314,-73.96069399,casual
1811921,36A71E649AB5E1B3,electric_bike,2021-09-23 17:47:38,2021-09-23 18:00:15,W 55 St & 6 Ave,6809,Madison Ave & E 82 St,7188,40.763189,-73.978434,40.7781314,-73.96069399,member
1811922,1CCFDF254D53E4F0,classic_bike,2021-09-06 15:33:56,2021-09-06 15:45:30,W 55 St & 6 Ave,6809,Madison Ave & E 82 St,7188,40.763189,-73.978434,40.7781314,-73.96069399,member
1811970,2B7F422CC94CD899,electric_bike,2021-09-21 15:27:44,2021-09-21 15:42:35,3 Ave & E 62 St,6762,Madison Ave & E 82 St,7188,40.76312584,-73.96526895,40.7781314,-73.96069399,casual
1812020,6C174B0DFEB706D6,classic_bike,2021-09-13 16:16:39,2021-09-13 16:33:50,Lexington Ave & E 36 St,6313,Madison Ave & E 82 St,7188,40.7475739589548,-73.9788007736206,40.7781314,-73.96069399,member
1812022,908CF7D29FA645C7,classic_bike,2021-09-24 11:56:13,2021-09-24 12:14:56,Central Park North & Adam Clayton Powell Blvd,7617,Madison Ave & E 82 St,7188,40.799484,-73.955613,40.7781314,-73.96069399,casual
1812072,EF8997384C46DA5A,classic_bike,2021-09-19 13:15:13,2021-09-19 13:59:56,Frederick Douglass Blvd & W 112 St,7631,Madison Ave & E 82 St,7188,40.801694,-73.957145,40.7781314,-73.96069399,casual
1812164,19B2C0ECBDC85EA9,classic_bike,2021-09-01 16:07:16,2021-09-01 16:22:10,E 60 St & York Ave,6682,Madison Ave & E 82 St,7188,40.759107,-73.959223,40.7781314,-73.96069399,casual
1812231,83431A73A74D1982,classic_bike,2021-09-13 18:08:50,2021-09-13 18:43:27,Broadway & Moylan Pl,7823,Madison Ave & E 82 St,7188,40.8143256,-73.9590255,40.7781314,-73.96069399,member
1812348,B319108451FE63FC,classic_bike,2021-09-18 14:05:47,2021-09-18 14:06:30,Madison Ave & E 82 St,7188,Madison Ave & E 82 St,7188,40.7781314,-73.96069399,40.7781314,-73.96069399,member
1812374,1CF8E4A73223CE93,classic_bike,2021-09-02 10:47:35,2021-09-02 11:53:34,Madison Ave & E 82 St,7188,Madison Ave & E 82 St,7188,40.7781314,-73.96069399,40.7781314,-73.96069399,casual
1812381,991C3087B72A0CBB,classic_bike,2021-09-27 12:15:21,2021-09-27 12:40:04,W 107 St & Columbus Ave,7619,Madison Ave & E 82 St,7188,40.7997568,-73.9621128676,40.7781314,-73.96069399,casual
1812405,CA675EAC13BBE900,classic_bike,2021-09-11 17:56:56,2021-09-11 18:19:11,E 67 St & Park Ave,6932,Madison Ave & E 82 St,7188,40.76780080148132,-73.96592080593109,40.7781314,-73.96069399,member
1812439,57EA5163E9D07063,classic_bike,2021-09-06 15:32:22,2021-09-06 16:26:32,Madison Ave & E 82 St,7188,Madison Ave & E 82 St,7188,40.7781314,-73.96069399,40.7781314,-73.96069399,member
1812446,320A9A11B70FB3D4,classic_bike,2021-09-04 14:58:24,2021-09-04 15:14:22,Madison Ave & E 82 St,7188,Central Park West & W 68 St,7079,40.7781314,-73.96069399,40.7734066,-73.97782542,member
1812471,E7522421AA658025,electric_bike,2021-09-26 13:47:34,2021-09-26 14:06:11,Madison Ave & E 82 St,7188,Madison Ave & E 82 St,7188,40.7781314,-73.96069399,40.7781314,-73.96069399,casual
1812484,7F3A48B8E7B18495,electric_bike,2021-09-29 14:43:16,2021-09-29 14:56:45,W 107 St & Columbus Ave,7619,Madison Ave & E 82 St,7188,40.7997568,-73.9621128676,40.7781314,-73.96069399,casual
1812488,4518D937D933F9F1,classic_bike,2021-09-11 13:44:35,2021-09-11 13:46:46,Madison Ave & E 82 St,7188,Madison Ave & E 82 St,7188,40.7781314,-73.96069399,40.7781314,-73.96069399,casual
1812502,3BC99148F93017E6,classic_bike,2021-09-25 18:21:54,2021-09-25 18:53:27,Madison Ave & E 82 St,7188,E 32 St & Park Ave,6280,40.7781314,-73.96069399,40.7457121,-73.98194829,casual
1812515,92C0399BDF3165D3,classic_bike,2021-09-30 16:55:57,2021-09-30 17:19:23,E 32 St & Park Ave,6280,Madison Ave & E 82 St,7188,40.7457121,-73.98194829,40.7781314,-73.96069399,casual
1812517,B19164E3CB4E84E2,classic_bike,2021-09-15 14:44:40,2021-09-15 14:58:27,Madison Ave & E 82 St,7188,W 107 St & Columbus Ave,7619,40.7781314,-73.96069399,40.7997568,-73.9621128676,member
1812527,06351B30B4A6AA9E,classic_bike,2021-09-18 11:46:03,2021-09-18 12:05:51,Madison Ave & E 82 St,7188,W 67 St & Broadway,7116,40.7781314,-73.96069399,40.77492513,-73.98266566,member
1812548,39A19E50B36BDBDD,classic_bike,2021-09-25 19:18:51,2021-09-25 19:19:39,Madison Ave & E 82 St,7188,Madison Ave & E 82 St,7188,40.7781314,-73.96069399,40.7781314,-73.96069399,member
1812579,5DB12733078FA539,classic_bike,2021-09-03 11:21:24,2021-09-03 11:21:34,Madison Ave & E 82 St,7188,Madison Ave & E 82 St,7188,40.7781314,-73.96069399,40.7781314,-73.96069399,member
1812595,078EF922AFA60417,classic_bike,2021-09-09 19:14:43,2021-09-09 19:45:20,W 107 St & Columbus Ave,7619,Madison Ave & E 82 St,7188,40.7997568,-73.9621128676,40.7781314,-73.96069399,casual
1812611,DED0A380B96FE0BF,electric_bike,2021-09-14 12:46:00,2021-09-14 12:46:03,Madison Ave & E 82 St,7188,Madison Ave & E 82 St,7188,40.7781314,-73.96069399,40.7781314,-73.96069399,casual
1812631,32FEF6EC5ABD9D57,classic_bike,2021-09-21 14:25:50,2021-09-21 14:41:03,Madison Ave & E 82 St,7188,W 53 St & 10 Ave,6890,40.7781314,-73.96069399,40.76669671,-73.99061728,member
1812653,CDEA4572BF0518E2,classic_bike,2021-09-06 13:10:38,2021-09-06 13:10:49,Madison Ave & E 82 St,7188,Madison Ave & E 82 St,7188,40.7781314,-73.96069399,40.7781314,-73.96069399,member
1812672,188C1351938028FA,electric_bike,2021-09-26 11:33:02,2021-09-26 12:00:14,MacDougal St & Prince St,5687,Madison Ave & E 82 St,7188,40.72710258,-74.00297088,40.7781314,-73.96069399,member
1812678,C4C94ECFBAEE7F10,electric_bike,2021-09-05 12:47:43,2021-09-05 12:48:07,Madison Ave & E 82 St,7188,Madison Ave & E 82 St,7188,40.7781314,-73.96069399,40.7781314,-73.96069399,member
1812693,F3893336FD99236D,electric_bike,2021-09-05 07:10:45,2021-09-05 07:21:10,Madison Ave & E 82 St,7188,W 53 St & 10 Ave,6890,40.7781314,-73.96069399,40.76669671,-73.99061728,member
1812694,DBAB53391A98098A,classic_bike,2021-09-05 11:08:17,2021-09-05 11:25:51,W 53 St & 10 Ave,6890,Madison Ave & E 82 St,7188,40.76669671,-73.99061728,40.7781314,-73.96069399,member
1812699,C3FEE5FB150DBC15,classic_bike,2021-09-11 16:40:05,2021-09-11 16:49:43,Madison Ave & E 82 St,7188,Central Park West & W 68 St,7079,40.7781314,-73.96069399,40.7734066,-73.97782542,member
1812710,110F367D8D8A6BC8,electric_bike,2021-09-21 17:48:18,2021-09-21 17:48:38,Madison Ave & E 82 St,7188,Madison Ave & E 82 St,7188,40.7781314,-73.96069399,40.7781314,-73.96069399,member
1812713,B40019BC4CE602DF,classic_bike,2021-09-24 18:10:45,2021-09-24 18:15:45,Madison Ave & E 82 St,7188,Madison Ave & E 82 St,7188,40.7781314,-73.96069399,40.7781314,-73.96069399,member
1812718,231671CA579479F8,electric_bike,2021-09-02 11:42:36,2021-09-02 11:59:00,Madison Ave & E 82 St,7188,E 32 St & Park Ave,6280,40.7781314,-73.96069399,40.7457121,-73.98194829,member
1812719,C03D21CEC5A7040E,classic_bike,2021-09-02 16:50:44,2021-09-02 17:08:03,E 32 St & Park Ave,6280,Madison Ave & E 82 St,7188,40.7457121,-73.98194829,40.7781314,-73.96069399,member
1812768,4AF36F26D37EBC4E,classic_bike,2021-09-26 16:07:44,2021-09-26 17:02:54,Madison Ave & E 82 St,7188,Central Park West & W 68 St,7079,40.7781314,-73.96069399,40.7734066,-73.97782542,casual
1812770,2F95F0F9FB37C6D5,classic_bike,2021-09-15 19:58:17,2021-09-15 20:15:56,Madison Ave & E 82 St,7188,W 107 St & Columbus Ave,7619,40.7781314,-73.96069399,40.7997568,-73.9621128676,casual
1812771,9F45A458F523C63D,classic_bike,2021-09-11 13:41:53,2021-09-11 14:25:28,Madison Ave & E 82 St,7188,Madison Ave & E 82 St,7188,40.7781314,-73.96069399,40.7781314,-73.96069399,casual
1812774,30CA5E452EB61A72,electric_bike,2021-09-19 11:16:21,2021-09-19 11:16:42,Madison Ave & E 82 St,7188,Madison Ave & E 82 St,7188,40.7781314,-73.96069399,40.7781314,-73.96069399,casual
1812776,5FC52ED80D618959,classic_bike,2021-09-27 13:21:46,2021-09-27 13:22:15,Madison Ave & E 82 St,7188,Madison Ave & E 82 St,7188,40.7781314,-73.96069399,40.7781314,-73.96069399,casual
1812777,2002841CAC5C51A3,classic_bike,2021-09-27 14:47:49,2021-09-27 14:52:35,Madison Ave & E 82 St,7188,Madison Ave & E 82 St,7188,40.7781314,-73.96069399,40.7781314,-73.96069399,casual
1812782,45F4C36FB14267FF,classic_bike,2021-09-18 14:16:45,2021-09-18 15:08:21,Central Park West & W 68 St,7079,Madison Ave & E 82 St,7188,40.7734066,-73.97782542,40.7781314,-73.96069399,casual
1812784,DB31B3315F8B696B,classic_bike,2021-09-25 17:36:24,2021-09-25 17:37:09,Madison Ave & E 82 St,7188,Madison Ave & E 82 St,7188,40.7781314,-73.96069399,40.7781314,-73.96069399,casual
1812831,AF662F64310DC6C1,classic_bike,2021-09-25 11:35:58,2021-09-25 11:57:10,W 53 St & 10 Ave,6890,Madison Ave & E 82 St,7188,40.76669671,-73.99061728,40.7781314,-73.96069399,casual
1812835,13237AF7E4A76D50,classic_bike,2021-09-18 16:14:10,2021-09-18 16:16:04,Madison Ave & E 82 St,7188,Madison Ave & E 82 St,7188,40.7781314,-73.96069399,40.7781314,-73.96069399,casual
1812838,A55B514EF53DFBC6,electric_bike,2021-09-18 10:12:05,2021-09-18 10:35:28,Madison Ave & E 82 St,7188,W 67 St & Broadway,7116,40.7781314,-73.96069399,40.77492513,-73.98266566,casual
1812842,5B5F6F54DAD2A488,electric_bike,2021-09-27 09:40:34,2021-09-27 09:50:10,Madison Ave & E 82 St,7188,Madison Ave & E 82 St,7188,40.7781314,-73.96069399,40.7781314,-73.96069399,casual
1812858,B669C21B6BCBE924,classic_bike,2021-09-20 17:29:46,2021-09-20 17:31:15,Madison Ave & E 82 St,7188,Madison Ave & E 82 St,7188,40.7781314,-73.96069399,40.7781314,-73.96069399,member
1812861,FC789089DCA5166C,classic_bike,2021-09-12 02:28:16,2021-09-12 02:38:31,Madison Ave & E 82 St,7188,Central Park West & W 68 St,7079,40.7781314,-73.96069399,40.7734066,-73.97782542,member
1812914,DE96424857FCEFBC,electric_bike,2021-09-20 14:33:49,2021-09-20 14:47:12,W 67 St & Broadway,7116,Madison Ave & E 82 St,7188,40.77492513,-73.98266566,40.7781314,-73.96069399,member
1812933,207D3AD88E662725,docked_bike,2021-09-06 11:55:02,2021-09-06 13:00:51,Madison Ave & E 82 St,7188,Madison Ave & E 82 St,7188,40.778131,-73.960694,40.778131,-73.960694,casual
1812950,0AFC556A3332D464,docked_bike,2021-09-06 15:56:55,2021-09-06 16:03:00,Madison Ave & E 82 St,7188,Madison Ave & E 82 St,7188,40.778131,-73.960694,40.778131,-73.960694,casual
1812983,6BEE56D8F53D6F74,classic_bike,2021-09-07 11:36:53,2021-09-07 11:58:01,Madison Ave & E 82 St,7188,Madison Ave & E 82 St,7188,40.7781314,-73.96069399,40.7781314,-73.96069399,member
1813003,EA4A846DE0B88243,classic_bike,2021-09-18 18:39:09,2021-09-18 18:50:18,Madison Ave & E 82 St,7188,Madison Ave & E 82 St,7188,40.7781314,-73.96069399,40.7781314,-73.96069399,casual
1813005,710F36B4A889D1A4,classic_bike,2021-09-19 14:55:04,2021-09-19 14:56:20,Madison Ave & E 82 St,7188,Madison Ave & E 82 St,7188,40.7781314,-73.96069399,40.7781314,-73.96069399,casual
1813010,3725F99DB2E5A34D,classic_bike,2021-09-27 13:24:37,2021-09-27 13:26:27,Madison Ave & E 82 St,7188,Madison Ave & E 82 St,7188,40.7781314,-73.96069399,40.7781314,-73.96069399,casual
1813014,A6BE96F48C7B34D0,classic_bike,2021-09-06 11:51:16,2021-09-06 13:00:48,Madison Ave & E 82 St,7188,Madison Ave & E 82 St,7188,40.7781314,-73.96069399,40.7781314,-73.96069399,casual
1813035,324D4B1DE92401F6,classic_bike,2021-09-12 15:28:29,2021-09-12 15:44:50,Central Park West & W 68 St,7079,Madison Ave & E 82 St,7188,40.7734066,-73.97782542,40.7781314,-73.96069399,casual
1813046,4B8729661745DA20,classic_bike,2021-09-13 13:56:46,2021-09-13 14:28:48,2 Ave & E 29 St,6122,Madison Ave & E 82 St,7188,40.74172351097472,-73.97809267044067,40.7781314,-73.96069399,member
1813092,9895F94582C620F1,classic_bike,2021-09-18 15:24:16,2021-09-18 16:02:56,Madison Ave & E 82 St,7188,Central Park West & W 68 St,7079,40.7781314,-73.96069399,40.7734066,-73.97782542,member
1813094,F537350DBEAB03A5,classic_bike,2021-09-29 12:39:57,2021-09-29 12:51:08,Central Park West & W 68 St,7079,Madison Ave & E 82 St,7188,40.7734066,-73.97782542,40.7781314,-73.96069399,member
1813095,D6B9A10F338EA05E,classic_bike,2021-09-01 09:41:19,2021-09-01 10:04:51,W 107 St & Columbus Ave,7619,Madison Ave & E 82 St,7188,40.7997568,-73.9621128676,40.7781314,-73.96069399,member
1813096,CE073E8C728E9E4D,classic_bike,2021-09-25 14:22:37,2021-09-25 14:25:05,Madison Ave & E 82 St,7188,Madison Ave & E 82 St,7188,40.7781314,-73.96069399,40.7781314,-73.96069399,member
1813124,BEBA9B73D3BC2438,electric_bike,2021-09-09 07:28:27,2021-09-09 07:40:12,Madison Ave & E 82 St,7188,W 53 St & 10 Ave,6890,40.7781314,-73.96069399,40.76669671,-73.99061728,member
1813144,A29C470FD431F5B7,classic_bike,2021-09-21 12:08:14,2021-09-21 12:10:13,Madison Ave & E 82 St,7188,Madison Ave & E 82 St,7188,40.7781314,-73.96069399,40.7781314,-73.96069399,casual
1813147,D2CB4812DF93770A,classic_bike,2021-09-26 14:38:57,2021-09-26 15:21:33,Madison Ave & E 82 St,7188,Central Park West & W 68 St,7079,40.7781314,-73.96069399,40.7734066,-73.97782542,casual
1813151,143983DC1040909C,classic_bike,2021-09-11 14:34:51,2021-09-11 14:42:14,Madison Ave & E 82 St,7188,Madison Ave & E 82 St,7188,40.7781314,-73.96069399,40.7781314,-73.96069399,casual
1813162,DAFBD4312D89C9D5,classic_bike,2021-09-19 11:25:07,2021-09-19 11:33:35,Madison Ave & E 82 St,7188,Central Park West & W 68 St,7079,40.7781314,-73.96069399,40.7734066,-73.97782542,member
1813173,43908522733FB487,electric_bike,2021-09-28 07:31:02,2021-09-28 07:31:20,Madison Ave & E 82 St,7188,Madison Ave & E 82 St,7188,40.7781314,-73.96069399,40.7781314,-73.96069399,member
1813190,8C6E251B9B2C141A,classic_bike,2021-09-20 08:50:04,2021-09-20 09:04:07,Madison Ave & E 82 St,7188,Central Park West & W 68 St,7079,40.7781314,-73.96069399,40.7734066,-73.97782542,member
1813194,722B6491DB03D1B8,classic_bike,2021-09-23 07:56:59,2021-09-23 09:09:14,Madison Ave & E 82 St,7188,Madison Ave & E 82 St,7188,40.7781314,-73.96069399,40.7781314,-73.96069399,member
1813239,CD89A07DB4FB7DE9,classic_bike,2021-09-11 13:16:43,2021-09-11 14:17:29,Madison Ave & E 82 St,7188,Madison Ave & E 82 St,7188,40.7781314,-73.96069399,40.7781314,-73.96069399,member
1813244,98C87370DABA6F81,electric_bike,2021-09-26 23:47:28,2021-09-26 23:47:50,Madison Ave & E 82 St,7188,Madison Ave & E 82 St,7188,40.7781314,-73.96069399,40.7781314,-73.96069399,member
1813252,C6F638EA287746AC,classic_bike,2021-09-19 15:08:23,2021-09-19 16:07:45,Madison Ave & E 82 St,7188,Madison Ave & E 82 St,7188,40.7781314,-73.96069399,40.7781314,-73.96069399,member
1813258,1457BCCD94D5B6C9,classic_bike,2021-09-18 15:48:56,2021-09-18 15:49:33,Madison Ave & E 82 St,7188,Madison Ave & E 82 St,7188,40.7781314,-73.96069399,40.7781314,-73.96069399,casual
1813276,18B347607A12333D,electric_bike,2021-09-23 11:27:40,2021-09-23 12:00:06,Central Park West & W 68 St,7079,Madison Ave & E 82 St,7188,40.7734066,-73.97782542,40.7781314,-73.96069399,casual
1813277,7860EB1D17E4EBAA,classic_bike,2021-09-25 15:26:54,2021-09-25 16:16:10,W 67 St & Broadway,7116,Madison Ave & E 82 St,7188,40.77492513,-73.98266566,40.7781314,-73.96069399,casual
1813282,4E6E4B829F4AD1FA,classic_bike,2021-09-18 15:41:53,2021-09-18 16:47:23,Madison Ave & E 82 St,7188,Madison Ave & E 82 St,7188,40.7781314,-73.96069399,40.7781314,-73.96069399,casual
1813291,4D735D9B538664F1,classic_bike,2021-09-21 16:52:40,2021-09-21 17:18:19,Madison Ave & E 82 St,7188,W 67 St & Broadway,7116,40.7781314,-73.96069399,40.77492513,-73.98266566,casual
1813305,A1107986968DD617,classic_bike,2021-09-11 14:35:22,2021-09-11 14:41:53,Madison Ave & E 82 St,7188,Madison Ave & E 82 St,7188,40.7781314,-73.96069399,40.7781314,-73.96069399,casual
1813311,DC2F44DD384F74F7,classic_bike,2021-09-11 15:13:21,2021-09-11 15:13:51,Madison Ave & E 82 St,7188,Madison Ave & E 82 St,7188,40.7781314,-73.96069399,40.7781314,-73.96069399,casual
1813327,03C5161F5D2CCB2A,classic_bike,2021-09-21 16:07:22,2021-09-21 16:37:09,Central Park North & Adam Clayton Powell Blvd,7617,Madison Ave & E 82 St,7188,40.799484,-73.955613,40.7781314,-73.96069399,member
1813346,F6C78A66726FD5CD,classic_bike,2021-09-21 08:13:18,2021-09-21 08:32:06,Madison Ave & E 82 St,7188,E 32 St & Park Ave,6280,40.7781314,-73.96069399,40.7457121,-73.98194829,member
1813364,66A3F324D3672736,classic_bike,2021-09-25 16:26:17,2021-09-25 16:26:47,Madison Ave & E 82 St,7188,Madison Ave & E 82 St,7188,40.7781314,-73.96069399,40.7781314,-73.96069399,member
1813365,BB3C29157C88BA38,classic_bike,2021-09-25 16:27:48,2021-09-25 16:28:54,Madison Ave & E 82 St,7188,Madison Ave & E 82 St,7188,40.7781314,-73.96069399,40.7781314,-73.96069399,member
1813366,742252BC4E722901,classic_bike,2021-09-30 15:36:48,2021-09-30 16:05:20,W 67 St & Broadway,7116,Madison Ave & E 82 St,7188,40.77492513,-73.98266566,40.7781314,-73.96069399,casual
1813374,F766C3C02892670A,electric_bike,2021-09-17 17:55:16,2021-09-17 18:10:12,Central Park West & W 68 St,7079,Madison Ave & E 82 St,7188,40.7734066,-73.97782542,40.7781314,-73.96069399,casual
1813391,2ED133F8294EEE7B,electric_bike,2021-09-09 23:25:24,2021-09-09 23:26:44,Madison Ave & E 82 St,7188,Madison Ave & E 82 St,7188,40.7781314,-73.96069399,40.7781314,-73.96069399,casual
1813392,3BFBA840E039A89F,classic_bike,2021-09-10 19:07:35,2021-09-10 19:38:47,Central Park West & W 68 St,7079,Madison Ave & E 82 St,7188,40.7734066,-73.97782542,40.7781314,-73.96069399,casual
1813420,C7AF59CC9BFC0C01,electric_bike,2021-09-18 06:14:19,2021-09-18 06:42:46,34 Ave & 31 St,6720,Madison Ave & E 82 St,7188,40.759604471387945,-73.92714411020279,40.7781314,-73.96069399,casual
1813432,EDE05B3C5CA40F44,electric_bike,2021-09-28 13:53:31,2021-09-28 14:34:15,W 30 St & 10 Ave,6459,Madison Ave & E 82 St,7188,40.752694,-74.002353,40.7781314,-73.96069399,member
1813459,A674B11F401103CF,classic_bike,2021-09-18 11:50:47,2021-09-18 12:24:12,Central Park West & W 68 St,7079,Madison Ave & E 82 St,7188,40.7734066,-73.97782542,40.7781314,-73.96069399,casual
1813463,4C3D2F9828676F1A,classic_bike,2021-09-18 15:42:01,2021-09-18 16:47:55,Madison Ave & E 82 St,7188,Madison Ave & E 82 St,7188,40.7781314,-73.96069399,40.7781314,-73.96069399,casual
1813485,F5774446495BF06A,classic_bike,2021-09-24 11:07:38,2021-09-24 11:07:42,Madison Ave & E 82 St,7188,Madison Ave & E 82 St,7188,40.7781314,-73.96069399,40.7781314,-73.96069399,member
1813491,658ED3992FAA5F00,classic_bike,2021-09-06 16:48:18,2021-09-06 16:48:42,Madison Ave & E 82 St,7188,Madison Ave & E 82 St,7188,40.7781314,-73.96069399,40.7781314,-73.96069399,member
1813513,DDE40283BB9FF378,docked_bike,2021-09-27 15:24:07,2021-09-27 15:45:53,Central Park West & W 68 St,7079,Madison Ave & E 82 St,7188,40.773407,-73.977825,40.778131,-73.960694,casual
1813521,8D33962794641DFD,classic_bike,2021-09-11 14:54:06,2021-09-11 15:52:33,Madison Ave & E 82 St,7188,Madison Ave & E 82 St,7188,40.7781314,-73.96069399,40.7781314,-73.96069399,casual
1813537,704EC71597CB6705,electric_bike,2021-09-12 13:07:20,2021-09-12 14:24:10,Madison Ave & E 82 St,7188,Madison Ave & E 82 St,7188,40.7781314,-73.96069399,40.7781314,-73.96069399,casual
1813580,1B9D034355455956,classic_bike,2021-09-29 17:22:17,2021-09-29 17:22:21,Madison Ave & E 82 St,7188,Madison Ave & E 82 St,7188,40.7781314,-73.96069399,40.7781314,-73.96069399,member
1813581,ECB81661164C9B68,classic_bike,2021-09-02 18:27:06,2021-09-02 19:16:12,Madison Ave & E 82 St,7188,Madison Ave & E 82 St,7188,40.7781314,-73.96069399,40.7781314,-73.96069399,member
1813590,E0DF4FB34CBB25FE,classic_bike,2021-09-24 11:07:01,2021-09-24 11:18:44,Madison Ave & E 82 St,7188,W 67 St & Broadway,7116,40.7781314,-73.96069399,40.77492513,-73.98266566,member
1813595,7DA028406235DFE1,electric_bike,2021-09-30 10:19:03,2021-09-30 10:19:29,Madison Ave & E 82 St,7188,Madison Ave & E 82 St,7188,40.7781314,-73.96069399,40.7781314,-73.96069399,member
1813607,37343B302F863620,electric_bike,2021-09-11 10:22:33,2021-09-11 10:24:30,Madison Ave & E 82 St,7188,Madison Ave & E 82 St,7188,40.7781314,-73.96069399,40.7781314,-73.96069399,member
1813617,48AF376F5FBA86B7,electric_bike,2021-09-04 17:03:57,2021-09-04 17:22:35,Madison Ave & E 82 St,7188,W 67 St & Broadway,7116,40.7781314,-73.96069399,40.77492513,-73.98266566,member
1813618,2033BF9D8C31186D,classic_bike,2021-09-15 19:47:56,2021-09-15 19:57:41,Madison Ave & E 82 St,7188,Madison Ave & E 82 St,7188,40.7781314,-73.96069399,40.7781314,-73.96069399,member
1813619,C07107309132BBA1,electric_bike,2021-09-15 19:47:14,2021-09-15 19:47:44,Madison Ave & E 82 St,7188,Madison Ave & E 82 St,7188,40.7781314,-73.96069399,40.7781314,-73.96069399,member
1813646,28BAB681289F4B5E,classic_bike,2021-09-02 17:52:08,2021-09-02 18:04:07,W 107 St & Columbus Ave,7619,Madison Ave & E 82 St,7188,40.7997568,-73.9621128676,40.7781314,-73.96069399,casual
1813650,C643C4E61E053BF1,classic_bike,2021-09-25 15:48:55,2021-09-25 16:31:03,Madison Ave & E 82 St,7188,Madison Ave & E 82 St,7188,40.7781314,-73.96069399,40.7781314,-73.96069399,casual
1813659,701C21E5FFC10763,classic_bike,2021-09-10 19:06:05,2021-09-10 19:38:58,Central Park West & W 68 St,7079,Madison Ave & E 82 St,7188,40.7734066,-73.97782542,40.7781314,-73.96069399,casual
1813666,D9FBF37E060F58A3,classic_bike,2021-09-17 18:05:29,2021-09-17 18:37:54,Madison Ave & E 82 St,7188,Central Park West & W 68 St,7079,40.7781314,-73.96069399,40.7734066,-73.97782542,casual
1813680,45916A2C0A6DC99C,classic_bike,2021-09-10 08:27:14,2021-09-10 08:39:24,Madison Ave & E 82 St,7188,W 67 St & Broadway,7116,40.7781314,-73.96069399,40.77492513,-73.98266566,member
1813681,E6449E78F3EDAC2B,classic_bike,2021-09-10 18:50:56,2021-09-10 19:09:59,W 67 St & Broadway,7116,Madison Ave & E 82 St,7188,40.77492513,-73.98266566,40.7781314,-73.96069399,member
1813721,C21A92187C39A066,classic_bike,2021-09-19 16:34:11,2021-09-19 17:09:45,Madison Ave & E 82 St,7188,Central Park West & W 68 St,7079,40.7781314,-73.96069399,40.7734066,-73.97782542,member
1813790,CBD0497C384E1C1A,classic_bike,2021-09-03 16:05:17,2021-09-03 16:08:33,Madison Ave & E 82 St,7188,Madison Ave & E 82 St,7188,40.7781314,-73.96069399,40.7781314,-73.96069399,casual
1813812,49CA19DF82E6B853,classic_bike,2021-09-12 14:55:44,2021-09-12 15:39:10,Central Park West & W 68 St,7079,Madison Ave & E 82 St,7188,40.7734066,-73.97782542,40.7781314,-73.96069399,casual
1813813,E8C8F44254DC2F35,classic_bike,2021-09-14 17:18:15,2021-09-14 17:45:16,Madison Ave & E 82 St,7188,Central Park West & W 68 St,7079,40.7781314,-73.96069399,40.7734066,-73.97782542,casual
1813815,8F3EA9D6D9666EB4,classic_bike,2021-09-12 09:29:16,2021-09-12 10:20:23,Madison Ave & E 82 St,7188,Madison Ave & E 82 St,7188,40.7781314,-73.96069399,40.7781314,-73.96069399,casual
1813823,2E5F5E5EF15201E3,classic_bike,2021-09-25 14:12:52,2021-09-25 14:28:04,W 63 St & Broadway,7052,Madison Ave & E 82 St,7188,40.77163851,-73.98261428,40.7781314,-73.96069399,member
1813888,1B0D18D7E919B5C5,classic_bike,2021-09-06 15:27:44,2021-09-06 15:36:55,E 76 St & Park Ave,7128,Madison Ave & E 82 St,7188,40.773763,-73.96222088,40.7781314,-73.96069399,casual
1813930,644DB7522C8A6D5D,electric_bike,2021-09-02 11:32:07,2021-09-02 12:00:08,W 116 St & Amsterdam Ave,7692,Madison Ave & E 82 St,7188,40.8067581,-73.9607082,40.7781314,-73.96069399,casual
1813947,41E968FAB7E92693,classic_bike,2021-09-26 13:23:41,2021-09-26 13:35:06,W 87 St & Amsterdam Ave,7458,Madison Ave & E 82 St,7188,40.78839,-73.9747,40.7781314,-73.96069399,member
1813949,7285B9197E73BC8D,docked_bike,2021-09-10 19:06:35,2021-09-10 19:54:27,W 34 St & 11 Ave,6578,Madison Ave & E 82 St,7188,40.755942,-74.002116,40.778131,-73.960694,casual
1813950,71494A594C4A8845,docked_bike,2021-09-10 19:06:24,2021-09-10 19:54:31,W 34 St & 11 Ave,6578,Madison Ave & E 82 St,7188,40.755942,-74.002116,40.778131,-73.960694,casual
1813958,575D9E18C9C0CCCB,electric_bike,2021-09-02 10:58:55,2021-09-02 11:05:34,E 68 St & 3 Ave,6896,Madison Ave & E 82 St,7188,40.76712840349542,-73.96224617958069,40.7781314,-73.96069399,member
1813980,9D63F8EE487EA2F6,electric_bike,2021-09-10 07:24:56,2021-09-10 07:36:29,Park Ave & E 124 St,7682,Madison Ave & E 82 St,7188,40.8045555,-73.9396861,40.7781314,-73.96069399,member
1813985,EBA44BD654597755,docked_bike,2021-09-25 13:10:07,2021-09-25 14:35:22,W 87 St & Amsterdam Ave,7458,Madison Ave & E 82 St,7188,40.78839,-73.9747,40.778131,-73.960694,casual
1814014,5D0EFB65E57EF459,electric_bike,2021-09-08 07:24:03,2021-09-08 07:34:39,Park Ave & E 124 St,7682,Madison Ave & E 82 St,7188,40.8045555,-73.9396861,40.7781314,-73.96069399,member
1814015,52E25F15BF9C75F3,electric_bike,2021-09-05 12:48:16,2021-09-05 13:03:52,W 87 St & Amsterdam Ave,7458,Madison Ave & E 82 St,7188,40.78839,-73.9747,40.7781314,-73.96069399,casual
1814017,5BA130C8AA8ECED6,electric_bike,2021-09-23 06:23:06,2021-09-23 06:33:57,Park Ave & E 124 St,7682,Madison Ave & E 82 St,7188,40.8045555,-73.9396861,40.7781314,-73.96069399,member
1814023,DC44C3AFD40AD6B4,docked_bike,2021-09-25 13:11:35,2021-09-25 14:30:40,W 87 St & Amsterdam Ave,7458,Madison Ave & E 82 St,7188,40.78839,-73.9747,40.778131,-73.960694,casual
1814031,2795D130D9861255,classic_bike,2021-09-15 14:13:55,2021-09-15 14:28:57,E 115 St & Lexington Ave,7599,Madison Ave & E 82 St,7188,40.797911,-73.9423,40.7781314,-73.96069399,member
1814035,DAD59AD2E8B5DE6C,classic_bike,2021-09-10 09:23:15,2021-09-10 09:29:07,W 87 St & Amsterdam Ave,7458,Madison Ave & E 82 St,7188,40.78839,-73.9747,40.7781314,-73.96069399,casual
1814044,D2F4A2A385D4BFDC,electric_bike,2021-09-29 07:40:03,2021-09-29 07:51:13,Park Ave & E 124 St,7682,Madison Ave & E 82 St,7188,40.8045555,-73.9396861,40.7781314,-73.96069399,member
1814046,A097446FC48B771B,electric_bike,2021-09-28 06:50:38,2021-09-28 07:03:17,Park Ave & E 124 St,7682,Madison Ave & E 82 St,7188,40.8045555,-73.9396861,40.7781314,-73.96069399,member
1814066,B684D93578173E07,classic_bike,2021-09-21 20:26:28,2021-09-21 20:39:37,W 87 St & Amsterdam Ave,7458,Madison Ave & E 82 St,7188,40.78839,-73.9747,40.7781314,-73.96069399,member
1814092,F4C70B33C7F2079A,classic_bike,2021-09-30 18:58:19,2021-09-30 19:06:55,W 87 St & Amsterdam Ave,7458,Madison Ave & E 82 St,7188,40.78839,-73.9747,40.7781314,-73.96069399,member
1814121,87D5FF714C57818D,classic_bike,2021-09-03 17:27:56,2021-09-03 17:38:08,Columbus Ave & W 72 St,7175,Madison Ave & E 82 St,7188,40.7770575,-73.97898475,40.7781314,-73.96069399,member
1814128,1E641A7EB8B58B78,docked_bike,2021-09-14 16:06:53,2021-09-14 16:34:32,W 100 St & Manhattan Ave,7538,Madison Ave & E 82 St,7188,40.795,-73.9645,40.778131,-73.960694,casual
1814135,766EBC24425F091C,electric_bike,2021-09-24 09:04:41,2021-09-24 09:19:10,W 44 St & 11 Ave,6756,Madison Ave & E 82 St,7188,40.762009,-73.996975,40.7781314,-73.96069399,casual
1814136,8ABCEB12BB81655C,classic_bike,2021-09-17 16:46:31,2021-09-17 17:20:28,W 44 St & 11 Ave,6756,Madison Ave & E 82 St,7188,40.762009,-73.996975,40.7781314,-73.96069399,casual
1814170,DA3FB2990B4E5FAF,classic_bike,2021-09-12 10:58:53,2021-09-12 11:17:19,Lenox Ave & W 111 St,7602,Madison Ave & E 82 St,7188,40.7987859,-73.9523,40.7781314,-73.96069399,casual
1814172,4F67A92DCD140F6D,electric_bike,2021-09-29 13:12:17,2021-09-29 13:22:23,W 70 St & Amsterdam Ave,7207,Madison Ave & E 82 St,7188,40.77748046,-73.98288594,40.7781314,-73.96069399,casual
1814182,94705D3AB21E3DD5,classic_bike,2021-09-21 18:25:34,2021-09-21 18:44:18,W 48 St & Rockefeller Plaza,6667,Madison Ave & E 82 St,7188,40.75793646243674,-73.97960275411606,40.7781314,-73.96069399,casual
1814185,A48A1E7E9830C74F,electric_bike,2021-09-14 08:37:41,2021-09-14 08:59:05,W 44 St & 11 Ave,6756,Madison Ave & E 82 St,7188,40.762009,-73.996975,40.7781314,-73.96069399,casual
1814220,5E74BFB14C0E475B,classic_bike,2021-09-24 16:38:25,2021-09-24 16:50:59,W 48 St & Rockefeller Plaza,6667,Madison Ave & E 82 St,7188,40.75793646243674,-73.97960275411606,40.7781314,-73.96069399,member
1814230,2919E9A4C4C5D92F,classic_bike,2021-09-17 17:21:38,2021-09-17 17:37:47,Lenox Ave & W 115 St,7627,Madison Ave & E 82 St,7188,40.8011939,-73.9500739,40.7781314,-73.96069399,casual
1814240,5C8F822E0C386410,electric_bike,2021-09-24 08:26:42,2021-09-24 08:43:23,W 44 St & 11 Ave,6756,Madison Ave & E 82 St,7188,40.762009,-73.996975,40.7781314,-73.96069399,member
1814279,55D1EDA090F13B25,electric_bike,2021-09-17 11:37:43,2021-09-17 12:01:47,W 52 St & 6 Ave,6740,Madison Ave & E 82 St,7188,40.76132983124814,-73.97982001304626,40.7781314,-73.96069399,member
1814281,B78716CBF1F6287F,classic_bike,2021-09-17 14:41:26,2021-09-17 14:52:53,W 48 St & Rockefeller Plaza,6667,Madison Ave & E 82 St,7188,40.75793646243674,-73.97960275411606,40.7781314,-73.96069399,member
1814293,F6288CDDE0911B4F,classic_bike,2021-09-25 16:04:16,2021-09-25 16:38:51,Carmine St & 6 Ave,5763,Madison Ave & E 82 St,7188,40.73038599,-74.00214988,40.7781314,-73.96069399,member
1814295,564FFD3DAA6A229C,classic_bike,2021-09-10 09:26:22,2021-09-10 09:30:02,E 76 St & Park Ave,7128,Madison Ave & E 82 St,7188,40.773763,-73.96222088,40.7781314,-73.96069399,member
1814327,89268ADDC1F68C90,classic_bike,2021-09-29 15:20:53,2021-09-29 15:30:24,E 82 St & East End Ave,7049,Madison Ave & E 82 St,7188,40.7724607,-73.9468208,40.7781314,-73.96069399,member
1814360,ADF3E53375153BAC,electric_bike,2021-09-18 09:56:32,2021-09-18 10:11:19,W 44 St & 11 Ave,6756,Madison Ave & E 82 St,7188,40.762009,-73.996975,40.7781314,-73.96069399,member
1814369,9AC41969335D68FE,electric_bike,2021-09-12 07:46:33,2021-09-12 07:56:26,W 63 St & Broadway,7052,Madison Ave & E 82 St,7188,40.77163851,-73.98261428,40.7781314,-73.96069399,member
1814399,C3C0485108CD7208,electric_bike,2021-09-30 06:56:18,2021-09-30 07:01:28,E 82 St & East End Ave,7049,Madison Ave & E 82 St,7188,40.7724607,-73.9468208,40.7781314,-73.96069399,member
1814400,A5C4168C69F7BDE6,classic_bike,2021-09-18 12:04:11,2021-09-18 12:36:21,Lenox Ave & W 111 St,7602,Madison Ave & E 82 St,7188,40.7987859,-73.9523,40.7781314,-73.96069399,casual
1814425,EF1127829889B558,classic_bike,2021-09-23 09:53:07,2021-09-23 10:07:00,W 104 St & Amsterdam Ave,7610,Madison Ave & E 82 St,7188,40.79904139288298,-73.96649479866028,40.7781314,-73.96069399,member
1814467,7795D65D62D9BE93,classic_bike,2021-09-29 07:27:07,2021-09-29 07:49:31,Queens Plaza North & Crescent St,6429,Madison Ave & E 82 St,7188,40.75110165,-73.94073717,40.7781314,-73.96069399,member
1814499,29AEA994EEA54812,classic_bike,2021-09-04 14:08:26,2021-09-04 14:20:51,W 90 St & Amsterdam Ave,7432,Madison Ave & E 82 St,7188,40.79017948095081,-73.97288918495178,40.7781314,-73.96069399,member
1814535,EDB075A4DCF33961,classic_bike,2021-09-19 11:55:42,2021-09-19 12:20:27,E 20 St & Park Ave,6055,Madison Ave & E 82 St,7188,40.73827428,-73.98751968,40.7781314,-73.96069399,member
1814582,1C8BE917007760A9,classic_bike,2021-09-29 17:22:15,2021-09-29 17:32:16,E 58 St & Madison Ave,6839,Madison Ave & E 82 St,7188,40.76302594280519,-73.97209525108337,40.7781314,-73.96069399,member
1814585,0ABE3E3F9EF65C8A,electric_bike,2021-09-12 07:22:22,2021-09-12 07:36:55,E 39 St & 2 Ave,6345,Madison Ave & E 82 St,7188,40.74803319428767,-73.973827958107,40.7781314,-73.96069399,member
1814608,23F74E3D65947273,classic_bike,2021-09-11 20:16:24,2021-09-11 20:25:27,Central Park West & W 68 St,7079,Madison Ave & E 82 St,7188,40.7734066,-73.97782542,40.7781314,-73.96069399,member
1814682,E00E17151921FA7F,classic_bike,2021-09-08 08:02:41,2021-09-08 08:16:58,W 104 St & Amsterdam Ave,7610,Madison Ave & E 82 St,7188,40.79904139288298,-73.96649479866028,40.7781314,-73.96069399,member
1814687,3F1918526B8E2E35,electric_bike,2021-09-13 17:36:47,2021-09-13 17:44:16,E 89 St & York Ave,7204,Madison Ave & E 82 St,7188,40.7779453,-73.946041,40.7781314,-73.96069399,member
1814692,01FC89B48F6CDEB9,classic_bike,2021-09-11 13:38:49,2021-09-11 14:07:51,E 58 St & Madison Ave,6839,Madison Ave & E 82 St,7188,40.76302594280519,-73.97209525108337,40.7781314,-73.96069399,casual
1814715,30DD5AA5AFD6EF18,classic_bike,2021-09-26 14:14:41,2021-09-26 14:44:34,W 104 St & Amsterdam Ave,7610,Madison Ave & E 82 St,7188,40.79904139288298,-73.96649479866028,40.7781314,-73.96069399,member
1814760,D28847671A2F3515,classic_bike,2021-09-19 09:38:25,2021-09-19 09:47:34,E 58 St & Madison Ave,6839,Madison Ave & E 82 St,7188,40.76302594280519,-73.97209525108337,40.7781314,-73.96069399,member
1814855,FDA4726B213F9390,classic_bike,2021-09-17 09:33:25,2021-09-17 10:00:09,W 18 St & 6 Ave,6064,Madison Ave & E 82 St,7188,40.73971301,-73.99456405,40.7781314,-73.96069399,member
1814862,1A8E2D572A5DB17C,electric_bike,2021-09-18 19:06:32,2021-09-18 19:30:00,8 Ave & W 52 St,6816,Madison Ave & E 82 St,7188,40.76370739,-73.9851615,40.7781314,-73.96069399,casual
1814863,80DF924804A461D9,classic_bike,2021-09-04 15:11:17,2021-09-04 15:29:13,Broadway & W 56 St,6847,Madison Ave & E 82 St,7188,40.7652654,-73.98192338,40.7781314,-73.96069399,casual
1814939,EA96DE3A9D960611,electric_bike,2021-09-04 20:09:31,2021-09-04 21:17:21,E 81 St & 3 Ave,7154,Madison Ave & E 82 St,7188,40.77573034,-73.9567526,40.7781314,-73.96069399,member
1814943,1A86A95721BF727A,classic_bike,2021-09-16 18:45:45,2021-09-16 18:48:28,E 81 St & 3 Ave,7154,Madison Ave & E 82 St,7188,40.77573034,-73.9567526,40.7781314,-73.96069399,casual
1814953,AE90D5683FF12E43,classic_bike,2021-09-26 17:21:02,2021-09-26 17:23:47,E 81 St & 3 Ave,7154,Madison Ave & E 82 St,7188,40.77573034,-73.9567526,40.7781314,-73.96069399,member
1814985,8BFF3A0D8D6BC8AE,electric_bike,2021-09-01 12:14:10,2021-09-01 12:22:36,1 Ave & E 68 St,6822,Madison Ave & E 82 St,7188,40.76500525,-73.95818491,40.7781314,-73.96069399,member
1814986,7EE056E74B59646C,classic_bike,2021-09-18 15:45:53,2021-09-18 15:55:39,1 Ave & E 68 St,6822,Madison Ave & E 82 St,7188,40.76500525,-73.95818491,40.7781314,-73.96069399,member
1815001,62F5516459147A07,classic_bike,2021-09-01 23:49:02,2021-09-02 00:26:47,University Pl & E 8 St,5755,Madison Ave & E 82 St,7188,40.73143724085228,-73.99490341544151,40.7781314,-73.96069399,casual
1815019,A21073CE55BB5D6B,classic_bike,2021-09-24 11:56:16,2021-09-24 12:15:12,Central Park North & Adam Clayton Powell Blvd,7617,Madison Ave & E 82 St,7188,40.799484,-73.955613,40.7781314,-73.96069399,casual
1815040,7818C5E24CAB2AAD,docked_bike,2021-09-26 10:47:51,2021-09-26 11:11:40,W 42 St & 6 Ave,6517,Madison Ave & E 82 St,7188,40.75492,-73.98455,40.778131,-73.960694,casual
1815066,11FD26C19D6BD5EF,classic_bike,2021-09-14 15:27:43,2021-09-14 15:43:50,Pershing Square North,6432,Madison Ave & E 82 St,7188,40.751873,-73.977706,40.7781314,-73.96069399,member
1815068,973F012B34EC344C,electric_bike,2021-09-16 11:19:49,2021-09-16 11:21:07,E 81 St & 3 Ave,7154,Madison Ave & E 82 St,7188,40.77573034,-73.9567526,40.7781314,-73.96069399,member
1815107,AD7CA138F88D3F7A,classic_bike,2021-09-22 10:44:38,2021-09-22 10:47:45,E 81 St & 3 Ave,7154,Madison Ave & E 82 St,7188,40.77573034,-73.9567526,40.7781314,-73.96069399,member
1815114,100258BF81E1E461,classic_bike,2021-09-11 11:15:52,2021-09-11 11:58:09,E 81 St & 3 Ave,7154,Madison Ave & E 82 St,7188,40.77573034,-73.9567526,40.7781314,-73.96069399,member
1815147,2F9FCE3875943EF4,classic_bike,2021-09-13 15:56:47,2021-09-13 16:01:43,E 81 St & 3 Ave,7154,Madison Ave & E 82 St,7188,40.77573034,-73.9567526,40.7781314,-73.96069399,member
1815152,3D412C5F6E2A27C0,classic_bike,2021-09-25 13:24:13,2021-09-25 15:55:22,E 81 St & 3 Ave,7154,Madison Ave & E 82 St,7188,40.77573034,-73.9567526,40.7781314,-73.96069399,casual
1815153,EF897C1CD97D8FFE,classic_bike,2021-09-02 09:54:58,2021-09-02 10:41:32,Pershing Square North,6432,Madison Ave & E 82 St,7188,40.751873,-73.977706,40.7781314,-73.96069399,casual
1815155,99EAA0BAF1D589A5,classic_bike,2021-09-02 12:52:05,2021-09-02 13:49:30,University Pl & E 8 St,5755,Madison Ave & E 82 St,7188,40.73143724085228,-73.99490341544151,40.7781314,-73.96069399,casual
1815197,165B62730517BED6,classic_bike,2021-09-27 16:29:54,2021-09-27 16:33:27,E 81 St & 3 Ave,7154,Madison Ave & E 82 St,7188,40.77573034,-73.9567526,40.7781314,-73.96069399,member
1815219,834FFBA14493A65D,classic_bike,2021-09-17 18:03:45,2021-09-17 18:23:58,Pershing Square North,6432,Madison Ave & E 82 St,7188,40.751873,-73.977706,40.7781314,-73.96069399,member
1815242,0957174FB024B7E0,electric_bike,2021-09-05 18:44:47,2021-09-05 19:11:36,E 17 St & Broadway,5980,Madison Ave & E 82 St,7188,40.73704984,-73.99009296,40.7781314,-73.96069399,casual
1815259,921F195D4C72FA77,classic_bike,2021-09-05 15:18:18,2021-09-05 16:00:47,Pershing Square North,6432,Madison Ave & E 82 St,7188,40.751873,-73.977706,40.7781314,-73.96069399,casual
1815283,152A6190880DB6DC,classic_bike,2021-09-17 00:07:38,2021-09-17 00:10:58,E 81 St & 3 Ave,7154,Madison Ave & E 82 St,7188,40.77573034,-73.9567526,40.7781314,-73.96069399,member
1815286,69B58567246B0114,classic_bike,2021-09-06 12:20:49,2021-09-06 12:35:43,E 81 St & 3 Ave,7154,Madison Ave & E 82 St,7188,40.77573034,-73.9567526,40.7781314,-73.96069399,member
1815289,FC5359BF8A5F715F,classic_bike,2021-09-15 22:21:20,2021-09-15 22:24:49,E 81 St & 3 Ave,7154,Madison Ave & E 82 St,7188,40.77573034,-73.9567526,40.7781314,-73.96069399,member
1815292,D63CB909E7430A90,electric_bike,2021-09-09 16:32:51,2021-09-09 16:34:50,E 81 St & 3 Ave,7154,Madison Ave & E 82 St,7188,40.77573034,-73.9567526,40.7781314,-73.96069399,member
1815376,98174447F277BE4E,electric_bike,2021-09-30 18:51:28,2021-09-30 19:48:39,E 84 St & 1 Ave,7180,Madison Ave & E 82 St,7188,40.77565541,-73.95068615,40.7781314,-73.96069399,member
1815434,191A5A09170DB4FE,classic_bike,2021-09-02 12:49:01,2021-09-02 13:49:33,University Pl & E 8 St,5755,Madison Ave & E 82 St,7188,40.73143724085228,-73.99490341544151,40.7781314,-73.96069399,casual
1815444,5E0AD37D8DFED4F1,classic_bike,2021-09-05 13:18:37,2021-09-05 13:50:24,5 Ave & E 29 St,6248,Madison Ave & E 82 St,7188,40.7451677,-73.98683077,40.7781314,-73.96069399,casual
1815446,4DC457D77DFB7E07,electric_bike,2021-09-15 13:53:07,2021-09-15 14:16:14,Riverside Dr & W 72 St,7288,Madison Ave & E 82 St,7188,40.78057799010334,-73.98562431335449,40.7781314,-73.96069399,member
1815450,E0F97442876F9D68,classic_bike,2021-09-18 12:37:34,2021-09-18 13:08:57,Riverside Dr & W 72 St,7288,Madison Ave & E 82 St,7188,40.78057799010334,-73.98562431335449,40.7781314,-73.96069399,member
1815462,5B5AD9723DEFFC13,electric_bike,2021-09-28 06:44:08,2021-09-28 06:55:03,Riverside Dr & W 72 St,7288,Madison Ave & E 82 St,7188,40.78057799010334,-73.98562431335449,40.7781314,-73.96069399,casual
1815509,34EF899C862EB45A,classic_bike,2021-09-22 08:53:24,2021-09-22 08:57:47,E 81 St & 3 Ave,7154,Madison Ave & E 82 St,7188,40.77573034,-73.9567526,40.7781314,-73.96069399,member
1815512,0CC69E0AADB3444F,electric_bike,2021-09-30 13:16:01,2021-09-30 13:24:44,E 81 St & 3 Ave,7154,Madison Ave & E 82 St,7188,40.77573034,-73.9567526,40.7781314,-73.96069399,casual
1815528,CDE84E3789E360D6,electric_bike,2021-09-12 08:11:45,2021-09-12 08:29:30,E 25 St & 2 Ave,6046,Madison Ave & E 82 St,7188,40.73912601,-73.97973776,40.7781314,-73.96069399,member
1815537,1F9C8B28EAD41699,classic_bike,2021-09-17 19:33:09,2021-09-17 19:43:38,1 Ave & E 78 St,7020,Madison Ave & E 82 St,7188,40.77140426,-73.9535166,40.7781314,-73.96069399,member
1815538,9D8E65D193EBBE21,classic_bike,2021-09-03 09:23:06,2021-09-03 09:49:19,E 25 St & 2 Ave,6046,Madison Ave & E 82 St,7188,40.73912601,-73.97973776,40.7781314,-73.96069399,casual
1815542,3FEFD725835979D4,electric_bike,2021-09-07 14:35:40,2021-09-07 15:31:39,E 3 St & 1 Ave,5553,Madison Ave & E 82 St,7188,40.72467721,-73.98783413,40.7781314,-73.96069399,casual
1815549,E2B216DF0BF2A450,classic_bike,2021-09-10 14:51:43,2021-09-10 14:59:59,1 Ave & E 78 St,7020,Madison Ave & E 82 St,7188,40.77140426,-73.9535166,40.7781314,-73.96069399,casual
1815567,EFE2EFC06BDC8F99,classic_bike,2021-09-29 17:13:58,2021-09-29 17:21:56,E 81 St & 3 Ave,7154,Madison Ave & E 82 St,7188,40.77573034,-73.9567526,40.7781314,-73.96069399,member
1815573,7A8366C2130BB1DA,classic_bike,2021-09-20 10:28:18,2021-09-20 10:52:53,Sullivan St & Washington Sq,5721,Madison Ave & E 82 St,7188,40.73047747,-73.99906065,40.7781314,-73.96069399,member
1815575,327BB3240548AD0D,classic_bike,2021-09-22 08:41:42,2021-09-22 08:44:16,E 81 St & 3 Ave,7154,Madison Ave & E 82 St,7188,40.77573034,-73.9567526,40.7781314,-73.96069399,member
1815598,17C32E8AA504BB6C,electric_bike,2021-09-16 12:43:48,2021-09-16 12:45:55,E 81 St & 3 Ave,7154,Madison Ave & E 82 St,7188,40.77573034,-73.9567526,40.7781314,-73.96069399,member
1815623,DC1A529FA7CC6F6C,classic_bike,2021-09-04 17:07:18,2021-09-04 17:10:55,E 81 St & 3 Ave,7154,Madison Ave & E 82 St,7188,40.77573034,-73.9567526,40.7781314,-73.96069399,member
1815671,6E0E2F7FE6FD64E0,electric_bike,2021-09-01 13:22:24,2021-09-01 13:36:33,Riverside Dr & W 72 St,7288,Madison Ave & E 82 St,7188,40.78057799010334,-73.98562431335449,40.7781314,-73.96069399,member
1815681,8896CD81CD46F8A3,classic_bike,2021-09-26 09:50:16,2021-09-26 10:10:26,Riverside Dr & W 72 St,7288,Madison Ave & E 82 St,7188,40.78057799010334,-73.98562431335449,40.7781314,-73.96069399,casual
1815688,83F476767C455D3F,electric_bike,2021-09-20 19:47:14,2021-09-20 19:56:29,E 89 St & York Ave,7204,Madison Ave & E 82 St,7188,40.7779453,-73.946041,40.7781314,-73.96069399,member
1815835,CC4E74E5AFB3E063,electric_bike,2021-09-15 08:02:45,2021-09-15 08:45:56,E 74 St & 1 Ave,6953,Madison Ave & E 82 St,7188,40.7689738,-73.95482273,40.7781314,-73.96069399,member
1815845,92974C5AAF0DE538,classic_bike,2021-09-27 07:55:40,2021-09-27 08:11:46,W 104 St & Amsterdam Ave,7610,Madison Ave & E 82 St,7188,40.79904139288298,-73.96649479866028,40.7781314,-73.96069399,member
1815869,CA39BA6E6D96877A,classic_bike,2021-09-02 09:53:45,2021-09-02 10:40:29,Pershing Square North,6432,Madison Ave & E 82 St,7188,40.751873,-73.977706,40.7781314,-73.96069399,casual
1815875,B6684A59E856045E,classic_bike,2021-09-19 15:18:58,2021-09-19 15:32:42,E 81 St & 3 Ave,7154,Madison Ave & E 82 St,7188,40.77573034,-73.9567526,40.7781314,-73.96069399,casual
1815881,9436D7EF8487ACD9,classic_bike,2021-09-05 15:16:53,2021-09-05 16:00:51,Pershing Square North,6432,Madison Ave & E 82 St,7188,40.751873,-73.977706,40.7781314,-73.96069399,casual
1815895,2A551647F1284942,classic_bike,2021-09-21 16:52:47,2021-09-21 16:55:53,E 81 St & 3 Ave,7154,Madison Ave & E 82 St,7188,40.77573034,-73.9567526,40.7781314,-73.96069399,member
1815950,69913E47B8281D4E,electric_bike,2021-09-12 10:37:38,2021-09-12 10:44:57,2 Ave & E 96 St,7338,Madison Ave & E 82 St,7188,40.7839636,-73.9471673,40.7781314,-73.96069399,member
1815976,A56057FD8B0CCEC5,classic_bike,2021-09-05 15:41:29,2021-09-05 15:54:48,1 Ave & E 62 St,6753,Madison Ave & E 82 St,7188,40.7612274,-73.96094022,40.7781314,-73.96069399,member
1815977,5F5FAC0AE15BCBE4,electric_bike,2021-09-17 11:18:55,2021-09-17 11:29:25,1 Ave & E 62 St,6753,Madison Ave & E 82 St,7188,40.7612274,-73.96094022,40.7781314,-73.96069399,member
1815981,008C0302CA7045E3,classic_bike,2021-09-06 11:52:26,2021-09-06 12:34:16,49 Ave & 21 St,6128,Madison Ave & E 82 St,7188,40.74252,-73.948852,40.7781314,-73.96069399,casual
1815991,CDC457E78D718A64,classic_bike,2021-09-16 14:08:00,2021-09-16 14:23:19,2 Ave & E 96 St,7338,Madison Ave & E 82 St,7188,40.7839636,-73.9471673,40.7781314,-73.96069399,casual
1815992,2AC9E837C84E56A2,classic_bike,2021-09-25 11:19:38,2021-09-25 11:39:23,Riverside Dr & W 91 St,7524,Madison Ave & E 82 St,7188,40.79313480986663,-73.97700369358063,40.7781314,-73.96069399,member
1815993,1B96C98CD893FDEA,electric_bike,2021-09-29 19:36:27,2021-09-29 19:43:49,Riverside Dr & W 91 St,7524,Madison Ave & E 82 St,7188,40.79313480986663,-73.97700369358063,40.7781314,-73.96069399,member
1815995,0D6F567F9CF9B26D,classic_bike,2021-09-19 20:42:25,2021-09-19 21:12:05,W 104 St & Amsterdam Ave,7610,Madison Ave & E 82 St,7188,40.79904139288298,-73.96649479866028,40.7781314,-73.96069399,member
1816005,6A0E0353FC14A0C4,classic_bike,2021-09-10 18:32:56,2021-09-10 19:45:37,Nassau Ave & Russell St,5581,Madison Ave & E 82 St,7188,40.72557,-73.94434,40.7781314,-73.96069399,casual
1816032,9DF520A6153A8292,classic_bike,2021-09-21 21:24:39,2021-09-21 21:46:09,1 Ave & E 62 St,6753,Madison Ave & E 82 St,7188,40.7612274,-73.96094022,40.7781314,-73.96069399,member
1816037,6D295561C22AF28D,classic_bike,2021-09-24 19:56:16,2021-09-24 20:06:52,2 Ave & E 96 St,7338,Madison Ave & E 82 St,7188,40.7839636,-73.9471673,40.7781314,-73.96069399,member
1816041,9B4AD67223B4DC3F,classic_bike,2021-09-13 15:57:45,2021-09-13 16:27:06,2 Ave & E 96 St,7338,Madison Ave & E 82 St,7188,40.7839636,-73.9471673,40.7781314,-73.96069399,casual
1816045,24B41BB0A92FE00C,classic_bike,2021-09-06 11:52:41,2021-09-06 12:34:08,49 Ave & 21 St,6128,Madison Ave & E 82 St,7188,40.74252,-73.948852,40.7781314,-73.96069399,casual
1816067,4BA28AF9147191F3,classic_bike,2021-09-06 10:13:26,2021-09-06 10:46:07,India St & Manhattan Ave,5826,Madison Ave & E 82 St,7188,40.73232194,-73.9550858,40.7781314,-73.96069399,member
1816092,E727751A2A05CA43,classic_bike,2021-09-02 12:37:42,2021-09-02 13:02:53,Cathedral Pkwy & Broadway,7680,Madison Ave & E 82 St,7188,40.804213,-73.96699104,40.7781314,-73.96069399,casual
1816093,5167C8A850F6FE7D,classic_bike,2021-09-17 12:02:53,2021-09-17 12:18:39,1 Ave & E 62 St,6753,Madison Ave & E 82 St,7188,40.7612274,-73.96094022,40.7781314,-73.96069399,casual
1816105,3613AC455B1772EE,classic_bike,2021-09-18 10:58:21,2021-09-18 11:22:48,W 44 St & 11 Ave,6756,Madison Ave & E 82 St,7188,40.762009,-73.996975,40.7781314,-73.96069399,casual
1816107,B91D19572E4DA61F,classic_bike,2021-09-25 12:19:01,2021-09-25 12:44:28,1 Ave & E 62 St,6753,Madison Ave & E 82 St,7188,40.7612274,-73.96094022,40.7781314,-73.96069399,member
1816111,4D4F5AAE79101CA7,classic_bike,2021-09-16 10:14:25,2021-09-16 10:23:28,2 Ave & E 96 St,7338,Madison Ave & E 82 St,7188,40.7839636,-73.9471673,40.7781314,-73.96069399,member
1816116,AAE64D6E381EA211,electric_bike,2021-09-20 10:44:01,2021-09-20 11:01:46,1 Ave & E 62 St,6753,Madison Ave & E 82 St,7188,40.7612274,-73.96094022,40.7781314,-73.96069399,casual
1816124,25235BA7876A46BB,classic_bike,2021-09-06 11:52:16,2021-09-06 12:34:14,49 Ave & 21 St,6128,Madison Ave & E 82 St,7188,40.74252,-73.948852,40.7781314,-73.96069399,casual
1816125,5149C5534221C08E,electric_bike,2021-09-04 19:36:46,2021-09-04 19:49:56,Riverside Dr & W 91 St,7524,Madison Ave & E 82 St,7188,40.79313480986663,-73.97700369358063,40.7781314,-73.96069399,member
1816127,B07BB2D378CBEEF2,classic_bike,2021-09-06 11:52:29,2021-09-06 12:34:33,49 Ave & 21 St,6128,Madison Ave & E 82 St,7188,40.74252,-73.948852,40.7781314,-73.96069399,casual
1816151,3B7FA68015619B10,classic_bike,2021-09-24 19:29:18,2021-09-24 19:40:07,1 Ave & E 62 St,6753,Madison Ave & E 82 St,7188,40.7612274,-73.96094022,40.7781314,-73.96069399,member
1816172,F5B392BD0983BC75,classic_bike,2021-09-20 15:31:43,2021-09-20 15:51:26,Cathedral Pkwy & Broadway,7680,Madison Ave & E 82 St,7188,40.804213,-73.96699104,40.7781314,-73.96069399,member
1816186,DBADA45B07A27D0F,classic_bike,2021-09-20 12:00:24,2021-09-20 12:27:54,W 44 St & 11 Ave,6756,Madison Ave & E 82 St,7188,40.762009,-73.996975,40.7781314,-73.96069399,casual
1816187,54C0C82DBD158FC0,classic_bike,2021-09-27 14:04:45,2021-09-27 14:13:13,E 85 St & York Ave,7146,Madison Ave & E 82 St,7188,40.77536905,-73.94803392,40.7781314,-73.96069399,member
1816203,6239BEBAC395B3DC,classic_bike,2021-09-18 13:23:45,2021-09-18 14:00:41,Queens Plaza North & Crescent St,6429,Madison Ave & E 82 St,7188,40.75110165,-73.94073717,40.7781314,-73.96069399,casual
1816258,70F3E89D2576DDFE,classic_bike,2021-09-03 09:36:58,2021-09-03 10:00:20,6 Ave & W 33 St,6364,Madison Ave & E 82 St,7188,40.74901271,-73.98848395,40.7781314,-73.96069399,member
1816269,9902418FF7689127,classic_bike,2021-09-25 11:14:43,2021-09-25 11:56:33,6 Ave & W 33 St,6364,Madison Ave & E 82 St,7188,40.74901271,-73.98848395,40.7781314,-73.96069399,casual
1816273,F3EC2A54720631DF,electric_bike,2021-09-17 23:17:02,2021-09-17 23:21:36,E 66 St & Madison Ave,6969,Madison Ave & E 82 St,7188,40.76800889305947,-73.96845281124115,40.7781314,-73.96069399,member
1816276,70B6BFE1D066BF6F,classic_bike,2021-09-06 12:36:29,2021-09-06 12:55:56,E 66 St & Madison Ave,6969,Madison Ave & E 82 St,7188,40.76800889305947,-73.96845281124115,40.7781314,-73.96069399,casual
1816292,531A5AF6528A2BCE,electric_bike,2021-09-11 12:29:01,2021-09-11 13:22:17,E 66 St & Madison Ave,6969,Madison Ave & E 82 St,7188,40.76800889305947,-73.96845281124115,40.7781314,-73.96069399,casual
1816326,2C46A4B069F2FA54,classic_bike,2021-09-12 15:08:33,2021-09-12 15:19:00,E 82 St & East End Ave,7049,Madison Ave & E 82 St,7188,40.7724607,-73.9468208,40.7781314,-73.96069399,member
1816358,8E34B51947F647B7,classic_bike,2021-09-14 15:08:35,2021-09-14 15:15:18,E 66 St & Madison Ave,6969,Madison Ave & E 82 St,7188,40.76800889305947,-73.96845281124115,40.7781314,-73.96069399,member
1816383,4B25C1ED7ED29F61,classic_bike,2021-09-27 17:28:42,2021-09-27 17:36:25,E 66 St & Madison Ave,6969,Madison Ave & E 82 St,7188,40.76800889305947,-73.96845281124115,40.7781314,-73.96069399,casual
1816399,4FFEF4940B737B50,electric_bike,2021-09-03 20:10:09,2021-09-03 20:21:10,E 66 St & Madison Ave,6969,Madison Ave & E 82 St,7188,40.76800889305947,-73.96845281124115,40.7781314,-73.96069399,casual
1816402,30AF5929019F91B6,classic_bike,2021-09-27 14:00:42,2021-09-27 14:22:12,E 66 St & Madison Ave,6969,Madison Ave & E 82 St,7188,40.76800889305947,-73.96845281124115,40.7781314,-73.96069399,casual
1816443,DA48169B982C2782,classic_bike,2021-09-16 09:54:32,2021-09-16 10:03:58,E 85 St & York Ave,7146,Madison Ave & E 82 St,7188,40.77536905,-73.94803392,40.7781314,-73.96069399,casual
1816469,8C2BF04654C70603,electric_bike,2021-09-21 14:56:45,2021-09-21 15:11:39,W 70 St & Amsterdam Ave,7207,Madison Ave & E 82 St,7188,40.77748046,-73.98288594,40.7781314,-73.96069399,casual
1816473,DEECC1B3E71CB2FF,electric_bike,2021-09-09 07:23:24,2021-09-09 07:28:05,E 85 St & York Ave,7146,Madison Ave & E 82 St,7188,40.77536905,-73.94803392,40.7781314,-73.96069399,member
1816482,B5FD5A16AEFFFD0F,electric_bike,2021-09-24 12:04:13,2021-09-24 12:55:15,E 66 St & Madison Ave,6969,Madison Ave & E 82 St,7188,40.76800889305947,-73.96845281124115,40.7781314,-73.96069399,casual
1816484,6CD158A63FFCFE81,electric_bike,2021-09-27 06:50:53,2021-09-27 07:02:24,Park Ave & E 124 St,7682,Madison Ave & E 82 St,7188,40.8045555,-73.9396861,40.7781314,-73.96069399,member
1816485,1ED8C539588AA631,electric_bike,2021-09-09 07:20:10,2021-09-09 07:32:40,Park Ave & E 124 St,7682,Madison Ave & E 82 St,7188,40.8045555,-73.9396861,40.7781314,-73.96069399,member
1816506,3275308926B4B4C9,electric_bike,2021-09-22 17:36:58,2021-09-22 17:50:58,W 48 St & Rockefeller Plaza,6667,Madison Ave & E 82 St,7188,40.75793646243674,-73.97960275411606,40.7781314,-73.96069399,member
1816543,B02C40E4DB9B2D9A,electric_bike,2021-09-28 18:14:43,2021-09-28 18:20:45,E 66 St & Madison Ave,6969,Madison Ave & E 82 St,7188,40.76800889305947,-73.96845281124115,40.7781314,-73.96069399,casual
1816547,5BE27A8B40B5AEB9,classic_bike,2021-09-03 20:12:07,2021-09-03 20:21:10,E 66 St & Madison Ave,6969,Madison Ave & E 82 St,7188,40.76800889305947,-73.96845281124115,40.7781314,-73.96069399,casual
1816548,111B54D1C39B24BC,electric_bike,2021-09-27 11:55:51,2021-09-27 12:31:02,E 66 St & Madison Ave,6969,Madison Ave & E 82 St,7188,40.76800889305947,-73.96845281124115,40.7781314,-73.96069399,casual
1816574,161722C015A236F1,classic_bike,2021-09-18 12:06:03,2021-09-18 13:10:39,8 Ave & W 16 St,6072,Madison Ave & E 82 St,7188,40.740983,-74.001702,40.7781314,-73.96069399,casual
1816580,11E24D2A91BE6386,electric_bike,2021-09-11 06:58:40,2021-09-11 07:16:05,11 Ave & W 59 St,7059,Madison Ave & E 82 St,7188,40.77149671054441,-73.99046033620834,40.7781314,-73.96069399,casual
1816597,A7F81F8C60846D22,classic_bike,2021-09-12 11:16:39,2021-09-12 11:57:06,Central Park W & W 103 St,7577,Madison Ave & E 82 St,7188,40.79558954105342,-73.96188408136368,40.7781314,-73.96069399,casual
1816618,6963AACF5F05183C,classic_bike,2021-09-26 11:12:29,2021-09-26 11:48:04,8 Ave & W 16 St,6072,Madison Ave & E 82 St,7188,40.740983,-74.001702,40.7781314,-73.96069399,casual
1816655,129B3C15444715D2,classic_bike,2021-09-07 15:18:08,2021-09-07 15:27:51,Central Park W & W 103 St,7577,Madison Ave & E 82 St,7188,40.79558954105342,-73.96188408136368,40.7781314,-73.96069399,member
1816677,75E0A664C85B946E,classic_bike,2021-09-26 12:18:38,2021-09-26 12:55:59,W 63 St & Broadway,7052,Madison Ave & E 82 St,7188,40.77163851,-73.98261428,40.7781314,-73.96069399,casual
1816688,C4E00B436BA96BF3,classic_bike,2021-09-17 17:47:59,2021-09-17 17:52:16,E 76 St & Park Ave,7128,Madison Ave & E 82 St,7188,40.773763,-73.96222088,40.7781314,-73.96069399,casual
1816746,A42CE486B81031DE,classic_bike,2021-09-23 13:18:08,2021-09-23 13:35:42,W 116 St & Amsterdam Ave,7692,Madison Ave & E 82 St,7188,40.8067581,-73.9607082,40.7781314,-73.96069399,member
1816755,FA48F1EB4CA00C8E,classic_bike,2021-09-17 23:41:30,2021-09-17 23:45:33,E 76 St & Park Ave,7128,Madison Ave & E 82 St,7188,40.773763,-73.96222088,40.7781314,-73.96069399,casual
1816760,FD3DF9CC55F862D3,classic_bike,2021-09-12 12:31:04,2021-09-12 12:44:10,W 63 St & Broadway,7052,Madison Ave & E 82 St,7188,40.77163851,-73.98261428,40.7781314,-73.96069399,casual
1816774,B7E6CD561DAD1944,electric_bike,2021-09-24 13:00:09,2021-09-24 13:25:28,Cooper Square & Astor Pl,5712,Madison Ave & E 82 St,7188,40.72951496224949,-73.99075269699097,40.7781314,-73.96069399,member
1816803,446EA1825B7F9D9D,electric_bike,2021-09-05 11:50:27,2021-09-05 11:58:14,E 66 St & Madison Ave,6969,Madison Ave & E 82 St,7188,40.76800889305947,-73.96845281124115,40.7781314,-73.96069399,member
1816830,2DFA04F400843E99,classic_bike,2021-09-19 15:01:27,2021-09-19 15:11:32,E 66 St & Madison Ave,6969,Madison Ave & E 82 St,7188,40.76800889305947,-73.96845281124115,40.7781314,-73.96069399,casual
1816840,3F08C39C01A0B973,classic_bike,2021-09-16 10:17:28,2021-09-16 10:40:44,44 Dr & Jackson Ave,6352,Madison Ave & E 82 St,7188,40.74718234,-73.9432635,40.7781314,-73.96069399,member
1816846,3A17B7F5BAD77876,electric_bike,2021-09-19 12:15:54,2021-09-19 13:22:36,10 St & 7 Ave,3762,Madison Ave & E 82 St,7188,40.6662078,-73.98199886,40.7781314,-73.96069399,casual
1816881,A59A6C0012D1CABC,classic_bike,2021-09-18 17:38:03,2021-09-18 18:38:54,W 63 St & Broadway,7052,Madison Ave & E 82 St,7188,40.77163851,-73.98261428,40.7781314,-73.96069399,member
1816886,0AA96FFDC696EB5E,classic_bike,2021-09-19 14:49:55,2021-09-19 14:52:59,E 76 St & Park Ave,7128,Madison Ave & E 82 St,7188,40.773763,-73.96222088,40.7781314,-73.96069399,member
1816895,EAE3FF24C614DB19,electric_bike,2021-09-22 18:57:10,2021-09-22 19:05:03,E 76 St & Park Ave,7128,Madison Ave & E 82 St,7188,40.773763,-73.96222088,40.7781314,-73.96069399,casual
1816899,F6C89A0183C20454,electric_bike,2021-09-12 11:13:44,2021-09-12 11:30:15,E 76 St & Park Ave,7128,Madison Ave & E 82 St,7188,40.773763,-73.96222088,40.7781314,-73.96069399,casual
1816944,5088AF341EBAD444,electric_bike,2021-09-23 18:19:56,2021-09-23 18:33:02,Madison Ave & E 82 St,7188,Madison Ave & E 82 St,7188,40.7781314,-73.96069399,40.7781314,-73.96069399,member
1816957,05B8A67CC2E36063,classic_bike,2021-09-06 15:31:20,2021-09-06 16:27:52,Madison Ave & E 82 St,7188,Madison Ave & E 82 St,7188,40.7781314,-73.96069399,40.7781314,-73.96069399,member
1816976,145BC96BFC989EC0,electric_bike,2021-09-26 16:30:57,2021-09-26 16:42:25,W 53 St & 10 Ave,6890,Madison Ave & E 82 St,7188,40.76669671,-73.99061728,40.7781314,-73.96069399,member
1817002,3EE898B7D44ED326,classic_bike,2021-09-16 19:44:12,2021-09-16 20:15:04,W 30 St & 10 Ave,6459,Madison Ave & E 82 St,7188,40.752694,-74.002353,40.7781314,-73.96069399,member
1817010,130BF2787FB0DD41,classic_bike,2021-09-27 08:37:11,2021-09-27 09:00:47,Edgecombe Ave & W 141 St,7915,Madison Ave & E 82 St,7188,40.820681,-73.945144,40.7781314,-73.96069399,member
1817013,7513882AB5B0B156,classic_bike,2021-09-27 14:37:08,2021-09-27 14:54:20,W 116 St & Amsterdam Ave,7692,Madison Ave & E 82 St,7188,40.8067581,-73.9607082,40.7781314,-73.96069399,member
1817017,D0C79F31F6ED6A86,classic_bike,2021-09-12 08:36:49,2021-09-12 08:54:40,W 63 St & Broadway,7052,Madison Ave & E 82 St,7188,40.77163851,-73.98261428,40.7781314,-73.96069399,casual
1817051,F54F592AE7198852,electric_bike,2021-09-10 06:32:43,2021-09-10 06:51:13,Queens Plaza North & Crescent St,6429,Madison Ave & E 82 St,7188,40.75110165,-73.94073717,40.7781314,-73.96069399,member
1817099,CC2860730B2C45B6,classic_bike,2021-09-02 14:46:47,2021-09-02 14:48:05,Madison Ave & E 82 St,7188,Madison Ave & E 82 St,7188,40.7781314,-73.96069399,40.7781314,-73.96069399,member
1817111,CCE4F3EEBC125277,electric_bike,2021-09-21 18:21:07,2021-09-21 18:57:21,West St & Liberty St,5184,Madison Ave & E 82 St,7188,40.711444,-74.014847,40.7781314,-73.96069399,member
1817116,FA460CE22A772A25,classic_bike,2021-09-18 15:25:16,2021-09-18 16:03:04,Madison Ave & E 82 St,7188,Central Park West & W 68 St,7079,40.7781314,-73.96069399,40.7734066,-73.97782542,member
1817149,5456CDD6F64A1280,classic_bike,2021-09-20 13:31:04,2021-09-20 13:45:47,Madison Ave & E 82 St,7188,E 32 St & Park Ave,6280,40.7781314,-73.96069399,40.7457121,-73.98194829,member
1817207,28EB6EF9AF2B6285,electric_bike,2021-09-12 10:44:45,2021-09-12 10:45:56,Madison Ave & E 82 St,7188,Madison Ave & E 82 St,7188,40.7781314,-73.96069399,40.7781314,-73.96069399,member
1817209,504C01E1655A1245,electric_bike,2021-09-15 19:44:44,2021-09-15 19:45:16,Madison Ave & E 82 St,7188,Madison Ave & E 82 St,7188,40.7781314,-73.96069399,40.7781314,-73.96069399,member
1817217,A4E787B4925ABE3D,classic_bike,2021-09-06 11:25:19,2021-09-06 11:55:40,Madison Ave & E 82 St,7188,Madison Ave & E 82 St,7188,40.7781314,-73.96069399,40.7781314,-73.96069399,casual
1817247,980EC45F34478965,electric_bike,2021-09-17 15:00:24,2021-09-17 15:03:18,Madison Ave & E 82 St,7188,Madison Ave & E 82 St,7188,40.7781314,-73.96069399,40.7781314,-73.96069399,member
1817277,1D07BB0028F8CE28,classic_bike,2021-09-26 13:46:27,2021-09-26 14:05:46,Madison Ave & E 82 St,7188,Madison Ave & E 82 St,7188,40.7781314,-73.96069399,40.7781314,-73.96069399,casual
1817282,38C803D3504F4707,classic_bike,2021-09-18 14:15:59,2021-09-18 15:06:55,Central Park West & W 68 St,7079,Madison Ave & E 82 St,7188,40.7734066,-73.97782542,40.7781314,-73.96069399,casual
1817284,09FF5C6F86008D15,classic_bike,2021-09-18 13:40:31,2021-09-18 14:12:43,Central Park West & W 68 St,7079,Madison Ave & E 82 St,7188,40.7734066,-73.97782542,40.7781314,-73.96069399,casual
1817324,FD6DC6F1B7944957,classic_bike,2021-09-24 14:43:11,2021-09-24 15:00:17,Central Park West & W 68 St,7079,Madison Ave & E 82 St,7188,40.7734066,-73.97782542,40.7781314,-73.96069399,casual
1817416,C0E0405F390C729F,classic_bike,2021-09-12 13:24:51,2021-09-12 14:11:50,E 20 St & 2 Ave,5971,Madison Ave & E 82 St,7188,40.73587678,-73.98205027,40.7781314,-73.96069399,member
1817467,F7773F7DD5F0E6B1,classic_bike,2021-09-17 16:33:58,2021-09-17 16:51:11,E 40 St & 5 Ave,6474,Madison Ave & E 82 St,7188,40.752062307,-73.9816324043,40.7781314,-73.96069399,member
1817493,B101FBE5DAE1B911,electric_bike,2021-09-01 09:34:48,2021-09-01 09:57:11,Broadway & W 122 St,7783,Madison Ave & E 82 St,7188,40.8120562,-73.9612547,40.7781314,-73.96069399,casual
1817523,52BAF1D847475023,classic_bike,2021-09-02 16:52:15,2021-09-02 17:03:40,E 40 St & 5 Ave,6474,Madison Ave & E 82 St,7188,40.752062307,-73.9816324043,40.7781314,-73.96069399,member
1817548,B4163C7EBB94DA43,electric_bike,2021-09-10 16:34:42,2021-09-10 16:46:41,E 40 St & 5 Ave,6474,Madison Ave & E 82 St,7188,40.752062307,-73.9816324043,40.7781314,-73.96069399,member
1817555,FCCBDD9D3562826E,classic_bike,2021-09-11 11:15:09,2021-09-11 12:01:41,FDR Drive & E 35 St,6230,Madison Ave & E 82 St,7188,40.744219,-73.97121214,40.7781314,-73.96069399,casual
1817577,AEF855824DD24F72,classic_bike,2021-09-30 17:35:41,2021-09-30 17:47:30,E 40 St & 5 Ave,6474,Madison Ave & E 82 St,7188,40.752062307,-73.9816324043,40.7781314,-73.96069399,member
1817581,1F366720C7B4D2C7,electric_bike,2021-09-04 10:42:18,2021-09-04 11:17:27,Perry St & Bleecker St,5922,Madison Ave & E 82 St,7188,40.73535398,-74.00483091,40.7781314,-73.96069399,casual
1817585,3F8A1C96636E8D21,classic_bike,2021-09-24 14:39:22,2021-09-24 15:30:03,E 40 St & 5 Ave,6474,Madison Ave & E 82 St,7188,40.752062307,-73.9816324043,40.7781314,-73.96069399,casual
1817629,5911AF8028FBB83A,classic_bike,2021-09-17 14:00:16,2021-09-17 14:33:33,Perry St & Bleecker St,5922,Madison Ave & E 82 St,7188,40.73535398,-74.00483091,40.7781314,-73.96069399,member
1817682,FD024041C9742922,classic_bike,2021-09-03 15:03:26,2021-09-03 15:35:59,E 20 St & 2 Ave,5971,Madison Ave & E 82 St,7188,40.73587678,-73.98205027,40.7781314,-73.96069399,casual
1817683,F0E0FD2148DACF96,electric_bike,2021-09-11 15:42:03,2021-09-11 15:57:09,FDR Drive & E 35 St,6230,Madison Ave & E 82 St,7188,40.744219,-73.97121214,40.7781314,-73.96069399,casual
1817740,4FC2F410D7103A6A,classic_bike,2021-09-05 09:13:08,2021-09-05 09:45:51,Perry St & Bleecker St,5922,Madison Ave & E 82 St,7188,40.73535398,-74.00483091,40.7781314,-73.96069399,casual
1817779,3EFE90BCD9645D72,classic_bike,2021-09-19 14:28:02,2021-09-19 15:14:44,E 20 St & 2 Ave,5971,Madison Ave & E 82 St,7188,40.73587678,-73.98205027,40.7781314,-73.96069399,casual
1817781,B935CF1110008FBD,classic_bike,2021-09-03 15:04:08,2021-09-03 15:36:10,E 20 St & 2 Ave,5971,Madison Ave & E 82 St,7188,40.73587678,-73.98205027,40.7781314,-73.96069399,casual
1817787,920CB948D69ADDEA,classic_bike,2021-09-23 12:00:13,2021-09-23 12:39:56,E 20 St & 2 Ave,5971,Madison Ave & E 82 St,7188,40.73587678,-73.98205027,40.7781314,-73.96069399,casual
1817816,99ABFBB9629F65A1,classic_bike,2021-09-18 13:31:30,2021-09-18 14:19:18,Broadway & W 51 St,6779,Madison Ave & E 82 St,7188,40.76228826,-73.98336183,40.7781314,-73.96069399,casual
1817820,5C1FDB70DBD83D57,electric_bike,2021-09-09 21:05:29,2021-09-09 21:30:26,Great Jones St,5636,Madison Ave & E 82 St,7188,40.72743423,-73.99379025,40.7781314,-73.96069399,casual
1817830,CDD2880B570E275D,classic_bike,2021-09-18 11:12:47,2021-09-18 11:36:37,W 110 St & Amsterdam Ave,7646,Madison Ave & E 82 St,7188,40.802692,-73.96295,40.7781314,-73.96069399,member
1817851,6532EC6A502C5933,classic_bike,2021-09-03 10:41:47,2021-09-03 11:12:50,E 31 St & 3 Ave,6239,Madison Ave & E 82 St,7188,40.74394314,-73.97966069,40.7781314,-73.96069399,casual
1817879,8BF4BB217E4CA9DB,classic_bike,2021-09-28 13:13:11,2021-09-28 13:28:24,Broadway & W 51 St,6779,Madison Ave & E 82 St,7188,40.76228826,-73.98336183,40.7781314,-73.96069399,member
1817954,48B1ACA4DFB37768,electric_bike,2021-09-29 14:13:45,2021-09-29 14:33:05,Broadway & W 51 St,6779,Madison Ave & E 82 St,7188,40.76228826,-73.98336183,40.7781314,-73.96069399,member
1818009,F966FD5D0376AF58,electric_bike,2021-09-24 14:45:11,2021-09-24 15:09:10,Broadway & W 38 St,6560,Madison Ave & E 82 St,7188,40.7529728216068,-73.98734897375107,40.7781314,-73.96069399,member
1818012,6293880131C430AB,electric_bike,2021-09-20 07:07:35,2021-09-20 07:43:56,W 16 St & The High Line,6233,Madison Ave & E 82 St,7188,40.74334935,-74.00681753,40.7781314,-73.96069399,member
1818107,82045567A49A7446,classic_bike,2021-09-24 12:19:39,2021-09-24 12:24:40,E 66 St & Madison Ave,6969,Madison Ave & E 82 St,7188,40.76800889305947,-73.96845281124115,40.7781314,-73.96069399,member
1818109,1EAF9354C534F779,classic_bike,2021-09-26 14:38:06,2021-09-26 14:45:48,E 66 St & Madison Ave,6969,Madison Ave & E 82 St,7188,40.76800889305947,-73.96845281124115,40.7781314,-73.96069399,casual
1818161,2BF57E196E32D397,classic_bike,2021-09-16 09:52:35,2021-09-16 10:03:47,E 85 St & York Ave,7146,Madison Ave & E 82 St,7188,40.77536905,-73.94803392,40.7781314,-73.96069399,casual
1818177,339E50C1B3FB1FC6,electric_bike,2021-09-11 16:38:02,2021-09-11 17:28:40,36 Ave & 31 St,6572,Madison Ave & E 82 St,7188,40.75651272984955,-73.92957486212252,40.7781314,-73.96069399,casual
1818232,3F26DF49C1BE2308,electric_bike,2021-09-07 16:49:48,2021-09-07 17:10:53,8 Ave & W 38 St,6526,Madison Ave & E 82 St,7188,40.75461,-73.99177,40.7781314,-73.96069399,casual
1818243,8B7024408C6CB0E8,classic_bike,2021-09-29 12:22:16,2021-09-29 12:45:05,8 Ave & W 38 St,6526,Madison Ave & E 82 St,7188,40.75461,-73.99177,40.7781314,-73.96069399,casual
1818259,DA87BD494BA5B1ED,electric_bike,2021-09-20 09:51:00,2021-09-20 10:14:50,8 Ave & W 38 St,6526,Madison Ave & E 82 St,7188,40.75461,-73.99177,40.7781314,-73.96069399,casual
1818274,511C492207AD293F,electric_bike,2021-09-11 21:01:33,2021-09-11 21:07:23,E 85 St & York Ave,7146,Madison Ave & E 82 St,7188,40.77536905,-73.94803392,40.7781314,-73.96069399,member
1818276,64AAE39BF6C83E28,classic_bike,2021-09-20 16:14:44,2021-09-20 16:20:40,E 66 St & Madison Ave,6969,Madison Ave & E 82 St,7188,40.76800889305947,-73.96845281124115,40.7781314,-73.96069399,member
1818297,49F71F788524E4E8,electric_bike,2021-09-12 06:56:51,2021-09-12 07:09:59,8 Ave & W 38 St,6526,Madison Ave & E 82 St,7188,40.75461,-73.99177,40.7781314,-73.96069399,member
1818325,663D291DBBA6B468,classic_bike,2021-09-26 13:56:20,2021-09-26 14:07:07,E 85 St & York Ave,7146,Madison Ave & E 82 St,7188,40.77536905,-73.94803392,40.7781314,-73.96069399,casual
1818341,684A185451871A0A,electric_bike,2021-09-24 12:08:47,2021-09-24 12:55:07,E 66 St & Madison Ave,6969,Madison Ave & E 82 St,7188,40.76800889305947,-73.96845281124115,40.7781314,-73.96069399,casual
1818354,D04EA677CBC754A1,electric_bike,2021-09-24 15:22:04,2021-09-24 23:03:28,8 Ave & W 38 St,6526,Madison Ave & E 82 St,7188,40.75461,-73.99177,40.7781314,-73.96069399,member
1818372,AA2A677D720415AA,classic_bike,2021-09-18 11:05:50,2021-09-18 11:32:39,8 Ave & W 38 St,6526,Madison Ave & E 82 St,7188,40.75461,-73.99177,40.7781314,-73.96069399,casual
1818381,A379A560BF5BD2BB,electric_bike,2021-09-03 17:14:44,2021-09-03 17:25:50,E 66 St & Madison Ave,6969,Madison Ave & E 82 St,7188,40.76800889305947,-73.96845281124115,40.7781314,-73.96069399,casual
1818422,B682A58CBB29430E,classic_bike,2021-09-22 11:43:18,2021-09-22 12:04:01,5 Ave & E 72 St,7100,Madison Ave & E 82 St,7188,40.77282817,-73.96685276,40.7781314,-73.96069399,casual
1818427,AE5EDA748465E809,electric_bike,2021-09-15 16:34:34,2021-09-15 17:02:42,Central Park West & W 85 St,7354,Madison Ave & E 82 St,7188,40.78476,-73.969862,40.7781314,-73.96069399,member
1818430,2C52EF6FCA7930F5,classic_bike,2021-09-22 19:44:26,2021-09-22 19:52:12,5 Ave & E 72 St,7100,Madison Ave & E 82 St,7188,40.77282817,-73.96685276,40.7781314,-73.96069399,member
1818448,6900E74E886F2938,classic_bike,2021-09-13 15:43:35,2021-09-13 15:50:44,5 Ave & E 72 St,7100,Madison Ave & E 82 St,7188,40.77282817,-73.96685276,40.7781314,-73.96069399,member
1818451,DD456D92F7004880,classic_bike,2021-09-12 12:27:50,2021-09-12 12:38:15,Central Park West & W 85 St,7354,Madison Ave & E 82 St,7188,40.78476,-73.969862,40.7781314,-73.96069399,casual
1818459,A9CBBBBFCF7E306A,classic_bike,2021-09-26 11:32:33,2021-09-26 12:00:34,5 Ave & E 72 St,7100,Madison Ave & E 82 St,7188,40.77282817,-73.96685276,40.7781314,-73.96069399,casual
1818460,88282B1F2FD47CE2,electric_bike,2021-09-17 15:34:34,2021-09-17 16:13:43,Central Park West & W 85 St,7354,Madison Ave & E 82 St,7188,40.78476,-73.969862,40.7781314,-73.96069399,casual
1818461,DDFCE5DAD847B70F,classic_bike,2021-09-05 11:14:24,2021-09-05 11:27:06,5 Ave & E 72 St,7100,Madison Ave & E 82 St,7188,40.77282817,-73.96685276,40.7781314,-73.96069399,casual
1818475,40DF2A4B17BF9D86,electric_bike,2021-09-03 12:07:43,2021-09-03 12:21:24,Central Park West & W 85 St,7354,Madison Ave & E 82 St,7188,40.78476,-73.969862,40.7781314,-73.96069399,casual
1818476,02B586ADD651C7B4,electric_bike,2021-09-03 12:06:17,2021-09-03 12:21:26,Central Park West & W 85 St,7354,Madison Ave & E 82 St,7188,40.78476,-73.969862,40.7781314,-73.96069399,casual
1818478,C8BE833205C0D968,classic_bike,2021-09-17 15:34:59,2021-09-17 16:14:18,Central Park West & W 85 St,7354,Madison Ave & E 82 St,7188,40.78476,-73.969862,40.7781314,-73.96069399,casual
1818493,E2C943392519D8FF,classic_bike,2021-09-18 11:44:57,2021-09-18 12:32:52,Central Park West & W 85 St,7354,Madison Ave & E 82 St,7188,40.78476,-73.969862,40.7781314,-73.96069399,casual
1818496,CC1F378CEED8399B,classic_bike,2021-09-19 13:01:43,2021-09-19 13:05:25,5 Ave & E 72 St,7100,Madison Ave & E 82 St,7188,40.77282817,-73.96685276,40.7781314,-73.96069399,member
1818497,7E64CC3A1A513994,docked_bike,2021-09-17 08:36:55,2021-09-17 09:04:19,Amsterdam Ave & W 79 St,7311,Madison Ave & E 82 St,7188,40.782939,-73.978652,40.778131,-73.960694,casual
1818509,1A15A6A2347E1E77,classic_bike,2021-09-16 13:35:20,2021-09-16 14:03:15,Cathedral Pkwy & Broadway,7680,Madison Ave & E 82 St,7188,40.804213,-73.96699104,40.7781314,-73.96069399,member
1818512,9FC90EC80A1727D6,electric_bike,2021-09-06 11:53:51,2021-09-06 12:34:24,49 Ave & 21 St,6128,Madison Ave & E 82 St,7188,40.74252,-73.948852,40.7781314,-73.96069399,casual
1818513,3A8195B15C47660B,electric_bike,2021-09-17 15:51:26,2021-09-17 16:05:03,Cathedral Pkwy & Broadway,7680,Madison Ave & E 82 St,7188,40.804213,-73.96699104,40.7781314,-73.96069399,casual
1818517,D2A77A7006AD8BA4,classic_bike,2021-09-22 09:12:40,2021-09-22 09:23:10,Central Park West & W 85 St,7354,Madison Ave & E 82 St,7188,40.78476,-73.969862,40.7781314,-73.96069399,member
1818534,75DABBB48FA47021,electric_bike,2021-09-23 10:07:36,2021-09-23 10:12:15,Central Park West & W 85 St,7354,Madison Ave & E 82 St,7188,40.78476,-73.969862,40.7781314,-73.96069399,member
1818535,D7D99D7DFB9FBB08,electric_bike,2021-09-13 18:58:34,2021-09-13 19:06:38,5 Ave & E 72 St,7100,Madison Ave & E 82 St,7188,40.77282817,-73.96685276,40.7781314,-73.96069399,casual
1818536,A1BAF872FB4FE560,classic_bike,2021-09-17 13:47:52,2021-09-17 14:22:06,Amsterdam Ave & W 79 St,7311,Madison Ave & E 82 St,7188,40.7829391,-73.9786517,40.7781314,-73.96069399,casual
1818606,0FC81CB742E21356,electric_bike,2021-09-04 12:47:31,2021-09-04 13:11:06,E 30 St & Park Ave S,6206,Madison Ave & E 82 St,7188,40.74444921,-73.98303529,40.7781314,-73.96069399,casual
1818755,9D685B5F1C781861,electric_bike,2021-09-17 13:00:31,2021-09-17 13:20:14,2 Ave & E 125 St,7648,Madison Ave & E 82 St,7188,40.802554,-73.933509,40.7781314,-73.96069399,member
1818796,6DCA58F4C1E4E5C5,classic_bike,2021-09-08 17:34:05,2021-09-08 17:43:47,E 66 St & Madison Ave,6969,Madison Ave & E 82 St,7188,40.76800889305947,-73.96845281124115,40.7781314,-73.96069399,member
1818806,FE8494844FC928D8,electric_bike,2021-09-29 14:12:28,2021-09-29 14:39:15,St Marks Pl & 1 Ave,5626,Madison Ave & E 82 St,7188,40.72779126,-73.98564945,40.7781314,-73.96069399,member
1818886,1E338A94AFD66FD9,electric_bike,2021-09-02 08:29:47,2021-09-02 11:19:49,Greenwich Ave & Charles St,5914,Madison Ave & E 82 St,7188,40.735238,-74.000271,40.7781314,-73.96069399,casual
1818889,C1714898683FDF19,electric_bike,2021-09-19 07:43:17,2021-09-19 08:09:29,Frederick Douglass Blvd & W 115 St,7658,Madison Ave & E 82 St,7188,40.8038654,-73.9559308,40.7781314,-73.96069399,member
1818956,170108345A7169A4,classic_bike,2021-09-20 07:31:46,2021-09-20 07:54:16,Frederick Douglass Blvd & W 115 St,7658,Madison Ave & E 82 St,7188,40.8038654,-73.9559308,40.7781314,-73.96069399,member
1819000,35969C0BC352EDEC,classic_bike,2021-09-22 14:34:43,2021-09-22 15:03:56,Greenwich Ave & Charles St,5914,Madison Ave & E 82 St,7188,40.735238,-74.000271,40.7781314,-73.96069399,member
1819030,78D75865BAF7362F,classic_bike,2021-09-11 10:46:43,2021-09-11 11:01:23,Frederick Douglass Blvd & W 117 St,7688,Madison Ave & E 82 St,7188,40.805159,-73.954692,40.7781314,-73.96069399,member
1819049,B50AB713813C54DF,classic_bike,2021-09-11 18:44:14,2021-09-11 19:10:30,Broadway & W 122 St,7783,Madison Ave & E 82 St,7188,40.8120562,-73.9612547,40.7781314,-73.96069399,member
1819067,4CAA99EEAABEDC97,classic_bike,2021-09-01 13:56:14,2021-09-01 14:00:57,E 81 St & 2 Ave,7121,Madison Ave & E 82 St,7188,40.77477944895728,-73.95427465438843,40.7781314,-73.96069399,member
1819068,5B821355E0A263BF,classic_bike,2021-09-21 12:19:57,2021-09-21 12:41:34,6 Ave & W 45 St,6593,Madison Ave & E 82 St,7188,40.756951,-73.982631,40.7781314,-73.96069399,member
1819073,33D6D5BF4530B3B7,classic_bike,2021-09-29 07:51:30,2021-09-29 08:07:58,6 Ave & W 45 St,6593,Madison Ave & E 82 St,7188,40.756951,-73.982631,40.7781314,-73.96069399,member
1819076,1ED9939D45CDC6F0,classic_bike,2021-09-16 18:06:53,2021-09-16 18:12:27,E 81 St & 2 Ave,7121,Madison Ave & E 82 St,7188,40.77477944895728,-73.95427465438843,40.7781314,-73.96069399,member
1819085,274C3A10F0463685,classic_bike,2021-09-25 16:11:50,2021-09-25 17:11:54,6 Ave & W 45 St,6593,Madison Ave & E 82 St,7188,40.756951,-73.982631,40.7781314,-73.96069399,casual
1819092,BA314D221CD120C5,classic_bike,2021-09-18 12:59:38,2021-09-18 13:20:54,W 63 St & Broadway,7052,Madison Ave & E 82 St,7188,40.77163851,-73.98261428,40.7781314,-73.96069399,member
1819099,A79747279AE9E686,electric_bike,2021-09-02 11:31:20,2021-09-02 11:59:56,W 116 St & Amsterdam Ave,7692,Madison Ave & E 82 St,7188,40.8067581,-73.9607082,40.7781314,-73.96069399,casual
1819162,8DFD68F336B4CA89,classic_bike,2021-09-25 12:39:44,2021-09-25 13:01:41,6 Ave & W 45 St,6593,Madison Ave & E 82 St,7188,40.756951,-73.982631,40.7781314,-73.96069399,member
1819163,03A9F8587BC72A66,classic_bike,2021-09-24 08:01:12,2021-09-24 08:16:56,6 Ave & W 45 St,6593,Madison Ave & E 82 St,7188,40.756951,-73.982631,40.7781314,-73.96069399,member
1819165,5E7E2C9EC4C9C736,classic_bike,2021-09-25 09:33:44,2021-09-25 09:37:33,E 81 St & 2 Ave,7121,Madison Ave & E 82 St,7188,40.77477944895728,-73.95427465438843,40.7781314,-73.96069399,member
1819166,88BCBB4058E76C00,electric_bike,2021-09-23 12:39:40,2021-09-23 13:42:30,5 Ave & 3 St,3987,Madison Ave & E 82 St,7188,40.6728155,-73.98352355,40.7781314,-73.96069399,member
1819174,39416F132A008775,classic_bike,2021-09-18 12:59:54,2021-09-18 13:30:22,6 Ave & W 45 St,6593,Madison Ave & E 82 St,7188,40.756951,-73.982631,40.7781314,-73.96069399,member
1819175,5BBA3CDF580604A9,classic_bike,2021-09-26 16:05:01,2021-09-26 16:40:53,E 48 St & 3 Ave,6541,Madison Ave & E 82 St,7188,40.7546011026,-73.971878855,40.7781314,-73.96069399,member
1819228,4617C96CD61D41E5,classic_bike,2021-09-23 17:24:34,2021-09-23 17:30:43,E 84 St & 1 Ave,7180,Madison Ave & E 82 St,7188,40.77565541,-73.95068615,40.7781314,-73.96069399,member
1819267,C5CD8D52581670C5,electric_bike,2021-09-17 12:56:53,2021-09-17 13:03:31,E 81 St & 2 Ave,7121,Madison Ave & E 82 St,7188,40.77477944895728,-73.95427465438843,40.7781314,-73.96069399,member
1819275,086C240D16714E4E,electric_bike,2021-09-16 11:25:35,2021-09-16 11:38:20,E 48 St & 3 Ave,6541,Madison Ave & E 82 St,7188,40.7546011026,-73.971878855,40.7781314,-73.96069399,casual
1819293,A985894DDEE0BD1B,classic_bike,2021-09-18 14:29:32,2021-09-18 14:42:32,E 81 St & 2 Ave,7121,Madison Ave & E 82 St,7188,40.77477944895728,-73.95427465438843,40.7781314,-73.96069399,member
1819315,93DD28D69A261FB2,classic_bike,2021-09-13 19:37:16,2021-09-13 19:45:50,E 81 St & 2 Ave,7121,Madison Ave & E 82 St,7188,40.77477944895728,-73.95427465438843,40.7781314,-73.96069399,member
1819324,DCDC7B5BC4C270CF,electric_bike,2021-09-23 16:07:22,2021-09-23 16:24:10,E 39 St & Lexington Ave,6389,Madison Ave & E 82 St,7188,40.7494985460252,-73.97729203113158,40.7781314,-73.96069399,casual
1819331,C59A23281E98B0F3,classic_bike,2021-09-23 12:03:30,2021-09-23 12:20:36,6 Ave & W 45 St,6593,Madison Ave & E 82 St,7188,40.756951,-73.982631,40.7781314,-73.96069399,casual
1819333,A308961BD998F9AF,classic_bike,2021-09-19 12:57:41,2021-09-19 13:32:42,6 Ave & W 45 St,6593,Madison Ave & E 82 St,7188,40.756951,-73.982631,40.7781314,-73.96069399,casual
1819335,C2FF1B58E3D0FD2F,classic_bike,2021-09-26 15:10:44,2021-09-26 15:30:21,6 Ave & W 45 St,6593,Madison Ave & E 82 St,7188,40.756951,-73.982631,40.7781314,-73.96069399,member
1819338,6D4967A8B7661B73,electric_bike,2021-09-16 11:44:17,2021-09-16 11:47:10,E 81 St & 2 Ave,7121,Madison Ave & E 82 St,7188,40.77477944895728,-73.95427465438843,40.7781314,-73.96069399,member
1819355,357D276344FBBF2D,electric_bike,2021-09-21 15:35:38,2021-09-21 15:59:42,Broadway & W 131 St,7865,Madison Ave & E 82 St,7188,40.817555,-73.957163,40.7781314,-73.96069399,casual
1819361,7E79BD7415785BE2,classic_bike,2021-09-10 16:34:34,2021-09-10 17:14:32,E 23 St & 1 Ave,5929,Madison Ave & E 82 St,7188,40.736502,-73.97809472,40.7781314,-73.96069399,member
1819454,4042197758642BFB,electric_bike,2021-09-10 20:17:24,2021-09-10 20:57:52,Allen St & Hester St,5342,Madison Ave & E 82 St,7188,40.71605866,-73.99190759,40.7781314,-73.96069399,member
1819501,D344C63DEBEBB1CB,classic_bike,2021-09-18 11:56:26,2021-09-18 12:03:12,W 87 St & Amsterdam Ave,7458,Madison Ave & E 82 St,7188,40.78839,-73.9747,40.7781314,-73.96069399,casual
1819557,F0BA1926510D1981,classic_bike,2021-09-02 14:11:18,2021-09-02 14:47:48,E 23 St & 1 Ave,5929,Madison Ave & E 82 St,7188,40.736502,-73.97809472,40.7781314,-73.96069399,member
1819568,7FBF5E67BEE90A5C,electric_bike,2021-09-24 20:19:35,2021-09-24 20:28:27,2 Ave & E 99 St,7386,Madison Ave & E 82 St,7188,40.7862586,-73.94552579,40.7781314,-73.96069399,member
1819615,EFF78A4707740B50,electric_bike,2021-09-19 09:00:29,2021-09-19 09:29:53,Gansevoort St & Hudson St,6072,Madison Ave & E 82 St,7188,40.73944820130404,-74.00507032871246,40.7781314,-73.96069399,casual
1819637,F501F94798BEEF28,electric_bike,2021-09-24 19:02:17,2021-09-24 19:44:35,Frederick Douglass Blvd & W 117 St,7688,Madison Ave & E 82 St,7188,40.805159,-73.954692,40.7781314,-73.96069399,member
1819648,D618A95D3C84B91E,electric_bike,2021-09-18 06:44:33,2021-09-18 07:01:39,E 23 St & 1 Ave,5929,Madison Ave & E 82 St,7188,40.736502,-73.97809472,40.7781314,-73.96069399,member
1819765,9641A1E5BA67CC33,electric_bike,2021-09-04 10:56:40,2021-09-04 12:21:57,Cliff St & Fulton St,5065,Madison Ave & E 82 St,7188,40.70838,-74.00495,40.7781314,-73.96069399,member
1819816,AC5EDC2FBCBB118E,electric_bike,2021-09-10 16:33:40,2021-09-10 16:53:53,W 113 St & Broadway,7713,Madison Ave & E 82 St,7188,40.805973,-73.964928,40.7781314,-73.96069399,member
1819827,5A9FF87D3AED5998,classic_bike,2021-09-28 16:38:22,2021-09-28 16:52:34,E 47 St & Park Ave,6584,Madison Ave & E 82 St,7188,40.75510267,-73.97498696,40.7781314,-73.96069399,member
1819839,44110850E41B85E7,classic_bike,2021-09-13 17:26:55,2021-09-13 17:43:33,E 47 St & Park Ave,6584,Madison Ave & E 82 St,7188,40.75510267,-73.97498696,40.7781314,-73.96069399,member
1819877,3C20838AB11EB243,classic_bike,2021-09-18 10:24:15,2021-09-18 10:47:22,2 Ave & E 31 St,6197,Madison Ave & E 82 St,7188,40.74290902,-73.97706058,40.7781314,-73.96069399,member
1819967,529F58BF17C36266,classic_bike,2021-09-25 11:45:12,2021-09-25 12:16:06,West End Ave & W 60 St,7059,Madison Ave & E 82 St,7188,40.77237,-73.99005,40.7781314,-73.96069399,member
1820131,5076001150D00C70,classic_bike,2021-09-28 17:54:27,2021-09-28 18:03:11,5 Ave & E 103 St,7511,Madison Ave & E 82 St,7188,40.7922553,-73.95249933,40.7781314,-73.96069399,casual
1820142,E8D78A56A930868C,electric_bike,2021-09-24 12:31:33,2021-09-24 13:01:31,E 30 St & Park Ave S,6206,Madison Ave & E 82 St,7188,40.74444921,-73.98303529,40.7781314,-73.96069399,casual
1820194,56306E395397D1F2,classic_bike,2021-09-08 14:56:58,2021-09-08 15:05:25,5 Ave & E 103 St,7511,Madison Ave & E 82 St,7188,40.7922553,-73.95249933,40.7781314,-73.96069399,member
1820208,9DAB02B161420E2B,electric_bike,2021-09-06 12:29:53,2021-09-06 12:58:22,5 Ave & E 103 St,7511,Madison Ave & E 82 St,7188,40.7922553,-73.95249933,40.7781314,-73.96069399,casual
1820210,BD11CCEA87C9DAD4,electric_bike,2021-09-12 10:41:25,2021-09-12 10:59:54,5 Ave & E 103 St,7511,Madison Ave & E 82 St,7188,40.7922553,-73.95249933,40.7781314,-73.96069399,casual
1820219,73102A8C9A33F77A,classic_bike,2021-09-02 16:37:54,2021-09-02 16:42:51,5 Ave & E 72 St,7100,Madison Ave & E 82 St,7188,40.77282817,-73.96685276,40.7781314,-73.96069399,member
1820220,9AAB1C0B00466418,classic_bike,2021-09-25 16:23:09,2021-09-25 16:26:51,5 Ave & E 72 St,7100,Madison Ave & E 82 St,7188,40.77282817,-73.96685276,40.7781314,-73.96069399,member
1820227,7A3F745EB39946FC,classic_bike,2021-09-22 17:50:01,2021-09-22 18:05:02,5 Ave & E 72 St,7100,Madison Ave & E 82 St,7188,40.77282817,-73.96685276,40.7781314,-73.96069399,casual
1820253,E7EA76513C28A3B3,classic_bike,2021-09-14 12:04:45,2021-09-14 12:09:46,5 Ave & E 72 St,7100,Madison Ave & E 82 St,7188,40.77282817,-73.96685276,40.7781314,-73.96069399,member
1820260,475159E609EDE55E,electric_bike,2021-09-07 13:38:14,2021-09-07 13:54:06,5 Ave & E 72 St,7100,Madison Ave & E 82 St,7188,40.77282817,-73.96685276,40.7781314,-73.96069399,casual
1820262,3E6265F84084D5C5,classic_bike,2021-09-19 15:48:31,2021-09-19 16:06:07,5 Ave & E 72 St,7100,Madison Ave & E 82 St,7188,40.77282817,-73.96685276,40.7781314,-73.96069399,casual
1820276,F894C2405349D802,classic_bike,2021-09-28 16:12:39,2021-09-28 16:20:31,Central Park West & W 85 St,7354,Madison Ave & E 82 St,7188,40.78476,-73.969862,40.7781314,-73.96069399,member
1820283,2FE092D269F4A51F,classic_bike,2021-09-27 17:11:28,2021-09-27 18:01:07,5 Ave & E 72 St,7100,Madison Ave & E 82 St,7188,40.77282817,-73.96685276,40.7781314,-73.96069399,casual
1820318,E502C8E197433FBC,electric_bike,2021-09-13 09:15:55,2021-09-13 09:41:58,Morton St & Washington St,5772,Madison Ave & E 82 St,7188,40.73115,-74.00887,40.7781314,-73.96069399,member
1820322,0C1E5CD86BAEB051,classic_bike,2021-09-22 11:43:18,2021-09-22 12:04:09,5 Ave & E 72 St,7100,Madison Ave & E 82 St,7188,40.77282817,-73.96685276,40.7781314,-73.96069399,casual
1820324,52ED778EDE2FA9F6,classic_bike,2021-09-25 20:45:15,2021-09-25 20:56:03,Amsterdam Ave & W 79 St,7311,Madison Ave & E 82 St,7188,40.7829391,-73.9786517,40.7781314,-73.96069399,member
1820337,B8065E9524777100,classic_bike,2021-09-19 14:29:18,2021-09-19 14:57:30,Central Park West & W 85 St,7354,Madison Ave & E 82 St,7188,40.78476,-73.969862,40.7781314,-73.96069399,casual
1820339,8A2B6F38FC2F4BAA,classic_bike,2021-09-05 19:51:35,2021-09-05 20:24:09,5 Ave & E 72 St,7100,Madison Ave & E 82 St,7188,40.77282817,-73.96685276,40.7781314,-73.96069399,casual
1820354,C2FC86C83662501A,classic_bike,2021-09-16 13:29:19,2021-09-16 13:36:59,5 Ave & E 103 St,7511,Madison Ave & E 82 St,7188,40.7922553,-73.95249933,40.7781314,-73.96069399,casual
1820357,F3C2EDC55D31B8B2,classic_bike,2021-09-10 14:05:03,2021-09-10 15:07:22,5 Ave & E 103 St,7511,Madison Ave & E 82 St,7188,40.7922553,-73.95249933,40.7781314,-73.96069399,casual
1820361,58DFDA57313B5C20,classic_bike,2021-09-02 06:29:46,2021-09-02 06:35:30,5 Ave & E 72 St,7100,Madison Ave & E 82 St,7188,40.77282817,-73.96685276,40.7781314,-73.96069399,member
1820368,330F4E5A0C8D0D73,classic_bike,2021-09-21 18:40:42,2021-09-21 18:51:08,Amsterdam Ave & W 79 St,7311,Madison Ave & E 82 St,7188,40.7829391,-73.9786517,40.7781314,-73.96069399,member
1820370,9A413928E6F19ADA,classic_bike,2021-09-11 10:16:37,2021-09-11 10:34:58,Central Park West & W 85 St,7354,Madison Ave & E 82 St,7188,40.78476,-73.969862,40.7781314,-73.96069399,casual
1820377,F06252A2FAA7E500,classic_bike,2021-09-07 19:01:55,2021-09-07 19:06:35,5 Ave & E 72 St,7100,Madison Ave & E 82 St,7188,40.77282817,-73.96685276,40.7781314,-73.96069399,casual
1820386,237164862213A049,classic_bike,2021-09-26 10:48:24,2021-09-26 11:49:42,E 93 St & 2 Ave,7286,Madison Ave & E 82 St,7188,40.782454175279874,-73.9489196240902,40.7781314,-73.96069399,casual
1820408,54420178AC1F8CCD,classic_bike,2021-09-07 11:26:20,2021-09-07 12:00:26,8 Ave & W 38 St,6526,Madison Ave & E 82 St,7188,40.75461,-73.99177,40.7781314,-73.96069399,casual
1820456,4FD360B57113586B,classic_bike,2021-09-05 14:52:42,2021-09-05 15:00:03,W 84 St & Columbus Ave,7382,Madison Ave & E 82 St,7188,40.78499979,-73.97283406,40.7781314,-73.96069399,member
1820459,5AF32CCED64FA752,classic_bike,2021-09-26 16:22:54,2021-09-26 16:47:12,W 84 St & Columbus Ave,7382,Madison Ave & E 82 St,7188,40.78499979,-73.97283406,40.7781314,-73.96069399,casual
1820461,B2C875B5238BC626,classic_bike,2021-09-14 18:37:40,2021-09-14 18:44:22,E 85 St & 3 Ave,7212,Madison Ave & E 82 St,7188,40.77801203,-73.95407149,40.7781314,-73.96069399,casual
1820462,9F2102B26439352F,classic_bike,2021-09-11 19:58:36,2021-09-11 20:27:08,W 84 St & Columbus Ave,7382,Madison Ave & E 82 St,7188,40.78499979,-73.97283406,40.7781314,-73.96069399,casual
1820480,3C4DEF0287E09B65,classic_bike,2021-09-18 15:35:40,2021-09-18 15:44:44,W 84 St & Columbus Ave,7382,Madison Ave & E 82 St,7188,40.78499979,-73.97283406,40.7781314,-73.96069399,member
1820487,226AAB509AAC5955,classic_bike,2021-09-29 15:05:05,2021-09-29 15:13:11,E 85 St & 3 Ave,7212,Madison Ave & E 82 St,7188,40.77801203,-73.95407149,40.7781314,-73.96069399,member
1820488,75D74B7273C0F694,classic_bike,2021-09-16 17:06:00,2021-09-16 17:29:01,E 56 St & 3 Ave,6691,Madison Ave & E 82 St,7188,40.75934501,-73.96759673,40.7781314,-73.96069399,member
1820490,87B09200F4D5483A,classic_bike,2021-09-26 14:28:58,2021-09-26 14:34:54,E 85 St & 3 Ave,7212,Madison Ave & E 82 St,7188,40.77801203,-73.95407149,40.7781314,-73.96069399,member
1820491,E104DF9779373417,electric_bike,2021-09-21 08:17:04,2021-09-21 08:54:16,E 85 St & 3 Ave,7212,Madison Ave & E 82 St,7188,40.77801203,-73.95407149,40.7781314,-73.96069399,member
1820492,0E6FA2EB7376C2EE,electric_bike,2021-09-26 13:50:28,2021-09-26 13:54:13,E 85 St & 3 Ave,7212,Madison Ave & E 82 St,7188,40.77801203,-73.95407149,40.7781314,-73.96069399,member
1820497,1E01323C96D77AAA,electric_bike,2021-09-28 16:47:04,2021-09-28 16:51:36,E 85 St & 3 Ave,7212,Madison Ave & E 82 St,7188,40.77801203,-73.95407149,40.7781314,-73.96069399,member
1820499,D8591A9400846609,classic_bike,2021-09-11 10:01:01,2021-09-11 10:11:16,E 85 St & 3 Ave,7212,Madison Ave & E 82 St,7188,40.77801203,-73.95407149,40.7781314,-73.96069399,member
1820500,7D7F25E6765BE10C,electric_bike,2021-09-02 10:02:23,2021-09-02 10:06:48,E 85 St & 3 Ave,7212,Madison Ave & E 82 St,7188,40.77801203,-73.95407149,40.7781314,-73.96069399,member
1820505,BF5486E2C5046A68,electric_bike,2021-09-17 17:03:30,2021-09-17 17:11:42,E 85 St & 3 Ave,7212,Madison Ave & E 82 St,7188,40.77801203,-73.95407149,40.7781314,-73.96069399,casual
1820516,3AD11269F6E3BE16,classic_bike,2021-09-20 18:28:04,2021-09-20 18:48:55,E 47 St & 2 Ave,6498,Madison Ave & E 82 St,7188,40.75323098,-73.97032517,40.7781314,-73.96069399,member
1820527,0F236B9FFA5265EB,classic_bike,2021-09-06 12:35:22,2021-09-06 12:55:59,E 66 St & Madison Ave,6969,Madison Ave & E 82 St,7188,40.76800889305947,-73.96845281124115,40.7781314,-73.96069399,casual
1820533,B5E5E11681244356,classic_bike,2021-09-09 15:10:20,2021-09-09 15:19:01,E 85 St & York Ave,7146,Madison Ave & E 82 St,7188,40.77536905,-73.94803392,40.7781314,-73.96069399,member
1820543,2FBD3C22D59DD7C2,classic_bike,2021-09-14 21:04:41,2021-09-14 21:07:35,E 85 St & 3 Ave,7212,Madison Ave & E 82 St,7188,40.77801203,-73.95407149,40.7781314,-73.96069399,member
1820549,29499E36F466C67E,classic_bike,2021-09-26 14:49:14,2021-09-26 15:25:48,W 84 St & Columbus Ave,7382,Madison Ave & E 82 St,7188,40.78499979,-73.97283406,40.7781314,-73.96069399,casual
1820554,173F48592525E3F2,classic_bike,2021-09-02 15:54:53,2021-09-02 15:58:42,E 85 St & 3 Ave,7212,Madison Ave & E 82 St,7188,40.77801203,-73.95407149,40.7781314,-73.96069399,casual
1820561,A2B102E384395913,electric_bike,2021-09-25 09:12:45,2021-09-25 09:18:59,E 85 St & 3 Ave,7212,Madison Ave & E 82 St,7188,40.77801203,-73.95407149,40.7781314,-73.96069399,member
1820573,DCF05DEBCEC0B87E,classic_bike,2021-09-27 15:37:57,2021-09-27 15:41:51,E 85 St & 3 Ave,7212,Madison Ave & E 82 St,7188,40.77801203,-73.95407149,40.7781314,-73.96069399,member
1820575,FC803866AF659271,classic_bike,2021-09-30 10:47:47,2021-09-30 10:52:55,E 85 St & 3 Ave,7212,Madison Ave & E 82 St,7188,40.77801203,-73.95407149,40.7781314,-73.96069399,casual
1820580,F27352AD3410D9B0,electric_bike,2021-09-22 06:34:21,2021-09-22 07:13:44,W 16 St & The High Line,6233,Madison Ave & E 82 St,7188,40.74334935,-74.00681753,40.7781314,-73.96069399,member
1820618,67F561374364EEEC,classic_bike,2021-09-18 12:59:37,2021-09-18 13:39:44,Broadway & W 25 St,6173,Madison Ave & E 82 St,7188,40.74286877312112,-73.98918628692627,40.7781314,-73.96069399,casual
1820633,F1E86201B0530417,classic_bike,2021-09-05 15:24:22,2021-09-05 15:31:22,E 91 St & 2 Ave,7286,Madison Ave & E 82 St,7188,40.78115276427916,-73.94963040947914,40.7781314,-73.96069399,member
1820634,E30E6E78876860A2,classic_bike,2021-09-23 14:20:32,2021-09-23 14:46:51,Columbus Ave & W 103 St,7595,Madison Ave & E 82 St,7188,40.7969347,-73.9643412291,40.7781314,-73.96069399,casual
1820651,94900F3581429D96,electric_bike,2021-09-23 12:12:53,2021-09-23 12:33:08,1 Ave & E 39 St,6303,Madison Ave & E 82 St,7188,40.74714,-73.97113,40.7781314,-73.96069399,member
1820660,D1E86E1E67C023BB,classic_bike,2021-09-17 19:18:51,2021-09-17 19:37:28,Columbus Ave & W 103 St,7595,Madison Ave & E 82 St,7188,40.7969347,-73.9643412291,40.7781314,-73.96069399,casual
1820805,4BA17365781BDB2E,classic_bike,2021-09-18 09:50:17,2021-09-18 09:58:31,E 91 St & 2 Ave,7286,Madison Ave & E 82 St,7188,40.78115276427916,-73.94963040947914,40.7781314,-73.96069399,member
1820815,63B537FC230C5707,classic_bike,2021-09-02 10:51:03,2021-09-02 11:02:06,E 91 St & 2 Ave,7286,Madison Ave & E 82 St,7188,40.78115276427916,-73.94963040947914,40.7781314,-73.96069399,casual
1820816,A5EFBB87B73CE772,classic_bike,2021-09-11 14:58:11,2021-09-11 15:18:10,1 Ave & E 39 St,6303,Madison Ave & E 82 St,7188,40.74714,-73.97113,40.7781314,-73.96069399,casual
1820859,51B2854455D16CDF,classic_bike,2021-09-04 09:46:02,2021-09-04 10:07:06,1 Ave & E 39 St,6303,Madison Ave & E 82 St,7188,40.74714,-73.97113,40.7781314,-73.96069399,member
1820882,21EAE931CFAB7580,classic_bike,2021-09-23 08:37:05,2021-09-23 08:44:18,E 91 St & 2 Ave,7286,Madison Ave & E 82 St,7188,40.78115276427916,-73.94963040947914,40.7781314,-73.96069399,casual
1820883,16B9AEFDEBADFCAF,classic_bike,2021-09-24 19:12:32,2021-09-24 20:08:11,W 29 St & 9 Ave,6416,Madison Ave & E 82 St,7188,40.7500727,-73.99839279,40.7781314,-73.96069399,casual
1820939,112B558EED08F58C,classic_bike,2021-09-21 14:50:04,2021-09-21 14:51:42,E 81 St & Park Ave,7188,Madison Ave & E 82 St,7188,40.77677702,-73.9590097,40.7781314,-73.96069399,casual
1820941,7735FA07DBB46C45,electric_bike,2021-09-08 23:28:05,2021-09-08 23:34:39,E 81 St & Park Ave,7188,Central Park West & W 68 St,7079,40.77677702,-73.9590097,40.7734066,-73.97782542,member
1820942,F9F52EC421DDB42D,classic_bike,2021-09-04 16:23:02,2021-09-04 16:49:59,Columbus Ave & W 95 St,7520,Madison Ave & E 82 St,7188,40.7919557,-73.968087,40.7781314,-73.96069399,member
1820944,2D83464C067141F9,electric_bike,2021-09-26 21:39:30,2021-09-26 21:48:47,Columbus Ave & W 95 St,7520,Madison Ave & E 82 St,7188,40.7919557,-73.968087,40.7781314,-73.96069399,casual
1820950,5B96360BCA21F44C,electric_bike,2021-09-18 18:43:51,2021-09-18 18:56:51,E 81 St & Park Ave,7188,W 107 St & Columbus Ave,7619,40.77677702,-73.9590097,40.7997568,-73.9621128676,member
1820956,89BD0F3BD058366E,classic_bike,2021-09-21 16:09:38,2021-09-21 16:21:31,E 81 St & Park Ave,7188,Madison Ave & E 82 St,7188,40.77677702,-73.9590097,40.7781314,-73.96069399,member
1820958,0C37CB117E639B00,classic_bike,2021-09-19 18:45:37,2021-09-19 19:15:23,Columbus Ave & W 95 St,7520,Madison Ave & E 82 St,7188,40.7919557,-73.968087,40.7781314,-73.96069399,member
1821034,C04BD6A6A37BF1FD,classic_bike,2021-09-16 13:55:27,2021-09-16 14:12:53,Broadway & W 51 St,6779,Madison Ave & E 82 St,7188,40.76228826,-73.98336183,40.7781314,-73.96069399,member
1821098,FC06AE7FD5A9DB3C,classic_bike,2021-09-16 06:59:23,2021-09-16 07:15:41,W 52 St & 11 Ave,6926,Madison Ave & E 82 St,7188,40.76727216,-73.99392888,40.7781314,-73.96069399,casual
1821099,AFA389299248F7F3,classic_bike,2021-09-11 17:23:35,2021-09-11 18:08:58,10 Ave & W 28 St,6459,Madison Ave & E 82 St,7188,40.75066386,-74.00176802,40.7781314,-73.96069399,casual
1821159,7FBB57A3E608DC07,classic_bike,2021-09-22 09:55:41,2021-09-22 10:31:03,2 Ave & E 55 St,6650,Madison Ave & E 82 St,7188,40.757920208794026,-73.96638214588165,40.7781314,-73.96069399,casual
1821208,10010E25B64A67EA,classic_bike,2021-09-12 12:44:05,2021-09-12 13:07:39,E 44 St & Lexington Ave,6464,Madison Ave & E 82 St,7188,40.752643,-73.974996,40.7781314,-73.96069399,member
1821209,C665F5872B40C7BA,classic_bike,2021-09-24 13:16:45,2021-09-24 13:28:53,Riverside Dr & W 78 St,7340,Madison Ave & E 82 St,7188,40.78414472,-73.98362492,40.7781314,-73.96069399,member
1821311,453B55835EBE8E3B,classic_bike,2021-09-22 09:57:48,2021-09-22 10:30:35,2 Ave & E 55 St,6650,Madison Ave & E 82 St,7188,40.757920208794026,-73.96638214588165,40.7781314,-73.96069399,casual
1821354,038CF833FC5C651E,electric_bike,2021-09-17 17:01:12,2021-09-17 17:35:08,Calyer St & Jewel St,5743,Madison Ave & E 82 St,7188,40.72984,-73.94839,40.7781314,-73.96069399,casual
1821390,9945C0C5BEC94488,classic_bike,2021-09-27 17:32:29,2021-09-27 17:50:19,E 40 St & 5 Ave,6474,Madison Ave & E 82 St,7188,40.752062307,-73.9816324043,40.7781314,-73.96069399,member
1821410,D1FBDB2AD90C4AEF,electric_bike,2021-09-11 09:13:54,2021-09-11 09:29:00,11 Ave & W 41 St,6726,Madison Ave & E 82 St,7188,40.76030096,-73.99884222,40.7781314,-73.96069399,member
1821442,C3E62B46F3B6CA46,classic_bike,2021-09-02 12:08:34,2021-09-02 13:18:47,Bedford Ave & Nassau Ave,5550,Madison Ave & E 82 St,7188,40.72311651,-73.95212324,40.7781314,-73.96069399,casual
1821457,B7BA6220B0776B5C,electric_bike,2021-09-13 06:44:32,2021-09-13 07:04:27,28 St & 36 Ave,6614,Madison Ave & E 82 St,7188,40.757186,-73.932719,40.7781314,-73.96069399,member
1821497,F60084DDE9B40094,electric_bike,2021-09-24 13:28:00,2021-09-24 13:50:37,E 27 St & 1 Ave,6004,Madison Ave & E 82 St,7188,40.739445,-73.976806,40.7781314,-73.96069399,member
1821569,D7E181957851661D,classic_bike,2021-09-02 12:51:13,2021-09-02 13:50:01,University Pl & E 8 St,5755,Madison Ave & E 82 St,7188,40.73143724085228,-73.99490341544151,40.7781314,-73.96069399,casual
1821594,786297552C1240DD,classic_bike,2021-09-12 12:37:52,2021-09-12 12:39:30,E 81 St & Park Ave,7188,Madison Ave & E 82 St,7188,40.77677702,-73.9590097,40.7781314,-73.96069399,member
1821595,B63DFAFBE286A196,classic_bike,2021-09-25 21:18:55,2021-09-25 21:20:20,E 81 St & Park Ave,7188,Madison Ave & E 82 St,7188,40.77677702,-73.9590097,40.7781314,-73.96069399,member
1821596,2B5F8EC1CBCC395A,classic_bike,2021-09-12 18:07:45,2021-09-12 19:22:18,E 81 St & Park Ave,7188,Madison Ave & E 82 St,7188,40.77677702,-73.9590097,40.7781314,-73.96069399,casual
1821621,297C560B35117FC4,electric_bike,2021-09-26 19:19:55,2021-09-26 19:55:27,1 Ave & E 39 St,6303,Madison Ave & E 82 St,7188,40.74714,-73.97113,40.7781314,-73.96069399,casual
1821633,C37389839B70F51B,classic_bike,2021-09-27 18:20:53,2021-09-27 18:38:43,E 81 St & Park Ave,7188,Pleasant Ave & E 120 St,7579,40.77677702,-73.9590097,40.7974772,-73.9311847,member
1821636,A6597805ED090DD7,classic_bike,2021-09-23 12:06:34,2021-09-23 12:08:03,E 81 St & Park Ave,7188,Madison Ave & E 82 St,7188,40.77677702,-73.9590097,40.7781314,-73.96069399,member
1821640,BA009353CEB30C53,classic_bike,2021-09-24 16:50:46,2021-09-24 17:21:41,Broadway & W 29 St,6289,Madison Ave & E 82 St,7188,40.7462009,-73.98855723,40.7781314,-73.96069399,casual
1821687,679D5D1D3E73AEA9,classic_bike,2021-09-24 16:50:31,2021-09-24 17:21:44,Broadway & W 29 St,6289,Madison Ave & E 82 St,7188,40.7462009,-73.98855723,40.7781314,-73.96069399,casual
1821700,ADA5A265C12D5F08,classic_bike,2021-09-22 11:27:20,2021-09-22 11:31:52,E 85 St & 3 Ave,7212,Madison Ave & E 82 St,7188,40.77801203,-73.95407149,40.7781314,-73.96069399,member
1821701,D37B2A6BD07DF703,electric_bike,2021-09-23 12:30:32,2021-09-23 12:45:31,E 47 St & 2 Ave,6498,Madison Ave & E 82 St,7188,40.75323098,-73.97032517,40.7781314,-73.96069399,member
1821706,012E78FA60757982,classic_bike,2021-09-24 18:50:06,2021-09-24 19:17:10,Broadway & W 29 St,6289,Madison Ave & E 82 St,7188,40.7462009,-73.98855723,40.7781314,-73.96069399,casual
1821707,68A3257D0B2E637F,classic_bike,2021-09-25 12:44:38,2021-09-25 13:23:16,Broadway & W 29 St,6289,Madison Ave & E 82 St,7188,40.7462009,-73.98855723,40.7781314,-73.96069399,casual
1821728,B9A5D9558E4375FC,classic_bike,2021-09-21 14:08:11,2021-09-21 14:27:26,E 123 St & Lexington Ave,7636,Madison Ave & E 82 St,7188,40.8029263,-73.9379,40.7781314,-73.96069399,member
1821735,D70E4C8E942A7CF0,classic_bike,2021-09-28 14:05:43,2021-09-28 14:25:49,E 123 St & Lexington Ave,7636,Madison Ave & E 82 St,7188,40.8029263,-73.9379,40.7781314,-73.96069399,member
1821736,5B82363D21722D43,classic_bike,2021-09-13 14:02:09,2021-09-13 14:22:06,E 123 St & Lexington Ave,7636,Madison Ave & E 82 St,7188,40.8029263,-73.9379,40.7781314,-73.96069399,member
1821739,E400EF747C44EE55,classic_bike,2021-09-04 15:16:07,2021-09-04 15:41:43,Broadway & W 29 St,6289,Madison Ave & E 82 St,7188,40.7462009,-73.98855723,40.7781314,-73.96069399,casual
1821740,FD0C01D565B3E566,classic_bike,2021-09-04 14:31:06,2021-09-04 15:01:50,Broadway & W 29 St,6289,Madison Ave & E 82 St,7188,40.7462009,-73.98855723,40.7781314,-73.96069399,casual
1821756,A5DD5BA04FABB75B,classic_bike,2021-09-03 15:31:48,2021-09-03 15:35:49,E 85 St & 3 Ave,7212,Madison Ave & E 82 St,7188,40.77801203,-73.95407149,40.7781314,-73.96069399,member
1821774,0F91F024E5BB649D,classic_bike,2021-09-22 14:04:01,2021-09-22 14:25:21,E 123 St & Lexington Ave,7636,Madison Ave & E 82 St,7188,40.8029263,-73.9379,40.7781314,-73.96069399,member
1821882,A19FC34E86E352E4,classic_bike,2021-09-22 15:45:59,2021-09-22 16:03:35,W 44 St & 5 Ave,6551,Madison Ave & E 82 St,7188,40.75500254,-73.98014437,40.7781314,-73.96069399,member
1821932,122F3BC38D9F586B,electric_bike,2021-09-05 12:03:17,2021-09-05 12:31:46,W 44 St & 5 Ave,6551,Madison Ave & E 82 St,7188,40.75500254,-73.98014437,40.7781314,-73.96069399,member
1821953,26FAB5F261C4497D,classic_bike,2021-09-18 12:46:32,2021-09-18 12:53:52,E 93 St & 2 Ave,7286,Madison Ave & E 82 St,7188,40.782454175279874,-73.9489196240902,40.7781314,-73.96069399,member
1821955,CA3B671E81196A64,classic_bike,2021-09-11 10:53:42,2021-09-11 11:07:21,E 93 St & 2 Ave,7286,Madison Ave & E 82 St,7188,40.782454175279874,-73.9489196240902,40.7781314,-73.96069399,casual
1822000,5BC07D22518F1EFD,electric_bike,2021-09-20 13:33:01,2021-09-20 13:40:23,E 93 St & 2 Ave,7286,Madison Ave & E 82 St,7188,40.782454175279874,-73.9489196240902,40.7781314,-73.96069399,member
1822027,2229070634D2F5EA,classic_bike,2021-09-07 08:02:22,2021-09-07 08:19:37,E 47 St & 1 Ave,6498,Madison Ave & E 82 St,7188,40.75206862,-73.96784384,40.7781314,-73.96069399,member
1822044,9DFCE8CCB5EE989E,classic_bike,2021-09-06 14:25:37,2021-09-06 14:33:39,E 93 St & 2 Ave,7286,Madison Ave & E 82 St,7188,40.782454175279874,-73.9489196240902,40.7781314,-73.96069399,member
1822061,65180AC4E20FD603,classic_bike,2021-09-06 14:11:18,2021-09-06 14:36:16,E 47 St & 1 Ave,6498,Madison Ave & E 82 St,7188,40.75206862,-73.96784384,40.7781314,-73.96069399,member
1822074,619E5D33105FABB9,classic_bike,2021-09-13 14:19:19,2021-09-13 14:33:23,W 44 St & 5 Ave,6551,Madison Ave & E 82 St,7188,40.75500254,-73.98014437,40.7781314,-73.96069399,member
1822106,3154C93EFAC11554,docked_bike,2021-09-23 13:11:48,2021-09-23 15:41:28,W 44 St & 5 Ave,6551,Madison Ave & E 82 St,7188,40.755003,-73.980144,40.778131,-73.960694,casual
1822112,207EDBA9A88E3BF4,classic_bike,2021-09-28 14:40:31,2021-09-28 15:14:13,6 Ave & Canal St,5500,Madison Ave & E 82 St,7188,40.72243797,-74.00566443,40.7781314,-73.96069399,casual
1822117,253D00BE34A99C25,electric_bike,2021-09-23 08:17:37,2021-09-23 08:33:26,West End Ave & W 60 St,7059,Madison Ave & E 82 St,7188,40.77237,-73.99005,40.7781314,-73.96069399,casual
1822121,C945C5A67E57A75C,classic_bike,2021-09-22 15:40:02,2021-09-22 16:03:05,West End Ave & W 60 St,7059,Madison Ave & E 82 St,7188,40.77237,-73.99005,40.7781314,-73.96069399,member
1822139,34457A9CE601E052,classic_bike,2021-09-17 12:41:36,2021-09-17 12:59:39,Riverside Dr & W 104 St,7623,Madison Ave & E 82 St,7188,40.8013434,-73.9711457439,40.7781314,-73.96069399,member
1822145,7F61435982B1A127,electric_bike,2021-09-24 14:00:13,2021-09-24 14:18:04,W 44 St & 5 Ave,6551,Madison Ave & E 82 St,7188,40.75500254,-73.98014437,40.7781314,-73.96069399,member
1822187,A02BA63D9608BAB5,classic_bike,2021-09-06 12:35:37,2021-09-06 12:58:22,5 Ave & E 103 St,7511,Madison Ave & E 82 St,7188,40.7922553,-73.95249933,40.7781314,-73.96069399,casual
1822189,AFB0813FD3715755,classic_bike,2021-09-30 07:55:32,2021-09-30 08:11:24,E 47 St & 1 Ave,6498,Madison Ave & E 82 St,7188,40.75206862,-73.96784384,40.7781314,-73.96069399,member
1822276,FBFC6F50AB587886,electric_bike,2021-09-19 11:57:01,2021-09-19 12:12:04,Amsterdam Ave & W 73 St,7260,Madison Ave & E 82 St,7188,40.77966809007312,-73.98093044757842,40.7781314,-73.96069399,casual
1822336,F3E8FA2902FB5EDC,classic_bike,2021-09-15 10:16:15,2021-09-15 11:14:17,6 Ave & W 34 St,6364,Madison Ave & E 82 St,7188,40.74964,-73.98805,40.7781314,-73.96069399,casual
1822462,1AF8738DE82264B0,classic_bike,2021-09-14 14:06:02,2021-09-14 14:24:10,Lexington Ave & E 120 St,7652,Madison Ave & E 82 St,7188,40.8013066,-73.9398167,40.7781314,-73.96069399,member
1822467,CA9571221DCF2D47,classic_bike,2021-09-26 14:22:48,2021-09-26 14:57:25,6 Ave & W 34 St,6364,Madison Ave & E 82 St,7188,40.74964,-73.98805,40.7781314,-73.96069399,casual
1822470,DDE2212E2B46234A,classic_bike,2021-09-29 13:09:26,2021-09-29 13:42:49,Cleveland Pl & Spring St,5492,Madison Ave & E 82 St,7188,40.722103786686034,-73.99724900722504,40.7781314,-73.96069399,member
1822523,C55B49FF051B8C7B,classic_bike,2021-09-29 16:24:55,2021-09-29 16:51:08,E 47 St & Park Ave,6584,Madison Ave & E 82 St,7188,40.75510267,-73.97498696,40.7781314,-73.96069399,member
1822540,C65520F9A08C5D72,classic_bike,2021-09-13 19:55:39,2021-09-13 20:00:16,E 81 St & 2 Ave,7121,Madison Ave & E 82 St,7188,40.77477944895728,-73.95427465438843,40.7781314,-73.96069399,member
1822541,B00B88D233E9CF1D,classic_bike,2021-09-18 16:49:38,2021-09-18 17:05:41,6 Ave & W 45 St,6593,Madison Ave & E 82 St,7188,40.756951,-73.982631,40.7781314,-73.96069399,member
1822584,93E8BF8A260BE419,electric_bike,2021-09-24 11:41:23,2021-09-24 12:24:19,Watts St & Greenwich St,5578,Madison Ave & E 82 St,7188,40.72405549,-74.00965965,40.7781314,-73.96069399,casual
1822587,6E7290850E0A3B49,classic_bike,2021-09-06 09:16:11,2021-09-06 10:12:33,North Moore St & Greenwich St,5470,Madison Ave & E 82 St,7188,40.72019521437465,-74.0103006362915,40.7781314,-73.96069399,casual
1822607,ECCBC2723A8648E4,classic_bike,2021-09-25 11:17:27,2021-09-25 12:48:32,Maiden Ln & Pearl St,5065,Madison Ave & E 82 St,7188,40.70706456,-74.00731853,40.7781314,-73.96069399,casual
1822609,AE6FDCDA70E1785D,electric_bike,2021-09-17 12:46:33,2021-09-17 13:02:24,E 48 St & 3 Ave,6541,Madison Ave & E 82 St,7188,40.7546011026,-73.971878855,40.7781314,-73.96069399,member
1822619,6179735486B60EFF,classic_bike,2021-09-26 19:23:46,2021-09-26 19:39:40,6 Ave & W 45 St,6593,Madison Ave & E 82 St,7188,40.756951,-73.982631,40.7781314,-73.96069399,member
1822667,3F43A993C4C20485,electric_bike,2021-09-30 12:59:16,2021-09-30 13:15:51,E 47 St & Park Ave,6584,Madison Ave & E 82 St,7188,40.75510267,-73.97498696,40.7781314,-73.96069399,member
1822681,3DCED2A586FB0675,classic_bike,2021-09-09 15:00:35,2021-09-09 15:09:19,W 76 St & Columbus Ave,7281,Madison Ave & E 82 St,7188,40.7801839724239,-73.97728532552719,40.7781314,-73.96069399,casual
1822690,A8C5B51ED9414B4F,classic_bike,2021-09-12 13:20:47,2021-09-12 14:02:13,W 76 St & Columbus Ave,7281,Madison Ave & E 82 St,7188,40.7801839724239,-73.97728532552719,40.7781314,-73.96069399,member
1822705,66DF91C44C74E523,electric_bike,2021-09-19 00:14:31,2021-09-19 00:21:29,W 76 St & Columbus Ave,7281,Madison Ave & E 82 St,7188,40.7801839724239,-73.97728532552719,40.7781314,-73.96069399,member
1822757,1C5F7082691D9CF3,classic_bike,2021-09-15 14:34:01,2021-09-15 14:43:32,W 76 St & Columbus Ave,7281,Madison Ave & E 82 St,7188,40.7801839724239,-73.97728532552719,40.7781314,-73.96069399,member
1822762,062B9F43CCD16E47,docked_bike,2021-09-17 17:14:11,2021-09-17 17:38:06,Central Park S & 6 Ave,6876,Madison Ave & E 82 St,7188,40.765909,-73.976342,40.778131,-73.960694,casual
1822766,B21FBEF5DFD28A3E,classic_bike,2021-09-07 18:18:16,2021-09-07 18:28:01,Central Park S & 6 Ave,6876,Madison Ave & E 82 St,7188,40.76590936,-73.97634151,40.7781314,-73.96069399,member
1822778,4DA1A8A87766B521,classic_bike,2021-09-05 11:28:43,2021-09-05 11:58:21,E 39 St & Lexington Ave,6389,Madison Ave & E 82 St,7188,40.7494985460252,-73.97729203113158,40.7781314,-73.96069399,casual
1822783,6196D41BD95E2106,classic_bike,2021-09-20 12:54:55,2021-09-20 13:22:55,E 48 St & 3 Ave,6541,Madison Ave & E 82 St,7188,40.7546011026,-73.971878855,40.7781314,-73.96069399,casual
1822796,D7F2622327E6F325,classic_bike,2021-09-13 17:07:39,2021-09-13 17:17:46,Central Park S & 6 Ave,6876,Madison Ave & E 82 St,7188,40.76590936,-73.97634151,40.7781314,-73.96069399,member
1822819,FAF0989CCEE38044,classic_bike,2021-09-06 10:51:28,2021-09-06 11:19:09,Central Park S & 6 Ave,6876,Madison Ave & E 82 St,7188,40.76590936,-73.97634151,40.7781314,-73.96069399,casual
1822829,366D564DF245FF6B,classic_bike,2021-09-11 06:10:39,2021-09-11 06:25:27,Central Park S & 6 Ave,6876,Madison Ave & E 82 St,7188,40.76590936,-73.97634151,40.7781314,-73.96069399,casual
1822849,E782DCA156A7D28F,electric_bike,2021-09-04 15:24:59,2021-09-04 15:53:51,E 39 St & Lexington Ave,6389,Madison Ave & E 82 St,7188,40.7494985460252,-73.97729203113158,40.7781314,-73.96069399,member
1822883,405EBCF5A233634D,electric_bike,2021-09-16 13:43:46,2021-09-16 14:23:37,E 16 St & 5 Ave,6022,Madison Ave & E 82 St,7188,40.73726186,-73.99238967,40.7781314,-73.96069399,casual
1822902,06CA1B09AE5AFDE7,classic_bike,2021-09-12 05:43:58,2021-09-12 06:22:59,Central Park S & 6 Ave,6876,Madison Ave & E 82 St,7188,40.76590936,-73.97634151,40.7781314,-73.96069399,member
1822907,0CA52825435ED0F1,classic_bike,2021-09-03 13:51:15,2021-09-03 14:31:28,Central Park S & 6 Ave,6876,Madison Ave & E 82 St,7188,40.76590936,-73.97634151,40.7781314,-73.96069399,casual
1822925,255A3C91426FE819,classic_bike,2021-09-12 13:03:39,2021-09-12 13:12:10,E 91 St & Park Ave,7344,Madison Ave & E 82 St,7188,40.7835016,-73.955327,40.7781314,-73.96069399,casual
1822939,F145F200F909662D,classic_bike,2021-09-12 13:01:46,2021-09-12 13:12:55,E 91 St & Park Ave,7344,Madison Ave & E 82 St,7188,40.7835016,-73.955327,40.7781314,-73.96069399,casual
1822997,0BD02FE0529DA7E1,classic_bike,2021-09-01 10:57:10,2021-09-01 11:33:52,E 48 St & 3 Ave,6541,Madison Ave & E 82 St,7188,40.7546011026,-73.971878855,40.7781314,-73.96069399,casual
1823008,FD92328BCA51C23E,classic_bike,2021-09-06 15:55:23,2021-09-06 16:02:31,E 81 St & 2 Ave,7121,Madison Ave & E 82 St,7188,40.77477944895728,-73.95427465438843,40.7781314,-73.96069399,casual
1823022,8B338B65EC4BA4DE,classic_bike,2021-09-08 17:58:58,2021-09-08 18:02:30,E 91 St & Park Ave,7344,Madison Ave & E 82 St,7188,40.7835016,-73.955327,40.7781314,-73.96069399,member
1823088,D19BD3B3DF013052,classic_bike,2021-09-18 14:20:59,2021-09-18 14:48:46,Frederick Douglass Blvd & W 117 St,7688,Madison Ave & E 82 St,7188,40.805159,-73.954692,40.7781314,-73.96069399,casual
1823091,F62F935BCE86CA36,classic_bike,2021-09-30 06:48:25,2021-09-30 07:03:13,Riverside Dr & W 72 St,7288,Madison Ave & E 82 St,7188,40.78057799010334,-73.98562431335449,40.7781314,-73.96069399,casual
1823092,A83A5D38C945EBBF,classic_bike,2021-09-05 13:14:52,2021-09-05 13:50:42,5 Ave & E 29 St,6248,Madison Ave & E 82 St,7188,40.7451677,-73.98683077,40.7781314,-73.96069399,casual
1823121,654526A15C2013DF,classic_bike,2021-09-11 15:57:12,2021-09-11 16:39:54,Allen St & Stanton St,5484,Madison Ave & E 82 St,7188,40.722055,-73.989111,40.7781314,-73.96069399,member
1823129,1E609F158E776DC9,classic_bike,2021-09-25 14:33:09,2021-09-25 14:43:34,Central Park W & W 91 St,7453,Madison Ave & E 82 St,7188,40.78866499127884,-73.96680057048798,40.7781314,-73.96069399,casual
1823134,B211789467EBEBF9,classic_bike,2021-09-02 16:03:00,2021-09-02 16:33:15,Central Park W & W 91 St,7453,Madison Ave & E 82 St,7188,40.78866499127884,-73.96680057048798,40.7781314,-73.96069399,casual
1823145,457245EFA8F401EF,classic_bike,2021-09-18 18:56:41,2021-09-18 19:14:39,Central Park W & W 91 St,7453,Madison Ave & E 82 St,7188,40.78866499127884,-73.96680057048798,40.7781314,-73.96069399,member
1823150,856079674EC76E6E,classic_bike,2021-09-26 12:38:31,2021-09-26 12:44:53,Central Park W & W 91 St,7453,Madison Ave & E 82 St,7188,40.78866499127884,-73.96680057048798,40.7781314,-73.96069399,member
1823165,ABD5A84579C8E025,classic_bike,2021-09-23 13:43:15,2021-09-23 14:06:45,Central Park W & W 91 St,7453,Madison Ave & E 82 St,7188,40.78866499127884,-73.96680057048798,40.7781314,-73.96069399,casual
1823228,D004DF3B5A64C35E,classic_bike,2021-09-29 08:09:08,2021-09-29 08:22:04,W 92 St & Broadway,7502,Madison Ave & E 82 St,7188,40.7921,-73.9739,40.7781314,-73.96069399,member
1823229,DBBEBD9DF8CF7881,classic_bike,2021-09-23 08:15:40,2021-09-23 08:30:58,W 92 St & Broadway,7502,Madison Ave & E 82 St,7188,40.7921,-73.9739,40.7781314,-73.96069399,member
1823254,4E246F2AF81B7B2B,classic_bike,2021-09-17 14:47:00,2021-09-17 15:00:39,6 Ave & W 45 St,6593,Madison Ave & E 82 St,7188,40.756951,-73.982631,40.7781314,-73.96069399,member
1823268,A0586E66D6B7B8DA,classic_bike,2021-09-17 10:36:53,2021-09-17 11:42:23,Central Park W & W 91 St,7453,Madison Ave & E 82 St,7188,40.78866499127884,-73.96680057048798,40.7781314,-73.96069399,member
1823280,4783EBC244141680,classic_bike,2021-09-06 16:21:22,2021-09-06 16:34:58,1 Ave & E 68 St,6822,Madison Ave & E 82 St,7188,40.76500525,-73.95818491,40.7781314,-73.96069399,member
1823282,DADAB470AB4C5320,electric_bike,2021-09-07 16:17:19,2021-09-07 16:29:29,1 Ave & E 68 St,6822,Madison Ave & E 82 St,7188,40.76500525,-73.95818491,40.7781314,-73.96069399,member
1823286,94D9B64C8357AD3B,electric_bike,2021-09-12 08:43:40,2021-09-12 09:13:25,Madison Ave & E 26 St,6131,Madison Ave & E 82 St,7188,40.742684734875695,-73.98671329021454,40.7781314,-73.96069399,member
1823311,DF90E1B57ACD292C,classic_bike,2021-09-21 10:02:26,2021-09-21 10:30:00,Madison Ave & E 26 St,6131,Madison Ave & E 82 St,7188,40.742684734875695,-73.98671329021454,40.7781314,-73.96069399,casual
1823319,9C909F13BEAA5368,classic_bike,2021-09-21 18:49:57,2021-09-21 19:01:57,1 Ave & E 68 St,6822,Madison Ave & E 82 St,7188,40.76500525,-73.95818491,40.7781314,-73.96069399,member
1823332,0CC401A628F9144D,classic_bike,2021-09-21 20:59:06,2021-09-21 21:18:19,E 91 St & Park Ave,7344,Madison Ave & E 82 St,7188,40.7835016,-73.955327,40.7781314,-73.96069399,member
1823347,99C9FE01ECF9D963,classic_bike,2021-09-12 13:00:29,2021-09-12 13:12:13,E 91 St & Park Ave,7344,Madison Ave & E 82 St,7188,40.7835016,-73.955327,40.7781314,-73.96069399,casual
1823350,D9D67019B6235074,electric_bike,2021-09-14 07:16:14,2021-09-14 07:24:53,1 Ave & E 68 St,6822,Madison Ave & E 82 St,7188,40.76500525,-73.95818491,40.7781314,-73.96069399,member
1823353,6F82C3A16371FA80,classic_bike,2021-09-11 12:22:32,2021-09-11 13:08:19,Riverside Blvd & W 67 St,7183,Madison Ave & E 82 St,7188,40.777507027547976,-73.98888587951659,40.7781314,-73.96069399,casual
1823376,4A54D89147A23671,classic_bike,2021-09-20 17:44:58,2021-09-20 17:55:30,Central Park S & 6 Ave,6876,Madison Ave & E 82 St,7188,40.76590936,-73.97634151,40.7781314,-73.96069399,member
1823404,5E34DA361412422E,classic_bike,2021-09-05 12:51:36,2021-09-05 13:33:40,Central Park S & 6 Ave,6876,Madison Ave & E 82 St,7188,40.76590936,-73.97634151,40.7781314,-73.96069399,casual
1823447,8F3CCF076D4B1F17,classic_bike,2021-09-16 15:11:21,2021-09-16 15:55:02,Greenwich St & Hubert St,5470,Madison Ave & E 82 St,7188,40.721319,-74.010065,40.7781314,-73.96069399,member
1823475,B43D3FC09063C54C,electric_bike,2021-09-13 13:28:10,2021-09-13 13:52:58,Mercer St & Bleecker St,5679,Madison Ave & E 82 St,7188,40.72706363348306,-73.99662137031554,40.7781314,-73.96069399,member
1823516,72FECF34D2F95B3F,classic_bike,2021-09-27 11:53:23,2021-09-27 12:10:51,Riverside Dr & W 82 St,7388,Madison Ave & E 82 St,7188,40.78720869,-73.98128127,40.7781314,-73.96069399,member
1823528,0D95A107C4767936,docked_bike,2021-09-17 14:05:31,2021-09-17 14:48:48,Central Park S & 6 Ave,6876,Madison Ave & E 82 St,7188,40.765909,-73.976342,40.778131,-73.960694,casual
1823581,A6FD8877E944F531,classic_bike,2021-09-29 10:58:04,2021-09-29 11:40:28,Christopher St & Greenwich St,5847,Madison Ave & E 82 St,7188,40.73291553,-74.00711384,40.7781314,-73.96069399,member
1823646,901D7D5E1D0278D3,classic_bike,2021-09-06 13:36:26,2021-09-06 14:42:50,W 76 St & Columbus Ave,7281,Madison Ave & E 82 St,7188,40.7801839724239,-73.97728532552719,40.7781314,-73.96069399,casual
1823647,B2BAA6711321AD51,classic_bike,2021-09-24 17:31:58,2021-09-24 17:53:32,W 76 St & Columbus Ave,7281,Madison Ave & E 82 St,7188,40.7801839724239,-73.97728532552719,40.7781314,-73.96069399,casual
1823758,6B9DAECA748F3890,classic_bike,2021-09-11 15:04:16,2021-09-11 15:36:20,8 Ave & W 49 St,6747,Madison Ave & E 82 St,7188,40.76171227910671,-73.98655101656914,40.7781314,-73.96069399,casual
1823783,1140E73ADC5DA688,classic_bike,2021-09-22 09:08:56,2021-09-22 09:45:23,Mercer St & Bleecker St,5679,Madison Ave & E 82 St,7188,40.72706363348306,-73.99662137031554,40.7781314,-73.96069399,member
1823864,03EA88988EB66A70,classic_bike,2021-09-25 09:43:07,2021-09-25 10:03:52,8 Ave & W 49 St,6747,Madison Ave & E 82 St,7188,40.76171227910671,-73.98655101656914,40.7781314,-73.96069399,casual
1823889,2D06DCF0ADCDC397,electric_bike,2021-09-25 12:31:41,2021-09-25 13:17:41,E 12 St & 3 Ave,5788,Madison Ave & E 82 St,7188,40.73223272,-73.98889957,40.7781314,-73.96069399,casual
1823913,04656B6F40AE5B53,classic_bike,2021-09-16 14:35:11,2021-09-16 14:51:27,8 Ave & W 49 St,6747,Madison Ave & E 82 St,7188,40.76171227910671,-73.98655101656914,40.7781314,-73.96069399,member
1823919,D7A817AAE3B60457,classic_bike,2021-09-01 15:55:45,2021-09-01 16:16:08,1 Ave & E 44 St,6379,Madison Ave & E 82 St,7188,40.75001986,-73.96905301,40.7781314,-73.96069399,member
1823923,2A104B9C38307FD8,classic_bike,2021-09-04 10:27:34,2021-09-04 10:42:46,E 47 St & 1 Ave,6498,Madison Ave & E 82 St,7188,40.75206862,-73.96784384,40.7781314,-73.96069399,member
1823942,6BA1C8DF30A614D5,classic_bike,2021-09-15 01:32:14,2021-09-15 01:35:44,5 Ave & E 78 St,7161,Madison Ave & E 82 St,7188,40.77632142182271,-73.96427392959595,40.7781314,-73.96069399,member
1823947,03AABDD1081ED04A,classic_bike,2021-09-11 22:00:40,2021-09-11 22:15:18,W 106 St & Amsterdam Ave,7634,Madison Ave & E 82 St,7188,40.8008363,-73.9664492472,40.7781314,-73.96069399,casual
1823948,931C672674D452B8,electric_bike,2021-09-09 18:16:43,2021-09-09 18:23:14,5 Ave & E 78 St,7161,Madison Ave & E 82 St,7188,40.77632142182271,-73.96427392959595,40.7781314,-73.96069399,member
1823972,764E37BF462F9265,classic_bike,2021-09-02 10:09:04,2021-09-02 10:26:15,W 59 St & 10 Ave,7023,Madison Ave & E 82 St,7188,40.770513,-73.988038,40.7781314,-73.96069399,member
1823973,36010E864CC22304,classic_bike,2021-09-20 07:27:06,2021-09-20 07:41:35,W 106 St & Central Park West,7606,Madison Ave & E 82 St,7188,40.7981856,-73.9605909006,40.7781314,-73.96069399,member
1823974,6D0C26692464E3B1,classic_bike,2021-09-22 07:24:56,2021-09-22 07:39:05,W 106 St & Central Park West,7606,Madison Ave & E 82 St,7188,40.7981856,-73.9605909006,40.7781314,-73.96069399,member
1823975,37E5F366B07122C9,classic_bike,2021-09-23 07:32:42,2021-09-23 07:46:11,W 106 St & Central Park West,7606,Madison Ave & E 82 St,7188,40.7981856,-73.9605909006,40.7781314,-73.96069399,member
1823976,7F513F493AFB54FD,classic_bike,2021-09-21 07:27:41,2021-09-21 07:41:31,W 106 St & Central Park West,7606,Madison Ave & E 82 St,7188,40.7981856,-73.9605909006,40.7781314,-73.96069399,member
1824008,2E709A48E26B3BB1,classic_bike,2021-09-05 12:41:59,2021-09-05 13:14:55,E 11 St & 1 Ave,5746,Madison Ave & E 82 St,7188,40.72953837,-73.98426726,40.7781314,-73.96069399,casual
1824057,F15F42486D928F66,classic_bike,2021-09-03 07:58:14,2021-09-03 08:14:53,E 47 St & 1 Ave,6498,Madison Ave & E 82 St,7188,40.75206862,-73.96784384,40.7781314,-73.96069399,member
1824060,379B25AE6681EA82,electric_bike,2021-09-30 17:56:48,2021-09-30 18:09:06,W 44 St & 5 Ave,6551,Madison Ave & E 82 St,7188,40.75500254,-73.98014437,40.7781314,-73.96069399,member
1824077,3CA7CAF635F8E366,classic_bike,2021-09-14 07:52:33,2021-09-14 08:10:12,E 47 St & 1 Ave,6498,Madison Ave & E 82 St,7188,40.75206862,-73.96784384,40.7781314,-73.96069399,member
1824082,192677C8D5A08E98,classic_bike,2021-09-10 12:45:36,2021-09-10 13:02:34,W 44 St & 5 Ave,6551,Madison Ave & E 82 St,7188,40.75500254,-73.98014437,40.7781314,-73.96069399,member
1824089,54010E0A87D83FA6,classic_bike,2021-09-14 17:01:19,2021-09-14 17:30:25,1 Ave & E 30 St,6079,Madison Ave & E 82 St,7188,40.74144387,-73.97536082,40.7781314,-73.96069399,member
1824112,BA51C53DCCDF16C8,classic_bike,2021-09-05 15:33:37,2021-09-05 15:46:22,W 51 St & 6 Ave,6740,Madison Ave & E 82 St,7188,40.7606597,-73.98042047,40.7781314,-73.96069399,member
1824139,1BCC142DA73AF325,classic_bike,2021-09-12 07:19:07,2021-09-12 07:35:02,E 47 St & 1 Ave,6498,Madison Ave & E 82 St,7188,40.75206862,-73.96784384,40.7781314,-73.96069399,member
1824144,C4E08989EFC40777,electric_bike,2021-09-23 08:39:14,2021-09-23 08:49:19,W 51 St & 6 Ave,6740,Madison Ave & E 82 St,7188,40.7606597,-73.98042047,40.7781314,-73.96069399,member
1824153,ED6925A93F52C99A,classic_bike,2021-09-19 12:33:53,2021-09-19 13:02:51,Riverside Dr & W 104 St,7623,Madison Ave & E 82 St,7188,40.8013434,-73.9711457439,40.7781314,-73.96069399,casual
1824180,7A8105A946A4B872,docked_bike,2021-09-23 13:11:28,2021-09-23 13:47:56,W 44 St & 5 Ave,6551,Madison Ave & E 82 St,7188,40.755003,-73.980144,40.778131,-73.960694,casual
1824182,2295C11C7D869254,electric_bike,2021-09-12 07:06:36,2021-09-12 07:34:56,1 Ave & E 30 St,6079,Madison Ave & E 82 St,7188,40.74144387,-73.97536082,40.7781314,-73.96069399,member
1824201,FA6DEFABC4A063D2,electric_bike,2021-09-11 15:39:32,2021-09-11 15:51:31,W 51 St & 6 Ave,6740,Madison Ave & E 82 St,7188,40.7606597,-73.98042047,40.7781314,-73.96069399,member
1824243,F6FF6E28C21626C9,classic_bike,2021-09-16 11:59:56,2021-09-16 13:05:55,6 Ave & Canal St,5500,Madison Ave & E 82 St,7188,40.72243797,-74.00566443,40.7781314,-73.96069399,casual
1824271,4A8E5E5666B98128,classic_bike,2021-09-18 14:17:53,2021-09-18 14:46:13,W 51 St & 6 Ave,6740,Madison Ave & E 82 St,7188,40.7606597,-73.98042047,40.7781314,-73.96069399,member
1824272,008DF2FE52F73BBD,classic_bike,2021-09-08 17:24:08,2021-09-08 17:40:23,W 51 St & 6 Ave,6740,Madison Ave & E 82 St,7188,40.7606597,-73.98042047,40.7781314,-73.96069399,member
1824337,39A69E291F65C55A,classic_bike,2021-09-20 15:33:30,2021-09-20 15:49:57,E 118 St & 1 Ave,7596,Madison Ave & E 82 St,7188,40.79747,-73.93504,40.7781314,-73.96069399,casual
1824342,200A3C5F07C6448E,electric_bike,2021-09-17 05:10:10,2021-09-17 05:19:19,E 85 St & 3 Ave,7212,Madison Ave & E 82 St,7188,40.77801203,-73.95407149,40.7781314,-73.96069399,casual
1824358,F9B3EDDE2D2715B0,classic_bike,2021-09-11 17:02:30,2021-09-11 17:09:28,W 84 St & Columbus Ave,7382,Madison Ave & E 82 St,7188,40.78499979,-73.97283406,40.7781314,-73.96069399,casual
1824361,12838EEC6D26625C,electric_bike,2021-09-17 05:09:46,2021-09-17 05:19:28,E 85 St & 3 Ave,7212,Madison Ave & E 82 St,7188,40.77801203,-73.95407149,40.7781314,-73.96069399,casual
1824362,E609780BC0C4E212,electric_bike,2021-09-30 19:32:57,2021-09-30 19:36:33,E 85 St & 3 Ave,7212,Madison Ave & E 82 St,7188,40.77801203,-73.95407149,40.7781314,-73.96069399,member
1824372,06A0B682ECB31F74,electric_bike,2021-09-25 11:30:07,2021-09-25 11:52:17,W 22 St & 8 Ave,6224,Madison Ave & E 82 St,7188,40.74475148,-73.99915362,40.7781314,-73.96069399,member
1824380,0B5593DAF482B0A5,classic_bike,2021-09-26 11:54:02,2021-09-26 12:51:13,W 33 St & 7 Ave,6407,Madison Ave & E 82 St,7188,40.75019995,-73.99093085,40.7781314,-73.96069399,casual
1824395,A48EFBFC03255E84,classic_bike,2021-09-18 14:18:03,2021-09-18 14:46:34,W 51 St & 6 Ave,6740,Madison Ave & E 82 St,7188,40.7606597,-73.98042047,40.7781314,-73.96069399,member
1824487,9FC050887EC4B778,electric_bike,2021-09-17 13:00:50,2021-09-17 13:27:41,W 44 St & 5 Ave,6551,Madison Ave & E 82 St,7188,40.75500254,-73.98014437,40.7781314,-73.96069399,member
1824488,61D1994C379AD49B,classic_bike,2021-09-09 08:02:23,2021-09-09 08:19:04,E 47 St & 1 Ave,6498,Madison Ave & E 82 St,7188,40.75206862,-73.96784384,40.7781314,-73.96069399,member
1824502,3F1F21CB625F91FE,classic_bike,2021-09-12 08:53:21,2021-09-12 09:14:47,E 47 St & 1 Ave,6498,Madison Ave & E 82 St,7188,40.75206862,-73.96784384,40.7781314,-73.96069399,member
1824522,5353867CD33A0C06,electric_bike,2021-09-17 08:33:31,2021-09-17 08:43:02,W 51 St & 6 Ave,6740,Madison Ave & E 82 St,7188,40.7606597,-73.98042047,40.7781314,-73.96069399,casual
1824526,7D6C804E24EBA9E5,electric_bike,2021-09-24 12:49:09,2021-09-24 13:12:06,Broadway & W 29 St,6289,Madison Ave & E 82 St,7188,40.7462009,-73.98855723,40.7781314,-73.96069399,member
1824542,D948938ABB526728,classic_bike,2021-09-05 10:59:54,2021-09-05 11:47:20,Broadway & W 29 St,6289,Madison Ave & E 82 St,7188,40.7462009,-73.98855723,40.7781314,-73.96069399,casual
1824570,44CC5D491DAB99DD,classic_bike,2021-09-19 10:16:53,2021-09-19 10:48:12,1 Ave & E 18 St,5854,Madison Ave & E 82 St,7188,40.73381219196632,-73.98054420948029,40.7781314,-73.96069399,member
1824612,1CD3E4F21F437E30,electric_bike,2021-09-06 15:57:21,2021-09-06 16:39:36,31 St & Newtown Ave,6923,Madison Ave & E 82 St,7188,40.7675487799971,-73.9209334552288,40.7781314,-73.96069399,casual
1824656,2C22DCB5638FFC13,classic_bike,2021-09-12 13:57:15,2021-09-12 14:43:54,1 Ave & E 18 St,5854,Madison Ave & E 82 St,7188,40.73381219196632,-73.98054420948029,40.7781314,-73.96069399,member
1824873,57D527D4654527BA,classic_bike,2021-09-25 17:28:07,2021-09-25 17:58:56,12 Ave & W 40 St,6765,Madison Ave & E 82 St,7188,40.76087502,-74.00277668,40.7781314,-73.96069399,member
1824883,B8AE6D626DA885AE,electric_bike,2021-09-12 13:45:41,2021-09-12 14:14:45,E 13 St & Avenue A,5779,Madison Ave & E 82 St,7188,40.72966729392978,-73.98067966103554,40.7781314,-73.96069399,member
1824909,326F35358B4611E5,classic_bike,2021-09-17 16:51:00,2021-09-17 17:28:48,Riverside Dr & W 153 St,8108,Madison Ave & E 82 St,7188,40.832164,-73.949702,40.7781314,-73.96069399,member
1824911,E7984290CE94CEB6,classic_bike,2021-09-18 18:34:30,2021-09-18 18:46:44,1 Ave & E 78 St,7020,Madison Ave & E 82 St,7188,40.77140426,-73.9535166,40.7781314,-73.96069399,member
1824932,8500919493890F06,electric_bike,2021-09-01 10:02:48,2021-09-01 10:25:53,Washington Pl & 6 Ave,5838,Madison Ave & E 82 St,7188,40.73224119,-74.00026394,40.7781314,-73.96069399,member
1824957,DC1DEB15710A3238,electric_bike,2021-09-15 16:38:16,2021-09-15 16:56:40,1 Ave & E 78 St,7020,Madison Ave & E 82 St,7188,40.77140426,-73.9535166,40.7781314,-73.96069399,casual
1824958,B5991A72D64FB272,classic_bike,2021-09-21 09:27:20,2021-09-21 10:00:46,E 25 St & 2 Ave,6046,Madison Ave & E 82 St,7188,40.73912601,-73.97973776,40.7781314,-73.96069399,casual
1824968,87A426A6947BE02D,electric_bike,2021-09-24 11:54:59,2021-09-24 12:02:12,1 Ave & E 78 St,7020,Madison Ave & E 82 St,7188,40.77140426,-73.9535166,40.7781314,-73.96069399,member
1824977,DF3B461FAFFC9A31,classic_bike,2021-09-17 18:46:08,2021-09-17 19:01:30,1 Ave & E 78 St,7020,Madison Ave & E 82 St,7188,40.77140426,-73.9535166,40.7781314,-73.96069399,member
1824978,609AE2067FFD520A,classic_bike,2021-09-26 15:42:58,2021-09-26 16:01:41,1 Ave & E 78 St,7020,Madison Ave & E 82 St,7188,40.77140426,-73.9535166,40.7781314,-73.96069399,casual
1825001,7271A07330C9951B,classic_bike,2021-09-06 12:14:26,2021-09-06 12:25:26,1 Ave & E 78 St,7020,Madison Ave & E 82 St,7188,40.77140426,-73.9535166,40.7781314,-73.96069399,casual
1825005,CBC50D6B6A5F9F19,classic_bike,2021-09-25 11:13:04,2021-09-25 12:08:10,E 3 St & 1 Ave,5553,Madison Ave & E 82 St,7188,40.72467721,-73.98783413,40.7781314,-73.96069399,casual
1825006,CB8C57D8BE65B8FD,electric_bike,2021-09-29 00:19:48,2021-09-29 00:42:37,Washington Pl & 6 Ave,5838,Madison Ave & E 82 St,7188,40.73224119,-74.00026394,40.7781314,-73.96069399,member
1825009,F66C00C94ADE638E,classic_bike,2021-09-02 10:44:48,2021-09-02 10:52:33,1 Ave & E 78 St,7020,Madison Ave & E 82 St,7188,40.77140426,-73.9535166,40.7781314,-73.96069399,member
1825012,99C51090675BF7D6,classic_bike,2021-09-30 08:20:25,2021-09-30 08:38:59,West End Ave & W 107 St,7650,Madison Ave & E 82 St,7188,40.8021174,-73.9681805305,40.7781314,-73.96069399,member
1825014,11B539CBDAA4E343,classic_bike,2021-09-11 15:25:15,2021-09-11 16:13:57,West End Ave & W 107 St,7650,Madison Ave & E 82 St,7188,40.8021174,-73.9681805305,40.7781314,-73.96069399,casual
1825015,51377F567602362E,electric_bike,2021-09-12 14:47:04,2021-09-12 15:11:10,West End Ave & W 107 St,7650,Madison Ave & E 82 St,7188,40.8021174,-73.9681805305,40.7781314,-73.96069399,casual
1825026,DAB7E78387BF4AC4,classic_bike,2021-09-18 12:40:38,2021-09-18 13:56:31,E 25 St & 2 Ave,6046,Madison Ave & E 82 St,7188,40.73912601,-73.97973776,40.7781314,-73.96069399,casual
1825039,CF874CFFDAF1BB77,classic_bike,2021-09-20 17:02:31,2021-09-20 17:08:34,1 Ave & E 78 St,7020,Madison Ave & E 82 St,7188,40.77140426,-73.9535166,40.7781314,-73.96069399,casual
1825049,74A19CDF7036BFD6,electric_bike,2021-09-20 12:49:56,2021-09-20 13:12:31,7 Ave & Central Park South,6912,Madison Ave & E 82 St,7188,40.7667405590595,-73.9790689945221,40.7781314,-73.96069399,casual
1825052,7AEDC9941372913D,classic_bike,2021-09-18 19:01:09,2021-09-18 19:15:29,7 Ave & Central Park South,6912,Madison Ave & E 82 St,7188,40.7667405590595,-73.9790689945221,40.7781314,-73.96069399,casual
1825053,C4DDB85DA1D7BA27,classic_bike,2021-09-21 16:26:37,2021-09-21 17:01:54,7 Ave & Central Park South,6912,Madison Ave & E 82 St,7188,40.7667405590595,-73.9790689945221,40.7781314,-73.96069399,casual
1825083,D36ED97AA18E5D06,docked_bike,2021-09-18 13:45:41,2021-09-18 14:14:08,7 Ave & Central Park South,6912,Madison Ave & E 82 St,7188,40.766741,-73.979069,40.778131,-73.960694,casual
1825084,225E1FC7327E3E26,classic_bike,2021-09-17 02:57:06,2021-09-17 03:05:24,7 Ave & Central Park South,6912,Madison Ave & E 82 St,7188,40.7667405590595,-73.9790689945221,40.7781314,-73.96069399,member
1825091,4A747C3F297F3D4A,electric_bike,2021-09-25 09:22:05,2021-09-25 09:30:06,7 Ave & Central Park South,6912,Madison Ave & E 82 St,7188,40.7667405590595,-73.9790689945221,40.7781314,-73.96069399,member
1825104,324C34720265C0FC,classic_bike,2021-09-25 15:34:03,2021-09-25 16:11:03,7 Ave & Central Park South,6912,Madison Ave & E 82 St,7188,40.7667405590595,-73.9790689945221,40.7781314,-73.96069399,casual
1825105,A8D238F35E59734E,classic_bike,2021-09-25 12:41:46,2021-09-25 13:16:23,7 Ave & Central Park South,6912,Madison Ave & E 82 St,7188,40.7667405590595,-73.9790689945221,40.7781314,-73.96069399,casual
1825128,1ED3DD5732279507,classic_bike,2021-09-21 16:28:07,2021-09-21 17:02:05,7 Ave & Central Park South,6912,Madison Ave & E 82 St,7188,40.7667405590595,-73.9790689945221,40.7781314,-73.96069399,casual
1825131,A8F515DDE8EC2389,classic_bike,2021-09-17 11:55:08,2021-09-17 13:53:50,7 Ave & Central Park South,6912,Madison Ave & E 82 St,7188,40.7667405590595,-73.9790689945221,40.7781314,-73.96069399,casual
1825149,CAB780667702EB3E,electric_bike,2021-09-07 07:36:10,2021-09-07 07:41:30,Madison Ave & E 99 St,7443,Madison Ave & E 82 St,7188,40.78948541553215,-73.95242929458618,40.7781314,-73.96069399,member
1825168,D5C945ECBC02BC2C,classic_bike,2021-09-12 07:36:46,2021-09-12 07:47:15,E 102 St & Park Ave,7488,Madison Ave & E 82 St,7188,40.7904828,-73.95033068,40.7781314,-73.96069399,member
1825190,C7F459274FC29F0F,electric_bike,2021-09-20 06:20:46,2021-09-20 06:45:10,31 St & Newtown Ave,6923,Madison Ave & E 82 St,7188,40.7675487799971,-73.9209334552288,40.7781314,-73.96069399,member
1825236,3FEEAA69A7D55D32,electric_bike,2021-09-27 02:42:28,2021-09-27 02:49:41,E 88 St & 1 Ave,7235,Madison Ave & E 82 St,7188,40.778301,-73.9488134,40.7781314,-73.96069399,member
1825293,B3FD19919C22608B,classic_bike,2021-09-21 19:04:17,2021-09-21 19:23:45,E 44 St & Lexington Ave,6464,Madison Ave & E 82 St,7188,40.752643,-73.974996,40.7781314,-73.96069399,member
1825331,7356E01E7DC01951,classic_bike,2021-09-17 17:23:16,2021-09-17 18:00:01,Amsterdam Ave & W 125 St,7800,Madison Ave & E 82 St,7188,40.813358,-73.956461,40.7781314,-73.96069399,casual
1825337,CD4DBA1F785C982C,classic_bike,2021-09-02 10:17:40,2021-09-02 10:28:45,E 88 St & 1 Ave,7235,Madison Ave & E 82 St,7188,40.778301,-73.9488134,40.7781314,-73.96069399,member
1825340,A95ADA0D7FA7EA5B,classic_bike,2021-09-03 11:20:11,2021-09-03 11:58:26,E 45 St & 3 Ave,6464,Madison Ave & E 82 St,7188,40.75255434,-73.97282625,40.7781314,-73.96069399,casual
1825343,FBF5E3AE22988F5C,electric_bike,2021-09-13 12:40:22,2021-09-13 13:12:44,Allen St & Rivington St,5414,Madison Ave & E 82 St,7188,40.72019576,-73.98997825,40.7781314,-73.96069399,member
1825355,695B1838AA961EA1,classic_bike,2021-09-19 07:39:10,2021-09-19 08:20:09,62 St & Northern Blvd,6536,Madison Ave & E 82 St,7188,40.754176,-73.900318,40.7781314,-73.96069399,member
1825369,5530CD25C9F678E5,classic_bike,2021-09-25 13:07:51,2021-09-25 13:24:01,E 88 St & 1 Ave,7235,Madison Ave & E 82 St,7188,40.778301,-73.9488134,40.7781314,-73.96069399,member
1825485,27CA6922D3E6E664,classic_bike,2021-09-12 10:05:21,2021-09-12 10:11:13,5 Ave & E 93 St,7372,Madison Ave & E 82 St,7188,40.7857851,-73.957481,40.7781314,-73.96069399,casual
1825490,7B052BBC6F4FEB80,electric_bike,2021-09-23 14:30:15,2021-09-23 14:40:53,5 Ave & E 93 St,7372,Madison Ave & E 82 St,7188,40.7857851,-73.957481,40.7781314,-73.96069399,casual
1825493,8769C099DCFB705F,classic_bike,2021-09-11 17:37:44,2021-09-11 17:58:04,W 46 St & 11 Ave,6795,Madison Ave & E 82 St,7188,40.76341379,-73.99667444,40.7781314,-73.96069399,casual
1825507,E15F2A17E32388FF,classic_bike,2021-09-19 18:49:51,2021-09-19 19:07:32,5 Ave & E 93 St,7372,Madison Ave & E 82 St,7188,40.7857851,-73.957481,40.7781314,-73.96069399,casual
1825519,6D8A9D2C513A1F1A,electric_bike,2021-09-10 11:51:36,2021-09-10 12:32:42,5 Ave & E 93 St,7372,Madison Ave & E 82 St,7188,40.7857851,-73.957481,40.7781314,-73.96069399,member
1825524,FA0F20B9AD71D773,classic_bike,2021-09-23 14:30:08,2021-09-23 14:40:50,5 Ave & E 93 St,7372,Madison Ave & E 82 St,7188,40.7857851,-73.957481,40.7781314,-73.96069399,casual
1825549,17CC1F0EFE58E50F,classic_bike,2021-09-07 16:09:08,2021-09-07 16:51:59,1 Ave & E 78 St,7020,Madison Ave & E 82 St,7188,40.77140426,-73.9535166,40.7781314,-73.96069399,casual
1825554,1EADEA83EF5C96C7,electric_bike,2021-09-01 11:11:18,2021-09-01 11:29:38,W 46 St & 11 Ave,6795,Madison Ave & E 82 St,7188,40.76341379,-73.99667444,40.7781314,-73.96069399,member
1825573,261501D3A8AD9EA8,electric_bike,2021-09-25 15:35:41,2021-09-25 15:40:36,5 Ave & E 93 St,7372,Madison Ave & E 82 St,7188,40.7857851,-73.957481,40.7781314,-73.96069399,casual
1825579,7466462C4AE4B8A5,classic_bike,2021-09-04 19:58:26,2021-09-04 20:16:27,W 46 St & 11 Ave,6795,Madison Ave & E 82 St,7188,40.76341379,-73.99667444,40.7781314,-73.96069399,casual
1825601,7791A24AEB464D35,classic_bike,2021-09-24 11:27:31,2021-09-24 12:10:16,7 Ave & Central Park South,6912,Madison Ave & E 82 St,7188,40.7667405590595,-73.9790689945221,40.7781314,-73.96069399,casual
1825607,44BB4AE5EC640E0B,classic_bike,2021-09-22 14:53:42,2021-09-22 15:00:41,5 Ave & E 93 St,7372,Madison Ave & E 82 St,7188,40.7857851,-73.957481,40.7781314,-73.96069399,casual
1825625,2E17D3B63B9121E8,classic_bike,2021-09-21 11:07:36,2021-09-21 11:49:26,W 25 St & 6 Ave,6215,Madison Ave & E 82 St,7188,40.74395411,-73.99144871,40.7781314,-73.96069399,member
1825628,1EE9A70514621885,classic_bike,2021-09-02 10:09:11,2021-09-02 10:46:07,W 25 St & 6 Ave,6215,Madison Ave & E 82 St,7188,40.74395411,-73.99144871,40.7781314,-73.96069399,casual
1825640,A0BBED918F15AC07,classic_bike,2021-09-07 18:19:00,2021-09-07 19:30:33,5 Ave & E 93 St,7372,Madison Ave & E 82 St,7188,40.7857851,-73.957481,40.7781314,-73.96069399,casual
1825643,4969D9EC2DB485EC,classic_bike,2021-09-03 10:12:28,2021-09-03 10:48:42,W 46 St & 11 Ave,6795,Madison Ave & E 82 St,7188,40.76341379,-73.99667444,40.7781314,-73.96069399,casual
1825651,E98C01429ECD6714,classic_bike,2021-09-21 12:53:38,2021-09-21 13:22:40,W 25 St & 6 Ave,6215,Madison Ave & E 82 St,7188,40.74395411,-73.99144871,40.7781314,-73.96069399,member
1825657,0318F7E4AFD0ACB6,classic_bike,2021-09-19 18:47:42,2021-09-19 19:24:20,5 Ave & E 93 St,7372,Madison Ave & E 82 St,7188,40.7857851,-73.957481,40.7781314,-73.96069399,casual
1825679,D0E548A2202041CB,classic_bike,2021-09-18 12:53:39,2021-09-18 13:17:16,5 Ave & E 93 St,7372,Madison Ave & E 82 St,7188,40.7857851,-73.957481,40.7781314,-73.96069399,casual
1825698,79D3127EFB9DC7B7,classic_bike,2021-09-25 18:55:49,2021-09-25 19:18:25,5 Ave & E 93 St,7372,Madison Ave & E 82 St,7188,40.7857851,-73.957481,40.7781314,-73.96069399,member
1825702,14367591D0A76E01,classic_bike,2021-09-24 18:59:45,2021-09-24 19:49:06,5 Ave & E 93 St,7372,Madison Ave & E 82 St,7188,40.7857851,-73.957481,40.7781314,-73.96069399,casual
1825704,2F22A663F282D5CD,classic_bike,2021-09-28 15:18:14,2021-09-28 16:00:21,W 46 St & 11 Ave,6795,Madison Ave & E 82 St,7188,40.76341379,-73.99667444,40.7781314,-73.96069399,casual
1825756,AFF64452E83DA77E,electric_bike,2021-09-26 10:41:17,2021-09-26 11:04:48,5 Ave & E 93 St,7372,Madison Ave & E 82 St,7188,40.7857851,-73.957481,40.7781314,-73.96069399,casual
1825802,667BD2CA4820673B,electric_bike,2021-09-28 12:09:22,2021-09-28 12:15:36,5 Ave & E 93 St,7372,Madison Ave & E 82 St,7188,40.7857851,-73.957481,40.7781314,-73.96069399,casual
1825846,AEE254CEB72A1A9E,classic_bike,2021-09-20 19:28:32,2021-09-20 20:31:59,West St & Chambers St,5329,Madison Ave & E 82 St,7188,40.71754834,-74.01322069,40.7781314,-73.96069399,casual
1825880,74BAC63558793C7A,classic_bike,2021-09-14 09:27:23,2021-09-14 09:52:35,E 41 St & Madison Ave,6474,Madison Ave & E 82 St,7188,40.752165280621966,-73.97992193698882,40.7781314,-73.96069399,member
1825907,CE21220EB225F701,classic_bike,2021-09-29 19:12:05,2021-09-29 19:28:24,E 41 St & Madison Ave,6474,Madison Ave & E 82 St,7188,40.752165280621966,-73.97992193698882,40.7781314,-73.96069399,member
1825970,0FA52B7C2AD5FCC0,electric_bike,2021-09-26 14:55:12,2021-09-26 15:10:51,E 41 St & Madison Ave,6474,Madison Ave & E 82 St,7188,40.752165280621966,-73.97992193698882,40.7781314,-73.96069399,casual
1825983,D7670EA0B371F1FB,classic_bike,2021-09-21 15:50:25,2021-09-21 16:16:13,12 Ave & W 40 St,6765,Madison Ave & E 82 St,7188,40.76087502,-74.00277668,40.7781314,-73.96069399,member
1826049,A870418FFDEBF2C9,docked_bike,2021-09-02 07:21:19,2021-09-02 07:50:40,W 15 St & 7 Ave,6030,Madison Ave & E 82 St,7188,40.739355,-73.999318,40.778131,-73.960694,casual
1826050,CD982D6167ACCB38,classic_bike,2021-09-18 15:56:58,2021-09-18 16:03:05,E 97 St & Madison Ave,7393,Madison Ave & E 82 St,7188,40.787801,-73.953559,40.7781314,-73.96069399,member
1826088,4A49952477D62FE2,classic_bike,2021-09-05 13:46:00,2021-09-05 14:25:00,E 41 St & Madison Ave,6474,Madison Ave & E 82 St,7188,40.752165280621966,-73.97992193698882,40.7781314,-73.96069399,casual
1826111,0A584A01F6C1F553,electric_bike,2021-09-20 17:01:56,2021-09-20 17:12:04,E 97 St & Madison Ave,7393,Madison Ave & E 82 St,7188,40.787801,-73.953559,40.7781314,-73.96069399,casual
1826166,397AC6E76227C887,classic_bike,2021-09-18 13:52:00,2021-09-18 14:12:19,W 45 St & 8 Ave,6676,Madison Ave & E 82 St,7188,40.75929124,-73.98859651,40.7781314,-73.96069399,member
1826177,EBCBADAF604BAE2E,classic_bike,2021-09-20 09:39:56,2021-09-20 10:07:18,W 45 St & 8 Ave,6676,Madison Ave & E 82 St,7188,40.75929124,-73.98859651,40.7781314,-73.96069399,casual
1826183,629634B432902CB2,electric_bike,2021-09-18 13:36:14,2021-09-18 14:00:20,1 Ave & E 18 St,5854,Madison Ave & E 82 St,7188,40.73381219196632,-73.98054420948029,40.7781314,-73.96069399,member
1826210,C1B61FF2698E0524,classic_bike,2021-09-11 13:21:18,2021-09-11 13:35:34,E 84 St & 1 Ave,7180,Madison Ave & E 82 St,7188,40.77565541,-73.95068615,40.7781314,-73.96069399,member
1826230,AAC9A1D9AF01F4A5,classic_bike,2021-09-05 13:45:35,2021-09-05 14:25:31,E 41 St & Madison Ave,6474,Madison Ave & E 82 St,7188,40.752165280621966,-73.97992193698882,40.7781314,-73.96069399,casual
1826254,584057DD59E0A120,classic_bike,2021-09-21 17:22:38,2021-09-21 17:37:10,E 41 St & Madison Ave,6474,Madison Ave & E 82 St,7188,40.752165280621966,-73.97992193698882,40.7781314,-73.96069399,member
1826256,9A694052E2D23FB4,electric_bike,2021-09-02 10:51:44,2021-09-02 11:10:33,8 Ave & W 31 St,6450,Madison Ave & E 82 St,7188,40.7505853470215,-73.9946848154068,40.7781314,-73.96069399,casual
1826257,5D4E7DB0FC45C486,classic_bike,2021-09-04 21:43:05,2021-09-04 22:07:02,W 11 St & 6 Ave,5914,Madison Ave & E 82 St,7188,40.73532427,-73.99800419,40.7781314,-73.96069399,member
1826262,1AED379D2CD34137,classic_bike,2021-09-26 11:59:01,2021-09-26 12:51:15,W 33 St & 7 Ave,6407,Madison Ave & E 82 St,7188,40.75019995,-73.99093085,40.7781314,-73.96069399,casual
1826264,B683C347B7D82F2D,classic_bike,2021-09-24 13:46:44,2021-09-24 14:09:45,W 51 St & 6 Ave,6740,Madison Ave & E 82 St,7188,40.7606597,-73.98042047,40.7781314,-73.96069399,casual
1826270,B740A7727C5028D8,classic_bike,2021-09-02 19:44:52,2021-09-02 20:05:49,W 33 St & 7 Ave,6407,Madison Ave & E 82 St,7188,40.75019995,-73.99093085,40.7781314,-73.96069399,casual
1826273,EE50D0678040F216,classic_bike,2021-09-06 15:54:07,2021-09-06 16:44:56,W 33 St & 7 Ave,6407,Madison Ave & E 82 St,7188,40.75019995,-73.99093085,40.7781314,-73.96069399,casual
1826331,03B2F3E0D3B18293,electric_bike,2021-09-07 09:26:20,2021-09-07 09:52:29,W 4 St & 7 Ave S,5880,Madison Ave & E 82 St,7188,40.73401143,-74.00293877,40.7781314,-73.96069399,member
1826336,939AACA01B15430A,classic_bike,2021-09-02 11:04:56,2021-09-02 11:13:49,E 84 St & 1 Ave,7180,Madison Ave & E 82 St,7188,40.77565541,-73.95068615,40.7781314,-73.96069399,member
1826419,C397D4CA5B860C9B,electric_bike,2021-09-25 20:40:03,2021-09-25 20:51:07,East End Ave & E 86 St,7113,Madison Ave & E 82 St,7188,40.77518615,-73.94446054,40.7781314,-73.96069399,member
1826434,D5EBB59263D8E480,classic_bike,2021-09-26 15:47:08,2021-09-26 16:19:44,W 26 St & 8 Ave,6297,Madison Ave & E 82 St,7188,40.74734825,-73.99723551,40.7781314,-73.96069399,casual
1826446,26B578F0F2E456E6,classic_bike,2021-09-04 10:42:33,2021-09-04 11:05:58,W 47 St & 6 Ave,6667,Madison Ave & E 82 St,7188,40.758397,-73.98255,40.7781314,-73.96069399,casual
1826459,5DEAB8D28122F475,classic_bike,2021-09-29 17:09:22,2021-09-29 17:23:31,W 51 St & 6 Ave,6740,Madison Ave & E 82 St,7188,40.7606597,-73.98042047,40.7781314,-73.96069399,member
1826490,4B3AB3AC9D989B1E,classic_bike,2021-09-12 14:56:36,2021-09-12 15:13:21,W 47 St & 6 Ave,6667,Madison Ave & E 82 St,7188,40.758397,-73.98255,40.7781314,-73.96069399,casual
1826497,E5C233ED5A9390B5,electric_bike,2021-09-15 18:47:17,2021-09-15 19:06:26,W 26 St & 8 Ave,6297,Madison Ave & E 82 St,7188,40.74734825,-73.99723551,40.7781314,-73.96069399,member
1826525,66E397AB75D76D58,classic_bike,2021-09-27 10:20:45,2021-09-27 10:30:54,E 89 St & York Ave,7204,Madison Ave & E 82 St,7188,40.7779453,-73.946041,40.7781314,-73.96069399,member
1826536,AEB69613CD63F6D2,classic_bike,2021-09-17 18:11:08,2021-09-17 18:21:36,W 55 St & 6 Ave,6809,Madison Ave & E 82 St,7188,40.763189,-73.978434,40.7781314,-73.96069399,member
1826541,43A6D17F071D0A58,classic_bike,2021-09-25 11:43:49,2021-09-25 12:00:48,W 55 St & 6 Ave,6809,Madison Ave & E 82 St,7188,40.763189,-73.978434,40.7781314,-73.96069399,casual
1826543,2755C8A8F909F397,classic_bike,2021-09-05 15:09:08,2021-09-05 15:31:18,W 55 St & 6 Ave,6809,Madison Ave & E 82 St,7188,40.763189,-73.978434,40.7781314,-73.96069399,casual
1826556,942A5E5E7E5B9144,electric_bike,2021-09-13 08:35:38,2021-09-13 08:52:14,W 55 St & 6 Ave,6809,Madison Ave & E 82 St,7188,40.763189,-73.978434,40.7781314,-73.96069399,member
1826557,C456837E520D5CC9,electric_bike,2021-09-17 08:48:06,2021-09-17 08:55:18,E 58 St & Madison Ave,6839,Madison Ave & E 82 St,7188,40.76302594280519,-73.97209525108337,40.7781314,-73.96069399,member
1826571,D634CAAB5155731C,classic_bike,2021-09-18 18:16:18,2021-09-18 18:38:59,E 51 St & 2 Ave,6575,Madison Ave & E 82 St,7188,40.755293,-73.967641,40.7781314,-73.96069399,casual
1826576,DF6EC0869C8C31EB,classic_bike,2021-09-10 17:13:55,2021-09-10 17:27:51,W 51 St & 6 Ave,6740,Madison Ave & E 82 St,7188,40.7606597,-73.98042047,40.7781314,-73.96069399,member
1826577,B39BBBF20647764C,classic_bike,2021-09-24 20:46:15,2021-09-24 21:21:55,W 22 St & 8 Ave,6224,Madison Ave & E 82 St,7188,40.74475148,-73.99915362,40.7781314,-73.96069399,casual
1826588,416501444D76F427,classic_bike,2021-09-24 13:46:59,2021-09-24 14:09:45,W 51 St & 6 Ave,6740,Madison Ave & E 82 St,7188,40.7606597,-73.98042047,40.7781314,-73.96069399,casual
1826610,91FA5A3A5117E416,classic_bike,2021-09-24 17:55:57,2021-09-24 18:18:58,E 27 St & Park Ave S,6131,Madison Ave & E 82 St,7188,40.74275179648995,-73.9847157150507,40.7781314,-73.96069399,member
1826651,B04BEA2189E168C0,electric_bike,2021-09-16 09:02:16,2021-09-16 09:15:22,W 51 St & 6 Ave,6740,Madison Ave & E 82 St,7188,40.7606597,-73.98042047,40.7781314,-73.96069399,casual
1826674,700F83BD14E9680C,classic_bike,2021-09-26 14:08:25,2021-09-26 15:44:43,Greenwich Ave & 8 Ave,6072,Madison Ave & E 82 St,7188,40.7390169121,-74.0026376103,40.7781314,-73.96069399,casual
1826719,DF3998AA74A1C9F5,electric_bike,2021-09-11 09:33:10,2021-09-11 09:46:29,W 50 St & 10 Ave,6890,Madison Ave & E 82 St,7188,40.76473420006519,-73.99194359779358,40.7781314,-73.96069399,casual
1826731,4B0292D41211170A,electric_bike,2021-09-24 08:28:04,2021-09-24 09:06:41,Clinton St & Joralemon St,4605,Madison Ave & E 82 St,7188,40.69239502,-73.99337909,40.7781314,-73.96069399,member
1826754,FA234B05055DD462,classic_bike,2021-09-12 11:53:56,2021-09-12 12:19:55,W 106 St & Central Park West,7606,Madison Ave & E 82 St,7188,40.7981856,-73.9605909006,40.7781314,-73.96069399,casual
1826827,360FEF1FD1471506,classic_bike,2021-09-12 14:54:58,2021-09-12 15:12:15,W 59 St & 10 Ave,7023,Madison Ave & E 82 St,7188,40.770513,-73.988038,40.7781314,-73.96069399,member
1826828,242305ED40915A16,classic_bike,2021-09-12 15:56:34,2021-09-12 16:14:55,W 106 St & Central Park West,7606,Madison Ave & E 82 St,7188,40.7981856,-73.9605909006,40.7781314,-73.96069399,member
1826843,D7B527A9775DFCF1,electric_bike,2021-09-11 14:19:50,2021-09-11 14:59:52,W 106 St & Central Park West,7606,Madison Ave & E 82 St,7188,40.7981856,-73.9605909006,40.7781314,-73.96069399,casual
1826884,32BBF9F923FDB547,electric_bike,2021-09-29 15:41:44,2021-09-29 15:54:40,W 59 St & 10 Ave,7023,Madison Ave & E 82 St,7188,40.770513,-73.988038,40.7781314,-73.96069399,member
1826896,19489C0F30197869,classic_bike,2021-09-03 20:30:29,2021-09-03 20:44:41,W 59 St & 10 Ave,7023,Madison Ave & E 82 St,7188,40.770513,-73.988038,40.7781314,-73.96069399,member
1827060,E049DD4E709A2B5D,classic_bike,2021-09-06 10:34:37,2021-09-06 11:01:35,W 31 St & 7 Ave,6331,Madison Ave & E 82 St,7188,40.749156,-73.9916,40.7781314,-73.96069399,member
1827073,966D2AEA2EDE6C48,classic_bike,2021-09-07 07:32:42,2021-09-07 07:53:13,1 Ave & E 44 St,6379,Madison Ave & E 82 St,7188,40.75001986,-73.96905301,40.7781314,-73.96069399,member
1827078,BA1F5F4B3B142D07,electric_bike,2021-09-25 12:41:56,2021-09-25 12:58:32,E 39 St & 2 Ave,6345,Madison Ave & E 82 St,7188,40.74803319428767,-73.973827958107,40.7781314,-73.96069399,member
1827120,29F6A749233B629E,classic_bike,2021-09-15 10:05:31,2021-09-15 10:23:52,W 90 St & Amsterdam Ave,7432,Madison Ave & E 82 St,7188,40.79017948095081,-73.97288918495178,40.7781314,-73.96069399,casual
1827159,E22047EF0478BC52,classic_bike,2021-09-21 14:08:09,2021-09-21 14:21:14,W 51 St & 6 Ave,6740,Madison Ave & E 82 St,7188,40.7606597,-73.98042047,40.7781314,-73.96069399,casual
1827174,9E471958D8BB5799,classic_bike,2021-09-02 17:57:10,2021-09-02 18:40:35,W 15 St & 10 Ave,6115,Madison Ave & E 82 St,7188,40.74275382865903,-74.00747358798981,40.7781314,-73.96069399,casual
1827209,07E9D9737051DAF3,classic_bike,2021-09-11 10:07:19,2021-09-11 10:33:16,12 Ave & W 40 St,6765,Madison Ave & E 82 St,7188,40.76087502,-74.00277668,40.7781314,-73.96069399,member
1827288,0233ACB0C89E7AB0,electric_bike,2021-09-06 11:41:40,2021-09-06 12:06:09,W 31 St & 7 Ave,6331,Madison Ave & E 82 St,7188,40.749156,-73.9916,40.7781314,-73.96069399,casual
1827347,AF16BB9AE8704AB4,electric_bike,2021-09-18 11:43:40,2021-09-18 12:26:21,3 Ave & E 62 St,6762,Madison Ave & E 82 St,7188,40.76312584,-73.96526895,40.7781314,-73.96069399,casual
1827358,155AFB878BA5FC7B,classic_bike,2021-09-29 20:01:25,2021-09-29 20:11:35,W 52 St & 6 Ave,6740,Madison Ave & E 82 St,7188,40.76132983124814,-73.97982001304626,40.7781314,-73.96069399,member
1827369,951306DFE647CDD6,electric_bike,2021-09-21 17:46:26,2021-09-21 18:10:52,W 51 St & 6 Ave,6740,Madison Ave & E 82 St,7188,40.7606597,-73.98042047,40.7781314,-73.96069399,member
1827390,973AA7DD0BE5BFB4,docked_bike,2021-09-17 17:14:23,2021-09-17 17:37:49,Central Park S & 6 Ave,6876,Madison Ave & E 82 St,7188,40.765909,-73.976342,40.778131,-73.960694,casual
1827420,657D267498592870,electric_bike,2021-09-11 12:58:23,2021-09-11 13:20:56,W 52 St & 6 Ave,6740,Madison Ave & E 82 St,7188,40.76132983124814,-73.97982001304626,40.7781314,-73.96069399,casual
1827422,C1CA584BF2F31BAB,classic_bike,2021-09-13 09:32:29,2021-09-13 09:41:09,3 Ave & E 62 St,6762,Madison Ave & E 82 St,7188,40.76312584,-73.96526895,40.7781314,-73.96069399,casual
1827423,7176908F7CCA0664,electric_bike,2021-09-17 11:37:03,2021-09-17 12:01:50,W 52 St & 6 Ave,6740,Madison Ave & E 82 St,7188,40.76132983124814,-73.97982001304626,40.7781314,-73.96069399,casual
1827430,D97916CF9E3CDE1E,classic_bike,2021-09-01 15:24:30,2021-09-01 15:33:06,3 Ave & E 62 St,6762,Madison Ave & E 82 St,7188,40.76312584,-73.96526895,40.7781314,-73.96069399,casual
1827446,8C94A58444196541,classic_bike,2021-09-04 14:20:18,2021-09-04 14:44:25,W 52 St & 6 Ave,6740,Madison Ave & E 82 St,7188,40.76132983124814,-73.97982001304626,40.7781314,-73.96069399,casual
1827462,4FCDAD15E96379EB,classic_bike,2021-09-22 14:15:15,2021-09-22 14:27:00,3 Ave & E 62 St,6762,Madison Ave & E 82 St,7188,40.76312584,-73.96526895,40.7781314,-73.96069399,member
1827480,55DAF4711D885A0A,electric_bike,2021-09-28 14:16:48,2021-09-28 14:30:51,Madison Av & E 51 St,6659,Madison Ave & E 82 St,7188,40.75863,-73.97513,40.7781314,-73.96069399,member
1827484,B64E77B6567DA059,classic_bike,2021-09-05 13:51:07,2021-09-05 14:05:50,1 Ave & E 68 St,6822,Madison Ave & E 82 St,7188,40.76500525,-73.95818491,40.7781314,-73.96069399,member
1827501,3C0172559453B045,classic_bike,2021-09-18 17:02:47,2021-09-18 17:10:22,E 75 St & 3 Ave,6991,Madison Ave & E 82 St,7188,40.77112927,-73.95772297,40.7781314,-73.96069399,member
1827502,D23BA959DA9891E0,classic_bike,2021-09-25 14:10:01,2021-09-25 14:38:18,West End Ave & W 94 St,7524,Madison Ave & E 82 St,7188,40.7941654,-73.974124,40.7781314,-73.96069399,member
1827503,FFF364174B0B4EE5,classic_bike,2021-09-25 14:11:30,2021-09-25 14:26:25,E 75 St & 3 Ave,6991,Madison Ave & E 82 St,7188,40.77112927,-73.95772297,40.7781314,-73.96069399,casual
1827511,31594BC9FD15AC8D,classic_bike,2021-09-26 12:41:41,2021-09-26 13:20:28,Perry St & Greenwich Ave,5955,Madison Ave & E 82 St,7188,40.735918,-74.000939,40.7781314,-73.96069399,member
1827535,B48DA34D0D6D7A99,classic_bike,2021-09-06 13:10:15,2021-09-06 13:34:08,W 37 St & 5 Ave,6398,Madison Ave & E 82 St,7188,40.75038009,-73.98338988,40.7781314,-73.96069399,member
1827560,61DD20BE86B22CCA,classic_bike,2021-09-04 13:49:40,2021-09-04 13:58:17,E 91 St & Park Ave,7344,Madison Ave & E 82 St,7188,40.7835016,-73.955327,40.7781314,-73.96069399,member
1827596,3398925C72E8A1B2,electric_bike,2021-09-24 10:45:33,2021-09-24 10:57:25,W 52 St & 6 Ave,6740,Madison Ave & E 82 St,7188,40.76132983124814,-73.97982001304626,40.7781314,-73.96069399,member
1827623,F05E68D7BAEFFD98,electric_bike,2021-09-25 14:20:43,2021-09-25 14:50:24,E 6 St & Avenue B,5584,Madison Ave & E 82 St,7188,40.72453734,-73.98185424,40.7781314,-73.96069399,member
1827714,4C2CE8C00782D1D8,classic_bike,2021-09-26 12:08:11,2021-09-26 12:23:31,E 58 St & 3 Ave,6762,Madison Ave & E 82 St,7188,40.76095756,-73.96724467,40.7781314,-73.96069399,member
1827720,FB6EE33501221AAC,classic_bike,2021-09-15 14:17:56,2021-09-15 14:25:57,3 Ave & E 62 St,6762,Madison Ave & E 82 St,7188,40.76312584,-73.96526895,40.7781314,-73.96069399,casual
1827736,FFF81F78A197AA89,classic_bike,2021-09-25 11:09:42,2021-09-25 11:46:50,W 42 St & 8 Ave,6602,Madison Ave & E 82 St,7188,40.7575699,-73.99098507,40.7781314,-73.96069399,casual
1827749,9CC11B30AB05C177,classic_bike,2021-09-12 12:28:56,2021-09-12 12:47:08,E 54 St & 1 Ave,6608,Madison Ave & E 82 St,7188,40.756265,-73.964179,40.7781314,-73.96069399,member
1827765,BB1610C0B25917EB,electric_bike,2021-09-14 09:31:51,2021-09-14 09:42:23,E 63 St & 3 Ave,6830,Madison Ave & E 82 St,7188,40.763954,-73.9646,40.7781314,-73.96069399,casual
1827766,04804B4C904F20BB,classic_bike,2021-09-14 15:02:38,2021-09-14 15:19:35,3 Ave & E 62 St,6762,Madison Ave & E 82 St,7188,40.76312584,-73.96526895,40.7781314,-73.96069399,casual
1827770,87EBF9EB1D71036B,classic_bike,2021-09-05 07:35:20,2021-09-05 07:43:51,3 Ave & E 62 St,6762,Madison Ave & E 82 St,7188,40.76312584,-73.96526895,40.7781314,-73.96069399,member
1827771,A8F82F3F3308026E,classic_bike,2021-09-13 13:48:23,2021-09-13 14:10:40,3 Ave & E 62 St,6762,Madison Ave & E 82 St,7188,40.76312584,-73.96526895,40.7781314,-73.96069399,member
1827777,B2B53C1CB805AA4C,classic_bike,2021-09-05 16:42:03,2021-09-05 17:00:30,E 58 St & 3 Ave,6762,Madison Ave & E 82 St,7188,40.76095756,-73.96724467,40.7781314,-73.96069399,casual
1827802,B935389F7C9E34FF,classic_bike,2021-09-10 07:59:21,2021-09-10 08:11:54,W 90 St & Amsterdam Ave,7432,Madison Ave & E 82 St,7188,40.79017948095081,-73.97288918495178,40.7781314,-73.96069399,member
1827848,B6DEE0CE5F7E7A5C,electric_bike,2021-09-22 15:23:22,2021-09-22 15:48:55,W 15 St & 6 Ave,5989,Madison Ave & E 82 St,7188,40.738046142482766,-73.99642959237099,40.7781314,-73.96069399,casual
1827854,EB3412B54F0D820A,classic_bike,2021-09-05 16:41:36,2021-09-05 17:01:42,E 58 St & 3 Ave,6762,Madison Ave & E 82 St,7188,40.76095756,-73.96724467,40.7781314,-73.96069399,casual
1827883,4ECBB5E216EEE716,electric_bike,2021-09-23 12:38:01,2021-09-23 12:46:50,E 63 St & 3 Ave,6830,Madison Ave & E 82 St,7188,40.763954,-73.9646,40.7781314,-73.96069399,casual
1827897,A265E25A797BD256,electric_bike,2021-09-20 00:43:43,2021-09-20 00:53:00,E 58 St & 3 Ave,6762,Madison Ave & E 82 St,7188,40.76095756,-73.96724467,40.7781314,-73.96069399,member
1827916,797EF9AA9FA7BFDD,classic_bike,2021-09-18 11:50:10,2021-09-18 12:00:53,E 63 St & 3 Ave,6830,Madison Ave & E 82 St,7188,40.763954,-73.9646,40.7781314,-73.96069399,member
1827931,3D4062D6B089A8B0,classic_bike,2021-09-20 06:45:04,2021-09-20 06:53:24,E 63 St & 3 Ave,6830,Madison Ave & E 82 St,7188,40.763954,-73.9646,40.7781314,-73.96069399,member
1827933,E02D2587262FC9C0,electric_bike,2021-09-26 14:50:21,2021-09-26 14:57:30,E 63 St & 3 Ave,6830,Madison Ave & E 82 St,7188,40.763954,-73.9646,40.7781314,-73.96069399,member
1827960,159E303D98368646,classic_bike,2021-09-17 09:25:18,2021-09-17 09:33:43,E 63 St & 3 Ave,6830,Madison Ave & E 82 St,7188,40.763954,-73.9646,40.7781314,-73.96069399,member
1827961,8E4EF027969BC684,classic_bike,2021-09-17 14:52:54,2021-09-17 15:05:17,E 58 St & 3 Ave,6762,Madison Ave & E 82 St,7188,40.76095756,-73.96724467,40.7781314,-73.96069399,member
1827965,3564D87F36C54F2C,classic_bike,2021-09-18 12:58:12,2021-09-18 13:09:18,E 58 St & 3 Ave,6762,Madison Ave & E 82 St,7188,40.76095756,-73.96724467,40.7781314,-73.96069399,member
1827997,3776F5A48FF9162A,classic_bike,2021-09-04 18:44:45,2021-09-04 18:52:14,W 90 St & Amsterdam Ave,7432,Madison Ave & E 82 St,7188,40.79017948095081,-73.97288918495178,40.7781314,-73.96069399,casual
1828010,873774434706791F,electric_bike,2021-09-19 12:11:32,2021-09-19 12:54:51,Canal St & Rutgers St,5303,Madison Ave & E 82 St,7188,40.71427487,-73.98990025,40.7781314,-73.96069399,member
1828012,37F3FC06430ED740,classic_bike,2021-09-29 06:59:03,2021-09-29 07:30:17,Bank St & Washington St,5964,Madison Ave & E 82 St,7188,40.7361967,-74.00859207,40.7781314,-73.96069399,member
1828016,2B46290B6CA8198F,electric_bike,2021-09-08 18:30:54,2021-09-08 18:55:06,Bank St & Washington St,5964,Madison Ave & E 82 St,7188,40.7361967,-74.00859207,40.7781314,-73.96069399,member
1828032,19D26EFA53B72F24,classic_bike,2021-09-10 06:49:01,2021-09-10 06:56:32,E 63 St & 3 Ave,6830,Madison Ave & E 82 St,7188,40.763954,-73.9646,40.7781314,-73.96069399,member
1828039,D6D3F1EF698FB0D6,classic_bike,2021-09-25 14:20:21,2021-09-25 14:50:27,W 15 St & 6 Ave,5989,Madison Ave & E 82 St,7188,40.738046142482766,-73.99642959237099,40.7781314,-73.96069399,member
1828079,DD49FDDD13455D74,classic_bike,2021-09-12 13:09:32,2021-09-12 13:25:21,E 58 St & 3 Ave,6762,Madison Ave & E 82 St,7188,40.76095756,-73.96724467,40.7781314,-73.96069399,member
1828111,2B9D044F00387E1F,classic_bike,2021-09-18 13:01:46,2021-09-18 13:56:41,E 58 St & 3 Ave,6762,Madison Ave & E 82 St,7188,40.76095756,-73.96724467,40.7781314,-73.96069399,casual
1828142,9F8E99E56DCA67BD,classic_bike,2021-09-23 13:36:45,2021-09-23 14:07:55,W 63 St & Broadway,7052,Madison Ave & E 82 St,7188,40.77163851,-73.98261428,40.7781314,-73.96069399,member
1828254,E3206DE8F5F37D14,electric_bike,2021-09-30 09:32:06,2021-09-30 10:38:50,Carmine St & 6 Ave,5763,Madison Ave & E 82 St,7188,40.73038599,-74.00214988,40.7781314,-73.96069399,member
1828258,FD6C072BD8B26D29,electric_bike,2021-09-23 14:18:45,2021-09-23 14:22:58,E 76 St & Park Ave,7128,Madison Ave & E 82 St,7188,40.773763,-73.96222088,40.7781314,-73.96069399,casual
1828267,8682C01CCA6699A5,classic_bike,2021-09-18 12:02:13,2021-09-18 12:08:16,E 76 St & Park Ave,7128,Madison Ave & E 82 St,7188,40.773763,-73.96222088,40.7781314,-73.96069399,member
1828268,9602444C91FBAAA7,electric_bike,2021-09-10 09:37:25,2021-09-10 10:01:38,Carmine St & 6 Ave,5763,Madison Ave & E 82 St,7188,40.73038599,-74.00214988,40.7781314,-73.96069399,member
1828279,707C8D903516B9D2,classic_bike,2021-09-08 16:32:58,2021-09-08 16:50:12,W 63 St & Broadway,7052,Madison Ave & E 82 St,7188,40.77163851,-73.98261428,40.7781314,-73.96069399,member
1828285,E45EC94FC63C2092,classic_bike,2021-09-20 09:44:54,2021-09-20 09:56:17,W 63 St & Broadway,7052,Madison Ave & E 82 St,7188,40.77163851,-73.98261428,40.7781314,-73.96069399,member
1828322,B89BD8630432DFBE,classic_bike,2021-09-20 16:42:07,2021-09-20 16:45:31,E 76 St & Park Ave,7128,Madison Ave & E 82 St,7188,40.773763,-73.96222088,40.7781314,-73.96069399,member
1828354,0D50339BB3B3F3B8,classic_bike,2021-09-25 14:11:55,2021-09-25 14:28:15,W 63 St & Broadway,7052,Madison Ave & E 82 St,7188,40.77163851,-73.98261428,40.7781314,-73.96069399,casual
1828364,92EB78E1B11815C8,classic_bike,2021-09-18 14:11:06,2021-09-18 16:49:41,MacDougal St & Washington Sq,5797,Madison Ave & E 82 St,7188,40.73226398,-73.99852205,40.7781314,-73.96069399,casual
1828365,757D8B4105BB7621,classic_bike,2021-09-10 17:03:16,2021-09-10 17:34:47,E 53 St & Madison Ave,6659,Madison Ave & E 82 St,7188,40.7597108,-73.97402311,40.7781314,-73.96069399,casual
1828367,CA5F7959EE311F55,electric_bike,2021-09-11 13:00:07,2021-09-11 13:23:02,5 Ave & E 87 St,7323,Madison Ave & E 82 St,7188,40.78232260730881,-73.95987510681152,40.7781314,-73.96069399,casual
1828372,0DF1674DB3DC4797,classic_bike,2021-09-17 12:00:17,2021-09-17 12:12:10,E 53 St & Madison Ave,6659,Madison Ave & E 82 St,7188,40.7597108,-73.97402311,40.7781314,-73.96069399,casual
1828377,B6C5417285C12A1B,electric_bike,2021-09-20 17:20:17,2021-09-20 17:31:55,E 53 St & Madison Ave,6659,Madison Ave & E 82 St,7188,40.7597108,-73.97402311,40.7781314,-73.96069399,member
1828385,F72A04DDF7261019,classic_bike,2021-09-11 13:38:49,2021-09-11 13:44:34,5 Ave & E 87 St,7323,Madison Ave & E 82 St,7188,40.78232260730881,-73.95987510681152,40.7781314,-73.96069399,member
1828390,22F83624D3D28DF8,classic_bike,2021-09-03 14:59:42,2021-09-03 15:10:15,E 53 St & Madison Ave,6659,Madison Ave & E 82 St,7188,40.7597108,-73.97402311,40.7781314,-73.96069399,member
1828401,81E4066D1043A74C,electric_bike,2021-09-15 21:24:15,2021-09-15 21:32:50,5 Ave & E 87 St,7323,Madison Ave & E 82 St,7188,40.78232260730881,-73.95987510681152,40.7781314,-73.96069399,member
1828422,8D10A9C40D86D3D9,classic_bike,2021-09-06 17:45:21,2021-09-06 17:47:54,5 Ave & E 87 St,7323,Madison Ave & E 82 St,7188,40.78231448346993,-73.95980536937714,40.7781314,-73.96069399,member
1828428,ADA88B381B42DFBC,classic_bike,2021-09-10 17:03:07,2021-09-10 17:34:42,E 53 St & Madison Ave,6659,Madison Ave & E 82 St,7188,40.7597108,-73.97402311,40.7781314,-73.96069399,casual
1828446,ED09FFDDE888F111,classic_bike,2021-09-18 14:09:06,2021-09-18 16:49:39,MacDougal St & Washington Sq,5797,Madison Ave & E 82 St,7188,40.73226398,-73.99852205,40.7781314,-73.96069399,casual
1828471,4D2F33A1EDF94C6D,classic_bike,2021-09-07 07:59:04,2021-09-07 08:16:58,W 106 St & Amsterdam Ave,7634,Madison Ave & E 82 St,7188,40.8008363,-73.9664492472,40.7781314,-73.96069399,member
1828474,70CD85B9DB9F1B6B,electric_bike,2021-09-09 21:45:39,2021-09-09 21:57:12,W 106 St & Amsterdam Ave,7634,Madison Ave & E 82 St,7188,40.8008363,-73.9664492472,40.7781314,-73.96069399,member
1828493,80544569E78CFF9D,electric_bike,2021-09-07 12:57:07,2021-09-07 13:44:08,E 53 St & Madison Ave,6659,Madison Ave & E 82 St,7188,40.7597108,-73.97402311,40.7781314,-73.96069399,casual
1828494,97F4EAE8B2BEF0B8,electric_bike,2021-09-14 17:57:06,2021-09-14 18:07:22,E 53 St & Madison Ave,6659,Madison Ave & E 82 St,7188,40.7597108,-73.97402311,40.7781314,-73.96069399,casual
1828502,8F89E96CFAC33DF0,classic_bike,2021-09-18 12:32:33,2021-09-18 13:12:48,E 53 St & Madison Ave,6659,Madison Ave & E 82 St,7188,40.7597108,-73.97402311,40.7781314,-73.96069399,casual
1828508,7446BFB42B3B1B3A,classic_bike,2021-09-18 14:11:35,2021-09-18 14:44:18,E 19 St & 3 Ave,5938,Madison Ave & E 82 St,7188,40.73624527,-73.98473765,40.7781314,-73.96069399,member
1828517,51FFA5FD74372F2A,classic_bike,2021-09-26 12:47:39,2021-09-26 13:12:43,W 50 St & 10 Ave,6890,Madison Ave & E 82 St,7188,40.76473420006519,-73.99194359779358,40.7781314,-73.96069399,member
1828527,E6C419E5B65F11A0,classic_bike,2021-09-11 16:39:25,2021-09-11 17:14:42,5 Ave & E 87 St,7323,Madison Ave & E 82 St,7188,40.78232260730881,-73.95987510681152,40.7781314,-73.96069399,casual
1828530,D71E394347BF17E3,classic_bike,2021-09-12 15:45:20,2021-09-12 16:53:12,5 Ave & E 87 St,7323,Madison Ave & E 82 St,7188,40.78232260730881,-73.95987510681152,40.7781314,-73.96069399,casual
1828560,D78BB5A914606262,classic_bike,2021-09-26 12:25:22,2021-09-26 12:54:29,W 50 St & 10 Ave,6890,Madison Ave & E 82 St,7188,40.76473420006519,-73.99194359779358,40.7781314,-73.96069399,casual
1828565,BBB3EA506426D611,classic_bike,2021-09-18 13:35:04,2021-09-18 13:59:56,Riverside Dr & W 138 St,7942,Madison Ave & E 82 St,7188,40.823168,-73.955857,40.7781314,-73.96069399,casual
1828575,EC7C2FD80141AF80,classic_bike,2021-09-26 17:45:42,2021-09-26 18:09:24,W 21 St & 6 Ave,6140,Madison Ave & E 82 St,7188,40.74173969,-73.99415556,40.7781314,-73.96069399,casual
1828669,497787B13ACE234B,classic_bike,2021-09-10 10:01:15,2021-09-10 10:31:59,Riverside Dr & W 138 St,7942,Madison Ave & E 82 St,7188,40.823168,-73.955857,40.7781314,-73.96069399,member
1828680,8F1C8CEC61754138,classic_bike,2021-09-25 13:20:37,2021-09-25 13:39:07,E 109 St & 3 Ave,7504,Madison Ave & E 82 St,7188,40.79329668,-73.9432083,40.7781314,-73.96069399,member
1828683,BD0301C6F358877E,classic_bike,2021-09-19 11:31:43,2021-09-19 12:15:11,W 49 St & 8 Ave,6747,Madison Ave & E 82 St,7188,40.76227205,-73.98788205,40.7781314,-73.96069399,casual
1828686,9C2EAAA0CCB352C6,classic_bike,2021-09-07 11:02:02,2021-09-07 11:22:58,St Nicholas Ave & W 134 St,7837,Madison Ave & E 82 St,7188,40.816234,-73.948222,40.7781314,-73.96069399,member
1828733,7448A661C9318E3E,classic_bike,2021-09-07 14:15:40,2021-09-07 14:44:46,W 55 St & 6 Ave,6809,Madison Ave & E 82 St,7188,40.763189,-73.978434,40.7781314,-73.96069399,casual
1828734,6EF19D3343CAE3B2,classic_bike,2021-09-10 13:55:24,2021-09-10 14:24:02,W 55 St & 6 Ave,6809,Madison Ave & E 82 St,7188,40.763189,-73.978434,40.7781314,-73.96069399,casual
1828737,92E10BF3613F68FC,classic_bike,2021-09-03 16:41:28,2021-09-03 16:50:29,E 58 St & Madison Ave,6839,Madison Ave & E 82 St,7188,40.76302594280519,-73.97209525108337,40.7781314,-73.96069399,casual
1828769,4DBEEB7E741972E8,electric_bike,2021-09-13 12:01:21,2021-09-13 12:20:29,E 27 St & Park Ave S,6131,Madison Ave & E 82 St,7188,40.74275179648995,-73.9847157150507,40.7781314,-73.96069399,member
1828793,19D913A27679F714,electric_bike,2021-09-19 22:55:47,2021-09-19 23:10:44,St Nicholas Ave & W 134 St,7837,Madison Ave & E 82 St,7188,40.816234,-73.948222,40.7781314,-73.96069399,casual
1828890,B8097AF1018099CF,classic_bike,2021-09-26 15:47:09,2021-09-26 16:19:41,W 26 St & 8 Ave,6297,Madison Ave & E 82 St,7188,40.74734825,-73.99723551,40.7781314,-73.96069399,member
1828907,03EBE78C192B1D2A,classic_bike,2021-09-02 09:53:42,2021-09-02 10:40:39,Pershing Square North,6432,Madison Ave & E 82 St,7188,40.751873,-73.977706,40.7781314,-73.96069399,member
1828967,51365EDDAD190C62,docked_bike,2021-09-02 09:34:47,2021-09-02 09:55:34,Lenox Ave & W 111 St,7602,Madison Ave & E 82 St,7188,40.798786,-73.9523,40.778131,-73.960694,casual
1828971,129AD70767B87FB0,electric_bike,2021-09-26 13:20:07,2021-09-26 13:32:29,Lenox Ave & W 111 St,7602,Madison Ave & E 82 St,7188,40.7987859,-73.9523,40.7781314,-73.96069399,member
1828986,B94E14F1AEC1A1E6,electric_bike,2021-09-19 22:56:04,2021-09-19 23:05:44,E 55 St & 2 Ave,6650,Madison Ave & E 82 St,7188,40.75797322,-73.96603308,40.7781314,-73.96069399,casual
1829009,ECC701C7D902B90C,classic_bike,2021-09-04 12:52:00,2021-09-04 13:07:03,E 55 St & 2 Ave,6650,Madison Ave & E 82 St,7188,40.75797322,-73.96603308,40.7781314,-73.96069399,member
1829018,6D62D4E48876C694,classic_bike,2021-09-10 17:27:06,2021-09-10 18:43:53,E 55 St & 2 Ave,6650,Madison Ave & E 82 St,7188,40.75797322,-73.96603308,40.7781314,-73.96069399,casual
1829051,7272E5CFB2BE8A51,classic_bike,2021-09-19 14:18:25,2021-09-19 14:36:33,Lexington Ave & E 111 St,7567,Madison Ave & E 82 St,7188,40.7954121,-73.9441232,40.7781314,-73.96069399,member
1829054,B6C44CD45D3D857E,classic_bike,2021-09-10 17:26:47,2021-09-10 18:44:09,E 55 St & 2 Ave,6650,Madison Ave & E 82 St,7188,40.75797322,-73.96603308,40.7781314,-73.96069399,casual
1829075,C35A6C0BEA49D13B,electric_bike,2021-09-23 14:46:27,2021-09-23 15:03:03,E 81 St & 2 Ave,7121,Madison Ave & E 82 St,7188,40.77477944895728,-73.95427465438843,40.7781314,-73.96069399,member
1829076,8DCDF4E5ED281D83,classic_bike,2021-09-16 22:22:57,2021-09-16 22:28:05,E 81 St & 2 Ave,7121,Madison Ave & E 82 St,7188,40.77477944895728,-73.95427465438843,40.7781314,-73.96069399,member
1829100,0A21CD885241C31D,classic_bike,2021-09-12 07:14:18,2021-09-12 07:26:11,E 55 St & 2 Ave,6650,Madison Ave & E 82 St,7188,40.75797322,-73.96603308,40.7781314,-73.96069399,member
1829104,32F24AC1C4F8E38E,classic_bike,2021-09-26 15:19:01,2021-09-26 15:49:50,E 55 St & 2 Ave,6650,Madison Ave & E 82 St,7188,40.75797322,-73.96603308,40.7781314,-73.96069399,casual
1829109,727337057182C521,classic_bike,2021-09-25 16:25:39,2021-09-25 16:47:27,E 55 St & 2 Ave,6650,Madison Ave & E 82 St,7188,40.75797322,-73.96603308,40.7781314,-73.96069399,casual
1829168,44923654AEC81FBA,classic_bike,2021-09-12 16:23:47,2021-09-12 16:38:01,E 74 St & 1 Ave,6953,Madison Ave & E 82 St,7188,40.7689738,-73.95482273,40.7781314,-73.96069399,member
1829173,81A6199840E1300D,classic_bike,2021-09-16 18:02:10,2021-09-16 18:09:54,E 74 St & 1 Ave,6953,Madison Ave & E 82 St,7188,40.7689738,-73.95482273,40.7781314,-73.96069399,casual
1829186,420C48D69F4661BE,classic_bike,2021-09-11 13:21:52,2021-09-11 13:58:40,W 4 St & 7 Ave S,5880,Madison Ave & E 82 St,7188,40.73401143,-74.00293877,40.7781314,-73.96069399,member
1829199,3112E7B4B6B008D9,electric_bike,2021-09-02 10:24:33,2021-09-02 10:47:15,St. Nicholas Ave & W 126 St,7756,Madison Ave & E 82 St,7188,40.8114323,-73.9518776,40.7781314,-73.96069399,member
1829200,F2D088240D6A8B9F,classic_bike,2021-09-13 18:16:12,2021-09-13 19:00:25,W 10 St & Washington St,5847,Madison Ave & E 82 St,7188,40.73342399437081,-74.00851495563984,40.7781314,-73.96069399,member
1829228,A8E1B905D9DAE066,electric_bike,2021-09-26 10:05:34,2021-09-26 10:28:49,Hudson St & W 13 St,6115,Madison Ave & E 82 St,7188,40.74005708567285,-74.0052741765976,40.7781314,-73.96069399,casual
1829257,87629EBC4D955CDC,classic_bike,2021-09-28 18:55:29,2021-09-28 19:22:19,12 Ave & W 40 St,6765,Madison Ave & E 82 St,7188,40.76087502,-74.00277668,40.7781314,-73.96069399,member
1829261,534F0D92D54235FF,classic_bike,2021-09-25 16:11:14,2021-09-25 16:47:42,12 Ave & W 40 St,6765,Madison Ave & E 82 St,7188,40.76087502,-74.00277668,40.7781314,-73.96069399,member
1829262,399692C01A1882AF,classic_bike,2021-09-06 15:56:39,2021-09-06 16:39:37,31 St & Newtown Ave,6923,Madison Ave & E 82 St,7188,40.7675487799971,-73.9209334552288,40.7781314,-73.96069399,casual
1829279,85FAE2EAC74DDCF0,electric_bike,2021-09-26 01:49:13,2021-09-26 02:00:43,E 41 St & Madison Ave,6474,Madison Ave & E 82 St,7188,40.752165280621966,-73.97992193698882,40.7781314,-73.96069399,member
1829298,5B7D70EAE5BA7030,classic_bike,2021-09-18 18:50:41,2021-09-18 19:20:38,Cathedral Pkwy & Broadway,7680,Madison Ave & E 82 St,7188,40.804213,-73.96699104,40.7781314,-73.96069399,casual
1829300,73BE347E36CD2ED6,classic_bike,2021-09-17 19:10:37,2021-09-17 19:24:31,1 Ave & E 62 St,6753,Madison Ave & E 82 St,7188,40.7612274,-73.96094022,40.7781314,-73.96069399,casual
1829307,C61190234D5992AD,classic_bike,2021-09-12 06:49:19,2021-09-12 07:02:18,1 Ave & E 62 St,6753,Madison Ave & E 82 St,7188,40.7612274,-73.96094022,40.7781314,-73.96069399,casual
1829308,3E617AD15C3AD792,electric_bike,2021-09-25 08:18:17,2021-09-25 08:29:48,1 Ave & E 62 St,6753,Madison Ave & E 82 St,7188,40.7612274,-73.96094022,40.7781314,-73.96069399,member
1829358,09837578D3C5D115,classic_bike,2021-09-06 14:19:07,2021-09-06 14:28:47,5 Ave & E 93 St,7372,Madison Ave & E 82 St,7188,40.7857851,-73.957481,40.7781314,-73.96069399,member
1829367,094276C0F2095AA8,classic_bike,2021-09-18 12:56:19,2021-09-18 13:18:22,5 Ave & E 93 St,7372,Madison Ave & E 82 St,7188,40.7857851,-73.957481,40.7781314,-73.96069399,casual
1829380,5AA0FF1379DCC34F,electric_bike,2021-09-11 10:58:06,2021-09-11 11:16:24,W 100 St & Broadway,7580,Madison Ave & E 82 St,7188,40.7973721,-73.97041192,40.7781314,-73.96069399,member
1829387,8CD259E153851899,classic_bike,2021-09-22 07:50:06,2021-09-22 08:01:06,W 100 St & Broadway,7580,Madison Ave & E 82 St,7188,40.7973721,-73.97041192,40.7781314,-73.96069399,member
1829399,491A420B4097821A,classic_bike,2021-09-17 18:11:12,2021-09-17 18:43:50,Central Park W & W 97 St,7538,Madison Ave & E 82 St,7188,40.79249519495111,-73.96417066463071,40.7781314,-73.96069399,casual
1829415,4BC53C31C99314F1,electric_bike,2021-09-22 18:02:49,2021-09-22 18:16:07,W 100 St & Broadway,7580,Madison Ave & E 82 St,7188,40.7973721,-73.97041192,40.7781314,-73.96069399,member
1829431,FBD7006DC61FC839,classic_bike,2021-09-16 14:20:15,2021-09-16 14:42:50,Central Park W & W 97 St,7538,Madison Ave & E 82 St,7188,40.79249519495111,-73.96417066463071,40.7781314,-73.96069399,member
1829438,9B2E6ACB4996AED0,classic_bike,2021-09-29 09:39:14,2021-09-29 09:48:51,Central Park W & W 97 St,7538,Madison Ave & E 82 St,7188,40.79249519495111,-73.96417066463071,40.7781314,-73.96069399,member
1829448,F8453C43C3A85FB0,classic_bike,2021-09-11 15:52:24,2021-09-11 16:01:25,Central Park W & W 97 St,7538,Madison Ave & E 82 St,7188,40.79249519495111,-73.96417066463071,40.7781314,-73.96069399,member
1829463,34A4F597FAA1FCD7,electric_bike,2021-09-12 13:45:49,2021-09-12 14:02:07,Central Park W & W 97 St,7538,Madison Ave & E 82 St,7188,40.79249519495111,-73.96417066463071,40.7781314,-73.96069399,member
1829474,886D94DEECB125DB,classic_bike,2021-09-15 17:07:21,2021-09-15 17:12:07,5 Ave & E 93 St,7372,Madison Ave & E 82 St,7188,40.7857851,-73.957481,40.7781314,-73.96069399,member
1829479,9158A653EE5DA633,electric_bike,2021-09-19 10:46:40,2021-09-19 10:59:19,5 Ave & E 93 St,7372,Madison Ave & E 82 St,7188,40.7857851,-73.957481,40.7781314,-73.96069399,member
1829484,34AB862783B8CCED,electric_bike,2021-09-13 15:59:51,2021-09-13 16:27:33,Huron St & Franklin St,5869,Madison Ave & E 82 St,7188,40.73266,-73.95826,40.7781314,-73.96069399,member
1829499,4BB36F9CE138DE05,electric_bike,2021-09-12 06:59:27,2021-09-12 07:17:29,W 25 St & 6 Ave,6215,Madison Ave & E 82 St,7188,40.74395411,-73.99144871,40.7781314,-73.96069399,member
1829509,DED3C59FD6C879D8,classic_bike,2021-09-03 10:26:26,2021-09-03 11:11:25,Suffolk St & Stanton St,5445,Madison Ave & E 82 St,7188,40.72066442,-73.98517977,40.7781314,-73.96069399,member
1829518,EA82CEE299B66BED,classic_bike,2021-09-30 07:57:12,2021-09-30 08:06:24,W 95 St & Broadway,7541,Madison Ave & E 82 St,7188,40.7937704,-73.971888,40.7781314,-73.96069399,member
1829520,268EFE113BBFA0C1,classic_bike,2021-09-20 14:44:43,2021-09-20 15:19:00,E 58 St & 1 Ave (NW Corner),6723,Madison Ave & E 82 St,7188,40.759125,-73.962658,40.7781314,-73.96069399,member
1829539,17C0AFC1FC62F38A,classic_bike,2021-09-28 15:10:23,2021-09-28 15:28:00,W 95 St & Broadway,7541,Madison Ave & E 82 St,7188,40.7937704,-73.971888,40.7781314,-73.96069399,member
1829545,7F282CDE94D919EC,classic_bike,2021-09-25 15:20:31,2021-09-25 15:51:51,Central Park West & W 76 St,7253,Madison Ave & E 82 St,7188,40.77896784,-73.97374737,40.7781314,-73.96069399,casual
1829552,B06367A555015906,docked_bike,2021-09-17 15:41:50,2021-09-17 16:54:39,Central Park West & W 76 St,7253,Madison Ave & E 82 St,7188,40.778968,-73.973747,40.778131,-73.960694,casual
1829558,20D375634836FB2B,electric_bike,2021-09-03 11:04:15,2021-09-03 11:21:33,W 43 St & 10 Ave,6756,Madison Ave & E 82 St,7188,40.76009437,-73.99461843,40.7781314,-73.96069399,member
1829572,A8B08A42131DB26B,classic_bike,2021-09-23 11:35:38,2021-09-23 13:06:26,Central Park West & W 76 St,7253,Madison Ave & E 82 St,7188,40.77896784,-73.97374737,40.7781314,-73.96069399,casual
1829577,A69AB95207980C7C,docked_bike,2021-09-25 17:28:46,2021-09-25 17:56:08,Central Park West & W 76 St,7253,Madison Ave & E 82 St,7188,40.778968,-73.973747,40.778131,-73.960694,casual
1829584,1D3F1BE0B37F8143,classic_bike,2021-09-19 11:49:31,2021-09-19 12:14:39,Central Park West & W 76 St,7253,Madison Ave & E 82 St,7188,40.77896784,-73.97374737,40.7781314,-73.96069399,member
1829589,643E1B6CDBCB1305,classic_bike,2021-09-12 08:01:12,2021-09-12 08:12:31,E 44 St & 2 Ave,6422,Madison Ave & E 82 St,7188,40.75118387463277,-73.97138714790344,40.7781314,-73.96069399,member
1829602,BCB6C490F606DB6A,classic_bike,2021-09-11 10:38:43,2021-09-11 11:05:33,Central Park W & W 97 St,7538,Madison Ave & E 82 St,7188,40.79249519495111,-73.96417066463071,40.7781314,-73.96069399,casual
1829627,74FE70AE5EC016CE,electric_bike,2021-09-20 20:46:37,2021-09-20 20:55:57,Central Park West & W 76 St,7253,Madison Ave & E 82 St,7188,40.77896784,-73.97374737,40.7781314,-73.96069399,member
1829632,0C4F2EB0A9C91339,classic_bike,2021-09-08 08:37:25,2021-09-08 08:50:13,W 95 St & Broadway,7541,Madison Ave & E 82 St,7188,40.7937704,-73.971888,40.7781314,-73.96069399,member
1829639,78C4689234B310E5,classic_bike,2021-09-12 10:18:58,2021-09-12 11:24:15,E 44 St & 2 Ave,6422,Madison Ave & E 82 St,7188,40.75118387463277,-73.97138714790344,40.7781314,-73.96069399,casual
1829701,F8B3CE0B35BE0935,classic_bike,2021-09-28 08:03:38,2021-09-28 08:13:16,W 95 St & Broadway,7541,Madison Ave & E 82 St,7188,40.7937704,-73.971888,40.7781314,-73.96069399,member
1829729,C27919220C0AFFA6,classic_bike,2021-09-18 11:59:53,2021-09-18 12:20:48,E 58 St & 1 Ave (NW Corner),6723,Madison Ave & E 82 St,7188,40.759125,-73.962658,40.7781314,-73.96069399,member
1829743,DD8393E5A74B78AF,classic_bike,2021-09-22 14:50:43,2021-09-22 14:57:22,Central Park West & W 76 St,7253,Madison Ave & E 82 St,7188,40.77896784,-73.97374737,40.7781314,-73.96069399,member
1829747,23D9FEF43AB5B59A,classic_bike,2021-09-25 13:08:40,2021-09-25 13:24:38,E 88 St & 1 Ave,7235,Madison Ave & E 82 St,7188,40.778301,-73.9488134,40.7781314,-73.96069399,member
1829748,20FD962130AC5952,electric_bike,2021-09-22 18:15:44,2021-09-22 18:23:46,E 88 St & 1 Ave,7235,Madison Ave & E 82 St,7188,40.778301,-73.9488134,40.7781314,-73.96069399,member
1829758,851F26A003842615,classic_bike,2021-09-24 10:46:27,2021-09-24 11:05:24,Central Park West & W 76 St,7253,Madison Ave & E 82 St,7188,40.77896784,-73.97374737,40.7781314,-73.96069399,member
1829787,067218573572F038,classic_bike,2021-09-28 07:53:58,2021-09-28 08:12:21,E 45 St & 3 Ave,6464,Madison Ave & E 82 St,7188,40.75255434,-73.97282625,40.7781314,-73.96069399,member
1829800,C29DEC3E0704B14D,classic_bike,2021-09-21 17:59:17,2021-09-21 18:11:36,E 54 St & 1 Ave,6608,Madison Ave & E 82 St,7188,40.756265,-73.964179,40.7781314,-73.96069399,member
1829808,5197E3ACFE827789,docked_bike,2021-09-19 14:28:22,2021-09-19 15:24:33,Central Park West & W 76 St,7253,Madison Ave & E 82 St,7188,40.778968,-73.973747,40.778131,-73.960694,casual
1829814,1D5C919090B54BBF,classic_bike,2021-09-18 11:31:49,2021-09-18 11:44:02,Central Park West & W 76 St,7253,Madison Ave & E 82 St,7188,40.77896784,-73.97374737,40.7781314,-73.96069399,casual
1829825,64E45EEECA15CA7E,electric_bike,2021-09-29 09:04:43,2021-09-29 09:21:07,W 43 St & 10 Ave,6756,Madison Ave & E 82 St,7188,40.76009437,-73.99461843,40.7781314,-73.96069399,casual
1829829,EE5DF25C382CE9B8,classic_bike,2021-09-18 16:43:29,2021-09-18 16:55:12,Central Park West & W 76 St,7253,Madison Ave & E 82 St,7188,40.77896784,-73.97374737,40.7781314,-73.96069399,casual
1829836,69611E71A102E781,classic_bike,2021-09-03 20:46:03,2021-09-03 20:57:21,Central Park West & W 76 St,7253,Madison Ave & E 82 St,7188,40.77896784,-73.97374737,40.7781314,-73.96069399,member
1829861,AB3FF149CFADF1CD,docked_bike,2021-09-17 15:43:15,2021-09-17 16:54:38,Central Park West & W 76 St,7253,Madison Ave & E 82 St,7188,40.778968,-73.973747,40.778131,-73.960694,casual
1829867,27DC6B0181073BDF,classic_bike,2021-09-12 11:17:52,2021-09-12 11:42:03,Central Park West & W 76 St,7253,Madison Ave & E 82 St,7188,40.77896784,-73.97374737,40.7781314,-73.96069399,member
1829886,AA76A21D7A132B48,docked_bike,2021-09-23 11:38:28,2021-09-23 12:59:16,Central Park West & W 76 St,7253,Madison Ave & E 82 St,7188,40.778968,-73.973747,40.778131,-73.960694,casual
1829903,240AD71A92ED9C51,electric_bike,2021-09-12 12:07:25,2021-09-12 12:33:12,Central Park West & W 76 St,7253,Madison Ave & E 82 St,7188,40.77896784,-73.97374737,40.7781314,-73.96069399,member
1829919,45A36A5694B04328,classic_bike,2021-09-25 17:43:58,2021-09-25 18:13:53,Central Park West & W 76 St,7253,Madison Ave & E 82 St,7188,40.77896784,-73.97374737,40.7781314,-73.96069399,member
1829928,72A1E963D39F8177,classic_bike,2021-09-26 18:39:30,2021-09-26 18:55:32,Central Park West & W 76 St,7253,Madison Ave & E 82 St,7188,40.77896784,-73.97374737,40.7781314,-73.96069399,casual
1829930,08FBE9179883710D,electric_bike,2021-09-03 11:23:04,2021-09-03 11:32:08,W 95 St & Broadway,7541,Madison Ave & E 82 St,7188,40.7937704,-73.971888,40.7781314,-73.96069399,member
1829961,AA55D03272EA8B3E,classic_bike,2021-09-28 00:40:48,2021-09-28 01:12:32,W 43 St & 10 Ave,6756,Madison Ave & E 82 St,7188,40.76009437,-73.99461843,40.7781314,-73.96069399,member
1829967,01C0DA26933396FD,classic_bike,2021-09-11 15:19:57,2021-09-11 15:46:42,E 44 St & 2 Ave,6422,Madison Ave & E 82 St,7188,40.75118387463277,-73.97138714790344,40.7781314,-73.96069399,casual
1829994,4640886A004B5AC9,classic_bike,2021-09-10 07:57:53,2021-09-10 08:10:34,W 100 St & Broadway,7580,Madison Ave & E 82 St,7188,40.7973721,-73.97041192,40.7781314,-73.96069399,member
1829999,EBD714BF9D527272,docked_bike,2021-09-16 10:57:09,2021-09-16 11:23:18,Central Park W & W 97 St,7538,Madison Ave & E 82 St,7188,40.792495,-73.964171,40.778131,-73.960694,casual
1830011,48ACFE7F2CF2D650,classic_bike,2021-09-18 14:30:09,2021-09-18 15:35:01,Central Park West & W 76 St,7253,Madison Ave & E 82 St,7188,40.77896784,-73.97374737,40.7781314,-73.96069399,casual
1830017,A33B7F7A5F0843AC,classic_bike,2021-09-11 16:00:26,2021-09-11 16:31:08,Central Park West & W 76 St,7253,Madison Ave & E 82 St,7188,40.77896784,-73.97374737,40.7781314,-73.96069399,casual
1830032,71CBADC3E41FAA58,classic_bike,2021-09-17 13:11:41,2021-09-17 13:20:20,Central Park West & W 76 St,7253,Madison Ave & E 82 St,7188,40.77896784,-73.97374737,40.7781314,-73.96069399,casual
1830045,10E9E161674410CB,electric_bike,2021-09-02 10:08:22,2021-09-02 10:46:09,W 25 St & 6 Ave,6215,Madison Ave & E 82 St,7188,40.74395411,-73.99144871,40.7781314,-73.96069399,casual
1830062,695D624C3F1422A3,classic_bike,2021-09-07 18:16:25,2021-09-07 19:31:03,5 Ave & E 93 St,7372,Madison Ave & E 82 St,7188,40.7857851,-73.957481,40.7781314,-73.96069399,casual
1830065,33D020359E66AB99,classic_bike,2021-09-23 14:30:10,2021-09-23 14:40:48,5 Ave & E 93 St,7372,Madison Ave & E 82 St,7188,40.7857851,-73.957481,40.7781314,-73.96069399,casual
1830066,A805C6CED7477E46,classic_bike,2021-09-28 15:17:18,2021-09-28 16:00:50,W 46 St & 11 Ave,6795,Madison Ave & E 82 St,7188,40.76341379,-73.99667444,40.7781314,-73.96069399,casual
1830067,070BB734BE525F89,classic_bike,2021-09-21 11:07:21,2021-09-21 11:49:17,W 25 St & 6 Ave,6215,Madison Ave & E 82 St,7188,40.74395411,-73.99144871,40.7781314,-73.96069399,casual
1830072,A5913BB20102EA42,electric_bike,2021-09-20 15:31:51,2021-09-20 15:42:50,5 Ave & E 93 St,7372,Madison Ave & E 82 St,7188,40.7857851,-73.957481,40.7781314,-73.96069399,casual
1830135,695FEB76EB17BFDE,classic_bike,2021-09-10 10:31:05,2021-09-10 11:29:08,W 104 St & Amsterdam Ave,7610,Madison Ave & E 82 St,7188,40.79904139288298,-73.96649479866028,40.7781314,-73.96069399,casual
1830149,7153D2E2E522D809,classic_bike,2021-09-25 18:51:44,2021-09-25 19:09:40,Cathedral Pkwy & Broadway,7680,Madison Ave & E 82 St,7188,40.804213,-73.96699104,40.7781314,-73.96069399,member
1830184,5012E09B78792496,classic_bike,2021-09-04 12:47:16,2021-09-04 13:17:04,W 104 St & Amsterdam Ave,7610,Madison Ave & E 82 St,7188,40.79904139288298,-73.96649479866028,40.7781314,-73.96069399,casual
1830219,CEA67E86588D9975,classic_bike,2021-09-04 12:47:22,2021-09-04 13:17:02,W 104 St & Amsterdam Ave,7610,Madison Ave & E 82 St,7188,40.79904139288298,-73.96649479866028,40.7781314,-73.96069399,casual
1830230,C51EDF1E66A1932C,classic_bike,2021-09-24 14:52:05,2021-09-24 15:19:04,8 Ave & W 16 St,6072,Madison Ave & E 82 St,7188,40.740983,-74.001702,40.7781314,-73.96069399,casual
1830300,CB7CE8D95C381D75,classic_bike,2021-09-29 10:09:04,2021-09-29 10:47:54,Adam Clayton Powell Blvd & W 138 St,7855,Madison Ave & E 82 St,7188,40.81695971032464,-73.9422959089279,40.7781314,-73.96069399,member
1830319,E0D04172D67F8B00,classic_bike,2021-09-09 13:19:22,2021-09-09 13:39:42,Central Park W & W 103 St,7577,Madison Ave & E 82 St,7188,40.79558954105342,-73.96188408136368,40.7781314,-73.96069399,casual
1830320,9EFFF65303F87D33,electric_bike,2021-09-14 16:20:24,2021-09-14 16:58:38,8 Ave & W 16 St,6072,Madison Ave & E 82 St,7188,40.740983,-74.001702,40.7781314,-73.96069399,casual
1830324,55A1274449C98AD2,classic_bike,2021-09-11 14:37:13,2021-09-11 14:47:40,Central Park W & W 103 St,7577,Madison Ave & E 82 St,7188,40.79558954105342,-73.96188408136368,40.7781314,-73.96069399,casual
1830328,C362210ED8A733CF,electric_bike,2021-09-13 07:24:15,2021-09-13 08:09:52,Pulaski St & Marcus Garvey Blvd,4656,Madison Ave & E 82 St,7188,40.6933982,-73.939877,40.7781314,-73.96069399,member
1830339,95D5DFC3696AAE17,classic_bike,2021-09-10 13:33:11,2021-09-10 14:00:56,E 74 St & 1 Ave,6953,Madison Ave & E 82 St,7188,40.7689738,-73.95482273,40.7781314,-73.96069399,member
1830365,9E9245F76D9AE386,classic_bike,2021-09-12 11:46:01,2021-09-12 12:04:35,Central Park W & W 103 St,7577,Madison Ave & E 82 St,7188,40.79558954105342,-73.96188408136368,40.7781314,-73.96069399,casual
1830426,C5A0137C49035F76,electric_bike,2021-09-26 22:58:40,2021-09-26 23:14:45,Adam Clayton Powell Blvd & W 138 St,7855,Madison Ave & E 82 St,7188,40.81695971032464,-73.9422959089279,40.7781314,-73.96069399,casual
1830507,40FE6D98F486ACE5,classic_bike,2021-09-20 16:47:19,2021-09-20 17:07:46,E 53 St & Lexington Ave,6617,Madison Ave & E 82 St,7188,40.75828065,-73.97069431,40.7781314,-73.96069399,member
1830510,9CE6E28B464AD880,classic_bike,2021-09-26 12:34:17,2021-09-26 12:55:28,W 51 St & Rockefeller Plaza,6700,Madison Ave & E 82 St,7188,40.75973805251143,-73.97811613976955,40.7781314,-73.96069399,member
1830514,12BF274F84F41260,classic_bike,2021-09-11 12:18:39,2021-09-11 13:30:20,Grand Army Plaza & Central Park S,6839,Madison Ave & E 82 St,7188,40.7643971,-73.97371465,40.7781314,-73.96069399,casual
1830515,4FD0B9B0CFD0C357,classic_bike,2021-09-14 14:00:37,2021-09-14 14:28:38,Grand Army Plaza & Central Park S,6839,Madison Ave & E 82 St,7188,40.7643971,-73.97371465,40.7781314,-73.96069399,casual
1830532,5CC9084C8EF16A31,classic_bike,2021-09-13 14:01:10,2021-09-13 15:33:14,Grand Army Plaza & Central Park S,6839,Madison Ave & E 82 St,7188,40.7643971,-73.97371465,40.7781314,-73.96069399,casual
1830541,8FDD4ABACB70BA16,classic_bike,2021-09-29 18:30:56,2021-09-29 18:44:37,Grand Army Plaza & Central Park S,6839,Madison Ave & E 82 St,7188,40.7643971,-73.97371465,40.7781314,-73.96069399,member
1830542,9E4B050F70217F6A,docked_bike,2021-09-02 11:57:53,2021-09-02 12:48:24,Grand Army Plaza & Central Park S,6839,Madison Ave & E 82 St,7188,40.764397,-73.973715,40.778131,-73.960694,casual
1830546,AF22B6DDB618146F,classic_bike,2021-09-18 22:49:49,2021-09-18 23:04:04,W 51 St & Rockefeller Plaza,6700,Madison Ave & E 82 St,7188,40.75973805251143,-73.97811613976955,40.7781314,-73.96069399,member
1830550,A783D2FC816C5930,classic_bike,2021-09-14 14:00:44,2021-09-14 14:28:51,Grand Army Plaza & Central Park S,6839,Madison Ave & E 82 St,7188,40.7643971,-73.97371465,40.7781314,-73.96069399,casual
1830551,024FB747DE4DB0CD,classic_bike,2021-09-18 18:18:36,2021-09-18 18:45:43,W 51 St & Rockefeller Plaza,6700,Madison Ave & E 82 St,7188,40.75973805251143,-73.97811613976955,40.7781314,-73.96069399,casual
1830552,2B5659E2F3D344CC,classic_bike,2021-09-17 12:53:14,2021-09-17 13:55:43,Grand Army Plaza & Central Park S,6839,Madison Ave & E 82 St,7188,40.7643971,-73.97371465,40.7781314,-73.96069399,casual
1830553,45BF60DF4D94D88C,classic_bike,2021-09-12 16:15:42,2021-09-12 16:42:10,Grand Army Plaza & Central Park S,6839,Madison Ave & E 82 St,7188,40.7643971,-73.97371465,40.7781314,-73.96069399,casual
1830567,316F494152EA2240,classic_bike,2021-09-12 15:30:11,2021-09-12 15:42:16,Grand Army Plaza & Central Park S,6839,Madison Ave & E 82 St,7188,40.7643971,-73.97371465,40.7781314,-73.96069399,member
1830598,C09C9A461249BDD9,classic_bike,2021-09-06 14:50:12,2021-09-06 15:15:47,Lenox Ave & W 115 St,7627,Madison Ave & E 82 St,7188,40.8011939,-73.9500739,40.7781314,-73.96069399,member
1830614,40E59AC2CF2E2A78,docked_bike,2021-09-26 15:21:21,2021-09-26 15:55:12,Grand Army Plaza & Central Park S,6839,Madison Ave & E 82 St,7188,40.764397,-73.973715,40.778131,-73.960694,casual
1830622,3C3E2F4280682B66,classic_bike,2021-09-07 17:30:43,2021-09-07 17:44:19,E 53 St & Lexington Ave,6617,Madison Ave & E 82 St,7188,40.75828065,-73.97069431,40.7781314,-73.96069399,member
1830624,9CEBB39307A5AA1C,classic_bike,2021-09-12 23:31:42,2021-09-12 23:46:51,Grand Army Plaza & Central Park S,6839,Madison Ave & E 82 St,7188,40.7643971,-73.97371465,40.7781314,-73.96069399,member
1830630,00F110BE015B0D2F,classic_bike,2021-09-28 18:03:08,2021-09-28 18:15:58,W 51 St & Rockefeller Plaza,6700,Madison Ave & E 82 St,7188,40.75973805251143,-73.97811613976955,40.7781314,-73.96069399,member
1830637,0783A3D95198BBE3,classic_bike,2021-09-01 16:25:52,2021-09-01 17:29:26,Grand Army Plaza & Central Park S,6839,Madison Ave & E 82 St,7188,40.7643971,-73.97371465,40.7781314,-73.96069399,casual
1830647,D77E6C809F0BE929,classic_bike,2021-09-03 16:55:07,2021-09-03 17:10:09,Grand Army Plaza & Central Park S,6839,Madison Ave & E 82 St,7188,40.7643971,-73.97371465,40.7781314,-73.96069399,casual
1830650,8217C38F4741E0E1,classic_bike,2021-09-05 14:07:11,2021-09-05 15:03:11,Forsyth St & Broome St,5453,Madison Ave & E 82 St,7188,40.71893904,-73.99266288,40.7781314,-73.96069399,casual
1830652,5FF17E9A02A26D3B,classic_bike,2021-09-18 18:18:50,2021-09-18 18:46:03,W 51 St & Rockefeller Plaza,6700,Madison Ave & E 82 St,7188,40.75973805251143,-73.97811613976955,40.7781314,-73.96069399,casual
1830714,8AC4DCC054324E23,classic_bike,2021-09-24 22:11:28,2021-09-24 22:25:39,West End Ave & W 94 St,7524,Madison Ave & E 82 St,7188,40.7941654,-73.974124,40.7781314,-73.96069399,member
1830760,65E4ADBC042B21EB,classic_bike,2021-09-17 15:57:29,2021-09-17 16:29:44,E 40 St & 5 Ave,6474,Madison Ave & E 82 St,7188,40.752062307,-73.9816324043,40.7781314,-73.96069399,casual
1830766,915FCDE043D03F9C,classic_bike,2021-09-02 09:25:20,2021-09-02 10:01:30,Perry St & Bleecker St,5922,Madison Ave & E 82 St,7188,40.73535398,-74.00483091,40.7781314,-73.96069399,casual
1830768,1F98387EC7D6626E,classic_bike,2021-09-19 14:28:34,2021-09-19 15:14:36,E 20 St & 2 Ave,5971,Madison Ave & E 82 St,7188,40.73587678,-73.98205027,40.7781314,-73.96069399,member
1830771,5212F2879E2928E0,classic_bike,2021-09-24 17:25:49,2021-09-24 17:59:39,E 40 St & 5 Ave,6474,Madison Ave & E 82 St,7188,40.752062307,-73.9816324043,40.7781314,-73.96069399,casual
1830779,44CB6CC263673C04,classic_bike,2021-09-24 14:41:41,2021-09-24 15:30:04,E 40 St & 5 Ave,6474,Madison Ave & E 82 St,7188,40.752062307,-73.9816324043,40.7781314,-73.96069399,casual
1830808,5A496FA037A97C6C,electric_bike,2021-09-16 15:35:51,2021-09-16 15:48:23,E 40 St & 5 Ave,6474,Madison Ave & E 82 St,7188,40.752062307,-73.9816324043,40.7781314,-73.96069399,member
1830823,AD70123FE3D641A5,classic_bike,2021-09-30 16:37:39,2021-09-30 16:46:31,E 53 St & Madison Ave,6659,Madison Ave & E 82 St,7188,40.7597108,-73.97402311,40.7781314,-73.96069399,member
1830824,B4907036FF33B54A,classic_bike,2021-09-16 16:34:56,2021-09-16 16:43:29,E 53 St & Madison Ave,6659,Madison Ave & E 82 St,7188,40.7597108,-73.97402311,40.7781314,-73.96069399,member
1830825,54D15F4FB525E271,classic_bike,2021-09-13 10:07:29,2021-09-13 10:38:18,5 Ave & E 87 St,7323,Madison Ave & E 82 St,7188,40.78232260730881,-73.95987510681152,40.7781314,-73.96069399,casual
1830827,ACD1236813167630,classic_bike,2021-09-07 12:59:13,2021-09-07 13:18:26,E 53 St & Madison Ave,6659,Madison Ave & E 82 St,7188,40.7597108,-73.97402311,40.7781314,-73.96069399,casual
1830840,58995429D12F25E5,electric_bike,2021-09-24 15:48:22,2021-09-24 16:59:23,E 40 St & 5 Ave,6474,Madison Ave & E 82 St,7188,40.752062307,-73.9816324043,40.7781314,-73.96069399,casual
1830886,3ACAB29613D6CC96,classic_bike,2021-09-02 17:57:48,2021-09-02 18:40:41,W 15 St & 10 Ave,6115,Madison Ave & E 82 St,7188,40.74275382865903,-74.00747358798981,40.7781314,-73.96069399,casual
1830904,66C98AB3ECE0F5C0,classic_bike,2021-09-30 14:04:03,2021-09-30 14:23:21,Lenox Ave & W 117 St,7655,Madison Ave & E 82 St,7188,40.8025566,-73.9490782,40.7781314,-73.96069399,member
1830907,77D89F31CE0E5906,classic_bike,2021-09-26 12:41:54,2021-09-26 13:14:49,5 Ave & E 63 St,6904,Madison Ave & E 82 St,7188,40.766368,-73.971518,40.7781314,-73.96069399,casual
1830908,105DF993FFD46FBE,classic_bike,2021-09-25 13:37:23,2021-09-25 14:35:13,5 Ave & E 63 St,6904,Madison Ave & E 82 St,7188,40.766368,-73.971518,40.7781314,-73.96069399,casual
1830911,74401715F8191219,classic_bike,2021-09-08 16:07:36,2021-09-08 16:38:54,5 Ave & E 63 St,6904,Madison Ave & E 82 St,7188,40.766368,-73.971518,40.7781314,-73.96069399,casual
1830912,A2CEDA7C26D78DA7,classic_bike,2021-09-26 17:28:49,2021-09-26 18:08:23,5 Ave & E 63 St,6904,Madison Ave & E 82 St,7188,40.766368,-73.971518,40.7781314,-73.96069399,casual
1830916,B5044DFD1A82A250,classic_bike,2021-09-20 20:06:02,2021-09-20 20:13:53,5 Ave & E 63 St,6904,Madison Ave & E 82 St,7188,40.766368,-73.971518,40.7781314,-73.96069399,member
1830924,063C6D95F4ED4716,classic_bike,2021-09-20 14:58:46,2021-09-20 15:13:52,5 Ave & E 63 St,6904,Madison Ave & E 82 St,7188,40.766368,-73.971518,40.7781314,-73.96069399,casual
1830940,62152F4DC72D8B76,classic_bike,2021-09-25 19:12:10,2021-09-25 19:34:23,E 39 St & 2 Ave,6345,Madison Ave & E 82 St,7188,40.74803319428767,-73.973827958107,40.7781314,-73.96069399,member
1830965,0DD07F8F3CD9F83B,electric_bike,2021-09-14 09:14:12,2021-09-14 09:54:00,Carmine St & 6 Ave,5763,Madison Ave & E 82 St,7188,40.73038599,-74.00214988,40.7781314,-73.96069399,member
1831017,4397EAE2F9EA0E20,classic_bike,2021-09-05 13:04:07,2021-09-05 13:37:27,5 Ave & E 63 St,6904,Madison Ave & E 82 St,7188,40.766368,-73.971518,40.7781314,-73.96069399,casual
1831051,8CA41319B91F6E60,classic_bike,2021-09-18 14:43:13,2021-09-18 15:00:51,5 Ave & W 126 St,7701,Madison Ave & E 82 St,7188,40.80722,-73.9418,40.7781314,-73.96069399,casual
1831052,8C5186B8D82032FF,classic_bike,2021-09-05 18:54:52,2021-09-05 19:40:49,5 Ave & E 72 St,7100,Madison Ave & E 82 St,7188,40.77282817,-73.96685276,40.7781314,-73.96069399,casual
1831066,8931D890634845D7,classic_bike,2021-09-13 12:45:39,2021-09-13 13:06:33,Central Park West & W 85 St,7354,Madison Ave & E 82 St,7188,40.78476,-73.969862,40.7781314,-73.96069399,casual
1831128,BBBAD278ADDBE040,classic_bike,2021-09-17 07:57:08,2021-09-17 08:01:59,Central Park West & W 85 St,7354,Madison Ave & E 82 St,7188,40.78476,-73.969862,40.7781314,-73.96069399,member
1831178,0E0513A50D39D09E,classic_bike,2021-09-15 08:13:47,2021-09-15 08:20:42,Central Park West & W 85 St,7354,Madison Ave & E 82 St,7188,40.78476,-73.969862,40.7781314,-73.96069399,member
1831179,85B86EEDDF15CB49,docked_bike,2021-09-12 13:02:26,2021-09-12 13:49:56,Central Park West & W 85 St,7354,Madison Ave & E 82 St,7188,40.78476,-73.969862,40.778131,-73.960694,casual
1831183,3290DC60D1687C24,classic_bike,2021-09-28 00:20:31,2021-09-28 00:26:05,5 Ave & E 72 St,7100,Madison Ave & E 82 St,7188,40.77282817,-73.96685276,40.7781314,-73.96069399,casual
1831188,4B4E2B037D30601F,electric_bike,2021-09-14 19:36:20,2021-09-14 19:43:19,Amsterdam Ave & W 79 St,7311,Madison Ave & E 82 St,7188,40.7829391,-73.9786517,40.7781314,-73.96069399,casual
1831210,43CC6E865FB301B4,classic_bike,2021-09-24 17:53:32,2021-09-24 18:08:19,5 Ave & E 72 St,7100,Madison Ave & E 82 St,7188,40.77282817,-73.96685276,40.7781314,-73.96069399,casual
1831213,3ADFC9BB0EFADD4C,classic_bike,2021-09-23 01:12:34,2021-09-23 01:16:56,5 Ave & E 72 St,7100,Madison Ave & E 82 St,7188,40.77282817,-73.96685276,40.7781314,-73.96069399,member
1831215,4331186606FB8276,classic_bike,2021-09-26 11:33:26,2021-09-26 11:59:54,5 Ave & E 72 St,7100,Madison Ave & E 82 St,7188,40.77282817,-73.96685276,40.7781314,-73.96069399,casual
1831219,DF5971F49A632255,classic_bike,2021-09-19 20:38:19,2021-09-19 20:42:33,5 Ave & E 72 St,7100,Madison Ave & E 82 St,7188,40.77282817,-73.96685276,40.7781314,-73.96069399,member
1831224,06DBAFE8B85D5711,docked_bike,2021-09-08 19:00:23,2021-09-08 19:46:33,Central Park West & W 85 St,7354,Madison Ave & E 82 St,7188,40.78476,-73.969862,40.778131,-73.960694,casual
1831226,35CE98FF51808EAD,electric_bike,2021-09-26 13:37:40,2021-09-26 13:46:18,5 Ave & E 72 St,7100,Madison Ave & E 82 St,7188,40.77282817,-73.96685276,40.7781314,-73.96069399,member
1831229,4A83E84889595ED6,docked_bike,2021-09-06 00:17:51,2021-09-06 00:45:13,Central Park West & W 85 St,7354,Madison Ave & E 82 St,7188,40.78476,-73.969862,40.778131,-73.960694,casual
1831230,9BFD1D21A937C28B,docked_bike,2021-09-08 19:00:45,2021-09-08 19:46:46,Central Park West & W 85 St,7354,Madison Ave & E 82 St,7188,40.78476,-73.969862,40.778131,-73.960694,casual
1831252,8F0422288BFB27E6,electric_bike,2021-09-21 13:55:19,2021-09-21 14:26:59,5 Ave & E 72 St,7100,Madison Ave & E 82 St,7188,40.77282817,-73.96685276,40.7781314,-73.96069399,casual
1831257,583E708388C94D80,classic_bike,2021-09-21 12:12:47,2021-09-21 12:58:55,5 Ave & E 72 St,7100,Madison Ave & E 82 St,7188,40.77282817,-73.96685276,40.7781314,-73.96069399,casual
1831269,6EB5319E969CA41C,classic_bike,2021-09-10 08:14:47,2021-09-10 08:20:19,Central Park West & W 85 St,7354,Madison Ave & E 82 St,7188,40.78476,-73.969862,40.7781314,-73.96069399,member
1831270,3889BA95E6E003EA,classic_bike,2021-09-13 08:03:45,2021-09-13 08:11:40,Central Park West & W 85 St,7354,Madison Ave & E 82 St,7188,40.78476,-73.969862,40.7781314,-73.96069399,member
1831289,B90B5D45631754EE,classic_bike,2021-09-11 20:44:55,2021-09-11 20:59:02,E 63 St & 3 Ave,6830,Madison Ave & E 82 St,7188,40.763954,-73.9646,40.7781314,-73.96069399,member
1831335,540F5001BFA006AA,classic_bike,2021-09-29 07:26:02,2021-09-29 07:41:42,W 54 St & 11 Ave,6955,Madison Ave & E 82 St,7188,40.768333,-73.992573,40.7781314,-73.96069399,member
1831337,F418EF713E5A6417,electric_bike,2021-09-20 08:49:13,2021-09-20 08:51:33,E 88 St & Park Ave,7293,Madison Ave & E 82 St,7188,40.781410700190015,-73.95595908164978,40.7781314,-73.96069399,member
1831374,3B9DEB6F44AACD93,electric_bike,2021-09-01 08:08:25,2021-09-01 08:29:26,Convent Ave & W 151 St,8049,Madison Ave & E 82 St,7188,40.82831,-73.942924,40.7781314,-73.96069399,member
1831401,ABE1964219730468,classic_bike,2021-09-05 16:42:59,2021-09-05 17:01:51,E 58 St & 3 Ave,6762,Madison Ave & E 82 St,7188,40.76095756,-73.96724467,40.7781314,-73.96069399,casual
1831425,C7B4FD3E4C63C4C3,classic_bike,2021-09-02 19:02:01,2021-09-02 19:05:36,E 88 St & Park Ave,7293,Madison Ave & E 82 St,7188,40.781410700190015,-73.95595908164978,40.7781314,-73.96069399,member
1831454,2B97BDB3C07F1FFA,electric_bike,2021-09-18 10:01:17,2021-09-18 10:09:07,E 72 St & Park Ave,6998,Madison Ave & E 82 St,7188,40.77118287540658,-73.96409422159195,40.7781314,-73.96069399,casual
1831467,0B32A6653FB456BE,classic_bike,2021-09-28 07:44:25,2021-09-28 07:59:30,W 54 St & 11 Ave,6955,Madison Ave & E 82 St,7188,40.768333,-73.992573,40.7781314,-73.96069399,member
1831475,C5A5B78386F171FD,classic_bike,2021-09-29 14:45:15,2021-09-29 14:50:56,E 68 St & Madison Ave,6932,Madison Ave & E 82 St,7188,40.7691572,-73.96703464,40.7781314,-73.96069399,member
1831478,F0B4CF1B29BE76A4,classic_bike,2021-09-07 17:55:13,2021-09-07 17:59:04,E 68 St & Madison Ave,6932,Madison Ave & E 82 St,7188,40.7691572,-73.96703464,40.7781314,-73.96069399,member
1831481,9FCA8EE2874747C7,classic_bike,2021-09-27 14:35:35,2021-09-27 15:02:18,W 135 St & Lenox Terrace Pl,7832,Madison Ave & E 82 St,7188,40.813619,-73.939336,40.7781314,-73.96069399,casual
1831485,1EB15D5B88811730,classic_bike,2021-09-17 17:38:42,2021-09-17 18:00:23,E 88 St & Park Ave,7293,Madison Ave & E 82 St,7188,40.781410700190015,-73.95595908164978,40.7781314,-73.96069399,casual
1831488,6836807928CE16E9,classic_bike,2021-09-17 15:09:26,2021-09-17 16:14:44,E 72 St & Park Ave,6998,Madison Ave & E 82 St,7188,40.77118287540658,-73.96409422159195,40.7781314,-73.96069399,casual
1831509,69C283720C59B079,classic_bike,2021-09-03 15:12:17,2021-09-03 15:28:46,E 88 St & Park Ave,7293,Madison Ave & E 82 St,7188,40.781410700190015,-73.95595908164978,40.7781314,-73.96069399,casual
1831511,3B70702D199165ED,classic_bike,2021-09-17 15:11:37,2021-09-17 16:13:39,E 72 St & Park Ave,6998,Madison Ave & E 82 St,7188,40.77118287540658,-73.96409422159195,40.7781314,-73.96069399,casual
1831526,649F22A5FF3529DB,electric_bike,2021-09-24 16:46:47,2021-09-24 19:11:00,E 72 St & Park Ave,6998,Madison Ave & E 82 St,7188,40.77118287540658,-73.96409422159195,40.7781314,-73.96069399,casual
1831561,8CF15E04B233BBDB,classic_bike,2021-09-18 14:12:46,2021-09-18 14:48:53,Frederick Douglass Blvd & W 115 St,7658,Madison Ave & E 82 St,7188,40.8038654,-73.9559308,40.7781314,-73.96069399,casual
1831585,BCA884C82CBBD4A1,classic_bike,2021-09-14 22:28:45,2021-09-14 22:47:47,E 39 St & 2 Ave,6345,Madison Ave & E 82 St,7188,40.74803319428767,-73.973827958107,40.7781314,-73.96069399,member
1831588,FB0CAAFC0DBC36D4,classic_bike,2021-09-25 20:53:20,2021-09-25 21:38:22,E 39 St & 2 Ave,6345,Madison Ave & E 82 St,7188,40.74803319428767,-73.973827958107,40.7781314,-73.96069399,casual
1831649,CAE4379ABB132B34,electric_bike,2021-09-11 13:23:32,2021-09-11 13:27:29,E 81 St & 2 Ave,7121,Madison Ave & E 82 St,7188,40.77477944895728,-73.95427465438843,40.7781314,-73.96069399,member
1831658,AA14855D5B7A9978,classic_bike,2021-09-11 09:32:33,2021-09-11 09:39:15,E 81 St & 2 Ave,7121,Madison Ave & E 82 St,7188,40.77477944895728,-73.95427465438843,40.7781314,-73.96069399,member
1831709,41ACC58F9737FC44,classic_bike,2021-09-18 11:31:48,2021-09-18 11:39:23,E 75 St & 3 Ave,6991,Madison Ave & E 82 St,7188,40.77112927,-73.95772297,40.7781314,-73.96069399,member
1831723,CEFD73FA92DD24AE,electric_bike,2021-09-09 17:50:52,2021-09-09 18:01:06,W 90 St & Amsterdam Ave,7432,Madison Ave & E 82 St,7188,40.79017948095081,-73.97288918495178,40.7781314,-73.96069399,member
1831744,DBE2F456770D83AE,electric_bike,2021-09-18 17:49:56,2021-09-18 17:57:24,E 59 St & Madison Ave,6801,Madison Ave & E 82 St,7188,40.76350532,-73.97109243,40.7781314,-73.96069399,casual
1831795,4FE0A0B86461E7BC,classic_bike,2021-09-12 14:55:07,2021-09-12 15:02:09,E 59 St & Madison Ave,6801,Madison Ave & E 82 St,7188,40.76350532,-73.97109243,40.7781314,-73.96069399,casual
1831796,B018451B5D215E82,classic_bike,2021-09-08 15:35:32,2021-09-08 16:47:11,E 59 St & Madison Ave,6801,Madison Ave & E 82 St,7188,40.76350532,-73.97109243,40.7781314,-73.96069399,member
1831799,05DE8AC1D82810BF,electric_bike,2021-09-06 07:56:46,2021-09-06 08:03:18,E 59 St & Madison Ave,6801,Madison Ave & E 82 St,7188,40.76350532,-73.97109243,40.7781314,-73.96069399,member
1831817,D7BEEEAB17B9528F,classic_bike,2021-09-12 10:30:13,2021-09-12 10:37:39,E 59 St & Madison Ave,6801,Madison Ave & E 82 St,7188,40.76350532,-73.97109243,40.7781314,-73.96069399,member
1831843,DBA35DCB14A81904,classic_bike,2021-09-25 09:04:39,2021-09-25 09:33:52,E 33 St & 1 Ave,6197,Madison Ave & E 82 St,7188,40.74322681432173,-73.97449783980846,40.7781314,-73.96069399,member
1831850,D765887AB0D7F2E4,electric_bike,2021-09-26 01:50:10,2021-09-26 02:01:54,6 Ave & W 45 St,6593,Madison Ave & E 82 St,7188,40.756951,-73.982631,40.7781314,-73.96069399,casual
1831859,62CF90F4499EE0D9,classic_bike,2021-09-11 10:18:17,2021-09-11 10:22:01,E 81 St & 2 Ave,7121,Madison Ave & E 82 St,7188,40.77477944895728,-73.95427465438843,40.7781314,-73.96069399,member
1831880,DABA23D1AFE2D60C,docked_bike,2021-09-10 20:10:38,2021-09-10 20:33:14,6 Ave & W 45 St,6593,Madison Ave & E 82 St,7188,40.756951,-73.982631,40.778131,-73.960694,casual
1831890,E2610CE0A00CFE0C,classic_bike,2021-09-16 16:51:46,2021-09-16 16:57:55,E 81 St & 2 Ave,7121,Madison Ave & E 82 St,7188,40.77477944895728,-73.95427465438843,40.7781314,-73.96069399,member
1831903,05D577DA72A3EFBE,classic_bike,2021-09-26 12:41:19,2021-09-26 13:17:42,5 Ave & E 63 St,6904,Madison Ave & E 82 St,7188,40.766368,-73.971518,40.7781314,-73.96069399,casual
1831922,687F1F3694250D11,classic_bike,2021-09-17 15:18:10,2021-09-17 15:37:23,E 59 St & Madison Ave,6801,Madison Ave & E 82 St,7188,40.76350532,-73.97109243,40.7781314,-73.96069399,casual
1831933,2E8EEAE048BAD189,classic_bike,2021-09-24 16:05:08,2021-09-24 18:05:42,West Drive & Prospect Park West,3651,Madison Ave & E 82 St,7188,40.6610633719006,-73.97945255041122,40.7781314,-73.96069399,casual
1831946,558E335EC6C11BF5,classic_bike,2021-09-18 10:07:51,2021-09-18 10:33:24,E 33 St & 1 Ave,6197,Madison Ave & E 82 St,7188,40.74322681432173,-73.97449783980846,40.7781314,-73.96069399,member
1831968,9E935CB21BF6D37C,classic_bike,2021-09-18 11:12:59,2021-09-18 11:24:00,E 59 St & Madison Ave,6801,Madison Ave & E 82 St,7188,40.76350532,-73.97109243,40.7781314,-73.96069399,casual
1831990,538180BD5E828286,electric_bike,2021-09-24 14:00:12,2021-09-24 14:09:49,6 Ave & W 45 St,6593,Madison Ave & E 82 St,7188,40.756951,-73.982631,40.7781314,-73.96069399,member
1831998,F4FC7D33CB96AF57,classic_bike,2021-09-18 15:19:32,2021-09-18 15:26:28,E 88 St & Park Ave,7293,Madison Ave & E 82 St,7188,40.781410700190015,-73.95595908164978,40.7781314,-73.96069399,member
1832008,ED221CB5F9ACB59A,classic_bike,2021-09-15 16:14:47,2021-09-15 16:23:38,E 59 St & Madison Ave,6801,Madison Ave & E 82 St,7188,40.76350532,-73.97109243,40.7781314,-73.96069399,casual
1832049,DA5A44D3E2296D1A,electric_bike,2021-09-24 16:32:57,2021-09-24 16:39:07,E 95 St & 3 Ave,7365,Madison Ave & E 82 St,7188,40.7849032,-73.950503,40.7781314,-73.96069399,casual
1832052,CA8D85B2C4C19DED,classic_bike,2021-09-12 14:31:54,2021-09-12 15:11:04,E 59 St & Madison Ave,6801,Madison Ave & E 82 St,7188,40.76350532,-73.97109243,40.7781314,-73.96069399,casual
1832059,1A97517659586C9F,classic_bike,2021-09-07 07:19:58,2021-09-07 07:36:07,W 54 St & 11 Ave,6955,Madison Ave & E 82 St,7188,40.768333,-73.992573,40.7781314,-73.96069399,member
1832064,8B88FDF5B4731993,electric_bike,2021-09-14 10:07:05,2021-09-14 10:15:14,E 59 St & Madison Ave,6801,Madison Ave & E 82 St,7188,40.76350532,-73.97109243,40.7781314,-73.96069399,member
1832067,6F50EF628912DE83,electric_bike,2021-09-21 09:46:45,2021-09-21 09:49:45,E 68 St & Madison Ave,6932,Madison Ave & E 82 St,7188,40.7691572,-73.96703464,40.7781314,-73.96069399,member
1832128,28356207214F5808,classic_bike,2021-09-05 19:50:37,2021-09-05 20:23:48,5 Ave & E 72 St,7100,Madison Ave & E 82 St,7188,40.77282817,-73.96685276,40.7781314,-73.96069399,casual
1832138,5B7A42E511D9640A,classic_bike,2021-09-18 15:37:11,2021-09-18 15:48:33,E 56 St & 3 Ave,6691,Madison Ave & E 82 St,7188,40.75934501,-73.96759673,40.7781314,-73.96069399,member
1832151,EC5F5AD122D730CB,classic_bike,2021-09-17 12:18:07,2021-09-17 12:23:53,E 85 St & 3 Ave,7212,Madison Ave & E 82 St,7188,40.77801203,-73.95407149,40.7781314,-73.96069399,member
1832154,F904E4A918859569,classic_bike,2021-09-12 20:43:32,2021-09-12 20:54:34,W 84 St & Columbus Ave,7382,Madison Ave & E 82 St,7188,40.78499979,-73.97283406,40.7781314,-73.96069399,member
1832161,C28F097FB0B0DBE5,classic_bike,2021-09-28 13:42:41,2021-09-28 14:17:59,Broadway & W 168 St,8226,Madison Ave & E 82 St,7188,40.84089603193041,-73.93972098827362,40.7781314,-73.96069399,casual
1832168,257E9891DB48A4B5,classic_bike,2021-09-16 21:32:39,2021-09-16 21:38:01,E 85 St & 3 Ave,7212,Madison Ave & E 82 St,7188,40.77801203,-73.95407149,40.7781314,-73.96069399,member
1832178,C7F1C91916B9A1C1,classic_bike,2021-09-19 14:42:28,2021-09-19 15:11:30,1 Ave & E 39 St,6303,Madison Ave & E 82 St,7188,40.74714,-73.97113,40.7781314,-73.96069399,member
1832190,E0EFC06972FF363A,classic_bike,2021-09-05 11:15:03,2021-09-05 11:26:53,5 Ave & E 72 St,7100,Madison Ave & E 82 St,7188,40.77282817,-73.96685276,40.7781314,-73.96069399,casual
1832198,F40086E6781485B3,classic_bike,2021-09-04 13:37:57,2021-09-04 14:02:08,1 Ave & E 39 St,6303,Madison Ave & E 82 St,7188,40.74714,-73.97113,40.7781314,-73.96069399,member
1832200,378014F80C5B5C0B,electric_bike,2021-09-30 08:58:17,2021-09-30 09:05:27,E 91 St & 2 Ave,7286,Madison Ave & E 82 St,7188,40.78115276427916,-73.94963040947914,40.7781314,-73.96069399,member
1832216,71CECDAA75559B47,classic_bike,2021-09-22 17:45:52,2021-09-22 17:54:31,5 Ave & E 63 St,6904,Madison Ave & E 82 St,7188,40.766368,-73.971518,40.7781314,-73.96069399,member
1832222,9A92122252076FCF,electric_bike,2021-09-20 18:29:05,2021-09-20 18:37:21,5 Ave & E 63 St,6904,Madison Ave & E 82 St,7188,40.766368,-73.971518,40.7781314,-73.96069399,casual
1832232,DB1EE4AAD038B480,electric_bike,2021-09-17 23:30:51,2021-09-17 23:36:47,5 Ave & E 63 St,6904,Madison Ave & E 82 St,7188,40.766368,-73.971518,40.7781314,-73.96069399,member
1832256,03AC2093529A1730,classic_bike,2021-09-22 13:37:25,2021-09-22 14:19:17,E 91 St & 2 Ave,7286,Madison Ave & E 82 St,7188,40.78115276427916,-73.94963040947914,40.7781314,-73.96069399,member
1832271,571BC7867E7B6E09,electric_bike,2021-09-04 11:34:16,2021-09-04 11:41:26,E 91 St & 2 Ave,7286,Madison Ave & E 82 St,7188,40.78115276427916,-73.94963040947914,40.7781314,-73.96069399,casual
1832275,C8AF4F498BFCDF82,electric_bike,2021-09-17 09:00:26,2021-09-17 09:10:40,Columbus Ave & W 103 St,7595,Madison Ave & E 82 St,7188,40.7969347,-73.9643412291,40.7781314,-73.96069399,casual
1832314,96416A32C396C1AB,classic_bike,2021-09-22 06:34:43,2021-09-22 06:40:08,E 89 St & 3 Ave,7265,Madison Ave & E 82 St,7188,40.7806284,-73.9521667,40.7781314,-73.96069399,member
1832315,387362AC4AF14F89,classic_bike,2021-09-22 08:11:51,2021-09-22 08:17:15,E 89 St & 3 Ave,7265,Madison Ave & E 82 St,7188,40.7806284,-73.9521667,40.7781314,-73.96069399,member
1832327,DD7C1D7911574B0D,classic_bike,2021-09-13 16:22:14,2021-09-13 16:39:07,E 103 St & Lexington Ave,7463,Madison Ave & E 82 St,7188,40.7903051,-73.94755757,40.7781314,-73.96069399,member
1832348,66A36ED6807F3D98,classic_bike,2021-09-02 15:11:06,2021-09-02 15:29:41,E 48 St & 5 Ave,6626,Madison Ave & E 82 St,7188,40.75724567911726,-73.97805914282799,40.7781314,-73.96069399,member
1832350,F6DA7927124F70E3,classic_bike,2021-09-15 16:35:43,2021-09-15 16:42:05,E 89 St & 3 Ave,7265,Madison Ave & E 82 St,7188,40.7806284,-73.9521667,40.7781314,-73.96069399,member
1832356,7060063DF76ACDD2,classic_bike,2021-09-08 17:45:33,2021-09-08 17:53:20,5 Ave & E 63 St,6904,Madison Ave & E 82 St,7188,40.766368,-73.971518,40.7781314,-73.96069399,member
1832360,49DC550DD8CA10D4,classic_bike,2021-09-26 12:41:16,2021-09-26 13:14:40,5 Ave & E 63 St,6904,Madison Ave & E 82 St,7188,40.766368,-73.971518,40.7781314,-73.96069399,casual
1832367,5AC02DBAA04F4406,classic_bike,2021-09-13 18:56:13,2021-09-13 19:19:47,5 Ave & E 63 St,6904,Madison Ave & E 82 St,7188,40.766368,-73.971518,40.7781314,-73.96069399,casual
1832371,D27978A4881473BE,classic_bike,2021-09-26 17:28:49,2021-09-27 08:06:11,5 Ave & E 63 St,6904,Madison Ave & E 82 St,7188,40.766368,-73.971518,40.7781314,-73.96069399,casual
1832374,2C46EEA929B2361C,classic_bike,2021-09-04 11:14:42,2021-09-04 11:29:57,5 Ave & E 63 St,6904,Madison Ave & E 82 St,7188,40.766368,-73.971518,40.7781314,-73.96069399,casual
1832381,C8C501E14B166D05,classic_bike,2021-09-13 18:55:35,2021-09-13 19:19:41,5 Ave & E 63 St,6904,Madison Ave & E 82 St,7188,40.766368,-73.971518,40.7781314,-73.96069399,casual
1832383,4E2CDF11EE799301,classic_bike,2021-09-20 14:37:29,2021-09-20 15:04:30,E 48 St & 5 Ave,6626,Madison Ave & E 82 St,7188,40.75724567911726,-73.97805914282799,40.7781314,-73.96069399,member
1832384,1F154291800EF918,classic_bike,2021-09-13 17:30:08,2021-09-13 17:37:38,3 Ave & E 71 St,6960,Madison Ave & E 82 St,7188,40.76873687,-73.96119945,40.7781314,-73.96069399,member
1832402,A8B38B9F75F0F650,classic_bike,2021-09-25 14:54:28,2021-09-25 14:59:26,E 89 St & 3 Ave,7265,Madison Ave & E 82 St,7188,40.7806284,-73.9521667,40.7781314,-73.96069399,member
1832410,959A7C891C54A292,electric_bike,2021-09-18 11:14:58,2021-09-18 11:25:44,5 Ave & E 63 St,6904,Madison Ave & E 82 St,7188,40.766368,-73.971518,40.7781314,-73.96069399,member
1832456,D0146AB4B9F39E05,classic_bike,2021-09-25 11:40:31,2021-09-25 11:45:13,E 89 St & 3 Ave,7265,Madison Ave & E 82 St,7188,40.7806284,-73.9521667,40.7781314,-73.96069399,member
1832489,61C54314B6F2A787,classic_bike,2021-09-09 09:53:13,2021-09-09 09:59:14,3 Ave & E 71 St,6960,Madison Ave & E 82 St,7188,40.76873687,-73.96119945,40.7781314,-73.96069399,member
1832496,AA06B891177DA6C5,classic_bike,2021-09-19 09:51:42,2021-09-19 10:48:37,W 24 St & 7 Ave,6257,Madison Ave & E 82 St,7188,40.74487634,-73.99529885,40.7781314,-73.96069399,casual
1832526,DABCB9C3B61AE42B,classic_bike,2021-09-03 17:34:01,2021-09-03 18:12:24,W 24 St & 7 Ave,6257,Madison Ave & E 82 St,7188,40.74487634,-73.99529885,40.7781314,-73.96069399,member
1832540,7E965C49712BF96F,classic_bike,2021-09-10 14:38:36,2021-09-10 14:58:45,E 48 St & 5 Ave,6626,Madison Ave & E 82 St,7188,40.75724567911726,-73.97805914282799,40.7781314,-73.96069399,member
1832542,153C8D0D7ADEE4C3,classic_bike,2021-09-04 10:35:47,2021-09-04 11:04:58,Lexington Ave & E 29 St,6164,Madison Ave & E 82 St,7188,40.74311555376486,-73.98215353488922,40.7781314,-73.96069399,member
1832547,8A12A3DB83510E42,classic_bike,2021-09-11 11:35:39,2021-09-11 11:43:32,E 93 St & 2 Ave,7286,Madison Ave & E 82 St,7188,40.782454175279874,-73.9489196240902,40.7781314,-73.96069399,member
1832548,57C92DB9BC12F801,classic_bike,2021-09-06 14:28:41,2021-09-06 14:39:54,E 93 St & 2 Ave,7286,Madison Ave & E 82 St,7188,40.782454175279874,-73.9489196240902,40.7781314,-73.96069399,member
1832553,F726236D3DD68285,classic_bike,2021-09-11 10:54:39,2021-09-11 11:07:21,E 93 St & 2 Ave,7286,Madison Ave & E 82 St,7188,40.782454175279874,-73.9489196240902,40.7781314,-73.96069399,casual
1832566,8D6BA81A1FFD98A7,classic_bike,2021-09-26 10:10:32,2021-09-26 10:34:42,Broadway & W 25 St,6173,Madison Ave & E 82 St,7188,40.74286877312112,-73.98918628692627,40.7781314,-73.96069399,member
1832591,280FED0939DE374F,classic_bike,2021-09-07 17:12:21,2021-09-07 17:24:42,E 53 St & Lexington Ave,6617,Madison Ave & E 82 St,7188,40.75828065,-73.97069431,40.7781314,-73.96069399,member
1832594,94157AFA7B556184,classic_bike,2021-09-09 14:18:31,2021-09-09 14:45:09,Grand Army Plaza & Central Park S,6839,Madison Ave & E 82 St,7188,40.7643971,-73.97371465,40.7781314,-73.96069399,casual
1832596,E225D822F7A1F5A7,electric_bike,2021-09-04 09:52:42,2021-09-04 09:58:35,Grand Army Plaza & Central Park S,6839,Madison Ave & E 82 St,7188,40.7643971,-73.97371465,40.7781314,-73.96069399,member
1832605,A339B8DB57C2BD3A,classic_bike,2021-09-26 10:37:11,2021-09-26 11:49:35,E 93 St & 2 Ave,7286,Madison Ave & E 82 St,7188,40.782454175279874,-73.9489196240902,40.7781314,-73.96069399,casual
1832617,4A3062247771C963,classic_bike,2021-09-26 13:36:04,2021-09-26 13:44:28,E 93 St & 2 Ave,7286,Madison Ave & E 82 St,7188,40.782454175279874,-73.9489196240902,40.7781314,-73.96069399,member
1832621,21E5B880454559D0,classic_bike,2021-09-26 10:50:13,2021-09-26 11:49:50,E 93 St & 2 Ave,7286,Madison Ave & E 82 St,7188,40.782454175279874,-73.9489196240902,40.7781314,-73.96069399,casual
1832637,80348B1C58D414FB,classic_bike,2021-09-08 15:29:25,2021-09-08 15:42:19,Grand Army Plaza & Central Park S,6839,Madison Ave & E 82 St,7188,40.7643971,-73.97371465,40.7781314,-73.96069399,member
1832645,7F8DEAD9B03B7F2B,classic_bike,2021-09-26 12:07:58,2021-09-26 12:28:04,Grand Army Plaza & Central Park S,6839,Madison Ave & E 82 St,7188,40.7643971,-73.97371465,40.7781314,-73.96069399,casual
1832650,7B55F3549D8F24AA,electric_bike,2021-09-12 23:18:52,2021-09-12 23:28:04,Grand Army Plaza & Central Park S,6839,Madison Ave & E 82 St,7188,40.7643971,-73.97371465,40.7781314,-73.96069399,casual
1832651,0173193BE2E4D2C4,electric_bike,2021-09-19 20:00:51,2021-09-19 20:09:21,Grand Army Plaza & Central Park S,6839,Madison Ave & E 82 St,7188,40.7643971,-73.97371465,40.7781314,-73.96069399,casual
1832654,C23958D17A920259,docked_bike,2021-09-29 13:38:17,2021-09-29 14:01:07,Madison Ave & E 99 St,7443,Madison Ave & E 82 St,7188,40.789485,-73.952429,40.778131,-73.960694,casual
1832670,9DA4C98DAE072B33,classic_bike,2021-09-16 16:34:29,2021-09-16 17:14:39,48 Ave & 5 St,6212,Madison Ave & E 82 St,7188,40.74436328706688,-73.9558732509613,40.7781314,-73.96069399,member
1832748,FE78E86D15E0439C,classic_bike,2021-09-24 17:31:52,2021-09-24 17:53:28,W 76 St & Columbus Ave,7281,Madison Ave & E 82 St,7188,40.7801839724239,-73.97728532552719,40.7781314,-73.96069399,member
1832754,B747E8B59A93B27D,classic_bike,2021-09-06 09:16:41,2021-09-06 10:12:27,North Moore St & Greenwich St,5470,Madison Ave & E 82 St,7188,40.72019521437465,-74.0103006362915,40.7781314,-73.96069399,casual
1832798,4A1AED9727B5B2C6,classic_bike,2021-09-24 13:14:38,2021-09-24 13:25:58,E 53 St & Lexington Ave,6617,Madison Ave & E 82 St,7188,40.75828065,-73.97069431,40.7781314,-73.96069399,member
1832800,5ECC84A1E3C3B0A0,electric_bike,2021-09-03 08:22:24,2021-09-03 08:37:24,E 53 St & Lexington Ave,6617,Madison Ave & E 82 St,7188,40.75828065,-73.97069431,40.7781314,-73.96069399,member
1832870,755587A893123225,classic_bike,2021-09-25 17:24:12,2021-09-25 17:50:35,46 Ave & 5 St,6286,Madison Ave & E 82 St,7188,40.74731,-73.95451,40.7781314,-73.96069399,member
1832884,6B2490B1A2532395,classic_bike,2021-09-04 15:37:37,2021-09-04 15:48:30,Amsterdam Ave & W 82 St,7360,Madison Ave & E 82 St,7188,40.78524672,-73.97667321,40.7781314,-73.96069399,member
1832887,A8FB953E97FAFABB,electric_bike,2021-09-07 15:10:26,2021-09-07 16:01:37,Amsterdam Ave & W 82 St,7360,Madison Ave & E 82 St,7188,40.78524672,-73.97667321,40.7781314,-73.96069399,casual
1832888,BB48BED867B304B2,electric_bike,2021-09-07 15:10:05,2021-09-07 15:51:51,Amsterdam Ave & W 82 St,7360,Madison Ave & E 82 St,7188,40.78524672,-73.97667321,40.7781314,-73.96069399,casual
1832905,EB94FF89FC903406,classic_bike,2021-09-06 00:49:29,2021-09-06 01:12:35,W 20 St & 8 Ave,6224,Madison Ave & E 82 St,7188,40.74345335,-74.00004031,40.7781314,-73.96069399,member
1832910,CAD7B638D9B313A7,classic_bike,2021-09-03 11:24:47,2021-09-03 12:03:48,Amsterdam Ave & W 82 St,7360,Madison Ave & E 82 St,7188,40.78524672,-73.97667321,40.7781314,-73.96069399,casual
1832914,56D1691C6A3373F0,classic_bike,2021-09-03 16:49:02,2021-09-03 17:21:37,1 Ave & E 16 St,5779,Madison Ave & E 82 St,7188,40.73221853,-73.98165557,40.7781314,-73.96069399,member
1832937,75D9DB71D3ABBBD7,classic_bike,2021-09-19 13:52:56,2021-09-19 14:03:34,Amsterdam Ave & W 82 St,7360,Madison Ave & E 82 St,7188,40.78524672,-73.97667321,40.7781314,-73.96069399,member
1832960,AD096CDCE86E3FE0,classic_bike,2021-09-03 14:31:19,2021-09-03 15:02:22,W 20 St & 8 Ave,6224,Madison Ave & E 82 St,7188,40.74345335,-74.00004031,40.7781314,-73.96069399,casual
1832991,0E0EB71EC3F0B31D,electric_bike,2021-09-19 18:29:50,2021-09-19 19:22:31,11 Ave & W 59 St,7059,Madison Ave & E 82 St,7188,40.77149671054441,-73.99046033620834,40.7781314,-73.96069399,casual
1833150,4910BEC6DC7E518B,classic_bike,2021-09-18 14:08:32,2021-09-18 14:20:47,Riverside Dr & W 91 St,7524,Madison Ave & E 82 St,7188,40.79313480986663,-73.97700369358063,40.7781314,-73.96069399,casual
1833157,473F7AB4DE6F2603,classic_bike,2021-09-16 14:40:50,2021-09-16 15:02:33,W 41 St & 8 Ave,6602,Madison Ave & E 82 St,7188,40.75640548,-73.9900262,40.7781314,-73.96069399,member
1833172,2305C23CC693064D,electric_bike,2021-09-12 12:17:04,2021-09-12 12:44:59,Bayard St & Baxter St,5351,Madison Ave & E 82 St,7188,40.71602118,-73.99974372,40.7781314,-73.96069399,casual
1833196,34C00182E8866448,classic_bike,2021-09-10 08:04:51,2021-09-10 08:20:19,W 104 St & Amsterdam Ave,7610,Madison Ave & E 82 St,7188,40.79904139288298,-73.96649479866028,40.7781314,-73.96069399,member
1833225,82651C30A9A3840C,classic_bike,2021-09-24 16:50:19,2021-09-24 17:21:44,Broadway & W 29 St,6289,Madison Ave & E 82 St,7188,40.7462009,-73.98855723,40.7781314,-73.96069399,casual
1833245,598191446D346B86,electric_bike,2021-09-20 07:04:35,2021-09-20 07:11:45,E 106 St & Madison Ave,7528,Madison Ave & E 82 St,7188,40.7934337,-73.94945003,40.7781314,-73.96069399,member
1833250,4CF5D39468408A97,classic_bike,2021-09-07 13:24:15,2021-09-07 13:34:05,E 106 St & Madison Ave,7528,Madison Ave & E 82 St,7188,40.7934337,-73.94945003,40.7781314,-73.96069399,member
1833277,58C52D5040E75A3A,classic_bike,2021-09-17 13:29:17,2021-09-17 13:39:47,E 65 St & 2 Ave,6860,Madison Ave & E 82 St,7188,40.76471851944339,-73.96222069859505,40.7781314,-73.96069399,member
1833287,9D339B64F85072EB,classic_bike,2021-09-29 22:31:55,2021-09-29 23:05:48,10 Ave & W 14 St,6157,Madison Ave & E 82 St,7188,40.74198159994023,-74.00831580162048,40.7781314,-73.96069399,member
1833342,923ACBC0AB2EE0A7,classic_bike,2021-09-30 15:39:33,2021-09-30 16:08:41,E 65 St & 2 Ave,6860,Madison Ave & E 82 St,7188,40.76471851944339,-73.96222069859505,40.7781314,-73.96069399,member
1833367,6F40B0F4E251BA8F,classic_bike,2021-09-26 07:21:10,2021-09-26 07:33:06,E 65 St & 2 Ave,6860,Madison Ave & E 82 St,7188,40.76471851944339,-73.96222069859505,40.7781314,-73.96069399,member
1833386,7CD1928116A1BF3D,docked_bike,2021-09-17 15:05:59,2021-09-17 16:29:24,10 Ave & W 14 St,6157,Madison Ave & E 82 St,7188,40.741982,-74.008316,40.778131,-73.960694,casual
1833437,AEFB8CEE29D465A8,classic_bike,2021-09-25 13:17:17,2021-09-25 13:46:20,Central Park West & W 76 St,7253,Madison Ave & E 82 St,7188,40.77896784,-73.97374737,40.7781314,-73.96069399,casual
1833441,6A8316C0327D2088,classic_bike,2021-09-12 11:20:11,2021-09-12 11:42:01,Central Park West & W 76 St,7253,Madison Ave & E 82 St,7188,40.77896784,-73.97374737,40.7781314,-73.96069399,member
1833447,51A1E168264A5976,classic_bike,2021-09-09 08:24:47,2021-09-09 08:38:55,W 95 St & Broadway,7541,Madison Ave & E 82 St,7188,40.7937704,-73.971888,40.7781314,-73.96069399,member
1833450,D15E341392CC11BA,electric_bike,2021-09-09 13:54:41,2021-09-09 14:00:16,Central Park West & W 76 St,7253,Madison Ave & E 82 St,7188,40.77896784,-73.97374737,40.7781314,-73.96069399,member
1833483,6DA706B10F4A706C,classic_bike,2021-09-18 14:29:24,2021-09-18 15:35:04,Central Park West & W 76 St,7253,Madison Ave & E 82 St,7188,40.77896784,-73.97374737,40.7781314,-73.96069399,casual
1833536,A552720AB15AFCAB,electric_bike,2021-09-18 15:06:31,2021-09-18 15:14:18,E 65 St & 2 Ave,6860,Madison Ave & E 82 St,7188,40.76471851944339,-73.96222069859505,40.7781314,-73.96069399,member
1833537,58E9210C8D788755,classic_bike,2021-09-28 18:18:58,2021-09-28 18:27:13,E 65 St & 2 Ave,6860,Madison Ave & E 82 St,7188,40.76471851944339,-73.96222069859505,40.7781314,-73.96069399,member
1833555,8A00D80E387857D1,classic_bike,2021-09-24 10:03:17,2021-09-24 10:16:00,Amsterdam Ave & W 66 St,7149,Madison Ave & E 82 St,7188,40.7746671,-73.98470567,40.7781314,-73.96069399,member
1833634,1FE02E27174F6C5C,classic_bike,2021-09-20 10:31:19,2021-09-20 10:55:52,W 26 St & 8 Ave,6297,Madison Ave & E 82 St,7188,40.74734825,-73.99723551,40.7781314,-73.96069399,member
1833700,41AFB6FA7677F4F4,classic_bike,2021-09-06 15:04:05,2021-09-06 15:48:37,E 53 St & Madison Ave,6659,Madison Ave & E 82 St,7188,40.7597108,-73.97402311,40.7781314,-73.96069399,casual
1833701,2C2F2A3D47412606,classic_bike,2021-09-06 12:46:58,2021-09-06 12:50:32,5 Ave & E 87 St,7323,Madison Ave & E 82 St,7188,40.78231448346993,-73.95980536937714,40.7781314,-73.96069399,casual
1833744,2A7C9A2B82144A74,electric_bike,2021-09-10 18:26:51,2021-09-10 18:39:05,W 90 St & Amsterdam Ave,7432,Madison Ave & E 82 St,7188,40.79017948095081,-73.97288918495178,40.7781314,-73.96069399,member
1833752,2B9F028F9C874FF4,electric_bike,2021-09-04 18:41:40,2021-09-04 18:52:29,W 90 St & Amsterdam Ave,7432,Madison Ave & E 82 St,7188,40.79017948095081,-73.97288918495178,40.7781314,-73.96069399,casual
1833757,1CBFD1E86D589304,classic_bike,2021-09-12 11:59:15,2021-09-12 12:59:45,W 15 St & 10 Ave,6115,Madison Ave & E 82 St,7188,40.74275382865903,-74.00747358798981,40.7781314,-73.96069399,casual
1833781,543E602225F741A3,classic_bike,2021-09-02 18:37:23,2021-09-02 19:27:58,5 Ave & E 87 St,7323,Madison Ave & E 82 St,7188,40.78231448346993,-73.95980536937714,40.7781314,-73.96069399,casual
1833784,1F7452B3EC33DE82,classic_bike,2021-09-25 14:06:51,2021-09-25 14:21:53,E 53 St & Madison Ave,6659,Madison Ave & E 82 St,7188,40.7597108,-73.97402311,40.7781314,-73.96069399,member
1833787,61F8A6BFA10A01FE,classic_bike,2021-09-24 18:00:47,2021-09-24 18:14:47,5 Ave & E 87 St,7323,Madison Ave & E 82 St,7188,40.78232260730881,-73.95987510681152,40.7781314,-73.96069399,casual
1833799,87CFD040A054C564,classic_bike,2021-09-06 14:29:05,2021-09-06 15:27:35,5 Ave & E 87 St,7323,Madison Ave & E 82 St,7188,40.78231448346993,-73.95980536937714,40.7781314,-73.96069399,casual
1833820,985AAAF5814F5823,electric_bike,2021-09-30 15:30:55,2021-09-30 15:33:14,5 Ave & E 87 St,7323,Madison Ave & E 82 St,7188,40.78232260730881,-73.95987510681152,40.7781314,-73.96069399,member
1833834,4B41743C797CDE99,classic_bike,2021-09-09 18:45:54,2021-09-09 19:19:00,MacDougal St & Washington Sq,5797,Madison Ave & E 82 St,7188,40.73226398,-73.99852205,40.7781314,-73.96069399,casual
1833838,BB1B08832CDAF39A,classic_bike,2021-09-02 18:42:22,2021-09-02 19:28:03,5 Ave & E 87 St,7323,Madison Ave & E 82 St,7188,40.78231448346993,-73.95980536937714,40.7781314,-73.96069399,casual
1833840,BC7E657AE562A900,classic_bike,2021-09-25 15:29:18,2021-09-25 15:53:48,5 Ave & E 87 St,7323,Madison Ave & E 82 St,7188,40.78232260730881,-73.95987510681152,40.7781314,-73.96069399,casual
1833850,75466E953F2CF992,classic_bike,2021-09-06 14:28:30,2021-09-06 15:29:31,5 Ave & E 87 St,7323,Madison Ave & E 82 St,7188,40.78231448346993,-73.95980536937714,40.7781314,-73.96069399,casual
1833862,A5878259F44BCF89,classic_bike,2021-09-04 15:36:00,2021-09-04 15:38:40,5 Ave & E 87 St,7323,Madison Ave & E 82 St,7188,40.78231448346993,-73.95980536937714,40.7781314,-73.96069399,member
1833908,D1E4723EFA1622D4,classic_bike,2021-09-11 16:28:33,2021-09-11 17:14:40,5 Ave & E 87 St,7323,Madison Ave & E 82 St,7188,40.78232260730881,-73.95987510681152,40.7781314,-73.96069399,casual
1833929,7BE2338B7356C8B6,classic_bike,2021-09-06 16:39:20,2021-09-06 17:12:38,W 95 St & Broadway,7541,Madison Ave & E 82 St,7188,40.7937704,-73.971888,40.7781314,-73.96069399,casual
1833955,47EDE56E9C556C77,electric_bike,2021-09-23 18:06:47,2021-09-23 18:17:09,E 53 St & Madison Ave,6659,Madison Ave & E 82 St,7188,40.7597108,-73.97402311,40.7781314,-73.96069399,member
1833981,30C5ABBD4E3D8C90,electric_bike,2021-09-18 14:47:01,2021-09-18 15:12:14,Riverside Dr & W 138 St,7942,Madison Ave & E 82 St,7188,40.823168,-73.955857,40.7781314,-73.96069399,member
1833985,A1DC611532EC31BA,classic_bike,2021-09-18 13:37:33,2021-09-18 14:05:36,W 49 St & 8 Ave,6747,Madison Ave & E 82 St,7188,40.76227205,-73.98788205,40.7781314,-73.96069399,casual
1834001,C368B27F27D19E3F,electric_bike,2021-09-22 10:25:12,2021-09-22 10:50:53,W 21 St & 6 Ave,6140,Madison Ave & E 82 St,7188,40.74173969,-73.99415556,40.7781314,-73.96069399,member
1834023,826E5346207F1D00,classic_bike,2021-09-22 00:01:36,2021-09-22 01:29:45,W 41 St & 8 Ave,6602,Madison Ave & E 82 St,7188,40.75640548,-73.9900262,40.7781314,-73.96069399,casual
1834041,8FA71EF9B56AB891,classic_bike,2021-09-06 09:27:40,2021-09-06 10:17:34,Frost St & Meeker Ave,5371,Madison Ave & E 82 St,7188,40.71766197083994,-73.94880026578903,40.7781314,-73.96069399,casual
1834081,FF79D5BA1F836ECA,classic_bike,2021-09-21 07:17:00,2021-09-21 07:42:16,W 95 St & Broadway,7541,Madison Ave & E 82 St,7188,40.7937704,-73.971888,40.7781314,-73.96069399,member
1834095,EFE8F9D9099284BC,classic_bike,2021-09-17 15:42:28,2021-09-17 16:54:39,Central Park West & W 76 St,7253,Madison Ave & E 82 St,7188,40.77896784,-73.97374737,40.7781314,-73.96069399,casual
1834139,9D7083786CA34482,classic_bike,2021-09-13 14:30:27,2021-09-13 14:50:31,W 95 St & Broadway,7541,Madison Ave & E 82 St,7188,40.7937704,-73.971888,40.7781314,-73.96069399,casual
1834152,C7801776365203E6,classic_bike,2021-09-06 09:43:10,2021-09-06 10:04:49,Broadway & W 51 St,6779,Madison Ave & E 82 St,7188,40.76228826,-73.98336183,40.7781314,-73.96069399,casual
1834175,945AA6B624F9FC52,classic_bike,2021-09-18 15:21:29,2021-09-18 15:37:55,Central Park W & W 103 St,7577,Madison Ave & E 82 St,7188,40.79558954105342,-73.96188408136368,40.7781314,-73.96069399,member
1834185,262BF23B0135055E,classic_bike,2021-09-13 12:51:22,2021-09-13 13:18:33,11 Ave & W 59 St,7059,Madison Ave & E 82 St,7188,40.77149671054441,-73.99046033620834,40.7781314,-73.96069399,casual
1834194,3158AB5C50CE4E5E,classic_bike,2021-09-19 15:08:54,2021-09-19 15:35:52,E 31 St & 3 Ave,6239,Madison Ave & E 82 St,7188,40.74394314,-73.97966069,40.7781314,-73.96069399,member
1834222,A53FE4A4CE42BE65,electric_bike,2021-09-19 12:29:21,2021-09-19 12:50:05,E 31 St & 3 Ave,6239,Madison Ave & E 82 St,7188,40.74394314,-73.97966069,40.7781314,-73.96069399,member
1834237,4170ADA2B027192B,classic_bike,2021-09-10 17:37:06,2021-09-10 17:49:07,Broadway & W 51 St,6779,Madison Ave & E 82 St,7188,40.76228826,-73.98336183,40.7781314,-73.96069399,member
1834298,1D6071804C858D62,electric_bike,2021-09-23 13:36:39,2021-09-23 14:00:27,W 35 St & Dyer Ave,6569,Madison Ave & E 82 St,7188,40.754691750226016,-73.99740189313889,40.7781314,-73.96069399,member
1834326,091F9FD8326387B2,classic_bike,2021-09-17 15:59:30,2021-09-17 16:15:01,Broadway & W 51 St,6779,Madison Ave & E 82 St,7188,40.76228826,-73.98336183,40.7781314,-73.96069399,casual
1834342,7D23837535DA6B55,classic_bike,2021-09-20 14:23:28,2021-09-20 14:39:38,Broadway & W 51 St,6779,Madison Ave & E 82 St,7188,40.76228826,-73.98336183,40.7781314,-73.96069399,member
1834349,9A2DC12069A3D036,classic_bike,2021-09-20 14:03:59,2021-09-20 14:27:50,Broadway & W 51 St,6779,Madison Ave & E 82 St,7188,40.76228826,-73.98336183,40.7781314,-73.96069399,casual
1834368,6A238D2AB0285233,classic_bike,2021-09-11 13:55:10,2021-09-11 14:14:02,W 110 St & Amsterdam Ave,7646,Madison Ave & E 82 St,7188,40.802692,-73.96295,40.7781314,-73.96069399,casual
1834453,988AA0078A4FE729,electric_bike,2021-09-28 05:19:46,2021-09-28 05:34:15,Adam Clayton Powell Blvd & W 138 St,7855,Madison Ave & E 82 St,7188,40.81695971032464,-73.9422959089279,40.7781314,-73.96069399,casual
1834455,DA369066C2C549D8,electric_bike,2021-09-02 23:05:01,2021-09-02 23:20:38,Adam Clayton Powell Blvd & W 138 St,7855,Madison Ave & E 82 St,7188,40.81695971032464,-73.9422959089279,40.7781314,-73.96069399,casual
1834457,283E2DEB7EE3D40C,electric_bike,2021-09-17 02:19:31,2021-09-17 02:35:52,Adam Clayton Powell Blvd & W 138 St,7855,Madison Ave & E 82 St,7188,40.81695971032464,-73.9422959089279,40.7781314,-73.96069399,casual
1834539,D6E90213590FC2A1,classic_bike,2021-09-17 20:20:45,2021-09-17 20:29:03,Amsterdam Ave & W 82 St,7360,Madison Ave & E 82 St,7188,40.78524672,-73.97667321,40.7781314,-73.96069399,member
1834546,4E3CB6407E18FD28,electric_bike,2021-09-27 13:39:04,2021-09-27 14:01:27,W 20 St & 8 Ave,6224,Madison Ave & E 82 St,7188,40.74345335,-74.00004031,40.7781314,-73.96069399,member
1834563,B2E7ABFBB065B7E5,classic_bike,2021-09-19 14:52:52,2021-09-19 15:21:28,5 Ave & E 29 St,6248,Madison Ave & E 82 St,7188,40.7451677,-73.98683077,40.7781314,-73.96069399,member
1834575,EDE7D024900015CE,classic_bike,2021-09-11 12:59:34,2021-09-11 13:17:34,Riverside Dr & W 72 St,7288,Madison Ave & E 82 St,7188,40.78057799010334,-73.98562431335449,40.7781314,-73.96069399,member
1834582,D161B26C7B69A035,classic_bike,2021-09-18 09:49:36,2021-09-18 10:02:21,Riverside Dr & W 72 St,7288,Madison Ave & E 82 St,7188,40.78057799010334,-73.98562431335449,40.7781314,-73.96069399,casual
1834590,56AFF36EBC028E4C,classic_bike,2021-09-18 13:39:02,2021-09-18 14:08:33,Riverside Dr & W 72 St,7288,Madison Ave & E 82 St,7188,40.78057799010334,-73.98562431335449,40.7781314,-73.96069399,member
1834644,A6C5209DB97667EB,classic_bike,2021-09-12 21:07:38,2021-09-12 21:12:55,3 Ave & E 71 St,6960,Madison Ave & E 82 St,7188,40.76873687,-73.96119945,40.7781314,-73.96069399,member
1834647,2EF77B6A91D103BC,classic_bike,2021-09-16 15:42:03,2021-09-16 15:56:08,E 48 St & 5 Ave,6626,Madison Ave & E 82 St,7188,40.75724567911726,-73.97805914282799,40.7781314,-73.96069399,casual
1834657,D666DF3F49B5604D,electric_bike,2021-09-25 15:13:00,2021-09-25 15:33:23,3 Ave & E 71 St,6960,Madison Ave & E 82 St,7188,40.76873687,-73.96119945,40.7781314,-73.96069399,casual
1834679,C484AA1B38740AE7,electric_bike,2021-09-06 09:30:20,2021-09-06 10:19:02,W 24 St & 7 Ave,6257,Madison Ave & E 82 St,7188,40.74487634,-73.99529885,40.7781314,-73.96069399,casual
1834684,6856435F5F0E49C9,electric_bike,2021-09-04 16:50:44,2021-09-04 17:02:33,E 48 St & 5 Ave,6626,Madison Ave & E 82 St,7188,40.75724567911726,-73.97805914282799,40.7781314,-73.96069399,member
1834735,10E77F5029086DF9,classic_bike,2021-09-12 12:13:22,2021-09-12 12:20:51,E 89 St & 3 Ave,7265,Madison Ave & E 82 St,7188,40.7806284,-73.9521667,40.7781314,-73.96069399,casual
1834742,0ABF46B5CB38513E,classic_bike,2021-09-27 11:23:05,2021-09-27 11:34:53,Grand Army Plaza & Central Park S,6839,Madison Ave & E 82 St,7188,40.7643971,-73.97371465,40.7781314,-73.96069399,member
1834826,22E519F5C888985F,classic_bike,2021-09-15 10:21:28,2021-09-15 11:15:00,6 Ave & W 34 St,6364,Madison Ave & E 82 St,7188,40.74964,-73.98805,40.7781314,-73.96069399,casual
1834834,B4891DECDA078CBD,classic_bike,2021-09-18 11:32:56,2021-09-18 12:05:34,Central Park North & Adam Clayton Powell Blvd,7617,Madison Ave & E 82 St,7188,40.799484,-73.955613,40.7781314,-73.96069399,member
1834865,508AB30FFC28DB5E,electric_bike,2021-09-14 07:06:37,2021-09-14 07:12:13,Madison Ave & E 99 St,7443,Madison Ave & E 82 St,7188,40.78948541553215,-73.95242929458618,40.7781314,-73.96069399,member
1834929,EC0BBEE54AB0BA17,classic_bike,2021-09-11 14:54:11,2021-09-11 15:52:29,Madison Ave & E 82 St,7188,Madison Ave & E 82 St,7188,40.7781314,-73.96069399,40.7781314,-73.96069399,casual
1834930,E4FD178BED47A8F8,classic_bike,2021-09-11 18:21:30,2021-09-11 18:33:32,Madison Ave & E 82 St,7188,Central Park West & W 68 St,7079,40.7781314,-73.96069399,40.7734066,-73.97782542,casual
1834937,191B086C619F2592,classic_bike,2021-09-08 16:48:19,2021-09-08 16:52:44,Madison Ave & E 82 St,7188,Madison Ave & E 82 St,7188,40.7781314,-73.96069399,40.7781314,-73.96069399,casual
1834949,D87F48EEA88B3062,classic_bike,2021-09-02 18:51:51,2021-09-02 19:36:26,Madison Ave & E 82 St,7188,Madison Ave & E 82 St,7188,40.7781314,-73.96069399,40.7781314,-73.96069399,casual
1834996,8077942BE1CB8075,classic_bike,2021-09-17 19:20:51,2021-09-17 19:47:09,Madison Ave & E 82 St,7188,Madison Ave & E 82 St,7188,40.7781314,-73.96069399,40.7781314,-73.96069399,member
1834997,ADB2A66DFD935DDC,classic_bike,2021-09-25 11:05:13,2021-09-25 11:05:38,Madison Ave & E 82 St,7188,Madison Ave & E 82 St,7188,40.7781314,-73.96069399,40.7781314,-73.96069399,casual
1834998,61D528797BF867B0,classic_bike,2021-09-25 11:08:21,2021-09-25 11:08:31,Madison Ave & E 82 St,7188,Madison Ave & E 82 St,7188,40.7781314,-73.96069399,40.7781314,-73.96069399,casual
1835045,D71F7FAF272D8DE1,classic_bike,2021-09-18 10:17:21,2021-09-18 10:36:08,W 107 St & Columbus Ave,7619,Madison Ave & E 82 St,7188,40.7997568,-73.9621128676,40.7781314,-73.96069399,casual
1835046,76E146B71167F775,classic_bike,2021-09-30 15:40:57,2021-09-30 16:05:05,W 67 St & Broadway,7116,Madison Ave & E 82 St,7188,40.77492513,-73.98266566,40.7781314,-73.96069399,casual
1835054,CA965B04A6262F81,classic_bike,2021-09-21 12:06:00,2021-09-21 12:10:03,Madison Ave & E 82 St,7188,Madison Ave & E 82 St,7188,40.7781314,-73.96069399,40.7781314,-73.96069399,casual
1835055,E124798B24C123C3,classic_bike,2021-09-28 16:26:40,2021-09-28 16:29:38,Madison Ave & E 82 St,7188,Madison Ave & E 82 St,7188,40.7781314,-73.96069399,40.7781314,-73.96069399,casual
1835058,55C76EA9905BB531,classic_bike,2021-09-02 18:51:18,2021-09-02 19:36:12,Madison Ave & E 82 St,7188,Madison Ave & E 82 St,7188,40.7781314,-73.96069399,40.7781314,-73.96069399,casual
1835059,6C83159F47121BCF,classic_bike,2021-09-02 10:49:43,2021-09-02 11:54:32,Madison Ave & E 82 St,7188,Madison Ave & E 82 St,7188,40.7781314,-73.96069399,40.7781314,-73.96069399,casual
1835069,9BE7BBE27977A88D,electric_bike,2021-09-20 09:32:46,2021-09-20 10:01:23,Morton St & Washington St,5772,Madison Ave & E 82 St,7188,40.73115,-74.00887,40.7781314,-73.96069399,member
1835070,99FD82FCDE190670,classic_bike,2021-09-24 16:57:42,2021-09-24 17:04:23,E 89 St & 3 Ave,7265,Madison Ave & E 82 St,7188,40.7806284,-73.9521667,40.7781314,-73.96069399,member
1835092,2F9D330BC00AC8F3,classic_bike,2021-09-17 11:55:11,2021-09-17 12:03:55,Madison Ave & E 82 St,7188,Central Park West & W 68 St,7079,40.7781314,-73.96069399,40.7734066,-73.97782542,member
1835118,6C508A532D6F8CB8,classic_bike,2021-09-26 14:39:37,2021-09-26 15:21:07,Madison Ave & E 82 St,7188,Central Park West & W 68 St,7079,40.7781314,-73.96069399,40.7734066,-73.97782542,member
1835136,E52CFE21FDE630D8,classic_bike,2021-09-30 07:32:39,2021-09-30 07:51:43,Madison Ave & E 82 St,7188,Madison Ave & E 82 St,7188,40.7781314,-73.96069399,40.7781314,-73.96069399,casual
1835141,AE970A2BB73A3DEB,electric_bike,2021-09-03 14:46:09,2021-09-03 15:21:59,W 67 St & Broadway,7116,Madison Ave & E 82 St,7188,40.77492513,-73.98266566,40.7781314,-73.96069399,casual
1835151,CE4A419472C53983,classic_bike,2021-09-19 15:34:01,2021-09-19 15:55:22,Central Park West & W 68 St,7079,Madison Ave & E 82 St,7188,40.7734066,-73.97782542,40.7781314,-73.96069399,casual
1835157,5AD24D56A492045B,classic_bike,2021-09-11 14:44:48,2021-09-11 14:59:47,Madison Ave & E 82 St,7188,W 67 St & Broadway,7116,40.7781314,-73.96069399,40.77492513,-73.98266566,casual
1835162,83753E6BF066A015,electric_bike,2021-09-14 09:40:39,2021-09-14 09:50:08,Madison Ave & E 82 St,7188,Central Park West & W 68 St,7079,40.7781314,-73.96069399,40.7734066,-73.97782542,casual
1835163,6067C3F5FF8EC30E,electric_bike,2021-09-14 08:07:03,2021-09-14 08:23:51,Central Park West & W 68 St,7079,Madison Ave & E 82 St,7188,40.7734066,-73.97782542,40.7781314,-73.96069399,casual
1835183,316A8325B7A88964,classic_bike,2021-09-25 17:33:54,2021-09-25 17:35:13,Madison Ave & E 82 St,7188,Madison Ave & E 82 St,7188,40.7781314,-73.96069399,40.7781314,-73.96069399,member
1835191,685B4D05DA1A9DC5,classic_bike,2021-09-19 15:35:12,2021-09-19 15:55:24,Central Park West & W 68 St,7079,Madison Ave & E 82 St,7188,40.7734066,-73.97782542,40.7781314,-73.96069399,member
1835199,E1579697253BA961,classic_bike,2021-09-06 12:27:21,2021-09-06 13:50:34,Madison Ave & E 82 St,7188,Madison Ave & E 82 St,7188,40.7781314,-73.96069399,40.7781314,-73.96069399,member
1835225,B28B4B05BB6F2405,electric_bike,2021-09-25 09:38:21,2021-09-25 09:38:42,Madison Ave & E 82 St,7188,Madison Ave & E 82 St,7188,40.7781314,-73.96069399,40.7781314,-73.96069399,member
1835248,59FACA19D6280B21,classic_bike,2021-09-19 17:35:12,2021-09-19 18:01:43,Central Park West & W 68 St,7079,Madison Ave & E 82 St,7188,40.7734066,-73.97782542,40.7781314,-73.96069399,member
1835267,27D6A932A28842E4,classic_bike,2021-09-02 18:16:13,2021-09-02 18:49:13,W 67 St & Broadway,7116,Madison Ave & E 82 St,7188,40.77492513,-73.98266566,40.7781314,-73.96069399,member
1835268,B362FAA8A7C71035,classic_bike,2021-09-02 18:49:46,2021-09-02 19:24:47,Madison Ave & E 82 St,7188,W 67 St & Broadway,7116,40.7781314,-73.96069399,40.77492513,-73.98266566,member
1835295,2D4089D0B6E881FC,classic_bike,2021-09-12 09:12:49,2021-09-12 09:39:52,Madison Ave & E 82 St,7188,Madison Ave & E 82 St,7188,40.7781314,-73.96069399,40.7781314,-73.96069399,casual
1835308,5E8F9239841DB624,electric_bike,2021-09-17 14:45:47,2021-09-17 14:48:34,Madison Ave & E 82 St,7188,Madison Ave & E 82 St,7188,40.7781314,-73.96069399,40.7781314,-73.96069399,casual
1835310,8A96E821D82297B5,classic_bike,2021-09-25 18:35:53,2021-09-25 19:10:07,Madison Ave & E 82 St,7188,Madison Ave & E 82 St,7188,40.7781314,-73.96069399,40.7781314,-73.96069399,casual
1835327,4C78F816412F046D,docked_bike,2021-09-23 15:37:40,2021-09-23 15:40:46,Madison Ave & E 82 St,7188,Madison Ave & E 82 St,7188,40.778131,-73.960694,40.778131,-73.960694,casual
1835341,100E9318AF8B8286,classic_bike,2021-09-25 11:30:11,2021-09-25 11:40:35,Madison Ave & E 82 St,7188,W 67 St & Broadway,7116,40.7781314,-73.96069399,40.77492513,-73.98266566,member
1835350,27467E5560774BAB,classic_bike,2021-09-06 16:41:08,2021-09-06 16:49:45,Central Park West & W 68 St,7079,Madison Ave & E 82 St,7188,40.7734066,-73.97782542,40.7781314,-73.96069399,member
1835363,1BD3784FEE101FF3,classic_bike,2021-09-18 15:42:05,2021-09-18 16:47:45,Madison Ave & E 82 St,7188,Madison Ave & E 82 St,7188,40.7781314,-73.96069399,40.7781314,-73.96069399,casual
1835379,A26AB856FAF0E1F2,classic_bike,2021-09-04 15:25:20,2021-09-04 15:26:05,Madison Ave & E 82 St,7188,Madison Ave & E 82 St,7188,40.7781314,-73.96069399,40.7781314,-73.96069399,casual
1835382,83852F89EE51EB1B,classic_bike,2021-09-02 21:15:31,2021-09-02 21:22:33,E 89 St & 3 Ave,7265,Madison Ave & E 82 St,7188,40.7806284,-73.9521667,40.7781314,-73.96069399,casual
1835387,B5D2FF9E2B292AE7,classic_bike,2021-09-16 17:14:41,2021-09-16 17:30:12,E 48 St & 5 Ave,6626,Madison Ave & E 82 St,7188,40.75724567911726,-73.97805914282799,40.7781314,-73.96069399,member
1835393,C4E10085A4CB407D,electric_bike,2021-09-08 14:05:56,2021-09-08 14:16:24,E 48 St & 5 Ave,6626,Madison Ave & E 82 St,7188,40.75724567911726,-73.97805914282799,40.7781314,-73.96069399,member
1835493,61C177F2E62BE5EE,classic_bike,2021-09-18 13:15:02,2021-09-18 13:15:13,Madison Ave & E 82 St,7188,Madison Ave & E 82 St,7188,40.7781314,-73.96069399,40.7781314,-73.96069399,member
1835496,0B06854BA8BCFDD1,classic_bike,2021-09-19 17:35:34,2021-09-19 18:01:44,Central Park West & W 68 St,7079,Madison Ave & E 82 St,7188,40.7734066,-73.97782542,40.7781314,-73.96069399,member
1835511,7ABC12DBA3FAC78E,classic_bike,2021-09-11 20:41:21,2021-09-11 20:41:28,Madison Ave & E 82 St,7188,Madison Ave & E 82 St,7188,40.7781314,-73.96069399,40.7781314,-73.96069399,member
1835513,4DF1D3B215F8B9F6,classic_bike,2021-09-06 11:49:58,2021-09-06 13:01:06,Madison Ave & E 82 St,7188,Madison Ave & E 82 St,7188,40.7781314,-73.96069399,40.7781314,-73.96069399,member
1835534,465CFDAC1D20BCA1,classic_bike,2021-09-16 11:15:19,2021-09-16 11:35:32,Madison Ave & E 82 St,7188,E 32 St & Park Ave,6280,40.7781314,-73.96069399,40.7457121,-73.98194829,member
1835562,2F53DBC94C44804B,classic_bike,2021-09-11 16:27:19,2021-09-11 16:52:53,Madison Ave & E 82 St,7188,E 32 St & Park Ave,6280,40.7781314,-73.96069399,40.7457121,-73.98194829,member
1835572,E06583725609A6A9,electric_bike,2021-09-23 11:09:37,2021-09-23 11:21:30,W 107 St & Columbus Ave,7619,Madison Ave & E 82 St,7188,40.7997568,-73.9621128676,40.7781314,-73.96069399,member
1835576,0B33E515201E6B2E,classic_bike,2021-09-20 09:45:52,2021-09-20 10:10:45,Edgecombe Ave & W 145 St,7976,Madison Ave & E 82 St,7188,40.823498,-73.94386,40.7781314,-73.96069399,member
1835599,4ABBDBB24FC150F0,electric_bike,2021-09-24 14:43:06,2021-09-24 15:19:14,W 53 St & 10 Ave,6890,Madison Ave & E 82 St,7188,40.76669671,-73.99061728,40.7781314,-73.96069399,member
1835612,8F8B6D825343471D,electric_bike,2021-09-25 11:04:51,2021-09-25 11:05:29,Madison Ave & E 82 St,7188,Madison Ave & E 82 St,7188,40.7781314,-73.96069399,40.7781314,-73.96069399,member
1835630,4EF0BA22EDF1C70E,classic_bike,2021-09-27 10:51:36,2021-09-27 10:52:13,Madison Ave & E 82 St,7188,Madison Ave & E 82 St,7188,40.7781314,-73.96069399,40.7781314,-73.96069399,member
1835671,2C4B2CD76767FE75,classic_bike,2021-09-07 18:20:50,2021-09-07 18:37:23,Madison Ave & E 82 St,7188,W 67 St & Broadway,7116,40.7781314,-73.96069399,40.77492513,-73.98266566,casual
1835679,342CD9D717034F9F,electric_bike,2021-09-12 11:17:07,2021-09-12 11:44:26,Madison Ave & E 82 St,7188,Madison Ave & E 82 St,7188,40.7781314,-73.96069399,40.7781314,-73.96069399,casual
1835686,8BAB9D932655F34F,electric_bike,2021-09-12 07:41:17,2021-09-12 07:53:52,W 67 St & Broadway,7116,Madison Ave & E 82 St,7188,40.77492513,-73.98266566,40.7781314,-73.96069399,casual
1835705,237343932F0E928D,classic_bike,2021-09-12 13:01:28,2021-09-12 13:15:47,W 67 St & Broadway,7116,Madison Ave & E 82 St,7188,40.77492513,-73.98266566,40.7781314,-73.96069399,member
1835706,BB99D35B021B7CA1,classic_bike,2021-09-12 14:50:00,2021-09-12 15:02:47,Madison Ave & E 82 St,7188,W 67 St & Broadway,7116,40.7781314,-73.96069399,40.77492513,-73.98266566,member
1835708,A223F29FB7111902,electric_bike,2021-09-13 17:08:16,2021-09-13 17:29:36,W 107 St & Columbus Ave,7619,Madison Ave & E 82 St,7188,40.7997568,-73.9621128676,40.7781314,-73.96069399,member
1835714,E7612A8B62956F37,docked_bike,2021-09-13 20:57:43,2021-09-13 21:22:23,Madison Ave & E 82 St,7188,Madison Ave & E 82 St,7188,40.778131,-73.960694,40.778131,-73.960694,casual
1835733,89268AA76C8A6E67,classic_bike,2021-09-25 16:48:58,2021-09-25 17:08:53,W 67 St & Broadway,7116,Madison Ave & E 82 St,7188,40.77492513,-73.98266566,40.7781314,-73.96069399,member
1835754,3D0DD8EAD28F6322,classic_bike,2021-09-18 11:50:45,2021-09-18 12:23:45,Central Park West & W 68 St,7079,Madison Ave & E 82 St,7188,40.7734066,-73.97782542,40.7781314,-73.96069399,casual
1835755,F3C686ECD039513B,classic_bike,2021-09-25 14:46:57,2021-09-25 14:48:02,Madison Ave & E 82 St,7188,Madison Ave & E 82 St,7188,40.7781314,-73.96069399,40.7781314,-73.96069399,casual
1835757,D277915EB5892B64,classic_bike,2021-09-02 16:56:20,2021-09-02 16:57:58,Madison Ave & E 82 St,7188,Madison Ave & E 82 St,7188,40.7781314,-73.96069399,40.7781314,-73.96069399,casual
1835776,ED66BA21C20FBD6F,classic_bike,2021-09-08 14:23:33,2021-09-08 14:36:53,E 50 St & Park Ave,6659,Madison Ave & E 82 St,7188,40.757334,-73.974235,40.7781314,-73.96069399,member
1835811,1631083FF794F4CB,classic_bike,2021-09-14 13:46:31,2021-09-14 14:07:34,E 103 St & Lexington Ave,7463,Madison Ave & E 82 St,7188,40.7903051,-73.94755757,40.7781314,-73.96069399,member
1835813,8DB1B50D8DD420B9,electric_bike,2021-09-08 23:02:11,2021-09-08 23:07:39,E 91 St & 2 Ave,7286,Madison Ave & E 82 St,7188,40.78115276427916,-73.94963040947914,40.7781314,-73.96069399,member
1835821,92E6BAB0C0BE2222,classic_bike,2021-09-08 14:48:38,2021-09-08 14:56:25,5 Ave & E 63 St,6904,Madison Ave & E 82 St,7188,40.766368,-73.971518,40.7781314,-73.96069399,casual
1835827,4A1072D7D94ADD31,classic_bike,2021-09-18 13:00:19,2021-09-18 13:42:57,5 Ave & E 63 St,6904,Madison Ave & E 82 St,7188,40.766368,-73.971518,40.7781314,-73.96069399,casual
1835879,DC575F46B7CA9898,classic_bike,2021-09-25 13:39:04,2021-09-25 14:35:06,5 Ave & E 63 St,6904,Madison Ave & E 82 St,7188,40.766368,-73.971518,40.7781314,-73.96069399,casual
1835891,63E195108F4A9B29,classic_bike,2021-09-11 17:16:02,2021-09-11 17:46:05,Central Park West & W 85 St,7354,Madison Ave & E 82 St,7188,40.78476,-73.969862,40.7781314,-73.96069399,member
1835897,12D3BC1214DC9878,classic_bike,2021-09-02 10:46:02,2021-09-02 10:52:06,Central Park West & W 85 St,7354,Madison Ave & E 82 St,7188,40.78476,-73.969862,40.7781314,-73.96069399,member
1835905,FD2F08ECC9C61000,classic_bike,2021-09-06 10:02:15,2021-09-06 10:09:15,E 91 St & 2 Ave,7286,Madison Ave & E 82 St,7188,40.78115276427916,-73.94963040947914,40.7781314,-73.96069399,member
1835919,63068061BD55E344,electric_bike,2021-09-29 06:07:08,2021-09-29 06:18:11,E 47 St & 2 Ave,6498,Madison Ave & E 82 St,7188,40.75323098,-73.97032517,40.7781314,-73.96069399,member
1835920,9F7535A59A7A0976,classic_bike,2021-09-15 08:25:24,2021-09-15 08:43:49,E 47 St & 2 Ave,6498,Madison Ave & E 82 St,7188,40.75323098,-73.97032517,40.7781314,-73.96069399,member
1835925,58FBB1D1F322AB10,electric_bike,2021-09-25 10:33:09,2021-09-25 10:37:20,E 85 St & 3 Ave,7212,Madison Ave & E 82 St,7188,40.77801203,-73.95407149,40.7781314,-73.96069399,member
1835926,1FE88FABE260DE2F,classic_bike,2021-09-06 19:06:26,2021-09-06 19:10:47,E 85 St & 3 Ave,7212,Madison Ave & E 82 St,7188,40.77801203,-73.95407149,40.7781314,-73.96069399,member
1835930,C9147222C1D1E71A,classic_bike,2021-09-18 16:31:31,2021-09-18 16:46:51,E 85 St & 3 Ave,7212,Madison Ave & E 82 St,7188,40.77801203,-73.95407149,40.7781314,-73.96069399,casual
1835992,0932170E00388180,electric_bike,2021-09-23 10:41:28,2021-09-23 11:13:49,W 42 St & Dyer Ave,6644,Madison Ave & E 82 St,7188,40.75898481399634,-73.99379968643188,40.7781314,-73.96069399,member
1836016,D86139ED8AB7BB23,electric_bike,2021-09-16 15:50:22,2021-09-16 16:38:21,Broad St & Bridge St,4962,Madison Ave & E 82 St,7188,40.70365182,-74.01167797,40.7781314,-73.96069399,member
1836018,858B4A7AD59ED4A4,electric_bike,2021-09-25 15:20:08,2021-09-25 15:33:51,E 91 St & 2 Ave,7286,Madison Ave & E 82 St,7188,40.78115276427916,-73.94963040947914,40.7781314,-73.96069399,member
1836066,9230251168C03BC9,classic_bike,2021-09-05 14:16:48,2021-09-05 14:58:23,W 42 St & Dyer Ave,6644,Madison Ave & E 82 St,7188,40.75898481399634,-73.99379968643188,40.7781314,-73.96069399,casual
1836094,B8AAEC2D38C1747C,classic_bike,2021-09-07 09:22:28,2021-09-07 10:14:26,8 Ave & W 52 St,6816,Madison Ave & E 82 St,7188,40.76370739,-73.9851615,40.7781314,-73.96069399,casual
1836112,D9F3245DA4E17978,electric_bike,2021-09-06 14:19:33,2021-09-06 14:32:44,Broadway & W 56 St,6847,Madison Ave & E 82 St,7188,40.7652654,-73.98192338,40.7781314,-73.96069399,member
1836140,2BFEA513695BE6C0,electric_bike,2021-09-10 09:50:13,2021-09-10 10:02:20,Broadway & W 56 St,6847,Madison Ave & E 82 St,7188,40.7652654,-73.98192338,40.7781314,-73.96069399,member
1836165,8B572867E22C6234,classic_bike,2021-09-11 09:05:17,2021-09-11 09:43:53,E 17 St & Broadway,5980,Madison Ave & E 82 St,7188,40.73704984,-73.99009296,40.7781314,-73.96069399,member
1836238,AC6CDF38EA0DDEB5,classic_bike,2021-09-21 18:13:08,2021-09-21 18:38:44,E 4 St & 2 Ave,5593,Madison Ave & E 82 St,7188,40.7262807,-73.98978041,40.7781314,-73.96069399,member
1836288,04571A88080C344A,classic_bike,2021-09-14 16:58:08,2021-09-14 17:05:56,E 59 St & Madison Ave,6801,Madison Ave & E 82 St,7188,40.76350532,-73.97109243,40.7781314,-73.96069399,casual
1836291,0142EEDA371A45B1,electric_bike,2021-09-17 10:56:17,2021-09-17 11:03:43,E 59 St & Madison Ave,6801,Madison Ave & E 82 St,7188,40.76350532,-73.97109243,40.7781314,-73.96069399,member
1836297,AED5AC456CF7B40F,classic_bike,2021-09-24 14:20:50,2021-09-24 14:29:49,E 59 St & Madison Ave,6801,Madison Ave & E 82 St,7188,40.76350532,-73.97109243,40.7781314,-73.96069399,member
1836303,CEF01CFEDD492741,classic_bike,2021-09-26 09:33:54,2021-09-26 09:53:29,8 Ave & W 52 St,6816,Madison Ave & E 82 St,7188,40.76370739,-73.9851615,40.7781314,-73.96069399,member
1836338,630A39E89C805179,classic_bike,2021-09-06 12:55:05,2021-09-06 13:16:03,W 42 St & 6 Ave,6517,Madison Ave & E 82 St,7188,40.75492,-73.98455,40.7781314,-73.96069399,casual
1836359,70C4FC48437B8CAF,classic_bike,2021-09-27 22:14:32,2021-09-27 22:24:30,Broadway & W 56 St,6847,Madison Ave & E 82 St,7188,40.7652654,-73.98192338,40.7781314,-73.96069399,member
1836378,F0F1E54C8CD8BBB6,classic_bike,2021-09-21 13:34:46,2021-09-21 14:00:39,8 Ave & W 52 St,6816,Madison Ave & E 82 St,7188,40.76370739,-73.9851615,40.7781314,-73.96069399,casual
1836397,200DA05AACEF76EB,classic_bike,2021-09-17 17:58:10,2021-09-17 18:16:04,W 64 St & Thelonious Monk Circle,7123,Madison Ave & E 82 St,7188,40.77515953434235,-73.98918695747852,40.7781314,-73.96069399,member
1836478,644CDE7F63B88CF8,electric_bike,2021-09-21 17:21:11,2021-09-21 17:36:31,8 Ave & W 52 St,6816,Madison Ave & E 82 St,7188,40.76370739,-73.9851615,40.7781314,-73.96069399,member
1836499,06E9301BEDCA7FF9,electric_bike,2021-09-17 09:38:26,2021-09-17 09:56:40,Broadway & W 56 St,6847,Madison Ave & E 82 St,7188,40.7652654,-73.98192338,40.7781314,-73.96069399,member
1836509,CB5E7BECA0DEC4FE,classic_bike,2021-09-26 16:47:25,2021-09-26 16:56:33,East End Ave & E 86 St,7113,Madison Ave & E 82 St,7188,40.77518615,-73.94446054,40.7781314,-73.96069399,member
1836525,2B179EE5E87CCF76,electric_bike,2021-09-27 09:00:06,2021-09-27 09:30:01,W 18 St & 6 Ave,6064,Madison Ave & E 82 St,7188,40.73971301,-73.99456405,40.7781314,-73.96069399,member
1836580,9DB6A00B39BB8FFD,classic_bike,2021-09-30 11:53:22,2021-09-30 12:09:52,8 Ave & W 52 St,6816,Madison Ave & E 82 St,7188,40.76370739,-73.9851615,40.7781314,-73.96069399,member
1836634,E55179C0937D6247,classic_bike,2021-09-12 12:04:30,2021-09-12 12:38:04,W 42 St & 6 Ave,6517,Madison Ave & E 82 St,7188,40.75492,-73.98455,40.7781314,-73.96069399,casual
1836654,C854F5C70AC82EA4,classic_bike,2021-09-22 18:58:31,2021-09-22 19:21:20,E 95 St & 3 Ave,7365,Madison Ave & E 82 St,7188,40.7849032,-73.950503,40.7781314,-73.96069399,member
1836695,F1D62D5B9AD3D762,classic_bike,2021-09-26 14:27:07,2021-09-26 15:02:49,W 42 St & 6 Ave,6517,Madison Ave & E 82 St,7188,40.75492,-73.98455,40.7781314,-73.96069399,casual
1836714,02BCD2A9ADEE9C46,classic_bike,2021-09-17 08:19:23,2021-09-17 08:43:01,W 42 St & 6 Ave,6517,Madison Ave & E 82 St,7188,40.75492,-73.98455,40.7781314,-73.96069399,member
1836723,9984FDD64FE05B45,electric_bike,2021-09-24 14:33:49,2021-09-24 14:56:07,8 Ave & W 52 St,6816,Madison Ave & E 82 St,7188,40.76370739,-73.9851615,40.7781314,-73.96069399,member
1836733,E3BB88C57EB958E9,electric_bike,2021-09-15 12:32:23,2021-09-15 12:46:45,8 Ave & W 52 St,6816,Madison Ave & E 82 St,7188,40.76370739,-73.9851615,40.7781314,-73.96069399,member
1836740,7569657E6BB5C800,classic_bike,2021-09-14 08:06:10,2021-09-14 08:18:11,Broadway & W 56 St,6847,Madison Ave & E 82 St,7188,40.7652654,-73.98192338,40.7781314,-73.96069399,member
1836763,E5426B19C437F5AF,classic_bike,2021-09-04 15:08:36,2021-09-04 15:29:15,Broadway & W 56 St,6847,Madison Ave & E 82 St,7188,40.7652654,-73.98192338,40.7781314,-73.96069399,casual
1836851,DE27B16B603433B6,classic_bike,2021-09-05 14:24:11,2021-09-05 14:58:26,W 42 St & 8 Ave,6602,Madison Ave & E 82 St,7188,40.7575699,-73.99098507,40.7781314,-73.96069399,casual
1836855,58B279C1CDD8395E,classic_bike,2021-09-05 11:51:30,2021-09-05 12:02:35,Broadway & W 56 St,6847,Madison Ave & E 82 St,7188,40.7652654,-73.98192338,40.7781314,-73.96069399,member
1836889,3C1C877E831B898C,docked_bike,2021-09-26 10:48:00,2021-09-26 11:11:27,W 42 St & 6 Ave,6517,Madison Ave & E 82 St,7188,40.75492,-73.98455,40.778131,-73.960694,casual
1836906,93FD45EFBEBD4E61,classic_bike,2021-09-24 12:53:14,2021-09-24 13:54:13,E 4 St & 2 Ave,5593,Madison Ave & E 82 St,7188,40.7262807,-73.98978041,40.7781314,-73.96069399,casual
1836909,8C33F52E3B2FBFC1,classic_bike,2021-09-14 09:25:52,2021-09-14 09:47:59,W 18 St & 6 Ave,6064,Madison Ave & E 82 St,7188,40.73971301,-73.99456405,40.7781314,-73.96069399,casual
1836980,05B6BDA292E3A1B0,classic_bike,2021-09-12 12:04:10,2021-09-12 12:38:13,W 42 St & 6 Ave,6517,Madison Ave & E 82 St,7188,40.75492,-73.98455,40.7781314,-73.96069399,casual
1836989,019A1A797A53B73F,classic_bike,2021-09-19 06:35:11,2021-09-19 06:43:19,E 77 St & 3 Ave,7092,Madison Ave & E 82 St,7188,40.77314236,-73.95856158,40.7781314,-73.96069399,member
1837002,E85ECA4BA6E60A87,classic_bike,2021-09-23 14:32:47,2021-09-23 14:51:44,9 Ave & W 45 St,6717,Madison Ave & E 82 St,7188,40.76019252,-73.9912551,40.7781314,-73.96069399,member
1837007,2CA2C1CDB235C713,classic_bike,2021-09-11 10:20:37,2021-09-11 10:33:17,E 81 St & York Ave,7084,Madison Ave & E 82 St,7188,40.7728384,-73.94989233,40.7781314,-73.96069399,member
1837014,9C04B233AA664838,classic_bike,2021-09-20 08:23:28,2021-09-20 08:48:55,W 42 St & 6 Ave,6517,Madison Ave & E 82 St,7188,40.75492,-73.98455,40.7781314,-73.96069399,member
1837034,B7C67BA2FD650BD2,classic_bike,2021-09-09 19:51:07,2021-09-09 20:00:36,E 56 St & Madison Ave,6732,Madison Ave & E 82 St,7188,40.761573,-73.972628,40.7781314,-73.96069399,member
1837068,6776286A4368A2CC,classic_bike,2021-09-06 16:40:17,2021-09-06 16:46:05,E 77 St & 3 Ave,7092,Madison Ave & E 82 St,7188,40.77314236,-73.95856158,40.7781314,-73.96069399,member
1837073,A26F76109627A0B6,classic_bike,2021-09-21 18:33:11,2021-09-21 18:46:29,Broadway & W 58 St,6948,Madison Ave & E 82 St,7188,40.76695317,-73.98169333,40.7781314,-73.96069399,member
1837089,B2B78A7989386EEE,electric_bike,2021-09-13 14:04:49,2021-09-13 14:14:27,E 59 St & Madison Ave,6801,Madison Ave & E 82 St,7188,40.76350532,-73.97109243,40.7781314,-73.96069399,casual
1837100,50DAA828F5F4D747,classic_bike,2021-09-19 16:30:48,2021-09-19 16:40:15,2 Ave & E 72 St,6925,Madison Ave & E 82 St,7188,40.7687620293096,-73.95840793848038,40.7781314,-73.96069399,member
1837101,C634A4EB6BD98B8E,classic_bike,2021-09-10 23:36:45,2021-09-10 23:42:49,E 77 St & 3 Ave,7092,Madison Ave & E 82 St,7188,40.77314236,-73.95856158,40.7781314,-73.96069399,member
1837107,F0A6B0E7787995C9,classic_bike,2021-09-26 00:15:37,2021-09-26 00:54:28,Broadway & W 58 St,6948,Madison Ave & E 82 St,7188,40.76695317,-73.98169333,40.7781314,-73.96069399,member
1837114,67C3EF4AB6406E5E,classic_bike,2021-09-20 21:08:49,2021-09-20 21:13:54,E 81 St & York Ave,7084,Madison Ave & E 82 St,7188,40.7728384,-73.94989233,40.7781314,-73.96069399,member
1837118,5FAEBCF932B100DD,classic_bike,2021-09-21 07:38:50,2021-09-21 07:51:54,Broadway & W 58 St,6948,Madison Ave & E 82 St,7188,40.76695317,-73.98169333,40.7781314,-73.96069399,casual
1837124,81355667D991ED72,classic_bike,2021-09-06 12:16:17,2021-09-06 13:31:54,E 77 St & 3 Ave,7092,Madison Ave & E 82 St,7188,40.77314236,-73.95856158,40.7781314,-73.96069399,casual
1837128,139446DE0990F73F,classic_bike,2021-09-06 12:16:31,2021-09-06 13:32:21,E 77 St & 3 Ave,7092,Madison Ave & E 82 St,7188,40.77314236,-73.95856158,40.7781314,-73.96069399,member
1837138,309B0192AD672A8B,electric_bike,2021-09-06 07:11:30,2021-09-06 07:16:38,E 81 St & York Ave,7084,Madison Ave & E 82 St,7188,40.7728384,-73.94989233,40.7781314,-73.96069399,member
1837149,40F816D0EF50DD00,classic_bike,2021-09-23 13:06:14,2021-09-23 13:11:17,E 77 St & 3 Ave,7092,Madison Ave & E 82 St,7188,40.77314236,-73.95856158,40.7781314,-73.96069399,member
1837166,3FF288BCEAD465B9,electric_bike,2021-09-12 19:14:57,2021-09-12 19:32:40,W 56 St & 10 Ave,6955,Madison Ave & E 82 St,7188,40.768254,-73.988639,40.7781314,-73.96069399,casual
1837172,164FF4E9C0B4357A,electric_bike,2021-09-11 11:55:01,2021-09-11 12:31:15,Broadway & W 58 St,6948,Madison Ave & E 82 St,7188,40.76695317,-73.98169333,40.7781314,-73.96069399,casual
1837187,EDB47D63EC2C0236,classic_bike,2021-09-26 14:07:55,2021-09-26 15:04:40,Broadway & W 58 St,6948,Madison Ave & E 82 St,7188,40.76695317,-73.98169333,40.7781314,-73.96069399,casual
1837196,E2741B70D189334A,classic_bike,2021-09-07 15:56:03,2021-09-07 16:04:25,E 59 St & Madison Ave,6801,Madison Ave & E 82 St,7188,40.76350532,-73.97109243,40.7781314,-73.96069399,member
1837206,5A88DF36E052FE63,electric_bike,2021-09-13 11:24:04,2021-09-13 11:32:03,E 59 St & Madison Ave,6801,Madison Ave & E 82 St,7188,40.76350532,-73.97109243,40.7781314,-73.96069399,member
1837218,6E864165E37DE39C,classic_bike,2021-09-22 01:08:48,2021-09-22 01:18:20,Broadway & W 58 St,6948,Madison Ave & E 82 St,7188,40.76695317,-73.98169333,40.7781314,-73.96069399,member
1837223,C6688F45DD1F0AA3,classic_bike,2021-09-18 10:17:53,2021-09-18 10:26:39,E 77 St & 3 Ave,7092,Madison Ave & E 82 St,7188,40.77314236,-73.95856158,40.7781314,-73.96069399,member
1837237,94F1B59F37CF685A,classic_bike,2021-09-09 08:23:20,2021-09-09 08:48:10,9 Ave & W 45 St,6717,Madison Ave & E 82 St,7188,40.76019252,-73.9912551,40.7781314,-73.96069399,member
1837246,18FA2327A47FD2B9,classic_bike,2021-09-21 12:00:46,2021-09-21 12:59:17,9 Ave & W 45 St,6717,Madison Ave & E 82 St,7188,40.76019252,-73.9912551,40.7781314,-73.96069399,casual
1837251,872A3843C2A99B46,classic_bike,2021-09-12 12:18:09,2021-09-12 12:36:20,Broadway & W 58 St,6948,Madison Ave & E 82 St,7188,40.76695317,-73.98169333,40.7781314,-73.96069399,casual
1837256,13F2952D30E85834,classic_bike,2021-09-24 17:23:38,2021-09-24 17:29:33,E 81 St & York Ave,7084,Madison Ave & E 82 St,7188,40.7728384,-73.94989233,40.7781314,-73.96069399,member
1837257,B3C0028BA96E910D,electric_bike,2021-09-15 18:42:34,2021-09-15 18:55:29,Broadway & W 58 St,6948,Madison Ave & E 82 St,7188,40.76695317,-73.98169333,40.7781314,-73.96069399,member
1837258,1FBC61B2E03B5F67,classic_bike,2021-09-22 17:51:33,2021-09-22 17:59:15,E 81 St & York Ave,7084,Madison Ave & E 82 St,7188,40.7728384,-73.94989233,40.7781314,-73.96069399,member
1837264,16F37612DCE8B970,classic_bike,2021-09-10 07:57:27,2021-09-10 08:03:30,E 81 St & York Ave,7084,Madison Ave & E 82 St,7188,40.7728384,-73.94989233,40.7781314,-73.96069399,member
1837270,1144256886FC321C,classic_bike,2021-09-17 11:42:00,2021-09-17 13:45:34,Broadway & W 58 St,6948,Madison Ave & E 82 St,7188,40.76695317,-73.98169333,40.7781314,-73.96069399,casual
1837271,7BA1CD43EF039260,classic_bike,2021-09-18 14:09:37,2021-09-18 14:29:55,Broadway & W 58 St,6948,Madison Ave & E 82 St,7188,40.76695317,-73.98169333,40.7781314,-73.96069399,casual
1837305,AABF4378E7A3D5DA,classic_bike,2021-09-29 19:35:59,2021-09-29 19:47:14,Broadway & W 58 St,6948,Madison Ave & E 82 St,7188,40.76695317,-73.98169333,40.7781314,-73.96069399,member
1837321,8740213AF123624E,classic_bike,2021-09-19 07:57:30,2021-09-19 08:06:19,E 81 St & York Ave,7084,Madison Ave & E 82 St,7188,40.7728384,-73.94989233,40.7781314,-73.96069399,member
1837343,6C309B632FFA4B3E,classic_bike,2021-09-26 09:57:34,2021-09-26 10:03:28,E 77 St & 3 Ave,7092,Madison Ave & E 82 St,7188,40.77314236,-73.95856158,40.7781314,-73.96069399,casual
1837344,D8AF3C3FC75B2A6F,classic_bike,2021-09-24 09:30:00,2021-09-24 09:55:49,9 Ave & W 45 St,6717,Madison Ave & E 82 St,7188,40.76019252,-73.9912551,40.7781314,-73.96069399,member
1837351,464FD2EF21ACCDA6,electric_bike,2021-09-03 13:12:57,2021-09-03 14:11:05,Lexington Ave & Classon Ave,4452,Madison Ave & E 82 St,7188,40.68676793,-73.95928168,40.7781314,-73.96069399,casual
1837364,77E0C8AD12CA2976,electric_bike,2021-09-23 09:47:42,2021-09-23 10:13:02,W 18 St & 6 Ave,6064,Madison Ave & E 82 St,7188,40.73971301,-73.99456405,40.7781314,-73.96069399,member
1837371,7824A3D2A049D38F,electric_bike,2021-09-05 13:19:04,2021-09-05 13:57:08,Bergen St & Flatbush Ave,4281,Madison Ave & E 82 St,7188,40.680944723477296,-73.97567331790923,40.7781314,-73.96069399,member
1837383,39F0FD879F322E09,classic_bike,2021-09-14 09:51:20,2021-09-14 10:00:07,E 56 St & Madison Ave,6732,Madison Ave & E 82 St,7188,40.761573,-73.972628,40.7781314,-73.96069399,member
1837387,2E9A61F4627A371A,classic_bike,2021-09-02 12:15:34,2021-09-02 12:20:22,E 77 St & 3 Ave,7092,Madison Ave & E 82 St,7188,40.77314236,-73.95856158,40.7781314,-73.96069399,member
1837393,F2E6C28C3A2E1168,classic_bike,2021-09-23 14:27:40,2021-09-23 14:58:29,E 53 St & Madison Ave,6659,Madison Ave & E 82 St,7188,40.7597108,-73.97402311,40.7781314,-73.96069399,member
1837396,DCC228626A837E5A,classic_bike,2021-09-25 12:33:28,2021-09-25 13:11:54,Mott St & Prince St,5561,Madison Ave & E 82 St,7188,40.72317958,-73.99480012,40.7781314,-73.96069399,member
1837399,5067D3AD15EA6C47,classic_bike,2021-09-25 18:50:22,2021-09-25 19:14:03,E 110 St & Madison Ave,7587,Madison Ave & E 82 St,7188,40.7961535,-73.94782145,40.7781314,-73.96069399,member
1837410,A4CE0880E3F9CF91,classic_bike,2021-09-10 13:05:21,2021-09-10 13:25:17,E 51 St & 1 Ave,6532,Madison Ave & E 82 St,7188,40.75455731,-73.96592976,40.7781314,-73.96069399,member
1837420,14C834A37D97FA03,electric_bike,2021-09-26 12:38:29,2021-09-26 12:44:10,Amsterdam Ave & W 79 St,7311,Madison Ave & E 82 St,7188,40.7829391,-73.9786517,40.7781314,-73.96069399,member
1837422,1D4F2CFF50DDAAA5,docked_bike,2021-09-17 08:36:47,2021-09-17 09:04:23,Amsterdam Ave & W 79 St,7311,Madison Ave & E 82 St,7188,40.782939,-73.978652,40.778131,-73.960694,casual
1837424,F068D7A7AA5519FF,classic_bike,2021-09-25 17:28:55,2021-09-25 17:37:58,Central Park West & W 85 St,7354,Madison Ave & E 82 St,7188,40.78476,-73.969862,40.7781314,-73.96069399,member
1837430,55FB6DE6AD79FCAB,classic_bike,2021-09-08 12:44:15,2021-09-08 13:09:25,5 Ave & E 72 St,7100,Madison Ave & E 82 St,7188,40.77282817,-73.96685276,40.7781314,-73.96069399,member
1837431,2D25AEF33AD4305D,classic_bike,2021-09-19 20:37:53,2021-09-19 20:42:58,5 Ave & E 72 St,7100,Madison Ave & E 82 St,7188,40.77282817,-73.96685276,40.7781314,-73.96069399,member
1837433,D9A44D158A0742F6,electric_bike,2021-09-30 09:10:30,2021-09-30 09:20:09,Amsterdam Ave & W 79 St,7311,Madison Ave & E 82 St,7188,40.7829391,-73.9786517,40.7781314,-73.96069399,member
1837439,050F6AC02E5BE6CE,classic_bike,2021-09-26 14:14:23,2021-09-26 14:40:40,5 Ave & E 72 St,7100,Madison Ave & E 82 St,7188,40.77282817,-73.96685276,40.7781314,-73.96069399,casual
1837441,99FFC4AFECEF9922,classic_bike,2021-09-20 12:33:56,2021-09-20 12:51:56,Central Park West & W 85 St,7354,Madison Ave & E 82 St,7188,40.78476,-73.969862,40.7781314,-73.96069399,casual
1837443,44ED28A4C91B5B8B,classic_bike,2021-09-08 17:44:49,2021-09-08 17:51:35,5 Ave & E 72 St,7100,Madison Ave & E 82 St,7188,40.77282817,-73.96685276,40.7781314,-73.96069399,casual
1837445,3B178872F56E3BB7,classic_bike,2021-09-12 06:44:06,2021-09-12 06:49:14,Central Park West & W 85 St,7354,Madison Ave & E 82 St,7188,40.78476,-73.969862,40.7781314,-73.96069399,casual
1837461,AA6CB257A3B89D56,classic_bike,2021-09-30 17:39:18,2021-09-30 17:54:43,E 47 St & Park Ave,6584,Madison Ave & E 82 St,7188,40.75510267,-73.97498696,40.7781314,-73.96069399,member
1837464,D23AD13139B1484D,classic_bike,2021-09-05 12:32:01,2021-09-05 12:47:31,E 47 St & Park Ave,6584,Madison Ave & E 82 St,7188,40.75510267,-73.97498696,40.7781314,-73.96069399,member
1837575,C9ACE91CDACBB29D,classic_bike,2021-09-19 11:37:02,2021-09-19 12:14:56,W 49 St & 8 Ave,6747,Madison Ave & E 82 St,7188,40.76227205,-73.98788205,40.7781314,-73.96069399,casual
1837576,AB697FC470162DCE,classic_bike,2021-09-05 10:52:14,2021-09-05 11:14:24,W 49 St & 8 Ave,6747,Madison Ave & E 82 St,7188,40.76227205,-73.98788205,40.7781314,-73.96069399,casual
1837588,05BFD060545F9BA5,classic_bike,2021-09-17 15:47:33,2021-09-17 16:01:31,E 110 St & Madison Ave,7587,Madison Ave & E 82 St,7188,40.7961535,-73.94782145,40.7781314,-73.96069399,casual
1837594,C25A1F80EBFF27F7,classic_bike,2021-09-10 10:09:40,2021-09-10 10:24:46,E 118 St & 3 Ave,7611,Madison Ave & E 82 St,7188,40.799139,-73.9389152,40.7781314,-73.96069399,member
1837604,F546A951154239FF,classic_bike,2021-09-24 10:03:08,2021-09-24 10:17:17,E 58 St & 3 Ave,6762,Madison Ave & E 82 St,7188,40.76095756,-73.96724467,40.7781314,-73.96069399,member
1837609,702F804871E0954F,electric_bike,2021-09-02 22:48:11,2021-09-02 23:09:04,E 63 St & 3 Ave,6830,Madison Ave & E 82 St,7188,40.763954,-73.9646,40.7781314,-73.96069399,member
1837617,EEF493671406E5FA,classic_bike,2021-09-15 12:04:05,2021-09-15 13:00:06,Mott St & Prince St,5561,Madison Ave & E 82 St,7188,40.72317958,-73.99480012,40.7781314,-73.96069399,member
1837661,F413BF98E18B6202,classic_bike,2021-09-26 15:06:17,2021-09-26 15:16:39,E 63 St & 3 Ave,6830,Madison Ave & E 82 St,7188,40.763954,-73.9646,40.7781314,-73.96069399,member
1837666,617C2A573F64C181,electric_bike,2021-09-16 11:17:58,2021-09-16 11:44:12,Bank St & Washington St,5964,Madison Ave & E 82 St,7188,40.7361967,-74.00859207,40.7781314,-73.96069399,member
1837669,A8548FBCF167A553,classic_bike,2021-09-06 12:26:32,2021-09-06 12:37:04,E 58 St & 3 Ave,6762,Madison Ave & E 82 St,7188,40.76095756,-73.96724467,40.7781314,-73.96069399,member
1837681,2F993189C2015DBB,classic_bike,2021-09-26 13:24:35,2021-09-26 13:46:30,E 58 St & 3 Ave,6762,Madison Ave & E 82 St,7188,40.76095756,-73.96724467,40.7781314,-73.96069399,member
1837691,4A183F9A018BE586,classic_bike,2021-09-07 06:41:33,2021-09-07 06:50:00,E 63 St & 3 Ave,6830,Madison Ave & E 82 St,7188,40.763954,-73.9646,40.7781314,-73.96069399,member
1837704,90D8BD399F817942,classic_bike,2021-09-26 12:11:41,2021-09-26 12:34:55,E 118 St & 3 Ave,7611,Madison Ave & E 82 St,7188,40.799139,-73.9389152,40.7781314,-73.96069399,member
1837720,D9E02647A320A6CA,classic_bike,2021-09-17 23:22:52,2021-09-17 23:33:54,E 58 St & 3 Ave,6762,Madison Ave & E 82 St,7188,40.76095756,-73.96724467,40.7781314,-73.96069399,casual
1837722,AA7867619DB93050,classic_bike,2021-09-17 23:23:10,2021-09-17 23:33:52,E 58 St & 3 Ave,6762,Madison Ave & E 82 St,7188,40.76095756,-73.96724467,40.7781314,-73.96069399,casual
1837728,FF96B2AED42FCB95,classic_bike,2021-09-14 17:07:06,2021-09-14 17:22:17,E 54 St & 1 Ave,6608,Madison Ave & E 82 St,7188,40.756265,-73.964179,40.7781314,-73.96069399,member
1837746,148B437C67AFBE2D,electric_bike,2021-09-18 17:35:23,2021-09-18 18:30:18,Brooklyn Bridge Park - Pier 2,4756,Madison Ave & E 82 St,7188,40.698458,-73.997178,40.7781314,-73.96069399,member
1837759,8F3F286AA87C4368,classic_bike,2021-09-07 09:38:10,2021-09-07 10:19:27,Broadway & W 38 St,6560,Madison Ave & E 82 St,7188,40.7529728216068,-73.98734897375107,40.7781314,-73.96069399,casual
1837767,790EC7713CE45763,classic_bike,2021-09-29 16:59:27,2021-09-29 17:13:57,E 53 St & Madison Ave,6659,Madison Ave & E 82 St,7188,40.7597108,-73.97402311,40.7781314,-73.96069399,member
1837771,B30776654F59B8B4,classic_bike,2021-09-27 17:36:38,2021-09-27 17:46:11,E 53 St & Madison Ave,6659,Madison Ave & E 82 St,7188,40.7597108,-73.97402311,40.7781314,-73.96069399,member
1837773,F68631A26AD32D23,electric_bike,2021-09-30 17:04:52,2021-09-30 17:07:23,5 Ave & E 87 St,7323,Madison Ave & E 82 St,7188,40.78232260730881,-73.95987510681152,40.7781314,-73.96069399,casual
1837782,A3AECD925A27A522,electric_bike,2021-09-08 12:03:06,2021-09-08 12:32:20,Bank St & Washington St,5964,Madison Ave & E 82 St,7188,40.7361967,-74.00859207,40.7781314,-73.96069399,member
1837827,3764277232248D47,classic_bike,2021-09-19 12:09:45,2021-09-19 12:19:59,Amsterdam Ave & W 82 St,7360,Madison Ave & E 82 St,7188,40.78524672,-73.97667321,40.7781314,-73.96069399,casual
1837837,ABFE434DAB70F716,classic_bike,2021-09-18 17:22:42,2021-09-18 17:33:12,Amsterdam Ave & W 82 St,7360,Madison Ave & E 82 St,7188,40.78524672,-73.97667321,40.7781314,-73.96069399,member
1837843,C813F11C0B68DDC3,electric_bike,2021-09-07 15:12:01,2021-09-07 15:51:49,Amsterdam Ave & W 82 St,7360,Madison Ave & E 82 St,7188,40.78524672,-73.97667321,40.7781314,-73.96069399,casual
1837919,712D54AF6028044E,electric_bike,2021-09-26 12:24:59,2021-09-26 12:35:50,E 53 St & Lexington Ave,6617,Madison Ave & E 82 St,7188,40.75828065,-73.97069431,40.7781314,-73.96069399,member
1837927,23AE4D02C8670D01,classic_bike,2021-09-11 13:33:48,2021-09-11 14:45:29,Grand Army Plaza & Central Park S,6839,Madison Ave & E 82 St,7188,40.7643971,-73.97371465,40.7781314,-73.96069399,casual
1837928,682E7D4DC583C898,classic_bike,2021-09-11 13:34:14,2021-09-11 14:47:18,Grand Army Plaza & Central Park S,6839,Madison Ave & E 82 St,7188,40.7643971,-73.97371465,40.7781314,-73.96069399,casual
1838009,3585AE34C9AD3974,electric_bike,2021-09-07 23:51:14,2021-09-07 23:56:48,Central Park West & W 72 St,7141,Madison Ave & E 82 St,7188,40.77579376683666,-73.9762057363987,40.7781314,-73.96069399,member
1838013,B2EAA40A7DF18901,classic_bike,2021-09-25 15:52:31,2021-09-25 16:40:51,43 St & 37 Ave,6401,Madison Ave & E 82 St,7188,40.750181,-73.919998,40.7781314,-73.96069399,member
1838022,016B8B51FE325EE0,classic_bike,2021-09-17 14:17:31,2021-09-17 14:24:40,3 Ave & E 71 St,6960,Madison Ave & E 82 St,7188,40.76873687,-73.96119945,40.7781314,-73.96069399,member
1838030,220680E5E3E7E540,classic_bike,2021-09-12 20:31:30,2021-09-12 20:44:14,E 84 St & Park Ave,7243,Madison Ave & E 82 St,7188,40.77862688,-73.95772073,40.7781314,-73.96069399,member
1838082,29FEA2DB59A9B83E,classic_bike,2021-09-28 12:51:03,2021-09-28 13:06:24,Pershing Square South,6432,Madison Ave & E 82 St,7188,40.751581,-73.97791,40.7781314,-73.96069399,member
1838100,B943D62C2B86F08F,classic_bike,2021-09-16 19:34:11,2021-09-16 19:44:04,E 84 St & Park Ave,7243,Madison Ave & E 82 St,7188,40.77862688,-73.95772073,40.7781314,-73.96069399,casual
1838101,1588D86DFA15D66C,classic_bike,2021-09-06 12:50:45,2021-09-06 13:23:12,Central Park West & W 72 St,7141,Madison Ave & E 82 St,7188,40.77579376683666,-73.9762057363987,40.7781314,-73.96069399,casual
1838104,2CDAE67369B1B603,classic_bike,2021-09-19 17:50:50,2021-09-19 18:45:34,E 84 St & Park Ave,7243,Madison Ave & E 82 St,7188,40.77862688,-73.95772073,40.7781314,-73.96069399,casual
1838110,349A893DE80E3223,docked_bike,2021-09-18 11:20:06,2021-09-18 11:47:03,Central Park West & W 72 St,7141,Madison Ave & E 82 St,7188,40.775794,-73.976206,40.778131,-73.960694,casual
1838113,F71F7B12BCB086E6,docked_bike,2021-09-12 14:28:53,2021-09-12 15:30:06,Central Park West & W 72 St,7141,Madison Ave & E 82 St,7188,40.775794,-73.976206,40.778131,-73.960694,casual
1838115,766413FEA7581B18,electric_bike,2021-09-15 12:21:41,2021-09-15 12:38:12,Pershing Square South,6432,Madison Ave & E 82 St,7188,40.751581,-73.97791,40.7781314,-73.96069399,member
1838117,A58FAE9F8E1F4F1B,classic_bike,2021-09-27 09:13:03,2021-09-27 09:15:53,E 84 St & Park Ave,7243,Madison Ave & E 82 St,7188,40.77862688,-73.95772073,40.7781314,-73.96069399,member
1838118,26E17E1FD2B54216,classic_bike,2021-09-18 07:48:12,2021-09-18 07:49:54,E 84 St & Park Ave,7243,Madison Ave & E 82 St,7188,40.77862688,-73.95772073,40.7781314,-73.96069399,member
1838122,4DECECF66D7BE482,classic_bike,2021-09-24 20:50:34,2021-09-24 22:08:30,E 84 St & Park Ave,7243,Madison Ave & E 82 St,7188,40.77862688,-73.95772073,40.7781314,-73.96069399,casual
1838127,FE1645B8DB8D4113,classic_bike,2021-09-12 14:16:25,2021-09-12 15:30:26,Central Park West & W 72 St,7141,Madison Ave & E 82 St,7188,40.77579376683666,-73.9762057363987,40.7781314,-73.96069399,casual
1838158,F4850ECFEF8A3497,classic_bike,2021-09-18 12:49:27,2021-09-18 14:04:34,Central Park West & W 68 St,7079,Madison Ave & E 82 St,7188,40.7734066,-73.97782542,40.7781314,-73.96069399,member
1838165,0B719DD4D053E263,classic_bike,2021-09-12 15:27:47,2021-09-12 15:44:51,Central Park West & W 68 St,7079,Madison Ave & E 82 St,7188,40.7734066,-73.97782542,40.7781314,-73.96069399,member
1838170,B21E891B18E7E648,docked_bike,2021-09-24 15:03:32,2021-09-24 15:28:30,Central Park West & W 68 St,7079,Madison Ave & E 82 St,7188,40.773407,-73.977825,40.778131,-73.960694,casual
1838171,681EE0C2188575AC,docked_bike,2021-09-24 15:44:27,2021-09-24 15:59:26,Madison Ave & E 82 St,7188,Central Park West & W 68 St,7079,40.778131,-73.960694,40.773407,-73.977825,casual
1838180,4F5718CAC10E81F3,electric_bike,2021-09-13 11:51:13,2021-09-13 12:23:00,Madison Ave & E 82 St,7188,MacDougal St & Prince St,5687,40.7781314,-73.96069399,40.72710258,-74.00297088,member
1838182,7603C4E5BFA112D4,classic_bike,2021-09-02 09:24:09,2021-09-02 09:34:08,Madison Ave & E 82 St,7188,Madison Ave & E 82 St,7188,40.7781314,-73.96069399,40.7781314,-73.96069399,member
1838209,201CBCB9A94144B5,classic_bike,2021-09-04 22:08:01,2021-09-04 22:10:57,Madison Ave & E 82 St,7188,Madison Ave & E 82 St,7188,40.7781314,-73.96069399,40.7781314,-73.96069399,member
1838213,1D4CFC52563798EF,classic_bike,2021-09-11 13:39:39,2021-09-11 14:24:55,Madison Ave & E 82 St,7188,Madison Ave & E 82 St,7188,40.7781314,-73.96069399,40.7781314,-73.96069399,member
1838224,767E9D808DAFA23B,electric_bike,2021-09-06 09:11:38,2021-09-06 09:21:21,Central Park West & W 68 St,7079,Madison Ave & E 82 St,7188,40.7734066,-73.97782542,40.7781314,-73.96069399,member
1838225,7C9BE3ABBE3120B2,classic_bike,2021-09-05 17:01:38,2021-09-05 17:02:46,Madison Ave & E 82 St,7188,Madison Ave & E 82 St,7188,40.7781314,-73.96069399,40.7781314,-73.96069399,member
1838232,46061BA00F55ADCC,classic_bike,2021-09-16 23:18:11,2021-09-16 23:18:47,Madison Ave & E 82 St,7188,Madison Ave & E 82 St,7188,40.7781314,-73.96069399,40.7781314,-73.96069399,member
1838242,833FDF2F794DAF99,classic_bike,2021-09-30 18:56:11,2021-09-30 18:57:24,Madison Ave & E 82 St,7188,Madison Ave & E 82 St,7188,40.7781314,-73.96069399,40.7781314,-73.96069399,casual
1838266,802B4794F190C343,electric_bike,2021-09-09 23:32:25,2021-09-09 23:33:17,Madison Ave & E 82 St,7188,Madison Ave & E 82 St,7188,40.7781314,-73.96069399,40.7781314,-73.96069399,casual
1838273,2963F2FD2BF1E3D3,electric_bike,2021-09-15 17:29:40,2021-09-15 18:07:40,Madison Ave & E 82 St,7188,Madison Ave & E 82 St,7188,40.7781314,-73.96069399,40.7781314,-73.96069399,casual
1838281,8738A70BEB325072,classic_bike,2021-09-06 12:28:04,2021-09-06 13:50:55,Madison Ave & E 82 St,7188,Madison Ave & E 82 St,7188,40.7781314,-73.96069399,40.7781314,-73.96069399,casual
1838293,AE6DB8C0AE11B4C0,classic_bike,2021-09-05 16:19:48,2021-09-05 16:32:01,Madison Ave & E 82 St,7188,Madison Ave & E 82 St,7188,40.7781314,-73.96069399,40.7781314,-73.96069399,casual
1838319,AAFC9952964BA2B2,classic_bike,2021-09-25 12:36:26,2021-09-25 15:35:19,Madison Ave & E 82 St,7188,Madison Ave & E 82 St,7188,40.7781314,-73.96069399,40.7781314,-73.96069399,casual
1838323,631D26B22BCFBF02,classic_bike,2021-09-24 13:53:45,2021-09-24 13:53:51,Madison Ave & E 82 St,7188,Madison Ave & E 82 St,7188,40.7781314,-73.96069399,40.7781314,-73.96069399,casual
1838386,323A4D9336725256,classic_bike,2021-09-10 12:21:29,2021-09-10 12:47:51,Central Park West & W 72 St,7141,Madison Ave & E 82 St,7188,40.77579376683666,-73.9762057363987,40.7781314,-73.96069399,casual
1838387,C42F92716AC40349,classic_bike,2021-09-26 13:28:54,2021-09-26 13:46:45,Central Park West & W 72 St,7141,Madison Ave & E 82 St,7188,40.77579376683666,-73.9762057363987,40.7781314,-73.96069399,member
1838390,745BF13CEEF58614,classic_bike,2021-09-15 16:41:08,2021-09-15 16:57:52,E 84 St & Park Ave,7243,Madison Ave & E 82 St,7188,40.77862688,-73.95772073,40.7781314,-73.96069399,casual
1838393,8B522EDE98D7FF26,electric_bike,2021-09-13 21:32:46,2021-09-13 21:51:38,E 84 St & Park Ave,7243,Madison Ave & E 82 St,7188,40.77862688,-73.95772073,40.7781314,-73.96069399,casual
1838407,55205796C7402BA9,classic_bike,2021-09-22 17:04:17,2021-09-22 17:07:24,E 84 St & Park Ave,7243,Madison Ave & E 82 St,7188,40.77862688,-73.95772073,40.7781314,-73.96069399,member
1838408,20CBA3B41415EC97,classic_bike,2021-09-14 07:51:56,2021-09-14 08:20:36,Central Park West & W 72 St,7141,Madison Ave & E 82 St,7188,40.77579376683666,-73.9762057363987,40.7781314,-73.96069399,member
1838417,11D73C8D46454DFB,classic_bike,2021-09-02 19:36:08,2021-09-02 19:53:23,E 84 St & Park Ave,7243,Madison Ave & E 82 St,7188,40.77862688,-73.95772073,40.7781314,-73.96069399,member
1838422,1FD69F5FF7E64DB0,classic_bike,2021-09-26 08:38:03,2021-09-26 08:46:51,E 84 St & Park Ave,7243,Madison Ave & E 82 St,7188,40.77862688,-73.95772073,40.7781314,-73.96069399,member
1838425,28A7D3D892BA344F,classic_bike,2021-09-18 12:32:42,2021-09-18 12:53:58,Central Park West & W 72 St,7141,Madison Ave & E 82 St,7188,40.77579376683666,-73.9762057363987,40.7781314,-73.96069399,member
1838427,0DA74C7A7CCEAA8C,classic_bike,2021-09-14 17:07:31,2021-09-14 17:09:30,E 84 St & Park Ave,7243,Madison Ave & E 82 St,7188,40.77862688,-73.95772073,40.7781314,-73.96069399,member
1838471,4767ED307CD58828,classic_bike,2021-09-26 13:59:49,2021-09-26 15:36:30,Central Park West & W 72 St,7141,Madison Ave & E 82 St,7188,40.77579376683666,-73.9762057363987,40.7781314,-73.96069399,casual
1838472,85FA177FFC6F33A0,classic_bike,2021-09-26 13:46:56,2021-09-26 13:57:42,Central Park West & W 72 St,7141,Madison Ave & E 82 St,7188,40.77579376683666,-73.9762057363987,40.7781314,-73.96069399,casual
1838483,AF12FF70326A2CC8,classic_bike,2021-09-18 17:20:55,2021-09-18 18:16:21,Central Park West & W 72 St,7141,Madison Ave & E 82 St,7188,40.77579376683666,-73.9762057363987,40.7781314,-73.96069399,casual
1838494,B36E05135EA4779C,classic_bike,2021-09-04 13:29:55,2021-09-04 13:45:11,E 89 St & 3 Ave,7265,Madison Ave & E 82 St,7188,40.7806284,-73.9521667,40.7781314,-73.96069399,casual
1838526,26A0DC7680E46125,classic_bike,2021-09-11 12:59:21,2021-09-11 13:17:36,Riverside Dr & W 72 St,7288,Madison Ave & E 82 St,7188,40.78057799010334,-73.98562431335449,40.7781314,-73.96069399,casual
1838535,048F6746E1571AE5,classic_bike,2021-09-27 14:00:17,2021-09-27 14:21:26,E 66 St & Madison Ave,6969,Madison Ave & E 82 St,7188,40.76800889305947,-73.96845281124115,40.7781314,-73.96069399,casual
1838567,4656475502C65E17,electric_bike,2021-09-08 15:18:48,2021-09-08 15:25:56,Amsterdam Ave & W 82 St,7360,Madison Ave & E 82 St,7188,40.78524672,-73.97667321,40.7781314,-73.96069399,member
1838575,17AF8305657BABDB,electric_bike,2021-09-08 12:38:36,2021-09-08 12:58:52,5 Ave & E 29 St,6248,Madison Ave & E 82 St,7188,40.7451677,-73.98683077,40.7781314,-73.96069399,member
1838604,8E48C582A1C0E7A3,classic_bike,2021-09-04 13:27:41,2021-09-04 13:43:35,Central Park West & W 76 St,7253,Madison Ave & E 82 St,7188,40.77896784,-73.97374737,40.7781314,-73.96069399,casual
1838615,DE21CF6786B81967,docked_bike,2021-09-16 10:57:09,2021-09-16 11:23:29,Central Park W & W 97 St,7538,Madison Ave & E 82 St,7188,40.792495,-73.964171,40.778131,-73.960694,casual
1838633,8F3A23C68DD364C4,classic_bike,2021-09-08 11:27:29,2021-09-08 11:47:01,E 53 St & Madison Ave,6659,Madison Ave & E 82 St,7188,40.7597108,-73.97402311,40.7781314,-73.96069399,member
1838636,C283FA4201E2B2FE,classic_bike,2021-09-03 14:50:18,2021-09-03 14:56:49,5 Ave & E 87 St,7323,Madison Ave & E 82 St,7188,40.78231448346993,-73.95980536937714,40.7781314,-73.96069399,member
1838699,A2CE745E358EFE65,electric_bike,2021-09-22 16:37:31,2021-09-22 16:58:11,E 53 St & Madison Ave,6659,Madison Ave & E 82 St,7188,40.7597108,-73.97402311,40.7781314,-73.96069399,member
1838716,AA5BC01F26C5199C,classic_bike,2021-09-19 10:31:39,2021-09-19 10:42:44,East End Ave & E 86 St,7113,Madison Ave & E 82 St,7188,40.77518615,-73.94446054,40.7781314,-73.96069399,member
1838734,755AC01711D32BEB,electric_bike,2021-09-07 16:12:08,2021-09-07 16:26:55,E 44 St & 2 Ave,6422,Madison Ave & E 82 St,7188,40.75118387463277,-73.97138714790344,40.7781314,-73.96069399,member
1838743,F093BCD9DA9F4E8B,classic_bike,2021-09-24 15:14:47,2021-09-24 15:32:15,E 58 St & 1 Ave (NW Corner),6723,Madison Ave & E 82 St,7188,40.759125,-73.962658,40.7781314,-73.96069399,member
1838746,F79B66E5FEC8590D,classic_bike,2021-09-22 22:16:49,2021-09-22 22:35:30,W 95 St & Broadway,7541,Madison Ave & E 82 St,7188,40.7937704,-73.971888,40.7781314,-73.96069399,member
1838775,8EDA88E2420F05BC,classic_bike,2021-09-24 17:34:44,2021-09-24 18:11:00,E 2 St & 2 Ave,5593,Madison Ave & E 82 St,7188,40.72502876,-73.99069656,40.7781314,-73.96069399,member
1838779,1E136A7BA716D904,electric_bike,2021-09-02 09:21:25,2021-09-02 09:32:41,E 47 St & 1 Ave,6498,Madison Ave & E 82 St,7188,40.75206862,-73.96784384,40.7781314,-73.96069399,member
1838812,EBD450AAE9E86D9C,classic_bike,2021-09-03 06:56:22,2021-09-03 07:12:42,E 47 St & 1 Ave,6498,Madison Ave & E 82 St,7188,40.75206862,-73.96784384,40.7781314,-73.96069399,member
1838843,DCFE1AFBA4563E6F,classic_bike,2021-09-10 21:00:24,2021-09-10 21:01:32,E 84 St & Park Ave,7243,Madison Ave & E 82 St,7188,40.77862688,-73.95772073,40.7781314,-73.96069399,member
1838850,03347E5E50665521,classic_bike,2021-09-19 17:05:04,2021-09-19 17:18:10,Central Park West & W 72 St,7141,Madison Ave & E 82 St,7188,40.77579376683666,-73.9762057363987,40.7781314,-73.96069399,casual
1838851,7E9653BF694919B9,classic_bike,2021-09-22 10:56:37,2021-09-22 10:59:05,E 84 St & Park Ave,7243,Madison Ave & E 82 St,7188,40.77862688,-73.95772073,40.7781314,-73.96069399,casual
1838852,E6378D61B6314E5D,classic_bike,2021-09-15 19:43:10,2021-09-15 19:44:41,E 84 St & Park Ave,7243,Madison Ave & E 82 St,7188,40.77862688,-73.95772073,40.7781314,-73.96069399,member
1838855,E14CED68D58F2C29,classic_bike,2021-09-18 17:40:26,2021-09-18 18:11:53,Central Park West & W 72 St,7141,Madison Ave & E 82 St,7188,40.77579376683666,-73.9762057363987,40.7781314,-73.96069399,casual
1838863,875F6585935AF4D4,classic_bike,2021-09-04 14:40:56,2021-09-04 14:54:15,Central Park West & W 72 St,7141,Madison Ave & E 82 St,7188,40.77579376683666,-73.9762057363987,40.7781314,-73.96069399,casual
1838864,F495473149119919,classic_bike,2021-09-04 14:39:28,2021-09-04 14:54:26,Central Park West & W 72 St,7141,Madison Ave & E 82 St,7188,40.77579376683666,-73.9762057363987,40.7781314,-73.96069399,casual
1838885,890B8CD00BD34D2D,classic_bike,2021-09-17 14:22:46,2021-09-17 14:23:06,Madison Ave & E 82 St,7188,Madison Ave & E 82 St,7188,40.7781314,-73.96069399,40.7781314,-73.96069399,member
1838913,651677E7BF71C7DF,electric_bike,2021-09-19 07:38:34,2021-09-19 07:51:46,Madison Ave & E 82 St,7188,Madison Ave & E 82 St,7188,40.7781314,-73.96069399,40.7781314,-73.96069399,member
1838927,6CCC86D22BD7CECE,classic_bike,2021-09-15 06:59:13,2021-09-15 07:24:03,Madison Ave & E 82 St,7188,Madison Ave & E 82 St,7188,40.7781314,-73.96069399,40.7781314,-73.96069399,casual
1838946,85D9000AC5309E56,electric_bike,2021-09-26 13:59:18,2021-09-26 14:00:38,Madison Ave & E 82 St,7188,Madison Ave & E 82 St,7188,40.7781314,-73.96069399,40.7781314,-73.96069399,casual
1838954,6C861049FE052BEC,classic_bike,2021-09-12 13:06:37,2021-09-12 14:28:22,Madison Ave & E 82 St,7188,Madison Ave & E 82 St,7188,40.7781314,-73.96069399,40.7781314,-73.96069399,casual
1838957,40404133B4654165,classic_bike,2021-09-23 15:49:00,2021-09-23 15:49:48,Madison Ave & E 82 St,7188,Madison Ave & E 82 St,7188,40.7781314,-73.96069399,40.7781314,-73.96069399,casual
1838959,9D5DA3E58483601A,classic_bike,2021-09-11 19:38:29,2021-09-11 19:59:37,Madison Ave & E 82 St,7188,Central Park West & W 68 St,7079,40.7781314,-73.96069399,40.7734066,-73.97782542,casual
1838978,445787A9D053194E,electric_bike,2021-09-24 09:48:51,2021-09-24 09:55:52,5 Ave & E 87 St,7323,Madison Ave & E 82 St,7188,40.78232260730881,-73.95987510681152,40.7781314,-73.96069399,member
1839013,D52B3EA5B45480BC,classic_bike,2021-09-21 11:52:27,2021-09-21 12:07:07,E 58 St & 3 Ave,6762,Madison Ave & E 82 St,7188,40.76095756,-73.96724467,40.7781314,-73.96069399,member
1839051,57444213133FD41C,classic_bike,2021-09-22 17:39:54,2021-09-22 17:57:32,E 54 St & 1 Ave,6608,Madison Ave & E 82 St,7188,40.756265,-73.964179,40.7781314,-73.96069399,member
1839052,2CA4EB52425ED16D,classic_bike,2021-09-25 13:32:10,2021-09-25 13:48:26,E 58 St & 3 Ave,6762,Madison Ave & E 82 St,7188,40.76095756,-73.96724467,40.7781314,-73.96069399,member
1839053,126A763D538C6388,electric_bike,2021-09-08 14:37:28,2021-09-08 15:25:40,E 54 St & 1 Ave,6608,Madison Ave & E 82 St,7188,40.756265,-73.964179,40.7781314,-73.96069399,member
1839067,74C5E8523BD06256,electric_bike,2021-09-24 10:47:56,2021-09-24 10:58:53,E 63 St & 3 Ave,6830,Madison Ave & E 82 St,7188,40.763954,-73.9646,40.7781314,-73.96069399,member
1839110,D6D091E8B67D5001,electric_bike,2021-09-12 08:10:05,2021-09-12 08:19:07,Broadway & W 58 St,6948,Madison Ave & E 82 St,7188,40.76695317,-73.98169333,40.7781314,-73.96069399,member
1839125,B056A8A4B28A1441,classic_bike,2021-09-11 11:36:45,2021-09-11 11:55:19,E 19 St & 3 Ave,5938,Madison Ave & E 82 St,7188,40.73624527,-73.98473765,40.7781314,-73.96069399,member
1839140,7C04A31DDF508151,classic_bike,2021-09-02 07:55:58,2021-09-02 08:03:16,E 81 St & York Ave,7084,Madison Ave & E 82 St,7188,40.7728384,-73.94989233,40.7781314,-73.96069399,member
1839147,65B2EBAC6BA9AF44,classic_bike,2021-09-29 15:31:28,2021-09-29 15:43:42,Broadway & W 58 St,6948,Madison Ave & E 82 St,7188,40.76695317,-73.98169333,40.7781314,-73.96069399,member
1839154,6FD4BB076F801182,classic_bike,2021-09-07 11:13:35,2021-09-07 11:35:02,9 Ave & W 45 St,6717,Madison Ave & E 82 St,7188,40.76019252,-73.9912551,40.7781314,-73.96069399,member
1839166,AA7025C15924A01A,classic_bike,2021-09-27 19:26:00,2021-09-27 19:36:35,Broadway & W 58 St,6948,Madison Ave & E 82 St,7188,40.76695317,-73.98169333,40.7781314,-73.96069399,member
1839176,0763F512382AF237,docked_bike,2021-09-13 17:56:20,2021-09-13 18:15:06,E 81 St & York Ave,7084,Madison Ave & E 82 St,7188,40.772838,-73.949892,40.778131,-73.960694,casual
1839203,895D23F59EFDEC26,classic_bike,2021-09-15 12:40:30,2021-09-15 12:47:26,E 81 St & York Ave,7084,Madison Ave & E 82 St,7188,40.7728384,-73.94989233,40.7781314,-73.96069399,member
1839205,CAEDBD61A2469667,classic_bike,2021-09-12 07:01:17,2021-09-12 07:18:13,Frederick Douglass Blvd & W 129 St,7795,Madison Ave & E 82 St,7188,40.8125511,-73.9492286,40.7781314,-73.96069399,member
1839208,6820A6B85EB7D068,classic_bike,2021-09-24 15:26:28,2021-09-24 15:40:20,E 56 St & Madison Ave,6732,Madison Ave & E 82 St,7188,40.761573,-73.972628,40.7781314,-73.96069399,member
1839211,1CDA9268494E88C2,electric_bike,2021-09-02 15:00:42,2021-09-02 15:10:10,E 56 St & Madison Ave,6732,Madison Ave & E 82 St,7188,40.761573,-73.972628,40.7781314,-73.96069399,member
1839213,C8502811F113D1E2,classic_bike,2021-09-11 12:48:23,2021-09-11 13:07:27,Broadway & W 58 St,6948,Madison Ave & E 82 St,7188,40.76695317,-73.98169333,40.7781314,-73.96069399,member
1839217,E2FE7B16A171BC8D,classic_bike,2021-09-25 18:38:59,2021-09-25 18:48:33,E 77 St & 3 Ave,7092,Madison Ave & E 82 St,7188,40.77314236,-73.95856158,40.7781314,-73.96069399,member
1839219,EDB82C165DFFBE71,electric_bike,2021-09-04 06:47:58,2021-09-04 06:52:15,E 81 St & York Ave,7084,Madison Ave & E 82 St,7188,40.7728384,-73.94989233,40.7781314,-73.96069399,member
1839236,059B99EC016A298F,electric_bike,2021-09-13 21:30:09,2021-09-13 21:40:51,Broadway & W 56 St,6847,Madison Ave & E 82 St,7188,40.7652654,-73.98192338,40.7781314,-73.96069399,member
1839240,BB2A04C18B9AC43A,classic_bike,2021-09-04 09:46:32,2021-09-04 10:14:36,8 Ave & W 52 St,6816,Madison Ave & E 82 St,7188,40.76370739,-73.9851615,40.7781314,-73.96069399,casual
1839280,44CF288D5ECAAD18,electric_bike,2021-09-15 09:17:26,2021-09-15 09:36:36,W 18 St & 6 Ave,6064,Madison Ave & E 82 St,7188,40.73971301,-73.99456405,40.7781314,-73.96069399,member
1839366,89FB8442BA52DC47,classic_bike,2021-09-26 12:30:52,2021-09-26 12:39:53,Madison Ave & E 82 St,7188,E 56 St & Madison Ave,6732,40.7781314,-73.96069399,40.761573,-73.972628,member
1839368,A0B77EB81CA39DB0,electric_bike,2021-09-14 07:12:18,2021-09-14 07:56:03,Madison Ave & E 82 St,7188,Broadway & W 58 St,6948,40.7781314,-73.96069399,40.76695317,-73.98169333,member
1839651,5BD48FE419441578,classic_bike,2021-09-09 16:23:40,2021-09-09 16:32:03,E 81 St & Park Ave,7188,E 81 St & York Ave,7084,40.77677702,-73.9590097,40.7728384,-73.94989233,member
1839655,1004BA95DB1D10C9,classic_bike,2021-09-03 21:04:47,2021-09-03 21:20:10,E 81 St & Park Ave,7188,Broadway & W 58 St,6948,40.77677702,-73.9590097,40.76695317,-73.98169333,casual
1839659,9EDF4E8D6298BD6E,classic_bike,2021-09-18 20:40:21,2021-09-18 20:48:52,E 81 St & Park Ave,7188,2 Ave & E 72 St,6925,40.77677702,-73.9590097,40.7687620293096,-73.95840793848038,member
1839660,44850F2DB8D4AC3F,classic_bike,2021-09-10 19:23:52,2021-09-10 19:29:45,E 81 St & Park Ave,7188,E 81 St & York Ave,7084,40.77677702,-73.9590097,40.7728384,-73.94989233,member
1841806,A6A41A5D51D0879B,classic_bike,2021-09-18 18:59:58,2021-09-18 19:09:38,Madison Ave & E 82 St,7188,Broadway & W 58 St,6948,40.7781314,-73.96069399,40.76695317,-73.98169333,member
1841808,C498C77067CB9346,classic_bike,2021-09-17 20:33:10,2021-09-17 21:34:44,Madison Ave & E 82 St,7188,E 77 St & 3 Ave,7092,40.7781314,-73.96069399,40.77314236,-73.95856158,member
1841813,CF64204F25A66C63,classic_bike,2021-09-25 14:52:42,2021-09-25 15:06:50,Madison Ave & E 82 St,7188,Broadway & W 58 St,6948,40.7781314,-73.96069399,40.76695317,-73.98169333,member
1841815,A940E7B7DA6C6ED0,classic_bike,2021-09-18 13:29:17,2021-09-18 13:39:40,Madison Ave & E 82 St,7188,2 Ave & E 72 St,6925,40.7781314,-73.96069399,40.7687620293096,-73.95840793848038,member
1841821,4762B7222DBD96AC,classic_bike,2021-09-20 06:42:02,2021-09-20 06:47:31,Madison Ave & E 82 St,7188,E 81 St & York Ave,7084,40.7781314,-73.96069399,40.7728384,-73.94989233,member
1841832,72F1C221C8B85ED5,classic_bike,2021-09-22 09:00:11,2021-09-22 09:13:46,Madison Ave & E 82 St,7188,Broadway & W 58 St,6948,40.7781314,-73.96069399,40.76695317,-73.98169333,member
1841906,9B5A770E06AE74EC,classic_bike,2021-09-06 17:41:24,2021-09-06 17:50:53,Madison Ave & E 82 St,7188,2 Ave & E 72 St,6925,40.7781314,-73.96069399,40.7687620293096,-73.95840793848038,member
1841907,2E4C3D6A724463FD,classic_bike,2021-09-26 15:32:01,2021-09-26 16:00:10,Madison Ave & E 82 St,7188,9 Ave & W 45 St,6717,40.7781314,-73.96069399,40.76019252,-73.9912551,casual
1841915,A9195752CCFD508F,classic_bike,2021-09-17 18:45:08,2021-09-17 19:15:42,Madison Ave & E 82 St,7188,9 Ave & W 45 St,6717,40.7781314,-73.96069399,40.76019252,-73.9912551,casual
1843545,1E0CF216E7DF1102,classic_bike,2021-09-04 18:09:47,2021-09-04 18:36:26,Central Park West & W 72 St,7141,Madison Ave & E 82 St,7188,40.77579376683666,-73.9762057363987,40.7781314,-73.96069399,casual
1843555,5BCA68625F2B2826,docked_bike,2021-09-18 17:26:30,2021-09-18 18:17:13,Central Park West & W 72 St,7141,Madison Ave & E 82 St,7188,40.775794,-73.976206,40.778131,-73.960694,casual
1843719,BA028E9F1701E289,classic_bike,2021-09-21 17:32:00,2021-09-21 17:40:21,Central Park West & W 68 St,7079,Madison Ave & E 82 St,7188,40.7734066,-73.97782542,40.7781314,-73.96069399,member
1843724,52754F21D474D183,classic_bike,2021-09-04 13:54:47,2021-09-04 13:58:57,Madison Ave & E 82 St,7188,Madison Ave & E 82 St,7188,40.7781314,-73.96069399,40.7781314,-73.96069399,member
1843732,2D369B17D7854848,classic_bike,2021-09-07 08:26:13,2021-09-07 08:42:53,Madison Ave & E 82 St,7188,W 53 St & 10 Ave,6890,40.7781314,-73.96069399,40.76669671,-73.99061728,member
1843744,3BAF27645A315B5F,classic_bike,2021-09-21 12:32:40,2021-09-21 13:00:10,Madison Ave & E 82 St,7188,Madison Ave & E 82 St,7188,40.7781314,-73.96069399,40.7781314,-73.96069399,casual
1843773,1175C5497054D3EC,classic_bike,2021-09-26 12:19:37,2021-09-26 12:34:22,Central Park West & W 68 St,7079,Madison Ave & E 82 St,7188,40.7734066,-73.97782542,40.7781314,-73.96069399,casual
1843783,0CB30BA09AE023B6,classic_bike,2021-09-15 17:45:11,2021-09-15 17:49:50,Madison Ave & E 82 St,7188,Madison Ave & E 82 St,7188,40.7781314,-73.96069399,40.7781314,-73.96069399,casual
1843788,896521021019BBF8,classic_bike,2021-09-24 10:01:44,2021-09-24 10:19:08,Central Park West & W 68 St,7079,Madison Ave & E 82 St,7188,40.7734066,-73.97782542,40.7781314,-73.96069399,casual
1843790,3EE801E9ECC3B845,classic_bike,2021-09-12 13:09:52,2021-09-12 13:50:01,Central Park West & W 68 St,7079,Madison Ave & E 82 St,7188,40.7734066,-73.97782542,40.7781314,-73.96069399,casual
1843791,2E3EDD127EA16EF4,classic_bike,2021-09-18 18:39:35,2021-09-18 19:32:52,Madison Ave & E 82 St,7188,Madison Ave & E 82 St,7188,40.7781314,-73.96069399,40.7781314,-73.96069399,casual
1843793,8454C391D1AB458F,classic_bike,2021-09-07 18:21:14,2021-09-07 18:37:18,Madison Ave & E 82 St,7188,W 67 St & Broadway,7116,40.7781314,-73.96069399,40.77492513,-73.98266566,casual
1844171,C922AF3C93D1BF86,classic_bike,2021-09-24 16:40:02,2021-09-24 16:48:49,E 56 St & Madison Ave,6732,Madison Ave & E 82 St,7188,40.761573,-73.972628,40.7781314,-73.96069399,member
1844172,498E3E87048AB71D,docked_bike,2021-09-18 09:53:02,2021-09-18 11:04:10,Broadway & W 58 St,6948,Madison Ave & E 82 St,7188,40.766953,-73.981693,40.778131,-73.960694,casual
1844181,C398B47AFBB57818,electric_bike,2021-09-05 16:31:45,2021-09-05 16:40:40,W 56 St & 10 Ave,6955,Madison Ave & E 82 St,7188,40.768254,-73.988639,40.7781314,-73.96069399,member
1844182,6CDC61B9FF6260BA,electric_bike,2021-09-29 16:34:16,2021-09-29 16:44:09,W 56 St & 10 Ave,6955,Madison Ave & E 82 St,7188,40.768254,-73.988639,40.7781314,-73.96069399,member
1844183,700B067EE2798C89,classic_bike,2021-09-07 07:36:50,2021-09-07 07:42:39,E 81 St & York Ave,7084,Madison Ave & E 82 St,7188,40.7728384,-73.94989233,40.7781314,-73.96069399,member
1844184,57D586641247547C,classic_bike,2021-09-01 12:04:48,2021-09-01 12:12:09,E 81 St & York Ave,7084,Madison Ave & E 82 St,7188,40.7728384,-73.94989233,40.7781314,-73.96069399,member
1844189,2DD2A55C300CE147,classic_bike,2021-09-12 13:08:01,2021-09-12 13:17:56,E 56 St & Madison Ave,6732,Madison Ave & E 82 St,7188,40.761573,-73.972628,40.7781314,-73.96069399,member
1844394,A52BEF54BF2B3F6C,classic_bike,2021-09-16 16:25:33,2021-09-16 16:33:17,2 Ave & E 72 St,6925,Madison Ave & E 82 St,7188,40.7687620293096,-73.95840793848038,40.7781314,-73.96069399,member
1844505,ECD6CE5FB9DB59BA,electric_bike,2021-09-15 06:56:31,2021-09-15 06:59:32,E 77 St & 3 Ave,7092,Madison Ave & E 82 St,7188,40.77314236,-73.95856158,40.7781314,-73.96069399,member
1844525,140247160E4E4DD2,classic_bike,2021-09-19 13:38:06,2021-09-19 13:43:10,E 77 St & 3 Ave,7092,Madison Ave & E 82 St,7188,40.77314236,-73.95856158,40.7781314,-73.96069399,casual
1844531,439F73DE0C2726BC,docked_bike,2021-09-26 09:57:47,2021-09-26 10:03:30,E 77 St & 3 Ave,7092,Madison Ave & E 82 St,7188,40.773142,-73.958562,40.778131,-73.960694,casual
1845040,5BD0F5EF358D92BA,electric_bike,2021-09-11 11:51:11,2021-09-11 12:28:59,W 42 St & 6 Ave,6517,Madison Ave & E 82 St,7188,40.75492,-73.98455,40.7781314,-73.96069399,casual
1845893,E16CCC77EA25A439,classic_bike,2021-09-24 12:12:48,2021-09-24 12:24:59,E 59 St & Madison Ave,6801,Madison Ave & E 82 St,7188,40.76350532,-73.97109243,40.7781314,-73.96069399,member
1846235,56DB382241D17BDC,classic_bike,2021-09-12 18:05:43,2021-09-12 18:44:36,Madison Ave & E 82 St,7188,Madison Ave & E 82 St,7188,40.7781314,-73.96069399,40.7781314,-73.96069399,member
1846253,1F63B67A06D65D4D,classic_bike,2021-09-17 16:25:45,2021-09-17 17:14:57,Central Park West & W 68 St,7079,Madison Ave & E 82 St,7188,40.7734066,-73.97782542,40.7781314,-73.96069399,casual
1846261,F6624F65E9AFC6C8,classic_bike,2021-09-04 15:38:02,2021-09-04 15:38:04,Madison Ave & E 82 St,7188,Madison Ave & E 82 St,7188,40.7781314,-73.96069399,40.7781314,-73.96069399,casual
1846274,7A804580BBA2914C,classic_bike,2021-09-12 13:04:36,2021-09-12 14:25:19,Madison Ave & E 82 St,7188,Madison Ave & E 82 St,7188,40.7781314,-73.96069399,40.7781314,-73.96069399,casual
1846276,DD0E7D213D7F60A5,classic_bike,2021-09-22 15:39:44,2021-09-22 15:39:57,Madison Ave & E 82 St,7188,Madison Ave & E 82 St,7188,40.7781314,-73.96069399,40.7781314,-73.96069399,member
1846385,2B971101FE65B344,electric_bike,2021-09-08 14:12:03,2021-09-08 14:19:05,E 81 St & Park Ave,7188,2 Ave & E 72 St,6925,40.77677702,-73.9590097,40.7687620293096,-73.95840793848038,member
1846386,C22B38104CD53F89,classic_bike,2021-09-25 22:20:09,2021-09-25 22:24:36,E 81 St & Park Ave,7188,E 81 St & York Ave,7084,40.77677702,-73.9590097,40.7728384,-73.94989233,member
1846388,524C77FF4A11E9F5,classic_bike,2021-09-08 16:50:07,2021-09-08 17:04:58,E 81 St & Park Ave,7188,Broadway & W 58 St,6948,40.77677702,-73.9590097,40.76695317,-73.98169333,member
1846401,50CDA3D8689999E0,classic_bike,2021-09-15 18:40:09,2021-09-15 18:48:15,E 81 St & Park Ave,7188,E 77 St & 3 Ave,7092,40.77677702,-73.9590097,40.77314236,-73.95856158,member
1846403,39C17A431B0EAFD6,electric_bike,2021-09-25 14:34:57,2021-09-25 14:39:51,E 81 St & Park Ave,7188,E 81 St & York Ave,7084,40.77677702,-73.9590097,40.7728384,-73.94989233,casual
1846404,652C11B4F3D9F05A,electric_bike,2021-09-06 07:04:50,2021-09-06 07:18:16,E 81 St & Park Ave,7188,Frederick Douglass Blvd & W 129 St,7795,40.77677702,-73.9590097,40.8125511,-73.9492286,casual
1846405,2F664B65470638F1,electric_bike,2021-09-12 14:02:16,2021-09-12 14:10:21,E 81 St & Park Ave,7188,2 Ave & E 72 St,6925,40.77677702,-73.9590097,40.7687620293096,-73.95840793848038,casual
1846409,E826D8BD0D4983E4,electric_bike,2021-09-02 11:38:17,2021-09-02 11:48:30,E 81 St & Park Ave,7188,Broadway & W 58 St,6948,40.77677702,-73.9590097,40.76695317,-73.98169333,member
1846412,01329E51A5FAC10E,electric_bike,2021-09-23 13:54:32,2021-09-23 14:04:21,E 81 St & Park Ave,7188,E 56 St & Madison Ave,6732,40.77677702,-73.9590097,40.761573,-73.972628,member
1846414,39820BA76A10A136,electric_bike,2021-09-28 18:02:10,2021-09-28 18:11:31,E 81 St & Park Ave,7188,E 56 St & Madison Ave,6732,40.77677702,-73.9590097,40.761573,-73.972628,member
1846427,09AB359B430ABF05,classic_bike,2021-09-25 18:36:13,2021-09-25 18:51:34,E 81 St & Park Ave,7188,Broadway & W 58 St,6948,40.77677702,-73.9590097,40.76695317,-73.98169333,member
1846431,C7471D0FA80FB3D7,classic_bike,2021-09-28 20:02:32,2021-09-28 20:07:29,E 81 St & Park Ave,7188,E 77 St & 3 Ave,7092,40.77677702,-73.9590097,40.77314236,-73.95856158,member
1846432,4BB92F0C2F3D7AAC,classic_bike,2021-09-19 12:33:52,2021-09-19 12:38:14,E 81 St & Park Ave,7188,E 77 St & 3 Ave,7092,40.77677702,-73.9590097,40.77314236,-73.95856158,casual
1846472,0D767734B4E2FBDA,electric_bike,2021-09-07 14:07:57,2021-09-07 14:15:41,E 89 St & 3 Ave,7265,Madison Ave & E 82 St,7188,40.7806284,-73.9521667,40.7781314,-73.96069399,member
1846481,E6B44903CBA2885E,classic_bike,2021-09-26 16:16:55,2021-09-26 16:30:47,E 48 St & 5 Ave,6626,Madison Ave & E 82 St,7188,40.75724567911726,-73.97805914282799,40.7781314,-73.96069399,member
1846546,1AB9115507424DF4,classic_bike,2021-09-23 05:44:56,2021-09-23 05:52:18,E 81 St & Park Ave,7188,E 77 St & 3 Ave,7092,40.77677702,-73.9590097,40.77314236,-73.95856158,casual
1846553,16D7F7BCB5EA9655,electric_bike,2021-09-06 18:55:32,2021-09-06 18:59:34,E 81 St & Park Ave,7188,E 81 St & York Ave,7084,40.77677702,-73.9590097,40.7728384,-73.94989233,member
1846593,A7FCAA03D35358FC,classic_bike,2021-09-25 18:36:24,2021-09-25 18:51:54,E 81 St & Park Ave,7188,Broadway & W 58 St,6948,40.77677702,-73.9590097,40.76695317,-73.98169333,member
1846653,9189F9C28D67D81D,classic_bike,2021-09-18 18:02:29,2021-09-18 18:17:18,Madison Ave & E 82 St,7188,E 81 St & York Ave,7084,40.7781314,-73.96069399,40.7728384,-73.94989233,casual
1846666,03D37734A7B9F151,classic_bike,2021-09-24 20:15:37,2021-09-24 20:27:52,Madison Ave & E 82 St,7188,2 Ave & E 72 St,6925,40.7781314,-73.96069399,40.7687620293096,-73.95840793848038,member
1846672,6BEA334BB7F92229,classic_bike,2021-09-21 19:58:10,2021-09-21 20:06:36,Madison Ave & E 82 St,7188,2 Ave & E 72 St,6925,40.7781314,-73.96069399,40.7687620293096,-73.95840793848038,member
1846679,AB650419CEA801E7,classic_bike,2021-09-22 15:00:23,2021-09-22 15:12:43,Madison Ave & E 82 St,7188,Broadway & W 58 St,6948,40.7781314,-73.96069399,40.76695317,-73.98169333,casual
1846681,0040CB82164FCF2E,classic_bike,2021-09-04 15:36:51,2021-09-04 16:00:40,Madison Ave & E 82 St,7188,Broadway & W 58 St,6948,40.7781314,-73.96069399,40.76695317,-73.98169333,casual
1846686,778F7C9AFDB84EE5,classic_bike,2021-09-30 17:43:44,2021-09-30 17:53:11,Madison Ave & E 82 St,7188,E 81 St & York Ave,7084,40.7781314,-73.96069399,40.7728384,-73.94989233,casual
1846687,A3B7FC9D2DA0C9CA,classic_bike,2021-09-27 11:45:18,2021-09-27 12:10:53,Madison Ave & E 82 St,7188,Broadway & W 58 St,6948,40.7781314,-73.96069399,40.76695317,-73.98169333,casual
1846688,4FA7875ED7F4B432,classic_bike,2021-09-06 17:05:29,2021-09-06 17:16:41,Madison Ave & E 82 St,7188,2 Ave & E 72 St,6925,40.7781314,-73.96069399,40.7687620293096,-73.95840793848038,casual
1846695,E5A09A1E41955D7A,classic_bike,2021-09-24 18:37:10,2021-09-24 18:42:55,Madison Ave & E 82 St,7188,E 81 St & York Ave,7084,40.7781314,-73.96069399,40.7728384,-73.94989233,member
1846703,FD0317E29D6CEC35,classic_bike,2021-09-24 15:44:52,2021-09-24 15:58:03,Madison Ave & E 82 St,7188,2 Ave & E 72 St,6925,40.7781314,-73.96069399,40.7687620293096,-73.95840793848038,member
1846705,DE060E55A7C91BDB,classic_bike,2021-09-24 18:44:15,2021-09-24 19:06:08,Madison Ave & E 82 St,7188,9 Ave & W 45 St,6717,40.7781314,-73.96069399,40.76019252,-73.9912551,member
1846717,8F06F8A255854DCC,electric_bike,2021-09-23 10:41:59,2021-09-23 10:58:50,Madison Ave & E 82 St,7188,Broadway & W 58 St,6948,40.7781314,-73.96069399,40.76695317,-73.98169333,member
1846719,96CADEC1F071730F,electric_bike,2021-09-20 20:13:32,2021-09-20 20:17:44,Madison Ave & E 82 St,7188,E 81 St & York Ave,7084,40.7781314,-73.96069399,40.7728384,-73.94989233,member
1846722,5F883110127587C0,classic_bike,2021-09-20 12:17:45,2021-09-20 12:24:45,Madison Ave & E 82 St,7188,2 Ave & E 72 St,6925,40.7781314,-73.96069399,40.7687620293096,-73.95840793848038,member
1846733,F1E5FCA5A0A685F2,classic_bike,2021-09-04 16:17:11,2021-09-04 16:57:31,Madison Ave & E 82 St,7188,Broadway & W 58 St,6948,40.7781314,-73.96069399,40.76695317,-73.98169333,member
1846734,6623810448164D44,classic_bike,2021-09-18 19:13:16,2021-09-18 19:23:58,Madison Ave & E 82 St,7188,E 81 St & York Ave,7084,40.7781314,-73.96069399,40.7728384,-73.94989233,member
1846736,FB97FD2E81711F82,electric_bike,2021-09-17 15:32:43,2021-09-17 15:47:24,Madison Ave & E 82 St,7188,Broadway & W 58 St,6948,40.7781314,-73.96069399,40.76695317,-73.98169333,casual
1846739,CD8CEE4BD1D817F5,classic_bike,2021-09-17 17:50:08,2021-09-17 18:03:17,Madison Ave & E 82 St,7188,Broadway & W 58 St,6948,40.7781314,-73.96069399,40.76695317,-73.98169333,casual
1846862,9E45BAB4821CA854,classic_bike,2021-09-17 16:46:24,2021-09-17 17:09:57,Madison Ave & E 82 St,7188,9 Ave & W 45 St,6717,40.7781314,-73.96069399,40.76019252,-73.9912551,member
1846866,AE83800E2EC4EC2D,classic_bike,2021-09-17 18:34:09,2021-09-17 18:39:56,Madison Ave & E 82 St,7188,E 77 St & 3 Ave,7092,40.7781314,-73.96069399,40.77314236,-73.95856158,member
1846871,06A53959EB22927B,classic_bike,2021-09-19 13:41:47,2021-09-19 13:52:38,Madison Ave & E 82 St,7188,2 Ave & E 72 St,6925,40.7781314,-73.96069399,40.7687620293096,-73.95840793848038,casual
1847297,90EB87707FCFC9A4,classic_bike,2021-09-29 15:15:59,2021-09-29 15:29:26,Madison Ave & E 82 St,7188,2 Ave & E 72 St,6925,40.7781314,-73.96069399,40.7687620293096,-73.95840793848038,member
1847355,5687E7AE02C01CCC,classic_bike,2021-09-17 18:51:36,2021-09-17 19:04:29,Madison Ave & E 82 St,7188,Broadway & W 58 St,6948,40.7781314,-73.96069399,40.76695317,-73.98169333,member
1847358,0CFD01AF84D183CC,classic_bike,2021-09-24 20:15:24,2021-09-24 20:27:41,Madison Ave & E 82 St,7188,2 Ave & E 72 St,6925,40.7781314,-73.96069399,40.7687620293096,-73.95840793848038,member
1847367,0058C0F8DC546CF6,classic_bike,2021-09-25 14:42:01,2021-09-25 14:55:42,Madison Ave & E 82 St,7188,Broadway & W 58 St,6948,40.7781314,-73.96069399,40.76695317,-73.98169333,member
1847370,C36F1B7568FD8ED5,classic_bike,2021-09-02 17:13:10,2021-09-02 17:32:18,Madison Ave & E 82 St,7188,Broadway & W 58 St,6948,40.7781314,-73.96069399,40.76695317,-73.98169333,casual
1847374,C54342B545DF2272,classic_bike,2021-09-10 13:46:22,2021-09-10 13:57:07,Madison Ave & E 82 St,7188,Broadway & W 58 St,6948,40.7781314,-73.96069399,40.76695317,-73.98169333,member
1847376,B35D8B286FB191C8,classic_bike,2021-09-03 15:16:28,2021-09-03 15:31:47,Madison Ave & E 82 St,7188,Broadway & W 58 St,6948,40.7781314,-73.96069399,40.76695317,-73.98169333,member
1847521,412230D02A877FBB,classic_bike,2021-09-16 17:13:43,2021-09-16 17:20:40,E 81 St & Park Ave,7188,2 Ave & E 72 St,6925,40.77677702,-73.9590097,40.7687620293096,-73.95840793848038,member
1847583,97A0530CB73A09E3,electric_bike,2021-09-26 15:14:06,2021-09-26 15:18:40,E 81 St & Park Ave,7188,E 81 St & York Ave,7084,40.77677702,-73.9590097,40.7728384,-73.94989233,member
1847709,C515F449C76D13B9,classic_bike,2021-09-20 12:29:56,2021-09-20 12:57:46,E 81 St & Park Ave,7188,9 Ave & W 45 St,6717,40.77677702,-73.9590097,40.76019252,-73.9912551,casual
1847710,5CEE020C0C36DC24,classic_bike,2021-09-06 16:42:46,2021-09-06 16:54:30,E 81 St & Park Ave,7188,Broadway & W 58 St,6948,40.77677702,-73.9590097,40.76695317,-73.98169333,casual
1847728,F1ADEC60FFEF2D8F,classic_bike,2021-09-20 08:12:29,2021-09-20 08:19:52,E 81 St & Park Ave,7188,E 56 St & Madison Ave,6732,40.77677702,-73.9590097,40.761573,-73.972628,member
1850017,3EFE3254F08DAABF,classic_bike,2021-09-02 19:55:48,2021-09-02 20:02:42,Madison Ave & E 82 St,7188,E 81 St & York Ave,7084,40.7781314,-73.96069399,40.7728384,-73.94989233,member
1850018,A69DF1218748C38F,classic_bike,2021-09-24 11:27:06,2021-09-24 11:39:58,Madison Ave & E 82 St,7188,Broadway & W 58 St,6948,40.7781314,-73.96069399,40.76695317,-73.98169333,member
1854275,0A462892A9371AF4,classic_bike,2021-09-12 00:32:29,2021-09-12 01:02:53,E 81 St & Park Ave,7188,W 56 St & 10 Ave,6955,40.77677702,-73.9590097,40.768254,-73.988639,casual
1854277,778B6ED44A061417,electric_bike,2021-09-03 12:30:38,2021-09-03 12:53:19,E 81 St & Park Ave,7188,E 81 St & York Ave,7084,40.77677702,-73.9590097,40.7728384,-73.94989233,member
1854294,815980EC6899FA84,classic_bike,2021-09-14 15:21:24,2021-09-14 15:29:14,E 81 St & Park Ave,7188,2 Ave & E 72 St,6925,40.77677702,-73.9590097,40.7687620293096,-73.95840793848038,casual
1854307,8B40C06516CD22C0,classic_bike,2021-09-22 18:59:08,2021-09-22 19:03:27,E 81 St & Park Ave,7188,2 Ave & E 72 St,6925,40.77677702,-73.9590097,40.7687620293096,-73.95840793848038,member
1854310,4B56CFDA08B87D62,classic_bike,2021-09-22 14:56:13,2021-09-22 15:02:53,E 81 St & Park Ave,7188,2 Ave & E 72 St,6925,40.77677702,-73.9590097,40.7687620293096,-73.95840793848038,member
1854323,C28F16CD7D9055E5,classic_bike,2021-09-01 16:45:03,2021-09-01 16:49:56,E 81 St & Park Ave,7188,E 81 St & York Ave,7084,40.77677702,-73.9590097,40.7728384,-73.94989233,member
1854326,BAA2E3720FF18205,classic_bike,2021-09-17 19:22:37,2021-09-17 19:34:21,E 81 St & Park Ave,7188,Broadway & W 58 St,6948,40.77677702,-73.9590097,40.76695317,-73.98169333,member
1854329,DD47FC323AC46C03,classic_bike,2021-09-10 09:45:51,2021-09-10 09:54:48,E 81 St & Park Ave,7188,2 Ave & E 72 St,6925,40.77677702,-73.9590097,40.7687620293096,-73.95840793848038,member
1854330,AC3A0F3D00AC6536,classic_bike,2021-09-19 08:49:21,2021-09-19 08:54:08,E 81 St & Park Ave,7188,2 Ave & E 72 St,6925,40.77677702,-73.9590097,40.7687620293096,-73.95840793848038,member
1854334,813D773456F30C3A,classic_bike,2021-09-23 15:51:14,2021-09-23 15:55:28,E 81 St & Park Ave,7188,E 77 St & 3 Ave,7092,40.77677702,-73.9590097,40.77314236,-73.95856158,member
1854338,11BEA150528A5105,classic_bike,2021-09-29 17:42:14,2021-09-29 18:03:27,E 81 St & Park Ave,7188,9 Ave & W 45 St,6717,40.77677702,-73.9590097,40.76019252,-73.9912551,member
1854340,AF10C2A69104F40E,classic_bike,2021-09-02 13:33:37,2021-09-02 13:51:06,E 81 St & Park Ave,7188,Broadway & W 58 St,6948,40.77677702,-73.9590097,40.76695317,-73.98169333,casual
1854350,526B7184937247BC,classic_bike,2021-09-12 17:10:10,2021-09-12 17:24:32,E 81 St & Park Ave,7188,Broadway & W 58 St,6948,40.77677702,-73.9590097,40.76695317,-73.98169333,member
1854353,F6AA8DECC23C3B41,classic_bike,2021-09-12 18:36:54,2021-09-12 18:48:10,E 81 St & Park Ave,7188,E 56 St & Madison Ave,6732,40.77677702,-73.9590097,40.761573,-73.972628,member
1854423,A117CC3C3012FB99,electric_bike,2021-09-26 13:30:35,2021-09-26 13:47:54,E 81 St & Park Ave,7188,9 Ave & W 45 St,6717,40.77677702,-73.9590097,40.76019252,-73.9912551,member
1854424,7844CC43E1C7D458,classic_bike,2021-09-01 14:24:30,2021-09-01 14:40:40,E 81 St & Park Ave,7188,Broadway & W 58 St,6948,40.77677702,-73.9590097,40.76695317,-73.98169333,member
1854425,101005E6CA399852,classic_bike,2021-09-30 17:20:55,2021-09-30 17:31:24,E 81 St & Park Ave,7188,2 Ave & E 72 St,6925,40.77677702,-73.9590097,40.7687620293096,-73.95840793848038,casual
1854430,D67CEC40F2A97157,classic_bike,2021-09-08 10:46:12,2021-09-08 11:06:54,E 81 St & Park Ave,7188,9 Ave & W 45 St,6717,40.77677702,-73.9590097,40.76019252,-73.9912551,member
1856515,943337FF511F04DF,classic_bike,2021-09-18 18:02:09,2021-09-18 18:17:09,Madison Ave & E 82 St,7188,E 81 St & York Ave,7084,40.7781314,-73.96069399,40.7728384,-73.94989233,member
1856520,06458B37D653EE50,classic_bike,2021-09-27 09:07:56,2021-09-27 09:16:02,Madison Ave & E 82 St,7188,2 Ave & E 72 St,6925,40.7781314,-73.96069399,40.7687620293096,-73.95840793848038,member
1856580,9E6994CA09396D57,classic_bike,2021-09-19 09:32:54,2021-09-19 09:38:18,Madison Ave & E 82 St,7188,E 81 St & York Ave,7084,40.7781314,-73.96069399,40.7728384,-73.94989233,member
1856583,03D2C8B4A1B86E2E,classic_bike,2021-09-03 17:27:29,2021-09-03 18:05:02,Madison Ave & E 82 St,7188,9 Ave & W 45 St,6717,40.7781314,-73.96069399,40.76019252,-73.9912551,casual
1856585,0FA96924357F310D,classic_bike,2021-09-05 16:42:49,2021-09-05 17:47:35,Madison Ave & E 82 St,7188,9 Ave & W 45 St,6717,40.7781314,-73.96069399,40.76019252,-73.9912551,casual
1856635,A6C56A27BCCC3E28,electric_bike,2021-09-28 16:59:43,2021-09-28 17:07:42,Madison Ave & E 82 St,7188,2 Ave & E 72 St,6925,40.7781314,-73.96069399,40.7687620293096,-73.95840793848038,member
1856638,599D9B2531E94FA2,electric_bike,2021-09-16 15:29:40,2021-09-16 15:49:54,Madison Ave & E 82 St,7188,Broadway & W 58 St,6948,40.7781314,-73.96069399,40.76695317,-73.98169333,casual
1856640,E308361337516526,classic_bike,2021-09-10 18:07:01,2021-09-10 18:15:03,Madison Ave & E 82 St,7188,E 81 St & York Ave,7084,40.7781314,-73.96069399,40.7728384,-73.94989233,casual
1856641,77EEEEA3F0D71BD6,classic_bike,2021-09-18 10:13:51,2021-09-18 10:24:41,Madison Ave & E 82 St,7188,Broadway & W 58 St,6948,40.7781314,-73.96069399,40.76695317,-73.98169333,member
1856645,33EFA2E74B589658,classic_bike,2021-09-13 17:55:05,2021-09-13 18:03:23,Madison Ave & E 82 St,7188,E 81 St & York Ave,7084,40.7781314,-73.96069399,40.7728384,-73.94989233,member
1856669,40804642AD1DB56F,classic_bike,2021-09-19 15:52:29,2021-09-19 16:00:10,Madison Ave & E 82 St,7188,E 81 St & York Ave,7084,40.7781314,-73.96069399,40.7728384,-73.94989233,casual
1856675,4B4EB448A6B0A1B8,classic_bike,2021-09-24 18:29:16,2021-09-24 18:48:27,Madison Ave & E 82 St,7188,W 56 St & 10 Ave,6955,40.7781314,-73.96069399,40.768254,-73.988639,casual
1856682,ED0577E59C3957BD,classic_bike,2021-09-20 19:48:51,2021-09-20 19:55:04,Madison Ave & E 82 St,7188,E 81 St & York Ave,7084,40.7781314,-73.96069399,40.7728384,-73.94989233,member
1856691,B65C872E1691471B,classic_bike,2021-09-19 14:26:37,2021-09-19 15:42:57,Madison Ave & E 82 St,7188,Broadway & W 58 St,6948,40.7781314,-73.96069399,40.76695317,-73.98169333,member
1856695,57CD185402FE96D6,classic_bike,2021-09-24 18:25:13,2021-09-24 18:40:41,Madison Ave & E 82 St,7188,Broadway & W 58 St,6948,40.7781314,-73.96069399,40.76695317,-73.98169333,member
1856699,F32D1541355F8FEE,classic_bike,2021-09-01 03:30:13,2021-09-01 03:34:05,Madison Ave & E 82 St,7188,E 81 St & York Ave,7084,40.7781314,-73.96069399,40.7728384,-73.94989233,member
1856714,70DE96B897BDBA5B,classic_bike,2021-09-13 18:23:11,2021-09-13 19:14:59,Madison Ave & E 82 St,7188,E 77 St & 3 Ave,7092,40.7781314,-73.96069399,40.77314236,-73.95856158,casual
1856737,A03897954F0A97B5,classic_bike,2021-09-24 18:28:59,2021-09-24 18:34:47,Madison Ave & E 82 St,7188,E 77 St & 3 Ave,7092,40.7781314,-73.96069399,40.77314236,-73.95856158,member
1856764,29E3893E058B1D69,electric_bike,2021-09-13 13:32:01,2021-09-13 13:39:50,Madison Ave & E 82 St,7188,Broadway & W 58 St,6948,40.7781314,-73.96069399,40.76695317,-73.98169333,member
1856779,093EA30559047757,classic_bike,2021-09-23 15:02:18,2021-09-23 15:15:54,Madison Ave & E 82 St,7188,2 Ave & E 72 St,6925,40.7781314,-73.96069399,40.7687620293096,-73.95840793848038,member
1856798,4651712ED7A3126E,classic_bike,2021-09-22 19:11:38,2021-09-22 19:19:07,Madison Ave & E 82 St,7188,E 81 St & York Ave,7084,40.7781314,-73.96069399,40.7728384,-73.94989233,member
1856799,F516ACFCEC7E07A8,classic_bike,2021-09-28 07:53:23,2021-09-28 08:05:02,Madison Ave & E 82 St,7188,E 56 St & Madison Ave,6732,40.7781314,-73.96069399,40.761573,-73.972628,member
1856801,490B98CA4EE155EB,classic_bike,2021-09-14 17:12:39,2021-09-14 17:24:36,Madison Ave & E 82 St,7188,2 Ave & E 72 St,6925,40.7781314,-73.96069399,40.7687620293096,-73.95840793848038,member
1856805,E72D34E81B3C442D,classic_bike,2021-09-18 12:02:20,2021-09-18 12:51:08,Madison Ave & E 82 St,7188,Broadway & W 58 St,6948,40.7781314,-73.96069399,40.76695317,-73.98169333,member
1856808,26FDAD74418D5854,classic_bike,2021-09-20 16:56:26,2021-09-20 17:07:46,Madison Ave & E 82 St,7188,E 81 St & York Ave,7084,40.7781314,-73.96069399,40.7728384,-73.94989233,member
1856841,4CC27C547A4A1B3F,classic_bike,2021-09-10 11:39:35,2021-09-10 12:14:33,Madison Ave & E 82 St,7188,Broadway & W 58 St,6948,40.7781314,-73.96069399,40.76695317,-73.98169333,member
1856853,164B495E29B22EA4,classic_bike,2021-09-08 18:14:49,2021-09-08 18:20:59,Madison Ave & E 82 St,7188,E 81 St & York Ave,7084,40.7781314,-73.96069399,40.7728384,-73.94989233,member
1857745,92620C397C95BD0D,electric_bike,2021-09-22 17:07:48,2021-09-22 17:25:51,Madison Ave & E 82 St,7188,W 56 St & 10 Ave,6955,40.7781314,-73.96069399,40.768254,-73.988639,member
1857748,B6392C05615841A4,classic_bike,2021-09-13 17:06:16,2021-09-13 17:16:39,Madison Ave & E 82 St,7188,E 81 St & York Ave,7084,40.7781314,-73.96069399,40.7728384,-73.94989233,member
1857760,6DE5BD2B5E64AE6E,classic_bike,2021-09-11 18:34:50,2021-09-11 18:59:52,Madison Ave & E 82 St,7188,Broadway & W 58 St,6948,40.7781314,-73.96069399,40.76695317,-73.98169333,casual
1857825,ADEAB4E5D2ECC011,classic_bike,2021-09-01 14:39:39,2021-09-01 15:00:50,Madison Ave & E 82 St,7188,Broadway & W 58 St,6948,40.7781314,-73.96069399,40.76695317,-73.98169333,member
1857828,9D72CFA22C8C3E23,classic_bike,2021-09-22 19:36:34,2021-09-22 19:44:25,Madison Ave & E 82 St,7188,2 Ave & E 72 St,6925,40.7781314,-73.96069399,40.7687620293096,-73.95840793848038,member
1857830,39DCC7C1BA2B540A,classic_bike,2021-09-12 15:36:06,2021-09-12 16:01:56,Madison Ave & E 82 St,7188,Broadway & W 58 St,6948,40.7781314,-73.96069399,40.76695317,-73.98169333,member
1857831,167810BE04F98E6B,classic_bike,2021-09-07 17:40:10,2021-09-07 17:47:08,Madison Ave & E 82 St,7188,E 81 St & York Ave,7084,40.7781314,-73.96069399,40.7728384,-73.94989233,member
1857837,6217FBD8D0BD1F8E,classic_bike,2021-09-25 19:45:00,2021-09-25 19:52:04,Madison Ave & E 82 St,7188,E 81 St & York Ave,7084,40.7781314,-73.96069399,40.7728384,-73.94989233,member
1859468,4DF1C4BF82AA99BE,classic_bike,2021-09-14 18:04:20,2021-09-14 18:08:12,E 81 St & Park Ave,7188,E 81 St & York Ave,7084,40.77677702,-73.9590097,40.7728384,-73.94989233,member
1867004,32392F24959F4C2A,classic_bike,2021-09-20 08:21:13,2021-09-20 08:27:52,E 81 St & Park Ave,7188,2 Ave & E 72 St,6925,40.77677702,-73.9590097,40.7687620293096,-73.95840793848038,member
1872212,9206D6A02179A319,classic_bike,2021-09-29 11:00:04,2021-09-29 11:12:46,Madison Ave & E 82 St,7188,Broadway & W 58 St,6948,40.7781314,-73.96069399,40.76695317,-73.98169333,member
1872258,0D79BB3AE783BCB6,classic_bike,2021-09-11 17:25:20,2021-09-11 17:35:29,Madison Ave & E 82 St,7188,Broadway & W 58 St,6948,40.7781314,-73.96069399,40.76695317,-73.98169333,member
1872269,1884C5BC6537929B,classic_bike,2021-09-19 15:59:44,2021-09-19 16:21:37,Madison Ave & E 82 St,7188,Broadway & W 58 St,6948,40.7781314,-73.96069399,40.76695317,-73.98169333,casual
1872313,3512C8D7B2CEAA6F,classic_bike,2021-09-19 14:33:53,2021-09-19 15:43:00,Madison Ave & E 82 St,7188,Broadway & W 58 St,6948,40.7781314,-73.96069399,40.76695317,-73.98169333,casual
1872318,698658E51B89676A,classic_bike,2021-09-18 13:29:04,2021-09-18 13:39:29,Madison Ave & E 82 St,7188,2 Ave & E 72 St,6925,40.7781314,-73.96069399,40.7687620293096,-73.95840793848038,casual
1872323,DE03A690B1232A81,classic_bike,2021-09-14 18:56:26,2021-09-14 19:02:36,Madison Ave & E 82 St,7188,2 Ave & E 72 St,6925,40.7781314,-73.96069399,40.7687620293096,-73.95840793848038,member
1872333,B0B6B84702224141,classic_bike,2021-09-11 15:26:34,2021-09-11 15:43:09,Madison Ave & E 82 St,7188,Broadway & W 58 St,6948,40.7781314,-73.96069399,40.76695317,-73.98169333,member
1872340,6D345563E3158F28,classic_bike,2021-09-28 08:31:05,2021-09-28 08:54:43,Madison Ave & E 82 St,7188,Broadway & W 58 St,6948,40.7781314,-73.96069399,40.76695317,-73.98169333,member
1872354,4DAF45E84F5BB6B2,classic_bike,2021-09-21 21:35:20,2021-09-21 21:41:57,Madison Ave & E 82 St,7188,E 81 St & York Ave,7084,40.7781314,-73.96069399,40.7728384,-73.94989233,casual
1872356,E4BDDCA805A9AC3F,classic_bike,2021-09-16 15:33:53,2021-09-16 15:48:10,Madison Ave & E 82 St,7188,E 56 St & Madison Ave,6732,40.7781314,-73.96069399,40.761573,-73.972628,casual
1872357,60183F7AADFE89BC,classic_bike,2021-09-05 16:41:30,2021-09-05 17:47:45,Madison Ave & E 82 St,7188,9 Ave & W 45 St,6717,40.7781314,-73.96069399,40.76019252,-73.9912551,casual
1872370,B21B4612E0F517FA,classic_bike,2021-09-10 18:30:26,2021-09-10 18:43:56,Madison Ave & E 82 St,7188,2 Ave & E 72 St,6925,40.7781314,-73.96069399,40.7687620293096,-73.95840793848038,member
1872380,93BB261807631F5A,classic_bike,2021-09-17 18:45:10,2021-09-17 19:15:33,Madison Ave & E 82 St,7188,9 Ave & W 45 St,6717,40.7781314,-73.96069399,40.76019252,-73.9912551,casual
1872384,16CD2FD2AB4F7846,classic_bike,2021-09-05 16:07:00,2021-09-05 16:18:54,Madison Ave & E 82 St,7188,2 Ave & E 72 St,6925,40.7781314,-73.96069399,40.7687620293096,-73.95840793848038,member
1872387,05B29C5093F0B86D,classic_bike,2021-09-20 09:31:31,2021-09-20 09:44:37,Madison Ave & E 82 St,7188,Broadway & W 58 St,6948,40.7781314,-73.96069399,40.76695317,-73.98169333,member
1872424,0D6DDDCCE9B7ECAB,classic_bike,2021-09-18 16:56:13,2021-09-18 17:14:30,Madison Ave & E 82 St,7188,W 56 St & 10 Ave,6955,40.7781314,-73.96069399,40.768254,-73.988639,casual
1872426,90C61087B1CE5D21,classic_bike,2021-09-06 17:05:07,2021-09-06 17:16:23,Madison Ave & E 82 St,7188,2 Ave & E 72 St,6925,40.7781314,-73.96069399,40.7687620293096,-73.95840793848038,casual
1872433,D02741C218B227CC,classic_bike,2021-09-19 16:07:47,2021-09-19 16:28:54,Madison Ave & E 82 St,7188,Broadway & W 58 St,6948,40.7781314,-73.96069399,40.76695317,-73.98169333,casual
1872434,81A92E059F5FAA42,classic_bike,2021-09-19 14:27:43,2021-09-19 15:45:09,Madison Ave & E 82 St,7188,Broadway & W 58 St,6948,40.7781314,-73.96069399,40.76695317,-73.98169333,casual
1872439,D8A9E544C1E2FB3F,classic_bike,2021-09-23 15:22:54,2021-09-23 15:31:45,Madison Ave & E 82 St,7188,E 56 St & Madison Ave,6732,40.7781314,-73.96069399,40.761573,-73.972628,member
1872446,B1EAF9FCB7F2FD2E,electric_bike,2021-09-03 12:40:14,2021-09-03 12:52:43,Madison Ave & E 82 St,7188,9 Ave & W 45 St,6717,40.7781314,-73.96069399,40.76019252,-73.9912551,member
1872448,3010CBC2D3C6E994,electric_bike,2021-09-24 15:24:53,2021-09-24 15:46:17,Madison Ave & E 82 St,7188,E 56 St & Madison Ave,6732,40.7781314,-73.96069399,40.761573,-73.972628,member
1872467,4D6146AC674A22EC,electric_bike,2021-09-22 19:29:18,2021-09-22 19:35:29,Madison Ave & E 82 St,7188,2 Ave & E 72 St,6925,40.7781314,-73.96069399,40.7687620293096,-73.95840793848038,member
1872473,D921F81ADDDA8120,classic_bike,2021-09-26 16:40:57,2021-09-26 16:54:40,Madison Ave & E 82 St,7188,Broadway & W 58 St,6948,40.7781314,-73.96069399,40.76695317,-73.98169333,member
1872476,B97713BF32D612B4,classic_bike,2021-09-18 10:29:38,2021-09-18 10:36:19,Madison Ave & E 82 St,7188,E 81 St & York Ave,7084,40.7781314,-73.96069399,40.7728384,-73.94989233,member
1872484,3638204A0158EC84,classic_bike,2021-09-06 16:46:16,2021-09-06 17:17:11,Madison Ave & E 82 St,7188,Broadway & W 58 St,6948,40.7781314,-73.96069399,40.76695317,-73.98169333,casual
1872488,D59B24454C282947,electric_bike,2021-09-26 15:15:22,2021-09-26 15:30:58,Madison Ave & E 82 St,7188,W 56 St & 10 Ave,6955,40.7781314,-73.96069399,40.768254,-73.988639,casual
1872495,10BC230026E4716E,classic_bike,2021-09-12 14:01:52,2021-09-12 14:09:18,Madison Ave & E 82 St,7188,E 77 St & 3 Ave,7092,40.7781314,-73.96069399,40.77314236,-73.95856158,casual
1872516,F397EA1B5C8C57AF,classic_bike,2021-09-21 18:00:32,2021-09-21 18:16:34,Madison Ave & E 82 St,7188,Broadway & W 58 St,6948,40.7781314,-73.96069399,40.76695317,-73.98169333,member
1872519,764205D617BB9C61,classic_bike,2021-09-16 20:59:49,2021-09-16 21:17:56,Madison Ave & E 82 St,7188,Broadway & W 58 St,6948,40.7781314,-73.96069399,40.76695317,-73.98169333,member
1872520,5A13E1032C8511DD,electric_bike,2021-09-15 12:36:03,2021-09-15 12:44:12,Madison Ave & E 82 St,7188,Broadway & W 58 St,6948,40.7781314,-73.96069399,40.76695317,-73.98169333,member
1872523,8E41EADD5F4D2C11,classic_bike,2021-09-13 19:43:16,2021-09-13 20:00:32,Madison Ave & E 82 St,7188,Broadway & W 58 St,6948,40.7781314,-73.96069399,40.76695317,-73.98169333,member
1872541,787C88DBE37AD9BA,classic_bike,2021-09-26 15:51:55,2021-09-26 15:58:07,Madison Ave & E 82 St,7188,E 77 St & 3 Ave,7092,40.7781314,-73.96069399,40.77314236,-73.95856158,member
1872560,2A2A355AAE9E5717,classic_bike,2021-09-25 19:44:46,2021-09-25 19:56:05,Madison Ave & E 82 St,7188,2 Ave & E 72 St,6925,40.7781314,-73.96069399,40.7687620293096,-73.95840793848038,member
1872572,6A507945BAFA0A85,classic_bike,2021-09-16 20:14:12,2021-09-16 20:20:25,Madison Ave & E 82 St,7188,2 Ave & E 72 St,6925,40.7781314,-73.96069399,40.7687620293096,-73.95840793848038,member
1872580,E4484FAC18DAEE32,classic_bike,2021-09-05 16:41:44,2021-09-05 17:47:32,Madison Ave & E 82 St,7188,9 Ave & W 45 St,6717,40.7781314,-73.96069399,40.76019252,-73.9912551,casual
1872583,13EE8B43856B2D53,classic_bike,2021-09-19 15:59:56,2021-09-19 16:21:23,Madison Ave & E 82 St,7188,Broadway & W 58 St,6948,40.7781314,-73.96069399,40.76695317,-73.98169333,casual
1872586,59FD49B890EDE613,classic_bike,2021-09-24 12:52:44,2021-09-24 13:04:34,Madison Ave & E 82 St,7188,2 Ave & E 72 St,6925,40.7781314,-73.96069399,40.7687620293096,-73.95840793848038,casual
1872587,ACA5B9E4C9A27D77,classic_bike,2021-09-11 13:30:57,2021-09-11 14:34:17,Madison Ave & E 82 St,7188,Broadway & W 58 St,6948,40.7781314,-73.96069399,40.76695317,-73.98169333,casual
1872596,1A2CB56F6B40116F,classic_bike,2021-09-10 10:45:06,2021-09-10 10:54:28,Madison Ave & E 82 St,7188,E 56 St & Madison Ave,6732,40.7781314,-73.96069399,40.761573,-73.972628,member
1872616,2D5D8E15B4DD3F77,electric_bike,2021-09-18 15:27:23,2021-09-18 16:21:17,Madison Ave & E 82 St,7188,2 Ave & E 72 St,6925,40.7781314,-73.96069399,40.7687620293096,-73.95840793848038,member
1872618,AC0CA090B8B160C6,classic_bike,2021-09-03 17:28:37,2021-09-03 18:04:59,Madison Ave & E 82 St,7188,9 Ave & W 45 St,6717,40.7781314,-73.96069399,40.76019252,-73.9912551,casual
1872619,F0053C4ED7E985BE,classic_bike,2021-09-26 16:20:14,2021-09-26 16:33:37,Madison Ave & E 82 St,7188,E 77 St & 3 Ave,7092,40.7781314,-73.96069399,40.77314236,-73.95856158,casual
1872620,E6382468994AF6FE,classic_bike,2021-09-11 13:35:20,2021-09-11 13:42:55,Madison Ave & E 82 St,7188,2 Ave & E 72 St,6925,40.7781314,-73.96069399,40.7687620293096,-73.95840793848038,casual
1872622,F9EA169C088A2B8E,classic_bike,2021-09-23 14:40:20,2021-09-23 15:00:39,Madison Ave & E 82 St,7188,9 Ave & W 45 St,6717,40.7781314,-73.96069399,40.76019252,-73.9912551,casual
1872655,27C082C13866ECA4,electric_bike,2021-09-28 13:54:13,2021-09-28 14:03:35,Madison Ave & E 82 St,7188,E 56 St & Madison Ave,6732,40.7781314,-73.96069399,40.761573,-73.972628,member
1872664,94783BA3657868ED,classic_bike,2021-09-18 12:10:12,2021-09-18 12:15:19,Madison Ave & E 82 St,7188,E 77 St & 3 Ave,7092,40.7781314,-73.96069399,40.77314236,-73.95856158,member
1872668,1FD12CF1D5ED6A1E,classic_bike,2021-09-05 11:41:18,2021-09-05 11:54:02,Madison Ave & E 82 St,7188,W 56 St & 10 Ave,6955,40.7781314,-73.96069399,40.768254,-73.988639,member
1872672,A2D25803581536AA,classic_bike,2021-09-20 15:52:18,2021-09-20 16:04:49,Madison Ave & E 82 St,7188,Broadway & W 58 St,6948,40.7781314,-73.96069399,40.76695317,-73.98169333,member
1872704,A3254C5ED2566626,docked_bike,2021-09-19 10:50:54,2021-09-19 11:01:59,Madison Ave & E 82 St,7188,2 Ave & E 72 St,6925,40.778131,-73.960694,40.768762,-73.958408,casual
1872706,6C77B26C0AD2ABF9,classic_bike,2021-09-12 11:14:46,2021-09-12 11:19:05,Madison Ave & E 82 St,7188,E 77 St & 3 Ave,7092,40.7781314,-73.96069399,40.77314236,-73.95856158,member
1872724,111415C59093C257,classic_bike,2021-09-18 14:08:49,2021-09-18 15:03:52,Madison Ave & E 82 St,7188,Broadway & W 58 St,6948,40.7781314,-73.96069399,40.76695317,-73.98169333,casual
1872725,BB1A3D0E16E97E09,classic_bike,2021-09-16 14:49:27,2021-09-16 15:09:18,Madison Ave & E 82 St,7188,Broadway & W 58 St,6948,40.7781314,-73.96069399,40.76695317,-73.98169333,casual
1872727,48E7C1485ACCA9C7,classic_bike,2021-09-27 15:03:42,2021-09-27 15:18:29,Madison Ave & E 82 St,7188,Broadway & W 58 St,6948,40.7781314,-73.96069399,40.76695317,-73.98169333,casual
1872996,47BA386EA7B3E9CD,classic_bike,2021-09-12 16:03:05,2021-09-12 16:15:42,Madison Ave & E 82 St,7188,E 56 St & Madison Ave,6732,40.7781314,-73.96069399,40.761573,-73.972628,member
1872997,182F8FB51409F7BD,classic_bike,2021-09-26 15:52:12,2021-09-26 15:58:02,Madison Ave & E 82 St,7188,E 77 St & 3 Ave,7092,40.7781314,-73.96069399,40.77314236,-73.95856158,member
1873001,20796E7D0A211A77,electric_bike,2021-09-17 11:24:12,2021-09-17 11:34:21,Madison Ave & E 82 St,7188,Broadway & W 58 St,6948,40.7781314,-73.96069399,40.76695317,-73.98169333,member
1873004,DF1969A7D79BC654,classic_bike,2021-09-03 15:16:28,2021-09-03 15:31:51,Madison Ave & E 82 St,7188,Broadway & W 58 St,6948,40.7781314,-73.96069399,40.76695317,-73.98169333,casual
1873006,4A8D1FE68BDC3BF6,classic_bike,2021-09-19 15:50:23,2021-09-19 16:00:03,Madison Ave & E 82 St,7188,E 81 St & York Ave,7084,40.7781314,-73.96069399,40.7728384,-73.94989233,casual
1873023,90F92D8B0B77FF95,classic_bike,2021-09-21 16:27:51,2021-09-21 16:33:13,Madison Ave & E 82 St,7188,E 81 St & York Ave,7084,40.7781314,-73.96069399,40.7728384,-73.94989233,member
1873045,96DC6BF912A4A4C6,classic_bike,2021-09-12 15:02:19,2021-09-12 15:14:23,Madison Ave & E 82 St,7188,2 Ave & E 72 St,6925,40.7781314,-73.96069399,40.7687620293096,-73.95840793848038,casual
1873047,F6D3F5C389B780F5,classic_bike,2021-09-03 16:11:36,2021-09-03 16:20:01,Madison Ave & E 82 St,7188,E 77 St & 3 Ave,7092,40.7781314,-73.96069399,40.77314236,-73.95856158,casual
1873050,6254FAD9EDD9BC98,electric_bike,2021-09-05 11:37:42,2021-09-05 12:06:57,Madison Ave & E 82 St,7188,Broadway & W 58 St,6948,40.7781314,-73.96069399,40.76695317,-73.98169333,casual
1873052,A88D7FAC36B4C5D0,electric_bike,2021-09-07 16:37:55,2021-09-07 16:56:43,Madison Ave & E 82 St,7188,9 Ave & W 45 St,6717,40.7781314,-73.96069399,40.76019252,-73.9912551,casual
1873057,118867784D011752,classic_bike,2021-09-27 15:02:52,2021-09-27 15:18:38,Madison Ave & E 82 St,7188,Broadway & W 58 St,6948,40.7781314,-73.96069399,40.76695317,-73.98169333,casual
1873169,77CB7D71C89FC091,classic_bike,2021-09-08 20:57:52,2021-09-08 21:04:33,Madison Ave & E 82 St,7188,E 81 St & York Ave,7084,40.7781314,-73.96069399,40.7728384,-73.94989233,member
1873173,9321F0E1FBE7E8A1,electric_bike,2021-09-01 10:56:37,2021-09-01 11:20:16,Madison Ave & E 82 St,7188,9 Ave & W 45 St,6717,40.7781314,-73.96069399,40.76019252,-73.9912551,member
1873182,9D67000C6A7B6D04,classic_bike,2021-09-08 21:11:12,2021-09-08 21:21:46,Madison Ave & E 82 St,7188,Broadway & W 58 St,6948,40.7781314,-73.96069399,40.76695317,-73.98169333,member
1873195,12E6977689D6EE9E,classic_bike,2021-09-18 17:33:38,2021-09-18 17:47:16,Madison Ave & E 82 St,7188,Broadway & W 58 St,6948,40.7781314,-73.96069399,40.76695317,-73.98169333,casual
1874109,F8FBB091BBFCBFAE,electric_bike,2021-09-29 14:52:47,2021-09-29 14:56:03,E 81 St & Park Ave,7188,E 77 St & 3 Ave,7092,40.77677702,-73.9590097,40.77314236,-73.95856158,member
1874110,86D54C0F5E5FB8E2,classic_bike,2021-09-09 08:16:36,2021-09-09 08:33:02,E 81 St & Park Ave,7188,E 77 St & 3 Ave,7092,40.77677702,-73.9590097,40.77314236,-73.95856158,member
1874217,CA7E9A197C72F0C2,classic_bike,2021-09-03 21:03:24,2021-09-03 21:20:38,E 81 St & Park Ave,7188,Broadway & W 58 St,6948,40.77677702,-73.9590097,40.76695317,-73.98169333,casual
1874453,9C68974BCE204503,electric_bike,2021-09-07 08:45:48,2021-09-07 08:54:20,E 81 St & Park Ave,7188,Broadway & W 58 St,6948,40.77677702,-73.9590097,40.76695317,-73.98169333,member
1875671,F706AC8141E05D48,classic_bike,2021-09-14 17:58:06,2021-09-14 18:12:59,Madison Ave & E 82 St,7188,2 Ave & E 72 St,6925,40.7781314,-73.96069399,40.7687620293096,-73.95840793848038,member
1875672,375869D4635D0F6D,electric_bike,2021-09-09 08:00:28,2021-09-09 08:04:23,Madison Ave & E 82 St,7188,E 77 St & 3 Ave,7092,40.7781314,-73.96069399,40.77314236,-73.95856158,member
1875673,ED824CE8DF423CB1,classic_bike,2021-09-16 10:47:17,2021-09-16 10:56:22,Madison Ave & E 82 St,7188,2 Ave & E 72 St,6925,40.7781314,-73.96069399,40.7687620293096,-73.95840793848038,member
1875676,910A2F0D3283AC14,classic_bike,2021-09-26 15:31:51,2021-09-26 16:00:10,Madison Ave & E 82 St,7188,9 Ave & W 45 St,6717,40.7781314,-73.96069399,40.76019252,-73.9912551,member
1875679,517CB2827F6A55C3,classic_bike,2021-09-19 14:11:34,2021-09-19 14:17:17,Madison Ave & E 82 St,7188,2 Ave & E 72 St,6925,40.7781314,-73.96069399,40.7687620293096,-73.95840793848038,casual
1875760,9621C715BB9DEB63,classic_bike,2021-09-25 14:51:43,2021-09-25 15:06:50,Madison Ave & E 82 St,7188,Broadway & W 58 St,6948,40.7781314,-73.96069399,40.76695317,-73.98169333,member
1875766,42041937DFA57145,classic_bike,2021-09-06 15:56:11,2021-09-06 16:10:32,Madison Ave & E 82 St,7188,E 56 St & Madison Ave,6732,40.7781314,-73.96069399,40.761573,-73.972628,member
1875780,B45963F8E18FA542,classic_bike,2021-09-03 16:04:57,2021-09-03 16:20:24,Madison Ave & E 82 St,7188,E 77 St & 3 Ave,7092,40.7781314,-73.96069399,40.77314236,-73.95856158,casual
1875781,A9A150CE73DB0FD2,classic_bike,2021-09-30 19:12:37,2021-09-30 19:25:36,Madison Ave & E 82 St,7188,E 56 St & Madison Ave,6732,40.7781314,-73.96069399,40.761573,-73.972628,casual
1875786,FC57BF5B667A34D1,classic_bike,2021-09-11 12:08:23,2021-09-11 12:30:31,Madison Ave & E 82 St,7188,Broadway & W 58 St,6948,40.7781314,-73.96069399,40.76695317,-73.98169333,casual
1875787,732F8580BE2FAC41,classic_bike,2021-09-11 13:31:27,2021-09-11 14:34:20,Madison Ave & E 82 St,7188,Broadway & W 58 St,6948,40.7781314,-73.96069399,40.76695317,-73.98169333,casual
1875789,EFCD8D6C10A17F1E,classic_bike,2021-09-19 13:41:36,2021-09-19 13:52:30,Madison Ave & E 82 St,7188,2 Ave & E 72 St,6925,40.7781314,-73.96069399,40.7687620293096,-73.95840793848038,casual
1876259,629ABD0FAEC2C7D5,classic_bike,2021-09-19 16:07:11,2021-09-19 16:29:06,Madison Ave & E 82 St,7188,Broadway & W 58 St,6948,40.7781314,-73.96069399,40.76695317,-73.98169333,casual
1876260,C8006C02F4748E74,classic_bike,2021-09-12 15:36:59,2021-09-12 16:02:16,Madison Ave & E 82 St,7188,Broadway & W 58 St,6948,40.7781314,-73.96069399,40.76695317,-73.98169333,casual
1876261,EE8BA92F8B6252E3,classic_bike,2021-09-12 15:38:14,2021-09-12 16:02:03,Madison Ave & E 82 St,7188,Broadway & W 58 St,6948,40.7781314,-73.96069399,40.76695317,-73.98169333,casual
1876266,6A12B1EECA8810A8,classic_bike,2021-09-19 14:27:39,2021-09-19 15:46:23,Madison Ave & E 82 St,7188,Broadway & W 58 St,6948,40.7781314,-73.96069399,40.76695317,-73.98169333,casual
1876271,A085670BF6D608EB,classic_bike,2021-09-04 16:17:30,2021-09-04 16:57:23,Madison Ave & E 82 St,7188,Broadway & W 58 St,6948,40.7781314,-73.96069399,40.76695317,-73.98169333,casual
1879180,E89FF84569BBADF7,electric_bike,2021-09-19 12:21:33,2021-09-19 12:29:49,Madison Ave & E 82 St,7188,E 56 St & Madison Ave,6732,40.7781314,-73.96069399,40.761573,-73.972628,member
1883526,6CF29BA42D07ECE1,classic_bike,2021-09-26 15:28:26,2021-09-26 15:36:46,Madison Ave & E 82 St,7188,2 Ave & E 72 St,6925,40.7781314,-73.96069399,40.7687620293096,-73.95840793848038,member
1883532,17871536EE457102,classic_bike,2021-09-26 16:23:16,2021-09-26 16:44:58,Madison Ave & E 82 St,7188,Broadway & W 58 St,6948,40.7781314,-73.96069399,40.76695317,-73.98169333,casual
1883537,18F14D1B2AE36A7D,classic_bike,2021-09-18 19:12:54,2021-09-18 19:24:09,Madison Ave & E 82 St,7188,E 81 St & York Ave,7084,40.7781314,-73.96069399,40.7728384,-73.94989233,member
1883544,93DDA3B701A33FD1,classic_bike,2021-09-06 17:42:51,2021-09-06 17:47:21,Madison Ave & E 82 St,7188,E 77 St & 3 Ave,7092,40.7781314,-73.96069399,40.77314236,-73.95856158,member
1883545,ACC76C7D4AF80754,electric_bike,2021-09-19 08:48:50,2021-09-19 09:10:09,Madison Ave & E 82 St,7188,9 Ave & W 45 St,6717,40.7781314,-73.96069399,40.76019252,-73.9912551,member
1883550,4548A3A2DDB55902,classic_bike,2021-09-16 19:37:18,2021-09-16 19:42:27,Madison Ave & E 82 St,7188,E 81 St & York Ave,7084,40.7781314,-73.96069399,40.7728384,-73.94989233,member
1883553,71B0EADDC1E62BAC,electric_bike,2021-09-05 11:37:46,2021-09-05 12:07:25,Madison Ave & E 82 St,7188,Broadway & W 58 St,6948,40.7781314,-73.96069399,40.76695317,-73.98169333,casual
1883554,8BD905092AD63EDB,electric_bike,2021-09-06 13:34:01,2021-09-06 13:52:48,Madison Ave & E 82 St,7188,Broadway & W 58 St,6948,40.7781314,-73.96069399,40.76695317,-73.98169333,casual
1883557,8C4C159DC2C04756,classic_bike,2021-09-17 18:45:14,2021-09-17 19:15:40,Madison Ave & E 82 St,7188,9 Ave & W 45 St,6717,40.7781314,-73.96069399,40.76019252,-73.9912551,casual
1883567,9B97E0D66D9C506F,classic_bike,2021-09-22 16:30:31,2021-09-22 16:41:16,Madison Ave & E 82 St,7188,2 Ave & E 72 St,6925,40.7781314,-73.96069399,40.7687620293096,-73.95840793848038,member
1883569,CC73A24EFE77D8DA,classic_bike,2021-09-26 14:13:27,2021-09-26 14:18:12,Madison Ave & E 82 St,7188,E 81 St & York Ave,7084,40.7781314,-73.96069399,40.7728384,-73.94989233,member
1883571,4ABE2F276661EDDF,classic_bike,2021-09-18 12:01:58,2021-09-18 12:51:01,Madison Ave & E 82 St,7188,Broadway & W 58 St,6948,40.7781314,-73.96069399,40.76695317,-73.98169333,member
1883573,9ABEF0D10176647A,classic_bike,2021-09-26 16:21:41,2021-09-26 16:33:39,Madison Ave & E 82 St,7188,E 77 St & 3 Ave,7092,40.7781314,-73.96069399,40.77314236,-73.95856158,casual
1883583,936692CCD7F2C233,classic_bike,2021-09-17 12:01:22,2021-09-17 12:07:19,Madison Ave & E 82 St,7188,E 81 St & York Ave,7084,40.7781314,-73.96069399,40.7728384,-73.94989233,member
1883586,ABC336E76068F127,electric_bike,2021-09-18 07:50:24,2021-09-18 07:57:35,Madison Ave & E 82 St,7188,Broadway & W 58 St,6948,40.7781314,-73.96069399,40.76695317,-73.98169333,member
1883610,AB17BD74452709AC,classic_bike,2021-09-29 21:02:26,2021-09-29 21:07:18,Madison Ave & E 82 St,7188,E 81 St & York Ave,7084,40.7781314,-73.96069399,40.7728384,-73.94989233,member
1883621,EDE828E9EDE26322,classic_bike,2021-09-04 16:07:14,2021-09-04 16:29:52,Madison Ave & E 82 St,7188,9 Ave & W 45 St,6717,40.7781314,-73.96069399,40.76019252,-73.9912551,member
1883653,AEB546969788A6AF,classic_bike,2021-09-05 21:32:25,2021-09-05 21:50:47,Madison Ave & E 82 St,7188,2 Ave & E 72 St,6925,40.7781314,-73.96069399,40.7687620293096,-73.95840793848038,casual
1883656,C885AFC60BA375DC,electric_bike,2021-09-14 18:44:46,2021-09-14 19:06:02,Madison Ave & E 82 St,7188,E 81 St & York Ave,7084,40.7781314,-73.96069399,40.7728384,-73.94989233,member
1883663,8B65EA211E807448,electric_bike,2021-09-30 10:54:46,2021-09-30 10:59:12,Madison Ave & E 82 St,7188,E 77 St & 3 Ave,7092,40.7781314,-73.96069399,40.77314236,-73.95856158,member
1883664,31BEA93A8C1D72CD,electric_bike,2021-09-01 12:12:33,2021-09-01 12:20:01,Madison Ave & E 82 St,7188,Broadway & W 58 St,6948,40.7781314,-73.96069399,40.76695317,-73.98169333,member
1883673,3659B32B931944D2,classic_bike,2021-09-11 18:34:30,2021-09-11 18:59:17,Madison Ave & E 82 St,7188,Broadway & W 58 St,6948,40.7781314,-73.96069399,40.76695317,-73.98169333,casual
1883680,B3E62BD5CE6FCA5D,classic_bike,2021-09-10 16:41:37,2021-09-10 16:59:29,Madison Ave & E 82 St,7188,Broadway & W 58 St,6948,40.7781314,-73.96069399,40.76695317,-73.98169333,casual
1883685,A2A0D363CF8FFCE0,electric_bike,2021-09-24 19:16:46,2021-09-24 19:41:38,Madison Ave & E 82 St,7188,9 Ave & W 45 St,6717,40.7781314,-73.96069399,40.76019252,-73.9912551,casual
1883686,C83ED09DF977668E,classic_bike,2021-09-16 21:12:24,2021-09-16 21:19:16,Madison Ave & E 82 St,7188,E 81 St & York Ave,7084,40.7781314,-73.96069399,40.7728384,-73.94989233,casual
1883700,E5F669BA16474D1B,classic_bike,2021-09-07 17:21:39,2021-09-07 17:27:30,Madison Ave & E 82 St,7188,E 81 St & York Ave,7084,40.7781314,-73.96069399,40.7728384,-73.94989233,member
1883704,33C1EE7B1F6D9FB1,classic_bike,2021-09-25 18:43:54,2021-09-25 18:58:40,Madison Ave & E 82 St,7188,Broadway & W 58 St,6948,40.7781314,-73.96069399,40.76695317,-73.98169333,member
1883705,243EB2B5C55563B8,classic_bike,2021-09-28 15:40:27,2021-09-28 15:48:16,Madison Ave & E 82 St,7188,E 81 St & York Ave,7084,40.7781314,-73.96069399,40.7728384,-73.94989233,member
1883708,AD4A7A9B8C6384F2,classic_bike,2021-09-13 17:12:29,2021-09-13 17:30:02,Madison Ave & E 82 St,7188,W 56 St & 10 Ave,6955,40.7781314,-73.96069399,40.768254,-73.988639,member
1883720,1D74635CB394703D,classic_bike,2021-09-06 16:48:18,2021-09-06 17:17:11,Madison Ave & E 82 St,7188,Broadway & W 58 St,6948,40.7781314,-73.96069399,40.76695317,-73.98169333,casual
1883738,B4C8472FE7A96ACD,classic_bike,2021-09-09 17:02:37,2021-09-09 17:14:16,Madison Ave & E 82 St,7188,2 Ave & E 72 St,6925,40.7781314,-73.96069399,40.7687620293096,-73.95840793848038,casual
1883742,E7F42C209EFB602F,classic_bike,2021-09-27 09:16:40,2021-09-27 09:27:55,Madison Ave & E 82 St,7188,Broadway & W 58 St,6948,40.7781314,-73.96069399,40.76695317,-73.98169333,member
1883752,C4440A928D20A1E2,electric_bike,2021-09-17 15:05:24,2021-09-17 15:15:09,Madison Ave & E 82 St,7188,2 Ave & E 72 St,6925,40.7781314,-73.96069399,40.7687620293096,-73.95840793848038,member
1886174,13371889F3399A65,classic_bike,2021-09-03 08:33:47,2021-09-03 08:37:49,Madison Ave & E 82 St,7188,E 77 St & 3 Ave,7092,40.7781314,-73.96069399,40.77314236,-73.95856158,member
1886175,446C9DF4A39F4579,classic_bike,2021-09-28 16:47:03,2021-09-28 16:59:22,Madison Ave & E 82 St,7188,2 Ave & E 72 St,6925,40.7781314,-73.96069399,40.7687620293096,-73.95840793848038,member
1886181,F532E3A9D5F2E488,electric_bike,2021-09-19 11:00:24,2021-09-19 11:45:09,Madison Ave & E 82 St,7188,Lexington Ave & Classon Ave,4452,40.7781314,-73.96069399,40.68676793,-73.95928168,member
1886190,DDA034083FA39009,classic_bike,2021-09-07 18:42:22,2021-09-07 19:14:59,Madison Ave & E 82 St,7188,Broadway & W 58 St,6948,40.7781314,-73.96069399,40.76695317,-73.98169333,casual
1886192,C8250512162B4CEC,classic_bike,2021-09-12 14:01:54,2021-09-12 14:09:35,Madison Ave & E 82 St,7188,E 77 St & 3 Ave,7092,40.7781314,-73.96069399,40.77314236,-73.95856158,casual
1886193,297D7753BF049DFE,classic_bike,2021-09-12 15:02:43,2021-09-12 15:14:36,Madison Ave & E 82 St,7188,2 Ave & E 72 St,6925,40.7781314,-73.96069399,40.7687620293096,-73.95840793848038,casual
1890865,B702845DE3163CED,classic_bike,2021-09-03 13:20:58,2021-09-03 13:38:12,Madison Ave & E 82 St,7188,E 44 St & Lexington Ave,6464,40.7781314,-73.96069399,40.752643,-73.974996,casual
1890903,57D5B74DB9AEAE67,classic_bike,2021-09-23 15:49:30,2021-09-23 16:05:43,Madison Ave & E 82 St,7188,E 44 St & Lexington Ave,6464,40.7781314,-73.96069399,40.752643,-73.974996,casual
1890918,CDC914E9550C636D,classic_bike,2021-09-21 11:40:42,2021-09-21 12:17:44,Madison Ave & E 82 St,7188,Riverside Dr & W 78 St,7340,40.7781314,-73.96069399,40.78414472,-73.98362492,member
1890946,9D5795A15A717B4D,classic_bike,2021-09-07 23:40:56,2021-09-08 00:01:30,Madison Ave & E 82 St,7188,Mt Morris Park W & W 120 St,7685,40.7781314,-73.96069399,40.804038,-73.945925,member
1893102,6E6B8B77C261931D,docked_bike,2021-09-19 13:19:43,2021-09-19 14:35:55,Madison Ave & E 82 St,7188,2 Ave & E 55 St,6650,40.778131,-73.960694,40.75792,-73.966382,casual
1893185,52E6CEA04E27D324,classic_bike,2021-09-12 23:42:02,2021-09-12 23:54:25,Madison Ave & E 82 St,7188,E 44 St & Lexington Ave,6464,40.7781314,-73.96069399,40.752643,-73.974996,member
1894335,66D3E6F6B6ACC79E,classic_bike,2021-09-18 13:47:42,2021-09-18 14:16:29,E 81 St & Park Ave,7188,E 44 St & Lexington Ave,6464,40.77677702,-73.9590097,40.752643,-73.974996,casual
1897052,46D046C975E4E407,classic_bike,2021-09-09 22:13:59,2021-09-09 22:34:21,E 81 St & Park Ave,7188,E 44 St & Lexington Ave,6464,40.77677702,-73.9590097,40.752643,-73.974996,member
1913275,CCB81F6486201165,electric_bike,2021-09-25 20:53:22,2021-09-25 21:20:11,E 81 St & Park Ave,7188,Riverside Dr & W 78 St,7340,40.77677702,-73.9590097,40.78414472,-73.98362492,member
1913308,9D7F542EDB5DCE4B,classic_bike,2021-09-25 10:08:57,2021-09-25 10:19:59,E 81 St & Park Ave,7188,2 Ave & E 55 St,6650,40.77677702,-73.9590097,40.757920208794026,-73.96638214588165,member
1913312,5E1A85E0BD431CA1,classic_bike,2021-09-18 13:47:13,2021-09-18 14:04:41,E 81 St & Park Ave,7188,E 44 St & Lexington Ave,6464,40.77677702,-73.9590097,40.752643,-73.974996,member
1913313,516DF4B5E5A4E13E,classic_bike,2021-09-10 17:49:12,2021-09-10 18:01:48,E 81 St & Park Ave,7188,E 44 St & Lexington Ave,6464,40.77677702,-73.9590097,40.752643,-73.974996,member
1913319,3C89804541DAB106,classic_bike,2021-09-12 16:31:07,2021-09-12 16:46:38,E 81 St & Park Ave,7188,E 44 St & Lexington Ave,6464,40.77677702,-73.9590097,40.752643,-73.974996,member
1915447,A081505C242A9356,classic_bike,2021-09-24 20:08:53,2021-09-24 20:31:43,Madison Ave & E 82 St,7188,E 44 St & Lexington Ave,6464,40.7781314,-73.96069399,40.752643,-73.974996,casual
1915507,D8AC8826DF6D6089,electric_bike,2021-09-15 14:17:02,2021-09-15 14:49:17,Madison Ave & E 82 St,7188,E 15 St & 3 Ave,5863,40.7781314,-73.96069399,40.734232,-73.986923,member
1915526,A13E59DDDBF3C602,electric_bike,2021-09-18 07:47:38,2021-09-18 07:59:49,Madison Ave & E 82 St,7188,2 Ave & E 55 St,6650,40.7781314,-73.96069399,40.757920208794026,-73.96638214588165,casual
1915560,6A55F065810DD3B5,docked_bike,2021-09-19 13:19:31,2021-09-19 14:35:54,Madison Ave & E 82 St,7188,2 Ave & E 55 St,6650,40.778131,-73.960694,40.75792,-73.966382,casual
1915562,23FEB2CA8DCE5EF2,classic_bike,2021-09-18 14:24:11,2021-09-18 14:46:33,Madison Ave & E 82 St,7188,E 44 St & Lexington Ave,6464,40.7781314,-73.96069399,40.752643,-73.974996,casual
1915600,D230BFB5310EC839,classic_bike,2021-09-20 13:54:01,2021-09-20 14:07:19,Madison Ave & E 82 St,7188,2 Ave & E 55 St,6650,40.7781314,-73.96069399,40.757920208794026,-73.96638214588165,member
1915655,1E9328F45DD9875A,docked_bike,2021-09-18 16:25:52,2021-09-18 16:51:05,Madison Ave & E 82 St,7188,E 44 St & Lexington Ave,6464,40.778131,-73.960694,40.752643,-73.974996,casual
1915671,50C3AC4CED187428,electric_bike,2021-09-12 23:47:08,2021-09-12 23:56:21,Madison Ave & E 82 St,7188,Mt Morris Park W & W 120 St,7685,40.7781314,-73.96069399,40.804038,-73.945925,member
1915724,88DC43C04FD47442,classic_bike,2021-09-26 15:47:56,2021-09-26 16:05:05,Madison Ave & E 82 St,7188,2 Ave & E 55 St,6650,40.7781314,-73.96069399,40.757920208794026,-73.96638214588165,member
1915872,F330F77E6B0E90EF,classic_bike,2021-09-05 15:05:16,2021-09-05 15:20:25,E 81 St & Park Ave,7188,Mt Morris Park W & W 120 St,7685,40.77677702,-73.9590097,40.804038,-73.945925,casual
1916202,134789BD7A20A327,classic_bike,2021-09-05 15:05:16,2021-09-05 15:20:30,E 81 St & Park Ave,7188,Mt Morris Park W & W 120 St,7685,40.77677702,-73.9590097,40.804038,-73.945925,casual
1916397,B1A48FECF524C676,classic_bike,2021-09-10 10:48:58,2021-09-10 11:11:12,E 81 St & Park Ave,7188,E 44 St & Lexington Ave,6464,40.77677702,-73.9590097,40.752643,-73.974996,casual
1916835,A6D65A1E9CFBC1B5,classic_bike,2021-09-14 20:28:52,2021-09-14 20:51:32,Madison Ave & E 82 St,7188,Mt Morris Park W & W 120 St,7685,40.7781314,-73.96069399,40.804038,-73.945925,member
1916836,3926C271D7929EC7,classic_bike,2021-09-15 19:45:52,2021-09-15 20:05:14,Madison Ave & E 82 St,7188,Mt Morris Park W & W 120 St,7685,40.7781314,-73.96069399,40.804038,-73.945925,member
1917238,64EA1C21CA22B29C,classic_bike,2021-09-18 14:24:08,2021-09-18 14:46:22,Madison Ave & E 82 St,7188,E 44 St & Lexington Ave,6464,40.7781314,-73.96069399,40.752643,-73.974996,member
1927129,4E45DC3B010D2D37,classic_bike,2021-09-26 15:48:14,2021-09-26 16:05:02,Madison Ave & E 82 St,7188,2 Ave & E 55 St,6650,40.7781314,-73.96069399,40.757920208794026,-73.96638214588165,member
1927179,2589E18BFF6695A0,classic_bike,2021-09-11 14:05:24,2021-09-11 14:16:01,Madison Ave & E 82 St,7188,Riverside Dr & W 78 St,7340,40.7781314,-73.96069399,40.78414472,-73.98362492,member
1927180,3B25A6C8BC6AECC6,classic_bike,2021-09-25 10:36:40,2021-09-25 10:56:30,Madison Ave & E 82 St,7188,2 Ave & E 55 St,6650,40.7781314,-73.96069399,40.757920208794026,-73.96638214588165,member
1927293,C841D269A5C18740,electric_bike,2021-09-06 07:05:00,2021-09-06 07:14:46,Madison Ave & E 82 St,7188,E 44 St & Lexington Ave,6464,40.7781314,-73.96069399,40.752643,-73.974996,casual
1927340,3360F368EDA644D0,docked_bike,2021-09-18 16:25:59,2021-09-18 16:51:37,Madison Ave & E 82 St,7188,E 44 St & Lexington Ave,6464,40.778131,-73.960694,40.752643,-73.974996,casual
1927359,9B27DD62C2172E52,classic_bike,2021-09-18 16:58:47,2021-09-18 17:24:29,Madison Ave & E 82 St,7188,W 13 St & 7 Ave,6030,40.7781314,-73.96069399,40.73781509,-73.99994661,member
1932371,0FAF3BA033EDC9E2,classic_bike,2021-09-19 13:18:02,2021-09-19 14:35:53,Madison Ave & E 82 St,7188,2 Ave & E 55 St,6650,40.7781314,-73.96069399,40.757920208794026,-73.96638214588165,casual
1932375,ACB7E095D8C449E5,electric_bike,2021-09-13 07:15:51,2021-09-13 07:26:24,Madison Ave & E 82 St,7188,E 44 St & Lexington Ave,6464,40.7781314,-73.96069399,40.752643,-73.974996,casual
1937133,66338285CB2B0168,electric_bike,2021-09-24 10:44:05,2021-09-24 11:03:11,Madison Ave & E 82 St,7188,E 44 St & Lexington Ave,6464,40.7781314,-73.96069399,40.752643,-73.974996,member
1937164,176436323054CD4A,electric_bike,2021-09-13 16:07:56,2021-09-13 16:19:04,Madison Ave & E 82 St,7188,E 44 St & Lexington Ave,6464,40.7781314,-73.96069399,40.752643,-73.974996,member
1939716,8D8909C2F5A62764,classic_bike,2021-09-26 14:00:28,2021-09-26 14:23:36,Madison Ave & E 82 St,7188,Perry St & Bleecker St,5922,40.7781314,-73.96069399,40.73535398,-74.00483091,casual
1939745,D3A85B17BD45B4AE,classic_bike,2021-09-25 18:14:50,2021-09-25 18:46:23,Madison Ave & E 82 St,7188,E 20 St & 2 Ave,5971,40.7781314,-73.96069399,40.73587678,-73.98205027,casual
1939759,714678BA5BE0822F,classic_bike,2021-09-25 12:55:33,2021-09-25 13:16:59,Madison Ave & E 82 St,7188,E 40 St & 5 Ave,6474,40.7781314,-73.96069399,40.752062307,-73.9816324043,member
1939768,337E5FD3681DFD5E,classic_bike,2021-09-24 18:02:35,2021-09-24 18:34:43,Madison Ave & E 82 St,7188,E 20 St & 2 Ave,5971,40.7781314,-73.96069399,40.73587678,-73.98205027,casual
1939770,F9BC2C0905CE55D3,electric_bike,2021-09-29 06:46:01,2021-09-29 06:55:19,Madison Ave & E 82 St,7188,E 40 St & 5 Ave,6474,40.7781314,-73.96069399,40.752062307,-73.9816324043,member
1939771,7F0386A9CA9AB46D,electric_bike,2021-09-01 11:55:45,2021-09-01 12:05:59,Madison Ave & E 82 St,7188,E 40 St & 5 Ave,6474,40.7781314,-73.96069399,40.752062307,-73.9816324043,member
1939819,EAFE71DB6DF70CA5,classic_bike,2021-09-18 09:15:15,2021-09-18 09:52:38,Madison Ave & E 82 St,7188,FDR Drive & E 35 St,6230,40.7781314,-73.96069399,40.744219,-73.97121214,member
1939859,14792A0C97AFE3AD,classic_bike,2021-09-17 15:25:33,2021-09-17 15:49:21,Madison Ave & E 82 St,7188,E 40 St & 5 Ave,6474,40.7781314,-73.96069399,40.752062307,-73.9816324043,casual
1941357,08566CEA9C86CE08,classic_bike,2021-09-05 11:20:22,2021-09-05 12:00:40,Madison Ave & E 82 St,7188,Perry St & Bleecker St,5922,40.7781314,-73.96069399,40.73535398,-74.00483091,casual
1941431,05E923570B13186A,classic_bike,2021-09-17 18:43:02,2021-09-17 19:32:33,Madison Ave & E 82 St,7188,E 40 St & 5 Ave,6474,40.7781314,-73.96069399,40.752062307,-73.9816324043,casual
1941435,1067D83D1B93D663,electric_bike,2021-09-02 11:45:10,2021-09-02 12:12:05,Madison Ave & E 82 St,7188,Perry St & Bleecker St,5922,40.7781314,-73.96069399,40.73535398,-74.00483091,casual
1941462,F4B2B73AFC2F1131,electric_bike,2021-09-28 17:23:28,2021-09-28 17:36:24,Madison Ave & E 82 St,7188,E 40 St & 5 Ave,6474,40.7781314,-73.96069399,40.752062307,-73.9816324043,casual
1941469,9BB8306E16878394,classic_bike,2021-09-25 18:15:02,2021-09-25 18:46:43,Madison Ave & E 82 St,7188,E 20 St & 2 Ave,5971,40.7781314,-73.96069399,40.73587678,-73.98205027,casual
1941470,C483C9F15D93B02E,classic_bike,2021-09-18 15:47:53,2021-09-18 16:17:15,Madison Ave & E 82 St,7188,FDR Drive & E 35 St,6230,40.7781314,-73.96069399,40.744219,-73.97121214,casual
1944784,3E25DED5799998CD,classic_bike,2021-09-11 13:39:02,2021-09-11 14:07:40,E 81 St & Park Ave,7188,FDR Drive & E 35 St,6230,40.77677702,-73.9590097,40.744219,-73.97121214,member
1944791,A549FF27EE606D53,classic_bike,2021-09-24 10:43:12,2021-09-24 10:49:42,E 81 St & Park Ave,7188,E 98 St & Park Ave,7443,40.77677702,-73.9590097,40.78813,-73.95206,member
1944794,6CC3C3694F45BA9F,classic_bike,2021-09-29 16:19:35,2021-09-29 16:37:52,E 81 St & Park Ave,7188,E 40 St & 5 Ave,6474,40.77677702,-73.9590097,40.752062307,-73.9816324043,casual
1944837,4EC0BCE621B51116,classic_bike,2021-09-07 09:56:36,2021-09-07 10:03:25,E 81 St & Park Ave,7188,E 98 St & Park Ave,7443,40.77677702,-73.9590097,40.78813,-73.95206,member
1946580,C47A62D3068D8934,classic_bike,2021-09-17 07:08:00,2021-09-17 07:13:45,E 81 St & Park Ave,7188,E 98 St & Park Ave,7443,40.77677702,-73.9590097,40.78813,-73.95206,member
1946581,8549F2EE6F867B9C,classic_bike,2021-09-30 07:08:57,2021-09-30 07:17:05,E 81 St & Park Ave,7188,E 98 St & Park Ave,7443,40.77677702,-73.9590097,40.78813,-73.95206,member
1953265,1011BC02FBEF8366,classic_bike,2021-09-25 17:36:22,2021-09-25 18:18:04,Madison Ave & E 82 St,7188,Perry St & Bleecker St,5922,40.7781314,-73.96069399,40.73535398,-74.00483091,casual
1953272,86439104364CED4E,classic_bike,2021-09-02 16:30:50,2021-09-02 16:43:30,Madison Ave & E 82 St,7188,E 40 St & 5 Ave,6474,40.7781314,-73.96069399,40.752062307,-73.9816324043,member
1953302,09E8E74EBA96A2CC,classic_bike,2021-09-18 15:47:55,2021-09-18 16:17:12,Madison Ave & E 82 St,7188,FDR Drive & E 35 St,6230,40.7781314,-73.96069399,40.744219,-73.97121214,member
1953305,5BBFDC6B4CC1F286,electric_bike,2021-09-11 17:28:56,2021-09-11 17:43:08,Madison Ave & E 82 St,7188,E 40 St & 5 Ave,6474,40.7781314,-73.96069399,40.752062307,-73.9816324043,casual
1953326,EB63D55C93F7A032,classic_bike,2021-09-25 10:26:44,2021-09-25 11:03:26,Madison Ave & E 82 St,7188,FDR Drive & E 35 St,6230,40.7781314,-73.96069399,40.744219,-73.97121214,member
1953337,63FAA36505630DCD,electric_bike,2021-09-27 09:27:21,2021-09-27 09:33:49,Madison Ave & E 82 St,7188,E 98 St & Park Ave,7443,40.7781314,-73.96069399,40.78813,-73.95206,member
1953341,088A893F3AB8DEE2,classic_bike,2021-09-25 10:00:55,2021-09-25 10:06:49,Madison Ave & E 82 St,7188,E 98 St & Park Ave,7443,40.7781314,-73.96069399,40.78813,-73.95206,member
1953348,484B751623E6729E,electric_bike,2021-09-14 09:27:53,2021-09-14 09:33:34,Madison Ave & E 82 St,7188,E 98 St & Park Ave,7443,40.7781314,-73.96069399,40.78813,-73.95206,member
1953670,F6F8D02F5D36A515,classic_bike,2021-09-11 18:05:17,2021-09-11 18:41:31,Madison Ave & E 82 St,7188,E 20 St & 2 Ave,5971,40.7781314,-73.96069399,40.73587678,-73.98205027,casual
1953686,6767840ABC918FDC,classic_bike,2021-09-21 17:10:37,2021-09-21 17:18:42,Madison Ave & E 82 St,7188,E 98 St & Park Ave,7443,40.7781314,-73.96069399,40.78813,-73.95206,casual
1953916,A9015945F9735B90,classic_bike,2021-09-25 17:38:33,2021-09-25 18:17:43,Madison Ave & E 82 St,7188,Perry St & Bleecker St,5922,40.7781314,-73.96069399,40.73535398,-74.00483091,casual
1954936,46791D61CA6A9D1A,electric_bike,2021-09-14 10:06:44,2021-09-14 10:12:11,E 81 St & Park Ave,7188,E 98 St & Park Ave,7443,40.77677702,-73.9590097,40.78813,-73.95206,member
1956909,AC10518E833D19FD,classic_bike,2021-09-18 15:47:58,2021-09-18 16:17:22,Madison Ave & E 82 St,7188,FDR Drive & E 35 St,6230,40.7781314,-73.96069399,40.744219,-73.97121214,casual
1967322,73A6CEBFF309D899,electric_bike,2021-09-13 13:28:55,2021-09-13 13:55:01,Madison Ave & E 82 St,7188,E 40 St & 5 Ave,6474,40.7781314,-73.96069399,40.752062307,-73.9816324043,casual
1967345,06D44793AB96A5CD,classic_bike,2021-09-10 19:35:26,2021-09-10 20:07:10,Madison Ave & E 82 St,7188,FDR Drive & E 35 St,6230,40.7781314,-73.96069399,40.744219,-73.97121214,casual
1967363,C1787E0E0DC01295,electric_bike,2021-09-30 13:05:41,2021-09-30 13:18:56,Madison Ave & E 82 St,7188,E 40 St & 5 Ave,6474,40.7781314,-73.96069399,40.752062307,-73.9816324043,member
1967987,3409D43FB0FCE503,classic_bike,2021-09-14 16:09:13,2021-09-14 16:28:21,E 81 St & Park Ave,7188,E 40 St & 5 Ave,6474,40.77677702,-73.9590097,40.752062307,-73.9816324043,casual
1970831,E5B446C2603B8EF3,classic_bike,2021-09-13 20:08:13,2021-09-13 20:18:12,E 81 St & Park Ave,7188,E 58 St & 3 Ave,6762,40.77677702,-73.9590097,40.76095756,-73.96724467,member
1970840,443971B7E8BB9A3E,electric_bike,2021-09-06 09:42:45,2021-09-06 09:50:08,E 81 St & Park Ave,7188,E 58 St & 3 Ave,6762,40.77677702,-73.9590097,40.76095756,-73.96724467,member
1972011,F45C82056CDBEC71,classic_bike,2021-09-11 08:48:24,2021-09-11 08:59:31,E 81 St & Park Ave,7188,E 58 St & 3 Ave,6762,40.77677702,-73.9590097,40.76095756,-73.96724467,member
1975127,580364CA1EC21743,classic_bike,2021-09-03 12:26:11,2021-09-03 12:46:10,Madison Ave & E 82 St,7188,E 58 St & 3 Ave,6762,40.7781314,-73.96069399,40.76095756,-73.96724467,casual
1975160,46962C0D02491630,electric_bike,2021-09-19 10:43:38,2021-09-19 10:51:39,Madison Ave & E 82 St,7188,E 63 St & 3 Ave,6830,40.7781314,-73.96069399,40.763954,-73.9646,member
1975163,B10164854ADBC38C,electric_bike,2021-09-13 14:30:41,2021-09-13 14:39:50,Madison Ave & E 82 St,7188,E 58 St & 3 Ave,6762,40.7781314,-73.96069399,40.76095756,-73.96724467,member
1975166,179B134D0DE4F6B2,classic_bike,2021-09-26 17:17:18,2021-09-26 18:42:48,Madison Ave & E 82 St,7188,Canal St & Rutgers St,5303,40.7781314,-73.96069399,40.71427487,-73.98990025,casual
1975175,FEDF341B600FA881,classic_bike,2021-09-17 15:58:09,2021-09-17 16:08:21,Madison Ave & E 82 St,7188,E 58 St & 3 Ave,6762,40.7781314,-73.96069399,40.76095756,-73.96724467,member
1975187,4ED54085C0AAA272,classic_bike,2021-09-25 18:02:57,2021-09-25 18:18:42,Madison Ave & E 82 St,7188,E 58 St & 3 Ave,6762,40.7781314,-73.96069399,40.76095756,-73.96724467,casual
1975236,EE8A523D1662A427,electric_bike,2021-09-12 12:24:36,2021-09-12 12:57:52,Madison Ave & E 82 St,7188,E 58 St & 3 Ave,6762,40.7781314,-73.96069399,40.76095756,-73.96724467,member
1975244,B39C71E0C963193A,electric_bike,2021-09-25 18:02:27,2021-09-25 18:18:52,Madison Ave & E 82 St,7188,E 58 St & 3 Ave,6762,40.7781314,-73.96069399,40.76095756,-73.96724467,casual
1975264,8D4A8D6E81C26031,electric_bike,2021-09-23 12:53:36,2021-09-23 13:02:43,Madison Ave & E 82 St,7188,E 63 St & 3 Ave,6830,40.7781314,-73.96069399,40.763954,-73.9646,casual
1975276,A7C12E9EE15F2B8B,classic_bike,2021-09-24 18:27:15,2021-09-24 18:37:55,Madison Ave & E 82 St,7188,E 63 St & 3 Ave,6830,40.7781314,-73.96069399,40.763954,-73.9646,member
1976181,E10AA91ADE76CA35,electric_bike,2021-09-25 10:52:47,2021-09-25 11:01:43,Madison Ave & E 82 St,7188,E 58 St & 3 Ave,6762,40.7781314,-73.96069399,40.76095756,-73.96724467,member
1976184,769CA775BCE646AA,classic_bike,2021-09-25 13:30:37,2021-09-25 13:40:47,Madison Ave & E 82 St,7188,E 63 St & 3 Ave,6830,40.7781314,-73.96069399,40.763954,-73.9646,member
1976244,00D88C24028813F6,classic_bike,2021-09-11 16:13:54,2021-09-11 16:31:22,Madison Ave & E 82 St,7188,E 58 St & 3 Ave,6762,40.7781314,-73.96069399,40.76095756,-73.96724467,casual
1980890,AD3AC9A2FCF2F668,classic_bike,2021-09-30 15:31:09,2021-09-30 15:44:35,E 81 St & Park Ave,7188,E 63 St & 3 Ave,6830,40.77677702,-73.9590097,40.763954,-73.9646,member
1980893,B8D5361122BD9D6E,classic_bike,2021-09-20 18:05:34,2021-09-20 18:22:03,E 81 St & Park Ave,7188,E 63 St & 3 Ave,6830,40.77677702,-73.9590097,40.763954,-73.9646,casual
1980933,020DF2523D2853B1,classic_bike,2021-09-21 08:22:38,2021-09-21 08:34:08,E 81 St & Park Ave,7188,E 58 St & 3 Ave,6762,40.77677702,-73.9590097,40.76095756,-73.96724467,member
1980943,50F4B484E92A6671,classic_bike,2021-09-20 13:32:54,2021-09-20 13:41:29,E 81 St & Park Ave,7188,E 63 St & 3 Ave,6830,40.77677702,-73.9590097,40.763954,-73.9646,casual
1980948,C3647BB5B1EF3364,classic_bike,2021-09-07 19:48:38,2021-09-07 20:06:36,E 81 St & Park Ave,7188,E 58 St & 3 Ave,6762,40.77677702,-73.9590097,40.76095756,-73.96724467,member
1980949,0960AA7914D3A120,classic_bike,2021-09-30 18:48:04,2021-09-30 18:55:39,E 81 St & Park Ave,7188,E 63 St & 3 Ave,6830,40.77677702,-73.9590097,40.763954,-73.9646,casual
1984425,DE3F1EF96751B109,classic_bike,2021-09-06 15:18:40,2021-09-06 15:31:50,Madison Ave & E 82 St,7188,E 58 St & 3 Ave,6762,40.7781314,-73.96069399,40.76095756,-73.96724467,member
1984444,A6716BCDC7F53475,electric_bike,2021-09-16 11:13:05,2021-09-16 13:00:40,Madison Ave & E 82 St,7188,E 58 St & 3 Ave,6762,40.7781314,-73.96069399,40.76095756,-73.96724467,member
1984445,EB28B5299894E0DA,electric_bike,2021-09-08 19:41:45,2021-09-08 19:52:16,Madison Ave & E 82 St,7188,E 54 St & 1 Ave,6608,40.7781314,-73.96069399,40.756265,-73.964179,member
1984487,BCCC62574C842B2D,classic_bike,2021-09-26 15:27:24,2021-09-26 15:37:24,Madison Ave & E 82 St,7188,E 63 St & 3 Ave,6830,40.7781314,-73.96069399,40.763954,-73.9646,member
1984539,A1C6DC9E187F1B69,classic_bike,2021-09-25 13:00:02,2021-09-25 13:19:44,Madison Ave & E 82 St,7188,E 54 St & 1 Ave,6608,40.7781314,-73.96069399,40.756265,-73.964179,casual
1984818,7B0579F1F05A7218,classic_bike,2021-09-22 08:18:43,2021-09-22 08:28:16,E 81 St & Park Ave,7188,E 58 St & 3 Ave,6762,40.77677702,-73.9590097,40.76095756,-73.96724467,member
1985119,4C005AF9B17F4425,electric_bike,2021-09-12 14:24:43,2021-09-12 14:50:14,Madison Ave & E 82 St,7188,W 15 St & 6 Ave,5989,40.7781314,-73.96069399,40.738046142482766,-73.99642959237099,member
1985194,57BB243EBD57FE2D,classic_bike,2021-09-22 09:45:34,2021-09-22 09:56:07,Madison Ave & E 82 St,7188,E 63 St & 3 Ave,6830,40.7781314,-73.96069399,40.763954,-73.9646,member
1985195,EE786C51C7E8E0BE,classic_bike,2021-09-11 13:38:16,2021-09-11 13:48:17,Madison Ave & E 82 St,7188,E 58 St & 3 Ave,6762,40.7781314,-73.96069399,40.76095756,-73.96724467,member
1985196,B682F931502A7B3A,electric_bike,2021-09-23 16:10:11,2021-09-23 16:20:58,Madison Ave & E 82 St,7188,E 58 St & 3 Ave,6762,40.7781314,-73.96069399,40.76095756,-73.96724467,member
1985300,21BD0DFE858FEF32,classic_bike,2021-09-19 11:23:56,2021-09-19 11:33:07,Madison Ave & E 82 St,7188,E 63 St & 3 Ave,6830,40.7781314,-73.96069399,40.763954,-73.9646,member
1985306,A638BF696AF74CFD,classic_bike,2021-09-18 11:53:52,2021-09-18 12:06:04,Madison Ave & E 82 St,7188,E 63 St & 3 Ave,6830,40.7781314,-73.96069399,40.763954,-73.9646,member
1985315,2DAD4C786E759F7E,classic_bike,2021-09-26 18:45:22,2021-09-26 18:55:55,Madison Ave & E 82 St,7188,E 58 St & 3 Ave,6762,40.7781314,-73.96069399,40.76095756,-73.96724467,member
1990906,71B43EF00FC0DEEB,classic_bike,2021-09-11 16:00:20,2021-09-11 16:10:27,E 81 St & Park Ave,7188,E 63 St & 3 Ave,6830,40.77677702,-73.9590097,40.763954,-73.9646,member
1993055,411030102FE6C3B4,classic_bike,2021-09-21 11:35:00,2021-09-21 11:59:00,E 81 St & Park Ave,7188,E 58 St & 3 Ave,6762,40.77677702,-73.9590097,40.76095756,-73.96724467,member
1994501,777B63854C2246AF,classic_bike,2021-09-14 15:42:26,2021-09-14 15:56:04,Madison Ave & E 82 St,7188,E 58 St & 3 Ave,6762,40.7781314,-73.96069399,40.76095756,-73.96724467,member
1994507,F2A1927A145ADE3D,electric_bike,2021-09-14 07:36:06,2021-09-14 07:45:20,Madison Ave & E 82 St,7188,E 58 St & 3 Ave,6762,40.7781314,-73.96069399,40.76095756,-73.96724467,member
1994520,3A480D00741EEC43,classic_bike,2021-09-16 10:21:17,2021-09-16 10:36:57,Madison Ave & E 82 St,7188,E 58 St & 3 Ave,6762,40.7781314,-73.96069399,40.76095756,-73.96724467,member
1994523,2A16D026B54FD8FC,electric_bike,2021-09-14 12:33:58,2021-09-14 12:51:35,Madison Ave & E 82 St,7188,E 63 St & 3 Ave,6830,40.7781314,-73.96069399,40.763954,-73.9646,casual
1994524,9F194BFC32C25563,classic_bike,2021-09-18 18:50:09,2021-09-18 19:48:29,Madison Ave & E 82 St,7188,Bank St & Washington St,5964,40.7781314,-73.96069399,40.7361967,-74.00859207,casual
1994535,EDEDFCDA35CC0FC9,classic_bike,2021-09-19 16:43:59,2021-09-19 16:55:36,Madison Ave & E 82 St,7188,E 63 St & 3 Ave,6830,40.7781314,-73.96069399,40.763954,-73.9646,member
1994598,AB4A27F202724E05,electric_bike,2021-09-14 10:02:40,2021-09-14 10:11:07,Madison Ave & E 82 St,7188,E 63 St & 3 Ave,6830,40.7781314,-73.96069399,40.763954,-73.9646,casual
1994618,8B1443D802EBC4E9,electric_bike,2021-09-13 20:24:54,2021-09-13 20:37:08,Madison Ave & E 82 St,7188,E 58 St & 3 Ave,6762,40.7781314,-73.96069399,40.76095756,-73.96724467,member
1994620,F180990D103756BF,electric_bike,2021-09-25 11:08:10,2021-09-25 13:41:46,Madison Ave & E 82 St,7188,Bainbridge Ave & Bedford Park Blvd,8682,40.7781314,-73.96069399,40.87002,-73.88565,casual
1994626,C3D92A178F416020,classic_bike,2021-09-20 08:45:37,2021-09-20 08:56:48,Madison Ave & E 82 St,7188,E 63 St & 3 Ave,6830,40.7781314,-73.96069399,40.763954,-73.9646,member
1994632,9C1E69EB61E3859A,classic_bike,2021-09-16 14:08:01,2021-09-16 14:19:08,Madison Ave & E 82 St,7188,E 63 St & 3 Ave,6830,40.7781314,-73.96069399,40.763954,-73.9646,member
1994655,CDF41FF915B45A33,classic_bike,2021-09-26 17:07:17,2021-09-26 17:15:02,Madison Ave & E 82 St,7188,E 63 St & 3 Ave,6830,40.7781314,-73.96069399,40.763954,-73.9646,member
1994672,75EAB22031F722F8,classic_bike,2021-09-10 08:41:50,2021-09-10 08:55:51,Madison Ave & E 82 St,7188,E 58 St & 3 Ave,6762,40.7781314,-73.96069399,40.76095756,-73.96724467,member
1995738,475D1B05351C52CB,electric_bike,2021-09-07 19:22:38,2021-09-07 19:38:58,Madison Ave & E 82 St,7188,E 54 St & 1 Ave,6608,40.7781314,-73.96069399,40.756265,-73.964179,member
1995739,9AD2F896A6B406EA,classic_bike,2021-09-07 13:51:21,2021-09-07 14:06:34,Madison Ave & E 82 St,7188,E 58 St & 3 Ave,6762,40.7781314,-73.96069399,40.76095756,-73.96724467,member
1995760,F90B52DA34EF1450,classic_bike,2021-09-03 11:50:40,2021-09-03 12:14:47,Madison Ave & E 82 St,7188,E 58 St & 3 Ave,6762,40.7781314,-73.96069399,40.76095756,-73.96724467,casual
1995766,C32622DD48D1435F,electric_bike,2021-09-22 11:37:48,2021-09-22 11:48:03,Madison Ave & E 82 St,7188,E 63 St & 3 Ave,6830,40.7781314,-73.96069399,40.763954,-73.9646,casual
1999374,6B228B2DA91DD1CF,classic_bike,2021-09-18 10:06:18,2021-09-18 10:16:06,E 81 St & Park Ave,7188,E 63 St & 3 Ave,6830,40.77677702,-73.9590097,40.763954,-73.9646,casual
1999378,1F71ADB8BDBB96DC,classic_bike,2021-09-19 14:44:00,2021-09-19 14:56:40,E 81 St & Park Ave,7188,E 58 St & 3 Ave,6762,40.77677702,-73.9590097,40.76095756,-73.96724467,member
1999381,299851D88BE0AF87,classic_bike,2021-09-18 10:05:53,2021-09-18 10:16:26,E 81 St & Park Ave,7188,E 63 St & 3 Ave,6830,40.77677702,-73.9590097,40.763954,-73.9646,casual
2001360,2C5B3FCD67D379D5,classic_bike,2021-09-24 14:08:47,2021-09-24 14:18:52,Madison Ave & E 82 St,7188,E 63 St & 3 Ave,6830,40.7781314,-73.96069399,40.763954,-73.9646,member
2001372,C03CC14597F0BC37,classic_bike,2021-09-02 09:50:46,2021-09-02 10:05:20,Madison Ave & E 82 St,7188,E 63 St & 3 Ave,6830,40.7781314,-73.96069399,40.763954,-73.9646,member
2001373,B375910518FA9C0D,classic_bike,2021-09-18 18:49:42,2021-09-18 19:49:03,Madison Ave & E 82 St,7188,Bank St & Washington St,5964,40.7781314,-73.96069399,40.7361967,-74.00859207,casual
2001413,8CD2E8A65B37B7EA,classic_bike,2021-09-12 22:37:51,2021-09-12 23:14:41,Madison Ave & E 82 St,7188,Bank St & Washington St,5964,40.7781314,-73.96069399,40.7361967,-74.00859207,member
2001414,2ADA2AC83D162F56,classic_bike,2021-09-25 15:19:04,2021-09-25 15:38:59,Madison Ave & E 82 St,7188,E 58 St & 3 Ave,6762,40.7781314,-73.96069399,40.76095756,-73.96724467,casual
2006363,DD625B8D743B1445,classic_bike,2021-09-16 09:27:13,2021-09-16 09:34:31,E 81 St & Park Ave,7188,E 59 St & Madison Ave,6801,40.77677702,-73.9590097,40.76350532,-73.97109243,member
2006373,EC68875C54A5BEDD,classic_bike,2021-09-17 08:11:21,2021-09-17 08:18:54,E 81 St & Park Ave,7188,E 59 St & Madison Ave,6801,40.77677702,-73.9590097,40.76350532,-73.97109243,member
2006378,429749B50F38FBC0,electric_bike,2021-09-29 13:53:11,2021-09-29 13:58:46,E 81 St & Park Ave,7188,E 95 St & 3 Ave,7365,40.77677702,-73.9590097,40.7849032,-73.950503,member
2006395,C03264F72C300A90,classic_bike,2021-09-28 14:37:33,2021-09-28 15:10:00,E 81 St & Park Ave,7188,W 20 St & 7 Ave,6182,40.77677702,-73.9590097,40.74238787,-73.99726235,member
2006397,9228E8AD5DFF4FE7,classic_bike,2021-09-26 14:11:10,2021-09-26 14:18:24,E 81 St & Park Ave,7188,E 95 St & 3 Ave,7365,40.77677702,-73.9590097,40.7849032,-73.950503,member
2006525,B842F6322CBDF3EA,classic_bike,2021-09-23 13:26:22,2021-09-23 13:34:58,E 81 St & Park Ave,7188,E 95 St & 3 Ave,7365,40.77677702,-73.9590097,40.7849032,-73.950503,casual
2008987,314844128C80F022,classic_bike,2021-09-18 10:28:29,2021-09-18 11:52:10,Madison Ave & E 82 St,7188,E 59 St & Madison Ave,6801,40.7781314,-73.96069399,40.76350532,-73.97109243,member
2009015,87B73A7A9D3CC403,classic_bike,2021-09-14 10:05:47,2021-09-14 10:27:06,Madison Ave & E 82 St,7188,44 Dr & 21 St,6278,40.7781314,-73.96069399,40.748,-73.9460927,member
2017090,531C102801E5DE2B,classic_bike,2021-09-20 14:43:48,2021-09-20 15:06:18,E 81 St & Park Ave,7188,E 33 St & 1 Ave,6197,40.77677702,-73.9590097,40.74322681432173,-73.97449783980846,member
2017091,A30ADB62F2B4C10E,classic_bike,2021-09-02 16:59:19,2021-09-02 17:18:22,E 81 St & Park Ave,7188,E 33 St & 1 Ave,6197,40.77677702,-73.9590097,40.74322681432173,-73.97449783980846,member
2017098,46284AA5B720AB48,classic_bike,2021-09-24 14:55:44,2021-09-24 15:03:09,E 81 St & Park Ave,7188,E 95 St & 3 Ave,7365,40.77677702,-73.9590097,40.7849032,-73.950503,member
2017105,976589FF4C80EA15,electric_bike,2021-09-10 12:38:13,2021-09-10 12:49:06,E 81 St & Park Ave,7188,E 59 St & Madison Ave,6801,40.77677702,-73.9590097,40.76350532,-73.97109243,member
2017123,237EC12A779E38FA,classic_bike,2021-09-26 12:28:26,2021-09-26 12:39:08,E 81 St & Park Ave,7188,E 95 St & 3 Ave,7365,40.77677702,-73.9590097,40.7849032,-73.950503,casual
2017211,40F65BB6E928FFC8,electric_bike,2021-09-08 09:13:08,2021-09-08 09:22:52,E 81 St & Park Ave,7188,E 59 St & Madison Ave,6801,40.77677702,-73.9590097,40.76350532,-73.97109243,casual
2029333,8E4FB5C7D86D835C,classic_bike,2021-09-11 17:15:54,2021-09-11 17:32:41,Madison Ave & E 82 St,7188,E 95 St & 3 Ave,7365,40.7781314,-73.96069399,40.7849032,-73.950503,casual
2029336,E7059B36050E5878,electric_bike,2021-09-30 11:59:13,2021-09-30 12:19:07,Madison Ave & E 82 St,7188,E 59 St & Madison Ave,6801,40.7781314,-73.96069399,40.76350532,-73.97109243,casual
2029403,C80954839485ACFC,classic_bike,2021-09-11 18:07:28,2021-09-11 18:26:29,Madison Ave & E 82 St,7188,E 95 St & 3 Ave,7365,40.7781314,-73.96069399,40.7849032,-73.950503,casual
2029428,DECB9BE733D00DA2,classic_bike,2021-09-20 15:50:32,2021-09-20 16:04:02,Madison Ave & E 82 St,7188,E 59 St & Madison Ave,6801,40.7781314,-73.96069399,40.76350532,-73.97109243,casual
2029452,56CC39E10A4B0BE7,electric_bike,2021-09-30 07:40:27,2021-09-30 08:00:41,Madison Ave & E 82 St,7188,E 33 St & 1 Ave,6197,40.7781314,-73.96069399,40.74322681432173,-73.97449783980846,member
2029490,B4BCC51F5238A63C,classic_bike,2021-09-11 18:07:10,2021-09-11 18:26:04,Madison Ave & E 82 St,7188,E 95 St & 3 Ave,7365,40.7781314,-73.96069399,40.7849032,-73.950503,member
2029515,45EF685947454022,classic_bike,2021-09-13 19:45:25,2021-09-13 19:54:59,Madison Ave & E 82 St,7188,E 59 St & Madison Ave,6801,40.7781314,-73.96069399,40.76350532,-73.97109243,member
2029572,E7ACCE68C8B9FE7A,classic_bike,2021-09-16 13:01:24,2021-09-16 13:09:44,Madison Ave & E 82 St,7188,E 59 St & Madison Ave,6801,40.7781314,-73.96069399,40.76350532,-73.97109243,member
2029644,CFF1A6061805976F,classic_bike,2021-09-15 16:42:19,2021-09-15 16:55:39,Madison Ave & E 82 St,7188,E 59 St & Madison Ave,6801,40.7781314,-73.96069399,40.76350532,-73.97109243,member
2029653,F6296784A0788CC5,classic_bike,2021-09-11 16:35:09,2021-09-11 16:49:44,Madison Ave & E 82 St,7188,E 59 St & Madison Ave,6801,40.7781314,-73.96069399,40.76350532,-73.97109243,member
2029673,CFA3F3C16EFE05F1,classic_bike,2021-09-24 17:17:16,2021-09-24 17:36:20,Madison Ave & E 82 St,7188,E 33 St & 1 Ave,6197,40.7781314,-73.96069399,40.74322681432173,-73.97449783980846,member
2029688,92870F7254329F71,electric_bike,2021-09-28 14:05:24,2021-09-28 14:12:28,Madison Ave & E 82 St,7188,E 95 St & 3 Ave,7365,40.7781314,-73.96069399,40.7849032,-73.950503,casual
2029709,41D7979B08D22E76,classic_bike,2021-09-11 16:35:18,2021-09-11 16:49:43,Madison Ave & E 82 St,7188,E 59 St & Madison Ave,6801,40.7781314,-73.96069399,40.76350532,-73.97109243,member
2029739,490ECBD5E5538EF0,electric_bike,2021-09-02 16:43:26,2021-09-02 16:47:53,Madison Ave & E 82 St,7188,E 95 St & 3 Ave,7365,40.7781314,-73.96069399,40.7849032,-73.950503,member
2029742,E342620B19D0ECD8,classic_bike,2021-09-24 16:24:16,2021-09-24 16:39:06,Madison Ave & E 82 St,7188,E 59 St & Madison Ave,6801,40.7781314,-73.96069399,40.76350532,-73.97109243,member
2029773,04AA34A5A75E0EC3,classic_bike,2021-09-11 17:15:47,2021-09-11 17:32:10,Madison Ave & E 82 St,7188,E 95 St & 3 Ave,7365,40.7781314,-73.96069399,40.7849032,-73.950503,member
2029809,B8803A4F2B9857A4,classic_bike,2021-09-02 14:48:04,2021-09-02 14:55:04,Madison Ave & E 82 St,7188,E 95 St & 3 Ave,7365,40.7781314,-73.96069399,40.7849032,-73.950503,member
2029815,AC58607C6822EF12,classic_bike,2021-09-27 17:54:24,2021-09-27 18:37:37,Madison Ave & E 82 St,7188,E 95 St & 3 Ave,7365,40.7781314,-73.96069399,40.7849032,-73.950503,casual
2031095,CB6CC145C76A04EF,classic_bike,2021-09-25 20:35:41,2021-09-25 20:44:14,Madison Ave & E 82 St,7188,E 95 St & 3 Ave,7365,40.7781314,-73.96069399,40.7849032,-73.950503,member
2031175,3D5125FF11227397,classic_bike,2021-09-20 15:50:43,2021-09-20 16:03:56,Madison Ave & E 82 St,7188,E 59 St & Madison Ave,6801,40.7781314,-73.96069399,40.76350532,-73.97109243,casual
2031202,99468FEF2FBA1962,classic_bike,2021-09-14 15:59:22,2021-09-14 16:11:05,Madison Ave & E 82 St,7188,E 59 St & Madison Ave,6801,40.7781314,-73.96069399,40.76350532,-73.97109243,member
2031324,2E434D02352192A9,electric_bike,2021-09-26 13:50:00,2021-09-26 14:17:30,Madison Ave & E 82 St,7188,44 Dr & 21 St,6278,40.7781314,-73.96069399,40.748,-73.9460927,member
2037370,83DFCF94123D0982,classic_bike,2021-09-26 15:24:14,2021-09-26 15:50:07,Madison Ave & E 82 St,7188,E 33 St & 1 Ave,6197,40.7781314,-73.96069399,40.74322681432173,-73.97449783980846,casual
2037541,62C512BA471E35C7,classic_bike,2021-09-18 15:55:24,2021-09-18 16:35:36,Madison Ave & E 82 St,7188,E 59 St & Madison Ave,6801,40.7781314,-73.96069399,40.76350532,-73.97109243,casual
2037606,171D8CD2761C3A5E,classic_bike,2021-09-08 15:28:51,2021-09-08 15:43:28,Madison Ave & E 82 St,7188,E 59 St & Madison Ave,6801,40.7781314,-73.96069399,40.76350532,-73.97109243,member
2037636,CD19577CE904DA8D,classic_bike,2021-09-18 15:55:31,2021-09-18 16:35:38,Madison Ave & E 82 St,7188,E 59 St & Madison Ave,6801,40.7781314,-73.96069399,40.76350532,-73.97109243,casual
2037679,12AC75FC5F7D1D66,electric_bike,2021-09-02 14:28:32,2021-09-02 14:50:41,Madison Ave & E 82 St,7188,W 20 St & 7 Ave,6182,40.7781314,-73.96069399,40.74238787,-73.99726235,member
2041357,F2DAE570D176F38F,electric_bike,2021-09-17 08:59:54,2021-09-17 09:10:06,Madison Ave & E 82 St,7188,E 59 St & Madison Ave,6801,40.7781314,-73.96069399,40.76350532,-73.97109243,member
2044634,1EF5A1CC22A7F601,classic_bike,2021-09-25 11:06:55,2021-09-25 11:36:16,Madison Ave & E 82 St,7188,E 33 St & 1 Ave,6197,40.7781314,-73.96069399,40.74322681432173,-73.97449783980846,member
2046533,C4228A5BE5C8A965,classic_bike,2021-09-21 18:01:00,2021-09-21 18:04:57,E 81 St & Park Ave,7188,E 84 St & 1 Ave,7180,40.77677702,-73.9590097,40.77565541,-73.95068615,member
2048311,EE512202BE63DC75,classic_bike,2021-09-03 19:02:53,2021-09-03 19:35:11,Madison Ave & E 82 St,7188,Willis Ave & E 137 St,7726,40.7781314,-73.96069399,40.808384,-73.923604,member
2048319,A020986641E4707C,classic_bike,2021-09-02 15:40:22,2021-09-02 16:18:38,Madison Ave & E 82 St,7188,W 45 St & 8 Ave,6676,40.7781314,-73.96069399,40.75929124,-73.98859651,casual
2050055,AADB8F7AB9C23A0F,classic_bike,2021-09-24 14:38:36,2021-09-24 14:42:39,E 81 St & Park Ave,7188,E 84 St & 1 Ave,7180,40.77677702,-73.9590097,40.77565541,-73.95068615,member
2050271,80577B4B7FF138C8,classic_bike,2021-09-26 14:58:13,2021-09-26 15:11:32,Madison Ave & E 82 St,7188,E 84 St & 1 Ave,7180,40.7781314,-73.96069399,40.77565541,-73.95068615,member
2050282,AFC476AD79393003,classic_bike,2021-09-07 15:13:28,2021-09-07 15:42:55,Madison Ave & E 82 St,7188,Willis Ave & E 137 St,7726,40.7781314,-73.96069399,40.808384,-73.923604,member
2050296,A8B9E5D40FE9D32B,classic_bike,2021-09-11 17:24:38,2021-09-11 17:52:48,Madison Ave & E 82 St,7188,Willis Ave & E 137 St,7726,40.7781314,-73.96069399,40.808384,-73.923604,member
2050312,C03ECE09E95BEB8C,classic_bike,2021-09-23 12:16:13,2021-09-23 12:24:41,Madison Ave & E 82 St,7188,E 84 St & 1 Ave,7180,40.7781314,-73.96069399,40.77565541,-73.95068615,member
2050459,667356AC499BA6C8,classic_bike,2021-09-28 14:58:12,2021-09-28 15:02:07,E 81 St & Park Ave,7188,E 84 St & 1 Ave,7180,40.77677702,-73.9590097,40.77565541,-73.95068615,member
2050461,B54855187C1925E5,electric_bike,2021-09-10 18:31:40,2021-09-10 18:36:11,E 81 St & Park Ave,7188,E 84 St & 1 Ave,7180,40.77677702,-73.9590097,40.77565541,-73.95068615,member
2062844,A8B5D749F73FCD20,electric_bike,2021-09-15 19:02:24,2021-09-15 19:28:36,Madison Ave & E 82 St,7188,W 4 St & 7 Ave S,5880,40.7781314,-73.96069399,40.73401143,-74.00293877,member
2062850,913F80C6FB5AC266,classic_bike,2021-09-22 18:19:04,2021-09-22 18:24:45,Madison Ave & E 82 St,7188,E 84 St & 1 Ave,7180,40.7781314,-73.96069399,40.77565541,-73.95068615,member
2062862,ACF62856F146A5C4,classic_bike,2021-09-27 14:46:16,2021-09-27 14:54:00,Madison Ave & E 82 St,7188,E 84 St & 1 Ave,7180,40.7781314,-73.96069399,40.77565541,-73.95068615,member
2062875,67844383229D1AB0,classic_bike,2021-09-09 13:03:36,2021-09-09 13:11:29,Madison Ave & E 82 St,7188,E 84 St & 1 Ave,7180,40.7781314,-73.96069399,40.77565541,-73.95068615,casual
2062877,05FE921FD8BC1DD0,classic_bike,2021-09-25 14:01:30,2021-09-25 14:42:42,Madison Ave & E 82 St,7188,E 84 St & 1 Ave,7180,40.7781314,-73.96069399,40.77565541,-73.95068615,casual
2062912,F61845588D9630F9,classic_bike,2021-09-25 14:02:00,2021-09-25 14:41:27,Madison Ave & E 82 St,7188,E 84 St & 1 Ave,7180,40.7781314,-73.96069399,40.77565541,-73.95068615,casual
2062917,8718F7C4C5F381B7,electric_bike,2021-09-13 17:39:07,2021-09-13 18:13:21,Madison Ave & E 82 St,7188,E 84 St & 1 Ave,7180,40.7781314,-73.96069399,40.77565541,-73.95068615,casual
2062919,1A572E82B380A9B2,electric_bike,2021-09-12 19:44:09,2021-09-12 21:57:13,Madison Ave & E 82 St,7188,W 45 St & 8 Ave,6676,40.7781314,-73.96069399,40.75929124,-73.98859651,casual
2062923,11C419A6542BC435,classic_bike,2021-09-24 20:32:54,2021-09-24 20:39:37,Madison Ave & E 82 St,7188,E 84 St & 1 Ave,7180,40.7781314,-73.96069399,40.77565541,-73.95068615,member
2062951,439888EDA501AB50,classic_bike,2021-09-25 09:07:48,2021-09-25 09:14:56,Madison Ave & E 82 St,7188,E 84 St & 1 Ave,7180,40.7781314,-73.96069399,40.77565541,-73.95068615,member
2062969,516A1033F8043928,classic_bike,2021-09-11 16:38:39,2021-09-11 17:09:56,Madison Ave & E 82 St,7188,W 4 St & 7 Ave S,5880,40.7781314,-73.96069399,40.73401143,-74.00293877,casual
2062982,CA05B06886E189BC,classic_bike,2021-09-20 23:26:54,2021-09-20 23:30:58,Madison Ave & E 82 St,7188,E 84 St & 1 Ave,7180,40.7781314,-73.96069399,40.77565541,-73.95068615,member
2062987,EAD09F3694530B19,electric_bike,2021-09-22 17:52:48,2021-09-22 18:16:31,Madison Ave & E 82 St,7188,W 4 St & 7 Ave S,5880,40.7781314,-73.96069399,40.73401143,-74.00293877,member
2062988,497254ED33F78DBB,electric_bike,2021-09-18 19:29:34,2021-09-18 20:52:15,Madison Ave & E 82 St,7188,Lafayette St & Jersey St,5561,40.7781314,-73.96069399,40.72456089,-73.99565293,casual
2062990,BEFA7A8BBB86A69B,electric_bike,2021-09-23 10:35:57,2021-09-23 10:40:49,Madison Ave & E 82 St,7188,E 84 St & 1 Ave,7180,40.7781314,-73.96069399,40.77565541,-73.95068615,casual
2063003,E0EE1E13AD19E7EF,classic_bike,2021-09-11 16:38:53,2021-09-11 17:09:43,Madison Ave & E 82 St,7188,W 4 St & 7 Ave S,5880,40.7781314,-73.96069399,40.73401143,-74.00293877,member
2063011,B8AE93D270DC4029,classic_bike,2021-09-06 20:08:22,2021-09-06 20:14:52,Madison Ave & E 82 St,7188,E 84 St & 1 Ave,7180,40.7781314,-73.96069399,40.77565541,-73.95068615,member
2063031,C3C03B36FC162A51,classic_bike,2021-09-13 19:19:34,2021-09-13 19:44:59,Madison Ave & E 82 St,7188,W 45 St & 8 Ave,6676,40.7781314,-73.96069399,40.75929124,-73.98859651,casual
2063128,FD45F8A4588F8B3C,classic_bike,2021-09-06 13:52:45,2021-09-06 14:01:03,Madison Ave & E 82 St,7188,E 84 St & 1 Ave,7180,40.7781314,-73.96069399,40.77565541,-73.95068615,member
2077110,192CA0D66795C92D,electric_bike,2021-09-16 11:51:35,2021-09-16 11:56:18,Madison Ave & E 82 St,7188,E 84 St & 1 Ave,7180,40.7781314,-73.96069399,40.77565541,-73.95068615,member
2077213,A0A7C5C3C85FE4BD,classic_bike,2021-09-26 12:56:40,2021-09-26 13:36:10,Madison Ave & E 82 St,7188,E 5 St & Avenue C,5545,40.7781314,-73.96069399,40.72299208,-73.97995466,casual
2077227,4EDAE384871D78A5,classic_bike,2021-09-25 13:06:50,2021-09-25 13:33:23,Madison Ave & E 82 St,7188,W 4 St & 7 Ave S,5880,40.7781314,-73.96069399,40.73401143,-74.00293877,member
2077239,08BF0D85E3B90E98,classic_bike,2021-09-21 18:14:48,2021-09-21 18:40:33,Madison Ave & E 82 St,7188,W 4 St & 7 Ave S,5880,40.7781314,-73.96069399,40.73401143,-74.00293877,member
2077251,E69FB4F52568495E,classic_bike,2021-09-13 19:19:07,2021-09-13 19:44:57,Madison Ave & E 82 St,7188,W 45 St & 8 Ave,6676,40.7781314,-73.96069399,40.75929124,-73.98859651,casual
2077254,A131F0E14DAB2E04,electric_bike,2021-09-13 18:11:34,2021-09-13 19:14:40,Madison Ave & E 82 St,7188,Lafayette St & Jersey St,5561,40.7781314,-73.96069399,40.72456089,-73.99565293,casual
2077260,7FEC1CB4EDC25084,electric_bike,2021-09-12 09:07:54,2021-09-12 09:21:05,Madison Ave & E 82 St,7188,E 84 St & 1 Ave,7180,40.7781314,-73.96069399,40.77565541,-73.95068615,member
2077320,D8A5A40F04A91226,classic_bike,2021-09-22 21:05:06,2021-09-22 21:10:48,Madison Ave & E 82 St,7188,E 84 St & 1 Ave,7180,40.7781314,-73.96069399,40.77565541,-73.95068615,member
2077368,AA7423AF384A02AA,classic_bike,2021-09-19 16:36:31,2021-09-19 16:42:33,Madison Ave & E 82 St,7188,E 84 St & 1 Ave,7180,40.7781314,-73.96069399,40.77565541,-73.95068615,member
2077375,A4DBCD4D1B6D14DA,electric_bike,2021-09-23 06:49:35,2021-09-23 06:54:47,Madison Ave & E 82 St,7188,E 84 St & 1 Ave,7180,40.7781314,-73.96069399,40.77565541,-73.95068615,member
2077377,96DCA08233EDB0A7,electric_bike,2021-09-27 06:50:18,2021-09-27 06:56:13,Madison Ave & E 82 St,7188,E 84 St & 1 Ave,7180,40.7781314,-73.96069399,40.77565541,-73.95068615,member
2077845,621A341A8B9686DC,classic_bike,2021-09-11 16:39:02,2021-09-11 17:09:37,Madison Ave & E 82 St,7188,W 4 St & 7 Ave S,5880,40.7781314,-73.96069399,40.73401143,-74.00293877,member
2077855,B0300F6935A0221B,electric_bike,2021-09-30 17:08:03,2021-09-30 17:12:35,Madison Ave & E 82 St,7188,E 84 St & 1 Ave,7180,40.7781314,-73.96069399,40.77565541,-73.95068615,member
2079592,9C752970EFFC1491,classic_bike,2021-09-05 21:42:05,2021-09-05 21:47:12,Madison Ave & E 82 St,7188,E 84 St & 1 Ave,7180,40.7781314,-73.96069399,40.77565541,-73.95068615,member
2081193,7F8C7363C9CAEDB7,classic_bike,2021-09-12 16:02:02,2021-09-12 16:26:17,Madison Ave & E 82 St,7188,W 45 St & 8 Ave,6676,40.7781314,-73.96069399,40.75929124,-73.98859651,casual
2081200,9F043E947D478EBA,electric_bike,2021-09-03 14:13:15,2021-09-03 14:34:54,Madison Ave & E 82 St,7188,W 45 St & 8 Ave,6676,40.7781314,-73.96069399,40.75929124,-73.98859651,casual
2081212,7DA3575A8167D678,classic_bike,2021-09-12 16:02:13,2021-09-12 16:25:25,Madison Ave & E 82 St,7188,W 45 St & 8 Ave,6676,40.7781314,-73.96069399,40.75929124,-73.98859651,casual
2084191,EE095CDDB0AAE378,classic_bike,2021-09-18 16:34:52,2021-09-18 19:14:41,E 81 St & Park Ave,7188,Plaza St East & Flatbush Ave,4010,40.77677702,-73.9590097,40.673134,-73.969106,casual
2084196,BF9C98B87CC73396,classic_bike,2021-09-13 18:01:17,2021-09-13 18:06:38,E 81 St & Park Ave,7188,E 84 St & 1 Ave,7180,40.77677702,-73.9590097,40.77565541,-73.95068615,member
2084198,63AB7008CFE9D254,electric_bike,2021-09-30 15:13:36,2021-09-30 15:44:36,E 81 St & Park Ave,7188,W 4 St & 7 Ave S,5880,40.77677702,-73.9590097,40.73401143,-74.00293877,member
2084214,B64C18E1CE8D24B0,electric_bike,2021-09-09 07:21:14,2021-09-09 07:25:48,E 81 St & Park Ave,7188,E 84 St & 1 Ave,7180,40.77677702,-73.9590097,40.77565541,-73.95068615,member
2084229,7DE1F94C0D1CEB57,classic_bike,2021-09-27 13:45:15,2021-09-27 13:52:18,E 81 St & Park Ave,7188,E 84 St & 1 Ave,7180,40.77677702,-73.9590097,40.77565541,-73.95068615,member
2084294,DB912A38FB4EE7AE,classic_bike,2021-09-22 16:56:20,2021-09-22 17:00:36,E 81 St & Park Ave,7188,E 84 St & 1 Ave,7180,40.77677702,-73.9590097,40.77565541,-73.95068615,member
2084341,2E02DC589AB0F9F8,classic_bike,2021-09-26 11:42:49,2021-09-26 11:47:23,E 81 St & Park Ave,7188,E 84 St & 1 Ave,7180,40.77677702,-73.9590097,40.77565541,-73.95068615,member
2084345,0AEB1014813BA341,classic_bike,2021-09-12 11:45:34,2021-09-12 11:50:30,E 81 St & Park Ave,7188,E 84 St & 1 Ave,7180,40.77677702,-73.9590097,40.77565541,-73.95068615,member
2084356,B60DCBCABB0E2493,classic_bike,2021-09-16 07:36:42,2021-09-16 07:41:11,E 81 St & Park Ave,7188,E 84 St & 1 Ave,7180,40.77677702,-73.9590097,40.77565541,-73.95068615,member
2085103,E9CFBD2731BB0C81,classic_bike,2021-09-11 09:59:30,2021-09-11 10:05:42,E 81 St & Park Ave,7188,E 84 St & 1 Ave,7180,40.77677702,-73.9590097,40.77565541,-73.95068615,member
2085113,63DA1C7EB8DC61B9,classic_bike,2021-09-06 19:18:45,2021-09-06 19:24:51,E 81 St & Park Ave,7188,E 84 St & 1 Ave,7180,40.77677702,-73.9590097,40.77565541,-73.95068615,member
2085115,A0007FE3F8187FCA,electric_bike,2021-09-18 00:15:53,2021-09-18 00:46:41,E 81 St & Park Ave,7188,E 84 St & 1 Ave,7180,40.77677702,-73.9590097,40.77565541,-73.95068615,member
2085124,B493397FD705F0FB,classic_bike,2021-09-10 09:41:18,2021-09-10 09:47:44,E 81 St & Park Ave,7188,E 84 St & 1 Ave,7180,40.77677702,-73.9590097,40.77565541,-73.95068615,member
2085173,C630F4602C65974A,classic_bike,2021-09-18 16:38:40,2021-09-18 19:14:33,E 81 St & Park Ave,7188,Plaza St East & Flatbush Ave,4010,40.77677702,-73.9590097,40.673134,-73.969106,casual
2086289,88A3BCBB6042B77A,classic_bike,2021-09-08 17:04:13,2021-09-08 17:26:03,Madison Ave & E 82 St,7188,W 45 St & 8 Ave,6676,40.7781314,-73.96069399,40.75929124,-73.98859651,member
2096550,10D979B24C770108,classic_bike,2021-09-06 16:33:05,2021-09-06 17:00:24,E 81 St & Park Ave,7188,1 Ave & E 39 St,6303,40.77677702,-73.9590097,40.74714,-73.97113,casual
2099055,C0DBCD48F409B0FE,classic_bike,2021-09-11 12:48:08,2021-09-11 12:59:31,Madison Ave & E 82 St,7188,E 91 St & 2 Ave,7286,40.7781314,-73.96069399,40.78115276427916,-73.94963040947914,member
2099111,950358DABDABD087,classic_bike,2021-09-04 17:14:42,2021-09-04 17:43:55,Madison Ave & E 82 St,7188,Columbus Ave & W 103 St,7595,40.7781314,-73.96069399,40.7969347,-73.9643412291,casual
2099593,1ED7E8DE9974BB35,classic_bike,2021-09-24 16:52:21,2021-09-24 16:58:15,Madison Ave & E 82 St,7188,E 91 St & 2 Ave,7286,40.7781314,-73.96069399,40.78115276427916,-73.94963040947914,casual
2099610,248C3A7ECC6B547B,classic_bike,2021-09-26 15:24:00,2021-09-26 15:33:36,Madison Ave & E 82 St,7188,E 91 St & 2 Ave,7286,40.7781314,-73.96069399,40.78115276427916,-73.94963040947914,member
2100538,B18BEDFCCCE866D7,electric_bike,2021-09-24 10:12:28,2021-09-24 10:59:09,Madison Ave & E 82 St,7188,Schermerhorn St & Bond St,4479,40.7781314,-73.96069399,40.688417427540834,-73.98451656103134,member
2101838,A1CD82EF764D034B,classic_bike,2021-09-26 15:24:13,2021-09-26 15:33:24,Madison Ave & E 82 St,7188,E 91 St & 2 Ave,7286,40.7781314,-73.96069399,40.78115276427916,-73.94963040947914,member
2102157,B3AAF34530E464A1,electric_bike,2021-09-13 12:34:50,2021-09-13 12:55:07,Madison Ave & E 82 St,7188,W 29 St & 9 Ave,6416,40.7781314,-73.96069399,40.7500727,-73.99839279,member
2111062,367E1FE4D86CCC74,classic_bike,2021-09-09 18:19:23,2021-09-09 19:05:23,E 81 St & Park Ave,7188,E 91 St & 2 Ave,7286,40.77677702,-73.9590097,40.78115276427916,-73.94963040947914,member
2114415,4F7099DBBA0BEFC4,classic_bike,2021-09-04 14:43:20,2021-09-04 14:50:49,Madison Ave & E 82 St,7188,E 91 St & 2 Ave,7286,40.7781314,-73.96069399,40.78115276427916,-73.94963040947914,member
2114524,AEC421F86F95B4EB,electric_bike,2021-09-30 10:25:42,2021-09-30 10:32:53,Madison Ave & E 82 St,7188,E 91 St & 2 Ave,7286,40.7781314,-73.96069399,40.78115276427916,-73.94963040947914,member
2115263,81DF513ACC484978,classic_bike,2021-09-25 19:15:55,2021-09-25 19:22:33,Madison Ave & E 82 St,7188,E 91 St & 2 Ave,7286,40.7781314,-73.96069399,40.78115276427916,-73.94963040947914,member
2115430,CBB64E006CD65CDF,classic_bike,2021-09-13 20:29:45,2021-09-13 21:39:35,Madison Ave & E 82 St,7188,E 91 St & 2 Ave,7286,40.7781314,-73.96069399,40.78115276427916,-73.94963040947914,member
2115462,FB8845EBB6058766,electric_bike,2021-09-11 17:23:32,2021-09-11 17:27:46,Madison Ave & E 82 St,7188,E 91 St & 2 Ave,7286,40.7781314,-73.96069399,40.78115276427916,-73.94963040947914,member
2121679,CC40CA1BF0EE41D0,classic_bike,2021-09-04 09:08:47,2021-09-04 09:28:55,E 81 St & Park Ave,7188,1 Ave & E 39 St,6303,40.77677702,-73.9590097,40.74714,-73.97113,member
2128195,F16DB0FF08D09442,classic_bike,2021-09-18 18:22:05,2021-09-18 18:29:50,E 81 St & Park Ave,7188,E 91 St & 2 Ave,7286,40.77677702,-73.9590097,40.78115276427916,-73.94963040947914,member
2128196,B7A9A4E8F90C6DB7,classic_bike,2021-09-07 22:35:13,2021-09-07 22:43:20,E 81 St & Park Ave,7188,E 91 St & 2 Ave,7286,40.77677702,-73.9590097,40.78115276427916,-73.94963040947914,casual
2136091,2527BF316544CE06,classic_bike,2021-09-18 15:48:24,2021-09-18 16:08:14,E 81 St & Park Ave,7188,E 114 St & 1 Ave,7540,40.77677702,-73.9590097,40.7945663,-73.9362541,member
2136097,335330E17BDF1B49,classic_bike,2021-09-09 17:12:07,2021-09-09 18:25:42,E 81 St & Park Ave,7188,1 Ave & E 6 St,5626,40.77677702,-73.9590097,40.72633085971696,-73.98616880178452,casual
2136100,673F1BFD6D7E604B,classic_bike,2021-09-09 17:11:20,2021-09-09 18:25:42,E 81 St & Park Ave,7188,1 Ave & E 6 St,5626,40.77677702,-73.9590097,40.72633085971696,-73.98616880178452,casual
2136127,328ACFB725FB03AD,electric_bike,2021-09-16 10:57:09,2021-09-16 10:59:27,E 81 St & Park Ave,7188,E 81 St & 2 Ave,7121,40.77677702,-73.9590097,40.77477944895728,-73.95427465438843,casual
2136695,F93BD056EB8C96E5,classic_bike,2021-09-23 18:42:02,2021-09-23 18:46:40,E 81 St & Park Ave,7188,E 81 St & 2 Ave,7121,40.77677702,-73.9590097,40.77477944895728,-73.95427465438843,member
2139937,1F7C76A21BAA87ED,electric_bike,2021-09-04 11:28:34,2021-09-04 11:40:43,Madison Ave & E 82 St,7188,E 48 St & 3 Ave,6541,40.7781314,-73.96069399,40.7546011026,-73.971878855,member
2140085,7E316ACDEF6FF71D,classic_bike,2021-09-25 18:24:18,2021-09-25 18:47:32,Madison Ave & E 82 St,7188,6 Ave & W 45 St,6593,40.7781314,-73.96069399,40.756951,-73.982631,casual
2140091,3F22A8D5340E6DFB,classic_bike,2021-09-19 10:38:45,2021-09-19 10:55:08,Madison Ave & E 82 St,7188,E 114 St & 1 Ave,7540,40.7781314,-73.96069399,40.7945663,-73.9362541,member
2140116,69D999DD05C5BA5C,classic_bike,2021-09-06 12:57:30,2021-09-06 13:25:31,Madison Ave & E 82 St,7188,Lafayette St & E 8 St,5788,40.7781314,-73.96069399,40.73020660529954,-73.99102628231049,member
2140134,5DDB82352A086C63,classic_bike,2021-09-03 20:58:29,2021-09-03 21:02:40,Madison Ave & E 82 St,7188,E 81 St & 2 Ave,7121,40.7781314,-73.96069399,40.77477944895728,-73.95427465438843,member
2140296,9F42CF999F5AB7E5,classic_bike,2021-09-19 10:12:18,2021-09-19 10:24:46,Madison Ave & E 82 St,7188,E 39 St & Lexington Ave,6389,40.7781314,-73.96069399,40.7494985460252,-73.97729203113158,member
2140301,E926149592259CE7,classic_bike,2021-09-26 14:54:34,2021-09-26 14:57:35,Madison Ave & E 82 St,7188,E 81 St & 2 Ave,7121,40.7781314,-73.96069399,40.77477944895728,-73.95427465438843,member
2141345,59327F994E4F317F,classic_bike,2021-09-14 13:18:53,2021-09-14 13:32:42,Madison Ave & E 82 St,7188,E 114 St & 1 Ave,7540,40.7781314,-73.96069399,40.7945663,-73.9362541,member
2141395,07FD01748FC286F0,electric_bike,2021-09-12 15:12:21,2021-09-12 15:41:02,Madison Ave & E 82 St,7188,6 Ave & W 45 St,6593,40.7781314,-73.96069399,40.756951,-73.982631,casual
2141404,036DB54394C31877,classic_bike,2021-09-22 07:55:39,2021-09-22 08:15:43,Madison Ave & E 82 St,7188,6 Ave & W 45 St,6593,40.7781314,-73.96069399,40.756951,-73.982631,member
2141408,3DE09BD2C06B372F,electric_bike,2021-09-11 21:08:10,2021-09-11 21:40:41,Madison Ave & E 82 St,7188,Lafayette St & E 8 St,5788,40.7781314,-73.96069399,40.73020660529954,-73.99102628231049,member
2141410,4C9A40CD06569E4E,classic_bike,2021-09-26 14:09:07,2021-09-26 14:33:49,Madison Ave & E 82 St,7188,Lafayette St & E 8 St,5788,40.7781314,-73.96069399,40.73020660529954,-73.99102628231049,member
2141414,FA1D767E4770BFAE,classic_bike,2021-09-14 21:48:21,2021-09-14 21:55:10,Madison Ave & E 82 St,7188,E 81 St & 2 Ave,7121,40.7781314,-73.96069399,40.77477944895728,-73.95427465438843,member
2151460,3038568B879686EA,classic_bike,2021-09-19 13:05:22,2021-09-19 13:20:32,E 81 St & Park Ave,7188,E 48 St & 3 Ave,6541,40.77677702,-73.9590097,40.7546011026,-73.971878855,member
2151464,C9570C767661EE24,classic_bike,2021-09-09 15:12:39,2021-09-09 15:29:20,E 81 St & Park Ave,7188,E 48 St & 3 Ave,6541,40.77677702,-73.9590097,40.7546011026,-73.971878855,member
2151511,01900FF0C250B5E4,classic_bike,2021-09-19 10:16:00,2021-09-19 11:18:00,E 81 St & Park Ave,7188,E 81 St & 2 Ave,7121,40.77677702,-73.9590097,40.77477944895728,-73.95427465438843,casual
2151514,1381CFAB1BFB6EA5,classic_bike,2021-09-18 15:14:15,2021-09-18 15:28:13,E 81 St & Park Ave,7188,E 48 St & 3 Ave,6541,40.77677702,-73.9590097,40.7546011026,-73.971878855,member
2162676,706B3A81F6BE76F9,classic_bike,2021-09-25 15:30:38,2021-09-25 15:59:01,Madison Ave & E 82 St,7188,6 Ave & W 45 St,6593,40.7781314,-73.96069399,40.756951,-73.982631,casual
2162677,1A85210B0E021C33,classic_bike,2021-09-25 16:24:47,2021-09-25 16:53:05,Madison Ave & E 82 St,7188,E 39 St & Lexington Ave,6389,40.7781314,-73.96069399,40.7494985460252,-73.97729203113158,casual
2162680,697792683A16A0EE,classic_bike,2021-09-18 12:04:47,2021-09-18 12:09:45,Madison Ave & E 82 St,7188,E 81 St & 2 Ave,7121,40.7781314,-73.96069399,40.77477944895728,-73.95427465438843,casual
2162687,1BB204357990A84A,classic_bike,2021-09-10 22:55:11,2021-09-10 23:11:02,Madison Ave & E 82 St,7188,2 Ave & E 122 St,7622,40.7781314,-73.96069399,40.8006721,-73.9349,member
2162695,28D6FC88A78EE797,classic_bike,2021-09-07 11:46:02,2021-09-07 11:51:24,Madison Ave & E 82 St,7188,E 81 St & 2 Ave,7121,40.7781314,-73.96069399,40.77477944895728,-73.95427465438843,member
2162720,954EC64C1E8E5E97,classic_bike,2021-09-17 18:46:51,2021-09-17 19:17:14,Madison Ave & E 82 St,7188,6 Ave & W 45 St,6593,40.7781314,-73.96069399,40.756951,-73.982631,member
2162731,D59158650FA0B730,classic_bike,2021-09-19 13:44:04,2021-09-19 14:28:13,Madison Ave & E 82 St,7188,Lafayette St & E 8 St,5788,40.7781314,-73.96069399,40.73020660529954,-73.99102628231049,member
2162737,C0893EC3D11DB6C3,electric_bike,2021-09-29 10:11:45,2021-09-29 10:17:22,Madison Ave & E 82 St,7188,E 81 St & 2 Ave,7121,40.7781314,-73.96069399,40.77477944895728,-73.95427465438843,member
2162769,06F2F7D28CD2BF50,classic_bike,2021-09-26 10:21:27,2021-09-26 10:24:27,Madison Ave & E 82 St,7188,E 81 St & 2 Ave,7121,40.7781314,-73.96069399,40.77477944895728,-73.95427465438843,casual
2162793,F0AEA19AEEDEAE15,classic_bike,2021-09-12 10:25:41,2021-09-12 10:30:29,Madison Ave & E 82 St,7188,E 81 St & 2 Ave,7121,40.7781314,-73.96069399,40.77477944895728,-73.95427465438843,member
2162810,C4CCA46F91FFE18F,classic_bike,2021-09-06 16:04:02,2021-09-06 16:09:51,Madison Ave & E 82 St,7188,E 81 St & 2 Ave,7121,40.7781314,-73.96069399,40.77477944895728,-73.95427465438843,casual
2162813,2A47ED8B25A14C0B,classic_bike,2021-09-02 20:44:36,2021-09-02 20:47:03,Madison Ave & E 82 St,7188,E 81 St & 2 Ave,7121,40.7781314,-73.96069399,40.77477944895728,-73.95427465438843,member
2162860,05B2EE4F247AB2A3,classic_bike,2021-09-19 10:38:40,2021-09-19 10:55:10,Madison Ave & E 82 St,7188,E 114 St & 1 Ave,7540,40.7781314,-73.96069399,40.7945663,-73.9362541,member
2162872,69988BD4557B92DA,classic_bike,2021-09-04 11:53:54,2021-09-04 12:13:03,Madison Ave & E 82 St,7188,E 39 St & Lexington Ave,6389,40.7781314,-73.96069399,40.7494985460252,-73.97729203113158,member
2162878,89C4FB6B5201A86D,classic_bike,2021-09-25 17:40:56,2021-09-25 17:50:14,Madison Ave & E 82 St,7188,E 81 St & 2 Ave,7121,40.7781314,-73.96069399,40.77477944895728,-73.95427465438843,member
2163129,1CBC90EFE8AA6BC8,classic_bike,2021-09-27 08:44:23,2021-09-27 08:55:40,Madison Ave & E 82 St,7188,E 48 St & 3 Ave,6541,40.7781314,-73.96069399,40.7546011026,-73.971878855,member
2163168,5F32217CC172B1D8,classic_bike,2021-09-16 18:23:24,2021-09-16 18:41:18,Madison Ave & E 82 St,7188,6 Ave & W 45 St,6593,40.7781314,-73.96069399,40.756951,-73.982631,member
2163170,EE28AFE3ABE15BCA,electric_bike,2021-09-26 14:08:53,2021-09-26 14:21:04,Madison Ave & E 82 St,7188,2 Ave & E 122 St,7622,40.7781314,-73.96069399,40.8006721,-73.9349,casual
2163958,E307C014FA052CBD,classic_bike,2021-09-22 16:17:57,2021-09-22 16:34:42,Madison Ave & E 82 St,7188,E 48 St & 3 Ave,6541,40.7781314,-73.96069399,40.7546011026,-73.971878855,member
2164021,EDDA3BE1F6D241B2,classic_bike,2021-09-30 12:15:11,2021-09-30 12:18:11,Madison Ave & E 82 St,7188,E 81 St & 2 Ave,7121,40.7781314,-73.96069399,40.77477944895728,-73.95427465438843,member
2164027,A604691A239C966F,classic_bike,2021-09-25 17:52:32,2021-09-25 18:15:02,Madison Ave & E 82 St,7188,E 48 St & 3 Ave,6541,40.7781314,-73.96069399,40.7546011026,-73.971878855,casual
2164035,7837D9EFA47ED8B1,classic_bike,2021-09-12 10:25:19,2021-09-12 10:30:31,Madison Ave & E 82 St,7188,E 81 St & 2 Ave,7121,40.7781314,-73.96069399,40.77477944895728,-73.95427465438843,member
2164487,FC65A17BB6DD7105,electric_bike,2021-09-26 11:10:21,2021-09-26 11:22:17,Madison Ave & E 82 St,7188,E 48 St & 3 Ave,6541,40.7781314,-73.96069399,40.7546011026,-73.971878855,member
2164498,84A74B2C2411345B,classic_bike,2021-09-21 12:49:38,2021-09-21 12:54:23,Madison Ave & E 82 St,7188,E 81 St & 2 Ave,7121,40.7781314,-73.96069399,40.77477944895728,-73.95427465438843,casual
2169040,065AFC559BFD444A,classic_bike,2021-09-15 07:40:37,2021-09-15 08:05:00,Madison Ave & E 82 St,7188,6 Ave & W 45 St,6593,40.7781314,-73.96069399,40.756951,-73.982631,member
2169043,234D93BE0F61BC25,classic_bike,2021-09-12 16:15:47,2021-09-12 16:31:25,Madison Ave & E 82 St,7188,E 48 St & 3 Ave,6541,40.7781314,-73.96069399,40.7546011026,-73.971878855,member
2169059,2E9628272C386B59,classic_bike,2021-09-20 23:00:35,2021-09-20 23:06:07,Madison Ave & E 82 St,7188,E 81 St & 2 Ave,7121,40.7781314,-73.96069399,40.77477944895728,-73.95427465438843,member
2170312,78586816AC39A14B,electric_bike,2021-09-21 09:29:39,2021-09-21 09:33:43,Madison Ave & E 82 St,7188,E 81 St & 2 Ave,7121,40.7781314,-73.96069399,40.77477944895728,-73.95427465438843,member
2170314,ED523BDA21036A1C,classic_bike,2021-09-11 14:35:25,2021-09-11 15:02:59,Madison Ave & E 82 St,7188,E 81 St & 2 Ave,7121,40.7781314,-73.96069399,40.77477944895728,-73.95427465438843,member
2170316,A326D373F78B4938,classic_bike,2021-09-17 16:14:21,2021-09-17 16:35:30,Madison Ave & E 82 St,7188,E 114 St & 1 Ave,7540,40.7781314,-73.96069399,40.7945663,-73.9362541,casual
2170332,4FECB7552897BA69,classic_bike,2021-09-24 16:21:36,2021-09-24 16:31:09,Madison Ave & E 82 St,7188,E 81 St & 2 Ave,7121,40.7781314,-73.96069399,40.77477944895728,-73.95427465438843,casual
2170727,6FB44283AADB5B25,classic_bike,2021-09-10 18:37:39,2021-09-10 18:40:04,E 81 St & Park Ave,7188,E 81 St & 2 Ave,7121,40.77677702,-73.9590097,40.77477944895728,-73.95427465438843,casual
2171974,AD79D7A7FA0C7882,classic_bike,2021-09-08 09:38:52,2021-09-08 10:01:48,Madison Ave & E 82 St,7188,Grand Army Plaza & Central Park S,6839,40.7781314,-73.96069399,40.7643971,-73.97371465,member
2171979,131E14CC43391CDE,electric_bike,2021-09-11 09:39:41,2021-09-11 09:47:34,Madison Ave & E 82 St,7188,Grand Army Plaza & Central Park S,6839,40.7781314,-73.96069399,40.7643971,-73.97371465,member
2172333,9AEE15FAACBD6769,classic_bike,2021-09-08 07:28:07,2021-09-08 07:41:18,E 81 St & Park Ave,7188,E 53 St & Lexington Ave,6617,40.77677702,-73.9590097,40.75828065,-73.97069431,member
2172881,E9BE77EA967D93D6,classic_bike,2021-09-24 16:17:31,2021-09-24 16:39:01,Madison Ave & E 82 St,7188,E 114 St & 1 Ave,7540,40.7781314,-73.96069399,40.7945663,-73.9362541,casual
2174354,9B8A9BA810C04BB1,electric_bike,2021-09-05 15:07:12,2021-09-05 15:24:47,Madison Ave & E 82 St,7188,W 51 St & Rockefeller Plaza,6700,40.7781314,-73.96069399,40.75969995906254,-73.97808194160461,casual
2174412,05E094BACB34CB3A,classic_bike,2021-09-22 11:47:41,2021-09-22 11:58:48,Madison Ave & E 82 St,7188,Grand Army Plaza & Central Park S,6839,40.7781314,-73.96069399,40.7643971,-73.97371465,member
2174415,C6B59FCF5AA40964,classic_bike,2021-09-17 18:42:22,2021-09-17 18:54:57,Madison Ave & E 82 St,7188,W 51 St & Rockefeller Plaza,6700,40.7781314,-73.96069399,40.75973805251143,-73.97811613976955,member
2174473,4A94D231A2EFA319,classic_bike,2021-09-06 14:29:22,2021-09-06 14:59:04,Madison Ave & E 82 St,7188,Grand Army Plaza & Central Park S,6839,40.7781314,-73.96069399,40.7643971,-73.97371465,casual
2174528,1868618631FF15F3,classic_bike,2021-09-16 16:02:25,2021-09-16 16:11:17,Madison Ave & E 82 St,7188,Grand Army Plaza & Central Park S,6839,40.7781314,-73.96069399,40.7643971,-73.97371465,member
2174836,01D75B74F87438AD,classic_bike,2021-09-29 08:12:54,2021-09-29 08:26:39,E 81 St & Park Ave,7188,W 51 St & Rockefeller Plaza,6700,40.77677702,-73.9590097,40.75973805251143,-73.97811613976955,member
2174839,E7148F5883DECDE3,classic_bike,2021-09-09 11:34:57,2021-09-09 11:48:53,E 81 St & Park Ave,7188,E 53 St & Lexington Ave,6617,40.77677702,-73.9590097,40.75828065,-73.97069431,member
2174860,39BDB6CFF78E73B0,electric_bike,2021-09-14 11:14:28,2021-09-14 11:23:23,E 81 St & Park Ave,7188,Grand Army Plaza & Central Park S,6839,40.77677702,-73.9590097,40.7643971,-73.97371465,casual
2174861,118E56FF503253BB,classic_bike,2021-09-06 11:55:23,2021-09-06 12:06:21,E 81 St & Park Ave,7188,Grand Army Plaza & Central Park S,6839,40.77677702,-73.9590097,40.7643971,-73.97371465,member
2174863,20CBCF00A2127AFE,classic_bike,2021-09-08 08:06:23,2021-09-08 08:20:12,E 81 St & Park Ave,7188,W 51 St & Rockefeller Plaza,6700,40.77677702,-73.9590097,40.75969995906254,-73.97808194160461,member
2174867,E3C9215A68F2A5B5,classic_bike,2021-09-14 19:14:08,2021-09-14 19:26:49,E 81 St & Park Ave,7188,Grand Army Plaza & Central Park S,6839,40.77677702,-73.9590097,40.7643971,-73.97371465,casual
2174870,BCE93904F3CB252C,classic_bike,2021-09-05 10:37:34,2021-09-05 10:55:24,E 81 St & Park Ave,7188,W 51 St & Rockefeller Plaza,6700,40.77677702,-73.9590097,40.75969995906254,-73.97808194160461,member
2174906,6C5A78E0D44F7DEB,electric_bike,2021-09-22 10:41:36,2021-09-22 10:54:14,E 81 St & Park Ave,7188,E 53 St & Lexington Ave,6617,40.77677702,-73.9590097,40.75828065,-73.97069431,member
2175301,B1EAB5218B6D4BE0,classic_bike,2021-09-24 16:48:21,2021-09-24 16:57:22,E 81 St & Park Ave,7188,Grand Army Plaza & Central Park S,6839,40.77677702,-73.9590097,40.7643971,-73.97371465,member
2175335,86EF9FA6318E8957,classic_bike,2021-09-29 14:30:29,2021-09-29 14:48:48,E 81 St & Park Ave,7188,E 53 St & Lexington Ave,6617,40.77677702,-73.9590097,40.75828065,-73.97069431,casual
2175347,714D0BAFD0B22094,classic_bike,2021-09-30 07:35:47,2021-09-30 07:46:19,E 81 St & Park Ave,7188,E 53 St & Lexington Ave,6617,40.77677702,-73.9590097,40.75828065,-73.97069431,member
2175362,9FDAD162443D7853,classic_bike,2021-09-27 16:28:11,2021-09-27 16:36:48,E 81 St & Park Ave,7188,Grand Army Plaza & Central Park S,6839,40.77677702,-73.9590097,40.7643971,-73.97371465,member
2175366,A271DF4F9AEDF169,classic_bike,2021-09-24 18:21:22,2021-09-24 19:03:30,E 81 St & Park Ave,7188,Forsyth St & Broome St,5453,40.77677702,-73.9590097,40.71893904,-73.99266288,casual
2175394,CF2B93E9A291F7FB,classic_bike,2021-09-19 16:05:11,2021-09-19 17:33:47,E 81 St & Park Ave,7188,Grand Army Plaza & Central Park S,6839,40.77677702,-73.9590097,40.7643971,-73.97371465,casual
2179752,DEB88824F9D6D47F,classic_bike,2021-09-15 16:19:56,2021-09-15 16:28:23,E 81 St & Park Ave,7188,Grand Army Plaza & Central Park S,6839,40.77677702,-73.9590097,40.7643971,-73.97371465,member
2179754,4942F0957210CC03,classic_bike,2021-09-26 16:34:58,2021-09-26 17:23:26,E 81 St & Park Ave,7188,Grand Army Plaza & Central Park S,6839,40.77677702,-73.9590097,40.7643971,-73.97371465,casual
2179763,708FE0F40DE8EDAA,classic_bike,2021-09-20 14:50:45,2021-09-20 15:08:59,E 81 St & Park Ave,7188,W 51 St & Rockefeller Plaza,6700,40.77677702,-73.9590097,40.75973805251143,-73.97811613976955,member
2179768,2DB526F72526A893,classic_bike,2021-09-07 12:45:34,2021-09-07 13:03:34,E 81 St & Park Ave,7188,E 53 St & Lexington Ave,6617,40.77677702,-73.9590097,40.75828065,-73.97069431,member
2179769,723A05044322489B,classic_bike,2021-09-27 10:28:28,2021-09-27 10:41:17,E 81 St & Park Ave,7188,E 53 St & Lexington Ave,6617,40.77677702,-73.9590097,40.75828065,-73.97069431,casual
2179770,E0D3C92AFF28239A,classic_bike,2021-09-06 11:51:22,2021-09-06 12:11:15,E 81 St & Park Ave,7188,W 51 St & Rockefeller Plaza,6700,40.77677702,-73.9590097,40.75969995906254,-73.97808194160461,member
2179777,689A840C4D80A1C1,electric_bike,2021-09-10 13:12:37,2021-09-10 13:19:52,E 81 St & Park Ave,7188,Grand Army Plaza & Central Park S,6839,40.77677702,-73.9590097,40.7643971,-73.97371465,member
2179786,10261814E7D09FAC,electric_bike,2021-09-02 17:08:03,2021-09-02 17:16:28,E 81 St & Park Ave,7188,Grand Army Plaza & Central Park S,6839,40.77677702,-73.9590097,40.7643971,-73.97371465,member
2179791,8556F10C23023931,classic_bike,2021-09-06 11:55:05,2021-09-06 12:11:18,E 81 St & Park Ave,7188,W 51 St & Rockefeller Plaza,6700,40.77677702,-73.9590097,40.75969995906254,-73.97808194160461,member
2179793,3243A57B894D95E8,electric_bike,2021-09-06 08:46:27,2021-09-06 12:36:35,E 81 St & Park Ave,7188,Grand Army Plaza & Central Park S,6839,40.77677702,-73.9590097,40.7643971,-73.97371465,member
2179800,B8096B7062C342F7,classic_bike,2021-09-26 16:35:00,2021-09-26 17:23:40,E 81 St & Park Ave,7188,Grand Army Plaza & Central Park S,6839,40.77677702,-73.9590097,40.7643971,-73.97371465,casual
2182550,3EA4B9E6D4365457,classic_bike,2021-09-17 08:48:53,2021-09-17 09:00:16,E 81 St & Park Ave,7188,W 51 St & Rockefeller Plaza,6700,40.77677702,-73.9590097,40.75973805251143,-73.97811613976955,member
2183832,C80ECB573DCFC065,classic_bike,2021-09-05 14:28:48,2021-09-05 14:47:11,Madison Ave & E 82 St,7188,Grand Army Plaza & Central Park S,6839,40.7781314,-73.96069399,40.7643971,-73.97371465,casual
2183834,6A05526D5E2DABB6,classic_bike,2021-09-17 16:38:36,2021-09-17 16:50:25,Madison Ave & E 82 St,7188,Grand Army Plaza & Central Park S,6839,40.7781314,-73.96069399,40.7643971,-73.97371465,casual
2183850,5802AE0259264995,classic_bike,2021-09-25 17:41:28,2021-09-25 18:00:08,Madison Ave & E 82 St,7188,Grand Army Plaza & Central Park S,6839,40.7781314,-73.96069399,40.7643971,-73.97371465,casual
2183869,4CAEEA88DF4FDB72,electric_bike,2021-09-02 09:46:00,2021-09-02 09:57:43,Madison Ave & E 82 St,7188,Grand Army Plaza & Central Park S,6839,40.7781314,-73.96069399,40.7643971,-73.97371465,member
2183880,A9C10FB54A8364A2,classic_bike,2021-09-23 15:15:24,2021-09-23 15:26:38,Madison Ave & E 82 St,7188,Grand Army Plaza & Central Park S,6839,40.7781314,-73.96069399,40.7643971,-73.97371465,member
2183887,94B466A1DD73F658,classic_bike,2021-09-15 08:38:44,2021-09-15 08:53:21,Madison Ave & E 82 St,7188,W 51 St & Rockefeller Plaza,6700,40.7781314,-73.96069399,40.75973805251143,-73.97811613976955,member
2183890,91226D55892BEF78,electric_bike,2021-09-24 09:23:46,2021-09-24 09:33:35,Madison Ave & E 82 St,7188,W 51 St & Rockefeller Plaza,6700,40.7781314,-73.96069399,40.75973805251143,-73.97811613976955,member
2183906,40B382CBAC9D8E68,electric_bike,2021-09-15 12:42:32,2021-09-15 13:13:56,Madison Ave & E 82 St,7188,Grand Army Plaza & Central Park S,6839,40.7781314,-73.96069399,40.7643971,-73.97371465,member
2183939,A2C6A17A81112AB9,classic_bike,2021-09-27 12:29:12,2021-09-27 12:40:04,Madison Ave & E 82 St,7188,Grand Army Plaza & Central Park S,6839,40.7781314,-73.96069399,40.7643971,-73.97371465,member
2183960,1B7D7863F2613362,electric_bike,2021-09-12 09:19:53,2021-09-12 10:02:32,Madison Ave & E 82 St,7188,Forsyth St & Broome St,5453,40.7781314,-73.96069399,40.71893904,-73.99266288,casual
2183971,1BCCA14F64D10280,classic_bike,2021-09-20 12:06:09,2021-09-20 12:26:02,Madison Ave & E 82 St,7188,E 53 St & Lexington Ave,6617,40.7781314,-73.96069399,40.75828065,-73.97069431,casual
2183973,18B56DAFA5FCCC62,classic_bike,2021-09-26 12:41:59,2021-09-26 13:06:49,Madison Ave & E 82 St,7188,Grand Army Plaza & Central Park S,6839,40.7781314,-73.96069399,40.7643971,-73.97371465,casual
2183976,3EDB9E097476439E,classic_bike,2021-09-18 17:21:23,2021-09-18 17:44:01,Madison Ave & E 82 St,7188,E 53 St & Lexington Ave,6617,40.7781314,-73.96069399,40.75828065,-73.97069431,casual
2183980,F737584104CFC0C7,electric_bike,2021-09-18 11:50:48,2021-09-18 12:00:38,Madison Ave & E 82 St,7188,Grand Army Plaza & Central Park S,6839,40.7781314,-73.96069399,40.7643971,-73.97371465,member
2183983,CA4F72038215C2B6,classic_bike,2021-09-20 08:56:13,2021-09-20 09:08:34,Madison Ave & E 82 St,7188,W 51 St & Rockefeller Plaza,6700,40.7781314,-73.96069399,40.75973805251143,-73.97811613976955,member
2183985,137EA5AD0FA7BA70,classic_bike,2021-09-05 14:29:38,2021-09-05 14:47:13,Madison Ave & E 82 St,7188,Grand Army Plaza & Central Park S,6839,40.7781314,-73.96069399,40.7643971,-73.97371465,casual
2184003,F35B871DE47C2239,classic_bike,2021-09-26 15:50:50,2021-09-26 16:19:18,Madison Ave & E 82 St,7188,Grand Army Plaza & Central Park S,6839,40.7781314,-73.96069399,40.7643971,-73.97371465,casual
2184007,096128BB7CCC778F,classic_bike,2021-09-18 14:18:26,2021-09-18 15:11:28,Madison Ave & E 82 St,7188,Grand Army Plaza & Central Park S,6839,40.7781314,-73.96069399,40.7643971,-73.97371465,casual
2184010,33FB3361ED748D11,classic_bike,2021-09-15 15:09:44,2021-09-15 15:30:45,Madison Ave & E 82 St,7188,Grand Army Plaza & Central Park S,6839,40.7781314,-73.96069399,40.7643971,-73.97371465,casual
2184025,AD456CF26762393B,classic_bike,2021-09-26 13:34:44,2021-09-26 14:42:08,Madison Ave & E 82 St,7188,Grand Army Plaza & Central Park S,6839,40.7781314,-73.96069399,40.7643971,-73.97371465,casual
2184026,AE001510FC01E3D8,classic_bike,2021-09-18 19:00:26,2021-09-18 19:07:59,Madison Ave & E 82 St,7188,Grand Army Plaza & Central Park S,6839,40.7781314,-73.96069399,40.7643971,-73.97371465,casual
2184033,CA30C429FCD75029,classic_bike,2021-09-05 16:02:34,2021-09-05 16:18:25,Madison Ave & E 82 St,7188,Grand Army Plaza & Central Park S,6839,40.7781314,-73.96069399,40.7643971,-73.97371465,member
2184629,FD24611215204CF7,classic_bike,2021-09-05 14:29:48,2021-09-05 14:47:12,Madison Ave & E 82 St,7188,Grand Army Plaza & Central Park S,6839,40.7781314,-73.96069399,40.7643971,-73.97371465,casual
2184658,EF51226A4F49173A,classic_bike,2021-09-25 17:43:04,2021-09-25 17:59:08,Madison Ave & E 82 St,7188,Grand Army Plaza & Central Park S,6839,40.7781314,-73.96069399,40.7643971,-73.97371465,casual
2184696,900F2CFE47BF1F8E,classic_bike,2021-09-15 17:36:55,2021-09-15 18:13:34,Madison Ave & E 82 St,7188,31 Ave & Crescent St,6893,40.7781314,-73.96069399,40.7658346,-73.9265474,member
2184700,07DF079BB0E16975,classic_bike,2021-09-12 10:58:10,2021-09-12 11:18:42,Madison Ave & E 82 St,7188,Grand Army Plaza & Central Park S,6839,40.7781314,-73.96069399,40.7643971,-73.97371465,member
2184908,E6B0353AE1EE4628,classic_bike,2021-09-12 15:19:49,2021-09-12 15:42:48,Madison Ave & E 82 St,7188,E 53 St & Lexington Ave,6617,40.7781314,-73.96069399,40.75828065,-73.97069431,member
2184909,F8E1F35F60982528,classic_bike,2021-09-15 07:37:03,2021-09-15 07:49:02,Madison Ave & E 82 St,7188,E 53 St & Lexington Ave,6617,40.7781314,-73.96069399,40.75828065,-73.97069431,member
2184910,7BFD85D6401A8C19,classic_bike,2021-09-20 07:33:29,2021-09-20 07:45:11,Madison Ave & E 82 St,7188,E 53 St & Lexington Ave,6617,40.7781314,-73.96069399,40.75828065,-73.97069431,member
2184919,158CF0E3F2A768C1,electric_bike,2021-09-03 12:41:50,2021-09-03 12:51:01,Madison Ave & E 82 St,7188,Grand Army Plaza & Central Park S,6839,40.7781314,-73.96069399,40.7643971,-73.97371465,member
2185021,1CA7F22B3C30FCE2,docked_bike,2021-09-23 15:49:07,2021-09-23 16:30:32,Madison Ave & E 82 St,7188,Grand Army Plaza & Central Park S,6839,40.778131,-73.960694,40.764397,-73.973715,casual
2185026,4B1AE8AD2955CBA9,classic_bike,2021-09-25 17:43:18,2021-09-25 18:08:04,Madison Ave & E 82 St,7188,Grand Army Plaza & Central Park S,6839,40.7781314,-73.96069399,40.7643971,-73.97371465,casual
2185049,00C1514211E51C2A,classic_bike,2021-09-01 14:29:21,2021-09-01 14:41:58,Madison Ave & E 82 St,7188,W 51 St & Rockefeller Plaza,6700,40.7781314,-73.96069399,40.75969995906254,-73.97808194160461,member
2185114,3950787669925B08,classic_bike,2021-09-26 12:42:20,2021-09-26 13:06:54,Madison Ave & E 82 St,7188,Grand Army Plaza & Central Park S,6839,40.7781314,-73.96069399,40.7643971,-73.97371465,casual
2185116,77EA361D8019C988,classic_bike,2021-09-03 18:33:46,2021-09-03 18:53:02,Madison Ave & E 82 St,7188,W 51 St & Rockefeller Plaza,6700,40.7781314,-73.96069399,40.75969995906254,-73.97808194160461,casual
2185118,B376A6289E37FB6D,classic_bike,2021-09-25 18:03:34,2021-09-25 18:53:27,Madison Ave & E 82 St,7188,Grand Army Plaza & Central Park S,6839,40.7781314,-73.96069399,40.7643971,-73.97371465,casual
2185122,4852601971EA5C85,classic_bike,2021-09-12 15:33:02,2021-09-12 15:47:23,Madison Ave & E 82 St,7188,Grand Army Plaza & Central Park S,6839,40.7781314,-73.96069399,40.7643971,-73.97371465,member
2185128,B0CB6E3EAE4DC527,electric_bike,2021-09-02 10:04:47,2021-09-02 10:15:36,Madison Ave & E 82 St,7188,E 53 St & Lexington Ave,6617,40.7781314,-73.96069399,40.75828065,-73.97069431,casual
2185162,905D367F1671AFD7,classic_bike,2021-09-05 17:00:37,2021-09-05 17:39:49,Madison Ave & E 82 St,7188,Forsyth St & Broome St,5453,40.7781314,-73.96069399,40.71893904,-73.99266288,member
2197419,422036CCA103F48F,electric_bike,2021-09-17 16:17:35,2021-09-17 16:31:29,Madison Ave & E 82 St,7188,W 51 St & Rockefeller Plaza,6700,40.7781314,-73.96069399,40.75973805251143,-73.97811613976955,member
2197432,B103CBFA9BE75058,classic_bike,2021-09-17 18:08:25,2021-09-17 18:25:38,Madison Ave & E 82 St,7188,W 51 St & Rockefeller Plaza,6700,40.7781314,-73.96069399,40.75973805251143,-73.97811613976955,casual
2197436,5C8067C4611F751C,electric_bike,2021-09-22 12:29:29,2021-09-22 12:39:49,Madison Ave & E 82 St,7188,E 53 St & Lexington Ave,6617,40.7781314,-73.96069399,40.75828065,-73.97069431,member
2197458,8D0EF11281260AA8,classic_bike,2021-09-26 15:50:53,2021-09-26 16:19:13,Madison Ave & E 82 St,7188,Grand Army Plaza & Central Park S,6839,40.7781314,-73.96069399,40.7643971,-73.97371465,casual
2197459,19A36E8DB456CF89,classic_bike,2021-09-27 15:47:48,2021-09-27 16:02:02,Madison Ave & E 82 St,7188,W 51 St & Rockefeller Plaza,6700,40.7781314,-73.96069399,40.75973805251143,-73.97811613976955,casual
2197467,9DB6E37FE2569333,classic_bike,2021-09-18 14:19:06,2021-09-18 15:12:02,Madison Ave & E 82 St,7188,Grand Army Plaza & Central Park S,6839,40.7781314,-73.96069399,40.7643971,-73.97371465,casual
2197470,8FB93920A911B58A,electric_bike,2021-09-14 18:11:54,2021-09-14 18:20:19,Madison Ave & E 82 St,7188,Grand Army Plaza & Central Park S,6839,40.7781314,-73.96069399,40.7643971,-73.97371465,casual
2197485,F84FC72ED2D4B2A7,classic_bike,2021-09-12 08:31:50,2021-09-12 08:43:44,Madison Ave & E 82 St,7188,Grand Army Plaza & Central Park S,6839,40.7781314,-73.96069399,40.7643971,-73.97371465,member
2197530,03C2392600B6DBC3,classic_bike,2021-09-19 14:58:45,2021-09-19 15:16:59,Madison Ave & E 82 St,7188,W 51 St & Rockefeller Plaza,6700,40.7781314,-73.96069399,40.75973805251143,-73.97811613976955,casual
2197542,1C8F2279B083D796,electric_bike,2021-09-15 08:50:46,2021-09-15 09:01:32,Madison Ave & E 82 St,7188,W 51 St & Rockefeller Plaza,6700,40.7781314,-73.96069399,40.75973805251143,-73.97811613976955,member
2197555,DBC1BAC3D4C9C3C4,docked_bike,2021-09-23 15:49:47,2021-09-23 16:30:24,Madison Ave & E 82 St,7188,Grand Army Plaza & Central Park S,6839,40.778131,-73.960694,40.764397,-73.973715,casual
2197556,231D73B7C7200941,classic_bike,2021-09-18 17:24:06,2021-09-18 17:44:01,Madison Ave & E 82 St,7188,E 53 St & Lexington Ave,6617,40.7781314,-73.96069399,40.75828065,-73.97069431,casual
2197565,4588B9FE9C1F07CC,classic_bike,2021-09-10 20:36:38,2021-09-10 20:45:35,Madison Ave & E 82 St,7188,W 51 St & Rockefeller Plaza,6700,40.7781314,-73.96069399,40.75973805251143,-73.97811613976955,member
2197568,E7F301DF73BCDF52,classic_bike,2021-09-18 19:00:09,2021-09-18 19:08:00,Madison Ave & E 82 St,7188,Grand Army Plaza & Central Park S,6839,40.7781314,-73.96069399,40.7643971,-73.97371465,member
2197572,27D98C3F93A25459,electric_bike,2021-09-29 10:25:08,2021-09-29 10:32:29,Madison Ave & E 82 St,7188,Grand Army Plaza & Central Park S,6839,40.7781314,-73.96069399,40.7643971,-73.97371465,member
2197575,0E46561F4E2D1E90,electric_bike,2021-09-30 09:30:59,2021-09-30 09:41:04,Madison Ave & E 82 St,7188,Grand Army Plaza & Central Park S,6839,40.7781314,-73.96069399,40.7643971,-73.97371465,member
2197587,4FCD39DE7A3A70B3,electric_bike,2021-09-17 09:43:57,2021-09-17 09:50:42,Madison Ave & E 82 St,7188,Grand Army Plaza & Central Park S,6839,40.7781314,-73.96069399,40.7643971,-73.97371465,casual
2197588,4236B3FA1FC557AB,classic_bike,2021-09-25 17:44:11,2021-09-25 17:59:02,Madison Ave & E 82 St,7188,Grand Army Plaza & Central Park S,6839,40.7781314,-73.96069399,40.7643971,-73.97371465,casual
2197594,850F98EE37280C94,classic_bike,2021-09-25 17:43:41,2021-09-25 18:00:03,Madison Ave & E 82 St,7188,Grand Army Plaza & Central Park S,6839,40.7781314,-73.96069399,40.7643971,-73.97371465,casual
2197642,78262AA30A78970E,classic_bike,2021-09-15 15:09:58,2021-09-15 15:30:47,Madison Ave & E 82 St,7188,Grand Army Plaza & Central Park S,6839,40.7781314,-73.96069399,40.7643971,-73.97371465,casual
2197644,9DEF9F182462226C,classic_bike,2021-09-24 16:33:54,2021-09-24 16:50:19,Madison Ave & E 82 St,7188,Grand Army Plaza & Central Park S,6839,40.7781314,-73.96069399,40.7643971,-73.97371465,casual
2198005,024ECE54602526E1,classic_bike,2021-09-17 16:37:57,2021-09-17 16:49:57,Madison Ave & E 82 St,7188,Grand Army Plaza & Central Park S,6839,40.7781314,-73.96069399,40.7643971,-73.97371465,casual
2198006,94D33DB2F273786E,classic_bike,2021-09-05 15:07:30,2021-09-05 15:24:28,Madison Ave & E 82 St,7188,W 51 St & Rockefeller Plaza,6700,40.7781314,-73.96069399,40.75969995906254,-73.97808194160461,casual
2198014,603362EABE99DB05,electric_bike,2021-09-28 07:50:50,2021-09-28 08:03:11,Madison Ave & E 82 St,7188,E 53 St & Lexington Ave,6617,40.7781314,-73.96069399,40.75828065,-73.97069431,member
2198018,E30879041EFE9691,electric_bike,2021-09-11 18:23:13,2021-09-11 18:35:01,Madison Ave & E 82 St,7188,Grand Army Plaza & Central Park S,6839,40.7781314,-73.96069399,40.7643971,-73.97371465,casual
2198024,55B536EBF81C4C4E,classic_bike,2021-09-17 15:26:05,2021-09-17 16:04:57,Madison Ave & E 82 St,7188,W 51 St & Rockefeller Plaza,6700,40.7781314,-73.96069399,40.75973805251143,-73.97811613976955,casual
2198032,75C1257AB9597DEE,classic_bike,2021-09-22 11:19:31,2021-09-22 11:27:29,Madison Ave & E 82 St,7188,Grand Army Plaza & Central Park S,6839,40.7781314,-73.96069399,40.7643971,-73.97371465,casual
2198042,07213CD573AEE890,classic_bike,2021-09-06 14:29:01,2021-09-06 14:58:58,Madison Ave & E 82 St,7188,Grand Army Plaza & Central Park S,6839,40.7781314,-73.96069399,40.7643971,-73.97371465,casual
2198220,54E408B3042EAA79,classic_bike,2021-09-19 14:59:04,2021-09-19 15:17:01,Madison Ave & E 82 St,7188,W 51 St & Rockefeller Plaza,6700,40.7781314,-73.96069399,40.75973805251143,-73.97811613976955,casual
2200027,D46CEB31C2576007,electric_bike,2021-09-23 08:52:26,2021-09-23 09:03:37,Madison Ave & E 82 St,7188,W 48 St & Rockefeller Plaza,6667,40.7781314,-73.96069399,40.75793646243674,-73.97960275411606,member
2200068,F062B0A509D2EB6E,classic_bike,2021-09-20 09:41:01,2021-09-20 09:54:37,E 81 St & Park Ave,7188,W 48 St & Rockefeller Plaza,6667,40.77677702,-73.9590097,40.75793646243674,-73.97960275411606,member
2200238,0CB03C2CB45C1D71,electric_bike,2021-09-09 14:20:58,2021-09-09 14:51:43,Madison Ave & E 82 St,7188,W 44 St & 11 Ave,6756,40.7781314,-73.96069399,40.762009,-73.996975,member
2200245,CC9B49D23B965BB0,classic_bike,2021-09-27 16:10:24,2021-09-27 17:00:07,Madison Ave & E 82 St,7188,W 44 St & 11 Ave,6756,40.7781314,-73.96069399,40.762009,-73.996975,member
2200267,A5C86096ADEBCC61,electric_bike,2021-09-22 07:39:11,2021-09-22 07:55:19,Madison Ave & E 82 St,7188,Queens Plaza North & Crescent St,6429,40.7781314,-73.96069399,40.75110165,-73.94073717,member
2203690,4F3286D976973E86,electric_bike,2021-09-05 11:33:05,2021-09-05 11:47:24,Madison Ave & E 82 St,7188,W 44 St & 11 Ave,6756,40.7781314,-73.96069399,40.762009,-73.996975,member
2203735,DA0721EF618166B2,classic_bike,2021-09-03 16:12:35,2021-09-03 16:37:19,Madison Ave & E 82 St,7188,W 44 St & 11 Ave,6756,40.7781314,-73.96069399,40.762009,-73.996975,member
2203736,87C1B03C5499CA8D,classic_bike,2021-09-25 14:47:19,2021-09-25 15:06:48,Madison Ave & E 82 St,7188,W 44 St & 11 Ave,6756,40.7781314,-73.96069399,40.762009,-73.996975,member
2205464,F64F5018BB3F0E62,classic_bike,2021-09-15 07:26:15,2021-09-15 07:38:36,Madison Ave & E 82 St,7188,Lenox Ave & W 115 St,7627,40.7781314,-73.96069399,40.8011939,-73.9500739,member
2205465,C8121D8C3A1985AB,classic_bike,2021-09-17 07:30:19,2021-09-17 07:45:46,Madison Ave & E 82 St,7188,Lenox Ave & W 115 St,7627,40.7781314,-73.96069399,40.8011939,-73.9500739,member
2210994,1E160FFABD523FCD,classic_bike,2021-09-30 08:48:23,2021-09-30 09:02:32,Madison Ave & E 82 St,7188,W 48 St & Rockefeller Plaza,6667,40.7781314,-73.96069399,40.75793646243674,-73.97960275411606,member
2210996,464403BD64C16EF2,classic_bike,2021-09-03 13:00:20,2021-09-03 13:16:11,Madison Ave & E 82 St,7188,Lenox Ave & W 115 St,7627,40.7781314,-73.96069399,40.8011939,-73.9500739,casual
2211005,7575B573B59DD3E1,classic_bike,2021-09-27 07:57:59,2021-09-27 08:10:49,Madison Ave & E 82 St,7188,W 48 St & Rockefeller Plaza,6667,40.7781314,-73.96069399,40.75793646243674,-73.97960275411606,member
2211047,114B5EC651D01896,electric_bike,2021-09-21 15:18:25,2021-09-21 16:19:01,Madison Ave & E 82 St,7188,Carroll St & 6 Ave,4019,40.7781314,-73.96069399,40.6740886,-73.9787282,member
2211421,87AE5D2CF47309A6,electric_bike,2021-09-02 17:00:53,2021-09-02 17:25:16,Madison Ave & E 82 St,7188,Queens Plaza North & Crescent St,6429,40.7781314,-73.96069399,40.75110165,-73.94073717,casual
2211455,A8828F46DA068BCE,classic_bike,2021-09-20 17:31:52,2021-09-20 17:56:41,Madison Ave & E 82 St,7188,Queens Plaza North & Crescent St,6429,40.7781314,-73.96069399,40.75110165,-73.94073717,member
2211821,E2F6357722B067C4,electric_bike,2021-09-15 18:33:18,2021-09-15 19:12:53,Madison Ave & E 82 St,7188,John St & William St,5065,40.7781314,-73.96069399,40.70862144,-74.00722156,member
2212357,9BB3EBDFB796B6FE,docked_bike,2021-09-07 15:19:36,2021-09-07 15:42:00,Madison Ave & E 82 St,7188,Queens Plaza North & Crescent St,6429,40.778131,-73.960694,40.751102,-73.940737,casual
2213582,CC8BFB9EA547C678,electric_bike,2021-09-29 07:34:38,2021-09-29 07:51:11,E 81 St & Park Ave,7188,Queens Plaza North & Crescent St,6429,40.77677702,-73.9590097,40.75110165,-73.94073717,member
2213595,59A99C496DFED553,classic_bike,2021-09-04 18:49:32,2021-09-04 19:22:08,E 81 St & Park Ave,7188,W 48 St & Rockefeller Plaza,6667,40.77677702,-73.9590097,40.75793646243674,-73.97960275411606,member
2213650,E11F275B6CC5B60B,classic_bike,2021-09-21 08:35:27,2021-09-21 08:55:42,E 81 St & Park Ave,7188,W 48 St & Rockefeller Plaza,6667,40.77677702,-73.9590097,40.75793646243674,-73.97960275411606,member
2214403,F6A94FE3A5929C73,classic_bike,2021-09-30 09:46:09,2021-09-30 10:03:52,E 81 St & Park Ave,7188,W 48 St & Rockefeller Plaza,6667,40.77677702,-73.9590097,40.75793646243674,-73.97960275411606,casual
2220716,D8390A27F5501036,classic_bike,2021-09-20 16:09:17,2021-09-20 16:29:09,Madison Ave & E 82 St,7188,W 48 St & Rockefeller Plaza,6667,40.7781314,-73.96069399,40.75793646243674,-73.97960275411606,casual
2220780,6A0EFB504ECF3D2D,classic_bike,2021-09-14 06:59:49,2021-09-14 07:26:12,Madison Ave & E 82 St,7188,Queens Plaza North & Crescent St,6429,40.7781314,-73.96069399,40.75110165,-73.94073717,member
2220804,51FAA9878C9602F6,classic_bike,2021-09-12 10:10:15,2021-09-12 10:35:58,Madison Ave & E 82 St,7188,W 44 St & 11 Ave,6756,40.7781314,-73.96069399,40.762009,-73.996975,member
2220818,0C8A786932D622A8,electric_bike,2021-09-14 09:48:24,2021-09-14 09:59:24,Madison Ave & E 82 St,7188,W 48 St & Rockefeller Plaza,6667,40.7781314,-73.96069399,40.75793646243674,-73.97960275411606,member
2220820,5117CD7DD548613F,classic_bike,2021-09-28 08:18:21,2021-09-28 08:37:55,Madison Ave & E 82 St,7188,W 48 St & Rockefeller Plaza,6667,40.7781314,-73.96069399,40.75793646243674,-73.97960275411606,member
2220834,10A2E520EBDF8456,classic_bike,2021-09-20 07:24:33,2021-09-20 07:39:01,Madison Ave & E 82 St,7188,Lenox Ave & W 115 St,7627,40.7781314,-73.96069399,40.8011939,-73.9500739,member
2220836,0490480D96723F58,electric_bike,2021-09-18 15:19:18,2021-09-18 15:40:33,Madison Ave & E 82 St,7188,W 44 St & 11 Ave,6756,40.7781314,-73.96069399,40.762009,-73.996975,member
2220837,7EC299A70B42126D,classic_bike,2021-09-21 08:31:59,2021-09-21 08:51:50,Madison Ave & E 82 St,7188,W 48 St & Rockefeller Plaza,6667,40.7781314,-73.96069399,40.75793646243674,-73.97960275411606,member
2220885,20A8E0BAEA0EB075,classic_bike,2021-09-20 07:58:48,2021-09-20 08:11:37,Madison Ave & E 82 St,7188,W 48 St & Rockefeller Plaza,6667,40.7781314,-73.96069399,40.75793646243674,-73.97960275411606,member
2220901,25276EBCA71481DA,classic_bike,2021-09-04 18:54:12,2021-09-04 19:21:31,Madison Ave & E 82 St,7188,W 48 St & Rockefeller Plaza,6667,40.7781314,-73.96069399,40.75793646243674,-73.97960275411606,casual
2221127,D9DB257BA67201E6,classic_bike,2021-09-06 17:04:59,2021-09-06 17:18:28,Madison Ave & E 82 St,7188,Lenox Ave & W 115 St,7627,40.7781314,-73.96069399,40.8011939,-73.9500739,member
2222492,EE822A0CF7E5009D,classic_bike,2021-09-29 07:57:33,2021-09-29 08:10:42,Madison Ave & E 82 St,7188,W 48 St & Rockefeller Plaza,6667,40.7781314,-73.96069399,40.75793646243674,-73.97960275411606,member
2222496,886EF5D5736CA685,electric_bike,2021-09-02 17:04:40,2021-09-02 17:25:27,Madison Ave & E 82 St,7188,Queens Plaza North & Crescent St,6429,40.7781314,-73.96069399,40.75110165,-73.94073717,casual
2222647,85BCD94AC75F3A29,electric_bike,2021-09-18 03:30:21,2021-09-18 03:44:31,Madison Ave & E 82 St,7188,Queens Plaza North & Crescent St,6429,40.7781314,-73.96069399,40.75110165,-73.94073717,member
2222650,92A416DB082767B2,electric_bike,2021-09-19 12:59:03,2021-09-19 13:14:52,Madison Ave & E 82 St,7188,Queens Plaza North & Crescent St,6429,40.7781314,-73.96069399,40.75110165,-73.94073717,member
2224169,3B6CA3429F2A4146,classic_bike,2021-09-24 12:48:22,2021-09-24 13:02:03,E 81 St & Park Ave,7188,W 48 St & Rockefeller Plaza,6667,40.77677702,-73.9590097,40.75793646243674,-73.97960275411606,member
2228090,1465C04E95E2FE30,classic_bike,2021-09-09 16:49:44,2021-09-09 17:34:10,E 81 St & Park Ave,7188,10 Ave & W 14 St,6157,40.77677702,-73.9590097,40.74198159994023,-74.00831580162048,casual
2228091,5446196844A17EBD,classic_bike,2021-09-22 09:43:21,2021-09-22 09:54:46,E 81 St & Park Ave,7188,Amsterdam Ave & W 66 St,7149,40.77677702,-73.9590097,40.7746671,-73.98470567,member
2229942,D284604E21B450D2,classic_bike,2021-09-18 20:39:03,2021-09-18 20:49:11,E 81 St & Park Ave,7188,E 65 St & 2 Ave,6860,40.77677702,-73.9590097,40.76471851944339,-73.96222069859505,member
2229944,4E52E25838E6D491,classic_bike,2021-09-11 20:21:37,2021-09-11 20:34:12,E 81 St & Park Ave,7188,E 65 St & 2 Ave,6860,40.77677702,-73.9590097,40.76471851944339,-73.96222069859505,member
2229967,0715094729379CF7,classic_bike,2021-09-30 08:34:49,2021-09-30 08:44:58,E 81 St & Park Ave,7188,Amsterdam Ave & W 66 St,7149,40.77677702,-73.9590097,40.7746671,-73.98470567,member
2236159,3CDA93AF5E861917,classic_bike,2021-09-10 05:55:20,2021-09-10 06:05:37,Madison Ave & E 82 St,7188,E 65 St & 2 Ave,6860,40.7781314,-73.96069399,40.76471851944339,-73.96222069859505,member
2236161,B2DE61AAF88E0C0D,classic_bike,2021-09-15 07:13:01,2021-09-15 07:23:31,Madison Ave & E 82 St,7188,E 65 St & 2 Ave,6860,40.7781314,-73.96069399,40.76471851944339,-73.96222069859505,member
2236205,8EECDE233DA0C7B0,classic_bike,2021-09-10 10:07:48,2021-09-10 10:16:24,Madison Ave & E 82 St,7188,E 65 St & 2 Ave,6860,40.7781314,-73.96069399,40.76471851944339,-73.96222069859505,member
2236227,1ACC9F087D155218,classic_bike,2021-09-17 07:18:29,2021-09-17 07:28:52,Madison Ave & E 82 St,7188,E 65 St & 2 Ave,6860,40.7781314,-73.96069399,40.76471851944339,-73.96222069859505,member
2236284,6D6BFE15D2ACDBCE,classic_bike,2021-09-22 10:12:02,2021-09-22 10:22:02,Madison Ave & E 82 St,7188,E 65 St & 2 Ave,6860,40.7781314,-73.96069399,40.76471851944339,-73.96222069859505,member
2236286,A44F657035990BFA,electric_bike,2021-09-15 09:42:23,2021-09-15 09:53:24,Madison Ave & E 82 St,7188,E 65 St & 2 Ave,6860,40.7781314,-73.96069399,40.76471851944339,-73.96222069859505,member
2236287,1424DD94F1F53A77,classic_bike,2021-09-14 09:50:13,2021-09-14 09:58:24,Madison Ave & E 82 St,7188,E 65 St & 2 Ave,6860,40.7781314,-73.96069399,40.76471851944339,-73.96222069859505,member
2236357,646BFD7205BF49D2,classic_bike,2021-09-07 17:10:44,2021-09-07 17:23:37,Madison Ave & E 82 St,7188,E 65 St & 2 Ave,6860,40.7781314,-73.96069399,40.76471851944339,-73.96222069859505,member
2236400,928966672A79DBDF,electric_bike,2021-09-24 12:49:52,2021-09-24 12:58:02,Madison Ave & E 82 St,7188,E 65 St & 2 Ave,6860,40.7781314,-73.96069399,40.76471851944339,-73.96222069859505,member
2236429,232D9D6BDAB872FF,classic_bike,2021-09-13 09:57:27,2021-09-13 10:05:59,Madison Ave & E 82 St,7188,E 65 St & 2 Ave,6860,40.7781314,-73.96069399,40.76471851944339,-73.96222069859505,member
2236472,2DA48BF68948C130,classic_bike,2021-09-13 23:33:28,2021-09-13 23:46:32,E 81 St & Park Ave,7188,E 65 St & 2 Ave,6860,40.77677702,-73.9590097,40.76471851944339,-73.96222069859505,member
2236531,4BF1DC7867E0B690,classic_bike,2021-09-12 15:37:45,2021-09-12 16:21:04,Madison Ave & E 82 St,7188,10 Ave & W 14 St,6157,40.7781314,-73.96069399,40.74198159994023,-74.00831580162048,casual
2236561,78CB70DE2A93962A,classic_bike,2021-09-24 10:46:45,2021-09-24 11:05:26,Madison Ave & E 82 St,7188,Amsterdam Ave & W 66 St,7149,40.7781314,-73.96069399,40.7746671,-73.98470567,member
2236753,68C55C5E3E50943F,classic_bike,2021-09-18 17:46:10,2021-09-18 18:15:51,Madison Ave & E 82 St,7188,10 Ave & W 14 St,6157,40.7781314,-73.96069399,40.74198159994023,-74.00831580162048,member
2242913,406DBC2E6E6FCF83,classic_bike,2021-09-11 19:17:35,2021-09-11 19:30:39,Madison Ave & E 82 St,7188,Amsterdam Ave & W 66 St,7149,40.7781314,-73.96069399,40.7746671,-73.98470567,member
2246113,4804D5EBFD08F8BB,classic_bike,2021-09-22 00:12:25,2021-09-22 00:20:52,E 81 St & Park Ave,7188,E 65 St & 2 Ave,6860,40.77677702,-73.9590097,40.76471851944339,-73.96222069859505,member
2246130,46C413580596DAF7,classic_bike,2021-09-10 10:36:00,2021-09-10 10:52:51,E 81 St & Park Ave,7188,E 65 St & 2 Ave,6860,40.77677702,-73.9590097,40.76471851944339,-73.96222069859505,member
2247558,F6DA62980EC20C04,classic_bike,2021-09-27 15:24:30,2021-09-27 16:26:01,E 81 St & Park Ave,7188,Clinton St & Grand St,5303,40.77677702,-73.9590097,40.71559509,-73.9870295,casual
2255873,28811697A6120B62,classic_bike,2021-09-20 07:11:31,2021-09-20 07:22:10,Madison Ave & E 82 St,7188,E 65 St & 2 Ave,6860,40.7781314,-73.96069399,40.76471851944339,-73.96222069859505,member
2255917,0256E7D79AB0E17F,classic_bike,2021-09-03 16:15:28,2021-09-03 16:28:18,Madison Ave & E 82 St,7188,E 65 St & 2 Ave,6860,40.7781314,-73.96069399,40.76471851944339,-73.96222069859505,casual
2255926,0E892ACB084ABEE0,classic_bike,2021-09-14 20:17:11,2021-09-14 20:29:45,Madison Ave & E 82 St,7188,E 65 St & 2 Ave,6860,40.7781314,-73.96069399,40.76471851944339,-73.96222069859505,casual
2255996,0AFB9589FBC19638,classic_bike,2021-09-12 10:15:33,2021-09-12 10:53:49,Madison Ave & E 82 St,7188,Clinton St\t& Cherry St,5190,40.7781314,-73.96069399,40.711471394469264,-73.98672603070736,member
2256024,661859C5864CD2F7,classic_bike,2021-09-26 10:24:44,2021-09-26 10:45:04,Madison Ave & E 82 St,7188,Amsterdam Ave & W 66 St,7149,40.7781314,-73.96069399,40.7746671,-73.98470567,casual
2256039,E88FDAAFA8582490,classic_bike,2021-09-18 10:53:13,2021-09-18 11:26:08,Madison Ave & E 82 St,7188,10 Ave & W 14 St,6157,40.7781314,-73.96069399,40.74198159994023,-74.00831580162048,member
2256065,4D24A6C9C8ADA15C,classic_bike,2021-09-08 20:17:59,2021-09-08 20:32:52,Madison Ave & E 82 St,7188,Amsterdam Ave & W 66 St,7149,40.7781314,-73.96069399,40.7746671,-73.98470567,member
2256090,03FCD4ADEFD19D06,classic_bike,2021-09-08 20:17:24,2021-09-08 20:32:24,Madison Ave & E 82 St,7188,Amsterdam Ave & W 66 St,7149,40.7781314,-73.96069399,40.7746671,-73.98470567,member
2257063,5E92C173E9B402F2,classic_bike,2021-09-02 11:47:06,2021-09-02 11:55:25,E 81 St & Park Ave,7188,E 65 St & 2 Ave,6860,40.77677702,-73.9590097,40.76471851944339,-73.96222069859505,member
2257064,9BD60A1209B1C669,classic_bike,2021-09-09 16:50:24,2021-09-09 17:34:11,E 81 St & Park Ave,7188,10 Ave & W 14 St,6157,40.77677702,-73.9590097,40.74198159994023,-74.00831580162048,casual
2263263,2631EFD7F51350B8,electric_bike,2021-09-24 23:14:07,2021-09-25 00:10:10,E 81 St & Park Ave,7188,E 65 St & 2 Ave,6860,40.77677702,-73.9590097,40.76471851944339,-73.96222069859505,casual
2264139,FD9868CE9829E822,classic_bike,2021-09-10 09:04:42,2021-09-10 09:13:59,Madison Ave & E 82 St,7188,E 65 St & 2 Ave,6860,40.7781314,-73.96069399,40.76471851944339,-73.96222069859505,member
2267488,A2921F4011C03028,electric_bike,2021-09-08 09:59:25,2021-09-08 10:06:04,Madison Ave & E 82 St,7188,E 65 St & 2 Ave,6860,40.7781314,-73.96069399,40.76471851944339,-73.96222069859505,member
2276647,FE8038F65B274CF3,classic_bike,2021-09-17 14:01:32,2021-09-17 14:35:03,E 81 St & Park Ave,7188,W 21 St & 6 Ave,6140,40.77677702,-73.9590097,40.74173969,-73.99415556,member
2276654,546ACDB6167B193A,classic_bike,2021-09-25 17:27:53,2021-09-25 18:11:32,E 81 St & Park Ave,7188,W 21 St & 6 Ave,6140,40.77677702,-73.9590097,40.74173969,-73.99415556,casual
2277694,D542C1A21F7A3EF9,classic_bike,2021-09-25 14:31:56,2021-09-25 15:23:51,Madison Ave & E 82 St,7188,E 12 St & Ave C,5616,40.7781314,-73.96069399,40.727243,-73.976831,member
2277719,10E2A846D8D93836,electric_bike,2021-09-21 15:45:17,2021-09-21 16:03:35,Madison Ave & E 82 St,7188,Amsterdam Ave & W 136 St,7920,40.7781314,-73.96069399,40.819746,-73.951819,member
2278666,27AE18C6AFE6DDD9,classic_bike,2021-09-18 14:53:50,2021-09-18 15:23:14,Madison Ave & E 82 St,7188,W 21 St & 6 Ave,6140,40.7781314,-73.96069399,40.74173969,-73.99415556,member
2285536,4AA970DBA238BC73,classic_bike,2021-09-25 14:31:44,2021-09-25 15:23:54,Madison Ave & E 82 St,7188,E 12 St & Ave C,5616,40.7781314,-73.96069399,40.727243,-73.976831,member
2285548,9EB82337C9E462D4,classic_bike,2021-09-17 17:08:42,2021-09-17 17:38:52,Madison Ave & E 82 St,7188,W 21 St & 6 Ave,6140,40.7781314,-73.96069399,40.74173969,-73.99415556,member
2292549,FE9F50A6F4747F40,classic_bike,2021-09-30 19:28:00,2021-09-30 20:02:19,E 81 St & Park Ave,7188,W 21 St & 6 Ave,6140,40.77677702,-73.9590097,40.74173969,-73.99415556,member
2295184,644064E7DDE355F1,classic_bike,2021-09-19 20:53:14,2021-09-19 21:17:02,Madison Ave & E 82 St,7188,W 21 St & 6 Ave,6140,40.7781314,-73.96069399,40.74173969,-73.99415556,member
2304041,7DB4214B5DD25364,classic_bike,2021-09-21 20:42:05,2021-09-21 21:15:18,E 81 St & Park Ave,7188,9 Ave & W 22 St,6266,40.77677702,-73.9590097,40.7454973,-74.00197139,member
2304045,91394F6BDD5C6C8C,electric_bike,2021-09-25 08:02:14,2021-09-25 08:07:23,E 81 St & Park Ave,7188,E 97 St & Madison Ave,7393,40.77677702,-73.9590097,40.787801,-73.953559,member
2304047,04031D38E80F007A,classic_bike,2021-09-14 08:57:48,2021-09-14 09:05:42,E 81 St & Park Ave,7188,E 67 St & Park Ave,6932,40.77677702,-73.9590097,40.76780080148132,-73.96592080593109,member
2304059,2E08CB780C80130F,classic_bike,2021-09-25 09:58:52,2021-09-25 10:07:54,E 81 St & Park Ave,7188,E 97 St & Madison Ave,7393,40.77677702,-73.9590097,40.787801,-73.953559,member
2304063,53556773E4ABE880,classic_bike,2021-09-12 17:41:28,2021-09-12 18:18:27,E 81 St & Park Ave,7188,E 97 St & Madison Ave,7393,40.77677702,-73.9590097,40.787801,-73.953559,casual
2304064,F3B2037E32BD6EA0,classic_bike,2021-09-30 15:23:08,2021-09-30 15:31:43,E 81 St & Park Ave,7188,E 97 St & Madison Ave,7393,40.77677702,-73.9590097,40.787801,-73.953559,member
2304071,CF8FFD1EDE120B4A,classic_bike,2021-09-28 09:53:19,2021-09-28 09:59:38,E 81 St & Park Ave,7188,E 67 St & Park Ave,6932,40.77677702,-73.9590097,40.76780080148132,-73.96592080593109,member
2304119,A27FC541509202F0,classic_bike,2021-09-27 14:45:57,2021-09-27 14:54:06,E 81 St & Park Ave,7188,E 67 St & Park Ave,6932,40.77677702,-73.9590097,40.76780080148132,-73.96592080593109,member
2304120,9315392749143F02,classic_bike,2021-09-19 14:49:35,2021-09-19 15:06:52,E 81 St & Park Ave,7188,W 35 St & 9 Ave,6569,40.77677702,-73.9590097,40.75414519263519,-73.9960889518261,member
2304121,8493D74B52759259,classic_bike,2021-09-15 08:47:23,2021-09-15 08:53:34,E 81 St & Park Ave,7188,E 67 St & Park Ave,6932,40.77677702,-73.9590097,40.76780080148132,-73.96592080593109,member
2304176,9272C52F31626628,classic_bike,2021-09-27 07:32:35,2021-09-27 07:47:37,E 81 St & Park Ave,7188,E 97 St & Madison Ave,7393,40.77677702,-73.9590097,40.787801,-73.953559,casual
2304193,557D82E3BDD13CE1,classic_bike,2021-09-19 11:04:45,2021-09-19 11:11:58,E 81 St & Park Ave,7188,E 97 St & Madison Ave,7393,40.77677702,-73.9590097,40.787801,-73.953559,member
2304199,E6C87497973807E8,classic_bike,2021-09-19 19:25:50,2021-09-19 19:31:41,E 81 St & Park Ave,7188,E 67 St & Park Ave,6932,40.77677702,-73.9590097,40.76780080148132,-73.96592080593109,member
2304202,11DE7308544E93A6,classic_bike,2021-09-04 02:34:44,2021-09-04 02:43:09,E 81 St & Park Ave,7188,E 97 St & Madison Ave,7393,40.77677702,-73.9590097,40.787801,-73.953559,casual
2304271,CC8954149040DA3D,electric_bike,2021-09-20 07:57:57,2021-09-20 08:08:42,E 81 St & Park Ave,7188,E 97 St & Madison Ave,7393,40.77677702,-73.9590097,40.787801,-73.953559,member
2309604,0DE5840CA5702239,classic_bike,2021-09-25 09:58:43,2021-09-25 10:07:53,E 81 St & Park Ave,7188,E 97 St & Madison Ave,7393,40.77677702,-73.9590097,40.787801,-73.953559,member
2309717,CA1C9903FCE95DF7,classic_bike,2021-09-18 13:42:52,2021-09-18 15:00:27,E 81 St & Park Ave,7188,Bergen St & Vanderbilt Ave,4157,40.77677702,-73.9590097,40.6794388,-73.9680438,casual
2309718,AE2ED3968314706E,electric_bike,2021-09-03 12:54:25,2021-09-03 13:20:58,E 81 St & Park Ave,7188,2 Ave & E 29 St,6122,40.77677702,-73.9590097,40.74172351097472,-73.97809267044067,casual
2312921,F620B24E04E628A8,classic_bike,2021-09-11 12:47:04,2021-09-11 13:20:29,Madison Ave & E 82 St,7188,9 Ave & W 22 St,6266,40.7781314,-73.96069399,40.7454973,-74.00197139,member
2312972,A3C991707486985F,classic_bike,2021-09-16 10:20:32,2021-09-16 11:08:53,Madison Ave & E 82 St,7188,9 Ave & W 22 St,6266,40.7781314,-73.96069399,40.7454973,-74.00197139,member
2313033,062544C33F069C49,classic_bike,2021-09-03 17:58:59,2021-09-03 18:04:30,Madison Ave & E 82 St,7188,E 67 St & Park Ave,6932,40.7781314,-73.96069399,40.76780080148132,-73.96592080593109,member
2313049,5FC4DE462BD37874,electric_bike,2021-09-27 12:24:54,2021-09-27 12:40:49,Madison Ave & E 82 St,7188,Adam Clayton Powell Blvd & W 132 St,7814,40.7781314,-73.96069399,40.813539,-73.94521,member
2313058,D05509531143364B,classic_bike,2021-09-07 10:32:58,2021-09-07 10:48:38,Madison Ave & E 82 St,7188,Adam Clayton Powell Blvd & W 132 St,7814,40.7781314,-73.96069399,40.813539,-73.94521,member
2313069,4D2DA4114C7A8529,classic_bike,2021-09-27 11:06:14,2021-09-27 11:14:13,Madison Ave & E 82 St,7188,E 97 St & Madison Ave,7393,40.7781314,-73.96069399,40.787801,-73.953559,member
2313071,C327B444A261E3B2,classic_bike,2021-09-12 20:23:58,2021-09-12 20:29:18,Madison Ave & E 82 St,7188,E 67 St & Park Ave,6932,40.7781314,-73.96069399,40.76780080148132,-73.96592080593109,member
2313075,13AD63D7446A37AF,classic_bike,2021-09-05 16:33:15,2021-09-05 16:38:48,Madison Ave & E 82 St,7188,E 97 St & Madison Ave,7393,40.7781314,-73.96069399,40.787801,-73.953559,member
2313109,31BB1D7E11EE4C8F,classic_bike,2021-09-25 20:25:36,2021-09-25 20:56:31,Madison Ave & E 82 St,7188,W 35 St & 9 Ave,6569,40.7781314,-73.96069399,40.75414519263519,-73.9960889518261,member
2313144,633676FC8B1DA1F5,electric_bike,2021-09-02 19:13:14,2021-09-02 19:51:18,Madison Ave & E 82 St,7188,9 Ave & W 22 St,6266,40.7781314,-73.96069399,40.7454973,-74.00197139,casual
2313188,872A671101040240,classic_bike,2021-09-27 12:26:02,2021-09-27 12:57:26,Madison Ave & E 82 St,7188,9 Ave & W 22 St,6266,40.7781314,-73.96069399,40.7454973,-74.00197139,member
2313190,FB2F6C6B3A7EC722,classic_bike,2021-09-20 16:50:15,2021-09-20 16:57:15,Madison Ave & E 82 St,7188,E 97 St & Madison Ave,7393,40.7781314,-73.96069399,40.787801,-73.953559,member
2315413,E53AC45037B0D586,classic_bike,2021-09-18 12:58:22,2021-09-18 13:07:21,Madison Ave & E 82 St,7188,E 67 St & Park Ave,6932,40.7781314,-73.96069399,40.76780080148132,-73.96592080593109,member
2315416,879F472C344A5E72,classic_bike,2021-09-26 13:46:53,2021-09-26 14:15:54,Madison Ave & E 82 St,7188,9 Ave & W 22 St,6266,40.7781314,-73.96069399,40.7454973,-74.00197139,member
2317434,6F04A0987C051647,classic_bike,2021-09-22 16:06:54,2021-09-22 16:13:00,Madison Ave & E 82 St,7188,E 97 St & Madison Ave,7393,40.7781314,-73.96069399,40.787801,-73.953559,member
2317436,6C05B7DCA7C9405E,electric_bike,2021-09-28 07:34:59,2021-09-28 07:43:09,Madison Ave & E 82 St,7188,E 97 St & Madison Ave,7393,40.7781314,-73.96069399,40.787801,-73.953559,casual
2317437,EA9F5C637182A50D,classic_bike,2021-09-22 16:28:15,2021-09-22 17:01:34,Madison Ave & E 82 St,7188,W 15 St & 7 Ave,6030,40.7781314,-73.96069399,40.73935542,-73.99931783,casual
2317439,FAEAF74659BDD924,classic_bike,2021-09-15 18:57:04,2021-09-15 19:04:43,Madison Ave & E 82 St,7188,E 97 St & Madison Ave,7393,40.7781314,-73.96069399,40.787801,-73.953559,casual
2321896,711C35F92B04FEA7,classic_bike,2021-09-12 16:56:10,2021-09-12 17:34:43,E 81 St & Park Ave,7188,9 Ave & W 22 St,6266,40.77677702,-73.9590097,40.7454973,-74.00197139,member
2321899,1BD66E2809DE724B,classic_bike,2021-09-06 09:02:22,2021-09-06 09:30:22,E 81 St & Park Ave,7188,9 Ave & W 22 St,6266,40.77677702,-73.9590097,40.7454973,-74.00197139,member
2321901,833DA54CBA1F3532,classic_bike,2021-09-06 19:27:23,2021-09-06 19:34:56,E 81 St & Park Ave,7188,E 67 St & Park Ave,6932,40.77677702,-73.9590097,40.76780080148132,-73.96592080593109,member
2321902,388E7F422CFF3869,classic_bike,2021-09-06 14:49:18,2021-09-06 14:56:44,E 81 St & Park Ave,7188,E 67 St & Park Ave,6932,40.77677702,-73.9590097,40.76780080148132,-73.96592080593109,member
2321903,57BA508E827A95DB,classic_bike,2021-09-14 09:36:42,2021-09-14 09:44:39,E 81 St & Park Ave,7188,E 67 St & Park Ave,6932,40.77677702,-73.9590097,40.76780080148132,-73.96592080593109,member
2321906,8E0B371A8EE8A57A,classic_bike,2021-09-10 08:52:48,2021-09-10 08:59:03,E 81 St & Park Ave,7188,E 97 St & Madison Ave,7393,40.77677702,-73.9590097,40.787801,-73.953559,member
2321913,739EB4D3A6B9707E,classic_bike,2021-09-24 07:27:26,2021-09-24 07:34:36,E 81 St & Park Ave,7188,E 67 St & Park Ave,6932,40.77677702,-73.9590097,40.76780080148132,-73.96592080593109,member
2323477,27FB7167080B8CF0,classic_bike,2021-09-08 11:37:26,2021-09-08 11:45:55,E 81 St & Park Ave,7188,E 97 St & Madison Ave,7393,40.77677702,-73.9590097,40.787801,-73.953559,member
2323479,80110D786E408DD0,classic_bike,2021-09-23 15:52:10,2021-09-23 16:00:31,E 81 St & Park Ave,7188,E 67 St & Park Ave,6932,40.77677702,-73.9590097,40.76780080148132,-73.96592080593109,member
2325686,B88239CDA0C8567D,docked_bike,2021-09-24 16:41:22,2021-09-24 17:13:38,Madison Ave & E 82 St,7188,2 Ave & E 29 St,6122,40.778131,-73.960694,40.741724,-73.978093,casual
2325711,1F32B415190E30B7,electric_bike,2021-09-17 23:46:34,2021-09-17 23:55:35,Madison Ave & E 82 St,7188,E 97 St & Madison Ave,7393,40.7781314,-73.96069399,40.787801,-73.953559,casual
2325715,54A725A1DEAE651A,classic_bike,2021-09-13 11:52:35,2021-09-13 11:59:05,Madison Ave & E 82 St,7188,E 97 St & Madison Ave,7393,40.7781314,-73.96069399,40.787801,-73.953559,casual
2325721,8B6ADAB29D221F08,classic_bike,2021-09-06 23:08:31,2021-09-06 23:12:52,Madison Ave & E 82 St,7188,E 97 St & Madison Ave,7393,40.7781314,-73.96069399,40.787801,-73.953559,member
2325790,F77CE27727730942,electric_bike,2021-09-29 09:39:34,2021-09-29 09:43:37,Madison Ave & E 82 St,7188,E 97 St & Madison Ave,7393,40.7781314,-73.96069399,40.787801,-73.953559,member
2325791,4D9DF31E6E9C924F,classic_bike,2021-09-20 13:03:41,2021-09-20 14:25:33,Madison Ave & E 82 St,7188,9 Ave & W 22 St,6266,40.7781314,-73.96069399,40.7454973,-74.00197139,member
2325798,E8E1406E0C21F812,classic_bike,2021-09-02 13:49:42,2021-09-02 14:13:57,Madison Ave & E 82 St,7188,E 97 St & Madison Ave,7393,40.7781314,-73.96069399,40.787801,-73.953559,casual
2325803,1B1A8547DDB6FE0D,classic_bike,2021-09-24 13:49:42,2021-09-24 13:55:50,Madison Ave & E 82 St,7188,E 67 St & Park Ave,6932,40.7781314,-73.96069399,40.76780080148132,-73.96592080593109,casual
2325811,6BE30454BD9F91F4,classic_bike,2021-09-13 17:20:42,2021-09-13 17:52:09,Madison Ave & E 82 St,7188,W 15 St & 7 Ave,6030,40.7781314,-73.96069399,40.73935542,-73.99931783,casual
2325816,CF17D87518FAFB99,classic_bike,2021-09-21 14:36:19,2021-09-21 14:43:18,Madison Ave & E 82 St,7188,E 97 St & Madison Ave,7393,40.7781314,-73.96069399,40.787801,-73.953559,member
2325842,14268554B0DAF263,classic_bike,2021-09-09 20:15:03,2021-09-09 20:24:22,Madison Ave & E 82 St,7188,E 97 St & Madison Ave,7393,40.7781314,-73.96069399,40.787801,-73.953559,member
2325857,F82ABEC510B08C91,classic_bike,2021-09-15 22:26:20,2021-09-15 22:34:10,Madison Ave & E 82 St,7188,E 97 St & Madison Ave,7393,40.7781314,-73.96069399,40.787801,-73.953559,member
2325892,A90A3F883FF41E9B,classic_bike,2021-09-27 08:42:45,2021-09-27 08:48:11,Madison Ave & E 82 St,7188,E 97 St & Madison Ave,7393,40.7781314,-73.96069399,40.787801,-73.953559,member
2325987,A9416EEFEE210119,classic_bike,2021-09-10 21:33:45,2021-09-10 21:39:49,Madison Ave & E 82 St,7188,E 97 St & Madison Ave,7393,40.7781314,-73.96069399,40.787801,-73.953559,member
2325998,687231963EDB5693,classic_bike,2021-09-26 13:15:52,2021-09-26 14:19:19,Madison Ave & E 82 St,7188,9 Ave & W 22 St,6266,40.7781314,-73.96069399,40.7454973,-74.00197139,casual
2326003,933A992EA1AD95CC,electric_bike,2021-09-16 14:39:16,2021-09-16 14:46:36,Madison Ave & E 82 St,7188,E 97 St & Madison Ave,7393,40.7781314,-73.96069399,40.787801,-73.953559,member
2326008,C996E1D8D757CFD8,classic_bike,2021-09-29 13:59:00,2021-09-29 14:03:17,Madison Ave & E 82 St,7188,E 97 St & Madison Ave,7393,40.7781314,-73.96069399,40.787801,-73.953559,member
2326009,7704C7A4F134FAA2,electric_bike,2021-09-29 16:11:53,2021-09-29 16:16:15,Madison Ave & E 82 St,7188,E 97 St & Madison Ave,7393,40.7781314,-73.96069399,40.787801,-73.953559,member
2326015,584FFA4C7131B454,classic_bike,2021-09-26 13:27:59,2021-09-26 14:19:29,Madison Ave & E 82 St,7188,9 Ave & W 22 St,6266,40.7781314,-73.96069399,40.7454973,-74.00197139,casual
2326148,737B4178C6D5707A,classic_bike,2021-09-10 18:12:01,2021-09-10 18:19:04,Madison Ave & E 82 St,7188,E 97 St & Madison Ave,7393,40.7781314,-73.96069399,40.787801,-73.953559,casual
2326568,03284E141564024B,electric_bike,2021-09-17 11:40:24,2021-09-17 12:05:51,Madison Ave & E 82 St,7188,E 97 St & Madison Ave,7393,40.7781314,-73.96069399,40.787801,-73.953559,member
2326574,069F492347333E8C,classic_bike,2021-09-20 08:22:45,2021-09-20 08:29:42,Madison Ave & E 82 St,7188,E 67 St & Park Ave,6932,40.7781314,-73.96069399,40.76780080148132,-73.96592080593109,member
2326575,78A96F9FC7573D43,electric_bike,2021-09-16 16:40:10,2021-09-16 16:46:35,Madison Ave & E 82 St,7188,E 97 St & Madison Ave,7393,40.7781314,-73.96069399,40.787801,-73.953559,member
2326634,14E3D64ECA6C3FAA,docked_bike,2021-09-24 16:41:13,2021-09-24 17:13:52,Madison Ave & E 82 St,7188,2 Ave & E 29 St,6122,40.778131,-73.960694,40.741724,-73.978093,casual
2326635,7DD95ACDF724314C,docked_bike,2021-09-12 13:04:30,2021-09-12 13:38:02,Madison Ave & E 82 St,7188,E 97 St & Madison Ave,7393,40.778131,-73.960694,40.787801,-73.953559,casual
2326678,257D0C97989E486B,electric_bike,2021-09-16 20:50:07,2021-09-16 21:16:30,Madison Ave & E 82 St,7188,W 15 St & 7 Ave,6030,40.7781314,-73.96069399,40.73935542,-73.99931783,member
2326684,6EEC5FC15C9B8549,classic_bike,2021-09-25 12:28:53,2021-09-25 12:36:58,Madison Ave & E 82 St,7188,E 97 St & Madison Ave,7393,40.7781314,-73.96069399,40.787801,-73.953559,member
2326717,D8B647226AEE2EF0,classic_bike,2021-09-07 11:42:07,2021-09-07 11:50:29,Madison Ave & E 82 St,7188,E 97 St & Madison Ave,7393,40.7781314,-73.96069399,40.787801,-73.953559,member
2326739,AF9C88388071908A,classic_bike,2021-09-08 19:44:32,2021-09-08 19:48:52,Madison Ave & E 82 St,7188,E 97 St & Madison Ave,7393,40.7781314,-73.96069399,40.787801,-73.953559,member
2328689,B72CFEAD19050E79,classic_bike,2021-09-27 11:21:30,2021-09-27 11:49:01,Madison Ave & E 82 St,7188,2 Ave & E 29 St,6122,40.7781314,-73.96069399,40.74172351097472,-73.97809267044067,casual
2335124,5206D8CA93E89DE1,classic_bike,2021-09-22 15:18:54,2021-09-22 15:28:49,Madison Ave & E 82 St,7188,E 97 St & Madison Ave,7393,40.7781314,-73.96069399,40.787801,-73.953559,member
2335173,6C8D9B0274995EF4,classic_bike,2021-09-03 12:28:40,2021-09-03 13:01:05,Madison Ave & E 82 St,7188,9 Ave & W 22 St,6266,40.7781314,-73.96069399,40.7454973,-74.00197139,member
2335175,2F6DA8D85A887AD6,electric_bike,2021-09-04 11:56:10,2021-09-04 12:00:44,Madison Ave & E 82 St,7188,E 97 St & Madison Ave,7393,40.7781314,-73.96069399,40.787801,-73.953559,member
2335187,BF185D5367ACCDFE,electric_bike,2021-09-23 14:08:57,2021-09-23 14:13:42,Madison Ave & E 82 St,7188,E 97 St & Madison Ave,7393,40.7781314,-73.96069399,40.787801,-73.953559,member
2335226,497ADB7CC21BCD3B,docked_bike,2021-09-06 11:00:07,2021-09-06 11:08:14,Madison Ave & E 82 St,7188,E 97 St & Madison Ave,7393,40.778131,-73.960694,40.787801,-73.953559,casual
2335231,FE36B5C96DE29606,electric_bike,2021-09-11 12:35:04,2021-09-11 13:41:21,Madison Ave & E 82 St,7188,9 Ave & W 22 St,6266,40.7781314,-73.96069399,40.7454973,-74.00197139,casual
2335237,3BECADD0A78D099D,electric_bike,2021-09-27 08:07:26,2021-09-27 08:11:41,Madison Ave & E 82 St,7188,E 67 St & Park Ave,6932,40.7781314,-73.96069399,40.76780080148132,-73.96592080593109,member
2335243,43F1CFF80CA69EC7,classic_bike,2021-09-27 08:27:35,2021-09-27 08:34:27,Madison Ave & E 82 St,7188,E 67 St & Park Ave,6932,40.7781314,-73.96069399,40.76780080148132,-73.96592080593109,member
2335311,D20318B9E913B8C5,electric_bike,2021-09-24 09:10:29,2021-09-24 09:15:23,Madison Ave & E 82 St,7188,E 67 St & Park Ave,6932,40.7781314,-73.96069399,40.76780080148132,-73.96592080593109,member
2335321,05139591D3D02E90,classic_bike,2021-09-20 13:04:18,2021-09-20 14:25:57,Madison Ave & E 82 St,7188,9 Ave & W 22 St,6266,40.7781314,-73.96069399,40.7454973,-74.00197139,casual
2335323,A15C4A5D49D41F18,electric_bike,2021-09-12 10:23:29,2021-09-12 11:18:28,Madison Ave & E 82 St,7188,9 Ave & W 22 St,6266,40.7781314,-73.96069399,40.7454973,-74.00197139,casual
2336294,342087F5A886231E,electric_bike,2021-09-20 08:36:38,2021-09-20 08:58:34,Madison Ave & E 82 St,7188,W 15 St & 7 Ave,6030,40.7781314,-73.96069399,40.73935542,-73.99931783,member
2336298,DA1C131027474BEF,classic_bike,2021-09-19 16:05:07,2021-09-19 16:11:40,Madison Ave & E 82 St,7188,E 97 St & Madison Ave,7393,40.7781314,-73.96069399,40.787801,-73.953559,member
2336313,EAD5799BA61D7209,classic_bike,2021-09-11 17:44:35,2021-09-11 18:07:35,Madison Ave & E 82 St,7188,2 Ave & E 29 St,6122,40.7781314,-73.96069399,40.74172351097472,-73.97809267044067,casual
2336318,16E31A125211696E,classic_bike,2021-09-20 13:04:58,2021-09-20 14:26:15,Madison Ave & E 82 St,7188,9 Ave & W 22 St,6266,40.7781314,-73.96069399,40.7454973,-74.00197139,casual
2337489,7B863DB3BD1CAE4F,electric_bike,2021-09-29 15:32:58,2021-09-29 15:44:19,E 81 St & Park Ave,7188,E 97 St & Madison Ave,7393,40.77677702,-73.9590097,40.787801,-73.953559,member
2337546,85892691195C8902,classic_bike,2021-09-06 17:01:12,2021-09-06 18:42:55,E 81 St & Park Ave,7188,E 97 St & Madison Ave,7393,40.77677702,-73.9590097,40.787801,-73.953559,member
2337563,F5419BEA37004B4A,classic_bike,2021-09-29 16:12:19,2021-09-29 16:18:21,E 81 St & Park Ave,7188,E 67 St & Park Ave,6932,40.77677702,-73.9590097,40.76780080148132,-73.96592080593109,member
2337565,5F2A3821E8ADCA0F,classic_bike,2021-09-30 07:36:10,2021-09-30 07:56:32,E 81 St & Park Ave,7188,E 97 St & Madison Ave,7393,40.77677702,-73.9590097,40.787801,-73.953559,casual
2338985,858D3A5DFFFA5B74,electric_bike,2021-09-24 12:59:10,2021-09-24 13:14:03,Madison Ave & E 82 St,7188,E 67 St & Park Ave,6932,40.7781314,-73.96069399,40.76780080148132,-73.96592080593109,member
2351526,6014002612AC9CF3,classic_bike,2021-09-20 08:10:32,2021-09-20 08:23:42,E 81 St & Park Ave,7188,Broadway & W 56 St,6847,40.77677702,-73.9590097,40.7652654,-73.98192338,member
2351528,74CCF35359A52CB1,classic_bike,2021-09-13 08:28:35,2021-09-13 08:53:34,E 81 St & Park Ave,7188,W 18 St & 6 Ave,6064,40.77677702,-73.9590097,40.73971301,-73.99456405,member
2351545,8D47451DA415B66B,classic_bike,2021-09-17 11:36:50,2021-09-17 12:19:01,E 81 St & Park Ave,7188,E 4 St & 2 Ave,5593,40.77677702,-73.9590097,40.7262807,-73.98978041,casual
2351570,8740E6D7EF56E359,electric_bike,2021-09-22 08:37:12,2021-09-22 08:50:13,E 81 St & Park Ave,7188,W 42 St & 6 Ave,6517,40.77677702,-73.9590097,40.75492,-73.98455,member
2352648,1C214B17F56E0788,classic_bike,2021-09-21 10:21:01,2021-09-21 11:50:42,E 81 St & Park Ave,7188,9 Ave & W 18 St,6190,40.77677702,-73.9590097,40.74317449,-74.00366443,member
2353980,946E5692794EC811,classic_bike,2021-09-18 12:07:00,2021-09-18 13:49:52,Madison Ave & E 82 St,7188,Little West St & 1 Pl,5001,40.7781314,-73.96069399,40.70569254,-74.01677685,casual
2354129,F3FC1D787B5E0A8D,classic_bike,2021-09-07 08:31:16,2021-09-07 08:48:08,Madison Ave & E 82 St,7188,W 42 St & 6 Ave,6517,40.7781314,-73.96069399,40.75492,-73.98455,member
2354148,ECE40BD27F9E6C4E,classic_bike,2021-09-20 09:59:33,2021-09-20 10:32:38,Madison Ave & E 82 St,7188,9 Ave & W 18 St,6190,40.7781314,-73.96069399,40.74317449,-74.00366443,member
2354170,63A34A858556A1EF,classic_bike,2021-09-17 20:51:13,2021-09-17 21:06:52,Madison Ave & E 82 St,7188,Broadway & W 56 St,6847,40.7781314,-73.96069399,40.7652654,-73.98192338,member
2354221,2BFCEBAC72C9BAE2,electric_bike,2021-09-21 18:15:15,2021-09-21 18:25:14,Madison Ave & E 82 St,7188,Broadway & W 56 St,6847,40.7781314,-73.96069399,40.7652654,-73.98192338,member
2354235,172B6F67C6A9EBC1,classic_bike,2021-09-02 19:19:49,2021-09-02 19:44:21,Madison Ave & E 82 St,7188,W 42 St & 6 Ave,6517,40.7781314,-73.96069399,40.75492,-73.98455,casual
2354321,607BC53BA314C1D8,classic_bike,2021-09-08 15:02:16,2021-09-08 15:17:31,Madison Ave & E 82 St,7188,8 Ave & W 52 St,6816,40.7781314,-73.96069399,40.76370739,-73.9851615,member
2354878,AF97D154F2E68D93,classic_bike,2021-09-10 17:21:57,2021-09-10 17:44:36,E 81 St & Park Ave,7188,9 Ave & W 18 St,6190,40.77677702,-73.9590097,40.74317449,-74.00366443,member
2355042,89F2D44A45E1703D,classic_bike,2021-09-10 10:18:45,2021-09-10 10:50:42,E 81 St & Park Ave,7188,W 18 St & 6 Ave,6064,40.77677702,-73.9590097,40.73971301,-73.99456405,member
2369081,C48BDEC5AE44AE6E,classic_bike,2021-09-27 14:44:04,2021-09-27 15:01:25,Madison Ave & E 82 St,7188,W 64 St & Thelonious Monk Circle,7123,40.7781314,-73.96069399,40.77515953434235,-73.98918695747852,casual
2369132,3BBDF1BB11F768E5,classic_bike,2021-09-15 08:00:18,2021-09-15 08:22:20,Madison Ave & E 82 St,7188,W 42 St & 6 Ave,6517,40.7781314,-73.96069399,40.75492,-73.98455,member
2369153,81B3AFBAEC3B577D,classic_bike,2021-09-18 19:38:51,2021-09-18 19:55:55,Madison Ave & E 82 St,7188,8 Ave & W 52 St,6816,40.7781314,-73.96069399,40.76370739,-73.9851615,member
2369181,68DCFB724DB5FFE0,classic_bike,2021-09-18 12:08:16,2021-09-18 13:50:17,Madison Ave & E 82 St,7188,Little West St & 1 Pl,5001,40.7781314,-73.96069399,40.70569254,-74.01677685,casual
2369197,D1A4E61E9F7DB018,electric_bike,2021-09-14 08:31:20,2021-09-14 08:42:42,Madison Ave & E 82 St,7188,W 42 St & 6 Ave,6517,40.7781314,-73.96069399,40.75492,-73.98455,member
2369230,A5301C277E8A44DB,electric_bike,2021-09-08 09:36:20,2021-09-08 09:48:15,Madison Ave & E 82 St,7188,Broadway & W 56 St,6847,40.7781314,-73.96069399,40.7652654,-73.98192338,member
2369318,AD91354454B6F7B7,classic_bike,2021-09-16 16:20:05,2021-09-16 16:36:32,Madison Ave & E 82 St,7188,8 Ave & W 52 St,6816,40.7781314,-73.96069399,40.76370739,-73.9851615,member
2369324,4F1A58561D80BFE4,electric_bike,2021-09-01 10:51:46,2021-09-01 11:13:05,Madison Ave & E 82 St,7188,W 120 St & Claremont Ave,7745,40.7781314,-73.96069399,40.8109494,-73.9634,casual
2369369,2CD9441A09FE8811,classic_bike,2021-09-21 13:40:28,2021-09-21 14:27:41,Madison Ave & E 82 St,7188,9 Ave & W 18 St,6190,40.7781314,-73.96069399,40.74317449,-74.00366443,member
2369749,870C0EA358D3E849,electric_bike,2021-09-18 10:46:40,2021-09-18 11:47:18,Madison Ave & E 82 St,7188,9 Ave & W 18 St,6190,40.7781314,-73.96069399,40.74317449,-74.00366443,casual
2369759,3A087718B1587099,classic_bike,2021-09-18 18:46:25,2021-09-18 19:21:19,Madison Ave & E 82 St,7188,Broadway & W 56 St,6847,40.7781314,-73.96069399,40.7652654,-73.98192338,casual
2369790,31733BA415FF8D9B,classic_bike,2021-09-15 12:04:10,2021-09-15 12:18:40,Madison Ave & E 82 St,7188,Broadway & W 56 St,6847,40.7781314,-73.96069399,40.7652654,-73.98192338,member
2369982,BDA482ABF93D157F,classic_bike,2021-09-21 10:16:40,2021-09-21 10:30:56,Madison Ave & E 82 St,7188,8 Ave & W 52 St,6816,40.7781314,-73.96069399,40.76370739,-73.9851615,member
2370008,C59029C751B1DBC2,electric_bike,2021-09-24 07:57:09,2021-09-24 08:13:28,Madison Ave & E 82 St,7188,W 64 St & Thelonious Monk Circle,7123,40.7781314,-73.96069399,40.77515953434235,-73.98918695747852,casual
2370442,0FAD8D026253D625,electric_bike,2021-09-28 16:00:06,2021-09-28 16:16:31,Madison Ave & E 82 St,7188,W 42 St & 6 Ave,6517,40.7781314,-73.96069399,40.75492,-73.98455,member
2370443,444F5BDC67908239,classic_bike,2021-09-02 19:19:10,2021-09-02 19:44:16,Madison Ave & E 82 St,7188,W 42 St & 6 Ave,6517,40.7781314,-73.96069399,40.75492,-73.98455,member
2370496,0BC3437D952BCFA1,classic_bike,2021-09-13 18:06:21,2021-09-13 18:20:56,Madison Ave & E 82 St,7188,Broadway & W 56 St,6847,40.7781314,-73.96069399,40.7652654,-73.98192338,member
2371730,A4B23285C2BB114A,classic_bike,2021-09-15 08:00:48,2021-09-15 08:17:49,Madison Ave & E 82 St,7188,W 42 St & 6 Ave,6517,40.7781314,-73.96069399,40.75492,-73.98455,member
2377529,32AA15D3976329BB,classic_bike,2021-09-20 18:07:59,2021-09-20 18:33:37,E 81 St & Park Ave,7188,W 18 St & 6 Ave,6064,40.77677702,-73.9590097,40.73971301,-73.99456405,member
2377542,1907898A72477B78,electric_bike,2021-09-06 10:09:59,2021-09-06 10:34:40,E 81 St & Park Ave,7188,McGuinness Blvd & Eagle St,5977,40.77677702,-73.9590097,40.73555,-73.95284,member
2377547,D511ABCB5BB21899,electric_bike,2021-09-27 08:30:17,2021-09-27 08:49:42,E 81 St & Park Ave,7188,W 18 St & 6 Ave,6064,40.77677702,-73.9590097,40.73971301,-73.99456405,member
2377554,CFB623E89A0FBCE4,classic_bike,2021-09-02 16:01:24,2021-09-02 16:20:14,E 81 St & Park Ave,7188,8 Ave & W 52 St,6816,40.77677702,-73.9590097,40.76370739,-73.9851615,member
2377597,E5063AC1361D2B45,electric_bike,2021-09-21 19:38:40,2021-09-21 19:57:28,E 81 St & Park Ave,7188,8 Ave & W 52 St,6816,40.77677702,-73.9590097,40.76370739,-73.9851615,casual
2390973,3AB1D216A01702C7,electric_bike,2021-09-18 18:45:25,2021-09-18 19:21:31,Madison Ave & E 82 St,7188,Broadway & W 56 St,6847,40.7781314,-73.96069399,40.7652654,-73.98192338,member
2391004,594CF05A4BC6A08E,classic_bike,2021-09-11 15:14:54,2021-09-11 16:00:22,Madison Ave & E 82 St,7188,W 42 St & 6 Ave,6517,40.7781314,-73.96069399,40.75492,-73.98455,casual
2391057,2E9924EC5DE01441,classic_bike,2021-09-24 17:22:10,2021-09-24 17:40:58,Madison Ave & E 82 St,7188,W 64 St & Thelonious Monk Circle,7123,40.7781314,-73.96069399,40.77515953434235,-73.98918695747852,member
2391076,AB8995E9D52ABB60,electric_bike,2021-09-20 11:31:39,2021-09-20 11:54:41,Madison Ave & E 82 St,7188,W 64 St & Thelonious Monk Circle,7123,40.7781314,-73.96069399,40.77515953434235,-73.98918695747852,member
2391078,12D00BF6F1CCF4C4,classic_bike,2021-09-21 08:44:12,2021-09-21 08:58:44,Madison Ave & E 82 St,7188,Broadway & W 56 St,6847,40.7781314,-73.96069399,40.7652654,-73.98192338,member
2391193,9A3266F2D8BCC682,classic_bike,2021-09-02 19:19:50,2021-09-02 19:39:50,Madison Ave & E 82 St,7188,W 42 St & 6 Ave,6517,40.7781314,-73.96069399,40.75492,-73.98455,member
2391205,155666A1C553B058,electric_bike,2021-09-14 22:00:13,2021-09-14 22:09:34,Madison Ave & E 82 St,7188,8 Ave & W 52 St,6816,40.7781314,-73.96069399,40.76370739,-73.9851615,member
2391283,FFCED8C91F32DF13,classic_bike,2021-09-13 20:42:02,2021-09-13 22:05:43,Madison Ave & E 82 St,7188,8 Ave & W 52 St,6816,40.7781314,-73.96069399,40.76370739,-73.9851615,casual
2391285,11E57C0386C96250,electric_bike,2021-09-11 15:18:41,2021-09-11 16:01:29,Madison Ave & E 82 St,7188,W 42 St & 6 Ave,6517,40.7781314,-73.96069399,40.75492,-73.98455,casual
2391377,1B0F53D51C02FC9D,electric_bike,2021-09-18 15:23:06,2021-09-18 15:43:50,Madison Ave & E 82 St,7188,W 64 St & Thelonious Monk Circle,7123,40.7781314,-73.96069399,40.77515953434235,-73.98918695747852,casual
2391444,CCA3F36B847DA92A,electric_bike,2021-09-26 14:58:05,2021-09-26 15:26:37,Madison Ave & E 82 St,7188,E 4 St & 2 Ave,5593,40.7781314,-73.96069399,40.7262807,-73.98978041,casual
2392362,A67AAEAB9AB13D62,classic_bike,2021-09-18 13:56:32,2021-09-18 14:11:33,Madison Ave & E 82 St,7188,Broadway & W 56 St,6847,40.7781314,-73.96069399,40.7652654,-73.98192338,member
2392363,A9F3DBB35E0960A9,classic_bike,2021-09-07 18:51:28,2021-09-07 19:19:52,Madison Ave & E 82 St,7188,W 18 St & 6 Ave,6064,40.7781314,-73.96069399,40.73971301,-73.99456405,member
2392383,67DB5890D52897B0,classic_bike,2021-09-10 15:11:20,2021-09-10 15:47:43,Madison Ave & E 82 St,7188,Broadway & W 56 St,6847,40.7781314,-73.96069399,40.7652654,-73.98192338,casual
2395421,46CA621838228024,electric_bike,2021-09-06 19:42:28,2021-09-06 19:54:30,Madison Ave & E 82 St,7188,8 Ave & W 52 St,6816,40.7781314,-73.96069399,40.76370739,-73.9851615,member
2395454,5EFBB03FFFE916D6,electric_bike,2021-09-18 15:23:34,2021-09-18 15:43:42,Madison Ave & E 82 St,7188,W 64 St & Thelonious Monk Circle,7123,40.7781314,-73.96069399,40.77515953434235,-73.98918695747852,casual
2395589,1B94CD47BF58AA8D,classic_bike,2021-09-30 11:23:00,2021-09-30 11:43:54,Madison Ave & E 82 St,7188,Broadway & W 56 St,6847,40.7781314,-73.96069399,40.7652654,-73.98192338,member
2395608,D87AEB0E28585881,classic_bike,2021-09-16 15:30:20,2021-09-16 15:49:24,Madison Ave & E 82 St,7188,Broadway & W 56 St,6847,40.7781314,-73.96069399,40.7652654,-73.98192338,member
2395726,5A360842B7144B7B,classic_bike,2021-09-18 12:08:43,2021-09-18 13:50:10,Madison Ave & E 82 St,7188,Little West St & 1 Pl,5001,40.7781314,-73.96069399,40.70569254,-74.01677685,casual
2399700,FDB629297AE96DC6,classic_bike,2021-09-12 07:15:50,2021-09-12 07:31:33,Madison Ave & E 82 St,7188,Broadway & W 56 St,6847,40.7781314,-73.96069399,40.7652654,-73.98192338,member
2399707,D152193E1527D900,electric_bike,2021-09-23 08:33:59,2021-09-23 08:52:41,Madison Ave & E 82 St,7188,W 18 St & 6 Ave,6064,40.7781314,-73.96069399,40.73971301,-73.99456405,member
2399719,B0BA4856AB59A8C5,classic_bike,2021-09-24 16:33:32,2021-09-24 16:47:43,Madison Ave & E 82 St,7188,Broadway & W 56 St,6847,40.7781314,-73.96069399,40.7652654,-73.98192338,casual
2409585,DBF63101B431409A,classic_bike,2021-09-29 12:54:02,2021-09-29 13:11:56,Madison Ave & E 82 St,7188,W 63 St & Broadway,7052,40.7781314,-73.96069399,40.77163851,-73.98261428,casual
2409618,DF266F7D70BDDD51,electric_bike,2021-09-26 12:39:52,2021-09-26 13:45:32,Madison Ave & E 82 St,7188,E 76 St & Park Ave,7128,40.7781314,-73.96069399,40.773763,-73.96222088,casual
2409624,FB45BF69C1A0BBB9,electric_bike,2021-09-08 14:12:48,2021-09-08 14:24:26,Madison Ave & E 82 St,7188,W 116 St & Amsterdam Ave,7692,40.7781314,-73.96069399,40.8067581,-73.9607082,casual
2409661,12D2A1A83B2D0D8C,classic_bike,2021-09-12 14:30:50,2021-09-12 14:37:52,Madison Ave & E 82 St,7188,E 76 St & Park Ave,7128,40.7781314,-73.96069399,40.773763,-73.96222088,member
2409666,3D9C6C946BF2A82C,classic_bike,2021-09-24 17:20:02,2021-09-24 17:37:32,Madison Ave & E 82 St,7188,E 76 St & Park Ave,7128,40.7781314,-73.96069399,40.773763,-73.96222088,member
2409676,8D3B2746058CAA55,classic_bike,2021-09-16 07:30:53,2021-09-16 07:33:19,Madison Ave & E 82 St,7188,E 76 St & Park Ave,7128,40.7781314,-73.96069399,40.773763,-73.96222088,member
2409684,3FEFEB891843111C,classic_bike,2021-09-15 10:19:03,2021-09-15 11:04:09,Madison Ave & E 82 St,7188,E 76 St & Park Ave,7128,40.7781314,-73.96069399,40.773763,-73.96222088,member
2409689,79076E5E364D0837,classic_bike,2021-09-25 19:20:39,2021-09-25 19:23:41,Madison Ave & E 82 St,7188,E 76 St & Park Ave,7128,40.7781314,-73.96069399,40.773763,-73.96222088,member
2409700,B57D0FF1E73E4B4F,electric_bike,2021-09-14 19:58:43,2021-09-14 20:03:04,Madison Ave & E 82 St,7188,E 76 St & Park Ave,7128,40.7781314,-73.96069399,40.773763,-73.96222088,member
2409705,42DDD51BE6129B7B,classic_bike,2021-09-24 20:22:26,2021-09-24 20:50:10,Madison Ave & E 82 St,7188,W 63 St & Broadway,7052,40.7781314,-73.96069399,40.77163851,-73.98261428,casual
2412215,D4A894938E4CD1BE,classic_bike,2021-09-28 10:09:50,2021-09-28 10:22:40,E 81 St & Park Ave,7188,W 63 St & Broadway,7052,40.77677702,-73.9590097,40.77163851,-73.98261428,member
2412327,1E406C21925CC339,electric_bike,2021-09-28 18:16:07,2021-09-28 18:30:18,E 81 St & Park Ave,7188,W 63 St & Broadway,7052,40.77677702,-73.9590097,40.77163851,-73.98261428,member
2412328,47C647C73A242AD1,classic_bike,2021-09-18 09:25:33,2021-09-18 09:42:12,E 81 St & Park Ave,7188,W 63 St & Broadway,7052,40.77677702,-73.9590097,40.77163851,-73.98261428,member
2412338,2BB3ED5723D3B587,electric_bike,2021-09-26 07:54:29,2021-09-26 08:22:53,E 81 St & Park Ave,7188,W 63 St & Broadway,7052,40.77677702,-73.9590097,40.77163851,-73.98261428,member
2412347,D2939A3F630EA40A,electric_bike,2021-09-21 13:02:22,2021-09-21 13:32:06,E 81 St & Park Ave,7188,W 30 St & 10 Ave,6459,40.77677702,-73.9590097,40.752694,-74.002353,member
2412349,9DED7FFB926313F5,electric_bike,2021-09-06 08:03:35,2021-09-06 08:14:04,E 81 St & Park Ave,7188,E 76 St & Park Ave,7128,40.77677702,-73.9590097,40.773763,-73.96222088,casual
2412359,B4563B120600259A,classic_bike,2021-09-21 21:23:46,2021-09-21 21:25:46,E 81 St & Park Ave,7188,E 76 St & Park Ave,7128,40.77677702,-73.9590097,40.773763,-73.96222088,member
2412375,6201ACC792F549EF,classic_bike,2021-09-25 17:20:30,2021-09-25 17:22:20,E 81 St & Park Ave,7188,E 76 St & Park Ave,7128,40.77677702,-73.9590097,40.773763,-73.96222088,member
2412419,50DDFECB36329328,classic_bike,2021-09-18 14:44:29,2021-09-18 15:27:38,E 81 St & Park Ave,7188,Morris Ave & McClellan St,8107,40.77677702,-73.9590097,40.831584,-73.9149,casual
2413277,02A63DA599C6B2EC,classic_bike,2021-09-11 13:56:43,2021-09-11 14:42:14,Madison Ave & E 82 St,7188,E 76 St & Park Ave,7128,40.7781314,-73.96069399,40.773763,-73.96222088,casual
2413279,2EE5889FE33C20A4,electric_bike,2021-09-12 09:58:50,2021-09-12 10:01:12,Madison Ave & E 82 St,7188,E 76 St & Park Ave,7128,40.7781314,-73.96069399,40.773763,-73.96222088,casual
2415390,07E622F4D76E5C83,classic_bike,2021-09-27 13:06:35,2021-09-27 13:08:30,E 81 St & Park Ave,7188,E 76 St & Park Ave,7128,40.77677702,-73.9590097,40.773763,-73.96222088,member
2415433,C2B9BAB8F0906435,electric_bike,2021-09-30 09:54:50,2021-09-30 09:56:29,E 81 St & Park Ave,7188,E 76 St & Park Ave,7128,40.77677702,-73.9590097,40.773763,-73.96222088,member
2415438,13A5C24A5E387326,classic_bike,2021-09-10 17:52:55,2021-09-10 18:05:13,E 81 St & Park Ave,7188,W 63 St & Broadway,7052,40.77677702,-73.9590097,40.77163851,-73.98261428,casual
2415453,60439C43971ED0F0,classic_bike,2021-09-13 10:45:33,2021-09-13 11:03:21,E 81 St & Park Ave,7188,W 63 St & Broadway,7052,40.77677702,-73.9590097,40.77163851,-73.98261428,member
2415454,7D323154F4F487F3,classic_bike,2021-09-15 10:27:52,2021-09-15 10:42:23,E 81 St & Park Ave,7188,W 63 St & Broadway,7052,40.77677702,-73.9590097,40.77163851,-73.98261428,member
2415541,994E6FDBF0BEA4D3,classic_bike,2021-09-14 16:53:07,2021-09-14 17:11:56,E 81 St & Park Ave,7188,W 63 St & Broadway,7052,40.77677702,-73.9590097,40.77163851,-73.98261428,member
2421906,ED5F220EC14ECC76,classic_bike,2021-09-17 14:07:03,2021-09-17 14:11:17,Madison Ave & E 82 St,7188,E 76 St & Park Ave,7128,40.7781314,-73.96069399,40.773763,-73.96222088,member
2421907,FF4DF2D6B8374655,classic_bike,2021-09-17 13:56:29,2021-09-17 14:01:13,Madison Ave & E 82 St,7188,E 76 St & Park Ave,7128,40.7781314,-73.96069399,40.773763,-73.96222088,member
2421939,288C798F7D2B4C1A,classic_bike,2021-09-02 21:38:12,2021-09-02 21:45:47,Madison Ave & E 82 St,7188,E 76 St & Park Ave,7128,40.7781314,-73.96069399,40.773763,-73.96222088,member
2421944,1FA5A068C944C566,classic_bike,2021-09-23 15:37:33,2021-09-23 16:24:52,Madison Ave & E 82 St,7188,E 76 St & Park Ave,7128,40.7781314,-73.96069399,40.773763,-73.96222088,casual
2421952,A9BEB1618154E9EC,classic_bike,2021-09-20 17:20:04,2021-09-20 17:25:17,Madison Ave & E 82 St,7188,E 76 St & Park Ave,7128,40.7781314,-73.96069399,40.773763,-73.96222088,member
2421980,4BB551FCD6B4C08D,classic_bike,2021-09-13 13:34:40,2021-09-13 13:38:05,Madison Ave & E 82 St,7188,E 76 St & Park Ave,7128,40.7781314,-73.96069399,40.773763,-73.96222088,member
2421992,FB882718AC01BE37,classic_bike,2021-09-11 13:56:02,2021-09-11 14:42:07,Madison Ave & E 82 St,7188,E 76 St & Park Ave,7128,40.7781314,-73.96069399,40.773763,-73.96222088,casual
2421999,59CD2223F6D394C2,classic_bike,2021-09-10 17:58:23,2021-09-10 18:02:22,Madison Ave & E 82 St,7188,E 76 St & Park Ave,7128,40.7781314,-73.96069399,40.773763,-73.96222088,member
2422029,B4066D5A20434137,classic_bike,2021-09-03 12:14:09,2021-09-03 12:28:01,Madison Ave & E 82 St,7188,W 63 St & Broadway,7052,40.7781314,-73.96069399,40.77163851,-73.98261428,member
2422046,B5D60F95D07B0650,classic_bike,2021-09-22 11:36:37,2021-09-22 11:39:49,Madison Ave & E 82 St,7188,E 76 St & Park Ave,7128,40.7781314,-73.96069399,40.773763,-73.96222088,member
2422090,9B0AC8A6FE4BAA0C,electric_bike,2021-09-23 11:36:13,2021-09-23 11:46:46,Madison Ave & E 82 St,7188,W 63 St & Broadway,7052,40.7781314,-73.96069399,40.77163851,-73.98261428,member
2422112,A7B541D172CA6086,electric_bike,2021-09-24 12:40:39,2021-09-24 12:52:42,Madison Ave & E 82 St,7188,W 63 St & Broadway,7052,40.7781314,-73.96069399,40.77163851,-73.98261428,casual
2422119,24C8C11309E19F38,classic_bike,2021-09-13 21:38:40,2021-09-13 22:45:18,Madison Ave & E 82 St,7188,E 76 St & Park Ave,7128,40.7781314,-73.96069399,40.773763,-73.96222088,casual
2422151,9ED2C7149561E8B8,electric_bike,2021-09-26 12:39:14,2021-09-26 13:45:49,Madison Ave & E 82 St,7188,E 76 St & Park Ave,7128,40.7781314,-73.96069399,40.773763,-73.96222088,casual
2422209,836AEC98BBC3105C,electric_bike,2021-09-24 12:59:49,2021-09-24 13:43:32,Madison Ave & E 82 St,7188,Carmine St & 6 Ave,5763,40.7781314,-73.96069399,40.73038599,-74.00214988,member
2422215,B9FECFC38D37624D,classic_bike,2021-09-25 18:27:15,2021-09-25 19:08:27,Madison Ave & E 82 St,7188,W 63 St & Broadway,7052,40.7781314,-73.96069399,40.77163851,-73.98261428,casual
2422226,558946E4B8368E60,electric_bike,2021-09-26 12:44:57,2021-09-26 13:20:07,Madison Ave & E 82 St,7188,Carmine St & 6 Ave,5763,40.7781314,-73.96069399,40.73038599,-74.00214988,member
2422252,7B0E053A04E1A287,electric_bike,2021-09-16 11:43:44,2021-09-16 11:56:28,Madison Ave & E 82 St,7188,W 116 St & Amsterdam Ave,7692,40.7781314,-73.96069399,40.8067581,-73.9607082,casual
2422291,7436C08DB079B1AB,electric_bike,2021-09-20 18:17:15,2021-09-20 18:30:09,Madison Ave & E 82 St,7188,W 116 St & Amsterdam Ave,7692,40.7781314,-73.96069399,40.8067581,-73.9607082,member
2422293,1D4D41B106899525,classic_bike,2021-09-19 13:15:56,2021-09-19 13:34:46,Madison Ave & E 82 St,7188,E 76 St & Park Ave,7128,40.7781314,-73.96069399,40.773763,-73.96222088,member
2424113,735EC77734842740,classic_bike,2021-09-15 10:37:21,2021-09-15 10:49:21,E 81 St & Park Ave,7188,W 63 St & Broadway,7052,40.77677702,-73.9590097,40.77163851,-73.98261428,member
2424150,0A64C50A08B989B1,classic_bike,2021-09-09 21:46:41,2021-09-09 21:48:50,E 81 St & Park Ave,7188,E 76 St & Park Ave,7128,40.77677702,-73.9590097,40.773763,-73.96222088,member
2424159,C36A1A1FC26703C9,classic_bike,2021-09-14 08:06:38,2021-09-14 08:09:50,E 81 St & Park Ave,7188,E 76 St & Park Ave,7128,40.77677702,-73.9590097,40.773763,-73.96222088,casual
2424161,FC2D33B2AE850AAB,classic_bike,2021-09-06 16:14:23,2021-09-06 16:17:43,E 81 St & Park Ave,7188,E 76 St & Park Ave,7128,40.77677702,-73.9590097,40.773763,-73.96222088,member
2424162,0E60908BBA07991A,classic_bike,2021-09-25 11:47:30,2021-09-25 11:50:20,E 81 St & Park Ave,7188,E 76 St & Park Ave,7128,40.77677702,-73.9590097,40.773763,-73.96222088,member
2424175,3073C6AAC86EF393,electric_bike,2021-09-26 10:25:21,2021-09-26 10:46:10,E 81 St & Park Ave,7188,W 30 St & 10 Ave,6459,40.77677702,-73.9590097,40.752694,-74.002353,member
2425094,557748D020B1FB27,electric_bike,2021-09-14 18:34:44,2021-09-14 18:43:30,E 81 St & Park Ave,7188,W 63 St & Broadway,7052,40.77677702,-73.9590097,40.77163851,-73.98261428,member
2425223,DC4A2F49BCE1615C,classic_bike,2021-09-30 13:50:39,2021-09-30 14:00:43,E 81 St & Park Ave,7188,W 63 St & Broadway,7052,40.77677702,-73.9590097,40.77163851,-73.98261428,member
2426115,B740A6942224F67B,classic_bike,2021-09-16 13:54:51,2021-09-16 14:09:34,E 81 St & Park Ave,7188,W 63 St & Broadway,7052,40.77677702,-73.9590097,40.77163851,-73.98261428,member
2426116,9F1109D7B0EA2A2A,classic_bike,2021-09-23 10:34:54,2021-09-23 10:49:44,E 81 St & Park Ave,7188,W 63 St & Broadway,7052,40.77677702,-73.9590097,40.77163851,-73.98261428,member
2426547,EF420BA87E7A8D4F,electric_bike,2021-09-21 17:49:02,2021-09-21 18:15:03,Madison Ave & E 82 St,7188,Carmine St & 6 Ave,5763,40.7781314,-73.96069399,40.73038599,-74.00214988,member
2426570,6CEEC6FB37083D04,electric_bike,2021-09-15 17:13:34,2021-09-15 17:21:31,Madison Ave & E 82 St,7188,W 63 St & Broadway,7052,40.7781314,-73.96069399,40.77163851,-73.98261428,member
2427687,25B49BC971E677A5,classic_bike,2021-09-07 07:04:02,2021-09-07 07:06:44,Madison Ave & E 82 St,7188,E 76 St & Park Ave,7128,40.7781314,-73.96069399,40.773763,-73.96222088,member
2427692,AD61368B8ACBCD16,classic_bike,2021-09-03 10:49:55,2021-09-03 11:03:22,Madison Ave & E 82 St,7188,W 63 St & Broadway,7052,40.7781314,-73.96069399,40.77163851,-73.98261428,member
2427708,01ED9A2FE229B707,classic_bike,2021-09-25 12:35:55,2021-09-25 12:51:43,Madison Ave & E 82 St,7188,W 63 St & Broadway,7052,40.7781314,-73.96069399,40.77163851,-73.98261428,casual
2427927,018A2CB2FB6CBC5E,classic_bike,2021-09-28 15:53:09,2021-09-28 16:06:04,Madison Ave & E 82 St,7188,W 63 St & Broadway,7052,40.7781314,-73.96069399,40.77163851,-73.98261428,member
2427928,F61757400888E048,classic_bike,2021-09-04 18:18:36,2021-09-04 18:37:06,Madison Ave & E 82 St,7188,W 116 St & Amsterdam Ave,7692,40.7781314,-73.96069399,40.8067581,-73.9607082,member
2438497,427C34DD175E554E,classic_bike,2021-09-14 01:13:11,2021-09-14 01:20:34,E 81 St & Park Ave,7188,E 76 St & Park Ave,7128,40.77677702,-73.9590097,40.773763,-73.96222088,member
2438824,D5A3874B11DCCE3B,electric_bike,2021-09-19 11:10:31,2021-09-19 11:23:19,Madison Ave & E 82 St,7188,W 63 St & Broadway,7052,40.7781314,-73.96069399,40.77163851,-73.98261428,member
2438853,587647EC54F033CB,classic_bike,2021-09-17 16:18:13,2021-09-17 16:26:58,Madison Ave & E 82 St,7188,W 63 St & Broadway,7052,40.7781314,-73.96069399,40.77163851,-73.98261428,member
2438872,8C87C0A9646E7948,classic_bike,2021-09-02 14:58:12,2021-09-02 15:12:07,Madison Ave & E 82 St,7188,W 63 St & Broadway,7052,40.7781314,-73.96069399,40.77163851,-73.98261428,member
2438896,593875CA05DA8915,classic_bike,2021-09-23 10:22:52,2021-09-23 10:26:00,Madison Ave & E 82 St,7188,E 76 St & Park Ave,7128,40.7781314,-73.96069399,40.773763,-73.96222088,member
2438906,9D2DC5E24A9DFCEF,classic_bike,2021-09-12 13:42:46,2021-09-12 14:24:18,Madison Ave & E 82 St,7188,E 76 St & Park Ave,7128,40.7781314,-73.96069399,40.773763,-73.96222088,casual
2438915,19ABD72A15356E99,classic_bike,2021-09-24 12:50:46,2021-09-24 13:13:18,Madison Ave & E 82 St,7188,Edgecombe Ave & W 141 St,7915,40.7781314,-73.96069399,40.820681,-73.945144,member
2439016,3786D77B1EDF2ABD,electric_bike,2021-09-10 16:50:40,2021-09-10 17:33:35,Madison Ave & E 82 St,7188,Carmine St & 6 Ave,5763,40.7781314,-73.96069399,40.73038599,-74.00214988,member
2439028,1B87FB8C8A4729BF,classic_bike,2021-09-23 15:34:30,2021-09-23 16:23:12,Madison Ave & E 82 St,7188,E 76 St & Park Ave,7128,40.7781314,-73.96069399,40.773763,-73.96222088,casual
2439058,5C6A08989DB07503,classic_bike,2021-09-16 10:58:17,2021-09-16 11:09:18,Madison Ave & E 82 St,7188,W 63 St & Broadway,7052,40.7781314,-73.96069399,40.77163851,-73.98261428,casual
2441589,FE6E5142FBA959CD,electric_bike,2021-09-11 15:06:03,2021-09-11 15:14:04,Madison Ave & E 82 St,7188,W 63 St & Broadway,7052,40.7781314,-73.96069399,40.77163851,-73.98261428,member
2441595,4FA1932C723304C9,classic_bike,2021-09-17 20:26:06,2021-09-17 20:39:03,Madison Ave & E 82 St,7188,W 63 St & Broadway,7052,40.7781314,-73.96069399,40.77163851,-73.98261428,member
2441604,37DEA28F8630AB71,electric_bike,2021-09-25 12:08:53,2021-09-25 12:24:42,Madison Ave & E 82 St,7188,W 116 St & Amsterdam Ave,7692,40.7781314,-73.96069399,40.8067581,-73.9607082,casual
2445154,29E4C9EDCE7B9CD2,electric_bike,2021-09-02 13:47:01,2021-09-02 14:08:28,E 81 St & Park Ave,7188,W 116 St & Amsterdam Ave,7692,40.77677702,-73.9590097,40.8067581,-73.9607082,member
2445156,EC4E0B8C4B422B9E,classic_bike,2021-09-10 13:50:25,2021-09-10 14:02:02,E 81 St & Park Ave,7188,W 63 St & Broadway,7052,40.77677702,-73.9590097,40.77163851,-73.98261428,casual
2445181,0598417E2DF5FB77,electric_bike,2021-09-10 08:33:18,2021-09-10 08:40:06,E 81 St & Park Ave,7188,E 76 St & Park Ave,7128,40.77677702,-73.9590097,40.773763,-73.96222088,casual
2445192,81A556D12EA7DF2B,classic_bike,2021-09-25 14:27:07,2021-09-25 15:58:17,E 81 St & Park Ave,7188,E 76 St & Park Ave,7128,40.77677702,-73.9590097,40.773763,-73.96222088,casual
2448453,90A5B86E7CB349F7,classic_bike,2021-09-14 10:34:36,2021-09-14 11:16:51,Madison Ave & E 82 St,7188,W 63 St & Broadway,7052,40.7781314,-73.96069399,40.77163851,-73.98261428,member
2448457,DFC8ED86D9BD7E38,electric_bike,2021-09-16 22:04:42,2021-09-16 22:13:31,Madison Ave & E 82 St,7188,W 63 St & Broadway,7052,40.7781314,-73.96069399,40.77163851,-73.98261428,member
2448460,03281FB5BE8AC81E,classic_bike,2021-09-09 13:02:49,2021-09-09 13:05:23,Madison Ave & E 82 St,7188,E 76 St & Park Ave,7128,40.7781314,-73.96069399,40.773763,-73.96222088,member
2448519,511B2DF08877D10A,classic_bike,2021-09-25 12:36:04,2021-09-25 12:52:14,Madison Ave & E 82 St,7188,W 63 St & Broadway,7052,40.7781314,-73.96069399,40.77163851,-73.98261428,casual
2448526,B2546C766B38F670,classic_bike,2021-09-24 14:33:30,2021-09-24 14:36:17,Madison Ave & E 82 St,7188,E 76 St & Park Ave,7128,40.7781314,-73.96069399,40.773763,-73.96222088,member
2448544,019D420D0459FEF5,classic_bike,2021-09-10 18:14:44,2021-09-10 18:18:53,Madison Ave & E 82 St,7188,E 76 St & Park Ave,7128,40.7781314,-73.96069399,40.773763,-73.96222088,member
2448548,D15AA72AEE72283D,classic_bike,2021-09-16 11:21:42,2021-09-16 11:36:08,Madison Ave & E 82 St,7188,W 116 St & Amsterdam Ave,7692,40.7781314,-73.96069399,40.8067581,-73.9607082,member
2448569,F28A0B66BE2D44DE,classic_bike,2021-09-11 16:55:25,2021-09-11 16:58:02,Madison Ave & E 82 St,7188,E 76 St & Park Ave,7128,40.7781314,-73.96069399,40.773763,-73.96222088,member
2448606,5F65D640B8959E11,electric_bike,2021-09-23 05:59:20,2021-09-23 06:07:06,Madison Ave & E 82 St,7188,W 63 St & Broadway,7052,40.7781314,-73.96069399,40.77163851,-73.98261428,member
2448624,B93C6770E2F16871,classic_bike,2021-09-03 13:38:35,2021-09-03 13:42:57,Madison Ave & E 82 St,7188,E 76 St & Park Ave,7128,40.7781314,-73.96069399,40.773763,-73.96222088,casual
2448650,C5F411DA9A5ADD8A,classic_bike,2021-09-23 08:47:06,2021-09-23 08:50:14,Madison Ave & E 82 St,7188,E 76 St & Park Ave,7128,40.7781314,-73.96069399,40.773763,-73.96222088,member
2448653,3767850F5F3AAB4D,classic_bike,2021-09-11 16:46:41,2021-09-11 16:49:17,Madison Ave & E 82 St,7188,E 76 St & Park Ave,7128,40.7781314,-73.96069399,40.773763,-73.96222088,member
2450571,22DF6FEFDA02A8AA,classic_bike,2021-09-25 14:49:10,2021-09-25 15:21:28,Madison Ave & E 82 St,7188,W 63 St & Broadway,7052,40.7781314,-73.96069399,40.77163851,-73.98261428,casual
2450587,536396CBC20DC723,classic_bike,2021-09-11 14:58:33,2021-09-11 15:14:15,Madison Ave & E 82 St,7188,W 63 St & Broadway,7052,40.7781314,-73.96069399,40.77163851,-73.98261428,member
2450600,F4CFB79E4B461831,classic_bike,2021-09-30 15:07:27,2021-09-30 15:22:40,Madison Ave & E 82 St,7188,W 63 St & Broadway,7052,40.7781314,-73.96069399,40.77163851,-73.98261428,member
2451316,B4154F59B7FBF639,classic_bike,2021-09-02 14:35:40,2021-09-02 14:38:27,Madison Ave & E 82 St,7188,E 76 St & Park Ave,7128,40.7781314,-73.96069399,40.773763,-73.96222088,member
2451325,34F110D584791D59,classic_bike,2021-09-22 08:27:27,2021-09-22 08:30:50,Madison Ave & E 82 St,7188,E 76 St & Park Ave,7128,40.7781314,-73.96069399,40.773763,-73.96222088,member
2451342,A40DC9479668351A,classic_bike,2021-09-11 15:09:37,2021-09-11 16:54:37,Madison Ave & E 82 St,7188,E 76 St & Park Ave,7128,40.7781314,-73.96069399,40.773763,-73.96222088,casual
2451361,7694CFC6AA712CCA,classic_bike,2021-09-12 13:39:41,2021-09-12 14:24:24,Madison Ave & E 82 St,7188,E 76 St & Park Ave,7128,40.7781314,-73.96069399,40.773763,-73.96222088,casual
2451569,04C0ACB9EC20507B,classic_bike,2021-09-16 19:37:12,2021-09-16 19:53:31,E 81 St & Park Ave,7188,E 55 St & 2 Ave,6650,40.77677702,-73.9590097,40.75797322,-73.96603308,member
2451572,BB5B18EE6B870670,electric_bike,2021-09-28 13:45:05,2021-09-28 13:59:37,E 81 St & Park Ave,7188,Lexington Ave & E 111 St,7567,40.77677702,-73.9590097,40.7954121,-73.9441232,member
2451715,9A852F29B6E70C95,classic_bike,2021-09-06 16:58:35,2021-09-06 17:11:10,Madison Ave & E 82 St,7188,E 55 St & 2 Ave,6650,40.7781314,-73.96069399,40.75797322,-73.96603308,member
2451887,7F71EE668D48E1C7,electric_bike,2021-09-22 19:07:46,2021-09-22 19:18:40,Madison Ave & E 82 St,7188,W 63 St & Broadway,7052,40.7781314,-73.96069399,40.77163851,-73.98261428,casual
2451889,85AD1A12041769D3,classic_bike,2021-09-27 12:16:05,2021-09-27 12:28:34,Madison Ave & E 82 St,7188,W 63 St & Broadway,7052,40.7781314,-73.96069399,40.77163851,-73.98261428,casual
2451891,5609F84B74106F07,electric_bike,2021-09-10 21:17:28,2021-09-10 21:32:10,Madison Ave & E 82 St,7188,W 116 St & Amsterdam Ave,7692,40.7781314,-73.96069399,40.8067581,-73.9607082,casual
2454496,16E5C41FC4E6564C,electric_bike,2021-09-26 19:08:46,2021-09-26 19:21:18,E 81 St & Park Ave,7188,E 55 St & 2 Ave,6650,40.77677702,-73.9590097,40.75797322,-73.96603308,member
2454500,B91B1158D74ED3F4,classic_bike,2021-09-30 11:30:01,2021-09-30 11:45:47,E 81 St & Park Ave,7188,E 55 St & 2 Ave,6650,40.77677702,-73.9590097,40.75797322,-73.96603308,member
2454502,2D035A96F67BE078,electric_bike,2021-09-09 16:13:56,2021-09-09 16:33:34,E 81 St & Park Ave,7188,Lexington Ave & E 111 St,7567,40.77677702,-73.9590097,40.7954121,-73.9441232,casual
2457292,47B91852B4570AEB,classic_bike,2021-09-30 17:11:10,2021-09-30 17:25:00,E 81 St & Park Ave,7188,E 55 St & 2 Ave,6650,40.77677702,-73.9590097,40.75797322,-73.96603308,member
2457293,938FB5B41745421F,classic_bike,2021-09-10 08:38:35,2021-09-10 08:51:05,E 81 St & Park Ave,7188,E 55 St & 2 Ave,6650,40.77677702,-73.9590097,40.75797322,-73.96603308,member
2457296,BA2FF7A02BF0EAE8,classic_bike,2021-09-21 18:10:00,2021-09-21 18:24:57,E 81 St & Park Ave,7188,E 55 St & 2 Ave,6650,40.77677702,-73.9590097,40.75797322,-73.96603308,member
2457298,722D41FB0933A9EC,electric_bike,2021-09-06 00:30:47,2021-09-06 00:42:05,E 81 St & Park Ave,7188,Lexington Ave & E 111 St,7567,40.77677702,-73.9590097,40.7954121,-73.9441232,member
2457304,EBADA2B7274EA7EC,electric_bike,2021-09-06 00:31:00,2021-09-06 00:42:04,E 81 St & Park Ave,7188,Lexington Ave & E 111 St,7567,40.77677702,-73.9590097,40.7954121,-73.9441232,casual
2460976,DDA41F6692E76A6C,classic_bike,2021-09-24 19:02:09,2021-09-24 19:38:33,Madison Ave & E 82 St,7188,Amsterdam Ave & W 156 St,8104,40.7781314,-73.96069399,40.832081,-73.942386,member
2461014,88222CE65D7194CC,classic_bike,2021-09-22 12:09:40,2021-09-22 12:21:02,Madison Ave & E 82 St,7188,E 55 St & 2 Ave,6650,40.7781314,-73.96069399,40.75797322,-73.96603308,member
2461810,F3595B47E5C75D73,classic_bike,2021-09-06 16:13:50,2021-09-06 16:30:43,Madison Ave & E 82 St,7188,E 55 St & 2 Ave,6650,40.7781314,-73.96069399,40.75797322,-73.96603308,casual
2461841,AC168245EFBA3819,classic_bike,2021-09-17 18:45:11,2021-09-17 19:06:07,Madison Ave & E 82 St,7188,Lexington Ave & E 111 St,7567,40.7781314,-73.96069399,40.7954121,-73.9441232,member
2463414,15D3379173103E0F,electric_bike,2021-09-26 20:23:00,2021-09-26 21:06:10,Madison Ave & E 82 St,7188,Amsterdam Ave & W 189 St,8432,40.7781314,-73.96069399,40.853142,-73.927094,member
2463463,CD87910B8496FE88,classic_bike,2021-09-11 16:30:42,2021-09-11 16:49:27,Madison Ave & E 82 St,7188,E 55 St & 2 Ave,6650,40.7781314,-73.96069399,40.75797322,-73.96603308,casual
2463507,8ED1DDAA67DD636D,classic_bike,2021-09-23 11:01:41,2021-09-23 11:21:36,Madison Ave & E 82 St,7188,E 55 St & 2 Ave,6650,40.7781314,-73.96069399,40.75797322,-73.96603308,casual
2463509,70C33F6A1FF672B7,classic_bike,2021-09-12 16:55:53,2021-09-12 17:30:26,Madison Ave & E 82 St,7188,Lexington Ave & E 111 St,7567,40.7781314,-73.96069399,40.7954121,-73.9441232,casual
2463648,050FE7AA1533E469,classic_bike,2021-09-06 16:13:57,2021-09-06 16:30:51,Madison Ave & E 82 St,7188,E 55 St & 2 Ave,6650,40.7781314,-73.96069399,40.75797322,-73.96603308,casual
2463665,7174094E3DC95069,classic_bike,2021-09-11 16:27:53,2021-09-11 16:49:28,Madison Ave & E 82 St,7188,E 55 St & 2 Ave,6650,40.7781314,-73.96069399,40.75797322,-73.96603308,casual
2471109,27B7800512A1D70F,classic_bike,2021-09-22 18:24:42,2021-09-22 18:30:11,Madison Ave & E 82 St,7188,1 Ave & E 78 St,7020,40.7781314,-73.96069399,40.77140426,-73.9535166,member
2471130,4939AC10B4125964,electric_bike,2021-09-11 10:22:45,2021-09-11 11:01:01,Madison Ave & E 82 St,7188,1 Ave & E 78 St,7020,40.7781314,-73.96069399,40.77140426,-73.9535166,member
2471136,5017A456572FABDB,classic_bike,2021-09-24 17:23:20,2021-09-24 18:03:17,Madison Ave & E 82 St,7188,E 25 St & 2 Ave,6046,40.7781314,-73.96069399,40.73912601,-73.97973776,member
2471154,E85A67F9309544B6,electric_bike,2021-09-05 18:47:26,2021-09-05 19:33:08,Madison Ave & E 82 St,7188,Riverside Dr & W 153 St,8108,40.7781314,-73.96069399,40.832164,-73.949702,member
2471155,28CC9ED79A3726AC,classic_bike,2021-09-16 15:42:26,2021-09-16 15:47:50,Madison Ave & E 82 St,7188,1 Ave & E 78 St,7020,40.7781314,-73.96069399,40.77140426,-73.9535166,member
2471156,869AAC25A6FB8196,classic_bike,2021-09-24 17:24:00,2021-09-24 18:03:29,Madison Ave & E 82 St,7188,E 25 St & 2 Ave,6046,40.7781314,-73.96069399,40.73912601,-73.97973776,member
2471162,70C57790694C1063,classic_bike,2021-09-24 12:09:40,2021-09-24 12:16:20,Madison Ave & E 82 St,7188,1 Ave & E 78 St,7020,40.7781314,-73.96069399,40.77140426,-73.9535166,member
2471167,915DFF625E6C2A23,classic_bike,2021-09-23 16:29:39,2021-09-23 16:38:14,Madison Ave & E 82 St,7188,1 Ave & E 78 St,7020,40.7781314,-73.96069399,40.77140426,-73.9535166,member
2471170,79AFAEBD5BC3A31E,classic_bike,2021-09-06 13:18:56,2021-09-06 13:25:42,Madison Ave & E 82 St,7188,1 Ave & E 78 St,7020,40.7781314,-73.96069399,40.77140426,-73.9535166,casual
2471227,54A673EE4F001621,electric_bike,2021-09-11 10:24:59,2021-09-11 11:01:00,Madison Ave & E 82 St,7188,1 Ave & E 78 St,7020,40.7781314,-73.96069399,40.77140426,-73.9535166,member
2471232,C272D31634B97318,electric_bike,2021-09-18 10:28:46,2021-09-18 11:13:00,Madison Ave & E 82 St,7188,1 Ave & E 78 St,7020,40.7781314,-73.96069399,40.77140426,-73.9535166,member
2471289,16E7C01ED074C1F3,classic_bike,2021-09-30 17:50:13,2021-09-30 18:19:44,Madison Ave & E 82 St,7188,Washington Pl & 6 Ave,5838,40.7781314,-73.96069399,40.73224119,-74.00026394,member
2471305,9D4BEF8112358777,classic_bike,2021-09-23 14:10:42,2021-09-23 14:19:01,Madison Ave & E 82 St,7188,1 Ave & E 78 St,7020,40.7781314,-73.96069399,40.77140426,-73.9535166,member
2471312,D920C318B3F1C1B1,classic_bike,2021-09-05 17:49:41,2021-09-05 17:55:21,Madison Ave & E 82 St,7188,1 Ave & E 78 St,7020,40.7781314,-73.96069399,40.77140426,-73.9535166,member
2472128,ECF17D9F2266396A,classic_bike,2021-09-22 14:39:10,2021-09-22 14:47:10,Madison Ave & E 82 St,7188,1 Ave & E 78 St,7020,40.7781314,-73.96069399,40.77140426,-73.9535166,member
2472129,71BE80A9DE7AE5C9,classic_bike,2021-09-15 18:22:10,2021-09-15 18:32:25,Madison Ave & E 82 St,7188,1 Ave & E 78 St,7020,40.7781314,-73.96069399,40.77140426,-73.9535166,member
2472144,329150CA02C3CD89,classic_bike,2021-09-17 21:34:07,2021-09-17 21:40:51,Madison Ave & E 82 St,7188,1 Ave & E 78 St,7020,40.7781314,-73.96069399,40.77140426,-73.9535166,member
2472148,510FBBC62F2F6C41,classic_bike,2021-09-03 12:13:44,2021-09-03 12:42:05,Madison Ave & E 82 St,7188,E 25 St & 2 Ave,6046,40.7781314,-73.96069399,40.73912601,-73.97973776,casual
2472166,3154985340D79F68,electric_bike,2021-09-30 12:04:30,2021-09-30 17:03:37,Madison Ave & E 82 St,7188,1 Ave & E 78 St,7020,40.7781314,-73.96069399,40.77140426,-73.9535166,casual
2472194,5A054560090B252B,classic_bike,2021-09-18 17:00:00,2021-09-18 17:06:31,Madison Ave & E 82 St,7188,1 Ave & E 78 St,7020,40.7781314,-73.96069399,40.77140426,-73.9535166,member
2475601,224E2C66EFCDFE51,electric_bike,2021-09-10 17:20:31,2021-09-10 17:26:18,E 81 St & Park Ave,7188,1 Ave & E 78 St,7020,40.77677702,-73.9590097,40.77140426,-73.9535166,member
2475621,201F2EA50489853B,classic_bike,2021-09-29 19:51:22,2021-09-29 19:57:41,E 81 St & Park Ave,7188,1 Ave & E 78 St,7020,40.77677702,-73.9590097,40.77140426,-73.9535166,member
2475635,BCD50DFBCAB9C302,classic_bike,2021-09-10 17:35:56,2021-09-10 17:42:31,E 81 St & Park Ave,7188,1 Ave & E 78 St,7020,40.77677702,-73.9590097,40.77140426,-73.9535166,member
2475646,7DD86006BA834E95,classic_bike,2021-09-25 08:16:15,2021-09-25 08:21:31,E 81 St & Park Ave,7188,1 Ave & E 78 St,7020,40.77677702,-73.9590097,40.77140426,-73.9535166,member
2475654,63F7316C3D74D830,classic_bike,2021-09-18 16:08:03,2021-09-18 16:13:22,E 81 St & Park Ave,7188,1 Ave & E 78 St,7020,40.77677702,-73.9590097,40.77140426,-73.9535166,member
2475666,5C43950B952A0F94,classic_bike,2021-09-06 19:17:25,2021-09-06 19:24:14,E 81 St & Park Ave,7188,1 Ave & E 78 St,7020,40.77677702,-73.9590097,40.77140426,-73.9535166,member
2475676,16B469EDC39B34A2,classic_bike,2021-09-22 16:33:57,2021-09-22 16:38:59,E 81 St & Park Ave,7188,1 Ave & E 78 St,7020,40.77677702,-73.9590097,40.77140426,-73.9535166,member
2475710,F5A765AC62E9DF34,electric_bike,2021-09-02 22:34:41,2021-09-02 23:01:36,E 81 St & Park Ave,7188,E 25 St & 2 Ave,6046,40.77677702,-73.9590097,40.73912601,-73.97973776,member
2476975,C7B802B6579A0EA9,classic_bike,2021-09-04 08:07:18,2021-09-04 08:33:09,E 81 St & Park Ave,7188,Vernon Blvd & 41 Rd,6514,40.77677702,-73.9590097,40.7552433,-73.9485678,member
2484171,36A0A051B0AA239D,classic_bike,2021-09-26 16:11:55,2021-09-26 16:15:44,E 81 St & Park Ave,7188,1 Ave & E 78 St,7020,40.77677702,-73.9590097,40.77140426,-73.9535166,member
2484220,7874C7ED5E19E142,electric_bike,2021-09-20 17:17:25,2021-09-20 17:57:06,E 81 St & Park Ave,7188,1 Ave & E 78 St,7020,40.77677702,-73.9590097,40.77140426,-73.9535166,member
2486137,65C4CC84E05C1AC2,classic_bike,2021-09-25 10:44:40,2021-09-25 10:52:26,Madison Ave & E 82 St,7188,1 Ave & E 78 St,7020,40.7781314,-73.96069399,40.77140426,-73.9535166,member
2486155,13F0C7C657D8B723,classic_bike,2021-09-21 11:19:57,2021-09-21 11:44:58,Madison Ave & E 82 St,7188,E 25 St & 2 Ave,6046,40.7781314,-73.96069399,40.73912601,-73.97973776,casual
2487165,1BCA23E315F1C831,electric_bike,2021-09-12 10:34:43,2021-09-12 10:44:59,Madison Ave & E 82 St,7188,1 Ave & E 78 St,7020,40.7781314,-73.96069399,40.77140426,-73.9535166,member
2490854,309B4BBF1461B43C,classic_bike,2021-09-14 21:54:32,2021-09-14 22:01:23,E 81 St & Park Ave,7188,1 Ave & E 78 St,7020,40.77677702,-73.9590097,40.77140426,-73.9535166,casual
2491927,5B1903C01A74B011,electric_bike,2021-09-16 16:58:20,2021-09-16 17:28:15,Madison Ave & E 82 St,7188,1 Ave & E 78 St,7020,40.7781314,-73.96069399,40.77140426,-73.9535166,member
2491934,6A0542D59718782B,electric_bike,2021-09-01 13:47:14,2021-09-01 13:54:19,Madison Ave & E 82 St,7188,1 Ave & E 78 St,7020,40.7781314,-73.96069399,40.77140426,-73.9535166,member
2491945,43D9310A33028319,classic_bike,2021-09-11 17:06:53,2021-09-11 17:33:43,Madison Ave & E 82 St,7188,E 25 St & 2 Ave,6046,40.7781314,-73.96069399,40.73912601,-73.97973776,casual
2491947,51A009D8E43C91F7,classic_bike,2021-09-11 12:05:26,2021-09-11 12:12:27,Madison Ave & E 82 St,7188,1 Ave & E 78 St,7020,40.7781314,-73.96069399,40.77140426,-73.9535166,member
2492936,FC5E7BC0D3527741,electric_bike,2021-09-11 08:11:21,2021-09-11 08:15:30,E 81 St & Park Ave,7188,1 Ave & E 78 St,7020,40.77677702,-73.9590097,40.77140426,-73.9535166,member
2494314,D7776AB91A9966CC,classic_bike,2021-09-11 17:07:19,2021-09-11 17:33:53,Madison Ave & E 82 St,7188,E 25 St & 2 Ave,6046,40.7781314,-73.96069399,40.73912601,-73.97973776,member
2494822,DD7F130F01BD1047,electric_bike,2021-09-05 16:48:53,2021-09-05 17:31:33,Madison Ave & E 82 St,7188,1 Ave & E 78 St,7020,40.7781314,-73.96069399,40.77140426,-73.9535166,member
2497662,83F5FFE87FFE831E,electric_bike,2021-09-20 11:37:46,2021-09-20 12:15:43,Madison Ave & E 82 St,7188,W 20 St & 8 Ave,6224,40.7781314,-73.96069399,40.74345335,-74.00004031,member
2498399,D357D807085CA7F4,electric_bike,2021-09-24 09:58:00,2021-09-24 10:05:25,Madison Ave & E 82 St,7188,Amsterdam Ave & W 82 St,7360,40.7781314,-73.96069399,40.78524672,-73.97667321,member
2498479,5C62D8629BE5CE2C,classic_bike,2021-09-25 18:50:30,2021-09-25 19:14:17,E 81 St & Park Ave,7188,Amsterdam Ave & W 82 St,7360,40.77677702,-73.9590097,40.78524672,-73.97667321,casual
2505620,19972EAEE65ABD65,classic_bike,2021-09-25 18:23:03,2021-09-25 18:35:57,Madison Ave & E 82 St,7188,Amsterdam Ave & W 82 St,7360,40.7781314,-73.96069399,40.78524672,-73.97667321,member
2505621,BCF2A91177969E6B,classic_bike,2021-09-19 14:39:22,2021-09-19 14:53:08,Madison Ave & E 82 St,7188,Amsterdam Ave & W 82 St,7360,40.7781314,-73.96069399,40.78524672,-73.97667321,casual
2505713,D1DDD7FA7E511F6B,electric_bike,2021-09-08 15:44:43,2021-09-08 17:10:13,Madison Ave & E 82 St,7188,E 3 St & Church Ave,3046,40.7781314,-73.96069399,40.643817,-73.977433,casual
2505796,5F459B90D7A56674,electric_bike,2021-09-17 14:41:03,2021-09-17 15:01:44,Madison Ave & E 82 St,7188,Willis Ave & Bruckner Blvd,7691,40.7781314,-73.96069399,40.805701,-73.925177,member
2505833,57968896C26D85DE,classic_bike,2021-09-17 12:28:55,2021-09-17 12:46:14,Madison Ave & E 82 St,7188,Amsterdam Ave & W 82 St,7360,40.7781314,-73.96069399,40.78524672,-73.97667321,casual
2505888,5C6DEFC68DDE4129,electric_bike,2021-09-23 17:16:33,2021-09-23 18:08:21,E 81 St & Park Ave,7188,Lafayette Ave & Fort Greene Pl,4395,40.77677702,-73.9590097,40.68691865,-73.976682,casual
2506205,C5739960E831D7B0,classic_bike,2021-09-17 21:08:13,2021-09-17 21:22:20,Madison Ave & E 82 St,7188,Amsterdam Ave & W 82 St,7360,40.7781314,-73.96069399,40.78524672,-73.97667321,casual
2506960,880BB4F038D6C64B,electric_bike,2021-09-29 13:38:07,2021-09-29 13:45:07,Madison Ave & E 82 St,7188,Amsterdam Ave & W 82 St,7360,40.7781314,-73.96069399,40.78524672,-73.97667321,member
2507012,3BC8EDAAD463D321,electric_bike,2021-09-08 15:47:50,2021-09-08 16:27:36,Madison Ave & E 82 St,7188,Sands St & Jay St,4821,40.7781314,-73.96069399,40.700119,-73.9862,member
2513694,D1601B90E6B70057,classic_bike,2021-09-20 12:59:40,2021-09-20 13:13:38,Madison Ave & E 82 St,7188,Amsterdam Ave & W 82 St,7360,40.7781314,-73.96069399,40.78524672,-73.97667321,member
2513705,22EAC5206F87BB06,electric_bike,2021-09-12 10:10:11,2021-09-12 10:51:13,Madison Ave & E 82 St,7188,Sands St & Jay St,4821,40.7781314,-73.96069399,40.700119,-73.9862,member
2513785,108E8A5AAF026790,classic_bike,2021-09-19 18:18:48,2021-09-19 18:26:34,Madison Ave & E 82 St,7188,Amsterdam Ave & W 82 St,7360,40.7781314,-73.96069399,40.78524672,-73.97667321,casual
2513788,15368650A523AD4E,classic_bike,2021-09-27 08:59:20,2021-09-27 09:23:46,Madison Ave & E 82 St,7188,Amsterdam Ave & W 82 St,7360,40.7781314,-73.96069399,40.78524672,-73.97667321,casual
2513790,79D1AFBF70D7A838,classic_bike,2021-09-17 12:28:33,2021-09-17 12:45:57,Madison Ave & E 82 St,7188,Amsterdam Ave & W 82 St,7360,40.7781314,-73.96069399,40.78524672,-73.97667321,casual
2513926,B1F40CDEC9C0E0BE,classic_bike,2021-09-23 15:52:05,2021-09-23 16:35:35,Madison Ave & E 82 St,7188,Amsterdam Ave & W 82 St,7360,40.7781314,-73.96069399,40.78524672,-73.97667321,casual
2514168,E67B4864DB0A3AD6,classic_bike,2021-09-25 20:45:17,2021-09-25 21:18:50,Madison Ave & E 82 St,7188,W 20 St & 8 Ave,6224,40.7781314,-73.96069399,40.74345335,-74.00004031,casual
2514247,954CB9AC4B7501B7,electric_bike,2021-09-07 14:13:06,2021-09-07 14:20:30,Madison Ave & E 82 St,7188,Amsterdam Ave & W 82 St,7360,40.7781314,-73.96069399,40.78524672,-73.97667321,member
2527973,F42D198678AB8D20,electric_bike,2021-09-02 13:20:24,2021-09-02 14:04:12,E 81 St & Park Ave,7188,S 5 Pl & S 5 St,5125,40.77677702,-73.9590097,40.710451,-73.960876,member
2532234,5747A2E766ABB7A8,classic_bike,2021-09-20 10:53:18,2021-09-20 11:06:24,Madison Ave & E 82 St,7188,Lexington Ave & E 127 St,7662,40.7781314,-73.96069399,40.805726,-73.936322,member
2538489,541317C50D00D178,electric_bike,2021-09-22 17:34:16,2021-09-22 18:17:08,Madison Ave & E 82 St,7188,S 5 Pl & S 5 St,5125,40.7781314,-73.96069399,40.710451,-73.960876,member
2549384,C303263F0B021173,classic_bike,2021-09-11 14:37:46,2021-09-11 15:25:19,Madison Ave & E 82 St,7188,W 106 St & Central Park West,7606,40.7781314,-73.96069399,40.7981856,-73.9605909006,casual
2549386,DCA4D288D3BFE28C,classic_bike,2021-09-16 20:23:45,2021-09-16 20:41:16,Madison Ave & E 82 St,7188,W 106 St & Central Park West,7606,40.7781314,-73.96069399,40.7981856,-73.9605909006,member
2550391,C64A57D44F697AA5,classic_bike,2021-09-12 19:28:38,2021-09-12 19:54:29,E 81 St & Park Ave,7188,W 106 St & Central Park West,7606,40.77677702,-73.9590097,40.7981856,-73.9605909006,member
2554802,9D1BC7DF6A9A7449,classic_bike,2021-09-07 08:15:30,2021-09-07 08:28:08,Madison Ave & E 82 St,7188,W 59 St & 10 Ave,7023,40.7781314,-73.96069399,40.770513,-73.988038,member
2554815,4830429C93B5B039,classic_bike,2021-09-06 12:15:27,2021-09-06 12:52:14,Madison Ave & E 82 St,7188,W 106 St & Central Park West,7606,40.7781314,-73.96069399,40.7981856,-73.9605909006,casual
2554818,DF6D909BB08BE696,classic_bike,2021-09-18 13:32:11,2021-09-18 13:55:03,Madison Ave & E 82 St,7188,W 106 St & Central Park West,7606,40.7781314,-73.96069399,40.7981856,-73.9605909006,casual
2554837,6EBBF2464DFBB1AA,classic_bike,2021-09-12 11:31:23,2021-09-12 12:08:14,Madison Ave & E 82 St,7188,W 106 St & Central Park West,7606,40.7781314,-73.96069399,40.7981856,-73.9605909006,casual
2554861,88B139F56D4DDB7C,electric_bike,2021-09-30 10:53:59,2021-09-30 11:05:01,Madison Ave & E 82 St,7188,W 106 St & Central Park West,7606,40.7781314,-73.96069399,40.7981856,-73.9605909006,member
2554873,8AF1577CCFD745A5,classic_bike,2021-09-12 15:41:41,2021-09-12 16:28:30,Madison Ave & E 82 St,7188,W 106 St & Central Park West,7606,40.7781314,-73.96069399,40.7981856,-73.9605909006,casual
2554904,467D3109D8F27B62,classic_bike,2021-09-06 16:05:16,2021-09-06 16:21:02,Madison Ave & E 82 St,7188,W 59 St & 10 Ave,7023,40.7781314,-73.96069399,40.770513,-73.988038,casual
2554936,312D69FD4A084A11,classic_bike,2021-09-11 13:09:17,2021-09-11 13:29:34,Madison Ave & E 82 St,7188,W 106 St & Central Park West,7606,40.7781314,-73.96069399,40.7981856,-73.9605909006,casual
2555847,08C315B05DA344F8,electric_bike,2021-09-10 15:43:27,2021-09-10 15:59:00,E 81 St & Park Ave,7188,W 106 St & Central Park West,7606,40.77677702,-73.9590097,40.7981856,-73.9605909006,member
2555886,18A4FCF78AF06977,classic_bike,2021-09-23 09:15:25,2021-09-23 09:30:05,E 81 St & Park Ave,7188,W 106 St & Central Park West,7606,40.77677702,-73.9590097,40.7981856,-73.9605909006,member
2555916,35DE2AA7923DB9AC,electric_bike,2021-09-20 14:40:35,2021-09-20 14:51:24,E 81 St & Park Ave,7188,W 106 St & Central Park West,7606,40.77677702,-73.9590097,40.7981856,-73.9605909006,member
2555932,D95C0EC2C9A56A47,classic_bike,2021-09-12 23:20:15,2021-09-12 23:31:25,E 81 St & Park Ave,7188,W 59 St & 10 Ave,7023,40.77677702,-73.9590097,40.770513,-73.988038,casual
2555934,733BE5832A832EC5,classic_bike,2021-09-24 08:27:30,2021-09-24 08:41:42,E 81 St & Park Ave,7188,W 106 St & Central Park West,7606,40.77677702,-73.9590097,40.7981856,-73.9605909006,member
2556092,7EE3DC8C92879268,classic_bike,2021-09-05 10:56:29,2021-09-05 11:11:00,E 81 St & Park Ave,7188,W 106 St & Central Park West,7606,40.77677702,-73.9590097,40.7981856,-73.9605909006,member
2556547,B87FD6ABE439BA38,electric_bike,2021-09-15 19:02:09,2021-09-15 19:11:11,Madison Ave & E 82 St,7188,W 106 St & Central Park West,7606,40.7781314,-73.96069399,40.7981856,-73.9605909006,member
2556555,6B0DF85621B49F6C,classic_bike,2021-09-12 15:50:46,2021-09-12 16:28:12,Madison Ave & E 82 St,7188,W 106 St & Central Park West,7606,40.7781314,-73.96069399,40.7981856,-73.9605909006,casual
2557208,7F400A029A2C0622,classic_bike,2021-09-11 14:43:04,2021-09-11 15:24:51,Madison Ave & E 82 St,7188,W 106 St & Central Park West,7606,40.7781314,-73.96069399,40.7981856,-73.9605909006,casual
2557210,90B6A1D509F0C093,electric_bike,2021-09-08 13:09:07,2021-09-08 13:32:28,Madison Ave & E 82 St,7188,W 106 St & Central Park West,7606,40.7781314,-73.96069399,40.7981856,-73.9605909006,member
2559303,A94D5F4B8161D89C,classic_bike,2021-09-19 10:24:47,2021-09-19 10:42:32,E 81 St & Park Ave,7188,W 106 St & Central Park West,7606,40.77677702,-73.9590097,40.7981856,-73.9605909006,member
2565457,B0A970F58A6F04B5,electric_bike,2021-09-07 16:11:43,2021-09-07 16:23:43,Madison Ave & E 82 St,7188,W 59 St & 10 Ave,7023,40.7781314,-73.96069399,40.770513,-73.988038,member
2565528,2E2210F8502FBFA6,classic_bike,2021-09-12 16:40:25,2021-09-12 16:54:46,Madison Ave & E 82 St,7188,W 106 St & Central Park West,7606,40.7781314,-73.96069399,40.7981856,-73.9605909006,member
2565601,A0EBF90173939EE6,electric_bike,2021-09-26 08:30:05,2021-09-26 08:40:26,Madison Ave & E 82 St,7188,W 59 St & 10 Ave,7023,40.7781314,-73.96069399,40.770513,-73.988038,member
2565602,215C07B02753922F,classic_bike,2021-09-14 07:54:11,2021-09-14 08:05:34,Madison Ave & E 82 St,7188,W 59 St & 10 Ave,7023,40.7781314,-73.96069399,40.770513,-73.988038,member
2565626,9B7A718E9180EC3C,electric_bike,2021-09-25 08:15:32,2021-09-25 08:25:07,Madison Ave & E 82 St,7188,W 59 St & 10 Ave,7023,40.7781314,-73.96069399,40.770513,-73.988038,member
2565628,4C0F5933405030C9,classic_bike,2021-09-06 13:58:05,2021-09-06 14:21:43,Madison Ave & E 82 St,7188,W 106 St & Central Park West,7606,40.7781314,-73.96069399,40.7981856,-73.9605909006,member
2565656,63D513F07FBA6B38,classic_bike,2021-09-27 14:07:14,2021-09-27 14:22:07,Madison Ave & E 82 St,7188,W 106 St & Central Park West,7606,40.7781314,-73.96069399,40.7981856,-73.9605909006,casual
2565708,393168FCE37A3AF7,classic_bike,2021-09-16 20:24:04,2021-09-16 20:41:12,Madison Ave & E 82 St,7188,W 106 St & Central Park West,7606,40.7781314,-73.96069399,40.7981856,-73.9605909006,member
2565716,41159BB5826B42B2,electric_bike,2021-09-07 11:02:15,2021-09-07 11:22:23,Madison Ave & E 82 St,7188,W 59 St & 10 Ave,7023,40.7781314,-73.96069399,40.770513,-73.988038,member
2565723,6938DD4446A4CDE9,classic_bike,2021-09-11 13:10:00,2021-09-11 13:29:13,Madison Ave & E 82 St,7188,W 106 St & Central Park West,7606,40.7781314,-73.96069399,40.7981856,-73.9605909006,casual
2565785,1D6FC6C5FBB5B8D5,classic_bike,2021-09-17 17:19:42,2021-09-17 17:28:47,Madison Ave & E 82 St,7188,W 106 St & Central Park West,7606,40.7781314,-73.96069399,40.7981856,-73.9605909006,member
2565805,8832D4BD9C9CDF67,electric_bike,2021-09-03 18:39:22,2021-09-03 18:46:48,Madison Ave & E 82 St,7188,W 106 St & Central Park West,7606,40.7781314,-73.96069399,40.7981856,-73.9605909006,member
2565809,53B6CC70026A8DAC,classic_bike,2021-09-18 16:51:08,2021-09-18 17:15:22,Madison Ave & E 82 St,7188,W 106 St & Central Park West,7606,40.7781314,-73.96069399,40.7981856,-73.9605909006,casual
2565810,FCD73F3F2E130491,classic_bike,2021-09-18 13:32:44,2021-09-18 13:54:59,Madison Ave & E 82 St,7188,W 106 St & Central Park West,7606,40.7781314,-73.96069399,40.7981856,-73.9605909006,casual
2565893,453FC25947335C9A,classic_bike,2021-09-03 08:28:35,2021-09-03 08:40:51,Madison Ave & E 82 St,7188,W 59 St & 10 Ave,7023,40.7781314,-73.96069399,40.770513,-73.988038,member
2566462,B438F69473252F13,classic_bike,2021-09-27 17:13:33,2021-09-27 17:28:29,E 81 St & Park Ave,7188,W 106 St & Central Park West,7606,40.77677702,-73.9590097,40.7981856,-73.9605909006,member
2567958,18819AFD52F6BF08,electric_bike,2021-09-25 09:39:15,2021-09-25 10:01:04,Madison Ave & E 82 St,7188,W 59 St & 10 Ave,7023,40.7781314,-73.96069399,40.770513,-73.988038,member
2578097,DAFBF08E592D26EC,electric_bike,2021-09-24 11:42:02,2021-09-24 11:58:19,Madison Ave & E 82 St,7188,W 59 St & 10 Ave,7023,40.7781314,-73.96069399,40.770513,-73.988038,member
2578105,41793D3EF6E29F0D,classic_bike,2021-09-18 16:51:18,2021-09-18 17:15:33,Madison Ave & E 82 St,7188,W 106 St & Central Park West,7606,40.7781314,-73.96069399,40.7981856,-73.9605909006,casual
2578132,DE6A6AB9E597FDE3,classic_bike,2021-09-01 10:36:04,2021-09-01 10:56:12,Madison Ave & E 82 St,7188,W 106 St & Central Park West,7606,40.7781314,-73.96069399,40.7981856,-73.9605909006,member
2578136,0DF731BBC9450D28,classic_bike,2021-09-16 08:04:55,2021-09-16 08:17:58,Madison Ave & E 82 St,7188,W 59 St & 10 Ave,7023,40.7781314,-73.96069399,40.770513,-73.988038,member
2578143,F11F214D9203583D,classic_bike,2021-09-12 15:26:18,2021-09-12 15:43:39,Madison Ave & E 82 St,7188,W 59 St & 10 Ave,7023,40.7781314,-73.96069399,40.770513,-73.988038,member
2578248,40CC4D22B42A1690,classic_bike,2021-09-01 08:04:41,2021-09-01 08:16:08,Madison Ave & E 82 St,7188,W 59 St & 10 Ave,7023,40.7781314,-73.96069399,40.770513,-73.988038,member
2579914,38B7C3269B678262,classic_bike,2021-09-02 12:32:14,2021-09-02 12:51:25,Madison Ave & E 82 St,7188,W 59 St & 10 Ave,7023,40.7781314,-73.96069399,40.770513,-73.988038,member
2580216,8112821BDAF5A28F,classic_bike,2021-09-27 16:43:10,2021-09-27 17:00:46,Madison Ave & E 82 St,7188,1 Ave & E 62 St,6753,40.7781314,-73.96069399,40.7612274,-73.96094022,casual
2583016,E9068D18248D9C6A,electric_bike,2021-09-13 14:37:51,2021-09-13 15:12:00,E 81 St & Park Ave,7188,Riverside Dr & W 91 St,7524,40.77677702,-73.9590097,40.79313480986663,-73.97700369358063,casual
2583019,2F72A2A1B35CC88B,classic_bike,2021-09-30 07:47:14,2021-09-30 07:57:31,E 81 St & Park Ave,7188,2 Ave & E 96 St,7338,40.77677702,-73.9590097,40.7839636,-73.9471673,member
2583021,FA0D922868B45D15,classic_bike,2021-09-16 05:58:23,2021-09-16 06:09:27,E 81 St & Park Ave,7188,1 Ave & E 62 St,6753,40.77677702,-73.9590097,40.7612274,-73.96094022,member
2583035,C1C0C51088458181,electric_bike,2021-09-14 07:08:28,2021-09-14 07:18:34,E 81 St & Park Ave,7188,1 Ave & E 62 St,6753,40.77677702,-73.9590097,40.7612274,-73.96094022,member
2583079,6036684433D51696,classic_bike,2021-09-13 12:09:43,2021-09-13 12:48:06,E 81 St & Park Ave,7188,1 Ave & E 62 St,6753,40.77677702,-73.9590097,40.7612274,-73.96094022,member
2583091,118A115F6D718AA3,classic_bike,2021-09-10 14:22:02,2021-09-10 14:44:05,E 81 St & Park Ave,7188,Cathedral Pkwy & Broadway,7680,40.77677702,-73.9590097,40.804213,-73.96699104,member
2586378,0D71CCCD4120CB05,electric_bike,2021-09-17 10:51:20,2021-09-17 11:17:11,Madison Ave & E 82 St,7188,Cathedral Pkwy & Broadway,7680,40.7781314,-73.96069399,40.804213,-73.96699104,casual
2586400,F379E5CBA049CD9F,electric_bike,2021-09-28 14:45:22,2021-09-28 21:24:44,Madison Ave & E 82 St,7188,1 Ave & E 62 St,6753,40.7781314,-73.96069399,40.7612274,-73.96094022,member
2586402,B188D3454F225E84,classic_bike,2021-09-11 08:15:21,2021-09-11 09:24:45,Madison Ave & E 82 St,7188,2 Ave & E 96 St,7338,40.7781314,-73.96069399,40.7839636,-73.9471673,member
2586409,B84E727E45AF6E14,classic_bike,2021-09-25 12:04:19,2021-09-25 12:13:45,Madison Ave & E 82 St,7188,Riverside Dr & W 91 St,7524,40.7781314,-73.96069399,40.79313480986663,-73.97700369358063,member
2586412,3D41C6AF4A753606,classic_bike,2021-09-12 12:40:44,2021-09-12 13:01:00,Madison Ave & E 82 St,7188,1 Ave & E 62 St,6753,40.7781314,-73.96069399,40.7612274,-73.96094022,member
2586423,B5C25112005778E1,classic_bike,2021-09-24 19:12:12,2021-09-24 19:21:30,Madison Ave & E 82 St,7188,2 Ave & E 96 St,7338,40.7781314,-73.96069399,40.7839636,-73.9471673,casual
2586435,29080020CD4FC315,classic_bike,2021-09-19 16:41:03,2021-09-19 17:00:25,Madison Ave & E 82 St,7188,Cathedral Pkwy & Broadway,7680,40.7781314,-73.96069399,40.804213,-73.96699104,member
2586486,DF7510A5FF226D11,classic_bike,2021-09-20 09:30:18,2021-09-20 09:45:54,Madison Ave & E 82 St,7188,1 Ave & E 62 St,6753,40.7781314,-73.96069399,40.7612274,-73.96094022,casual
2586522,2933D2FA957E1E3A,classic_bike,2021-09-26 19:22:51,2021-09-26 19:41:16,Madison Ave & E 82 St,7188,1 Ave & E 62 St,6753,40.7781314,-73.96069399,40.7612274,-73.96094022,casual
2586523,7A909678FD903A12,classic_bike,2021-09-17 13:32:24,2021-09-17 13:50:28,Madison Ave & E 82 St,7188,1 Ave & E 62 St,6753,40.7781314,-73.96069399,40.7612274,-73.96094022,member
2586554,9D2433D95FDC8F92,electric_bike,2021-09-10 17:21:27,2021-09-10 17:30:06,Madison Ave & E 82 St,7188,1 Ave & E 62 St,6753,40.7781314,-73.96069399,40.7612274,-73.96094022,casual
2586576,0B520BB23A002C38,classic_bike,2021-09-06 16:30:07,2021-09-06 17:07:59,Madison Ave & E 82 St,7188,49 Ave & 21 St,6128,40.7781314,-73.96069399,40.74252,-73.948852,casual
2586580,32716DA067F3452B,electric_bike,2021-09-25 15:02:11,2021-09-25 15:08:10,Madison Ave & E 82 St,7188,2 Ave & E 96 St,7338,40.7781314,-73.96069399,40.7839636,-73.9471673,member
2586583,F689320E37CECDD2,classic_bike,2021-09-13 20:38:36,2021-09-13 20:47:27,Madison Ave & E 82 St,7188,2 Ave & E 96 St,7338,40.7781314,-73.96069399,40.7839636,-73.9471673,casual
2586585,9DA20BBA867693AC,classic_bike,2021-09-16 19:36:58,2021-09-16 19:44:28,Madison Ave & E 82 St,7188,2 Ave & E 96 St,7338,40.7781314,-73.96069399,40.7839636,-73.9471673,casual
2588245,052DEC8D9A169AE8,classic_bike,2021-09-12 12:40:44,2021-09-12 13:00:59,Madison Ave & E 82 St,7188,1 Ave & E 62 St,6753,40.7781314,-73.96069399,40.7612274,-73.96094022,member
2589248,D68B95C306BC44C2,classic_bike,2021-09-27 21:30:11,2021-09-27 21:38:03,E 81 St & Park Ave,7188,2 Ave & E 96 St,7338,40.77677702,-73.9590097,40.7839636,-73.9471673,casual
2589272,CA5A283F95B52D37,electric_bike,2021-09-30 07:15:10,2021-09-30 07:24:30,E 81 St & Park Ave,7188,1 Ave & E 62 St,6753,40.77677702,-73.9590097,40.7612274,-73.96094022,member
2589275,FD1F100DC00F3DDB,electric_bike,2021-09-01 17:03:55,2021-09-01 17:15:20,E 81 St & Park Ave,7188,1 Ave & E 62 St,6753,40.77677702,-73.9590097,40.7612274,-73.96094022,casual
2589330,5C3FE33EBC8ADD32,classic_bike,2021-09-25 16:01:23,2021-09-25 16:11:49,E 81 St & Park Ave,7188,1 Ave & E 62 St,6753,40.77677702,-73.9590097,40.7612274,-73.96094022,member
2594091,4C096D20C6E1ACEE,electric_bike,2021-09-20 12:51:48,2021-09-20 12:57:33,Madison Ave & E 82 St,7188,2 Ave & E 96 St,7338,40.7781314,-73.96069399,40.7839636,-73.9471673,casual
2594093,F39BC834318C9E89,electric_bike,2021-09-12 08:53:51,2021-09-12 09:03:24,Madison Ave & E 82 St,7188,2 Ave & E 96 St,7338,40.7781314,-73.96069399,40.7839636,-73.9471673,member
2594122,F1C7CFF1AD9F3D4F,electric_bike,2021-09-14 09:54:04,2021-09-14 10:00:19,Madison Ave & E 82 St,7188,2 Ave & E 96 St,7338,40.7781314,-73.96069399,40.7839636,-73.9471673,member
2594129,C9345E1DAA7101B6,classic_bike,2021-09-11 16:34:24,2021-09-11 17:15:02,Madison Ave & E 82 St,7188,2 Ave & E 96 St,7338,40.7781314,-73.96069399,40.7839636,-73.9471673,member
2594526,8311A444EADEBE65,classic_bike,2021-09-23 19:50:15,2021-09-23 19:59:08,Madison Ave & E 82 St,7188,2 Ave & E 96 St,7338,40.7781314,-73.96069399,40.7839636,-73.9471673,casual
2595817,6979BEBBF2D9E12A,classic_bike,2021-09-27 18:05:40,2021-09-27 18:18:54,E 81 St & Park Ave,7188,2 Ave & E 96 St,7338,40.77677702,-73.9590097,40.7839636,-73.9471673,casual
2595818,940596AD9149BFEF,electric_bike,2021-09-13 15:54:45,2021-09-13 16:06:58,E 81 St & Park Ave,7188,1 Ave & E 62 St,6753,40.77677702,-73.9590097,40.7612274,-73.96094022,casual
2596344,055E4F8B376421D8,classic_bike,2021-09-06 15:06:02,2021-09-06 15:21:49,Madison Ave & E 82 St,7188,1 Ave & E 62 St,6753,40.7781314,-73.96069399,40.7612274,-73.96094022,member
2597284,B10DFAD4FA80623A,classic_bike,2021-09-23 15:59:52,2021-09-23 16:24:57,E 81 St & Park Ave,7188,E 147 St & Bergen Ave,7840,40.77677702,-73.9590097,40.814673,-73.91839,member
2598976,E3F79218DD2712FA,classic_bike,2021-09-26 18:10:43,2021-09-26 18:52:51,Madison Ave & E 82 St,7188,St Marks Pl & 1 Ave,5626,40.7781314,-73.96069399,40.72779126,-73.98564945,member
2601752,F49EB6D77AF89222,electric_bike,2021-09-23 14:00:17,2021-09-23 14:23:29,Madison Ave & E 82 St,7188,St Marks Pl & 1 Ave,5626,40.7781314,-73.96069399,40.72779126,-73.98564945,member
2602699,12FE4D540AA021CA,classic_bike,2021-09-26 18:11:23,2021-09-26 18:53:13,Madison Ave & E 82 St,7188,St Marks Pl & 1 Ave,5626,40.7781314,-73.96069399,40.72779126,-73.98564945,casual
2615522,0449B60CF75D7AEA,electric_bike,2021-09-11 16:36:10,2021-09-11 17:22:37,Madison Ave & E 82 St,7188,Liberty St & Nassau St,5105,40.7781314,-73.96069399,40.70858894240581,-74.00935482235809,member
2616328,FA2D29FDE0CE917D,electric_bike,2021-09-30 09:54:46,2021-09-30 10:30:54,Madison Ave & E 82 St,7188,Liberty St & Nassau St,5105,40.7781314,-73.96069399,40.70858894240581,-74.00935482235809,member
2616746,6D13AD7B4121B644,electric_bike,2021-09-15 11:23:59,2021-09-15 11:49:19,E 81 St & Park Ave,7188,E 58 St & 1 Ave (NE Corner),6682,40.77677702,-73.9590097,40.75892386377695,-73.96226227283478,member
2617058,E132F9FF0EF3E276,classic_bike,2021-09-12 16:52:59,2021-09-12 17:03:42,Madison Ave & E 82 St,7188,1 Ave & E 68 St,6822,40.7781314,-73.96069399,40.76500525,-73.95818491,member
2617118,93C30CE2BC062012,classic_bike,2021-09-14 22:37:24,2021-09-14 22:56:11,E 81 St & Park Ave,7188,1 Ave & E 68 St,6822,40.77677702,-73.9590097,40.76500525,-73.95818491,member
2620361,256155BF963F6F25,classic_bike,2021-09-21 00:08:35,2021-09-21 00:18:26,E 81 St & Park Ave,7188,1 Ave & E 68 St,6822,40.77677702,-73.9590097,40.76500525,-73.95818491,member
2620363,077E1DA69182E69C,classic_bike,2021-09-03 21:19:29,2021-09-03 21:26:17,E 81 St & Park Ave,7188,1 Ave & E 68 St,6822,40.77677702,-73.9590097,40.76500525,-73.95818491,member
2620373,479796CFB91C8232,classic_bike,2021-09-01 13:21:46,2021-09-01 13:33:31,E 81 St & Park Ave,7188,1 Ave & E 68 St,6822,40.77677702,-73.9590097,40.76500525,-73.95818491,member
2624124,28CED1693BAF2605,classic_bike,2021-09-06 16:56:31,2021-09-06 17:08:10,Madison Ave & E 82 St,7188,1 Ave & E 68 St,6822,40.7781314,-73.96069399,40.76500525,-73.95818491,casual
2624218,E28F95E0F29C192E,electric_bike,2021-09-08 14:30:40,2021-09-08 14:41:30,Madison Ave & E 82 St,7188,1 Ave & E 68 St,6822,40.7781314,-73.96069399,40.76500525,-73.95818491,member
2624732,C528F60C3265D6F3,classic_bike,2021-09-18 15:45:37,2021-09-18 16:06:38,E 81 St & Park Ave,7188,1 Ave & E 68 St,6822,40.77677702,-73.9590097,40.76500525,-73.95818491,member
2624733,00A043B55856E9F9,classic_bike,2021-09-17 22:18:14,2021-09-17 22:26:08,E 81 St & Park Ave,7188,1 Ave & E 68 St,6822,40.77677702,-73.9590097,40.76500525,-73.95818491,member
2624737,DC20ECFFF033C50A,classic_bike,2021-09-28 09:03:51,2021-09-28 09:37:30,E 81 St & Park Ave,7188,E 58 St & 1 Ave (NE Corner),6682,40.77677702,-73.9590097,40.75892386377695,-73.96226227283478,member
2624739,BED030D7659F828E,electric_bike,2021-09-21 15:43:49,2021-09-21 16:48:22,E 81 St & Park Ave,7188,1 Ave & E 68 St,6822,40.77677702,-73.9590097,40.76500525,-73.95818491,casual
2624744,41EDEFF4F0F7E56B,classic_bike,2021-09-13 17:27:40,2021-09-13 17:55:56,E 81 St & Park Ave,7188,Riverside Blvd & W 67 St,7183,40.77677702,-73.9590097,40.777507027547976,-73.98888587951659,member
2624772,9CD45ED7BB33EF49,classic_bike,2021-09-26 16:02:07,2021-09-26 16:25:41,E 81 St & Park Ave,7188,1 Ave & E 68 St,6822,40.77677702,-73.9590097,40.76500525,-73.95818491,member
2624774,908005F10C128C7E,classic_bike,2021-09-09 17:57:43,2021-09-09 18:07:42,E 81 St & Park Ave,7188,1 Ave & E 68 St,6822,40.77677702,-73.9590097,40.76500525,-73.95818491,casual
2624775,E71DDAF7DCBA66A5,electric_bike,2021-09-19 16:04:24,2021-09-19 16:14:37,E 81 St & Park Ave,7188,1 Ave & E 68 St,6822,40.77677702,-73.9590097,40.76500525,-73.95818491,member
2624777,8946C66A4616F017,classic_bike,2021-09-30 20:13:26,2021-09-30 20:21:02,E 81 St & Park Ave,7188,1 Ave & E 68 St,6822,40.77677702,-73.9590097,40.76500525,-73.95818491,member
2624778,BB37A81571BE9CE7,classic_bike,2021-09-12 22:31:50,2021-09-12 22:40:58,E 81 St & Park Ave,7188,1 Ave & E 68 St,6822,40.77677702,-73.9590097,40.76500525,-73.95818491,member
2624786,68ADFCA196D43888,classic_bike,2021-09-15 19:23:12,2021-09-15 19:38:25,E 81 St & Park Ave,7188,E 58 St & 1 Ave (NE Corner),6682,40.77677702,-73.9590097,40.75892386377695,-73.96226227283478,member
2624790,634A91F5AE907B25,classic_bike,2021-09-29 18:13:32,2021-09-29 18:38:41,E 81 St & Park Ave,7188,Riverside Blvd & W 67 St,7183,40.77677702,-73.9590097,40.777507027547976,-73.98888587951659,member
2626836,CE0A17D23DB68AFE,classic_bike,2021-09-16 17:11:01,2021-09-16 17:21:02,E 81 St & Park Ave,7188,1 Ave & E 68 St,6822,40.77677702,-73.9590097,40.76500525,-73.95818491,casual
2626837,87FE7671FB7CD285,classic_bike,2021-09-04 11:59:22,2021-09-04 12:08:29,E 81 St & Park Ave,7188,1 Ave & E 68 St,6822,40.77677702,-73.9590097,40.76500525,-73.95818491,casual
2630430,C4FAACC04DF63AE3,electric_bike,2021-09-12 10:28:53,2021-09-12 14:04:19,Madison Ave & E 82 St,7188,Madison Ave & E 26 St,6131,40.7781314,-73.96069399,40.742684734875695,-73.98671329021454,member
2630431,19E7687D40808F9D,classic_bike,2021-09-03 13:38:57,2021-09-03 13:54:43,Madison Ave & E 82 St,7188,E 58 St & 1 Ave (NE Corner),6682,40.7781314,-73.96069399,40.75892386377695,-73.96226227283478,member
2630516,6B9986D1C7E6F514,electric_bike,2021-09-17 07:10:42,2021-09-17 07:18:55,Madison Ave & E 82 St,7188,1 Ave & E 68 St,6822,40.7781314,-73.96069399,40.76500525,-73.95818491,member
2630589,4C84C7ECCB6E2A49,classic_bike,2021-09-23 13:56:01,2021-09-23 14:10:56,Madison Ave & E 82 St,7188,Riverside Blvd & W 67 St,7183,40.7781314,-73.96069399,40.777507027547976,-73.98888587951659,casual
2630602,4B6FCF48CE3F1929,classic_bike,2021-09-27 09:13:59,2021-09-27 09:24:16,Madison Ave & E 82 St,7188,1 Ave & E 68 St,6822,40.7781314,-73.96069399,40.76500525,-73.95818491,member
2630606,6B1074A26496699E,classic_bike,2021-09-28 09:59:39,2021-09-28 10:10:56,Madison Ave & E 82 St,7188,E 58 St & 1 Ave (NE Corner),6682,40.7781314,-73.96069399,40.75892386377695,-73.96226227283478,member
2630612,2405404547E61EDC,electric_bike,2021-09-24 13:30:21,2021-09-24 13:45:07,Madison Ave & E 82 St,7188,1 Ave & E 68 St,6822,40.7781314,-73.96069399,40.76500525,-73.95818491,member
2630627,35D32242D05CC51C,classic_bike,2021-09-01 06:33:41,2021-09-01 06:43:22,Madison Ave & E 82 St,7188,1 Ave & E 68 St,6822,40.7781314,-73.96069399,40.76500525,-73.95818491,member
2632339,F0658F879D5C57C0,docked_bike,2021-09-12 16:29:02,2021-09-12 16:59:02,Madison Ave & E 82 St,7188,1 Ave & E 68 St,6822,40.778131,-73.960694,40.765005,-73.958185,casual
2638044,2639B279555C7D6C,classic_bike,2021-09-19 15:22:45,2021-09-19 15:31:56,Madison Ave & E 82 St,7188,1 Ave & E 68 St,6822,40.7781314,-73.96069399,40.76500525,-73.95818491,casual
2638060,C4732546E45B6CF1,classic_bike,2021-09-10 14:41:45,2021-09-10 15:01:02,Madison Ave & E 82 St,7188,E 58 St & 1 Ave (NE Corner),6682,40.7781314,-73.96069399,40.75892386377695,-73.96226227283478,member
2638082,13FDE32729221EB1,classic_bike,2021-09-30 12:08:35,2021-09-30 12:37:42,Madison Ave & E 82 St,7188,Riverside Blvd & W 67 St,7183,40.7781314,-73.96069399,40.777507027547976,-73.98888587951659,member
2638088,D54EEAA2B7F5C4EC,electric_bike,2021-09-30 11:09:25,2021-09-30 11:17:43,Madison Ave & E 82 St,7188,1 Ave & E 68 St,6822,40.7781314,-73.96069399,40.76500525,-73.95818491,member
2638089,EBD4F80572AD962A,electric_bike,2021-09-30 18:13:51,2021-09-30 18:21:33,Madison Ave & E 82 St,7188,1 Ave & E 68 St,6822,40.7781314,-73.96069399,40.76500525,-73.95818491,member
2638091,AE959AAD3A1B0345,classic_bike,2021-09-29 10:44:41,2021-09-29 10:52:26,Madison Ave & E 82 St,7188,1 Ave & E 68 St,6822,40.7781314,-73.96069399,40.76500525,-73.95818491,member
2638107,4B97CE14F4F63FF5,electric_bike,2021-09-14 17:11:33,2021-09-14 17:43:13,Madison Ave & E 82 St,7188,Riverside Blvd & W 67 St,7183,40.7781314,-73.96069399,40.777507027547976,-73.98888587951659,member
2638447,E85953238E74BD24,classic_bike,2021-09-24 22:49:35,2021-09-24 23:04:15,E 81 St & Park Ave,7188,1 Ave & E 68 St,6822,40.77677702,-73.9590097,40.76500525,-73.95818491,member
2638458,2BD2210E4637108A,classic_bike,2021-09-06 20:15:03,2021-09-06 20:21:14,E 81 St & Park Ave,7188,1 Ave & E 68 St,6822,40.77677702,-73.9590097,40.76500525,-73.95818491,member
2638484,281BC82A9D77DC04,classic_bike,2021-09-04 11:57:25,2021-09-04 12:08:42,E 81 St & Park Ave,7188,1 Ave & E 68 St,6822,40.77677702,-73.9590097,40.76500525,-73.95818491,casual
2638506,25CBCC4F55F37697,electric_bike,2021-09-28 15:59:59,2021-09-28 16:13:23,E 81 St & Park Ave,7188,Riverside Blvd & W 67 St,7183,40.77677702,-73.9590097,40.777507027547976,-73.98888587951659,member
2638514,46EE0E0F962DBE7B,classic_bike,2021-09-21 18:37:51,2021-09-21 18:46:53,E 81 St & Park Ave,7188,1 Ave & E 68 St,6822,40.77677702,-73.9590097,40.76500525,-73.95818491,member
2638662,5A97368931D58F74,classic_bike,2021-09-18 10:37:24,2021-09-18 10:47:10,E 81 St & Park Ave,7188,1 Ave & E 68 St,6822,40.77677702,-73.9590097,40.76500525,-73.95818491,member
2639121,3D113CB6ED9F1782,classic_bike,2021-09-22 15:44:37,2021-09-22 16:12:06,Madison Ave & E 82 St,7188,Madison Ave & E 26 St,6131,40.7781314,-73.96069399,40.742684734875695,-73.98671329021454,member
2639166,56C3E014689F37D9,classic_bike,2021-09-17 11:21:27,2021-09-17 11:30:25,Madison Ave & E 82 St,7188,1 Ave & E 68 St,6822,40.7781314,-73.96069399,40.76500525,-73.95818491,member
2643433,EFDC3C179FC4E184,docked_bike,2021-09-12 16:29:10,2021-09-12 16:59:09,Madison Ave & E 82 St,7188,1 Ave & E 68 St,6822,40.778131,-73.960694,40.765005,-73.958185,casual
2643445,542A752559814937,classic_bike,2021-09-25 13:02:12,2021-09-25 13:11:31,Madison Ave & E 82 St,7188,1 Ave & E 68 St,6822,40.7781314,-73.96069399,40.76500525,-73.95818491,member
2643717,09BF7D9AE74D99AC,classic_bike,2021-09-20 16:37:15,2021-09-20 16:58:04,Madison Ave & E 82 St,7188,Riverside Blvd & W 67 St,7183,40.7781314,-73.96069399,40.777507027547976,-73.98888587951659,member
2648536,9BB351AB2717B4A7,classic_bike,2021-09-08 07:25:14,2021-09-08 07:41:06,Madison Ave & E 82 St,7188,E 33 St & 5 Ave,6322,40.7781314,-73.96069399,40.74765947,-73.98490707,member
2648563,6647906295978F51,classic_bike,2021-09-23 08:33:16,2021-09-23 08:48:36,Madison Ave & E 82 St,7188,E 33 St & 5 Ave,6322,40.7781314,-73.96069399,40.74765947,-73.98490707,member
2648621,CD37DDBBA8417495,classic_bike,2021-09-22 08:03:48,2021-09-22 08:18:50,Madison Ave & E 82 St,7188,E 33 St & 5 Ave,6322,40.7781314,-73.96069399,40.74765947,-73.98490707,member
2653636,9FE0C9CFAD5FB9C2,classic_bike,2021-09-17 17:34:52,2021-09-17 17:56:57,Madison Ave & E 82 St,7188,E 11 St & 3 Ave,5788,40.7781314,-73.96069399,40.73127,-73.98849,member
2653645,66C8488A745DB1EB,classic_bike,2021-09-04 18:50:29,2021-09-04 19:10:10,Madison Ave & E 82 St,7188,Morningside Ave & W 123 St,7741,40.7781314,-73.96069399,40.81,-73.9551508,member
2653679,69D29132BB6B1409,classic_bike,2021-09-25 22:04:09,2021-09-25 22:36:10,Madison Ave & E 82 St,7188,E 33 St & 5 Ave,6322,40.7781314,-73.96069399,40.74765947,-73.98490707,casual
2653691,62589039427A51D6,classic_bike,2021-09-27 15:57:15,2021-09-27 16:40:41,Madison Ave & E 82 St,7188,E 33 St & 5 Ave,6322,40.7781314,-73.96069399,40.74765947,-73.98490707,casual
2653695,33185AE324C3BEDD,electric_bike,2021-09-06 13:20:23,2021-09-06 13:34:20,Madison Ave & E 82 St,7188,E 33 St & 5 Ave,6322,40.7781314,-73.96069399,40.74765947,-73.98490707,member
2662976,CE82562C4F895E40,electric_bike,2021-09-23 11:32:04,2021-09-23 11:49:35,Madison Ave & E 82 St,7188,E 33 St & 5 Ave,6322,40.7781314,-73.96069399,40.74765947,-73.98490707,casual
2662982,D45A1FD2243C976E,electric_bike,2021-09-23 16:34:51,2021-09-23 16:49:19,Madison Ave & E 82 St,7188,Morningside Ave & W 123 St,7741,40.7781314,-73.96069399,40.81,-73.9551508,member
2663061,3A94383C3FBBBC4D,classic_bike,2021-09-24 18:16:36,2021-09-24 18:39:56,Madison Ave & E 82 St,7188,E 11 St & 3 Ave,5788,40.7781314,-73.96069399,40.73127,-73.98849,member
2663075,961CAB32EA4CEC06,classic_bike,2021-09-22 14:02:51,2021-09-22 14:49:14,Madison Ave & E 82 St,7188,E 33 St & 5 Ave,6322,40.7781314,-73.96069399,40.74765947,-73.98490707,casual
2663091,E7F834486FE15CFB,electric_bike,2021-09-12 11:00:07,2021-09-12 11:15:37,Madison Ave & E 82 St,7188,E 33 St & 5 Ave,6322,40.7781314,-73.96069399,40.74765947,-73.98490707,member
2663103,6906B4DBDCED66E7,electric_bike,2021-09-02 12:05:23,2021-09-02 12:38:23,Madison Ave & E 82 St,7188,E 33 St & 5 Ave,6322,40.7781314,-73.96069399,40.74765947,-73.98490707,casual
2663116,D00772A2D3D3A03A,classic_bike,2021-09-10 08:30:19,2021-09-10 08:44:41,Madison Ave & E 82 St,7188,E 33 St & 5 Ave,6322,40.7781314,-73.96069399,40.74765947,-73.98490707,member
2663534,7D6A7A1009F225C5,classic_bike,2021-09-07 19:34:12,2021-09-07 19:54:40,Madison Ave & E 82 St,7188,E 33 St & 5 Ave,6322,40.7781314,-73.96069399,40.74765947,-73.98490707,casual
2663679,D887495DB43256F7,classic_bike,2021-09-28 08:05:55,2021-09-28 08:21:24,Madison Ave & E 82 St,7188,E 33 St & 5 Ave,6322,40.7781314,-73.96069399,40.74765947,-73.98490707,member
2667142,19C36D43AB321F40,classic_bike,2021-09-10 14:35:56,2021-09-10 15:09:25,Madison Ave & E 82 St,7188,E 11 St & 3 Ave,5788,40.7781314,-73.96069399,40.73127,-73.98849,member
2668585,011220CAF5E9F849,electric_bike,2021-09-23 01:17:10,2021-09-23 01:22:34,Madison Ave & E 82 St,7188,E 106 St & Madison Ave,7528,40.7781314,-73.96069399,40.7934337,-73.94945003,member
2669267,BE937ECB811876F7,classic_bike,2021-09-14 14:16:09,2021-09-14 14:28:14,E 81 St & Park Ave,7188,E 106 St & Madison Ave,7528,40.77677702,-73.9590097,40.7934337,-73.94945003,member
2672678,87F508386A385290,classic_bike,2021-09-02 13:25:24,2021-09-02 13:31:55,Madison Ave & E 82 St,7188,E 106 St & Madison Ave,7528,40.7781314,-73.96069399,40.7934337,-73.94945003,casual
2676471,E6CA20366A27DA1D,electric_bike,2021-09-02 00:33:58,2021-09-02 00:42:16,Madison Ave & E 82 St,7188,E 106 St & Madison Ave,7528,40.7781314,-73.96069399,40.7934337,-73.94945003,member
2676952,C577897A655E49D8,classic_bike,2021-09-11 16:36:18,2021-09-11 16:43:50,Madison Ave & E 82 St,7188,E 106 St & Madison Ave,7528,40.7781314,-73.96069399,40.7934337,-73.94945003,member
2678524,01565FA15D611C39,electric_bike,2021-09-01 07:27:19,2021-09-01 07:39:28,E 81 St & Park Ave,7188,E 106 St & Madison Ave,7528,40.77677702,-73.9590097,40.7934337,-73.94945003,member
2683401,33F9A48C9FD892BF,electric_bike,2021-09-22 09:52:58,2021-09-22 10:28:12,Madison Ave & E 82 St,7188,10 Ave & W 28 St,6459,40.7781314,-73.96069399,40.75066386,-74.00176802,member
2690110,2462785340767AE5,electric_bike,2021-09-16 19:56:22,2021-09-16 21:15:17,Madison Ave & E 82 St,7188,Kingsland Ave & Nassau Ave,5613,40.7781314,-73.96069399,40.72577,-73.94173,member
2693880,E99A2DBE5D3B9DA9,electric_bike,2021-09-28 00:27:42,2021-09-28 01:34:50,Madison Ave & E 82 St,7188,Nagle Ave & Ellwood St,8528,40.7781314,-73.96069399,40.86012,-73.928489,member
2695350,27E9F2EB5BD34541,classic_bike,2021-09-25 17:28:03,2021-09-25 18:10:17,E 81 St & Park Ave,7188,10 Ave & W 28 St,6459,40.77677702,-73.9590097,40.75066386,-74.00176802,member
2695589,2F8D44367DA91904,classic_bike,2021-09-16 08:05:08,2021-09-16 08:37:57,Madison Ave & E 82 St,7188,W Broadway & W Houston St,5644,40.7781314,-73.96069399,40.726378,-74.000472,member
2697622,75D346CB50BB495D,electric_bike,2021-09-04 14:58:12,2021-09-04 15:18:48,E 81 St & Park Ave,7188,10 Ave & W 28 St,6459,40.77677702,-73.9590097,40.75066386,-74.00176802,member
2703170,36B694F7E569FEA1,electric_bike,2021-09-21 17:22:00,2021-09-21 17:55:05,Madison Ave & E 82 St,7188,West St & Chambers St,5329,40.7781314,-73.96069399,40.71754834,-74.01322069,member
2703179,5983974560400BA5,classic_bike,2021-09-17 13:37:03,2021-09-17 14:56:02,Madison Ave & E 82 St,7188,West St & Chambers St,5329,40.7781314,-73.96069399,40.71754834,-74.01322069,casual
2703318,3883CA89919C60D9,classic_bike,2021-09-11 15:31:41,2021-09-11 16:32:46,Madison Ave & E 82 St,7188,Wythe Ave & Metropolitan Ave,5348,40.7781314,-73.96069399,40.716887,-73.963198,casual
2703376,A37CBF74ECBECBC5,classic_bike,2021-09-11 15:31:16,2021-09-11 16:32:10,Madison Ave & E 82 St,7188,Wythe Ave & Metropolitan Ave,5348,40.7781314,-73.96069399,40.716887,-73.963198,casual
2709523,4B61526D9C6AC126,classic_bike,2021-09-21 13:43:16,2021-09-21 14:22:55,Madison Ave & E 82 St,7188,West St & Chambers St,5329,40.7781314,-73.96069399,40.71754834,-74.01322069,member
2709566,AFA85DE72D0AED3A,classic_bike,2021-09-22 15:47:47,2021-09-22 16:17:49,Madison Ave & E 82 St,7188,10 Ave & W 28 St,6459,40.7781314,-73.96069399,40.75066386,-74.00176802,member
2721084,B0513DB9100C1353,classic_bike,2021-09-24 13:40:26,2021-09-24 14:14:01,Madison Ave & E 82 St,7188,Washington St & Gansevoort St,6039,40.7781314,-73.96069399,40.739323,-74.008119,member
2721938,E52C38BD6E53DE26,classic_bike,2021-09-14 18:00:39,2021-09-14 18:30:44,E 81 St & Park Ave,7188,Washington St & Gansevoort St,6039,40.77677702,-73.9590097,40.739323,-74.008119,member
2723405,92C885F31CF3F7E2,classic_bike,2021-09-21 16:55:21,2021-09-21 17:27:27,Madison Ave & E 82 St,7188,Washington St & Gansevoort St,6039,40.7781314,-73.96069399,40.739323,-74.008119,member
2728092,66AB54A7BCE47A38,electric_bike,2021-09-16 11:30:49,2021-09-16 11:55:38,Madison Ave & E 82 St,7188,Washington St & Gansevoort St,6039,40.7781314,-73.96069399,40.739323,-74.008119,member
2733708,C7CB8EBACC4C55BE,classic_bike,2021-09-19 13:29:29,2021-09-19 14:17:33,Madison Ave & E 82 St,7188,E 1 St & 1 Ave,5593,40.7781314,-73.96069399,40.72335597960796,-73.98864984512329,casual
2733712,0378575A1CEF3E97,classic_bike,2021-09-19 13:28:56,2021-09-19 14:17:21,Madison Ave & E 82 St,7188,E 1 St & 1 Ave,5593,40.7781314,-73.96069399,40.72335597960796,-73.98864984512329,casual
2733756,2071DCB280A2BAA1,classic_bike,2021-09-21 17:16:24,2021-09-21 17:59:22,Madison Ave & E 82 St,7188,Washington St & Gansevoort St,6039,40.7781314,-73.96069399,40.739323,-74.008119,member
2735575,1D998CEF51CE78AC,electric_bike,2021-09-07 12:08:07,2021-09-07 12:38:03,E 81 St & Park Ave,7188,Washington St & Gansevoort St,6039,40.77677702,-73.9590097,40.739323,-74.008119,member
2735609,EA48DB2611ADA8A9,electric_bike,2021-09-24 10:14:46,2021-09-24 10:47:16,E 81 St & Park Ave,7188,Metropolitan Ave & Meeker Ave,5300,40.77677702,-73.9590097,40.71413311,-73.95234386,casual
2738018,6BD2EF72A78F7D59,classic_bike,2021-09-08 16:54:29,2021-09-08 17:28:32,Madison Ave & E 82 St,7188,Washington St & Gansevoort St,6039,40.7781314,-73.96069399,40.739323,-74.008119,member
2738607,E80BC20C78BF0BE1,classic_bike,2021-09-13 18:25:03,2021-09-13 19:26:47,Madison Ave & E 82 St,7188,E 1 St & 1 Ave,5593,40.7781314,-73.96069399,40.72335597960796,-73.98864984512329,casual
2740558,C875DDA70FEFBEFB,classic_bike,2021-09-16 06:07:58,2021-09-16 06:14:03,E 81 St & Park Ave,7188,E 72 St & York Ave,6889,40.77677702,-73.9590097,40.76663814,-73.95348296,member
2740652,3ADEFEDBED3F1C36,classic_bike,2021-09-21 09:47:43,2021-09-21 09:56:53,Madison Ave & E 82 St,7188,E 72 St & York Ave,6889,40.7781314,-73.96069399,40.76663814,-73.95348296,member
2740655,E481F30EF61FEA6A,classic_bike,2021-09-17 08:57:53,2021-09-17 09:08:57,Madison Ave & E 82 St,7188,E 72 St & York Ave,6889,40.7781314,-73.96069399,40.76663814,-73.95348296,member
2741243,3AB9D9DCE517AD69,classic_bike,2021-09-24 06:01:37,2021-09-24 06:08:07,E 81 St & Park Ave,7188,E 72 St & York Ave,6889,40.77677702,-73.9590097,40.76663814,-73.95348296,member
2741244,3EA716FC5143833B,classic_bike,2021-09-11 11:51:35,2021-09-11 12:03:59,E 81 St & Park Ave,7188,E 72 St & York Ave,6889,40.77677702,-73.9590097,40.76663814,-73.95348296,member
2741248,6DB485BC7DDC9261,classic_bike,2021-09-21 14:33:44,2021-09-21 14:44:31,E 81 St & Park Ave,7188,E 106 St & Lexington Ave,7504,40.77677702,-73.9590097,40.791976,-73.945993,member
2741701,B3587CE0A5F0F756,electric_bike,2021-09-24 16:36:54,2021-09-24 16:46:39,Madison Ave & E 82 St,7188,E 106 St & Lexington Ave,7504,40.7781314,-73.96069399,40.791976,-73.945993,member
2742214,ECBC15D84EDFD14B,classic_bike,2021-09-13 08:42:06,2021-09-13 08:50:48,E 81 St & Park Ave,7188,E 72 St & York Ave,6889,40.77677702,-73.9590097,40.76663814,-73.95348296,member
2742219,E67CEA713151FF03,classic_bike,2021-09-06 18:21:40,2021-09-06 18:31:01,E 81 St & Park Ave,7188,E 106 St & Lexington Ave,7504,40.77677702,-73.9590097,40.791976,-73.945993,member
2742714,E2DC4CB99487CEE7,classic_bike,2021-09-30 08:10:10,2021-09-30 08:17:55,E 81 St & Park Ave,7188,E 72 St & York Ave,6889,40.77677702,-73.9590097,40.76663814,-73.95348296,member
2746459,5B0D65957AB07E08,classic_bike,2021-09-17 16:22:01,2021-09-17 16:47:45,E 81 St & Park Ave,7188,11 Ave & W 27 St,6425,40.77677702,-73.9590097,40.751396,-74.005226,member
2746460,900D7798EDA928D1,electric_bike,2021-09-18 13:47:10,2021-09-18 14:11:46,E 81 St & Park Ave,7188,11 Ave & W 27 St,6425,40.77677702,-73.9590097,40.751396,-74.005226,member
2746468,10ABCA619021B63D,classic_bike,2021-09-17 06:02:52,2021-09-17 06:09:12,E 81 St & Park Ave,7188,E 72 St & York Ave,6889,40.77677702,-73.9590097,40.76663814,-73.95348296,member
2746478,1A14F305EBE77439,classic_bike,2021-09-21 06:04:31,2021-09-21 06:10:41,E 81 St & Park Ave,7188,E 72 St & York Ave,6889,40.77677702,-73.9590097,40.76663814,-73.95348296,member
2746480,CC2BA64EA9CA1507,classic_bike,2021-09-14 06:03:01,2021-09-14 06:09:30,E 81 St & Park Ave,7188,E 72 St & York Ave,6889,40.77677702,-73.9590097,40.76663814,-73.95348296,member
2746497,5F66FD2E2DA76EA6,electric_bike,2021-09-17 13:11:15,2021-09-17 13:19:41,Madison Ave & E 82 St,7188,E 72 St & York Ave,6889,40.7781314,-73.96069399,40.76663814,-73.95348296,member
2746510,814C188E1518915D,classic_bike,2021-09-02 08:59:00,2021-09-02 09:07:43,Madison Ave & E 82 St,7188,E 72 St & York Ave,6889,40.7781314,-73.96069399,40.76663814,-73.95348296,member
2746525,12AEB6C691C2F1D2,classic_bike,2021-09-19 08:53:45,2021-09-19 09:01:41,Madison Ave & E 82 St,7188,E 72 St & York Ave,6889,40.7781314,-73.96069399,40.76663814,-73.95348296,member
2746543,ED72E376A14633EB,classic_bike,2021-09-23 10:36:55,2021-09-23 10:46:11,Madison Ave & E 82 St,7188,E 72 St & York Ave,6889,40.7781314,-73.96069399,40.76663814,-73.95348296,member
2746550,E4205197D241E180,classic_bike,2021-09-11 14:55:16,2021-09-11 15:05:25,Madison Ave & E 82 St,7188,E 72 St & York Ave,6889,40.7781314,-73.96069399,40.76663814,-73.95348296,member
2746552,B3548EC6EE865F19,electric_bike,2021-09-24 11:05:10,2021-09-24 11:17:35,Madison Ave & E 82 St,7188,E 72 St & York Ave,6889,40.7781314,-73.96069399,40.76663814,-73.95348296,casual
2747820,8344FD7B745B6524,classic_bike,2021-09-20 06:04:30,2021-09-20 06:12:08,E 81 St & Park Ave,7188,E 72 St & York Ave,6889,40.77677702,-73.9590097,40.76663814,-73.95348296,member
2751654,72A520719DB90FC7,classic_bike,2021-09-12 12:55:39,2021-09-12 13:14:57,E 81 St & Park Ave,7188,E 72 St & York Ave,6889,40.77677702,-73.9590097,40.76663814,-73.95348296,member
2751655,CEEB794C4BB338E9,classic_bike,2021-09-28 17:44:53,2021-09-28 18:21:15,E 81 St & Park Ave,7188,11 Ave & W 27 St,6425,40.77677702,-73.9590097,40.751396,-74.005226,casual
2751680,4EBB20A6137072EA,classic_bike,2021-09-10 06:05:03,2021-09-10 06:11:47,E 81 St & Park Ave,7188,E 72 St & York Ave,6889,40.77677702,-73.9590097,40.76663814,-73.95348296,member
2751697,1A78E35963C1D8F9,classic_bike,2021-09-12 12:55:29,2021-09-12 13:11:40,E 81 St & Park Ave,7188,E 72 St & York Ave,6889,40.77677702,-73.9590097,40.76663814,-73.95348296,member
2751699,BB8748EABAA76DDE,classic_bike,2021-09-07 13:43:11,2021-09-07 13:52:52,E 81 St & Park Ave,7188,E 106 St & Lexington Ave,7504,40.77677702,-73.9590097,40.791976,-73.945993,member
2751701,2AA0B3050ADF1265,classic_bike,2021-09-27 06:05:15,2021-09-27 06:12:20,E 81 St & Park Ave,7188,E 72 St & York Ave,6889,40.77677702,-73.9590097,40.76663814,-73.95348296,member
2751711,2FCDC5C926A206E3,classic_bike,2021-09-02 06:07:09,2021-09-02 06:14:31,E 81 St & Park Ave,7188,E 72 St & York Ave,6889,40.77677702,-73.9590097,40.76663814,-73.95348296,member
2751712,A1C41A76B2621C58,classic_bike,2021-09-11 22:54:05,2021-09-11 23:14:20,E 81 St & Park Ave,7188,E 72 St & York Ave,6889,40.77677702,-73.9590097,40.76663814,-73.95348296,member
2751717,C4E70B779423D0DC,classic_bike,2021-09-14 09:35:11,2021-09-14 09:44:19,E 81 St & Park Ave,7188,E 72 St & York Ave,6889,40.77677702,-73.9590097,40.76663814,-73.95348296,member
2751724,7E31F27714A8000C,classic_bike,2021-09-30 06:04:59,2021-09-30 06:10:42,E 81 St & Park Ave,7188,E 72 St & York Ave,6889,40.77677702,-73.9590097,40.76663814,-73.95348296,member
2751725,0C7AA0C64A07E34E,classic_bike,2021-09-13 06:00:37,2021-09-13 06:07:48,E 81 St & Park Ave,7188,E 72 St & York Ave,6889,40.77677702,-73.9590097,40.76663814,-73.95348296,member
2751747,99A5FD282443F083,classic_bike,2021-09-29 06:07:50,2021-09-29 06:14:43,E 81 St & Park Ave,7188,E 72 St & York Ave,6889,40.77677702,-73.9590097,40.76663814,-73.95348296,member
2751783,1F0F26604C188588,classic_bike,2021-09-15 06:06:31,2021-09-15 06:13:18,E 81 St & Park Ave,7188,E 72 St & York Ave,6889,40.77677702,-73.9590097,40.76663814,-73.95348296,member
2753196,608B75C3580A28EC,classic_bike,2021-09-09 06:05:14,2021-09-09 06:12:01,E 81 St & Park Ave,7188,E 72 St & York Ave,6889,40.77677702,-73.9590097,40.76663814,-73.95348296,member
2755633,E1FC078A4471CCF0,classic_bike,2021-09-03 14:13:33,2021-09-03 14:22:29,Madison Ave & E 82 St,7188,E 72 St & York Ave,6889,40.7781314,-73.96069399,40.76663814,-73.95348296,member
2755708,B8CD0E000BF44F75,classic_bike,2021-09-16 14:32:18,2021-09-16 14:45:39,Madison Ave & E 82 St,7188,E 72 St & York Ave,6889,40.7781314,-73.96069399,40.76663814,-73.95348296,casual
2755730,5A23E1F398A98290,electric_bike,2021-09-14 10:29:58,2021-09-14 10:39:20,Madison Ave & E 82 St,7188,E 72 St & York Ave,6889,40.7781314,-73.96069399,40.76663814,-73.95348296,member
2755760,EFEF82A53ADC5A39,classic_bike,2021-09-13 18:19:00,2021-09-13 18:47:20,Madison Ave & E 82 St,7188,E 72 St & York Ave,6889,40.7781314,-73.96069399,40.76663814,-73.95348296,member
2755766,1BD99EE46554A891,classic_bike,2021-09-17 13:48:28,2021-09-17 13:59:24,Madison Ave & E 82 St,7188,E 72 St & York Ave,6889,40.7781314,-73.96069399,40.76663814,-73.95348296,casual
2755773,6E36E2FB92088102,classic_bike,2021-09-18 13:24:07,2021-09-18 13:37:31,Madison Ave & E 82 St,7188,E 106 St & Lexington Ave,7504,40.7781314,-73.96069399,40.791976,-73.945993,member
2755833,DAC685EDF2CF728E,classic_bike,2021-09-15 17:48:13,2021-09-15 18:17:46,Madison Ave & E 82 St,7188,11 Ave & W 27 St,6425,40.7781314,-73.96069399,40.751396,-74.005226,member
2755837,9375A0F613B0C095,electric_bike,2021-09-28 09:49:30,2021-09-28 09:58:26,Madison Ave & E 82 St,7188,E 72 St & York Ave,6889,40.7781314,-73.96069399,40.76663814,-73.95348296,casual
2755838,42AA0B0641EFDF4E,classic_bike,2021-09-21 09:42:38,2021-09-21 09:52:20,Madison Ave & E 82 St,7188,E 72 St & York Ave,6889,40.7781314,-73.96069399,40.76663814,-73.95348296,casual
2756463,6BDDB02DC585803D,classic_bike,2021-09-18 10:41:24,2021-09-18 10:49:07,Madison Ave & E 82 St,7188,E 106 St & Lexington Ave,7504,40.7781314,-73.96069399,40.791976,-73.945993,member
2756468,F510636F8CA6D24C,classic_bike,2021-09-25 11:06:43,2021-09-25 11:15:05,Madison Ave & E 82 St,7188,E 106 St & Lexington Ave,7504,40.7781314,-73.96069399,40.791976,-73.945993,member
2756559,854770E41922B3D1,classic_bike,2021-09-23 08:55:45,2021-09-23 09:05:03,Madison Ave & E 82 St,7188,E 72 St & York Ave,6889,40.7781314,-73.96069399,40.76663814,-73.95348296,member
2756560,FC9619FB9FB4D6CD,classic_bike,2021-09-20 08:40:54,2021-09-20 08:50:07,Madison Ave & E 82 St,7188,E 72 St & York Ave,6889,40.7781314,-73.96069399,40.76663814,-73.95348296,member
2756643,3359229130ECF281,electric_bike,2021-09-09 12:23:36,2021-09-09 12:34:54,Madison Ave & E 82 St,7188,E 106 St & Lexington Ave,7504,40.7781314,-73.96069399,40.791976,-73.945993,casual
2760359,CA8281E5E8A72400,electric_bike,2021-09-23 12:48:01,2021-09-23 12:59:17,Madison Ave & E 82 St,7188,E 72 St & York Ave,6889,40.7781314,-73.96069399,40.76663814,-73.95348296,casual
2760382,2E87B416145C4B3B,electric_bike,2021-09-21 09:28:01,2021-09-21 09:34:24,Madison Ave & E 82 St,7188,E 72 St & York Ave,6889,40.7781314,-73.96069399,40.76663814,-73.95348296,member
2760387,E729E133D3B90BBC,electric_bike,2021-09-10 10:35:22,2021-09-10 10:47:19,Madison Ave & E 82 St,7188,E 72 St & York Ave,6889,40.7781314,-73.96069399,40.76663814,-73.95348296,casual
2760395,0888AC731A4334FA,classic_bike,2021-09-27 10:30:47,2021-09-27 10:43:34,Madison Ave & E 82 St,7188,E 72 St & York Ave,6889,40.7781314,-73.96069399,40.76663814,-73.95348296,casual
2761062,48974E1D53A3F320,classic_bike,2021-09-19 09:00:35,2021-09-19 09:09:42,Madison Ave & E 82 St,7188,E 72 St & York Ave,6889,40.7781314,-73.96069399,40.76663814,-73.95348296,member
2761063,F60F2552E1B5BE38,classic_bike,2021-09-10 16:11:59,2021-09-10 16:18:40,Madison Ave & E 82 St,7188,E 72 St & York Ave,6889,40.7781314,-73.96069399,40.76663814,-73.95348296,casual
2761336,05E14E6B325F81DF,classic_bike,2021-09-12 10:42:45,2021-09-12 10:51:58,Madison Ave & E 82 St,7188,E 106 St & Lexington Ave,7504,40.7781314,-73.96069399,40.791976,-73.945993,member
2761353,DF0141A4DB3F3447,electric_bike,2021-09-02 10:14:14,2021-09-02 10:25:08,Madison Ave & E 82 St,7188,E 72 St & York Ave,6889,40.7781314,-73.96069399,40.76663814,-73.95348296,member
2764543,2C6FFFC6717A40B1,classic_bike,2021-09-11 17:12:37,2021-09-11 17:26:20,Madison Ave & E 82 St,7188,Madison Av & E 51 St,6659,40.7781314,-73.96069399,40.75863,-73.97513,member
2764549,9F67B6E49B36A66E,electric_bike,2021-09-20 08:55:57,2021-09-20 09:02:25,Madison Ave & E 82 St,7188,1 Ave & E 94 St,7286,40.7781314,-73.96069399,40.7817212,-73.94594,casual
2764550,BED72F1A5297D548,classic_bike,2021-09-04 17:21:38,2021-09-04 17:42:29,Madison Ave & E 82 St,7188,Madison Av & E 51 St,6659,40.7781314,-73.96069399,40.75863,-73.97513,casual
2764591,65F5EB5A2AD2715B,classic_bike,2021-09-26 13:50:56,2021-09-26 13:57:18,Madison Ave & E 82 St,7188,E 75 St & 3 Ave,6991,40.7781314,-73.96069399,40.77112927,-73.95772297,member
2764592,E79CAB77D6FD06D7,classic_bike,2021-09-23 14:24:44,2021-09-23 14:35:49,Madison Ave & E 82 St,7188,1 Ave & E 94 St,7286,40.7781314,-73.96069399,40.7817212,-73.94594,casual
2764593,366897CBEFA4012A,classic_bike,2021-09-24 13:45:10,2021-09-24 14:01:44,Madison Ave & E 82 St,7188,Madison Av & E 51 St,6659,40.7781314,-73.96069399,40.75863,-73.97513,casual
2764625,D3FD3EE5DC5B70C7,electric_bike,2021-09-27 14:13:12,2021-09-27 14:26:42,Madison Ave & E 82 St,7188,Madison Av & E 51 St,6659,40.7781314,-73.96069399,40.75863,-73.97513,casual
2764632,41F24C80AAF3328C,electric_bike,2021-09-25 11:53:16,2021-09-25 12:02:21,Madison Ave & E 82 St,7188,1 Ave & E 94 St,7286,40.7781314,-73.96069399,40.7817212,-73.94594,member
2764634,6DC7E996D4B53566,classic_bike,2021-09-24 19:21:00,2021-09-24 19:41:27,Madison Ave & E 82 St,7188,Amsterdam Ave & W 119 St,7727,40.7781314,-73.96069399,40.80863217506367,-73.95958609887202,member
2764655,F289236CBDEFB55B,classic_bike,2021-09-23 08:00:15,2021-09-23 08:12:45,Madison Ave & E 82 St,7188,Madison Av & E 51 St,6659,40.7781314,-73.96069399,40.75863,-73.97513,member
2764661,4DC55126D09962DB,classic_bike,2021-09-06 16:52:05,2021-09-06 17:15:58,Madison Ave & E 82 St,7188,Madison Av & E 51 St,6659,40.7781314,-73.96069399,40.75863,-73.97513,casual
2764665,753E4DF2D8D255CC,classic_bike,2021-09-17 15:10:55,2021-09-17 15:20:36,Madison Ave & E 82 St,7188,E 75 St & 3 Ave,6991,40.7781314,-73.96069399,40.77112927,-73.95772297,member
2764676,D0DC15D36739C64E,electric_bike,2021-09-06 08:35:38,2021-09-06 08:50:22,Madison Ave & E 82 St,7188,E 75 St & 3 Ave,6991,40.7781314,-73.96069399,40.77112927,-73.95772297,member
2764677,661284A6A5E873C1,classic_bike,2021-09-06 16:13:48,2021-09-06 16:20:45,Madison Ave & E 82 St,7188,E 75 St & 3 Ave,6991,40.7781314,-73.96069399,40.77112927,-73.95772297,member
2764678,53C809C7DD0B77CD,classic_bike,2021-09-03 11:42:02,2021-09-03 11:57:08,Madison Ave & E 82 St,7188,Madison Av & E 51 St,6659,40.7781314,-73.96069399,40.75863,-73.97513,casual
2764683,9AF6A65F9C2AC403,classic_bike,2021-09-17 16:54:02,2021-09-17 17:01:35,Madison Ave & E 82 St,7188,E 75 St & 3 Ave,6991,40.7781314,-73.96069399,40.77112927,-73.95772297,member
2764684,B4F3C5660833E627,classic_bike,2021-09-25 17:16:04,2021-09-25 17:22:30,Madison Ave & E 82 St,7188,E 75 St & 3 Ave,6991,40.7781314,-73.96069399,40.77112927,-73.95772297,member
2764685,990C72DAE8F57119,classic_bike,2021-09-24 18:33:01,2021-09-24 18:41:52,Madison Ave & E 82 St,7188,1 Ave & E 94 St,7286,40.7781314,-73.96069399,40.7817212,-73.94594,casual
2764699,5CCBF6C81E6BE4D4,classic_bike,2021-09-13 14:24:18,2021-09-13 14:41:49,Madison Ave & E 82 St,7188,Amsterdam Ave & W 119 St,7727,40.7781314,-73.96069399,40.80863217506367,-73.95958609887202,member
2764721,816EEA9E441FF465,electric_bike,2021-09-22 20:22:43,2021-09-22 20:32:51,Madison Ave & E 82 St,7188,West End Ave & W 94 St,7524,40.7781314,-73.96069399,40.7941654,-73.974124,member
2764725,E6DC41E9C8C7148B,electric_bike,2021-09-06 10:50:58,2021-09-06 10:58:36,Madison Ave & E 82 St,7188,Madison Av & E 51 St,6659,40.7781314,-73.96069399,40.75863,-73.97513,casual
2764728,9218A4C499B3AC7A,classic_bike,2021-09-03 12:31:38,2021-09-03 12:37:32,Madison Ave & E 82 St,7188,E 75 St & 3 Ave,6991,40.7781314,-73.96069399,40.77112927,-73.95772297,member
2764730,ADF5EA71FC9110DC,electric_bike,2021-09-13 19:09:26,2021-09-13 19:25:21,Madison Ave & E 82 St,7188,Amsterdam Ave & W 119 St,7727,40.7781314,-73.96069399,40.80863217506367,-73.95958609887202,casual
2764740,08FB56871D706F9C,classic_bike,2021-09-16 16:38:03,2021-09-16 16:49:46,Madison Ave & E 82 St,7188,1 Ave & E 94 St,7286,40.7781314,-73.96069399,40.7817212,-73.94594,member
2764741,3B29E38D5F85B38D,classic_bike,2021-09-26 16:31:18,2021-09-26 16:58:02,Madison Ave & E 82 St,7188,West End Ave & W 94 St,7524,40.7781314,-73.96069399,40.7941654,-73.974124,member
2764791,1241D22C8245413C,classic_bike,2021-09-19 14:42:14,2021-09-19 14:59:00,Madison Ave & E 82 St,7188,Madison Av & E 51 St,6659,40.7781314,-73.96069399,40.75863,-73.97513,member
2764793,CFE6F34E2AAD9CBE,classic_bike,2021-09-15 15:45:42,2021-09-15 15:52:16,Madison Ave & E 82 St,7188,E 75 St & 3 Ave,6991,40.7781314,-73.96069399,40.77112927,-73.95772297,member
2765268,12895156E7A30132,electric_bike,2021-09-06 23:41:24,2021-09-06 23:50:14,Madison Ave & E 82 St,7188,West End Ave & W 94 St,7524,40.7781314,-73.96069399,40.7941654,-73.974124,member
2765282,A05D2A970EDFFD96,classic_bike,2021-09-12 16:08:09,2021-09-12 16:15:08,Madison Ave & E 82 St,7188,E 75 St & 3 Ave,6991,40.7781314,-73.96069399,40.77112927,-73.95772297,member
2765310,1A0740DF1C335D92,electric_bike,2021-09-15 21:40:46,2021-09-15 22:14:57,Madison Ave & E 82 St,7188,West End Ave & W 94 St,7524,40.7781314,-73.96069399,40.7941654,-73.974124,member
2765317,FD4584D485F573DA,classic_bike,2021-09-12 16:30:58,2021-09-12 16:38:09,Madison Ave & E 82 St,7188,E 75 St & 3 Ave,6991,40.7781314,-73.96069399,40.77112927,-73.95772297,member
2765405,6912358E964FDBA5,classic_bike,2021-09-17 08:02:29,2021-09-17 08:10:40,Madison Ave & E 82 St,7188,1 Ave & E 94 St,7286,40.7781314,-73.96069399,40.7817212,-73.94594,member
2765416,15499BDC63E35EB1,classic_bike,2021-09-17 15:11:37,2021-09-17 15:30:28,Madison Ave & E 82 St,7188,West End Ave & W 94 St,7524,40.7781314,-73.96069399,40.7941654,-73.974124,member
2765428,072F8E2344ED3D65,classic_bike,2021-09-15 15:11:47,2021-09-15 15:17:48,Madison Ave & E 82 St,7188,E 75 St & 3 Ave,6991,40.7781314,-73.96069399,40.77112927,-73.95772297,member
2767299,7465FA879EA88932,classic_bike,2021-09-12 10:58:27,2021-09-12 11:03:34,Madison Ave & E 82 St,7188,E 75 St & 3 Ave,6991,40.7781314,-73.96069399,40.77112927,-73.95772297,member
2767302,960B6E733274CE92,classic_bike,2021-09-24 13:45:27,2021-09-24 14:01:45,Madison Ave & E 82 St,7188,Madison Av & E 51 St,6659,40.7781314,-73.96069399,40.75863,-73.97513,casual
2768390,73620D5DC42B2DE2,classic_bike,2021-09-30 07:42:37,2021-09-30 07:54:47,E 81 St & Park Ave,7188,West End Ave & W 94 St,7524,40.77677702,-73.9590097,40.7941654,-73.974124,member
2768411,5CF3E056AC646EEB,classic_bike,2021-09-03 12:26:50,2021-09-03 12:34:39,E 81 St & Park Ave,7188,1 Ave & E 94 St,7286,40.77677702,-73.9590097,40.7817212,-73.94594,member
2768428,EFAFDB5CC68BEAFF,classic_bike,2021-09-06 09:55:14,2021-09-06 10:23:18,E 81 St & Park Ave,7188,Madison Av & E 51 St,6659,40.77677702,-73.9590097,40.75863,-73.97513,member
2768542,6EA80C43F93D1A22,classic_bike,2021-09-05 17:12:40,2021-09-05 17:32:10,E 81 St & Park Ave,7188,Madison Av & E 51 St,6659,40.77677702,-73.9590097,40.75863,-73.97513,casual
2768552,92ADB924D68BE2A7,classic_bike,2021-09-13 08:22:15,2021-09-13 08:55:16,E 81 St & Park Ave,7188,1 Ave & E 94 St,7286,40.77677702,-73.9590097,40.7817212,-73.94594,member
2769787,E9BCF71C768C8767,classic_bike,2021-09-20 08:17:25,2021-09-20 08:53:28,E 81 St & Park Ave,7188,1 Ave & E 94 St,7286,40.77677702,-73.9590097,40.7817212,-73.94594,member
2769808,3624A13C1ED4B5DC,classic_bike,2021-09-26 19:54:24,2021-09-26 20:03:39,E 81 St & Park Ave,7188,1 Ave & E 94 St,7286,40.77677702,-73.9590097,40.7817212,-73.94594,member
2769883,1783D6F35E4072B7,classic_bike,2021-09-09 12:41:24,2021-09-09 12:54:05,E 81 St & Park Ave,7188,Madison Av & E 51 St,6659,40.77677702,-73.9590097,40.75863,-73.97513,member
2769984,E29F96680C3873C1,classic_bike,2021-09-10 17:27:34,2021-09-10 17:40:51,E 81 St & Park Ave,7188,Madison Av & E 51 St,6659,40.77677702,-73.9590097,40.75863,-73.97513,casual
2770185,6C924A8A604B85DB,classic_bike,2021-09-05 14:44:59,2021-09-05 14:51:52,E 81 St & Park Ave,7188,1 Ave & E 94 St,7286,40.77677702,-73.9590097,40.7817212,-73.94594,member
2777321,6CF31741258572CA,electric_bike,2021-09-07 10:16:35,2021-09-07 10:22:18,Madison Ave & E 82 St,7188,E 75 St & 3 Ave,6991,40.7781314,-73.96069399,40.77112927,-73.95772297,member
2777342,8805A825E5C2D9AF,electric_bike,2021-09-20 17:01:04,2021-09-20 18:24:46,Madison Ave & E 82 St,7188,Madison Av & E 51 St,6659,40.7781314,-73.96069399,40.75863,-73.97513,casual
2777390,65A654F8044A44A1,classic_bike,2021-09-06 12:09:36,2021-09-06 12:14:18,Madison Ave & E 82 St,7188,E 75 St & 3 Ave,6991,40.7781314,-73.96069399,40.77112927,-73.95772297,member
2777394,93E2838386654639,classic_bike,2021-09-18 19:26:39,2021-09-18 19:43:44,Madison Ave & E 82 St,7188,1 Ave & E 94 St,7286,40.7781314,-73.96069399,40.7817212,-73.94594,member
2777420,3AF10AA8734371DE,electric_bike,2021-09-10 10:11:20,2021-09-10 10:16:15,Madison Ave & E 82 St,7188,E 75 St & 3 Ave,6991,40.7781314,-73.96069399,40.77112927,-73.95772297,member
2777426,0001FE0546A744F0,classic_bike,2021-09-21 16:19:16,2021-09-21 16:27:19,Madison Ave & E 82 St,7188,1 Ave & E 94 St,7286,40.7781314,-73.96069399,40.7817212,-73.94594,member
2777447,E5B3F833948F4008,classic_bike,2021-09-06 16:51:54,2021-09-06 17:16:16,Madison Ave & E 82 St,7188,Madison Av & E 51 St,6659,40.7781314,-73.96069399,40.75863,-73.97513,casual
2777455,48E6A04A754192D8,classic_bike,2021-09-17 21:33:01,2021-09-17 21:52:16,Madison Ave & E 82 St,7188,Amsterdam Ave & W 119 St,7727,40.7781314,-73.96069399,40.80863217506367,-73.95958609887202,member
2778132,BA13F6A384D797A1,electric_bike,2021-09-02 13:27:57,2021-09-02 13:34:16,Madison Ave & E 82 St,7188,E 75 St & 3 Ave,6991,40.7781314,-73.96069399,40.77112927,-73.95772297,member
2778157,896E70F8F91BF9E9,classic_bike,2021-09-12 09:45:09,2021-09-12 10:08:48,Madison Ave & E 82 St,7188,Amsterdam Ave & W 119 St,7727,40.7781314,-73.96069399,40.80863217506367,-73.95958609887202,member
2778190,E45D224527DD3E39,electric_bike,2021-09-01 12:46:59,2021-09-01 12:51:01,Madison Ave & E 82 St,7188,E 75 St & 3 Ave,6991,40.7781314,-73.96069399,40.77112927,-73.95772297,member
2778206,A53041259286C6EA,classic_bike,2021-09-18 16:45:08,2021-09-18 16:49:54,Madison Ave & E 82 St,7188,E 75 St & 3 Ave,6991,40.7781314,-73.96069399,40.77112927,-73.95772297,member
2779209,3EF2849D5BB31BAE,classic_bike,2021-09-29 19:36:39,2021-09-29 19:46:32,Madison Ave & E 82 St,7188,1 Ave & E 94 St,7286,40.7781314,-73.96069399,40.7817212,-73.94594,member
2779237,FF0CEA51804879FC,classic_bike,2021-09-18 16:04:13,2021-09-18 16:23:12,Madison Ave & E 82 St,7188,Madison Av & E 51 St,6659,40.7781314,-73.96069399,40.75863,-73.97513,member
2779748,6FCBEE7C8428F59A,electric_bike,2021-09-15 17:56:50,2021-09-15 18:08:09,E 81 St & Park Ave,7188,West End Ave & W 94 St,7524,40.77677702,-73.9590097,40.7941654,-73.974124,member
2779751,EE8FDE037DA754B4,electric_bike,2021-09-26 12:44:37,2021-09-26 12:48:33,E 81 St & Park Ave,7188,E 75 St & 3 Ave,6991,40.77677702,-73.9590097,40.77112927,-73.95772297,member
2779757,69F1AD3967161357,classic_bike,2021-09-13 08:19:48,2021-09-13 08:39:36,E 81 St & Park Ave,7188,Madison Av & E 51 St,6659,40.77677702,-73.9590097,40.75863,-73.97513,member
2779775,628CA98E5BAE5E33,electric_bike,2021-09-30 19:15:37,2021-09-30 19:26:43,E 81 St & Park Ave,7188,West End Ave & W 94 St,7524,40.77677702,-73.9590097,40.7941654,-73.974124,member
2781586,D716C3DE7D96B8C4,electric_bike,2021-09-07 23:49:12,2021-09-07 23:57:33,E 81 St & Park Ave,7188,West End Ave & W 94 St,7524,40.77677702,-73.9590097,40.7941654,-73.974124,member
2785012,33E184ED83749C12,classic_bike,2021-09-07 16:24:51,2021-09-07 16:41:30,Madison Ave & E 82 St,7188,West End Ave & W 94 St,7524,40.7781314,-73.96069399,40.7941654,-73.974124,casual
2785666,12145A7DFFAED675,classic_bike,2021-09-07 11:00:58,2021-09-07 11:15:54,Madison Ave & E 82 St,7188,Madison Av & E 51 St,6659,40.7781314,-73.96069399,40.75863,-73.97513,member
2785668,94AD878F7AFD3DDC,classic_bike,2021-09-17 13:44:15,2021-09-17 14:07:22,Madison Ave & E 82 St,7188,Madison Av & E 51 St,6659,40.7781314,-73.96069399,40.75863,-73.97513,casual
2788186,5A28E82267ED62BC,electric_bike,2021-09-12 12:47:42,2021-09-12 12:52:21,Madison Ave & E 82 St,7188,E 75 St & 3 Ave,6991,40.7781314,-73.96069399,40.77112927,-73.95772297,member
2788190,41254B8189FAE5D9,classic_bike,2021-09-20 18:02:03,2021-09-20 18:07:56,Madison Ave & E 82 St,7188,E 75 St & 3 Ave,6991,40.7781314,-73.96069399,40.77112927,-73.95772297,member
2788635,301AD08A145ECEEA,electric_bike,2021-09-26 17:02:14,2021-09-26 17:10:48,Madison Ave & E 82 St,7188,E 75 St & 3 Ave,6991,40.7781314,-73.96069399,40.77112927,-73.95772297,member
2788645,E64A467C06C443D1,classic_bike,2021-09-12 22:42:38,2021-09-12 23:01:01,Madison Ave & E 82 St,7188,West End Ave & W 94 St,7524,40.7781314,-73.96069399,40.7941654,-73.974124,casual
2789413,DB7883518AEB6402,classic_bike,2021-09-30 17:57:12,2021-09-30 18:17:03,E 81 St & Park Ave,7188,Madison Av & E 51 St,6659,40.77677702,-73.9590097,40.75863,-73.97513,casual
2789419,ECCBC6844A6696E5,classic_bike,2021-09-05 17:13:14,2021-09-05 17:32:40,E 81 St & Park Ave,7188,Madison Av & E 51 St,6659,40.77677702,-73.9590097,40.75863,-73.97513,casual
2790452,752228E2CF5E7CD2,classic_bike,2021-09-10 07:48:00,2021-09-10 08:15:36,Madison Ave & E 82 St,7188,Watts St & Greenwich St,5578,40.7781314,-73.96069399,40.72405549,-74.00965965,member
2790606,772019BEF3DF6857,classic_bike,2021-09-21 17:13:10,2021-09-21 17:25:57,Madison Ave & E 82 St,7188,W 76 St & Columbus Ave,7281,40.7781314,-73.96069399,40.7801839724239,-73.97728532552719,member
2790611,5E6FF4F35CC8E46F,classic_bike,2021-09-08 15:51:33,2021-09-08 16:27:27,Madison Ave & E 82 St,7188,W 76 St & Columbus Ave,7281,40.7781314,-73.96069399,40.7801839724239,-73.97728532552719,casual
2790650,85D8AE03A86E7DCE,electric_bike,2021-09-24 13:53:54,2021-09-24 14:14:36,Madison Ave & E 82 St,7188,W 76 St & Columbus Ave,7281,40.7781314,-73.96069399,40.7801839724239,-73.97728532552719,casual
2790743,FF9A73C8B8504D56,classic_bike,2021-09-06 13:38:34,2021-09-06 13:53:01,Madison Ave & E 82 St,7188,W 76 St & Columbus Ave,7281,40.7781314,-73.96069399,40.7801839724239,-73.97728532552719,member
2796260,5457D1D7550F5565,classic_bike,2021-09-17 18:53:02,2021-09-17 19:05:55,Madison Ave & E 82 St,7188,W 76 St & Columbus Ave,7281,40.7781314,-73.96069399,40.7801839724239,-73.97728532552719,member
2796376,9D086DD64FD5BBA4,classic_bike,2021-09-18 14:32:31,2021-09-18 14:58:10,Madison Ave & E 82 St,7188,W 76 St & Columbus Ave,7281,40.7781314,-73.96069399,40.7801839724239,-73.97728532552719,casual
2796525,839E6DB92FED4FD2,classic_bike,2021-09-18 14:32:35,2021-09-18 14:57:59,Madison Ave & E 82 St,7188,W 76 St & Columbus Ave,7281,40.7781314,-73.96069399,40.7801839724239,-73.97728532552719,casual
2797564,0205F5F3992DC25E,classic_bike,2021-09-17 16:21:12,2021-09-17 16:33:20,Madison Ave & E 82 St,7188,W 76 St & Columbus Ave,7281,40.7781314,-73.96069399,40.7801839724239,-73.97728532552719,member
2797696,4B619DA32D8C267A,electric_bike,2021-09-17 00:11:28,2021-09-17 00:18:18,Madison Ave & E 82 St,7188,W 76 St & Columbus Ave,7281,40.7781314,-73.96069399,40.7801839724239,-73.97728532552719,member
2797712,EA6517DCFB969BF1,electric_bike,2021-09-13 23:47:47,2021-09-13 23:53:47,Madison Ave & E 82 St,7188,W 76 St & Columbus Ave,7281,40.7781314,-73.96069399,40.7801839724239,-73.97728532552719,member
2798828,9E594559E252B8DC,classic_bike,2021-09-22 08:14:19,2021-09-22 08:28:11,E 81 St & Park Ave,7188,W 76 St & Columbus Ave,7281,40.77677702,-73.9590097,40.7801839724239,-73.97728532552719,member
2804559,96D8F7F42DF9B4D5,electric_bike,2021-09-20 20:58:12,2021-09-20 21:06:07,Madison Ave & E 82 St,7188,W 76 St & Columbus Ave,7281,40.7781314,-73.96069399,40.7801839724239,-73.97728532552719,member
2804560,C5B4C2FBEFB38AA9,classic_bike,2021-09-21 21:20:07,2021-09-21 22:13:24,Madison Ave & E 82 St,7188,W 76 St & Columbus Ave,7281,40.7781314,-73.96069399,40.7801839724239,-73.97728532552719,member
2804562,A9C285F140A2F35B,classic_bike,2021-09-18 22:20:10,2021-09-18 22:33:43,Madison Ave & E 82 St,7188,W 76 St & Columbus Ave,7281,40.7781314,-73.96069399,40.7801839724239,-73.97728532552719,member
2804642,38766BF100EF5D42,classic_bike,2021-09-27 08:27:17,2021-09-27 09:09:43,Madison Ave & E 82 St,7188,North Moore St & Greenwich St,5470,40.7781314,-73.96069399,40.72019521437465,-74.0103006362915,member
2804649,2ABBCAEB72F252FC,classic_bike,2021-09-12 15:12:03,2021-09-12 15:23:20,Madison Ave & E 82 St,7188,W 76 St & Columbus Ave,7281,40.7781314,-73.96069399,40.7801839724239,-73.97728532552719,member
2804693,1F298970B1E63405,classic_bike,2021-09-18 11:55:24,2021-09-18 12:04:48,Madison Ave & E 82 St,7188,W 76 St & Columbus Ave,7281,40.7781314,-73.96069399,40.7801839724239,-73.97728532552719,member
2804699,6E4B7B6CCA7A1A0D,electric_bike,2021-09-17 10:14:28,2021-09-17 10:22:03,Madison Ave & E 82 St,7188,W 76 St & Columbus Ave,7281,40.7781314,-73.96069399,40.7801839724239,-73.97728532552719,member
2805252,18A643F7882AA564,electric_bike,2021-09-16 14:48:48,2021-09-16 15:05:22,E 81 St & Park Ave,7188,W 76 St & Columbus Ave,7281,40.77677702,-73.9590097,40.7801839724239,-73.97728532552719,member
2806697,51FB892C420092F4,electric_bike,2021-09-06 16:10:24,2021-09-06 16:57:25,E 81 St & Park Ave,7188,Maiden Ln & Pearl St,5065,40.77677702,-73.9590097,40.70706456,-74.00731853,member
2812510,0D7DA499ED26D3F4,electric_bike,2021-09-24 13:54:36,2021-09-24 14:14:17,Madison Ave & E 82 St,7188,W 76 St & Columbus Ave,7281,40.7781314,-73.96069399,40.7801839724239,-73.97728532552719,casual
2814851,96D4C60999ADCF76,classic_bike,2021-09-08 08:16:15,2021-09-08 08:31:39,E 81 St & Park Ave,7188,W 47 St & 6 Ave,6667,40.77677702,-73.9590097,40.758397,-73.98255,member
2814859,0BF3E065A8A4B844,classic_bike,2021-09-14 05:37:39,2021-09-14 05:56:14,E 81 St & Park Ave,7188,W 47 St & 6 Ave,6667,40.77677702,-73.9590097,40.758397,-73.98255,member
2814873,F07434C3B7506707,classic_bike,2021-09-13 14:46:50,2021-09-13 15:22:22,E 81 St & Park Ave,7188,Washington Pl & Broadway,5755,40.77677702,-73.9590097,40.72903917,-73.99404649,member
2822478,1F521A93CBFBE83E,classic_bike,2021-09-09 16:41:11,2021-09-09 17:05:31,E 81 St & Park Ave,7188,W 47 St & 6 Ave,6667,40.77677702,-73.9590097,40.758397,-73.98255,member
2825390,07B2E3B8A6CFAC1C,classic_bike,2021-09-29 16:07:41,2021-09-29 16:38:22,E 81 St & Park Ave,7188,Washington Pl & Broadway,5755,40.77677702,-73.9590097,40.72903917,-73.99404649,member
2825419,AE5EB443477BA3B6,classic_bike,2021-09-27 21:35:39,2021-09-27 21:43:48,E 81 St & Park Ave,7188,East End Ave & E 86 St,7113,40.77677702,-73.9590097,40.77518615,-73.94446054,casual
2825421,A475CF751FEE4D83,classic_bike,2021-09-17 16:41:31,2021-09-17 16:47:24,E 81 St & Park Ave,7188,East End Ave & E 86 St,7113,40.77677702,-73.9590097,40.77518615,-73.94446054,casual
2825436,0F0738BB109CD4B7,classic_bike,2021-09-12 18:24:29,2021-09-12 18:57:21,E 81 St & Park Ave,7188,Greenwich St & W Houston St,5730,40.77677702,-73.9590097,40.728846,-74.008591,casual
2825445,4E54BA3DAB096791,electric_bike,2021-09-25 22:18:28,2021-09-25 22:24:09,E 81 St & Park Ave,7188,East End Ave & E 86 St,7113,40.77677702,-73.9590097,40.77518615,-73.94446054,member
2825477,83B39FF72B9BB413,classic_bike,2021-09-04 11:46:13,2021-09-04 12:02:04,E 81 St & Park Ave,7188,East End Ave & E 86 St,7113,40.77677702,-73.9590097,40.77518615,-73.94446054,member
2825487,68FDCB57D7ABB943,classic_bike,2021-09-09 16:41:03,2021-09-09 17:05:45,E 81 St & Park Ave,7188,W 47 St & 6 Ave,6667,40.77677702,-73.9590097,40.758397,-73.98255,member
2827604,045333C02D5D27B5,classic_bike,2021-09-16 17:26:26,2021-09-16 17:52:43,E 81 St & Park Ave,7188,W 47 St & 6 Ave,6667,40.77677702,-73.9590097,40.758397,-73.98255,member
2827632,E0D04907317152B6,classic_bike,2021-09-02 08:28:23,2021-09-02 08:44:50,E 81 St & Park Ave,7188,W 47 St & 6 Ave,6667,40.77677702,-73.9590097,40.758397,-73.98255,member
2827699,320E7A0EF4DC0485,classic_bike,2021-09-12 12:49:41,2021-09-12 13:39:03,E 81 St & Park Ave,7188,Washington Pl & Broadway,5755,40.77677702,-73.9590097,40.72903917,-73.99404649,casual
2827853,73FC46FA43E2AA25,electric_bike,2021-09-24 11:10:18,2021-09-24 11:23:58,E 81 St & Park Ave,7188,W 47 St & 6 Ave,6667,40.77677702,-73.9590097,40.758397,-73.98255,member
2829790,2B98ECDB99CA6841,electric_bike,2021-09-24 13:31:56,2021-09-24 14:06:04,Madison Ave & E 82 St,7188,W 47 St & 6 Ave,6667,40.7781314,-73.96069399,40.758397,-73.98255,casual
2829806,FE3D94C63C57C8DA,classic_bike,2021-09-23 05:28:58,2021-09-23 05:49:51,Madison Ave & E 82 St,7188,W 47 St & 6 Ave,6667,40.7781314,-73.96069399,40.758397,-73.98255,member
2829807,4D49B97D896A86EC,classic_bike,2021-09-24 05:28:03,2021-09-24 05:47:25,Madison Ave & E 82 St,7188,W 47 St & 6 Ave,6667,40.7781314,-73.96069399,40.758397,-73.98255,member
2829815,D28EB577BDF741E8,classic_bike,2021-09-10 05:43:24,2021-09-10 06:01:57,Madison Ave & E 82 St,7188,W 47 St & 6 Ave,6667,40.7781314,-73.96069399,40.758397,-73.98255,member
2829834,02ABDB341BB2BAA6,classic_bike,2021-09-22 05:29:23,2021-09-22 05:46:21,Madison Ave & E 82 St,7188,W 47 St & 6 Ave,6667,40.7781314,-73.96069399,40.758397,-73.98255,member
2831897,6C5E80531385B7B6,classic_bike,2021-09-18 18:14:58,2021-09-18 18:28:53,Madison Ave & E 82 St,7188,East End Ave & E 86 St,7113,40.7781314,-73.96069399,40.77518615,-73.94446054,casual
2831914,EC07F9755486EDF6,classic_bike,2021-09-30 08:21:59,2021-09-30 08:37:30,Madison Ave & E 82 St,7188,W 47 St & 6 Ave,6667,40.7781314,-73.96069399,40.758397,-73.98255,member
2831919,53183F0081F3B8A6,electric_bike,2021-09-27 11:33:30,2021-09-27 11:55:35,Madison Ave & E 82 St,7188,W 47 St & 6 Ave,6667,40.7781314,-73.96069399,40.758397,-73.98255,casual
2832311,3AC5993B08987FCA,classic_bike,2021-09-02 12:08:19,2021-09-02 12:17:26,Madison Ave & E 82 St,7188,East End Ave & E 86 St,7113,40.7781314,-73.96069399,40.77518615,-73.94446054,member
2833897,9D7A18865CA965D1,classic_bike,2021-09-30 18:52:02,2021-09-30 19:00:50,E 81 St & Park Ave,7188,East End Ave & E 86 St,7113,40.77677702,-73.9590097,40.77518615,-73.94446054,member
2835603,3FDEF41856473E6E,classic_bike,2021-09-29 11:07:57,2021-09-29 11:24:09,E 81 St & Park Ave,7188,W 47 St & 6 Ave,6667,40.77677702,-73.9590097,40.758397,-73.98255,member
2835644,068E57A090289CA8,classic_bike,2021-09-10 08:40:33,2021-09-10 08:55:17,E 81 St & Park Ave,7188,W 47 St & 6 Ave,6667,40.77677702,-73.9590097,40.758397,-73.98255,member
2835645,F6B681E9DB5573F0,electric_bike,2021-09-27 15:01:56,2021-09-27 15:38:14,E 81 St & Park Ave,7188,Washington Pl & Broadway,5755,40.77677702,-73.9590097,40.72903917,-73.99404649,casual
2835658,8087E46116FBE319,classic_bike,2021-09-27 07:03:16,2021-09-27 08:12:20,E 81 St & Park Ave,7188,East End Ave & E 86 St,7113,40.77677702,-73.9590097,40.77518615,-73.94446054,casual
2835664,516E4A76523F0FBB,classic_bike,2021-09-07 09:10:16,2021-09-07 09:33:58,E 81 St & Park Ave,7188,W 26 St & 8 Ave,6297,40.77677702,-73.9590097,40.74734825,-73.99723551,member
2839969,E377408E898CDF50,classic_bike,2021-09-17 05:27:17,2021-09-17 05:48:05,Madison Ave & E 82 St,7188,W 47 St & 6 Ave,6667,40.7781314,-73.96069399,40.758397,-73.98255,member
2840038,58E7F62AB3702EF1,classic_bike,2021-09-18 18:15:30,2021-09-18 18:28:41,Madison Ave & E 82 St,7188,East End Ave & E 86 St,7113,40.7781314,-73.96069399,40.77518615,-73.94446054,casual
2840045,226EC714101F6D55,classic_bike,2021-09-15 08:21:10,2021-09-15 08:42:44,Madison Ave & E 82 St,7188,W 47 St & 6 Ave,6667,40.7781314,-73.96069399,40.758397,-73.98255,member
2840055,C1132D5F0B9FC0F9,classic_bike,2021-09-03 13:45:01,2021-09-03 13:56:38,Madison Ave & E 82 St,7188,East End Ave & E 86 St,7113,40.7781314,-73.96069399,40.77518615,-73.94446054,member
2840057,C4302B7534EA20FB,classic_bike,2021-09-21 05:27:59,2021-09-21 05:49:10,Madison Ave & E 82 St,7188,W 47 St & 6 Ave,6667,40.7781314,-73.96069399,40.758397,-73.98255,member
2840114,E43647C298F5FE44,classic_bike,2021-09-30 05:33:03,2021-09-30 05:52:09,Madison Ave & E 82 St,7188,W 47 St & 6 Ave,6667,40.7781314,-73.96069399,40.758397,-73.98255,member
2840115,4262B40782DE917C,classic_bike,2021-09-29 05:28:03,2021-09-29 05:49:36,Madison Ave & E 82 St,7188,W 47 St & 6 Ave,6667,40.7781314,-73.96069399,40.758397,-73.98255,member
2840133,B99EC642E9BC50D7,classic_bike,2021-09-27 17:51:46,2021-09-27 18:01:29,Madison Ave & E 82 St,7188,East End Ave & E 86 St,7113,40.7781314,-73.96069399,40.77518615,-73.94446054,member
2840135,7796B2451B472924,classic_bike,2021-09-11 00:33:47,2021-09-11 00:42:03,Madison Ave & E 82 St,7188,East End Ave & E 86 St,7113,40.7781314,-73.96069399,40.77518615,-73.94446054,member
2840182,6C3716CEF191EE36,classic_bike,2021-09-17 18:17:51,2021-09-17 18:50:39,Madison Ave & E 82 St,7188,W 47 St & 6 Ave,6667,40.7781314,-73.96069399,40.758397,-73.98255,casual
2840189,6B20322D23DBB196,classic_bike,2021-09-03 05:32:30,2021-09-03 05:59:56,Madison Ave & E 82 St,7188,W 47 St & 6 Ave,6667,40.7781314,-73.96069399,40.758397,-73.98255,member
2841933,9B676F7AE3DE6E3C,classic_bike,2021-09-11 12:57:15,2021-09-11 13:07:47,Madison Ave & E 82 St,7188,East End Ave & E 86 St,7113,40.7781314,-73.96069399,40.77518615,-73.94446054,member
2841971,62A962AFE184857D,classic_bike,2021-09-11 00:33:50,2021-09-11 00:41:52,Madison Ave & E 82 St,7188,East End Ave & E 86 St,7113,40.7781314,-73.96069399,40.77518615,-73.94446054,member
2842025,6E2CF196117E38BD,classic_bike,2021-09-27 11:31:31,2021-09-27 11:55:25,Madison Ave & E 82 St,7188,W 47 St & 6 Ave,6667,40.7781314,-73.96069399,40.758397,-73.98255,casual
2842033,C1D11C4CC93AF526,classic_bike,2021-09-28 01:13:22,2021-09-28 01:21:29,Madison Ave & E 82 St,7188,East End Ave & E 86 St,7113,40.7781314,-73.96069399,40.77518615,-73.94446054,member
2844934,76DC3B80883AE273,classic_bike,2021-09-26 17:58:25,2021-09-26 18:07:46,Madison Ave & E 82 St,7188,East End Ave & E 86 St,7113,40.7781314,-73.96069399,40.77518615,-73.94446054,member
2845008,65E5F768FCDC7D5A,classic_bike,2021-09-16 05:45:24,2021-09-16 06:04:48,Madison Ave & E 82 St,7188,W 47 St & 6 Ave,6667,40.7781314,-73.96069399,40.758397,-73.98255,member
2845010,15F1D077721C249C,classic_bike,2021-09-18 17:17:16,2021-09-18 17:24:40,Madison Ave & E 82 St,7188,East End Ave & E 86 St,7113,40.7781314,-73.96069399,40.77518615,-73.94446054,member
2845011,E82E5BA8FE2DFFF8,classic_bike,2021-09-28 05:26:46,2021-09-28 05:46:30,Madison Ave & E 82 St,7188,W 47 St & 6 Ave,6667,40.7781314,-73.96069399,40.758397,-73.98255,member
2845027,DCF7E44B5E92A6D8,classic_bike,2021-09-11 15:22:39,2021-09-11 15:36:47,Madison Ave & E 82 St,7188,East End Ave & E 86 St,7113,40.7781314,-73.96069399,40.77518615,-73.94446054,casual
2845260,358D743058E250E4,classic_bike,2021-09-25 13:25:09,2021-09-25 13:58:01,Madison Ave & E 82 St,7188,W 26 St & 8 Ave,6297,40.7781314,-73.96069399,40.74734825,-73.99723551,casual
2851672,64824138D4A1AA82,classic_bike,2021-09-18 20:27:19,2021-09-18 20:42:01,Madison Ave & E 82 St,7188,Central Park S & 6 Ave,6876,40.7781314,-73.96069399,40.76590936,-73.97634151,casual
2851689,D6376FD4DD3A8880,docked_bike,2021-09-07 14:33:09,2021-09-07 14:59:15,Madison Ave & E 82 St,7188,Central Park S & 6 Ave,6876,40.778131,-73.960694,40.765909,-73.976342,casual
2853402,9337B2F956954666,classic_bike,2021-09-09 19:23:11,2021-09-09 19:47:21,E 81 St & Park Ave,7188,Central Park S & 6 Ave,6876,40.77677702,-73.9590097,40.76590936,-73.97634151,casual
2853408,49E1CF59E53503BF,electric_bike,2021-09-25 13:45:58,2021-09-25 13:54:09,E 81 St & Park Ave,7188,Central Park S & 6 Ave,6876,40.77677702,-73.9590097,40.76590936,-73.97634151,casual
2853415,5E50481B0CFD6BDC,classic_bike,2021-09-15 15:44:00,2021-09-15 16:05:35,E 81 St & Park Ave,7188,Central Park S & 6 Ave,6876,40.77677702,-73.9590097,40.76590936,-73.97634151,casual
2862697,72A739F46F618D89,classic_bike,2021-09-29 16:40:16,2021-09-29 16:59:55,E 81 St & Park Ave,7188,Central Park S & 6 Ave,6876,40.77677702,-73.9590097,40.76590936,-73.97634151,member
2862782,7BFE7027F69E48EF,classic_bike,2021-09-24 15:13:12,2021-09-24 15:48:25,E 81 St & Park Ave,7188,Central Park S & 6 Ave,6876,40.77677702,-73.9590097,40.76590936,-73.97634151,casual
2862805,3131F75AA59CBFEC,classic_bike,2021-09-09 19:23:21,2021-09-09 19:46:50,E 81 St & Park Ave,7188,Central Park S & 6 Ave,6876,40.77677702,-73.9590097,40.76590936,-73.97634151,casual
2862809,7AEEBCE26C4743CD,classic_bike,2021-09-27 07:43:59,2021-09-27 08:10:56,E 81 St & Park Ave,7188,Broadway & E 21 St,6098,40.77677702,-73.9590097,40.73988840858996,-73.98958593606949,member
2862810,D5E5E4DE70CAA6DF,classic_bike,2021-09-15 07:24:38,2021-09-15 07:49:42,E 81 St & Park Ave,7188,Broadway & E 21 St,6098,40.77677702,-73.9590097,40.73988840858996,-73.98958593606949,member
2862811,FF945ACDF3B02D99,electric_bike,2021-09-03 07:11:25,2021-09-03 07:28:03,E 81 St & Park Ave,7188,Broadway & E 21 St,6098,40.77677702,-73.9590097,40.73988840858996,-73.98958593606949,member
2862813,464FC8D17E7E96C6,classic_bike,2021-09-09 19:17:04,2021-09-09 19:45:58,E 81 St & Park Ave,7188,Central Park S & 6 Ave,6876,40.77677702,-73.9590097,40.76590936,-73.97634151,casual
2862820,C714397C5B0DFD4A,classic_bike,2021-09-17 14:11:20,2021-09-17 14:24:14,E 81 St & Park Ave,7188,Central Park S & 6 Ave,6876,40.77677702,-73.9590097,40.76590936,-73.97634151,casual
2862823,D619261E7CF07148,classic_bike,2021-09-09 19:13:35,2021-09-09 19:47:00,E 81 St & Park Ave,7188,Central Park S & 6 Ave,6876,40.77677702,-73.9590097,40.76590936,-73.97634151,casual
2862824,DA0C8DF99A7BB6C4,classic_bike,2021-09-16 16:04:50,2021-09-16 16:17:07,E 81 St & Park Ave,7188,Central Park S & 6 Ave,6876,40.77677702,-73.9590097,40.76590936,-73.97634151,casual
2862891,AA04F608681F0AB4,classic_bike,2021-09-18 16:35:07,2021-09-18 17:26:01,E 81 St & Park Ave,7188,Broadway & E 21 St,6098,40.77677702,-73.9590097,40.73988840858996,-73.98958593606949,casual
2871947,0491F8BF5D2EF759,docked_bike,2021-09-03 14:06:43,2021-09-03 15:34:06,Madison Ave & E 82 St,7188,Central Park S & 6 Ave,6876,40.778131,-73.960694,40.765909,-73.976342,casual
2871954,78CCEEB2CEB319CA,classic_bike,2021-09-22 10:49:22,2021-09-22 11:02:50,Madison Ave & E 82 St,7188,Central Park S & 6 Ave,6876,40.7781314,-73.96069399,40.76590936,-73.97634151,member
2871961,DE9379F78B04AC07,classic_bike,2021-09-16 12:47:27,2021-09-16 13:13:06,Madison Ave & E 82 St,7188,Central Park S & 6 Ave,6876,40.7781314,-73.96069399,40.76590936,-73.97634151,casual
2871964,3B1E631903A06B46,classic_bike,2021-09-05 16:48:55,2021-09-05 17:14:48,Madison Ave & E 82 St,7188,Central Park S & 6 Ave,6876,40.7781314,-73.96069399,40.76590936,-73.97634151,casual
2871965,9E6BBC0C6094DA48,electric_bike,2021-09-05 12:11:40,2021-09-05 12:34:51,Madison Ave & E 82 St,7188,Central Park S & 6 Ave,6876,40.7781314,-73.96069399,40.76590936,-73.97634151,casual
2871969,201A0B65E255A960,classic_bike,2021-09-07 17:26:33,2021-09-07 18:00:52,Madison Ave & E 82 St,7188,Central Park S & 6 Ave,6876,40.7781314,-73.96069399,40.76590936,-73.97634151,casual
2871994,87644DB267171924,electric_bike,2021-09-19 13:06:35,2021-09-19 13:48:35,Madison Ave & E 82 St,7188,Central Park S & 6 Ave,6876,40.7781314,-73.96069399,40.76590936,-73.97634151,casual
2871996,DD9E5FF709C6E4B8,docked_bike,2021-09-03 14:07:19,2021-09-03 15:34:16,Madison Ave & E 82 St,7188,Central Park S & 6 Ave,6876,40.778131,-73.960694,40.765909,-73.976342,casual
2872001,D72B699523EB7528,classic_bike,2021-09-12 07:36:27,2021-09-12 08:11:14,Madison Ave & E 82 St,7188,Central Park S & 6 Ave,6876,40.7781314,-73.96069399,40.76590936,-73.97634151,member
2872015,1F322955F071626D,docked_bike,2021-09-03 14:06:28,2021-09-03 15:33:56,Madison Ave & E 82 St,7188,Central Park S & 6 Ave,6876,40.778131,-73.960694,40.765909,-73.976342,casual
2872047,3012A31C22A78650,electric_bike,2021-09-18 14:59:07,2021-09-18 15:40:14,Madison Ave & E 82 St,7188,Rivington St & Chrystie St,5453,40.7781314,-73.96069399,40.72110063,-73.9919254,member
2872058,7E84D5D78E7D6A6D,electric_bike,2021-09-02 09:02:34,2021-09-02 09:24:25,Madison Ave & E 82 St,7188,Broadway & E 21 St,6098,40.7781314,-73.96069399,40.73988840858996,-73.98958593606949,member
2872061,FF639129E96AD2FD,electric_bike,2021-09-29 08:49:55,2021-09-29 08:59:20,Madison Ave & E 82 St,7188,Central Park S & 6 Ave,6876,40.7781314,-73.96069399,40.76590936,-73.97634151,member
2872066,C8B7A0527EE086BD,classic_bike,2021-09-24 23:04:12,2021-09-24 23:26:30,Madison Ave & E 82 St,7188,Central Park S & 6 Ave,6876,40.7781314,-73.96069399,40.76590936,-73.97634151,casual
2872084,08B2D25817BB8606,classic_bike,2021-09-16 17:40:57,2021-09-16 18:06:40,Madison Ave & E 82 St,7188,Central Park S & 6 Ave,6876,40.7781314,-73.96069399,40.76590936,-73.97634151,casual
2872098,A19AB7B22C84E767,classic_bike,2021-09-23 08:13:06,2021-09-23 08:22:59,Madison Ave & E 82 St,7188,Central Park S & 6 Ave,6876,40.7781314,-73.96069399,40.76590936,-73.97634151,member
2872112,65B7FFF65907C395,classic_bike,2021-09-04 13:30:13,2021-09-04 13:49:27,Madison Ave & E 82 St,7188,Central Park S & 6 Ave,6876,40.7781314,-73.96069399,40.76590936,-73.97634151,casual
2872121,C6A51E4A11901063,classic_bike,2021-09-12 12:36:46,2021-09-12 12:49:11,Madison Ave & E 82 St,7188,Central Park S & 6 Ave,6876,40.7781314,-73.96069399,40.76590936,-73.97634151,member
2872122,BA4595B9757E2011,classic_bike,2021-09-17 11:42:56,2021-09-17 11:53:48,Madison Ave & E 82 St,7188,Central Park S & 6 Ave,6876,40.7781314,-73.96069399,40.76590936,-73.97634151,member
2872139,F0228A4594273E6A,electric_bike,2021-09-27 16:05:10,2021-09-27 16:29:38,Madison Ave & E 82 St,7188,E 20 St & FDR Drive,5886,40.7781314,-73.96069399,40.73314259,-73.97573881,member
2872143,0EFAA26D1D85C963,electric_bike,2021-09-23 10:21:28,2021-09-23 10:50:22,Madison Ave & E 82 St,7188,Rivington St & Chrystie St,5453,40.7781314,-73.96069399,40.72110063,-73.9919254,member
2872152,B35F6992264EEB0A,electric_bike,2021-09-06 09:55:25,2021-09-06 10:29:19,Madison Ave & E 82 St,7188,Central Park S & 6 Ave,6876,40.7781314,-73.96069399,40.76590936,-73.97634151,member
2872167,7351AB12A59EE829,electric_bike,2021-09-20 09:17:00,2021-09-20 09:40:40,Madison Ave & E 82 St,7188,Broadway & E 21 St,6098,40.7781314,-73.96069399,40.73988840858996,-73.98958593606949,member
2872178,FD27E9A5E1AC93E0,electric_bike,2021-09-09 16:58:57,2021-09-09 17:08:11,Madison Ave & E 82 St,7188,Central Park S & 6 Ave,6876,40.7781314,-73.96069399,40.76590936,-73.97634151,member
2872183,A794B7E4BBD2D733,classic_bike,2021-09-23 17:26:38,2021-09-23 17:49:38,Madison Ave & E 82 St,7188,Broadway & E 21 St,6098,40.7781314,-73.96069399,40.73988840858996,-73.98958593606949,member
2872200,14D53EBFE7817653,electric_bike,2021-09-24 15:32:40,2021-09-24 16:14:38,Madison Ave & E 82 St,7188,Rivington St & Chrystie St,5453,40.7781314,-73.96069399,40.72110063,-73.9919254,casual
2872210,9DD206705205CE0C,electric_bike,2021-09-21 15:13:09,2021-09-21 15:56:49,Madison Ave & E 82 St,7188,Central Park S & 6 Ave,6876,40.7781314,-73.96069399,40.76590936,-73.97634151,casual
2872219,878A0369CCE6FBB2,electric_bike,2021-09-30 10:48:39,2021-09-30 10:57:54,Madison Ave & E 82 St,7188,Central Park S & 6 Ave,6876,40.7781314,-73.96069399,40.76590936,-73.97634151,member
2872259,3215C0354F5875C7,electric_bike,2021-09-19 13:06:23,2021-09-19 13:48:24,Madison Ave & E 82 St,7188,Central Park S & 6 Ave,6876,40.7781314,-73.96069399,40.76590936,-73.97634151,casual
2872260,471FED4B2E5FC1E3,classic_bike,2021-09-16 17:43:51,2021-09-16 18:06:43,Madison Ave & E 82 St,7188,Central Park S & 6 Ave,6876,40.7781314,-73.96069399,40.76590936,-73.97634151,casual
2872582,76B380E0BB77563B,classic_bike,2021-09-07 14:33:10,2021-09-07 14:59:10,Madison Ave & E 82 St,7188,Central Park S & 6 Ave,6876,40.7781314,-73.96069399,40.76590936,-73.97634151,casual
2872595,D6BC35D8A09D14CF,classic_bike,2021-09-24 13:17:25,2021-09-24 13:34:18,Madison Ave & E 82 St,7188,Central Park S & 6 Ave,6876,40.7781314,-73.96069399,40.76590936,-73.97634151,casual
2872736,2E83AAE39ADDD3C8,classic_bike,2021-09-05 16:49:31,2021-09-05 17:14:55,Madison Ave & E 82 St,7188,Central Park S & 6 Ave,6876,40.7781314,-73.96069399,40.76590936,-73.97634151,casual
2872758,C7186B6AB2BD250F,electric_bike,2021-09-17 17:20:34,2021-09-17 17:58:03,Madison Ave & E 82 St,7188,Leonard St & Church St,5359,40.7781314,-73.96069399,40.717571,-74.005549,member
2872767,A347354DCC2CB1AA,classic_bike,2021-09-11 18:38:11,2021-09-11 19:12:04,Madison Ave & E 82 St,7188,Central Park S & 6 Ave,6876,40.7781314,-73.96069399,40.76590936,-73.97634151,casual
2872768,DA4C4EFAB9BF1AF8,classic_bike,2021-09-05 12:11:53,2021-09-05 12:35:07,Madison Ave & E 82 St,7188,Central Park S & 6 Ave,6876,40.7781314,-73.96069399,40.76590936,-73.97634151,casual
2872773,994F8D7E6095D789,electric_bike,2021-09-16 12:45:11,2021-09-16 13:13:17,Madison Ave & E 82 St,7188,Central Park S & 6 Ave,6876,40.7781314,-73.96069399,40.76590936,-73.97634151,casual
2872779,CF18B57EDC2E2BAD,classic_bike,2021-09-18 11:20:59,2021-09-18 11:51:09,Madison Ave & E 82 St,7188,E 20 St & FDR Drive,5886,40.7781314,-73.96069399,40.73314259,-73.97573881,casual
2873240,3078E32D547197CC,docked_bike,2021-09-03 14:06:07,2021-09-03 15:34:22,Madison Ave & E 82 St,7188,Central Park S & 6 Ave,6876,40.778131,-73.960694,40.765909,-73.976342,casual
2873241,FD202CAD13A6AA92,classic_bike,2021-09-30 18:02:49,2021-09-30 18:11:01,Madison Ave & E 82 St,7188,Central Park S & 6 Ave,6876,40.7781314,-73.96069399,40.76590936,-73.97634151,member
2873825,60FFD82CF4C98CAC,classic_bike,2021-09-24 09:05:39,2021-09-24 09:12:23,Madison Ave & E 82 St,7188,Central Park S & 6 Ave,6876,40.7781314,-73.96069399,40.76590936,-73.97634151,member
2873888,5F66DE98A2BB3A9C,classic_bike,2021-09-04 13:31:43,2021-09-04 13:49:25,Madison Ave & E 82 St,7188,Central Park S & 6 Ave,6876,40.7781314,-73.96069399,40.76590936,-73.97634151,casual
2885744,97924415F8D1DECF,electric_bike,2021-09-15 05:54:10,2021-09-15 06:01:04,Madison Ave & E 82 St,7188,Central Park S & 6 Ave,6876,40.7781314,-73.96069399,40.76590936,-73.97634151,member
2885755,C4060F702588279F,classic_bike,2021-09-13 16:31:13,2021-09-13 16:51:40,Madison Ave & E 82 St,7188,Central Park S & 6 Ave,6876,40.7781314,-73.96069399,40.76590936,-73.97634151,casual
2885762,0D49ED08D35D80A9,classic_bike,2021-09-01 16:10:07,2021-09-01 16:38:38,Madison Ave & E 82 St,7188,E 20 St & FDR Drive,5886,40.7781314,-73.96069399,40.73314259,-73.97573881,member
2885765,2E91A5F51D2923BB,classic_bike,2021-09-18 14:10:18,2021-09-18 14:25:04,Madison Ave & E 82 St,7188,Central Park S & 6 Ave,6876,40.7781314,-73.96069399,40.76590936,-73.97634151,member
2885771,BD8E65161979F6BF,classic_bike,2021-09-05 16:49:52,2021-09-05 17:14:48,Madison Ave & E 82 St,7188,Central Park S & 6 Ave,6876,40.7781314,-73.96069399,40.76590936,-73.97634151,casual
2885779,EEBBAF9747ACCD41,classic_bike,2021-09-13 09:48:04,2021-09-13 10:14:13,Madison Ave & E 82 St,7188,Central Park S & 6 Ave,6876,40.7781314,-73.96069399,40.76590936,-73.97634151,casual
2885808,DCE9EBD3B9777F5B,classic_bike,2021-09-14 17:17:12,2021-09-14 17:33:16,Madison Ave & E 82 St,7188,Central Park S & 6 Ave,6876,40.7781314,-73.96069399,40.76590936,-73.97634151,casual
2885818,B4EDAED0CFB74B0C,electric_bike,2021-09-21 15:13:14,2021-09-21 15:56:49,Madison Ave & E 82 St,7188,Central Park S & 6 Ave,6876,40.7781314,-73.96069399,40.76590936,-73.97634151,member
2885832,6D093A81E331AC2A,classic_bike,2021-09-18 14:10:18,2021-09-18 14:24:29,Madison Ave & E 82 St,7188,Central Park S & 6 Ave,6876,40.7781314,-73.96069399,40.76590936,-73.97634151,member
2885835,98B953F083A3D43C,electric_bike,2021-09-17 06:54:48,2021-09-17 07:02:07,Madison Ave & E 82 St,7188,Central Park S & 6 Ave,6876,40.7781314,-73.96069399,40.76590936,-73.97634151,member
2885842,1E4BA558090EFD62,classic_bike,2021-09-27 08:59:43,2021-09-27 09:16:36,Madison Ave & E 82 St,7188,Central Park S & 6 Ave,6876,40.7781314,-73.96069399,40.76590936,-73.97634151,member
2885844,D1DE756EDE66498E,classic_bike,2021-09-21 07:54:20,2021-09-21 08:05:35,Madison Ave & E 82 St,7188,Central Park S & 6 Ave,6876,40.7781314,-73.96069399,40.76590936,-73.97634151,member
2885845,7937E1F750346460,classic_bike,2021-09-16 20:30:52,2021-09-16 20:38:15,Madison Ave & E 82 St,7188,Central Park S & 6 Ave,6876,40.7781314,-73.96069399,40.76590936,-73.97634151,member
2887909,D08672BB461107EC,classic_bike,2021-09-16 12:45:37,2021-09-16 13:13:18,Madison Ave & E 82 St,7188,Central Park S & 6 Ave,6876,40.7781314,-73.96069399,40.76590936,-73.97634151,casual
2887910,5D0F9D29E3F55E17,electric_bike,2021-09-05 12:12:21,2021-09-05 12:35:07,Madison Ave & E 82 St,7188,Central Park S & 6 Ave,6876,40.7781314,-73.96069399,40.76590936,-73.97634151,casual
2887914,890AC09DDD5E0673,classic_bike,2021-09-07 17:26:48,2021-09-07 18:00:45,Madison Ave & E 82 St,7188,Central Park S & 6 Ave,6876,40.7781314,-73.96069399,40.76590936,-73.97634151,casual
2887918,1BC423FC6FA231D6,classic_bike,2021-09-11 18:35:50,2021-09-11 19:12:09,Madison Ave & E 82 St,7188,Central Park S & 6 Ave,6876,40.7781314,-73.96069399,40.76590936,-73.97634151,casual
2887984,AF392A7A6F6BB990,classic_bike,2021-09-11 18:35:00,2021-09-11 19:11:50,Madison Ave & E 82 St,7188,Central Park S & 6 Ave,6876,40.7781314,-73.96069399,40.76590936,-73.97634151,casual
2887987,5707E147E9882B17,classic_bike,2021-09-11 19:33:43,2021-09-11 19:53:20,Madison Ave & E 82 St,7188,Central Park S & 6 Ave,6876,40.7781314,-73.96069399,40.76590936,-73.97634151,casual
2889843,0F5C3EF26B906DAB,classic_bike,2021-09-03 13:32:05,2021-09-03 13:58:42,Madison Ave & E 82 St,7188,E 20 St & FDR Drive,5886,40.7781314,-73.96069399,40.73314259,-73.97573881,casual
2896325,7255A68E005ED2F5,electric_bike,2021-09-18 15:37:14,2021-09-18 16:07:09,4 Ave & E 12 St,5788,E 81 St & Park Ave,7188,40.732647,-73.99011,40.77677702,-73.9590097,casual
2896332,AA4FDB473851788A,classic_bike,2021-09-07 17:11:34,2021-09-07 17:23:00,East End Ave & E 86 St,7113,E 81 St & Park Ave,7188,40.77518615,-73.94446054,40.77677702,-73.9590097,member
2896356,09204FE1F632FA27,classic_bike,2021-09-20 10:27:03,2021-09-20 10:48:03,Amsterdam Ave & W 73 St,7260,E 81 St & Park Ave,7188,40.77966809007312,-73.98093044757842,40.77677702,-73.9590097,casual
2896358,4ED63F7834FE175E,classic_bike,2021-09-16 17:15:21,2021-09-16 17:28:47,7 Ave & Central Park South,6912,E 81 St & Park Ave,7188,40.7667405590595,-73.9790689945221,40.77677702,-73.9590097,member
2896361,A362D8FEEB6EA662,classic_bike,2021-09-23 22:04:43,2021-09-23 22:14:29,7 Ave & Central Park South,6912,E 81 St & Park Ave,7188,40.7667405590595,-73.9790689945221,40.77677702,-73.9590097,member
2896362,31CB4D6729E77250,classic_bike,2021-09-13 17:58:41,2021-09-13 18:46:31,Broadway & E 14 St,5905,E 81 St & Park Ave,7188,40.73454567,-73.99074142,40.77677702,-73.9590097,member
2896385,767E716CA9242ED0,electric_bike,2021-09-09 13:47:52,2021-09-09 13:58:04,E 58 St & 3 Ave,6762,E 81 St & Park Ave,7188,40.76095756,-73.96724467,40.77677702,-73.9590097,member
2896405,7FF8BDF2CFE3E298,classic_bike,2021-09-29 15:49:24,2021-09-29 16:15:03,E 1 St & 1 Ave,5593,E 81 St & Park Ave,7188,40.72335597960796,-73.98864984512329,40.77677702,-73.9590097,member
2896417,8A0155B7190D8B1B,classic_bike,2021-09-09 07:52:41,2021-09-09 07:57:45,2 Ave & E 72 St,6925,E 81 St & Park Ave,7188,40.7687620293096,-73.95840793848038,40.77677702,-73.9590097,member
2896418,0D005EA09A892681,electric_bike,2021-09-14 10:51:44,2021-09-14 11:01:10,E 56 St & Madison Ave,6732,E 81 St & Park Ave,7188,40.761573,-73.972628,40.77677702,-73.9590097,member
2896429,9079A7710429A086,classic_bike,2021-09-26 14:45:57,2021-09-26 15:08:15,Broadway & W 58 St,6948,E 81 St & Park Ave,7188,40.76695317,-73.98169333,40.77677702,-73.9590097,casual
2896433,8FE738DE0F4AE334,classic_bike,2021-09-25 14:08:06,2021-09-25 14:41:20,Washington St & Gansevoort St,6039,E 81 St & Park Ave,7188,40.739323,-74.008119,40.77677702,-73.9590097,casual
2896437,34F9720C31E0F0CB,classic_bike,2021-09-14 14:23:10,2021-09-14 14:29:27,2 Ave & E 72 St,6925,E 81 St & Park Ave,7188,40.7687620293096,-73.95840793848038,40.77677702,-73.9590097,member
2896438,AB726B38C63E5116,electric_bike,2021-09-15 20:31:06,2021-09-15 20:35:55,E 81 St & York Ave,7084,E 81 St & Park Ave,7188,40.7728384,-73.94989233,40.77677702,-73.9590097,member
2896439,41303C77B0EE7095,classic_bike,2021-09-08 19:29:55,2021-09-08 19:37:25,E 81 St & York Ave,7084,E 81 St & Park Ave,7188,40.7728384,-73.94989233,40.77677702,-73.9590097,member
2896443,1D3DBD86B5817348,classic_bike,2021-09-17 07:36:34,2021-09-17 07:42:46,E 81 St & York Ave,7084,E 81 St & Park Ave,7188,40.7728384,-73.94989233,40.77677702,-73.9590097,member
2896444,BA0149C099F5D85D,classic_bike,2021-09-02 10:10:24,2021-09-02 10:17:23,2 Ave & E 72 St,6925,E 81 St & Park Ave,7188,40.7687620293096,-73.95840793848038,40.77677702,-73.9590097,member
2896464,D30283ADFD0CDC70,electric_bike,2021-09-29 13:29:51,2021-09-29 13:32:28,E 77 St & 3 Ave,7092,E 81 St & Park Ave,7188,40.77314236,-73.95856158,40.77677702,-73.9590097,member
2896469,3CAE66E3AA678F1A,classic_bike,2021-09-24 23:33:04,2021-09-24 23:43:29,Central Park S & 6 Ave,6876,E 81 St & Park Ave,7188,40.76590936,-73.97634151,40.77677702,-73.9590097,member
2896503,741BBA2E509BC20D,classic_bike,2021-09-06 15:00:34,2021-09-06 15:26:09,Central Park S & 6 Ave,6876,E 81 St & Park Ave,7188,40.76590936,-73.97634151,40.77677702,-73.9590097,casual
2896522,52B3026F4EF6FDFD,electric_bike,2021-09-15 09:22:53,2021-09-15 09:35:03,E 47 St & 2 Ave,6498,E 81 St & Park Ave,7188,40.75323098,-73.97032517,40.77677702,-73.9590097,member
2896523,187CBF8E92E21887,classic_bike,2021-09-30 18:25:36,2021-09-30 18:36:33,E 56 St & 3 Ave,6691,E 81 St & Park Ave,7188,40.75934501,-73.96759673,40.77677702,-73.9590097,member
2896526,45584096F3E35007,classic_bike,2021-09-13 18:10:20,2021-09-13 19:07:38,E 85 St & 3 Ave,7212,E 81 St & Park Ave,7188,40.77801203,-73.95407149,40.77677702,-73.9590097,member
2896529,367A1F8E13C6AD90,classic_bike,2021-09-04 16:54:44,2021-09-04 16:58:01,E 85 St & 3 Ave,7212,E 81 St & Park Ave,7188,40.77801203,-73.95407149,40.77677702,-73.9590097,member
2896531,7401F5E4A8E9AA96,electric_bike,2021-09-01 16:42:14,2021-09-01 16:53:34,W 84 St & Columbus Ave,7382,E 81 St & Park Ave,7188,40.78499979,-73.97283406,40.77677702,-73.9590097,member
2896533,E72C67E58B0348C5,classic_bike,2021-09-16 00:02:30,2021-09-16 00:05:47,E 85 St & 3 Ave,7212,E 81 St & Park Ave,7188,40.77801203,-73.95407149,40.77677702,-73.9590097,casual
2896570,DAD02AA077D183AA,classic_bike,2021-09-07 21:39:39,2021-09-07 21:53:50,Grand Army Plaza & Central Park S,6839,E 81 St & Park Ave,7188,40.7643971,-73.97371465,40.77677702,-73.9590097,member
2896588,478FEE813ECE09B5,classic_bike,2021-09-12 13:53:45,2021-09-12 14:21:17,Grand Army Plaza & Central Park S,6839,E 81 St & Park Ave,7188,40.7643971,-73.97371465,40.77677702,-73.9590097,member
2896593,29AB87B2F66EDB22,electric_bike,2021-09-26 08:00:38,2021-09-26 08:11:09,E 53 St & Lexington Ave,6617,E 81 St & Park Ave,7188,40.75828065,-73.97069431,40.77677702,-73.9590097,casual
2896594,992B3615903E1E77,electric_bike,2021-09-30 12:43:29,2021-09-30 13:01:33,Grand Army Plaza & Central Park S,6839,E 81 St & Park Ave,7188,40.7643971,-73.97371465,40.77677702,-73.9590097,casual
2896607,8353749B4D6FCA0E,electric_bike,2021-09-05 13:44:48,2021-09-05 14:33:38,W 34 St & 11 Ave,6578,E 81 St & Park Ave,7188,40.75594159,-74.0021163,40.77677702,-73.9590097,casual
2896617,1B3677571B86F71E,classic_bike,2021-09-15 15:44:15,2021-09-15 15:53:42,E 82 St & East End Ave,7049,E 81 St & Park Ave,7188,40.7724607,-73.9468208,40.77677702,-73.9590097,member
2896626,A2B5697F785A92B1,classic_bike,2021-09-21 09:02:06,2021-09-21 09:46:17,6 Ave & W 33 St,6364,E 81 St & Park Ave,7188,40.74901271,-73.98848395,40.77677702,-73.9590097,member
2896636,A8C43DB0C32B6037,classic_bike,2021-09-21 08:27:12,2021-09-21 09:04:04,Pinehurst Ave & W 187 St,8458,E 81 St & Park Ave,7188,40.855331,-73.937878,40.77677702,-73.9590097,member
2896641,588BFD3FB225073B,electric_bike,2021-09-16 14:25:59,2021-09-16 14:41:15,E 82 St & East End Ave,7049,E 81 St & Park Ave,7188,40.7724607,-73.9468208,40.77677702,-73.9590097,member
2896674,9699EF8EFCAA8E18,classic_bike,2021-09-14 18:00:42,2021-09-14 18:04:10,E 84 St & 1 Ave,7180,E 81 St & Park Ave,7188,40.77565541,-73.95068615,40.77677702,-73.9590097,member
2896675,22134C2DED7D928E,electric_bike,2021-09-15 07:49:22,2021-09-15 07:52:43,E 84 St & 1 Ave,7180,E 81 St & Park Ave,7188,40.77565541,-73.95068615,40.77677702,-73.9590097,member
2896677,692D76E0856B25E8,classic_bike,2021-09-15 17:46:25,2021-09-15 17:52:07,E 84 St & 1 Ave,7180,E 81 St & Park Ave,7188,40.77565541,-73.95068615,40.77677702,-73.9590097,member
2896710,3BB9924B785F8A0F,classic_bike,2021-09-26 13:38:41,2021-09-26 14:12:50,5 Ave & E 87 St,7323,E 81 St & Park Ave,7188,40.78232260730881,-73.95987510681152,40.77677702,-73.9590097,member
2896722,ACF0E951E202AC6F,classic_bike,2021-09-30 13:24:03,2021-09-30 13:42:05,8 Ave & W 49 St,6747,E 81 St & Park Ave,7188,40.76171227910671,-73.98655101656914,40.77677702,-73.9590097,member
2896726,C995D23CD8171123,electric_bike,2021-09-10 10:15:41,2021-09-10 10:17:50,E 81 St & 3 Ave,7154,E 81 St & Park Ave,7188,40.77573034,-73.9567526,40.77677702,-73.9590097,member
2896727,56CA307544C0B40C,classic_bike,2021-09-11 19:49:55,2021-09-11 20:11:23,8 Ave & W 49 St,6747,E 81 St & Park Ave,7188,40.76171227910671,-73.98655101656914,40.77677702,-73.9590097,casual
2896734,36A1CECDD579A321,classic_bike,2021-09-29 16:02:31,2021-09-29 16:04:44,E 81 St & 3 Ave,7154,E 81 St & Park Ave,7188,40.77573034,-73.9567526,40.77677702,-73.9590097,member
2896735,CA816523E84AE14C,classic_bike,2021-09-25 14:44:05,2021-09-25 15:20:27,Sullivan St & Washington Sq,5721,E 81 St & Park Ave,7188,40.73047747,-73.99906065,40.77677702,-73.9590097,member
2896744,D4AD8FA078B2545A,classic_bike,2021-09-11 09:57:46,2021-09-11 10:03:11,Central Park W & W 91 St,7453,E 81 St & Park Ave,7188,40.78866499127884,-73.96680057048798,40.77677702,-73.9590097,member
2896760,26C63D60C8EE8BCA,classic_bike,2021-09-10 18:30:31,2021-09-10 18:48:57,W 92 St & Broadway,7502,E 81 St & Park Ave,7188,40.7921,-73.9739,40.77677702,-73.9590097,member
2896766,08B84B604DEEF47D,classic_bike,2021-09-12 08:50:22,2021-09-12 08:51:50,E 81 St & 3 Ave,7154,E 81 St & Park Ave,7188,40.77573034,-73.9567526,40.77677702,-73.9590097,member
2896772,0BF6D2DC29807096,classic_bike,2021-09-19 10:10:26,2021-09-19 10:20:34,Columbus Ave & W 95 St,7520,E 81 St & Park Ave,7188,40.7919557,-73.968087,40.77677702,-73.9590097,member
2896782,F65DF9DDA3B3B340,electric_bike,2021-09-03 15:07:09,2021-09-03 15:43:55,E 81 St & Park Ave,7188,E 81 St & Park Ave,7188,40.77677702,-73.9590097,40.77677702,-73.9590097,member
2896783,CCFE6EFA752ED922,classic_bike,2021-09-03 15:44:34,2021-09-03 15:44:36,E 81 St & Park Ave,7188,E 81 St & Park Ave,7188,40.77677702,-73.9590097,40.77677702,-73.9590097,member
2896799,4EBCE6AADBD444F1,classic_bike,2021-09-20 13:48:52,2021-09-20 14:55:28,E 81 St & Park Ave,7188,E 81 St & Park Ave,7188,40.77677702,-73.9590097,40.77677702,-73.9590097,member
2896818,F48172CCD6D0BD74,classic_bike,2021-09-12 18:10:28,2021-09-12 18:23:26,E 81 St & Park Ave,7188,Columbus Ave & W 95 St,7520,40.77677702,-73.9590097,40.7919557,-73.968087,member
2896838,2E9C97A1C8077D39,electric_bike,2021-09-12 11:44:56,2021-09-12 12:44:33,E 81 St & Park Ave,7188,E 81 St & Park Ave,7188,40.77677702,-73.9590097,40.77677702,-73.9590097,casual
2896855,7E5043A4E2DA52B3,classic_bike,2021-09-02 16:21:21,2021-09-02 16:21:23,E 81 St & Park Ave,7188,E 81 St & Park Ave,7188,40.77677702,-73.9590097,40.77677702,-73.9590097,member
2896872,34B3E15F36DC060E,classic_bike,2021-09-28 20:51:21,2021-09-28 21:01:55,Columbus Ave & W 72 St,7175,E 81 St & Park Ave,7188,40.7770575,-73.97898475,40.77677702,-73.9590097,member
2896886,9CF274BC36136AFD,classic_bike,2021-09-07 17:00:57,2021-09-07 17:05:50,E 91 St & Park Ave,7344,E 81 St & Park Ave,7188,40.7835016,-73.955327,40.77677702,-73.9590097,casual
2896891,BF35F74F56E95AD1,classic_bike,2021-09-16 19:37:16,2021-09-16 20:03:36,St Marks Pl & 2 Ave,5669,E 81 St & Park Ave,7188,40.7284186,-73.98713956,40.77677702,-73.9590097,member
2896899,C39200BA92BD2C71,classic_bike,2021-09-23 17:18:13,2021-09-23 17:21:25,E 91 St & Park Ave,7344,E 81 St & Park Ave,7188,40.7835016,-73.955327,40.77677702,-73.9590097,casual
2896944,28DFD8AF5002B6B2,electric_bike,2021-09-03 12:41:02,2021-09-03 13:00:22,Broadway & W 25 St,6173,E 81 St & Park Ave,7188,40.74286877312112,-73.98918628692627,40.77677702,-73.9590097,member
2896973,4A3E547393FE7350,classic_bike,2021-09-17 13:45:52,2021-09-17 13:54:53,E 93 St & 2 Ave,7286,E 81 St & Park Ave,7188,40.782454175279874,-73.9489196240902,40.77677702,-73.9590097,member
2896978,282A48DBBF104A15,classic_bike,2021-09-21 16:02:06,2021-09-21 16:10:46,E 93 St & 2 Ave,7286,E 81 St & Park Ave,7188,40.782454175279874,-73.9489196240902,40.77677702,-73.9590097,member
2896985,EDB311C3803C03AD,electric_bike,2021-09-13 15:38:12,2021-09-13 15:49:01,E 48 St & 5 Ave,6626,E 81 St & Park Ave,7188,40.75724567911726,-73.97805914282799,40.77677702,-73.9590097,casual
2897006,3F1F27FB2C31E3F8,electric_bike,2021-09-12 20:51:24,2021-09-12 21:00:53,E 58 St & 1 Ave (NE Corner),6682,E 81 St & Park Ave,7188,40.75892386377695,-73.96226227283478,40.77677702,-73.9590097,member
2897024,5E5D4EBA5DBA449C,classic_bike,2021-09-12 17:44:11,2021-09-12 18:17:19,Riverside Blvd & W 67 St,7183,E 81 St & Park Ave,7188,40.777507027547976,-73.98888587951659,40.77677702,-73.9590097,member
2897027,50427355E6836FC7,electric_bike,2021-09-11 07:44:59,2021-09-11 08:00:59,1 Ave & E 68 St,6822,E 81 St & Park Ave,7188,40.76500525,-73.95818491,40.77677702,-73.9590097,member
2897044,E92C1D2B32AF23FA,electric_bike,2021-09-21 11:07:05,2021-09-21 11:35:44,E 58 St & 1 Ave (NW Corner),6723,E 81 St & Park Ave,7188,40.759125,-73.962658,40.77677702,-73.9590097,member
2897050,1B43B82408E8111E,electric_bike,2021-09-25 13:46:28,2021-09-25 14:02:17,Central Park West & W 76 St,7253,E 81 St & Park Ave,7188,40.77896784,-73.97374737,40.77677702,-73.9590097,casual
2897069,51EFB5CCA7A0FAA7,electric_bike,2021-09-12 08:17:19,2021-09-12 08:30:31,E 25 St & 2 Ave,6046,E 81 St & Park Ave,7188,40.73912601,-73.97973776,40.77677702,-73.9590097,member
2897072,016AA0770A47F8BA,classic_bike,2021-09-08 22:48:38,2021-09-08 22:53:30,1 Ave & E 78 St,7020,E 81 St & Park Ave,7188,40.77140426,-73.9535166,40.77677702,-73.9590097,member
2897073,3FD25E42734A6155,electric_bike,2021-09-06 18:35:21,2021-09-06 18:39:45,1 Ave & E 78 St,7020,E 81 St & Park Ave,7188,40.77140426,-73.9535166,40.77677702,-73.9590097,member
2897078,8AEC53D98711C1D7,classic_bike,2021-09-11 14:35:25,2021-09-11 15:16:32,E 31 St & 3 Ave,6239,E 81 St & Park Ave,7188,40.74394314,-73.97966069,40.77677702,-73.9590097,member
2897084,57A863B33A44EE77,classic_bike,2021-09-30 18:14:32,2021-09-30 18:26:47,Broadway & W 51 St,6779,E 81 St & Park Ave,7188,40.76228826,-73.98336183,40.77677702,-73.9590097,member
2897137,3F409C73A24DFABB,classic_bike,2021-09-16 16:18:11,2021-09-16 16:18:21,E 81 St & Park Ave,7188,E 81 St & Park Ave,7188,40.77677702,-73.9590097,40.77677702,-73.9590097,member
2897158,7853C8BB0B784DEC,classic_bike,2021-09-09 19:23:46,2021-09-09 20:06:06,Franklin St & W Broadway,5430,E 81 St & Park Ave,7188,40.71911552,-74.00666661,40.77677702,-73.9590097,member
2897168,413B4B43DE611D18,electric_bike,2021-09-03 11:13:08,2021-09-03 11:25:23,1 Ave & E 44 St,6379,E 81 St & Park Ave,7188,40.75001986,-73.96905301,40.77677702,-73.9590097,member
2897187,35091CCCFE941F3C,classic_bike,2021-09-21 13:39:11,2021-09-21 13:54:12,E 51 St & 1 Ave,6532,E 81 St & Park Ave,7188,40.75455731,-73.96592976,40.77677702,-73.9590097,member
2897191,CFDE3181B173661C,classic_bike,2021-09-04 14:07:51,2021-09-04 14:38:42,E 17 St & Broadway,5980,E 81 St & Park Ave,7188,40.73704984,-73.99009296,40.77677702,-73.9590097,member
2897204,76AA3DA6BE7892FF,classic_bike,2021-09-30 13:26:25,2021-09-30 13:55:12,8 Ave & W 38 St,6526,E 81 St & Park Ave,7188,40.75461,-73.99177,40.77677702,-73.9590097,member
2897218,0C3EC1DC818348BB,classic_bike,2021-09-15 17:07:53,2021-09-15 17:27:02,Lenox Ave & W 126 St,7720,E 81 St & Park Ave,7188,40.808442,-73.9452087,40.77677702,-73.9590097,member
2897220,4B3EA57F98ECF53D,classic_bike,2021-09-20 23:58:37,2021-09-21 00:21:01,Queens Plaza North & Crescent St,6429,E 81 St & Park Ave,7188,40.75110165,-73.94073717,40.77677702,-73.9590097,member
2897226,5C566CC810C340DB,classic_bike,2021-09-12 08:46:26,2021-09-12 09:19:26,Queens Plaza North & Crescent St,6429,E 81 St & Park Ave,7188,40.75110165,-73.94073717,40.77677702,-73.9590097,member
2897282,ABE4BF40D7F4A2A2,electric_bike,2021-09-22 08:13:44,2021-09-22 08:29:10,E 33 St & 1 Ave,6197,E 81 St & Park Ave,7188,40.74322681432173,-73.97449783980846,40.77677702,-73.9590097,member
2897307,832C4CA8F64F3E9C,electric_bike,2021-09-10 07:47:09,2021-09-10 07:51:41,E 85 St & York Ave,7146,E 81 St & Park Ave,7188,40.77536905,-73.94803392,40.77677702,-73.9590097,member
2897359,C14FE1F07815C7F0,classic_bike,2021-09-17 09:21:59,2021-09-17 09:24:52,E 85 St & 3 Ave,7212,E 81 St & Park Ave,7188,40.77801203,-73.95407149,40.77677702,-73.9590097,member
2897364,F6884AC57C44BFAE,electric_bike,2021-09-26 08:16:17,2021-09-26 08:25:47,Central Park North & Adam Clayton Powell Blvd,7617,E 81 St & Park Ave,7188,40.799484,-73.955613,40.77677702,-73.9590097,member
2897367,1E801A21F89F72BE,electric_bike,2021-09-12 08:32:06,2021-09-12 08:49:12,11 Ave & W 59 St,7059,E 81 St & Park Ave,7188,40.77149671054441,-73.99046033620834,40.77677702,-73.9590097,member
2897417,2328434937923DB0,classic_bike,2021-09-25 10:13:15,2021-09-25 10:16:50,E 78 St & 2 Ave,7057,E 81 St & Park Ave,7188,40.7727966,-73.95577801,40.77677702,-73.9590097,member
2897421,A1EACBAE9EE4987A,electric_bike,2021-09-30 19:43:54,2021-09-30 19:50:30,E 78 St & 2 Ave,7057,E 81 St & Park Ave,7188,40.7727966,-73.95577801,40.77677702,-73.9590097,member
2897427,08B2438B07E686A0,classic_bike,2021-09-14 13:39:29,2021-09-14 13:44:10,E 77 St & 3 Ave,7092,E 81 St & Park Ave,7188,40.77314236,-73.95856158,40.77677702,-73.9590097,member
2897441,2937E3B1264E5FCC,electric_bike,2021-09-14 18:27:33,2021-09-14 18:37:32,Columbus Ave & W 72 St,7175,E 81 St & Park Ave,7188,40.7770575,-73.97898475,40.77677702,-73.9590097,member
2897465,3ADB7FAD780E663D,classic_bike,2021-09-13 13:55:26,2021-09-13 14:19:43,Adam Clayton Powell Blvd & W 126 St,7738,E 81 St & Park Ave,7188,40.80949534777948,-73.94776493310928,40.77677702,-73.9590097,member
2897503,D5D8BA2D5DEA07A7,classic_bike,2021-09-30 21:00:13,2021-09-30 21:08:59,Columbus Ave & W 72 St,7175,E 81 St & Park Ave,7188,40.7770575,-73.97898475,40.77677702,-73.9590097,member
2897514,3EC611D11AFB0392,classic_bike,2021-09-29 13:10:56,2021-09-29 13:22:33,Columbus Ave & W 72 St,7175,E 81 St & Park Ave,7188,40.7770575,-73.97898475,40.77677702,-73.9590097,member
2897530,A9C8E7761BC161CC,classic_bike,2021-09-30 14:59:53,2021-09-30 15:08:44,E 74 St & 1 Ave,6953,E 81 St & Park Ave,7188,40.7689738,-73.95482273,40.77677702,-73.9590097,member
2897541,DBED598D9017EB91,electric_bike,2021-09-02 19:00:14,2021-09-02 19:05:30,E 74 St & 1 Ave,6953,E 81 St & Park Ave,7188,40.7689738,-73.95482273,40.77677702,-73.9590097,member
2897571,C7E1CAA5A7307426,electric_bike,2021-09-21 15:20:18,2021-09-21 15:37:36,Amsterdam Ave & W 125 St,7800,E 81 St & Park Ave,7188,40.813358,-73.956461,40.77677702,-73.9590097,member
2897584,0F35D3ED7FCB3FE9,classic_bike,2021-09-17 17:05:04,2021-09-17 17:29:28,E 45 St & 3 Ave,6464,E 81 St & Park Ave,7188,40.75255434,-73.97282625,40.77677702,-73.9590097,member
2897619,CF71EEBF9E1BE65E,electric_bike,2021-09-08 13:52:29,2021-09-08 13:57:57,E 88 St & 1 Ave,7235,E 81 St & Park Ave,7188,40.778301,-73.9488134,40.77677702,-73.9590097,member
2897626,53B4713316E10FE2,electric_bike,2021-09-27 11:43:22,2021-09-27 11:56:33,Pershing Square South,6432,E 81 St & Park Ave,7188,40.751581,-73.97791,40.77677702,-73.9590097,member
2897629,E9D79A87EF95C9E2,electric_bike,2021-09-17 10:26:01,2021-09-17 10:31:53,E 102 St & Park Ave,7488,E 81 St & Park Ave,7188,40.7904828,-73.95033068,40.77677702,-73.9590097,member
2897630,587B408F9B1C7968,electric_bike,2021-09-17 07:55:35,2021-09-17 08:03:17,E 102 St & Park Ave,7488,E 81 St & Park Ave,7188,40.7904828,-73.95033068,40.77677702,-73.9590097,member
2897631,F14575E1817521D2,classic_bike,2021-09-17 15:10:28,2021-09-17 15:19:26,E 102 St & Park Ave,7488,E 81 St & Park Ave,7188,40.7904828,-73.95033068,40.77677702,-73.9590097,member
2897647,FDBFF635D0723376,classic_bike,2021-09-26 14:12:11,2021-09-26 14:18:10,5 Ave & E 93 St,7372,E 81 St & Park Ave,7188,40.7857851,-73.957481,40.77677702,-73.9590097,member
2897649,5EAD062E4AFBB261,classic_bike,2021-09-24 17:49:07,2021-09-24 17:56:25,E 84 St & 1 Ave,7180,E 81 St & Park Ave,7188,40.77565541,-73.95068615,40.77677702,-73.9590097,member
2897650,D4F2300877F61120,classic_bike,2021-09-16 13:19:22,2021-09-16 13:25:02,E 84 St & 1 Ave,7180,E 81 St & Park Ave,7188,40.77565541,-73.95068615,40.77677702,-73.9590097,member
2897676,09DF1F2A21EF789D,classic_bike,2021-09-25 00:02:01,2021-09-25 00:11:28,E 72 St & York Ave,6889,E 81 St & Park Ave,7188,40.76663814,-73.95348296,40.77677702,-73.9590097,casual
2897677,4412AE0CCA61B1E5,classic_bike,2021-09-10 17:27:53,2021-09-10 17:35:35,E 88 St & 1 Ave,7235,E 81 St & Park Ave,7188,40.778301,-73.9488134,40.77677702,-73.9590097,member
2897678,E4B0F0DECE080668,electric_bike,2021-09-28 08:42:09,2021-09-28 08:54:59,E 45 St & 3 Ave,6464,E 81 St & Park Ave,7188,40.75255434,-73.97282625,40.77677702,-73.9590097,member
2897692,F66717F5D2C02BE0,classic_bike,2021-09-11 16:38:43,2021-09-11 16:53:14,E 81 St & 3 Ave,7154,E 81 St & Park Ave,7188,40.77573034,-73.9567526,40.77677702,-73.9590097,member
2897693,6C07DBA0F6E5AC7D,classic_bike,2021-09-26 10:54:06,2021-09-26 10:55:31,E 81 St & 3 Ave,7154,E 81 St & Park Ave,7188,40.77573034,-73.9567526,40.77677702,-73.9590097,member
2897695,3E1430D54A0B8F69,classic_bike,2021-09-04 13:37:22,2021-09-04 13:52:37,W 106 St & Central Park West,7606,E 81 St & Park Ave,7188,40.7981856,-73.9605909006,40.77677702,-73.9590097,member
2897696,FD49D580B1FBC789,classic_bike,2021-09-03 21:32:04,2021-09-03 21:45:35,W 106 St & Central Park West,7606,E 81 St & Park Ave,7188,40.7981856,-73.9605909006,40.77677702,-73.9590097,member
2897721,03154773B7CBB7E7,classic_bike,2021-09-16 07:11:16,2021-09-16 07:21:37,E 84 St & 1 Ave,7180,E 81 St & Park Ave,7188,40.77565541,-73.95068615,40.77677702,-73.9590097,member
2897729,28B400B419CE8811,classic_bike,2021-09-07 20:09:05,2021-09-07 20:17:55,3 Ave & E 62 St,6762,E 81 St & Park Ave,7188,40.76312584,-73.96526895,40.77677702,-73.9590097,member
2897730,E7EAF361C7821401,classic_bike,2021-09-28 17:10:41,2021-09-28 17:29:25,E 118 St & Park Ave,7625,E 81 St & Park Ave,7188,40.8005385,-73.9419949,40.77677702,-73.9590097,member
2897731,76A1AF0E1DD82E9F,classic_bike,2021-09-03 07:09:14,2021-09-03 07:17:34,E 102 St & Park Ave,7488,E 81 St & Park Ave,7188,40.7904828,-73.95033068,40.77677702,-73.9590097,member
2897750,F2985AE02DA86842,classic_bike,2021-09-24 18:40:26,2021-09-24 18:48:13,E 88 St & 1 Ave,7235,E 81 St & Park Ave,7188,40.778301,-73.9488134,40.77677702,-73.9590097,member
2897751,BCB349C1DDF38CE7,classic_bike,2021-09-11 12:00:40,2021-09-11 12:40:04,10 Ave & W 14 St,6157,E 81 St & Park Ave,7188,40.74198159994023,-74.00831580162048,40.77677702,-73.9590097,member
2897764,6E8B99B025936327,electric_bike,2021-09-05 15:10:38,2021-09-05 15:47:46,E 84 St & Park Ave,7243,E 81 St & Park Ave,7188,40.77862688,-73.95772073,40.77677702,-73.9590097,casual
2897769,287F9B56D58E4BC6,electric_bike,2021-09-17 13:41:41,2021-09-17 13:49:04,E 65 St & 2 Ave,6860,E 81 St & Park Ave,7188,40.76471851944339,-73.96222069859505,40.77677702,-73.9590097,member
2897772,C86553C5CA934DD0,classic_bike,2021-09-22 07:51:31,2021-09-22 08:00:13,E 74 St & 1 Ave,6953,E 81 St & Park Ave,7188,40.7689738,-73.95482273,40.77677702,-73.9590097,casual
2897774,C4C044BC537C56E8,classic_bike,2021-09-14 16:09:16,2021-09-14 16:18:57,E 74 St & 1 Ave,6953,E 81 St & Park Ave,7188,40.7689738,-73.95482273,40.77677702,-73.9590097,casual
2897776,98299C7E78F66D6C,classic_bike,2021-09-20 15:43:04,2021-09-20 15:45:34,E 84 St & Park Ave,7243,E 81 St & Park Ave,7188,40.77862688,-73.95772073,40.77677702,-73.9590097,member
2897786,6D3D13DDD7705C1E,classic_bike,2021-09-12 13:56:52,2021-09-12 14:19:16,Adam Clayton Powell Blvd & W 118 St,7670,E 81 St & Park Ave,7188,40.804372,-73.951475,40.77677702,-73.9590097,member
2897796,238B8E306589481F,classic_bike,2021-09-18 13:36:01,2021-09-18 13:58:14,Frederick Douglass Blvd & W 117 St,7688,E 81 St & Park Ave,7188,40.805159,-73.954692,40.77677702,-73.9590097,member
2897797,4753C5FA2F7D29DC,classic_bike,2021-09-17 10:56:45,2021-09-17 11:19:28,Frederick Douglass Blvd & W 117 St,7688,E 81 St & Park Ave,7188,40.805159,-73.954692,40.77677702,-73.9590097,member
2897806,51ABA15CA832B187,electric_bike,2021-09-12 17:48:51,2021-09-12 18:00:04,5 Ave & E 93 St,7372,E 81 St & Park Ave,7188,40.7857851,-73.957481,40.77677702,-73.9590097,member
2897816,9F2E3B8AE5F3AB19,classic_bike,2021-09-04 18:03:13,2021-09-04 18:37:03,Madison Av & E 51 St,6659,E 81 St & Park Ave,7188,40.75863,-73.97513,40.77677702,-73.9590097,member
2897830,1E9930D92EFF4B08,classic_bike,2021-09-11 15:23:45,2021-09-11 15:57:31,Mercer St & Spring St,5532,E 81 St & Park Ave,7188,40.72362738,-73.99949601,40.77677702,-73.9590097,member
2897842,6AE4B8D5BE3F93C8,electric_bike,2021-09-08 18:41:08,2021-09-08 18:58:38,E 33 St & 1 Ave,6197,E 81 St & Park Ave,7188,40.74322681432173,-73.97449783980846,40.77677702,-73.9590097,member
2897876,0B9300B489C4AADB,electric_bike,2021-09-22 13:54:38,2021-09-22 14:02:55,1 Ave & E 94 St,7286,E 81 St & Park Ave,7188,40.7817212,-73.94594,40.77677702,-73.9590097,member
2897877,CA5C0E7EDA5247C3,classic_bike,2021-09-12 10:43:00,2021-09-12 10:47:51,E 75 St & 3 Ave,6991,E 81 St & Park Ave,7188,40.77112927,-73.95772297,40.77677702,-73.9590097,member
2897881,BEA1E7CB88612912,classic_bike,2021-09-02 15:10:24,2021-09-02 15:45:39,Madison Ave & E 120 St,7667,E 81 St & Park Ave,7188,40.80295,-73.942954,40.77677702,-73.9590097,member
2897882,26A65158DF093E34,classic_bike,2021-09-22 09:59:27,2021-09-22 10:29:31,W 11 St & 6 Ave,5914,E 81 St & Park Ave,7188,40.73532427,-73.99800419,40.77677702,-73.9590097,member
2897890,64E7356ADB2D3402,classic_bike,2021-09-09 17:06:58,2021-09-09 17:10:19,E 78 St & 2 Ave,7057,E 81 St & Park Ave,7188,40.7727966,-73.95577801,40.77677702,-73.9590097,member
2897893,AD334B2FA0E004FF,classic_bike,2021-09-23 15:13:22,2021-09-23 16:03:33,Columbus Ave & W 72 St,7175,E 81 St & Park Ave,7188,40.7770575,-73.97898475,40.77677702,-73.9590097,casual
2897894,D94CE293D12B83FC,classic_bike,2021-09-17 13:33:13,2021-09-17 14:23:31,E 78 St & 2 Ave,7057,E 81 St & Park Ave,7188,40.7727966,-73.95577801,40.77677702,-73.9590097,casual
2897920,2D7F76F06B7D2756,electric_bike,2021-09-14 13:27:34,2021-09-14 13:42:03,W 116 St & Amsterdam Ave,7692,E 81 St & Park Ave,7188,40.8067581,-73.9607082,40.77677702,-73.9590097,member
2897939,1BF6009CC9A98174,classic_bike,2021-09-21 13:01:54,2021-09-21 13:05:07,E 76 St & Park Ave,7128,E 81 St & Park Ave,7188,40.773763,-73.96222088,40.77677702,-73.9590097,member
2897940,3F4C9181A42DC4FA,classic_bike,2021-09-25 19:53:38,2021-09-25 20:34:04,W 30 St & 10 Ave,6459,E 81 St & Park Ave,7188,40.752694,-74.002353,40.77677702,-73.9590097,member
2897946,6149A1ABF7585497,classic_bike,2021-09-18 14:15:07,2021-09-18 15:16:20,Kent Ave & N 7 St,5489,E 81 St & Park Ave,7188,40.72036775298455,-73.96165072917938,40.77677702,-73.9590097,casual
2897948,A2E7137300E95874,classic_bike,2021-09-20 14:11:37,2021-09-20 14:34:54,Central Park North & Adam Clayton Powell Blvd,7617,E 81 St & Park Ave,7188,40.799484,-73.955613,40.77677702,-73.9590097,member
2897971,4DC06E7980ED9742,classic_bike,2021-09-02 13:15:07,2021-09-02 13:27:52,E 65 St & 2 Ave,6860,E 81 St & Park Ave,7188,40.76471851944339,-73.96222069859505,40.77677702,-73.9590097,member
2897988,5813E48B1179436B,classic_bike,2021-09-18 21:21:07,2021-09-18 21:31:37,Central Park West & W 68 St,7079,E 81 St & Park Ave,7188,40.7734066,-73.97782542,40.77677702,-73.9590097,casual
2897989,A1D7DFE90FF95DF7,electric_bike,2021-09-26 20:14:39,2021-09-26 20:38:49,Madison Ave & E 82 St,7188,Columbus Ave & W 95 St,7520,40.7781314,-73.96069399,40.7919557,-73.968087,casual
2897996,C99604390FB7E586,classic_bike,2021-09-10 17:45:49,2021-09-10 18:02:07,3 Ave & E 62 St,6762,E 81 St & Park Ave,7188,40.76312584,-73.96526895,40.77677702,-73.9590097,member
2898000,810E512F0A307910,classic_bike,2021-09-02 14:25:56,2021-09-02 14:28:02,Madison Ave & E 82 St,7188,E 81 St & Park Ave,7188,40.7781314,-73.96069399,40.77677702,-73.9590097,member
2898005,AA215E85B07EBDF6,classic_bike,2021-09-26 15:02:59,2021-09-26 15:12:43,Central Park West & W 68 St,7079,E 81 St & Park Ave,7188,40.7734066,-73.97782542,40.77677702,-73.9590097,member
2898015,282798601B8637DB,classic_bike,2021-09-29 23:58:42,2021-09-30 00:07:30,W 67 St & Broadway,7116,E 81 St & Park Ave,7188,40.77492513,-73.98266566,40.77677702,-73.9590097,member
2898025,F337DBFB86F575B2,classic_bike,2021-09-02 13:31:05,2021-09-02 13:32:23,Madison Ave & E 82 St,7188,E 81 St & Park Ave,7188,40.7781314,-73.96069399,40.77677702,-73.9590097,member
2898037,346E86402EE71AF4,classic_bike,2021-09-13 19:37:26,2021-09-13 20:07:27,W 33 St & 7 Ave,6407,E 81 St & Park Ave,7188,40.75019995,-73.99093085,40.77677702,-73.9590097,member
2898067,F22510746CFC2B6F,classic_bike,2021-09-10 11:06:18,2021-09-10 11:14:51,E 68 St & 3 Ave,6896,E 81 St & Park Ave,7188,40.76712840349542,-73.96224617958069,40.77677702,-73.9590097,member
2898068,6B33874F78ED42D4,docked_bike,2021-09-11 15:39:34,2021-09-11 16:18:46,W 34 St & 11 Ave,6578,E 81 St & Park Ave,7188,40.755942,-74.002116,40.776777,-73.95901,casual
2898069,8CCC45527C88C0C4,classic_bike,2021-09-12 14:07:56,2021-09-12 14:39:27,W 34 St & 11 Ave,6578,E 81 St & Park Ave,7188,40.75594159,-74.0021163,40.77677702,-73.9590097,member
2898071,7C4B8714F5D4C6F1,classic_bike,2021-09-04 13:51:03,2021-09-04 14:09:28,Adam Clayton Powell Blvd & W 115 St,7643,E 81 St & Park Ave,7188,40.802535,-73.9532423,40.77677702,-73.9590097,member
2898072,0CB34D9B4D30E6E9,classic_bike,2021-09-24 14:22:30,2021-09-24 14:29:54,E 68 St & 3 Ave,6896,E 81 St & Park Ave,7188,40.76712840349542,-73.96224617958069,40.77677702,-73.9590097,member
2898074,FEBB02C68A30A55C,classic_bike,2021-09-07 19:00:00,2021-09-07 19:28:04,W 33 St & 7 Ave,6407,E 81 St & Park Ave,7188,40.75019995,-73.99093085,40.77677702,-73.9590097,member
2898089,33FF1E1B6E177302,classic_bike,2021-09-30 09:37:11,2021-09-30 09:53:53,E 55 St & 2 Ave,6650,E 81 St & Park Ave,7188,40.75797322,-73.96603308,40.77677702,-73.9590097,member
2898090,901E8538FF95CCDE,classic_bike,2021-09-25 11:14:12,2021-09-25 11:26:42,E 55 St & 2 Ave,6650,E 81 St & Park Ave,7188,40.75797322,-73.96603308,40.77677702,-73.9590097,member
2898092,857098307A91F653,electric_bike,2021-09-21 21:08:33,2021-09-21 21:28:28,4 Ave & E 12 St,5788,E 81 St & Park Ave,7188,40.732647,-73.99011,40.77677702,-73.9590097,member
2898097,842E9EC9A2FEE7B9,electric_bike,2021-09-03 10:26:21,2021-09-03 10:37:10,Amsterdam Ave & W 73 St,7260,E 81 St & Park Ave,7188,40.77966809007312,-73.98093044757842,40.77677702,-73.9590097,member
2898109,64C1E6C45CDF9390,classic_bike,2021-09-13 07:44:42,2021-09-13 08:20:42,Broadway & 51 St,6545,E 81 St & Park Ave,7188,40.754164,-73.908906,40.77677702,-73.9590097,member
2898130,AD8C5E5D80CAE7AE,electric_bike,2021-09-17 11:48:49,2021-09-17 12:15:54,University Pl & E 14 St,5905,E 81 St & Park Ave,7188,40.734814,-73.992085,40.77677702,-73.9590097,member
2898132,67B2595280647477,classic_bike,2021-09-13 16:41:23,2021-09-13 16:50:12,E 91 St & 2 Ave,7286,E 81 St & Park Ave,7188,40.78115276427916,-73.94963040947914,40.77677702,-73.9590097,casual
2898133,9FD1D595BD790DF6,classic_bike,2021-09-16 10:32:56,2021-09-16 10:55:11,1 Ave & E 39 St,6303,E 81 St & Park Ave,7188,40.74714,-73.97113,40.77677702,-73.9590097,casual
2898134,860BCFF2DD2E5391,classic_bike,2021-09-02 22:29:23,2021-09-02 22:41:57,E 91 St & 2 Ave,7286,E 81 St & Park Ave,7188,40.78115276427916,-73.94963040947914,40.77677702,-73.9590097,casual
2898152,EBF978FEDBE67890,classic_bike,2021-09-13 16:41:15,2021-09-13 16:50:05,E 91 St & 2 Ave,7286,E 81 St & Park Ave,7188,40.78115276427916,-73.94963040947914,40.77677702,-73.9590097,member
2898156,04EE19C820EDE348,classic_bike,2021-09-21 18:40:49,2021-09-21 18:49:03,E 91 St & 2 Ave,7286,E 81 St & Park Ave,7188,40.78115276427916,-73.94963040947914,40.77677702,-73.9590097,member
2898169,CD977B09CC32EBC2,classic_bike,2021-09-07 15:25:36,2021-09-07 15:52:58,E 91 St & 2 Ave,7286,E 81 St & Park Ave,7188,40.78115276427916,-73.94963040947914,40.77677702,-73.9590097,member
2898187,069C678FECF29323,classic_bike,2021-09-13 19:27:07,2021-09-13 19:50:38,1 Ave & E 39 St,6303,E 81 St & Park Ave,7188,40.74714,-73.97113,40.77677702,-73.9590097,casual
2898195,710C86BB929B1BA8,electric_bike,2021-09-23 10:30:18,2021-09-23 10:57:53,W 116 St & Broadway,7713,E 81 St & Park Ave,7188,40.8082,-73.9641,40.77677702,-73.9590097,casual
2898206,E67D4F81F4CC0DD3,classic_bike,2021-09-09 15:56:34,2021-09-09 16:27:51,W 116 St & Broadway,7713,E 81 St & Park Ave,7188,40.8082,-73.9641,40.77677702,-73.9590097,member
2898244,B0EAFC153ADB4AB3,classic_bike,2021-09-25 13:43:37,2021-09-25 14:03:14,Central Park West & W 76 St,7253,E 81 St & Park Ave,7188,40.77896784,-73.97374737,40.77677702,-73.9590097,casual
2898270,B47195978BF5E615,classic_bike,2021-09-10 17:54:34,2021-09-10 18:02:45,1 Ave & E 68 St,6822,E 81 St & Park Ave,7188,40.76500525,-73.95818491,40.77677702,-73.9590097,member
2898284,0CC569E0756EEBC9,classic_bike,2021-09-30 13:50:55,2021-09-30 14:06:59,E 50 St & Park Ave,6659,E 81 St & Park Ave,7188,40.757334,-73.974235,40.77677702,-73.9590097,member
2898306,D4466DF4488947A4,classic_bike,2021-09-22 10:04:38,2021-09-22 10:13:22,Central Park West & W 85 St,7354,E 81 St & Park Ave,7188,40.78476,-73.969862,40.77677702,-73.9590097,casual
2898314,C307DA3546548757,electric_bike,2021-09-02 13:09:02,2021-09-02 13:17:25,5 Ave & E 72 St,7100,E 81 St & Park Ave,7188,40.77282817,-73.96685276,40.77677702,-73.9590097,casual
2898325,5004654983C50B20,classic_bike,2021-09-05 15:02:54,2021-09-05 15:12:03,5 Ave & E 72 St,7100,E 81 St & Park Ave,7188,40.77282817,-73.96685276,40.77677702,-73.9590097,member
2898328,09A8E7316483C419,electric_bike,2021-09-02 13:08:54,2021-09-02 13:17:51,5 Ave & E 72 St,7100,E 81 St & Park Ave,7188,40.77282817,-73.96685276,40.77677702,-73.9590097,casual
2898332,935C25D0C703D8C8,electric_bike,2021-09-30 09:25:04,2021-09-30 09:34:27,Central Park West & W 85 St,7354,E 81 St & Park Ave,7188,40.78476,-73.969862,40.77677702,-73.9590097,member
2898336,C77A0568153F57C5,classic_bike,2021-09-17 13:46:56,2021-09-17 14:23:34,Amsterdam Ave & W 79 St,7311,E 81 St & Park Ave,7188,40.7829391,-73.9786517,40.77677702,-73.9590097,casual
2898347,3C4C4A930CD7538E,classic_bike,2021-09-16 23:25:53,2021-09-16 23:32:35,Central Park West & W 85 St,7354,E 81 St & Park Ave,7188,40.78476,-73.969862,40.77677702,-73.9590097,casual
2898349,C56618942ADC57B2,classic_bike,2021-09-05 08:35:32,2021-09-05 08:41:14,Central Park West & W 85 St,7354,E 81 St & Park Ave,7188,40.78476,-73.969862,40.77677702,-73.9590097,casual
2898356,6710E9C6EB5A4474,classic_bike,2021-09-09 17:50:15,2021-09-09 18:06:49,Amsterdam Ave & W 79 St,7311,E 81 St & Park Ave,7188,40.7829391,-73.9786517,40.77677702,-73.9590097,member
2898376,55A6EE03E0B97F9C,classic_bike,2021-09-17 13:49:13,2021-09-17 14:24:02,Amsterdam Ave & W 79 St,7311,E 81 St & Park Ave,7188,40.7829391,-73.9786517,40.77677702,-73.9590097,casual
2898379,D0F888B36DFB6C3D,classic_bike,2021-09-07 17:43:30,2021-09-07 17:55:22,Amsterdam Ave & W 79 St,7311,E 81 St & Park Ave,7188,40.7829391,-73.9786517,40.77677702,-73.9590097,member
2898380,C0419FCFD772F8F2,classic_bike,2021-09-14 17:52:40,2021-09-14 18:07:38,Amsterdam Ave & W 79 St,7311,E 81 St & Park Ave,7188,40.7829391,-73.9786517,40.77677702,-73.9590097,member
2898384,790C89F9EA24C465,classic_bike,2021-09-02 10:14:31,2021-09-02 10:22:21,Central Park West & W 85 St,7354,E 81 St & Park Ave,7188,40.78476,-73.969862,40.77677702,-73.9590097,member
2898391,5C844604595957C7,classic_bike,2021-09-24 10:35:38,2021-09-24 10:55:31,5 Ave & E 72 St,7100,E 81 St & Park Ave,7188,40.77282817,-73.96685276,40.77677702,-73.9590097,member
2898395,F311C29CEEF63AF4,classic_bike,2021-09-25 00:02:10,2021-09-25 00:11:28,E 72 St & York Ave,6889,E 81 St & Park Ave,7188,40.76663814,-73.95348296,40.77677702,-73.9590097,casual
2898407,775EC8BBE24D128C,electric_bike,2021-09-08 06:51:02,2021-09-08 06:58:25,E 72 St & York Ave,6889,E 81 St & Park Ave,7188,40.76663814,-73.95348296,40.77677702,-73.9590097,casual
2898410,A8328055BC33EF88,classic_bike,2021-09-01 07:29:23,2021-09-01 07:39:48,E 106 St & Lexington Ave,7504,E 81 St & Park Ave,7188,40.791976,-73.945993,40.77677702,-73.9590097,member
2898415,D6D6BE82026A7CFF,electric_bike,2021-09-05 13:37:04,2021-09-05 14:35:28,Hudson St & Reade St,5359,E 81 St & Park Ave,7188,40.71625008,-74.0091059,40.77677702,-73.9590097,casual
2898419,DE35685A25F4AC45,classic_bike,2021-09-28 17:47:17,2021-09-28 18:05:18,Amsterdam Ave & W 79 St,7311,E 81 St & Park Ave,7188,40.7829391,-73.9786517,40.77677702,-73.9590097,member
2898428,E021C03EE29464CF,classic_bike,2021-09-18 12:11:40,2021-09-18 12:20:51,E 106 St & Lexington Ave,7504,E 81 St & Park Ave,7188,40.791976,-73.945993,40.77677702,-73.9590097,member
2898430,60238B45210D15E4,classic_bike,2021-09-06 19:14:01,2021-09-06 19:38:07,11 Ave & W 27 St,6425,E 81 St & Park Ave,7188,40.751396,-74.005226,40.77677702,-73.9590097,member
2898435,686C0150B7A2E60E,electric_bike,2021-09-19 09:03:18,2021-09-19 09:08:18,East End Ave & E 86 St,7113,E 81 St & Park Ave,7188,40.77518615,-73.94446054,40.77677702,-73.9590097,member
2898439,E13F76C2500CA116,electric_bike,2021-09-20 17:15:55,2021-09-20 17:35:23,FDR Drive & E 35 St,6230,E 81 St & Park Ave,7188,40.744219,-73.97121214,40.77677702,-73.9590097,member
2898445,A4C136F44AB7C2DA,classic_bike,2021-09-23 08:08:51,2021-09-23 08:17:21,5 Ave & E 103 St,7511,E 81 St & Park Ave,7188,40.7922553,-73.95249933,40.77677702,-73.9590097,member
2898448,0FC6C44837C47246,electric_bike,2021-09-25 13:22:56,2021-09-25 13:36:06,5 Ave & E 103 St,7511,E 81 St & Park Ave,7188,40.7922553,-73.95249933,40.77677702,-73.9590097,casual
2898478,870526F9FC151070,classic_bike,2021-09-10 14:29:47,2021-09-10 14:36:29,E 67 St & Park Ave,6932,E 81 St & Park Ave,7188,40.76780080148132,-73.96592080593109,40.77677702,-73.9590097,member
2898483,A563DBFD2AF0D0F7,classic_bike,2021-09-14 07:41:25,2021-09-14 07:55:04,E 67 St & Park Ave,6932,E 81 St & Park Ave,7188,40.76780080148132,-73.96592080593109,40.77677702,-73.9590097,member
2898492,6E6017FDCFA70EDD,electric_bike,2021-09-25 11:55:15,2021-09-25 12:11:52,28 St & 36 Ave,6614,E 81 St & Park Ave,7188,40.757186,-73.932719,40.77677702,-73.9590097,member
2898525,F5FFF882AA3EB353,classic_bike,2021-09-13 18:20:20,2021-09-13 18:40:44,Amsterdam Ave & W 79 St,7311,E 81 St & Park Ave,7188,40.7829391,-73.9786517,40.77677702,-73.9590097,member
2898528,47F8A0287EF5E848,electric_bike,2021-09-30 20:40:52,2021-09-30 20:45:46,Central Park West & W 85 St,7354,E 81 St & Park Ave,7188,40.78476,-73.969862,40.77677702,-73.9590097,member
2898551,3643F6CDC72FDBBB,classic_bike,2021-09-16 13:08:14,2021-09-16 13:20:34,5 Ave & E 72 St,7100,E 81 St & Park Ave,7188,40.77282817,-73.96685276,40.77677702,-73.9590097,casual
2898553,FE75034C2BEF5136,classic_bike,2021-09-17 13:49:06,2021-09-17 14:24:24,Amsterdam Ave & W 79 St,7311,E 81 St & Park Ave,7188,40.7829391,-73.9786517,40.77677702,-73.9590097,casual
2898577,BD933AD7A89BB2B1,docked_bike,2021-09-18 15:48:18,2021-09-18 16:15:31,E 102 St & Park Ave,7488,E 81 St & Park Ave,7188,40.790483,-73.950331,40.776777,-73.95901,casual
2898580,D50E3CA83B13DECC,classic_bike,2021-09-09 18:09:31,2021-09-09 18:53:40,King St & Varick St,5687,E 81 St & Park Ave,7188,40.72789701409023,-74.00536268949507,40.77677702,-73.9590097,member
2898586,933A8F0EDC4D051B,electric_bike,2021-09-24 10:09:19,2021-09-24 10:14:13,E 91 St & 2 Ave,7286,E 81 St & Park Ave,7188,40.78115276427916,-73.94963040947914,40.77677702,-73.9590097,casual
2898601,4CC788ACBB639779,classic_bike,2021-09-19 11:30:08,2021-09-19 11:45:42,7 Ave & Central Park South,6912,E 81 St & Park Ave,7188,40.7667405590595,-73.9790689945221,40.77677702,-73.9590097,member
2898608,B9461E3F4B46ACAD,classic_bike,2021-09-10 15:26:20,2021-09-10 15:49:16,W 41 St & 8 Ave,6602,E 81 St & Park Ave,7188,40.75640548,-73.9900262,40.77677702,-73.9590097,member
2898642,8DC285225B6AF7F1,classic_bike,2021-09-13 19:47:46,2021-09-13 19:53:49,E 81 St & York Ave,7084,E 81 St & Park Ave,7188,40.7728384,-73.94989233,40.77677702,-73.9590097,member
2898646,BDE9524A237CC016,classic_bike,2021-09-17 23:18:52,2021-09-17 23:33:46,E 55 St & 2 Ave,6650,E 81 St & Park Ave,7188,40.75797322,-73.96603308,40.77677702,-73.9590097,member
2898649,F871F7C44303FDFE,classic_bike,2021-09-11 21:38:27,2021-09-11 22:23:41,E 81 St & York Ave,7084,E 81 St & Park Ave,7188,40.7728384,-73.94989233,40.77677702,-73.9590097,member
2898653,6DB26B5F92484E62,classic_bike,2021-09-26 13:12:41,2021-09-26 13:20:29,E 81 St & York Ave,7084,E 81 St & Park Ave,7188,40.7728384,-73.94989233,40.77677702,-73.9590097,casual
2898667,693992CFF498B5D0,electric_bike,2021-09-30 12:06:01,2021-09-30 12:24:25,Broadway & W 58 St,6948,E 81 St & Park Ave,7188,40.76695317,-73.98169333,40.77677702,-73.9590097,member
2898677,597F5345790BB4BD,classic_bike,2021-09-16 18:12:45,2021-09-16 18:17:59,E 81 St & York Ave,7084,E 81 St & Park Ave,7188,40.7728384,-73.94989233,40.77677702,-73.9590097,member
2898697,0A35EE1BA234C739,classic_bike,2021-09-12 09:37:26,2021-09-12 09:41:01,Madison Ave & E 82 St,7188,E 81 St & Park Ave,7188,40.7781314,-73.96069399,40.77677702,-73.9590097,member
2898698,1B6BE70C695B19F5,classic_bike,2021-09-09 10:00:32,2021-09-09 10:14:26,W 67 St & Broadway,7116,E 81 St & Park Ave,7188,40.77492513,-73.98266566,40.77677702,-73.9590097,member
2898700,B41C43B4435EFDFE,classic_bike,2021-09-25 15:54:52,2021-09-25 16:13:21,Madison Ave & E 82 St,7188,Columbus Ave & W 95 St,7520,40.7781314,-73.96069399,40.7919557,-73.968087,member
2898701,4DA2BBFE5DE56164,docked_bike,2021-09-25 14:36:50,2021-09-25 14:47:44,Madison Ave & E 82 St,7188,Columbus Ave & W 95 St,7520,40.778131,-73.960694,40.791956,-73.968087,casual
2898702,00AAAC56EBA3F660,classic_bike,2021-09-27 07:52:55,2021-09-27 08:01:44,Central Park West & W 68 St,7079,E 81 St & Park Ave,7188,40.7734066,-73.97782542,40.77677702,-73.9590097,member
2898706,DFB11AE87C6A5A8F,electric_bike,2021-09-26 12:05:45,2021-09-26 12:13:04,Madison Ave & E 82 St,7188,Columbus Ave & W 95 St,7520,40.7781314,-73.96069399,40.7919557,-73.968087,member
2898711,05B802FF2851CD94,electric_bike,2021-09-25 14:42:42,2021-09-25 15:12:48,E 14 St & Avenue B,5736,E 81 St & Park Ave,7188,40.72938685,-73.97772429,40.77677702,-73.9590097,member
2898714,CDDFAD4A6D8BDDDA,classic_bike,2021-09-28 13:54:40,2021-09-28 14:30:43,E 2 St & Avenue A,5553,E 81 St & Park Ave,7188,40.72307749068673,-73.98583620786667,40.77677702,-73.9590097,member
2898731,904C22A771EE1D9A,electric_bike,2021-09-28 22:39:53,2021-09-28 22:52:34,E 106 St & 1 Ave,7456,E 81 St & Park Ave,7188,40.7892529,-73.93956237,40.77677702,-73.9590097,casual
2898738,AB30BA838AEF8DD3,classic_bike,2021-09-17 14:32:05,2021-09-17 14:50:49,W 55 St & 6 Ave,6809,E 81 St & Park Ave,7188,40.763189,-73.978434,40.77677702,-73.9590097,casual
2898739,49C0E6BEA253DBE0,classic_bike,2021-09-05 13:39:31,2021-09-05 13:52:17,W 55 St & 6 Ave,6809,E 81 St & Park Ave,7188,40.763189,-73.978434,40.77677702,-73.9590097,member
2898744,EE85C635D18D291F,classic_bike,2021-09-14 01:22:36,2021-09-14 02:12:22,Murray St & Greenwich St,5288,E 81 St & Park Ave,7188,40.71485150526252,-74.01122331619263,40.77677702,-73.9590097,member
2898747,858B5145C952DEF5,classic_bike,2021-09-17 18:24:11,2021-09-17 18:59:58,E 58 St & Madison Ave,6839,E 81 St & Park Ave,7188,40.76302594280519,-73.97209525108337,40.77677702,-73.9590097,member
2898785,01ADBBC1ABE865E0,electric_bike,2021-09-28 16:32:12,2021-09-28 16:37:39,E 95 St & 3 Ave,7365,E 81 St & Park Ave,7188,40.7849032,-73.950503,40.77677702,-73.9590097,casual
2898786,1B189F3E28F054A9,classic_bike,2021-09-10 17:17:14,2021-09-10 17:33:04,E 54 St & 1 Ave,6608,E 81 St & Park Ave,7188,40.756265,-73.964179,40.77677702,-73.9590097,member
2898790,0B65A2A0C06921B1,classic_bike,2021-09-26 15:59:50,2021-09-26 16:58:20,Canal St & Rutgers St,5303,E 81 St & Park Ave,7188,40.71427487,-73.98990025,40.77677702,-73.9590097,casual
2898810,E21322B854ACB77F,electric_bike,2021-09-17 23:43:57,2021-09-18 00:14:10,E 63 St & 3 Ave,6830,E 81 St & Park Ave,7188,40.763954,-73.9646,40.77677702,-73.9590097,member
2898816,C4DFDB3B360A9E12,classic_bike,2021-09-21 16:05:16,2021-09-21 16:28:58,W 15 St & 6 Ave,5989,E 81 St & Park Ave,7188,40.738046142482766,-73.99642959237099,40.77677702,-73.9590097,member
2898821,EF240F9517E9184D,classic_bike,2021-09-24 19:09:42,2021-09-24 19:18:35,E 58 St & 3 Ave,6762,E 81 St & Park Ave,7188,40.76095756,-73.96724467,40.77677702,-73.9590097,member
2898828,AC38B98FA496BA74,classic_bike,2021-09-16 15:25:13,2021-09-16 15:49:19,8 Ave & W 49 St,6747,E 81 St & Park Ave,7188,40.76171227910671,-73.98655101656914,40.77677702,-73.9590097,member
2898830,10C62DD2B95E8B70,classic_bike,2021-09-23 09:22:24,2021-09-23 09:36:31,W 63 St & Broadway,7052,E 81 St & Park Ave,7188,40.77163851,-73.98261428,40.77677702,-73.9590097,member
2898839,EE738CAD8073AD52,classic_bike,2021-09-09 17:12:53,2021-09-09 17:30:46,8 Ave & W 49 St,6747,E 81 St & Park Ave,7188,40.76171227910671,-73.98655101656914,40.77677702,-73.9590097,casual
2898855,87B3CBE9E56DB4B2,classic_bike,2021-09-11 19:49:55,2021-09-11 20:11:20,8 Ave & W 49 St,6747,E 81 St & Park Ave,7188,40.76171227910671,-73.98655101656914,40.77677702,-73.9590097,member
2898861,46D22B18376B5C98,classic_bike,2021-09-13 16:02:40,2021-09-13 16:18:39,6 Ave & W 45 St,6593,E 81 St & Park Ave,7188,40.756951,-73.982631,40.77677702,-73.9590097,member
2898867,BCE327F988A58E91,classic_bike,2021-09-25 16:59:31,2021-09-25 17:04:05,E 81 St & 2 Ave,7121,E 81 St & Park Ave,7188,40.77477944895728,-73.95427465438843,40.77677702,-73.9590097,member
2898868,FCE4CE653C14A907,classic_bike,2021-09-26 11:27:25,2021-09-26 11:30:19,E 81 St & 2 Ave,7121,E 81 St & Park Ave,7188,40.77477944895728,-73.95427465438843,40.77677702,-73.9590097,member
2898874,66C52C98CF9ECCA3,classic_bike,2021-09-26 09:34:46,2021-09-26 09:55:55,6 Ave & W 45 St,6593,E 81 St & Park Ave,7188,40.756951,-73.982631,40.77677702,-73.9590097,member
2898877,2F03BD7F1C852DF3,classic_bike,2021-09-06 15:05:28,2021-09-06 15:52:53,E 81 St & 2 Ave,7121,E 81 St & Park Ave,7188,40.77477944895728,-73.95427465438843,40.77677702,-73.9590097,member
2898879,47FAE80271A76331,classic_bike,2021-09-26 21:34:52,2021-09-26 21:37:26,E 81 St & 2 Ave,7121,E 81 St & Park Ave,7188,40.77477944895728,-73.95427465438843,40.77677702,-73.9590097,casual
2898889,1FED3C81D6332B1F,classic_bike,2021-09-17 15:35:48,2021-09-17 15:52:52,6 Ave & W 45 St,6593,E 81 St & Park Ave,7188,40.756951,-73.982631,40.77677702,-73.9590097,member
2898891,B7589AEAB7E1890B,classic_bike,2021-09-06 11:45:46,2021-09-06 11:49:17,E 81 St & 2 Ave,7121,E 81 St & Park Ave,7188,40.77477944895728,-73.95427465438843,40.77677702,-73.9590097,member
2898892,1CC069C4F8BB90FD,classic_bike,2021-09-06 12:05:53,2021-09-06 12:08:45,E 81 St & 2 Ave,7121,E 81 St & Park Ave,7188,40.77477944895728,-73.95427465438843,40.77677702,-73.9590097,member
2898893,3CA672850A0A4E6E,classic_bike,2021-09-06 11:55:45,2021-09-06 11:59:49,E 81 St & 2 Ave,7121,E 81 St & Park Ave,7188,40.77477944895728,-73.95427465438843,40.77677702,-73.9590097,member
2898894,7B1BEA0A1466C8D3,classic_bike,2021-09-06 12:15:23,2021-09-06 12:19:07,E 81 St & 2 Ave,7121,E 81 St & Park Ave,7188,40.77477944895728,-73.95427465438843,40.77677702,-73.9590097,member
2898898,998AF5F1853A2709,classic_bike,2021-09-09 08:55:20,2021-09-09 09:01:15,E 75 St & 3 Ave,6991,E 81 St & Park Ave,7188,40.77112927,-73.95772297,40.77677702,-73.9590097,member
2898909,2A2714D13F51032F,classic_bike,2021-09-06 12:33:32,2021-09-06 12:35:23,E 81 St & 2 Ave,7121,E 81 St & Park Ave,7188,40.77477944895728,-73.95427465438843,40.77677702,-73.9590097,member
2898910,B09484ACB656F364,classic_bike,2021-09-06 12:42:19,2021-09-06 12:44:25,E 81 St & 2 Ave,7121,E 81 St & Park Ave,7188,40.77477944895728,-73.95427465438843,40.77677702,-73.9590097,member
2898911,4E033B498622FE04,classic_bike,2021-09-06 09:57:11,2021-09-06 09:59:08,E 81 St & 2 Ave,7121,E 81 St & Park Ave,7188,40.77477944895728,-73.95427465438843,40.77677702,-73.9590097,member
2898912,29EB93AA1C6188E4,classic_bike,2021-09-06 12:37:47,2021-09-06 12:39:46,E 81 St & 2 Ave,7121,E 81 St & Park Ave,7188,40.77477944895728,-73.95427465438843,40.77677702,-73.9590097,member
2898913,C87F5A72C86FADC8,classic_bike,2021-09-06 09:53:00,2021-09-06 09:54:46,E 81 St & 2 Ave,7121,E 81 St & Park Ave,7188,40.77477944895728,-73.95427465438843,40.77677702,-73.9590097,member
2898914,E25E2B73400BD64A,classic_bike,2021-09-06 12:24:06,2021-09-06 12:26:31,E 81 St & 2 Ave,7121,E 81 St & Park Ave,7188,40.77477944895728,-73.95427465438843,40.77677702,-73.9590097,member
2898915,0CFD142477494651,classic_bike,2021-09-06 12:28:59,2021-09-06 12:30:53,E 81 St & 2 Ave,7121,E 81 St & Park Ave,7188,40.77477944895728,-73.95427465438843,40.77677702,-73.9590097,member
2898918,FFC5C32A2EDBEB91,classic_bike,2021-09-17 10:09:13,2021-09-17 10:11:32,E 81 St & 2 Ave,7121,E 81 St & Park Ave,7188,40.77477944895728,-73.95427465438843,40.77677702,-73.9590097,member
2898925,A7C1770A52DC5D45,electric_bike,2021-09-16 08:44:05,2021-09-16 08:50:11,Central Park W & W 91 St,7453,E 81 St & Park Ave,7188,40.78866499127884,-73.96680057048798,40.77677702,-73.9590097,member
2898931,36A8264BDD27C0CB,classic_bike,2021-09-20 13:28:32,2021-09-20 13:42:04,Riverside Dr & W 72 St,7288,E 81 St & Park Ave,7188,40.78057799010334,-73.98562431335449,40.77677702,-73.9590097,member
2898935,D2B8A04ECBA3D1D5,classic_bike,2021-09-28 13:54:00,2021-09-28 14:17:07,Frederick Douglass Blvd & W 117 St,7688,E 81 St & Park Ave,7188,40.805159,-73.954692,40.77677702,-73.9590097,member
2898943,E9219541B2188BEC,classic_bike,2021-09-26 16:37:12,2021-09-26 16:50:54,Central Park W & W 91 St,7453,E 81 St & Park Ave,7188,40.78866499127884,-73.96680057048798,40.77677702,-73.9590097,member
2898952,7BDEFAB54CAFF3CF,electric_bike,2021-09-07 21:29:21,2021-09-07 21:38:41,W 92 St & Broadway,7502,E 81 St & Park Ave,7188,40.7921,-73.9739,40.77677702,-73.9590097,member
2898956,E98AD35F1527C1B9,electric_bike,2021-09-16 17:14:52,2021-09-16 17:17:24,E 81 St & 2 Ave,7121,E 81 St & Park Ave,7188,40.77477944895728,-73.95427465438843,40.77677702,-73.9590097,member
2898980,6AF3E950760555BB,classic_bike,2021-09-26 13:58:02,2021-09-26 15:57:05,E 81 St & 2 Ave,7121,E 81 St & Park Ave,7188,40.77477944895728,-73.95427465438843,40.77677702,-73.9590097,casual
2898989,82DD776E5CE7ADA8,electric_bike,2021-09-14 14:44:38,2021-09-14 14:54:31,Central Park W & W 91 St,7453,E 81 St & Park Ave,7188,40.78866499127884,-73.96680057048798,40.77677702,-73.9590097,casual
2898992,58CF74C124BF0048,classic_bike,2021-09-06 13:52:00,2021-09-06 14:14:21,Frederick Douglass Blvd & W 117 St,7688,E 81 St & Park Ave,7188,40.805159,-73.954692,40.77677702,-73.9590097,member
2898993,56B46D76BF6DFFCF,electric_bike,2021-09-15 05:01:21,2021-09-15 05:12:53,Frederick Douglass Blvd & W 117 St,7688,E 81 St & Park Ave,7188,40.805159,-73.954692,40.77677702,-73.9590097,member
2899019,FC78EDD8DEC07592,classic_bike,2021-09-26 15:38:47,2021-09-26 15:51:12,W 90 St & Amsterdam Ave,7432,E 81 St & Park Ave,7188,40.79017948095081,-73.97288918495178,40.77677702,-73.9590097,member
2899027,44C93A69864D82CC,classic_bike,2021-09-25 15:44:35,2021-09-25 16:10:06,Sunken Meadow Comfort Station,7571,E 81 St & Park Ave,7188,40.79558,-73.91906,40.77677702,-73.9590097,member
2899042,5488CDC065279C25,classic_bike,2021-09-25 15:44:36,2021-09-25 16:10:05,Sunken Meadow Comfort Station,7571,E 81 St & Park Ave,7188,40.79558,-73.91906,40.77677702,-73.9590097,member
2899065,E4E208766536F0BE,classic_bike,2021-09-14 14:01:17,2021-09-14 14:12:14,5 Ave & E 78 St,7161,E 81 St & Park Ave,7188,40.77632142182271,-73.96427392959595,40.77677702,-73.9590097,casual
2899066,D92DD8A5B545F6F9,classic_bike,2021-09-13 13:24:55,2021-09-13 13:56:40,3 Ave & E 72 St,7028,E 81 St & Park Ave,7188,40.7699426,-73.96060712,40.77677702,-73.9590097,casual
2899072,8875AF0EC8DB7AF0,classic_bike,2021-09-13 13:25:14,2021-09-13 13:56:53,3 Ave & E 72 St,7028,E 81 St & Park Ave,7188,40.7699426,-73.96060712,40.77677702,-73.9590097,casual
2899073,0E3A41D9E131C90B,classic_bike,2021-09-13 13:24:54,2021-09-13 13:57:03,3 Ave & E 72 St,7028,E 81 St & Park Ave,7188,40.7699426,-73.96060712,40.77677702,-73.9590097,casual
2899076,A0BD5B811F71EEB5,classic_bike,2021-09-23 14:37:44,2021-09-23 14:56:04,W 106 St & Central Park West,7606,E 81 St & Park Ave,7188,40.7981856,-73.9605909006,40.77677702,-73.9590097,member
2899078,183F862A16117ADF,classic_bike,2021-09-23 11:54:48,2021-09-23 12:17:19,W 59 St & 10 Ave,7023,E 81 St & Park Ave,7188,40.770513,-73.988038,40.77677702,-73.9590097,member
2899080,0A8DD27D437A814B,classic_bike,2021-09-02 16:10:29,2021-09-02 16:15:04,5 Ave & E 78 St,7161,E 81 St & Park Ave,7188,40.77632142182271,-73.96427392959595,40.77677702,-73.9590097,member
2899092,88BCE13A11E8CC34,electric_bike,2021-09-04 12:30:53,2021-09-04 12:33:06,5 Ave & E 78 St,7161,E 81 St & Park Ave,7188,40.77632142182271,-73.96427392959595,40.77677702,-73.9590097,member
2899099,D0F90395EC91F6A4,classic_bike,2021-09-10 18:17:58,2021-09-10 18:23:31,3 Ave & E 72 St,7028,E 81 St & Park Ave,7188,40.7699426,-73.96060712,40.77677702,-73.9590097,member
2899100,F49E11CF5AE48387,classic_bike,2021-09-12 13:25:52,2021-09-12 14:08:40,E 2 St & Avenue C,5476,E 81 St & Park Ave,7188,40.7208736,-73.98085795,40.77677702,-73.9590097,member
2899115,17ED07D5FDC5303B,classic_bike,2021-09-14 10:54:59,2021-09-14 11:53:44,5 Ave & E 78 St,7161,E 81 St & Park Ave,7188,40.77632142182271,-73.96427392959595,40.77677702,-73.9590097,casual
2899123,CAB3387391FE560B,classic_bike,2021-09-14 17:50:14,2021-09-14 17:54:43,5 Ave & E 78 St,7161,E 81 St & Park Ave,7188,40.77632142182271,-73.96427392959595,40.77677702,-73.9590097,member
2899128,C4FD62F8480F7F89,electric_bike,2021-09-19 10:34:46,2021-09-19 10:38:43,3 Ave & E 72 St,7028,E 81 St & Park Ave,7188,40.7699426,-73.96060712,40.77677702,-73.9590097,member
2899151,536AED60520AE24C,classic_bike,2021-09-11 08:22:18,2021-09-11 08:37:17,W 70 St & Amsterdam Ave,7207,E 81 St & Park Ave,7188,40.77748046,-73.98288594,40.77677702,-73.9590097,casual
2899161,72B16DA3CEF74536,electric_bike,2021-09-12 17:30:12,2021-09-12 18:01:19,Lenox Ave & W 111 St,7602,E 81 St & Park Ave,7188,40.7987859,-73.9523,40.77677702,-73.9590097,member
2899165,B23386240F3F69A4,classic_bike,2021-09-06 11:33:47,2021-09-06 11:40:13,E 82 St & East End Ave,7049,E 81 St & Park Ave,7188,40.7724607,-73.9468208,40.77677702,-73.9590097,member
2899171,8205BB363F054B2A,electric_bike,2021-09-29 06:53:36,2021-09-29 06:57:22,E 82 St & East End Ave,7049,E 81 St & Park Ave,7188,40.7724607,-73.9468208,40.77677702,-73.9590097,member
2899180,6B56466926D5E7C2,classic_bike,2021-09-13 10:42:05,2021-09-13 11:13:07,Avenue C & E 18 St,5769,E 81 St & Park Ave,7188,40.730563,-73.973984,40.77677702,-73.9590097,member
2899185,982F9A6C21D1A705,classic_bike,2021-09-14 07:49:14,2021-09-14 08:11:36,Lenox Ave & W 111 St,7602,E 81 St & Park Ave,7188,40.7987859,-73.9523,40.77677702,-73.9590097,member
2899190,2F5604FE9392187F,classic_bike,2021-09-23 15:17:45,2021-09-23 15:26:35,E 82 St & East End Ave,7049,E 81 St & Park Ave,7188,40.7724607,-73.9468208,40.77677702,-73.9590097,member
2899191,2B44D142BB4A4BC2,classic_bike,2021-09-26 13:56:06,2021-09-26 14:02:45,E 81 St & 2 Ave,7121,E 81 St & Park Ave,7188,40.77477944895728,-73.95427465438843,40.77677702,-73.9590097,casual
2899241,D03BBEF324713634,classic_bike,2021-09-10 11:51:22,2021-09-10 11:55:30,E 84 St & 1 Ave,7180,E 81 St & Park Ave,7188,40.77565541,-73.95068615,40.77677702,-73.9590097,member
2899257,A3A2A7BE81D49171,electric_bike,2021-09-24 14:54:52,2021-09-24 15:01:34,5 Ave & E 87 St,7323,E 81 St & Park Ave,7188,40.78232260730881,-73.95987510681152,40.77677702,-73.9590097,casual
2899258,EF6506C75B06EFF1,classic_bike,2021-09-18 17:54:15,2021-09-18 17:59:04,5 Ave & E 87 St,7323,E 81 St & Park Ave,7188,40.78232260730881,-73.95987510681152,40.77677702,-73.9590097,casual
2899286,E3F7EDDDC37E3D20,classic_bike,2021-09-25 07:11:08,2021-09-25 07:21:08,E 93 St & 2 Ave,7286,E 81 St & Park Ave,7188,40.782454175279874,-73.9489196240902,40.77677702,-73.9590097,member
2899287,B7AE6C24695F559C,classic_bike,2021-09-25 12:43:00,2021-09-25 12:53:39,E 93 St & 2 Ave,7286,E 81 St & Park Ave,7188,40.782454175279874,-73.9489196240902,40.77677702,-73.9590097,member
2899300,9D10063124B63FAB,electric_bike,2021-09-01 16:56:10,2021-09-01 17:29:30,W 76 St & Columbus Ave,7281,E 81 St & Park Ave,7188,40.7801839724239,-73.97728532552719,40.77677702,-73.9590097,casual
2899301,7EBCE59368E88834,classic_bike,2021-09-23 18:05:54,2021-09-23 18:23:37,W 76 St & Columbus Ave,7281,E 81 St & Park Ave,7188,40.7801839724239,-73.97728532552719,40.77677702,-73.9590097,casual
2899314,C4B57EDAD5AD824D,electric_bike,2021-09-17 11:33:28,2021-09-17 11:40:17,E 59 St & Madison Ave,6801,E 81 St & Park Ave,7188,40.76350532,-73.97109243,40.77677702,-73.9590097,member
2899336,C30302FA950AAF97,electric_bike,2021-09-26 12:31:24,2021-09-26 12:50:08,6 Ave & W 33 St,6364,E 81 St & Park Ave,7188,40.74901271,-73.98848395,40.77677702,-73.9590097,casual
2899353,D664941C3BB424CF,classic_bike,2021-09-23 07:48:33,2021-09-23 07:54:37,E 82 St & East End Ave,7049,E 81 St & Park Ave,7188,40.7724607,-73.9468208,40.77677702,-73.9590097,member
2899354,5880BA58076D7FE6,electric_bike,2021-09-29 07:24:18,2021-09-29 07:28:47,E 82 St & East End Ave,7049,E 81 St & Park Ave,7188,40.7724607,-73.9468208,40.77677702,-73.9590097,member
2899369,5432DCD596D14125,classic_bike,2021-09-23 18:05:00,2021-09-23 18:23:27,W 76 St & Columbus Ave,7281,E 81 St & Park Ave,7188,40.7801839724239,-73.97728532552719,40.77677702,-73.9590097,casual
2899377,126F4C366E7A3F2D,classic_bike,2021-09-16 16:53:49,2021-09-16 17:05:29,Central Park S & 6 Ave,6876,E 81 St & Park Ave,7188,40.76590936,-73.97634151,40.77677702,-73.9590097,casual
2899382,DD5511BBE6CB6F2F,classic_bike,2021-09-05 19:34:35,2021-09-05 19:58:33,Rivington St & Chrystie St,5453,E 81 St & Park Ave,7188,40.72110063,-73.9919254,40.77677702,-73.9590097,member
2899383,F5928F579A30E0C3,classic_bike,2021-09-04 22:30:49,2021-09-04 23:06:31,Rivington St & Chrystie St,5453,E 81 St & Park Ave,7188,40.72110063,-73.9919254,40.77677702,-73.9590097,member
2899398,99146AA2D7E2756E,classic_bike,2021-09-08 19:21:08,2021-09-08 19:30:41,Central Park S & 6 Ave,6876,E 81 St & Park Ave,7188,40.76590936,-73.97634151,40.77677702,-73.9590097,member
2899400,AE15272ECC09374F,classic_bike,2021-09-20 17:37:05,2021-09-20 17:49:51,Central Park S & 6 Ave,6876,E 81 St & Park Ave,7188,40.76590936,-73.97634151,40.77677702,-73.9590097,member
2899407,2986F79FF22B3DE9,classic_bike,2021-09-14 09:12:14,2021-09-14 09:17:17,E 81 St & York Ave,7084,E 81 St & Park Ave,7188,40.7728384,-73.94989233,40.77677702,-73.9590097,member
2899410,B08114AC296DB02C,classic_bike,2021-09-20 17:47:54,2021-09-20 18:02:54,Central Park S & 6 Ave,6876,E 81 St & Park Ave,7188,40.76590936,-73.97634151,40.77677702,-73.9590097,member
2899412,AD736BF4AB5A4027,classic_bike,2021-09-28 17:17:02,2021-09-28 17:29:31,Central Park S & 6 Ave,6876,E 81 St & Park Ave,7188,40.76590936,-73.97634151,40.77677702,-73.9590097,member
2899418,F0366D75349C6A3C,classic_bike,2021-09-06 18:27:31,2021-09-06 18:46:29,1 Ave & E 68 St,6822,E 81 St & Park Ave,7188,40.76500525,-73.95818491,40.77677702,-73.9590097,casual
2899420,D378912F0CE017AF,electric_bike,2021-09-25 08:56:38,2021-09-25 09:03:39,1 Ave & E 68 St,6822,E 81 St & Park Ave,7188,40.76500525,-73.95818491,40.77677702,-73.9590097,member
2899430,F3C62BD2928BA4E0,classic_bike,2021-09-08 18:23:50,2021-09-08 18:30:07,E 81 St & York Ave,7084,E 81 St & Park Ave,7188,40.7728384,-73.94989233,40.77677702,-73.9590097,member
2899431,FB7B43DF8732DFF7,electric_bike,2021-09-23 12:00:12,2021-09-23 12:06:07,E 77 St & 3 Ave,7092,E 81 St & Park Ave,7188,40.77314236,-73.95856158,40.77677702,-73.9590097,member
2899435,F3CBAB687F13CA8C,classic_bike,2021-09-01 14:29:03,2021-09-01 14:54:02,W 50 St & 9 Ave,6854,E 81 St & Park Ave,7188,40.76360467795863,-73.98917958140373,40.77677702,-73.9590097,member
2899437,0571BB35127765AB,classic_bike,2021-09-13 18:45:29,2021-09-13 19:22:12,Riverside Blvd & W 67 St,7183,E 81 St & Park Ave,7188,40.777507027547976,-73.98888587951659,40.77677702,-73.9590097,member
2899439,F071E17CC4AB5DD4,classic_bike,2021-09-12 08:30:54,2021-09-12 08:38:54,1 Ave & E 68 St,6822,E 81 St & Park Ave,7188,40.76500525,-73.95818491,40.77677702,-73.9590097,member
2899444,949EA36E7BDDFDF4,classic_bike,2021-09-29 18:49:41,2021-09-29 19:14:01,W 41 St & 8 Ave,6602,E 81 St & Park Ave,7188,40.75640548,-73.9900262,40.77677702,-73.9590097,member
2899448,B02FF910F496FDDB,classic_bike,2021-09-30 15:59:17,2021-09-30 16:11:46,E 58 St & 1 Ave (NE Corner),6682,E 81 St & Park Ave,7188,40.75892386377695,-73.96226227283478,40.77677702,-73.9590097,member
2899454,FA831FE6A7198666,classic_bike,2021-09-13 18:19:30,2021-09-13 18:41:02,1 Ave & E 68 St,6822,E 81 St & Park Ave,7188,40.76500525,-73.95818491,40.77677702,-73.9590097,member
2899457,46961FCCF0EAD200,classic_bike,2021-09-02 15:22:37,2021-09-02 15:49:32,1 Ave & E 68 St,6822,E 81 St & Park Ave,7188,40.76500525,-73.95818491,40.77677702,-73.9590097,member
2899458,EDB66E105CCD21F0,electric_bike,2021-09-04 07:45:27,2021-09-04 07:51:41,1 Ave & E 68 St,6822,E 81 St & Park Ave,7188,40.76500525,-73.95818491,40.77677702,-73.9590097,member
2899461,90630D88FD1D42F5,classic_bike,2021-09-17 19:34:22,2021-09-17 19:46:39,W 90 St & Amsterdam Ave,7432,E 81 St & Park Ave,7188,40.79017948095081,-73.97288918495178,40.77677702,-73.9590097,member
2899469,5438DD766EB0F98F,electric_bike,2021-09-23 13:00:24,2021-09-23 13:22:16,8 Ave & W 38 St,6526,E 81 St & Park Ave,7188,40.75461,-73.99177,40.77677702,-73.9590097,member
2899481,54E86624E1576DB8,classic_bike,2021-09-20 22:48:04,2021-09-20 23:04:57,W 54 St & 9 Ave,6920,E 81 St & Park Ave,7188,40.76584941,-73.98690506,40.77677702,-73.9590097,member
2899534,1F1DEFFD9432A556,electric_bike,2021-09-07 16:37:57,2021-09-07 16:53:11,E 48 St & 3 Ave,6541,E 81 St & Park Ave,7188,40.7546011026,-73.971878855,40.77677702,-73.9590097,member
2899548,F60126F31D88730F,classic_bike,2021-09-08 18:04:29,2021-09-08 18:16:02,Broadway & W 51 St,6779,E 81 St & Park Ave,7188,40.76228826,-73.98336183,40.77677702,-73.9590097,member
2899550,00F91A4817CA036A,classic_bike,2021-09-21 09:18:28,2021-09-21 09:36:18,W 42 St & 6 Ave,6517,E 81 St & Park Ave,7188,40.75492,-73.98455,40.77677702,-73.9590097,member
2899558,2F6F773A3141F08E,classic_bike,2021-09-25 13:38:30,2021-09-25 14:20:29,E 4 St & 2 Ave,5593,E 81 St & Park Ave,7188,40.7262807,-73.98978041,40.77677702,-73.9590097,member
2899564,86D2D6E64A74128F,classic_bike,2021-09-20 14:01:38,2021-09-20 14:29:35,8 Ave & W 52 St,6816,E 81 St & Park Ave,7188,40.76370739,-73.9851615,40.77677702,-73.9590097,casual
2899566,C2EF29B29A619B55,classic_bike,2021-09-27 10:02:01,2021-09-27 10:21:49,W 42 St & 6 Ave,6517,E 81 St & Park Ave,7188,40.75492,-73.98455,40.77677702,-73.9590097,member
2899572,2660BA0541AEEAC5,electric_bike,2021-09-12 08:41:01,2021-09-12 08:48:46,2 Ave & E 99 St,7386,E 81 St & Park Ave,7188,40.7862586,-73.94552579,40.77677702,-73.9590097,member
2899573,3B6B124BFBADDC97,classic_bike,2021-09-11 13:52:27,2021-09-11 14:11:01,Frederick Douglass Blvd & W 115 St,7658,E 81 St & Park Ave,7188,40.8038654,-73.9559308,40.77677702,-73.9590097,member
2899582,6E4524136A9C314F,classic_bike,2021-09-22 07:41:22,2021-09-22 07:57:03,Frederick Douglass Blvd & W 115 St,7658,E 81 St & Park Ave,7188,40.8038654,-73.9559308,40.77677702,-73.9590097,member
2899585,FD48C49E236190FE,electric_bike,2021-09-20 12:42:56,2021-09-20 12:59:16,Lenox Ave & W 126 St,7720,E 81 St & Park Ave,7188,40.808442,-73.9452087,40.77677702,-73.9590097,member
2899619,45059422A3F7FF49,classic_bike,2021-09-30 17:52:51,2021-09-30 18:07:58,E 58 St & Madison Ave,6839,E 81 St & Park Ave,7188,40.76302594280519,-73.97209525108337,40.77677702,-73.9590097,member
2899620,2C0AD5CEEABE6E78,classic_bike,2021-09-17 18:44:17,2021-09-17 18:51:34,E 95 St & 3 Ave,7365,E 81 St & Park Ave,7188,40.7849032,-73.950503,40.77677702,-73.9590097,member
2899636,86AC56EA58B4F86C,classic_bike,2021-09-05 00:10:36,2021-09-05 00:32:57,2 Ave & E 125 St,7648,E 81 St & Park Ave,7188,40.802554,-73.933509,40.77677702,-73.9590097,member
2899641,58FA35BAEDCC4250,classic_bike,2021-09-28 09:18:43,2021-09-28 09:36:13,W 42 St & 6 Ave,6517,E 81 St & Park Ave,7188,40.75492,-73.98455,40.77677702,-73.9590097,member
2899643,B1D5C2125D0B07C4,classic_bike,2021-09-26 14:47:05,2021-09-26 15:17:05,E 4 St & 2 Ave,5593,E 81 St & Park Ave,7188,40.7262807,-73.98978041,40.77677702,-73.9590097,member
2899677,99C4E2DC196FFA15,classic_bike,2021-09-23 09:37:16,2021-09-23 09:54:19,Broadway & W 56 St,6847,E 81 St & Park Ave,7188,40.7652654,-73.98192338,40.77677702,-73.9590097,member
2899730,33AC4B3CF80F1DF2,classic_bike,2021-09-13 20:55:52,2021-09-13 20:59:54,E 81 St & York Ave,7084,E 81 St & Park Ave,7188,40.7728384,-73.94989233,40.77677702,-73.9590097,member
2899731,2A3FCEEC087DD5A7,classic_bike,2021-09-14 09:46:30,2021-09-14 09:56:52,E 56 St & Madison Ave,6732,E 81 St & Park Ave,7188,40.761573,-73.972628,40.77677702,-73.9590097,member
2899733,563726D0497E5505,classic_bike,2021-09-30 05:21:51,2021-09-30 05:29:09,2 Ave & E 72 St,6925,E 81 St & Park Ave,7188,40.7687620293096,-73.95840793848038,40.77677702,-73.9590097,casual
2899745,C44F7A78327993EC,classic_bike,2021-09-19 10:52:16,2021-09-19 11:01:14,1 Ave & E 68 St,6822,E 81 St & Park Ave,7188,40.76500525,-73.95818491,40.77677702,-73.9590097,casual
2899764,B46B749AF322B524,electric_bike,2021-09-24 12:28:46,2021-09-24 12:50:06,Central Park W & W 103 St,7577,E 81 St & Park Ave,7188,40.79558954105342,-73.96188408136368,40.77677702,-73.9590097,member
2899770,C67774DFD895D98F,classic_bike,2021-09-10 09:06:59,2021-09-10 09:20:05,Central Park W & W 103 St,7577,E 81 St & Park Ave,7188,40.79558954105342,-73.96188408136368,40.77677702,-73.9590097,member
2899773,A8CE578D4CA22CE1,classic_bike,2021-09-04 12:35:07,2021-09-04 12:55:21,1 Ave & E 62 St,6753,E 81 St & Park Ave,7188,40.7612274,-73.96094022,40.77677702,-73.9590097,member
2899784,F1638A72A56F72E3,electric_bike,2021-09-06 21:20:37,2021-09-06 21:48:17,Riverside Dr & W 91 St,7524,E 81 St & Park Ave,7188,40.79313480986663,-73.97700369358063,40.77677702,-73.9590097,member
2899792,68C4608EF0A77BFF,classic_bike,2021-09-24 07:57:15,2021-09-24 08:05:13,E 102 St & Park Ave,7488,E 81 St & Park Ave,7188,40.7904828,-73.95033068,40.77677702,-73.9590097,member
2899802,912BAEDCB7424A01,classic_bike,2021-09-08 14:47:02,2021-09-08 14:57:38,2 Ave & E 96 St,7338,E 81 St & Park Ave,7188,40.7839636,-73.9471673,40.77677702,-73.9590097,member
2899824,CEB64178A5161E0D,classic_bike,2021-09-12 13:08:45,2021-09-12 14:07:00,Broadway & E 21 St,6098,E 81 St & Park Ave,7188,40.73988840858996,-73.98958593606949,40.77677702,-73.9590097,casual
2899827,0BF5970212B55FBA,classic_bike,2021-09-02 17:19:16,2021-09-02 17:28:22,2 Ave & E 96 St,7338,E 81 St & Park Ave,7188,40.7839636,-73.9471673,40.77677702,-73.9590097,member
2899845,331EDA09172A190C,classic_bike,2021-09-11 16:55:32,2021-09-11 17:05:55,2 Ave & E 96 St,7338,E 81 St & Park Ave,7188,40.7839636,-73.9471673,40.77677702,-73.9590097,member
2899864,09B11F49B19628D2,classic_bike,2021-09-10 07:51:14,2021-09-10 08:07:38,Frederick Douglass Blvd & W 112 St,7631,E 81 St & Park Ave,7188,40.801694,-73.957145,40.77677702,-73.9590097,member
2899865,5E290909A75F81C2,classic_bike,2021-09-14 07:47:50,2021-09-14 08:02:44,Frederick Douglass Blvd & W 112 St,7631,E 81 St & Park Ave,7188,40.801694,-73.957145,40.77677702,-73.9590097,member
2899867,96C43059E8562907,electric_bike,2021-09-02 12:38:22,2021-09-02 12:51:39,Frederick Douglass Blvd & W 112 St,7631,E 81 St & Park Ave,7188,40.801694,-73.957145,40.77677702,-73.9590097,casual
2899868,E3C0B1D3E613401C,classic_bike,2021-09-17 17:21:07,2021-09-17 17:46:26,W 76 St & Columbus Ave,7281,E 81 St & Park Ave,7188,40.7801839724239,-73.97728532552719,40.77677702,-73.9590097,member
2899915,74F9BEB5C5C6589A,classic_bike,2021-09-21 10:22:10,2021-09-21 10:33:14,5 Ave & E 63 St,6904,E 81 St & Park Ave,7188,40.766368,-73.971518,40.77677702,-73.9590097,casual
2899923,DABB3DE49AA1D698,classic_bike,2021-09-28 15:56:37,2021-09-28 16:06:45,E 97 St & Madison Ave,7393,E 81 St & Park Ave,7188,40.787801,-73.953559,40.77677702,-73.9590097,casual
2899924,CE11977BE5BF69E5,classic_bike,2021-09-21 13:25:31,2021-09-21 14:04:53,W 20 St & 10 Ave,6306,E 81 St & Park Ave,7188,40.745686,-74.005141,40.77677702,-73.9590097,member
2899931,1A92B00706342D83,classic_bike,2021-09-29 07:43:33,2021-09-29 07:55:45,5 Ave & E 103 St,7511,E 81 St & Park Ave,7188,40.7922553,-73.95249933,40.77677702,-73.9590097,member
2899932,26278D7EBA8F21ED,classic_bike,2021-09-15 07:56:01,2021-09-15 08:06:11,5 Ave & E 103 St,7511,E 81 St & Park Ave,7188,40.7922553,-73.95249933,40.77677702,-73.9590097,member
2899935,6F22B0319606239B,classic_bike,2021-09-09 13:38:51,2021-09-09 14:08:09,W 20 St & 10 Ave,6306,E 81 St & Park Ave,7188,40.745686,-74.005141,40.77677702,-73.9590097,member
2899977,8215332AFE3947AD,electric_bike,2021-09-18 13:15:15,2021-09-18 13:31:42,E 41 St & Madison Ave,6474,E 81 St & Park Ave,7188,40.752165280621966,-73.97992193698882,40.77677702,-73.9590097,member
2899981,52CEBB7F280F4F62,classic_bike,2021-09-13 08:08:45,2021-09-13 08:22:03,1 Ave & E 110 St,7522,E 81 St & Park Ave,7188,40.7923272,-73.9383,40.77677702,-73.9590097,member
2899990,EAAB566FB8B4BAC1,electric_bike,2021-09-17 13:41:27,2021-09-17 13:52:48,E 48 St & 5 Ave,6626,E 81 St & Park Ave,7188,40.75724567911726,-73.97805914282799,40.77677702,-73.9590097,casual
2899991,CF441B3FD47ACA84,classic_bike,2021-09-26 13:32:29,2021-09-26 13:38:29,E 89 St & 3 Ave,7265,E 81 St & Park Ave,7188,40.7806284,-73.9521667,40.77677702,-73.9590097,member
2899994,1DE1B4E6E0816CFD,classic_bike,2021-09-17 08:55:13,2021-09-17 08:59:35,E 89 St & 3 Ave,7265,E 81 St & Park Ave,7188,40.7806284,-73.9521667,40.77677702,-73.9590097,casual
2900001,7D1965081B6937E0,classic_bike,2021-09-30 07:52:45,2021-09-30 08:20:34,1 Ave & E 110 St,7522,E 81 St & Park Ave,7188,40.7923272,-73.9383,40.77677702,-73.9590097,casual
2900002,3ACC8CA80139FA43,classic_bike,2021-09-19 13:54:50,2021-09-19 14:03:13,E 72 St & York Ave,6889,E 81 St & Park Ave,7188,40.76663814,-73.95348296,40.77677702,-73.9590097,member
2900019,624DD27F95DFB7BC,electric_bike,2021-09-13 21:24:28,2021-09-13 21:34:02,E 89 St & 3 Ave,7265,E 81 St & Park Ave,7188,40.7806284,-73.9521667,40.77677702,-73.9590097,member
2900022,79C86E02B39B064B,classic_bike,2021-09-22 20:03:12,2021-09-22 20:07:09,E 89 St & 3 Ave,7265,E 81 St & Park Ave,7188,40.7806284,-73.9521667,40.77677702,-73.9590097,member
2900027,7D6DEFC285EDE75A,classic_bike,2021-09-15 15:53:06,2021-09-15 17:17:02,W 46 St & 11 Ave,6795,E 81 St & Park Ave,7188,40.76341379,-73.99667444,40.77677702,-73.9590097,casual
2900032,6B4293F5592FAD22,electric_bike,2021-09-21 17:23:20,2021-09-21 17:39:00,38 Ave & 29 St,6538,E 81 St & Park Ave,7188,40.75473,-73.93367,40.77677702,-73.9590097,member
2900050,F85BDDD2C533E1D5,classic_bike,2021-09-21 18:34:39,2021-09-21 18:40:39,5 Ave & E 93 St,7372,E 81 St & Park Ave,7188,40.7857851,-73.957481,40.77677702,-73.9590097,member
2900053,348CAE0C24F83734,classic_bike,2021-09-12 09:12:15,2021-09-12 09:30:40,W 46 St & 11 Ave,6795,E 81 St & Park Ave,7188,40.76341379,-73.99667444,40.77677702,-73.9590097,casual
2900055,65C56A4575CB975D,electric_bike,2021-09-02 19:42:09,2021-09-02 19:45:41,5 Ave & E 93 St,7372,E 81 St & Park Ave,7188,40.7857851,-73.957481,40.77677702,-73.9590097,member
2900057,BE7C844B29C8CD10,classic_bike,2021-09-27 17:25:06,2021-09-27 17:30:01,5 Ave & E 93 St,7372,E 81 St & Park Ave,7188,40.7857851,-73.957481,40.77677702,-73.9590097,member
2900062,AEE0D9721F2ACBD9,classic_bike,2021-09-02 09:24:53,2021-09-02 09:30:29,5 Ave & E 93 St,7372,E 81 St & Park Ave,7188,40.7857851,-73.957481,40.77677702,-73.9590097,member
2900069,6073A042893411CC,classic_bike,2021-09-06 19:13:19,2021-09-06 19:18:06,E 72 St & Park Ave,6998,E 81 St & Park Ave,7188,40.77118287540658,-73.96409422159195,40.77677702,-73.9590097,casual
2900071,7C7E81EABD5EBE37,electric_bike,2021-09-21 16:32:54,2021-09-21 16:37:14,E 68 St & Madison Ave,6932,E 81 St & Park Ave,7188,40.7691572,-73.96703464,40.77677702,-73.9590097,member
2900073,BF17D14B96A6BB55,classic_bike,2021-09-12 13:45:03,2021-09-12 13:59:07,E 68 St & Madison Ave,6932,E 81 St & Park Ave,7188,40.7691572,-73.96703464,40.77677702,-73.9590097,member
2900074,1718CE6618FCA1C4,classic_bike,2021-09-17 19:05:19,2021-09-17 19:09:00,E 88 St & Park Ave,7293,E 81 St & Park Ave,7188,40.781410700190015,-73.95595908164978,40.77677702,-73.9590097,casual
2900076,49EE8D0C654B912A,classic_bike,2021-09-30 21:57:32,2021-09-30 22:02:24,E 72 St & Park Ave,6998,E 81 St & Park Ave,7188,40.77118287540658,-73.96409422159195,40.77677702,-73.9590097,member
2900081,CD21B808F2C23DC5,classic_bike,2021-09-18 15:13:47,2021-09-18 15:18:03,E 72 St & Park Ave,6998,E 81 St & Park Ave,7188,40.77118287540658,-73.96409422159195,40.77677702,-73.9590097,member
2900086,39947CFCB4C18756,classic_bike,2021-09-18 00:12:57,2021-09-18 00:21:53,E 72 St & Park Ave,6998,E 81 St & Park Ave,7188,40.77118287540658,-73.96409422159195,40.77677702,-73.9590097,casual
2900089,A38636D3E4DCA581,classic_bike,2021-09-25 12:31:19,2021-09-25 12:33:55,E 88 St & Park Ave,7293,E 81 St & Park Ave,7188,40.781410700190015,-73.95595908164978,40.77677702,-73.9590097,member
2900096,515F3A9CE33C84E6,classic_bike,2021-09-20 14:18:02,2021-09-20 14:48:28,E 88 St & Park Ave,7293,E 81 St & Park Ave,7188,40.781410700190015,-73.95595908164978,40.77677702,-73.9590097,member
2900101,A95D4338EBD8D420,electric_bike,2021-09-02 21:45:44,2021-09-02 22:17:12,W 54 St & 11 Ave,6955,E 81 St & Park Ave,7188,40.768333,-73.992573,40.77677702,-73.9590097,member
2900108,ABB375EBD46E396E,classic_bike,2021-09-17 18:06:58,2021-09-17 18:11:14,E 78 St & 2 Ave,7057,E 81 St & Park Ave,7188,40.7727966,-73.95577801,40.77677702,-73.9590097,member
2900114,9F992397B4228E15,electric_bike,2021-09-04 14:08:52,2021-09-04 14:50:35,E 78 St & 2 Ave,7057,E 81 St & Park Ave,7188,40.7727966,-73.95577801,40.77677702,-73.9590097,member
2900116,0697499D6D3DBF70,electric_bike,2021-09-23 16:54:20,2021-09-23 17:00:15,E 89 St & 3 Ave,7265,E 81 St & Park Ave,7188,40.7806284,-73.9521667,40.77677702,-73.9590097,member
2900127,6A5C9530887676B7,classic_bike,2021-09-18 13:05:29,2021-09-18 13:22:28,1 Ave & E 110 St,7522,E 81 St & Park Ave,7188,40.7923272,-73.9383,40.77677702,-73.9590097,member
2900158,2DB6D487B45AD201,classic_bike,2021-09-15 18:14:42,2021-09-15 18:24:23,Columbus Ave & W 72 St,7175,E 81 St & Park Ave,7188,40.7770575,-73.97898475,40.77677702,-73.9590097,member
2900170,BD2B3D5F5C57E33E,electric_bike,2021-09-01 14:35:22,2021-09-01 14:43:26,E 88 St & 1 Ave,7235,E 81 St & Park Ave,7188,40.778301,-73.9488134,40.77677702,-73.9590097,member
2900182,7AFBF5E1A288787C,classic_bike,2021-09-12 12:45:24,2021-09-12 13:00:30,Columbus Ave & W 72 St,7175,E 81 St & Park Ave,7188,40.7770575,-73.97898475,40.77677702,-73.9590097,member
2900195,5F10185F8C87CC5A,classic_bike,2021-09-11 16:10:33,2021-09-11 16:19:17,E 88 St & 1 Ave,7235,E 81 St & Park Ave,7188,40.778301,-73.9488134,40.77677702,-73.9590097,member
2900196,E415CCF57FEF870D,classic_bike,2021-09-10 18:11:14,2021-09-10 18:19:33,E 88 St & 1 Ave,7235,E 81 St & Park Ave,7188,40.778301,-73.9488134,40.77677702,-73.9590097,member
2900197,3810C1B4654FFFFF,classic_bike,2021-09-12 08:41:30,2021-09-12 09:01:03,E 45 St & 3 Ave,6464,E 81 St & Park Ave,7188,40.75255434,-73.97282625,40.77677702,-73.9590097,casual
2900199,810F46B53FA9E4D4,classic_bike,2021-09-22 14:36:07,2021-09-22 14:55:56,E 45 St & 3 Ave,6464,E 81 St & Park Ave,7188,40.75255434,-73.97282625,40.77677702,-73.9590097,casual
2900204,FE31AD392172E6ED,classic_bike,2021-09-27 15:33:20,2021-09-27 15:40:02,E 84 St & 1 Ave,7180,E 81 St & Park Ave,7188,40.77565541,-73.95068615,40.77677702,-73.9590097,member
2900214,BE9E7B3300B58B26,classic_bike,2021-09-24 17:40:18,2021-09-24 17:46:21,E 84 St & 1 Ave,7180,E 81 St & Park Ave,7188,40.77565541,-73.95068615,40.77677702,-73.9590097,member
2900221,47B68BF6557396FF,electric_bike,2021-09-12 23:14:21,2021-09-12 23:19:13,E 84 St & 1 Ave,7180,E 81 St & Park Ave,7188,40.77565541,-73.95068615,40.77677702,-73.9590097,casual
2900224,E40A07BCA5D93411,classic_bike,2021-09-05 08:37:51,2021-09-05 08:42:41,E 84 St & 1 Ave,7180,E 81 St & Park Ave,7188,40.77565541,-73.95068615,40.77677702,-73.9590097,member
2900227,B4C614A4E8AE5CDC,classic_bike,2021-09-22 16:29:39,2021-09-22 16:33:47,E 84 St & 1 Ave,7180,E 81 St & Park Ave,7188,40.77565541,-73.95068615,40.77677702,-73.9590097,member
2900228,89FB942267540755,classic_bike,2021-09-22 16:51:28,2021-09-22 16:55:39,E 84 St & 1 Ave,7180,E 81 St & Park Ave,7188,40.77565541,-73.95068615,40.77677702,-73.9590097,member
2900233,E6A756C92BA34017,electric_bike,2021-09-06 14:20:38,2021-09-06 15:13:56,Gerard Ave & E 164 St,8077,E 81 St & Park Ave,7188,40.830262,-73.923391,40.77677702,-73.9590097,member
2900234,37E511AB5A21B5EF,classic_bike,2021-09-14 18:29:36,2021-09-14 18:34:11,E 84 St & 1 Ave,7180,E 81 St & Park Ave,7188,40.77565541,-73.95068615,40.77677702,-73.9590097,member
2900252,2060E0CEDB25765B,classic_bike,2021-09-30 14:34:17,2021-09-30 14:39:00,E 84 St & 1 Ave,7180,E 81 St & Park Ave,7188,40.77565541,-73.95068615,40.77677702,-73.9590097,member
2900253,0D1CEA1E0424283F,electric_bike,2021-09-25 22:36:20,2021-09-25 22:39:28,E 84 St & 1 Ave,7180,E 81 St & Park Ave,7188,40.77565541,-73.95068615,40.77677702,-73.9590097,member
2900267,746D584E559102E9,classic_bike,2021-09-08 14:42:30,2021-09-08 14:59:14,W 37 St & 5 Ave,6398,E 81 St & Park Ave,7188,40.75038009,-73.98338988,40.77677702,-73.9590097,member
2900286,C3CC3A867C766583,classic_bike,2021-09-22 04:59:37,2021-09-22 05:13:32,Frederick Douglass Blvd & W 117 St,7688,E 81 St & Park Ave,7188,40.805159,-73.954692,40.77677702,-73.9590097,member
2900293,D8A60A19031CFEC5,classic_bike,2021-09-20 14:09:19,2021-09-20 14:30:47,Adam Clayton Powell Blvd & W 126 St,7738,E 81 St & Park Ave,7188,40.80949534777948,-73.94776493310928,40.77677702,-73.9590097,member
2900300,658D177197B57324,classic_bike,2021-09-08 14:15:20,2021-09-08 14:33:43,Mt Morris Park W & W 120 St,7685,E 81 St & Park Ave,7188,40.804038,-73.945925,40.77677702,-73.9590097,member
2900312,C296E747E7384D18,classic_bike,2021-09-05 16:47:11,2021-09-05 16:59:35,2 Ave & E 55 St,6650,E 81 St & Park Ave,7188,40.757920208794026,-73.96638214588165,40.77677702,-73.9590097,casual
2900319,FCC4B2BBB44202F7,classic_bike,2021-09-12 07:39:51,2021-09-12 08:11:49,Rivington St & Ridge St,5406,E 81 St & Park Ave,7188,40.71850211,-73.98329859,40.77677702,-73.9590097,member
2900322,E470A5FA94F4EBF2,classic_bike,2021-09-22 16:05:44,2021-09-22 16:17:22,Riverside Dr & W 78 St,7340,E 81 St & Park Ave,7188,40.78414472,-73.98362492,40.77677702,-73.9590097,member
2900325,616E686BC92528AA,electric_bike,2021-09-28 13:59:46,2021-09-28 14:16:01,E 44 St & Lexington Ave,6464,E 81 St & Park Ave,7188,40.752643,-73.974996,40.77677702,-73.9590097,member
2900326,C52D55F79DEE60B7,classic_bike,2021-09-29 15:37:25,2021-09-29 15:48:52,Riverside Dr & W 78 St,7340,E 81 St & Park Ave,7188,40.78414472,-73.98362492,40.77677702,-73.9590097,member
2900329,379479F26D76437B,classic_bike,2021-09-12 13:51:05,2021-09-12 14:14:34,E 15 St & 3 Ave,5863,E 81 St & Park Ave,7188,40.734232,-73.986923,40.77677702,-73.9590097,member
2900337,11A07EBD83EC9411,electric_bike,2021-09-02 11:13:19,2021-09-02 11:32:06,W 37 St & 5 Ave,6398,E 81 St & Park Ave,7188,40.75038009,-73.98338988,40.77677702,-73.9590097,casual
2900349,409BC5F8F114A4E4,electric_bike,2021-09-11 17:36:42,2021-09-11 17:59:17,Riverside Dr & W 91 St,7524,E 81 St & Park Ave,7188,40.79313480986663,-73.97700369358063,40.77677702,-73.9590097,casual
2900352,CBFD515E66E3E691,electric_bike,2021-09-02 22:23:09,2021-09-02 22:41:54,2 Ave & E 96 St,7338,E 81 St & Park Ave,7188,40.7839636,-73.9471673,40.77677702,-73.9590097,casual
2900356,F0EDB6846CFB85A0,classic_bike,2021-09-11 17:06:45,2021-09-11 17:26:10,1 Ave & E 62 St,6753,E 81 St & Park Ave,7188,40.7612274,-73.96094022,40.77677702,-73.9590097,member
2900387,9173121B165D14B7,classic_bike,2021-09-17 23:53:51,2021-09-18 00:22:49,Greenwich Ave & 8 Ave,6072,E 81 St & Park Ave,7188,40.7390169121,-74.0026376103,40.77677702,-73.9590097,casual
2900400,09F5F8EF119DB84E,electric_bike,2021-09-14 18:03:18,2021-09-14 18:32:05,Avenue D & E 10 St,5575,E 81 St & Park Ave,7188,40.72506551015475,-73.97515833377838,40.77677702,-73.9590097,member
2900499,B157E541A847C983,classic_bike,2021-09-02 16:16:01,2021-09-02 16:29:13,E 66 St & Madison Ave,6969,E 81 St & Park Ave,7188,40.76800889305947,-73.96845281124115,40.77677702,-73.9590097,member
2900502,465827552DBFD19B,electric_bike,2021-09-07 23:40:54,2021-09-07 23:45:18,E 85 St & York Ave,7146,E 81 St & Park Ave,7188,40.77536905,-73.94803392,40.77677702,-73.9590097,casual
2900513,88BCC9A20DD495C6,classic_bike,2021-09-21 13:55:33,2021-09-21 14:15:44,Adam Clayton Powell Blvd & W 115 St,7643,E 81 St & Park Ave,7188,40.802535,-73.9532423,40.77677702,-73.9590097,member
2900514,44A09B53A95B8BB3,classic_bike,2021-09-24 18:03:46,2021-09-24 18:09:53,E 85 St & York Ave,7146,E 81 St & Park Ave,7188,40.77536905,-73.94803392,40.77677702,-73.9590097,member
2900520,54ED7FB83F23FDDD,classic_bike,2021-09-25 18:15:17,2021-09-25 18:27:51,E 51 St & 1 Ave,6532,E 81 St & Park Ave,7188,40.75455731,-73.96592976,40.77677702,-73.9590097,casual
2900529,EBF8CAD3AAD815AA,electric_bike,2021-09-12 08:25:02,2021-09-12 08:33:42,E 66 St & Madison Ave,6969,E 81 St & Park Ave,7188,40.76800889305947,-73.96845281124115,40.77677702,-73.9590097,member
2900533,21E0CE737C814254,classic_bike,2021-09-07 08:39:40,2021-09-07 08:49:46,E 66 St & Madison Ave,6969,E 81 St & Park Ave,7188,40.76800889305947,-73.96845281124115,40.77677702,-73.9590097,casual
2900547,947A73538B9D7860,classic_bike,2021-09-18 18:59:10,2021-09-18 19:14:37,Lexington Ave & E 111 St,7567,E 81 St & Park Ave,7188,40.7954121,-73.9441232,40.77677702,-73.9590097,member
2900556,2B6BBE3C1488FC21,classic_bike,2021-09-05 13:44:07,2021-09-05 14:33:20,W 34 St & 11 Ave,6578,E 81 St & Park Ave,7188,40.75594159,-74.0021163,40.77677702,-73.9590097,casual
2900564,0662096310C6C462,electric_bike,2021-09-26 17:16:15,2021-09-26 17:35:15,W 42 St & 6 Ave,6517,E 81 St & Park Ave,7188,40.75492,-73.98455,40.77677702,-73.9590097,member
2900575,86531C24A5E80FD9,classic_bike,2021-09-27 12:14:51,2021-09-27 12:35:15,E 68 St & 3 Ave,6896,E 81 St & Park Ave,7188,40.76712840349542,-73.96224617958069,40.77677702,-73.9590097,member
2900581,3352EB8594E0BAF2,classic_bike,2021-09-08 18:55:42,2021-09-08 19:02:25,E 75 St & 3 Ave,6991,E 81 St & Park Ave,7188,40.77112927,-73.95772297,40.77677702,-73.9590097,casual
2900583,ED5C75E022A48C5B,classic_bike,2021-09-11 09:09:35,2021-09-11 09:18:01,E 68 St & 3 Ave,6896,E 81 St & Park Ave,7188,40.76712840349542,-73.96224617958069,40.77677702,-73.9590097,member
2900584,3C05ED867022654C,electric_bike,2021-09-09 06:56:14,2021-09-09 07:02:40,E 68 St & 3 Ave,6896,E 81 St & Park Ave,7188,40.76712840349542,-73.96224617958069,40.77677702,-73.9590097,member
2900595,ABB041843F87EDB0,electric_bike,2021-09-13 16:10:01,2021-09-13 16:26:10,West End Ave & W 94 St,7524,E 81 St & Park Ave,7188,40.7941654,-73.974124,40.77677702,-73.9590097,casual
2900597,5E0B287D01D31780,classic_bike,2021-09-26 15:05:10,2021-09-26 15:16:26,1 Ave & E 94 St,7286,E 81 St & Park Ave,7188,40.7817212,-73.94594,40.77677702,-73.9590097,member
2900607,5792D5919DE8F6B7,classic_bike,2021-09-20 11:59:31,2021-09-20 12:05:35,E 68 St & 3 Ave,6896,E 81 St & Park Ave,7188,40.76712840349542,-73.96224617958069,40.77677702,-73.9590097,member
2900615,354A16E8BD79A241,classic_bike,2021-09-17 16:15:43,2021-09-17 16:20:45,E 75 St & 3 Ave,6991,E 81 St & Park Ave,7188,40.77112927,-73.95772297,40.77677702,-73.9590097,member
2900631,2D6240FA1E6BF4D1,classic_bike,2021-09-05 18:14:44,2021-09-05 18:29:47,Madison Av & E 51 St,6659,E 81 St & Park Ave,7188,40.75863,-73.97513,40.77677702,-73.9590097,member
2900641,D05B06735F9D7388,classic_bike,2021-09-06 17:23:16,2021-09-06 17:39:25,Madison Av & E 51 St,6659,E 81 St & Park Ave,7188,40.75863,-73.97513,40.77677702,-73.9590097,member
2900659,987A55569CC87D13,electric_bike,2021-09-23 16:18:18,2021-09-23 16:28:06,Central Park West & W 72 St,7141,E 81 St & Park Ave,7188,40.77579376683666,-73.9762057363987,40.77677702,-73.9590097,casual
2900664,9D40DB2EFE1BE403,classic_bike,2021-09-14 15:29:11,2021-09-14 15:33:56,E 75 St & 3 Ave,6991,E 81 St & Park Ave,7188,40.77112927,-73.95772297,40.77677702,-73.9590097,member
2900670,51436BD71F2EF97D,classic_bike,2021-09-20 07:49:42,2021-09-20 07:56:51,Central Park West & W 72 St,7141,E 81 St & Park Ave,7188,40.77579376683666,-73.9762057363987,40.77677702,-73.9590097,member
2900678,CFF1111A1DB6BD7C,electric_bike,2021-09-08 13:12:18,2021-09-08 13:13:57,E 84 St & Park Ave,7243,E 81 St & Park Ave,7188,40.77862688,-73.95772073,40.77677702,-73.9590097,member
2900721,D3D4FA4012A4055C,electric_bike,2021-09-27 15:32:37,2021-09-27 16:22:53,West St & Chambers St,5329,E 81 St & Park Ave,7188,40.71754834,-74.01322069,40.77677702,-73.9590097,member
2900730,E1AC3C6F549FCC3B,classic_bike,2021-09-18 09:30:10,2021-09-18 09:36:55,1 Ave & E 68 St,6822,E 81 St & Park Ave,7188,40.76500525,-73.95818491,40.77677702,-73.9590097,member
2900743,4671D2421EB9ED2B,classic_bike,2021-09-19 07:17:04,2021-09-19 07:23:46,E 91 St & 2 Ave,7286,E 81 St & Park Ave,7188,40.78115276427916,-73.94963040947914,40.77677702,-73.9590097,member
2900746,A09E84D145195B99,electric_bike,2021-09-03 07:01:43,2021-09-03 07:08:00,E 103 St & Lexington Ave,7463,E 81 St & Park Ave,7188,40.7903051,-73.94755757,40.77677702,-73.9590097,casual
2900747,D44655F7639AAB65,classic_bike,2021-09-17 19:05:37,2021-09-17 19:21:05,E 58 St & 1 Ave (NE Corner),6682,E 81 St & Park Ave,7188,40.75892386377695,-73.96226227283478,40.77677702,-73.9590097,member
2900752,D00B062826BAB0D1,classic_bike,2021-09-23 15:29:05,2021-09-23 15:37:32,E 91 St & 2 Ave,7286,E 81 St & Park Ave,7188,40.78115276427916,-73.94963040947914,40.77677702,-73.9590097,member
2900766,DBA52172C48B735A,classic_bike,2021-09-12 13:08:28,2021-09-12 14:07:39,Broadway & E 21 St,6098,E 81 St & Park Ave,7188,40.73988840858996,-73.98958593606949,40.77677702,-73.9590097,casual
2900767,F7C4849AE5FE06E2,classic_bike,2021-09-12 13:08:05,2021-09-12 14:07:19,Broadway & E 21 St,6098,E 81 St & Park Ave,7188,40.73988840858996,-73.98958593606949,40.77677702,-73.9590097,casual
2900780,BCCA0460D66FCF7A,classic_bike,2021-09-11 18:22:13,2021-09-11 18:40:11,1 Ave & E 39 St,6303,E 81 St & Park Ave,7188,40.74714,-73.97113,40.77677702,-73.9590097,casual
2900788,4FBFD1F2582C0FE6,classic_bike,2021-09-13 19:26:49,2021-09-13 19:50:51,1 Ave & E 39 St,6303,E 81 St & Park Ave,7188,40.74714,-73.97113,40.77677702,-73.9590097,casual
2900794,A2F62979C9131B3E,classic_bike,2021-09-02 21:10:32,2021-09-02 21:49:39,10 Ave & W 14 St,6157,E 81 St & Park Ave,7188,40.74198159994023,-74.00831580162048,40.77677702,-73.9590097,casual
2900798,3D94A2985E347E53,electric_bike,2021-09-07 12:31:11,2021-09-07 12:40:11,E 65 St & 2 Ave,6860,E 81 St & Park Ave,7188,40.76471851944339,-73.96222069859505,40.77677702,-73.9590097,member
2900803,50D71EAEC495D18B,electric_bike,2021-09-13 12:43:40,2021-09-13 12:55:29,E 65 St & 2 Ave,6860,E 81 St & Park Ave,7188,40.76471851944339,-73.96222069859505,40.77677702,-73.9590097,casual
2900808,CF0C574621442BBB,classic_bike,2021-09-29 17:06:17,2021-09-29 17:18:13,Central Park S & 6 Ave,6876,E 81 St & Park Ave,7188,40.76590936,-73.97634151,40.77677702,-73.9590097,member
2900809,C86B320CB18A044A,electric_bike,2021-09-30 09:02:09,2021-09-30 09:13:10,Central Park S & 6 Ave,6876,E 81 St & Park Ave,7188,40.76590936,-73.97634151,40.77677702,-73.9590097,member
2900812,529F595235FE0F22,classic_bike,2021-09-29 13:19:22,2021-09-29 14:12:06,Clinton St & Grand St,5303,E 81 St & Park Ave,7188,40.71559509,-73.9870295,40.77677702,-73.9590097,member
2900830,45222BA3C555AD7B,electric_bike,2021-09-21 19:03:47,2021-09-21 19:16:34,Central Park West & W 76 St,7253,E 81 St & Park Ave,7188,40.77896784,-73.97374737,40.77677702,-73.9590097,member
2900842,DCA2D0D2C225307A,classic_bike,2021-09-28 08:46:25,2021-09-28 10:31:47,E 75 St & 3 Ave,6991,E 81 St & Park Ave,7188,40.77112927,-73.95772297,40.77677702,-73.9590097,member
2900844,5DD938F5538C81FF,classic_bike,2021-09-02 11:41:17,2021-09-02 11:49:04,E 93 St & 2 Ave,7286,E 81 St & Park Ave,7188,40.782454175279874,-73.9489196240902,40.77677702,-73.9590097,member
2900862,9917F6BCAF46E856,classic_bike,2021-09-11 04:00:08,2021-09-11 04:27:55,Suffolk St & Stanton St,5445,E 81 St & Park Ave,7188,40.72066442,-73.98517977,40.77677702,-73.9590097,member
2900878,C61BADD7C7C7A02C,classic_bike,2021-09-12 12:54:34,2021-09-12 13:04:06,Central Park West & W 76 St,7253,E 81 St & Park Ave,7188,40.77896784,-73.97374737,40.77677702,-73.9590097,member
2900917,B02CF74E98D3C52A,classic_bike,2021-09-26 15:07:10,2021-09-26 15:28:34,Broadway & W 38 St,6560,E 81 St & Park Ave,7188,40.7529728216068,-73.98734897375107,40.77677702,-73.9590097,member
2900919,3C13DBBA41FB390B,classic_bike,2021-09-06 20:09:28,2021-09-06 20:29:26,Broadway & W 38 St,6560,E 81 St & Park Ave,7188,40.7529728216068,-73.98734897375107,40.77677702,-73.9590097,member
2900927,A6BA53BB62E756C4,classic_bike,2021-09-16 21:24:30,2021-09-16 22:03:58,Bus Slip & State St,4889,E 81 St & Park Ave,7188,40.701907,-74.013942,40.77677702,-73.9590097,member
2900928,53E8412BD9A97977,classic_bike,2021-09-11 22:41:47,2021-09-11 23:26:50,W 16 St & The High Line,6233,E 81 St & Park Ave,7188,40.74334935,-74.00681753,40.77677702,-73.9590097,member
2900935,503679FDF5080897,electric_bike,2021-09-10 17:05:42,2021-09-10 17:13:11,5 Ave & E 72 St,7100,E 81 St & Park Ave,7188,40.77282817,-73.96685276,40.77677702,-73.9590097,member
2900944,B64FD0081618738C,classic_bike,2021-09-16 13:08:28,2021-09-16 13:21:43,5 Ave & E 72 St,7100,E 81 St & Park Ave,7188,40.77282817,-73.96685276,40.77677702,-73.9590097,casual
2900945,CD693F94B632BFB2,classic_bike,2021-09-15 18:41:37,2021-09-15 18:47:05,Central Park West & W 85 St,7354,E 81 St & Park Ave,7188,40.78476,-73.969862,40.77677702,-73.9590097,casual
2900946,8D6324FD399549EB,classic_bike,2021-09-02 12:49:29,2021-09-02 12:58:34,Central Park West & W 85 St,7354,E 81 St & Park Ave,7188,40.78476,-73.969862,40.77677702,-73.9590097,casual
2900948,6AA65FB879A72DE2,classic_bike,2021-09-17 13:47:40,2021-09-17 14:23:30,Amsterdam Ave & W 79 St,7311,E 81 St & Park Ave,7188,40.7829391,-73.9786517,40.77677702,-73.9590097,casual
2900949,708D5CD4162F15C5,electric_bike,2021-09-17 13:48:31,2021-09-17 14:23:11,Amsterdam Ave & W 79 St,7311,E 81 St & Park Ave,7188,40.7829391,-73.9786517,40.77677702,-73.9590097,casual
2900951,5EECF2338883507B,classic_bike,2021-09-16 13:08:14,2021-09-16 13:21:12,5 Ave & E 72 St,7100,E 81 St & Park Ave,7188,40.77282817,-73.96685276,40.77677702,-73.9590097,casual
2900955,857DB929A2C73570,classic_bike,2021-09-16 13:08:26,2021-09-16 13:20:53,5 Ave & E 72 St,7100,E 81 St & Park Ave,7188,40.77282817,-73.96685276,40.77677702,-73.9590097,casual
2900960,43DD9A49815CA639,classic_bike,2021-09-27 18:04:37,2021-09-27 18:20:57,Amsterdam Ave & W 79 St,7311,E 81 St & Park Ave,7188,40.7829391,-73.9786517,40.77677702,-73.9590097,member
2900994,A4409E2BCF6FC7F1,classic_bike,2021-09-27 07:50:30,2021-09-27 08:02:44,5 Ave & E 103 St,7511,E 81 St & Park Ave,7188,40.7922553,-73.95249933,40.77677702,-73.9590097,member
2900995,FD014B5E3AABD104,classic_bike,2021-09-15 16:44:54,2021-09-15 16:55:52,5 Ave & E 103 St,7511,E 81 St & Park Ave,7188,40.7922553,-73.95249933,40.77677702,-73.9590097,member
2900997,20B31D0AFB044C8B,classic_bike,2021-09-02 22:30:12,2021-09-02 23:02:39,E 74 St & 1 Ave,6953,E 81 St & Park Ave,7188,40.7689738,-73.95482273,40.77677702,-73.9590097,member
2901000,2105B34A55BE1171,docked_bike,2021-09-06 14:32:46,2021-09-06 15:00:00,Amsterdam Ave & W 66 St,7149,E 81 St & Park Ave,7188,40.774667,-73.984706,40.776777,-73.95901,casual
2901001,6C561F97F1690AD5,electric_bike,2021-09-05 18:20:15,2021-09-05 18:26:16,E 65 St & 2 Ave,6860,E 81 St & Park Ave,7188,40.76471851944339,-73.96222069859505,40.77677702,-73.9590097,member
2901013,074AEA94F697D357,electric_bike,2021-09-15 13:40:03,2021-09-15 13:47:08,E 74 St & 1 Ave,6953,E 81 St & Park Ave,7188,40.7689738,-73.95482273,40.77677702,-73.9590097,member
2901051,2A9F310998C7C8F6,classic_bike,2021-09-29 18:24:11,2021-09-29 18:39:06,E 40 St & 5 Ave,6474,E 81 St & Park Ave,7188,40.752062307,-73.9816324043,40.77677702,-73.9590097,member
2901079,E93B87932004214F,classic_bike,2021-09-28 17:20:40,2021-09-28 17:35:55,E 40 St & 5 Ave,6474,E 81 St & Park Ave,7188,40.752062307,-73.9816324043,40.77677702,-73.9590097,member
2901097,D8CBAC1402974FAF,classic_bike,2021-09-23 16:54:17,2021-09-23 17:02:38,W 87 St & Amsterdam Ave,7458,E 81 St & Park Ave,7188,40.78839,-73.9747,40.77677702,-73.9590097,member
2901157,090FD304737AEA73,electric_bike,2021-09-17 11:19:03,2021-09-17 11:33:08,W 100 St & Broadway,7580,E 81 St & Park Ave,7188,40.7973721,-73.97041192,40.77677702,-73.9590097,casual
2901180,6753868C5CA61601,classic_bike,2021-09-06 14:09:04,2021-09-06 14:23:55,Central Park W & W 97 St,7538,E 81 St & Park Ave,7188,40.79249519495111,-73.96417066463071,40.77677702,-73.9590097,member
2901212,7599579666809156,classic_bike,2021-09-02 22:13:55,2021-09-02 22:30:01,E 81 St & Park Ave,7188,Columbus Ave & W 95 St,7520,40.77677702,-73.9590097,40.7919557,-73.968087,member
2901214,DAA83058DCE33E4A,classic_bike,2021-09-21 16:01:47,2021-09-21 16:03:59,E 81 St & Park Ave,7188,E 81 St & Park Ave,7188,40.77677702,-73.9590097,40.77677702,-73.9590097,casual
2901237,63D2A0E55240C04D,classic_bike,2021-09-28 08:00:38,2021-09-28 08:01:06,E 81 St & Park Ave,7188,E 81 St & Park Ave,7188,40.77677702,-73.9590097,40.77677702,-73.9590097,member
2901239,F23628166AE70088,electric_bike,2021-09-06 09:41:58,2021-09-06 09:42:20,E 81 St & Park Ave,7188,E 81 St & Park Ave,7188,40.77677702,-73.9590097,40.77677702,-73.9590097,member
2901250,2E7ED196850D8363,classic_bike,2021-09-07 14:26:21,2021-09-07 14:47:28,E 81 St & Park Ave,7188,E 81 St & Park Ave,7188,40.77677702,-73.9590097,40.77677702,-73.9590097,member
2901253,9C25F770498BE74A,classic_bike,2021-09-04 18:08:20,2021-09-04 18:08:49,E 81 St & Park Ave,7188,E 81 St & Park Ave,7188,40.77677702,-73.9590097,40.77677702,-73.9590097,member
2901256,570712E190B07DDC,electric_bike,2021-09-30 19:06:16,2021-09-30 19:16:15,Columbus Ave & W 95 St,7520,E 81 St & Park Ave,7188,40.7919557,-73.968087,40.77677702,-73.9590097,member
2901261,2B53F07EFC93F041,classic_bike,2021-09-26 14:50:10,2021-09-26 14:51:13,E 81 St & Park Ave,7188,E 81 St & Park Ave,7188,40.77677702,-73.9590097,40.77677702,-73.9590097,member
2901265,28CED44C80CE6DD0,classic_bike,2021-09-13 07:55:46,2021-09-13 08:03:45,Central Park West & W 72 St,7141,E 81 St & Park Ave,7188,40.77579376683666,-73.9762057363987,40.77677702,-73.9590097,member
2901266,A0350213DC9D62F7,electric_bike,2021-09-04 06:50:48,2021-09-04 06:56:26,Central Park West & W 72 St,7141,E 81 St & Park Ave,7188,40.77579376683666,-73.9762057363987,40.77677702,-73.9590097,member
2901280,61B179DFC7EC35BF,classic_bike,2021-09-12 15:00:01,2021-09-12 15:00:29,E 81 St & Park Ave,7188,E 81 St & Park Ave,7188,40.77677702,-73.9590097,40.77677702,-73.9590097,member
2901281,5D86A6E2F1FAF284,classic_bike,2021-09-12 15:04:09,2021-09-12 15:06:58,E 81 St & Park Ave,7188,E 81 St & Park Ave,7188,40.77677702,-73.9590097,40.77677702,-73.9590097,member
2901282,097C0B20C6F4727A,electric_bike,2021-09-20 15:45:49,2021-09-20 15:47:35,E 81 St & Park Ave,7188,E 81 St & Park Ave,7188,40.77677702,-73.9590097,40.77677702,-73.9590097,member
2901305,F606B375204C7311,classic_bike,2021-09-06 17:40:24,2021-09-06 17:41:27,E 81 St & Park Ave,7188,E 81 St & Park Ave,7188,40.77677702,-73.9590097,40.77677702,-73.9590097,casual
2901325,7BEF220412815E8B,classic_bike,2021-09-18 16:35:11,2021-09-18 16:38:04,E 81 St & Park Ave,7188,E 81 St & Park Ave,7188,40.77677702,-73.9590097,40.77677702,-73.9590097,casual
2901346,0B052415A15BD583,electric_bike,2021-09-17 14:06:20,2021-09-17 14:11:51,E 75 St & 3 Ave,6991,E 81 St & Park Ave,7188,40.77112927,-73.95772297,40.77677702,-73.9590097,member
2901370,99A5B6715D133D2A,classic_bike,2021-09-30 17:34:29,2021-09-30 17:52:02,Madison Av & E 51 St,6659,E 81 St & Park Ave,7188,40.75863,-73.97513,40.77677702,-73.9590097,member
2901392,93E1AB113F930327,classic_bike,2021-09-15 17:56:54,2021-09-15 18:00:20,E 84 St & Park Ave,7243,E 81 St & Park Ave,7188,40.77862688,-73.95772073,40.77677702,-73.9590097,member
2901396,A3B6857FC1285F6A,electric_bike,2021-09-03 23:06:05,2021-09-03 23:06:44,E 81 St & Park Ave,7188,E 81 St & Park Ave,7188,40.77677702,-73.9590097,40.77677702,-73.9590097,member
2901398,27E967927B0FBCC1,electric_bike,2021-09-26 09:53:35,2021-09-26 09:54:26,E 81 St & Park Ave,7188,E 81 St & Park Ave,7188,40.77677702,-73.9590097,40.77677702,-73.9590097,member
2901406,1E0C826C989B25FF,classic_bike,2021-09-12 17:37:02,2021-09-12 17:37:58,E 81 St & Park Ave,7188,E 81 St & Park Ave,7188,40.77677702,-73.9590097,40.77677702,-73.9590097,member
2901431,67BF8B39D7D66B3A,classic_bike,2021-09-12 16:22:41,2021-09-12 16:24:46,E 81 St & Park Ave,7188,E 81 St & Park Ave,7188,40.77677702,-73.9590097,40.77677702,-73.9590097,casual
2901485,2D4438BD596C31C9,electric_bike,2021-09-17 12:11:01,2021-09-17 12:11:33,E 81 St & Park Ave,7188,E 81 St & Park Ave,7188,40.77677702,-73.9590097,40.77677702,-73.9590097,member
2901486,46845FF48DEFF274,classic_bike,2021-09-20 14:48:41,2021-09-20 14:49:54,E 81 St & Park Ave,7188,E 81 St & Park Ave,7188,40.77677702,-73.9590097,40.77677702,-73.9590097,member
2901495,CD7924D87254E9E6,classic_bike,2021-09-18 00:14:25,2021-09-18 00:14:36,E 81 St & Park Ave,7188,E 81 St & Park Ave,7188,40.77677702,-73.9590097,40.77677702,-73.9590097,member
2901499,5C2F376F64217821,classic_bike,2021-09-13 14:13:50,2021-09-13 14:23:01,E 68 St & 3 Ave,6896,E 81 St & Park Ave,7188,40.76712840349542,-73.96224617958069,40.77677702,-73.9590097,member
2901500,94C35756CF2AFDB7,electric_bike,2021-09-18 15:01:57,2021-09-18 15:12:44,E 68 St & 3 Ave,6896,E 81 St & Park Ave,7188,40.76712840349542,-73.96224617958069,40.77677702,-73.9590097,member
2901531,2C578009D558EC98,classic_bike,2021-09-06 09:06:00,2021-09-06 09:06:07,E 81 St & Park Ave,7188,E 81 St & Park Ave,7188,40.77677702,-73.9590097,40.77677702,-73.9590097,member
2901556,B214B4D7D25C6CCE,classic_bike,2021-09-09 07:37:03,2021-09-09 07:51:47,Frederick Douglass Blvd & W 112 St,7631,E 81 St & Park Ave,7188,40.801694,-73.957145,40.77677702,-73.9590097,member
2901579,A478B2FB0C8F01BC,classic_bike,2021-09-28 07:35:18,2021-09-28 07:50:10,Frederick Douglass Blvd & W 112 St,7631,E 81 St & Park Ave,7188,40.801694,-73.957145,40.77677702,-73.9590097,member
2901633,2E10BB84FDDD0A71,classic_bike,2021-09-26 11:48:41,2021-09-26 12:00:15,7 Ave & Central Park South,6912,E 81 St & Park Ave,7188,40.7667405590595,-73.9790689945221,40.77677702,-73.9590097,member
2901637,4D64F4B1B5C652B3,classic_bike,2021-09-14 19:08:50,2021-09-14 19:23:16,7 Ave & Central Park South,6912,E 81 St & Park Ave,7188,40.7667405590595,-73.9790689945221,40.77677702,-73.9590097,member
2901638,4C3DA44741936E19,classic_bike,2021-09-28 15:00:30,2021-09-28 15:11:03,E 102 St & Park Ave,7488,E 81 St & Park Ave,7188,40.7904828,-73.95033068,40.77677702,-73.9590097,member
2901639,49986BE7E5F56295,classic_bike,2021-09-22 14:33:56,2021-09-22 14:43:56,E 102 St & Park Ave,7488,E 81 St & Park Ave,7188,40.7904828,-73.95033068,40.77677702,-73.9590097,member
2901640,019935388EFFDF42,classic_bike,2021-09-22 07:52:55,2021-09-22 08:01:42,E 102 St & Park Ave,7488,E 81 St & Park Ave,7188,40.7904828,-73.95033068,40.77677702,-73.9590097,member
2901641,D8784E8A41F2F107,classic_bike,2021-09-22 10:29:38,2021-09-22 10:37:05,E 102 St & Park Ave,7488,E 81 St & Park Ave,7188,40.7904828,-73.95033068,40.77677702,-73.9590097,member
2901644,6D599B8ED824A566,classic_bike,2021-09-26 18:52:00,2021-09-26 19:04:05,2 Ave & E 104 St,7436,E 81 St & Park Ave,7188,40.7892105,-73.94370784,40.77677702,-73.9590097,member
2901651,BF07978A7F208E49,docked_bike,2021-09-18 15:48:26,2021-09-18 16:15:27,E 102 St & Park Ave,7488,E 81 St & Park Ave,7188,40.790483,-73.950331,40.776777,-73.95901,casual
2901662,5500BAE1AE52B74C,classic_bike,2021-09-06 00:08:50,2021-09-06 00:22:22,2 Ave & E 104 St,7436,E 81 St & Park Ave,7188,40.7892105,-73.94370784,40.77677702,-73.9590097,member
2901687,878AF38C88929891,classic_bike,2021-09-28 13:48:58,2021-09-28 14:07:11,Broadway & W 58 St,6948,E 81 St & Park Ave,7188,40.76695317,-73.98169333,40.77677702,-73.9590097,member
2901694,F45BDC2EB7524B4F,electric_bike,2021-09-30 07:34:17,2021-09-30 07:36:47,E 81 St & York Ave,7084,E 81 St & Park Ave,7188,40.7728384,-73.94989233,40.77677702,-73.9590097,member
2901695,D2AB251FB39E38B4,electric_bike,2021-09-04 07:36:20,2021-09-04 07:41:23,E 81 St & York Ave,7084,E 81 St & Park Ave,7188,40.7728384,-73.94989233,40.77677702,-73.9590097,member
2901696,7147383473787690,classic_bike,2021-09-05 17:34:39,2021-09-05 17:39:58,E 81 St & York Ave,7084,E 81 St & Park Ave,7188,40.7728384,-73.94989233,40.77677702,-73.9590097,member
2901698,D90487AE6DAE6250,classic_bike,2021-09-29 12:45:34,2021-09-29 12:58:31,E 56 St & Madison Ave,6732,E 81 St & Park Ave,7188,40.761573,-73.972628,40.77677702,-73.9590097,member
2901700,AA8CFCC2450C8BC4,classic_bike,2021-09-14 19:21:29,2021-09-14 19:27:40,E 77 St & 3 Ave,7092,E 81 St & Park Ave,7188,40.77314236,-73.95856158,40.77677702,-73.9590097,member
2901702,ED0BD7C8FCCB4C08,classic_bike,2021-09-15 06:19:43,2021-09-15 06:25:10,2 Ave & E 72 St,6925,E 81 St & Park Ave,7188,40.7687620293096,-73.95840793848038,40.77677702,-73.9590097,member
2901708,7B62A89A0E16F50A,classic_bike,2021-09-02 14:26:18,2021-09-02 14:36:04,E 81 St & York Ave,7084,E 81 St & Park Ave,7188,40.7728384,-73.94989233,40.77677702,-73.9590097,member
2901710,8DBDF321F9CEC0C9,classic_bike,2021-09-21 10:13:46,2021-09-21 10:29:57,Central Park North & Adam Clayton Powell Blvd,7617,E 81 St & Park Ave,7188,40.799484,-73.955613,40.77677702,-73.9590097,member
2901713,1BF6BA7563435AE5,classic_bike,2021-09-26 07:47:12,2021-09-26 07:53:59,E 81 St & York Ave,7084,E 81 St & Park Ave,7188,40.7728384,-73.94989233,40.77677702,-73.9590097,member
2901717,0AA47CB39F4A929E,classic_bike,2021-09-09 15:19:47,2021-09-09 15:25:17,E 81 St & York Ave,7084,E 81 St & Park Ave,7188,40.7728384,-73.94989233,40.77677702,-73.9590097,member
2901722,C140B71056ACB9E4,classic_bike,2021-09-13 20:03:15,2021-09-13 20:07:31,E 77 St & 3 Ave,7092,E 81 St & Park Ave,7188,40.77314236,-73.95856158,40.77677702,-73.9590097,member
2901723,496E9306DCA6B3D0,classic_bike,2021-09-20 07:53:59,2021-09-20 07:59:25,2 Ave & E 72 St,6925,E 81 St & Park Ave,7188,40.7687620293096,-73.95840793848038,40.77677702,-73.9590097,member
2901728,BEE49E05D5B94769,classic_bike,2021-09-02 10:55:39,2021-09-02 11:01:03,E 81 St & York Ave,7084,E 81 St & Park Ave,7188,40.7728384,-73.94989233,40.77677702,-73.9590097,member
2901729,FF3C183E138D044F,classic_bike,2021-09-24 17:14:44,2021-09-24 17:25:50,Broadway & W 58 St,6948,E 81 St & Park Ave,7188,40.76695317,-73.98169333,40.77677702,-73.9590097,member
2901730,BFD177CEC1357F6C,classic_bike,2021-09-10 16:46:30,2021-09-10 16:55:54,E 56 St & Madison Ave,6732,E 81 St & Park Ave,7188,40.761573,-73.972628,40.77677702,-73.9590097,member
2901741,7CBE58EF82FBB0E5,classic_bike,2021-09-10 13:05:53,2021-09-10 13:12:17,E 81 St & York Ave,7084,E 81 St & Park Ave,7188,40.7728384,-73.94989233,40.77677702,-73.9590097,member
2901748,8EA66C6F938ED1FC,classic_bike,2021-09-13 09:08:47,2021-09-13 09:14:23,E 81 St & York Ave,7084,E 81 St & Park Ave,7188,40.7728384,-73.94989233,40.77677702,-73.9590097,member
2901749,42020960736A2A3E,classic_bike,2021-09-21 10:36:48,2021-09-21 11:00:10,11 Ave & W 41 St,6726,E 81 St & Park Ave,7188,40.76030096,-73.99884222,40.77677702,-73.9590097,member
2901756,6CB0782BE4A4FF20,classic_bike,2021-09-19 10:31:17,2021-09-19 10:47:47,W 42 St & 8 Ave,6602,E 81 St & Park Ave,7188,40.7575699,-73.99098507,40.77677702,-73.9590097,member
2901757,1CA98C67F997F86A,classic_bike,2021-09-27 16:24:16,2021-09-27 16:32:34,E 98 St & Park Ave,7443,E 81 St & Park Ave,7188,40.78813,-73.95206,40.77677702,-73.9590097,member
2901759,A310EB6EACE0D307,classic_bike,2021-09-06 18:34:34,2021-09-06 18:53:40,W 42 St & 8 Ave,6602,E 81 St & Park Ave,7188,40.7575699,-73.99098507,40.77677702,-73.9590097,member
2901768,D1DB0173D72D3719,classic_bike,2021-09-28 15:35:40,2021-09-28 15:53:00,West End Ave & W 60 St,7059,E 81 St & Park Ave,7188,40.77237,-73.99005,40.77677702,-73.9590097,member
2901781,FA607652E4887351,electric_bike,2021-09-23 09:34:20,2021-09-23 09:57:51,West End Ave & W 60 St,7059,E 81 St & Park Ave,7188,40.77237,-73.99005,40.77677702,-73.9590097,member
2901783,8B1075280C745631,classic_bike,2021-09-10 13:05:23,2021-09-10 13:35:05,West End Ave & W 60 St,7059,E 81 St & Park Ave,7188,40.77237,-73.99005,40.77677702,-73.9590097,member
2901809,03AD11EC6C551F31,classic_bike,2021-09-12 08:46:17,2021-09-12 09:19:22,Queens Plaza North & Crescent St,6429,E 81 St & Park Ave,7188,40.75110165,-73.94073717,40.77677702,-73.9590097,member
2901814,40CB065F3F6B6115,classic_bike,2021-09-17 09:16:20,2021-09-17 09:34:35,West End Ave & W 60 St,7059,E 81 St & Park Ave,7188,40.77237,-73.99005,40.77677702,-73.9590097,member
2901816,F8DBFD4014D1BDCC,electric_bike,2021-09-07 12:21:04,2021-09-07 12:36:21,Lenox Ave & W 115 St,7627,E 81 St & Park Ave,7188,40.8011939,-73.9500739,40.77677702,-73.9590097,member
2901828,E1523719C6D5B76F,classic_bike,2021-09-12 07:03:12,2021-09-12 07:19:23,Mt Morris Park W & W 120 St,7685,E 81 St & Park Ave,7188,40.804038,-73.945925,40.77677702,-73.9590097,member
2901829,F8CF4F19E0350CA8,classic_bike,2021-09-21 16:08:59,2021-09-21 16:27:28,2 Ave & E 55 St,6650,E 81 St & Park Ave,7188,40.757920208794026,-73.96638214588165,40.77677702,-73.9590097,member
2901840,53E6688F172E771F,electric_bike,2021-09-13 10:13:15,2021-09-13 10:58:14,Pershing Square North,6432,E 81 St & Park Ave,7188,40.751873,-73.977706,40.77677702,-73.9590097,casual
2901842,5C8E47F59D9D52E2,classic_bike,2021-09-03 14:22:23,2021-09-03 14:23:53,E 81 St & 3 Ave,7154,E 81 St & Park Ave,7188,40.77573034,-73.9567526,40.77677702,-73.9590097,member
2901843,B42D9A5AB98A07E1,classic_bike,2021-09-22 18:10:54,2021-09-22 18:12:41,E 81 St & 3 Ave,7154,E 81 St & Park Ave,7188,40.77573034,-73.9567526,40.77677702,-73.9590097,member
2901846,44BE8C72EAD636F2,classic_bike,2021-09-06 15:09:07,2021-09-06 15:11:38,E 81 St & 3 Ave,7154,E 81 St & Park Ave,7188,40.77573034,-73.9567526,40.77677702,-73.9590097,member
2901848,517927D3CD708A8A,electric_bike,2021-09-16 09:51:06,2021-09-16 09:52:23,E 81 St & 3 Ave,7154,E 81 St & Park Ave,7188,40.77573034,-73.9567526,40.77677702,-73.9590097,casual
2901850,4BDAB6FC7194F57B,classic_bike,2021-09-30 08:14:13,2021-09-30 08:33:23,E 81 St & 3 Ave,7154,E 81 St & Park Ave,7188,40.77573034,-73.9567526,40.77677702,-73.9590097,casual
2901854,26B878F9E4CD6AB3,classic_bike,2021-09-13 16:23:27,2021-09-13 16:26:30,E 81 St & 3 Ave,7154,E 81 St & Park Ave,7188,40.77573034,-73.9567526,40.77677702,-73.9590097,casual
2901858,4931050140126D71,classic_bike,2021-09-16 12:06:54,2021-09-16 12:08:32,E 81 St & 3 Ave,7154,E 81 St & Park Ave,7188,40.77573034,-73.9567526,40.77677702,-73.9590097,member
2901859,55ED16CDF8D59CB3,classic_bike,2021-09-27 08:45:17,2021-09-27 08:47:35,E 81 St & 3 Ave,7154,E 81 St & Park Ave,7188,40.77573034,-73.9567526,40.77677702,-73.9590097,member
2901862,1B09E8D30C8A4B44,classic_bike,2021-09-12 09:32:44,2021-09-12 12:51:17,E 81 St & 3 Ave,7154,E 81 St & Park Ave,7188,40.77573034,-73.9567526,40.77677702,-73.9590097,member
2901863,6E7F772115E14E21,classic_bike,2021-09-04 13:13:08,2021-09-04 13:15:08,E 81 St & 3 Ave,7154,E 81 St & Park Ave,7188,40.77573034,-73.9567526,40.77677702,-73.9590097,member
2901864,A98BEFADB80A15AA,classic_bike,2021-09-28 23:25:11,2021-09-28 23:27:55,E 81 St & 3 Ave,7154,E 81 St & Park Ave,7188,40.77573034,-73.9567526,40.77677702,-73.9590097,member
2901865,030FEA032ECF305D,classic_bike,2021-09-06 14:37:54,2021-09-06 14:40:04,E 81 St & 3 Ave,7154,E 81 St & Park Ave,7188,40.77573034,-73.9567526,40.77677702,-73.9590097,member
2901867,2F300C7182F37E6E,classic_bike,2021-09-26 17:34:15,2021-09-26 17:36:52,E 81 St & 3 Ave,7154,E 81 St & Park Ave,7188,40.77573034,-73.9567526,40.77677702,-73.9590097,casual
2901868,CFDC2AD2B6906387,classic_bike,2021-09-12 14:52:05,2021-09-12 15:09:11,Pershing Square North,6432,E 81 St & Park Ave,7188,40.751873,-73.977706,40.77677702,-73.9590097,member
2901869,4372C72A5AB405D9,classic_bike,2021-09-15 17:55:21,2021-09-15 17:56:25,E 81 St & 3 Ave,7154,E 81 St & Park Ave,7188,40.77573034,-73.9567526,40.77677702,-73.9590097,member
2901870,E7C3CECC05870EB7,classic_bike,2021-09-08 21:48:51,2021-09-08 21:50:32,E 81 St & 3 Ave,7154,E 81 St & Park Ave,7188,40.77573034,-73.9567526,40.77677702,-73.9590097,member
2901873,5BBB72CA430CCD62,classic_bike,2021-09-06 15:32:45,2021-09-06 15:34:22,E 81 St & 3 Ave,7154,E 81 St & Park Ave,7188,40.77573034,-73.9567526,40.77677702,-73.9590097,member
2901875,B50289496ECB678D,classic_bike,2021-09-26 13:27:59,2021-09-26 13:29:41,E 81 St & 3 Ave,7154,E 81 St & Park Ave,7188,40.77573034,-73.9567526,40.77677702,-73.9590097,member
2901876,4928DB8E071FA709,classic_bike,2021-09-30 16:59:15,2021-09-30 17:15:19,E 44 St & Lexington Ave,6464,E 81 St & Park Ave,7188,40.752643,-73.974996,40.77677702,-73.9590097,casual
2901877,50BC22CCF5B0C8F2,classic_bike,2021-09-26 11:11:04,2021-09-26 11:13:02,E 81 St & 3 Ave,7154,E 81 St & Park Ave,7188,40.77573034,-73.9567526,40.77677702,-73.9590097,member
2901879,46CC60D738D5C9C0,electric_bike,2021-09-13 15:51:47,2021-09-13 15:53:35,E 81 St & 3 Ave,7154,E 81 St & Park Ave,7188,40.77573034,-73.9567526,40.77677702,-73.9590097,member
2901880,7FCC7100066621E3,electric_bike,2021-09-11 08:26:50,2021-09-11 08:30:20,E 81 St & 3 Ave,7154,E 81 St & Park Ave,7188,40.77573034,-73.9567526,40.77677702,-73.9590097,member
2901881,E32FE29DE5EA4D21,classic_bike,2021-09-06 11:18:21,2021-09-06 11:20:44,E 81 St & 3 Ave,7154,E 81 St & Park Ave,7188,40.77573034,-73.9567526,40.77677702,-73.9590097,casual
2901882,CDBEB31961A0E567,classic_bike,2021-09-27 08:27:50,2021-09-27 08:29:53,E 81 St & 3 Ave,7154,E 81 St & Park Ave,7188,40.77573034,-73.9567526,40.77677702,-73.9590097,member
2901883,A62DA32F023F3920,classic_bike,2021-09-03 07:16:46,2021-09-03 07:18:01,E 81 St & 3 Ave,7154,E 81 St & Park Ave,7188,40.77573034,-73.9567526,40.77677702,-73.9590097,member
2901884,08E6270D9F66846D,classic_bike,2021-09-13 07:46:23,2021-09-13 07:50:50,E 81 St & 3 Ave,7154,E 81 St & Park Ave,7188,40.77573034,-73.9567526,40.77677702,-73.9590097,member
2901885,969FA8802936C884,classic_bike,2021-09-19 18:19:49,2021-09-19 19:00:38,E 81 St & 3 Ave,7154,E 81 St & Park Ave,7188,40.77573034,-73.9567526,40.77677702,-73.9590097,member
2901886,556C6B0C6F9CCD09,classic_bike,2021-09-10 14:01:47,2021-09-10 14:03:13,E 81 St & 3 Ave,7154,E 81 St & Park Ave,7188,40.77573034,-73.9567526,40.77677702,-73.9590097,member
2901888,21D7F11C76CEF9D0,classic_bike,2021-09-15 20:53:46,2021-09-15 20:59:04,E 81 St & 3 Ave,7154,E 81 St & Park Ave,7188,40.77573034,-73.9567526,40.77677702,-73.9590097,casual
2901890,3319606B68EA5A8B,classic_bike,2021-09-27 08:56:53,2021-09-27 08:59:02,E 81 St & 3 Ave,7154,E 81 St & Park Ave,7188,40.77573034,-73.9567526,40.77677702,-73.9590097,member
2901891,117569F34B73380D,electric_bike,2021-09-21 12:32:18,2021-09-21 12:33:47,E 81 St & 3 Ave,7154,E 81 St & Park Ave,7188,40.77573034,-73.9567526,40.77677702,-73.9590097,member
2901899,EC1EDEA51FD40CE4,electric_bike,2021-09-14 07:09:24,2021-09-14 07:10:46,E 81 St & 3 Ave,7154,E 81 St & Park Ave,7188,40.77573034,-73.9567526,40.77677702,-73.9590097,member
2901900,35A3B0DC09DE2F53,electric_bike,2021-09-02 12:18:37,2021-09-02 12:19:58,E 81 St & 3 Ave,7154,E 81 St & Park Ave,7188,40.77573034,-73.9567526,40.77677702,-73.9590097,member
2901906,9928166AF40144FB,classic_bike,2021-09-10 07:57:08,2021-09-10 07:59:46,E 81 St & 3 Ave,7154,E 81 St & Park Ave,7188,40.77573034,-73.9567526,40.77677702,-73.9590097,member
2901907,685A6CDFD5A85C1B,classic_bike,2021-09-06 09:50:46,2021-09-06 09:52:11,E 81 St & 3 Ave,7154,E 81 St & Park Ave,7188,40.77573034,-73.9567526,40.77677702,-73.9590097,member
2901910,2F19F3F9EEBC36F3,classic_bike,2021-09-29 18:18:05,2021-09-29 18:23:49,E 81 St & 3 Ave,7154,E 81 St & Park Ave,7188,40.77573034,-73.9567526,40.77677702,-73.9590097,member
2901917,D096B677804FE0A9,classic_bike,2021-09-25 13:58:59,2021-09-25 14:23:24,Frederick Douglass Blvd & W 117 St,7688,E 81 St & Park Ave,7188,40.805159,-73.954692,40.77677702,-73.9590097,member
2901918,CE5E039B7E709E67,classic_bike,2021-09-19 13:48:00,2021-09-19 14:11:15,Frederick Douglass Blvd & W 117 St,7688,E 81 St & Park Ave,7188,40.805159,-73.954692,40.77677702,-73.9590097,member
2901919,8529F15DEC42D793,classic_bike,2021-09-27 13:50:52,2021-09-27 14:15:27,Frederick Douglass Blvd & W 117 St,7688,E 81 St & Park Ave,7188,40.805159,-73.954692,40.77677702,-73.9590097,member
2901922,9932B66F1578E16D,classic_bike,2021-09-20 07:41:30,2021-09-20 07:58:02,E 106 St & Lexington Ave,7504,E 81 St & Park Ave,7188,40.791976,-73.945993,40.77677702,-73.9590097,member
2901923,053A4DDC709EE3DE,classic_bike,2021-09-12 10:30:08,2021-09-12 10:50:22,E 25 St & 1 Ave,6004,E 81 St & Park Ave,7188,40.7381765,-73.97738662,40.77677702,-73.9590097,member
2901925,C370150009960C5D,classic_bike,2021-09-19 17:52:20,2021-09-19 18:09:28,E 110 St & Madison Ave,7587,E 81 St & Park Ave,7188,40.7961535,-73.94782145,40.77677702,-73.9590097,member
2901929,8E31055DB48AE161,electric_bike,2021-09-23 17:01:00,2021-09-23 17:12:52,E 110 St & Madison Ave,7587,E 81 St & Park Ave,7188,40.7961535,-73.94782145,40.77677702,-73.9590097,member
2901938,9DFA5502F1D35B82,classic_bike,2021-09-19 17:52:26,2021-09-19 18:09:33,E 110 St & Madison Ave,7587,E 81 St & Park Ave,7188,40.7961535,-73.94782145,40.77677702,-73.9590097,casual
2901973,604E0708CCB0CAF1,electric_bike,2021-09-19 07:51:49,2021-09-19 07:55:22,E 78 St & 2 Ave,7057,E 81 St & Park Ave,7188,40.7727966,-73.95577801,40.77677702,-73.9590097,member
2901992,047514B1A1E8E144,classic_bike,2021-09-07 08:42:17,2021-09-07 08:45:28,E 85 St & 3 Ave,7212,E 81 St & Park Ave,7188,40.77801203,-73.95407149,40.77677702,-73.9590097,member
2902006,B5BF5714FA80791E,classic_bike,2021-09-15 17:03:56,2021-09-15 17:07:29,E 85 St & 3 Ave,7212,E 81 St & Park Ave,7188,40.77801203,-73.95407149,40.77677702,-73.9590097,member
2902007,42F34CE61259566B,classic_bike,2021-09-19 00:08:46,2021-09-19 00:19:29,E 85 St & 3 Ave,7212,E 81 St & Park Ave,7188,40.77801203,-73.95407149,40.77677702,-73.9590097,casual
2902012,15B38CD1E77FAE2A,electric_bike,2021-09-10 12:54:36,2021-09-10 13:10:17,Amsterdam Ave & W 66 St,7149,E 81 St & Park Ave,7188,40.7746671,-73.98470567,40.77677702,-73.9590097,member
2902018,C7B288EBEA84143B,classic_bike,2021-09-02 11:33:58,2021-09-02 11:37:48,E 85 St & 3 Ave,7212,E 81 St & Park Ave,7188,40.77801203,-73.95407149,40.77677702,-73.9590097,member
2902019,5A7EB09E9F86386B,classic_bike,2021-09-17 23:24:08,2021-09-17 23:33:46,E 56 St & 3 Ave,6691,E 81 St & Park Ave,7188,40.75934501,-73.96759673,40.77677702,-73.9590097,casual
2902034,30FA852525899206,classic_bike,2021-09-23 13:01:11,2021-09-23 13:04:45,E 85 St & 3 Ave,7212,E 81 St & Park Ave,7188,40.77801203,-73.95407149,40.77677702,-73.9590097,member
2902042,72E22CE5C5004C1C,classic_bike,2021-09-18 00:35:56,2021-09-18 01:03:24,E 47 St & 2 Ave,6498,E 81 St & Park Ave,7188,40.75323098,-73.97032517,40.77677702,-73.9590097,member
2902046,AC3A3382F2CCF321,classic_bike,2021-09-22 14:14:38,2021-09-22 14:29:09,E 47 St & 2 Ave,6498,E 81 St & Park Ave,7188,40.75323098,-73.97032517,40.77677702,-73.9590097,casual
2902050,5D35651529CE5E20,electric_bike,2021-09-06 22:35:08,2021-09-06 22:59:09,E 85 St & 3 Ave,7212,E 81 St & Park Ave,7188,40.77801203,-73.95407149,40.77677702,-73.9590097,member
2902052,C01B09D6B8DFD5BD,classic_bike,2021-09-07 12:40:58,2021-09-07 12:44:41,E 85 St & 3 Ave,7212,E 81 St & Park Ave,7188,40.77801203,-73.95407149,40.77677702,-73.9590097,member
2902053,EFF866E0F2382C93,electric_bike,2021-09-19 00:09:25,2021-09-19 00:19:30,E 85 St & 3 Ave,7212,E 81 St & Park Ave,7188,40.77801203,-73.95407149,40.77677702,-73.9590097,casual
2902074,EB5B87273DD42666,electric_bike,2021-09-05 23:09:51,2021-09-05 23:18:01,W 84 St & Columbus Ave,7382,E 81 St & Park Ave,7188,40.78499979,-73.97283406,40.77677702,-73.9590097,member
2902083,874A6F7AC4633F85,classic_bike,2021-09-11 10:45:43,2021-09-11 10:50:49,E 85 St & 3 Ave,7212,E 81 St & Park Ave,7188,40.77801203,-73.95407149,40.77677702,-73.9590097,member
2902107,2936E5595C13F09F,classic_bike,2021-09-30 08:53:11,2021-09-30 09:08:04,E 53 St & Lexington Ave,6617,E 81 St & Park Ave,7188,40.75828065,-73.97069431,40.77677702,-73.9590097,member
2902109,0E2E282B76C686CA,classic_bike,2021-09-24 16:26:25,2021-09-24 16:47:12,W 51 St & Rockefeller Plaza,6700,E 81 St & Park Ave,7188,40.75973805251143,-73.97811613976955,40.77677702,-73.9590097,member
2902112,0EE93A171C23DCC0,classic_bike,2021-09-21 16:02:34,2021-09-21 16:14:50,E 53 St & Lexington Ave,6617,E 81 St & Park Ave,7188,40.75828065,-73.97069431,40.77677702,-73.9590097,member
2902115,DBDE20FCAEAFFDA3,classic_bike,2021-09-12 13:54:23,2021-09-12 14:21:27,Grand Army Plaza & Central Park S,6839,E 81 St & Park Ave,7188,40.7643971,-73.97371465,40.77677702,-73.9590097,member
2902120,C693EDC7025E1174,classic_bike,2021-09-26 12:24:51,2021-09-26 12:35:18,E 53 St & Lexington Ave,6617,E 81 St & Park Ave,7188,40.75828065,-73.97069431,40.77677702,-73.9590097,member
2902127,7317CBD13EF09738,classic_bike,2021-09-15 15:55:50,2021-09-15 16:05:44,Grand Army Plaza & Central Park S,6839,E 81 St & Park Ave,7188,40.7643971,-73.97371465,40.77677702,-73.9590097,member
2902129,2DAE8B9F6F2AA2D2,classic_bike,2021-09-16 17:31:33,2021-09-16 17:47:06,Grand Army Plaza & Central Park S,6839,E 81 St & Park Ave,7188,40.7643971,-73.97371465,40.77677702,-73.9590097,member
2902132,B34D2B1C915DDD31,classic_bike,2021-09-19 23:32:56,2021-09-20 00:06:30,Washington St & Gansevoort St,6039,E 81 St & Park Ave,7188,40.739323,-74.008119,40.77677702,-73.9590097,casual
2902138,8E265928D1537C98,classic_bike,2021-09-24 22:34:53,2021-09-24 22:46:52,Grand Army Plaza & Central Park S,6839,E 81 St & Park Ave,7188,40.7643971,-73.97371465,40.77677702,-73.9590097,member
2902149,5975C74DA2A26802,classic_bike,2021-09-22 17:33:34,2021-09-22 17:53:42,W 51 St & Rockefeller Plaza,6700,E 81 St & Park Ave,7188,40.75973805251143,-73.97811613976955,40.77677702,-73.9590097,member
2902182,09CA1B14CB1B9E2B,classic_bike,2021-09-21 15:14:39,2021-09-21 15:24:53,Grand Army Plaza & Central Park S,6839,E 81 St & Park Ave,7188,40.7643971,-73.97371465,40.77677702,-73.9590097,member
2902203,B8A18D0B42BFD3D2,classic_bike,2021-09-24 12:14:24,2021-09-24 12:15:51,E 81 St & 3 Ave,7154,E 81 St & Park Ave,7188,40.77573034,-73.9567526,40.77677702,-73.9590097,member
2902204,9B9F0890FE4342C8,electric_bike,2021-09-30 19:08:39,2021-09-30 19:10:24,E 81 St & 3 Ave,7154,E 81 St & Park Ave,7188,40.77573034,-73.9567526,40.77677702,-73.9590097,member
2902211,D337FC01322982D4,classic_bike,2021-09-06 16:33:45,2021-09-06 16:35:32,E 81 St & 3 Ave,7154,E 81 St & Park Ave,7188,40.77573034,-73.9567526,40.77677702,-73.9590097,member
2902229,3D6B2A273900832D,electric_bike,2021-09-29 19:51:00,2021-09-29 19:53:16,E 81 St & 3 Ave,7154,E 81 St & Park Ave,7188,40.77573034,-73.9567526,40.77677702,-73.9590097,member
2902233,CECEBCF5151FE8AA,electric_bike,2021-09-22 08:44:11,2021-09-22 08:55:08,Madison Ave & E 99 St,7443,E 81 St & Park Ave,7188,40.78948541553215,-73.95242929458618,40.77677702,-73.9590097,member
2902240,EFC9A4C00175719C,classic_bike,2021-09-12 08:18:45,2021-09-12 08:33:53,E 33 St & 1 Ave,6197,E 81 St & Park Ave,7188,40.74322681432173,-73.97449783980846,40.77677702,-73.9590097,member
2902247,7F3071F07087CB21,classic_bike,2021-09-12 14:16:30,2021-09-12 14:23:40,E 95 St & 3 Ave,7365,E 81 St & Park Ave,7188,40.7849032,-73.950503,40.77677702,-73.9590097,member
2902248,5DE6781BBE589BD1,classic_bike,2021-09-12 11:41:18,2021-09-12 12:13:14,E 95 St & 3 Ave,7365,E 81 St & Park Ave,7188,40.7849032,-73.950503,40.77677702,-73.9590097,member
2902254,D9F838D8CC0E7411,classic_bike,2021-09-29 17:30:43,2021-09-29 17:56:05,Queens Plaza North & Crescent St,6429,E 81 St & Park Ave,7188,40.75110165,-73.94073717,40.77677702,-73.9590097,member
2902258,16F77A3BB4340422,classic_bike,2021-09-03 19:37:20,2021-09-03 20:22:32,E 81 St & 3 Ave,7154,E 81 St & Park Ave,7188,40.77573034,-73.9567526,40.77677702,-73.9590097,member
2902259,8ED1ACF6A04C130C,classic_bike,2021-09-15 17:26:21,2021-09-15 17:27:53,E 81 St & 3 Ave,7154,E 81 St & Park Ave,7188,40.77573034,-73.9567526,40.77677702,-73.9590097,member
2902260,35605F842509FDF7,classic_bike,2021-09-15 11:51:55,2021-09-15 11:58:59,E 81 St & 3 Ave,7154,E 81 St & Park Ave,7188,40.77573034,-73.9567526,40.77677702,-73.9590097,member
2902269,B1137C30AD29BD72,classic_bike,2021-09-13 16:40:04,2021-09-13 16:46:44,E 95 St & 3 Ave,7365,E 81 St & Park Ave,7188,40.7849032,-73.950503,40.77677702,-73.9590097,member
2902286,18DEEA0D33D07A02,classic_bike,2021-09-11 18:02:48,2021-09-11 18:11:49,E 63 St & 3 Ave,6830,E 81 St & Park Ave,7188,40.763954,-73.9646,40.77677702,-73.9590097,member
2902298,8BC006185E9C3A8D,electric_bike,2021-09-08 10:47:38,2021-09-08 10:55:26,E 58 St & 3 Ave,6762,E 81 St & Park Ave,7188,40.76095756,-73.96724467,40.77677702,-73.9590097,member
2902320,5285235970A82F59,classic_bike,2021-09-23 11:38:21,2021-09-23 11:39:40,E 81 St & 3 Ave,7154,E 81 St & Park Ave,7188,40.77573034,-73.9567526,40.77677702,-73.9590097,member
2902336,DEC341C6CE76C8BE,classic_bike,2021-09-21 17:55:17,2021-09-21 18:01:43,E 95 St & 3 Ave,7365,E 81 St & Park Ave,7188,40.7849032,-73.950503,40.77677702,-73.9590097,casual
2902357,78F395193580CE9F,classic_bike,2021-09-26 16:39:44,2021-09-26 16:45:32,E 81 St & York Ave,7084,E 81 St & Park Ave,7188,40.7728384,-73.94989233,40.77677702,-73.9590097,member
2902374,CF00E2DFC78AD0F2,electric_bike,2021-09-26 13:11:21,2021-09-26 13:13:45,E 81 St & 2 Ave,7121,E 81 St & Park Ave,7188,40.77477944895728,-73.95427465438843,40.77677702,-73.9590097,casual
2902375,B6F739D283A213DD,classic_bike,2021-09-25 16:52:04,2021-09-25 16:55:09,E 81 St & 2 Ave,7121,E 81 St & Park Ave,7188,40.77477944895728,-73.95427465438843,40.77677702,-73.9590097,member
2902376,49D4CB0AD3334B71,classic_bike,2021-09-30 07:38:55,2021-09-30 07:41:34,E 81 St & 2 Ave,7121,E 81 St & Park Ave,7188,40.77477944895728,-73.95427465438843,40.77677702,-73.9590097,member
2902387,9E95E6D99F5DCB0C,classic_bike,2021-09-27 07:30:52,2021-09-27 07:34:26,E 81 St & 2 Ave,7121,E 81 St & Park Ave,7188,40.77477944895728,-73.95427465438843,40.77677702,-73.9590097,member
2902388,5C4553E9B49BB0E5,classic_bike,2021-09-30 16:09:07,2021-09-30 16:22:56,6 Ave & W 45 St,6593,E 81 St & Park Ave,7188,40.756951,-73.982631,40.77677702,-73.9590097,member
2902394,3AAC904EAF1EDF79,electric_bike,2021-09-20 16:42:23,2021-09-20 17:17:08,E 77 St & 3 Ave,7092,E 81 St & Park Ave,7188,40.77314236,-73.95856158,40.77677702,-73.9590097,member
2902395,30C477D8835BDBF6,electric_bike,2021-09-17 11:50:09,2021-09-17 12:02:15,Broadway & W 58 St,6948,E 81 St & Park Ave,7188,40.76695317,-73.98169333,40.77677702,-73.9590097,member
2902396,CC37949668FC9858,electric_bike,2021-09-24 20:09:17,2021-09-24 22:22:49,Lexington Ave & E 24 St,6089,E 81 St & Park Ave,7188,40.74025878,-73.98409214,40.77677702,-73.9590097,casual
2902397,76B17A1E6F3E7483,classic_bike,2021-09-19 12:35:21,2021-09-19 12:57:01,6 Ave & W 45 St,6593,E 81 St & Park Ave,7188,40.756951,-73.982631,40.77677702,-73.9590097,casual
2902399,76A3F0F68F6D1AE1,electric_bike,2021-09-10 15:39:58,2021-09-10 15:42:45,E 81 St & 2 Ave,7121,E 81 St & Park Ave,7188,40.77477944895728,-73.95427465438843,40.77677702,-73.9590097,member
2902401,329692D3F87397DC,electric_bike,2021-09-22 07:14:40,2021-09-22 07:16:49,E 81 St & 2 Ave,7121,E 81 St & Park Ave,7188,40.77477944895728,-73.95427465438843,40.77677702,-73.9590097,member
2902403,ECA0793844F3560D,classic_bike,2021-09-06 11:02:58,2021-09-06 11:17:31,E 114 St & 1 Ave,7540,E 81 St & Park Ave,7188,40.7945663,-73.9362541,40.77677702,-73.9590097,member
2902406,2295783B97C5E22D,classic_bike,2021-09-03 16:02:29,2021-09-03 16:04:36,E 81 St & 2 Ave,7121,E 81 St & Park Ave,7188,40.77477944895728,-73.95427465438843,40.77677702,-73.9590097,member
2902408,F5055F26BEE7BD7E,classic_bike,2021-09-10 10:42:07,2021-09-10 10:46:48,E 81 St & 2 Ave,7121,E 81 St & Park Ave,7188,40.77477944895728,-73.95427465438843,40.77677702,-73.9590097,member
2902409,068F2ED4C0E12482,classic_bike,2021-09-05 16:07:02,2021-09-05 16:10:01,E 81 St & 2 Ave,7121,E 81 St & Park Ave,7188,40.77477944895728,-73.95427465438843,40.77677702,-73.9590097,member
2902413,0F67DC272167DCB5,classic_bike,2021-09-30 08:17:24,2021-09-30 08:21:08,E 81 St & 2 Ave,7121,E 81 St & Park Ave,7188,40.77477944895728,-73.95427465438843,40.77677702,-73.9590097,casual
2902416,DA1F3088F1A6E55E,electric_bike,2021-09-08 18:28:11,2021-09-08 18:31:17,E 81 St & 2 Ave,7121,E 81 St & Park Ave,7188,40.77477944895728,-73.95427465438843,40.77677702,-73.9590097,casual
2902424,677D3D74DE53AFF8,electric_bike,2021-09-04 14:50:22,2021-09-04 14:53:22,E 81 St & 2 Ave,7121,E 81 St & Park Ave,7188,40.77477944895728,-73.95427465438843,40.77677702,-73.9590097,member
2902425,5DCD0C50864F45BB,electric_bike,2021-09-25 21:58:41,2021-09-25 22:06:08,E 81 St & 2 Ave,7121,E 81 St & Park Ave,7188,40.77477944895728,-73.95427465438843,40.77677702,-73.9590097,member
2902426,83D8158CB51B17C3,classic_bike,2021-09-04 11:18:38,2021-09-04 11:27:57,E 81 St & 2 Ave,7121,E 81 St & Park Ave,7188,40.77477944895728,-73.95427465438843,40.77677702,-73.9590097,member
2902428,20853ADBC28FC0A9,electric_bike,2021-09-13 16:17:42,2021-09-13 16:36:28,E 39 St & 2 Ave,6345,E 81 St & Park Ave,7188,40.74803319428767,-73.973827958107,40.77677702,-73.9590097,member
2902431,BE88962561728478,classic_bike,2021-09-20 15:13:05,2021-09-20 15:25:56,6 Ave & W 45 St,6593,E 81 St & Park Ave,7188,40.756951,-73.982631,40.77677702,-73.9590097,member
2902466,73B7945576B02108,classic_bike,2021-09-26 12:56:54,2021-09-26 13:38:23,W 31 St & 7 Ave,6331,E 81 St & Park Ave,7188,40.749156,-73.9916,40.77677702,-73.9590097,member
2902476,12052F2DFED691A1,classic_bike,2021-09-28 07:47:09,2021-09-28 07:54:47,E 82 St & East End Ave,7049,E 81 St & Park Ave,7188,40.7724607,-73.9468208,40.77677702,-73.9590097,member
2902480,CF9CCAB72889BB44,classic_bike,2021-09-02 16:11:07,2021-09-02 16:21:05,E 82 St & East End Ave,7049,E 81 St & Park Ave,7188,40.7724607,-73.9468208,40.77677702,-73.9590097,casual
2902488,540917DB6DAAE2C4,classic_bike,2021-09-08 07:26:41,2021-09-08 07:32:07,E 82 St & East End Ave,7049,E 81 St & Park Ave,7188,40.7724607,-73.9468208,40.77677702,-73.9590097,member
2902492,CD781B4CCD53BD2C,classic_bike,2021-09-18 19:00:34,2021-09-18 19:09:53,E 102 St & 1 Ave,7407,E 81 St & Park Ave,7188,40.7869946,-73.94164802,40.77677702,-73.9590097,member
2902497,7C8693466302700B,classic_bike,2021-09-16 07:48:31,2021-09-16 07:53:55,E 82 St & East End Ave,7049,E 81 St & Park Ave,7188,40.7724607,-73.9468208,40.77677702,-73.9590097,member
2902502,48417C8029076299,classic_bike,2021-09-13 12:26:55,2021-09-13 12:32:42,E 82 St & East End Ave,7049,E 81 St & Park Ave,7188,40.7724607,-73.9468208,40.77677702,-73.9590097,member
2902505,F0EFE37D11B88309,electric_bike,2021-09-09 07:00:26,2021-09-09 07:06:38,E 102 St & Park Ave,7488,E 81 St & Park Ave,7188,40.7904828,-73.95033068,40.77677702,-73.9590097,member
2902508,F9C4DE60308E6F10,classic_bike,2021-09-21 07:55:01,2021-09-21 08:03:12,E 102 St & Park Ave,7488,E 81 St & Park Ave,7188,40.7904828,-73.95033068,40.77677702,-73.9590097,member
2902511,88E05916C0ED978A,classic_bike,2021-09-30 18:59:00,2021-09-30 19:10:48,7 Ave & Central Park South,6912,E 81 St & Park Ave,7188,40.7667405590595,-73.9790689945221,40.77677702,-73.9590097,member
2902547,41D550028C2F07AF,electric_bike,2021-09-18 14:06:18,2021-09-18 14:32:37,E 51 St & 2 Ave,6575,E 81 St & Park Ave,7188,40.755293,-73.967641,40.77677702,-73.9590097,casual
2902565,8A019E0687CE2D12,classic_bike,2021-09-17 12:04:33,2021-09-17 12:13:15,E 89 St & York Ave,7204,E 81 St & Park Ave,7188,40.7779453,-73.946041,40.77677702,-73.9590097,casual
2902579,437911BB54AE3D7C,classic_bike,2021-09-17 19:55:38,2021-09-17 20:09:20,E 58 St & Madison Ave,6839,E 81 St & Park Ave,7188,40.76302594280519,-73.97209525108337,40.77677702,-73.9590097,casual
2902583,154569FADA5E94E0,classic_bike,2021-09-27 12:25:15,2021-09-27 12:48:05,W 55 St & 6 Ave,6809,E 81 St & Park Ave,7188,40.763189,-73.978434,40.77677702,-73.9590097,member
2902584,200A7D98D2D61AD7,electric_bike,2021-09-05 13:39:57,2021-09-05 13:52:33,W 55 St & 6 Ave,6809,E 81 St & Park Ave,7188,40.763189,-73.978434,40.77677702,-73.9590097,casual
2902592,CDED8DBB78C98C08,electric_bike,2021-09-06 09:52:38,2021-09-06 09:53:03,E 81 St & Park Ave,7188,E 81 St & Park Ave,7188,40.77677702,-73.9590097,40.77677702,-73.9590097,member
2902598,1A7D4832494265BD,classic_bike,2021-09-16 17:56:12,2021-09-16 19:31:23,E 81 St & Park Ave,7188,E 81 St & Park Ave,7188,40.77677702,-73.9590097,40.77677702,-73.9590097,member
2902599,87E545248040A7A4,docked_bike,2021-09-25 15:29:47,2021-09-25 15:46:44,Columbus Ave & W 95 St,7520,E 81 St & Park Ave,7188,40.791956,-73.968087,40.776777,-73.95901,casual
2902611,10B4929578C53B8B,electric_bike,2021-09-10 15:33:27,2021-09-10 15:39:50,E 89 St & York Ave,7204,E 81 St & Park Ave,7188,40.7779453,-73.946041,40.77677702,-73.9590097,member
2902614,21858C89C1D63E49,classic_bike,2021-09-23 14:39:19,2021-09-23 14:53:04,W 55 St & 6 Ave,6809,E 81 St & Park Ave,7188,40.763189,-73.978434,40.77677702,-73.9590097,member
2902616,B74754FFD2C17FCA,electric_bike,2021-09-02 12:49:28,2021-09-02 12:58:30,W 55 St & 6 Ave,6809,E 81 St & Park Ave,7188,40.763189,-73.978434,40.77677702,-73.9590097,member
2902617,9FF3FC639A728F22,electric_bike,2021-09-14 17:26:19,2021-09-14 17:43:18,W 55 St & 6 Ave,6809,E 81 St & Park Ave,7188,40.763189,-73.978434,40.77677702,-73.9590097,casual
2902635,A20F59EAFFFA92BC,electric_bike,2021-09-19 15:58:27,2021-09-19 15:59:39,E 81 St & Park Ave,7188,E 81 St & Park Ave,7188,40.77677702,-73.9590097,40.77677702,-73.9590097,member
2902636,8698D5030067F5CC,electric_bike,2021-09-19 15:59:55,2021-09-19 18:41:27,E 81 St & Park Ave,7188,E 81 St & Park Ave,7188,40.77677702,-73.9590097,40.77677702,-73.9590097,member
2902664,529DD2DC73F89B66,classic_bike,2021-09-17 07:43:41,2021-09-17 07:58:57,Frederick Douglass Blvd & W 112 St,7631,E 81 St & Park Ave,7188,40.801694,-73.957145,40.77677702,-73.9590097,member
2902686,F670D2E0E6385F2C,classic_bike,2021-09-13 21:37:20,2021-09-13 21:37:56,E 81 St & Park Ave,7188,E 81 St & Park Ave,7188,40.77677702,-73.9590097,40.77677702,-73.9590097,member
2902689,BD02E2735D129032,classic_bike,2021-09-19 14:56:55,2021-09-19 15:00:35,E 81 St & Park Ave,7188,E 81 St & Park Ave,7188,40.77677702,-73.9590097,40.77677702,-73.9590097,casual
2902693,16141EA384784DC4,electric_bike,2021-09-05 15:04:27,2021-09-05 15:04:47,E 81 St & Park Ave,7188,E 81 St & Park Ave,7188,40.77677702,-73.9590097,40.77677702,-73.9590097,casual
2902714,F3EC5525F7D5DAA2,classic_bike,2021-09-04 17:41:39,2021-09-04 18:03:59,Lexington Ave & E 120 St,7652,E 81 St & Park Ave,7188,40.8013066,-73.9398167,40.77677702,-73.9590097,member
2902717,8E78C13EC9826DA2,electric_bike,2021-09-09 15:42:25,2021-09-09 16:04:01,6 Ave & W 34 St,6364,E 81 St & Park Ave,7188,40.74964,-73.98805,40.77677702,-73.9590097,casual
2902723,04F309D37A4E0130,classic_bike,2021-09-13 17:57:26,2021-09-13 18:01:04,1 Ave & E 78 St,7020,E 81 St & Park Ave,7188,40.77140426,-73.9535166,40.77677702,-73.9590097,member
2902730,FDC6DE75AF8140C9,classic_bike,2021-09-15 15:37:16,2021-09-15 15:44:35,1 Ave & E 78 St,7020,E 81 St & Park Ave,7188,40.77140426,-73.9535166,40.77677702,-73.9590097,casual
2902734,964CC636FF264E5D,classic_bike,2021-09-05 20:25:06,2021-09-05 20:30:53,1 Ave & E 78 St,7020,E 81 St & Park Ave,7188,40.77140426,-73.9535166,40.77677702,-73.9590097,member
2902748,0C1F7660B32F0EB0,classic_bike,2021-09-14 21:00:39,2021-09-14 21:00:50,E 81 St & Park Ave,7188,E 81 St & Park Ave,7188,40.77677702,-73.9590097,40.77677702,-73.9590097,member
2902756,503A054552B74124,classic_bike,2021-09-23 17:43:54,2021-09-23 17:48:19,1 Ave & E 78 St,7020,E 81 St & Park Ave,7188,40.77140426,-73.9535166,40.77677702,-73.9590097,member
2902763,55CD8421825F48D1,electric_bike,2021-09-21 12:56:27,2021-09-21 13:00:46,1 Ave & E 78 St,7020,E 81 St & Park Ave,7188,40.77140426,-73.9535166,40.77677702,-73.9590097,member
2902764,04F561C5172542D7,classic_bike,2021-09-14 16:39:37,2021-09-14 16:47:03,1 Ave & E 78 St,7020,E 81 St & Park Ave,7188,40.77140426,-73.9535166,40.77677702,-73.9590097,member
2902802,E1824292FC72A1EB,classic_bike,2021-09-26 12:34:02,2021-09-26 12:44:46,E 93 St & 2 Ave,7286,E 81 St & Park Ave,7188,40.782454175279874,-73.9489196240902,40.77677702,-73.9590097,member
2902815,1BBD418FFD819983,classic_bike,2021-09-10 16:07:50,2021-09-10 16:16:27,E 89 St & York Ave,7204,E 81 St & Park Ave,7188,40.7779453,-73.946041,40.77677702,-73.9590097,casual
2902843,715C1246F956231C,electric_bike,2021-09-30 23:09:14,2021-09-30 23:19:13,1 Ave & E 68 St,6822,E 81 St & Park Ave,7188,40.76500525,-73.95818491,40.77677702,-73.9590097,member
2902850,9A1054710B3DA0F2,classic_bike,2021-09-13 07:43:25,2021-09-13 07:52:06,1 Ave & E 68 St,6822,E 81 St & Park Ave,7188,40.76500525,-73.95818491,40.77677702,-73.9590097,member
2902851,CF0C248088156A75,classic_bike,2021-09-29 15:32:00,2021-09-29 15:53:53,1 Ave & E 68 St,6822,E 81 St & Park Ave,7188,40.76500525,-73.95818491,40.77677702,-73.9590097,member
2902852,E7B8DC81A6492570,classic_bike,2021-09-29 22:56:09,2021-09-29 23:27:38,1 Ave & E 68 St,6822,E 81 St & Park Ave,7188,40.76500525,-73.95818491,40.77677702,-73.9590097,member
2902855,E5243BA66C8E1A67,electric_bike,2021-09-14 13:39:06,2021-09-14 14:08:12,Madison Ave & E 26 St,6131,E 81 St & Park Ave,7188,40.742684734875695,-73.98671329021454,40.77677702,-73.9590097,member
2902857,C63055790BEE5FB2,classic_bike,2021-09-14 08:43:31,2021-09-14 08:53:29,1 Ave & E 68 St,6822,E 81 St & Park Ave,7188,40.76500525,-73.95818491,40.77677702,-73.9590097,member
2902861,DE4833DFA974F1D2,electric_bike,2021-09-19 07:34:12,2021-09-19 07:43:11,1 Ave & E 68 St,6822,E 81 St & Park Ave,7188,40.76500525,-73.95818491,40.77677702,-73.9590097,member
2902862,DA834E3698B036E4,electric_bike,2021-09-26 07:39:19,2021-09-26 07:48:25,1 Ave & E 68 St,6822,E 81 St & Park Ave,7188,40.76500525,-73.95818491,40.77677702,-73.9590097,member
2902864,423375B2D298A756,classic_bike,2021-09-12 14:06:56,2021-09-12 14:16:03,1 Ave & E 68 St,6822,E 81 St & Park Ave,7188,40.76500525,-73.95818491,40.77677702,-73.9590097,casual
2902865,404BD157038A3DF6,electric_bike,2021-09-20 07:42:44,2021-09-20 07:50:22,1 Ave & E 68 St,6822,E 81 St & Park Ave,7188,40.76500525,-73.95818491,40.77677702,-73.9590097,member
2902866,42CB516AE6E5DD35,electric_bike,2021-09-27 07:42:18,2021-09-27 07:48:36,1 Ave & E 68 St,6822,E 81 St & Park Ave,7188,40.76500525,-73.95818491,40.77677702,-73.9590097,member
2902867,CB6B065620E3DF2C,electric_bike,2021-09-18 07:40:48,2021-09-18 07:47:01,1 Ave & E 68 St,6822,E 81 St & Park Ave,7188,40.76500525,-73.95818491,40.77677702,-73.9590097,member
2902877,6B967F19AEAD69D3,electric_bike,2021-09-25 07:43:55,2021-09-25 07:53:02,1 Ave & E 68 St,6822,E 81 St & Park Ave,7188,40.76500525,-73.95818491,40.77677702,-73.9590097,member
2902878,5DFA7CF809AA0906,classic_bike,2021-09-12 07:44:28,2021-09-12 07:53:06,1 Ave & E 68 St,6822,E 81 St & Park Ave,7188,40.76500525,-73.95818491,40.77677702,-73.9590097,member
2902894,091248EF3CB0A06B,electric_bike,2021-09-01 16:34:15,2021-09-01 16:44:21,W 54 St & 9 Ave,6920,E 81 St & Park Ave,7188,40.76584941,-73.98690506,40.77677702,-73.9590097,member
2902931,0C137BF84F3C3301,classic_bike,2021-09-20 09:14:17,2021-09-20 09:32:53,6 Ave & W 45 St,6593,E 81 St & Park Ave,7188,40.756951,-73.982631,40.77677702,-73.9590097,member
2902934,31EED86A75C87086,classic_bike,2021-09-12 14:26:20,2021-09-12 14:34:38,E 81 St & 2 Ave,7121,E 81 St & Park Ave,7188,40.77477944895728,-73.95427465438843,40.77677702,-73.9590097,casual
2902941,2F435B76C2DCFCD2,classic_bike,2021-09-06 17:19:00,2021-09-06 17:42:07,Broadway & W 38 St,6560,E 81 St & Park Ave,7188,40.7529728216068,-73.98734897375107,40.77677702,-73.9590097,member
2902969,BF4FF6ABFD2DBDC0,electric_bike,2021-09-25 14:02:25,2021-09-25 14:25:28,W 110 St & Amsterdam Ave,7646,E 81 St & Park Ave,7188,40.802692,-73.96295,40.77677702,-73.9590097,member
2902973,C25C69F152BAE581,electric_bike,2021-09-19 21:04:42,2021-09-19 21:31:43,Allen St & Hester St,5342,E 81 St & Park Ave,7188,40.71605866,-73.99190759,40.77677702,-73.9590097,member
2902976,12CC3CF8A07A5497,classic_bike,2021-09-08 18:23:51,2021-09-08 18:50:48,E 23 St & 1 Ave,5929,E 81 St & Park Ave,7188,40.736502,-73.97809472,40.77677702,-73.9590097,member
2902992,4BF64586EFEFA8BF,classic_bike,2021-09-21 18:32:27,2021-09-21 18:46:30,8 Ave & W 52 St,6816,E 81 St & Park Ave,7188,40.76370739,-73.9851615,40.77677702,-73.9590097,member
2903020,C7D21C3DFD1268F4,classic_bike,2021-09-18 11:54:52,2021-09-18 12:15:46,W 42 St & 6 Ave,6517,E 81 St & Park Ave,7188,40.75492,-73.98455,40.77677702,-73.9590097,casual
2903027,FC24E8C73A233D42,classic_bike,2021-09-14 14:44:44,2021-09-14 15:05:09,W 42 St & 6 Ave,6517,E 81 St & Park Ave,7188,40.75492,-73.98455,40.77677702,-73.9590097,member
2903028,060D6F0DA5F433FA,electric_bike,2021-09-07 08:24:26,2021-09-07 08:55:19,W 18 St & 6 Ave,6064,E 81 St & Park Ave,7188,40.73971301,-73.99456405,40.77677702,-73.9590097,member
2903037,4CA47C199B2F4C29,classic_bike,2021-09-15 10:58:56,2021-09-15 11:06:08,E 67 St & Park Ave,6932,E 81 St & Park Ave,7188,40.76780080148132,-73.96592080593109,40.77677702,-73.9590097,member
2903040,F51A658CA3426EE7,classic_bike,2021-09-13 14:44:58,2021-09-13 14:54:34,E 97 St & Madison Ave,7393,E 81 St & Park Ave,7188,40.787801,-73.953559,40.77677702,-73.9590097,member
2903046,94BC56311D869D0C,electric_bike,2021-09-03 17:05:31,2021-09-03 17:22:54,E 58 St & 3 Ave,6762,E 81 St & Park Ave,7188,40.76095756,-73.96724467,40.77677702,-73.9590097,casual
2903048,37370A2EFF3D9B93,classic_bike,2021-09-22 09:04:35,2021-09-22 09:10:30,E 67 St & Park Ave,6932,E 81 St & Park Ave,7188,40.76780080148132,-73.96592080593109,40.77677702,-73.9590097,member
2903051,F594C74B69B3CED8,classic_bike,2021-09-16 05:51:15,2021-09-16 05:57:11,E 67 St & Park Ave,6932,E 81 St & Park Ave,7188,40.76780080148132,-73.96592080593109,40.77677702,-73.9590097,member
2903056,14AF712A813F0ADA,classic_bike,2021-09-11 12:15:12,2021-09-11 12:37:53,1 Ave & E 68 St,6822,E 81 St & Park Ave,7188,40.76500525,-73.95818491,40.77677702,-73.9590097,casual
2903060,D4E9DBA47A6D9BE6,classic_bike,2021-09-26 14:46:53,2021-09-26 15:28:32,9 Ave & W 22 St,6266,E 81 St & Park Ave,7188,40.7454973,-74.00197139,40.77677702,-73.9590097,casual
2903063,7D29BC8B6D2DAE94,classic_bike,2021-09-14 08:43:18,2021-09-14 08:53:34,1 Ave & E 68 St,6822,E 81 St & Park Ave,7188,40.76500525,-73.95818491,40.77677702,-73.9590097,member
2903079,CF7BD86062CE8B3E,classic_bike,2021-09-21 18:03:23,2021-09-21 18:08:21,E 67 St & Park Ave,6932,E 81 St & Park Ave,7188,40.76780080148132,-73.96592080593109,40.77677702,-73.9590097,member
2903080,0BF48EE1E6C8E396,electric_bike,2021-09-29 15:53:15,2021-09-29 16:06:28,E 97 St & Madison Ave,7393,E 81 St & Park Ave,7188,40.787801,-73.953559,40.77677702,-73.9590097,casual
2903100,D6F70342ED6B9D4A,classic_bike,2021-09-11 20:04:20,2021-09-11 20:12:05,E 97 St & Madison Ave,7393,E 81 St & Park Ave,7188,40.787801,-73.953559,40.77677702,-73.9590097,member
2903105,5E8897E6B6B559A4,classic_bike,2021-09-27 17:42:44,2021-09-27 17:47:44,E 67 St & Park Ave,6932,E 81 St & Park Ave,7188,40.76780080148132,-73.96592080593109,40.77677702,-73.9590097,member
2903111,966D7F850DA2F3DB,classic_bike,2021-09-03 18:45:44,2021-09-03 18:53:07,E 67 St & Park Ave,6932,E 81 St & Park Ave,7188,40.76780080148132,-73.96592080593109,40.77677702,-73.9590097,member
2903122,5D9BCEA9D3E84025,classic_bike,2021-09-15 15:19:08,2021-09-15 15:32:51,E 58 St & 1 Ave (NE Corner),6682,E 81 St & Park Ave,7188,40.75892386377695,-73.96226227283478,40.77677702,-73.9590097,member
2903140,D0AF2CBACA68996F,classic_bike,2021-09-15 11:25:49,2021-09-15 15:14:56,2 Ave & E 99 St,7386,E 81 St & Park Ave,7188,40.7862586,-73.94552579,40.77677702,-73.9590097,casual
2903146,9D50A021C54D6D6C,classic_bike,2021-09-21 07:52:25,2021-09-21 08:07:57,Frederick Douglass Blvd & W 115 St,7658,E 81 St & Park Ave,7188,40.8038654,-73.9559308,40.77677702,-73.9590097,member
2903147,07E3F6CAE5042A63,classic_bike,2021-09-24 07:49:30,2021-09-24 08:06:34,Frederick Douglass Blvd & W 115 St,7658,E 81 St & Park Ave,7188,40.8038654,-73.9559308,40.77677702,-73.9590097,member
2903151,7F97849AAD0F5366,classic_bike,2021-09-13 18:13:32,2021-09-13 18:49:45,Frederick Douglass Blvd & W 115 St,7658,E 81 St & Park Ave,7188,40.8038654,-73.9559308,40.77677702,-73.9590097,casual
2903154,1A5FCF93633B581D,classic_bike,2021-09-07 17:31:47,2021-09-07 18:02:40,W Broadway & Spring St,5569,E 81 St & Park Ave,7188,40.72494672359416,-74.00165855884552,40.77677702,-73.9590097,member
2903160,7343D25EA50183E9,classic_bike,2021-09-19 13:34:46,2021-09-19 14:04:19,28 St & 41 Ave,6462,E 81 St & Park Ave,7188,40.751047,-73.93797,40.77677702,-73.9590097,casual
2903182,76E09A079679816F,classic_bike,2021-09-05 21:45:43,2021-09-05 22:03:34,W 47 St & 6 Ave,6667,E 81 St & Park Ave,7188,40.758397,-73.98255,40.77677702,-73.9590097,member
2903190,213722E36A5F071A,classic_bike,2021-09-19 13:33:45,2021-09-19 14:03:56,28 St & 41 Ave,6462,E 81 St & Park Ave,7188,40.751047,-73.93797,40.77677702,-73.9590097,member
2903195,8BBE66DE337709C5,classic_bike,2021-09-17 17:34:04,2021-09-17 17:50:07,W 47 St & 6 Ave,6667,E 81 St & Park Ave,7188,40.758397,-73.98255,40.77677702,-73.9590097,member
2903196,AE2687F3BD39ABA3,electric_bike,2021-09-06 11:14:53,2021-09-06 11:56:08,East End Ave & E 86 St,7113,E 81 St & Park Ave,7188,40.77518615,-73.94446054,40.77677702,-73.9590097,member
2903233,DA987C4061D989A0,classic_bike,2021-09-24 19:42:41,2021-09-24 19:50:20,E 58 St & Madison Ave,6839,E 81 St & Park Ave,7188,40.76302594280519,-73.97209525108337,40.77677702,-73.9590097,member
2903234,32BF2F20065249C9,classic_bike,2021-09-23 12:14:25,2021-09-23 12:26:09,W 55 St & 6 Ave,6809,E 81 St & Park Ave,7188,40.763189,-73.978434,40.77677702,-73.9590097,member
2903235,8796E38E952E102F,classic_bike,2021-09-06 15:03:32,2021-09-06 15:18:23,W 55 St & 6 Ave,6809,E 81 St & Park Ave,7188,40.763189,-73.978434,40.77677702,-73.9590097,casual
2903236,66A40C0CC2006FA1,classic_bike,2021-09-17 07:18:49,2021-09-17 07:29:18,W 87 St & West End Ave,7484,E 81 St & Park Ave,7188,40.789622,-73.97757,40.77677702,-73.9590097,member
2903242,5C19466290491FC9,electric_bike,2021-09-20 22:25:29,2021-09-20 22:32:31,Amsterdam Ave & W 82 St,7360,E 81 St & Park Ave,7188,40.78524672,-73.97667321,40.77677702,-73.9590097,member
2903246,224DB28F45E1C2D7,classic_bike,2021-09-08 18:09:05,2021-09-08 18:21:07,Amsterdam Ave & W 82 St,7360,E 81 St & Park Ave,7188,40.78524672,-73.97667321,40.77677702,-73.9590097,member
2903253,FE44D1172CB10D7D,classic_bike,2021-09-13 17:25:11,2021-09-13 17:45:02,Amsterdam Ave & W 82 St,7360,E 81 St & Park Ave,7188,40.78524672,-73.97667321,40.77677702,-73.9590097,member
2903267,E8AD95824E8B7A3E,classic_bike,2021-09-02 15:19:27,2021-09-02 15:38:46,2 Ave & E 96 St,7338,E 81 St & Park Ave,7188,40.7839636,-73.9471673,40.77677702,-73.9590097,casual
2903268,BFA2A7A065382B6E,classic_bike,2021-09-23 16:46:18,2021-09-23 16:58:00,1 Ave & E 62 St,6753,E 81 St & Park Ave,7188,40.7612274,-73.96094022,40.77677702,-73.9590097,casual
2903273,ED5C756DAE9C503F,classic_bike,2021-09-20 11:58:42,2021-09-20 12:14:54,2 Ave & E 96 St,7338,E 81 St & Park Ave,7188,40.7839636,-73.9471673,40.77677702,-73.9590097,member
2903283,1DA5B6A87E4F2805,classic_bike,2021-09-04 11:42:11,2021-09-04 11:53:57,1 Ave & E 62 St,6753,E 81 St & Park Ave,7188,40.7612274,-73.96094022,40.77677702,-73.9590097,member
2903289,787138655783AD5C,electric_bike,2021-09-01 13:53:03,2021-09-01 14:02:55,W 55 St & 6 Ave,6809,E 81 St & Park Ave,7188,40.763189,-73.978434,40.77677702,-73.9590097,member
2903299,6A9897198AB98A90,classic_bike,2021-09-08 16:30:05,2021-09-08 16:38:48,2 Ave & E 96 St,7338,E 81 St & Park Ave,7188,40.7839636,-73.9471673,40.77677702,-73.9590097,member
2903306,0B2F5BCC3897B5AD,electric_bike,2021-09-10 17:42:46,2021-09-10 17:52:00,1 Ave & E 62 St,6753,E 81 St & Park Ave,7188,40.7612274,-73.96094022,40.77677702,-73.9590097,member
2903307,A63A2967DE3849E7,electric_bike,2021-09-30 19:06:16,2021-09-30 19:19:20,1 Ave & E 62 St,6753,E 81 St & Park Ave,7188,40.7612274,-73.96094022,40.77677702,-73.9590097,member
2903308,4A77A04B1F4FA62C,classic_bike,2021-09-27 22:23:45,2021-09-27 22:51:05,Cathedral Pkwy & Broadway,7680,E 81 St & Park Ave,7188,40.804213,-73.96699104,40.77677702,-73.9590097,member
2903313,D9EC97A129306823,classic_bike,2021-09-11 11:20:21,2021-09-11 11:32:51,2 Ave & E 96 St,7338,E 81 St & Park Ave,7188,40.7839636,-73.9471673,40.77677702,-73.9590097,member
2903332,9C3E7C2F468DFD99,classic_bike,2021-09-12 19:34:15,2021-09-12 19:37:48,E 91 St & Park Ave,7344,E 81 St & Park Ave,7188,40.7835016,-73.955327,40.77677702,-73.9590097,member
2903346,FEA8CDC499AEDEA1,classic_bike,2021-09-21 17:49:19,2021-09-21 18:21:32,E 16 St & 5 Ave,6022,E 81 St & Park Ave,7188,40.73726186,-73.99238967,40.77677702,-73.9590097,member
2903354,2D544CC267C871ED,classic_bike,2021-09-25 16:35:01,2021-09-25 16:40:36,E 91 St & Park Ave,7344,E 81 St & Park Ave,7188,40.7835016,-73.955327,40.77677702,-73.9590097,member
2903357,67B2B1BFAAF0F162,classic_bike,2021-09-26 14:11:09,2021-09-26 15:11:56,St Marks Pl & 2 Ave,5669,E 81 St & Park Ave,7188,40.7284186,-73.98713956,40.77677702,-73.9590097,member
2903363,6ED9EAA591FE7DDE,classic_bike,2021-09-12 08:38:13,2021-09-12 09:01:00,E 20 St & Park Ave,6055,E 81 St & Park Ave,7188,40.73827428,-73.98751968,40.77677702,-73.9590097,member
2903370,D019B534A1B6F861,classic_bike,2021-09-27 06:42:49,2021-09-27 06:45:53,E 91 St & Park Ave,7344,E 81 St & Park Ave,7188,40.7835016,-73.955327,40.77677702,-73.9590097,member
2903379,0070F2190EC871E5,classic_bike,2021-09-22 15:08:47,2021-09-22 15:28:23,W 47 St & 6 Ave,6667,E 81 St & Park Ave,7188,40.758397,-73.98255,40.77677702,-73.9590097,member
2903380,D55FCC033800CF1F,classic_bike,2021-09-28 08:37:16,2021-09-28 08:50:31,East End Ave & E 86 St,7113,E 81 St & Park Ave,7188,40.77518615,-73.94446054,40.77677702,-73.9590097,member
2903387,37C2809218B6D971,classic_bike,2021-09-30 09:20:02,2021-09-30 09:23:51,E 91 St & Park Ave,7344,E 81 St & Park Ave,7188,40.7835016,-73.955327,40.77677702,-73.9590097,casual
2903388,7EC2D531AE7D57E1,classic_bike,2021-09-09 17:39:26,2021-09-09 18:14:22,E 16 St & 5 Ave,6022,E 81 St & Park Ave,7188,40.73726186,-73.99238967,40.77677702,-73.9590097,member
2903389,4F2181B1054D90E5,classic_bike,2021-09-30 20:33:56,2021-09-30 20:37:41,E 91 St & Park Ave,7344,E 81 St & Park Ave,7188,40.7835016,-73.955327,40.77677702,-73.9590097,member
2903399,1BBF45D6C7B87F01,classic_bike,2021-09-24 07:50:19,2021-09-24 07:56:30,E 82 St & East End Ave,7049,E 81 St & Park Ave,7188,40.7724607,-73.9468208,40.77677702,-73.9590097,member
2903403,6B1F6993F2991DA0,classic_bike,2021-09-03 23:04:32,2021-09-03 23:09:53,E 91 St & Park Ave,7344,E 81 St & Park Ave,7188,40.7835016,-73.955327,40.77677702,-73.9590097,member
2903413,AF4A6E9B66C7BC82,classic_bike,2021-09-28 19:23:03,2021-09-28 19:55:29,Norfolk St & Broome St,5374,E 81 St & Park Ave,7188,40.7172274,-73.98802084,40.77677702,-73.9590097,member
2903415,7AB67083241799DD,classic_bike,2021-09-01 09:10:46,2021-09-01 09:14:41,E 91 St & Park Ave,7344,E 81 St & Park Ave,7188,40.7835016,-73.955327,40.77677702,-73.9590097,member
2903418,1B9196D89F27FDCE,classic_bike,2021-09-03 19:05:16,2021-09-03 19:20:44,W 89 St & Columbus Ave,7432,E 81 St & Park Ave,7188,40.7882213,-73.97041561,40.77677702,-73.9590097,member
2903434,D8903898601F7B99,electric_bike,2021-09-20 14:15:57,2021-09-20 14:47:21,1 Ave & E 16 St,5779,E 81 St & Park Ave,7188,40.73221853,-73.98165557,40.77677702,-73.9590097,casual
2903436,1F9E8125448AC5D2,electric_bike,2021-09-04 22:11:58,2021-09-04 22:13:46,E 81 St & 2 Ave,7121,E 81 St & Park Ave,7188,40.77477944895728,-73.95427465438843,40.77677702,-73.9590097,member
2903439,F7C7F2860130333C,classic_bike,2021-09-12 07:49:50,2021-09-12 08:03:50,E 39 St & Lexington Ave,6389,E 81 St & Park Ave,7188,40.7494985460252,-73.97729203113158,40.77677702,-73.9590097,member
2903440,C806B63D057EE29C,classic_bike,2021-09-02 12:28:08,2021-09-02 12:31:20,E 81 St & 2 Ave,7121,E 81 St & Park Ave,7188,40.77477944895728,-73.95427465438843,40.77677702,-73.9590097,member
2903441,669E0805ECF806BA,classic_bike,2021-09-20 23:30:35,2021-09-20 23:34:13,E 81 St & 2 Ave,7121,E 81 St & Park Ave,7188,40.77477944895728,-73.95427465438843,40.77677702,-73.9590097,member
2903458,D9E9289430499707,electric_bike,2021-09-19 12:15:58,2021-09-19 12:20:04,3 Ave & E 71 St,6960,E 81 St & Park Ave,7188,40.76873687,-73.96119945,40.77677702,-73.9590097,casual
2903459,602F058F76C1C26B,classic_bike,2021-09-17 18:46:10,2021-09-17 18:50:29,E 89 St & 3 Ave,7265,E 81 St & Park Ave,7188,40.7806284,-73.9521667,40.77677702,-73.9590097,member
2903465,C3D34C95032AA347,classic_bike,2021-09-29 19:03:02,2021-09-29 19:16:23,Central Park W & W 103 St,7577,E 81 St & Park Ave,7188,40.79558954105342,-73.96188408136368,40.77677702,-73.9590097,member
2903470,44F5F9E03E5E06EB,classic_bike,2021-09-14 09:05:21,2021-09-14 09:13:12,E 91 St & Park Ave,7344,E 81 St & Park Ave,7188,40.7835016,-73.955327,40.77677702,-73.9590097,member
2903473,B766DEDB193CC0D5,classic_bike,2021-09-27 18:01:21,2021-09-27 18:05:06,E 91 St & Park Ave,7344,E 81 St & Park Ave,7188,40.7835016,-73.955327,40.77677702,-73.9590097,casual
2903475,DF313AE25CD1C672,classic_bike,2021-09-11 12:01:07,2021-09-11 12:24:29,6 Ave & W 45 St,6593,E 81 St & Park Ave,7188,40.756951,-73.982631,40.77677702,-73.9590097,casual
2903479,508827F1923DDAEA,classic_bike,2021-09-24 23:06:45,2021-09-24 23:25:56,E 89 St & 3 Ave,7265,E 81 St & Park Ave,7188,40.7806284,-73.9521667,40.77677702,-73.9590097,member
2903482,32838AA3FEDB41C9,classic_bike,2021-09-27 08:04:01,2021-09-27 08:08:25,E 89 St & 3 Ave,7265,E 81 St & Park Ave,7188,40.7806284,-73.9521667,40.77677702,-73.9590097,member
2903488,A71D1A6B8B41A2BC,classic_bike,2021-09-12 20:42:35,2021-09-12 21:02:07,E 48 St & 5 Ave,6626,E 81 St & Park Ave,7188,40.75724567911726,-73.97805914282799,40.77677702,-73.9590097,member
2903499,CACBEB03A2322B24,electric_bike,2021-09-09 07:51:02,2021-09-09 07:54:30,E 89 St & 3 Ave,7265,E 81 St & Park Ave,7188,40.7806284,-73.9521667,40.77677702,-73.9590097,member
2903529,7D20285C6390772F,classic_bike,2021-09-24 16:18:51,2021-09-24 16:39:40,3 Ave & E 71 St,6960,E 81 St & Park Ave,7188,40.76873687,-73.96119945,40.77677702,-73.9590097,member
2903536,8A72B6952050C4CD,classic_bike,2021-09-16 18:41:41,2021-09-16 19:09:22,1 Ave & E 16 St,5779,E 81 St & Park Ave,7188,40.73221853,-73.98165557,40.77677702,-73.9590097,member
2903539,5E77392F4F601205,classic_bike,2021-09-10 16:34:41,2021-09-10 17:13:23,Broadway & W 37 St,6441,E 81 St & Park Ave,7188,40.75172632,-73.98753523,40.77677702,-73.9590097,casual
2903549,321CBEB3B2A0EE42,classic_bike,2021-09-25 14:33:15,2021-09-25 15:02:46,1 Ave & E 18 St,5854,E 81 St & Park Ave,7188,40.73381219196632,-73.98054420948029,40.77677702,-73.9590097,member
2903571,CFF3F41B169A629D,classic_bike,2021-09-24 21:56:15,2021-09-24 22:06:00,E 88 St & 1 Ave,7235,E 81 St & Park Ave,7188,40.778301,-73.9488134,40.77677702,-73.9590097,member
2903577,8A0A9F19B1C6E8E9,electric_bike,2021-09-10 08:12:16,2021-09-10 08:18:24,E 91 St & Park Ave,7344,E 81 St & Park Ave,7188,40.7835016,-73.955327,40.77677702,-73.9590097,member
2903585,98ED0B9D6BCA004F,classic_bike,2021-09-23 16:03:51,2021-09-23 16:15:33,E 88 St & 1 Ave,7235,E 81 St & Park Ave,7188,40.778301,-73.9488134,40.77677702,-73.9590097,member
2903587,0BFD3A2D609E5FB6,classic_bike,2021-09-08 14:47:06,2021-09-08 15:10:38,E 45 St & 3 Ave,6464,E 81 St & Park Ave,7188,40.75255434,-73.97282625,40.77677702,-73.9590097,member
2903592,D65DC3F3CFA72471,classic_bike,2021-09-18 09:12:48,2021-09-18 09:19:24,E 88 St & 1 Ave,7235,E 81 St & Park Ave,7188,40.778301,-73.9488134,40.77677702,-73.9590097,member
2903597,37103E4CC92AE4A2,classic_bike,2021-09-12 19:11:48,2021-09-12 20:09:18,E 88 St & 1 Ave,7235,E 81 St & Park Ave,7188,40.778301,-73.9488134,40.77677702,-73.9590097,member
2903601,536EF541E276A6C6,classic_bike,2021-09-28 18:36:19,2021-09-28 19:09:48,St Marks Pl & 1 Ave,5626,E 81 St & Park Ave,7188,40.72779126,-73.98564945,40.77677702,-73.9590097,casual
2903633,202B2F887BE6192E,classic_bike,2021-09-12 15:42:57,2021-09-12 16:01:30,Amsterdam Ave & W 73 St,7260,E 81 St & Park Ave,7188,40.77966809007312,-73.98093044757842,40.77677702,-73.9590097,member
2903651,FA0EA17F9023D278,classic_bike,2021-09-22 08:09:10,2021-09-22 08:13:34,Madison Ave & E 82 St,7188,E 81 St & Park Ave,7188,40.7781314,-73.96069399,40.77677702,-73.9590097,member
2903655,D19C6CB380B5EF3E,classic_bike,2021-09-24 16:07:52,2021-09-24 16:31:10,Pleasant Ave & E 120 St,7579,E 81 St & Park Ave,7188,40.7974772,-73.9311847,40.77677702,-73.9590097,member
2903662,999D029E5414F492,electric_bike,2021-09-12 11:13:02,2021-09-12 12:44:53,Madison Ave & E 82 St,7188,E 81 St & Park Ave,7188,40.7781314,-73.96069399,40.77677702,-73.9590097,casual
2903667,3D5B24BA64A39F8C,classic_bike,2021-09-15 13:07:23,2021-09-15 13:20:12,Madison Ave & E 82 St,7188,Columbus Ave & W 95 St,7520,40.7781314,-73.96069399,40.7919557,-73.968087,member
2903679,D6B056F1E138900E,classic_bike,2021-09-25 15:54:02,2021-09-25 17:24:18,Madison Ave & E 82 St,7188,E 81 St & Park Ave,7188,40.7781314,-73.96069399,40.77677702,-73.9590097,casual
2903687,E49D5B31B3540E57,classic_bike,2021-09-11 13:35:38,2021-09-11 13:50:13,Madison Ave & E 82 St,7188,Columbus Ave & W 95 St,7520,40.7781314,-73.96069399,40.7919557,-73.968087,member
2903690,35AD4334548EF132,classic_bike,2021-09-26 13:54:37,2021-09-26 13:58:00,Madison Ave & E 82 St,7188,E 81 St & Park Ave,7188,40.7781314,-73.96069399,40.77677702,-73.9590097,member
2903692,1C488FFB46833132,electric_bike,2021-09-06 15:22:07,2021-09-06 16:02:33,Central Park West & W 68 St,7079,E 81 St & Park Ave,7188,40.7734066,-73.97782542,40.77677702,-73.9590097,member
2903698,9813549C640A5B01,electric_bike,2021-09-22 08:10:07,2021-09-22 08:27:07,6 Ave & W 45 St,6593,E 81 St & Park Ave,7188,40.756951,-73.982631,40.77677702,-73.9590097,member
2903699,304A5E49FC471642,classic_bike,2021-09-06 11:26:33,2021-09-06 11:29:39,E 81 St & 2 Ave,7121,E 81 St & Park Ave,7188,40.77477944895728,-73.95427465438843,40.77677702,-73.9590097,member
2903709,AA2C163B6728D663,electric_bike,2021-09-15 21:56:36,2021-09-15 22:15:03,Central Park West & W 68 St,7079,E 81 St & Park Ave,7188,40.7734066,-73.97782542,40.77677702,-73.9590097,member
2903716,1D85B1AC9B863148,classic_bike,2021-09-13 10:08:33,2021-09-13 10:12:36,Madison Ave & E 82 St,7188,E 81 St & Park Ave,7188,40.7781314,-73.96069399,40.77677702,-73.9590097,member
2903718,C900E106EAD93B4A,classic_bike,2021-09-10 15:18:30,2021-09-10 15:34:35,Madison Ave & E 82 St,7188,Columbus Ave & W 95 St,7520,40.7781314,-73.96069399,40.7919557,-73.968087,member
2903721,63825D3EFF7E63AC,classic_bike,2021-09-30 14:49:00,2021-09-30 15:21:22,Madison Ave & E 82 St,7188,Columbus Ave & W 95 St,7520,40.7781314,-73.96069399,40.7919557,-73.968087,member
2903741,86848F21C6AD5E50,classic_bike,2021-09-12 14:50:37,2021-09-12 14:58:27,Central Park West & W 68 St,7079,E 81 St & Park Ave,7188,40.7734066,-73.97782542,40.77677702,-73.9590097,member
2903742,07B12DDC38DE532B,classic_bike,2021-09-24 15:54:35,2021-09-24 16:08:03,Central Park West & W 68 St,7079,E 81 St & Park Ave,7188,40.7734066,-73.97782542,40.77677702,-73.9590097,member
2903743,C250125502D36B64,electric_bike,2021-09-03 23:11:19,2021-09-03 23:30:29,Edgecombe Ave & W 145 St,7976,E 81 St & Park Ave,7188,40.823498,-73.94386,40.77677702,-73.9590097,casual
2903757,1AAB52BFA5FFCD7C,classic_bike,2021-09-12 09:29:09,2021-09-12 09:30:33,Madison Ave & E 82 St,7188,E 81 St & Park Ave,7188,40.7781314,-73.96069399,40.77677702,-73.9590097,member
2903758,0C3563D8918D0F9F,classic_bike,2021-09-12 09:32:44,2021-09-12 09:34:00,Madison Ave & E 82 St,7188,E 81 St & Park Ave,7188,40.7781314,-73.96069399,40.77677702,-73.9590097,member
2903759,000597141C0B2B92,classic_bike,2021-09-12 09:18:39,2021-09-12 09:19:54,Madison Ave & E 82 St,7188,E 81 St & Park Ave,7188,40.7781314,-73.96069399,40.77677702,-73.9590097,member
2903760,344BCF12C6EEA8E9,classic_bike,2021-09-12 09:36:15,2021-09-12 09:37:24,Madison Ave & E 82 St,7188,E 81 St & Park Ave,7188,40.7781314,-73.96069399,40.77677702,-73.9590097,member
2903761,2DEFE88C3248ED74,classic_bike,2021-09-12 09:22:00,2021-09-12 09:23:48,Madison Ave & E 82 St,7188,E 81 St & Park Ave,7188,40.7781314,-73.96069399,40.77677702,-73.9590097,member
2903762,A3530240227CCA93,classic_bike,2021-09-12 09:43:07,2021-09-12 09:44:22,Madison Ave & E 82 St,7188,E 81 St & Park Ave,7188,40.7781314,-73.96069399,40.77677702,-73.9590097,member
2903763,8A89690A9959C232,classic_bike,2021-09-12 09:50:19,2021-09-12 09:51:30,Madison Ave & E 82 St,7188,E 81 St & Park Ave,7188,40.7781314,-73.96069399,40.77677702,-73.9590097,member
2903764,4F0CCC45ADB5F950,classic_bike,2021-09-12 09:46:44,2021-09-12 09:48:00,Madison Ave & E 82 St,7188,E 81 St & Park Ave,7188,40.7781314,-73.96069399,40.77677702,-73.9590097,member
2903765,5D6E8E8DFD1072AF,classic_bike,2021-09-12 09:15:13,2021-09-12 09:16:31,Madison Ave & E 82 St,7188,E 81 St & Park Ave,7188,40.7781314,-73.96069399,40.77677702,-73.9590097,member
2903766,7AB340223024A61F,classic_bike,2021-09-12 09:39:54,2021-09-12 09:40:59,Madison Ave & E 82 St,7188,E 81 St & Park Ave,7188,40.7781314,-73.96069399,40.77677702,-73.9590097,member
2903767,3F9BF6FDD1874DC8,classic_bike,2021-09-12 09:25:41,2021-09-12 09:26:59,Madison Ave & E 82 St,7188,E 81 St & Park Ave,7188,40.7781314,-73.96069399,40.77677702,-73.9590097,member
2903768,CD377DBF04F83F32,classic_bike,2021-09-12 09:53:41,2021-09-12 09:55:03,Madison Ave & E 82 St,7188,E 81 St & Park Ave,7188,40.7781314,-73.96069399,40.77677702,-73.9590097,member
2903772,59E37EE2FDB5E527,classic_bike,2021-09-24 13:14:32,2021-09-24 13:22:35,Central Park West & W 68 St,7079,E 81 St & Park Ave,7188,40.7734066,-73.97782542,40.77677702,-73.9590097,member
2903787,A3D558085DA95A5E,classic_bike,2021-09-23 09:53:39,2021-09-23 10:06:46,Madison Ave & E 99 St,7443,E 81 St & Park Ave,7188,40.78948541553215,-73.95242929458618,40.77677702,-73.9590097,casual
2903796,94E505D33BA71E10,classic_bike,2021-09-13 19:01:07,2021-09-13 19:04:38,E 81 St & 2 Ave,7121,E 81 St & Park Ave,7188,40.77477944895728,-73.95427465438843,40.77677702,-73.9590097,member
2903797,08447B9800DA1F64,classic_bike,2021-09-02 16:21:05,2021-09-02 16:40:06,Central Park West & W 68 St,7079,E 81 St & Park Ave,7188,40.7734066,-73.97782542,40.77677702,-73.9590097,member
2903800,B29836DCCFC32D02,electric_bike,2021-09-11 06:49:00,2021-09-11 06:55:08,Central Park West & W 68 St,7079,E 81 St & Park Ave,7188,40.7734066,-73.97782542,40.77677702,-73.9590097,member
2903804,BEFA0B52AE434E01,electric_bike,2021-09-13 12:13:13,2021-09-13 12:29:09,Central Park West & W 68 St,7079,E 81 St & Park Ave,7188,40.7734066,-73.97782542,40.77677702,-73.9590097,member
2903819,886251A8AF7968EB,electric_bike,2021-09-24 09:03:50,2021-09-24 09:25:36,Madison Ave & E 82 St,7188,Columbus Ave & W 95 St,7520,40.7781314,-73.96069399,40.7919557,-73.968087,casual
2903823,A8C884706B2C44D3,classic_bike,2021-09-10 13:12:24,2021-09-10 13:37:56,Frederick Douglass Blvd & W 117 St,7688,E 81 St & Park Ave,7188,40.805159,-73.954692,40.77677702,-73.9590097,member
2903831,41D6E2FEE1E1A5D6,electric_bike,2021-09-28 12:50:47,2021-09-28 12:58:43,Central Park West & W 68 St,7079,E 81 St & Park Ave,7188,40.7734066,-73.97782542,40.77677702,-73.9590097,member
2903832,387D98F379CC9978,classic_bike,2021-09-26 11:45:48,2021-09-26 12:20:30,MacDougal St & Prince St,5687,E 81 St & Park Ave,7188,40.72710258,-74.00297088,40.77677702,-73.9590097,member
2903836,B86991B9935300E0,electric_bike,2021-09-12 08:22:17,2021-09-12 08:36:57,Madison Ave & E 82 St,7188,E 81 St & Park Ave,7188,40.7781314,-73.96069399,40.77677702,-73.9590097,member
2903838,397A7BD58E600143,electric_bike,2021-09-26 07:44:49,2021-09-26 07:52:00,Central Park West & W 68 St,7079,E 81 St & Park Ave,7188,40.7734066,-73.97782542,40.77677702,-73.9590097,casual
2903855,43E21B4D05D43A33,classic_bike,2021-09-12 09:44:13,2021-09-12 09:46:04,Madison Ave & E 82 St,7188,E 81 St & Park Ave,7188,40.7781314,-73.96069399,40.77677702,-73.9590097,member
2903856,9F8A5B0922B1779C,classic_bike,2021-09-12 09:38:01,2021-09-12 09:40:40,Madison Ave & E 82 St,7188,E 81 St & Park Ave,7188,40.7781314,-73.96069399,40.77677702,-73.9590097,member
2903888,F6D1DAC1BD0CD594,electric_bike,2021-09-05 08:07:35,2021-09-05 08:13:32,Central Park West & W 68 St,7079,E 81 St & Park Ave,7188,40.7734066,-73.97782542,40.77677702,-73.9590097,member
2903892,914D1396B77D9D30,classic_bike,2021-09-16 03:37:42,2021-09-16 04:16:57,E 32 St & Park Ave,6280,E 81 St & Park Ave,7188,40.7457121,-73.98194829,40.77677702,-73.9590097,casual
2903893,DAB9C1E2E7F2DD7F,classic_bike,2021-09-16 03:27:51,2021-09-16 04:02:06,E 32 St & Park Ave,6280,E 81 St & Park Ave,7188,40.7457121,-73.98194829,40.77677702,-73.9590097,casual
2903898,CC0243C92EC0870C,classic_bike,2021-09-17 14:59:51,2021-09-17 15:03:44,E 85 St & 3 Ave,7212,E 81 St & Park Ave,7188,40.77801203,-73.95407149,40.77677702,-73.9590097,member
2903917,5291CBBC8CCB42A0,classic_bike,2021-09-20 15:50:23,2021-09-20 16:20:26,E 33 St & 1 Ave,6197,E 81 St & Park Ave,7188,40.74322681432173,-73.97449783980846,40.77677702,-73.9590097,member
2903918,DC0192686E0AF508,classic_bike,2021-09-12 12:21:09,2021-09-12 12:36:29,E 95 St & 3 Ave,7365,E 81 St & Park Ave,7188,40.7849032,-73.950503,40.77677702,-73.9590097,casual
2903925,A854B7129C3B907B,classic_bike,2021-09-18 14:12:03,2021-09-18 15:16:16,Kent Ave & N 7 St,5489,E 81 St & Park Ave,7188,40.72036775298455,-73.96165072917938,40.77677702,-73.9590097,casual
2903943,D7CADA0DD93BD327,electric_bike,2021-09-30 09:38:25,2021-09-30 09:49:16,E 45 St & 3 Ave,6464,E 81 St & Park Ave,7188,40.75255434,-73.97282625,40.77677702,-73.9590097,member
2903957,CF0D2CE30B779A20,classic_bike,2021-09-26 16:55:17,2021-09-26 17:12:25,E 47 St & Park Ave,6584,E 81 St & Park Ave,7188,40.75510267,-73.97498696,40.77677702,-73.9590097,member
2903963,B56D36341A95F7EB,electric_bike,2021-09-16 11:42:11,2021-09-16 11:52:25,W 52 St & 6 Ave,6740,E 81 St & Park Ave,7188,40.76132983124814,-73.97982001304626,40.77677702,-73.9590097,member
2903965,79B746A5AD06E5BE,classic_bike,2021-09-18 16:45:15,2021-09-18 16:52:50,1 Ave & E 78 St,7020,E 81 St & Park Ave,7188,40.77140426,-73.9535166,40.77677702,-73.9590097,member
2903980,6D520CFEB88FEA15,classic_bike,2021-09-04 00:42:51,2021-09-04 01:22:32,E 109 St & 3 Ave,7504,E 81 St & Park Ave,7188,40.79329668,-73.9432083,40.77677702,-73.9590097,member
2903983,8D9F3E504415FA16,classic_bike,2021-09-03 15:27:07,2021-09-03 15:47:15,3 Ave & E 62 St,6762,E 81 St & Park Ave,7188,40.76312584,-73.96526895,40.77677702,-73.9590097,casual
2903994,629C2D01EBBA7853,classic_bike,2021-09-03 19:15:41,2021-09-03 19:29:30,E 47 St & Park Ave,6584,E 81 St & Park Ave,7188,40.75510267,-73.97498696,40.77677702,-73.9590097,member
2904004,039E0AEFF88EB6AB,classic_bike,2021-09-29 05:00:00,2021-09-29 05:13:59,Frederick Douglass Blvd & W 117 St,7688,E 81 St & Park Ave,7188,40.805159,-73.954692,40.77677702,-73.9590097,member
2904005,DFA2A1EF56BC9B81,classic_bike,2021-09-03 13:42:34,2021-09-03 14:10:30,Frederick Douglass Blvd & W 117 St,7688,E 81 St & Park Ave,7188,40.805159,-73.954692,40.77677702,-73.9590097,member
2904008,254115D763F2A8A5,classic_bike,2021-09-12 15:42:52,2021-09-12 16:01:19,Amsterdam Ave & W 73 St,7260,E 81 St & Park Ave,7188,40.77966809007312,-73.98093044757842,40.77677702,-73.9590097,member
2904017,99A4D596C1EAAF1A,classic_bike,2021-09-06 17:54:21,2021-09-06 18:07:47,E 109 St & 3 Ave,7504,E 81 St & Park Ave,7188,40.79329668,-73.9432083,40.77677702,-73.9590097,member
2904022,082E03A55990D4BE,classic_bike,2021-09-12 09:22:12,2021-09-12 09:23:53,Madison Ave & E 82 St,7188,E 81 St & Park Ave,7188,40.7781314,-73.96069399,40.77677702,-73.9590097,member
2904023,77278C401B96CA82,classic_bike,2021-09-12 09:42:59,2021-09-12 09:44:21,Madison Ave & E 82 St,7188,E 81 St & Park Ave,7188,40.7781314,-73.96069399,40.77677702,-73.9590097,member
2904024,EBDB6EAFA534E5F0,classic_bike,2021-09-12 09:32:35,2021-09-12 09:33:59,Madison Ave & E 82 St,7188,E 81 St & Park Ave,7188,40.7781314,-73.96069399,40.77677702,-73.9590097,member
2904025,D3437663BA23562E,classic_bike,2021-09-12 09:25:46,2021-09-12 09:27:02,Madison Ave & E 82 St,7188,E 81 St & Park Ave,7188,40.7781314,-73.96069399,40.77677702,-73.9590097,member
2904026,34C2B6393AEC8D72,classic_bike,2021-09-12 09:18:41,2021-09-12 09:19:57,Madison Ave & E 82 St,7188,E 81 St & Park Ave,7188,40.7781314,-73.96069399,40.77677702,-73.9590097,member
2904027,4D410E5112A510C8,classic_bike,2021-09-12 09:15:11,2021-09-12 09:16:32,Madison Ave & E 82 St,7188,E 81 St & Park Ave,7188,40.7781314,-73.96069399,40.77677702,-73.9590097,member
2904028,1522FD6D94C392F2,classic_bike,2021-09-12 09:36:08,2021-09-12 09:37:31,Madison Ave & E 82 St,7188,E 81 St & Park Ave,7188,40.7781314,-73.96069399,40.77677702,-73.9590097,member
2904029,B9B72D4F8BCA43BE,classic_bike,2021-09-12 09:50:07,2021-09-12 09:51:31,Madison Ave & E 82 St,7188,E 81 St & Park Ave,7188,40.7781314,-73.96069399,40.77677702,-73.9590097,member
2904030,D3E297EFC3866673,classic_bike,2021-09-12 09:53:39,2021-09-12 09:55:08,Madison Ave & E 82 St,7188,E 81 St & Park Ave,7188,40.7781314,-73.96069399,40.77677702,-73.9590097,member
2904031,84F8C9B2C608C509,classic_bike,2021-09-12 09:39:46,2021-09-12 09:41:03,Madison Ave & E 82 St,7188,E 81 St & Park Ave,7188,40.7781314,-73.96069399,40.77677702,-73.9590097,member
2904032,5A382FAE4D59A2D4,classic_bike,2021-09-12 09:29:29,2021-09-12 09:30:38,Madison Ave & E 82 St,7188,E 81 St & Park Ave,7188,40.7781314,-73.96069399,40.77677702,-73.9590097,member
2904033,BD4C77AF2DE4A534,classic_bike,2021-09-12 09:46:37,2021-09-12 09:48:04,Madison Ave & E 82 St,7188,E 81 St & Park Ave,7188,40.7781314,-73.96069399,40.77677702,-73.9590097,member
2904037,D299112485FCAD2F,electric_bike,2021-09-03 18:39:21,2021-09-03 18:42:33,Madison Ave & E 82 St,7188,E 81 St & Park Ave,7188,40.7781314,-73.96069399,40.77677702,-73.9590097,member
2904056,5187DC464EE404C6,classic_bike,2021-09-12 14:23:29,2021-09-12 14:26:04,Madison Ave & E 82 St,7188,E 81 St & Park Ave,7188,40.7781314,-73.96069399,40.77677702,-73.9590097,member
2904058,8C37B5EFD87B2386,electric_bike,2021-09-20 14:41:26,2021-09-20 14:43:21,Madison Ave & E 82 St,7188,E 81 St & Park Ave,7188,40.7781314,-73.96069399,40.77677702,-73.9590097,member
2904097,EC2AD20ECBB1A80A,electric_bike,2021-09-02 11:13:25,2021-09-02 11:32:19,W 37 St & 5 Ave,6398,E 81 St & Park Ave,7188,40.75038009,-73.98338988,40.77677702,-73.9590097,casual
2904120,22556FEA206258DD,classic_bike,2021-09-02 12:20:35,2021-09-02 12:21:52,Madison Ave & E 82 St,7188,E 81 St & Park Ave,7188,40.7781314,-73.96069399,40.77677702,-73.9590097,member
2904122,E7A04779B3F28766,electric_bike,2021-09-12 11:19:43,2021-09-12 12:45:33,Madison Ave & E 82 St,7188,E 81 St & Park Ave,7188,40.7781314,-73.96069399,40.77677702,-73.9590097,casual
2904129,6521318FF436D157,classic_bike,2021-09-16 08:25:38,2021-09-16 09:02:56,Greenwich Ave & 8 Ave,6072,E 81 St & Park Ave,7188,40.7390169121,-74.0026376103,40.77677702,-73.9590097,member
2904139,972C88C663872B74,classic_bike,2021-09-02 13:52:54,2021-09-02 14:01:10,1 Ave & E 94 St,7286,E 81 St & Park Ave,7188,40.7817212,-73.94594,40.77677702,-73.9590097,member
2904143,BE325D7C9A7BDC56,classic_bike,2021-09-18 19:45:27,2021-09-18 20:01:40,Madison Ave & E 82 St,7188,Columbus Ave & W 95 St,7520,40.7781314,-73.96069399,40.7919557,-73.968087,member
2904145,5233BB4164734D58,electric_bike,2021-09-03 18:39:23,2021-09-03 18:42:37,Madison Ave & E 82 St,7188,E 81 St & Park Ave,7188,40.7781314,-73.96069399,40.77677702,-73.9590097,member
2904193,5BA95B5151A0D474,classic_bike,2021-09-13 09:04:56,2021-09-13 09:09:36,E 91 St & Park Ave,7344,E 81 St & Park Ave,7188,40.7835016,-73.955327,40.77677702,-73.9590097,member
2904194,6252C6A1A98C34BB,classic_bike,2021-09-08 07:13:43,2021-09-08 07:41:45,E 20 St & FDR Drive,5886,E 81 St & Park Ave,7188,40.73314259,-73.97573881,40.77677702,-73.9590097,member
2904199,38B693335471642F,classic_bike,2021-09-08 17:49:54,2021-09-08 18:01:51,3 Ave & E 62 St,6762,E 81 St & Park Ave,7188,40.76312584,-73.96526895,40.77677702,-73.9590097,casual
2904202,C7DA669123A84B29,electric_bike,2021-09-16 04:14:52,2021-09-16 04:21:12,W 89 St & Columbus Ave,7432,E 81 St & Park Ave,7188,40.7882213,-73.97041561,40.77677702,-73.9590097,member
2904203,F7D085BA03BE07BC,classic_bike,2021-09-17 09:03:24,2021-09-17 09:07:14,E 91 St & Park Ave,7344,E 81 St & Park Ave,7188,40.7835016,-73.955327,40.77677702,-73.9590097,member
2904208,64139B85231DC612,electric_bike,2021-09-04 08:43:07,2021-09-04 08:49:48,Central Park S & 6 Ave,6876,E 81 St & Park Ave,7188,40.76590936,-73.97634151,40.77677702,-73.9590097,member
2904211,D5431F7859273CFE,classic_bike,2021-09-19 19:52:05,2021-09-19 19:56:00,E 91 St & Park Ave,7344,E 81 St & Park Ave,7188,40.7835016,-73.955327,40.77677702,-73.9590097,member
2904221,61AC018DBD6F5962,classic_bike,2021-09-27 19:29:27,2021-09-27 19:51:45,1 Ave & E 62 St,6753,E 81 St & Park Ave,7188,40.7612274,-73.96094022,40.77677702,-73.9590097,casual
2904226,78BA15F4A1BF1A9E,classic_bike,2021-09-13 17:00:22,2021-09-13 17:22:41,3 Ave & E 62 St,6762,E 81 St & Park Ave,7188,40.76312584,-73.96526895,40.77677702,-73.9590097,member
2904229,E5E2C07A519BB432,classic_bike,2021-09-27 20:35:01,2021-09-27 20:44:10,Central Park S & 6 Ave,6876,E 81 St & Park Ave,7188,40.76590936,-73.97634151,40.77677702,-73.9590097,member
2904235,61D6F2623424B026,classic_bike,2021-09-10 21:46:38,2021-09-10 22:20:42,Amsterdam Ave & W 82 St,7360,E 81 St & Park Ave,7188,40.78524672,-73.97667321,40.77677702,-73.9590097,casual
2904246,7923C05E04C457E6,classic_bike,2021-09-10 14:00:02,2021-09-10 14:18:15,1 Ave & E 39 St,6303,E 81 St & Park Ave,7188,40.74714,-73.97113,40.77677702,-73.9590097,member
2904257,1BF3268CED71908B,classic_bike,2021-09-10 20:50:29,2021-09-10 20:59:11,E 88 St & 1 Ave,7235,E 81 St & Park Ave,7188,40.778301,-73.9488134,40.77677702,-73.9590097,member
2904260,838121612BA545D7,electric_bike,2021-09-13 16:27:20,2021-09-13 16:33:03,E 91 St & 2 Ave,7286,E 81 St & Park Ave,7188,40.78115276427916,-73.94963040947914,40.77677702,-73.9590097,casual
2904261,C5E9E43D9C7CCE6A,electric_bike,2021-09-13 17:41:43,2021-09-13 17:49:55,E 91 St & 2 Ave,7286,E 81 St & Park Ave,7188,40.78115276427916,-73.94963040947914,40.77677702,-73.9590097,casual
2904299,34CAD7FCA55EBC54,classic_bike,2021-09-26 12:49:23,2021-09-26 13:38:28,Riverside Dr & W 82 St,7388,E 81 St & Park Ave,7188,40.78720869,-73.98128127,40.77677702,-73.9590097,member
2904321,92832FC370AFF640,electric_bike,2021-09-30 08:12:25,2021-09-30 08:30:55,21 St & Queens Plaza North,6471,E 81 St & Park Ave,7188,40.75325964,-73.94335788,40.77677702,-73.9590097,member
2904323,EE532C1EA9968288,classic_bike,2021-09-19 12:51:45,2021-09-19 13:02:03,Madison Ave & E 82 St,7188,Columbus Ave & W 95 St,7520,40.7781314,-73.96069399,40.7919557,-73.968087,member
2904324,8D6ED8BE220738ED,classic_bike,2021-09-14 12:47:06,2021-09-14 12:56:12,Central Park West & W 68 St,7079,E 81 St & Park Ave,7188,40.7734066,-73.97782542,40.77677702,-73.9590097,member
2904335,12DDC71BBF151CEC,electric_bike,2021-09-14 18:48:33,2021-09-14 19:11:16,E 13 St & Avenue A,5779,E 81 St & Park Ave,7188,40.72966729392978,-73.98067966103554,40.77677702,-73.9590097,member
2904345,21DF966A11A545F2,classic_bike,2021-09-26 16:29:56,2021-09-26 16:53:24,Riverside Dr & W 82 St,7388,E 81 St & Park Ave,7188,40.78720869,-73.98128127,40.77677702,-73.9590097,member
2904440,407E3E68E3500364,electric_bike,2021-09-03 22:06:49,2021-09-03 22:26:28,W 44 St & 5 Ave,6551,E 81 St & Park Ave,7188,40.75500254,-73.98014437,40.77677702,-73.9590097,casual
2904451,1C34C2C47B2F9377,classic_bike,2021-09-13 17:52:35,2021-09-13 18:13:17,W 44 St & 5 Ave,6551,E 81 St & Park Ave,7188,40.75500254,-73.98014437,40.77677702,-73.9590097,member
2904452,E56603084B4B5CEF,electric_bike,2021-09-28 17:49:42,2021-09-28 18:07:28,W 44 St & 5 Ave,6551,E 81 St & Park Ave,7188,40.75500254,-73.98014437,40.77677702,-73.9590097,member
2904453,F74E9B7B9630432D,electric_bike,2021-09-07 17:39:56,2021-09-07 18:01:11,W 44 St & 5 Ave,6551,E 81 St & Park Ave,7188,40.75500254,-73.98014437,40.77677702,-73.9590097,member
2904513,CE7E63E34A2CB72A,classic_bike,2021-09-10 16:12:17,2021-09-10 16:18:37,Central Park West & W 85 St,7354,E 81 St & Park Ave,7188,40.78476,-73.969862,40.77677702,-73.9590097,member
2904516,F8FF882994F54197,electric_bike,2021-09-06 10:43:21,2021-09-06 10:47:53,5 Ave & E 72 St,7100,E 81 St & Park Ave,7188,40.77282817,-73.96685276,40.77677702,-73.9590097,casual
2904520,B0039C8C93B4C4EF,classic_bike,2021-09-14 11:36:44,2021-09-14 11:47:43,Central Park West & W 85 St,7354,E 81 St & Park Ave,7188,40.78476,-73.969862,40.77677702,-73.9590097,member
2904521,53C097190BA86C9E,classic_bike,2021-09-16 13:08:02,2021-09-16 13:20:28,5 Ave & E 72 St,7100,E 81 St & Park Ave,7188,40.77282817,-73.96685276,40.77677702,-73.9590097,casual
2904537,D84CD1CCE2A05582,classic_bike,2021-09-25 02:56:29,2021-09-25 02:59:58,5 Ave & E 72 St,7100,E 81 St & Park Ave,7188,40.77282817,-73.96685276,40.77677702,-73.9590097,member
2904552,4089ADDF6ECBEF84,classic_bike,2021-09-02 09:42:38,2021-09-02 10:01:51,Central Park S & 6 Ave,6876,E 81 St & Park Ave,7188,40.76590936,-73.97634151,40.77677702,-73.9590097,member
2904566,F6833DDBAD7EA9A3,classic_bike,2021-09-17 13:48:06,2021-09-17 14:23:11,Amsterdam Ave & W 79 St,7311,E 81 St & Park Ave,7188,40.7829391,-73.9786517,40.77677702,-73.9590097,casual
2904569,A0E36E47B662933C,classic_bike,2021-09-05 17:41:19,2021-09-05 17:47:26,5 Ave & E 72 St,7100,E 81 St & Park Ave,7188,40.77282817,-73.96685276,40.77677702,-73.9590097,member
2904577,4B89F769379C34A4,classic_bike,2021-09-15 18:17:14,2021-09-15 18:38:33,E 58 St & 1 Ave (NW Corner),6723,E 81 St & Park Ave,7188,40.759125,-73.962658,40.77677702,-73.9590097,member
2904580,20A423A179001CAE,electric_bike,2021-09-10 13:24:27,2021-09-10 13:50:52,6 Ave & Canal St,5500,E 81 St & Park Ave,7188,40.72243797,-74.00566443,40.77677702,-73.9590097,casual
2904582,D7F73CB99CFB8181,classic_bike,2021-09-20 17:22:49,2021-09-20 17:37:02,Central Park West & W 76 St,7253,E 81 St & Park Ave,7188,40.77896784,-73.97374737,40.77677702,-73.9590097,member
2904614,CB61CA1FB2A130AA,classic_bike,2021-09-15 16:49:12,2021-09-15 16:53:10,E 84 St & 1 Ave,7180,E 81 St & Park Ave,7188,40.77565541,-73.95068615,40.77677702,-73.9590097,member
2904616,4C4BF37AFCE016CE,classic_bike,2021-09-26 10:51:18,2021-09-26 10:55:43,E 84 St & 1 Ave,7180,E 81 St & Park Ave,7188,40.77565541,-73.95068615,40.77677702,-73.9590097,member
2904633,2E8C86EA8A41BE44,classic_bike,2021-09-25 13:43:30,2021-09-25 14:03:43,Central Park West & W 76 St,7253,E 81 St & Park Ave,7188,40.77896784,-73.97374737,40.77677702,-73.9590097,casual
2904641,1B8DEE5830878F7B,electric_bike,2021-09-26 15:12:14,2021-09-26 15:12:32,E 81 St & Park Ave,7188,E 81 St & Park Ave,7188,40.77677702,-73.9590097,40.77677702,-73.9590097,member
2904654,86B09D5DE981B637,electric_bike,2021-09-26 10:55:54,2021-09-26 10:56:32,E 81 St & Park Ave,7188,E 81 St & Park Ave,7188,40.77677702,-73.9590097,40.77677702,-73.9590097,member
2904656,164CFD58B87593E6,classic_bike,2021-09-17 01:29:30,2021-09-17 01:30:36,E 81 St & Park Ave,7188,E 81 St & Park Ave,7188,40.77677702,-73.9590097,40.77677702,-73.9590097,casual
2904658,60F93A692802EDB3,classic_bike,2021-09-13 17:46:24,2021-09-13 17:46:43,E 81 St & Park Ave,7188,E 81 St & Park Ave,7188,40.77677702,-73.9590097,40.77677702,-73.9590097,member
2904687,F0FB3D3E1F5F4750,classic_bike,2021-09-11 17:08:59,2021-09-11 17:52:19,E 81 St & Park Ave,7188,E 81 St & Park Ave,7188,40.77677702,-73.9590097,40.77677702,-73.9590097,member
2904689,0350BD8DE6E6153F,classic_bike,2021-09-02 22:30:01,2021-09-02 23:02:39,E 74 St & 1 Ave,6953,E 81 St & Park Ave,7188,40.7689738,-73.95482273,40.77677702,-73.9590097,member
2904691,C0EAC40AACA99F08,classic_bike,2021-09-06 11:15:32,2021-09-06 11:51:28,E 81 St & Park Ave,7188,E 81 St & Park Ave,7188,40.77677702,-73.9590097,40.77677702,-73.9590097,casual
2904693,EB27618ED1ADA7D3,classic_bike,2021-09-09 21:35:48,2021-09-09 21:36:44,E 81 St & Park Ave,7188,E 81 St & Park Ave,7188,40.77677702,-73.9590097,40.77677702,-73.9590097,casual
2904704,807DB8BFC7C66E12,electric_bike,2021-09-02 13:19:40,2021-09-02 13:20:08,E 81 St & Park Ave,7188,E 81 St & Park Ave,7188,40.77677702,-73.9590097,40.77677702,-73.9590097,member
2904730,1410507837805632,classic_bike,2021-09-09 18:52:48,2021-09-09 19:01:20,3 Ave & E 62 St,6762,E 81 St & Park Ave,7188,40.76312584,-73.96526895,40.77677702,-73.9590097,member
2904751,CA527E75EF17DE93,classic_bike,2021-09-12 00:18:06,2021-09-12 00:24:25,E 74 St & 1 Ave,6953,E 81 St & Park Ave,7188,40.7689738,-73.95482273,40.77677702,-73.9590097,casual
2904771,142123BD87F9A273,electric_bike,2021-09-13 01:18:32,2021-09-13 01:26:27,E 106 St & Madison Ave,7528,E 81 St & Park Ave,7188,40.7934337,-73.94945003,40.77677702,-73.9590097,member
2904775,828F3131B3BC5D93,classic_bike,2021-09-13 06:19:11,2021-09-13 06:42:26,11 Ave & W 41 St,6726,E 81 St & Park Ave,7188,40.76030096,-73.99884222,40.77677702,-73.9590097,casual
2904782,11E906C0C265F454,classic_bike,2021-09-13 17:22:45,2021-09-13 17:34:00,2 Ave & E 104 St,7436,E 81 St & Park Ave,7188,40.7892105,-73.94370784,40.77677702,-73.9590097,member
2904787,D72BFD83E0749F98,classic_bike,2021-09-06 00:09:01,2021-09-06 00:22:33,2 Ave & E 104 St,7436,E 81 St & Park Ave,7188,40.7892105,-73.94370784,40.77677702,-73.9590097,casual
2904795,B019825B2CAE1B6D,classic_bike,2021-09-16 17:12:11,2021-09-16 17:31:35,E 40 St & 5 Ave,6474,E 81 St & Park Ave,7188,40.752062307,-73.9816324043,40.77677702,-73.9590097,member
2904807,FCF296012B84992E,electric_bike,2021-09-09 10:46:01,2021-09-09 10:59:28,E 72 St & York Ave,6889,E 81 St & Park Ave,7188,40.76663814,-73.95348296,40.77677702,-73.9590097,casual
2904831,2D29A7A0BB955237,electric_bike,2021-09-18 08:36:59,2021-09-18 09:08:13,W 163 St & Riverside Dr,8210,E 81 St & Park Ave,7188,40.839278,-73.945446,40.77677702,-73.9590097,casual
2904834,FB33E26DACD5167E,electric_bike,2021-09-06 07:57:16,2021-09-06 08:02:00,E 98 St & Park Ave,7443,E 81 St & Park Ave,7188,40.78813,-73.95206,40.77677702,-73.9590097,member
2904835,497DF7996FAD9D85,classic_bike,2021-09-29 10:58:30,2021-09-29 11:05:09,E 98 St & Park Ave,7443,E 81 St & Park Ave,7188,40.78813,-73.95206,40.77677702,-73.9590097,member
2904837,1CA7BFE90AFEC61F,classic_bike,2021-09-27 15:58:48,2021-09-27 16:13:55,E 98 St & Park Ave,7443,E 81 St & Park Ave,7188,40.78813,-73.95206,40.77677702,-73.9590097,casual
2904839,D9B93B50F62F7E2F,classic_bike,2021-09-14 15:11:57,2021-09-14 15:39:02,W 87 St & Amsterdam Ave,7458,E 81 St & Park Ave,7188,40.78839,-73.9747,40.77677702,-73.9590097,member
2904846,296989EE31F69AF7,classic_bike,2021-09-23 16:25:36,2021-09-23 16:48:48,Broadway & W 122 St,7783,E 81 St & Park Ave,7188,40.8120562,-73.9612547,40.77677702,-73.9590097,member
2904850,101C74E69B1AC1B7,classic_bike,2021-09-14 16:48:26,2021-09-14 16:56:37,2 Ave & E 96 St,7338,E 81 St & Park Ave,7188,40.7839636,-73.9471673,40.77677702,-73.9590097,member
2904861,A4534EF861ECD3EF,electric_bike,2021-09-23 11:50:51,2021-09-23 11:57:24,E 102 St & Park Ave,7488,E 81 St & Park Ave,7188,40.7904828,-73.95033068,40.77677702,-73.9590097,member
2904862,E8820D1E741CBC38,classic_bike,2021-09-20 07:50:31,2021-09-20 07:59:53,E 102 St & Park Ave,7488,E 81 St & Park Ave,7188,40.7904828,-73.95033068,40.77677702,-73.9590097,member
2904863,9822362A9CE4875A,classic_bike,2021-09-22 07:49:50,2021-09-22 07:59:32,E 102 St & Park Ave,7488,E 81 St & Park Ave,7188,40.7904828,-73.95033068,40.77677702,-73.9590097,member
2904876,E2720F464CB96033,electric_bike,2021-09-19 14:12:12,2021-09-19 14:59:11,W 160 St & St. Nicholas Ave,8138,E 81 St & Park Ave,7188,40.834468,-73.939865,40.77677702,-73.9590097,member
2904909,F0FB1B978BA44CCA,classic_bike,2021-09-13 19:26:56,2021-09-13 19:50:35,1 Ave & E 39 St,6303,E 81 St & Park Ave,7188,40.74714,-73.97113,40.77677702,-73.9590097,casual
2904923,18D6386240E00088,classic_bike,2021-09-05 10:36:22,2021-09-05 10:45:45,E 103 St & Lexington Ave,7463,E 81 St & Park Ave,7188,40.7903051,-73.94755757,40.77677702,-73.9590097,casual
2904955,53332D5557C1E353,electric_bike,2021-09-19 14:12:02,2021-09-19 14:59:18,W 160 St & St. Nicholas Ave,8138,E 81 St & Park Ave,7188,40.834468,-73.939865,40.77677702,-73.9590097,member
2904962,482BE8F7F4755A8A,electric_bike,2021-09-01 06:48:28,2021-09-01 06:57:58,E 110 St & Madison Ave,7587,E 81 St & Park Ave,7188,40.7961535,-73.94782145,40.77677702,-73.9590097,member
2904967,3F0A51AA06B7DDEC,electric_bike,2021-09-05 12:10:34,2021-09-05 12:18:43,7 Ave & Central Park South,6912,E 81 St & Park Ave,7188,40.7667405590595,-73.9790689945221,40.77677702,-73.9590097,member
2904983,55E715FC6734D82B,classic_bike,2021-09-17 08:05:21,2021-09-17 08:09:24,E 81 St & 3 Ave,7154,E 81 St & Park Ave,7188,40.77573034,-73.9567526,40.77677702,-73.9590097,member
2904988,5E274D7BC8125046,classic_bike,2021-09-23 14:37:07,2021-09-23 14:39:45,E 81 St & 3 Ave,7154,E 81 St & Park Ave,7188,40.77573034,-73.9567526,40.77677702,-73.9590097,member
2904989,B54A478EE3077363,classic_bike,2021-09-09 11:25:49,2021-09-09 11:28:02,E 81 St & 3 Ave,7154,E 81 St & Park Ave,7188,40.77573034,-73.9567526,40.77677702,-73.9590097,member
2904990,8405A04A59E93DB8,classic_bike,2021-09-22 09:10:00,2021-09-22 09:13:32,E 81 St & 3 Ave,7154,E 81 St & Park Ave,7188,40.77573034,-73.9567526,40.77677702,-73.9590097,member
2904995,2275AA1EA62E1256,classic_bike,2021-09-01 13:03:45,2021-09-01 13:05:18,E 81 St & 3 Ave,7154,E 81 St & Park Ave,7188,40.77573034,-73.9567526,40.77677702,-73.9590097,member
2904998,B8372AF8C9378212,classic_bike,2021-09-16 17:19:21,2021-09-16 17:21:26,E 81 St & 3 Ave,7154,E 81 St & Park Ave,7188,40.77573034,-73.9567526,40.77677702,-73.9590097,member
2904999,EB21E1C784922800,classic_bike,2021-09-01 23:55:32,2021-09-02 00:13:12,Pershing Square North,6432,E 81 St & Park Ave,7188,40.751873,-73.977706,40.77677702,-73.9590097,casual
2905000,30C1DD968347B46F,classic_bike,2021-09-21 12:12:32,2021-09-21 12:14:13,E 81 St & 3 Ave,7154,E 81 St & Park Ave,7188,40.77573034,-73.9567526,40.77677702,-73.9590097,member
2905002,E5F066B3CC7C40B4,classic_bike,2021-09-14 18:43:50,2021-09-14 18:45:32,E 81 St & 3 Ave,7154,E 81 St & Park Ave,7188,40.77573034,-73.9567526,40.77677702,-73.9590097,member
2905003,20566C43ADE061E1,classic_bike,2021-09-11 11:51:14,2021-09-11 11:52:53,E 81 St & 3 Ave,7154,E 81 St & Park Ave,7188,40.77573034,-73.9567526,40.77677702,-73.9590097,member
2905004,B5A3F55C8682C81B,electric_bike,2021-09-20 15:35:44,2021-09-20 15:37:10,E 81 St & 3 Ave,7154,E 81 St & Park Ave,7188,40.77573034,-73.9567526,40.77677702,-73.9590097,member
2905017,F3E4597E7C4274A7,classic_bike,2021-09-14 18:49:13,2021-09-14 19:02:35,E 51 St & 1 Ave,6532,E 81 St & Park Ave,7188,40.75455731,-73.96592976,40.77677702,-73.9590097,member
2905022,841FDA0DB40FA2DC,electric_bike,2021-09-07 08:36:01,2021-09-07 08:41:35,E 98 St & Park Ave,7443,E 81 St & Park Ave,7188,40.78813,-73.95206,40.77677702,-73.9590097,member
2905058,13A4CD5028569D3C,classic_bike,2021-09-07 19:10:08,2021-09-07 19:25:42,E 85 St & 3 Ave,7212,E 81 St & Park Ave,7188,40.77801203,-73.95407149,40.77677702,-73.9590097,member
2905067,FE1CEBA89ACD14D5,classic_bike,2021-09-28 18:34:59,2021-09-28 18:38:02,E 85 St & 3 Ave,7212,E 81 St & Park Ave,7188,40.77801203,-73.95407149,40.77677702,-73.9590097,member
2905074,0901A0BE6DDD1D48,classic_bike,2021-09-30 13:42:22,2021-09-30 13:57:31,8 Ave & W 49 St,6747,E 81 St & Park Ave,7188,40.76171227910671,-73.98655101656914,40.77677702,-73.9590097,member
2905079,17FE883B7D7E9D12,classic_bike,2021-09-14 18:55:42,2021-09-14 18:58:15,E 76 St & Park Ave,7128,E 81 St & Park Ave,7188,40.773763,-73.96222088,40.77677702,-73.9590097,member
2905086,00FB357C3564BB38,electric_bike,2021-09-14 11:42:08,2021-09-14 11:50:30,E 76 St & Park Ave,7128,E 81 St & Park Ave,7188,40.773763,-73.96222088,40.77677702,-73.9590097,member
2905095,5FDC56F8C220705F,classic_bike,2021-09-11 13:13:10,2021-09-11 13:18:38,E 76 St & Park Ave,7128,E 81 St & Park Ave,7188,40.773763,-73.96222088,40.77677702,-73.9590097,member
2905109,506A86FBD445E7CF,electric_bike,2021-09-08 10:16:22,2021-09-08 10:29:51,Amsterdam Ave & W 73 St,7260,E 81 St & Park Ave,7188,40.77966809007312,-73.98093044757842,40.77677702,-73.9590097,member
2905136,8D8521D8BEB2CF2D,classic_bike,2021-09-13 16:50:01,2021-09-13 16:52:01,E 76 St & Park Ave,7128,E 81 St & Park Ave,7188,40.773763,-73.96222088,40.77677702,-73.9590097,member
2905155,CF7ED5DE3DDC6428,electric_bike,2021-09-18 18:29:13,2021-09-18 18:41:06,E 54 St & 1 Ave,6608,E 81 St & Park Ave,7188,40.756265,-73.964179,40.77677702,-73.9590097,casual
2905158,3E56A29540C131BF,classic_bike,2021-09-14 15:43:36,2021-09-14 15:55:01,E 58 St & 3 Ave,6762,E 81 St & Park Ave,7188,40.76095756,-73.96724467,40.77677702,-73.9590097,member
2905161,81EF873180257006,classic_bike,2021-09-26 09:43:35,2021-09-26 09:55:21,E 63 St & 3 Ave,6830,E 81 St & Park Ave,7188,40.763954,-73.9646,40.77677702,-73.9590097,casual
2905170,91477E1F1300194F,classic_bike,2021-09-30 18:10:24,2021-09-30 18:19:36,E 59 St & Madison Ave,6801,E 81 St & Park Ave,7188,40.76350532,-73.97109243,40.77677702,-73.9590097,member
2905171,CFCEFD655E4EA344,classic_bike,2021-09-21 14:05:04,2021-09-21 14:12:53,E 74 St & 1 Ave,6953,E 81 St & Park Ave,7188,40.7689738,-73.95482273,40.77677702,-73.9590097,member
2905174,DA0D7DAE92C229F0,classic_bike,2021-09-16 17:35:43,2021-09-16 18:23:12,E 84 St & 1 Ave,7180,E 81 St & Park Ave,7188,40.77565541,-73.95068615,40.77677702,-73.9590097,member
2905181,EC6BFA2C77299075,classic_bike,2021-09-28 09:53:19,2021-09-28 10:06:00,Madison Ave & E 99 St,7443,E 81 St & Park Ave,7188,40.78948541553215,-73.95242929458618,40.77677702,-73.9590097,casual
2905189,DAC65305FC3C6D35,classic_bike,2021-09-28 18:19:16,2021-09-28 18:31:45,W 90 St & Amsterdam Ave,7432,E 81 St & Park Ave,7188,40.79017948095081,-73.97288918495178,40.77677702,-73.9590097,member
2905211,EEC336898B5B59BE,classic_bike,2021-09-11 17:40:32,2021-09-11 17:53:25,E 81 St & Park Ave,7188,Columbus Ave & W 95 St,7520,40.77677702,-73.9590097,40.7919557,-73.968087,casual
2905240,7A8343E984E33BBA,electric_bike,2021-09-23 12:41:28,2021-09-23 12:47:13,E 74 St & 1 Ave,6953,E 81 St & Park Ave,7188,40.7689738,-73.95482273,40.77677702,-73.9590097,member
2905242,F52E5257635C47FC,classic_bike,2021-09-07 14:06:46,2021-09-07 14:25:24,Adam Clayton Powell Blvd & W 118 St,7670,E 81 St & Park Ave,7188,40.804372,-73.951475,40.77677702,-73.9590097,member
2905245,D3A24A9F7F43F0A5,classic_bike,2021-09-13 18:17:37,2021-09-13 18:33:36,E 58 St & 1 Ave (NE Corner),6682,E 81 St & Park Ave,7188,40.75892386377695,-73.96226227283478,40.77677702,-73.9590097,member
2905247,49956C7CB0FCF389,classic_bike,2021-09-16 22:05:07,2021-09-16 22:17:38,1 Ave & E 68 St,6822,E 81 St & Park Ave,7188,40.76500525,-73.95818491,40.77677702,-73.9590097,member
2905251,7172FCFE655B867A,classic_bike,2021-09-19 17:00:33,2021-09-19 17:40:11,Riverside Blvd & W 67 St,7183,E 81 St & Park Ave,7188,40.777507027547976,-73.98888587951659,40.77677702,-73.9590097,member
2905258,C75001B85F859A14,classic_bike,2021-09-23 17:02:28,2021-09-23 17:05:44,E 81 St & 2 Ave,7121,E 81 St & Park Ave,7188,40.77477944895728,-73.95427465438843,40.77677702,-73.9590097,member
2905259,4AC42C5C36389EA0,classic_bike,2021-09-21 14:28:33,2021-09-21 14:31:33,E 81 St & 2 Ave,7121,E 81 St & Park Ave,7188,40.77477944895728,-73.95427465438843,40.77677702,-73.9590097,member
2905266,E19D0EF543424140,classic_bike,2021-09-25 15:23:33,2021-09-25 15:26:54,E 81 St & 2 Ave,7121,E 81 St & Park Ave,7188,40.77477944895728,-73.95427465438843,40.77677702,-73.9590097,member
2905269,361F7CCC6A2C5F9C,electric_bike,2021-09-25 13:43:04,2021-09-25 13:46:09,E 81 St & 2 Ave,7121,E 81 St & Park Ave,7188,40.77477944895728,-73.95427465438843,40.77677702,-73.9590097,member
2905270,0169C5AF2E61858B,electric_bike,2021-09-26 15:04:59,2021-09-26 15:06:51,E 81 St & 2 Ave,7121,E 81 St & Park Ave,7188,40.77477944895728,-73.95427465438843,40.77677702,-73.9590097,member
2905273,C6867941F06EDDDD,classic_bike,2021-09-11 10:37:55,2021-09-11 10:50:48,E 89 St & York Ave,7204,E 81 St & Park Ave,7188,40.7779453,-73.946041,40.77677702,-73.9590097,member
2905275,7C29289AD7F4F8DF,classic_bike,2021-09-22 12:29:15,2021-09-22 12:40:41,W 55 St & 6 Ave,6809,E 81 St & Park Ave,7188,40.763189,-73.978434,40.77677702,-73.9590097,member
2905278,46000C52F37BFB84,classic_bike,2021-09-03 13:13:26,2021-09-03 13:28:23,E 58 St & Madison Ave,6839,E 81 St & Park Ave,7188,40.76302594280519,-73.97209525108337,40.77677702,-73.9590097,casual
2905281,F1C0679907858710,classic_bike,2021-09-17 19:15:45,2021-09-17 19:18:07,E 81 St & 2 Ave,7121,E 81 St & Park Ave,7188,40.77477944895728,-73.95427465438843,40.77677702,-73.9590097,member
2905282,94256551C4B234F9,classic_bike,2021-09-08 16:10:56,2021-09-08 16:25:00,E 48 St & 3 Ave,6541,E 81 St & Park Ave,7188,40.7546011026,-73.971878855,40.77677702,-73.9590097,member
2905284,159DBFEF41ABEAEA,classic_bike,2021-09-18 14:40:21,2021-09-18 14:44:14,E 81 St & 2 Ave,7121,E 81 St & Park Ave,7188,40.77477944895728,-73.95427465438843,40.77677702,-73.9590097,member
2905292,3D684E57B045E245,electric_bike,2021-09-29 09:06:26,2021-09-29 09:17:03,E 48 St & 3 Ave,6541,E 81 St & Park Ave,7188,40.7546011026,-73.971878855,40.77677702,-73.9590097,member
2905294,6D863FD55B6527EF,classic_bike,2021-09-05 09:30:06,2021-09-05 09:32:29,E 81 St & 2 Ave,7121,E 81 St & Park Ave,7188,40.77477944895728,-73.95427465438843,40.77677702,-73.9590097,member
2905295,F850C0255A742A9C,classic_bike,2021-09-05 09:37:34,2021-09-05 09:39:45,E 81 St & 2 Ave,7121,E 81 St & Park Ave,7188,40.77477944895728,-73.95427465438843,40.77677702,-73.9590097,member
2905300,6F5F6FE5D54D5B99,classic_bike,2021-09-16 23:23:39,2021-09-16 23:46:16,W 20 St & 10 Ave,6306,E 81 St & Park Ave,7188,40.745686,-74.005141,40.77677702,-73.9590097,casual
2905331,7904CA073EEA9C2E,classic_bike,2021-09-27 18:33:49,2021-09-27 18:45:44,Central Park West & W 76 St,7253,E 81 St & Park Ave,7188,40.77896784,-73.97374737,40.77677702,-73.9590097,member
2905350,ACC6602964CBD95E,classic_bike,2021-09-05 16:53:52,2021-09-05 16:58:57,E 75 St & 3 Ave,6991,E 81 St & Park Ave,7188,40.77112927,-73.95772297,40.77677702,-73.9590097,casual
2905363,DBC6556A00769876,classic_bike,2021-09-07 18:42:38,2021-09-07 18:47:42,1 Ave & E 78 St,7020,E 81 St & Park Ave,7188,40.77140426,-73.9535166,40.77677702,-73.9590097,member
2905365,CB40E4A0D2AA828C,electric_bike,2021-09-24 14:55:05,2021-09-24 14:59:43,1 Ave & E 78 St,7020,E 81 St & Park Ave,7188,40.77140426,-73.9535166,40.77677702,-73.9590097,member
2905367,F8CC332FF3278717,classic_bike,2021-09-12 12:54:26,2021-09-12 13:04:00,Central Park West & W 76 St,7253,E 81 St & Park Ave,7188,40.77896784,-73.97374737,40.77677702,-73.9590097,member
2905368,4AED890F6E29EC41,classic_bike,2021-09-12 13:42:23,2021-09-12 13:58:42,W 95 St & Broadway,7541,E 81 St & Park Ave,7188,40.7937704,-73.971888,40.77677702,-73.9590097,casual
2905370,DA61866E87D7E4D9,classic_bike,2021-09-24 18:55:51,2021-09-24 19:02:51,1 Ave & E 78 St,7020,E 81 St & Park Ave,7188,40.77140426,-73.9535166,40.77677702,-73.9590097,member
2905375,23BA71AD4C8AA859,classic_bike,2021-09-05 11:12:21,2021-09-05 11:14:19,E 81 St & 2 Ave,7121,E 81 St & Park Ave,7188,40.77477944895728,-73.95427465438843,40.77677702,-73.9590097,member
2905376,0D1F66908EFE8031,classic_bike,2021-09-05 11:03:16,2021-09-05 11:05:00,E 81 St & 2 Ave,7121,E 81 St & Park Ave,7188,40.77477944895728,-73.95427465438843,40.77677702,-73.9590097,member
2905377,3F7C34440FD0CEAA,classic_bike,2021-09-05 11:07:46,2021-09-05 11:09:36,E 81 St & 2 Ave,7121,E 81 St & Park Ave,7188,40.77477944895728,-73.95427465438843,40.77677702,-73.9590097,member
2905378,E03D32EFFDF733C8,classic_bike,2021-09-05 10:57:43,2021-09-05 10:59:32,E 81 St & 2 Ave,7121,E 81 St & Park Ave,7188,40.77477944895728,-73.95427465438843,40.77677702,-73.9590097,member
2905379,A72D05E610B9764C,classic_bike,2021-09-05 10:52:57,2021-09-05 10:54:46,E 81 St & 2 Ave,7121,E 81 St & Park Ave,7188,40.77477944895728,-73.95427465438843,40.77677702,-73.9590097,member
2905383,5B7C6B4201C59535,electric_bike,2021-09-08 18:56:07,2021-09-08 19:02:20,E 75 St & 3 Ave,6991,E 81 St & Park Ave,7188,40.77112927,-73.95772297,40.77677702,-73.9590097,casual
2905387,561081EDF6C64C7D,classic_bike,2021-09-14 14:49:10,2021-09-14 14:54:40,1 Ave & E 78 St,7020,E 81 St & Park Ave,7188,40.77140426,-73.9535166,40.77677702,-73.9590097,member
2905388,A34033C07DE28F7F,classic_bike,2021-09-08 17:23:06,2021-09-08 17:26:46,1 Ave & E 78 St,7020,E 81 St & Park Ave,7188,40.77140426,-73.9535166,40.77677702,-73.9590097,member
2905389,FA2A365C92C31E96,classic_bike,2021-09-11 09:17:46,2021-09-11 09:21:46,1 Ave & E 78 St,7020,E 81 St & Park Ave,7188,40.77140426,-73.9535166,40.77677702,-73.9590097,member
2905392,BDC9A7CBBC03BD4E,classic_bike,2021-09-05 14:39:42,2021-09-05 14:44:13,1 Ave & E 78 St,7020,E 81 St & Park Ave,7188,40.77140426,-73.9535166,40.77677702,-73.9590097,member
2905393,DB013B68B29F1B9C,classic_bike,2021-09-17 11:49:30,2021-09-17 11:53:59,1 Ave & E 78 St,7020,E 81 St & Park Ave,7188,40.77140426,-73.9535166,40.77677702,-73.9590097,member
2905399,E06671B627EA7E7E,classic_bike,2021-09-21 14:23:37,2021-09-21 14:37:09,W 55 St & 6 Ave,6809,E 81 St & Park Ave,7188,40.763189,-73.978434,40.77677702,-73.9590097,member
2905412,12CD9D8813FB7431,classic_bike,2021-09-29 17:29:58,2021-09-29 17:34:45,1 Ave & E 78 St,7020,E 81 St & Park Ave,7188,40.77140426,-73.9535166,40.77677702,-73.9590097,member
2905414,B8AD1A0B61206058,electric_bike,2021-09-25 13:31:00,2021-09-25 13:35:01,1 Ave & E 78 St,7020,E 81 St & Park Ave,7188,40.77140426,-73.9535166,40.77677702,-73.9590097,casual
2905416,0E5FB01AF0C3A8A8,electric_bike,2021-09-17 18:43:38,2021-09-17 18:47:40,1 Ave & E 78 St,7020,E 81 St & Park Ave,7188,40.77140426,-73.9535166,40.77677702,-73.9590097,member
2905423,93662F123D48DCCD,classic_bike,2021-09-06 18:35:59,2021-09-06 18:39:41,5 Ave & E 72 St,7100,E 81 St & Park Ave,7188,40.77282817,-73.96685276,40.77677702,-73.9590097,member
2905442,AC2EDA874C85577E,electric_bike,2021-09-19 08:08:42,2021-09-19 08:20:14,W 110 St & Amsterdam Ave,7646,E 81 St & Park Ave,7188,40.802692,-73.96295,40.77677702,-73.9590097,member
2905452,50BC10D26BBDFE7F,classic_bike,2021-09-23 09:27:03,2021-09-23 09:44:54,W 42 St & 6 Ave,6517,E 81 St & Park Ave,7188,40.75492,-73.98455,40.77677702,-73.9590097,member
2905472,0E524309AD4E34A2,electric_bike,2021-09-27 08:04:17,2021-09-27 08:27:49,46 Ave & 5 St,6286,E 81 St & Park Ave,7188,40.74731,-73.95451,40.77677702,-73.9590097,member
2905498,CE3D087E953AA63A,classic_bike,2021-09-02 10:59:28,2021-09-02 11:05:40,E 81 St & York Ave,7084,E 81 St & Park Ave,7188,40.7728384,-73.94989233,40.77677702,-73.9590097,member
2905503,DA24F8A1D992EA1D,classic_bike,2021-09-08 10:45:18,2021-09-08 10:52:44,2 Ave & E 72 St,6925,E 81 St & Park Ave,7188,40.7687620293096,-73.95840793848038,40.77677702,-73.9590097,member
2905507,002BE7395E60AF3B,classic_bike,2021-09-23 09:04:32,2021-09-23 09:10:56,E 85 St & 3 Ave,7212,E 81 St & Park Ave,7188,40.77801203,-73.95407149,40.77677702,-73.9590097,casual
2905519,373E52DB6C1AD4E8,classic_bike,2021-09-08 09:39:15,2021-09-08 09:44:34,2 Ave & E 72 St,6925,E 81 St & Park Ave,7188,40.7687620293096,-73.95840793848038,40.77677702,-73.9590097,member
2905521,43EDC04158B64E42,classic_bike,2021-09-12 17:38:37,2021-09-12 17:43:59,E 77 St & 3 Ave,7092,E 81 St & Park Ave,7188,40.77314236,-73.95856158,40.77677702,-73.9590097,member
2905522,9A453FF4D2DC3E4F,classic_bike,2021-09-14 07:53:58,2021-09-14 08:00:05,E 77 St & 3 Ave,7092,E 81 St & Park Ave,7188,40.77314236,-73.95856158,40.77677702,-73.9590097,member
2905525,D6D7E1A94F1A30E9,classic_bike,2021-09-07 15:06:32,2021-09-07 15:21:35,Broadway & W 58 St,6948,E 81 St & Park Ave,7188,40.76695317,-73.98169333,40.77677702,-73.9590097,casual
2905544,62715BB039A17C73,classic_bike,2021-09-10 17:57:05,2021-09-10 18:17:08,Central Park W & W 97 St,7538,E 81 St & Park Ave,7188,40.79249519495111,-73.96417066463071,40.77677702,-73.9590097,member
2905549,06EB562B80089CA1,classic_bike,2021-09-06 18:07:49,2021-09-06 18:40:56,Central Park W & W 97 St,7538,E 81 St & Park Ave,7188,40.79249519495111,-73.96417066463071,40.77677702,-73.9590097,casual
2905558,F478EFCCBF376F4B,classic_bike,2021-09-12 12:58:17,2021-09-12 13:33:55,Gansevoort St & Hudson St,6072,E 81 St & Park Ave,7188,40.73944820130404,-74.00507032871246,40.77677702,-73.9590097,member
2905573,368876611167BC41,electric_bike,2021-09-10 18:15:56,2021-09-10 18:17:37,E 81 St & 3 Ave,7154,E 81 St & Park Ave,7188,40.77573034,-73.9567526,40.77677702,-73.9590097,member
2905593,B55E5A613FF1BE2F,classic_bike,2021-09-20 09:24:00,2021-09-20 09:28:18,1 Ave & E 78 St,7020,E 81 St & Park Ave,7188,40.77140426,-73.9535166,40.77677702,-73.9590097,member
2905596,96F1837902FCD05C,classic_bike,2021-09-21 18:08:15,2021-09-21 18:27:14,W 100 St & Broadway,7580,E 81 St & Park Ave,7188,40.7973721,-73.97041192,40.77677702,-73.9590097,member
2905602,B022CB2A0A9AEC1E,classic_bike,2021-09-06 15:29:58,2021-09-06 15:34:52,5 Ave & E 87 St,7323,E 81 St & Park Ave,7188,40.78231448346993,-73.95980536937714,40.77677702,-73.9590097,member
2905606,104842B2CB5B9289,classic_bike,2021-09-06 15:25:59,2021-09-06 15:34:32,5 Ave & E 87 St,7323,E 81 St & Park Ave,7188,40.78231448346993,-73.95980536937714,40.77677702,-73.9590097,casual
2905609,91BC34DA362DD6E7,classic_bike,2021-09-30 18:39:57,2021-09-30 18:51:15,E 53 St & Madison Ave,6659,E 81 St & Park Ave,7188,40.7597108,-73.97402311,40.77677702,-73.9590097,member
2905618,EE0DF8CC64D53D2B,classic_bike,2021-09-22 12:09:15,2021-09-22 12:30:48,W 42 St & 8 Ave,6602,E 81 St & Park Ave,7188,40.7575699,-73.99098507,40.77677702,-73.9590097,member
2905621,09B90AC8BBE47026,electric_bike,2021-09-13 18:04:55,2021-09-13 19:52:51,5 Ave & E 87 St,7323,E 81 St & Park Ave,7188,40.78232260730881,-73.95987510681152,40.77677702,-73.9590097,casual
2905622,A100AF5EC185FF93,classic_bike,2021-09-06 11:32:27,2021-09-06 11:39:48,1 Ave & E 78 St,7020,E 81 St & Park Ave,7188,40.77140426,-73.9535166,40.77677702,-73.9590097,member
2905632,41C952F62D190B26,classic_bike,2021-09-24 13:02:11,2021-09-24 13:19:09,E 53 St & Madison Ave,6659,E 81 St & Park Ave,7188,40.7597108,-73.97402311,40.77677702,-73.9590097,member
2905647,069A2FB62DD21330,classic_bike,2021-09-08 20:36:16,2021-09-08 20:49:16,Columbus Ave & W 72 St,7175,E 81 St & Park Ave,7188,40.7770575,-73.97898475,40.77677702,-73.9590097,member
2905648,135C2053C04EF459,classic_bike,2021-09-07 12:58:52,2021-09-07 13:07:24,Columbus Ave & W 72 St,7175,E 81 St & Park Ave,7188,40.7770575,-73.97898475,40.77677702,-73.9590097,member
2905660,84CAA0CA5CE6B0A2,classic_bike,2021-09-26 10:23:07,2021-09-26 10:32:10,East End Ave & E 86 St,7113,E 81 St & Park Ave,7188,40.77518615,-73.94446054,40.77677702,-73.9590097,member
2905661,A5346070485BC6AC,classic_bike,2021-09-20 19:15:21,2021-09-20 19:22:44,East End Ave & E 86 St,7113,E 81 St & Park Ave,7188,40.77518615,-73.94446054,40.77677702,-73.9590097,member
2905691,5EF38A533FADEBD3,classic_bike,2021-09-12 08:05:47,2021-09-12 08:34:02,E 2 St & Avenue B,5515,E 81 St & Park Ave,7188,40.72217444,-73.98368779,40.77677702,-73.9590097,member
2905697,70B5FCFDBA0E8AA6,classic_bike,2021-09-20 23:57:52,2021-09-21 00:11:10,W 54 St & 9 Ave,6920,E 81 St & Park Ave,7188,40.76584941,-73.98690506,40.77677702,-73.9590097,member
2905698,0798E339DF7376E0,classic_bike,2021-09-17 08:31:24,2021-09-17 08:47:35,6 Ave & W 45 St,6593,E 81 St & Park Ave,7188,40.756951,-73.982631,40.77677702,-73.9590097,member
2905699,1FCFEE3A7E3196A5,classic_bike,2021-09-13 03:43:13,2021-09-13 03:47:12,E 81 St & 2 Ave,7121,E 81 St & Park Ave,7188,40.77477944895728,-73.95427465438843,40.77677702,-73.9590097,member
2905700,23743CC90AB276CA,classic_bike,2021-09-06 09:27:35,2021-09-06 09:31:04,E 81 St & 2 Ave,7121,E 81 St & Park Ave,7188,40.77477944895728,-73.95427465438843,40.77677702,-73.9590097,member
2905705,ACA6D86CC854D1BF,classic_bike,2021-09-13 08:22:07,2021-09-13 08:35:52,7 Ave & Central Park South,6912,E 81 St & Park Ave,7188,40.7667405590595,-73.9790689945221,40.77677702,-73.9590097,member
2905719,A036FB0C50D55F0D,classic_bike,2021-09-03 12:30:52,2021-09-03 13:00:11,St Mary's St & Jackson Ave,7737,E 81 St & Park Ave,7188,40.808891,-73.91081,40.77677702,-73.9590097,member
2905726,600D0EEC33A01B0E,classic_bike,2021-09-23 14:55:21,2021-09-23 15:04:09,1 Ave & E 62 St,6753,E 81 St & Park Ave,7188,40.7612274,-73.96094022,40.77677702,-73.9590097,member
2905734,63D17A894A45874B,classic_bike,2021-09-11 12:15:46,2021-09-11 12:37:44,1 Ave & E 68 St,6822,E 81 St & Park Ave,7188,40.76500525,-73.95818491,40.77677702,-73.9590097,casual
2905739,820164D4C85D961F,electric_bike,2021-09-09 14:36:48,2021-09-09 14:44:28,E 82 St & East End Ave,7049,E 81 St & Park Ave,7188,40.7724607,-73.9468208,40.77677702,-73.9590097,casual
2905742,E1750CF3EECEF05C,classic_bike,2021-09-05 15:05:57,2021-09-05 15:16:41,2 Ave & E 96 St,7338,E 81 St & Park Ave,7188,40.7839636,-73.9471673,40.77677702,-73.9590097,member
2905745,84F1F7B099C0DB78,electric_bike,2021-09-05 23:59:18,2021-09-06 00:01:50,5 Ave & E 78 St,7161,E 81 St & Park Ave,7188,40.77632142182271,-73.96427392959595,40.77677702,-73.9590097,member
2905753,F5BAA94AB53A1CE6,electric_bike,2021-09-29 13:09:09,2021-09-29 13:33:21,W 55 St & 6 Ave,6809,E 81 St & Park Ave,7188,40.763189,-73.978434,40.77677702,-73.9590097,member
2905754,37E463A56C417ADC,electric_bike,2021-09-15 13:16:06,2021-09-15 13:26:21,W 55 St & 6 Ave,6809,E 81 St & Park Ave,7188,40.763189,-73.978434,40.77677702,-73.9590097,member
2905755,03D66D7F849E80EE,electric_bike,2021-09-18 16:53:20,2021-09-18 17:08:57,W 87 St & West End Ave,7484,E 81 St & Park Ave,7188,40.789622,-73.97757,40.77677702,-73.9590097,casual
2905765,1837E68D252795FC,classic_bike,2021-09-06 10:12:26,2021-09-06 10:15:49,5 Ave & E 78 St,7161,E 81 St & Park Ave,7188,40.77632142182271,-73.96427392959595,40.77677702,-73.9590097,member
2905810,4F757541BB813FBB,classic_bike,2021-09-22 18:35:52,2021-09-22 18:50:59,Central Park W & W 103 St,7577,E 81 St & Park Ave,7188,40.79558954105342,-73.96188408136368,40.77677702,-73.9590097,member
2905812,914EBB24B68146D0,classic_bike,2021-09-06 11:36:09,2021-09-06 11:43:35,E 63 St & 3 Ave,6830,E 81 St & Park Ave,7188,40.763954,-73.9646,40.77677702,-73.9590097,member
2905822,7770DEF6CAD643CE,classic_bike,2021-09-02 15:24:12,2021-09-02 15:47:03,W 63 St & Broadway,7052,E 81 St & Park Ave,7188,40.77163851,-73.98261428,40.77677702,-73.9590097,member
2905825,73CE4CE1F66EF245,electric_bike,2021-09-12 09:10:14,2021-09-12 09:12:40,E 76 St & Park Ave,7128,E 81 St & Park Ave,7188,40.773763,-73.96222088,40.77677702,-73.9590097,member
2905829,DDC424C805B1C142,electric_bike,2021-09-17 14:07:23,2021-09-17 14:21:49,8 Ave & W 31 St,6450,E 81 St & Park Ave,7188,40.7505853470215,-73.9946848154068,40.77677702,-73.9590097,member
2905853,D4FB9A4DCF37E363,electric_bike,2021-09-03 06:48:36,2021-09-03 06:55:38,E 106 St & Madison Ave,7528,E 81 St & Park Ave,7188,40.7934337,-73.94945003,40.77677702,-73.9590097,member
2905868,7597AB0978F18BD7,classic_bike,2021-09-18 10:39:02,2021-09-18 11:11:47,12 Ave & W 40 St,6765,E 81 St & Park Ave,7188,40.76087502,-74.00277668,40.77677702,-73.9590097,member
2905874,D325C54E4ABFFDC9,classic_bike,2021-09-01 13:24:11,2021-09-01 13:27:25,E 85 St & 3 Ave,7212,E 81 St & Park Ave,7188,40.77801203,-73.95407149,40.77677702,-73.9590097,member
2905878,2B4E3A3068FEC03F,classic_bike,2021-09-24 09:03:44,2021-09-24 09:06:59,E 85 St & 3 Ave,7212,E 81 St & Park Ave,7188,40.77801203,-73.95407149,40.77677702,-73.9590097,member
2905883,AD57A5208CD6EDC4,electric_bike,2021-09-27 14:16:05,2021-09-27 14:21:20,E 89 St & 3 Ave,7265,E 81 St & Park Ave,7188,40.7806284,-73.9521667,40.77677702,-73.9590097,casual
2905886,2B919915AE3915D1,docked_bike,2021-09-10 06:43:26,2021-09-10 06:47:11,E 89 St & 3 Ave,7265,E 81 St & Park Ave,7188,40.780628,-73.952167,40.776777,-73.95901,casual
2905891,46D3DABF550B918A,classic_bike,2021-09-25 18:35:08,2021-09-25 18:48:52,1 Ave & E 110 St,7522,E 81 St & Park Ave,7188,40.7923272,-73.9383,40.77677702,-73.9590097,member
2905893,769470AB141A60C6,classic_bike,2021-09-02 06:32:46,2021-09-02 06:58:31,E 17 St & Broadway,5980,E 81 St & Park Ave,7188,40.73704984,-73.99009296,40.77677702,-73.9590097,casual
2905903,68E9E121D5A8675A,classic_bike,2021-09-22 17:11:48,2021-09-22 17:26:33,Central Park West & W 68 St,7079,E 81 St & Park Ave,7188,40.7734066,-73.97782542,40.77677702,-73.9590097,casual
2905904,C556BEE09D7CA517,classic_bike,2021-09-23 10:26:38,2021-09-23 10:37:41,Madison Ave & E 82 St,7188,Columbus Ave & W 95 St,7520,40.7781314,-73.96069399,40.7919557,-73.968087,member
2905914,9A4CD3EE963447F4,classic_bike,2021-09-04 00:49:53,2021-09-04 01:10:25,W 24 St & 7 Ave,6257,E 81 St & Park Ave,7188,40.74487634,-73.99529885,40.77677702,-73.9590097,casual
2905915,2E99F4BFEB0BEF72,electric_bike,2021-09-26 08:26:53,2021-09-26 08:31:49,3 Ave & E 71 St,6960,E 81 St & Park Ave,7188,40.76873687,-73.96119945,40.77677702,-73.9590097,casual
2905920,EAD356A4AD062703,classic_bike,2021-09-11 13:13:21,2021-09-11 13:15:22,E 81 St & 3 Ave,7154,E 81 St & Park Ave,7188,40.77573034,-73.9567526,40.77677702,-73.9590097,casual
2905923,4E5C099C0B4C85B2,classic_bike,2021-09-18 17:06:58,2021-09-18 17:52:57,W 36 St & 9 Ave,6569,E 81 St & Park Ave,7188,40.75462324029105,-73.99516761302948,40.77677702,-73.9590097,casual
2905932,38F372D6B539A43F,electric_bike,2021-09-26 10:23:34,2021-09-26 10:24:58,E 81 St & 3 Ave,7154,E 81 St & Park Ave,7188,40.77573034,-73.9567526,40.77677702,-73.9590097,member
2905934,EEDCC82317C777BD,electric_bike,2021-09-21 07:04:09,2021-09-21 07:05:02,E 81 St & 3 Ave,7154,E 81 St & Park Ave,7188,40.77573034,-73.9567526,40.77677702,-73.9590097,member
2905935,75CC8B37814A45A8,classic_bike,2021-09-12 12:39:21,2021-09-12 12:42:09,E 81 St & 3 Ave,7154,E 81 St & Park Ave,7188,40.77573034,-73.9567526,40.77677702,-73.9590097,member
2905939,6616FC205F26CD96,classic_bike,2021-09-12 20:25:59,2021-09-12 20:27:39,E 81 St & 3 Ave,7154,E 81 St & Park Ave,7188,40.77573034,-73.9567526,40.77677702,-73.9590097,member
2905940,8739C7F52ECAE5BB,classic_bike,2021-09-04 14:56:39,2021-09-04 14:57:49,E 81 St & 3 Ave,7154,E 81 St & Park Ave,7188,40.77573034,-73.9567526,40.77677702,-73.9590097,member
2905951,7BD5690FFD5A0027,electric_bike,2021-09-25 13:43:53,2021-09-25 14:00:20,E 118 St & 3 Ave,7611,E 81 St & Park Ave,7188,40.799139,-73.9389152,40.77677702,-73.9590097,member
2905952,E270403CC68780A2,electric_bike,2021-09-05 13:37:05,2021-09-05 14:35:11,Hudson St & Reade St,5359,E 81 St & Park Ave,7188,40.71625008,-74.0091059,40.77677702,-73.9590097,casual
2905953,EA465D2138AA1244,electric_bike,2021-09-01 10:06:04,2021-09-01 10:36:52,30 Ave & 41 St,6812,E 81 St & Park Ave,7188,40.763422,-73.914142,40.77677702,-73.9590097,casual
2906000,5570979227EF0A9E,electric_bike,2021-09-24 14:25:12,2021-09-24 14:37:09,Madison Ave & E 82 St,7188,Columbus Ave & W 95 St,7520,40.7781314,-73.96069399,40.7919557,-73.968087,member
2906001,ACD9CBEA5A9CB4AD,classic_bike,2021-09-09 15:42:00,2021-09-09 16:00:26,Madison Ave & E 82 St,7188,Columbus Ave & W 95 St,7520,40.7781314,-73.96069399,40.7919557,-73.968087,member
2906003,7BB0865BEEF1C330,classic_bike,2021-09-13 16:42:12,2021-09-13 16:45:05,Madison Ave & E 82 St,7188,E 81 St & Park Ave,7188,40.7781314,-73.96069399,40.77677702,-73.9590097,member
2906005,B77813A9D6BFD159,classic_bike,2021-09-25 15:10:22,2021-09-25 17:31:39,Columbia St & Degraw St,4422,E 81 St & Park Ave,7188,40.6859296,-74.00242364,40.77677702,-73.9590097,member
2906006,8FCC75ED1F4C34E4,classic_bike,2021-09-28 23:27:46,2021-09-28 23:40:06,Madison Ave & E 82 St,7188,Columbus Ave & W 95 St,7520,40.7781314,-73.96069399,40.7919557,-73.968087,member
2906025,7EC0C67FC0DEFD30,classic_bike,2021-09-11 10:28:06,2021-09-11 10:57:05,Lexington Ave & E 26 St,6089,E 81 St & Park Ave,7188,40.741459,-73.983293,40.77677702,-73.9590097,member
2906034,7B1AAD725497F5D5,classic_bike,2021-09-12 14:03:27,2021-09-12 14:12:19,E 91 St & Park Ave,7344,E 81 St & Park Ave,7188,40.7835016,-73.955327,40.77677702,-73.9590097,member
2906037,41A29F08B9CE5ABC,classic_bike,2021-09-29 09:11:52,2021-09-29 09:15:40,E 91 St & Park Ave,7344,E 81 St & Park Ave,7188,40.7835016,-73.955327,40.77677702,-73.9590097,member
2906045,E881A290A0252F1B,classic_bike,2021-09-18 13:07:07,2021-09-18 13:08:13,Madison Ave & E 82 St,7188,E 81 St & Park Ave,7188,40.7781314,-73.96069399,40.77677702,-73.9590097,member
2906046,DD32F3587CF267CD,classic_bike,2021-09-18 13:04:23,2021-09-18 13:05:15,Madison Ave & E 82 St,7188,E 81 St & Park Ave,7188,40.7781314,-73.96069399,40.77677702,-73.9590097,member
2906047,B9385DB190B30543,classic_bike,2021-09-18 12:45:46,2021-09-18 12:46:41,Madison Ave & E 82 St,7188,E 81 St & Park Ave,7188,40.7781314,-73.96069399,40.77677702,-73.9590097,member
2906048,4C7045427C7102FD,classic_bike,2021-09-18 13:41:57,2021-09-18 13:43:02,Madison Ave & E 82 St,7188,E 81 St & Park Ave,7188,40.7781314,-73.96069399,40.77677702,-73.9590097,member
2906049,B980EA03F629C52A,classic_bike,2021-09-18 13:01:34,2021-09-18 13:02:28,Madison Ave & E 82 St,7188,E 81 St & Park Ave,7188,40.7781314,-73.96069399,40.77677702,-73.9590097,member
2906050,F30F87B7C2FF8DB9,classic_bike,2021-09-18 12:52:03,2021-09-18 12:53:00,Madison Ave & E 82 St,7188,E 81 St & Park Ave,7188,40.7781314,-73.96069399,40.77677702,-73.9590097,member
2906051,F19799F479458D13,classic_bike,2021-09-18 12:48:56,2021-09-18 12:49:44,Madison Ave & E 82 St,7188,E 81 St & Park Ave,7188,40.7781314,-73.96069399,40.77677702,-73.9590097,member
2906052,1B242665C322A116,classic_bike,2021-09-18 13:12:32,2021-09-18 13:13:31,Madison Ave & E 82 St,7188,E 81 St & Park Ave,7188,40.7781314,-73.96069399,40.77677702,-73.9590097,member
2906053,E7791C15C15113CA,classic_bike,2021-09-18 13:36:28,2021-09-18 13:37:20,Madison Ave & E 82 St,7188,E 81 St & Park Ave,7188,40.7781314,-73.96069399,40.77677702,-73.9590097,member
2906054,54DD9F5AA52D1B42,classic_bike,2021-09-18 13:39:06,2021-09-18 13:40:08,Madison Ave & E 82 St,7188,E 81 St & Park Ave,7188,40.7781314,-73.96069399,40.77677702,-73.9590097,member
2906055,695434AB3A3AB4DD,classic_bike,2021-09-18 13:30:26,2021-09-18 13:31:27,Madison Ave & E 82 St,7188,E 81 St & Park Ave,7188,40.7781314,-73.96069399,40.77677702,-73.9590097,member
2906056,D538097D71C3205D,classic_bike,2021-09-18 13:44:38,2021-09-18 13:45:39,Madison Ave & E 82 St,7188,E 81 St & Park Ave,7188,40.7781314,-73.96069399,40.77677702,-73.9590097,member
2906057,F6B5D3668D0199F3,classic_bike,2021-09-18 13:33:14,2021-09-18 13:34:33,Madison Ave & E 82 St,7188,E 81 St & Park Ave,7188,40.7781314,-73.96069399,40.77677702,-73.9590097,member
2906058,D63118BE1B28A8F9,classic_bike,2021-09-18 13:09:52,2021-09-18 13:10:37,Madison Ave & E 82 St,7188,E 81 St & Park Ave,7188,40.7781314,-73.96069399,40.77677702,-73.9590097,member
2906059,66A0A932A3A4A334,classic_bike,2021-09-18 12:55:15,2021-09-18 12:56:23,Madison Ave & E 82 St,7188,E 81 St & Park Ave,7188,40.7781314,-73.96069399,40.77677702,-73.9590097,member
2906060,BB1847166699F145,classic_bike,2021-09-18 12:58:24,2021-09-18 12:59:25,Madison Ave & E 82 St,7188,E 81 St & Park Ave,7188,40.7781314,-73.96069399,40.77677702,-73.9590097,member
2906073,9E731ABCAF398C73,classic_bike,2021-09-23 15:59:53,2021-09-23 16:04:58,E 91 St & Park Ave,7344,E 81 St & Park Ave,7188,40.7835016,-73.955327,40.77677702,-73.9590097,member
2906083,9DCF410EE999953A,classic_bike,2021-09-15 13:57:28,2021-09-15 14:51:47,E 16 St & 5 Ave,6022,E 81 St & Park Ave,7188,40.73726186,-73.99238967,40.77677702,-73.9590097,casual
2906084,550A721323A60DAD,classic_bike,2021-09-29 17:29:06,2021-09-29 18:01:54,E 16 St & 5 Ave,6022,E 81 St & Park Ave,7188,40.73726186,-73.99238967,40.77677702,-73.9590097,member
2906086,B38CF7943331F937,electric_bike,2021-09-12 08:50:27,2021-09-12 08:58:48,W 89 St & Columbus Ave,7432,E 81 St & Park Ave,7188,40.7882213,-73.97041561,40.77677702,-73.9590097,member
2906087,65CBE6E875BC17C8,classic_bike,2021-09-30 07:59:58,2021-09-30 08:02:58,E 91 St & Park Ave,7344,E 81 St & Park Ave,7188,40.7835016,-73.955327,40.77677702,-73.9590097,member
2906091,58136623BDAA678D,classic_bike,2021-09-23 08:11:30,2021-09-23 08:14:50,E 91 St & Park Ave,7344,E 81 St & Park Ave,7188,40.7835016,-73.955327,40.77677702,-73.9590097,member
2906092,0A4BA330F3A77329,classic_bike,2021-09-16 15:52:24,2021-09-16 16:20:20,E 16 St & 5 Ave,6022,E 81 St & Park Ave,7188,40.73726186,-73.99238967,40.77677702,-73.9590097,member
2906094,53EBEA397CF13F18,electric_bike,2021-09-10 19:30:19,2021-09-10 19:34:30,E 91 St & Park Ave,7344,E 81 St & Park Ave,7188,40.7835016,-73.955327,40.77677702,-73.9590097,member
2906098,55B106890AE90F45,classic_bike,2021-09-20 16:28:57,2021-09-20 16:34:23,E 91 St & Park Ave,7344,E 81 St & Park Ave,7188,40.7835016,-73.955327,40.77677702,-73.9590097,member
2906100,3216A83B70B9F3FC,classic_bike,2021-09-15 07:56:21,2021-09-15 07:59:32,E 91 St & Park Ave,7344,E 81 St & Park Ave,7188,40.7835016,-73.955327,40.77677702,-73.9590097,member
2906123,27AE04C88745EEA4,classic_bike,2021-09-08 09:01:48,2021-09-08 09:06:01,E 91 St & Park Ave,7344,E 81 St & Park Ave,7188,40.7835016,-73.955327,40.77677702,-73.9590097,member
2906127,413CB8C4D604CC7F,classic_bike,2021-09-25 18:01:54,2021-09-25 18:33:06,E 16 St & 5 Ave,6022,E 81 St & Park Ave,7188,40.73726186,-73.99238967,40.77677702,-73.9590097,member
2906128,3FD56451357C6F22,classic_bike,2021-09-30 17:45:29,2021-09-30 18:19:28,E 16 St & 5 Ave,6022,E 81 St & Park Ave,7188,40.73726186,-73.99238967,40.77677702,-73.9590097,member
2906131,B474BE6E739EBEC5,classic_bike,2021-09-09 09:08:43,2021-09-09 09:13:10,E 91 St & Park Ave,7344,E 81 St & Park Ave,7188,40.7835016,-73.955327,40.77677702,-73.9590097,member
2906133,292B673AE6C97EE0,classic_bike,2021-09-28 19:55:09,2021-09-28 19:58:07,E 91 St & Park Ave,7344,E 81 St & Park Ave,7188,40.7835016,-73.955327,40.77677702,-73.9590097,member
2906134,9B7D08FB419727EF,classic_bike,2021-09-07 09:23:00,2021-09-07 09:26:57,E 91 St & Park Ave,7344,E 81 St & Park Ave,7188,40.7835016,-73.955327,40.77677702,-73.9590097,member
2906144,706060E50C34A1BD,electric_bike,2021-09-24 09:15:23,2021-09-24 09:18:53,E 91 St & Park Ave,7344,E 81 St & Park Ave,7188,40.7835016,-73.955327,40.77677702,-73.9590097,member
2906146,E7B4FCEE2479CC0F,classic_bike,2021-09-09 08:17:59,2021-09-09 08:43:25,E 91 St & Park Ave,7344,E 81 St & Park Ave,7188,40.7835016,-73.955327,40.77677702,-73.9590097,member
2906159,ABC20B0F37F0A2E4,classic_bike,2021-09-29 16:32:04,2021-09-29 17:20:19,W 33 St & 7 Ave,6407,E 81 St & Park Ave,7188,40.75019995,-73.99093085,40.77677702,-73.9590097,member
2906160,91C481A976B30173,classic_bike,2021-09-11 17:09:35,2021-09-11 17:40:34,Ave D & E 8 St,5506,E 81 St & Park Ave,7188,40.72368361,-73.97574813,40.77677702,-73.9590097,casual
2906170,9F6E0E327FF88F65,classic_bike,2021-09-30 18:54:47,2021-09-30 19:08:51,Amsterdam Ave & W 82 St,7360,E 81 St & Park Ave,7188,40.78524672,-73.97667321,40.77677702,-73.9590097,casual
2906189,753490D1DDA97CB7,electric_bike,2021-09-14 06:53:26,2021-09-14 06:58:21,E 68 St & 3 Ave,6896,E 81 St & Park Ave,7188,40.76712840349542,-73.96224617958069,40.77677702,-73.9590097,member
2906193,BCFFEC096C84294C,classic_bike,2021-09-15 15:12:17,2021-09-15 15:26:51,2 Ave & E 99 St,7386,E 81 St & Park Ave,7188,40.7862586,-73.94552579,40.77677702,-73.9590097,member
2906199,7C1D6542C3EB6395,classic_bike,2021-09-30 18:43:32,2021-09-30 18:56:17,2 Ave & E 99 St,7386,E 81 St & Park Ave,7188,40.7862586,-73.94552579,40.77677702,-73.9590097,member
2906201,4301C4C307949D6D,classic_bike,2021-09-13 07:55:09,2021-09-13 08:10:22,Adam Clayton Powell Blvd & W 115 St,7643,E 81 St & Park Ave,7188,40.802535,-73.9532423,40.77677702,-73.9590097,member
2906207,86778EE587260C09,classic_bike,2021-09-05 13:44:59,2021-09-05 14:33:24,W 34 St & 11 Ave,6578,E 81 St & Park Ave,7188,40.75594159,-74.0021163,40.77677702,-73.9590097,casual
2906221,40DBDFEC1CEFEE67,electric_bike,2021-09-01 14:01:29,2021-09-01 14:10:29,Madison Ave & E 82 St,7188,Columbus Ave & W 95 St,7520,40.7781314,-73.96069399,40.7919557,-73.968087,member
2906222,BF0E6253FCBB1121,electric_bike,2021-09-13 15:17:55,2021-09-13 15:28:40,Madison Ave & E 82 St,7188,Columbus Ave & W 95 St,7520,40.7781314,-73.96069399,40.7919557,-73.968087,member
2906223,7D96C0B64953B223,classic_bike,2021-09-14 08:11:37,2021-09-14 08:13:20,Madison Ave & E 82 St,7188,E 81 St & Park Ave,7188,40.7781314,-73.96069399,40.77677702,-73.9590097,member
2906241,55600028325814F6,classic_bike,2021-09-23 11:49:09,2021-09-23 12:00:27,2 Ave & E 104 St,7436,E 81 St & Park Ave,7188,40.7892105,-73.94370784,40.77677702,-73.9590097,casual
2906253,8F00D441A2E2442C,electric_bike,2021-09-27 07:45:37,2021-09-27 07:49:43,E 85 St & York Ave,7146,E 81 St & Park Ave,7188,40.77536905,-73.94803392,40.77677702,-73.9590097,member
2906279,390BCC3CBC7F8AEB,classic_bike,2021-09-08 08:36:55,2021-09-08 09:01:33,1 Ave & E 30 St,6079,E 81 St & Park Ave,7188,40.74144387,-73.97536082,40.77677702,-73.9590097,member
2906280,B1A9F295C924AF05,classic_bike,2021-09-08 17:44:13,2021-09-08 18:07:35,W 44 St & 5 Ave,6551,E 81 St & Park Ave,7188,40.75500254,-73.98014437,40.77677702,-73.9590097,member
2906281,CE84AFDE27260DFC,classic_bike,2021-09-15 14:04:13,2021-09-15 14:22:19,W 44 St & 5 Ave,6551,E 81 St & Park Ave,7188,40.75500254,-73.98014437,40.77677702,-73.9590097,member
2906293,3E2C13AC7B63C27D,classic_bike,2021-09-27 17:44:20,2021-09-27 18:05:37,W 44 St & 5 Ave,6551,E 81 St & Park Ave,7188,40.75500254,-73.98014437,40.77677702,-73.9590097,member
2906301,C2AACE1A73ABD0A6,electric_bike,2021-09-08 08:35:48,2021-09-08 08:51:26,1 Ave & E 30 St,6079,E 81 St & Park Ave,7188,40.74144387,-73.97536082,40.77677702,-73.9590097,member
2906308,D5BB43BAECB0A369,classic_bike,2021-09-01 16:17:02,2021-09-01 16:38:26,Lexington Ave & E 36 St,6313,E 81 St & Park Ave,7188,40.7475739589548,-73.9788007736206,40.77677702,-73.9590097,casual
2906311,86EF7A904A65E88F,classic_bike,2021-09-13 16:38:35,2021-09-13 17:15:57,46 St & 25 Ave,6907,E 81 St & Park Ave,7188,40.765753,-73.90676,40.77677702,-73.9590097,member
2906408,0CA03A8834E29AA9,electric_bike,2021-09-14 15:20:25,2021-09-14 15:44:02,W 59 St & 10 Ave,7023,E 81 St & Park Ave,7188,40.770513,-73.988038,40.77677702,-73.9590097,member
2906411,D51ED286077115AB,classic_bike,2021-09-19 14:21:22,2021-09-19 14:37:59,W 106 St & Central Park West,7606,E 81 St & Park Ave,7188,40.7981856,-73.9605909006,40.77677702,-73.9590097,member
2906449,1D04D1EA94AE867A,classic_bike,2021-09-17 15:08:15,2021-09-17 15:22:54,2 Ave & E 55 St,6650,E 81 St & Park Ave,7188,40.757920208794026,-73.96638214588165,40.77677702,-73.9590097,member
2906455,7D080A3F1769BFA2,electric_bike,2021-09-24 16:57:45,2021-09-24 17:14:52,E 44 St & Lexington Ave,6464,E 81 St & Park Ave,7188,40.752643,-73.974996,40.77677702,-73.9590097,member
2906478,E880F515D18A0FF6,classic_bike,2021-09-03 14:32:23,2021-09-03 15:06:13,Huron St & Franklin St,5869,E 81 St & Park Ave,7188,40.73266,-73.95826,40.77677702,-73.9590097,member
2906482,B6215E62977F9185,electric_bike,2021-09-24 10:19:54,2021-09-24 10:32:37,W 47 St & 6 Ave,6667,E 81 St & Park Ave,7188,40.758397,-73.98255,40.77677702,-73.9590097,member
2906522,E25D72DFED0B87DF,electric_bike,2021-09-19 11:22:34,2021-09-19 11:51:30,Leonard St & Nassau Ave,5550,E 81 St & Park Ave,7188,40.7239567849954,-73.94984364509583,40.77677702,-73.9590097,member
2906536,DFE73E43F9F9EE03,classic_bike,2021-09-12 06:52:08,2021-09-12 06:59:59,1 Ave & E 78 St,7020,E 81 St & Park Ave,7188,40.77140426,-73.9535166,40.77677702,-73.9590097,member
2906539,CFD5D3467E0FA182,classic_bike,2021-09-26 15:47:26,2021-09-26 15:54:15,1 Ave & E 78 St,7020,E 81 St & Park Ave,7188,40.77140426,-73.9535166,40.77677702,-73.9590097,casual
2906547,6DEEF76ABB37AB28,classic_bike,2021-09-22 09:18:49,2021-09-22 09:37:57,W 42 St & 6 Ave,6517,E 81 St & Park Ave,7188,40.75492,-73.98455,40.77677702,-73.9590097,member
2906549,4A9C708C5EB460D9,electric_bike,2021-09-29 15:00:49,2021-09-29 15:20:49,31 St & Broadway,6789,E 81 St & Park Ave,7188,40.761584,-73.925921,40.77677702,-73.9590097,member
2906555,10ACD4B20EE915C5,classic_bike,2021-09-30 16:41:27,2021-09-30 16:53:13,E 53 St & Madison Ave,6659,E 81 St & Park Ave,7188,40.7597108,-73.97402311,40.77677702,-73.9590097,member
2906583,6716BD70A199ECD3,classic_bike,2021-09-23 17:23:16,2021-09-23 17:30:32,E 68 St & Madison Ave,6932,E 81 St & Park Ave,7188,40.7691572,-73.96703464,40.77677702,-73.9590097,member
2906604,12CB1F2F6E1488C5,classic_bike,2021-09-23 07:10:32,2021-09-23 07:14:28,E 72 St & Park Ave,6998,E 81 St & Park Ave,7188,40.77118287540658,-73.96409422159195,40.77677702,-73.9590097,member
2906606,5ADD67ED2720A5B0,classic_bike,2021-09-11 14:02:03,2021-09-11 14:06:28,E 72 St & Park Ave,6998,E 81 St & Park Ave,7188,40.77118287540658,-73.96409422159195,40.77677702,-73.9590097,member
2906617,2EFA04F5118B60E5,classic_bike,2021-09-09 08:53:37,2021-09-09 08:56:57,E 88 St & Park Ave,7293,E 81 St & Park Ave,7188,40.781410700190015,-73.95595908164978,40.77677702,-73.9590097,member
2906626,226DEB68573748EF,docked_bike,2021-09-08 06:41:22,2021-09-08 06:43:40,E 88 St & Park Ave,7293,E 81 St & Park Ave,7188,40.781411,-73.955959,40.776777,-73.95901,casual
2906629,F8B9E44442F1FD03,classic_bike,2021-09-25 21:54:12,2021-09-25 22:02:29,E 88 St & Park Ave,7293,E 81 St & Park Ave,7188,40.781410700190015,-73.95595908164978,40.77677702,-73.9590097,member
2906632,1BB07B3D7AD9AB54,electric_bike,2021-09-04 14:48:43,2021-09-04 15:21:15,E 68 St & Madison Ave,6932,E 81 St & Park Ave,7188,40.7691572,-73.96703464,40.77677702,-73.9590097,member
2906634,0667B30D0684B517,classic_bike,2021-09-17 19:37:43,2021-09-17 19:41:53,E 88 St & Park Ave,7293,E 81 St & Park Ave,7188,40.781410700190015,-73.95595908164978,40.77677702,-73.9590097,member
2906637,42869BCC0B975037,classic_bike,2021-09-06 19:26:04,2021-09-06 20:02:20,E 88 St & Park Ave,7293,E 81 St & Park Ave,7188,40.781410700190015,-73.95595908164978,40.77677702,-73.9590097,member
2906639,2B3DB7D953A50497,classic_bike,2021-09-10 08:55:11,2021-09-10 09:00:46,E 74 St & 1 Ave,6953,E 81 St & Park Ave,7188,40.7689738,-73.95482273,40.77677702,-73.9590097,member
2906645,6850371909138EFE,electric_bike,2021-09-10 16:52:30,2021-09-10 17:05:09,E 60 St & York Ave,6682,E 81 St & Park Ave,7188,40.759107,-73.959223,40.77677702,-73.9590097,member
2906658,C9C6046585A6F822,electric_bike,2021-09-12 13:33:45,2021-09-12 14:02:36,Perry St & Bleecker St,5922,E 81 St & Park Ave,7188,40.73535398,-74.00483091,40.77677702,-73.9590097,member
2906668,CD1CC6D0A88663CB,electric_bike,2021-09-12 17:15:04,2021-09-12 18:04:47,West End Ave & W 60 St,7059,E 81 St & Park Ave,7188,40.77237,-73.99005,40.77677702,-73.9590097,member
2906669,F13DBD962E3CF573,electric_bike,2021-09-26 07:52:22,2021-09-26 08:01:45,E 106 St & 1 Ave,7456,E 81 St & Park Ave,7188,40.7892529,-73.93956237,40.77677702,-73.9590097,member
2906687,E55006F27D397CB2,classic_bike,2021-09-11 13:24:31,2021-09-11 13:28:14,E 72 St & Park Ave,6998,E 81 St & Park Ave,7188,40.77118287540658,-73.96409422159195,40.77677702,-73.9590097,member
2906688,17B49AA30E3CA2D7,classic_bike,2021-09-09 09:48:03,2021-09-09 09:53:56,E 81 St & York Ave,7084,E 81 St & Park Ave,7188,40.7728384,-73.94989233,40.77677702,-73.9590097,member
2906690,529133ACA5A67714,classic_bike,2021-09-03 12:22:34,2021-09-03 12:30:01,E 81 St & York Ave,7084,E 81 St & Park Ave,7188,40.7728384,-73.94989233,40.77677702,-73.9590097,member
2906704,9C1257C480C83FC6,classic_bike,2021-09-23 15:52:21,2021-09-23 16:22:21,W 27 St & 7 Ave,6247,E 81 St & Park Ave,7188,40.746647,-73.993915,40.77677702,-73.9590097,member
2906714,2C335D8486F913CD,electric_bike,2021-09-27 11:34:45,2021-09-27 11:38:08,E 88 St & Park Ave,7293,E 81 St & Park Ave,7188,40.781410700190015,-73.95595908164978,40.77677702,-73.9590097,casual
2906724,D04DAAFD661A97D3,classic_bike,2021-09-11 14:57:03,2021-09-11 16:26:56,Broadway & W 38 St,6560,E 81 St & Park Ave,7188,40.7529728216068,-73.98734897375107,40.77677702,-73.9590097,casual
2906727,122F927C21F00475,classic_bike,2021-09-18 00:12:35,2021-09-18 00:21:51,E 72 St & Park Ave,6998,E 81 St & Park Ave,7188,40.77118287540658,-73.96409422159195,40.77677702,-73.9590097,casual
2906746,7C1E346749347D9F,electric_bike,2021-09-14 18:41:11,2021-09-14 18:52:44,E 40 St & 5 Ave,6474,E 81 St & Park Ave,7188,40.752062307,-73.9816324043,40.77677702,-73.9590097,member
2906753,C335A4A552D37310,classic_bike,2021-09-02 08:37:30,2021-09-02 08:41:04,E 88 St & Park Ave,7293,E 81 St & Park Ave,7188,40.781410700190015,-73.95595908164978,40.77677702,-73.9590097,member
2906755,638B5A692920FB8C,classic_bike,2021-09-11 13:38:18,2021-09-11 13:57:13,E 72 St & Park Ave,6998,E 81 St & Park Ave,7188,40.77118287540658,-73.96409422159195,40.77677702,-73.9590097,member
2906756,06A97CF65E01BE53,electric_bike,2021-09-28 13:34:10,2021-09-28 13:38:07,E 72 St & Park Ave,6998,E 81 St & Park Ave,7188,40.77118287540658,-73.96409422159195,40.77677702,-73.9590097,member
2906776,8A141CA9F6143D5D,classic_bike,2021-09-26 16:55:24,2021-09-26 17:05:06,E 84 St & Park Ave,7243,E 81 St & Park Ave,7188,40.77862688,-73.95772073,40.77677702,-73.9590097,member
2906777,7A6540D50248187F,classic_bike,2021-09-30 16:03:35,2021-09-30 16:16:50,Central Park West & W 72 St,7141,E 81 St & Park Ave,7188,40.77579376683666,-73.9762057363987,40.77677702,-73.9590097,member
2906778,F7C6477042104452,classic_bike,2021-09-12 13:58:23,2021-09-12 14:01:05,E 84 St & Park Ave,7243,E 81 St & Park Ave,7188,40.77862688,-73.95772073,40.77677702,-73.9590097,casual
2906782,F1C296F49E21D8FC,classic_bike,2021-09-22 12:51:54,2021-09-22 12:59:06,Central Park West & W 72 St,7141,E 81 St & Park Ave,7188,40.77579376683666,-73.9762057363987,40.77677702,-73.9590097,member
2906796,644485A55D173398,classic_bike,2021-09-12 20:18:54,2021-09-12 20:21:54,E 88 St & Park Ave,7293,E 81 St & Park Ave,7188,40.781410700190015,-73.95595908164978,40.77677702,-73.9590097,member
2906798,A6110E8FB2A44D28,classic_bike,2021-09-01 06:52:22,2021-09-01 06:59:55,Central Park West & W 72 St,7141,E 81 St & Park Ave,7188,40.77579376683666,-73.9762057363987,40.77677702,-73.9590097,member
2906799,9A6950C46E104FDD,classic_bike,2021-09-26 12:51:22,2021-09-26 12:53:25,E 84 St & Park Ave,7243,E 81 St & Park Ave,7188,40.77862688,-73.95772073,40.77677702,-73.9590097,member
2906809,0C52186452C02038,classic_bike,2021-09-11 13:31:19,2021-09-11 13:56:39,Pershing Square South,6432,E 81 St & Park Ave,7188,40.751581,-73.97791,40.77677702,-73.9590097,member
2906826,A361F96DC64E0826,electric_bike,2021-09-15 08:06:12,2021-09-15 08:21:42,Queens Plaza North & Crescent St,6429,E 81 St & Park Ave,7188,40.75110165,-73.94073717,40.77677702,-73.9590097,member
2906828,DD631CEF68716307,classic_bike,2021-09-20 16:34:10,2021-09-20 16:52:03,Lenox Ave & W 115 St,7627,E 81 St & Park Ave,7188,40.8011939,-73.9500739,40.77677702,-73.9590097,member
2906865,149681EB3F31B2AA,classic_bike,2021-09-06 14:32:41,2021-09-06 14:56:16,E 63 St & 3 Ave,6830,E 81 St & Park Ave,7188,40.763954,-73.9646,40.77677702,-73.9590097,casual
2906869,84E4F75A398959CB,classic_bike,2021-09-22 16:54:08,2021-09-22 17:39:25,Duffield St & Willoughby St,4596,E 81 St & Park Ave,7188,40.69221589,-73.9842844,40.77677702,-73.9590097,member
2906878,8E8B75472E92C2B1,classic_bike,2021-09-07 17:44:44,2021-09-07 17:48:49,E 85 St & 3 Ave,7212,E 81 St & Park Ave,7188,40.77801203,-73.95407149,40.77677702,-73.9590097,member
2906885,815D0A7CC14CD8E3,classic_bike,2021-09-24 10:13:34,2021-09-24 10:15:10,E 81 St & 3 Ave,7154,E 81 St & Park Ave,7188,40.77573034,-73.9567526,40.77677702,-73.9590097,member
2906886,F40E3F8FDE60F2DF,classic_bike,2021-09-28 17:49:30,2021-09-28 18:01:25,2 Ave & E 55 St,6650,E 81 St & Park Ave,7188,40.757920208794026,-73.96638214588165,40.77677702,-73.9590097,member
2906896,A0B11F88866ED066,classic_bike,2021-09-22 15:50:37,2021-09-22 16:04:39,Central Park S & 6 Ave,6876,E 81 St & Park Ave,7188,40.76590936,-73.97634151,40.77677702,-73.9590097,casual
2906901,31941F64279B070A,classic_bike,2021-09-19 12:35:03,2021-09-19 12:56:26,6 Ave & W 45 St,6593,E 81 St & Park Ave,7188,40.756951,-73.982631,40.77677702,-73.9590097,casual
2906904,47A26C207C7224C7,classic_bike,2021-09-11 09:19:52,2021-09-11 09:22:48,E 81 St & 2 Ave,7121,E 81 St & Park Ave,7188,40.77477944895728,-73.95427465438843,40.77677702,-73.9590097,member
2906908,C06376510B87777D,electric_bike,2021-09-08 14:07:42,2021-09-08 14:24:56,E 81 St & 2 Ave,7121,E 81 St & Park Ave,7188,40.77477944895728,-73.95427465438843,40.77677702,-73.9590097,member
2906910,A71677AEA6A47BE1,classic_bike,2021-09-14 14:02:34,2021-09-14 14:05:18,E 81 St & 2 Ave,7121,E 81 St & Park Ave,7188,40.77477944895728,-73.95427465438843,40.77677702,-73.9590097,member
2906912,4985DC8D55315124,classic_bike,2021-09-28 18:48:26,2021-09-28 18:50:51,E 81 St & 2 Ave,7121,E 81 St & Park Ave,7188,40.77477944895728,-73.95427465438843,40.77677702,-73.9590097,member
2906924,8BD68E0BCE48FEF5,classic_bike,2021-09-12 07:40:15,2021-09-12 08:11:44,Rivington St & Ridge St,5406,E 81 St & Park Ave,7188,40.71850211,-73.98329859,40.77677702,-73.9590097,member
2906929,135A48F5E4F520E5,electric_bike,2021-09-26 02:19:54,2021-09-26 03:05:46,Montrose Ave & Bushwick Ave,5068,E 81 St & Park Ave,7188,40.70767788,-73.94016171,40.77677702,-73.9590097,member
2906943,770CF48F87A77588,classic_bike,2021-09-14 13:51:02,2021-09-14 14:15:12,Frederick Douglass Blvd & W 117 St,7688,E 81 St & Park Ave,7188,40.805159,-73.954692,40.77677702,-73.9590097,member
2906950,A8C45E22ADCD6396,classic_bike,2021-09-26 13:31:37,2021-09-26 13:50:35,Frederick Douglass Blvd & W 117 St,7688,E 81 St & Park Ave,7188,40.805159,-73.954692,40.77677702,-73.9590097,member
2906951,974239F3AF381835,classic_bike,2021-09-14 21:03:49,2021-09-14 21:54:27,Mercer St & Spring St,5532,E 81 St & Park Ave,7188,40.72362738,-73.99949601,40.77677702,-73.9590097,member
2906958,213A765BC6C78EBA,electric_bike,2021-09-03 12:28:10,2021-09-03 12:41:57,W 59 St & 10 Ave,7023,E 81 St & Park Ave,7188,40.770513,-73.988038,40.77677702,-73.9590097,member
2906961,63C8478ADC7539B1,electric_bike,2021-09-15 23:51:44,2021-09-16 00:01:13,W 106 St & Central Park West,7606,E 81 St & Park Ave,7188,40.7981856,-73.9605909006,40.77677702,-73.9590097,member
2906962,BC567C26BA37AFE9,classic_bike,2021-09-15 20:29:56,2021-09-15 20:48:16,W 106 St & Central Park West,7606,E 81 St & Park Ave,7188,40.7981856,-73.9605909006,40.77677702,-73.9590097,member
2906965,B2F100B77C4FCB72,classic_bike,2021-09-11 19:08:14,2021-09-11 19:36:11,Barrow St & Hudson St,5805,E 81 St & Park Ave,7188,40.73172428,-74.00674436,40.77677702,-73.9590097,member
2906983,A0009ED457FC6435,classic_bike,2021-09-01 09:45:50,2021-09-01 09:52:50,Central Park W & W 91 St,7453,E 81 St & Park Ave,7188,40.78866499127884,-73.96680057048798,40.77677702,-73.9590097,member
2906994,AE1500A02B0DE2DC,electric_bike,2021-09-03 22:06:59,2021-09-03 22:26:37,W 44 St & 5 Ave,6551,E 81 St & Park Ave,7188,40.75500254,-73.98014437,40.77677702,-73.9590097,casual
2907021,81FA820A1C857B20,classic_bike,2021-09-18 13:10:04,2021-09-18 13:29:31,Central Park W & W 91 St,7453,E 81 St & Park Ave,7188,40.78866499127884,-73.96680057048798,40.77677702,-73.9590097,casual
2907022,319140E3D66810A2,classic_bike,2021-09-30 12:44:53,2021-09-30 12:57:10,Central Park W & W 103 St,7577,E 81 St & Park Ave,7188,40.79558954105342,-73.96188408136368,40.77677702,-73.9590097,member
2907047,EAABDF1ADA01CDCB,classic_bike,2021-09-15 20:33:40,2021-09-15 20:45:02,Central Park W & W 103 St,7577,E 81 St & Park Ave,7188,40.79558954105342,-73.96188408136368,40.77677702,-73.9590097,casual
2907076,50C6A41E1822E0A2,electric_bike,2021-09-20 18:11:30,2021-09-20 18:29:41,W 44 St & 5 Ave,6551,E 81 St & Park Ave,7188,40.75500254,-73.98014437,40.77677702,-73.9590097,member
2907077,09C1FE378F83A6A2,electric_bike,2021-09-15 17:32:23,2021-09-15 17:55:00,W 44 St & 5 Ave,6551,E 81 St & Park Ave,7188,40.75500254,-73.98014437,40.77677702,-73.9590097,member
2907109,A7C4CCC42720FFE6,electric_bike,2021-09-12 10:09:21,2021-09-12 10:15:31,E 66 St & Madison Ave,6969,E 81 St & Park Ave,7188,40.76800889305947,-73.96845281124115,40.77677702,-73.9590097,member
2907114,C321FBEE4A232F04,classic_bike,2021-09-11 19:53:52,2021-09-11 20:04:20,E 66 St & Madison Ave,6969,E 81 St & Park Ave,7188,40.76800889305947,-73.96845281124115,40.77677702,-73.9590097,casual
2907136,409BE3B505BE48C9,classic_bike,2021-09-16 10:18:25,2021-09-16 10:25:18,E 91 St & 2 Ave,7286,E 81 St & Park Ave,7188,40.78115276427916,-73.94963040947914,40.77677702,-73.9590097,member
2907143,536F25409443DBCF,classic_bike,2021-09-27 16:02:58,2021-09-27 16:09:31,E 66 St & Madison Ave,6969,E 81 St & Park Ave,7188,40.76800889305947,-73.96845281124115,40.77677702,-73.9590097,member
2907256,9B4403F4CE837C5A,classic_bike,2021-09-08 12:07:57,2021-09-08 12:38:01,W 20 St & 8 Ave,6224,E 81 St & Park Ave,7188,40.74345335,-74.00004031,40.77677702,-73.9590097,casual
2907264,BC06A4BC7CA8B116,classic_bike,2021-09-16 17:06:02,2021-09-16 17:13:17,1 Ave & E 78 St,7020,E 81 St & Park Ave,7188,40.77140426,-73.9535166,40.77677702,-73.9590097,member
2907268,C02EFBC959354ABA,classic_bike,2021-09-10 18:08:39,2021-09-10 18:49:39,Cleveland Pl & Spring St,5492,E 81 St & Park Ave,7188,40.722103786686034,-73.99724900722504,40.77677702,-73.9590097,member
2907299,01EDB8C780CD5C3E,electric_bike,2021-09-10 07:08:49,2021-09-10 07:11:29,E 76 St & Park Ave,7128,E 81 St & Park Ave,7188,40.773763,-73.96222088,40.77677702,-73.9590097,member
2907304,923AF63B8A493C2F,classic_bike,2021-09-09 07:53:43,2021-09-09 07:55:47,E 76 St & Park Ave,7128,E 81 St & Park Ave,7188,40.773763,-73.96222088,40.77677702,-73.9590097,member
2907316,E5B99C63A42F869B,classic_bike,2021-09-06 00:58:17,2021-09-06 01:00:35,E 76 St & Park Ave,7128,E 81 St & Park Ave,7188,40.773763,-73.96222088,40.77677702,-73.9590097,member
2907324,36E487DA84CEAE8F,classic_bike,2021-09-17 12:16:28,2021-09-17 12:31:32,E 76 St & Park Ave,7128,E 81 St & Park Ave,7188,40.773763,-73.96222088,40.77677702,-73.9590097,member
2907328,0EB6223171C01C97,classic_bike,2021-09-23 14:12:32,2021-09-23 14:41:43,W 63 St & Broadway,7052,E 81 St & Park Ave,7188,40.77163851,-73.98261428,40.77677702,-73.9590097,member
2907343,8F23575AA6B6F73B,electric_bike,2021-09-18 21:29:13,2021-09-18 22:02:28,E 76 St & Park Ave,7128,E 81 St & Park Ave,7188,40.773763,-73.96222088,40.77677702,-73.9590097,casual
2907367,89CBAA06F0C2971A,electric_bike,2021-09-08 14:09:40,2021-09-08 14:11:46,E 76 St & Park Ave,7128,E 81 St & Park Ave,7188,40.773763,-73.96222088,40.77677702,-73.9590097,member
2907405,9AA0086493221BD1,classic_bike,2021-09-03 23:02:21,2021-09-03 23:03:35,Madison Ave & E 82 St,7188,E 81 St & Park Ave,7188,40.7781314,-73.96069399,40.77677702,-73.9590097,member
2907407,9401A771856E1342,classic_bike,2021-09-30 18:28:45,2021-09-30 18:37:03,Madison Ave & E 82 St,7188,E 81 St & Park Ave,7188,40.7781314,-73.96069399,40.77677702,-73.9590097,member
2907408,FA8D7035FDEC6142,classic_bike,2021-09-25 19:08:53,2021-09-25 19:19:15,Madison Ave & E 82 St,7188,E 81 St & Park Ave,7188,40.7781314,-73.96069399,40.77677702,-73.9590097,member
2907414,C6E86B2034AE2670,docked_bike,2021-09-04 03:40:16,2021-09-04 04:01:16,LaGuardia Pl & W 3 St,5721,E 81 St & Park Ave,7188,40.72917,-73.998102,40.776777,-73.95901,casual
2907425,C08B771C4488CE04,classic_bike,2021-09-13 19:16:36,2021-09-13 19:48:28,W 26 St & 10 Ave,6382,E 81 St & Park Ave,7188,40.749717753,-74.002950346,40.77677702,-73.9590097,casual
2907440,BE5DC8A134647BB3,classic_bike,2021-09-26 13:51:25,2021-09-26 14:10:44,W 43 St & 10 Ave,6756,E 81 St & Park Ave,7188,40.76009437,-73.99461843,40.77677702,-73.9590097,member
2907441,5427184B33BF4B2F,classic_bike,2021-09-04 17:03:57,2021-09-04 17:08:44,E 81 St & 2 Ave,7121,E 81 St & Park Ave,7188,40.77477944895728,-73.95427465438843,40.77677702,-73.9590097,member
2907442,BD33C24BD52A5AEF,classic_bike,2021-09-23 12:55:05,2021-09-23 13:19:28,E 48 St & 3 Ave,6541,E 81 St & Park Ave,7188,40.7546011026,-73.971878855,40.77677702,-73.9590097,member
2907471,5CFFB7F7A5EB980B,classic_bike,2021-09-13 20:47:59,2021-09-13 21:05:47,5 Ave & E 87 St,7323,E 81 St & Park Ave,7188,40.78232260730881,-73.95987510681152,40.77677702,-73.9590097,casual
2907480,D1CCA3E2A726BFDD,electric_bike,2021-09-03 14:32:33,2021-09-03 15:06:05,E 85 St & York Ave,7146,E 81 St & Park Ave,7188,40.77536905,-73.94803392,40.77677702,-73.9590097,member
2907499,95E51D3B28D8AB02,classic_bike,2021-09-23 16:45:49,2021-09-23 16:59:46,6 Ave & W 45 St,6593,E 81 St & Park Ave,7188,40.756951,-73.982631,40.77677702,-73.9590097,member
2907501,A31E6E53FC444155,electric_bike,2021-09-02 13:28:21,2021-09-02 13:53:58,Broadway & E 21 St,6098,E 81 St & Park Ave,7188,40.73988840858996,-73.98958593606949,40.77677702,-73.9590097,member
2907509,A42B7E338B94EC46,classic_bike,2021-09-05 07:18:56,2021-09-05 07:21:42,E 85 St & 3 Ave,7212,E 81 St & Park Ave,7188,40.77801203,-73.95407149,40.77677702,-73.9590097,member
2907510,E4B046AB14B3FF2F,classic_bike,2021-09-05 07:49:55,2021-09-05 07:53:31,E 85 St & 3 Ave,7212,E 81 St & Park Ave,7188,40.77801203,-73.95407149,40.77677702,-73.9590097,member
2907511,A62228AE3172FC51,classic_bike,2021-09-05 08:10:58,2021-09-05 08:13:53,E 85 St & 3 Ave,7212,E 81 St & Park Ave,7188,40.77801203,-73.95407149,40.77677702,-73.9590097,member
2907512,02C30854A8F5EEDC,classic_bike,2021-09-05 07:38:59,2021-09-05 07:42:35,E 85 St & 3 Ave,7212,E 81 St & Park Ave,7188,40.77801203,-73.95407149,40.77677702,-73.9590097,member
2907513,BBC100AE24AF1958,classic_bike,2021-09-05 07:28:55,2021-09-05 07:31:41,E 85 St & 3 Ave,7212,E 81 St & Park Ave,7188,40.77801203,-73.95407149,40.77677702,-73.9590097,member
2907514,F6CD091C94FB5E14,classic_bike,2021-09-05 07:09:14,2021-09-05 07:12:23,E 85 St & 3 Ave,7212,E 81 St & Park Ave,7188,40.77801203,-73.95407149,40.77677702,-73.9590097,member
2907515,46B4B7BE71E0DA30,classic_bike,2021-09-05 08:01:12,2021-09-05 08:04:03,E 85 St & 3 Ave,7212,E 81 St & Park Ave,7188,40.77801203,-73.95407149,40.77677702,-73.9590097,member
2907516,9612438F33BAF277,classic_bike,2021-09-05 08:20:33,2021-09-05 08:24:01,E 85 St & 3 Ave,7212,E 81 St & Park Ave,7188,40.77801203,-73.95407149,40.77677702,-73.9590097,member
2907524,C74A7342E97462E1,electric_bike,2021-09-15 11:01:39,2021-09-15 11:23:47,E 54 St & 1 Ave,6608,E 81 St & Park Ave,7188,40.756265,-73.964179,40.77677702,-73.9590097,member
2907525,91AE0EF3CD0FCCD6,classic_bike,2021-09-17 11:41:00,2021-09-17 12:06:13,E 63 St & 3 Ave,6830,E 81 St & Park Ave,7188,40.763954,-73.9646,40.77677702,-73.9590097,member
2907526,DC12713DE8B6D847,electric_bike,2021-09-16 10:42:28,2021-09-16 10:55:17,E 54 St & 1 Ave,6608,E 81 St & Park Ave,7188,40.756265,-73.964179,40.77677702,-73.9590097,member
2907531,0C7C5D09C52FEDA5,classic_bike,2021-09-06 14:37:16,2021-09-06 14:55:39,E 63 St & 3 Ave,6830,E 81 St & Park Ave,7188,40.763954,-73.9646,40.77677702,-73.9590097,casual
2907537,DBC06491AFAAFE73,classic_bike,2021-09-18 17:31:47,2021-09-18 17:47:27,Central Park West & W 72 St,7141,E 81 St & Park Ave,7188,40.77579376683666,-73.9762057363987,40.77677702,-73.9590097,casual
2907540,0DB52288F2C0333C,electric_bike,2021-09-05 15:10:35,2021-09-05 15:47:54,E 84 St & Park Ave,7243,E 81 St & Park Ave,7188,40.77862688,-73.95772073,40.77677702,-73.9590097,casual
2907545,3DACE566908631C9,classic_bike,2021-09-27 18:58:54,2021-09-27 19:07:07,E 84 St & Park Ave,7243,E 81 St & Park Ave,7188,40.77862688,-73.95772073,40.77677702,-73.9590097,member
2907594,D89A9F7248C7764C,electric_bike,2021-09-23 12:27:14,2021-09-23 12:40:28,W 63 St & Broadway,7052,E 81 St & Park Ave,7188,40.77163851,-73.98261428,40.77677702,-73.9590097,member
2907595,4952D597F00F0E69,classic_bike,2021-09-02 15:16:23,2021-09-02 15:18:48,E 76 St & Park Ave,7128,E 81 St & Park Ave,7188,40.773763,-73.96222088,40.77677702,-73.9590097,member
2907596,C4BC1822A6878FCA,classic_bike,2021-09-09 22:59:53,2021-09-09 23:02:50,E 76 St & Park Ave,7128,E 81 St & Park Ave,7188,40.773763,-73.96222088,40.77677702,-73.9590097,member
2907602,FA9F892EF163067A,classic_bike,2021-09-07 14:11:32,2021-09-07 14:22:53,W 63 St & Broadway,7052,E 81 St & Park Ave,7188,40.77163851,-73.98261428,40.77677702,-73.9590097,member
2907607,A47D06A435E8F700,classic_bike,2021-09-02 22:32:41,2021-09-02 22:34:17,E 76 St & Park Ave,7128,E 81 St & Park Ave,7188,40.773763,-73.96222088,40.77677702,-73.9590097,member
2907650,CA009C6AC8241E3F,classic_bike,2021-09-30 13:46:09,2021-09-30 14:00:13,Madison Ave & E 82 St,7188,Broadway & W 53 St,6779,40.7781314,-73.96069399,40.76344058,-73.98268129,casual
2907664,372E8A06D7D7AC73,classic_bike,2021-09-12 14:56:59,2021-09-12 15:26:27,Madison Ave & E 82 St,7188,Spring St & Hudson St,5653,40.7781314,-73.96069399,40.72583996792375,-74.0076532959938,casual
2907676,21EE267FE08F0AC9,classic_bike,2021-09-10 11:40:55,2021-09-10 11:55:50,Madison Ave & E 82 St,7188,W 41 St & 8 Ave,6602,40.7781314,-73.96069399,40.75640548,-73.9900262,member
2908672,0466DE500BE7F7B6,classic_bike,2021-09-16 09:06:50,2021-09-16 09:11:28,1 Ave & E 78 St,7020,E 81 St & Park Ave,7188,40.77140426,-73.9535166,40.77677702,-73.9590097,member
2909006,EEA773B4B0C5F3CE,electric_bike,2021-09-26 09:38:24,2021-09-26 09:49:43,Madison Ave & E 82 St,7188,Broadway & W 53 St,6779,40.7781314,-73.96069399,40.76344058,-73.98268129,member
2909009,03EEBC704B99A0AE,classic_bike,2021-09-24 16:24:19,2021-09-24 16:37:15,Madison Ave & E 82 St,7188,Broadway & W 53 St,6779,40.7781314,-73.96069399,40.76344058,-73.98268129,member
2912820,91AC7983B5B584E5,classic_bike,2021-09-11 08:59:31,2021-09-11 09:09:14,E 81 St & Park Ave,7188,2 Ave & E 104 St,7436,40.77677702,-73.9590097,40.7892105,-73.94370784,member
2912885,475CB038B64C14DF,classic_bike,2021-09-27 08:47:59,2021-09-27 09:03:35,E 81 St & Park Ave,7188,Broadway & W 53 St,6779,40.77677702,-73.9590097,40.76344058,-73.98268129,member
2912937,888CE47103205A83,classic_bike,2021-09-13 18:51:54,2021-09-13 19:01:46,E 81 St & Park Ave,7188,2 Ave & E 104 St,7436,40.77677702,-73.9590097,40.7892105,-73.94370784,member
2913973,0E641B8892AC101C,classic_bike,2021-09-04 15:40:00,2021-09-04 16:05:19,Madison Ave & E 82 St,7188,Broadway & W 53 St,6779,40.7781314,-73.96069399,40.76344058,-73.98268129,casual
2917147,A43A6ECDA8C8CB6E,classic_bike,2021-09-04 15:40:26,2021-09-04 16:04:53,Madison Ave & E 82 St,7188,Broadway & W 53 St,6779,40.7781314,-73.96069399,40.76344058,-73.98268129,casual
2917216,3C1DD4ABCEB31060,classic_bike,2021-09-16 14:46:35,2021-09-16 15:04:55,Madison Ave & E 82 St,7188,W 41 St & 8 Ave,6602,40.7781314,-73.96069399,40.75640548,-73.9900262,casual
2917218,39BA3D7057B21F68,classic_bike,2021-09-27 16:53:45,2021-09-27 17:25:01,Madison Ave & E 82 St,7188,Broadway & W 53 St,6779,40.7781314,-73.96069399,40.76344058,-73.98268129,casual
2917234,3611C4D5BD800163,classic_bike,2021-09-25 17:09:58,2021-09-25 18:25:01,Madison Ave & E 82 St,7188,Bayard St & Baxter St,5351,40.7781314,-73.96069399,40.71602118,-73.99974372,casual
2918209,7F35909DDFAFD386,classic_bike,2021-09-25 17:05:53,2021-09-25 17:38:28,Madison Ave & E 82 St,7188,Broadway & W 53 St,6779,40.7781314,-73.96069399,40.76344058,-73.98268129,casual
2925060,CE5CEBAB2CF24A07,electric_bike,2021-09-14 16:45:52,2021-09-14 17:42:59,Madison Ave & E 82 St,7188,Broadway & W 53 St,6779,40.7781314,-73.96069399,40.76344058,-73.98268129,casual
2925107,5A86F694957DEF13,classic_bike,2021-09-02 16:11:58,2021-09-02 16:46:52,Madison Ave & E 82 St,7188,W 41 St & 8 Ave,6602,40.7781314,-73.96069399,40.75640548,-73.9900262,casual
2926311,DC0463A050A26F60,electric_bike,2021-09-15 20:59:41,2021-09-15 21:14:06,Madison Ave & E 82 St,7188,Broadway & W 53 St,6779,40.7781314,-73.96069399,40.76344058,-73.98268129,member
2928623,4A9FCF8885387D3C,classic_bike,2021-09-21 10:35:07,2021-09-21 10:52:01,E 81 St & Park Ave,7188,Broadway & W 53 St,6779,40.77677702,-73.9590097,40.76344058,-73.98268129,member
2930122,B5733452ECF4075A,classic_bike,2021-09-24 12:16:39,2021-09-24 12:30:02,E 81 St & Park Ave,7188,Broadway & W 53 St,6779,40.77677702,-73.9590097,40.76344058,-73.98268129,member
2936385,C4A741B1F5822A3B,classic_bike,2021-09-23 08:25:36,2021-09-23 08:41:52,E 81 St & Park Ave,7188,Broadway & W 53 St,6779,40.77677702,-73.9590097,40.76344058,-73.98268129,member
2936387,B926733BACA44745,classic_bike,2021-09-30 14:32:06,2021-09-30 14:48:38,E 81 St & Park Ave,7188,Broadway & W 53 St,6779,40.77677702,-73.9590097,40.76344058,-73.98268129,member
2936698,21E5CCA4CEE7F7C8,electric_bike,2021-09-30 10:19:48,2021-09-30 10:35:05,Madison Ave & E 82 St,7188,Broadway & W 53 St,6779,40.7781314,-73.96069399,40.76344058,-73.98268129,member
2936700,EE204905E0A0FA88,classic_bike,2021-09-22 09:37:36,2021-09-22 10:06:24,Madison Ave & E 82 St,7188,Broadway & W 53 St,6779,40.7781314,-73.96069399,40.76344058,-73.98268129,casual
2936710,80AC189C5FD8B9EA,classic_bike,2021-09-25 17:05:36,2021-09-25 17:37:56,Madison Ave & E 82 St,7188,Broadway & W 53 St,6779,40.7781314,-73.96069399,40.76344058,-73.98268129,casual
2936744,511403E3F7763D8A,classic_bike,2021-09-30 08:44:02,2021-09-30 09:00:52,Madison Ave & E 82 St,7188,Broadway & W 53 St,6779,40.7781314,-73.96069399,40.76344058,-73.98268129,member
2936771,D3C9C31D4979D9CA,classic_bike,2021-09-07 17:03:53,2021-09-07 17:47:34,Madison Ave & E 82 St,7188,Bayard St & Baxter St,5351,40.7781314,-73.96069399,40.71602118,-73.99974372,member
2936772,9A080C2E0A30D2F5,classic_bike,2021-09-24 16:39:09,2021-09-24 17:20:03,Madison Ave & E 82 St,7188,W 41 St & 8 Ave,6602,40.7781314,-73.96069399,40.75640548,-73.9900262,member
2936798,E6C5DE8905307098,classic_bike,2021-09-27 16:54:45,2021-09-27 17:21:57,Madison Ave & E 82 St,7188,Broadway & W 53 St,6779,40.7781314,-73.96069399,40.76344058,-73.98268129,casual
2936815,277F8E3ED216A77B,classic_bike,2021-09-06 15:44:27,2021-09-06 16:31:11,Madison Ave & E 82 St,7188,Spring St & Hudson St,5653,40.7781314,-73.96069399,40.72583996792375,-74.0076532959938,member
2936824,9E42624247F4E5D8,electric_bike,2021-09-02 16:58:50,2021-09-02 17:31:49,Madison Ave & E 82 St,7188,W 41 St & 8 Ave,6602,40.7781314,-73.96069399,40.75640548,-73.9900262,casual
2937518,21C753A0A7E3CA39,classic_bike,2021-09-25 12:13:24,2021-09-25 12:24:36,Madison Ave & E 82 St,7188,2 Ave & E 104 St,7436,40.7781314,-73.96069399,40.7892105,-73.94370784,member
2937528,264A92B03C3AEBB3,classic_bike,2021-09-25 15:47:49,2021-09-25 17:38:16,Madison Ave & E 82 St,7188,Broadway & W 53 St,6779,40.7781314,-73.96069399,40.76344058,-73.98268129,casual
2937547,66202FC8454B95F8,docked_bike,2021-09-11 17:54:20,2021-09-11 18:53:16,Madison Ave & E 82 St,7188,Spring St & Hudson St,5653,40.778131,-73.960694,40.72584,-74.007653,casual
2938068,7A10F2C8FFFE703F,electric_bike,2021-09-11 21:09:09,2021-09-11 21:36:40,Madison Ave & E 82 St,7188,E 9 St & Avenue C,5616,40.7781314,-73.96069399,40.72521311,-73.97768752,member
2938077,6E84AA2199A5DCD5,electric_bike,2021-09-11 13:28:58,2021-09-11 14:08:00,Madison Ave & E 82 St,7188,E 2 St & 2 Ave,5593,40.7781314,-73.96069399,40.72502876,-73.99069656,casual
2938195,1439284DF7090B9E,classic_bike,2021-09-10 15:58:46,2021-09-10 16:20:30,Madison Ave & E 82 St,7188,E 47 St & 1 Ave,6498,40.7781314,-73.96069399,40.75206862,-73.96784384,casual
2938199,F21FA1A7CAF63F0E,classic_bike,2021-09-06 11:39:51,2021-09-06 11:56:09,Madison Ave & E 82 St,7188,W 44 St & 5 Ave,6551,40.7781314,-73.96069399,40.75500254,-73.98014437,member
2938211,FA14A6CC401C4C3F,electric_bike,2021-09-11 11:36:14,2021-09-11 11:52:15,Madison Ave & E 82 St,7188,Riverside Dr & W 104 St,7623,40.7781314,-73.96069399,40.8013434,-73.9711457439,member
2938229,43A3BD3FD7BACFB2,classic_bike,2021-09-15 08:51:17,2021-09-15 09:07:24,Madison Ave & E 82 St,7188,W 44 St & 5 Ave,6551,40.7781314,-73.96069399,40.75500254,-73.98014437,casual
2938419,F3CB53E93DBCC8B1,classic_bike,2021-09-14 17:10:14,2021-09-14 18:04:04,Madison Ave & E 82 St,7188,E 9 St & Avenue C,5616,40.7781314,-73.96069399,40.72521311,-73.97768752,member
2938422,4ED83E1DCB3C9A3A,electric_bike,2021-09-28 14:44:23,2021-09-28 15:16:59,Madison Ave & E 82 St,7188,Riverside Dr & W 104 St,7623,40.7781314,-73.96069399,40.8013434,-73.9711457439,member
2938440,8974FAEB8B4049C4,electric_bike,2021-09-13 20:37:06,2021-09-13 20:54:50,Madison Ave & E 82 St,7188,E 47 St & 1 Ave,6498,40.7781314,-73.96069399,40.75206862,-73.96784384,casual
2938457,D955C087B084F157,classic_bike,2021-09-12 16:10:39,2021-09-12 16:34:05,Madison Ave & E 82 St,7188,E 47 St & 1 Ave,6498,40.7781314,-73.96069399,40.75206862,-73.96784384,member
2938519,D075DDBAADBC21CB,classic_bike,2021-09-18 13:51:58,2021-09-18 14:10:41,Madison Ave & E 82 St,7188,W 44 St & 5 Ave,6551,40.7781314,-73.96069399,40.75500254,-73.98014437,casual
2938617,0C14FCA91EE4F6E2,classic_bike,2021-09-02 15:38:04,2021-09-02 16:18:14,Madison Ave & E 82 St,7188,E 2 St & 2 Ave,5593,40.7781314,-73.96069399,40.72502876,-73.99069656,member
2938628,50B6659FF304A8C3,electric_bike,2021-09-11 13:27:04,2021-09-11 14:07:14,Madison Ave & E 82 St,7188,E 2 St & 2 Ave,5593,40.7781314,-73.96069399,40.72502876,-73.99069656,casual
2938630,CC0389AC2E3C7E2B,electric_bike,2021-09-24 12:31:20,2021-09-24 12:44:11,Madison Ave & E 82 St,7188,W 44 St & 5 Ave,6551,40.7781314,-73.96069399,40.75500254,-73.98014437,casual
2938631,CA1AA03705FCA86E,electric_bike,2021-09-24 12:31:23,2021-09-24 12:44:06,Madison Ave & E 82 St,7188,W 44 St & 5 Ave,6551,40.7781314,-73.96069399,40.75500254,-73.98014437,casual
2938653,D8AF0CB4CDDE5FE6,classic_bike,2021-09-04 15:21:45,2021-09-04 15:55:36,Madison Ave & E 82 St,7188,Pier 40 - Hudson River Park,5696,40.7781314,-73.96069399,40.7277140777778,-74.01129573583603,casual
2940464,61A517275C242176,classic_bike,2021-09-08 18:48:43,2021-09-08 19:13:35,Madison Ave & E 82 St,7188,Riverside Dr & W 104 St,7623,40.7781314,-73.96069399,40.8013434,-73.9711457439,member
2940595,EFCDDF2EFA41C9C3,classic_bike,2021-09-18 09:52:36,2021-09-18 10:34:15,Madison Ave & E 82 St,7188,Pier 40 - Hudson River Park,5696,40.7781314,-73.96069399,40.7277140777778,-74.01129573583603,member
2940625,21076A38ACA18DDF,classic_bike,2021-09-17 15:31:40,2021-09-17 15:46:18,Madison Ave & E 82 St,7188,W 44 St & 5 Ave,6551,40.7781314,-73.96069399,40.75500254,-73.98014437,member
2941584,063BEBC05453E690,electric_bike,2021-09-27 10:08:06,2021-09-27 10:26:05,Madison Ave & E 82 St,7188,Riverside Dr & W 104 St,7623,40.7781314,-73.96069399,40.8013434,-73.9711457439,member
2941687,BC7779A124ADF8F3,classic_bike,2021-09-28 18:39:41,2021-09-28 18:54:47,Madison Ave & E 82 St,7188,W 44 St & 5 Ave,6551,40.7781314,-73.96069399,40.75500254,-73.98014437,casual
2957245,CD23992432855E5B,electric_bike,2021-09-23 12:10:16,2021-09-23 12:24:05,Madison Ave & E 82 St,7188,W 44 St & 5 Ave,6551,40.7781314,-73.96069399,40.75500254,-73.98014437,member
2957257,DA70D02BCBF89D13,electric_bike,2021-09-17 08:49:24,2021-09-17 09:01:09,Madison Ave & E 82 St,7188,W 44 St & 5 Ave,6551,40.7781314,-73.96069399,40.75500254,-73.98014437,casual
2957266,5068C284707E566E,classic_bike,2021-09-12 13:52:14,2021-09-12 15:08:32,Madison Ave & E 82 St,7188,W 44 St & 5 Ave,6551,40.7781314,-73.96069399,40.75500254,-73.98014437,casual
2957333,4121688ACC9E62F6,classic_bike,2021-09-11 17:27:02,2021-09-11 17:51:52,Madison Ave & E 82 St,7188,Riverside Dr & W 104 St,7623,40.7781314,-73.96069399,40.8013434,-73.9711457439,casual
2957464,535A7DF8CE86A6DF,electric_bike,2021-09-11 13:26:43,2021-09-11 14:07:46,Madison Ave & E 82 St,7188,E 2 St & 2 Ave,5593,40.7781314,-73.96069399,40.72502876,-73.99069656,casual
2957606,43BF2B38A59E48E3,classic_bike,2021-09-08 16:54:12,2021-09-08 18:47:24,Madison Ave & E 82 St,7188,Pier 40 - Hudson River Park,5696,40.7781314,-73.96069399,40.7277140777778,-74.01129573583603,casual
2957689,8464C770D73B37DD,electric_bike,2021-09-11 13:25:48,2021-09-11 14:07:45,Madison Ave & E 82 St,7188,E 2 St & 2 Ave,5593,40.7781314,-73.96069399,40.72502876,-73.99069656,casual
2961595,2C67129F021934C5,electric_bike,2021-09-20 07:16:25,2021-09-20 07:48:37,E 81 St & Park Ave,7188,W 13 St & 5 Ave,5947,40.77677702,-73.9590097,40.735445,-73.99431,member
2961625,EDE33EF33459F9F3,electric_bike,2021-09-30 12:44:58,2021-09-30 12:56:19,E 81 St & Park Ave,7188,Riverside Dr & W 104 St,7623,40.77677702,-73.9590097,40.8013434,-73.9711457439,member
2961662,A53120EF6CCE7E2D,electric_bike,2021-09-09 07:55:17,2021-09-09 08:05:50,E 81 St & Park Ave,7188,W 44 St & 5 Ave,6551,40.77677702,-73.9590097,40.75500254,-73.98014437,member
2961703,66449F6979541416,classic_bike,2021-09-27 10:50:39,2021-09-27 11:08:29,E 81 St & Park Ave,7188,W 44 St & 5 Ave,6551,40.77677702,-73.9590097,40.75500254,-73.98014437,member
2961737,089383FD52297BF8,electric_bike,2021-09-10 14:03:42,2021-09-10 14:21:00,E 81 St & Park Ave,7188,Riverside Dr & W 104 St,7623,40.77677702,-73.9590097,40.8013434,-73.9711457439,member
2961739,9DD1822856CE02A7,electric_bike,2021-09-27 12:09:57,2021-09-27 12:21:51,E 81 St & Park Ave,7188,Riverside Dr & W 104 St,7623,40.77677702,-73.9590097,40.8013434,-73.9711457439,member
2961750,88458EB59E6F4E03,classic_bike,2021-09-22 16:28:38,2021-09-22 16:52:35,E 81 St & Park Ave,7188,W 44 St & 5 Ave,6551,40.77677702,-73.9590097,40.75500254,-73.98014437,member
2962185,3294E5D646571916,electric_bike,2021-09-26 08:03:31,2021-09-26 08:15:18,E 81 St & Park Ave,7188,W 44 St & 5 Ave,6551,40.77677702,-73.9590097,40.75500254,-73.98014437,member
2965172,FD02C0F0759D33BE,electric_bike,2021-09-25 15:29:33,2021-09-25 15:44:06,E 81 St & Park Ave,7188,Riverside Dr & W 104 St,7623,40.77677702,-73.9590097,40.8013434,-73.9711457439,member
2973627,87DC908DB7582F7E,classic_bike,2021-09-21 17:32:02,2021-09-21 18:00:33,Madison Ave & E 82 St,7188,Pier 40 - Hudson River Park,5696,40.7781314,-73.96069399,40.7277140777778,-74.01129573583603,member
2973649,92C3292CC8D77156,classic_bike,2021-09-18 12:08:48,2021-09-18 13:33:21,Madison Ave & E 82 St,7188,Pier 40 - Hudson River Park,5696,40.7781314,-73.96069399,40.7277140777778,-74.01129573583603,casual
2973685,27290722B2C26286,classic_bike,2021-09-26 15:28:00,2021-09-26 15:58:40,Madison Ave & E 82 St,7188,Riverside Dr & W 104 St,7623,40.7781314,-73.96069399,40.8013434,-73.9711457439,casual
2976385,B622DCC36D27B42D,electric_bike,2021-09-04 11:59:14,2021-09-04 12:24:54,Madison Ave & E 82 St,7188,E 2 St & 2 Ave,5593,40.7781314,-73.96069399,40.72502876,-73.99069656,member
2977373,2D1CF298D5DAE984,classic_bike,2021-09-30 08:09:45,2021-09-30 08:25:24,E 81 St & Park Ave,7188,W 44 St & 5 Ave,6551,40.77677702,-73.9590097,40.75500254,-73.98014437,member
2977427,C26BF103087A7B25,electric_bike,2021-09-27 08:08:46,2021-09-27 08:19:27,E 81 St & Park Ave,7188,W 44 St & 5 Ave,6551,40.77677702,-73.9590097,40.75500254,-73.98014437,member
2996189,92B69F92E2AE8247,classic_bike,2021-09-14 13:23:18,2021-09-14 13:38:54,E 81 St & Park Ave,7188,W 44 St & 5 Ave,6551,40.77677702,-73.9590097,40.75500254,-73.98014437,member
3000157,EB0FCE2AE2A899A7,electric_bike,2021-09-23 11:21:15,2021-09-23 11:31:29,Madison Ave & E 82 St,7188,5 Ave & E 63 St,6904,40.7781314,-73.96069399,40.766368,-73.971518,member
3000177,400445699A4C653F,classic_bike,2021-09-21 11:27:04,2021-09-21 12:16:46,Madison Ave & E 82 St,7188,5 Ave & E 63 St,6904,40.7781314,-73.96069399,40.766368,-73.971518,casual
3000223,AC8068FE66FEC571,classic_bike,2021-09-17 18:39:25,2021-09-17 18:47:20,Madison Ave & E 82 St,7188,5 Ave & E 63 St,6904,40.7781314,-73.96069399,40.766368,-73.971518,member
3000226,DC24AB6DD518A5FC,classic_bike,2021-09-26 16:08:19,2021-09-26 17:18:39,Madison Ave & E 82 St,7188,5 Ave & E 63 St,6904,40.7781314,-73.96069399,40.766368,-73.971518,casual
3000231,5DD20E9E0275091C,classic_bike,2021-09-07 17:43:25,2021-09-07 18:05:44,Madison Ave & E 82 St,7188,Lenox Ave & W 117 St,7655,40.7781314,-73.96069399,40.8025566,-73.9490782,casual
3000232,286BE113721773D8,classic_bike,2021-09-18 14:33:33,2021-09-18 15:14:57,Madison Ave & E 82 St,7188,5 Ave & E 63 St,6904,40.7781314,-73.96069399,40.766368,-73.971518,casual
3000244,3CC45F7A2BDCE3F5,classic_bike,2021-09-06 18:17:49,2021-09-06 18:25:41,Madison Ave & E 82 St,7188,5 Ave & E 63 St,6904,40.7781314,-73.96069399,40.766368,-73.971518,member
3000246,55AB81605CF26604,classic_bike,2021-09-22 09:49:46,2021-09-22 09:56:17,Madison Ave & E 82 St,7188,5 Ave & E 63 St,6904,40.7781314,-73.96069399,40.766368,-73.971518,member
3000252,60AD93D1020F106C,classic_bike,2021-09-13 15:41:19,2021-09-13 15:48:11,Madison Ave & E 82 St,7188,5 Ave & E 63 St,6904,40.7781314,-73.96069399,40.766368,-73.971518,member
3000255,BE77FAE45CCBA82E,classic_bike,2021-09-17 21:57:18,2021-09-17 22:35:58,Madison Ave & E 82 St,7188,5 Ave & E 63 St,6904,40.7781314,-73.96069399,40.766368,-73.971518,member
3000258,F82356068714DA46,classic_bike,2021-09-23 08:32:33,2021-09-23 08:54:46,Madison Ave & E 82 St,7188,Adam Clayton Powell Blvd & W 126 St,7738,40.7781314,-73.96069399,40.80949534777948,-73.94776493310928,casual
3000262,C2D5DE6151512E2A,classic_bike,2021-09-24 19:59:44,2021-09-24 20:16:33,Madison Ave & E 82 St,7188,Lenox Ave & W 117 St,7655,40.7781314,-73.96069399,40.8025566,-73.9490782,member
3000263,614F94B4EB1E1BC1,classic_bike,2021-09-25 19:37:40,2021-09-25 19:55:25,Madison Ave & E 82 St,7188,Lenox Ave & W 117 St,7655,40.7781314,-73.96069399,40.8025566,-73.9490782,member
3000271,A6A1CD2E6F0F4174,electric_bike,2021-09-16 11:00:20,2021-09-16 11:10:59,Madison Ave & E 82 St,7188,5 Ave & E 63 St,6904,40.7781314,-73.96069399,40.766368,-73.971518,member
3000293,B8DEE8C9784693F3,classic_bike,2021-09-21 17:12:02,2021-09-21 17:18:32,Madison Ave & E 82 St,7188,5 Ave & E 63 St,6904,40.7781314,-73.96069399,40.766368,-73.971518,member
3000298,F5F856A8EC28A43A,classic_bike,2021-09-18 14:33:49,2021-09-18 15:14:30,Madison Ave & E 82 St,7188,5 Ave & E 63 St,6904,40.7781314,-73.96069399,40.766368,-73.971518,casual
3000329,8E636EB56166C4C0,classic_bike,2021-09-24 18:36:33,2021-09-24 18:51:12,Madison Ave & E 82 St,7188,Lenox Ave & W 117 St,7655,40.7781314,-73.96069399,40.8025566,-73.9490782,casual
3000333,2725DA47EAD8A83A,classic_bike,2021-09-04 10:04:13,2021-09-04 10:48:41,Madison Ave & E 82 St,7188,W 20 St & 10 Ave,6306,40.7781314,-73.96069399,40.745686,-74.005141,casual
3000334,E5632944F6065A56,classic_bike,2021-09-08 20:03:09,2021-09-08 20:11:06,Madison Ave & E 82 St,7188,5 Ave & E 63 St,6904,40.7781314,-73.96069399,40.766368,-73.971518,member
3000340,6532BCE35B8293F8,electric_bike,2021-09-06 13:59:51,2021-09-06 14:04:59,Madison Ave & E 82 St,7188,5 Ave & E 63 St,6904,40.7781314,-73.96069399,40.766368,-73.971518,member
3000352,9820164500A3C9C5,classic_bike,2021-09-14 10:36:51,2021-09-14 10:44:15,Madison Ave & E 82 St,7188,5 Ave & E 63 St,6904,40.7781314,-73.96069399,40.766368,-73.971518,member
3000355,06BC2186BB7E882F,classic_bike,2021-09-29 17:49:32,2021-09-29 17:57:24,Madison Ave & E 82 St,7188,5 Ave & E 63 St,6904,40.7781314,-73.96069399,40.766368,-73.971518,member
3000374,6EFD376F230DFC8B,classic_bike,2021-09-22 20:11:39,2021-09-22 20:19:55,Madison Ave & E 82 St,7188,5 Ave & E 63 St,6904,40.7781314,-73.96069399,40.766368,-73.971518,member
3000375,66264CA5FC64D48B,classic_bike,2021-09-10 19:56:53,2021-09-10 20:25:06,Madison Ave & E 82 St,7188,W 20 St & 10 Ave,6306,40.7781314,-73.96069399,40.745686,-74.005141,member
3000403,331F897352B95837,classic_bike,2021-09-03 17:56:43,2021-09-03 18:08:43,Madison Ave & E 82 St,7188,5 Ave & E 63 St,6904,40.7781314,-73.96069399,40.766368,-73.971518,casual
3000409,4C5ADA075A96E1D4,classic_bike,2021-09-28 13:56:13,2021-09-28 14:03:23,Madison Ave & E 82 St,7188,5 Ave & E 63 St,6904,40.7781314,-73.96069399,40.766368,-73.971518,member
3000417,B7D98AE410A2061A,classic_bike,2021-09-25 17:13:18,2021-09-25 17:25:50,Madison Ave & E 82 St,7188,5 Ave & E 63 St,6904,40.7781314,-73.96069399,40.766368,-73.971518,member
3000516,9E3AD00492F83C53,classic_bike,2021-09-02 16:31:42,2021-09-02 16:38:16,Madison Ave & E 82 St,7188,5 Ave & E 63 St,6904,40.7781314,-73.96069399,40.766368,-73.971518,member
3000552,F80C4214097361D7,electric_bike,2021-09-07 17:14:45,2021-09-07 17:19:54,Madison Ave & E 82 St,7188,5 Ave & E 63 St,6904,40.7781314,-73.96069399,40.766368,-73.971518,member
3000624,2EC7D89C50931504,classic_bike,2021-09-27 09:14:16,2021-09-27 12:27:12,Madison Ave & E 82 St,7188,5 Ave & E 63 St,6904,40.7781314,-73.96069399,40.766368,-73.971518,casual
3000626,E25E7C5F324684DD,classic_bike,2021-09-04 10:04:04,2021-09-04 10:48:37,Madison Ave & E 82 St,7188,W 20 St & 10 Ave,6306,40.7781314,-73.96069399,40.745686,-74.005141,casual
3000627,74304FDC206D1271,electric_bike,2021-09-10 17:12:08,2021-09-10 17:33:11,Madison Ave & E 82 St,7188,Lenox Ave & W 117 St,7655,40.7781314,-73.96069399,40.8025566,-73.9490782,casual
3000975,C18241EFF384DBB8,electric_bike,2021-09-17 13:26:37,2021-09-17 13:33:18,Madison Ave & E 82 St,7188,5 Ave & E 63 St,6904,40.7781314,-73.96069399,40.766368,-73.971518,member
3001044,172E4D91A2B42C9B,electric_bike,2021-09-16 12:46:52,2021-09-16 12:52:48,Madison Ave & E 82 St,7188,5 Ave & E 63 St,6904,40.7781314,-73.96069399,40.766368,-73.971518,member
3001046,7802213278880D24,classic_bike,2021-09-21 13:38:14,2021-09-21 13:52:24,Madison Ave & E 82 St,7188,5 Ave & E 63 St,6904,40.7781314,-73.96069399,40.766368,-73.971518,casual
3001080,E72B15EF106D9DB5,classic_bike,2021-09-03 17:58:17,2021-09-03 18:08:49,Madison Ave & E 82 St,7188,5 Ave & E 63 St,6904,40.7781314,-73.96069399,40.766368,-73.971518,casual
3002560,BD1DB2F66C24992D,classic_bike,2021-09-25 15:59:47,2021-09-25 16:33:28,Madison Ave & E 82 St,7188,W 20 St & 10 Ave,6306,40.7781314,-73.96069399,40.745686,-74.005141,member
3002561,A87014652E203734,electric_bike,2021-09-25 08:52:37,2021-09-25 08:58:06,Madison Ave & E 82 St,7188,5 Ave & E 63 St,6904,40.7781314,-73.96069399,40.766368,-73.971518,member
3007735,BDF31AAA289F05D0,classic_bike,2021-09-24 16:12:04,2021-09-24 16:18:45,Madison Ave & E 82 St,7188,5 Ave & E 63 St,6904,40.7781314,-73.96069399,40.766368,-73.971518,member
3013629,343484DEBBCBC1E9,classic_bike,2021-09-17 12:29:06,2021-09-17 12:38:21,E 81 St & Park Ave,7188,5 Ave & E 63 St,6904,40.77677702,-73.9590097,40.766368,-73.971518,member
3013638,B0204234AF5A316C,classic_bike,2021-09-16 18:08:01,2021-09-16 18:16:56,E 81 St & Park Ave,7188,5 Ave & E 63 St,6904,40.77677702,-73.9590097,40.766368,-73.971518,member
3013652,3703A2F38CF913EF,classic_bike,2021-09-29 19:51:13,2021-09-29 20:02:40,E 81 St & Park Ave,7188,5 Ave & E 63 St,6904,40.77677702,-73.9590097,40.766368,-73.971518,casual
3013656,8B80EEB0C5CE2A9C,electric_bike,2021-09-21 08:34:55,2021-09-21 08:42:53,E 81 St & Park Ave,7188,5 Ave & E 63 St,6904,40.77677702,-73.9590097,40.766368,-73.971518,member
3013711,5DBE0CA945BB546F,classic_bike,2021-09-20 12:10:48,2021-09-20 12:20:16,E 81 St & Park Ave,7188,5 Ave & E 63 St,6904,40.77677702,-73.9590097,40.766368,-73.971518,member
3013712,6F4E3652FA254E00,classic_bike,2021-09-14 18:46:12,2021-09-14 18:53:44,E 81 St & Park Ave,7188,5 Ave & E 63 St,6904,40.77677702,-73.9590097,40.766368,-73.971518,member
3013722,5A7597C4D3994A6F,electric_bike,2021-09-06 00:41:37,2021-09-06 00:49:36,E 81 St & Park Ave,7188,5 Ave & E 63 St,6904,40.77677702,-73.9590097,40.766368,-73.971518,casual
3013723,16D7D0C281E163DE,classic_bike,2021-09-01 13:43:01,2021-09-01 13:51:35,E 81 St & Park Ave,7188,5 Ave & E 63 St,6904,40.77677702,-73.9590097,40.766368,-73.971518,member
3013725,29883B7391590690,electric_bike,2021-09-02 13:17:57,2021-09-02 13:28:26,E 81 St & Park Ave,7188,5 Ave & E 63 St,6904,40.77677702,-73.9590097,40.766368,-73.971518,casual
3014252,8FD9B53DD14D8E3A,classic_bike,2021-09-17 09:57:50,2021-09-17 10:08:18,E 81 St & Park Ave,7188,5 Ave & E 63 St,6904,40.77677702,-73.9590097,40.766368,-73.971518,member
3014275,04992BEED2221349,classic_bike,2021-09-19 13:17:34,2021-09-19 13:29:07,E 81 St & Park Ave,7188,5 Ave & E 63 St,6904,40.77677702,-73.9590097,40.766368,-73.971518,casual
3014276,E190F46F7F0FC834,classic_bike,2021-09-26 15:43:04,2021-09-26 15:49:33,E 81 St & Park Ave,7188,5 Ave & E 63 St,6904,40.77677702,-73.9590097,40.766368,-73.971518,casual
3014375,D2ED203BD2B56AEB,classic_bike,2021-09-19 13:17:43,2021-09-19 13:29:10,E 81 St & Park Ave,7188,5 Ave & E 63 St,6904,40.77677702,-73.9590097,40.766368,-73.971518,member
3015766,003626058B1A3619,electric_bike,2021-09-21 12:06:47,2021-09-21 12:12:09,Madison Ave & E 82 St,7188,5 Ave & E 63 St,6904,40.7781314,-73.96069399,40.766368,-73.971518,member
3017764,B0521EC59AE19B92,classic_bike,2021-09-22 09:44:36,2021-09-22 10:08:45,Madison Ave & E 82 St,7188,W 20 St & 10 Ave,6306,40.7781314,-73.96069399,40.745686,-74.005141,member
3017786,43C2225287C1C66B,classic_bike,2021-09-10 09:06:05,2021-09-10 09:12:02,Madison Ave & E 82 St,7188,5 Ave & E 63 St,6904,40.7781314,-73.96069399,40.766368,-73.971518,member
3017804,06D9157C6FB1372D,classic_bike,2021-09-17 18:32:58,2021-09-17 18:53:54,Madison Ave & E 82 St,7188,5 Ave & E 63 St,6904,40.7781314,-73.96069399,40.766368,-73.971518,casual
3019099,C2ACFD374EFB8B21,classic_bike,2021-09-11 18:45:44,2021-09-11 18:59:33,E 81 St & Park Ave,7188,Adam Clayton Powell Blvd & W 126 St,7738,40.77677702,-73.9590097,40.80949534777948,-73.94776493310928,member
3020197,4D612DA8845DB996,classic_bike,2021-09-01 12:41:03,2021-09-01 12:53:15,Madison Ave & E 82 St,7188,5 Ave & E 63 St,6904,40.7781314,-73.96069399,40.766368,-73.971518,member
3020313,0A4F88B1B6E01207,classic_bike,2021-09-21 16:52:44,2021-09-21 17:06:37,E 81 St & Park Ave,7188,5 Ave & E 63 St,6904,40.77677702,-73.9590097,40.766368,-73.971518,casual
3022261,5CAEE02FAF450956,classic_bike,2021-09-19 11:08:23,2021-09-19 11:32:31,Madison Ave & E 82 St,7188,E 20 St & Park Ave,6055,40.7781314,-73.96069399,40.73827428,-73.98751968,member
3022536,3B469384730D4BAF,classic_bike,2021-09-27 12:55:02,2021-09-27 13:02:48,E 81 St & Park Ave,7188,E 82 St & East End Ave,7049,40.77677702,-73.9590097,40.7724607,-73.9468208,member
3022559,7B3FC267A2C4583E,classic_bike,2021-09-06 08:43:46,2021-09-06 08:52:01,E 81 St & Park Ave,7188,E 82 St & East End Ave,7049,40.77677702,-73.9590097,40.7724607,-73.9468208,member
3022565,58A5615CA80AF65F,classic_bike,2021-09-27 13:39:25,2021-09-27 14:35:59,E 81 St & Park Ave,7188,E 20 St & Park Ave,6055,40.77677702,-73.9590097,40.73827428,-73.98751968,casual
3024492,8F47B279B440C242,electric_bike,2021-09-20 13:11:48,2021-09-20 13:16:40,E 81 St & Park Ave,7188,E 82 St & East End Ave,7049,40.77677702,-73.9590097,40.7724607,-73.9468208,member
3024581,2A8E57A6FBA6696C,classic_bike,2021-09-23 16:23:28,2021-09-23 16:30:21,E 81 St & Park Ave,7188,E 82 St & East End Ave,7049,40.77677702,-73.9590097,40.7724607,-73.9468208,casual
3024583,B8D3B473ADCF2165,classic_bike,2021-09-08 09:18:17,2021-09-08 09:30:07,E 81 St & Park Ave,7188,W 70 St & Amsterdam Ave,7207,40.77677702,-73.9590097,40.77748046,-73.98288594,casual
3024622,9F4CB2CEBFD52649,classic_bike,2021-09-25 19:50:57,2021-09-25 19:58:43,E 81 St & Park Ave,7188,E 82 St & East End Ave,7049,40.77677702,-73.9590097,40.7724607,-73.9468208,member
3026319,B4FACB05BC473FFC,classic_bike,2021-09-30 16:28:29,2021-09-30 16:43:46,Madison Ave & E 82 St,7188,Lenox Ave & W 111 St,7602,40.7781314,-73.96069399,40.7987859,-73.9523,member
3026330,AFD69E5FDD6693A8,electric_bike,2021-09-13 08:37:38,2021-09-13 08:44:40,Madison Ave & E 82 St,7188,E 82 St & East End Ave,7049,40.7781314,-73.96069399,40.7724607,-73.9468208,member
3030029,ADBE5EB35EFBAA99,classic_bike,2021-09-06 09:43:32,2021-09-06 09:47:56,Madison Ave & E 82 St,7188,E 82 St & East End Ave,7049,40.7781314,-73.96069399,40.7724607,-73.9468208,member
3030238,09FB8BACBC4C446B,classic_bike,2021-09-30 08:27:03,2021-09-30 08:55:29,E 81 St & Park Ave,7188,E 20 St & Park Ave,6055,40.77677702,-73.9590097,40.73827428,-73.98751968,member
3030245,3C8D6F4F1A87627D,classic_bike,2021-09-30 17:10:20,2021-09-30 17:24:23,E 81 St & Park Ave,7188,E 102 St & 1 Ave,7407,40.77677702,-73.9590097,40.7869946,-73.94164802,member
3030267,D4CCB184C676338B,classic_bike,2021-09-05 14:09:39,2021-09-05 14:17:27,E 81 St & Park Ave,7188,E 82 St & East End Ave,7049,40.77677702,-73.9590097,40.7724607,-73.9468208,member
3030269,D0B7C8355F50BEC0,electric_bike,2021-09-13 16:48:23,2021-09-13 17:02:31,E 81 St & Park Ave,7188,W 70 St & Amsterdam Ave,7207,40.77677702,-73.9590097,40.77748046,-73.98288594,member
3030282,7119E5117D660671,classic_bike,2021-09-18 13:52:42,2021-09-18 16:46:10,E 81 St & Park Ave,7188,Lenox Ave & W 111 St,7602,40.77677702,-73.9590097,40.7987859,-73.9523,casual
3030293,FF3F617573492AA0,classic_bike,2021-09-06 14:28:40,2021-09-06 15:17:50,E 81 St & Park Ave,7188,E 82 St & East End Ave,7049,40.77677702,-73.9590097,40.7724607,-73.9468208,casual
3030297,654D64F2AE7F47E6,classic_bike,2021-09-27 08:54:06,2021-09-27 09:17:11,E 81 St & Park Ave,7188,E 82 St & East End Ave,7049,40.77677702,-73.9590097,40.7724607,-73.9468208,member
3030298,7A3F5A0A5CEFCE36,classic_bike,2021-09-09 11:46:26,2021-09-09 11:54:22,E 81 St & Park Ave,7188,E 82 St & East End Ave,7049,40.77677702,-73.9590097,40.7724607,-73.9468208,member
3030300,2F0016A4A76FE753,classic_bike,2021-09-12 17:12:04,2021-09-12 17:18:32,E 81 St & Park Ave,7188,E 82 St & East End Ave,7049,40.77677702,-73.9590097,40.7724607,-73.9468208,member
3030305,17DE348370989821,electric_bike,2021-09-23 12:04:54,2021-09-23 12:10:11,E 81 St & Park Ave,7188,E 82 St & East End Ave,7049,40.77677702,-73.9590097,40.7724607,-73.9468208,member
3030341,9B34AAEB1B78DA63,electric_bike,2021-09-15 22:21:28,2021-09-15 22:47:59,E 81 St & Park Ave,7188,E 102 St & 1 Ave,7407,40.77677702,-73.9590097,40.7869946,-73.94164802,member
3035021,B8BFB30BB10FF1BC,classic_bike,2021-09-19 11:08:47,2021-09-19 11:32:42,Madison Ave & E 82 St,7188,E 20 St & Park Ave,6055,40.7781314,-73.96069399,40.73827428,-73.98751968,member
3035032,0356212CE4F6E180,electric_bike,2021-09-24 14:27:11,2021-09-24 14:36:11,Madison Ave & E 82 St,7188,W 70 St & Amsterdam Ave,7207,40.7781314,-73.96069399,40.77748046,-73.98288594,member
3035050,A93A78AA0F110887,classic_bike,2021-09-06 14:07:53,2021-09-06 14:13:43,Madison Ave & E 82 St,7188,E 82 St & East End Ave,7049,40.7781314,-73.96069399,40.7724607,-73.9468208,member
3035067,459A511189A5EE05,classic_bike,2021-09-24 15:44:17,2021-09-24 16:00:45,Madison Ave & E 82 St,7188,W 70 St & Amsterdam Ave,7207,40.7781314,-73.96069399,40.77748046,-73.98288594,member
3035070,3F432EC685DC51BD,electric_bike,2021-09-28 06:47:09,2021-09-28 07:00:11,Madison Ave & E 82 St,7188,6 Ave & W 33 St,6364,40.7781314,-73.96069399,40.74901271,-73.98848395,member
3035089,09773B80ACE8B156,classic_bike,2021-09-20 14:50:10,2021-09-20 15:01:49,Madison Ave & E 82 St,7188,W 70 St & Amsterdam Ave,7207,40.7781314,-73.96069399,40.77748046,-73.98288594,member
3035133,8104FD0E1AFBC58E,electric_bike,2021-09-11 09:29:36,2021-09-11 10:11:49,Madison Ave & E 82 St,7188,W 70 St & Amsterdam Ave,7207,40.7781314,-73.96069399,40.77748046,-73.98288594,member
3035140,D284860077BE4E58,electric_bike,2021-09-10 21:01:26,2021-09-10 21:13:45,Madison Ave & E 82 St,7188,6 Ave & W 33 St,6364,40.7781314,-73.96069399,40.74901271,-73.98848395,member
3035149,43B0EBBAF3BBB8E5,classic_bike,2021-09-21 14:40:16,2021-09-21 14:48:37,Madison Ave & E 82 St,7188,E 82 St & East End Ave,7049,40.7781314,-73.96069399,40.7724607,-73.9468208,member
3035150,3591639838115CBD,classic_bike,2021-09-19 22:48:13,2021-09-19 22:54:19,Madison Ave & E 82 St,7188,E 82 St & East End Ave,7049,40.7781314,-73.96069399,40.7724607,-73.9468208,member
3035152,3D747EAC0C9A916F,classic_bike,2021-09-23 17:35:30,2021-09-23 17:41:21,Madison Ave & E 82 St,7188,E 82 St & East End Ave,7049,40.7781314,-73.96069399,40.7724607,-73.9468208,member
3035154,DA8BD59CD795E7DB,classic_bike,2021-09-26 22:52:29,2021-09-26 23:04:30,Madison Ave & E 82 St,7188,W 70 St & Amsterdam Ave,7207,40.7781314,-73.96069399,40.77748046,-73.98288594,casual
3035157,4156E55EF6FC5A8B,classic_bike,2021-09-12 16:32:49,2021-09-12 17:06:43,Madison Ave & E 82 St,7188,Lenox Ave & W 111 St,7602,40.7781314,-73.96069399,40.7987859,-73.9523,casual
3035161,F8936ADA1DFC7002,classic_bike,2021-09-17 19:06:58,2021-09-17 19:34:55,Madison Ave & E 82 St,7188,Lenox Ave & W 111 St,7602,40.7781314,-73.96069399,40.7987859,-73.9523,casual
3035170,E748BD2F9984EA71,electric_bike,2021-09-29 16:44:30,2021-09-29 16:49:36,Madison Ave & E 82 St,7188,E 82 St & East End Ave,7049,40.7781314,-73.96069399,40.7724607,-73.9468208,member
3035171,C2390DD0D8F22B6D,electric_bike,2021-09-28 16:39:30,2021-09-28 16:45:45,Madison Ave & E 82 St,7188,E 82 St & East End Ave,7049,40.7781314,-73.96069399,40.7724607,-73.9468208,member
3035208,BA16038DC3986FF7,classic_bike,2021-09-26 13:42:17,2021-09-26 13:48:06,Madison Ave & E 82 St,7188,E 82 St & East End Ave,7049,40.7781314,-73.96069399,40.7724607,-73.9468208,member
3035210,17BCB119C090E34F,classic_bike,2021-09-05 16:41:21,2021-09-05 16:45:50,Madison Ave & E 82 St,7188,E 82 St & East End Ave,7049,40.7781314,-73.96069399,40.7724607,-73.9468208,member
3035211,4F2A8C3A1396DC65,classic_bike,2021-09-21 16:19:17,2021-09-21 16:33:03,Madison Ave & E 82 St,7188,Lenox Ave & W 111 St,7602,40.7781314,-73.96069399,40.7987859,-73.9523,member
3035219,13A5F88A717413C0,electric_bike,2021-09-10 16:46:23,2021-09-10 16:52:19,Madison Ave & E 82 St,7188,E 82 St & East End Ave,7049,40.7781314,-73.96069399,40.7724607,-73.9468208,member
3035221,7AF1F933DC227092,classic_bike,2021-09-11 11:54:42,2021-09-11 12:03:15,Madison Ave & E 82 St,7188,E 82 St & East End Ave,7049,40.7781314,-73.96069399,40.7724607,-73.9468208,member
3035222,530A4015A3895A86,electric_bike,2021-09-11 16:53:03,2021-09-11 16:58:43,Madison Ave & E 82 St,7188,E 82 St & East End Ave,7049,40.7781314,-73.96069399,40.7724607,-73.9468208,member
3035230,BB586020262DBFCB,electric_bike,2021-09-23 18:50:01,2021-09-23 18:54:09,Madison Ave & E 82 St,7188,E 82 St & East End Ave,7049,40.7781314,-73.96069399,40.7724607,-73.9468208,member
3035249,077746AABBD6ECED,classic_bike,2021-09-05 16:42:26,2021-09-05 17:27:31,Madison Ave & E 82 St,7188,E 20 St & Park Ave,6055,40.7781314,-73.96069399,40.73827428,-73.98751968,casual
3035255,58898FC775BD4FE1,classic_bike,2021-09-25 13:31:31,2021-09-25 13:41:24,Madison Ave & E 82 St,7188,W 70 St & Amsterdam Ave,7207,40.7781314,-73.96069399,40.77748046,-73.98288594,member
3035260,B8CC6A6C7E3EF1F4,electric_bike,2021-09-24 15:31:56,2021-09-24 15:45:10,Madison Ave & E 82 St,7188,E 102 St & 1 Ave,7407,40.7781314,-73.96069399,40.7869946,-73.94164802,member
3035278,FBA835CD263C849F,classic_bike,2021-09-08 18:47:43,2021-09-08 18:56:31,Madison Ave & E 82 St,7188,E 82 St & East End Ave,7049,40.7781314,-73.96069399,40.7724607,-73.9468208,member
3035282,10150A47AC795EB1,classic_bike,2021-09-12 13:55:07,2021-09-12 14:07:51,Madison Ave & E 82 St,7188,Lenox Ave & W 111 St,7602,40.7781314,-73.96069399,40.7987859,-73.9523,casual
3035283,A843042C190773E4,classic_bike,2021-09-29 13:56:26,2021-09-29 14:07:22,Madison Ave & E 82 St,7188,W 70 St & Amsterdam Ave,7207,40.7781314,-73.96069399,40.77748046,-73.98288594,casual
3035303,4E903588E9220902,classic_bike,2021-09-25 16:58:54,2021-09-25 17:06:21,Madison Ave & E 82 St,7188,E 82 St & East End Ave,7049,40.7781314,-73.96069399,40.7724607,-73.9468208,member
3035304,41BB75E79D6B0798,classic_bike,2021-09-25 11:52:06,2021-09-25 12:00:57,Madison Ave & E 82 St,7188,E 82 St & East End Ave,7049,40.7781314,-73.96069399,40.7724607,-73.9468208,member
3035308,75401BA22B8F54A3,classic_bike,2021-09-26 16:52:28,2021-09-26 17:06:25,Madison Ave & E 82 St,7188,Lenox Ave & W 111 St,7602,40.7781314,-73.96069399,40.7987859,-73.9523,member
3035327,86A9DE4C58E08243,classic_bike,2021-09-20 11:48:15,2021-09-20 11:56:08,Madison Ave & E 82 St,7188,E 82 St & East End Ave,7049,40.7781314,-73.96069399,40.7724607,-73.9468208,member
3035329,1C64F7FFFCB01B41,classic_bike,2021-09-02 19:16:05,2021-09-02 19:34:38,Madison Ave & E 82 St,7188,Lenox Ave & W 111 St,7602,40.7781314,-73.96069399,40.7987859,-73.9523,member
3036831,951512E8638915DB,classic_bike,2021-09-10 14:08:33,2021-09-10 14:13:59,Madison Ave & E 82 St,7188,E 82 St & East End Ave,7049,40.7781314,-73.96069399,40.7724607,-73.9468208,member
3039602,635CA4186A06333E,classic_bike,2021-09-02 20:16:36,2021-09-02 20:31:37,Madison Ave & E 82 St,7188,Lenox Ave & W 111 St,7602,40.7781314,-73.96069399,40.7987859,-73.9523,member
3048695,3B9589B3F4961AFC,classic_bike,2021-09-13 12:40:15,2021-09-13 13:35:27,E 81 St & Park Ave,7188,Vesey St & Church St,5216,40.77677702,-73.9590097,40.71221958009051,-74.01047229766846,casual
3048696,B98EA3884BD14F96,classic_bike,2021-09-09 07:33:34,2021-09-09 07:40:09,E 81 St & Park Ave,7188,E 82 St & East End Ave,7049,40.77677702,-73.9590097,40.7724607,-73.9468208,member
3048699,8AC6A0CBE47CEC96,classic_bike,2021-09-10 18:17:53,2021-09-10 18:37:38,E 81 St & Park Ave,7188,6 Ave & W 33 St,6364,40.77677702,-73.9590097,40.74901271,-73.98848395,member
3048709,2FF6EDEA3BECD9C1,classic_bike,2021-09-24 08:58:00,2021-09-24 09:02:43,E 81 St & Park Ave,7188,E 82 St & East End Ave,7049,40.77677702,-73.9590097,40.7724607,-73.9468208,member
3048710,45B8A1D61EF05956,classic_bike,2021-09-02 12:46:11,2021-09-02 12:52:06,E 81 St & Park Ave,7188,E 82 St & East End Ave,7049,40.77677702,-73.9590097,40.7724607,-73.9468208,member
3051323,A97771C8643D1BE2,classic_bike,2021-09-18 13:49:10,2021-09-18 14:19:39,E 81 St & Park Ave,7188,Lenox Ave & W 111 St,7602,40.77677702,-73.9590097,40.7987859,-73.9523,casual
3051327,251A44AED72F6A43,classic_bike,2021-09-08 15:26:13,2021-09-08 15:34:09,E 81 St & Park Ave,7188,E 82 St & East End Ave,7049,40.77677702,-73.9590097,40.7724607,-73.9468208,member
3051472,88764F540473FF7B,classic_bike,2021-09-12 11:57:41,2021-09-12 12:04:18,Madison Ave & E 82 St,7188,E 82 St & East End Ave,7049,40.7781314,-73.96069399,40.7724607,-73.9468208,member
3051495,C7AF0FDCA73AE637,electric_bike,2021-09-15 19:45:25,2021-09-15 19:58:58,Madison Ave & E 82 St,7188,6 Ave & W 33 St,6364,40.7781314,-73.96069399,40.74901271,-73.98848395,member
3051521,A6090CEC41100FE0,classic_bike,2021-09-13 18:35:59,2021-09-13 18:59:44,Madison Ave & E 82 St,7188,6 Ave & W 33 St,6364,40.7781314,-73.96069399,40.74901271,-73.98848395,member
3051523,46F1239B62D526A7,electric_bike,2021-09-10 23:43:14,2021-09-10 23:56:05,Madison Ave & E 82 St,7188,E 102 St & 1 Ave,7407,40.7781314,-73.96069399,40.7869946,-73.94164802,member
3051525,C564DD284C6E08CA,classic_bike,2021-09-06 13:26:21,2021-09-06 13:33:59,Madison Ave & E 82 St,7188,E 82 St & East End Ave,7049,40.7781314,-73.96069399,40.7724607,-73.9468208,member
3051538,1E5F4F6E08B04297,electric_bike,2021-09-13 16:42:13,2021-09-13 16:48:05,Madison Ave & E 82 St,7188,E 82 St & East End Ave,7049,40.7781314,-73.96069399,40.7724607,-73.9468208,member
3051570,F4E160AB313C7806,electric_bike,2021-09-03 10:30:54,2021-09-03 11:05:46,Madison Ave & E 82 St,7188,E 20 St & Park Ave,6055,40.7781314,-73.96069399,40.73827428,-73.98751968,casual
3051571,3A65334C2EDE523C,classic_bike,2021-09-25 14:33:08,2021-09-25 15:16:16,Madison Ave & E 82 St,7188,6 Ave & W 33 St,6364,40.7781314,-73.96069399,40.74901271,-73.98848395,casual
3051584,D076E0DF947A01F0,classic_bike,2021-09-15 11:42:21,2021-09-15 11:50:05,Madison Ave & E 82 St,7188,E 82 St & East End Ave,7049,40.7781314,-73.96069399,40.7724607,-73.9468208,member
3051592,A711FC27F5CFBA8F,electric_bike,2021-09-06 17:14:32,2021-09-06 18:04:48,Madison Ave & E 82 St,7188,3 Ave & Schermerhorn St,4437,40.7781314,-73.96069399,40.68683208,-73.9796772,casual
3051610,E5B213062B603064,classic_bike,2021-09-22 16:27:44,2021-09-22 16:36:02,Madison Ave & E 82 St,7188,E 82 St & East End Ave,7049,40.7781314,-73.96069399,40.7724607,-73.9468208,member
3051614,DC8B49FEE9734DA2,electric_bike,2021-09-05 13:47:36,2021-09-05 13:56:00,Madison Ave & E 82 St,7188,E 82 St & East End Ave,7049,40.7781314,-73.96069399,40.7724607,-73.9468208,member
3051616,3960ECAE929AB814,electric_bike,2021-09-18 14:02:38,2021-09-18 14:54:28,Madison Ave & E 82 St,7188,Vesey St & Church St,5216,40.7781314,-73.96069399,40.71221958009051,-74.01047229766846,casual
3051619,BD2FCC6DE20523DF,classic_bike,2021-09-12 14:44:39,2021-09-12 14:52:08,Madison Ave & E 82 St,7188,E 82 St & East End Ave,7049,40.7781314,-73.96069399,40.7724607,-73.9468208,casual
3051646,31880A968FBD71C0,classic_bike,2021-09-12 16:55:24,2021-09-12 17:04:29,Madison Ave & E 82 St,7188,E 82 St & East End Ave,7049,40.7781314,-73.96069399,40.7724607,-73.9468208,member
3051686,6505AAA9725C3807,classic_bike,2021-09-17 14:24:51,2021-09-17 14:34:30,Madison Ave & E 82 St,7188,E 82 St & East End Ave,7049,40.7781314,-73.96069399,40.7724607,-73.9468208,member
3051689,BE4FFABE0AFAD208,classic_bike,2021-09-06 16:32:06,2021-09-06 17:35:53,Madison Ave & E 82 St,7188,E 82 St & East End Ave,7049,40.7781314,-73.96069399,40.7724607,-73.9468208,casual
3051708,DE89FB7D2053DD65,classic_bike,2021-09-26 16:43:17,2021-09-26 16:49:28,Madison Ave & E 82 St,7188,E 82 St & East End Ave,7049,40.7781314,-73.96069399,40.7724607,-73.9468208,member
3051731,BE04FE18F36AD01E,electric_bike,2021-09-15 18:17:31,2021-09-15 18:44:44,Madison Ave & E 82 St,7188,6 Ave & W 33 St,6364,40.7781314,-73.96069399,40.74901271,-73.98848395,casual
3051740,3B3FC3396EC4D146,classic_bike,2021-09-17 17:34:25,2021-09-17 18:12:27,Madison Ave & E 82 St,7188,Lenox Ave & W 111 St,7602,40.7781314,-73.96069399,40.7987859,-73.9523,member
3051748,FA45FF118307AAA9,classic_bike,2021-09-02 14:52:23,2021-09-02 15:04:08,Madison Ave & E 82 St,7188,W 70 St & Amsterdam Ave,7207,40.7781314,-73.96069399,40.77748046,-73.98288594,member
3051755,A9C84537FF6A4001,classic_bike,2021-09-17 17:34:40,2021-09-17 18:12:33,Madison Ave & E 82 St,7188,Lenox Ave & W 111 St,7602,40.7781314,-73.96069399,40.7987859,-73.9523,casual
3051756,59F211F8A8B8431F,classic_bike,2021-09-17 16:39:52,2021-09-17 16:48:23,Madison Ave & E 82 St,7188,E 82 St & East End Ave,7049,40.7781314,-73.96069399,40.7724607,-73.9468208,casual
3051763,1CD51CF94174E53F,classic_bike,2021-09-12 14:50:06,2021-09-12 15:18:21,Madison Ave & E 82 St,7188,E 20 St & Park Ave,6055,40.7781314,-73.96069399,40.73827428,-73.98751968,casual
3051794,1927ECB834386C70,classic_bike,2021-09-01 12:18:42,2021-09-01 12:26:00,Madison Ave & E 82 St,7188,E 82 St & East End Ave,7049,40.7781314,-73.96069399,40.7724607,-73.9468208,member
3051795,31F2B201F0EB9BEA,electric_bike,2021-09-24 06:25:15,2021-09-24 06:37:29,Madison Ave & E 82 St,7188,6 Ave & W 33 St,6364,40.7781314,-73.96069399,40.74901271,-73.98848395,member
3051824,9C2F1EC991719BDE,classic_bike,2021-09-22 11:56:50,2021-09-22 12:03:54,Madison Ave & E 82 St,7188,E 82 St & East End Ave,7049,40.7781314,-73.96069399,40.7724607,-73.9468208,member
3051854,F2F77BBCFC2732B7,electric_bike,2021-09-19 10:16:26,2021-09-19 10:29:28,Madison Ave & E 82 St,7188,Lenox Ave & W 111 St,7602,40.7781314,-73.96069399,40.7987859,-73.9523,member
3051855,E8AA9D372CF82A57,classic_bike,2021-09-26 16:52:37,2021-09-26 17:00:16,Madison Ave & E 82 St,7188,E 82 St & East End Ave,7049,40.7781314,-73.96069399,40.7724607,-73.9468208,member
3051885,612E447E0D2F1212,classic_bike,2021-09-17 16:48:59,2021-09-17 16:58:07,Madison Ave & E 82 St,7188,E 82 St & East End Ave,7049,40.7781314,-73.96069399,40.7724607,-73.9468208,member
3051922,0E0F017CAB9123E8,classic_bike,2021-09-17 17:35:00,2021-09-17 18:12:33,Madison Ave & E 82 St,7188,Lenox Ave & W 111 St,7602,40.7781314,-73.96069399,40.7987859,-73.9523,casual
3051925,8AA5AE6044F846FC,classic_bike,2021-09-06 12:24:37,2021-09-06 12:30:13,Madison Ave & E 82 St,7188,E 82 St & East End Ave,7049,40.7781314,-73.96069399,40.7724607,-73.9468208,casual
3052648,B6211CD9AD578F97,classic_bike,2021-09-20 16:51:43,2021-09-20 16:59:52,Madison Ave & E 82 St,7188,E 82 St & East End Ave,7049,40.7781314,-73.96069399,40.7724607,-73.9468208,member
3052653,B5126DEA06D89FC0,classic_bike,2021-09-15 06:50:17,2021-09-15 06:58:47,Madison Ave & E 82 St,7188,E 82 St & East End Ave,7049,40.7781314,-73.96069399,40.7724607,-73.9468208,member
3052656,34AF23324BEDA69C,classic_bike,2021-09-23 17:37:09,2021-09-23 17:48:55,Madison Ave & E 82 St,7188,E 82 St & East End Ave,7049,40.7781314,-73.96069399,40.7724607,-73.9468208,member
3052657,EDF9F8D8123207DC,electric_bike,2021-09-19 13:29:26,2021-09-19 13:58:19,Madison Ave & E 82 St,7188,E 20 St & Park Ave,6055,40.7781314,-73.96069399,40.73827428,-73.98751968,member
3052750,13ECF2B9C768F2DB,electric_bike,2021-09-12 14:16:26,2021-09-12 14:26:10,Madison Ave & E 82 St,7188,W 70 St & Amsterdam Ave,7207,40.7781314,-73.96069399,40.77748046,-73.98288594,casual
3052800,C660A847930AC3FA,classic_bike,2021-09-20 17:07:41,2021-09-20 17:19:21,Madison Ave & E 82 St,7188,E 102 St & 1 Ave,7407,40.7781314,-73.96069399,40.7869946,-73.94164802,member
3052803,28951A56C82B15E4,classic_bike,2021-09-05 16:41:57,2021-09-05 17:27:33,Madison Ave & E 82 St,7188,E 20 St & Park Ave,6055,40.7781314,-73.96069399,40.73827428,-73.98751968,casual
3052840,7EC6F90F9632CBB1,classic_bike,2021-09-06 12:24:41,2021-09-06 12:30:24,Madison Ave & E 82 St,7188,E 82 St & East End Ave,7049,40.7781314,-73.96069399,40.7724607,-73.9468208,casual
3052873,6D4572F410181652,classic_bike,2021-09-16 11:54:47,2021-09-16 12:00:28,Madison Ave & E 82 St,7188,E 82 St & East End Ave,7049,40.7781314,-73.96069399,40.7724607,-73.9468208,member
3052879,245A720B06396022,classic_bike,2021-09-18 07:37:20,2021-09-18 07:43:55,Madison Ave & E 82 St,7188,E 82 St & East End Ave,7049,40.7781314,-73.96069399,40.7724607,-73.9468208,member
3052948,3C44EA823F0AF18C,classic_bike,2021-09-13 18:45:21,2021-09-13 19:00:32,E 81 St & Park Ave,7188,6 Ave & W 33 St,6364,40.77677702,-73.9590097,40.74901271,-73.98848395,member
3053110,52C5545C390ABB95,classic_bike,2021-09-19 14:41:17,2021-09-19 15:33:31,E 81 St & Park Ave,7188,Vesey St & Church St,5216,40.77677702,-73.9590097,40.71221958009051,-74.01047229766846,casual
3054050,8875EDF02113DB9F,classic_bike,2021-09-06 20:09:40,2021-09-06 20:16:43,Madison Ave & E 82 St,7188,E 82 St & East End Ave,7049,40.7781314,-73.96069399,40.7724607,-73.9468208,member
3054060,B202E14670498D4A,classic_bike,2021-09-17 18:43:03,2021-09-17 19:27:30,Madison Ave & E 82 St,7188,6 Ave & W 33 St,6364,40.7781314,-73.96069399,40.74901271,-73.98848395,casual
3054391,E43DDA0270D413DE,classic_bike,2021-09-30 14:05:06,2021-09-30 14:21:11,Madison Ave & E 82 St,7188,W 70 St & Amsterdam Ave,7207,40.7781314,-73.96069399,40.77748046,-73.98288594,member
3055404,506C1A31853866DA,classic_bike,2021-09-22 07:51:19,2021-09-22 08:04:00,Madison Ave & E 82 St,7188,Lenox Ave & W 111 St,7602,40.7781314,-73.96069399,40.7987859,-73.9523,member
3055406,6F4383BE416CB9D0,classic_bike,2021-09-03 20:31:06,2021-09-03 20:49:15,Madison Ave & E 82 St,7188,E 102 St & 1 Ave,7407,40.7781314,-73.96069399,40.7869946,-73.94164802,member
3066514,A5B278213CAA03E3,classic_bike,2021-09-24 16:09:02,2021-09-24 16:22:29,Madison Ave & E 82 St,7188,E 102 St & 1 Ave,7407,40.7781314,-73.96069399,40.7869946,-73.94164802,member
3066522,B5426C27783B290E,classic_bike,2021-09-04 15:31:20,2021-09-04 15:38:17,Madison Ave & E 82 St,7188,E 82 St & East End Ave,7049,40.7781314,-73.96069399,40.7724607,-73.9468208,member
3066936,84D872BD8575A764,electric_bike,2021-09-25 13:39:26,2021-09-25 13:55:04,Madison Ave & E 82 St,7188,W 70 St & Amsterdam Ave,7207,40.7781314,-73.96069399,40.77748046,-73.98288594,member
3066942,BEF3E70963455F05,classic_bike,2021-09-03 08:52:10,2021-09-03 08:58:28,Madison Ave & E 82 St,7188,E 82 St & East End Ave,7049,40.7781314,-73.96069399,40.7724607,-73.9468208,member
3066945,47D4F9ED4960A2D9,classic_bike,2021-09-27 19:11:02,2021-09-27 19:20:13,Madison Ave & E 82 St,7188,E 82 St & East End Ave,7049,40.7781314,-73.96069399,40.7724607,-73.9468208,casual
3066950,B7A7C18BD1851B5D,classic_bike,2021-09-26 16:53:57,2021-09-26 17:06:58,Madison Ave & E 82 St,7188,Lenox Ave & W 111 St,7602,40.7781314,-73.96069399,40.7987859,-73.9523,casual
3066952,A197455398E95310,classic_bike,2021-09-30 16:29:07,2021-09-30 16:43:56,Madison Ave & E 82 St,7188,Lenox Ave & W 111 St,7602,40.7781314,-73.96069399,40.7987859,-73.9523,casual
3067401,DA1E7A174044405F,classic_bike,2021-09-24 15:51:47,2021-09-24 16:00:32,Madison Ave & E 82 St,7188,E 82 St & East End Ave,7049,40.7781314,-73.96069399,40.7724607,-73.9468208,member
3080926,9819C171BE064E0A,classic_bike,2021-09-24 16:48:03,2021-09-24 17:11:48,Madison Ave & E 82 St,7188,Broadway & W 122 St,7783,40.7781314,-73.96069399,40.8120562,-73.9612547,casual
3082396,A95EDC4C19ED3AC8,classic_bike,2021-09-26 14:52:25,2021-09-26 15:28:25,Madison Ave & E 82 St,7188,Driggs Ave & N 9 St,5411,40.7781314,-73.96069399,40.71816969454208,-73.95520135760307,member
3084214,00DDCA6145B9642C,electric_bike,2021-09-23 11:40:29,2021-09-23 11:53:48,E 81 St & Park Ave,7188,Frederick Douglass Blvd & W 117 St,7688,40.77677702,-73.9590097,40.805159,-73.954692,member
3084307,68932E6F9E40B50B,classic_bike,2021-09-29 19:54:08,2021-09-29 20:10:26,E 81 St & Park Ave,7188,Frederick Douglass Blvd & W 117 St,7688,40.77677702,-73.9590097,40.805159,-73.954692,member
3084308,73C49C86DACDA375,electric_bike,2021-09-29 13:12:29,2021-09-29 13:26:14,E 81 St & Park Ave,7188,Frederick Douglass Blvd & W 117 St,7688,40.77677702,-73.9590097,40.805159,-73.954692,member
3084786,8AA2183A3D5BA724,classic_bike,2021-09-22 06:07:51,2021-09-22 06:20:27,E 81 St & Park Ave,7188,Frederick Douglass Blvd & W 117 St,7688,40.77677702,-73.9590097,40.805159,-73.954692,member
3086651,81AE433214372397,classic_bike,2021-09-10 09:57:10,2021-09-10 10:27:04,Madison Ave & E 82 St,7188,5 Ave & E 29 St,6248,40.7781314,-73.96069399,40.7451677,-73.98683077,member
3086677,296F5DA609A13A0F,classic_bike,2021-09-14 13:38:32,2021-09-14 13:55:32,Madison Ave & E 82 St,7188,Frederick Douglass Blvd & W 117 St,7688,40.7781314,-73.96069399,40.805159,-73.954692,member
3086721,A9371E7D363B5C3D,electric_bike,2021-09-12 12:01:25,2021-09-12 12:26:13,Madison Ave & E 82 St,7188,Frederick Douglass Blvd & W 117 St,7688,40.7781314,-73.96069399,40.805159,-73.954692,casual
3086798,FC3F48C8B7738F4C,electric_bike,2021-09-22 10:42:07,2021-09-22 10:57:54,Madison Ave & E 82 St,7188,Frederick Douglass Blvd & W 117 St,7688,40.7781314,-73.96069399,40.805159,-73.954692,casual
3086808,690D939F4097E725,electric_bike,2021-09-12 10:18:40,2021-09-12 10:31:09,Madison Ave & E 82 St,7188,Frederick Douglass Blvd & W 117 St,7688,40.7781314,-73.96069399,40.805159,-73.954692,casual
3086809,21EB58C4CC238525,classic_bike,2021-09-27 10:36:40,2021-09-27 11:06:11,Madison Ave & E 82 St,7188,5 Ave & E 29 St,6248,40.7781314,-73.96069399,40.7451677,-73.98683077,casual
3086894,A480845D632D9340,electric_bike,2021-09-09 01:04:48,2021-09-09 01:17:53,Madison Ave & E 82 St,7188,Frederick Douglass Blvd & W 117 St,7688,40.7781314,-73.96069399,40.805159,-73.954692,casual
3086919,A86E552C616F5D21,electric_bike,2021-09-20 10:59:08,2021-09-20 11:14:12,Madison Ave & E 82 St,7188,Riverside Dr & W 72 St,7288,40.7781314,-73.96069399,40.78057799010334,-73.98562431335449,member
3086935,604BEC22F75B92C8,classic_bike,2021-09-20 14:07:41,2021-09-20 14:21:03,Madison Ave & E 82 St,7188,Frederick Douglass Blvd & W 117 St,7688,40.7781314,-73.96069399,40.805159,-73.954692,member
3087184,09AB39473550D806,electric_bike,2021-09-12 10:17:22,2021-09-12 10:31:12,Madison Ave & E 82 St,7188,Frederick Douglass Blvd & W 117 St,7688,40.7781314,-73.96069399,40.805159,-73.954692,member
3087269,B2994D447AEDABD9,classic_bike,2021-09-16 17:17:47,2021-09-16 17:30:57,Madison Ave & E 82 St,7188,Frederick Douglass Blvd & W 117 St,7688,40.7781314,-73.96069399,40.805159,-73.954692,member
3087381,D3D4FC0A48F44641,electric_bike,2021-09-16 15:33:50,2021-09-16 15:47:03,Madison Ave & E 82 St,7188,Frederick Douglass Blvd & W 117 St,7688,40.7781314,-73.96069399,40.805159,-73.954692,member
3087414,ACF5FE47AE4763D5,electric_bike,2021-09-23 13:14:58,2021-09-23 13:29:32,Madison Ave & E 82 St,7188,Frederick Douglass Blvd & W 117 St,7688,40.7781314,-73.96069399,40.805159,-73.954692,member
3087426,22B9212F5A3728C5,classic_bike,2021-09-24 16:28:07,2021-09-24 16:47:04,Madison Ave & E 82 St,7188,Riverside Dr & W 72 St,7288,40.7781314,-73.96069399,40.78057799010334,-73.98562431335449,casual
3087699,51D80C04024E7727,classic_bike,2021-09-24 19:07:13,2021-09-24 20:20:41,Madison Ave & E 82 St,7188,Mercer St & Spring St,5532,40.7781314,-73.96069399,40.72362738,-73.99949601,casual
3087906,F74346833734C6CF,classic_bike,2021-09-24 16:28:37,2021-09-24 16:47:12,Madison Ave & E 82 St,7188,Riverside Dr & W 72 St,7288,40.7781314,-73.96069399,40.78057799010334,-73.98562431335449,casual
3089009,687D0F660C18ED82,classic_bike,2021-09-24 17:08:18,2021-09-24 17:24:50,Madison Ave & E 82 St,7188,Riverside Dr & W 72 St,7288,40.7781314,-73.96069399,40.78057799010334,-73.98562431335449,casual
3093621,34BACF36610B8CDD,classic_bike,2021-09-03 16:03:24,2021-09-03 16:27:38,Madison Ave & E 82 St,7188,5 Ave & E 29 St,6248,40.7781314,-73.96069399,40.7451677,-73.98683077,member
3097189,BDCFC65BBE63C64C,classic_bike,2021-09-03 16:02:50,2021-09-03 16:27:41,Madison Ave & E 82 St,7188,5 Ave & E 29 St,6248,40.7781314,-73.96069399,40.7451677,-73.98683077,member
3101709,11A1BD6DB6C3FF41,electric_bike,2021-09-17 12:18:56,2021-09-17 12:32:37,E 81 St & Park Ave,7188,Riverside Dr & W 72 St,7288,40.77677702,-73.9590097,40.78057799010334,-73.98562431335449,member
3101710,4BF7AA69B23655F5,electric_bike,2021-09-04 08:46:21,2021-09-04 08:58:59,E 81 St & Park Ave,7188,Riverside Dr & W 72 St,7288,40.77677702,-73.9590097,40.78057799010334,-73.98562431335449,member
3101737,AB84C0524646D45F,electric_bike,2021-09-16 12:09:04,2021-09-16 12:22:42,E 81 St & Park Ave,7188,Frederick Douglass Blvd & W 117 St,7688,40.77677702,-73.9590097,40.805159,-73.954692,member
3101779,3AC6A0782E7F3FAB,classic_bike,2021-09-14 22:57:17,2021-09-14 23:16:29,E 81 St & Park Ave,7188,Frederick Douglass Blvd & W 117 St,7688,40.77677702,-73.9590097,40.805159,-73.954692,member
3102504,641F474509D598AA,classic_bike,2021-09-30 09:24:24,2021-09-30 09:53:45,E 81 St & Park Ave,7188,5 Ave & E 29 St,6248,40.77677702,-73.9590097,40.7451677,-73.98683077,member
3103086,93219D29DCD71865,electric_bike,2021-09-01 13:05:59,2021-09-01 13:19:16,E 81 St & Park Ave,7188,Frederick Douglass Blvd & W 117 St,7688,40.77677702,-73.9590097,40.805159,-73.954692,member
3104878,2C6FC3C9D7F62735,electric_bike,2021-09-05 14:08:48,2021-09-05 14:32:36,Madison Ave & E 82 St,7188,Broadway & W 25 St,6173,40.7781314,-73.96069399,40.74286877312112,-73.98918628692627,member
3104891,AEFD1A265A215180,electric_bike,2021-09-11 11:37:01,2021-09-11 11:52:51,Madison Ave & E 82 St,7188,Broadway & W 25 St,6173,40.7781314,-73.96069399,40.74286877312112,-73.98918628692627,member
3104989,B9E0F8ECEE9A1D54,classic_bike,2021-09-08 17:04:10,2021-09-08 17:40:22,Madison Ave & E 82 St,7188,W 16 St & The High Line,6233,40.7781314,-73.96069399,40.74334935,-74.00681753,member
3105001,5030114C332C49AF,classic_bike,2021-09-12 09:34:55,2021-09-12 10:03:27,Madison Ave & E 82 St,7188,St. Ann's Ave & E 144 St,7755,40.7781314,-73.96069399,40.811112,-73.914932,casual
3105011,3BF942B0728EEF84,classic_bike,2021-09-28 16:24:36,2021-09-28 16:46:40,Madison Ave & E 82 St,7188,W 27 St & 7 Ave,6247,40.7781314,-73.96069399,40.746647,-73.993915,member
3105080,EBEF096D0BD3B34F,classic_bike,2021-09-21 09:54:38,2021-09-21 10:17:58,Madison Ave & E 82 St,7188,Broadway & W 38 St,6560,40.7781314,-73.96069399,40.7529728216068,-73.98734897375107,member
3107258,6F9D811ABA99862A,classic_bike,2021-09-27 11:05:33,2021-09-27 11:38:56,Madison Ave & E 82 St,7188,Broadway & W 25 St,6173,40.7781314,-73.96069399,40.74286877312112,-73.98918628692627,member
3107601,A4B070F73D18A2A6,classic_bike,2021-09-13 17:38:22,2021-09-13 18:24:06,Madison Ave & E 82 St,7188,W 16 St & The High Line,6233,40.7781314,-73.96069399,40.74334935,-74.00681753,member
3108342,1208AE3DF6916E3D,classic_bike,2021-09-20 09:48:49,2021-09-20 10:10:55,Madison Ave & E 82 St,7188,Broadway & W 38 St,6560,40.7781314,-73.96069399,40.7529728216068,-73.98734897375107,member
3108347,CCF788CF62F61250,classic_bike,2021-09-26 14:36:17,2021-09-26 15:10:32,Madison Ave & E 82 St,7188,W 27 St & 7 Ave,6247,40.7781314,-73.96069399,40.746647,-73.993915,casual
3108617,4EB0055BDE7DE692,electric_bike,2021-09-03 23:07:13,2021-09-04 00:02:59,E 81 St & Park Ave,7188,St. Ann's Ave & E 144 St,7755,40.77677702,-73.9590097,40.811112,-73.914932,member
3108634,C08E98D8E7203ACE,classic_bike,2021-09-11 11:10:40,2021-09-11 11:37:36,E 81 St & Park Ave,7188,Broadway & W 25 St,6173,40.77677702,-73.9590097,40.74286877312112,-73.98918628692627,member
3108635,37D4195C3AA19E8F,classic_bike,2021-09-18 08:17:32,2021-09-18 08:38:49,E 81 St & Park Ave,7188,Broadway & W 25 St,6173,40.77677702,-73.9590097,40.74286877312112,-73.98918628692627,member
3117180,AC477E4E43CD7EB1,docked_bike,2021-09-11 18:27:58,2021-09-11 19:03:10,Madison Ave & E 82 St,7188,Broadway & W 25 St,6173,40.778131,-73.960694,40.742869,-73.989186,casual
3117191,D3B74138FD87F3DF,classic_bike,2021-09-17 17:02:39,2021-09-17 17:47:23,Madison Ave & E 82 St,7188,Broadway & W 38 St,6560,40.7781314,-73.96069399,40.7529728216068,-73.98734897375107,casual
3117192,C36CB2BA7AB27E2A,classic_bike,2021-09-17 17:04:04,2021-09-17 17:47:16,Madison Ave & E 82 St,7188,Broadway & W 38 St,6560,40.7781314,-73.96069399,40.7529728216068,-73.98734897375107,casual
3117203,5DA9CA597548D060,classic_bike,2021-09-22 17:17:15,2021-09-22 18:00:05,Madison Ave & E 82 St,7188,W 16 St & The High Line,6233,40.7781314,-73.96069399,40.74334935,-74.00681753,member
3117232,7BFF29CC9B487BC8,classic_bike,2021-09-17 17:03:43,2021-09-17 17:47:28,Madison Ave & E 82 St,7188,Broadway & W 38 St,6560,40.7781314,-73.96069399,40.7529728216068,-73.98734897375107,casual
3117260,103731CA125C0535,classic_bike,2021-09-18 13:58:09,2021-09-18 14:39:52,Madison Ave & E 82 St,7188,Broadway & W 38 St,6560,40.7781314,-73.96069399,40.7529728216068,-73.98734897375107,casual
3117359,D48C06932DCC67F3,electric_bike,2021-09-11 14:11:13,2021-09-11 14:38:16,Madison Ave & E 82 St,7188,W 16 St & The High Line,6233,40.7781314,-73.96069399,40.74334935,-74.00681753,casual
3117383,8D78664A8E399497,classic_bike,2021-09-11 18:26:49,2021-09-11 19:03:37,Madison Ave & E 82 St,7188,Broadway & W 25 St,6173,40.7781314,-73.96069399,40.74286877312112,-73.98918628692627,casual
3117408,D9ED70B489F29874,electric_bike,2021-09-16 14:06:07,2021-09-16 14:56:25,Madison Ave & E 82 St,7188,Broadway & W 25 St,6173,40.7781314,-73.96069399,40.74286877312112,-73.98918628692627,casual
3120262,5B6554B7A534D613,electric_bike,2021-09-13 09:42:45,2021-09-13 10:06:39,Madison Ave & E 82 St,7188,Broadway & W 25 St,6173,40.7781314,-73.96069399,40.74286877312112,-73.98918628692627,member
3127021,39569B9270C00971,classic_bike,2021-09-04 09:21:58,2021-09-04 09:44:55,E 81 St & Park Ave,7188,W 27 St & 7 Ave,6247,40.77677702,-73.9590097,40.746647,-73.993915,casual
3127081,E71B265C87EB8182,classic_bike,2021-09-16 10:49:08,2021-09-16 11:13:20,E 81 St & Park Ave,7188,W 27 St & 7 Ave,6247,40.77677702,-73.9590097,40.746647,-73.993915,member
3127136,A9F722DB22246FFA,electric_bike,2021-09-30 13:11:45,2021-09-30 13:49:14,E 81 St & Park Ave,7188,W 27 St & 7 Ave,6247,40.77677702,-73.9590097,40.746647,-73.993915,member
3127137,39963DFAF043975A,classic_bike,2021-09-27 18:35:39,2021-09-27 18:58:26,E 81 St & Park Ave,7188,Broadway & W 25 St,6173,40.77677702,-73.9590097,40.74286877312112,-73.98918628692627,casual
3127164,EC09E4E97990F478,classic_bike,2021-09-23 16:51:14,2021-09-23 17:18:12,E 81 St & Park Ave,7188,W 27 St & 7 Ave,6247,40.77677702,-73.9590097,40.746647,-73.993915,member
3127168,5C02F32A2DD3E710,classic_bike,2021-09-10 11:37:46,2021-09-10 12:01:09,E 81 St & Park Ave,7188,Broadway & W 25 St,6173,40.77677702,-73.9590097,40.74286877312112,-73.98918628692627,member
3132437,D50EE4024B009896,electric_bike,2021-09-17 22:06:01,2021-09-17 22:27:29,Madison Ave & E 82 St,7188,St. Ann's Ave & E 144 St,7755,40.7781314,-73.96069399,40.811112,-73.914932,member
3132930,759233E062487097,electric_bike,2021-09-11 18:26:45,2021-09-11 19:03:13,Madison Ave & E 82 St,7188,Broadway & W 25 St,6173,40.7781314,-73.96069399,40.74286877312112,-73.98918628692627,casual
3132931,752E0BABCFE60318,classic_bike,2021-09-18 13:59:57,2021-09-18 14:39:55,Madison Ave & E 82 St,7188,Broadway & W 38 St,6560,40.7781314,-73.96069399,40.7529728216068,-73.98734897375107,casual
3133033,A91FCBA15CE7D2CE,classic_bike,2021-09-25 15:42:01,2021-09-25 16:17:31,Madison Ave & E 82 St,7188,Broadway & W 25 St,6173,40.7781314,-73.96069399,40.74286877312112,-73.98918628692627,member
3133042,2438E63EB717DD6E,electric_bike,2021-09-11 16:35:27,2021-09-11 17:03:06,Madison Ave & E 82 St,7188,W 16 St & The High Line,6233,40.7781314,-73.96069399,40.74334935,-74.00681753,member
3133661,555136D804B2626E,classic_bike,2021-09-25 15:42:42,2021-09-25 16:17:35,Madison Ave & E 82 St,7188,Broadway & W 25 St,6173,40.7781314,-73.96069399,40.74286877312112,-73.98918628692627,member
3139465,1BCA90134CDDAB17,classic_bike,2021-09-22 09:48:19,2021-09-22 10:08:31,Madison Ave & E 82 St,7188,Broadway & W 38 St,6560,40.7781314,-73.96069399,40.7529728216068,-73.98734897375107,member
3139469,E0C79EEDCCA3A31A,classic_bike,2021-09-17 13:34:44,2021-09-17 14:02:05,Madison Ave & E 82 St,7188,Broadway & W 38 St,6560,40.7781314,-73.96069399,40.7529728216068,-73.98734897375107,casual
3140642,1CA56B1A789D79A0,classic_bike,2021-09-27 18:35:17,2021-09-27 18:58:20,E 81 St & Park Ave,7188,Broadway & W 25 St,6173,40.77677702,-73.9590097,40.74286877312112,-73.98918628692627,casual
3144035,343E0FE4FFA6BB54,classic_bike,2021-09-15 17:36:35,2021-09-15 18:19:43,Madison Ave & E 82 St,7188,W 16 St & The High Line,6233,40.7781314,-73.96069399,40.74334935,-74.00681753,member
3144061,2E5BE868600EF4B6,electric_bike,2021-09-16 14:10:42,2021-09-16 14:56:16,Madison Ave & E 82 St,7188,Broadway & W 25 St,6173,40.7781314,-73.96069399,40.74286877312112,-73.98918628692627,casual
3144687,A072A4B9E9C381D4,classic_bike,2021-09-04 15:37:02,2021-09-04 15:56:28,Madison Ave & E 82 St,7188,Broadway & W 51 St,6779,40.7781314,-73.96069399,40.76228826,-73.98336183,member
3145843,0A7C868BF9FF1543,electric_bike,2021-09-21 17:42:12,2021-09-21 18:06:47,E 81 St & Park Ave,7188,W 110 St & Amsterdam Ave,7646,40.77677702,-73.9590097,40.802692,-73.96295,member
3145845,69D787467DCA8267,electric_bike,2021-09-22 14:15:41,2021-09-22 14:33:51,E 81 St & Park Ave,7188,W 110 St & Amsterdam Ave,7646,40.77677702,-73.9590097,40.802692,-73.96295,member
3145848,1DB171D893B5345C,classic_bike,2021-09-14 09:00:57,2021-09-14 09:15:55,E 81 St & Park Ave,7188,W 110 St & Amsterdam Ave,7646,40.77677702,-73.9590097,40.802692,-73.96295,member
3145850,81F193DC1666ED5F,electric_bike,2021-09-25 13:46:40,2021-09-25 13:59:55,E 81 St & Park Ave,7188,W 110 St & Amsterdam Ave,7646,40.77677702,-73.9590097,40.802692,-73.96295,member
3145853,D39520C63E1CFDF6,classic_bike,2021-09-18 13:46:33,2021-09-18 14:05:15,E 81 St & Park Ave,7188,E 31 St & 3 Ave,6239,40.77677702,-73.9590097,40.74394314,-73.97966069,member
3148263,DE2AFB51635F641C,classic_bike,2021-09-27 21:33:35,2021-09-27 21:46:33,E 81 St & Park Ave,7188,Broadway & W 51 St,6779,40.77677702,-73.9590097,40.76228826,-73.98336183,member
3148512,83153F24ACBB2C6C,electric_bike,2021-09-20 23:14:49,2021-09-20 23:26:58,E 81 St & Park Ave,7188,W 110 St & Amsterdam Ave,7646,40.77677702,-73.9590097,40.802692,-73.96295,member
3148901,29D1D4154314617A,classic_bike,2021-09-17 18:15:07,2021-09-17 18:38:09,Madison Ave & E 82 St,7188,Broadway & W 51 St,6779,40.7781314,-73.96069399,40.76228826,-73.98336183,casual
3148902,982101662D160FFA,classic_bike,2021-09-18 20:40:46,2021-09-18 20:58:07,Madison Ave & E 82 St,7188,W 110 St & Amsterdam Ave,7646,40.7781314,-73.96069399,40.802692,-73.96295,casual
3148905,D329324528DF480D,classic_bike,2021-09-17 18:14:28,2021-09-17 18:38:03,Madison Ave & E 82 St,7188,Broadway & W 51 St,6779,40.7781314,-73.96069399,40.76228826,-73.98336183,casual
3148975,275349E81113D5DB,classic_bike,2021-09-07 08:23:44,2021-09-07 08:46:44,E 81 St & Park Ave,7188,W 110 St & Amsterdam Ave,7646,40.77677702,-73.9590097,40.802692,-73.96295,member
3152679,DE9C9EF3E8468A0D,classic_bike,2021-09-11 14:03:50,2021-09-11 14:17:18,E 81 St & Park Ave,7188,Broadway & W 51 St,6779,40.77677702,-73.9590097,40.76228826,-73.98336183,member
3152702,A5BF2D890A34A996,classic_bike,2021-09-09 17:27:17,2021-09-09 17:55:01,E 81 St & Park Ave,7188,Great Jones St,5636,40.77677702,-73.9590097,40.72743423,-73.99379025,member
3152704,590ECF1DF5314596,classic_bike,2021-09-13 14:31:14,2021-09-13 14:52:08,E 81 St & Park Ave,7188,W 110 St & Amsterdam Ave,7646,40.77677702,-73.9590097,40.802692,-73.96295,member
3156338,8F6EF74D9D279F2D,classic_bike,2021-09-10 09:39:59,2021-09-10 09:52:40,Madison Ave & E 82 St,7188,Broadway & W 51 St,6779,40.7781314,-73.96069399,40.76228826,-73.98336183,member
3156348,2CE9F5779B80D175,classic_bike,2021-09-18 14:43:12,2021-09-18 15:09:36,Madison Ave & E 82 St,7188,Broadway & W 51 St,6779,40.7781314,-73.96069399,40.76228826,-73.98336183,casual
3156354,BF00DBBB685EA10F,electric_bike,2021-09-14 00:09:27,2021-09-14 00:34:08,Madison Ave & E 82 St,7188,Lorimer St & Calyer St,5709,40.7781314,-73.96069399,40.72795,-73.95414,member
3156408,418C2A93EB841977,classic_bike,2021-09-27 12:58:16,2021-09-27 13:15:59,Madison Ave & E 82 St,7188,W 110 St & Amsterdam Ave,7646,40.7781314,-73.96069399,40.802692,-73.96295,member
3157010,7368F6E5C1C1415B,classic_bike,2021-09-17 07:44:02,2021-09-17 07:56:55,E 81 St & Park Ave,7188,Broadway & W 51 St,6779,40.77677702,-73.9590097,40.76228826,-73.98336183,member
3157011,6607D50B86B0603E,classic_bike,2021-09-27 07:37:14,2021-09-27 07:47:59,E 81 St & Park Ave,7188,Broadway & W 51 St,6779,40.77677702,-73.9590097,40.76228826,-73.98336183,member
3157165,76082BA42D5096C0,electric_bike,2021-09-07 14:39:39,2021-09-07 15:04:02,Madison Ave & E 82 St,7188,W 110 St & Amsterdam Ave,7646,40.7781314,-73.96069399,40.802692,-73.96295,member
3158090,4534C945B750F073,classic_bike,2021-09-28 13:42:16,2021-09-28 13:55:59,Madison Ave & E 82 St,7188,Broadway & W 51 St,6779,40.7781314,-73.96069399,40.76228826,-73.98336183,member
3158091,C8EA63E099EC4604,classic_bike,2021-09-22 08:19:28,2021-09-22 08:35:35,Madison Ave & E 82 St,7188,Broadway & W 51 St,6779,40.7781314,-73.96069399,40.76228826,-73.98336183,member
3158092,312C7011E8FFA241,classic_bike,2021-09-14 08:22:23,2021-09-14 08:36:49,Madison Ave & E 82 St,7188,Broadway & W 51 St,6779,40.7781314,-73.96069399,40.76228826,-73.98336183,member
3158096,D19127A8CC1BC167,classic_bike,2021-09-19 08:44:33,2021-09-19 09:01:51,Madison Ave & E 82 St,7188,E 31 St & 3 Ave,6239,40.7781314,-73.96069399,40.74394314,-73.97966069,member
3158242,2BA3F6B6BCCCCE7E,classic_bike,2021-09-23 08:19:00,2021-09-23 08:32:20,Madison Ave & E 82 St,7188,Broadway & W 51 St,6779,40.7781314,-73.96069399,40.76228826,-73.98336183,member
3158243,C12CF1D79F37771E,classic_bike,2021-09-29 08:19:19,2021-09-29 08:34:00,Madison Ave & E 82 St,7188,Broadway & W 51 St,6779,40.7781314,-73.96069399,40.76228826,-73.98336183,member
3158391,1D63177784F04CE7,classic_bike,2021-09-06 17:25:29,2021-09-06 17:59:34,Madison Ave & E 82 St,7188,E 31 St & 3 Ave,6239,40.7781314,-73.96069399,40.74394314,-73.97966069,member
3158395,D3DC3983E78FC5B6,electric_bike,2021-09-05 15:13:28,2021-09-05 15:27:16,Madison Ave & E 82 St,7188,W 110 St & Amsterdam Ave,7646,40.7781314,-73.96069399,40.802692,-73.96295,casual
3158399,E1FF03AED2D5DB92,classic_bike,2021-09-25 17:13:30,2021-09-25 17:36:11,Madison Ave & E 82 St,7188,W 110 St & Amsterdam Ave,7646,40.7781314,-73.96069399,40.802692,-73.96295,casual
3158413,2BB5B1AE38F718CF,classic_bike,2021-09-11 18:05:43,2021-09-11 18:39:44,Madison Ave & E 82 St,7188,E 31 St & 3 Ave,6239,40.7781314,-73.96069399,40.74394314,-73.97966069,member
3162951,BBEFC132D130A814,classic_bike,2021-09-09 14:24:34,2021-09-09 14:46:35,E 81 St & Park Ave,7188,W 110 St & Amsterdam Ave,7646,40.77677702,-73.9590097,40.802692,-73.96295,member
3162965,A174E549CFF3C283,classic_bike,2021-09-26 16:30:05,2021-09-26 16:55:07,E 81 St & Park Ave,7188,E 31 St & 3 Ave,6239,40.77677702,-73.9590097,40.74394314,-73.97966069,casual
3162970,7E9384E7F8305096,classic_bike,2021-09-27 07:49:41,2021-09-27 08:12:07,E 81 St & Park Ave,7188,Broadway & W 51 St,6779,40.77677702,-73.9590097,40.76228826,-73.98336183,member
3163002,0DCB8F38D4742A04,classic_bike,2021-09-11 18:58:18,2021-09-11 19:14:34,E 81 St & Park Ave,7188,W 110 St & Amsterdam Ave,7646,40.77677702,-73.9590097,40.802692,-73.96295,casual
3164842,4E9DEB81381E18BD,classic_bike,2021-09-17 11:30:16,2021-09-17 11:54:06,E 81 St & Park Ave,7188,Great Jones St,5636,40.77677702,-73.9590097,40.72743423,-73.99379025,casual
3180991,8000A929B79682C3,classic_bike,2021-09-11 18:05:36,2021-09-11 18:40:04,Madison Ave & E 82 St,7188,E 31 St & 3 Ave,6239,40.7781314,-73.96069399,40.74394314,-73.97966069,member
3180998,DDCE5DF7133D2006,classic_bike,2021-09-11 18:05:47,2021-09-11 18:39:56,Madison Ave & E 82 St,7188,E 31 St & 3 Ave,6239,40.7781314,-73.96069399,40.74394314,-73.97966069,casual
3181076,FC16BFAF6EF0D48A,classic_bike,2021-09-04 15:37:47,2021-09-04 15:56:22,Madison Ave & E 82 St,7188,Broadway & W 51 St,6779,40.7781314,-73.96069399,40.76228826,-73.98336183,casual
3181080,39C8A4086069D565,classic_bike,2021-09-11 15:21:55,2021-09-11 15:43:00,Madison Ave & E 82 St,7188,W 110 St & Amsterdam Ave,7646,40.7781314,-73.96069399,40.802692,-73.96295,casual
3181102,97111EEDA692A255,electric_bike,2021-09-07 16:52:55,2021-09-07 17:22:59,Madison Ave & E 82 St,7188,W 110 St & Amsterdam Ave,7646,40.7781314,-73.96069399,40.802692,-73.96295,casual
3181111,CF41443933436A2D,classic_bike,2021-09-11 18:05:17,2021-09-11 18:39:52,Madison Ave & E 82 St,7188,E 31 St & 3 Ave,6239,40.7781314,-73.96069399,40.74394314,-73.97966069,casual
3181113,02F4D4C2B6F62222,classic_bike,2021-09-26 09:34:13,2021-09-26 10:06:30,Madison Ave & E 82 St,7188,W 110 St & Amsterdam Ave,7646,40.7781314,-73.96069399,40.802692,-73.96295,casual
3181158,C5E78E61A4151E9C,classic_bike,2021-09-28 10:10:27,2021-09-28 10:28:16,Madison Ave & E 82 St,7188,Broadway & W 51 St,6779,40.7781314,-73.96069399,40.76228826,-73.98336183,member
3181222,C9A969352A21EE33,electric_bike,2021-09-07 16:52:22,2021-09-07 17:22:15,Madison Ave & E 82 St,7188,W 110 St & Amsterdam Ave,7646,40.7781314,-73.96069399,40.802692,-73.96295,casual
3181294,C86CDB90BE21357A,electric_bike,2021-09-07 10:22:37,2021-09-07 10:37:22,Madison Ave & E 82 St,7188,Broadway & W 51 St,6779,40.7781314,-73.96069399,40.76228826,-73.98336183,member
3181307,CAF54072D1374F16,classic_bike,2021-09-25 12:32:51,2021-09-25 12:59:51,Madison Ave & E 82 St,7188,W 110 St & Amsterdam Ave,7646,40.7781314,-73.96069399,40.802692,-73.96295,casual
3181333,00D94CFA080D914E,classic_bike,2021-09-11 18:05:20,2021-09-11 18:39:52,Madison Ave & E 82 St,7188,E 31 St & 3 Ave,6239,40.7781314,-73.96069399,40.74394314,-73.97966069,casual
3181340,0762953C8F7C77AA,electric_bike,2021-09-23 18:06:10,2021-09-23 18:18:47,Madison Ave & E 82 St,7188,W 110 St & Amsterdam Ave,7646,40.7781314,-73.96069399,40.802692,-73.96295,member
3181344,A0EABECE5F08415E,classic_bike,2021-09-11 18:05:30,2021-09-11 18:39:50,Madison Ave & E 82 St,7188,E 31 St & 3 Ave,6239,40.7781314,-73.96069399,40.74394314,-73.97966069,member
3181354,231E937884D3693D,classic_bike,2021-09-03 15:20:32,2021-09-03 16:04:45,Madison Ave & E 82 St,7188,W 35 St & Dyer Ave,6569,40.7781314,-73.96069399,40.754691750226016,-73.99740189313889,casual
3181427,86B0AA2A3CCA7278,classic_bike,2021-09-21 17:08:57,2021-09-21 17:38:04,Madison Ave & E 82 St,7188,E 31 St & 3 Ave,6239,40.7781314,-73.96069399,40.74394314,-73.97966069,member
3181460,E030445CA6230BC0,classic_bike,2021-09-27 18:57:30,2021-09-27 19:14:15,Madison Ave & E 82 St,7188,W 110 St & Amsterdam Ave,7646,40.7781314,-73.96069399,40.802692,-73.96295,member
3181471,41C664C5E7021DB6,classic_bike,2021-09-18 17:02:32,2021-09-18 17:25:07,Madison Ave & E 82 St,7188,W 110 St & Amsterdam Ave,7646,40.7781314,-73.96069399,40.802692,-73.96295,casual
3181474,E0771AE7CF926173,classic_bike,2021-09-24 13:53:14,2021-09-24 14:16:54,Madison Ave & E 82 St,7188,W 110 St & Amsterdam Ave,7646,40.7781314,-73.96069399,40.802692,-73.96295,member
3181475,EC3F55982DFF61B2,classic_bike,2021-09-25 16:15:57,2021-09-25 16:51:00,Madison Ave & E 82 St,7188,W 35 St & Dyer Ave,6569,40.7781314,-73.96069399,40.754691750226016,-73.99740189313889,member
3181491,E9A15E2D39FFD962,classic_bike,2021-09-20 14:45:40,2021-09-20 15:23:06,Madison Ave & E 82 St,7188,Great Jones St,5636,40.7781314,-73.96069399,40.72743423,-73.99379025,member
3182009,C42482261A982513,classic_bike,2021-09-18 20:07:16,2021-09-18 20:20:03,Madison Ave & E 82 St,7188,W 110 St & Amsterdam Ave,7646,40.7781314,-73.96069399,40.802692,-73.96295,member
3182285,7882B0009C97CC99,electric_bike,2021-09-19 11:01:09,2021-09-19 11:33:31,Madison Ave & E 82 St,7188,Lorimer St & Calyer St,5709,40.7781314,-73.96069399,40.72795,-73.95414,member
3182290,7A1B2BBC1F813605,classic_bike,2021-09-25 16:17:24,2021-09-25 16:51:08,Madison Ave & E 82 St,7188,W 35 St & Dyer Ave,6569,40.7781314,-73.96069399,40.754691750226016,-73.99740189313889,casual
3182293,BF703581259CA856,classic_bike,2021-09-18 14:42:03,2021-09-18 15:09:43,Madison Ave & E 82 St,7188,Broadway & W 51 St,6779,40.7781314,-73.96069399,40.76228826,-73.98336183,casual
3184783,EA28D5B4506EB89A,classic_bike,2021-09-21 08:17:40,2021-09-21 08:34:18,Madison Ave & E 82 St,7188,Broadway & W 51 St,6779,40.7781314,-73.96069399,40.76228826,-73.98336183,member
3184788,256A998469BBDA66,classic_bike,2021-09-20 08:19:17,2021-09-20 08:33:53,Madison Ave & E 82 St,7188,Broadway & W 51 St,6779,40.7781314,-73.96069399,40.76228826,-73.98336183,member
3185627,67DC8643862787B8,classic_bike,2021-09-11 15:26:33,2021-09-11 16:30:07,Madison Ave & E 82 St,7188,Reade St & Broadway,5247,40.7781314,-73.96069399,40.71450451,-74.00562789,member
3187037,5BE261C965ED6DF9,electric_bike,2021-09-02 13:17:34,2021-09-02 13:49:59,E 81 St & Park Ave,7188,Stanton St & Chrystie St,5523,40.77677702,-73.9590097,40.72229346,-73.99147535,member
3192691,B3E48879B3DB2356,classic_bike,2021-09-23 10:17:07,2021-09-23 11:00:38,E 81 St & Park Ave,7188,Centre St & Chambers St,5207,40.77677702,-73.9590097,40.71273266,-74.0046073,member
3192737,3BA149BBB4708F44,classic_bike,2021-09-16 11:55:33,2021-09-16 12:38:24,E 81 St & Park Ave,7188,Centre St & Chambers St,5207,40.77677702,-73.9590097,40.71273266,-74.0046073,member
3192790,F8D43DF7FF68E1E1,classic_bike,2021-09-21 08:22:56,2021-09-21 09:05:51,E 81 St & Park Ave,7188,Centre St & Chambers St,5207,40.77677702,-73.9590097,40.71273266,-74.0046073,member
3194633,137C9F05D3EEC101,classic_bike,2021-09-02 16:19:17,2021-09-02 17:03:08,E 81 St & Park Ave,7188,Bleecker St & Crosby St,5679,40.77677702,-73.9590097,40.72615604980408,-73.99510189890862,member
3200478,C957AE11A3063B98,classic_bike,2021-09-04 20:42:39,2021-09-04 21:04:30,Madison Ave & E 82 St,7188,Morningside Dr & Amsterdam Ave,7741,40.7781314,-73.96069399,40.81028506306003,-73.95736455917358,casual
3202041,6AA997270C81D8E4,classic_bike,2021-09-01 09:58:21,2021-09-01 10:42:42,E 81 St & Park Ave,7188,Centre St & Chambers St,5207,40.77677702,-73.9590097,40.71273266,-74.0046073,member
3204070,F6679498181EAC01,electric_bike,2021-09-25 13:39:39,2021-09-25 14:07:12,Madison Ave & E 82 St,7188,Bleecker St & Crosby St,5679,40.7781314,-73.96069399,40.72615604980408,-73.99510189890862,casual
3204074,0D65C33388EA7409,classic_bike,2021-09-03 15:13:56,2021-09-03 15:47:28,Madison Ave & E 82 St,7188,Morningside Dr & Amsterdam Ave,7741,40.7781314,-73.96069399,40.81028506306003,-73.95736455917358,casual
3204091,FB027DD2953F5DBB,electric_bike,2021-09-06 14:02:13,2021-09-06 14:50:26,Madison Ave & E 82 St,7188,Greenwich St & Perry St,5922,40.7781314,-73.96069399,40.73498,-74.00697,casual
3204130,557418D46A118E80,classic_bike,2021-09-17 19:19:36,2021-09-17 19:42:24,Madison Ave & E 82 St,7188,Morningside Dr & Amsterdam Ave,7741,40.7781314,-73.96069399,40.81028506306003,-73.95736455917358,casual
3213889,D4C71C99751A4165,electric_bike,2021-09-12 10:32:55,2021-09-12 11:00:42,Madison Ave & E 82 St,7188,Stanton St & Chrystie St,5523,40.7781314,-73.96069399,40.72229346,-73.99147535,member
3213923,E3F1CA124B971EDC,classic_bike,2021-09-03 15:13:36,2021-09-03 15:46:51,Madison Ave & E 82 St,7188,Morningside Dr & Amsterdam Ave,7741,40.7781314,-73.96069399,40.81028506306003,-73.95736455917358,member
3221247,33CF566920D10BBD,classic_bike,2021-09-19 12:28:46,2021-09-19 12:58:49,Madison Ave & E 82 St,7188,E 9 St & 5 Ave,5872,40.7781314,-73.96069399,40.73275887045087,-73.99581670761108,member
3222749,1586CCD2F6D1BC76,classic_bike,2021-09-20 22:31:01,2021-09-20 23:38:29,Madison Ave & E 82 St,7188,E 23 St & 1 Ave,5929,40.7781314,-73.96069399,40.736502,-73.97809472,member
3222857,51EC6352BA8C2AAB,electric_bike,2021-09-14 14:07:39,2021-09-14 14:31:22,E 81 St & Park Ave,7188,Broadway & W 160 St,8157,40.77677702,-73.9590097,40.835775,-73.9434,member
3226732,E8CC2C47C5CF1668,electric_bike,2021-09-26 09:55:30,2021-09-26 10:18:11,E 81 St & Park Ave,7188,E 9 St & 5 Ave,5872,40.77677702,-73.9590097,40.73275887045087,-73.99581670761108,member
3226752,733C8B2B9CEAE789,electric_bike,2021-09-15 06:25:44,2021-09-15 06:40:42,E 81 St & Park Ave,7188,Broadway & W 131 St,7865,40.77677702,-73.9590097,40.817555,-73.957163,member
3226753,C6728DC906293F2B,electric_bike,2021-09-18 14:37:34,2021-09-18 15:30:28,E 81 St & Park Ave,7188,Allen St & Hester St,5342,40.77677702,-73.9590097,40.71605866,-73.99190759,casual
3230097,E45C83D1ADE212F0,electric_bike,2021-09-07 16:08:42,2021-09-07 16:33:31,Madison Ave & E 82 St,7188,E 23 St & 1 Ave,5929,40.7781314,-73.96069399,40.736502,-73.97809472,member
3231179,337B99925A2959F0,electric_bike,2021-09-17 13:10:58,2021-09-17 13:40:44,Madison Ave & E 82 St,7188,Gansevoort St & Hudson St,6072,40.7781314,-73.96069399,40.73944820130404,-74.00507032871246,casual
3243631,11EA4A623C002F83,electric_bike,2021-09-25 15:50:37,2021-09-25 16:26:53,Madison Ave & E 82 St,7188,Allen St & Hester St,5342,40.7781314,-73.96069399,40.71605866,-73.99190759,casual
3243657,1E6848958F4E4F29,classic_bike,2021-09-26 14:32:35,2021-09-26 15:04:59,Madison Ave & E 82 St,7188,E 9 St & 5 Ave,5872,40.7781314,-73.96069399,40.73275887045087,-73.99581670761108,member
3243710,CFADB34D19A0F913,electric_bike,2021-09-12 12:01:24,2021-09-12 12:33:24,Madison Ave & E 82 St,7188,Gansevoort St & Hudson St,6072,40.7781314,-73.96069399,40.73944820130404,-74.00507032871246,member
3246743,7FC230C429D8ACA0,classic_bike,2021-09-12 17:07:07,2021-09-12 17:46:14,Madison Ave & E 82 St,7188,Allen St & Hester St,5342,40.7781314,-73.96069399,40.71605866,-73.99190759,member
3246763,9A0E03814660DB8D,electric_bike,2021-09-02 17:08:27,2021-09-02 17:58:56,Madison Ave & E 82 St,7188,E 23 St & 1 Ave,5929,40.7781314,-73.96069399,40.736502,-73.97809472,casual
3247616,B4CCEE575E777FC6,classic_bike,2021-09-11 09:53:12,2021-09-11 09:56:56,E 81 St & Park Ave,7188,E 88 St & Park Ave,7293,40.77677702,-73.9590097,40.781410700190015,-73.95595908164978,member
3247617,D31C376A1A03326C,classic_bike,2021-09-29 14:00:23,2021-09-29 14:04:10,E 81 St & Park Ave,7188,E 88 St & Park Ave,7293,40.77677702,-73.9590097,40.781410700190015,-73.95595908164978,member
3247618,677B338594531415,classic_bike,2021-09-16 05:51:47,2021-09-16 05:56:24,E 81 St & Park Ave,7188,E 68 St & Madison Ave,6932,40.77677702,-73.9590097,40.7691572,-73.96703464,member
3247621,85653F6E03E68430,classic_bike,2021-09-02 15:34:13,2021-09-02 16:41:21,E 81 St & Park Ave,7188,E 72 St & Park Ave,6998,40.77677702,-73.9590097,40.77118287540658,-73.96409422159195,casual
3247685,ED0475EBBACE9D4E,electric_bike,2021-09-18 22:03:37,2021-09-18 22:18:33,E 81 St & Park Ave,7188,E 72 St & Park Ave,6998,40.77677702,-73.9590097,40.77118287540658,-73.96409422159195,casual
3247686,D8C6597F76363B6E,classic_bike,2021-09-11 13:25:53,2021-09-11 13:32:43,E 81 St & Park Ave,7188,E 68 St & Madison Ave,6932,40.77677702,-73.9590097,40.7691572,-73.96703464,casual
3247687,7D2A9C469AF2C8BA,classic_bike,2021-09-15 08:10:45,2021-09-15 08:14:05,E 81 St & Park Ave,7188,E 72 St & Park Ave,6998,40.77677702,-73.9590097,40.77118287540658,-73.96409422159195,member
3250729,9303FCFE6337AC50,classic_bike,2021-09-19 18:23:12,2021-09-19 18:26:44,E 81 St & Park Ave,7188,E 88 St & Park Ave,7293,40.77677702,-73.9590097,40.781410700190015,-73.95595908164978,member
3253908,9AB59D1A33EAC00E,classic_bike,2021-09-20 10:49:24,2021-09-20 10:53:20,Madison Ave & E 82 St,7188,E 72 St & Park Ave,6998,40.7781314,-73.96069399,40.77118287540658,-73.96409422159195,member
3253932,5D167F2E8C18C44B,classic_bike,2021-09-26 12:45:57,2021-09-26 12:58:54,Madison Ave & E 82 St,7188,W 54 St & 11 Ave,6955,40.7781314,-73.96069399,40.768333,-73.992573,member
3253937,C117ABB04BF2FB25,electric_bike,2021-09-18 19:45:20,2021-09-18 19:49:32,Madison Ave & E 82 St,7188,E 88 St & Park Ave,7293,40.7781314,-73.96069399,40.781410700190015,-73.95595908164978,member
3253966,C441C1A057DAEB78,classic_bike,2021-09-02 13:22:52,2021-09-02 13:26:16,Madison Ave & E 82 St,7188,E 88 St & Park Ave,7293,40.7781314,-73.96069399,40.781410700190015,-73.95595908164978,member
3253973,A826B0C1DE358952,electric_bike,2021-09-12 08:00:18,2021-09-12 08:02:24,Madison Ave & E 82 St,7188,E 88 St & Park Ave,7293,40.7781314,-73.96069399,40.781410700190015,-73.95595908164978,member
3253991,F9796C45E0230AF9,electric_bike,2021-09-07 11:35:14,2021-09-07 11:38:21,Madison Ave & E 82 St,7188,E 68 St & Madison Ave,6932,40.7781314,-73.96069399,40.7691572,-73.96703464,member
3254002,BE4438748E93BEA6,classic_bike,2021-09-06 15:29:03,2021-09-06 16:39:07,Madison Ave & E 82 St,7188,E 72 St & Park Ave,6998,40.7781314,-73.96069399,40.77118287540658,-73.96409422159195,casual
3254011,B3539305498F82E5,classic_bike,2021-09-28 08:24:34,2021-09-28 08:30:24,Madison Ave & E 82 St,7188,E 72 St & Park Ave,6998,40.7781314,-73.96069399,40.77118287540658,-73.96409422159195,member
3254021,231C067C4E69B5EC,classic_bike,2021-09-20 15:15:14,2021-09-20 15:19:38,Madison Ave & E 82 St,7188,E 72 St & Park Ave,6998,40.7781314,-73.96069399,40.77118287540658,-73.96409422159195,member
3254022,62B25AFA512801C3,classic_bike,2021-09-27 13:33:29,2021-09-27 13:37:56,Madison Ave & E 82 St,7188,E 72 St & Park Ave,6998,40.7781314,-73.96069399,40.77118287540658,-73.96409422159195,member
3254029,6CAEB0D9FF00FFC8,classic_bike,2021-09-21 10:29:59,2021-09-21 10:34:16,Madison Ave & E 82 St,7188,E 68 St & Madison Ave,6932,40.7781314,-73.96069399,40.7691572,-73.96703464,member
3254030,2BB7A4C5D4CF35D7,classic_bike,2021-09-17 14:41:36,2021-09-17 14:47:03,Madison Ave & E 82 St,7188,E 88 St & Park Ave,7293,40.7781314,-73.96069399,40.781410700190015,-73.95595908164978,member
3254034,0E3560BC5072BDE7,classic_bike,2021-09-24 18:48:40,2021-09-24 18:56:20,Madison Ave & E 82 St,7188,E 68 St & Madison Ave,6932,40.7781314,-73.96069399,40.7691572,-73.96703464,member
3254541,B97DE93ED1E5959E,classic_bike,2021-09-17 20:56:38,2021-09-17 21:00:46,E 81 St & Park Ave,7188,E 88 St & Park Ave,7293,40.77677702,-73.9590097,40.781410700190015,-73.95595908164978,member
3254550,AAC7619B9FCBA6FC,electric_bike,2021-09-17 14:56:01,2021-09-17 14:59:05,E 81 St & Park Ave,7188,E 88 St & Park Ave,7293,40.77677702,-73.9590097,40.781410700190015,-73.95595908164978,member
3254553,5A83D85DC0E83960,electric_bike,2021-09-28 09:04:29,2021-09-28 09:19:20,E 81 St & Park Ave,7188,W 54 St & 11 Ave,6955,40.77677702,-73.9590097,40.768333,-73.992573,casual
3254555,C493D66FDD3333A4,classic_bike,2021-09-16 13:53:15,2021-09-16 13:56:52,E 81 St & Park Ave,7188,E 88 St & Park Ave,7293,40.77677702,-73.9590097,40.781410700190015,-73.95595908164978,member
3254557,B0D8F9DCEDD8CAB8,classic_bike,2021-09-24 17:27:33,2021-09-24 17:30:30,E 81 St & Park Ave,7188,E 88 St & Park Ave,7293,40.77677702,-73.9590097,40.781410700190015,-73.95595908164978,casual
3254561,C26053E0C27BB44C,classic_bike,2021-09-28 08:01:36,2021-09-28 08:05:25,E 81 St & Park Ave,7188,E 88 St & Park Ave,7293,40.77677702,-73.9590097,40.781410700190015,-73.95595908164978,member
3254567,11203D60A9DF4A8F,classic_bike,2021-09-22 13:16:59,2021-09-22 13:21:35,E 81 St & Park Ave,7188,E 72 St & Park Ave,6998,40.77677702,-73.9590097,40.77118287540658,-73.96409422159195,member
3254574,BF6DB2F0A1B55C01,classic_bike,2021-09-11 14:45:38,2021-09-11 14:50:59,E 81 St & Park Ave,7188,E 72 St & Park Ave,6998,40.77677702,-73.9590097,40.77118287540658,-73.96409422159195,member
3254578,2016A7105697308D,classic_bike,2021-09-17 20:45:04,2021-09-17 20:48:07,E 81 St & Park Ave,7188,E 88 St & Park Ave,7293,40.77677702,-73.9590097,40.781410700190015,-73.95595908164978,casual
3254580,5E1B4E59C75EC3F3,classic_bike,2021-09-24 15:14:57,2021-09-24 15:42:41,E 81 St & Park Ave,7188,Broadway & W 41 St,6560,40.77677702,-73.9590097,40.75513557,-73.98658032,member
3254589,74908C2EFF649EA9,electric_bike,2021-09-14 08:00:24,2021-09-14 08:03:50,E 81 St & Park Ave,7188,E 88 St & Park Ave,7293,40.77677702,-73.9590097,40.781410700190015,-73.95595908164978,member
3254596,0D019D676F8BB628,classic_bike,2021-09-24 20:59:07,2021-09-24 21:02:36,E 81 St & Park Ave,7188,E 88 St & Park Ave,7293,40.77677702,-73.9590097,40.781410700190015,-73.95595908164978,member
3254599,0EFD80810BEA402B,electric_bike,2021-09-18 09:19:45,2021-09-18 09:22:41,E 81 St & Park Ave,7188,E 72 St & Park Ave,6998,40.77677702,-73.9590097,40.77118287540658,-73.96409422159195,member
3257202,18C30027A9A7CAE8,electric_bike,2021-09-02 16:29:59,2021-09-02 16:34:16,E 81 St & Park Ave,7188,E 88 St & Park Ave,7293,40.77677702,-73.9590097,40.781410700190015,-73.95595908164978,member
3257206,677AF8377CC66E81,classic_bike,2021-09-12 14:20:50,2021-09-12 14:23:54,E 81 St & Park Ave,7188,E 88 St & Park Ave,7293,40.77677702,-73.9590097,40.781410700190015,-73.95595908164978,casual
3265716,0AE787915B188673,classic_bike,2021-09-27 14:18:11,2021-09-27 14:21:43,E 81 St & Park Ave,7188,E 88 St & Park Ave,7293,40.77677702,-73.9590097,40.781410700190015,-73.95595908164978,member
3265717,047CE13FAA5860A8,classic_bike,2021-09-26 20:24:27,2021-09-26 20:27:36,E 81 St & Park Ave,7188,E 88 St & Park Ave,7293,40.77677702,-73.9590097,40.781410700190015,-73.95595908164978,member
3265718,A77DE7224A604F9B,classic_bike,2021-09-07 20:36:14,2021-09-07 20:40:02,E 81 St & Park Ave,7188,E 88 St & Park Ave,7293,40.77677702,-73.9590097,40.781410700190015,-73.95595908164978,member
3265719,FE905AC61D58E5D0,classic_bike,2021-09-30 20:44:58,2021-09-30 20:48:27,E 81 St & Park Ave,7188,E 88 St & Park Ave,7293,40.77677702,-73.9590097,40.781410700190015,-73.95595908164978,member
3265720,B3EBD9F644C704AB,classic_bike,2021-09-06 20:28:27,2021-09-06 20:31:40,E 81 St & Park Ave,7188,E 88 St & Park Ave,7293,40.77677702,-73.9590097,40.781410700190015,-73.95595908164978,member
3265721,66E84D2D9763B667,classic_bike,2021-09-05 20:29:12,2021-09-05 20:32:55,E 81 St & Park Ave,7188,E 88 St & Park Ave,7293,40.77677702,-73.9590097,40.781410700190015,-73.95595908164978,member
3265722,7FA98E5684371FA4,electric_bike,2021-09-25 22:39:45,2021-09-25 23:12:02,E 81 St & Park Ave,7188,E 68 St & Madison Ave,6932,40.77677702,-73.9590097,40.7691572,-73.96703464,member
3265729,14C028EF368F17CB,classic_bike,2021-09-15 15:25:38,2021-09-15 15:29:31,E 81 St & Park Ave,7188,E 88 St & Park Ave,7293,40.77677702,-73.9590097,40.781410700190015,-73.95595908164978,member
3265730,D3A6377EAB864295,classic_bike,2021-09-08 07:32:28,2021-09-08 07:35:57,E 81 St & Park Ave,7188,E 72 St & Park Ave,6998,40.77677702,-73.9590097,40.77118287540658,-73.96409422159195,member
3265770,A3131D544A456FBB,classic_bike,2021-09-27 17:40:37,2021-09-27 17:43:45,E 81 St & Park Ave,7188,E 88 St & Park Ave,7293,40.77677702,-73.9590097,40.781410700190015,-73.95595908164978,member
3265772,2FD9B1330F972D2D,classic_bike,2021-09-12 19:49:37,2021-09-12 20:01:08,E 81 St & Park Ave,7188,E 88 St & Park Ave,7293,40.77677702,-73.9590097,40.781410700190015,-73.95595908164978,member
3265779,AD0EE33EF97A8315,classic_bike,2021-09-10 10:26:07,2021-09-10 10:33:30,E 81 St & Park Ave,7188,E 72 St & Park Ave,6998,40.77677702,-73.9590097,40.77118287540658,-73.96409422159195,casual
3265803,312BC6185709A348,electric_bike,2021-09-02 08:41:21,2021-09-02 09:18:25,E 81 St & Park Ave,7188,William St & Pine St,5065,40.77677702,-73.9590097,40.70717936,-74.00887308,member
3265805,E0B5C42B82B04043,classic_bike,2021-09-11 17:06:40,2021-09-11 17:10:02,E 81 St & Park Ave,7188,E 72 St & Park Ave,6998,40.77677702,-73.9590097,40.77118287540658,-73.96409422159195,member
3265842,41FB76091E43C591,classic_bike,2021-09-21 15:18:04,2021-09-21 15:23:25,E 81 St & Park Ave,7188,E 72 St & Park Ave,6998,40.77677702,-73.9590097,40.77118287540658,-73.96409422159195,member
3267122,95E7B4962B802520,electric_bike,2021-09-02 19:46:56,2021-09-02 20:17:54,E 81 St & Park Ave,7188,E 68 St & Madison Ave,6932,40.77677702,-73.9590097,40.7691572,-73.96703464,member
3267127,CE1888C7EDE2BE70,classic_bike,2021-09-18 22:03:58,2021-09-18 22:18:16,E 81 St & Park Ave,7188,E 72 St & Park Ave,6998,40.77677702,-73.9590097,40.77118287540658,-73.96409422159195,casual
3267129,C8A16492C2804814,classic_bike,2021-09-02 12:20:32,2021-09-02 12:22:36,E 81 St & Park Ave,7188,E 88 St & Park Ave,7293,40.77677702,-73.9590097,40.781410700190015,-73.95595908164978,member
3267130,F74F04BF805D9A84,classic_bike,2021-09-19 14:46:55,2021-09-19 14:53:38,E 81 St & Park Ave,7188,E 72 St & Park Ave,6998,40.77677702,-73.9590097,40.77118287540658,-73.96409422159195,member
3267131,D6027CDA3F15E162,classic_bike,2021-09-09 14:01:29,2021-09-09 14:05:57,E 81 St & Park Ave,7188,E 88 St & Park Ave,7293,40.77677702,-73.9590097,40.781410700190015,-73.95595908164978,member
3267132,CD640201B233D838,classic_bike,2021-09-12 20:39:20,2021-09-12 20:43:12,E 81 St & Park Ave,7188,E 88 St & Park Ave,7293,40.77677702,-73.9590097,40.781410700190015,-73.95595908164978,member
3267144,13C6D8BECCCB9AD6,classic_bike,2021-09-16 20:45:09,2021-09-16 20:48:51,E 81 St & Park Ave,7188,E 88 St & Park Ave,7293,40.77677702,-73.9590097,40.781410700190015,-73.95595908164978,member
3267145,DF381451638076DE,classic_bike,2021-09-21 20:55:47,2021-09-21 20:59:04,E 81 St & Park Ave,7188,E 88 St & Park Ave,7293,40.77677702,-73.9590097,40.781410700190015,-73.95595908164978,member
3267553,12C9359CA21BB630,classic_bike,2021-09-21 14:59:15,2021-09-21 15:03:04,E 81 St & Park Ave,7188,E 88 St & Park Ave,7293,40.77677702,-73.9590097,40.781410700190015,-73.95595908164978,member
3271540,A6E7F02E6DD5343C,electric_bike,2021-09-18 11:57:55,2021-09-18 12:33:26,Madison Ave & E 82 St,7188,E 88 St & Park Ave,7293,40.7781314,-73.96069399,40.781410700190015,-73.95595908164978,casual
3271544,975FFBBC969B52F9,classic_bike,2021-09-12 14:51:20,2021-09-12 15:37:04,Madison Ave & E 82 St,7188,E 72 St & Park Ave,6998,40.7781314,-73.96069399,40.77118287540658,-73.96409422159195,casual
3271547,33DD1667E68F1A27,classic_bike,2021-09-15 13:01:21,2021-09-15 13:05:48,Madison Ave & E 82 St,7188,E 72 St & Park Ave,6998,40.7781314,-73.96069399,40.77118287540658,-73.96409422159195,member
3271588,66766E4B1779B05A,classic_bike,2021-09-02 12:26:34,2021-09-02 12:30:26,Madison Ave & E 82 St,7188,E 88 St & Park Ave,7293,40.7781314,-73.96069399,40.781410700190015,-73.95595908164978,member
3271611,F82E7C2298F03B03,electric_bike,2021-09-16 15:03:00,2021-09-16 15:08:51,Madison Ave & E 82 St,7188,E 88 St & Park Ave,7293,40.7781314,-73.96069399,40.781410700190015,-73.95595908164978,casual
3271657,D322D3890551FBE2,electric_bike,2021-09-23 09:06:34,2021-09-23 09:09:47,Madison Ave & E 82 St,7188,E 88 St & Park Ave,7293,40.7781314,-73.96069399,40.781410700190015,-73.95595908164978,member
3271662,1FE3EFA44B3EC59C,electric_bike,2021-09-27 06:52:22,2021-09-27 06:55:10,Madison Ave & E 82 St,7188,E 88 St & Park Ave,7293,40.7781314,-73.96069399,40.781410700190015,-73.95595908164978,casual
3271667,200C88925B2279B9,classic_bike,2021-09-24 13:47:27,2021-09-24 13:51:49,Madison Ave & E 82 St,7188,E 72 St & Park Ave,6998,40.7781314,-73.96069399,40.77118287540658,-73.96409422159195,member
3271673,EACE5CAB3D671533,classic_bike,2021-09-04 15:42:40,2021-09-04 15:48:09,Madison Ave & E 82 St,7188,E 88 St & Park Ave,7293,40.7781314,-73.96069399,40.781410700190015,-73.95595908164978,member
3271697,E7C5A9BB68BE90AA,classic_bike,2021-09-20 15:58:30,2021-09-20 16:06:14,Madison Ave & E 82 St,7188,E 72 St & Park Ave,6998,40.7781314,-73.96069399,40.77118287540658,-73.96409422159195,member
3271702,3A6A463CDCB0F813,classic_bike,2021-09-13 14:33:02,2021-09-13 14:38:38,Madison Ave & E 82 St,7188,E 72 St & Park Ave,6998,40.7781314,-73.96069399,40.77118287540658,-73.96409422159195,member
3271703,1CD5E93A7A83E94B,classic_bike,2021-09-11 13:28:34,2021-09-11 13:46:32,Madison Ave & E 82 St,7188,E 68 St & Madison Ave,6932,40.7781314,-73.96069399,40.7691572,-73.96703464,member
3271720,C9544268F510AD8C,classic_bike,2021-09-07 12:06:22,2021-09-07 12:33:58,Madison Ave & E 82 St,7188,E 68 St & Madison Ave,6932,40.7781314,-73.96069399,40.7691572,-73.96703464,casual
3271803,BBC088451FA34A94,classic_bike,2021-09-12 10:52:14,2021-09-12 11:35:57,Madison Ave & E 82 St,7188,E 72 St & Park Ave,6998,40.7781314,-73.96069399,40.77118287540658,-73.96409422159195,casual
3271811,4AF0E92B031FD0C6,classic_bike,2021-09-14 17:55:05,2021-09-14 18:52:29,Madison Ave & E 82 St,7188,E 88 St & Park Ave,7293,40.7781314,-73.96069399,40.781410700190015,-73.95595908164978,member
3271812,2D45F3CB839F42C1,electric_bike,2021-09-16 11:48:31,2021-09-16 11:51:40,Madison Ave & E 82 St,7188,E 88 St & Park Ave,7293,40.7781314,-73.96069399,40.781410700190015,-73.95595908164978,member
3271816,3F1CFD471C693960,classic_bike,2021-09-21 07:52:48,2021-09-21 07:56:47,Madison Ave & E 82 St,7188,E 88 St & Park Ave,7293,40.7781314,-73.96069399,40.781410700190015,-73.95595908164978,member
3271836,2D2BBF5C65D85663,electric_bike,2021-09-21 14:54:37,2021-09-21 14:58:51,Madison Ave & E 82 St,7188,E 88 St & Park Ave,7293,40.7781314,-73.96069399,40.781410700190015,-73.95595908164978,member
3271890,BF9F4AF68E3158F0,classic_bike,2021-09-10 17:44:45,2021-09-10 17:54:31,Madison Ave & E 82 St,7188,E 68 St & Madison Ave,6932,40.7781314,-73.96069399,40.7691572,-73.96703464,casual
3271897,DC0FB00001B7EE3D,electric_bike,2021-09-23 11:02:07,2021-09-23 11:24:47,Madison Ave & E 82 St,7188,Broadway & W 41 St,6560,40.7781314,-73.96069399,40.75513557,-73.98658032,member
3271951,87AACC0FCC8C572F,classic_bike,2021-09-19 10:46:21,2021-09-19 10:50:54,Madison Ave & E 82 St,7188,E 88 St & Park Ave,7293,40.7781314,-73.96069399,40.781410700190015,-73.95595908164978,member
3272520,B70CAEF926FAFA7E,classic_bike,2021-09-20 14:06:42,2021-09-20 14:13:33,Madison Ave & E 82 St,7188,E 68 St & Madison Ave,6932,40.7781314,-73.96069399,40.7691572,-73.96703464,member
3272521,ADF220F5647C2A68,electric_bike,2021-09-20 11:00:04,2021-09-20 11:04:37,Madison Ave & E 82 St,7188,E 68 St & Madison Ave,6932,40.7781314,-73.96069399,40.7691572,-73.96703464,member
3272531,AB5A152F5FC2468A,electric_bike,2021-09-06 11:22:24,2021-09-06 11:39:18,Madison Ave & E 82 St,7188,E 72 St & Park Ave,6998,40.7781314,-73.96069399,40.77118287540658,-73.96409422159195,member
3272535,56174631E5241671,classic_bike,2021-09-18 13:35:59,2021-09-18 13:43:03,Madison Ave & E 82 St,7188,E 72 St & Park Ave,6998,40.7781314,-73.96069399,40.77118287540658,-73.96409422159195,member
3272539,3DDDEB80189EE55F,classic_bike,2021-09-04 14:48:45,2021-09-04 15:15:53,Madison Ave & E 82 St,7188,Broadway & W 41 St,6560,40.7781314,-73.96069399,40.75513557,-73.98658032,casual
3272613,5DF37C05CAA91929,electric_bike,2021-09-12 10:51:14,2021-09-12 10:59:18,Madison Ave & E 82 St,7188,E 72 St & Park Ave,6998,40.7781314,-73.96069399,40.77118287540658,-73.96409422159195,member
3272616,1053F89F482BF64B,electric_bike,2021-09-23 15:43:40,2021-09-23 17:03:01,Madison Ave & E 82 St,7188,E 68 St & Madison Ave,6932,40.7781314,-73.96069399,40.7691572,-73.96703464,member
3272664,782FAD25CFC3626B,classic_bike,2021-09-25 16:49:33,2021-09-25 16:53:15,Madison Ave & E 82 St,7188,E 72 St & Park Ave,6998,40.7781314,-73.96069399,40.77118287540658,-73.96409422159195,member
3272669,844195301D3A1B87,classic_bike,2021-09-06 15:35:01,2021-09-06 16:42:40,Madison Ave & E 82 St,7188,E 72 St & Park Ave,6998,40.7781314,-73.96069399,40.77118287540658,-73.96409422159195,casual
3274578,C5ACC994BE6E847A,classic_bike,2021-09-29 20:01:16,2021-09-29 20:06:16,Madison Ave & E 82 St,7188,E 72 St & Park Ave,6998,40.7781314,-73.96069399,40.77118287540658,-73.96409422159195,member
3274586,24B40518F4F792FE,classic_bike,2021-09-04 14:45:29,2021-09-04 15:16:09,Madison Ave & E 82 St,7188,Broadway & W 41 St,6560,40.7781314,-73.96069399,40.75513557,-73.98658032,casual
3274589,178F78A0F9661327,classic_bike,2021-09-30 08:07:31,2021-09-30 08:11:01,Madison Ave & E 82 St,7188,E 88 St & Park Ave,7293,40.7781314,-73.96069399,40.781410700190015,-73.95595908164978,casual
3275103,B6715504C18A15D2,classic_bike,2021-09-29 14:44:55,2021-09-29 14:51:37,Madison Ave & E 82 St,7188,E 68 St & Madison Ave,6932,40.7781314,-73.96069399,40.7691572,-73.96703464,member
3275107,B9F168EE9983B024,classic_bike,2021-09-17 18:00:31,2021-09-17 18:06:26,Madison Ave & E 82 St,7188,E 88 St & Park Ave,7293,40.7781314,-73.96069399,40.781410700190015,-73.95595908164978,casual
3276731,2AB185B87132F6DA,electric_bike,2021-09-10 12:18:06,2021-09-10 12:23:03,Madison Ave & E 82 St,7188,E 72 St & Park Ave,6998,40.7781314,-73.96069399,40.77118287540658,-73.96409422159195,member
3276744,59E904FA6B86E468,classic_bike,2021-09-04 10:26:35,2021-09-04 10:29:49,Madison Ave & E 82 St,7188,E 88 St & Park Ave,7293,40.7781314,-73.96069399,40.781410700190015,-73.95595908164978,member
3276758,264DA9F1BCCEC7D1,electric_bike,2021-09-26 13:22:13,2021-09-26 13:26:18,Madison Ave & E 82 St,7188,E 68 St & Madison Ave,6932,40.7781314,-73.96069399,40.7691572,-73.96703464,member
3276765,C0D5BCA80000D2F5,classic_bike,2021-09-17 21:28:53,2021-09-17 21:58:38,Madison Ave & E 82 St,7188,Broadway & W 41 St,6560,40.7781314,-73.96069399,40.75513557,-73.98658032,casual
3276788,A0ABA81192D6FB22,classic_bike,2021-09-06 15:32:47,2021-09-06 16:39:51,Madison Ave & E 82 St,7188,E 72 St & Park Ave,6998,40.7781314,-73.96069399,40.77118287540658,-73.96409422159195,casual
3276790,925621105D8D1837,classic_bike,2021-09-15 14:20:31,2021-09-15 14:25:07,Madison Ave & E 82 St,7188,E 68 St & Madison Ave,6932,40.7781314,-73.96069399,40.7691572,-73.96703464,member
3276793,7D917472E2396C9B,electric_bike,2021-09-25 12:09:20,2021-09-25 12:13:26,Madison Ave & E 82 St,7188,E 88 St & Park Ave,7293,40.7781314,-73.96069399,40.781410700190015,-73.95595908164978,member
3276798,CBE74E5F484FF657,classic_bike,2021-09-17 07:54:03,2021-09-17 07:57:25,Madison Ave & E 82 St,7188,E 88 St & Park Ave,7293,40.7781314,-73.96069399,40.781410700190015,-73.95595908164978,member
3276800,F191F686B25DD787,classic_bike,2021-09-04 16:02:13,2021-09-04 16:16:25,Madison Ave & E 82 St,7188,E 68 St & Madison Ave,6932,40.7781314,-73.96069399,40.7691572,-73.96703464,member
3276829,FA60EC57F05F8F4D,classic_bike,2021-09-18 14:08:53,2021-09-18 14:12:33,Madison Ave & E 82 St,7188,E 72 St & Park Ave,6998,40.7781314,-73.96069399,40.77118287540658,-73.96409422159195,member
3276836,90993D6BD9E27C37,classic_bike,2021-09-04 14:45:53,2021-09-04 15:16:01,Madison Ave & E 82 St,7188,Broadway & W 41 St,6560,40.7781314,-73.96069399,40.75513557,-73.98658032,casual
3276838,92B45BB81E0501A2,classic_bike,2021-09-23 11:46:02,2021-09-23 11:52:39,Madison Ave & E 82 St,7188,E 68 St & Madison Ave,6932,40.7781314,-73.96069399,40.7691572,-73.96703464,member
3276842,32D69CBC54E9D279,electric_bike,2021-09-04 16:02:19,2021-09-04 16:16:36,Madison Ave & E 82 St,7188,E 68 St & Madison Ave,6932,40.7781314,-73.96069399,40.7691572,-73.96703464,member
3276843,B1C45F71B902EE41,classic_bike,2021-09-11 14:38:37,2021-09-11 14:43:35,Madison Ave & E 82 St,7188,E 88 St & Park Ave,7293,40.7781314,-73.96069399,40.781410700190015,-73.95595908164978,member
3276848,0401ADC77411C782,classic_bike,2021-09-24 18:02:27,2021-09-24 18:08:13,Madison Ave & E 82 St,7188,E 68 St & Madison Ave,6932,40.7781314,-73.96069399,40.7691572,-73.96703464,member
3276849,D14C8C7DC535E720,classic_bike,2021-09-18 12:07:50,2021-09-18 12:11:58,Madison Ave & E 82 St,7188,E 72 St & Park Ave,6998,40.7781314,-73.96069399,40.77118287540658,-73.96409422159195,member
3276863,F15A2111747719D6,classic_bike,2021-09-18 14:15:42,2021-09-18 14:19:01,Madison Ave & E 82 St,7188,E 72 St & Park Ave,6998,40.7781314,-73.96069399,40.77118287540658,-73.96409422159195,member
3276923,388692D960A34303,classic_bike,2021-09-13 16:35:49,2021-09-13 16:42:04,Madison Ave & E 82 St,7188,E 68 St & Madison Ave,6932,40.7781314,-73.96069399,40.7691572,-73.96703464,member
3276924,B17F08FE1DE879E1,electric_bike,2021-09-12 09:16:53,2021-09-12 09:20:33,Madison Ave & E 82 St,7188,E 88 St & Park Ave,7293,40.7781314,-73.96069399,40.781410700190015,-73.95595908164978,member
3276925,632B6A94E1418AB7,classic_bike,2021-09-04 14:42:08,2021-09-04 15:15:43,Madison Ave & E 82 St,7188,Broadway & W 41 St,6560,40.7781314,-73.96069399,40.75513557,-73.98658032,casual
3277098,918EA67F0DCCC95C,classic_bike,2021-09-12 14:14:25,2021-09-12 14:36:32,Madison Ave & E 82 St,7188,Broadway & W 41 St,6560,40.7781314,-73.96069399,40.75513557,-73.98658032,casual
3277165,9E65798662852129,electric_bike,2021-09-16 09:46:42,2021-09-16 09:53:10,Madison Ave & E 82 St,7188,E 88 St & Park Ave,7293,40.7781314,-73.96069399,40.781410700190015,-73.95595908164978,member
3277174,EFD0BF0DE90D984C,classic_bike,2021-09-12 10:52:19,2021-09-12 11:35:59,Madison Ave & E 82 St,7188,E 72 St & Park Ave,6998,40.7781314,-73.96069399,40.77118287540658,-73.96409422159195,casual
3278740,77181B487857DB1E,electric_bike,2021-09-02 09:55:29,2021-09-02 09:59:08,Madison Ave & E 82 St,7188,E 68 St & Madison Ave,6932,40.7781314,-73.96069399,40.7691572,-73.96703464,member
3278745,4ABB44CBA1CDF9D3,classic_bike,2021-09-26 12:50:23,2021-09-26 13:08:18,Madison Ave & E 82 St,7188,W 54 St & 11 Ave,6955,40.7781314,-73.96069399,40.768333,-73.992573,casual
3278747,78B01AD495435D1C,classic_bike,2021-09-03 20:35:39,2021-09-03 20:41:06,Madison Ave & E 82 St,7188,E 72 St & Park Ave,6998,40.7781314,-73.96069399,40.77118287540658,-73.96409422159195,casual
3278752,CEA0822C40E50A08,classic_bike,2021-09-24 15:55:33,2021-09-24 16:00:28,Madison Ave & E 82 St,7188,E 88 St & Park Ave,7293,40.7781314,-73.96069399,40.781410700190015,-73.95595908164978,casual
