,ride_id,rideable_type,started_at,ended_at,start_station_name,start_station_id,end_station_name,end_station_id,start_lat,start_lng,end_lat,end_lng,member_casual
41,64E4FC9323C492A0,classic_bike,2021-09-08 08:50:15,2021-09-08 08:56:04,Hope St & Union Ave,5187,Bayard St & Leonard St,5442,40.71167351,-73.95141312,40.71915571696044,-73.94885390996933,member
193,DD0B95E10D6FF2F0,classic_bike,2021-09-12 19:21:44,2021-09-12 19:29:56,Milton St & Franklin St,5752,Bayard St & Leonard St,5442,40.72906,-73.95779,40.71915571696044,-73.94885390996933,member
220,302F642BE1A5543D,electric_bike,2021-09-24 16:49:27,2021-09-24 16:54:08,Manhattan Av & Leonard St,5442,Bayard St & Leonard St,5442,40.72084,-73.94844,40.71915571696044,-73.94885390996933,member
230,5154782682C457A9,classic_bike,2021-09-04 15:09:10,2021-09-04 15:24:03,Nostrand Ave & Myrtle Ave,4707,Bayard St & Leonard St,5442,40.69527008,-73.95238108,40.71915571696044,-73.94885390996933,casual
243,937FD7AEA7C51289,electric_bike,2021-09-19 20:12:35,2021-09-19 20:34:34,E 11 St & 1 Ave,5746,Bayard St & Leonard St,5442,40.72953837,-73.98426726,40.71915571696044,-73.94885390996933,casual
246,7FB85870AE2E8EA8,classic_bike,2021-09-14 17:10:01,2021-09-14 17:27:10,E 2 St & Avenue C,5476,Bayard St & Leonard St,5442,40.7208736,-73.98085795,40.71915571696044,-73.94885390996933,member
284,D90E3F074A4EAC65,classic_bike,2021-09-12 12:49:41,2021-09-12 13:00:12,Greenpoint Ave & Manhattan Ave,5785,Bayard St & Leonard St,5442,40.73026,-73.95394,40.71915571696044,-73.94885390996933,casual
501,41A5181BA423419C,classic_bike,2021-09-17 15:32:13,2021-09-17 15:51:32,Willoughby Ave & Myrtle Ave,4759,Manhattan Av & Leonard St,5442,40.69757,-73.93098,40.72084,-73.94844,casual
514,AF3C3C1632CEE976,classic_bike,2021-09-24 19:03:44,2021-09-24 19:13:43,Kingsland Ave & Nassau Ave,5613,Manhattan Av & Leonard St,5442,40.72577,-73.94173,40.72084,-73.94844,casual
518,908010474FA12274,classic_bike,2021-09-26 14:13:34,2021-09-26 14:21:39,Kent Ave & N 7 St,5489,Manhattan Av & Leonard St,5442,40.72036775298455,-73.96165072917938,40.72084,-73.94844,member
525,572248ECAEE32511,classic_bike,2021-09-02 16:51:15,2021-09-02 17:15:27,43 St & 37 Ave,6401,Manhattan Av & Leonard St,5442,40.750181,-73.919998,40.72084,-73.94844,member
529,DB328EF56E94412A,classic_bike,2021-09-27 18:55:05,2021-09-27 19:05:22,Metropolitan Ave & Bedford Ave,5308,Manhattan Av & Leonard St,5442,40.71534825,-73.96024116,40.72084,-73.94844,member
618,436AB2017DABC877,classic_bike,2021-09-04 14:02:54,2021-09-04 14:14:53,India St & Manhattan Ave,5826,Bayard St & Leonard St,5442,40.73232194,-73.9550858,40.71915571696044,-73.94885390996933,casual
651,E91AEA6A232C5DF3,electric_bike,2021-09-13 18:07:34,2021-09-13 18:26:28,Forsyth St\t& Grand St,5382,Bayard St & Leonard St,5442,40.71779817737835,-73.99316132068634,40.71915571696044,-73.94885390996933,casual
653,73F046686CF996DB,classic_bike,2021-09-02 18:00:57,2021-09-02 18:04:02,Graham Ave & Herbert St,5403,Bayard St & Leonard St,5442,40.71929301,-73.94500379,40.71915571696044,-73.94885390996933,member
848,348AC45C4C682D69,classic_bike,2021-09-24 14:17:01,2021-09-24 14:24:15,N 6 St & Bedford Ave,5379,Manhattan Av & Leonard St,5442,40.71745169,-73.95850939,40.72084,-73.94844,casual
903,7B4BCF8E51A236FC,classic_bike,2021-09-13 15:54:53,2021-09-13 15:57:43,Bayard St & Leonard St,5442,Bedford Ave & Nassau Ave,5550,40.71915571696044,-73.94885390996933,40.72311651,-73.95212324,member
909,C5B6E39FD9E3AE21,classic_bike,2021-09-10 12:10:44,2021-09-10 12:15:29,Bayard St & Leonard St,5442,Bedford Ave & Nassau Ave,5550,40.71915571696044,-73.94885390996933,40.72311651,-73.95212324,casual
2256,63E926E8CE5888CB,classic_bike,2021-09-03 20:49:26,2021-09-03 20:57:26,Manhattan Av & Leonard St,5442,Nassau Ave & Newell St,5623,40.72084,-73.94844,40.724812564400175,-73.94752621650696,member
8976,AA1DF2B77F77B003,classic_bike,2021-09-02 19:58:06,2021-09-02 20:12:14,Manhattan Av & Leonard St,5442,Powers St & Olive St,5210,40.72084,-73.94844,40.71323,-73.93894,member
9167,91E84A63A6C61BA4,classic_bike,2021-09-11 17:19:21,2021-09-11 17:43:46,Bayard St & Leonard St,5442,India St Pier,5794,40.71915571696044,-73.94885390996933,40.731734785883454,-73.9612390102593,casual
12084,2B17A5FBA5592B41,electric_bike,2021-09-11 20:24:03,2021-09-11 20:33:17,Melrose St & Broadway,4801,Bayard St & Leonard St,5442,40.697481,-73.935877,40.71915571696044,-73.94885390996933,member
12094,214BBD8F50CA3D5B,electric_bike,2021-09-13 14:45:53,2021-09-13 14:58:46,31 St & Thomson Ave,6227,Bayard St & Leonard St,5442,40.74469738,-73.93540375,40.71915571696044,-73.94885390996933,casual
12095,BDA4BCB1EDD685D9,classic_bike,2021-09-13 18:03:01,2021-09-13 18:06:38,Graham Ave & Grand St,5178,Bayard St & Leonard St,5442,40.711863,-73.944024,40.71915571696044,-73.94885390996933,casual
12144,B9EB4417EE5C1127,classic_bike,2021-09-23 09:36:42,2021-09-23 09:42:24,Kent Ave & N 7 St,5489,Bayard St & Leonard St,5442,40.72036775298455,-73.96165072917938,40.71915571696044,-73.94885390996933,member
12146,C39F368B07BB5129,electric_bike,2021-09-23 18:03:03,2021-09-23 18:12:49,Kent Ave & N 7 St,5489,Bayard St & Leonard St,5442,40.72036775298455,-73.96165072917938,40.71915571696044,-73.94885390996933,member
12147,EBFA3C98FEBD65BD,classic_bike,2021-09-22 18:33:57,2021-09-22 18:44:19,Kent Ave & N 7 St,5489,Bayard St & Leonard St,5442,40.72036775298455,-73.96165072917938,40.71915571696044,-73.94885390996933,member
12161,9D5417123088B01C,classic_bike,2021-09-02 15:13:34,2021-09-02 15:24:17,Wythe Ave & Metropolitan Ave,5348,Bayard St & Leonard St,5442,40.716887,-73.963198,40.71915571696044,-73.94885390996933,casual
12163,829D60AEE2EEE540,classic_bike,2021-09-12 15:20:42,2021-09-12 15:43:01,Willoughby Ave & Walworth St,4634,Bayard St & Leonard St,5442,40.69331716,-73.95381995,40.71915571696044,-73.94885390996933,casual
12165,580B8D542BDDC6EF,classic_bike,2021-09-03 11:04:42,2021-09-03 11:15:05,Bushwick Ave & Forrest St,4914,Bayard St & Leonard St,5442,40.70076,-73.93641,40.71915571696044,-73.94885390996933,member
12172,7C5FAF508424A862,classic_bike,2021-09-08 18:45:43,2021-09-08 18:56:30,Banker St & Meserole Ave,5633,Bayard St & Leonard St,5442,40.72606,-73.95621,40.71915571696044,-73.94885390996933,member
12177,651BAC44E77342F8,electric_bike,2021-09-05 18:58:55,2021-09-05 19:38:32,Vesey Pl & River Terrace,5297,Bayard St & Leonard St,5442,40.7153379,-74.01658354,40.71915571696044,-73.94885390996933,casual
12185,A39FDB82FD0AB98E,electric_bike,2021-09-15 21:45:15,2021-09-15 21:58:46,Forsyth St & Broome St,5453,Bayard St & Leonard St,5442,40.71893904,-73.99266288,40.71915571696044,-73.94885390996933,casual
12189,B89EFDA5D5FB3A9D,classic_bike,2021-09-08 16:55:06,2021-09-08 16:58:57,Metropolitan Ave & Meeker Ave,5300,Bayard St & Leonard St,5442,40.71413311,-73.95234386,40.71915571696044,-73.94885390996933,member
12212,8FCE870A03B32392,classic_bike,2021-09-07 19:00:50,2021-09-07 19:10:31,Milton St & Franklin St,5752,Bayard St & Leonard St,5442,40.72906,-73.95779,40.71915571696044,-73.94885390996933,casual
12244,03CD40E18048AB50,classic_bike,2021-09-03 22:09:02,2021-09-03 22:14:57,Milton St & Franklin St,5752,Bayard St & Leonard St,5442,40.72906,-73.95779,40.71915571696044,-73.94885390996933,member
12267,0094CCAEC52EADA4,electric_bike,2021-09-12 02:55:24,2021-09-12 03:19:36,S 4 St & Rodney St,5156,Bayard St & Leonard St,5442,40.70934,-73.95608,40.71915571696044,-73.94885390996933,casual
12281,50C6695D5EC483B2,classic_bike,2021-09-12 18:23:22,2021-09-12 19:01:07,S 4 St & Rodney St,5156,Bayard St & Leonard St,5442,40.70934,-73.95608,40.71915571696044,-73.94885390996933,casual
12293,EFCA634AEC921839,electric_bike,2021-09-13 17:06:18,2021-09-13 17:23:57,University Pl & E 8 St,5755,Bayard St & Leonard St,5442,40.73143724085228,-73.99490341544151,40.71915571696044,-73.94885390996933,member
12329,10B7DBEB49D6DDB1,electric_bike,2021-09-18 12:20:41,2021-09-18 12:44:00,7 Ave & Park Pl,4125,Bayard St & Leonard St,5442,40.6776147,-73.97324283,40.71915571696044,-73.94885390996933,member
12358,7532630D0A13D046,classic_bike,2021-09-12 18:13:13,2021-09-12 18:25:42,Knickerbocker Ave & Thames St,5018,Bayard St & Leonard St,5442,40.70539,-73.92976,40.71915571696044,-73.94885390996933,member
12382,2AF676B2FDDC0B54,electric_bike,2021-09-27 11:23:57,2021-09-27 11:42:36,Greene Ave & Throop Ave,4510,Bayard St & Leonard St,5442,40.6894932,-73.942061,40.71915571696044,-73.94885390996933,casual
12390,A0C4EF65268B326D,classic_bike,2021-09-26 16:36:39,2021-09-26 16:57:07,47 Ave & 31 St,6151,Bayard St & Leonard St,5442,40.743,-73.93561,40.71915571696044,-73.94885390996933,member
12399,487A4899AACB41B0,classic_bike,2021-09-26 19:06:48,2021-09-26 19:15:59,Milton St & Franklin St,5752,Bayard St & Leonard St,5442,40.72906,-73.95779,40.71915571696044,-73.94885390996933,member
12403,9BF9F52DC115FD14,classic_bike,2021-09-03 20:58:45,2021-09-03 21:23:40,Wyckoff Ave & Gates Ave,4847,Bayard St & Leonard St,5442,40.699871408829885,-73.91171872615814,40.71915571696044,-73.94885390996933,casual
12417,33C33D77077DC2BA,classic_bike,2021-09-12 18:22:55,2021-09-12 19:01:17,S 4 St & Rodney St,5156,Bayard St & Leonard St,5442,40.70934,-73.95608,40.71915571696044,-73.94885390996933,casual
12437,A72ABF81579BE448,classic_bike,2021-09-17 18:49:18,2021-09-17 18:54:35,N 6 St & Bedford Ave,5379,Bayard St & Leonard St,5442,40.71745169,-73.95850939,40.71915571696044,-73.94885390996933,member
12443,209B4463E1356645,classic_bike,2021-09-07 11:00:34,2021-09-07 11:04:56,N 6 St & Bedford Ave,5379,Bayard St & Leonard St,5442,40.71745169,-73.95850939,40.71915571696044,-73.94885390996933,member
12449,260F8EC4675BF417,classic_bike,2021-09-15 13:10:54,2021-09-15 13:14:42,N 6 St & Bedford Ave,5379,Bayard St & Leonard St,5442,40.71745169,-73.95850939,40.71915571696044,-73.94885390996933,member
12453,1B57E7B1E74FBA17,classic_bike,2021-09-30 19:45:33,2021-09-30 19:56:10,Montrose Ave & Bushwick Ave,5068,Bayard St & Leonard St,5442,40.70767788,-73.94016171,40.71915571696044,-73.94885390996933,casual
12510,C7347D59ABAA234A,classic_bike,2021-09-22 17:28:52,2021-09-22 17:36:26,Milton St & Franklin St,5752,Bayard St & Leonard St,5442,40.72906,-73.95779,40.71915571696044,-73.94885390996933,member
12537,BE013D683813DC40,classic_bike,2021-09-12 12:52:24,2021-09-12 12:59:25,Stagg St & Union Ave,5117,Bayard St & Leonard St,5442,40.70877084,-73.95095259,40.71915571696044,-73.94885390996933,member
12540,CCD9AC2F27836F7F,electric_bike,2021-09-09 21:04:51,2021-09-09 21:17:57,Center Blvd & 51 Ave,6179,Bayard St & Leonard St,5442,40.74336608027021,-73.95960688591003,40.71915571696044,-73.94885390996933,casual
12579,102639B7198F2938,classic_bike,2021-09-10 13:40:55,2021-09-10 13:44:57,N 6 St & Bedford Ave,5379,Bayard St & Leonard St,5442,40.71745169,-73.95850939,40.71915571696044,-73.94885390996933,casual
12605,1738DC61A4A320B5,electric_bike,2021-09-07 19:25:27,2021-09-07 20:12:33,Jackson St & Leonard St,5332,Bayard St & Leonard St,5442,40.71638031973561,-73.94821286201477,40.71915571696044,-73.94885390996933,casual
12606,DD6C1CB2AFAC92AB,classic_bike,2021-09-07 11:00:21,2021-09-07 11:04:55,N 11 St & Kent Ave,5489,Bayard St & Leonard St,5442,40.72248188638219,-73.95921930670738,40.71915571696044,-73.94885390996933,casual
12628,EDF0C65738A46DE3,classic_bike,2021-09-16 20:20:27,2021-09-16 20:30:09,Montrose Ave & Bushwick Ave,5068,Bayard St & Leonard St,5442,40.70767788,-73.94016171,40.71915571696044,-73.94885390996933,member
12632,8134E36B143B70AF,classic_bike,2021-09-18 11:16:52,2021-09-18 11:27:55,Montrose Ave & Bushwick Ave,5068,Bayard St & Leonard St,5442,40.70767788,-73.94016171,40.71915571696044,-73.94885390996933,casual
12633,420725AFE7FB79E4,electric_bike,2021-09-26 11:56:11,2021-09-26 12:05:15,Montrose Ave & Bushwick Ave,5068,Bayard St & Leonard St,5442,40.70767788,-73.94016171,40.71915571696044,-73.94885390996933,casual
12663,D312F57AE0492412,classic_bike,2021-09-04 12:04:19,2021-09-04 12:13:51,Montrose Ave & Bushwick Ave,5068,Bayard St & Leonard St,5442,40.70767788,-73.94016171,40.71915571696044,-73.94885390996933,casual
12692,9E999E59A6BACB58,classic_bike,2021-09-14 09:39:17,2021-09-14 09:43:25,N 6 St & Bedford Ave,5379,Bayard St & Leonard St,5442,40.71745169,-73.95850939,40.71915571696044,-73.94885390996933,member
12694,188A984E39D6652C,classic_bike,2021-09-07 07:39:06,2021-09-07 07:43:37,N 6 St & Bedford Ave,5379,Bayard St & Leonard St,5442,40.71745169,-73.95850939,40.71915571696044,-73.94885390996933,member
12711,8859165C5C725334,classic_bike,2021-09-24 23:42:15,2021-09-25 00:00:52,N 6 St & Bedford Ave,5379,Bayard St & Leonard St,5442,40.71745169,-73.95850939,40.71915571696044,-73.94885390996933,member
12717,D7F20912AA0F356A,classic_bike,2021-09-03 22:04:46,2021-09-03 22:18:43,Montrose Ave & Bushwick Ave,5068,Bayard St & Leonard St,5442,40.70767788,-73.94016171,40.71915571696044,-73.94885390996933,casual
12732,6E0AA919848E7EA3,classic_bike,2021-09-08 07:36:14,2021-09-08 07:44:00,N 6 St & Bedford Ave,5379,Bayard St & Leonard St,5442,40.71745169,-73.95850939,40.71915571696044,-73.94885390996933,casual
12746,99BA183720D5734F,classic_bike,2021-09-18 17:25:12,2021-09-18 17:31:31,N 6 St & Bedford Ave,5379,Bayard St & Leonard St,5442,40.71745169,-73.95850939,40.71915571696044,-73.94885390996933,member
12750,5480B18B9481052F,classic_bike,2021-09-06 18:25:21,2021-09-06 18:28:45,N 6 St & Bedford Ave,5379,Bayard St & Leonard St,5442,40.71745169,-73.95850939,40.71915571696044,-73.94885390996933,casual
12763,AA393151D229B4D8,classic_bike,2021-09-10 18:47:56,2021-09-10 18:53:25,N 6 St & Bedford Ave,5379,Bayard St & Leonard St,5442,40.71745169,-73.95850939,40.71915571696044,-73.94885390996933,member
12772,50FA4616974E0E86,classic_bike,2021-09-27 18:49:47,2021-09-27 18:54:10,N 6 St & Bedford Ave,5379,Bayard St & Leonard St,5442,40.71745169,-73.95850939,40.71915571696044,-73.94885390996933,member
12778,1C082C8C59FBFC76,classic_bike,2021-09-14 18:45:01,2021-09-14 18:55:43,N 6 St & Bedford Ave,5379,Bayard St & Leonard St,5442,40.71745169,-73.95850939,40.71915571696044,-73.94885390996933,member
12781,6466028C8C2B79CC,classic_bike,2021-09-06 17:03:33,2021-09-06 17:08:43,N 6 St & Bedford Ave,5379,Bayard St & Leonard St,5442,40.71745169,-73.95850939,40.71915571696044,-73.94885390996933,member
12784,8552A88ECE8A4A5A,classic_bike,2021-09-17 20:11:47,2021-09-17 20:17:16,N 6 St & Bedford Ave,5379,Bayard St & Leonard St,5442,40.71745169,-73.95850939,40.71915571696044,-73.94885390996933,casual
12794,BDDDD3309329C43D,classic_bike,2021-09-18 13:36:56,2021-09-18 13:41:04,N 6 St & Bedford Ave,5379,Bayard St & Leonard St,5442,40.71745169,-73.95850939,40.71915571696044,-73.94885390996933,casual
12796,BA4F52E09CBF730D,classic_bike,2021-09-26 09:18:22,2021-09-26 09:23:20,N 6 St & Bedford Ave,5379,Bayard St & Leonard St,5442,40.71745169,-73.95850939,40.71915571696044,-73.94885390996933,member
12808,3B54623066371843,classic_bike,2021-09-22 15:45:02,2021-09-22 15:51:21,Kent St & McGuinness Blvd,5785,Bayard St & Leonard St,5442,40.73124,-73.95161,40.71915571696044,-73.94885390996933,casual
12816,F7DB1D9A72AA1C80,classic_bike,2021-09-09 19:29:28,2021-09-09 19:38:30,Kent St & McGuinness Blvd,5785,Bayard St & Leonard St,5442,40.73124,-73.95161,40.71915571696044,-73.94885390996933,member
12848,874078D7F3C623EF,electric_bike,2021-09-25 14:45:18,2021-09-25 16:40:41,Prospect Pl & 6 Ave,4166,Bayard St & Leonard St,5442,40.6793307,-73.97519523,40.71915571696044,-73.94885390996933,member
12877,1574E7C6955A0019,classic_bike,2021-09-30 17:01:47,2021-09-30 17:13:07,Waterbury St & Stagg St,5099,Bayard St & Leonard St,5442,40.71019,-73.93734,40.71915571696044,-73.94885390996933,member
12889,9623AD3546599663,electric_bike,2021-09-14 18:16:26,2021-09-14 18:24:36,Kent St & McGuinness Blvd,5785,Bayard St & Leonard St,5442,40.73124,-73.95161,40.71915571696044,-73.94885390996933,member
12926,944EF3B5333EEAC7,classic_bike,2021-09-11 13:46:55,2021-09-11 14:05:06,S 4 St & Wythe Ave,5204,Bayard St & Leonard St,5442,40.71285887,-73.96590294,40.71915571696044,-73.94885390996933,casual
12928,247275E016D551EA,classic_bike,2021-09-11 11:10:02,2021-09-11 11:19:11,S 4 St & Wythe Ave,5204,Bayard St & Leonard St,5442,40.71285887,-73.96590294,40.71915571696044,-73.94885390996933,casual
12942,B8685933590FB472,classic_bike,2021-09-03 13:36:59,2021-09-03 14:22:37,E 32 St & Park Ave,6280,Bayard St & Leonard St,5442,40.7457121,-73.98194829,40.71915571696044,-73.94885390996933,casual
12974,B43EA0F22086129F,classic_bike,2021-09-20 12:54:51,2021-09-20 12:58:18,Leonard St & Nassau Ave,5550,Bayard St & Leonard St,5442,40.7239567849954,-73.94984364509583,40.71915571696044,-73.94885390996933,member
12994,FC8E3A65B0124396,classic_bike,2021-09-24 00:40:45,2021-09-24 00:49:16,Metropolitan Ave & Bedford Ave,5308,Bayard St & Leonard St,5442,40.71534825,-73.96024116,40.71915571696044,-73.94885390996933,member
13056,9578A94C8D95CB45,classic_bike,2021-09-29 15:40:16,2021-09-29 15:47:06,Bushwick Ave & Powers St,5250,Bayard St & Leonard St,5442,40.71247661,-73.94100005,40.71915571696044,-73.94885390996933,member
13060,B114EE578B860B5A,classic_bike,2021-09-12 07:56:48,2021-09-12 08:02:56,Bushwick Ave & Powers St,5250,Bayard St & Leonard St,5442,40.71247661,-73.94100005,40.71915571696044,-73.94885390996933,member
13069,2EFFFB0609C080B7,classic_bike,2021-09-02 17:08:27,2021-09-02 17:26:57,Bushwick Ave & Harman St,4640,Bayard St & Leonard St,5442,40.69356,-73.92524,40.71915571696044,-73.94885390996933,member
13070,5AB83D397DD390E5,classic_bike,2021-09-27 17:09:12,2021-09-27 17:25:05,Bushwick Ave & Harman St,4640,Bayard St & Leonard St,5442,40.69356,-73.92524,40.71915571696044,-73.94885390996933,member
13077,F383628221D18BF7,classic_bike,2021-09-11 16:39:55,2021-09-11 16:42:55,Engert Ave & McGuinness Blvd,5473,Bayard St & Leonard St,5442,40.72158,-73.94546,40.71915571696044,-73.94885390996933,member
13139,DF32EAC6E45C2641,electric_bike,2021-09-08 09:39:29,2021-09-08 09:57:49,Carlton Ave & Park Ave,4732,Bayard St & Leonard St,5442,40.69580705,-73.97355569,40.71915571696044,-73.94885390996933,member
13168,2469E1C30A2F197A,electric_bike,2021-09-18 10:47:32,2021-09-18 10:55:45,Kent St & McGuinness Blvd,5785,Bayard St & Leonard St,5442,40.73124,-73.95161,40.71915571696044,-73.94885390996933,member
13222,DDF3D67D7A0DB344,classic_bike,2021-09-08 20:18:22,2021-09-08 20:57:13,Manhattan Av & Leonard St,5442,Bayard St & Leonard St,5442,40.72084,-73.94844,40.71915571696044,-73.94885390996933,casual
13226,AF6FE61CC5DBF0C3,classic_bike,2021-09-11 12:57:42,2021-09-11 13:01:28,Graham Ave & Withers St,5403,Bayard St & Leonard St,5442,40.7169811,-73.94485918,40.71915571696044,-73.94885390996933,casual
13236,7FB50B9196121ED3,classic_bike,2021-09-21 12:40:34,2021-09-21 12:43:40,Graham Ave & Withers St,5403,Bayard St & Leonard St,5442,40.7169811,-73.94485918,40.71915571696044,-73.94885390996933,member
13245,355449585F91E05F,classic_bike,2021-09-13 13:51:26,2021-09-13 13:55:05,Graham Ave & Withers St,5403,Bayard St & Leonard St,5442,40.7169811,-73.94485918,40.71915571696044,-73.94885390996933,member
13246,F6D61710A825A3D7,classic_bike,2021-09-21 15:31:56,2021-09-21 15:43:44,Manhattan Av & Leonard St,5442,Franklin St & Dupont St,5944,40.72084,-73.94844,40.73564,-73.95866,member
13261,AB746E9EE7B37B4C,electric_bike,2021-09-16 00:11:00,2021-09-16 00:27:21,Rivington St & Ridge St,5406,Bayard St & Leonard St,5442,40.71850211,-73.98329859,40.71915571696044,-73.94885390996933,member
13265,397B4C0D17CF4ED8,classic_bike,2021-09-05 18:35:25,2021-09-05 18:41:46,Calyer St & Jewel St,5743,Bayard St & Leonard St,5442,40.72984,-73.94839,40.71915571696044,-73.94885390996933,member
13267,FDCB30988606D13B,classic_bike,2021-09-01 16:17:13,2021-09-01 16:25:08,Montrose Ave & Bushwick Ave,5068,Bayard St & Leonard St,5442,40.70767788,-73.94016171,40.71915571696044,-73.94885390996933,member
13274,EFB1A4C09D55350F,classic_bike,2021-09-16 07:56:26,2021-09-16 07:59:13,Leonard St & Nassau Ave,5550,Bayard St & Leonard St,5442,40.7239567849954,-73.94984364509583,40.71915571696044,-73.94885390996933,member
13288,C661EF224FF5186C,classic_bike,2021-09-26 13:07:26,2021-09-26 13:10:25,Leonard St & Nassau Ave,5550,Bayard St & Leonard St,5442,40.7239567849954,-73.94984364509583,40.71915571696044,-73.94885390996933,member
13308,93DF61E5C66B9A16,classic_bike,2021-09-29 19:18:35,2021-09-29 19:27:03,Montrose Ave & Bushwick Ave,5068,Bayard St & Leonard St,5442,40.70767788,-73.94016171,40.71915571696044,-73.94885390996933,member
13309,2008A1BF93ECEC1E,classic_bike,2021-09-19 11:01:42,2021-09-19 11:24:43,Rivington St & Ridge St,5406,Bayard St & Leonard St,5442,40.71850211,-73.98329859,40.71915571696044,-73.94885390996933,member
13314,F0562A15DB93E28A,electric_bike,2021-09-01 15:34:07,2021-09-01 15:37:46,N 6 St & Bedford Ave,5379,Bayard St & Leonard St,5442,40.71745169,-73.95850939,40.71915571696044,-73.94885390996933,member
13318,FF2101E8388EC79C,classic_bike,2021-09-29 20:01:32,2021-09-29 20:09:00,N 6 St & Bedford Ave,5379,Bayard St & Leonard St,5442,40.71745169,-73.95850939,40.71915571696044,-73.94885390996933,member
13320,C55F6E247D1D9931,classic_bike,2021-09-25 10:23:43,2021-09-25 10:34:47,Montrose Ave & Bushwick Ave,5068,Bayard St & Leonard St,5442,40.70767788,-73.94016171,40.71915571696044,-73.94885390996933,casual
13340,85765F1955330E08,classic_bike,2021-09-11 02:16:16,2021-09-11 02:19:36,Leonard St & Nassau Ave,5550,Bayard St & Leonard St,5442,40.7239567849954,-73.94984364509583,40.71915571696044,-73.94885390996933,casual
13341,F28AF55E0D72DAC1,classic_bike,2021-09-04 17:51:14,2021-09-04 18:17:23,Irving Ave & Harman St,4856,Bayard St & Leonard St,5442,40.70108,-73.9179,40.71915571696044,-73.94885390996933,member
13431,2DD423E13932CC5E,electric_bike,2021-09-27 14:14:42,2021-09-27 14:18:34,Leonard St & Nassau Ave,5550,Bayard St & Leonard St,5442,40.7239567849954,-73.94984364509583,40.71915571696044,-73.94885390996933,member
13434,159E56840997BF78,classic_bike,2021-09-14 17:21:12,2021-09-14 17:23:42,Leonard St & Nassau Ave,5550,Bayard St & Leonard St,5442,40.7239567849954,-73.94984364509583,40.71915571696044,-73.94885390996933,member
13440,25D4070C41244095,classic_bike,2021-09-13 12:27:03,2021-09-13 12:29:30,Leonard St & Nassau Ave,5550,Bayard St & Leonard St,5442,40.7239567849954,-73.94984364509583,40.71915571696044,-73.94885390996933,member
13459,FED9A0C1524949E1,electric_bike,2021-09-14 17:41:12,2021-09-14 17:59:06,Bushwick Ave & Harman St,4640,Bayard St & Leonard St,5442,40.69356,-73.92524,40.71915571696044,-73.94885390996933,member
13463,556CE4E5A9405340,classic_bike,2021-09-24 17:27:31,2021-09-24 17:44:11,Dock 72 Way & Market St,4804,Bayard St & Leonard St,5442,40.69985,-73.97141,40.71915571696044,-73.94885390996933,member
13506,AECFAD129AD19027,classic_bike,2021-09-29 12:47:58,2021-09-29 12:52:23,Roebling St & N 4 St,5267,Bayard St & Leonard St,5442,40.71469,-73.95739,40.71915571696044,-73.94885390996933,member
13507,3D9F7DD6AB3AB50E,classic_bike,2021-09-27 16:17:23,2021-09-27 16:21:54,Roebling St & N 4 St,5267,Bayard St & Leonard St,5442,40.71469,-73.95739,40.71915571696044,-73.94885390996933,member
13516,E3353BFCB462526D,classic_bike,2021-09-18 18:41:52,2021-09-18 19:10:05,Front St & Washington St,4936,Bayard St & Leonard St,5442,40.70255088,-73.98940236,40.71915571696044,-73.94885390996933,member
13561,BF783FA052698222,electric_bike,2021-09-12 18:24:25,2021-09-12 18:39:21,Jefferson St & Cypress Ave,5082,Bayard St & Leonard St,5442,40.70907,-73.92157,40.71915571696044,-73.94885390996933,member
13585,D4ADBB5F32B8228F,classic_bike,2021-09-07 16:51:14,2021-09-07 17:09:17,Cambridge Pl & Gates Ave,4377,Bayard St & Leonard St,5442,40.68488,-73.96304,40.71915571696044,-73.94885390996933,member
13598,88D336B989AF64E8,classic_bike,2021-09-23 13:23:20,2021-09-23 13:29:40,N 6 St & Bedford Ave,5379,Bayard St & Leonard St,5442,40.71745169,-73.95850939,40.71915571696044,-73.94885390996933,member
13600,0FB40C3C85930C8F,classic_bike,2021-09-25 07:24:14,2021-09-25 07:32:48,Montrose Ave & Bushwick Ave,5068,Bayard St & Leonard St,5442,40.70767788,-73.94016171,40.71915571696044,-73.94885390996933,member
13607,4C201FEB470287B4,classic_bike,2021-09-15 17:56:19,2021-09-15 18:02:42,N 6 St & Bedford Ave,5379,Bayard St & Leonard St,5442,40.71745169,-73.95850939,40.71915571696044,-73.94885390996933,member
13608,5CEAC612C40FF939,classic_bike,2021-09-12 18:49:19,2021-09-12 18:54:52,N 6 St & Bedford Ave,5379,Bayard St & Leonard St,5442,40.71745169,-73.95850939,40.71915571696044,-73.94885390996933,member
13644,CB001C201599DEAD,electric_bike,2021-09-04 18:46:37,2021-09-04 19:05:00,Lewis Ave & Madison St,4425,Bayard St & Leonard St,5442,40.686312,-73.935775,40.71915571696044,-73.94885390996933,casual
13657,BB0C93F9927EB83C,classic_bike,2021-09-07 08:29:03,2021-09-07 08:41:27,McGuinness Blvd & Eagle St,5977,Bayard St & Leonard St,5442,40.73555,-73.95284,40.71915571696044,-73.94885390996933,casual
13685,1B288FB5EC4B7005,classic_bike,2021-09-11 10:25:53,2021-09-11 10:35:44,Montrose Ave & Bushwick Ave,5068,Bayard St & Leonard St,5442,40.70767788,-73.94016171,40.71915571696044,-73.94885390996933,casual
13698,92E6BC8850C28023,classic_bike,2021-09-07 09:45:08,2021-09-07 09:51:03,N 6 St & Bedford Ave,5379,Bayard St & Leonard St,5442,40.71745169,-73.95850939,40.71915571696044,-73.94885390996933,member
13699,BAA3ACC30C20D2D2,classic_bike,2021-09-21 18:34:42,2021-09-21 18:38:45,N 6 St & Bedford Ave,5379,Bayard St & Leonard St,5442,40.71745169,-73.95850939,40.71915571696044,-73.94885390996933,member
13703,D26B35FBEE391C69,classic_bike,2021-09-02 09:03:07,2021-09-02 09:07:52,N 6 St & Bedford Ave,5379,Bayard St & Leonard St,5442,40.71745169,-73.95850939,40.71915571696044,-73.94885390996933,member
13753,8E497DF36576EB2B,electric_bike,2021-09-11 14:59:12,2021-09-11 15:05:56,McGuinness Blvd & Eagle St,5977,Bayard St & Leonard St,5442,40.73555,-73.95284,40.71915571696044,-73.94885390996933,member
13840,E13ED7176F5452DF,classic_bike,2021-09-03 20:53:55,2021-09-03 21:03:58,Leonard St & Boerum St,5036,Bayard St & Leonard St,5442,40.70583339,-73.94644578,40.71915571696044,-73.94885390996933,member
13863,21A03B2904F7E603,classic_bike,2021-09-28 09:58:16,2021-09-28 10:08:06,White St & Moore St,4987,Bayard St & Leonard St,5442,40.704508,-73.9351,40.71915571696044,-73.94885390996933,member
13969,4303748B9D736EAB,electric_bike,2021-09-26 17:54:24,2021-09-26 18:06:26,Allen St & Hester St,5342,Bayard St & Leonard St,5442,40.71605866,-73.99190759,40.71915571696044,-73.94885390996933,member
13986,B104EF45F2CE3C69,classic_bike,2021-09-13 18:30:18,2021-09-13 18:36:37,Lorimer St & Calyer St,5709,Bayard St & Leonard St,5442,40.72795,-73.95414,40.71915571696044,-73.94885390996933,member
13993,BAA311739ACA243F,classic_bike,2021-09-11 20:04:25,2021-09-11 20:11:02,Lorimer St & Calyer St,5709,Bayard St & Leonard St,5442,40.72795,-73.95414,40.71915571696044,-73.94885390996933,casual
13999,749BB71EEF05342E,classic_bike,2021-09-24 21:47:38,2021-09-24 21:54:14,Lorimer St & Calyer St,5709,Bayard St & Leonard St,5442,40.72795,-73.95414,40.71915571696044,-73.94885390996933,member
14034,019E7893B60DA06B,classic_bike,2021-09-30 15:41:17,2021-09-30 15:50:25,Bushwick Ave & Powers St,5250,Bayard St & Leonard St,5442,40.71247661,-73.94100005,40.71915571696044,-73.94885390996933,casual
14061,6591C9F2D0003B9B,classic_bike,2021-09-16 10:44:21,2021-09-16 10:51:15,Bushwick Ave & Powers St,5250,Bayard St & Leonard St,5442,40.71247661,-73.94100005,40.71915571696044,-73.94885390996933,member
14073,C6DE61C192CC45D7,classic_bike,2021-09-14 18:39:50,2021-09-14 18:46:11,Lorimer St & Calyer St,5709,Bayard St & Leonard St,5442,40.72795,-73.95414,40.71915571696044,-73.94885390996933,member
14091,5892142A12688FAD,electric_bike,2021-09-22 09:18:52,2021-09-22 09:41:29,Reade St & Broadway,5247,Bayard St & Leonard St,5442,40.71450451,-74.00562789,40.71915571696044,-73.94885390996933,casual
14154,A49553327B6EF4FE,classic_bike,2021-09-30 10:05:22,2021-09-30 10:19:12,Manhattan Av & Leonard St,5442,Franklin St & Dupont St,5944,40.72084,-73.94844,40.73564,-73.95866,member
14290,84D6FC39DFEFC410,classic_bike,2021-09-03 22:17:50,2021-09-03 22:37:25,Franklin St & Dupont St,5944,Bayard St & Leonard St,5442,40.73564,-73.95866,40.71915571696044,-73.94885390996933,member
14681,30D0880547FC7971,electric_bike,2021-09-13 09:42:00,2021-09-13 10:02:41,Vesey St & Church St,5216,Bayard St & Leonard St,5442,40.71221958009051,-74.01047229766846,40.71915571696044,-73.94885390996933,casual
14811,941EDB652A948050,electric_bike,2021-09-09 16:53:09,2021-09-09 17:14:58,Eastern Pkwy & Franklin Ave,3919,Bayard St & Leonard St,5442,40.6707767,-73.9576801,40.71915571696044,-73.94885390996933,member
14857,37E1406A550F3CCE,classic_bike,2021-09-11 20:47:21,2021-09-11 21:01:02,McGuinness Blvd & Eagle St,5977,Bayard St & Leonard St,5442,40.73555,-73.95284,40.71915571696044,-73.94885390996933,casual
14916,8005C1419E67ABFF,classic_bike,2021-09-20 11:46:37,2021-09-20 11:51:57,Bayard St & Leonard St,5442,Metropolitan Ave & Bedford Ave,5308,40.71915571696044,-73.94885390996933,40.71534825,-73.96024116,member
14917,B80181A3B2D2D56C,classic_bike,2021-09-30 05:40:59,2021-09-30 05:45:24,Bayard St & Leonard St,5442,Metropolitan Ave & Bedford Ave,5308,40.71915571696044,-73.94885390996933,40.71534825,-73.96024116,member
14921,7288D673126B2033,classic_bike,2021-09-08 11:31:02,2021-09-08 11:35:41,Bayard St & Leonard St,5442,Metropolitan Ave & Bedford Ave,5308,40.71915571696044,-73.94885390996933,40.71534825,-73.96024116,member
14987,1E4BE604DD2845CD,electric_bike,2021-09-12 15:52:51,2021-09-12 16:07:32,Suydam St & Knickerbocker Ave,4939,Manhattan Av & Leonard St,5442,40.702013,-73.923769,40.72084,-73.94844,member
15003,609DA7F888E08EE6,classic_bike,2021-09-19 13:44:32,2021-09-19 13:51:16,Greenpoint Ave & Manhattan Ave,5785,Manhattan Av & Leonard St,5442,40.73026,-73.95394,40.72084,-73.94844,member
15023,4E9F8D80A51A7570,classic_bike,2021-09-04 13:24:47,2021-09-04 13:43:59,Bushwick Ave & Harman St,4640,Manhattan Av & Leonard St,5442,40.69356,-73.92524,40.72084,-73.94844,member
15048,DD3EFF6F54EBB181,classic_bike,2021-09-11 19:28:47,2021-09-11 19:52:11,Rivington St & Chrystie St,5453,Manhattan Av & Leonard St,5442,40.72110063,-73.9919254,40.72084,-73.94844,casual
15050,75CC7F6E94852434,classic_bike,2021-09-05 20:56:43,2021-09-05 21:02:22,Graham Ave & Grand St,5178,Manhattan Av & Leonard St,5442,40.711863,-73.944024,40.72084,-73.94844,casual
15069,87DFFFE291E0C729,classic_bike,2021-09-03 02:07:58,2021-09-03 02:12:38,Metropolitan Ave & Meeker Ave,5300,Manhattan Av & Leonard St,5442,40.71413311,-73.95234386,40.72084,-73.94844,member
15096,77726A108E4FFB4F,classic_bike,2021-09-16 19:05:11,2021-09-16 19:18:00,S 3 St & Bedford Ave,5235,Manhattan Av & Leonard St,5442,40.71260486,-73.96264403,40.72084,-73.94844,casual
15142,46AEF53436C0C652,classic_bike,2021-09-15 19:44:38,2021-09-15 19:51:59,Berry St & N 8 St,5379,Manhattan Av & Leonard St,5442,40.7190095,-73.95852515,40.72084,-73.94844,casual
15214,B108A052AF458FE5,classic_bike,2021-09-26 13:40:12,2021-09-26 13:48:57,Berry St & N 8 St,5379,Manhattan Av & Leonard St,5442,40.7190095,-73.95852515,40.72084,-73.94844,casual
15245,F92ACBCE7D5BE912,electric_bike,2021-09-07 12:04:07,2021-09-07 12:11:29,Hope St & Union Ave,5187,Manhattan Av & Leonard St,5442,40.71167351,-73.95141312,40.72084,-73.94844,member
15293,4F37CAF2020D7BD1,electric_bike,2021-09-18 12:49:44,2021-09-18 13:11:15,Allen St & Rivington St,5414,Manhattan Av & Leonard St,5442,40.72019576,-73.98997825,40.72084,-73.94844,member
15319,C9ECC566262E6F43,classic_bike,2021-09-29 19:18:52,2021-09-29 19:39:02,Lexington Ave & Classon Ave,4452,Manhattan Av & Leonard St,5442,40.68676793,-73.95928168,40.72084,-73.94844,member
15348,70D072A515FE18B3,classic_bike,2021-09-01 09:34:11,2021-09-01 09:52:21,N 6 St & Bedford Ave,5379,Manhattan Av & Leonard St,5442,40.71745169,-73.95850939,40.72084,-73.94844,member
15390,73DE2212A4ADAE10,electric_bike,2021-09-02 08:55:14,2021-09-02 09:10:25,Canal St & Rutgers St,5303,Manhattan Av & Leonard St,5442,40.71427487,-73.98990025,40.72084,-73.94844,member
15392,01D1263AB66874CC,classic_bike,2021-09-29 17:38:36,2021-09-29 17:44:10,Grand St & Havemeyer St,5267,Manhattan Av & Leonard St,5442,40.71286844,-73.95698119,40.72084,-73.94844,member
15407,B07405AC7BF988FA,classic_bike,2021-09-17 16:21:40,2021-09-17 16:30:27,Morgan Ave & Maspeth Ave,5354,Manhattan Av & Leonard St,5442,40.716657,-73.93637,40.72084,-73.94844,casual
15467,7067BC1F31EF3649,classic_bike,2021-09-03 19:25:46,2021-09-03 19:27:40,Graham Ave & Herbert St,5403,Manhattan Av & Leonard St,5442,40.71929301,-73.94500379,40.72084,-73.94844,member
15470,47A9BDA893C2DE1B,classic_bike,2021-09-02 10:04:20,2021-09-02 10:07:42,Bayard St & Leonard St,5442,Graham Ave & Withers St,5403,40.71915571696044,-73.94885390996933,40.7169811,-73.94485918,member
15471,5FCAAB622E0196BD,classic_bike,2021-09-09 19:58:35,2021-09-09 20:15:45,Bayard St & Leonard St,5442,Suydam St & St. Nicholas Ave,5043,40.71915571696044,-73.94885390996933,40.70636,-73.91945,member
15492,B04FEE09632347FD,electric_bike,2021-09-02 13:54:21,2021-09-02 13:58:45,Meserole Ave & Manhattan Ave,5666,Manhattan Av & Leonard St,5442,40.72708584,-73.95299117,40.72084,-73.94844,casual
15498,5577F04B9037944C,classic_bike,2021-09-03 21:20:07,2021-09-03 21:29:02,Greenpoint Ave & Manhattan Ave,5785,Manhattan Av & Leonard St,5442,40.73026,-73.95394,40.72084,-73.94844,casual
15507,1DDBE9886D80BB08,classic_bike,2021-09-03 09:01:40,2021-09-03 09:05:07,Meserole Ave & Manhattan Ave,5666,Manhattan Av & Leonard St,5442,40.72708584,-73.95299117,40.72084,-73.94844,member
15528,1A11D78A08597191,classic_bike,2021-09-21 18:49:41,2021-09-21 18:54:39,Graham Ave & Grand St,5178,Manhattan Av & Leonard St,5442,40.711863,-73.944024,40.72084,-73.94844,member
15536,E6E757A51F15E3CC,classic_bike,2021-09-03 17:55:45,2021-09-03 18:33:36,Knickerbocker Ave & George St,4979,Manhattan Av & Leonard St,5442,40.704425,-73.92836,40.72084,-73.94844,member
15542,E426BC95FCFA193C,classic_bike,2021-09-28 12:55:48,2021-09-28 13:08:30,India St Pier,5794,Manhattan Av & Leonard St,5442,40.731734785883454,-73.9612390102593,40.72084,-73.94844,member
15550,8C5C2A48260746F2,classic_bike,2021-09-04 17:28:55,2021-09-04 17:50:43,India St Pier,5794,Manhattan Av & Leonard St,5442,40.731734785883454,-73.9612390102593,40.72084,-73.94844,member
15561,6AAAEE69C153515E,classic_bike,2021-09-30 18:34:24,2021-09-30 18:54:22,Lorimer St & Broadway,4965,Manhattan Av & Leonard St,5442,40.70411791,-73.94818595,40.72084,-73.94844,casual
15585,F47799EB74BE22B2,classic_bike,2021-09-17 18:35:24,2021-09-17 18:44:04,Leonard St & Maujer St,5148,Manhattan Av & Leonard St,5442,40.7103685423523,-73.94705951213837,40.72084,-73.94844,member
15607,C7235AD824B2BC8E,classic_bike,2021-09-03 19:51:30,2021-09-03 20:17:51,Bushwick Ave & Harman St,4640,Manhattan Av & Leonard St,5442,40.69356,-73.92524,40.72084,-73.94844,casual
15711,F0625D465A3679F6,classic_bike,2021-09-03 20:16:22,2021-09-03 20:27:34,Kent Ave & N 7 St,5489,Manhattan Av & Leonard St,5442,40.72036775298455,-73.96165072917938,40.72084,-73.94844,member
15721,279F423DE390D017,classic_bike,2021-09-01 07:20:53,2021-09-01 07:29:27,Kent Ave & N 7 St,5489,Manhattan Av & Leonard St,5442,40.72036775298455,-73.96165072917938,40.72084,-73.94844,member
15761,10CB101C8DF979A7,electric_bike,2021-09-12 03:11:53,2021-09-12 03:26:31,Stanhope St & Fairview Ave,5146,Manhattan Av & Leonard St,5442,40.70998,-73.91116,40.72084,-73.94844,casual
15777,7419D2A802E098D8,classic_bike,2021-09-10 18:53:11,2021-09-10 19:05:11,N 6 St & Bedford Ave,5379,Manhattan Av & Leonard St,5442,40.71745169,-73.95850939,40.72084,-73.94844,member
15793,73E44E8A83118E2E,classic_bike,2021-09-15 15:40:48,2021-09-15 16:01:11,Kent Ave & S 11 St,5062,Manhattan Av & Leonard St,5442,40.707644944175705,-73.96841526031494,40.72084,-73.94844,member
15809,F4E7E312D5ABA368,classic_bike,2021-09-18 17:41:21,2021-09-18 18:02:39,Lewis Ave & Madison St,4425,Manhattan Av & Leonard St,5442,40.686312,-73.935775,40.72084,-73.94844,casual
15810,E5970F33F86C5C25,classic_bike,2021-09-14 18:27:45,2021-09-14 18:39:48,Morgan Ave & Maspeth Ave,5354,Manhattan Av & Leonard St,5442,40.716657,-73.93637,40.72084,-73.94844,casual
15831,948382F8292FAE16,classic_bike,2021-09-20 17:29:48,2021-09-20 17:43:32,Greenpoint Ave & Manhattan Ave,5785,Manhattan Av & Leonard St,5442,40.73026,-73.95394,40.72084,-73.94844,casual
15834,9555EA16313C9579,classic_bike,2021-09-29 18:34:40,2021-09-29 18:55:03,Lispenard St & Broadway,5391,Manhattan Av & Leonard St,5442,40.71939226,-74.00247214,40.72084,-73.94844,member
15838,6A2A083DFDC96BD4,classic_bike,2021-09-09 20:25:09,2021-09-09 20:44:34,Myrtle Ave & Lewis Ave,4729,Manhattan Av & Leonard St,5442,40.69681963,-73.93756926,40.72084,-73.94844,member
15842,173A03276442EFC5,classic_bike,2021-09-08 18:01:19,2021-09-08 18:06:47,Greenpoint Ave & Manhattan Ave,5785,Manhattan Av & Leonard St,5442,40.73026,-73.95394,40.72084,-73.94844,member
15901,904C5D790BF522BB,electric_bike,2021-09-09 19:21:56,2021-09-09 19:44:59,E 10 St & Avenue A,5659,Manhattan Av & Leonard St,5442,40.72740794,-73.98142006,40.72084,-73.94844,member
15928,5C1349285F6EAD02,classic_bike,2021-09-10 19:13:15,2021-09-10 19:21:55,Milton St & Franklin St,5752,Manhattan Av & Leonard St,5442,40.72906,-73.95779,40.72084,-73.94844,casual
15937,E90AB1D04FF294DA,classic_bike,2021-09-24 16:38:09,2021-09-24 16:46:52,S 3 St & Bedford Ave,5235,Manhattan Av & Leonard St,5442,40.71260486,-73.96264403,40.72084,-73.94844,member
15941,5BB0632C497499A1,classic_bike,2021-09-03 20:00:27,2021-09-03 20:24:35,Stanton St & Norfolk St,5445,Manhattan Av & Leonard St,5442,40.720747,-73.986274,40.72084,-73.94844,member
15977,3244F16A0A6E35C1,classic_bike,2021-09-19 13:23:27,2021-09-19 14:07:35,Greene Ave & Nostrand Ave,4519,Manhattan Av & Leonard St,5442,40.6883337,-73.950916,40.72084,-73.94844,casual
16003,2B3E8D23DC50C0AA,classic_bike,2021-09-19 16:09:07,2021-09-19 16:17:29,Waterbury St & Stagg St,5099,Manhattan Av & Leonard St,5442,40.71019,-73.93734,40.72084,-73.94844,member
16022,D3CF9DF7BD23967F,classic_bike,2021-09-03 15:56:27,2021-09-03 16:13:41,Suydam St & St. Nicholas Ave,5043,Manhattan Av & Leonard St,5442,40.70636,-73.91945,40.72084,-73.94844,member
16023,2CFA5C94F705434E,classic_bike,2021-09-13 17:00:30,2021-09-13 17:00:35,Manhattan Av & Leonard St,5442,Manhattan Av & Leonard St,5442,40.72084,-73.94844,40.72084,-73.94844,member
16039,8162F19B9EEA3E3D,classic_bike,2021-09-14 10:55:38,2021-09-14 10:56:05,Manhattan Av & Leonard St,5442,Manhattan Av & Leonard St,5442,40.72084,-73.94844,40.72084,-73.94844,casual
16040,D83FAEAA36BE86B7,classic_bike,2021-09-14 10:53:45,2021-09-14 10:54:53,Manhattan Av & Leonard St,5442,Manhattan Av & Leonard St,5442,40.72084,-73.94844,40.72084,-73.94844,casual
16044,29CF54FCD1DF2B7E,classic_bike,2021-09-06 20:17:59,2021-09-06 20:18:03,Manhattan Av & Leonard St,5442,Manhattan Av & Leonard St,5442,40.72084,-73.94844,40.72084,-73.94844,casual
16087,E29CA3F1EBFAFCA1,classic_bike,2021-09-17 18:18:48,2021-09-17 18:29:54,Metropolitan Ave & Bedford Ave,5308,Manhattan Av & Leonard St,5442,40.71534825,-73.96024116,40.72084,-73.94844,casual
16092,107A6D981CC22139,classic_bike,2021-09-03 16:44:56,2021-09-03 16:49:57,Graham Ave & Withers St,5403,Manhattan Av & Leonard St,5442,40.7169811,-73.94485918,40.72084,-73.94844,member
16094,AAA53E6EDE89B45E,classic_bike,2021-09-17 12:56:58,2021-09-17 12:57:44,Manhattan Av & Leonard St,5442,Manhattan Av & Leonard St,5442,40.72084,-73.94844,40.72084,-73.94844,member
16120,5D29FD7554182A5F,electric_bike,2021-09-07 08:49:30,2021-09-07 09:09:11,Banker St & Meserole Ave,5633,Manhattan Av & Leonard St,5442,40.72606,-73.95621,40.72084,-73.94844,casual
16147,A13831FA0DE062BF,classic_bike,2021-09-19 11:55:10,2021-09-19 11:57:37,Bayard St & Leonard St,5442,Graham Ave & Withers St,5403,40.71915571696044,-73.94885390996933,40.7169811,-73.94485918,member
16149,A9065A7328C31659,classic_bike,2021-09-20 19:15:43,2021-09-20 19:25:00,Broadway & Berry St,5164,Manhattan Av & Leonard St,5442,40.71044554,-73.96525063,40.72084,-73.94844,member
16171,EC346C3BD1F13AC6,classic_bike,2021-09-03 08:21:15,2021-09-03 08:23:01,Driggs Ave & Lorimer St,5481,Manhattan Av & Leonard St,5442,40.72179134,-73.9504154,40.72084,-73.94844,member
16172,3D07174E75D6EDF9,classic_bike,2021-09-03 08:30:51,2021-09-03 08:32:15,Driggs Ave & Lorimer St,5481,Manhattan Av & Leonard St,5442,40.72179134,-73.9504154,40.72084,-73.94844,member
16173,C665295CFF513D93,classic_bike,2021-09-03 08:26:09,2021-09-03 08:27:57,Driggs Ave & Lorimer St,5481,Manhattan Av & Leonard St,5442,40.72179134,-73.9504154,40.72084,-73.94844,member
16174,B7AB16B4B03B75EF,electric_bike,2021-09-03 08:12:58,2021-09-03 08:18:29,Driggs Ave & Lorimer St,5481,Manhattan Av & Leonard St,5442,40.72179134,-73.9504154,40.72084,-73.94844,member
16175,868B986BE7F8989A,classic_bike,2021-09-03 08:40:05,2021-09-03 08:41:53,Driggs Ave & Lorimer St,5481,Manhattan Av & Leonard St,5442,40.72179134,-73.9504154,40.72084,-73.94844,member
16176,FFFCBD2B6C7EDCCD,classic_bike,2021-09-03 08:35:17,2021-09-03 08:36:57,Driggs Ave & Lorimer St,5481,Manhattan Av & Leonard St,5442,40.72179134,-73.9504154,40.72084,-73.94844,member
16177,1BFB613347188829,classic_bike,2021-09-03 08:44:44,2021-09-03 08:46:14,Driggs Ave & Lorimer St,5481,Manhattan Av & Leonard St,5442,40.72179134,-73.9504154,40.72084,-73.94844,member
16200,73E47F81947CC8C3,classic_bike,2021-09-04 17:27:21,2021-09-04 17:45:33,Halsey St & Tompkins Ave,4319,Manhattan Av & Leonard St,5442,40.6823687,-73.944118,40.72084,-73.94844,member
16238,4F4B9376D343B1E5,classic_bike,2021-09-23 17:29:26,2021-09-23 17:37:20,Lorimer St & Calyer St,5709,Manhattan Av & Leonard St,5442,40.72795,-73.95414,40.72084,-73.94844,member
16254,206016BC07388953,classic_bike,2021-09-10 19:26:50,2021-09-10 19:34:02,Milton St & Franklin St,5752,Manhattan Av & Leonard St,5442,40.72906,-73.95779,40.72084,-73.94844,member
16264,A98E221359DE586A,classic_bike,2021-09-10 19:13:18,2021-09-10 19:21:35,Milton St & Franklin St,5752,Manhattan Av & Leonard St,5442,40.72906,-73.95779,40.72084,-73.94844,casual
16268,7399DF417BB366E1,electric_bike,2021-09-04 15:19:58,2021-09-04 15:51:28,E 2 St & Avenue B,5515,Manhattan Av & Leonard St,5442,40.72217444,-73.98368779,40.72084,-73.94844,member
16301,B8F493B6D53B5873,classic_bike,2021-09-04 13:05:24,2021-09-04 13:55:38,1 Ave & E 6 St,5626,Manhattan Av & Leonard St,5442,40.72633085971696,-73.98616880178452,40.72084,-73.94844,casual
16346,34FDC6FAB8F285A8,classic_bike,2021-09-05 11:20:29,2021-09-05 11:27:31,Driggs Ave & N Henry St,5542,Manhattan Av & Leonard St,5442,40.72325,-73.94308,40.72084,-73.94844,member
16358,189BCB89BC0C25D8,classic_bike,2021-09-06 20:42:06,2021-09-06 20:52:09,Driggs Ave & Lorimer St,5481,Manhattan Av & Leonard St,5442,40.72179134,-73.9504154,40.72084,-73.94844,member
16387,85D4791F27741C14,classic_bike,2021-09-07 18:07:03,2021-09-07 18:07:18,Manhattan Av & Leonard St,5442,Manhattan Av & Leonard St,5442,40.72084,-73.94844,40.72084,-73.94844,member
16395,C6A218B8D6D35B7D,classic_bike,2021-09-17 08:10:47,2021-09-17 08:39:45,Manhattan Av & Leonard St,5442,Manhattan Av & Leonard St,5442,40.72084,-73.94844,40.72084,-73.94844,member
16505,B98221FFDDF67045,classic_bike,2021-09-02 19:55:48,2021-09-02 20:05:32,Kent St & McGuinness Blvd,5785,Manhattan Av & Leonard St,5442,40.73124,-73.95161,40.72084,-73.94844,member
16786,37CA25289D3B1513,classic_bike,2021-09-07 09:23:06,2021-09-07 09:32:29,Huron St & Franklin St,5869,Manhattan Av & Leonard St,5442,40.73266,-73.95826,40.72084,-73.94844,member
17379,1DBD3AEE46159CCF,classic_bike,2021-09-11 23:35:55,2021-09-11 23:46:16,Manhattan Av & Leonard St,5442,Milton St & Franklin St,5752,40.72084,-73.94844,40.72906,-73.95779,casual
17380,DF6934D36D2102D0,classic_bike,2021-09-11 23:36:44,2021-09-11 23:46:21,Manhattan Av & Leonard St,5442,Milton St & Franklin St,5752,40.72084,-73.94844,40.72906,-73.95779,casual
22334,783CF833FB34BE72,classic_bike,2021-09-22 19:01:28,2021-09-22 19:05:40,Bayard St & Leonard St,5442,Roebling St & N 4 St,5267,40.71915571696044,-73.94885390996933,40.71469,-73.95739,member
22335,051C57F757B7611E,classic_bike,2021-09-08 09:39:18,2021-09-08 09:42:29,Bayard St & Leonard St,5442,Roebling St & N 4 St,5267,40.71915571696044,-73.94885390996933,40.71469,-73.95739,member
22336,065056FC6CF15417,classic_bike,2021-09-16 19:55:33,2021-09-16 19:59:26,Bayard St & Leonard St,5442,Roebling St & N 4 St,5267,40.71915571696044,-73.94885390996933,40.71469,-73.95739,member
22596,79870419A3D70DAA,classic_bike,2021-09-28 16:25:54,2021-09-28 16:32:44,Bayard St & Leonard St,5442,Grand St & Havemeyer St,5267,40.71915571696044,-73.94885390996933,40.71286844,-73.95698119,member
22598,08F0007A0ADD1472,classic_bike,2021-09-09 20:17:15,2021-09-09 20:19:23,Bayard St & Leonard St,5442,Frost St & Meeker Ave,5371,40.71915571696044,-73.94885390996933,40.71766197083994,-73.94880026578903,member
23126,1F26F8BA4D999A58,classic_bike,2021-09-03 17:59:11,2021-09-03 18:05:07,Bayard St & Leonard St,5442,Grand St & Havemeyer St,5267,40.71915571696044,-73.94885390996933,40.71286844,-73.95698119,casual
23127,69E0F043EB6C9763,classic_bike,2021-09-25 13:29:53,2021-09-25 13:30:54,Bayard St & Leonard St,5442,Frost St & Meeker Ave,5371,40.71915571696044,-73.94885390996933,40.71766197083994,-73.94880026578903,member
23345,799245FA4BC7C524,classic_bike,2021-09-13 19:58:21,2021-09-13 20:04:12,Bayard St & Leonard St,5442,Grand St & Havemeyer St,5267,40.71915571696044,-73.94885390996933,40.71286844,-73.95698119,member
23415,F598C76E78833138,classic_bike,2021-09-13 19:26:07,2021-09-13 19:36:07,Manhattan Av & Leonard St,5442,Grand St & Havemeyer St,5267,40.72084,-73.94844,40.71286844,-73.95698119,member
23422,3E46E00E4E03F945,classic_bike,2021-09-11 11:46:28,2021-09-11 11:58:29,Manhattan Av & Leonard St,5442,Grand St & Havemeyer St,5267,40.72084,-73.94844,40.71286844,-73.95698119,member
28697,D4B2A9A2997B101F,classic_bike,2021-09-27 21:11:41,2021-09-27 21:15:45,Bayard St & Leonard St,5442,Bedford Ave & Nassau Ave,5550,40.71915571696044,-73.94885390996933,40.72311651,-73.95212324,member
28698,6FC9357CD7A6ECBC,classic_bike,2021-09-25 10:07:40,2021-09-25 10:11:33,Bayard St & Leonard St,5442,Bedford Ave & Nassau Ave,5550,40.71915571696044,-73.94885390996933,40.72311651,-73.95212324,member
28702,B59A8E53A2CE7813,electric_bike,2021-09-05 18:59:54,2021-09-05 19:25:40,Bayard St & Leonard St,5442,Division St & Bowery,5270,40.71915571696044,-73.94885390996933,40.714193,-73.996732,member
28722,386E1B55AE7766E6,classic_bike,2021-09-17 08:10:07,2021-09-17 08:12:52,Bayard St & Leonard St,5442,Bedford Ave & Nassau Ave,5550,40.71915571696044,-73.94885390996933,40.72311651,-73.95212324,member
30471,3C8EAA1DE9D45B04,classic_bike,2021-09-23 18:34:00,2021-09-23 18:40:42,Bayard St & Leonard St,5442,Frost St & Debevoise Ave,5433,40.71915571696044,-73.94885390996933,40.71882,-73.93948,member
30475,05ABB20D4439A970,electric_bike,2021-09-18 19:47:52,2021-09-18 19:55:59,Bayard St & Leonard St,5442,India St & Manhattan Ave,5826,40.71915571696044,-73.94885390996933,40.73232194,-73.9550858,casual
30483,6A53493EF9E8F376,classic_bike,2021-09-06 13:42:05,2021-09-06 13:49:28,Bayard St & Leonard St,5442,India St & Manhattan Ave,5826,40.71915571696044,-73.94885390996933,40.73232194,-73.9550858,member
30489,AF8AF62B8140AAF1,classic_bike,2021-09-09 03:09:33,2021-09-09 03:18:45,Bayard St & Leonard St,5442,India St & Manhattan Ave,5826,40.71915571696044,-73.94885390996933,40.73232194,-73.9550858,casual
30490,28CCB16165ED24D6,classic_bike,2021-09-03 18:26:20,2021-09-03 18:37:09,Bayard St & Leonard St,5442,India St & Manhattan Ave,5826,40.71915571696044,-73.94885390996933,40.73232194,-73.9550858,casual
30527,5E6EFDD95DBDB1B7,electric_bike,2021-09-24 09:52:17,2021-09-24 10:09:26,Bayard St & Leonard St,5442,Suydam St & Knickerbocker Ave,4939,40.71915571696044,-73.94885390996933,40.702013,-73.923769,member
33967,E18C5E0958165BD6,classic_bike,2021-09-25 16:39:39,2021-09-25 17:19:26,Bayard St & Leonard St,5442,Washington Park,4546,40.71915571696044,-73.94885390996933,40.6917823,-73.9737299,casual
34359,782D83DDEBC2A590,classic_bike,2021-09-28 01:13:27,2021-09-28 01:16:33,Bayard St & Leonard St,5442,Engert Ave & McGuinness Blvd,5473,40.71915571696044,-73.94885390996933,40.72158,-73.94546,member
35317,E5E006FC9A790EA3,classic_bike,2021-09-10 14:06:35,2021-09-10 14:09:06,Bayard St & Leonard St,5442,Driggs Ave & N 9 St,5411,40.71915571696044,-73.94885390996933,40.71816969454208,-73.95520135760307,member
35318,D4BC2E61F5194904,classic_bike,2021-09-02 08:32:14,2021-09-02 08:34:51,Bayard St & Leonard St,5442,Driggs Ave & N 9 St,5411,40.71915571696044,-73.94885390996933,40.71816969454208,-73.95520135760307,member
35325,AA22C79AF4428DCC,classic_bike,2021-09-10 15:22:02,2021-09-10 15:27:17,Bayard St & Leonard St,5442,Devoe St & Lorimer St,5259,40.71915571696044,-73.94885390996933,40.71335226222875,-73.9491033554077,casual
37757,5C34F47A06BEB2DE,electric_bike,2021-09-03 09:05:41,2021-09-03 09:30:33,Manhattan Av & Leonard St,5442,W 21 St & 6 Ave,6140,40.72084,-73.94844,40.74173969,-73.99415556,member
37764,3C000E955D82536B,classic_bike,2021-09-02 07:21:22,2021-09-02 07:23:37,Bayard St & Leonard St,5442,Leonard St & Nassau Ave,5550,40.71915571696044,-73.94885390996933,40.7239567849954,-73.94984364509583,member
37816,D28B8FEE942BDEB1,classic_bike,2021-09-05 06:20:45,2021-09-05 06:23:07,Bayard St & Leonard St,5442,Leonard St & Nassau Ave,5550,40.71915571696044,-73.94885390996933,40.7239567849954,-73.94984364509583,member
37857,38AD0BEF5908EA4B,electric_bike,2021-09-16 10:37:19,2021-09-16 11:04:27,Bayard St & Leonard St,5442,W 21 St & 6 Ave,6140,40.71915571696044,-73.94885390996933,40.74173969,-73.99415556,casual
38618,E64535C3D28FC2D4,classic_bike,2021-09-25 03:45:41,2021-09-25 03:56:31,Bayard St & Leonard St,5442,Stagg St & Union Ave,5117,40.71915571696044,-73.94885390996933,40.70877084,-73.95095259,casual
38717,BDEC4B1F4F737AE4,classic_bike,2021-09-02 14:00:28,2021-09-02 14:08:22,Manhattan Av & Leonard St,5442,Stagg St & Union Ave,5117,40.72084,-73.94844,40.70877084,-73.95095259,casual
39917,67729EBE0B680E43,classic_bike,2021-09-02 07:47:21,2021-09-02 08:27:39,Bayard St & Leonard St,5442,North Moore St & Greenwich St,5470,40.71915571696044,-73.94885390996933,40.72019521437465,-74.0103006362915,member
39919,7617ED96D26713EE,electric_bike,2021-09-05 21:58:48,2021-09-05 22:09:54,Bayard St & Leonard St,5442,Stagg St & Union Ave,5117,40.71915571696044,-73.94885390996933,40.70877084,-73.95095259,member
40097,2822FE05008C8224,classic_bike,2021-09-13 08:12:11,2021-09-13 08:29:09,Bayard St & Leonard St,5442,Humboldt St & Varet St,4956,40.71915571696044,-73.94885390996933,40.7031724,-73.940636,member
41760,13B4F841BF42FDF4,electric_bike,2021-09-11 08:21:32,2021-09-11 08:26:21,Manhattan Av & Leonard St,5442,Meserole Ave & Manhattan Ave,5666,40.72084,-73.94844,40.72708584,-73.95299117,member
41781,46877DBDFB6A4FD5,classic_bike,2021-09-15 06:08:40,2021-09-15 06:12:49,Manhattan Av & Leonard St,5442,Meserole Ave & Manhattan Ave,5666,40.72084,-73.94844,40.72708584,-73.95299117,member
41782,AE7D5CDF9987FEF2,classic_bike,2021-09-06 08:26:50,2021-09-06 08:30:25,Manhattan Av & Leonard St,5442,Meserole Ave & Manhattan Ave,5666,40.72084,-73.94844,40.72708584,-73.95299117,member
42230,DD3C79308ABC8DD6,docked_bike,2021-09-02 16:35:33,2021-09-02 16:55:42,Manhattan Av & Leonard St,5442,Meserole Ave & Manhattan Ave,5666,40.72084,-73.94844,40.727086,-73.952991,casual
42231,52CA6EE841C7D133,classic_bike,2021-09-14 09:47:37,2021-09-14 09:51:30,Manhattan Av & Leonard St,5442,Meserole Ave & Manhattan Ave,5666,40.72084,-73.94844,40.72708584,-73.95299117,member
42559,F2F0E2D52A35823F,classic_bike,2021-09-11 03:07:38,2021-09-11 03:35:59,Bayard St & Leonard St,5442,Fulton St & Irving Pl,4263,40.71915571696044,-73.94885390996933,40.68186,-73.959432,member
43003,F8FF3D9564331EC8,electric_bike,2021-09-30 02:44:20,2021-09-30 02:50:19,Manhattan Av & Leonard St,5442,Bushwick Ave & Stagg St,5140,40.72084,-73.94844,40.709897,-73.94008,member
44830,AF788BF9D20A9770,electric_bike,2021-09-18 11:15:23,2021-09-18 11:29:06,Bayard St & Leonard St,5442,Green St & McGuinness Blvd,5860,40.71915571696044,-73.94885390996933,40.73396,-73.95204,casual
44993,CDF2DC5C921BBB15,classic_bike,2021-09-10 20:24:12,2021-09-10 20:36:34,Manhattan Av & Leonard St,5442,Green St & McGuinness Blvd,5860,40.72084,-73.94844,40.73396,-73.95204,member
45720,B8AEC6C9F92D87F1,classic_bike,2021-09-13 15:42:27,2021-09-13 15:53:41,Bayard St & Leonard St,5442,Green St & McGuinness Blvd,5860,40.71915571696044,-73.94885390996933,40.73396,-73.95204,member
47486,97A142AF4268F39A,classic_bike,2021-09-27 19:29:15,2021-09-27 20:03:39,Bayard St & Leonard St,5442,St Johns Pl & Washington Ave,4001,40.71915571696044,-73.94885390996933,40.6737236,-73.9631611,member
50348,8C623644C1EA2543,classic_bike,2021-09-15 00:21:53,2021-09-15 00:30:43,Manhattan Av & Leonard St,5442,Graham Ave & Herbert St,5403,40.72084,-73.94844,40.71929301,-73.94500379,member
50672,55FF91DEBBF7226D,electric_bike,2021-09-07 12:13:11,2021-09-07 12:43:14,Manhattan Av & Leonard St,5442,Cleveland Pl & Spring St,5492,40.72084,-73.94844,40.722103786686034,-73.99724900722504,member
51089,E3D385C86A1B7D49,electric_bike,2021-09-20 18:39:08,2021-09-20 18:54:24,Bayard St & Leonard St,5442,Forsyth St\t& Grand St,5382,40.71915571696044,-73.94885390996933,40.71779817737835,-73.99316132068634,member
51099,084FA8256975C5D4,classic_bike,2021-09-11 17:12:06,2021-09-11 17:13:42,Bayard St & Leonard St,5442,Graham Ave & Herbert St,5403,40.71915571696044,-73.94885390996933,40.71929301,-73.94500379,member
57278,B387AE2C624C92AB,classic_bike,2021-09-29 18:37:59,2021-09-29 18:59:09,Manhattan Av & Leonard St,5442,Norfolk St & Broome St,5374,40.72084,-73.94844,40.7172274,-73.98802084,casual
57325,8EBBEA9589704580,classic_bike,2021-09-04 00:31:55,2021-09-04 00:51:49,Manhattan Av & Leonard St,5442,Suydam St & Broadway,4689,40.72084,-73.94844,40.69544,-73.93223,member
57333,98E80823659523F4,electric_bike,2021-09-12 18:08:37,2021-09-12 18:24:27,Manhattan Av & Leonard St,5442,Norfolk St & Broome St,5374,40.72084,-73.94844,40.7172274,-73.98802084,casual
59953,1AEAE697C2C20BCE,electric_bike,2021-09-18 15:01:18,2021-09-18 15:43:24,Manhattan Av & Leonard St,5442,Norfolk St & Broome St,5374,40.72084,-73.94844,40.7172274,-73.98802084,casual
60675,C6074C4B9C4868C8,classic_bike,2021-09-15 18:29:02,2021-09-15 18:36:26,Bayard St & Leonard St,5442,Leonard St & Boerum St,5036,40.71915571696044,-73.94885390996933,40.70583339,-73.94644578,member
60676,B01B36699270B5A5,classic_bike,2021-09-19 20:07:17,2021-09-19 20:15:27,Bayard St & Leonard St,5442,Leonard St & Boerum St,5036,40.71915571696044,-73.94885390996933,40.70583339,-73.94644578,member
60683,D28B70AB25C59E8D,classic_bike,2021-09-29 13:53:08,2021-09-29 14:00:12,Bayard St & Leonard St,5442,Leonard St & Boerum St,5036,40.71915571696044,-73.94885390996933,40.70583339,-73.94644578,casual
61463,503F92CA880119AF,classic_bike,2021-09-23 17:02:50,2021-09-23 17:12:20,Bayard St & Leonard St,5442,Leonard St & Boerum St,5036,40.71915571696044,-73.94885390996933,40.70583339,-73.94644578,member
61465,F1BEE6E8F3D47B5A,classic_bike,2021-09-03 16:03:35,2021-09-03 16:12:23,Bayard St & Leonard St,5442,Leonard St & Boerum St,5036,40.71915571696044,-73.94885390996933,40.70583339,-73.94644578,member
61478,9C6554A24090D7C1,classic_bike,2021-09-22 12:46:49,2021-09-22 12:54:39,Bayard St & Leonard St,5442,Leonard St & Boerum St,5036,40.71915571696044,-73.94885390996933,40.70583339,-73.94644578,member
61491,050E36C13F438585,electric_bike,2021-09-11 17:40:16,2021-09-11 18:21:14,Bayard St & Leonard St,5442,E 9 St & 5 Ave,5872,40.71915571696044,-73.94885390996933,40.73275887045087,-73.99581670761108,casual
61525,FB0781AB4429CFC4,classic_bike,2021-09-12 08:37:41,2021-09-12 09:10:09,Bayard St & Leonard St,5442,Sullivan Pl & Franklin Ave,3704,40.71915571696044,-73.94885390996933,40.66407983678161,-73.96025128666679,casual
64829,A36BE5357C909921,classic_bike,2021-09-04 12:28:01,2021-09-04 13:01:27,Manhattan Av & Leonard St,5442,Rivington St & Ridge St,5406,40.72084,-73.94844,40.71850211,-73.98329859,casual
65463,4F48558A2B32E536,classic_bike,2021-09-07 10:38:13,2021-09-07 10:42:14,Bayard St & Leonard St,5442,N 6 St & Bedford Ave,5379,40.71915571696044,-73.94885390996933,40.71745169,-73.95850939,member
65473,8D1E79086EAB1431,classic_bike,2021-09-06 00:14:10,2021-09-06 00:19:39,Bayard St & Leonard St,5442,N 6 St & Bedford Ave,5379,40.71915571696044,-73.94885390996933,40.71745169,-73.95850939,member
65474,962168A2B0D64ABE,classic_bike,2021-09-06 16:18:57,2021-09-06 16:29:12,Bayard St & Leonard St,5442,N 6 St & Bedford Ave,5379,40.71915571696044,-73.94885390996933,40.71745169,-73.95850939,member
65477,50FA0F7732AD92C3,classic_bike,2021-09-23 14:32:34,2021-09-23 14:45:20,Bayard St & Leonard St,5442,Calyer St & Jewel St,5743,40.71915571696044,-73.94885390996933,40.72984,-73.94839,member
66353,A71FF8E0F3A19C94,classic_bike,2021-09-06 17:38:45,2021-09-06 17:47:28,Manhattan Av & Leonard St,5442,N 6 St & Bedford Ave,5379,40.72084,-73.94844,40.71745169,-73.95850939,member
66354,3286295945AAA5CD,classic_bike,2021-09-18 17:13:32,2021-09-18 17:26:18,Manhattan Av & Leonard St,5442,N 6 St & Bedford Ave,5379,40.72084,-73.94844,40.71745169,-73.95850939,member
66361,1E85437446609C1A,classic_bike,2021-09-17 18:37:19,2021-09-17 18:42:51,Manhattan Av & Leonard St,5442,N 6 St & Bedford Ave,5379,40.72084,-73.94844,40.71745169,-73.95850939,member
66364,803EE0E2C33515E5,classic_bike,2021-09-26 13:39:00,2021-09-26 13:44:57,Manhattan Av & Leonard St,5442,N 6 St & Bedford Ave,5379,40.72084,-73.94844,40.71745169,-73.95850939,member
67085,272C3ED3BC8C9555,classic_bike,2021-09-21 11:52:56,2021-09-21 11:54:23,Driggs Ave & Lorimer St,5481,Manhattan Av & Leonard St,5442,40.72179134,-73.9504154,40.72084,-73.94844,casual
67101,B5ECD7B81EEBC0E6,classic_bike,2021-09-18 17:20:46,2021-09-18 17:43:14,Central Ave & Starr Street,4792,Manhattan Av & Leonard St,5442,40.700003,-73.92834,40.72084,-73.94844,member
67102,D13A1A568794D168,classic_bike,2021-09-04 16:29:06,2021-09-04 16:31:27,Driggs Ave & Lorimer St,5481,Manhattan Av & Leonard St,5442,40.72179134,-73.9504154,40.72084,-73.94844,member
67135,F76091C15A94256A,classic_bike,2021-09-08 10:34:13,2021-09-08 10:37:34,Meserole Ave & Manhattan Ave,5666,Manhattan Av & Leonard St,5442,40.72708584,-73.95299117,40.72084,-73.94844,member
67137,042F54A6DC6FC482,classic_bike,2021-09-30 09:01:23,2021-09-30 09:04:52,Meserole Ave & Manhattan Ave,5666,Manhattan Av & Leonard St,5442,40.72708584,-73.95299117,40.72084,-73.94844,member
67175,909DB98FD6C1496F,classic_bike,2021-09-25 16:39:28,2021-09-25 16:59:17,Broadway & Madison St,4483,Manhattan Av & Leonard St,5442,40.68822,-73.91966,40.72084,-73.94844,casual
67301,8C378F25E806335F,classic_bike,2021-09-06 15:56:21,2021-09-06 15:58:02,Manhattan Av & Leonard St,5442,Manhattan Av & Leonard St,5442,40.72084,-73.94844,40.72084,-73.94844,casual
67306,CA4C8DD916C191EC,classic_bike,2021-09-04 20:11:50,2021-09-04 20:18:09,Roebling St & N 4 St,5267,Manhattan Av & Leonard St,5442,40.71469,-73.95739,40.72084,-73.94844,member
67320,29388018F450F856,classic_bike,2021-09-07 12:12:32,2021-09-07 12:48:01,Madison St & Forest Ave,5025,Manhattan Av & Leonard St,5442,40.70555,-73.90245,40.72084,-73.94844,casual
67355,4288B3F52935095E,classic_bike,2021-09-24 16:43:46,2021-09-24 16:48:41,Graham Ave & Withers St,5403,Manhattan Av & Leonard St,5442,40.7169811,-73.94485918,40.72084,-73.94844,member
67360,C1BC1B8AE41F63B5,classic_bike,2021-09-18 10:53:30,2021-09-18 11:25:37,Broadway & W 29 St,6289,Manhattan Av & Leonard St,5442,40.7462009,-73.98855723,40.72084,-73.94844,member
67363,0E5418EF0B4248C7,electric_bike,2021-09-02 11:52:43,2021-09-02 11:54:03,Manhattan Av & Leonard St,5442,Manhattan Av & Leonard St,5442,40.72084,-73.94844,40.72084,-73.94844,casual
67367,4C480782F640CD8E,electric_bike,2021-09-17 01:48:37,2021-09-17 02:03:41,Stanhope St & Fairview Ave,5146,Manhattan Av & Leonard St,5442,40.70998,-73.91116,40.72084,-73.94844,casual
67382,2C2813DC54994B82,classic_bike,2021-09-26 01:30:17,2021-09-26 01:44:11,Division Ave & Marcy Ave,5084,Manhattan Av & Leonard St,5442,40.70708701,-73.95796783,40.72084,-73.94844,casual
67416,77AA81E563F517CF,classic_bike,2021-09-25 11:33:42,2021-09-25 11:39:08,Graham Ave & Grand St,5178,Manhattan Av & Leonard St,5442,40.711863,-73.944024,40.72084,-73.94844,member
67420,B3104B7878BB4659,classic_bike,2021-09-06 19:58:18,2021-09-06 20:12:03,McKibbin St & Bogart St,5059,Manhattan Av & Leonard St,5442,40.706237,-73.933871,40.72084,-73.94844,casual
67438,6A1A1E70109EDBFC,classic_bike,2021-09-04 14:34:37,2021-09-04 14:48:46,Metropolitan Ave & Bedford Ave,5308,Manhattan Av & Leonard St,5442,40.71534825,-73.96024116,40.72084,-73.94844,member
67453,BDE08B9B03357E2C,classic_bike,2021-09-11 19:31:43,2021-09-11 19:52:08,Rivington St & Chrystie St,5453,Manhattan Av & Leonard St,5442,40.72110063,-73.9919254,40.72084,-73.94844,casual
67468,14C80C130E3C2852,classic_bike,2021-09-14 19:38:40,2021-09-14 19:49:04,McKibbin St & Manhattan Ave,4996,Manhattan Av & Leonard St,5442,40.70510918,-73.94407279,40.72084,-73.94844,casual
67513,BB4B96B35BB7CBDB,classic_bike,2021-09-05 17:11:08,2021-09-05 17:14:15,Bedford Ave & Nassau Ave,5550,Manhattan Av & Leonard St,5442,40.72311651,-73.95212324,40.72084,-73.94844,member
67514,81527C935891BAA6,classic_bike,2021-09-05 14:29:55,2021-09-05 14:32:27,Bedford Ave & Nassau Ave,5550,Manhattan Av & Leonard St,5442,40.72311651,-73.95212324,40.72084,-73.94844,member
67550,5B6E06CA4ED5D3D3,classic_bike,2021-09-04 03:59:36,2021-09-04 04:24:43,Metropolitan Ave & Stewart Ave,5273,Manhattan Av & Leonard St,5442,40.71401,-73.92793,40.72084,-73.94844,casual
67576,6918997D867AC363,classic_bike,2021-09-10 17:01:38,2021-09-10 17:20:44,Delancey St & Eldridge St,5414,Manhattan Av & Leonard St,5442,40.719383,-73.991479,40.72084,-73.94844,member
67577,3489996579CDD9D7,classic_bike,2021-09-28 15:26:30,2021-09-28 16:03:46,Underhill Ave & Pacific St,4231,Manhattan Av & Leonard St,5442,40.6804836,-73.9646795,40.72084,-73.94844,casual
67594,516F1C1AB0B15C06,classic_bike,2021-09-02 18:07:59,2021-09-02 18:39:18,Kingston Ave & Herkimer St,4205,Manhattan Av & Leonard St,5442,40.67890679,-73.94142771,40.72084,-73.94844,casual
67610,BAEF2406875BF65A,classic_bike,2021-09-12 11:46:30,2021-09-12 11:52:28,Graham Ave & Grand St,5178,Manhattan Av & Leonard St,5442,40.711863,-73.944024,40.72084,-73.94844,casual
67626,26AC0DA2CE0BE30E,classic_bike,2021-09-22 19:28:42,2021-09-22 19:37:33,Metropolitan Ave & Bedford Ave,5308,Manhattan Av & Leonard St,5442,40.71534825,-73.96024116,40.72084,-73.94844,member
67628,44EDE50E6933BFDA,classic_bike,2021-09-19 14:20:55,2021-09-19 14:29:02,McKibbin St & Manhattan Ave,4996,Manhattan Av & Leonard St,5442,40.70510918,-73.94407279,40.72084,-73.94844,casual
67647,F3D889A3BB03D908,classic_bike,2021-09-04 21:26:24,2021-09-04 21:33:03,Metropolitan Ave & Meeker Ave,5300,Manhattan Av & Leonard St,5442,40.71413311,-73.95234386,40.72084,-73.94844,member
67666,CA0D78452F0BFF55,electric_bike,2021-09-04 14:36:16,2021-09-04 14:57:46,Bridge St & Water St,4968,Manhattan Av & Leonard St,5442,40.70296934155272,-73.98469090461731,40.72084,-73.94844,member
67677,200A297EB2C5655E,classic_bike,2021-09-05 11:06:25,2021-09-05 11:35:06,11 St & 43 Ave,6438,Manhattan Av & Leonard St,5442,40.7519071,-73.9479119,40.72084,-73.94844,member
67704,61C69AE7540682D6,electric_bike,2021-09-12 17:49:35,2021-09-12 17:59:01,Montrose Ave & Bushwick Ave,5068,Manhattan Av & Leonard St,5442,40.70767788,-73.94016171,40.72084,-73.94844,member
67707,9525536EE4543482,classic_bike,2021-09-11 23:00:31,2021-09-11 23:13:58,N 6 St & Bedford Ave,5379,Manhattan Av & Leonard St,5442,40.71745169,-73.95850939,40.72084,-73.94844,casual
67719,D4712C1CC8D22BB3,classic_bike,2021-09-30 16:27:04,2021-09-30 16:32:14,N 6 St & Bedford Ave,5379,Manhattan Av & Leonard St,5442,40.71745169,-73.95850939,40.72084,-73.94844,member
67726,6B53B9D81F1E22AC,electric_bike,2021-09-02 11:24:51,2021-09-02 11:32:17,N 6 St & Bedford Ave,5379,Manhattan Av & Leonard St,5442,40.71745169,-73.95850939,40.72084,-73.94844,member
67727,52712EAF2B9FD2F3,electric_bike,2021-09-02 12:29:46,2021-09-02 12:39:28,Montrose Ave & Bushwick Ave,5068,Manhattan Av & Leonard St,5442,40.70767788,-73.94016171,40.72084,-73.94844,member
67731,D916D3F843555DBF,electric_bike,2021-09-07 12:05:56,2021-09-07 12:19:51,Rivington St & Ridge St,5406,Manhattan Av & Leonard St,5442,40.71850211,-73.98329859,40.72084,-73.94844,member
67743,6D3062C38BFC310A,classic_bike,2021-09-11 14:50:27,2021-09-11 15:01:41,Montrose Ave & Bushwick Ave,5068,Manhattan Av & Leonard St,5442,40.70767788,-73.94016171,40.72084,-73.94844,casual
67747,478F06093F3F842F,classic_bike,2021-09-26 15:35:29,2021-09-26 15:43:35,Morgan Ave & Maspeth Ave,5354,Manhattan Av & Leonard St,5442,40.716657,-73.93637,40.72084,-73.94844,casual
67755,92D12BB331B7BCFB,electric_bike,2021-09-05 15:06:20,2021-09-05 15:12:19,N 6 St & Bedford Ave,5379,Manhattan Av & Leonard St,5442,40.71745169,-73.95850939,40.72084,-73.94844,member
67772,B8886AE342AF3D42,classic_bike,2021-09-12 20:41:19,2021-09-12 20:48:40,N 6 St & Bedford Ave,5379,Manhattan Av & Leonard St,5442,40.71745169,-73.95850939,40.72084,-73.94844,member
67795,4BD341AC44F7CE00,classic_bike,2021-09-18 15:51:42,2021-09-18 16:15:02,Stockholm St & Wilson Ave,4824,Manhattan Av & Leonard St,5442,40.699304,-73.923044,40.72084,-73.94844,member
67802,5B91A2B411E97338,electric_bike,2021-09-07 15:15:14,2021-09-07 15:20:07,N 6 St & Bedford Ave,5379,Manhattan Av & Leonard St,5442,40.71745169,-73.95850939,40.72084,-73.94844,member
67808,08A2406F0F81DDFF,classic_bike,2021-09-14 08:43:17,2021-09-14 08:57:00,Stockholm St & Wilson Ave,4824,Manhattan Av & Leonard St,5442,40.699304,-73.923044,40.72084,-73.94844,casual
67830,E496E038C81AD26F,classic_bike,2021-09-02 09:27:34,2021-09-02 09:31:30,Driggs Ave & N Henry St,5542,Manhattan Av & Leonard St,5442,40.72325,-73.94308,40.72084,-73.94844,member
67834,4C822E5881704345,classic_bike,2021-09-18 13:55:47,2021-09-18 14:01:09,Driggs Ave & N Henry St,5542,Manhattan Av & Leonard St,5442,40.72325,-73.94308,40.72084,-73.94844,casual
67839,EEDD8166E6D964F4,classic_bike,2021-09-06 13:43:11,2021-09-06 13:48:26,Driggs Ave & N Henry St,5542,Manhattan Av & Leonard St,5442,40.72325,-73.94308,40.72084,-73.94844,member
67887,0DB952EDDBEFF0B9,classic_bike,2021-09-18 09:50:58,2021-09-18 09:55:10,Union Ave & Jackson St,5300,Manhattan Av & Leonard St,5442,40.7160751,-73.952029,40.72084,-73.94844,member
67899,F2206931AD160212,classic_bike,2021-09-18 17:13:23,2021-09-18 17:33:57,Monroe St & Tompkins Ave,4434,Manhattan Av & Leonard St,5442,40.686203,-73.944694,40.72084,-73.94844,member
67905,B7F6AFD763BD053E,classic_bike,2021-09-04 13:26:13,2021-09-04 13:53:05,Monroe St & Tompkins Ave,4434,Manhattan Av & Leonard St,5442,40.686203,-73.944694,40.72084,-73.94844,casual
67908,2091448D3A6D1691,classic_bike,2021-09-11 18:43:54,2021-09-11 19:19:09,S 4 St & Wythe Ave,5204,Manhattan Av & Leonard St,5442,40.71285887,-73.96590294,40.72084,-73.94844,member
67915,6F0D50AB91ED8DAD,classic_bike,2021-09-16 12:13:50,2021-09-16 12:35:39,Monroe St & Tompkins Ave,4434,Manhattan Av & Leonard St,5442,40.686203,-73.944694,40.72084,-73.94844,member
68014,23AB44F0AAC4CAA4,classic_bike,2021-09-08 19:56:48,2021-09-08 20:01:33,Driggs Ave & N 9 St,5411,Manhattan Av & Leonard St,5442,40.71816969454208,-73.95520135760307,40.72084,-73.94844,member
68020,95C9EB2C3A787B83,electric_bike,2021-09-22 21:49:32,2021-09-22 22:11:30,Devoe St & Lorimer St,5259,Manhattan Av & Leonard St,5442,40.71335226222875,-73.9491033554077,40.72084,-73.94844,member
68027,7908E9CF151CBA7A,classic_bike,2021-09-09 21:52:39,2021-09-09 21:55:35,Driggs Ave & N 9 St,5411,Manhattan Av & Leonard St,5442,40.71816969454208,-73.95520135760307,40.72084,-73.94844,member
68038,A87F95525D476DB1,classic_bike,2021-09-02 09:58:37,2021-09-02 10:04:17,Devoe St & Lorimer St,5259,Manhattan Av & Leonard St,5442,40.71335226222875,-73.9491033554077,40.72084,-73.94844,casual
68042,04B034BEDAEB156A,classic_bike,2021-09-19 13:39:47,2021-09-19 13:47:05,Driggs Ave & N 9 St,5411,Manhattan Av & Leonard St,5442,40.71816969454208,-73.95520135760307,40.72084,-73.94844,member
68053,2395488E48A27BC3,classic_bike,2021-09-10 15:19:54,2021-09-10 15:25:03,Berry St & N 8 St,5379,Manhattan Av & Leonard St,5442,40.7190095,-73.95852515,40.72084,-73.94844,member
68058,703875014419176B,classic_bike,2021-09-06 12:50:05,2021-09-06 12:57:33,Berry St & N 8 St,5379,Manhattan Av & Leonard St,5442,40.7190095,-73.95852515,40.72084,-73.94844,casual
68060,18EA2BFAC92D6969,classic_bike,2021-09-25 18:25:10,2021-09-25 18:34:24,Berry St & N 8 St,5379,Manhattan Av & Leonard St,5442,40.7190095,-73.95852515,40.72084,-73.94844,casual
68077,EC7687447778387B,classic_bike,2021-09-26 13:40:44,2021-09-26 13:48:46,Berry St & N 8 St,5379,Manhattan Av & Leonard St,5442,40.7190095,-73.95852515,40.72084,-73.94844,casual
68144,D3EDF12D368AAA5F,classic_bike,2021-09-08 16:37:14,2021-09-08 17:17:53,Carmine St & 6 Ave,5763,Manhattan Av & Leonard St,5442,40.73038599,-74.00214988,40.72084,-73.94844,casual
68498,CA0E84C1B6F0AD07,classic_bike,2021-09-18 14:46:46,2021-09-18 14:53:16,N 6 St & Bedford Ave,5379,Manhattan Av & Leonard St,5442,40.71745169,-73.95850939,40.72084,-73.94844,casual
70026,4702131FDD60A689,classic_bike,2021-09-23 11:58:21,2021-09-23 12:03:31,Bayard St & Leonard St,5442,Metropolitan Ave & Bedford Ave,5308,40.71915571696044,-73.94885390996933,40.71534825,-73.96024116,member
70096,F71CACBA915AB33C,classic_bike,2021-09-29 18:06:44,2021-09-29 18:11:41,Bayard St & Leonard St,5442,Metropolitan Ave & Bedford Ave,5308,40.71915571696044,-73.94885390996933,40.71534825,-73.96024116,casual
70097,1A30FE16FABCC9FC,classic_bike,2021-09-08 19:32:49,2021-09-08 19:42:44,Bayard St & Leonard St,5442,McKibbin St & Manhattan Ave,4996,40.71915571696044,-73.94885390996933,40.70510918,-73.94407279,casual
76571,B156F5B072ED0977,classic_bike,2021-09-15 21:04:19,2021-09-15 21:20:05,Bayard St & Leonard St,5442,Nostrand Ave & Myrtle Ave,4707,40.71915571696044,-73.94885390996933,40.69527008,-73.95238108,casual
76582,1A378D980DE05039,electric_bike,2021-09-10 15:00:16,2021-09-10 15:14:02,Bayard St & Leonard St,5442,Dock 72 Way & Market St,4804,40.71915571696044,-73.94885390996933,40.69985,-73.97141,casual
76599,417EFA808A7F324D,classic_bike,2021-09-17 12:18:56,2021-09-17 13:02:43,Bayard St & Leonard St,5442,Eastern Pkwy & Washington Ave,3928,40.71915571696044,-73.94885390996933,40.6716493,-73.9631145,member
76601,FDB197A6963C5014,electric_bike,2021-09-11 15:37:19,2021-09-11 16:19:30,Bayard St & Leonard St,5442,Eastern Pkwy & Washington Ave,3928,40.71915571696044,-73.94885390996933,40.6716493,-73.9631145,casual
76602,69DABC6C5641D248,classic_bike,2021-09-15 21:03:54,2021-09-15 21:19:17,Bayard St & Leonard St,5442,Nostrand Ave & Myrtle Ave,4707,40.71915571696044,-73.94885390996933,40.69527008,-73.95238108,casual
79397,0588D1DEF2468A2A,electric_bike,2021-09-11 02:19:57,2021-09-11 02:33:48,Bayard St & Leonard St,5442,Cedar St & Myrtle Ave,4751,40.71915571696044,-73.94885390996933,40.697842,-73.926241,casual
87523,0CC2E39E4556F087,classic_bike,2021-09-10 16:52:34,2021-09-10 17:04:14,Bayard St & Leonard St,5442,India St Pier,5794,40.71915571696044,-73.94885390996933,40.731734785883454,-73.9612390102593,casual
91440,0640233E44CE31E7,classic_bike,2021-09-10 13:04:07,2021-09-10 13:08:35,Bayard St & Leonard St,5442,Hope St & Union Ave,5187,40.71915571696044,-73.94885390996933,40.71167351,-73.95141312,member
91448,3798BF0E221C69F9,classic_bike,2021-09-11 14:32:46,2021-09-11 15:13:58,Bayard St & Leonard St,5442,Plaza St West & Flatbush Ave,4010,40.71915571696044,-73.94885390996933,40.6750207,-73.97111473,casual
91604,71E3BB359881D438,classic_bike,2021-09-07 08:13:47,2021-09-07 08:47:19,Manhattan Av & Leonard St,5442,LaGuardia Pl & W 3 St,5721,40.72084,-73.94844,40.72917025,-73.99810231,member
92621,187D327EA27F9BC0,classic_bike,2021-09-28 19:02:18,2021-09-28 19:10:07,Manhattan Av & Leonard St,5442,Hope St & Union Ave,5187,40.72084,-73.94844,40.71167351,-73.95141312,member
93808,D36D05E451C7C6C5,classic_bike,2021-09-03 21:04:00,2021-09-03 21:32:01,Bayard St & Leonard St,5442,Park Pl & Franklin Ave,4033,40.71915571696044,-73.94885390996933,40.6741806,-73.9564947,member
93818,9D36CA567B716D82,classic_bike,2021-09-08 21:01:16,2021-09-08 21:30:40,Bayard St & Leonard St,5442,Park Pl & Franklin Ave,4033,40.71915571696044,-73.94885390996933,40.6741806,-73.9564947,member
93819,3FF399E1A9622C76,classic_bike,2021-09-15 21:02:47,2021-09-15 21:30:52,Bayard St & Leonard St,5442,Park Pl & Franklin Ave,4033,40.71915571696044,-73.94885390996933,40.6741806,-73.9564947,member
93827,E01EEB613A8883FF,electric_bike,2021-09-17 21:03:24,2021-09-17 21:25:04,Bayard St & Leonard St,5442,Park Pl & Franklin Ave,4033,40.71915571696044,-73.94885390996933,40.6741806,-73.9564947,member
93828,22D2E06CE4A51D97,electric_bike,2021-09-02 21:02:05,2021-09-02 21:28:04,Bayard St & Leonard St,5442,Park Pl & Franklin Ave,4033,40.71915571696044,-73.94885390996933,40.6741806,-73.9564947,member
94107,8CCA1123C19033EB,classic_bike,2021-09-08 20:32:52,2021-09-08 20:38:35,Bayard St & Leonard St,5442,Grand St & Havemeyer St,5267,40.71915571696044,-73.94885390996933,40.71286844,-73.95698119,casual
94110,2E217240CE68807D,classic_bike,2021-09-08 07:18:10,2021-09-08 07:25:03,Bayard St & Leonard St,5442,Grand St & Havemeyer St,5267,40.71915571696044,-73.94885390996933,40.71286844,-73.95698119,casual
94415,5571F54C4AC54634,classic_bike,2021-09-23 07:34:37,2021-09-23 07:39:57,Bayard St & Leonard St,5442,Grand St & Havemeyer St,5267,40.71915571696044,-73.94885390996933,40.71286844,-73.95698119,member
95162,622FF899CA10403A,classic_bike,2021-09-04 23:12:46,2021-09-04 23:21:46,Bayard St & Leonard St,5442,Milton St & Franklin St,5752,40.71915571696044,-73.94885390996933,40.72906,-73.95779,casual
97232,FA8451381459DB88,classic_bike,2021-09-26 14:35:39,2021-09-26 14:38:06,Bayard St & Leonard St,5442,Bedford Ave & Nassau Ave,5550,40.71915571696044,-73.94885390996933,40.72311651,-73.95212324,member
97236,17B61BBF5D1F7946,classic_bike,2021-09-04 15:30:46,2021-09-04 16:24:45,Bayard St & Leonard St,5442,4 Ave & 17 St,3739,40.71915571696044,-73.94885390996933,40.665507,-73.993037,member
98122,D3867570E63193DF,classic_bike,2021-09-13 18:32:21,2021-09-13 18:36:10,Manhattan Av & Leonard St,5442,Bedford Ave & Nassau Ave,5550,40.72084,-73.94844,40.72311651,-73.95212324,member
98133,600FDDC8BD5534F9,classic_bike,2021-09-18 12:35:48,2021-09-18 12:39:56,Manhattan Av & Leonard St,5442,Bedford Ave & Nassau Ave,5550,40.72084,-73.94844,40.72311651,-73.95212324,member
98137,1EDBFEE83FF48736,classic_bike,2021-09-15 10:27:50,2021-09-15 10:30:14,Manhattan Av & Leonard St,5442,Bedford Ave & Nassau Ave,5550,40.72084,-73.94844,40.72311651,-73.95212324,casual
98297,C07D866BC9B482EE,classic_bike,2021-09-03 13:36:43,2021-09-03 14:07:58,Bayard St & Leonard St,5442,Bedford Ave & Nassau Ave,5550,40.71915571696044,-73.94885390996933,40.72311651,-73.95212324,member
100414,26E1F5AC50DD4845,classic_bike,2021-09-24 17:43:28,2021-09-24 17:54:05,Bayard St & Leonard St,5442,Huron St & Franklin St,5869,40.71915571696044,-73.94885390996933,40.73266,-73.95826,casual
100697,CA752BF99A748973,classic_bike,2021-09-16 20:07:41,2021-09-16 20:19:14,Bayard St & Leonard St,5442,Huron St & Franklin St,5869,40.71915571696044,-73.94885390996933,40.73266,-73.95826,member
100703,F410C3819381EC8F,classic_bike,2021-09-15 19:33:53,2021-09-15 19:48:00,Bayard St & Leonard St,5442,Kent Ave & S 11 St,5062,40.71915571696044,-73.94885390996933,40.707644944175705,-73.96841526031494,casual
102086,F16DAECED1323344,classic_bike,2021-09-11 15:04:04,2021-09-11 15:06:34,Bayard St & Leonard St,5442,Driggs Ave & N 9 St,5411,40.71915571696044,-73.94885390996933,40.71816969454208,-73.95520135760307,member
102087,C924E52510BA1903,classic_bike,2021-09-11 10:57:11,2021-09-11 10:59:25,Bayard St & Leonard St,5442,Driggs Ave & N 9 St,5411,40.71915571696044,-73.94885390996933,40.71816969454208,-73.95520135760307,member
102089,AB3C97725B0C5B41,classic_bike,2021-09-29 06:31:53,2021-09-29 06:35:23,Bayard St & Leonard St,5442,Devoe St & Lorimer St,5259,40.71915571696044,-73.94885390996933,40.71335226222875,-73.9491033554077,member
102090,213609654EFA46FA,classic_bike,2021-09-29 10:32:09,2021-09-29 10:37:02,Bayard St & Leonard St,5442,Devoe St & Lorimer St,5259,40.71915571696044,-73.94885390996933,40.71335226222875,-73.9491033554077,member
102092,2EE63EFE6796F499,electric_bike,2021-09-11 20:42:52,2021-09-11 20:44:56,Bayard St & Leonard St,5442,Driggs Ave & N 9 St,5411,40.71915571696044,-73.94885390996933,40.71816969454208,-73.95520135760307,member
102093,66BB43780201883C,classic_bike,2021-09-16 20:37:48,2021-09-16 20:40:42,Bayard St & Leonard St,5442,Driggs Ave & N 9 St,5411,40.71915571696044,-73.94885390996933,40.71816969454208,-73.95520135760307,member
102094,D2B0835B22E11878,classic_bike,2021-09-02 12:04:17,2021-09-02 12:09:08,Bayard St & Leonard St,5442,Devoe St & Lorimer St,5259,40.71915571696044,-73.94885390996933,40.71335226222875,-73.9491033554077,casual
102099,55B8D1289353AAA1,classic_bike,2021-09-28 09:34:53,2021-09-28 09:38:00,Bayard St & Leonard St,5442,Driggs Ave & N 9 St,5411,40.71915571696044,-73.94885390996933,40.71816969454208,-73.95520135760307,member
102101,C3025AE4FFF1F0A5,classic_bike,2021-09-08 11:44:05,2021-09-08 11:46:36,Bayard St & Leonard St,5442,Driggs Ave & N 9 St,5411,40.71915571696044,-73.94885390996933,40.71816969454208,-73.95520135760307,member
102102,414EEC2C1C9E93E9,classic_bike,2021-09-04 19:10:11,2021-09-04 19:14:01,Bayard St & Leonard St,5442,Driggs Ave & N 9 St,5411,40.71915571696044,-73.94885390996933,40.71816969454208,-73.95520135760307,member
102105,A3E0CDDFA8508BB7,classic_bike,2021-09-22 18:09:26,2021-09-22 18:13:23,Bayard St & Leonard St,5442,Devoe St & Lorimer St,5259,40.71915571696044,-73.94885390996933,40.71335226222875,-73.9491033554077,member
102110,41C5151AD03EB375,classic_bike,2021-09-13 19:46:59,2021-09-13 19:50:41,Bayard St & Leonard St,5442,Devoe St & Lorimer St,5259,40.71915571696044,-73.94885390996933,40.71335226222875,-73.9491033554077,member
102111,0634A6F8636DA8FF,classic_bike,2021-09-17 16:44:41,2021-09-17 16:50:04,Bayard St & Leonard St,5442,Devoe St & Lorimer St,5259,40.71915571696044,-73.94885390996933,40.71335226222875,-73.9491033554077,member
102112,C2820BCE7A1D331C,classic_bike,2021-09-10 12:09:30,2021-09-10 12:14:58,Bayard St & Leonard St,5442,Devoe St & Lorimer St,5259,40.71915571696044,-73.94885390996933,40.71335226222875,-73.9491033554077,member
102113,87EC3E5772881435,classic_bike,2021-09-02 17:30:44,2021-09-02 17:33:21,Bayard St & Leonard St,5442,Driggs Ave & N 9 St,5411,40.71915571696044,-73.94885390996933,40.71816969454208,-73.95520135760307,member
102115,5A8353BB096098ED,classic_bike,2021-09-23 10:41:33,2021-09-23 10:50:09,Bayard St & Leonard St,5442,Driggs Ave & N 9 St,5411,40.71915571696044,-73.94885390996933,40.71816969454208,-73.95520135760307,member
102116,DBA44C49A4201F7A,classic_bike,2021-09-18 09:24:29,2021-09-18 09:27:12,Bayard St & Leonard St,5442,Driggs Ave & N 9 St,5411,40.71915571696044,-73.94885390996933,40.71816969454208,-73.95520135760307,member
102117,7A1E92208B8B9E82,classic_bike,2021-09-02 18:44:02,2021-09-02 18:49:51,Bayard St & Leonard St,5442,Devoe St & Lorimer St,5259,40.71915571696044,-73.94885390996933,40.71335226222875,-73.9491033554077,member
102119,B58E50B3BF8E6CE2,classic_bike,2021-09-28 09:23:29,2021-09-28 09:25:39,Bayard St & Leonard St,5442,Driggs Ave & N 9 St,5411,40.71915571696044,-73.94885390996933,40.71816969454208,-73.95520135760307,member
102310,E8C6C5EF1B812B8C,classic_bike,2021-09-16 08:28:35,2021-09-16 08:30:39,Bayard St & Leonard St,5442,Driggs Ave & N 9 St,5411,40.71915571696044,-73.94885390996933,40.71816969454208,-73.95520135760307,member
102311,6E41AB95E67FE514,electric_bike,2021-09-04 10:07:55,2021-09-04 10:09:45,Bayard St & Leonard St,5442,Driggs Ave & N 9 St,5411,40.71915571696044,-73.94885390996933,40.71816969454208,-73.95520135760307,member
104579,E9EE5B0483AC9B7E,classic_bike,2021-09-09 23:07:56,2021-09-09 23:24:10,Bayard St & Leonard St,5442,Wyckoff Av & Stanhope St,4931,40.71915571696044,-73.94885390996933,40.703545,-73.917775,casual
104936,B501EC062B2F6CE9,classic_bike,2021-09-22 19:14:23,2021-09-22 19:35:24,Bayard St & Leonard St,5442,Wyckoff Av & Stanhope St,4931,40.71915571696044,-73.94885390996933,40.703545,-73.917775,member
105142,8D01F4E9BEA751DD,classic_bike,2021-09-20 17:44:37,2021-09-20 18:01:57,Manhattan Av & Leonard St,5442,Throop Ave & Myrtle Ave,4697,40.72084,-73.94844,40.69622937,-73.94371094,casual
115347,21F1B759EE9698F8,electric_bike,2021-09-08 10:33:16,2021-09-08 10:57:04,Bayard St & Leonard St,5442,Bridge St & York St,4853,40.71915571696044,-73.94885390996933,40.70133448066992,-73.98471236228943,casual
127762,FA3A20DA91DE447E,electric_bike,2021-09-29 22:19:59,2021-09-29 22:26:49,Manhattan Av & Leonard St,5442,Stagg St & Union Ave,5117,40.72084,-73.94844,40.70877084,-73.95095259,member
134337,E7FE6355B9D63B25,classic_bike,2021-09-06 13:21:59,2021-09-06 13:54:05,Manhattan Av & Leonard St,5442,Atlantic Ave & Furman St,4614,40.72084,-73.94844,40.69165183,-73.9999786,member
134874,7A8A9A7C291E0420,electric_bike,2021-09-09 19:32:12,2021-09-09 19:46:16,Manhattan Av & Leonard St,5442,Allen St & Stanton St,5484,40.72084,-73.94844,40.722055,-73.989111,member
134875,3C81EB5C16C322C6,electric_bike,2021-09-08 16:06:09,2021-09-08 16:28:42,Manhattan Av & Leonard St,5442,Allen St & Stanton St,5484,40.72084,-73.94844,40.722055,-73.989111,casual
138281,5DF13A45545D8A02,classic_bike,2021-09-14 06:29:29,2021-09-14 06:33:57,Manhattan Av & Leonard St,5442,Meserole Ave & Manhattan Ave,5666,40.72084,-73.94844,40.72708584,-73.95299117,member
144061,2DCB6A5EB8D96462,classic_bike,2021-09-29 07:26:40,2021-09-29 07:30:09,Manhattan Av & Leonard St,5442,Graham Ave & Conselyea St,5291,40.72084,-73.94844,40.715143,-73.944507,member
144066,1DB55A850091CD8A,classic_bike,2021-09-19 03:27:50,2021-09-19 03:33:26,Manhattan Av & Leonard St,5442,Graham Ave & Conselyea St,5291,40.72084,-73.94844,40.715143,-73.944507,casual
144077,D0CB44019AD3F5AE,classic_bike,2021-09-09 21:48:05,2021-09-09 21:51:53,Manhattan Av & Leonard St,5442,Graham Ave & Conselyea St,5291,40.72084,-73.94844,40.715143,-73.944507,member
144086,FA3447802BB97054,classic_bike,2021-09-26 20:31:55,2021-09-26 20:38:21,Manhattan Av & Leonard St,5442,Graham Ave & Conselyea St,5291,40.72084,-73.94844,40.715143,-73.944507,member
144103,6B0920D10165FCB2,classic_bike,2021-09-23 07:28:13,2021-09-23 07:31:59,Manhattan Av & Leonard St,5442,Graham Ave & Conselyea St,5291,40.72084,-73.94844,40.715143,-73.944507,member
144104,C8F45D8B1EE1B918,classic_bike,2021-09-22 07:41:35,2021-09-22 07:44:35,Manhattan Av & Leonard St,5442,Graham Ave & Conselyea St,5291,40.72084,-73.94844,40.715143,-73.944507,member
144105,BC39BC969A81C4F8,classic_bike,2021-09-27 07:37:29,2021-09-27 07:40:49,Manhattan Av & Leonard St,5442,Graham Ave & Conselyea St,5291,40.72084,-73.94844,40.715143,-73.944507,member
144107,B0F25BFE1E39F218,electric_bike,2021-09-11 22:38:02,2021-09-11 22:42:05,Manhattan Av & Leonard St,5442,Graham Ave & Conselyea St,5291,40.72084,-73.94844,40.715143,-73.944507,member
144108,E511EC54E55B6CFF,classic_bike,2021-09-30 07:47:35,2021-09-30 07:50:40,Manhattan Av & Leonard St,5442,Graham Ave & Conselyea St,5291,40.72084,-73.94844,40.715143,-73.944507,member
144109,2FAD08D3B33FA49E,classic_bike,2021-09-24 07:53:50,2021-09-24 07:56:44,Manhattan Av & Leonard St,5442,Graham Ave & Conselyea St,5291,40.72084,-73.94844,40.715143,-73.944507,member
144110,20DAA5338A110845,electric_bike,2021-09-28 07:27:07,2021-09-28 07:30:10,Manhattan Av & Leonard St,5442,Graham Ave & Conselyea St,5291,40.72084,-73.94844,40.715143,-73.944507,member
144111,61B1BFE095406C5A,classic_bike,2021-09-03 15:28:57,2021-09-03 15:32:44,Manhattan Av & Leonard St,5442,Graham Ave & Conselyea St,5291,40.72084,-73.94844,40.715143,-73.944507,member
144124,97E5F6CC69D045C1,classic_bike,2021-09-07 10:57:13,2021-09-07 11:02:39,Manhattan Av & Leonard St,5442,Graham Ave & Conselyea St,5291,40.72084,-73.94844,40.715143,-73.944507,member
144539,FAA51021C6FFB730,classic_bike,2021-09-21 12:15:38,2021-09-21 12:20:28,Manhattan Av & Leonard St,5442,Graham Ave & Conselyea St,5291,40.72084,-73.94844,40.715143,-73.944507,member
144540,60B8071ED884CCC6,classic_bike,2021-09-14 11:55:26,2021-09-14 12:04:50,Manhattan Av & Leonard St,5442,Graham Ave & Conselyea St,5291,40.72084,-73.94844,40.715143,-73.944507,member
144542,470B438FA6CF150C,classic_bike,2021-09-21 11:56:38,2021-09-21 12:02:55,Manhattan Av & Leonard St,5442,Graham Ave & Conselyea St,5291,40.72084,-73.94844,40.715143,-73.944507,casual
146928,91A67DC100E57304,classic_bike,2021-09-19 12:30:28,2021-09-19 12:38:48,Bayard St & Leonard St,5442,India St & Manhattan Ave,5826,40.71915571696044,-73.94885390996933,40.73232194,-73.9550858,member
146940,10D69F6AA78DAD52,classic_bike,2021-09-03 18:26:06,2021-09-03 18:37:18,Bayard St & Leonard St,5442,India St & Manhattan Ave,5826,40.71915571696044,-73.94885390996933,40.73232194,-73.9550858,casual
147573,FBA1BF6023FE7051,electric_bike,2021-09-21 17:34:32,2021-09-21 17:38:32,Bayard St & Leonard St,5442,Leonard St & Maujer St,5148,40.71915571696044,-73.94885390996933,40.7103685423523,-73.94705951213837,member
156736,2265D7A6858612B1,classic_bike,2021-09-09 19:21:17,2021-09-09 19:27:41,Bayard St & Leonard St,5442,Kent Ave & N 7 St,5489,40.71915571696044,-73.94885390996933,40.72036775298455,-73.96165072917938,member
156737,CB2F6853D603EDBA,classic_bike,2021-09-13 20:04:23,2021-09-13 20:10:43,Bayard St & Leonard St,5442,Kent Ave & N 7 St,5489,40.71915571696044,-73.94885390996933,40.72036775298455,-73.96165072917938,member
158005,21AF5C01C8FF0022,classic_bike,2021-09-02 18:14:13,2021-09-02 18:34:24,Bayard St & Leonard St,5442,Kent Ave & N 7 St,5489,40.71915571696044,-73.94885390996933,40.72036775298455,-73.96165072917938,member
158016,E56B0EA39567C85B,classic_bike,2021-09-22 17:50:18,2021-09-22 17:57:06,Bayard St & Leonard St,5442,Kent Ave & N 7 St,5489,40.71915571696044,-73.94885390996933,40.72036775298455,-73.96165072917938,member
158048,FAA90B4F8B5FF082,classic_bike,2021-09-28 07:36:05,2021-09-28 07:41:12,Bayard St & Leonard St,5442,Kent Ave & N 7 St,5489,40.71915571696044,-73.94885390996933,40.72036775298455,-73.96165072917938,member
158477,379A79E0B531239F,electric_bike,2021-09-27 06:27:27,2021-09-27 06:36:50,Bayard St & Leonard St,5442,Kent Ave & N 7 St,5489,40.71915571696044,-73.94885390996933,40.72036775298455,-73.96165072917938,member
165414,51E443931C977B02,classic_bike,2021-09-26 13:26:00,2021-09-26 13:30:41,Manhattan Av & Leonard St,5442,Banker St & Meserole Ave,5633,40.72084,-73.94844,40.72606,-73.95621,member
167691,E54564FDE07B9A53,classic_bike,2021-09-07 10:38:20,2021-09-07 10:51:26,Manhattan Av & Leonard St,5442,McGuinness Blvd & Eagle St,5977,40.72084,-73.94844,40.73555,-73.95284,member
169500,E4B3A2AB76F21382,electric_bike,2021-09-12 16:40:05,2021-09-12 16:50:14,Manhattan Av & Leonard St,5442,McGuinness Blvd & Eagle St,5977,40.72084,-73.94844,40.73555,-73.95284,member
175908,2E590366CC282BC2,classic_bike,2021-09-09 17:54:58,2021-09-09 18:03:18,Manhattan Av & Leonard St,5442,Metropolitan Ave & Bedford Ave,5308,40.72084,-73.94844,40.71534825,-73.96024116,member
177199,3F198CAF0C315AE7,classic_bike,2021-09-29 22:02:12,2021-09-29 22:10:18,Bayard St & Leonard St,5442,Metropolitan Ave & Bedford Ave,5308,40.71915571696044,-73.94885390996933,40.71534825,-73.96024116,member
179539,48ED2F3C07276405,classic_bike,2021-09-13 07:39:55,2021-09-13 07:46:05,Bayard St & Leonard St,5442,Metropolitan Ave & Bedford Ave,5308,40.71915571696044,-73.94885390996933,40.71534825,-73.96024116,member
179540,2E5F7D0DFE99A118,classic_bike,2021-09-22 07:45:52,2021-09-22 07:51:21,Bayard St & Leonard St,5442,Metropolitan Ave & Bedford Ave,5308,40.71915571696044,-73.94885390996933,40.71534825,-73.96024116,member
179541,FFABB6277EA98349,classic_bike,2021-09-10 15:22:34,2021-09-10 15:34:07,Bayard St & Leonard St,5442,McKibbin St & Manhattan Ave,4996,40.71915571696044,-73.94885390996933,40.70510918,-73.94407279,member
183587,B67ED05EBAE946F0,classic_bike,2021-09-04 02:33:27,2021-09-04 02:36:47,Bayard St & Leonard St,5442,Leonard St & Nassau Ave,5550,40.71915571696044,-73.94885390996933,40.7239567849954,-73.94984364509583,member
183608,6D31F3946919478A,classic_bike,2021-09-14 12:01:11,2021-09-14 12:04:24,Bayard St & Leonard St,5442,Leonard St & Nassau Ave,5550,40.71915571696044,-73.94885390996933,40.7239567849954,-73.94984364509583,member
183611,2A25A63CA2B3566D,electric_bike,2021-09-03 22:22:06,2021-09-03 22:29:35,Bayard St & Leonard St,5442,Leonard St & Nassau Ave,5550,40.71915571696044,-73.94885390996933,40.7239567849954,-73.94984364509583,member
184944,073AB36E28911423,classic_bike,2021-09-04 19:01:16,2021-09-04 19:19:06,Bayard St & Leonard St,5442,S 3 St & Bedford Ave,5235,40.71915571696044,-73.94885390996933,40.71260486,-73.96264403,member
184962,F77F7EEDCAD1FB03,electric_bike,2021-09-08 10:01:04,2021-09-08 10:13:23,Bayard St & Leonard St,5442,Norfolk St & Broome St,5374,40.71915571696044,-73.94885390996933,40.7172274,-73.98802084,member
184973,87CA74B75D89B5B8,classic_bike,2021-09-02 20:24:05,2021-09-02 20:35:27,Bayard St & Leonard St,5442,S 3 St & Bedford Ave,5235,40.71915571696044,-73.94885390996933,40.71260486,-73.96264403,casual
184997,82F4E064956845B7,classic_bike,2021-09-20 08:01:55,2021-09-20 08:12:33,Bayard St & Leonard St,5442,S 3 St & Bedford Ave,5235,40.71915571696044,-73.94885390996933,40.71260486,-73.96264403,member
185018,490A600ABDE8D3FE,classic_bike,2021-09-04 10:43:20,2021-09-04 11:01:25,Bayard St & Leonard St,5442,Norfolk St & Broome St,5374,40.71915571696044,-73.94885390996933,40.7172274,-73.98802084,member
185020,88662DA7237F1E75,classic_bike,2021-09-25 13:23:15,2021-09-25 14:02:01,Bayard St & Leonard St,5442,Norfolk St & Broome St,5374,40.71915571696044,-73.94885390996933,40.7172274,-73.98802084,member
185028,E7F9C86EE30D60C4,classic_bike,2021-09-11 22:47:37,2021-09-11 23:00:43,Bayard St & Leonard St,5442,S 3 St & Bedford Ave,5235,40.71915571696044,-73.94885390996933,40.71260486,-73.96264403,casual
185740,81D714E29A10A745,classic_bike,2021-09-28 14:45:58,2021-09-28 14:53:48,Bayard St & Leonard St,5442,S 3 St & Bedford Ave,5235,40.71915571696044,-73.94885390996933,40.71260486,-73.96264403,member
185741,5DFDAB26105358A2,classic_bike,2021-09-10 17:41:28,2021-09-10 17:49:11,Bayard St & Leonard St,5442,S 3 St & Bedford Ave,5235,40.71915571696044,-73.94885390996933,40.71260486,-73.96264403,member
185743,D5B05C9E1CF70D2D,classic_bike,2021-09-17 13:24:57,2021-09-17 13:34:00,Bayard St & Leonard St,5442,S 3 St & Bedford Ave,5235,40.71915571696044,-73.94885390996933,40.71260486,-73.96264403,member
185751,092C1A44FB74C1B1,electric_bike,2021-09-06 16:57:47,2021-09-06 17:12:57,Bayard St & Leonard St,5442,Norfolk St & Broome St,5374,40.71915571696044,-73.94885390996933,40.7172274,-73.98802084,casual
187345,142424A4309B926A,electric_bike,2021-09-21 09:59:03,2021-09-21 10:11:20,Bayard St & Leonard St,5442,Norfolk St & Broome St,5374,40.71915571696044,-73.94885390996933,40.7172274,-73.98802084,member
187710,A962EE0EEF35B52B,classic_bike,2021-09-11 22:25:46,2021-09-11 22:46:52,Bayard St & Leonard St,5442,Suydam St & Broadway,4689,40.71915571696044,-73.94885390996933,40.69544,-73.93223,casual
192338,09DF53E2DF213A4F,classic_bike,2021-09-02 19:28:00,2021-09-02 19:57:20,Manhattan Av & Leonard St,5442,Knickerbocker Ave & Halsey St,4623,40.72084,-73.94844,40.693,-73.90824,member
193358,4CFB6A6715954A18,classic_bike,2021-09-20 23:47:08,2021-09-20 23:56:46,Bayard St & Leonard St,5442,Waterbury St & Stagg St,5099,40.71915571696044,-73.94885390996933,40.71019,-73.93734,member
193363,33BCD323782F1A4B,classic_bike,2021-09-20 07:58:31,2021-09-20 08:26:13,Bayard St & Leonard St,5442,Vernon Blvd & 31 Ave,7003,40.71915571696044,-73.94885390996933,40.7692475,-73.9354504,member
193368,78F85030588C106A,classic_bike,2021-09-12 07:59:55,2021-09-12 08:10:11,Bayard St & Leonard St,5442,Waterbury St & Stagg St,5099,40.71915571696044,-73.94885390996933,40.71019,-73.93734,member
193387,D47B44DE0246F020,classic_bike,2021-09-29 07:28:42,2021-09-29 07:45:04,Bayard St & Leonard St,5442,Willoughby Ave & Myrtle Ave,4759,40.71915571696044,-73.94885390996933,40.69757,-73.93098,member
193388,3931B3F45466751D,classic_bike,2021-09-09 16:59:29,2021-09-09 17:09:12,Bayard St & Leonard St,5442,Waterbury St & Stagg St,5099,40.71915571696044,-73.94885390996933,40.71019,-73.93734,member
193398,23A225564162F97D,electric_bike,2021-09-16 18:51:10,2021-09-16 19:15:38,Bayard St & Leonard St,5442,Nassau St & Navy St,4812,40.71915571696044,-73.94885390996933,40.69839895,-73.98068914,casual
193403,98CAD672355486A3,classic_bike,2021-09-16 18:15:35,2021-09-16 18:23:20,Bayard St & Leonard St,5442,Kent St & McGuinness Blvd,5785,40.71915571696044,-73.94885390996933,40.73124,-73.95161,member
193406,B45BDE47A73C0225,classic_bike,2021-09-07 17:05:25,2021-09-07 17:15:21,Bayard St & Leonard St,5442,Waterbury St & Stagg St,5099,40.71915571696044,-73.94885390996933,40.71019,-73.93734,member
193467,B9C1B6E4E4C8A666,electric_bike,2021-09-02 22:33:47,2021-09-02 22:55:56,Bayard St & Leonard St,5442,Washington Park,4546,40.71915571696044,-73.94885390996933,40.6917823,-73.9737299,member
193534,32B9D6A99A606C8C,classic_bike,2021-09-10 08:24:19,2021-09-10 08:34:37,Bayard St & Leonard St,5442,Waterbury St & Stagg St,5099,40.71915571696044,-73.94885390996933,40.71019,-73.93734,member
193551,0DEA75D5C55DF328,electric_bike,2021-09-11 22:00:50,2021-09-11 22:30:19,Bayard St & Leonard St,5442,E 13 St & 2 Ave,5820,40.71915571696044,-73.94885390996933,40.73153937464073,-73.9853024482727,casual
193589,03F46886C5AEDA98,classic_bike,2021-09-22 07:34:07,2021-09-22 07:54:05,Bayard St & Leonard St,5442,Willoughby Ave & Myrtle Ave,4759,40.71915571696044,-73.94885390996933,40.69757,-73.93098,member
193591,6ADB83AAE589008C,classic_bike,2021-09-24 16:54:31,2021-09-24 17:05:11,Bayard St & Leonard St,5442,Waterbury St & Stagg St,5099,40.71915571696044,-73.94885390996933,40.71019,-73.93734,member
193593,188BFC0007649103,classic_bike,2021-09-16 18:51:30,2021-09-16 19:15:24,Bayard St & Leonard St,5442,Nassau St & Navy St,4812,40.71915571696044,-73.94885390996933,40.69839895,-73.98068914,casual
193612,C4880404A04D2EC4,electric_bike,2021-09-18 15:11:54,2021-09-18 15:20:25,Bayard St & Leonard St,5442,Waterbury St & Stagg St,5099,40.71915571696044,-73.94885390996933,40.71019,-73.93734,member
193617,F420335B19F3758B,classic_bike,2021-09-04 11:40:15,2021-09-04 11:49:08,Bayard St & Leonard St,5442,Waterbury St & Stagg St,5099,40.71915571696044,-73.94885390996933,40.71019,-73.93734,member
194111,31AC7E25C0E3A1E2,classic_bike,2021-09-20 07:33:23,2021-09-20 07:52:31,Bayard St & Leonard St,5442,Willoughby Ave & Myrtle Ave,4759,40.71915571696044,-73.94885390996933,40.69757,-73.93098,member
194543,16FAE72D0E188A43,classic_bike,2021-09-27 11:05:56,2021-09-27 11:10:27,Manhattan Av & Leonard St,5442,Driggs Ave & N 9 St,5411,40.72084,-73.94844,40.71816969454208,-73.95520135760307,member
194547,B5352827B06D48E8,classic_bike,2021-09-22 07:58:49,2021-09-22 08:03:21,Manhattan Av & Leonard St,5442,Devoe St & Lorimer St,5259,40.72084,-73.94844,40.71335226222875,-73.9491033554077,member
194554,0F9BE7B728C4EC5E,classic_bike,2021-09-06 12:44:22,2021-09-06 12:49:06,Manhattan Av & Leonard St,5442,Driggs Ave & N 9 St,5411,40.72084,-73.94844,40.71816969454208,-73.95520135760307,member
194555,1D351FA246F6F704,classic_bike,2021-09-03 11:31:57,2021-09-03 11:35:22,Manhattan Av & Leonard St,5442,Driggs Ave & N 9 St,5411,40.72084,-73.94844,40.71816969454208,-73.95520135760307,member
194559,85C491C86F73EB5D,classic_bike,2021-09-03 15:42:31,2021-09-03 15:47:30,Manhattan Av & Leonard St,5442,Driggs Ave & N 9 St,5411,40.72084,-73.94844,40.71816969454208,-73.95520135760307,member
194560,6F4877359718DB2E,classic_bike,2021-09-22 15:45:08,2021-09-22 15:48:19,Manhattan Av & Leonard St,5442,Driggs Ave & N 9 St,5411,40.72084,-73.94844,40.71816969454208,-73.95520135760307,member
194561,F830C06A80D24D91,classic_bike,2021-09-03 16:28:30,2021-09-03 16:31:43,Manhattan Av & Leonard St,5442,Driggs Ave & N 9 St,5411,40.72084,-73.94844,40.71816969454208,-73.95520135760307,member
194564,947276B2EF1B8856,classic_bike,2021-09-07 08:24:40,2021-09-07 08:28:21,Manhattan Av & Leonard St,5442,Driggs Ave & N 9 St,5411,40.72084,-73.94844,40.71816969454208,-73.95520135760307,member
194629,F76EFB53F81DF81F,classic_bike,2021-09-06 12:59:12,2021-09-06 13:01:48,Bayard St & Leonard St,5442,Driggs Ave & N 9 St,5411,40.71915571696044,-73.94885390996933,40.71816969454208,-73.95520135760307,member
194630,83ED7E0BB1E10932,classic_bike,2021-09-06 19:48:26,2021-09-06 19:51:10,Bayard St & Leonard St,5442,Driggs Ave & N 9 St,5411,40.71915571696044,-73.94885390996933,40.71816969454208,-73.95520135760307,member
194631,05DFFEF05B146CEC,classic_bike,2021-09-01 11:50:12,2021-09-01 11:52:39,Bayard St & Leonard St,5442,Driggs Ave & N 9 St,5411,40.71915571696044,-73.94885390996933,40.71816969454208,-73.95520135760307,member
194637,47BB80D12CB9FFD0,classic_bike,2021-09-19 21:52:12,2021-09-19 21:55:34,Bayard St & Leonard St,5442,Driggs Ave & N 9 St,5411,40.71915571696044,-73.94885390996933,40.71816969454208,-73.95520135760307,member
194638,234A59DB74155FEB,classic_bike,2021-09-27 07:40:02,2021-09-27 07:43:45,Bayard St & Leonard St,5442,Devoe St & Lorimer St,5259,40.71915571696044,-73.94885390996933,40.71335226222875,-73.9491033554077,member
194639,562FAF211A76533B,classic_bike,2021-09-27 17:00:33,2021-09-27 17:05:45,Bayard St & Leonard St,5442,Devoe St & Lorimer St,5259,40.71915571696044,-73.94885390996933,40.71335226222875,-73.9491033554077,member
194640,6D42A081FEFD0BA4,classic_bike,2021-09-27 19:40:30,2021-09-27 19:44:50,Bayard St & Leonard St,5442,Devoe St & Lorimer St,5259,40.71915571696044,-73.94885390996933,40.71335226222875,-73.9491033554077,member
194641,9B74F84012E01664,classic_bike,2021-09-14 09:56:58,2021-09-14 09:59:37,Bayard St & Leonard St,5442,Driggs Ave & N 9 St,5411,40.71915571696044,-73.94885390996933,40.71816969454208,-73.95520135760307,member
194643,CCD541F299A1B9F9,classic_bike,2021-09-02 09:27:19,2021-09-02 09:29:45,Bayard St & Leonard St,5442,Driggs Ave & N 9 St,5411,40.71915571696044,-73.94885390996933,40.71816969454208,-73.95520135760307,member
194644,67B3029220AB8376,classic_bike,2021-09-29 12:16:29,2021-09-29 12:18:48,Bayard St & Leonard St,5442,Driggs Ave & N 9 St,5411,40.71915571696044,-73.94885390996933,40.71816969454208,-73.95520135760307,member
194687,1E7B9B754DF93D8B,classic_bike,2021-09-13 19:37:36,2021-09-13 19:54:26,Bayard St & Leonard St,5442,Devoe St & Lorimer St,5259,40.71915571696044,-73.94885390996933,40.71335226222875,-73.9491033554077,member
194688,4F81B714160A4DE7,classic_bike,2021-09-24 13:53:39,2021-09-24 13:59:02,Bayard St & Leonard St,5442,Devoe St & Lorimer St,5259,40.71915571696044,-73.94885390996933,40.71335226222875,-73.9491033554077,member
194689,35712D57A19AD743,classic_bike,2021-09-16 07:24:38,2021-09-16 07:29:31,Bayard St & Leonard St,5442,Devoe St & Lorimer St,5259,40.71915571696044,-73.94885390996933,40.71335226222875,-73.9491033554077,member
194690,02699F3758B06A24,electric_bike,2021-09-15 22:09:18,2021-09-15 22:13:12,Bayard St & Leonard St,5442,Devoe St & Lorimer St,5259,40.71915571696044,-73.94885390996933,40.71335226222875,-73.9491033554077,member
194694,074BB6A8BE9BAC05,classic_bike,2021-09-22 19:15:34,2021-09-22 19:17:54,Bayard St & Leonard St,5442,Driggs Ave & N 9 St,5411,40.71915571696044,-73.94885390996933,40.71816969454208,-73.95520135760307,casual
194700,3DB33537C07A15CD,classic_bike,2021-09-25 19:47:11,2021-09-25 19:51:47,Bayard St & Leonard St,5442,Devoe St & Lorimer St,5259,40.71915571696044,-73.94885390996933,40.71335226222875,-73.9491033554077,member
194702,52346AC71858C742,classic_bike,2021-09-18 12:22:50,2021-09-18 12:25:38,Bayard St & Leonard St,5442,Driggs Ave & N 9 St,5411,40.71915571696044,-73.94885390996933,40.71816969454208,-73.95520135760307,member
194703,C69D44CF8125CBDB,classic_bike,2021-09-15 17:16:06,2021-09-15 17:18:49,Bayard St & Leonard St,5442,Driggs Ave & N 9 St,5411,40.71915571696044,-73.94885390996933,40.71816969454208,-73.95520135760307,member
194705,198DF494AEF05083,classic_bike,2021-09-22 07:25:47,2021-09-22 07:29:27,Bayard St & Leonard St,5442,Devoe St & Lorimer St,5259,40.71915571696044,-73.94885390996933,40.71335226222875,-73.9491033554077,member
194706,2731A291CA6CAA14,classic_bike,2021-09-23 07:06:04,2021-09-23 07:11:18,Bayard St & Leonard St,5442,Devoe St & Lorimer St,5259,40.71915571696044,-73.94885390996933,40.71335226222875,-73.9491033554077,member
194721,77971901418D7DAB,classic_bike,2021-09-25 09:44:15,2021-09-25 09:47:12,Bayard St & Leonard St,5442,Driggs Ave & N 9 St,5411,40.71915571696044,-73.94885390996933,40.71816969454208,-73.95520135760307,member
194724,32ADDA9DC857C256,classic_bike,2021-09-07 08:22:12,2021-09-07 08:25:32,Bayard St & Leonard St,5442,Driggs Ave & N 9 St,5411,40.71915571696044,-73.94885390996933,40.71816969454208,-73.95520135760307,member
194725,C894DD00A29520ED,classic_bike,2021-09-10 06:41:04,2021-09-10 06:45:23,Bayard St & Leonard St,5442,Devoe St & Lorimer St,5259,40.71915571696044,-73.94885390996933,40.71335226222875,-73.9491033554077,member
194726,28CC2E51263B472D,classic_bike,2021-09-08 06:53:52,2021-09-08 06:57:28,Bayard St & Leonard St,5442,Devoe St & Lorimer St,5259,40.71915571696044,-73.94885390996933,40.71335226222875,-73.9491033554077,member
194733,E0E40A7D25554DA1,classic_bike,2021-09-10 17:05:37,2021-09-10 17:10:53,Bayard St & Leonard St,5442,Devoe St & Lorimer St,5259,40.71915571696044,-73.94885390996933,40.71335226222875,-73.9491033554077,member
194734,819A59DB04AECB19,classic_bike,2021-09-02 19:15:47,2021-09-02 19:18:53,Bayard St & Leonard St,5442,Driggs Ave & N 9 St,5411,40.71915571696044,-73.94885390996933,40.71816969454208,-73.95520135760307,member
194736,39D445F12DBAC3BE,classic_bike,2021-09-27 08:40:52,2021-09-27 08:43:09,Bayard St & Leonard St,5442,Driggs Ave & N 9 St,5411,40.71915571696044,-73.94885390996933,40.71816969454208,-73.95520135760307,casual
194739,6DD85F7AC11794C7,classic_bike,2021-09-28 16:55:31,2021-09-28 16:58:19,Bayard St & Leonard St,5442,Driggs Ave & N 9 St,5411,40.71915571696044,-73.94885390996933,40.71816969454208,-73.95520135760307,member
194740,61B4C1698F6C9016,classic_bike,2021-09-16 20:46:50,2021-09-16 20:50:53,Bayard St & Leonard St,5442,Devoe St & Lorimer St,5259,40.71915571696044,-73.94885390996933,40.71335226222875,-73.9491033554077,member
194741,359B5E45158D8025,classic_bike,2021-09-17 10:00:16,2021-09-17 10:05:08,Bayard St & Leonard St,5442,Devoe St & Lorimer St,5259,40.71915571696044,-73.94885390996933,40.71335226222875,-73.9491033554077,member
194742,5A4CD37AF0BAF718,electric_bike,2021-09-16 18:45:29,2021-09-16 18:54:15,Bayard St & Leonard St,5442,Driggs Ave & N 9 St,5411,40.71915571696044,-73.94885390996933,40.71816969454208,-73.95520135760307,member
194756,5A6BBE1F36C4558E,classic_bike,2021-09-08 20:36:59,2021-09-08 20:41:50,Bayard St & Leonard St,5442,Devoe St & Lorimer St,5259,40.71915571696044,-73.94885390996933,40.71335226222875,-73.9491033554077,member
194757,77B28D3384A3279B,classic_bike,2021-09-09 19:58:34,2021-09-09 20:02:58,Bayard St & Leonard St,5442,Devoe St & Lorimer St,5259,40.71915571696044,-73.94885390996933,40.71335226222875,-73.9491033554077,member
194759,3B11F31C1971702F,classic_bike,2021-09-16 08:16:04,2021-09-16 08:18:18,Bayard St & Leonard St,5442,Driggs Ave & N 9 St,5411,40.71915571696044,-73.94885390996933,40.71816969454208,-73.95520135760307,member
194824,C2BA988DAFA6254A,classic_bike,2021-09-18 19:06:30,2021-09-18 19:12:00,Bayard St & Leonard St,5442,Driggs Ave & N 9 St,5411,40.71915571696044,-73.94885390996933,40.71816969454208,-73.95520135760307,member
194827,6F9BAD52F14EC21C,classic_bike,2021-09-18 07:47:39,2021-09-18 07:52:13,Bayard St & Leonard St,5442,Devoe St & Lorimer St,5259,40.71915571696044,-73.94885390996933,40.71335226222875,-73.9491033554077,member
194828,D4122CC5F8D2499F,classic_bike,2021-09-18 10:15:57,2021-09-18 10:20:43,Bayard St & Leonard St,5442,Devoe St & Lorimer St,5259,40.71915571696044,-73.94885390996933,40.71335226222875,-73.9491033554077,member
194830,20C6466572FDF4DA,classic_bike,2021-09-18 15:19:13,2021-09-18 15:26:34,Bayard St & Leonard St,5442,Driggs Ave & N 9 St,5411,40.71915571696044,-73.94885390996933,40.71816969454208,-73.95520135760307,member
194834,BBB74645E2B624C0,classic_bike,2021-09-28 17:28:02,2021-09-28 17:30:57,Bayard St & Leonard St,5442,Driggs Ave & N 9 St,5411,40.71915571696044,-73.94885390996933,40.71816969454208,-73.95520135760307,casual
194893,8D2C645A3A214D19,classic_bike,2021-09-17 18:00:17,2021-09-17 18:04:46,Manhattan Av & Leonard St,5442,Driggs Ave & N 9 St,5411,40.72084,-73.94844,40.71816969454208,-73.95520135760307,member
194918,3608AA6CC51FF462,classic_bike,2021-09-30 11:52:31,2021-09-30 11:56:31,Manhattan Av & Leonard St,5442,Driggs Ave & N 9 St,5411,40.72084,-73.94844,40.71816969454208,-73.95520135760307,member
194929,D3A360C89B839838,classic_bike,2021-09-09 17:51:31,2021-09-09 17:54:13,Manhattan Av & Leonard St,5442,Driggs Ave & N 9 St,5411,40.72084,-73.94844,40.71816969454208,-73.95520135760307,member
196577,2C9E52FD53FDE63D,classic_bike,2021-09-12 11:32:08,2021-09-12 11:34:49,Bayard St & Leonard St,5442,Driggs Ave & N 9 St,5411,40.71915571696044,-73.94885390996933,40.71816969454208,-73.95520135760307,member
196578,826A0127711B8C70,classic_bike,2021-09-12 16:21:10,2021-09-12 16:23:55,Bayard St & Leonard St,5442,Driggs Ave & N 9 St,5411,40.71915571696044,-73.94885390996933,40.71816969454208,-73.95520135760307,member
196579,8B2DFA49CAC7B158,classic_bike,2021-09-26 08:02:35,2021-09-26 08:05:11,Bayard St & Leonard St,5442,Driggs Ave & N 9 St,5411,40.71915571696044,-73.94885390996933,40.71816969454208,-73.95520135760307,member
196582,5B389BD8AF9FBA64,classic_bike,2021-09-12 11:38:25,2021-09-12 12:05:26,Bayard St & Leonard St,5442,Devoe St & Lorimer St,5259,40.71915571696044,-73.94885390996933,40.71335226222875,-73.9491033554077,member
196584,B22F461D7314DD68,classic_bike,2021-09-07 09:01:47,2021-09-07 09:03:59,Bayard St & Leonard St,5442,Driggs Ave & N 9 St,5411,40.71915571696044,-73.94885390996933,40.71816969454208,-73.95520135760307,member
196585,9774CA2ABECBDCF4,classic_bike,2021-09-22 18:39:13,2021-09-22 18:41:27,Bayard St & Leonard St,5442,Driggs Ave & N 9 St,5411,40.71915571696044,-73.94885390996933,40.71816969454208,-73.95520135760307,member
202705,0073F4F7211374C4,electric_bike,2021-09-21 10:56:08,2021-09-21 11:18:22,Manhattan Av & Leonard St,5442,Gansevoort St & Hudson St,6072,40.72084,-73.94844,40.73944820130404,-74.00507032871246,member
203003,418AF41D8FE390BD,classic_bike,2021-09-01 17:04:35,2021-09-01 17:10:51,Bayard St & Leonard St,5442,Leonard St & Boerum St,5036,40.71915571696044,-73.94885390996933,40.70583339,-73.94644578,member
203019,4B9F38983323EABB,classic_bike,2021-09-14 08:41:30,2021-09-14 08:49:31,Bayard St & Leonard St,5442,Leonard St & Boerum St,5036,40.71915571696044,-73.94885390996933,40.70583339,-73.94644578,member
203024,5DA5A929DC98CEBE,classic_bike,2021-09-05 17:16:35,2021-09-05 17:23:24,Bayard St & Leonard St,5442,Leonard St & Boerum St,5036,40.71915571696044,-73.94885390996933,40.70583339,-73.94644578,member
207084,EAA25740924F6ACB,classic_bike,2021-09-13 09:44:25,2021-09-13 09:53:29,Manhattan Av & Leonard St,5442,India St Pier,5794,40.72084,-73.94844,40.731734785883454,-73.9612390102593,member
207093,4567759CA3434258,classic_bike,2021-09-12 22:17:38,2021-09-12 22:30:26,Manhattan Av & Leonard St,5442,India St Pier,5794,40.72084,-73.94844,40.731734785883454,-73.9612390102593,member
207108,A4FAFDE0FDD92BD5,classic_bike,2021-09-23 13:28:30,2021-09-23 13:41:07,Manhattan Av & Leonard St,5442,India St Pier,5794,40.72084,-73.94844,40.731734785883454,-73.9612390102593,member
209529,22E87B3BEAFD8ABD,classic_bike,2021-09-04 22:40:40,2021-09-04 23:15:41,Bayard St & Leonard St,5442,Classon Ave & St Marks Ave,4074,40.71915571696044,-73.94885390996933,40.6765198,-73.9596082,casual
223865,08BF5898150DAF42,classic_bike,2021-09-09 19:40:22,2021-09-09 19:45:18,Bayard St & Leonard St,5442,Berry St & N 8 St,5379,40.71915571696044,-73.94885390996933,40.7190095,-73.95852515,member
223868,7D68CBB786AA39D6,classic_bike,2021-09-18 07:27:03,2021-09-18 07:30:52,Bayard St & Leonard St,5442,Berry St & N 8 St,5379,40.71915571696044,-73.94885390996933,40.7190095,-73.95852515,member
225714,F1B0E4EC5F59354B,electric_bike,2021-09-05 13:18:45,2021-09-05 13:24:55,Manhattan Av & Leonard St,5442,Berry St & N 8 St,5379,40.72084,-73.94844,40.7190095,-73.95852515,member
226639,DE172DA50657A8A1,classic_bike,2021-09-12 16:35:04,2021-09-12 16:42:10,Bayard St & Leonard St,5442,Roebling St & N 4 St,5267,40.71915571696044,-73.94885390996933,40.71469,-73.95739,casual
227773,04862A9A338304BB,classic_bike,2021-09-25 11:44:00,2021-09-25 11:56:48,Manhattan Av & Leonard St,5442,Roebling St & N 4 St,5267,40.72084,-73.94844,40.71469,-73.95739,member
228219,D8EA6B16E5025CA8,classic_bike,2021-09-13 18:44:17,2021-09-13 18:48:50,Bayard St & Leonard St,5442,Roebling St & N 4 St,5267,40.71915571696044,-73.94885390996933,40.71469,-73.95739,member
228224,503DCB3BF5319FEB,classic_bike,2021-09-02 15:45:02,2021-09-02 15:48:53,Bayard St & Leonard St,5442,Roebling St & N 4 St,5267,40.71915571696044,-73.94885390996933,40.71469,-73.95739,casual
228225,C75A25C2F3E1C41C,classic_bike,2021-09-07 13:49:04,2021-09-07 13:52:44,Bayard St & Leonard St,5442,Roebling St & N 4 St,5267,40.71915571696044,-73.94885390996933,40.71469,-73.95739,casual
228256,D32320ABD9F68C34,classic_bike,2021-09-11 12:55:13,2021-09-11 13:00:32,Bayard St & Leonard St,5442,Roebling St & N 4 St,5267,40.71915571696044,-73.94885390996933,40.71469,-73.95739,casual
228261,0D530E0D9BAF447F,classic_bike,2021-09-12 18:38:01,2021-09-12 18:43:12,Bayard St & Leonard St,5442,Roebling St & N 4 St,5267,40.71915571696044,-73.94885390996933,40.71469,-73.95739,member
228263,9E23F5D3335A3F7A,classic_bike,2021-09-21 08:29:03,2021-09-21 08:33:29,Bayard St & Leonard St,5442,Roebling St & N 4 St,5267,40.71915571696044,-73.94885390996933,40.71469,-73.95739,casual
228270,B1583A0273F2F4A9,electric_bike,2021-09-18 14:03:55,2021-09-18 14:30:53,Bayard St & Leonard St,5442,Bridge St & Water St,4968,40.71915571696044,-73.94885390996933,40.70296934155272,-73.98469090461731,casual
228273,2EF67A0F4E56391E,classic_bike,2021-09-24 14:33:32,2021-09-24 14:37:19,Bayard St & Leonard St,5442,Roebling St & N 4 St,5267,40.71915571696044,-73.94885390996933,40.71469,-73.95739,member
228282,B78BA5D4FF998196,classic_bike,2021-09-22 23:04:06,2021-09-22 23:11:53,Bayard St & Leonard St,5442,Roebling St & N 4 St,5267,40.71915571696044,-73.94885390996933,40.71469,-73.95739,casual
228283,45F0291D769A25B7,classic_bike,2021-09-26 13:16:24,2021-09-26 13:29:56,Bayard St & Leonard St,5442,Roebling St & N 4 St,5267,40.71915571696044,-73.94885390996933,40.71469,-73.95739,casual
228311,672912E60C02BC8B,classic_bike,2021-09-06 11:18:31,2021-09-06 11:25:02,Bayard St & Leonard St,5442,Roebling St & N 4 St,5267,40.71915571696044,-73.94885390996933,40.71469,-73.95739,member
228312,E00A33286A7263CA,classic_bike,2021-09-25 13:24:48,2021-09-25 13:28:14,Bayard St & Leonard St,5442,Roebling St & N 4 St,5267,40.71915571696044,-73.94885390996933,40.71469,-73.95739,member
228346,6C9EAE6C31ECBEF8,classic_bike,2021-09-02 12:46:24,2021-09-02 12:51:05,Bayard St & Leonard St,5442,Roebling St & N 4 St,5267,40.71915571696044,-73.94885390996933,40.71469,-73.95739,member
228347,AB4DC0E39C3E3D75,classic_bike,2021-09-02 10:07:55,2021-09-02 10:13:38,Bayard St & Leonard St,5442,Roebling St & N 4 St,5267,40.71915571696044,-73.94885390996933,40.71469,-73.95739,member
229978,208EDBE3B97B70D5,classic_bike,2021-09-04 13:14:14,2021-09-04 13:15:36,Bayard St & Leonard St,5442,Frost St & Meeker Ave,5371,40.71915571696044,-73.94885390996933,40.71766197083994,-73.94880026578903,member
229979,5A6B4DB2ED625F25,classic_bike,2021-09-04 13:10:47,2021-09-04 13:11:46,Bayard St & Leonard St,5442,Frost St & Meeker Ave,5371,40.71915571696044,-73.94885390996933,40.71766197083994,-73.94880026578903,member
229985,A88263DC4E3F2E11,classic_bike,2021-09-14 07:38:23,2021-09-14 07:43:06,Bayard St & Leonard St,5442,Grand St & Havemeyer St,5267,40.71915571696044,-73.94885390996933,40.71286844,-73.95698119,member
230050,810C96ABD53CB4FA,classic_bike,2021-09-10 15:45:34,2021-09-10 15:51:57,Bayard St & Leonard St,5442,Grand St & Havemeyer St,5267,40.71915571696044,-73.94885390996933,40.71286844,-73.95698119,member
230052,3C26F44DB0E630E0,classic_bike,2021-09-21 06:37:39,2021-09-21 06:43:06,Bayard St & Leonard St,5442,Grand St & Havemeyer St,5267,40.71915571696044,-73.94885390996933,40.71286844,-73.95698119,member
233674,9D8D7E8AB47CC5F4,classic_bike,2021-09-05 11:08:53,2021-09-05 11:47:57,Manhattan Av & Leonard St,5442,Prospect Park SW & 16 St,3498,40.72084,-73.94844,40.657265,-73.974165,casual
234832,2960CC5AC384CB88,electric_bike,2021-09-24 14:06:40,2021-09-24 14:33:58,Bayard St & Leonard St,5442,W 22 St & 8 Ave,6224,40.71915571696044,-73.94885390996933,40.74475148,-73.99915362,casual
234851,C079478D0309C335,classic_bike,2021-09-25 15:59:02,2021-09-25 16:29:37,Bayard St & Leonard St,5442,48 St & 37 Ave,6435,40.71915571696044,-73.94885390996933,40.751555,-73.915026,member
234871,9CC474B5C81750F5,classic_bike,2021-09-19 18:12:47,2021-09-19 18:47:42,Bayard St & Leonard St,5442,Spruce St & Gold St,5137,40.71915571696044,-73.94885390996933,40.7103231,-74.0043228,member
234899,0CA38B5A9495AD5E,classic_bike,2021-09-25 16:00:17,2021-09-25 16:29:42,Bayard St & Leonard St,5442,48 St & 37 Ave,6435,40.71915571696044,-73.94885390996933,40.751555,-73.915026,casual
251008,AC85143A93D2F051,electric_bike,2021-09-03 10:01:13,2021-09-03 10:20:09,Bayard St & Leonard St,5442,Cleveland Pl & Spring St,5492,40.71915571696044,-73.94885390996933,40.722103786686034,-73.99724900722504,member
254880,2B11858E820AC7B7,electric_bike,2021-09-07 09:52:56,2021-09-07 10:08:28,Bayard St & Leonard St,5442,E 3 St & 1 Ave,5553,40.71915571696044,-73.94885390996933,40.72467721,-73.98783413,member
254894,32C2BCB9D7624504,electric_bike,2021-09-04 23:48:24,2021-09-04 23:59:07,Bayard St & Leonard St,5442,Evergreen Ave & Noll St,4873,40.71915571696044,-73.94885390996933,40.70106,-73.93318,member
254895,6E777C6AA11F92C2,electric_bike,2021-09-08 20:10:48,2021-09-08 20:22:04,Bayard St & Leonard St,5442,Evergreen Ave & Noll St,4873,40.71915571696044,-73.94885390996933,40.70106,-73.93318,member
254896,AD17D0E27E029C21,classic_bike,2021-09-16 20:26:35,2021-09-16 20:40:21,Bayard St & Leonard St,5442,Evergreen Ave & Noll St,4873,40.71915571696044,-73.94885390996933,40.70106,-73.93318,member
261003,342C59982056BF0D,classic_bike,2021-09-21 16:20:45,2021-09-21 16:25:45,Manhattan Av & Leonard St,5442,Nassau Ave & Newell St,5623,40.72084,-73.94844,40.724812564400175,-73.94752621650696,member
261005,A99EE6046546737A,classic_bike,2021-09-03 21:54:27,2021-09-03 22:01:55,Manhattan Av & Leonard St,5442,Nassau Ave & Newell St,5623,40.72084,-73.94844,40.724812564400175,-73.94752621650696,member
261007,47B9E015EFE98537,classic_bike,2021-09-10 08:04:00,2021-09-10 08:08:49,Manhattan Av & Leonard St,5442,Nassau Ave & Newell St,5623,40.72084,-73.94844,40.724812564400175,-73.94752621650696,member
261522,56A410C447B7A41E,classic_bike,2021-09-20 12:52:43,2021-09-20 12:56:48,Bayard St & Leonard St,5442,Nassau Ave & Newell St,5623,40.71915571696044,-73.94885390996933,40.724812564400175,-73.94752621650696,member
261776,5318CE1873C9C09C,classic_bike,2021-09-03 11:07:42,2021-09-03 11:33:30,Manhattan Av & Leonard St,5442,Mercer St & Bleecker St,5679,40.72084,-73.94844,40.72706363348306,-73.99662137031554,member
263411,D5BDACEF73BA1EA5,classic_bike,2021-09-14 16:29:06,2021-09-14 16:34:04,Manhattan Av & Leonard St,5442,Nassau Ave & Newell St,5623,40.72084,-73.94844,40.724812564400175,-73.94752621650696,member
266775,6EF64EB86D4B7B83,classic_bike,2021-09-18 20:32:22,2021-09-18 20:44:44,Bayard St & Leonard St,5442,Broadway & Roebling St,5125,40.71915571696044,-73.94885390996933,40.70924826276157,-73.96063148975372,casual
269048,B95E3E648CFF6EAF,classic_bike,2021-09-27 20:25:16,2021-09-27 20:49:56,Manhattan Av & Leonard St,5442,Willoughby St & Fleet St,4628,40.72084,-73.94844,40.69196566,-73.9813018,member
269118,641EDC08B670D477,electric_bike,2021-09-22 00:18:07,2021-09-22 00:49:00,Bayard St & Leonard St,5442,E 116 St & 2 Ave,7563,40.71915571696044,-73.94885390996933,40.796879,-73.937261,casual
269128,5C93A1E589562CF6,electric_bike,2021-09-17 20:59:07,2021-09-17 21:31:23,Bayard St & Leonard St,5442,Clinton St & Tillary St,4748,40.71915571696044,-73.94885390996933,40.69623297129316,-73.99142056703568,member
269529,705904F35DD43923,electric_bike,2021-09-10 09:56:53,2021-09-10 10:11:01,Bayard St & Leonard St,5442,Clinton St & Grand St,5303,40.71915571696044,-73.94885390996933,40.71559509,-73.9870295,member
272850,3F56B956FD7B63E2,electric_bike,2021-09-27 06:39:39,2021-09-27 07:01:49,Bayard St & Leonard St,5442,34 Ave & 13 St,6836,40.71915571696044,-73.94885390996933,40.7638753,-73.9364848,member
272854,E3B2B5529F396DD6,classic_bike,2021-09-24 23:20:36,2021-09-24 23:29:44,Bayard St & Leonard St,5442,Hope St & Union Ave,5187,40.71915571696044,-73.94885390996933,40.71167351,-73.95141312,member
272860,FE7F408DF8588175,electric_bike,2021-09-18 01:17:41,2021-09-18 01:35:49,Bayard St & Leonard St,5442,Hope St & Union Ave,5187,40.71915571696044,-73.94885390996933,40.71167351,-73.95141312,casual
275042,A970788F699EA67B,classic_bike,2021-09-11 15:05:38,2021-09-11 15:22:18,Bayard St & Leonard St,5442,S 4 St & Rodney St,5156,40.71915571696044,-73.94885390996933,40.70934,-73.95608,casual
275044,B4B47991975A4C0A,classic_bike,2021-09-23 17:42:00,2021-09-23 17:52:43,Bayard St & Leonard St,5442,S 4 St & Rodney St,5156,40.71915571696044,-73.94885390996933,40.70934,-73.95608,member
275050,3296C9CF932F68B8,electric_bike,2021-09-08 07:37:37,2021-09-08 07:50:41,Bayard St & Leonard St,5442,47 Ave & 31 St,6151,40.71915571696044,-73.94885390996933,40.743,-73.93561,casual
275076,3ACC84C0525ABA87,electric_bike,2021-09-03 17:46:40,2021-09-03 18:07:21,Bayard St & Leonard St,5442,Sullivan St & Washington Sq,5721,40.71915571696044,-73.94885390996933,40.73047747,-73.99906065,member
278424,6328D999ACC3C57D,classic_bike,2021-09-06 20:18:49,2021-09-06 20:33:11,Manhattan Av & Leonard St,5442,S 4 St & Rodney St,5156,40.72084,-73.94844,40.70934,-73.95608,casual
279275,2BD628E26908AE42,classic_bike,2021-09-15 11:39:22,2021-09-15 11:50:55,Manhattan Av & Leonard St,5442,S 4 St & Rodney St,5156,40.72084,-73.94844,40.70934,-73.95608,casual
281159,2C2F5B7D4F224116,classic_bike,2021-09-18 14:40:02,2021-09-18 14:47:01,Manhattan Av & Leonard St,5442,N 6 St & Bedford Ave,5379,40.72084,-73.94844,40.71745169,-73.95850939,member
285685,181B7893B479C4D7,classic_bike,2021-09-29 18:34:13,2021-09-29 18:42:31,Manhattan Av & Leonard St,5442,N 6 St & Bedford Ave,5379,40.72084,-73.94844,40.71745169,-73.95850939,member
289060,90476E56E9A21A56,electric_bike,2021-09-12 15:34:50,2021-09-12 16:14:06,Bayard St & Leonard St,5442,Atlantic Ave & Furman St,4614,40.71915571696044,-73.94885390996933,40.69165183,-73.9999786,member
289125,6A76501EEEFC0649,electric_bike,2021-09-14 17:16:35,2021-09-14 17:32:54,Bayard St & Leonard St,5442,Canal St & Rutgers St,5303,40.71915571696044,-73.94885390996933,40.71427487,-73.98990025,member
296748,46252FE468E081D2,classic_bike,2021-09-26 17:55:17,2021-09-26 18:22:19,Bayard St & Leonard St,5442,36 Ave & 31 St,6572,40.71915571696044,-73.94885390996933,40.75651272984955,-73.92957486212252,member
301486,821BA4D147C9AC0B,classic_bike,2021-09-11 16:33:52,2021-09-11 17:07:06,Bayard St & Leonard St,5442,Lafayette St & E 8 St,5788,40.71915571696044,-73.94885390996933,40.73020660529954,-73.99102628231049,casual
301613,660135D42E86FB5B,electric_bike,2021-09-08 22:23:07,2021-09-08 22:39:07,Bayard St & Leonard St,5442,1 Ave & E 6 St,5626,40.71915571696044,-73.94885390996933,40.72633085971696,-73.98616880178452,member
302143,D2F84E6793096031,electric_bike,2021-09-17 23:14:09,2021-09-17 23:31:16,Manhattan Av & Leonard St,5442,1 Ave & E 6 St,5626,40.72084,-73.94844,40.72633085971696,-73.98616880178452,member
309812,645F5699BAD699D4,classic_bike,2021-09-15 22:06:30,2021-09-15 22:45:37,Bayard St & Leonard St,5442,Bergen St & Vanderbilt Ave,4157,40.71915571696044,-73.94885390996933,40.6794388,-73.9680438,casual
309827,272C3B36B1498B7A,classic_bike,2021-09-22 23:53:33,2021-09-23 00:01:48,Bayard St & Leonard St,5442,Greenpoint Ave & Manhattan Ave,5785,40.71915571696044,-73.94885390996933,40.73026,-73.95394,casual
316657,85A46EDB28ABFDB7,electric_bike,2021-09-06 15:22:57,2021-09-06 15:50:10,Bayard St & Leonard St,5442,Mott St & Prince St,5561,40.71915571696044,-73.94885390996933,40.72317958,-73.99480012,member
318668,0396D82EA8B66734,classic_bike,2021-09-04 17:08:05,2021-09-04 18:02:31,Bayard St & Leonard St,5442,Willoughby Ave & Wyckoff Ave,5010,40.71915571696044,-73.94885390996933,40.705614,-73.92153,casual
326481,B3423B9589C1EFDD,classic_bike,2021-09-29 07:00:00,2021-09-29 07:14:20,Bayard St & Leonard St,5442,Humboldt St & Varet St,4956,40.71915571696044,-73.94885390996933,40.7031724,-73.940636,member
326492,E8368244D0B85CE2,classic_bike,2021-09-12 07:36:31,2021-09-12 08:50:42,Bayard St & Leonard St,5442,Sands St Gate,4812,40.71915571696044,-73.94885390996933,40.699569,-73.979827,casual
327949,37767505CAF10040,electric_bike,2021-09-11 01:16:36,2021-09-11 02:10:48,Bayard St & Leonard St,5442,E 8 St & Caton Ave,3272,40.71915571696044,-73.94885390996933,40.648055,-73.972432,casual
329777,F139C79AD963BD9C,classic_bike,2021-09-29 14:51:36,2021-09-29 15:12:50,Bayard St & Leonard St,5442,Willoughby Ave & Hall St,4611,40.71915571696044,-73.94885390996933,40.69196035,-73.96536851,casual
330666,EB37FEFB64835385,classic_bike,2021-09-12 18:54:04,2021-09-12 19:23:38,Bayard St & Leonard St,5442,Rockaway Ave & Bainbridge St,4285,40.71915571696044,-73.94885390996933,40.68319988172761,-73.91166642308235,casual
331630,897BBBDFC3D0C1A2,classic_bike,2021-09-23 02:05:52,2021-09-23 02:15:18,Melrose St & Broadway,4801,Manhattan Av & Leonard St,5442,40.697481,-73.935877,40.72084,-73.94844,member
331656,F3EA19B0711E753A,classic_bike,2021-09-24 13:58:34,2021-09-24 14:02:54,Driggs Ave & N 9 St,5411,Manhattan Av & Leonard St,5442,40.71816969454208,-73.95520135760307,40.72084,-73.94844,member
331665,10A9325D88EE1B0F,electric_bike,2021-09-17 12:25:06,2021-09-17 12:54:58,Greenwich St & W Houston St,5730,Manhattan Av & Leonard St,5442,40.728846,-74.008591,40.72084,-73.94844,member
331681,583450A4AE3F8BF7,electric_bike,2021-09-11 12:36:02,2021-09-11 12:41:02,Scholes St & Manhattan Ave,5108,Manhattan Av & Leonard St,5442,40.70870368,-73.9448625,40.72084,-73.94844,casual
331687,DCE29A54BB210432,classic_bike,2021-09-11 11:01:41,2021-09-11 11:09:55,Scholes St & Manhattan Ave,5108,Manhattan Av & Leonard St,5442,40.70870368,-73.9448625,40.72084,-73.94844,member
331710,7378BF385D187791,classic_bike,2021-09-13 12:38:26,2021-09-13 12:56:00,Engert Ave & McGuinness Blvd,5473,Manhattan Av & Leonard St,5442,40.72158,-73.94546,40.72084,-73.94844,member
331752,BF8D83F758000DA9,classic_bike,2021-09-06 13:20:24,2021-09-06 13:22:39,Engert Ave & McGuinness Blvd,5473,Manhattan Av & Leonard St,5442,40.72158,-73.94546,40.72084,-73.94844,member
331758,DA1AE66CA165D938,classic_bike,2021-09-15 17:00:19,2021-09-15 17:43:26,Grand Army Plaza & Plaza St West,4010,Manhattan Av & Leonard St,5442,40.6729679,-73.97087984,40.72084,-73.94844,casual
331773,FC0A92AF77D0DAAC,classic_bike,2021-09-24 18:40:58,2021-09-24 19:01:26,Monroe St & Tompkins Ave,4434,Manhattan Av & Leonard St,5442,40.686203,-73.944694,40.72084,-73.94844,member
331813,10B65C17D42C3C52,classic_bike,2021-09-22 18:16:30,2021-09-22 19:33:00,Driggs Ave & N Henry St,5542,Manhattan Av & Leonard St,5442,40.72325,-73.94308,40.72084,-73.94844,casual
331833,F1E3C5785E9A2115,classic_bike,2021-09-18 13:38:51,2021-09-18 13:54:00,Wythe Ave & Metropolitan Ave,5348,Manhattan Av & Leonard St,5442,40.716887,-73.963198,40.72084,-73.94844,member
331839,2E30B2F16F85405A,classic_bike,2021-09-05 14:08:15,2021-09-05 14:22:00,Union Ave & Wallabout St,4818,Manhattan Av & Leonard St,5442,40.70029511,-73.95032283,40.72084,-73.94844,casual
331852,6C3C5E330A157294,classic_bike,2021-09-06 18:51:57,2021-09-06 18:59:14,Kingsland Ave & Nassau Ave,5613,Manhattan Av & Leonard St,5442,40.72577,-73.94173,40.72084,-73.94844,member
331870,A435440027E6AD94,classic_bike,2021-09-02 13:51:03,2021-09-02 14:07:37,Union Ave & Wallabout St,4818,Manhattan Av & Leonard St,5442,40.70029511,-73.95032283,40.72084,-73.94844,member
331897,17A75373A9F9E635,classic_bike,2021-09-30 11:47:25,2021-09-30 11:56:08,Montrose Ave & Bushwick Ave,5068,Manhattan Av & Leonard St,5442,40.70767788,-73.94016171,40.72084,-73.94844,member
331899,AB4683C0D074B604,classic_bike,2021-09-26 21:06:52,2021-09-26 21:14:13,N 6 St & Bedford Ave,5379,Manhattan Av & Leonard St,5442,40.71745169,-73.95850939,40.72084,-73.94844,member
331951,69BFA66C110A719C,classic_bike,2021-09-24 21:20:39,2021-09-24 21:36:26,Suydam St & Knickerbocker Ave,4939,Manhattan Av & Leonard St,5442,40.702013,-73.923769,40.72084,-73.94844,member
331997,1DC1AB7DFFBC106E,electric_bike,2021-09-19 11:07:48,2021-09-19 11:21:32,Putnam Ave & Throop Ave,4392,Manhattan Av & Leonard St,5442,40.6851532,-73.94111,40.72084,-73.94844,casual
331998,DDFAADBA0E6118FC,classic_bike,2021-09-17 16:05:23,2021-09-17 16:34:01,Mercer St & Bleecker St,5679,Manhattan Av & Leonard St,5442,40.72706363348306,-73.99662137031554,40.72084,-73.94844,member
332009,1F802F2DD97C5530,classic_bike,2021-09-09 15:28:29,2021-09-09 15:51:24,Suydam St & Broadway,4689,Manhattan Av & Leonard St,5442,40.69544,-73.93223,40.72084,-73.94844,member
332019,7C47F10B54277DF7,classic_bike,2021-09-28 17:33:54,2021-09-28 17:43:53,Vernon Blvd & 50 Ave,6170,Manhattan Av & Leonard St,5442,40.74232744,-73.95411749,40.72084,-73.94844,member
332095,EC9E11BA1F659088,classic_bike,2021-09-09 11:23:33,2021-09-09 11:28:48,Greenpoint Ave & Manhattan Ave,5785,Manhattan Av & Leonard St,5442,40.73026,-73.95394,40.72084,-73.94844,member
332100,D2651DB4507DC928,classic_bike,2021-09-02 16:16:43,2021-09-02 16:25:00,N 6 St & Bedford Ave,5379,Manhattan Av & Leonard St,5442,40.71745169,-73.95850939,40.72084,-73.94844,casual
332127,A4C8C5BF37AFE542,classic_bike,2021-09-04 22:19:48,2021-09-04 22:23:47,Greenpoint Ave & Manhattan Ave,5785,Manhattan Av & Leonard St,5442,40.73026,-73.95394,40.72084,-73.94844,member
332157,2FA5C1EF5F0F6803,classic_bike,2021-09-14 18:19:40,2021-09-14 18:32:40,Leonard St & Boerum St,5036,Manhattan Av & Leonard St,5442,40.70583339,-73.94644578,40.72084,-73.94844,casual
332204,A25A721BC53E48A8,classic_bike,2021-09-10 13:18:12,2021-09-10 13:37:17,Kent Ave & S 11 St,5062,Manhattan Av & Leonard St,5442,40.707644944175705,-73.96841526031494,40.72084,-73.94844,member
332212,F3867FB813170423,classic_bike,2021-09-30 08:43:09,2021-09-30 08:57:33,Lewis Ave & Kosciuszko St,4617,Manhattan Av & Leonard St,5442,40.69237074,-73.93705428,40.72084,-73.94844,casual
332233,3DFBAF122B2800F0,classic_bike,2021-09-05 18:00:02,2021-09-05 18:03:01,Bedford Ave & Nassau Ave,5550,Manhattan Av & Leonard St,5442,40.72311651,-73.95212324,40.72084,-73.94844,member
332238,F0770A2745290A32,classic_bike,2021-09-22 12:27:39,2021-09-22 12:38:14,India St Pier,5794,Manhattan Av & Leonard St,5442,40.731734785883454,-73.9612390102593,40.72084,-73.94844,member
332251,F4AA204BC25D3CF9,classic_bike,2021-09-03 18:44:06,2021-09-03 18:47:32,Bedford Ave & Nassau Ave,5550,Manhattan Av & Leonard St,5442,40.72311651,-73.95212324,40.72084,-73.94844,member
332263,DA17914D734B446C,classic_bike,2021-09-07 16:27:50,2021-09-07 16:43:29,Suydam St & Broadway,4689,Manhattan Av & Leonard St,5442,40.69544,-73.93223,40.72084,-73.94844,member
332265,1F47E55A365F4422,classic_bike,2021-09-04 09:00:34,2021-09-04 09:14:44,S 3 St & Bedford Ave,5235,Manhattan Av & Leonard St,5442,40.71260486,-73.96264403,40.72084,-73.94844,member
332311,89E94D7D0F62274E,classic_bike,2021-09-03 11:53:18,2021-09-03 12:03:21,Wythe Ave & Metropolitan Ave,5348,Manhattan Av & Leonard St,5442,40.716887,-73.963198,40.72084,-73.94844,member
332334,2948FDB926B58EE1,electric_bike,2021-09-14 23:12:38,2021-09-14 23:34:04,E 11 St & 1 Ave,5746,Manhattan Av & Leonard St,5442,40.72953837,-73.98426726,40.72084,-73.94844,member
332497,E0177F6533C4D499,classic_bike,2021-09-19 13:23:58,2021-09-19 13:52:02,Greene Ave & Nostrand Ave,4519,Manhattan Av & Leonard St,5442,40.6883337,-73.950916,40.72084,-73.94844,casual
332530,F40A859484188FB3,classic_bike,2021-09-19 17:23:46,2021-09-19 17:36:08,George St & Wilson Ave,4906,Manhattan Av & Leonard St,5442,40.702997,-73.92997,40.72084,-73.94844,casual
332536,9E6AC0DE481BDC0A,electric_bike,2021-09-22 14:26:38,2021-09-22 14:31:02,Lorimer St & Calyer St,5709,Manhattan Av & Leonard St,5442,40.72795,-73.95414,40.72084,-73.94844,member
332544,C90F0C84C1151FD2,classic_bike,2021-09-04 10:02:41,2021-09-04 10:08:15,Lorimer St & Calyer St,5709,Manhattan Av & Leonard St,5442,40.72795,-73.95414,40.72084,-73.94844,member
332549,8E4B5F63CBE0F874,classic_bike,2021-09-29 15:37:08,2021-09-29 15:41:06,Lorimer St & Calyer St,5709,Manhattan Av & Leonard St,5442,40.72795,-73.95414,40.72084,-73.94844,member
332553,EA56F296FD8E7B50,classic_bike,2021-09-17 17:35:04,2021-09-17 18:00:36,Lawrence St & Willoughby St,4596,Manhattan Av & Leonard St,5442,40.69236178,-73.98631746,40.72084,-73.94844,member
332576,59B8191E62381413,classic_bike,2021-09-11 12:18:26,2021-09-11 12:27:23,Bushwick Ave & Powers St,5250,Manhattan Av & Leonard St,5442,40.71247661,-73.94100005,40.72084,-73.94844,casual
332669,4D9D4E5294CC6E43,classic_bike,2021-09-25 12:52:58,2021-09-25 12:59:34,Grand St & Havemeyer St,5267,Manhattan Av & Leonard St,5442,40.71286844,-73.95698119,40.72084,-73.94844,member
332671,382E733773F87575,classic_bike,2021-09-21 14:59:42,2021-09-21 15:04:48,Lorimer St & Calyer St,5709,Manhattan Av & Leonard St,5442,40.72795,-73.95414,40.72084,-73.94844,member
332679,81D387994D1B66E9,classic_bike,2021-09-16 11:29:08,2021-09-16 11:45:37,Frost St & Meeker Ave,5371,Manhattan Av & Leonard St,5442,40.71766197083994,-73.94880026578903,40.72084,-73.94844,casual
332690,730F34A0EC49CEA4,electric_bike,2021-09-02 20:43:19,2021-09-02 20:51:20,Stagg St & Union Ave,5117,Manhattan Av & Leonard St,5442,40.70877084,-73.95095259,40.72084,-73.94844,casual
332691,6E1CA76E194F076E,classic_bike,2021-09-03 17:20:48,2021-09-03 17:27:36,Stagg St & Union Ave,5117,Manhattan Av & Leonard St,5442,40.70877084,-73.95095259,40.72084,-73.94844,casual
332703,47E8C064DF299CE3,classic_bike,2021-09-16 19:12:56,2021-09-16 19:32:34,Jackson Ave & 46 Rd,6203,Manhattan Av & Leonard St,5442,40.74524768,-73.94733276,40.72084,-73.94844,casual
332728,D8375FFCD5D90B38,electric_bike,2021-09-29 10:09:37,2021-09-29 10:23:05,21 St & 43 Ave,6395,Manhattan Av & Leonard St,5442,40.75052534,-73.94594845,40.72084,-73.94844,member
332731,7899E24B5363949C,classic_bike,2021-09-30 19:04:16,2021-09-30 19:09:04,Lorimer St & Calyer St,5709,Manhattan Av & Leonard St,5442,40.72795,-73.95414,40.72084,-73.94844,member
332759,D7ED7AB387C0A8ED,classic_bike,2021-09-17 18:48:36,2021-09-17 18:55:40,Kent Ave & N 7 St,5489,Manhattan Av & Leonard St,5442,40.72036775298455,-73.96165072917938,40.72084,-73.94844,casual
332763,D3D0E1E6B053C321,classic_bike,2021-09-03 20:16:22,2021-09-03 20:27:48,Kent Ave & N 7 St,5489,Manhattan Av & Leonard St,5442,40.72036775298455,-73.96165072917938,40.72084,-73.94844,casual
332813,036DFD124C65DABE,classic_bike,2021-09-03 01:17:11,2021-09-03 01:23:44,Banker St & Meserole Ave,5633,Manhattan Av & Leonard St,5442,40.72606,-73.95621,40.72084,-73.94844,casual
332837,88DA70F221E29503,classic_bike,2021-09-06 14:30:35,2021-09-06 14:40:24,S 5 Pl & S 5 St,5125,Manhattan Av & Leonard St,5442,40.710451,-73.960876,40.72084,-73.94844,member
332844,16FEE7B7F7A5232A,classic_bike,2021-09-11 16:35:20,2021-09-11 16:59:36,Knickerbocker Ave & Halsey St,4623,Manhattan Av & Leonard St,5442,40.693,-73.90824,40.72084,-73.94844,casual
332845,5DE029D8CABB55DA,classic_bike,2021-09-14 18:10:31,2021-09-14 18:41:51,Willoughby Ave & Myrtle Ave,4759,Manhattan Av & Leonard St,5442,40.69757,-73.93098,40.72084,-73.94844,casual
332876,E0C60F85301E3C7F,classic_bike,2021-09-03 12:20:06,2021-09-03 12:22:44,Union Ave & N 12 St,5411,Manhattan Av & Leonard St,5442,40.71924,-73.95242,40.72084,-73.94844,member
332877,8B52ABE432D33DE3,classic_bike,2021-09-08 01:45:51,2021-09-08 01:48:03,Union Ave & N 12 St,5411,Manhattan Av & Leonard St,5442,40.71924,-73.95242,40.72084,-73.94844,member
333182,1FB9F2CB494A5DFE,classic_bike,2021-09-14 12:34:13,2021-09-14 12:37:57,Bedford Ave & Nassau Ave,5550,Manhattan Av & Leonard St,5442,40.72311651,-73.95212324,40.72084,-73.94844,member
333183,A1056C9D798441C8,classic_bike,2021-09-27 12:54:02,2021-09-27 12:57:40,Bedford Ave & Nassau Ave,5550,Manhattan Av & Leonard St,5442,40.72311651,-73.95212324,40.72084,-73.94844,member
333244,BF089D3484D91AD8,classic_bike,2021-09-03 21:25:49,2021-09-03 21:45:13,Vernon Blvd & 47 Rd,6212,Bayard St & Leonard St,5442,40.7449067,-73.9534573,40.71915571696044,-73.94885390996933,member
333249,84B407A8FA8A060C,classic_bike,2021-09-17 17:54:41,2021-09-17 18:11:52,Bushwick Ave & Powers St,5250,Bayard St & Leonard St,5442,40.71247661,-73.94100005,40.71915571696044,-73.94885390996933,member
333250,72B2B635AA1CF59C,classic_bike,2021-09-17 04:52:07,2021-09-17 04:57:30,Bushwick Ave & Powers St,5250,Bayard St & Leonard St,5442,40.71247661,-73.94100005,40.71915571696044,-73.94885390996933,member
333261,A3C37396EFECB13D,classic_bike,2021-09-22 18:01:29,2021-09-22 18:08:30,Bushwick Ave & Powers St,5250,Bayard St & Leonard St,5442,40.71247661,-73.94100005,40.71915571696044,-73.94885390996933,member
333304,AD0FFCF04419401E,classic_bike,2021-09-04 14:06:57,2021-09-04 14:12:33,Lorimer St & Calyer St,5709,Bayard St & Leonard St,5442,40.72795,-73.95414,40.71915571696044,-73.94885390996933,member
333309,7C114BF66D7A6F88,electric_bike,2021-09-18 18:54:55,2021-09-18 19:01:27,Lorimer St & Calyer St,5709,Bayard St & Leonard St,5442,40.72795,-73.95414,40.71915571696044,-73.94885390996933,casual
333320,DED3B819C082E61C,classic_bike,2021-09-22 15:55:38,2021-09-22 16:17:56,Cleveland Pl & Spring St,5492,Bayard St & Leonard St,5442,40.722103786686034,-73.99724900722504,40.71915571696044,-73.94885390996933,member
333421,C31BF71EB7911906,classic_bike,2021-09-10 09:54:27,2021-09-10 09:56:09,Graham Ave & Herbert St,5403,Bayard St & Leonard St,5442,40.71929301,-73.94500379,40.71915571696044,-73.94885390996933,member
333447,A315B609FD492B99,classic_bike,2021-09-27 18:35:30,2021-09-27 18:41:15,Lorimer St & Calyer St,5709,Bayard St & Leonard St,5442,40.72795,-73.95414,40.71915571696044,-73.94885390996933,member
333507,D7D1062E36E271C6,classic_bike,2021-09-25 19:55:41,2021-09-25 20:05:20,Leonard St & Boerum St,5036,Bayard St & Leonard St,5442,40.70583339,-73.94644578,40.71915571696044,-73.94885390996933,member
333524,7DCD78D98985956A,electric_bike,2021-09-17 20:21:25,2021-09-17 20:35:10,Allen St & Hester St,5342,Bayard St & Leonard St,5442,40.71605866,-73.99190759,40.71915571696044,-73.94885390996933,casual
333529,FA711CABE8DDF404,classic_bike,2021-09-20 17:48:53,2021-09-20 17:55:35,McKibbin St & Manhattan Ave,4996,Bayard St & Leonard St,5442,40.70510918,-73.94407279,40.71915571696044,-73.94885390996933,member
333530,D775882BA8F1F0EC,classic_bike,2021-09-28 17:47:26,2021-09-28 17:55:14,McKibbin St & Manhattan Ave,4996,Bayard St & Leonard St,5442,40.70510918,-73.94407279,40.71915571696044,-73.94885390996933,member
333533,D441EEB32BD81CE5,classic_bike,2021-09-22 19:05:11,2021-09-22 19:15:02,Leonard St & Boerum St,5036,Bayard St & Leonard St,5442,40.70583339,-73.94644578,40.71915571696044,-73.94885390996933,member
333534,5A166AEF1CC05279,classic_bike,2021-09-17 19:48:23,2021-09-17 19:56:43,Leonard St & Boerum St,5036,Bayard St & Leonard St,5442,40.70583339,-73.94644578,40.71915571696044,-73.94885390996933,member
333539,7750549AB8B04E19,classic_bike,2021-09-08 14:04:02,2021-09-08 14:15:32,White St & Moore St,4987,Bayard St & Leonard St,5442,40.704508,-73.9351,40.71915571696044,-73.94885390996933,member
333548,98AB9077C2E6E52C,classic_bike,2021-09-24 11:55:35,2021-09-24 12:04:49,Metropolitan Ave & Bedford Ave,5308,Bayard St & Leonard St,5442,40.71534825,-73.96024116,40.71915571696044,-73.94885390996933,member
333549,34DEAD3E2203D4D4,classic_bike,2021-09-10 11:56:01,2021-09-10 12:07:27,Metropolitan Ave & Bedford Ave,5308,Bayard St & Leonard St,5442,40.71534825,-73.96024116,40.71915571696044,-73.94885390996933,member
333588,989B8903C9041006,classic_bike,2021-09-14 17:42:17,2021-09-14 18:17:13,Leonard St & Boerum St,5036,Bayard St & Leonard St,5442,40.70583339,-73.94644578,40.71915571696044,-73.94885390996933,casual
333593,017077313B8D8358,classic_bike,2021-09-11 12:53:31,2021-09-11 13:35:59,Sullivan Pl & Franklin Ave,3704,Bayard St & Leonard St,5442,40.66407983678161,-73.96025128666679,40.71915571696044,-73.94885390996933,member
333613,C0F064F8AD3CE1C6,classic_bike,2021-09-26 20:04:45,2021-09-26 20:41:34,Metropolitan Ave & Bedford Ave,5308,Bayard St & Leonard St,5442,40.71534825,-73.96024116,40.71915571696044,-73.94885390996933,casual
333621,409E2AAEAC9EBF3D,classic_bike,2021-09-25 12:01:44,2021-09-25 12:14:35,McKibbin St & Manhattan Ave,4996,Bayard St & Leonard St,5442,40.70510918,-73.94407279,40.71915571696044,-73.94885390996933,casual
333629,A9730F8C83EE9138,classic_bike,2021-09-18 19:35:06,2021-09-18 19:47:30,Metropolitan Ave & Bedford Ave,5308,Bayard St & Leonard St,5442,40.71534825,-73.96024116,40.71915571696044,-73.94885390996933,member
333634,CD9C58481FEE0F25,classic_bike,2021-09-27 08:27:23,2021-09-27 08:31:50,Metropolitan Ave & Bedford Ave,5308,Bayard St & Leonard St,5442,40.71534825,-73.96024116,40.71915571696044,-73.94885390996933,member
333636,981B78F9DA117DBD,classic_bike,2021-09-14 11:36:48,2021-09-14 11:45:27,Metropolitan Ave & Bedford Ave,5308,Bayard St & Leonard St,5442,40.71534825,-73.96024116,40.71915571696044,-73.94885390996933,member
333637,83D572617BB71613,classic_bike,2021-09-03 11:48:39,2021-09-03 11:58:06,Metropolitan Ave & Bedford Ave,5308,Bayard St & Leonard St,5442,40.71534825,-73.96024116,40.71915571696044,-73.94885390996933,member
333639,CD72BE9CADD87C5E,classic_bike,2021-09-04 14:01:49,2021-09-04 14:10:31,Metropolitan Ave & Bedford Ave,5308,Bayard St & Leonard St,5442,40.71534825,-73.96024116,40.71915571696044,-73.94885390996933,casual
333640,6682DF830708485F,classic_bike,2021-09-28 09:38:43,2021-09-28 09:44:54,Metropolitan Ave & Bedford Ave,5308,Bayard St & Leonard St,5442,40.71534825,-73.96024116,40.71915571696044,-73.94885390996933,casual
333651,4372F21AE6607F29,classic_bike,2021-09-25 09:19:09,2021-09-25 09:27:08,McKibbin St & Manhattan Ave,4996,Bayard St & Leonard St,5442,40.70510918,-73.94407279,40.71915571696044,-73.94885390996933,casual
333652,6EC24FCE27CE5D24,classic_bike,2021-09-04 00:27:49,2021-09-04 00:32:28,Metropolitan Ave & Bedford Ave,5308,Bayard St & Leonard St,5442,40.71534825,-73.96024116,40.71915571696044,-73.94885390996933,member
333656,7728C9A56A022BAF,classic_bike,2021-09-30 17:11:44,2021-09-30 17:17:29,Metropolitan Ave & Bedford Ave,5308,Bayard St & Leonard St,5442,40.71534825,-73.96024116,40.71915571696044,-73.94885390996933,member
333657,9D6B13322E4ED01A,classic_bike,2021-09-01 20:23:28,2021-09-01 20:30:29,McKibbin St & Manhattan Ave,4996,Bayard St & Leonard St,5442,40.70510918,-73.94407279,40.71915571696044,-73.94885390996933,casual
333660,2EA11A88B4DD8DB9,classic_bike,2021-09-17 19:10:09,2021-09-17 19:20:46,McGuinness Blvd & Eagle St,5977,Bayard St & Leonard St,5442,40.73555,-73.95284,40.71915571696044,-73.94885390996933,member
333673,A2E21E9654EFF892,classic_bike,2021-09-21 12:05:16,2021-09-21 12:13:46,Metropolitan Ave & Bedford Ave,5308,Bayard St & Leonard St,5442,40.71534825,-73.96024116,40.71915571696044,-73.94885390996933,member
333678,181B0FC674BD97A4,classic_bike,2021-09-11 23:16:34,2021-09-11 23:29:03,Metropolitan Ave & Bedford Ave,5308,Bayard St & Leonard St,5442,40.71534825,-73.96024116,40.71915571696044,-73.94885390996933,casual
333685,5E423EDEDB584BC0,classic_bike,2021-09-21 17:49:46,2021-09-21 17:58:11,McKibbin St & Manhattan Ave,4996,Bayard St & Leonard St,5442,40.70510918,-73.94407279,40.71915571696044,-73.94885390996933,member
333697,289E0DBF95175726,electric_bike,2021-09-30 17:54:49,2021-09-30 18:05:58,Metropolitan Ave & Bedford Ave,5308,Bayard St & Leonard St,5442,40.71534825,-73.96024116,40.71915571696044,-73.94885390996933,member
333702,E0DFA2F517C6F40F,classic_bike,2021-09-16 17:49:34,2021-09-16 17:57:14,McKibbin St & Manhattan Ave,4996,Bayard St & Leonard St,5442,40.70510918,-73.94407279,40.71915571696044,-73.94885390996933,member
333718,07F5F3DBA141A898,electric_bike,2021-09-18 07:41:06,2021-09-18 07:59:58,Eastern Pkwy & Franklin Ave,3919,Bayard St & Leonard St,5442,40.6707767,-73.9576801,40.71915571696044,-73.94885390996933,member
333741,DBE699C8D7A75E07,classic_bike,2021-09-03 15:41:42,2021-09-03 15:50:14,Metropolitan Ave & Bedford Ave,5308,Bayard St & Leonard St,5442,40.71534825,-73.96024116,40.71915571696044,-73.94885390996933,member
333745,149661E7E29A3EAC,classic_bike,2021-09-08 13:30:00,2021-09-08 13:35:21,Metropolitan Ave & Bedford Ave,5308,Bayard St & Leonard St,5442,40.71534825,-73.96024116,40.71915571696044,-73.94885390996933,member
333770,3439E4BD000A51B5,classic_bike,2021-09-02 00:30:37,2021-09-02 00:49:40,E 4 St & 2 Ave,5593,Bayard St & Leonard St,5442,40.7262807,-73.98978041,40.71915571696044,-73.94885390996933,member
333783,B88A1488D67B07B4,classic_bike,2021-09-18 07:52:02,2021-09-18 08:07:36,McGuinness Blvd & Eagle St,5977,Bayard St & Leonard St,5442,40.73555,-73.95284,40.71915571696044,-73.94885390996933,casual
333792,E87AF581A7487A5C,classic_bike,2021-09-17 18:24:53,2021-09-17 18:55:40,Dean St & Franklin Ave,4107,Bayard St & Leonard St,5442,40.67759206937376,-73.955637216568,40.71915571696044,-73.94885390996933,member
333870,CE75D62DEAF79FFC,docked_bike,2021-09-30 17:42:23,2021-09-30 17:47:52,Nassau Ave & Newell St,5623,Bayard St & Leonard St,5442,40.724813,-73.947526,40.719156,-73.948854,casual
333879,206ED232F697C3CC,classic_bike,2021-09-06 14:12:15,2021-09-06 14:16:11,Nassau Ave & Newell St,5623,Bayard St & Leonard St,5442,40.724812564400175,-73.94752621650696,40.71915571696044,-73.94885390996933,member
333881,0B07FC034060B283,classic_bike,2021-09-04 00:13:29,2021-09-04 00:17:40,Nassau Ave & Newell St,5623,Bayard St & Leonard St,5442,40.724812564400175,-73.94752621650696,40.71915571696044,-73.94885390996933,member
333889,A9E63852ACAB974E,classic_bike,2021-09-17 18:49:29,2021-09-17 18:52:39,Nassau Ave & Newell St,5623,Bayard St & Leonard St,5442,40.724812564400175,-73.94752621650696,40.71915571696044,-73.94885390996933,member
333966,96692527E4F2B1BC,classic_bike,2021-09-05 09:55:42,2021-09-05 10:22:37,45 Rd & 11 St,6319,Bayard St & Leonard St,5442,40.74708586,-73.94977234,40.71915571696044,-73.94885390996933,member
334008,ABC39AC3476C4604,classic_bike,2021-09-20 17:24:20,2021-09-20 17:50:09,Mercer St & Bleecker St,5679,Bayard St & Leonard St,5442,40.72706363348306,-73.99662137031554,40.71915571696044,-73.94885390996933,member
334026,92D880BE1DD1A4AE,classic_bike,2021-09-12 12:18:55,2021-09-12 12:58:55,Union St & 4 Ave,4175,Bayard St & Leonard St,5442,40.6772744,-73.98282002,40.71915571696044,-73.94885390996933,casual
334037,F1740DFF2F37D168,classic_bike,2021-09-22 17:54:40,2021-09-22 18:04:49,Bushwick Ave & Forrest St,4914,Bayard St & Leonard St,5442,40.70076,-73.93641,40.71915571696044,-73.94885390996933,member
334043,5ADC34C2F3165281,classic_bike,2021-09-29 11:02:53,2021-09-29 11:14:23,Bushwick Ave & Forrest St,4914,Bayard St & Leonard St,5442,40.70076,-73.93641,40.71915571696044,-73.94885390996933,member
334062,841B786182ACDE26,classic_bike,2021-09-18 15:59:43,2021-09-18 16:36:41,11 Ave & W 27 St,6425,Bayard St & Leonard St,5442,40.751396,-74.005226,40.71915571696044,-73.94885390996933,member
334063,898B2E7A4BDD3A4B,electric_bike,2021-09-05 20:49:16,2021-09-05 20:57:08,Bushwick Ave & Forrest St,4914,Bayard St & Leonard St,5442,40.70076,-73.93641,40.71915571696044,-73.94885390996933,casual
334064,42B670779A8D7C37,electric_bike,2021-09-27 19:32:21,2021-09-27 19:41:22,Bushwick Ave & Forrest St,4914,Bayard St & Leonard St,5442,40.70076,-73.93641,40.71915571696044,-73.94885390996933,member
334066,295D0B8F05D5E878,electric_bike,2021-09-07 10:56:04,2021-09-07 11:04:16,Bushwick Ave & Forrest St,4914,Bayard St & Leonard St,5442,40.70076,-73.93641,40.71915571696044,-73.94885390996933,member
334082,8D879B4CC452FF9B,classic_bike,2021-09-10 10:57:02,2021-09-10 11:07:32,Bushwick Ave & Forrest St,4914,Bayard St & Leonard St,5442,40.70076,-73.93641,40.71915571696044,-73.94885390996933,member
334089,55DF896833E9FEFF,classic_bike,2021-09-28 20:04:50,2021-09-28 20:07:12,Graham Ave & Withers St,5403,Bayard St & Leonard St,5442,40.7169811,-73.94485918,40.71915571696044,-73.94885390996933,member
334122,01E2491B37052103,classic_bike,2021-09-27 18:54:32,2021-09-27 19:11:22,Bushwick Ave & Forrest St,4914,Bayard St & Leonard St,5442,40.70076,-73.93641,40.71915571696044,-73.94885390996933,member
334125,35E391B2816642DB,classic_bike,2021-09-21 05:51:59,2021-09-21 05:59:45,Bushwick Ave & Forrest St,4914,Bayard St & Leonard St,5442,40.70076,-73.93641,40.71915571696044,-73.94885390996933,member
334126,A2EC2957F4FF9655,classic_bike,2021-09-15 05:53:23,2021-09-15 06:00:43,Bushwick Ave & Forrest St,4914,Bayard St & Leonard St,5442,40.70076,-73.93641,40.71915571696044,-73.94885390996933,member
334138,6D43C5BFF2B86807,classic_bike,2021-09-11 18:37:49,2021-09-11 18:55:34,Bushwick Ave & Forrest St,4914,Bayard St & Leonard St,5442,40.70076,-73.93641,40.71915571696044,-73.94885390996933,member
334143,540B17ADA4FF8757,classic_bike,2021-09-05 16:40:33,2021-09-05 16:53:21,Bushwick Ave & Forrest St,4914,Bayard St & Leonard St,5442,40.70076,-73.93641,40.71915571696044,-73.94885390996933,member
334150,BC22B4A51FF00C22,classic_bike,2021-09-29 14:54:06,2021-09-29 14:59:54,Graham Ave & Withers St,5403,Bayard St & Leonard St,5442,40.7169811,-73.94485918,40.71915571696044,-73.94885390996933,casual
334154,E64F42C4E7528D51,classic_bike,2021-09-25 08:51:02,2021-09-25 08:59:01,Bushwick Ave & Forrest St,4914,Bayard St & Leonard St,5442,40.70076,-73.93641,40.71915571696044,-73.94885390996933,member
334156,A3E4DCA361B62E83,classic_bike,2021-09-11 09:53:03,2021-09-11 10:02:50,Bushwick Ave & Forrest St,4914,Bayard St & Leonard St,5442,40.70076,-73.93641,40.71915571696044,-73.94885390996933,member
334197,13B37CEFFCBCDF47,classic_bike,2021-09-21 00:41:13,2021-09-21 00:54:55,Suydam St & Broadway,4689,Bayard St & Leonard St,5442,40.69544,-73.93223,40.71915571696044,-73.94885390996933,member
334211,18846AAB43385389,classic_bike,2021-09-21 07:52:15,2021-09-21 08:00:21,S 3 St & Bedford Ave,5235,Bayard St & Leonard St,5442,40.71260486,-73.96264403,40.71915571696044,-73.94885390996933,member
334213,2150574411A0F4AE,classic_bike,2021-09-21 14:36:43,2021-09-21 14:44:13,S 3 St & Bedford Ave,5235,Bayard St & Leonard St,5442,40.71260486,-73.96264403,40.71915571696044,-73.94885390996933,member
334214,DCD98174EB392069,classic_bike,2021-09-08 21:28:52,2021-09-08 22:02:00,E 16 St & 5 Ave,6022,Bayard St & Leonard St,5442,40.73726186,-73.99238967,40.71915571696044,-73.94885390996933,member
334217,969B57DA7A20CDA0,classic_bike,2021-09-18 19:46:53,2021-09-18 20:00:21,S 3 St & Bedford Ave,5235,Bayard St & Leonard St,5442,40.71260486,-73.96264403,40.71915571696044,-73.94885390996933,member
334307,F355F706C192B9BB,electric_bike,2021-09-04 19:37:25,2021-09-04 19:55:38,Stanton St & Norfolk St,5445,Bayard St & Leonard St,5442,40.720747,-73.986274,40.71915571696044,-73.94885390996933,casual
334310,65CF899EE58BCC4B,classic_bike,2021-09-10 21:15:55,2021-09-10 21:33:27,Wilson Ave & Troutman St,4864,Bayard St & Leonard St,5442,40.70166,-73.92754,40.71915571696044,-73.94885390996933,casual
334314,12495A2B8FE04039,classic_bike,2021-09-13 17:25:10,2021-09-13 17:42:54,Central Ave & Himrod St,4713,Bayard St & Leonard St,5442,40.69676,-73.92302,40.71915571696044,-73.94885390996933,member
334348,59160CF607978A52,electric_bike,2021-09-28 19:42:28,2021-09-28 20:01:06,Motorgate,6814,Bayard St & Leonard St,5442,40.7639089,-73.9477213,40.71915571696044,-73.94885390996933,member
334412,1D7E746A2E75EF41,classic_bike,2021-09-05 17:32:53,2021-09-05 17:41:07,Union Ave & N 12 St,5411,Bayard St & Leonard St,5442,40.71924,-73.95242,40.71915571696044,-73.94885390996933,casual
334413,71DF292E1FE9B0C2,classic_bike,2021-09-17 19:19:42,2021-09-17 20:07:21,Union Ave & N 12 St,5411,Bayard St & Leonard St,5442,40.71924,-73.95242,40.71915571696044,-73.94885390996933,member
334423,AD1DB099A63C63EA,classic_bike,2021-09-16 18:05:31,2021-09-16 18:27:23,Motorgate,6814,Bayard St & Leonard St,5442,40.7639089,-73.9477213,40.71915571696044,-73.94885390996933,casual
334454,D17D012EBC1DB0BF,classic_bike,2021-09-07 21:54:58,2021-09-07 21:57:48,Union Ave & N 12 St,5411,Bayard St & Leonard St,5442,40.71924,-73.95242,40.71915571696044,-73.94885390996933,member
334463,ADDA4E8FB891B2DA,classic_bike,2021-09-26 11:28:11,2021-09-26 12:09:56,Union Ave & N 12 St,5411,Bayard St & Leonard St,5442,40.71924,-73.95242,40.71915571696044,-73.94885390996933,casual
334467,744E43A1798F491F,classic_bike,2021-09-26 15:10:54,2021-09-26 16:16:31,Union Ave & N 12 St,5411,Bayard St & Leonard St,5442,40.71924,-73.95242,40.71915571696044,-73.94885390996933,casual
334494,C4AC5B3E7B3B6460,classic_bike,2021-09-16 13:56:29,2021-09-16 14:49:43,Union Ave & N 12 St,5411,Bayard St & Leonard St,5442,40.71924,-73.95242,40.71915571696044,-73.94885390996933,member
334498,34DABD30894BE2D7,classic_bike,2021-09-06 15:35:53,2021-09-06 15:37:58,Union Ave & N 12 St,5411,Bayard St & Leonard St,5442,40.71924,-73.95242,40.71915571696044,-73.94885390996933,member
334507,FE14592260392945,classic_bike,2021-09-11 19:09:53,2021-09-11 19:13:46,Union Ave & N 12 St,5411,Bayard St & Leonard St,5442,40.71924,-73.95242,40.71915571696044,-73.94885390996933,member
334524,D2DCD9DA764434CC,classic_bike,2021-09-30 18:24:00,2021-09-30 19:12:16,Union Ave & N 12 St,5411,Bayard St & Leonard St,5442,40.71924,-73.95242,40.71915571696044,-73.94885390996933,member
334536,8E293D1F1B4C031F,classic_bike,2021-09-30 18:23:11,2021-09-30 19:12:58,Union Ave & N 12 St,5411,Bayard St & Leonard St,5442,40.71924,-73.95242,40.71915571696044,-73.94885390996933,member
334539,B333C22C3E1E6308,classic_bike,2021-09-17 21:15:49,2021-09-17 21:47:20,Atlantic Ave & Fort Greene Pl,4354,Bayard St & Leonard St,5442,40.68382604,-73.97632328,40.71915571696044,-73.94885390996933,casual
334544,4E53E9A3C306777F,classic_bike,2021-09-26 14:55:07,2021-09-26 16:17:11,Union Ave & N 12 St,5411,Bayard St & Leonard St,5442,40.71924,-73.95242,40.71915571696044,-73.94885390996933,casual
334555,7DB4BFD0C4229DD9,electric_bike,2021-09-11 20:37:09,2021-09-11 21:14:50,Union Ave & N 12 St,5411,Bayard St & Leonard St,5442,40.71924,-73.95242,40.71915571696044,-73.94885390996933,casual
334574,A7300E822FCB808C,classic_bike,2021-09-08 15:58:29,2021-09-08 16:00:23,Union Ave & N 12 St,5411,Bayard St & Leonard St,5442,40.71924,-73.95242,40.71915571696044,-73.94885390996933,member
334582,C4B35F9236FD5D21,classic_bike,2021-09-11 13:02:35,2021-09-11 13:04:35,Union Ave & N 12 St,5411,Bayard St & Leonard St,5442,40.71924,-73.95242,40.71915571696044,-73.94885390996933,member
334617,E1886753E8060A06,classic_bike,2021-09-03 14:21:13,2021-09-03 14:23:18,Union Ave & N 12 St,5411,Bayard St & Leonard St,5442,40.71924,-73.95242,40.71915571696044,-73.94885390996933,member
334632,C78051D097ACC585,classic_bike,2021-09-10 20:11:23,2021-09-10 20:12:50,Union Ave & N 12 St,5411,Bayard St & Leonard St,5442,40.71924,-73.95242,40.71915571696044,-73.94885390996933,member
334655,16F50053293AB68D,classic_bike,2021-09-14 18:08:24,2021-09-14 18:12:55,Leonard St & Maujer St,5148,Bayard St & Leonard St,5442,40.7103685423523,-73.94705951213837,40.71915571696044,-73.94885390996933,member
334661,85DF61DE3EFC5C8D,electric_bike,2021-09-16 18:23:54,2021-09-16 18:44:48,St Marks Pl & 2 Ave,5669,Bayard St & Leonard St,5442,40.7284186,-73.98713956,40.71915571696044,-73.94885390996933,member
334667,831C09CB3DC27418,classic_bike,2021-09-24 18:37:13,2021-09-24 18:59:28,Central Ave & Himrod St,4713,Bayard St & Leonard St,5442,40.69676,-73.92302,40.71915571696044,-73.94885390996933,casual
334674,20DE91991012850C,classic_bike,2021-09-27 19:47:31,2021-09-27 19:54:59,Leonard St & Maujer St,5148,Bayard St & Leonard St,5442,40.7103685423523,-73.94705951213837,40.71915571696044,-73.94885390996933,member
334675,830C5D16C33D12D0,classic_bike,2021-09-20 20:44:24,2021-09-20 20:51:12,Leonard St & Maujer St,5148,Bayard St & Leonard St,5442,40.7103685423523,-73.94705951213837,40.71915571696044,-73.94885390996933,member
334680,E2C7ABECB43412C3,classic_bike,2021-09-25 09:42:03,2021-09-25 09:46:36,Leonard St & Maujer St,5148,Bayard St & Leonard St,5442,40.7103685423523,-73.94705951213837,40.71915571696044,-73.94885390996933,member
334682,0FD56CB9FA03F893,classic_bike,2021-09-05 10:27:48,2021-09-05 10:33:25,Driggs Ave & N Henry St,5542,Bayard St & Leonard St,5442,40.72325,-73.94308,40.71915571696044,-73.94885390996933,member
334684,33904C352445A05A,classic_bike,2021-09-03 18:01:00,2021-09-03 18:06:19,Driggs Ave & N Henry St,5542,Bayard St & Leonard St,5442,40.72325,-73.94308,40.71915571696044,-73.94885390996933,casual
334695,98736F74745954B7,classic_bike,2021-09-25 09:57:06,2021-09-25 10:05:53,Bushwick Ave & Forrest St,4914,Bayard St & Leonard St,5442,40.70076,-73.93641,40.71915571696044,-73.94885390996933,member
334716,05DF07D24D05A11F,classic_bike,2021-09-01 05:52:10,2021-09-01 06:00:09,Bushwick Ave & Forrest St,4914,Bayard St & Leonard St,5442,40.70076,-73.93641,40.71915571696044,-73.94885390996933,member
334733,199DB146D7A26BC1,electric_bike,2021-09-30 21:39:26,2021-09-30 21:43:19,Leonard St & Maujer St,5148,Bayard St & Leonard St,5442,40.7103685423523,-73.94705951213837,40.71915571696044,-73.94885390996933,member
334734,33A4B822DC27B59A,classic_bike,2021-09-07 07:27:05,2021-09-07 07:32:24,Driggs Ave & N Henry St,5542,Bayard St & Leonard St,5442,40.72325,-73.94308,40.71915571696044,-73.94885390996933,member
334737,F5583915F5A191FE,classic_bike,2021-09-30 17:51:54,2021-09-30 17:57:21,Leonard St & Maujer St,5148,Bayard St & Leonard St,5442,40.7103685423523,-73.94705951213837,40.71915571696044,-73.94885390996933,member
334741,CBFFC716B0716AA8,classic_bike,2021-09-17 20:16:01,2021-09-17 20:23:00,Leonard St & Maujer St,5148,Bayard St & Leonard St,5442,40.7103685423523,-73.94705951213837,40.71915571696044,-73.94885390996933,member
334743,D690D29A27B1A6A5,classic_bike,2021-09-03 12:46:35,2021-09-03 13:02:30,Driggs Ave & N Henry St,5542,Bayard St & Leonard St,5442,40.72325,-73.94308,40.71915571696044,-73.94885390996933,member
334750,A023BB37B085C670,classic_bike,2021-09-26 13:23:28,2021-09-26 13:29:47,Driggs Ave & N Henry St,5542,Bayard St & Leonard St,5442,40.72325,-73.94308,40.71915571696044,-73.94885390996933,member
334754,387B55821D17F2EE,classic_bike,2021-09-24 11:06:40,2021-09-24 11:17:32,Bushwick Ave & Forrest St,4914,Bayard St & Leonard St,5442,40.70076,-73.93641,40.71915571696044,-73.94885390996933,member
334756,A159775F9A85F3EC,electric_bike,2021-09-02 12:39:12,2021-09-02 12:42:38,Driggs Ave & N Henry St,5542,Bayard St & Leonard St,5442,40.72325,-73.94308,40.71915571696044,-73.94885390996933,member
334760,A7D215CD961A3271,classic_bike,2021-09-17 06:52:45,2021-09-17 07:00:39,Bushwick Ave & Forrest St,4914,Bayard St & Leonard St,5442,40.70076,-73.93641,40.71915571696044,-73.94885390996933,member
334762,8E588CAFA25D0942,classic_bike,2021-09-28 05:53:16,2021-09-28 06:01:10,Bushwick Ave & Forrest St,4914,Bayard St & Leonard St,5442,40.70076,-73.93641,40.71915571696044,-73.94885390996933,member
334764,3CF86B4A842EBC29,classic_bike,2021-09-29 05:51:59,2021-09-29 06:00:14,Bushwick Ave & Forrest St,4914,Bayard St & Leonard St,5442,40.70076,-73.93641,40.71915571696044,-73.94885390996933,member
334772,63FC8727BD6E4650,classic_bike,2021-09-03 09:20:29,2021-09-03 09:32:03,Bushwick Ave & Forrest St,4914,Bayard St & Leonard St,5442,40.70076,-73.93641,40.71915571696044,-73.94885390996933,casual
334773,EC2EE31D076186EC,electric_bike,2021-09-10 01:13:54,2021-09-10 01:28:59,Menahan St & Wyckoff Ave,4890,Manhattan Av & Leonard St,5442,40.70113,-73.91422,40.72084,-73.94844,member
334776,02BAA9E547621321,classic_bike,2021-09-14 16:56:21,2021-09-14 16:59:57,Driggs Ave & N Henry St,5542,Bayard St & Leonard St,5442,40.72325,-73.94308,40.71915571696044,-73.94885390996933,member
334782,F1443498722BAEEB,classic_bike,2021-09-11 09:40:28,2021-09-11 09:44:49,Leonard St & Maujer St,5148,Bayard St & Leonard St,5442,40.7103685423523,-73.94705951213837,40.71915571696044,-73.94885390996933,member
334786,F5A38CAC072005C8,classic_bike,2021-09-02 08:23:26,2021-09-02 08:28:59,Leonard St & Maujer St,5148,Bayard St & Leonard St,5442,40.7103685423523,-73.94705951213837,40.71915571696044,-73.94885390996933,casual
334793,D25F5B4405FFD4F9,classic_bike,2021-09-07 17:48:21,2021-09-07 18:00:00,Bushwick Ave & Forrest St,4914,Bayard St & Leonard St,5442,40.70076,-73.93641,40.71915571696044,-73.94885390996933,member
334796,3D913F2F26F380DA,classic_bike,2021-09-03 14:02:11,2021-09-03 14:06:14,Driggs Ave & N Henry St,5542,Bayard St & Leonard St,5442,40.72325,-73.94308,40.71915571696044,-73.94885390996933,member
334807,29A7668BFCC1604C,classic_bike,2021-09-06 13:09:39,2021-09-06 13:20:16,Leonard St & Maujer St,5148,Bayard St & Leonard St,5442,40.7103685423523,-73.94705951213837,40.71915571696044,-73.94885390996933,member
334809,AA0CA33BBCF3DC92,classic_bike,2021-09-09 14:05:41,2021-09-09 14:10:27,Driggs Ave & N Henry St,5542,Bayard St & Leonard St,5442,40.72325,-73.94308,40.71915571696044,-73.94885390996933,member
334810,AB6C04925B660684,classic_bike,2021-09-02 15:57:12,2021-09-02 16:01:38,Driggs Ave & N Henry St,5542,Bayard St & Leonard St,5442,40.72325,-73.94308,40.71915571696044,-73.94885390996933,member
334811,AB4444D893440C32,classic_bike,2021-09-21 07:20:16,2021-09-21 07:25:35,Leonard St & Maujer St,5148,Bayard St & Leonard St,5442,40.7103685423523,-73.94705951213837,40.71915571696044,-73.94885390996933,member
334812,C0FD84F5849E8811,classic_bike,2021-09-05 19:15:45,2021-09-05 19:27:35,Leonard St & Maujer St,5148,Bayard St & Leonard St,5442,40.7103685423523,-73.94705951213837,40.71915571696044,-73.94885390996933,casual
334813,88F3276F0C6BF404,classic_bike,2021-09-28 18:44:43,2021-09-28 18:49:54,Leonard St & Maujer St,5148,Bayard St & Leonard St,5442,40.7103685423523,-73.94705951213837,40.71915571696044,-73.94885390996933,member
334815,330F3588E011E5B5,classic_bike,2021-09-28 19:46:52,2021-09-28 19:54:35,Leonard St & Maujer St,5148,Bayard St & Leonard St,5442,40.7103685423523,-73.94705951213837,40.71915571696044,-73.94885390996933,member
334818,FE4DA60FAA9D6CFA,classic_bike,2021-09-21 13:27:30,2021-09-21 13:34:05,Driggs Ave & N Henry St,5542,Bayard St & Leonard St,5442,40.72325,-73.94308,40.71915571696044,-73.94885390996933,member
334829,F4F7A5F2A7A00F09,classic_bike,2021-09-02 08:12:02,2021-09-02 08:17:14,Driggs Ave & N Henry St,5542,Bayard St & Leonard St,5442,40.72325,-73.94308,40.71915571696044,-73.94885390996933,member
334832,5A8D70A8F911702E,classic_bike,2021-09-04 17:05:27,2021-09-04 17:11:31,Driggs Ave & N Henry St,5542,Bayard St & Leonard St,5442,40.72325,-73.94308,40.71915571696044,-73.94885390996933,member
334834,F86C9195E191F771,classic_bike,2021-09-27 18:33:04,2021-09-27 18:38:01,Leonard St & Maujer St,5148,Bayard St & Leonard St,5442,40.7103685423523,-73.94705951213837,40.71915571696044,-73.94885390996933,member
334835,6E57D223C577BCD6,classic_bike,2021-09-25 08:16:28,2021-09-25 08:25:29,Leonard St & Maujer St,5148,Bayard St & Leonard St,5442,40.7103685423523,-73.94705951213837,40.71915571696044,-73.94885390996933,member
334836,627FCB04FC6AA6E4,classic_bike,2021-09-01 11:07:12,2021-09-01 11:11:32,Driggs Ave & N Henry St,5542,Bayard St & Leonard St,5442,40.72325,-73.94308,40.71915571696044,-73.94885390996933,member
334837,D91B3679E7B210CD,classic_bike,2021-09-07 17:35:21,2021-09-07 17:40:17,Driggs Ave & N Henry St,5542,Bayard St & Leonard St,5442,40.72325,-73.94308,40.71915571696044,-73.94885390996933,member
334844,F09D9EFCE3F546B7,electric_bike,2021-09-07 06:50:08,2021-09-07 07:03:52,Bushwick Ave & Linden St,4600,Bayard St & Leonard St,5442,40.69146,-73.92146,40.71915571696044,-73.94885390996933,casual
334851,8987289A6FAF81FB,classic_bike,2021-09-14 12:20:33,2021-09-14 12:25:33,Grand St & Havemeyer St,5267,Bayard St & Leonard St,5442,40.71286844,-73.95698119,40.71915571696044,-73.94885390996933,member
334852,B6A615F3A351B453,classic_bike,2021-09-04 17:18:10,2021-09-04 17:22:58,Grand St & Havemeyer St,5267,Bayard St & Leonard St,5442,40.71286844,-73.95698119,40.71915571696044,-73.94885390996933,member
334869,CE155532B785B1FD,classic_bike,2021-09-22 20:33:10,2021-09-22 20:39:01,Grand St & Havemeyer St,5267,Bayard St & Leonard St,5442,40.71286844,-73.95698119,40.71915571696044,-73.94885390996933,casual
334872,2DE21256718CE327,classic_bike,2021-09-26 15:13:01,2021-09-26 15:19:22,Grand St & Havemeyer St,5267,Bayard St & Leonard St,5442,40.71286844,-73.95698119,40.71915571696044,-73.94885390996933,member
334874,E101631803136DF3,classic_bike,2021-09-17 09:23:41,2021-09-17 09:31:35,Grand St & Havemeyer St,5267,Bayard St & Leonard St,5442,40.71286844,-73.95698119,40.71915571696044,-73.94885390996933,member
334890,C56050998FA97DE0,electric_bike,2021-09-07 09:30:58,2021-09-07 09:39:35,Stewart Ave & Johnson Ave,5123,Bayard St & Leonard St,5442,40.70869,-73.92587,40.71915571696044,-73.94885390996933,casual
334898,43888B016EFB9B73,electric_bike,2021-09-11 01:16:31,2021-09-11 01:24:30,Frost St & Meeker Ave,5371,Bayard St & Leonard St,5442,40.71766197083994,-73.94880026578903,40.71915571696044,-73.94885390996933,casual
334899,03F43AF851A19B0A,classic_bike,2021-09-12 02:25:52,2021-09-12 02:38:47,Grand St & Havemeyer St,5267,Bayard St & Leonard St,5442,40.71286844,-73.95698119,40.71915571696044,-73.94885390996933,member
334900,FE5FFEB41A47966F,classic_bike,2021-09-18 14:29:40,2021-09-18 14:30:51,Frost St & Meeker Ave,5371,Bayard St & Leonard St,5442,40.71766197083994,-73.94880026578903,40.71915571696044,-73.94885390996933,member
334901,942D94DBD234AC93,classic_bike,2021-09-18 14:27:18,2021-09-18 14:31:54,Grand St & Havemeyer St,5267,Bayard St & Leonard St,5442,40.71286844,-73.95698119,40.71915571696044,-73.94885390996933,member
334902,2AB251F2CC6E0A5E,classic_bike,2021-09-04 03:14:01,2021-09-04 03:33:12,Stewart Ave & Johnson Ave,5123,Bayard St & Leonard St,5442,40.70869,-73.92587,40.71915571696044,-73.94885390996933,member
334906,873DC400FED6DA90,classic_bike,2021-09-20 08:07:58,2021-09-20 08:09:21,Frost St & Meeker Ave,5371,Bayard St & Leonard St,5442,40.71766197083994,-73.94880026578903,40.71915571696044,-73.94885390996933,member
334916,5D198640B33A37ED,classic_bike,2021-09-06 13:12:49,2021-09-06 13:13:58,Frost St & Meeker Ave,5371,Bayard St & Leonard St,5442,40.71766197083994,-73.94880026578903,40.71915571696044,-73.94885390996933,member
334926,3150CC9A6FCAD0C8,classic_bike,2021-09-13 06:51:15,2021-09-13 06:57:25,Grand St & Havemeyer St,5267,Bayard St & Leonard St,5442,40.71286844,-73.95698119,40.71915571696044,-73.94885390996933,casual
334927,4CE99DC7A83CAC9A,electric_bike,2021-09-07 13:23:33,2021-09-07 13:28:05,Grand St & Havemeyer St,5267,Bayard St & Leonard St,5442,40.71286844,-73.95698119,40.71915571696044,-73.94885390996933,casual
334938,0A8C1A65A96DC79F,classic_bike,2021-09-14 08:37:15,2021-09-14 08:43:05,Grand St & Havemeyer St,5267,Bayard St & Leonard St,5442,40.71286844,-73.95698119,40.71915571696044,-73.94885390996933,member
334939,31DA202B7E77A833,classic_bike,2021-09-28 07:39:13,2021-09-28 07:45:34,Grand St & Havemeyer St,5267,Bayard St & Leonard St,5442,40.71286844,-73.95698119,40.71915571696044,-73.94885390996933,member
334943,366B175FB59A874E,classic_bike,2021-09-04 11:14:05,2021-09-04 11:20:52,Grand St & Havemeyer St,5267,Bayard St & Leonard St,5442,40.71286844,-73.95698119,40.71915571696044,-73.94885390996933,casual
334947,7A75159D5BF27349,classic_bike,2021-09-08 18:01:23,2021-09-08 18:10:08,Grand St & Havemeyer St,5267,Bayard St & Leonard St,5442,40.71286844,-73.95698119,40.71915571696044,-73.94885390996933,member
334955,47F87B8DFF43E8BF,classic_bike,2021-09-12 12:21:46,2021-09-12 12:28:09,Grand St & Havemeyer St,5267,Bayard St & Leonard St,5442,40.71286844,-73.95698119,40.71915571696044,-73.94885390996933,member
334957,FA21CE67E98663E5,classic_bike,2021-09-30 18:52:51,2021-09-30 19:03:11,Grand St & Havemeyer St,5267,Bayard St & Leonard St,5442,40.71286844,-73.95698119,40.71915571696044,-73.94885390996933,casual
334959,41CC7CD239D59E51,electric_bike,2021-09-07 20:27:05,2021-09-07 20:29:32,Frost St & Meeker Ave,5371,Bayard St & Leonard St,5442,40.71766197083994,-73.94880026578903,40.71915571696044,-73.94885390996933,casual
334968,E588C839B3B1570F,classic_bike,2021-09-04 11:14:20,2021-09-04 11:21:02,Grand St & Havemeyer St,5267,Bayard St & Leonard St,5442,40.71286844,-73.95698119,40.71915571696044,-73.94885390996933,casual
334981,90FCBE28B108F3EE,classic_bike,2021-09-14 09:23:19,2021-09-14 09:26:57,Driggs Ave & N Henry St,5542,Bayard St & Leonard St,5442,40.72325,-73.94308,40.71915571696044,-73.94885390996933,member
334986,DA69872A7B20D024,classic_bike,2021-09-21 07:38:34,2021-09-21 07:44:20,Grand St & Havemeyer St,5267,Bayard St & Leonard St,5442,40.71286844,-73.95698119,40.71915571696044,-73.94885390996933,member
334994,B2D5440A5CFF2409,classic_bike,2021-09-15 22:16:34,2021-09-15 22:28:23,Grand St & Havemeyer St,5267,Bayard St & Leonard St,5442,40.71286844,-73.95698119,40.71915571696044,-73.94885390996933,casual
335004,36944D70BD3460A8,classic_bike,2021-09-26 14:36:55,2021-09-26 14:43:27,Grand St & Havemeyer St,5267,Bayard St & Leonard St,5442,40.71286844,-73.95698119,40.71915571696044,-73.94885390996933,member
335009,6F02D1AF35DB4800,classic_bike,2021-09-15 19:16:39,2021-09-15 19:34:10,45 Rd & 11 St,6319,Bayard St & Leonard St,5442,40.74708586,-73.94977234,40.71915571696044,-73.94885390996933,member
335055,A34C90070BDC668A,classic_bike,2021-09-28 09:08:09,2021-09-28 09:13:34,Metropolitan Ave & Bedford Ave,5308,Bayard St & Leonard St,5442,40.71534825,-73.96024116,40.71915571696044,-73.94885390996933,member
335056,6A92B1BC841B9440,classic_bike,2021-09-28 15:35:32,2021-09-28 15:41:42,Metropolitan Ave & Bedford Ave,5308,Bayard St & Leonard St,5442,40.71534825,-73.96024116,40.71915571696044,-73.94885390996933,member
335057,E8E80CEB178133C7,classic_bike,2021-09-17 11:55:28,2021-09-17 12:01:51,Metropolitan Ave & Bedford Ave,5308,Bayard St & Leonard St,5442,40.71534825,-73.96024116,40.71915571696044,-73.94885390996933,member
335058,FDC7C82E31358A9B,classic_bike,2021-09-17 18:04:11,2021-09-17 18:09:30,Metropolitan Ave & Bedford Ave,5308,Bayard St & Leonard St,5442,40.71534825,-73.96024116,40.71915571696044,-73.94885390996933,member
335060,3CA7A5C99302A508,classic_bike,2021-09-21 09:43:22,2021-09-21 13:00:28,Metropolitan Ave & Bedford Ave,5308,Bayard St & Leonard St,5442,40.71534825,-73.96024116,40.71915571696044,-73.94885390996933,casual
335091,E1F26A5D0BDFC322,classic_bike,2021-09-14 18:17:58,2021-09-14 18:35:06,Central Ave & Himrod St,4713,Bayard St & Leonard St,5442,40.69676,-73.92302,40.71915571696044,-73.94885390996933,member
335119,F7DC22B573450B1A,classic_bike,2021-09-14 17:54:50,2021-09-14 18:28:41,William St & Pine St,5065,Bayard St & Leonard St,5442,40.70717936,-74.00887308,40.71915571696044,-73.94885390996933,casual
335143,A7D1E47CF82A4F4E,electric_bike,2021-09-12 11:20:04,2021-09-12 11:44:01,Central Ave & Starr Street,4792,Bayard St & Leonard St,5442,40.700003,-73.92834,40.71915571696044,-73.94885390996933,casual
335151,836FE434396F0E1C,classic_bike,2021-09-25 06:53:41,2021-09-25 06:55:28,Driggs Ave & Lorimer St,5481,Bayard St & Leonard St,5442,40.72179134,-73.9504154,40.71915571696044,-73.94885390996933,member
335171,2E5E1C79EC96305E,classic_bike,2021-09-06 19:16:28,2021-09-06 19:22:45,Metropolitan Ave & Bedford Ave,5308,Bayard St & Leonard St,5442,40.71534825,-73.96024116,40.71915571696044,-73.94885390996933,member
335176,1805C1264F5E47EF,electric_bike,2021-09-03 17:13:34,2021-09-03 17:34:44,Metropolitan Ave & Bedford Ave,5308,Bayard St & Leonard St,5442,40.71534825,-73.96024116,40.71915571696044,-73.94885390996933,member
335252,7E2930E47A8774BD,classic_bike,2021-09-08 14:20:28,2021-09-08 14:25:51,Metropolitan Ave & Bedford Ave,5308,Bayard St & Leonard St,5442,40.71534825,-73.96024116,40.71915571696044,-73.94885390996933,member
335268,1C4E36EDF7E9DD60,classic_bike,2021-09-01 07:49:48,2021-09-01 07:56:15,McKibbin St & Manhattan Ave,4996,Bayard St & Leonard St,5442,40.70510918,-73.94407279,40.71915571696044,-73.94885390996933,member
335272,2C6462F97DF6231C,classic_bike,2021-09-08 21:10:18,2021-09-08 21:15:59,Metropolitan Ave & Bedford Ave,5308,Bayard St & Leonard St,5442,40.71534825,-73.96024116,40.71915571696044,-73.94885390996933,member
335273,EBE9960C3BA0D91A,classic_bike,2021-09-19 18:09:39,2021-09-19 18:16:07,Metropolitan Ave & Bedford Ave,5308,Bayard St & Leonard St,5442,40.71534825,-73.96024116,40.71915571696044,-73.94885390996933,member
335274,59A57E9C59678C15,classic_bike,2021-09-14 20:05:48,2021-09-14 20:17:16,Metropolitan Ave & Bedford Ave,5308,Bayard St & Leonard St,5442,40.71534825,-73.96024116,40.71915571696044,-73.94885390996933,member
335279,41FE6CE401966C51,classic_bike,2021-09-08 21:09:52,2021-09-08 21:16:05,Metropolitan Ave & Bedford Ave,5308,Bayard St & Leonard St,5442,40.71534825,-73.96024116,40.71915571696044,-73.94885390996933,member
335280,047494B997C8D968,classic_bike,2021-09-14 15:27:05,2021-09-14 15:55:26,Metropolitan Ave & Bedford Ave,5308,Bayard St & Leonard St,5442,40.71534825,-73.96024116,40.71915571696044,-73.94885390996933,member
335289,F9E2408F18200DB1,classic_bike,2021-09-26 16:03:50,2021-09-26 16:06:15,Driggs Ave & Lorimer St,5481,Bayard St & Leonard St,5442,40.72179134,-73.9504154,40.71915571696044,-73.94885390996933,member
335310,3ECCEB855043F068,classic_bike,2021-09-13 17:24:31,2021-09-13 17:41:09,Flushing Ave & Vanderbilt Ave,4762,Bayard St & Leonard St,5442,40.69795031569544,-73.97077560424805,40.71915571696044,-73.94885390996933,member
335336,FBFAF2CF563314EB,classic_bike,2021-09-30 17:45:46,2021-09-30 17:53:09,McKibbin St & Manhattan Ave,4996,Bayard St & Leonard St,5442,40.70510918,-73.94407279,40.71915571696044,-73.94885390996933,member
335340,6E0D270932BFE6FD,classic_bike,2021-09-04 11:24:33,2021-09-04 11:33:39,McKibbin St & Manhattan Ave,4996,Bayard St & Leonard St,5442,40.70510918,-73.94407279,40.71915571696044,-73.94885390996933,member
335385,09F11944AEBCCB99,classic_bike,2021-09-10 18:56:29,2021-09-10 19:00:51,Driggs Ave & Lorimer St,5481,Bayard St & Leonard St,5442,40.72179134,-73.9504154,40.71915571696044,-73.94885390996933,member
335389,E89780B89A82C359,classic_bike,2021-09-17 21:15:40,2021-09-17 21:47:13,Atlantic Ave & Fort Greene Pl,4354,Bayard St & Leonard St,5442,40.68382604,-73.97632328,40.71915571696044,-73.94885390996933,member
335391,64A2C8D0C4F50934,classic_bike,2021-09-18 09:10:58,2021-09-18 09:13:15,Union Ave & N 12 St,5411,Bayard St & Leonard St,5442,40.71924,-73.95242,40.71915571696044,-73.94885390996933,member
335409,6DD3729502B1883E,classic_bike,2021-09-04 11:26:35,2021-09-04 11:29:29,Driggs Ave & Lorimer St,5481,Bayard St & Leonard St,5442,40.72179134,-73.9504154,40.71915571696044,-73.94885390996933,member
335435,7DD3827AA439B4B1,electric_bike,2021-09-23 16:55:07,2021-09-23 17:08:40,India St Pier,5794,Bayard St & Leonard St,5442,40.731734785883454,-73.9612390102593,40.71915571696044,-73.94885390996933,casual
335436,F57A1C316DBDC8B2,electric_bike,2021-09-07 17:47:01,2021-09-07 17:55:57,India St Pier,5794,Bayard St & Leonard St,5442,40.731734785883454,-73.9612390102593,40.71915571696044,-73.94885390996933,casual
335469,F42B79AADCB04CEB,electric_bike,2021-09-06 15:03:22,2021-09-06 15:31:56,Cleveland Pl & Spring St,5492,Bayard St & Leonard St,5442,40.722103786686034,-73.99724900722504,40.71915571696044,-73.94885390996933,member
335479,E44B50C71133E1DE,classic_bike,2021-09-25 08:05:05,2021-09-25 08:13:52,India St Pier,5794,Bayard St & Leonard St,5442,40.731734785883454,-73.9612390102593,40.71915571696044,-73.94885390996933,casual
335482,A9334F3DF088DE1E,classic_bike,2021-09-26 15:52:22,2021-09-26 16:03:18,India St Pier,5794,Bayard St & Leonard St,5442,40.731734785883454,-73.9612390102593,40.71915571696044,-73.94885390996933,member
335486,584B8C2E200D75AA,electric_bike,2021-09-10 19:52:01,2021-09-10 20:04:53,Henry St & Grand St,5294,Bayard St & Leonard St,5442,40.714211,-73.981095,40.71915571696044,-73.94885390996933,member
335496,451E5A673C16123D,classic_bike,2021-09-22 20:31:44,2021-09-22 20:37:15,Bushwick Ave & Powers St,5250,Bayard St & Leonard St,5442,40.71247661,-73.94100005,40.71915571696044,-73.94885390996933,member
335527,130F7D5CC3787FA8,classic_bike,2021-09-08 20:47:35,2021-09-08 20:58:39,India St Pier,5794,Bayard St & Leonard St,5442,40.731734785883454,-73.9612390102593,40.71915571696044,-73.94885390996933,casual
335528,09FA9A2847B13C9A,classic_bike,2021-09-26 17:56:34,2021-09-26 18:34:05,E 30 St & Park Ave S,6206,Bayard St & Leonard St,5442,40.74444921,-73.98303529,40.71915571696044,-73.94885390996933,casual
335543,D83CC58E9BCD1351,classic_bike,2021-09-17 18:16:50,2021-09-17 18:31:31,India St Pier,5794,Bayard St & Leonard St,5442,40.731734785883454,-73.9612390102593,40.71915571696044,-73.94885390996933,member
335557,418A918BAA7C5C7F,classic_bike,2021-09-24 16:07:21,2021-09-24 16:17:09,India St Pier,5794,Bayard St & Leonard St,5442,40.731734785883454,-73.9612390102593,40.71915571696044,-73.94885390996933,member
335562,882B182D47475189,classic_bike,2021-09-04 18:47:59,2021-09-04 18:55:54,Metropolitan Ave & Meeker Ave,5300,Bayard St & Leonard St,5442,40.71413311,-73.95234386,40.71915571696044,-73.94885390996933,member
335600,7B1C0289D71878F0,classic_bike,2021-09-29 17:00:52,2021-09-29 17:03:35,Metropolitan Ave & Meeker Ave,5300,Bayard St & Leonard St,5442,40.71413311,-73.95234386,40.71915571696044,-73.94885390996933,member
335635,C9A2C7B43DA6CFEE,electric_bike,2021-09-11 16:27:58,2021-09-11 16:35:35,Park Ave & Marcus Garvey Blvd,4768,Bayard St & Leonard St,5442,40.698617,-73.941342,40.71915571696044,-73.94885390996933,member
335672,18D46D150590B00D,electric_bike,2021-09-15 17:23:39,2021-09-15 17:40:30,Flushing Ave & Vanderbilt Ave,4762,Bayard St & Leonard St,5442,40.69795031569544,-73.97077560424805,40.71915571696044,-73.94885390996933,member
335735,429F33428E1B9745,classic_bike,2021-09-27 19:10:43,2021-09-27 19:13:41,Metropolitan Ave & Meeker Ave,5300,Bayard St & Leonard St,5442,40.71413311,-73.95234386,40.71915571696044,-73.94885390996933,member
335744,ADA3F5F2176E0DA2,classic_bike,2021-09-16 18:35:44,2021-09-16 18:40:39,Metropolitan Ave & Meeker Ave,5300,Bayard St & Leonard St,5442,40.71413311,-73.95234386,40.71915571696044,-73.94885390996933,casual
335755,4C9B04135095D242,electric_bike,2021-09-19 13:15:29,2021-09-19 14:00:47,Driggs Ave & Lorimer St,5481,Bayard St & Leonard St,5442,40.72179134,-73.9504154,40.71915571696044,-73.94885390996933,casual
335773,CDAC6123CCD87A13,classic_bike,2021-09-24 09:04:08,2021-09-24 09:16:28,Park Ave & Marcus Garvey Blvd,4768,Bayard St & Leonard St,5442,40.698617,-73.941342,40.71915571696044,-73.94885390996933,casual
335776,CB890690B44CA447,electric_bike,2021-09-06 15:08:05,2021-09-06 15:22:10,Driggs Ave & Lorimer St,5481,Bayard St & Leonard St,5442,40.72179134,-73.9504154,40.71915571696044,-73.94885390996933,member
335790,782A384E174159D4,classic_bike,2021-09-25 10:22:44,2021-09-25 10:31:19,Driggs Ave & Lorimer St,5481,Bayard St & Leonard St,5442,40.72179134,-73.9504154,40.71915571696044,-73.94885390996933,member
335806,0A33920B97F7DB63,classic_bike,2021-09-02 17:50:23,2021-09-02 17:53:38,Metropolitan Ave & Meeker Ave,5300,Bayard St & Leonard St,5442,40.71413311,-73.95234386,40.71915571696044,-73.94885390996933,casual
335824,9981736F729A06DF,classic_bike,2021-09-20 18:40:41,2021-09-20 18:50:17,Grand St & Havemeyer St,5267,Bayard St & Leonard St,5442,40.71286844,-73.95698119,40.71915571696044,-73.94885390996933,member
335853,F9E5F21B5258A336,classic_bike,2021-09-23 08:35:39,2021-09-23 08:41:45,Grand St & Havemeyer St,5267,Bayard St & Leonard St,5442,40.71286844,-73.95698119,40.71915571696044,-73.94885390996933,member
335870,DCE6613E555A8E65,classic_bike,2021-09-26 09:47:14,2021-09-26 09:54:59,Stagg St & Union Ave,5117,Bayard St & Leonard St,5442,40.70877084,-73.95095259,40.71915571696044,-73.94885390996933,member
335879,735BFB936817C62B,classic_bike,2021-09-04 21:53:42,2021-09-04 22:03:05,Grand St & Havemeyer St,5267,Bayard St & Leonard St,5442,40.71286844,-73.95698119,40.71915571696044,-73.94885390996933,member
335887,A75C023C8F737C5D,classic_bike,2021-09-01 16:43:04,2021-09-01 16:47:16,Grand St & Havemeyer St,5267,Bayard St & Leonard St,5442,40.71286844,-73.95698119,40.71915571696044,-73.94885390996933,member
335888,BC076254F1EC08D6,electric_bike,2021-09-30 16:48:24,2021-09-30 16:55:50,Grand St & Havemeyer St,5267,Bayard St & Leonard St,5442,40.71286844,-73.95698119,40.71915571696044,-73.94885390996933,member
335898,F3173FAEAF6A38B5,electric_bike,2021-09-30 19:22:32,2021-09-30 19:30:05,Stagg St & Union Ave,5117,Bayard St & Leonard St,5442,40.70877084,-73.95095259,40.71915571696044,-73.94885390996933,member
335933,EFCF54D7E793AE06,electric_bike,2021-09-07 17:58:41,2021-09-07 19:32:15,Stagg St & Union Ave,5117,Bayard St & Leonard St,5442,40.70877084,-73.95095259,40.71915571696044,-73.94885390996933,casual
335965,B6AE33D8E37BA2C6,classic_bike,2021-09-29 19:01:14,2021-09-29 19:10:08,Stagg St & Union Ave,5117,Bayard St & Leonard St,5442,40.70877084,-73.95095259,40.71915571696044,-73.94885390996933,member
335974,F2907D41F76F624B,classic_bike,2021-09-12 12:52:45,2021-09-12 13:00:13,Stagg St & Union Ave,5117,Bayard St & Leonard St,5442,40.70877084,-73.95095259,40.71915571696044,-73.94885390996933,member
335995,629106803ECCBD12,classic_bike,2021-09-26 20:09:22,2021-09-26 20:15:29,Stagg St & Union Ave,5117,Bayard St & Leonard St,5442,40.70877084,-73.95095259,40.71915571696044,-73.94885390996933,member
336002,A4B71AD2D4682910,classic_bike,2021-09-20 08:54:40,2021-09-20 09:03:14,Stagg St & Union Ave,5117,Bayard St & Leonard St,5442,40.70877084,-73.95095259,40.71915571696044,-73.94885390996933,member
336018,DFFC8AA61ECE8972,classic_bike,2021-09-12 09:06:25,2021-09-12 09:14:32,Stagg St & Union Ave,5117,Bayard St & Leonard St,5442,40.70877084,-73.95095259,40.71915571696044,-73.94885390996933,member
336022,0A088914E937D6CE,electric_bike,2021-09-15 21:34:13,2021-09-15 21:39:52,Stagg St & Union Ave,5117,Bayard St & Leonard St,5442,40.70877084,-73.95095259,40.71915571696044,-73.94885390996933,member
336029,CE88CB5EC88B4411,classic_bike,2021-09-02 08:22:30,2021-09-02 08:28:58,Leonard St & Maujer St,5148,Bayard St & Leonard St,5442,40.7103685423523,-73.94705951213837,40.71915571696044,-73.94885390996933,casual
336031,933339395442388B,classic_bike,2021-09-22 18:16:54,2021-09-22 18:32:42,Driggs Ave & N Henry St,5542,Bayard St & Leonard St,5442,40.72325,-73.94308,40.71915571696044,-73.94885390996933,casual
336087,639F6C93427DC321,classic_bike,2021-09-21 19:42:15,2021-09-21 19:49:40,Leonard St & Maujer St,5148,Bayard St & Leonard St,5442,40.7103685423523,-73.94705951213837,40.71915571696044,-73.94885390996933,member
336112,236363CADC53F583,classic_bike,2021-09-22 18:34:19,2021-09-22 18:40:28,Leonard St & Maujer St,5148,Bayard St & Leonard St,5442,40.7103685423523,-73.94705951213837,40.71915571696044,-73.94885390996933,member
336113,46B11EEE9121F353,classic_bike,2021-09-18 09:35:44,2021-09-18 09:40:39,Leonard St & Maujer St,5148,Bayard St & Leonard St,5442,40.7103685423523,-73.94705951213837,40.71915571696044,-73.94885390996933,member
336129,415D576D2EA75480,electric_bike,2021-09-29 15:13:48,2021-09-29 15:33:00,Lafayette St & Jersey St,5561,Bayard St & Leonard St,5442,40.72456089,-73.99565293,40.71915571696044,-73.94885390996933,member
336172,A281C6753C5F1E50,electric_bike,2021-09-22 01:28:37,2021-09-22 01:56:24,W 4 St & 7 Ave S,5880,Bayard St & Leonard St,5442,40.73401143,-74.00293877,40.71915571696044,-73.94885390996933,member
336215,DFDDF397A745D38A,classic_bike,2021-09-06 06:51:16,2021-09-06 06:56:50,Leonard St & Maujer St,5148,Bayard St & Leonard St,5442,40.7103685423523,-73.94705951213837,40.71915571696044,-73.94885390996933,member
336239,B13C3CCA7DEB2B48,classic_bike,2021-09-08 17:11:59,2021-09-08 17:13:49,Union Ave & N 12 St,5411,Bayard St & Leonard St,5442,40.71924,-73.95242,40.71915571696044,-73.94885390996933,member
336392,85E8F7E0784D5AB0,classic_bike,2021-09-10 08:43:19,2021-09-10 08:50:25,Stagg St & Union Ave,5117,Bayard St & Leonard St,5442,40.70877084,-73.95095259,40.71915571696044,-73.94885390996933,member
336578,1FA4ABE07DB5E2FE,electric_bike,2021-09-12 06:50:25,2021-09-12 06:51:49,Frost St & Meeker Ave,5371,Bayard St & Leonard St,5442,40.71766197083994,-73.94880026578903,40.71915571696044,-73.94885390996933,member
336669,ED5D37DC8836568A,electric_bike,2021-09-08 18:17:11,2021-09-08 18:26:23,Park Ave & Marcus Garvey Blvd,4768,Bayard St & Leonard St,5442,40.698617,-73.941342,40.71915571696044,-73.94885390996933,casual
336873,40F0057D79944872,classic_bike,2021-09-05 17:06:56,2021-09-05 17:19:38,McKibbin St & Manhattan Ave,4996,Bayard St & Leonard St,5442,40.70510918,-73.94407279,40.71915571696044,-73.94885390996933,casual
336977,E2F11A1175072C73,classic_bike,2021-09-17 07:51:27,2021-09-17 07:56:46,Grand St & Havemeyer St,5267,Bayard St & Leonard St,5442,40.71286844,-73.95698119,40.71915571696044,-73.94885390996933,member
337039,758F91E5D4CE9451,classic_bike,2021-09-24 11:55:12,2021-09-24 12:00:25,Grand St & Havemeyer St,5267,Bayard St & Leonard St,5442,40.71286844,-73.95698119,40.71915571696044,-73.94885390996933,casual
337998,B315BF2E172D8548,classic_bike,2021-09-04 18:53:07,2021-09-04 19:01:48,Bayard St & Leonard St,5442,Sharon St & Olive St,5323,40.71915571696044,-73.94885390996933,40.715353,-73.93856,casual
349597,51691EAACEAE7388,classic_bike,2021-09-07 19:27:51,2021-09-07 19:31:56,Bayard St & Leonard St,5442,Engert Ave & McGuinness Blvd,5473,40.71915571696044,-73.94885390996933,40.72158,-73.94546,member
349630,D3643517BFB74A52,classic_bike,2021-09-09 23:50:48,2021-09-10 00:21:11,Bayard St & Leonard St,5442,Bergen St & 4 Ave,4322,40.71915571696044,-73.94885390996933,40.68256425759694,-73.9798977971077,casual
351192,852570E103A3160A,classic_bike,2021-09-03 23:02:45,2021-09-03 23:09:45,Bayard St & Leonard St,5442,Milton St & Franklin St,5752,40.71915571696044,-73.94885390996933,40.72906,-73.95779,casual
351205,DA6B6B828AACCAA1,classic_bike,2021-09-09 19:13:07,2021-09-09 19:20:58,Bayard St & Leonard St,5442,Milton St & Franklin St,5752,40.71915571696044,-73.94885390996933,40.72906,-73.95779,casual
353756,CC86AECAF6B5DA2D,classic_bike,2021-09-04 18:40:50,2021-09-04 18:51:45,Manhattan Av & Leonard St,5442,Milton St & Franklin St,5752,40.72084,-73.94844,40.72906,-73.95779,member
354941,8D6863267535BA9A,electric_bike,2021-09-07 22:41:00,2021-09-07 22:57:17,Bayard St & Leonard St,5442,Center Blvd & 51 Ave,6179,40.71915571696044,-73.94885390996933,40.74336608027021,-73.95960688591003,member
361887,48A13AE3B06AE9AE,electric_bike,2021-09-01 17:25:09,2021-09-01 17:35:57,Bayard St & Leonard St,5442,Vernon Blvd & 47 Rd,6212,40.71915571696044,-73.94885390996933,40.7449067,-73.9534573,member
367400,F5464D20D934AD8D,classic_bike,2021-09-30 21:06:57,2021-09-30 21:33:22,Bayard St & Leonard St,5442,Park Pl & Franklin Ave,4033,40.71915571696044,-73.94885390996933,40.6741806,-73.9564947,member
367401,1287B53DE37437A7,classic_bike,2021-09-21 21:03:39,2021-09-21 21:39:29,Bayard St & Leonard St,5442,Park Pl & Franklin Ave,4033,40.71915571696044,-73.94885390996933,40.6741806,-73.9564947,member
367438,19E63D319A3FFB33,classic_bike,2021-09-09 21:04:04,2021-09-09 21:30:17,Bayard St & Leonard St,5442,Park Pl & Franklin Ave,4033,40.71915571696044,-73.94885390996933,40.6741806,-73.9564947,member
377320,26B5ED21E649D0A0,classic_bike,2021-09-19 12:54:32,2021-09-19 14:18:30,Bayard St & Leonard St,5442,Southpoint Park,6566,40.71915571696044,-73.94885390996933,40.75370225419114,-73.95865201950072,casual
377373,C0BD2D992A264694,electric_bike,2021-09-13 18:39:13,2021-09-13 19:04:23,Bayard St & Leonard St,5442,Park Pl & Franklin Ave,4033,40.71915571696044,-73.94885390996933,40.6741806,-73.9564947,member
377799,C1EB1B080AD22FCA,electric_bike,2021-09-03 23:45:27,2021-09-04 00:15:42,Manhattan Av & Leonard St,5442,Park Pl & Franklin Ave,4033,40.72084,-73.94844,40.6741806,-73.9564947,member
377913,459F177F5403223B,electric_bike,2021-09-19 12:50:20,2021-09-19 14:18:31,Bayard St & Leonard St,5442,Southpoint Park,6566,40.71915571696044,-73.94885390996933,40.75370225419114,-73.95865201950072,casual
377941,02A2478D8AFD3515,classic_bike,2021-09-29 21:06:08,2021-09-29 21:34:57,Bayard St & Leonard St,5442,Park Pl & Franklin Ave,4033,40.71915571696044,-73.94885390996933,40.6741806,-73.9564947,member
379040,75B7EB7AF8E944A7,classic_bike,2021-09-11 19:06:52,2021-09-11 19:34:22,Bayard St & Leonard St,5442,Park Pl & Franklin Ave,4033,40.71915571696044,-73.94885390996933,40.6741806,-73.9564947,member
382285,3C6DD93CCE1E1C45,classic_bike,2021-09-02 16:09:28,2021-09-02 16:31:44,Bayard St & Leonard St,5442,Emerson Pl & Myrtle Ave,4683,40.71915571696044,-73.94885390996933,40.69363137,-73.96223558,casual
384914,6C45215F93601DF7,classic_bike,2021-09-03 19:47:57,2021-09-03 20:16:13,Bayard St & Leonard St,5442,Sterling Pl & Bedford Ave,3993,40.71915571696044,-73.94885390996933,40.672695,-73.954131,member
384915,2C2DB93517BFF67A,classic_bike,2021-09-02 20:42:47,2021-09-02 21:08:31,Bayard St & Leonard St,5442,Sterling Pl & Bedford Ave,3993,40.71915571696044,-73.94885390996933,40.672695,-73.954131,member
385160,A20D807226A30FAA,electric_bike,2021-09-21 20:45:54,2021-09-21 21:04:04,Bayard St & Leonard St,5442,Sterling Pl & Bedford Ave,3993,40.71915571696044,-73.94885390996933,40.672695,-73.954131,member
389042,F2F8101EF41DCED8,electric_bike,2021-09-07 20:50:14,2021-09-07 21:10:06,Bayard St & Leonard St,5442,Sterling Pl & Bedford Ave,3993,40.71915571696044,-73.94885390996933,40.672695,-73.954131,member
389118,93082CD64AC1CAA2,classic_bike,2021-09-10 17:50:25,2021-09-10 18:18:36,Bayard St & Leonard St,5442,Sterling Pl & Bedford Ave,3993,40.71915571696044,-73.94885390996933,40.672695,-73.954131,member
389119,0A38D4D11CE55D0B,classic_bike,2021-09-28 09:29:18,2021-09-28 09:53:49,Bayard St & Leonard St,5442,Sterling Pl & Bedford Ave,3993,40.71915571696044,-73.94885390996933,40.672695,-73.954131,member
389283,AAFDA1AA9EDC0088,electric_bike,2021-09-14 20:44:00,2021-09-14 21:06:15,Bayard St & Leonard St,5442,Sterling Pl & Bedford Ave,3993,40.71915571696044,-73.94885390996933,40.672695,-73.954131,member
389319,D26B2F612C7363A0,classic_bike,2021-09-21 20:08:04,2021-09-21 20:35:16,Bayard St & Leonard St,5442,Emerson Pl & Myrtle Ave,4683,40.71915571696044,-73.94885390996933,40.69363137,-73.96223558,member
390476,1B2FA2A083E5E8DC,classic_bike,2021-09-22 17:06:58,2021-09-22 17:48:16,Bayard St & Leonard St,5442,Sterling Pl & Bedford Ave,3993,40.71915571696044,-73.94885390996933,40.672695,-73.954131,casual
394902,217DBEB82F718751,classic_bike,2021-09-14 08:14:09,2021-09-14 08:40:25,Bayard St & Leonard St,5442,Sterling Pl & Bedford Ave,3993,40.71915571696044,-73.94885390996933,40.672695,-73.954131,member
394962,B92A343D0C27B498,classic_bike,2021-09-21 08:19:13,2021-09-21 08:42:08,Bayard St & Leonard St,5442,Sterling Pl & Bedford Ave,3993,40.71915571696044,-73.94885390996933,40.672695,-73.954131,member
408740,02BFE1692E01E6EC,classic_bike,2021-09-06 13:19:01,2021-09-06 13:45:00,Manhattan Av & Leonard St,5442,Sterling Pl & Bedford Ave,3993,40.72084,-73.94844,40.672695,-73.954131,member
414086,1C8D0C3ACBC04543,classic_bike,2021-09-03 00:03:00,2021-09-03 00:06:17,Union Ave & N 12 St,5411,Manhattan Av & Leonard St,5442,40.71924,-73.95242,40.72084,-73.94844,casual
414090,5B87BF3BF2BAEF0D,classic_bike,2021-09-12 10:54:29,2021-09-12 11:08:00,White St & Johnson Ave,5099,Manhattan Av & Leonard St,5442,40.707174,-73.93581,40.72084,-73.94844,casual
414092,C9680CC4AC67BCA4,classic_bike,2021-09-05 15:01:12,2021-09-05 15:05:09,Union Ave & N 12 St,5411,Manhattan Av & Leonard St,5442,40.71924,-73.95242,40.72084,-73.94844,casual
414096,3647F2DA7B7ABC03,classic_bike,2021-09-04 14:30:29,2021-09-04 14:56:29,S Portland Ave & Hanson Pl,4354,Manhattan Av & Leonard St,5442,40.68539567,-73.97431458,40.72084,-73.94844,member
414114,722AA966FDF556AF,electric_bike,2021-09-20 19:54:15,2021-09-20 20:21:32,3 Ave & E 62 St,6762,Manhattan Av & Leonard St,5442,40.76312584,-73.96526895,40.72084,-73.94844,member
414216,EB6199E0173604DB,classic_bike,2021-09-04 18:41:04,2021-09-04 19:08:06,Sharon St & Olive St,5323,Manhattan Av & Leonard St,5442,40.715353,-73.93856,40.72084,-73.94844,casual
414292,2B91C47508614A8C,classic_bike,2021-09-07 11:25:04,2021-09-07 11:34:42,McGuinness Blvd & Eagle St,5977,Manhattan Av & Leonard St,5442,40.73555,-73.95284,40.72084,-73.94844,member
414315,34D086108519BD1C,classic_bike,2021-09-18 15:06:16,2021-09-18 15:15:29,McGuinness Blvd & Eagle St,5977,Manhattan Av & Leonard St,5442,40.73555,-73.95284,40.72084,-73.94844,member
414329,FC320771B53BBAB8,classic_bike,2021-09-02 09:33:48,2021-09-02 09:54:37,McGuinness Blvd & Eagle St,5977,Manhattan Av & Leonard St,5442,40.73555,-73.95284,40.72084,-73.94844,casual
414356,DCD2EEAB9577AB61,classic_bike,2021-09-27 12:53:55,2021-09-27 12:57:47,Bedford Ave & Nassau Ave,5550,Manhattan Av & Leonard St,5442,40.72311651,-73.95212324,40.72084,-73.94844,member
414410,9A66A37D7672C529,classic_bike,2021-09-21 13:25:44,2021-09-21 13:27:54,Graham Ave & Herbert St,5403,Manhattan Av & Leonard St,5442,40.71929301,-73.94500379,40.72084,-73.94844,member
414481,E4B94438A18A9CBC,classic_bike,2021-09-14 10:04:08,2021-09-14 10:07:23,Meserole Ave & Manhattan Ave,5666,Manhattan Av & Leonard St,5442,40.72708584,-73.95299117,40.72084,-73.94844,member
414497,3EA451836FF6A98D,classic_bike,2021-09-30 15:31:25,2021-09-30 15:54:55,DeKalb Ave & Franklin Ave,4528,Manhattan Av & Leonard St,5442,40.69064807082943,-73.95746178925037,40.72084,-73.94844,member
414501,AA256A1807F0D3C5,electric_bike,2021-09-09 20:01:00,2021-09-09 20:18:51,DeKalb Ave & Franklin Ave,4528,Manhattan Av & Leonard St,5442,40.69064807082943,-73.95746178925037,40.72084,-73.94844,casual
414505,F49A76F8F7C4A369,classic_bike,2021-09-26 11:04:03,2021-09-26 11:09:20,Withers St & Kingsland Ave,5362,Manhattan Av & Leonard St,5442,40.71773,-73.94051,40.72084,-73.94844,member
414539,048F683C51A3C9DC,classic_bike,2021-09-01 16:33:35,2021-09-01 16:38:50,Graham Ave & Conselyea St,5291,Manhattan Av & Leonard St,5442,40.715143,-73.944507,40.72084,-73.94844,member
414543,A503BE516352CD4C,classic_bike,2021-09-27 18:52:05,2021-09-27 18:57:36,Graham Ave & Conselyea St,5291,Manhattan Av & Leonard St,5442,40.715143,-73.944507,40.72084,-73.94844,member
414544,509446CCED4CFBFC,classic_bike,2021-09-30 08:46:50,2021-09-30 08:51:41,Graham Ave & Conselyea St,5291,Manhattan Av & Leonard St,5442,40.715143,-73.944507,40.72084,-73.94844,member
414553,D4B7117D18FE0B76,classic_bike,2021-09-03 17:27:47,2021-09-03 17:33:40,Bushwick Ave & Stagg St,5140,Manhattan Av & Leonard St,5442,40.709897,-73.94008,40.72084,-73.94844,member
414558,8404D98B605FE3D9,classic_bike,2021-09-02 22:55:55,2021-09-02 22:58:57,Graham Ave & Conselyea St,5291,Manhattan Av & Leonard St,5442,40.715143,-73.944507,40.72084,-73.94844,casual
414562,04F1FCC91623051F,classic_bike,2021-09-01 16:02:54,2021-09-01 16:12:20,Graham Ave & Conselyea St,5291,Manhattan Av & Leonard St,5442,40.715143,-73.944507,40.72084,-73.94844,member
414563,F686A9C01C15D462,classic_bike,2021-09-13 21:40:41,2021-09-13 21:45:30,Graham Ave & Conselyea St,5291,Manhattan Av & Leonard St,5442,40.715143,-73.944507,40.72084,-73.94844,member
414570,45792C51F5E94246,classic_bike,2021-09-20 17:42:37,2021-09-20 17:48:34,Graham Ave & Herbert St,5403,Manhattan Av & Leonard St,5442,40.71929301,-73.94500379,40.72084,-73.94844,casual
414574,CC689E08CA678CA9,classic_bike,2021-09-04 15:27:25,2021-09-04 16:04:17,Bushwick Ave & Stagg St,5140,Manhattan Av & Leonard St,5442,40.709897,-73.94008,40.72084,-73.94844,member
414576,8514C59859976220,electric_bike,2021-09-22 19:47:39,2021-09-22 19:50:32,Graham Ave & Conselyea St,5291,Manhattan Av & Leonard St,5442,40.715143,-73.944507,40.72084,-73.94844,member
414578,4EE5ED255BB9329D,classic_bike,2021-09-11 23:38:55,2021-09-11 23:49:28,Bushwick Ave & Stagg St,5140,Manhattan Av & Leonard St,5442,40.709897,-73.94008,40.72084,-73.94844,member
414581,527FFDF27CCCAD26,classic_bike,2021-09-18 17:40:33,2021-09-18 17:43:40,Graham Ave & Conselyea St,5291,Manhattan Av & Leonard St,5442,40.715143,-73.944507,40.72084,-73.94844,member
414585,BD96E93C2824EE64,classic_bike,2021-09-06 17:10:41,2021-09-06 17:15:44,Graham Ave & Conselyea St,5291,Manhattan Av & Leonard St,5442,40.715143,-73.944507,40.72084,-73.94844,member
414603,6437A4F3942A2959,classic_bike,2021-09-04 17:03:55,2021-09-04 17:35:29,Graham Ave & Conselyea St,5291,Manhattan Av & Leonard St,5442,40.715143,-73.944507,40.72084,-73.94844,member
414606,5CD959FE8D898256,classic_bike,2021-09-15 18:13:29,2021-09-15 18:17:22,Graham Ave & Conselyea St,5291,Manhattan Av & Leonard St,5442,40.715143,-73.944507,40.72084,-73.94844,member
414619,D396A675E6937F9B,classic_bike,2021-09-24 16:53:31,2021-09-24 16:57:00,Graham Ave & Conselyea St,5291,Manhattan Av & Leonard St,5442,40.715143,-73.944507,40.72084,-73.94844,member
414738,0563178DDAD340F7,electric_bike,2021-09-18 13:26:09,2021-09-18 14:26:01,Garfield Pl & 8 Ave,3978,Manhattan Av & Leonard St,5442,40.6711978,-73.97484126,40.72084,-73.94844,member
414742,71D8C44BA154769F,classic_bike,2021-09-06 14:09:25,2021-09-06 14:29:07,Halsey St & Tompkins Ave,4319,Manhattan Av & Leonard St,5442,40.6823687,-73.944118,40.72084,-73.94844,member
414748,754AECC6968C4BFE,classic_bike,2021-09-14 18:13:30,2021-09-14 18:36:17,Halsey St & Tompkins Ave,4319,Manhattan Av & Leonard St,5442,40.6823687,-73.944118,40.72084,-73.94844,casual
414823,1E4E2600E88E4085,classic_bike,2021-09-15 20:49:50,2021-09-15 21:06:48,Driggs Ave & Lorimer St,5481,Manhattan Av & Leonard St,5442,40.72179134,-73.9504154,40.72084,-73.94844,member
414863,C975597E9EE71BE6,electric_bike,2021-09-03 18:02:37,2021-09-03 18:34:56,Driggs Ave & Lorimer St,5481,Manhattan Av & Leonard St,5442,40.72179134,-73.9504154,40.72084,-73.94844,casual
414864,EDEA0F73ED9595E0,classic_bike,2021-09-07 11:56:26,2021-09-07 12:41:55,Driggs Ave & Lorimer St,5481,Manhattan Av & Leonard St,5442,40.72179134,-73.9504154,40.72084,-73.94844,casual
414875,A6B4F332C8A3713E,classic_bike,2021-09-17 17:03:57,2021-09-17 17:31:46,Driggs Ave & Lorimer St,5481,Manhattan Av & Leonard St,5442,40.72179134,-73.9504154,40.72084,-73.94844,casual
414890,F5AEF2C084F08D4D,classic_bike,2021-09-28 10:01:13,2021-09-28 10:47:51,Driggs Ave & Lorimer St,5481,Manhattan Av & Leonard St,5442,40.72179134,-73.9504154,40.72084,-73.94844,member
414906,1B5A6DF14E252681,classic_bike,2021-09-03 19:48:12,2021-09-03 20:18:11,Bushwick Ave & Harman St,4640,Manhattan Av & Leonard St,5442,40.69356,-73.92524,40.72084,-73.94844,casual
414966,4B49BDF955356FB9,classic_bike,2021-09-02 17:27:23,2021-09-02 17:49:33,Bushwick Ave & Harman St,4640,Manhattan Av & Leonard St,5442,40.69356,-73.92524,40.72084,-73.94844,member
414983,5A3AC71A071565E1,classic_bike,2021-09-22 15:38:58,2021-09-22 15:59:38,Jefferson St & Cypress Ave,5082,Manhattan Av & Leonard St,5442,40.70907,-73.92157,40.72084,-73.94844,casual
415071,ED3CDB8A90072DA4,classic_bike,2021-09-07 19:23:03,2021-09-07 19:39:05,46 Ave & 5 St,6286,Manhattan Av & Leonard St,5442,40.74731,-73.95451,40.72084,-73.94844,member
415072,D1E71EC60179549C,classic_bike,2021-09-03 16:45:21,2021-09-03 17:08:16,44 Dr & Jackson Ave,6352,Manhattan Av & Leonard St,5442,40.74718234,-73.9432635,40.72084,-73.94844,casual
415079,AA8D5397616431E2,classic_bike,2021-09-08 19:08:15,2021-09-08 19:50:19,Forest Ave & Summerfield St,4798,Manhattan Av & Leonard St,5442,40.69922,-73.89795,40.72084,-73.94844,casual
415082,EDC27BF91C7D3083,classic_bike,2021-09-17 18:22:21,2021-09-17 18:50:38,Forest Ave & Summerfield St,4798,Manhattan Av & Leonard St,5442,40.69922,-73.89795,40.72084,-73.94844,member
415083,B3D3876B83EA78B4,classic_bike,2021-09-12 00:37:44,2021-09-12 00:42:22,Roebling St & N 4 St,5267,Manhattan Av & Leonard St,5442,40.71469,-73.95739,40.72084,-73.94844,member
415087,E539ECBFEA604CDC,classic_bike,2021-09-08 19:41:45,2021-09-08 19:48:46,Roebling St & N 4 St,5267,Manhattan Av & Leonard St,5442,40.71469,-73.95739,40.72084,-73.94844,member
415096,1FD192A71DF937BF,classic_bike,2021-09-27 16:32:05,2021-09-27 17:15:43,Forest Ave & Summerfield St,4798,Manhattan Av & Leonard St,5442,40.69922,-73.89795,40.72084,-73.94844,member
415097,67882E5CC37E5332,classic_bike,2021-09-28 16:33:31,2021-09-28 16:57:00,Forest Ave & Summerfield St,4798,Manhattan Av & Leonard St,5442,40.69922,-73.89795,40.72084,-73.94844,member
415101,14DE4C93AFB22CA9,classic_bike,2021-09-22 13:32:12,2021-09-22 13:59:40,Madison St & Forest Ave,5025,Manhattan Av & Leonard St,5442,40.70555,-73.90245,40.72084,-73.94844,member
415110,43B278F1CBE05939,classic_bike,2021-09-10 15:06:58,2021-09-10 15:31:30,Macon St & Nostrand Ave,4214,Manhattan Av & Leonard St,5442,40.6809833854,-73.9500479759,40.72084,-73.94844,member
415161,E4D5A92890C84C77,classic_bike,2021-09-04 03:59:47,2021-09-04 04:26:15,Metropolitan Ave & Stewart Ave,5273,Manhattan Av & Leonard St,5442,40.71401,-73.92793,40.72084,-73.94844,casual
415164,D2AABF4F21F762DC,classic_bike,2021-09-07 20:57:07,2021-09-07 21:31:26,Degraw St & Smith St,4298,Manhattan Av & Leonard St,5442,40.6829151,-73.99318208,40.72084,-73.94844,casual
415172,64C4DFEC4F910960,classic_bike,2021-09-27 18:12:23,2021-09-27 18:41:04,University Pl & E 14 St,5905,Manhattan Av & Leonard St,5442,40.734814,-73.992085,40.72084,-73.94844,member
415182,AD7128B1E3D2BBBA,classic_bike,2021-09-06 10:34:27,2021-09-06 10:39:11,N 11 St & Kent Ave,5489,Manhattan Av & Leonard St,5442,40.72248188638219,-73.95921930670738,40.72084,-73.94844,casual
415216,C21485B235B90CB0,electric_bike,2021-09-09 18:06:07,2021-09-09 18:10:07,N 11 St & Kent Ave,5489,Manhattan Av & Leonard St,5442,40.72248188638219,-73.95921930670738,40.72084,-73.94844,member
415255,14FA347D0BFACCEB,electric_bike,2021-09-21 10:22:08,2021-09-21 10:37:03,Marcy Ave & Lafayette Ave,4476,Manhattan Av & Leonard St,5442,40.6900815,-73.947915,40.72084,-73.94844,member
415264,59194B2138BC4C8D,classic_bike,2021-09-15 17:57:09,2021-09-15 18:02:56,N 11 St & Kent Ave,5489,Manhattan Av & Leonard St,5442,40.72248188638219,-73.95921930670738,40.72084,-73.94844,member
415287,349FCD6129501B1E,classic_bike,2021-09-25 11:24:29,2021-09-25 11:28:51,Jackson St & Leonard St,5332,Manhattan Av & Leonard St,5442,40.71638031973561,-73.94821286201477,40.72084,-73.94844,member
415301,1165F677EF9C86EE,classic_bike,2021-09-23 13:53:55,2021-09-23 13:59:21,Jackson St & Leonard St,5332,Manhattan Av & Leonard St,5442,40.71638031973561,-73.94821286201477,40.72084,-73.94844,casual
415317,55B5AE259B9A3692,classic_bike,2021-09-17 20:21:28,2021-09-17 20:43:33,Marcy Ave & Lafayette Ave,4476,Manhattan Av & Leonard St,5442,40.6900815,-73.947915,40.72084,-73.94844,casual
415332,D395FE4425490038,classic_bike,2021-09-10 21:34:43,2021-09-10 22:00:38,Underhill Ave & Pacific St,4231,Manhattan Av & Leonard St,5442,40.6804836,-73.9646795,40.72084,-73.94844,member
415357,5610A2311D676CEB,classic_bike,2021-09-26 13:18:33,2021-09-26 13:25:07,Graham Ave & Grand St,5178,Manhattan Av & Leonard St,5442,40.711863,-73.944024,40.72084,-73.94844,member
415363,F0B1724542EC0CFC,electric_bike,2021-09-26 16:40:36,2021-09-26 16:51:29,Graham Ave & Grand St,5178,Manhattan Av & Leonard St,5442,40.711863,-73.944024,40.72084,-73.94844,member
415384,53184B951474D065,electric_bike,2021-09-04 02:24:07,2021-09-04 02:28:20,Graham Ave & Grand St,5178,Manhattan Av & Leonard St,5442,40.711863,-73.944024,40.72084,-73.94844,member
415393,C50E72504741EFF3,classic_bike,2021-09-10 13:28:03,2021-09-10 13:43:52,McKibbin St & Bogart St,5059,Manhattan Av & Leonard St,5442,40.706237,-73.933871,40.72084,-73.94844,casual
415405,9DB515AC8D2C2BE0,classic_bike,2021-09-18 11:37:49,2021-09-18 11:43:24,Graham Ave & Grand St,5178,Manhattan Av & Leonard St,5442,40.711863,-73.944024,40.72084,-73.94844,casual
415424,B1BF3856C3A64EB0,classic_bike,2021-09-03 20:04:43,2021-09-03 20:12:52,Graham Ave & Grand St,5178,Manhattan Av & Leonard St,5442,40.711863,-73.944024,40.72084,-73.94844,member
415438,DFAF26E2F2686ED7,electric_bike,2021-09-24 18:49:49,2021-09-24 19:11:57,Rivington St & Chrystie St,5453,Manhattan Av & Leonard St,5442,40.72110063,-73.9919254,40.72084,-73.94844,member
415453,506D4F76E0E565EC,classic_bike,2021-09-27 18:04:34,2021-09-27 18:13:00,Montrose Ave & Bushwick Ave,5068,Manhattan Av & Leonard St,5442,40.70767788,-73.94016171,40.72084,-73.94844,casual
415458,20C9B9992FA4DA9A,classic_bike,2021-09-25 15:17:44,2021-09-25 15:31:05,N 6 St & Bedford Ave,5379,Manhattan Av & Leonard St,5442,40.71745169,-73.95850939,40.72084,-73.94844,casual
415473,145C7EABDBB2DFA0,classic_bike,2021-09-27 16:13:39,2021-09-27 16:22:30,N 6 St & Bedford Ave,5379,Manhattan Av & Leonard St,5442,40.71745169,-73.95850939,40.72084,-73.94844,member
415475,6A6DEAAE5D551BAE,classic_bike,2021-09-29 14:30:48,2021-09-29 14:35:44,N 6 St & Bedford Ave,5379,Manhattan Av & Leonard St,5442,40.71745169,-73.95850939,40.72084,-73.94844,member
415476,53EAD8ED508CF331,electric_bike,2021-09-29 10:19:43,2021-09-29 10:26:14,Montrose Ave & Bushwick Ave,5068,Manhattan Av & Leonard St,5442,40.70767788,-73.94016171,40.72084,-73.94844,member
415491,C8ED59E923A25694,classic_bike,2021-09-17 07:09:10,2021-09-17 07:23:01,Montrose Ave & Bushwick Ave,5068,Manhattan Av & Leonard St,5442,40.70767788,-73.94016171,40.72084,-73.94844,casual
415495,D6C6A2411F6366B6,electric_bike,2021-09-06 14:15:07,2021-09-06 14:21:06,N 6 St & Bedford Ave,5379,Manhattan Av & Leonard St,5442,40.71745169,-73.95850939,40.72084,-73.94844,casual
415500,921F223AF8175E28,electric_bike,2021-09-11 21:58:17,2021-09-11 22:25:44,MacDougal St & Prince St,5687,Manhattan Av & Leonard St,5442,40.72710258,-74.00297088,40.72084,-73.94844,casual
415521,5F452B10F4D39459,classic_bike,2021-09-06 13:28:28,2021-09-06 13:35:06,Nassau Ave & Russell St,5581,Manhattan Av & Leonard St,5442,40.72557,-73.94434,40.72084,-73.94844,member
415531,31D50C1206F7B139,classic_bike,2021-09-06 21:29:16,2021-09-06 21:34:20,Driggs Ave & N 9 St,5411,Manhattan Av & Leonard St,5442,40.71816969454208,-73.95520135760307,40.72084,-73.94844,casual
415533,ADC9127E53F1CF5B,classic_bike,2021-09-07 16:07:57,2021-09-07 16:12:39,Driggs Ave & N 9 St,5411,Manhattan Av & Leonard St,5442,40.71816969454208,-73.95520135760307,40.72084,-73.94844,member
415534,C3DCEA6433DAF0F8,classic_bike,2021-09-07 19:44:35,2021-09-07 19:50:25,Driggs Ave & N 9 St,5411,Manhattan Av & Leonard St,5442,40.71816969454208,-73.95520135760307,40.72084,-73.94844,member
415535,685D37E92B78FFDE,classic_bike,2021-09-03 20:17:47,2021-09-03 20:23:42,Devoe St & Lorimer St,5259,Manhattan Av & Leonard St,5442,40.71335226222875,-73.9491033554077,40.72084,-73.94844,member
415541,2C0C10B8434358B6,electric_bike,2021-09-26 13:32:06,2021-09-26 13:55:29,Monroe St & Classon Ave,4336,Manhattan Av & Leonard St,5442,40.6845683,-73.95881081,40.72084,-73.94844,member
415545,B0AACF9B52B8AE7E,classic_bike,2021-09-17 23:30:03,2021-09-17 23:38:26,Driggs Ave & N 9 St,5411,Manhattan Av & Leonard St,5442,40.71816969454208,-73.95520135760307,40.72084,-73.94844,member
415563,BB167BFF6810592D,classic_bike,2021-09-21 16:02:12,2021-09-21 16:20:01,Allen St & Rivington St,5414,Manhattan Av & Leonard St,5442,40.72019576,-73.98997825,40.72084,-73.94844,member
415571,E16C2184F6BD07BB,classic_bike,2021-09-16 11:21:28,2021-09-16 11:22:53,Bayard St & Leonard St,5442,Manhattan Av & Leonard St,5442,40.71915571696044,-73.94885390996933,40.72084,-73.94844,member
415572,B084F762EE0885CF,classic_bike,2021-09-07 23:08:13,2021-09-07 23:10:22,Bayard St & Leonard St,5442,Manhattan Av & Leonard St,5442,40.71915571696044,-73.94885390996933,40.72084,-73.94844,member
415573,1D1C74E428D6FE09,classic_bike,2021-09-30 20:45:44,2021-09-30 20:50:24,Bayard St & Leonard St,5442,Graham Ave & Withers St,5403,40.71915571696044,-73.94885390996933,40.7169811,-73.94485918,member
415576,83FBBED6F73127E4,classic_bike,2021-09-03 10:18:55,2021-09-03 10:20:50,Bayard St & Leonard St,5442,Manhattan Av & Leonard St,5442,40.71915571696044,-73.94885390996933,40.72084,-73.94844,member
415579,39476BDDF9D4FE55,classic_bike,2021-09-04 15:24:42,2021-09-04 15:37:56,Broadway & Berry St,5164,Manhattan Av & Leonard St,5442,40.71044554,-73.96525063,40.72084,-73.94844,casual
415585,DCF081357FF5EE11,docked_bike,2021-09-22 15:38:28,2021-09-22 15:59:44,Jefferson St & Cypress Ave,5082,Manhattan Av & Leonard St,5442,40.70907,-73.92157,40.72084,-73.94844,casual
415592,0F1D2F501B326A8D,classic_bike,2021-09-29 23:41:04,2021-09-29 23:46:16,Bayard St & Leonard St,5442,Manhattan Av & Leonard St,5442,40.71915571696044,-73.94885390996933,40.72084,-73.94844,casual
415605,7E9543BE39D40162,classic_bike,2021-09-25 14:05:12,2021-09-25 14:07:34,Bayard St & Leonard St,5442,Graham Ave & Withers St,5403,40.71915571696044,-73.94885390996933,40.7169811,-73.94485918,member
415606,4681FA2B0EA6C2A1,classic_bike,2021-09-25 14:14:19,2021-09-25 14:17:27,Bayard St & Leonard St,5442,Graham Ave & Withers St,5403,40.71915571696044,-73.94885390996933,40.7169811,-73.94485918,member
415607,A3C4FBC18032AC09,classic_bike,2021-09-25 13:56:24,2021-09-25 13:59:07,Bayard St & Leonard St,5442,Graham Ave & Withers St,5403,40.71915571696044,-73.94885390996933,40.7169811,-73.94485918,member
415618,09014E89E3C0AC5E,classic_bike,2021-09-04 12:08:12,2021-09-04 12:34:54,N 15 St & Wythe Ave,5520,Manhattan Av & Leonard St,5442,40.724055,-73.955736,40.72084,-73.94844,casual
415620,A291BCEB9BD3D42A,classic_bike,2021-09-26 19:05:01,2021-09-26 19:08:25,N 15 St & Wythe Ave,5520,Manhattan Av & Leonard St,5442,40.724055,-73.955736,40.72084,-73.94844,casual
415640,269FC54F36FF4B7A,classic_bike,2021-09-07 09:33:14,2021-09-07 09:37:56,N 12 St & Bedford Ave,5450,Manhattan Av & Leonard St,5442,40.72079821,-73.95484712,40.72084,-73.94844,member
415641,3216FF189D95B9E2,classic_bike,2021-09-07 09:05:05,2021-09-07 09:10:49,N 15 St & Wythe Ave,5520,Manhattan Av & Leonard St,5442,40.724055,-73.955736,40.72084,-73.94844,member
415642,65942AEB298B1A0D,classic_bike,2021-09-07 09:21:20,2021-09-07 09:25:34,N 12 St & Bedford Ave,5450,Manhattan Av & Leonard St,5442,40.72079821,-73.95484712,40.72084,-73.94844,member
415644,ECF161123FE48091,classic_bike,2021-09-10 22:16:33,2021-09-10 22:19:21,N 12 St & Bedford Ave,5450,Manhattan Av & Leonard St,5442,40.72079821,-73.95484712,40.72084,-73.94844,member
415647,971A8BB1013DAE60,classic_bike,2021-09-05 11:25:57,2021-09-05 11:32:59,N 12 St & Bedford Ave,5450,Manhattan Av & Leonard St,5442,40.72079821,-73.95484712,40.72084,-73.94844,member
415657,A8DF7532AEA95210,classic_bike,2021-09-09 20:20:59,2021-09-09 20:22:21,Driggs Ave & Lorimer St,5481,Manhattan Av & Leonard St,5442,40.72179134,-73.9504154,40.72084,-73.94844,member
415663,40ADFD88E7BE68F3,electric_bike,2021-09-04 00:27:12,2021-09-04 00:30:17,Driggs Ave & Lorimer St,5481,Manhattan Av & Leonard St,5442,40.72179134,-73.9504154,40.72084,-73.94844,member
415681,5932E13638A89C37,classic_bike,2021-09-07 12:32:40,2021-09-07 12:39:15,N 12 St & Bedford Ave,5450,Manhattan Av & Leonard St,5442,40.72079821,-73.95484712,40.72084,-73.94844,member
415682,7E13615CABA1632B,classic_bike,2021-09-06 15:07:55,2021-09-06 15:13:06,N 12 St & Bedford Ave,5450,Manhattan Av & Leonard St,5442,40.72079821,-73.95484712,40.72084,-73.94844,member
415685,A27E67AF24D9FC89,classic_bike,2021-09-03 15:34:11,2021-09-03 16:21:10,N 15 St & Wythe Ave,5520,Manhattan Av & Leonard St,5442,40.724055,-73.955736,40.72084,-73.94844,casual
415716,6174AB82A09564C7,classic_bike,2021-09-13 20:06:21,2021-09-13 20:15:23,Powers St & Olive St,5210,Manhattan Av & Leonard St,5442,40.71323,-73.93894,40.72084,-73.94844,member
415727,B847932CDF6CD761,classic_bike,2021-09-16 19:26:14,2021-09-16 19:34:01,Powers St & Olive St,5210,Manhattan Av & Leonard St,5442,40.71323,-73.93894,40.72084,-73.94844,member
415729,3E5BD015A7459819,classic_bike,2021-09-15 10:47:55,2021-09-15 10:55:11,Powers St & Olive St,5210,Manhattan Av & Leonard St,5442,40.71323,-73.93894,40.72084,-73.94844,member
415738,E73A00F36FA4D6B5,classic_bike,2021-09-11 14:25:40,2021-09-11 14:31:09,Powers St & Olive St,5210,Manhattan Av & Leonard St,5442,40.71323,-73.93894,40.72084,-73.94844,casual
415745,3B1DC6247E3993BD,electric_bike,2021-09-04 14:07:02,2021-09-04 14:15:17,Powers St & Olive St,5210,Manhattan Av & Leonard St,5442,40.71323,-73.93894,40.72084,-73.94844,casual
415748,ABA04F156C0F1FF5,classic_bike,2021-09-24 18:50:33,2021-09-24 19:34:17,7 Ave & Park Pl,4125,Manhattan Av & Leonard St,5442,40.6776147,-73.97324283,40.72084,-73.94844,member
415759,2B3018C55923D1DC,classic_bike,2021-09-22 20:51:18,2021-09-22 21:00:06,Powers St & Olive St,5210,Manhattan Av & Leonard St,5442,40.71323,-73.93894,40.72084,-73.94844,member
415760,64AF18E88BB7F1C6,classic_bike,2021-09-06 13:33:06,2021-09-06 13:43:51,Powers St & Olive St,5210,Manhattan Av & Leonard St,5442,40.71323,-73.93894,40.72084,-73.94844,casual
415763,14D7DB8802288A54,classic_bike,2021-09-10 07:53:28,2021-09-10 08:02:11,Powers St & Olive St,5210,Manhattan Av & Leonard St,5442,40.71323,-73.93894,40.72084,-73.94844,member
415766,759904EA64207631,classic_bike,2021-09-06 12:39:47,2021-09-06 12:55:34,Marcus Garvey Blvd & Macon St,4278,Manhattan Av & Leonard St,5442,40.682601,-73.938037,40.72084,-73.94844,casual
415770,3F88D1492F6BDA4E,classic_bike,2021-09-29 17:04:53,2021-09-29 17:52:41,W 84 St & Columbus Ave,7382,Manhattan Av & Leonard St,5442,40.78499979,-73.97283406,40.72084,-73.94844,member
415776,075F313304F4CC20,classic_bike,2021-09-18 12:42:34,2021-09-18 13:05:38,Marcus Garvey Blvd & Macon St,4278,Manhattan Av & Leonard St,5442,40.682601,-73.938037,40.72084,-73.94844,casual
415811,84158CB787851BD9,classic_bike,2021-09-03 15:47:11,2021-09-03 15:57:27,Hope St & Union Ave,5187,Manhattan Av & Leonard St,5442,40.71167351,-73.95141312,40.72084,-73.94844,casual
415837,EA22A8EED668D1B4,electric_bike,2021-09-23 09:54:32,2021-09-23 10:08:14,Beaver St & Fayette St,4840,Manhattan Av & Leonard St,5442,40.70099,-73.93921,40.72084,-73.94844,member
415842,8A36FD0BC484CF3A,classic_bike,2021-09-22 13:56:31,2021-09-22 14:25:14,Knickerbocker Ave & Hancock St,4663,Manhattan Av & Leonard St,5442,40.69385,-73.90974,40.72084,-73.94844,member
415896,95852842D55EED27,electric_bike,2021-09-17 18:07:22,2021-09-17 18:25:54,Clinton St & Grand St,5303,Manhattan Av & Leonard St,5442,40.71559509,-73.9870295,40.72084,-73.94844,member
415912,1875A0090E4ACB2F,classic_bike,2021-09-26 14:04:49,2021-09-26 14:08:49,Graham Ave & Conselyea St,5291,Manhattan Av & Leonard St,5442,40.715143,-73.944507,40.72084,-73.94844,member
415913,14CC6D99997B1844,classic_bike,2021-09-13 15:46:24,2021-09-13 15:50:48,Graham Ave & Conselyea St,5291,Manhattan Av & Leonard St,5442,40.715143,-73.944507,40.72084,-73.94844,member
415935,105AD9D6C671FEA8,classic_bike,2021-09-12 06:40:12,2021-09-12 06:46:05,India St & Manhattan Ave,5826,Manhattan Av & Leonard St,5442,40.73232194,-73.9550858,40.72084,-73.94844,member
415938,D1137E9A251404BC,classic_bike,2021-09-03 16:14:05,2021-09-03 16:21:21,India St & Manhattan Ave,5826,Manhattan Av & Leonard St,5442,40.73232194,-73.9550858,40.72084,-73.94844,member
415957,9D25B938CC753A83,classic_bike,2021-09-17 18:00:09,2021-09-17 18:08:03,India St & Manhattan Ave,5826,Manhattan Av & Leonard St,5442,40.73232194,-73.9550858,40.72084,-73.94844,member
415964,AA0783895CCF95D9,classic_bike,2021-09-07 12:27:07,2021-09-07 12:35:32,India St & Manhattan Ave,5826,Manhattan Av & Leonard St,5442,40.73232194,-73.9550858,40.72084,-73.94844,member
415976,AA9F9D7D1C5277AF,classic_bike,2021-09-23 10:09:17,2021-09-23 10:14:16,Frost St & Debevoise Ave,5433,Manhattan Av & Leonard St,5442,40.71882,-73.93948,40.72084,-73.94844,casual
416027,7F0EF8BC4A1F8911,classic_bike,2021-09-09 19:58:28,2021-09-09 20:18:29,Suydam St & Knickerbocker Ave,4939,Manhattan Av & Leonard St,5442,40.702013,-73.923769,40.72084,-73.94844,casual
416029,A38CA3FF1CD4E8A8,electric_bike,2021-09-17 02:44:40,2021-09-17 02:57:31,Bushwick Ave & Dekalb Ave,4680,Manhattan Av & Leonard St,5442,40.69502,-73.92825,40.72084,-73.94844,member
416030,8C66D57E62ECAD05,classic_bike,2021-09-26 17:11:48,2021-09-26 17:43:02,5 St & 6 Ave,3874,Manhattan Av & Leonard St,5442,40.6704836,-73.98208968,40.72084,-73.94844,casual
416031,D38BE427E4DE372B,classic_bike,2021-09-06 15:24:04,2021-09-06 15:47:54,Bushwick Ave & Dekalb Ave,4680,Manhattan Av & Leonard St,5442,40.69502,-73.92825,40.72084,-73.94844,casual
416049,0EB925C4152DD7BA,electric_bike,2021-09-10 20:17:50,2021-09-10 20:33:01,Suydam St & Knickerbocker Ave,4939,Manhattan Av & Leonard St,5442,40.702013,-73.923769,40.72084,-73.94844,casual
416109,9CCC7516B0629B58,electric_bike,2021-09-24 15:07:42,2021-09-24 15:28:14,Hope St & Union Ave,5187,Manhattan Av & Leonard St,5442,40.71167351,-73.95141312,40.72084,-73.94844,member
416155,9B44FFD9B8BD2C96,classic_bike,2021-09-18 15:05:24,2021-09-18 15:09:25,N 12 St & Bedford Ave,5450,Manhattan Av & Leonard St,5442,40.72079821,-73.95484712,40.72084,-73.94844,member
416157,7A578E78AEA9BED3,electric_bike,2021-09-04 13:16:23,2021-09-04 13:25:48,N 15 St & Wythe Ave,5520,Manhattan Av & Leonard St,5442,40.724055,-73.955736,40.72084,-73.94844,casual
416162,6AF37F9DAF19416C,electric_bike,2021-09-08 15:20:13,2021-09-08 15:24:47,N 12 St & Bedford Ave,5450,Manhattan Av & Leonard St,5442,40.72079821,-73.95484712,40.72084,-73.94844,member
416184,95862F8906D27542,classic_bike,2021-09-06 09:50:52,2021-09-06 10:07:23,Greene Ave & Throop Ave,4510,Manhattan Av & Leonard St,5442,40.6894932,-73.942061,40.72084,-73.94844,casual
416187,DCC653B2047373A3,electric_bike,2021-09-09 20:06:37,2021-09-09 20:25:22,Marcus Garvey Blvd & Macon St,4278,Manhattan Av & Leonard St,5442,40.682601,-73.938037,40.72084,-73.94844,member
416220,CAAC81290F17BE6A,classic_bike,2021-09-19 14:20:29,2021-09-19 14:35:01,Powers St & Olive St,5210,Manhattan Av & Leonard St,5442,40.71323,-73.93894,40.72084,-73.94844,member
416239,B9B7A1A0B5F4A0DF,classic_bike,2021-09-05 09:46:37,2021-09-05 09:51:36,N 12 St & Bedford Ave,5450,Manhattan Av & Leonard St,5442,40.72079821,-73.95484712,40.72084,-73.94844,member
416240,4BFB357C6083CD25,classic_bike,2021-09-22 11:59:12,2021-09-22 12:10:27,N 12 St & Bedford Ave,5450,Manhattan Av & Leonard St,5442,40.72079821,-73.95484712,40.72084,-73.94844,member
416254,AFDE14E77B9AB0D1,classic_bike,2021-09-10 16:19:40,2021-09-10 16:23:01,N 15 St & Wythe Ave,5520,Manhattan Av & Leonard St,5442,40.724055,-73.955736,40.72084,-73.94844,casual
416260,6DF02B08B21309DB,classic_bike,2021-09-07 09:00:22,2021-09-07 09:04:42,N 12 St & Bedford Ave,5450,Manhattan Av & Leonard St,5442,40.72079821,-73.95484712,40.72084,-73.94844,member
416263,4B61BD4C45688537,classic_bike,2021-09-28 18:22:58,2021-09-28 18:34:56,Montrose Ave & Bushwick Ave,5068,Manhattan Av & Leonard St,5442,40.70767788,-73.94016171,40.72084,-73.94844,casual
416264,DEC171624949BEAF,classic_bike,2021-09-10 19:11:52,2021-09-10 19:20:38,Calyer St & Jewel St,5743,Manhattan Av & Leonard St,5442,40.72984,-73.94839,40.72084,-73.94844,casual
416266,9E71DD6D7117CBCB,electric_bike,2021-09-25 11:30:41,2021-09-25 11:41:54,N 6 St & Bedford Ave,5379,Manhattan Av & Leonard St,5442,40.71745169,-73.95850939,40.72084,-73.94844,casual
416270,17E7FC89D887EB10,classic_bike,2021-09-14 18:27:43,2021-09-14 18:40:17,Morgan Ave & Maspeth Ave,5354,Manhattan Av & Leonard St,5442,40.716657,-73.93637,40.72084,-73.94844,member
416274,3706ABBC95ED3354,classic_bike,2021-09-11 00:09:05,2021-09-11 00:17:24,Montrose Ave & Bushwick Ave,5068,Manhattan Av & Leonard St,5442,40.70767788,-73.94016171,40.72084,-73.94844,casual
416280,C92F67579235E121,electric_bike,2021-09-11 23:42:03,2021-09-12 00:20:06,Steinway St & 21 Ave,7137,Manhattan Av & Leonard St,5442,40.774798,-73.903787,40.72084,-73.94844,member
416282,54CC2BB93590C698,classic_bike,2021-09-03 18:41:06,2021-09-03 19:21:33,Schermerhorn St & Court St,4565,Manhattan Av & Leonard St,5442,40.69102925677968,-73.99183362722397,40.72084,-73.94844,member
416295,B4E7A472262D9637,electric_bike,2021-09-05 00:26:50,2021-09-05 01:01:07,Emerson Pl & Myrtle Ave,4683,Manhattan Av & Leonard St,5442,40.69363137,-73.96223558,40.72084,-73.94844,casual
416303,11F7BF38F29A0837,classic_bike,2021-09-12 14:56:01,2021-09-12 15:13:28,Humboldt St & Varet St,4956,Manhattan Av & Leonard St,5442,40.7031724,-73.940636,40.72084,-73.94844,casual
416322,7A6A356376E4ACD6,classic_bike,2021-09-29 10:50:05,2021-09-29 11:02:52,Humboldt St & Varet St,4956,Manhattan Av & Leonard St,5442,40.7031724,-73.940636,40.72084,-73.94844,member
416323,F0CBE609C8AAFFD5,classic_bike,2021-09-29 17:43:35,2021-09-29 17:55:27,Humboldt St & Varet St,4956,Manhattan Av & Leonard St,5442,40.7031724,-73.940636,40.72084,-73.94844,member
416331,68C3359AAD90D4EB,classic_bike,2021-09-15 11:52:28,2021-09-15 12:25:38,62 St & Northern Blvd,6536,Manhattan Av & Leonard St,5442,40.754176,-73.900318,40.72084,-73.94844,member
416332,4BE0468CAEFB314A,classic_bike,2021-09-06 21:37:02,2021-09-06 21:41:36,Bayard St & Leonard St,5442,Manhattan Av & Leonard St,5442,40.71915571696044,-73.94885390996933,40.72084,-73.94844,member
416352,EFF32706456C9CE8,classic_bike,2021-09-17 16:03:32,2021-09-17 16:08:02,N 12 St & Bedford Ave,5450,Manhattan Av & Leonard St,5442,40.72079821,-73.95484712,40.72084,-73.94844,member
416364,E067679A63179B1D,classic_bike,2021-09-10 22:02:22,2021-09-10 22:06:00,Bayard St & Leonard St,5442,Graham Ave & Withers St,5403,40.71915571696044,-73.94885390996933,40.7169811,-73.94485918,member
416379,ACF5F597AB0F513D,classic_bike,2021-09-20 21:48:06,2021-09-20 21:52:55,N 6 St & Bedford Ave,5379,Manhattan Av & Leonard St,5442,40.71745169,-73.95850939,40.72084,-73.94844,member
416400,3943509AAB93E3B4,classic_bike,2021-09-23 13:39:52,2021-09-23 13:47:13,Scholes St & Manhattan Ave,5108,Manhattan Av & Leonard St,5442,40.70870368,-73.9448625,40.72084,-73.94844,casual
416410,64E7B6F7CD3A797B,classic_bike,2021-09-17 09:17:16,2021-09-17 09:24:22,Scholes St & Manhattan Ave,5108,Manhattan Av & Leonard St,5442,40.70870368,-73.9448625,40.72084,-73.94844,casual
416418,9F6D543929A510DC,classic_bike,2021-09-22 15:42:22,2021-09-22 15:56:30,Broadway & Berry St,5164,Manhattan Av & Leonard St,5442,40.71044554,-73.96525063,40.72084,-73.94844,member
416419,947706EF45C38914,classic_bike,2021-09-02 08:51:53,2021-09-02 08:53:04,Bayard St & Leonard St,5442,Manhattan Av & Leonard St,5442,40.71915571696044,-73.94885390996933,40.72084,-73.94844,member
416422,5EA61289FA53363B,classic_bike,2021-09-20 14:39:58,2021-09-20 14:46:42,Driggs Ave & N 9 St,5411,Manhattan Av & Leonard St,5442,40.71816969454208,-73.95520135760307,40.72084,-73.94844,member
416427,9D5A70FECBCB6E3C,classic_bike,2021-09-18 15:21:26,2021-09-18 15:27:16,Scholes St & Manhattan Ave,5108,Manhattan Av & Leonard St,5442,40.70870368,-73.9448625,40.72084,-73.94844,member
416429,844A20FBD52AEDEC,classic_bike,2021-09-03 15:46:21,2021-09-03 15:54:41,Scholes St & Manhattan Ave,5108,Manhattan Av & Leonard St,5442,40.70870368,-73.9448625,40.72084,-73.94844,member
416449,A9764C61BB96AA4E,classic_bike,2021-09-21 11:50:54,2021-09-21 11:57:29,Scholes St & Manhattan Ave,5108,Manhattan Av & Leonard St,5442,40.70870368,-73.9448625,40.72084,-73.94844,member
416470,34EB509BBD250975,classic_bike,2021-09-13 23:46:37,2021-09-13 23:53:23,Driggs Ave & N 9 St,5411,Manhattan Av & Leonard St,5442,40.71816969454208,-73.95520135760307,40.72084,-73.94844,member
416493,EDC6E2004F6CAE20,classic_bike,2021-09-06 16:09:12,2021-09-06 16:13:47,Bayard St & Leonard St,5442,Graham Ave & Withers St,5403,40.71915571696044,-73.94885390996933,40.7169811,-73.94485918,member
416501,087EC8651E89C07D,classic_bike,2021-09-20 17:46:35,2021-09-20 17:52:05,Devoe St & Lorimer St,5259,Manhattan Av & Leonard St,5442,40.71335226222875,-73.9491033554077,40.72084,-73.94844,member
416502,4654978DE6B1CBDD,classic_bike,2021-09-06 21:16:43,2021-09-06 21:23:31,Driggs Ave & N 9 St,5411,Manhattan Av & Leonard St,5442,40.71816969454208,-73.95520135760307,40.72084,-73.94844,member
416507,6170B399A5174623,classic_bike,2021-09-11 13:02:27,2021-09-11 13:32:54,Clinton Ave & Flushing Ave,4762,Manhattan Av & Leonard St,5442,40.69794,-73.96986848,40.72084,-73.94844,casual
416517,B9E6E8E8317CE0DE,electric_bike,2021-09-05 18:27:39,2021-09-05 18:39:20,S 4 St & Wythe Ave,5204,Manhattan Av & Leonard St,5442,40.71285887,-73.96590294,40.72084,-73.94844,casual
416528,2857F41606DEC8E6,electric_bike,2021-09-12 16:01:22,2021-09-12 16:08:32,N 6 St & Bedford Ave,5379,Manhattan Av & Leonard St,5442,40.71745169,-73.95850939,40.72084,-73.94844,member
416545,9DE319EC88DBAF9B,electric_bike,2021-09-26 17:52:13,2021-09-26 18:21:18,S 4 St & Wythe Ave,5204,Manhattan Av & Leonard St,5442,40.71285887,-73.96590294,40.72084,-73.94844,casual
416554,7DE30578FC59DEDD,classic_bike,2021-09-05 00:19:18,2021-09-05 00:23:12,Graham Ave & Grand St,5178,Manhattan Av & Leonard St,5442,40.711863,-73.944024,40.72084,-73.94844,member
416555,6B0A15C33D55B449,classic_bike,2021-09-09 07:57:27,2021-09-09 08:04:01,Graham Ave & Grand St,5178,Manhattan Av & Leonard St,5442,40.711863,-73.944024,40.72084,-73.94844,member
416562,8A3E2518C246485B,classic_bike,2021-09-11 18:43:57,2021-09-11 19:18:52,S 4 St & Wythe Ave,5204,Manhattan Av & Leonard St,5442,40.71285887,-73.96590294,40.72084,-73.94844,member
416564,11491503EF17D01C,electric_bike,2021-09-04 14:16:37,2021-09-04 14:38:41,Monroe St & Tompkins Ave,4434,Manhattan Av & Leonard St,5442,40.686203,-73.944694,40.72084,-73.94844,casual
416573,85BC81B67C6C7854,classic_bike,2021-09-23 17:08:07,2021-09-23 17:44:59,Dock St & Front St,4903,Manhattan Av & Leonard St,5442,40.702709,-73.99253,40.72084,-73.94844,casual
416603,1D84C8BBFACBB612,electric_bike,2021-09-04 14:17:26,2021-09-04 14:38:28,Monroe St & Tompkins Ave,4434,Manhattan Av & Leonard St,5442,40.686203,-73.944694,40.72084,-73.94844,casual
416614,0AAB780EB118524B,electric_bike,2021-09-01 12:19:27,2021-09-01 12:23:02,Graham Ave & Grand St,5178,Manhattan Av & Leonard St,5442,40.711863,-73.944024,40.72084,-73.94844,member
416697,37C8C42BF8186415,electric_bike,2021-09-10 06:50:14,2021-09-10 07:07:19,Putnam Ave & Throop Ave,4392,Manhattan Av & Leonard St,5442,40.6851532,-73.94111,40.72084,-73.94844,casual
416732,C0293A27677BDB77,classic_bike,2021-09-18 13:36:18,2021-09-18 14:07:03,Jackson St & Leonard St,5332,Manhattan Av & Leonard St,5442,40.71638031973561,-73.94821286201477,40.72084,-73.94844,casual
416748,1582807302709EC4,classic_bike,2021-09-07 08:08:17,2021-09-07 08:11:08,Nassau Ave & Newell St,5623,Manhattan Av & Leonard St,5442,40.724812564400175,-73.94752621650696,40.72084,-73.94844,member
416752,47374185A2619F80,classic_bike,2021-09-03 12:21:08,2021-09-03 12:26:28,Nassau Ave & Newell St,5623,Manhattan Av & Leonard St,5442,40.724812564400175,-73.94752621650696,40.72084,-73.94844,member
416756,8FAE5D6983D809C8,classic_bike,2021-09-02 09:59:03,2021-09-02 10:02:55,Nassau Ave & Newell St,5623,Manhattan Av & Leonard St,5442,40.724812564400175,-73.94752621650696,40.72084,-73.94844,member
416757,9AA9F287B80C8854,classic_bike,2021-09-17 17:48:28,2021-09-17 18:07:58,45 Rd & 11 St,6319,Manhattan Av & Leonard St,5442,40.74708586,-73.94977234,40.72084,-73.94844,member
416758,28761BA7019E435D,classic_bike,2021-09-16 20:07:08,2021-09-16 20:12:38,Nassau Ave & Newell St,5623,Manhattan Av & Leonard St,5442,40.724812564400175,-73.94752621650696,40.72084,-73.94844,member
416763,BBA16D4967F1155C,electric_bike,2021-09-11 04:38:01,2021-09-11 04:49:10,45 Rd & 11 St,6319,Manhattan Av & Leonard St,5442,40.74708586,-73.94977234,40.72084,-73.94844,casual
416858,6C1D2150CDE9C26B,electric_bike,2021-09-23 12:25:45,2021-09-23 12:37:51,India St Pier,5794,Manhattan Av & Leonard St,5442,40.731734785883454,-73.9612390102593,40.72084,-73.94844,member
416912,020F943C6FE9CAD0,electric_bike,2021-09-30 09:25:40,2021-09-30 09:45:02,Bushwick Ave & Linden St,4600,Manhattan Av & Leonard St,5442,40.69146,-73.92146,40.72084,-73.94844,member
416915,7011476CA7FAFCBD,classic_bike,2021-09-08 11:33:31,2021-09-08 11:38:29,Driggs Ave & N Henry St,5542,Manhattan Av & Leonard St,5442,40.72325,-73.94308,40.72084,-73.94844,casual
416926,0DF96B6FDBFB9A9A,classic_bike,2021-09-05 13:44:35,2021-09-05 13:51:16,Scholes St & Manhattan Ave,5108,Manhattan Av & Leonard St,5442,40.70870368,-73.9448625,40.72084,-73.94844,member
416932,85D258447875A29C,electric_bike,2021-09-09 19:27:48,2021-09-09 19:31:47,Driggs Ave & N Henry St,5542,Manhattan Av & Leonard St,5442,40.72325,-73.94308,40.72084,-73.94844,member
416937,14535AB6F7258FF0,classic_bike,2021-09-24 11:12:56,2021-09-24 11:25:03,S 4 St & Wythe Ave,5204,Manhattan Av & Leonard St,5442,40.71285887,-73.96590294,40.72084,-73.94844,member
416938,3EBD12EDB4AF372F,electric_bike,2021-09-24 15:06:57,2021-09-24 15:20:50,Wyckoff Av & Jefferson St,5051,Manhattan Av & Leonard St,5442,40.707165,-73.923711,40.72084,-73.94844,member
416959,8D49F542FE37B5B2,classic_bike,2021-09-11 12:56:06,2021-09-11 13:01:48,Union Ave & Jackson St,5300,Manhattan Av & Leonard St,5442,40.7160751,-73.952029,40.72084,-73.94844,casual
416961,CDDB7B736AAC5244,classic_bike,2021-09-11 14:35:21,2021-09-11 14:36:53,Leonard St & Nassau Ave,5550,Manhattan Av & Leonard St,5442,40.7239567849954,-73.94984364509583,40.72084,-73.94844,member
416962,FFB8292B8084AD9D,classic_bike,2021-09-02 15:21:46,2021-09-02 15:24:00,Leonard St & Nassau Ave,5550,Manhattan Av & Leonard St,5442,40.7239567849954,-73.94984364509583,40.72084,-73.94844,member
416969,9F4C2468186FC91F,classic_bike,2021-09-02 09:08:11,2021-09-02 09:10:42,Leonard St & Nassau Ave,5550,Manhattan Av & Leonard St,5442,40.7239567849954,-73.94984364509583,40.72084,-73.94844,member
416972,EAE5E747CD1EC86B,classic_bike,2021-09-24 19:36:53,2021-09-24 19:49:25,S 4 St & Wythe Ave,5204,Manhattan Av & Leonard St,5442,40.71285887,-73.96590294,40.72084,-73.94844,member
416977,8883E8EE8EBCACD7,classic_bike,2021-09-06 12:39:10,2021-09-06 12:59:25,Melrose St & Broadway,4801,Manhattan Av & Leonard St,5442,40.697481,-73.935877,40.72084,-73.94844,member
416979,CD87D697E2C5665D,classic_bike,2021-09-16 09:32:52,2021-09-16 09:56:50,Melrose St & Broadway,4801,Manhattan Av & Leonard St,5442,40.697481,-73.935877,40.72084,-73.94844,member
416982,E7E0DA5445ECF5B0,electric_bike,2021-09-18 13:21:03,2021-09-18 13:55:47,Montgomery St & Franklin Ave,3776,Manhattan Av & Leonard St,5442,40.666439306870814,-73.9605563879013,40.72084,-73.94844,casual
416992,86CFBD0F03143B20,classic_bike,2021-09-27 16:28:30,2021-09-27 16:30:49,Leonard St & Nassau Ave,5550,Manhattan Av & Leonard St,5442,40.7239567849954,-73.94984364509583,40.72084,-73.94844,member
417021,6F231EC191D5D5CB,electric_bike,2021-09-04 22:43:03,2021-09-04 22:49:38,Leonard St & Nassau Ave,5550,Manhattan Av & Leonard St,5442,40.7239567849954,-73.94984364509583,40.72084,-73.94844,casual
417022,86235603502AB670,classic_bike,2021-09-03 01:14:20,2021-09-03 01:16:54,Leonard St & Nassau Ave,5550,Manhattan Av & Leonard St,5442,40.7239567849954,-73.94984364509583,40.72084,-73.94844,casual
417033,B3E88C47381002F2,classic_bike,2021-09-04 02:10:23,2021-09-04 02:14:30,Leonard St & Nassau Ave,5550,Manhattan Av & Leonard St,5442,40.7239567849954,-73.94984364509583,40.72084,-73.94844,member
417107,049DAC2D237E4913,classic_bike,2021-09-16 18:37:33,2021-09-16 19:02:12,Lispenard St & Broadway,5391,Manhattan Av & Leonard St,5442,40.71939226,-74.00247214,40.72084,-73.94844,member
417112,3D10C87F508BABA0,classic_bike,2021-09-13 18:39:26,2021-09-13 19:00:51,Lispenard St & Broadway,5391,Manhattan Av & Leonard St,5442,40.71939226,-74.00247214,40.72084,-73.94844,member
417175,DFC11EF775846A54,electric_bike,2021-09-04 23:33:25,2021-09-05 00:05:39,31 Ave & 34 St,6819,Manhattan Av & Leonard St,5442,40.763154,-73.920827,40.72084,-73.94844,member
417181,2EC8915E7B7447D3,classic_bike,2021-09-17 18:43:56,2021-09-17 18:53:24,Metropolitan Ave & Bedford Ave,5308,Manhattan Av & Leonard St,5442,40.71534825,-73.96024116,40.72084,-73.94844,member
417192,ADDC8345D8D5FB40,classic_bike,2021-09-20 08:09:17,2021-09-20 08:18:47,Metropolitan Ave & Bedford Ave,5308,Manhattan Av & Leonard St,5442,40.71534825,-73.96024116,40.72084,-73.94844,casual
417198,43381D8F8F7DE64E,electric_bike,2021-09-04 07:38:54,2021-09-04 07:45:21,Metropolitan Ave & Bedford Ave,5308,Manhattan Av & Leonard St,5442,40.71534825,-73.96024116,40.72084,-73.94844,member
417199,9055B7EB1A90C8B0,classic_bike,2021-09-08 07:20:33,2021-09-08 07:29:16,McKibbin St & Manhattan Ave,4996,Manhattan Av & Leonard St,5442,40.70510918,-73.94407279,40.72084,-73.94844,member
417206,DBF7D300B85C5053,classic_bike,2021-09-27 10:24:37,2021-09-27 10:33:09,McKibbin St & Manhattan Ave,4996,Manhattan Av & Leonard St,5442,40.70510918,-73.94407279,40.72084,-73.94844,member
417210,51484851B89B43D2,classic_bike,2021-09-23 09:36:47,2021-09-23 09:44:12,McKibbin St & Manhattan Ave,4996,Manhattan Av & Leonard St,5442,40.70510918,-73.94407279,40.72084,-73.94844,casual
417214,6970503B74916693,classic_bike,2021-09-17 10:34:24,2021-09-17 10:43:39,McKibbin St & Manhattan Ave,4996,Manhattan Av & Leonard St,5442,40.70510918,-73.94407279,40.72084,-73.94844,casual
417246,105E9820B22D050F,electric_bike,2021-09-10 08:45:18,2021-09-10 09:02:16,Lewis Ave & Kosciuszko St,4617,Manhattan Av & Leonard St,5442,40.69237074,-73.93705428,40.72084,-73.94844,member
417253,D8E292D369B95A11,classic_bike,2021-09-05 00:41:34,2021-09-05 01:01:21,Kent Ave & S 11 St,5062,Manhattan Av & Leonard St,5442,40.707644944175705,-73.96841526031494,40.72084,-73.94844,casual
417254,0D46DC806C42B4FB,classic_bike,2021-09-11 19:28:12,2021-09-11 19:43:35,Huron St & Franklin St,5869,Manhattan Av & Leonard St,5442,40.73266,-73.95826,40.72084,-73.94844,casual
417280,A41A9F066F88CE62,classic_bike,2021-09-16 15:50:51,2021-09-16 15:57:02,Berry St & N 8 St,5379,Manhattan Av & Leonard St,5442,40.7190095,-73.95852515,40.72084,-73.94844,member
417283,63B88BF17D30C34D,classic_bike,2021-09-02 18:31:59,2021-09-02 18:37:55,Berry St & N 8 St,5379,Manhattan Av & Leonard St,5442,40.7190095,-73.95852515,40.72084,-73.94844,member
417287,686963B0FA5691A5,electric_bike,2021-09-04 13:46:33,2021-09-04 14:35:41,Washington Pl & 6 Ave,5838,Manhattan Av & Leonard St,5442,40.73224119,-74.00026394,40.72084,-73.94844,member
417318,A1F1E7BAC7F8816D,classic_bike,2021-09-29 20:19:08,2021-09-29 20:33:17,Evergreen Ave & Noll St,4873,Manhattan Av & Leonard St,5442,40.70106,-73.93318,40.72084,-73.94844,casual
417350,43F997D9C270FDD0,classic_bike,2021-09-10 15:47:02,2021-09-10 16:01:30,Evergreen Ave & Noll St,4873,Manhattan Av & Leonard St,5442,40.70106,-73.93318,40.72084,-73.94844,member
417389,49EC3AC175F2386C,classic_bike,2021-09-07 18:22:58,2021-09-07 18:31:55,Milton St & Franklin St,5752,Manhattan Av & Leonard St,5442,40.72906,-73.95779,40.72084,-73.94844,member
417390,0F2C078F3C971371,classic_bike,2021-09-17 09:06:01,2021-09-17 09:14:21,Milton St & Franklin St,5752,Manhattan Av & Leonard St,5442,40.72906,-73.95779,40.72084,-73.94844,member
417409,C83A664AAC8A54BB,classic_bike,2021-09-26 18:02:05,2021-09-26 18:07:39,Milton St & Franklin St,5752,Manhattan Av & Leonard St,5442,40.72906,-73.95779,40.72084,-73.94844,member
417470,9B6E51738510C26E,classic_bike,2021-09-21 15:23:49,2021-09-21 15:30:23,Bushwick Ave & Powers St,5250,Manhattan Av & Leonard St,5442,40.71247661,-73.94100005,40.72084,-73.94844,casual
417480,67AC88EC0794AD5D,classic_bike,2021-09-13 17:57:08,2021-09-13 18:05:13,Bushwick Ave & Powers St,5250,Manhattan Av & Leonard St,5442,40.71247661,-73.94100005,40.72084,-73.94844,casual
417513,B334BEE7FFEEBC4A,classic_bike,2021-09-14 08:36:44,2021-09-14 08:41:49,Lorimer St & Calyer St,5709,Manhattan Av & Leonard St,5442,40.72795,-73.95414,40.72084,-73.94844,member
417524,DC83043B4C3B2F65,classic_bike,2021-09-13 10:35:21,2021-09-13 10:41:27,Kent Ave & N 7 St,5489,Manhattan Av & Leonard St,5442,40.72036775298455,-73.96165072917938,40.72084,-73.94844,member
417527,25DD3F552CBAE7B6,classic_bike,2021-09-02 17:31:18,2021-09-02 17:36:41,Lorimer St & Calyer St,5709,Manhattan Av & Leonard St,5442,40.72795,-73.95414,40.72084,-73.94844,member
417528,A4993FE8E51A3A86,classic_bike,2021-09-20 15:29:28,2021-09-20 15:34:31,Lorimer St & Calyer St,5709,Manhattan Av & Leonard St,5442,40.72795,-73.95414,40.72084,-73.94844,member
417535,700AFD91045A314F,classic_bike,2021-09-01 17:18:22,2021-09-01 17:22:09,Lorimer St & Calyer St,5709,Manhattan Av & Leonard St,5442,40.72795,-73.95414,40.72084,-73.94844,member
417564,66C13924E406644B,electric_bike,2021-09-12 23:18:28,2021-09-12 23:22:55,Bushwick Ave & Powers St,5250,Manhattan Av & Leonard St,5442,40.71247661,-73.94100005,40.72084,-73.94844,member
417565,EF09AAA0C2D1A289,classic_bike,2021-09-10 16:34:57,2021-09-10 17:03:40,Lawrence St & Willoughby St,4596,Manhattan Av & Leonard St,5442,40.69236178,-73.98631746,40.72084,-73.94844,member
417596,35D432172FDED4AD,electric_bike,2021-09-26 21:42:31,2021-09-26 21:46:11,Greenpoint Ave & Manhattan Ave,5785,Manhattan Av & Leonard St,5442,40.73026,-73.95394,40.72084,-73.94844,casual
417604,436635B8B1EEFFD4,classic_bike,2021-09-02 11:57:01,2021-09-02 12:00:44,Lorimer St & Calyer St,5709,Manhattan Av & Leonard St,5442,40.72795,-73.95414,40.72084,-73.94844,member
417607,ECBED69212EA5DFC,classic_bike,2021-09-13 20:05:01,2021-09-13 20:14:32,Bushwick Ave & Powers St,5250,Manhattan Av & Leonard St,5442,40.71247661,-73.94100005,40.72084,-73.94844,member
417647,FCCBA7B3B5995644,classic_bike,2021-09-06 13:39:12,2021-09-06 14:15:32,Bergen St & Vanderbilt Ave,4157,Manhattan Av & Leonard St,5442,40.6794388,-73.9680438,40.72084,-73.94844,member
417688,502AC29C56720A8C,classic_bike,2021-09-03 15:58:21,2021-09-03 16:14:53,Kent Ave & S 11 St,5062,Manhattan Av & Leonard St,5442,40.707644944175705,-73.96841526031494,40.72084,-73.94844,member
417693,4DDD651CFCAE8DD6,electric_bike,2021-09-12 23:39:29,2021-09-12 23:51:39,Center Blvd & 51 Ave,6179,Manhattan Av & Leonard St,5442,40.74336608027021,-73.95960688591003,40.72084,-73.94844,member
417731,8721FE68500289A5,electric_bike,2021-09-14 18:04:19,2021-09-14 18:12:06,Greenpoint Ave & Manhattan Ave,5785,Manhattan Av & Leonard St,5442,40.73026,-73.95394,40.72084,-73.94844,casual
417737,D6ABFBA84953B661,classic_bike,2021-09-02 23:00:21,2021-09-02 23:03:57,Greenpoint Ave & Manhattan Ave,5785,Manhattan Av & Leonard St,5442,40.73026,-73.95394,40.72084,-73.94844,member
417741,E5EC1B3F421CE5D9,electric_bike,2021-09-29 18:56:03,2021-09-29 19:27:13,Baltic St & 5 Ave,4208,Manhattan Av & Leonard St,5442,40.6795766,-73.97854971,40.72084,-73.94844,casual
417747,C9A0A13380EDFD52,electric_bike,2021-09-18 14:39:50,2021-09-18 15:05:57,Hudson St & Reade St,5359,Manhattan Av & Leonard St,5442,40.71625008,-74.0091059,40.72084,-73.94844,member
417782,B17E2863B45729D2,electric_bike,2021-09-11 17:05:11,2021-09-11 18:20:47,W 13 St & 5 Ave,5947,Manhattan Av & Leonard St,5442,40.735445,-73.99431,40.72084,-73.94844,member
417796,626261963B0A533B,classic_bike,2021-09-20 18:39:08,2021-09-20 19:11:16,Berkeley Pl & 7 Ave,4051,Manhattan Av & Leonard St,5442,40.675146838709786,-73.97523209452629,40.72084,-73.94844,member
417809,0332DD2F69DB3C85,electric_bike,2021-09-28 18:32:46,2021-09-28 19:08:10,9 Ave & W 22 St,6266,Manhattan Av & Leonard St,5442,40.7454973,-74.00197139,40.72084,-73.94844,member
417813,9D86C6A81331D633,classic_bike,2021-09-09 20:26:37,2021-09-09 20:34:13,Greenpoint Ave & Manhattan Ave,5785,Manhattan Av & Leonard St,5442,40.73026,-73.95394,40.72084,-73.94844,casual
417840,789CC64DEF79E623,classic_bike,2021-09-15 11:51:13,2021-09-15 11:58:58,McKibbin St & Manhattan Ave,4996,Manhattan Av & Leonard St,5442,40.70510918,-73.94407279,40.72084,-73.94844,member
417842,20151202E00F9FC1,classic_bike,2021-09-21 19:21:36,2021-09-21 19:33:20,McKibbin St & Manhattan Ave,4996,Manhattan Av & Leonard St,5442,40.70510918,-73.94407279,40.72084,-73.94844,member
417916,084533789E4AF796,classic_bike,2021-09-15 17:11:50,2021-09-15 17:23:18,Grand St & Havemeyer St,5267,Manhattan Av & Leonard St,5442,40.71286844,-73.95698119,40.72084,-73.94844,casual
417929,2D3517E4AB2775FD,electric_bike,2021-09-03 14:19:24,2021-09-03 14:51:24,Washington St & Barrow St,5847,Manhattan Av & Leonard St,5442,40.73191132323174,-74.008769094944,40.72084,-73.94844,member
417932,64F64B081A574459,classic_bike,2021-09-05 03:14:17,2021-09-05 03:36:05,Stewart Ave & Johnson Ave,5123,Manhattan Av & Leonard St,5442,40.70869,-73.92587,40.72084,-73.94844,casual
417936,90E1FA58FB892FD6,classic_bike,2021-09-13 18:02:54,2021-09-13 18:08:13,Grand St & Havemeyer St,5267,Manhattan Av & Leonard St,5442,40.71286844,-73.95698119,40.72084,-73.94844,member
417940,DE5A028B757C0196,classic_bike,2021-09-14 18:33:29,2021-09-14 18:52:10,Frost St & Meeker Ave,5371,Manhattan Av & Leonard St,5442,40.71766197083994,-73.94880026578903,40.72084,-73.94844,casual
417941,1BB4149CA5C415E9,classic_bike,2021-09-27 08:42:28,2021-09-27 08:54:31,Kent Ave & S 11 St,5062,Manhattan Av & Leonard St,5442,40.707644944175705,-73.96841526031494,40.72084,-73.94844,member
417942,513147EEAA314A9A,classic_bike,2021-09-30 15:30:45,2021-09-30 15:50:32,Kent Ave & S 11 St,5062,Manhattan Av & Leonard St,5442,40.707644944175705,-73.96841526031494,40.72084,-73.94844,member
417972,B147CB0016E0E091,classic_bike,2021-09-10 18:02:27,2021-09-10 18:15:35,McKibbin St & Manhattan Ave,4996,Manhattan Av & Leonard St,5442,40.70510918,-73.94407279,40.72084,-73.94844,casual
417988,3E73BD1BC7E2CD66,classic_bike,2021-09-18 13:12:40,2021-09-18 13:47:57,North Moore St & Greenwich St,5470,Manhattan Av & Leonard St,5442,40.72019521437465,-74.0103006362915,40.72084,-73.94844,member
418026,2803F12C7FEF4D99,classic_bike,2021-09-16 19:51:37,2021-09-16 19:58:00,Manhattan Av & Leonard St,5442,Graham Ave & Withers St,5403,40.72084,-73.94844,40.7169811,-73.94485918,member
418037,ACD897421F5B9F58,classic_bike,2021-09-23 08:19:01,2021-09-23 08:51:25,Manhattan Av & Leonard St,5442,Manhattan Av & Leonard St,5442,40.72084,-73.94844,40.72084,-73.94844,member
418050,261AAB1B17B9D450,classic_bike,2021-09-24 12:15:22,2021-09-24 12:30:31,Graham Ave & Withers St,5403,Manhattan Av & Leonard St,5442,40.7169811,-73.94485918,40.72084,-73.94844,member
418054,68EF93E28117CFB4,classic_bike,2021-09-28 11:53:46,2021-09-28 11:57:05,Graham Ave & Withers St,5403,Manhattan Av & Leonard St,5442,40.7169811,-73.94485918,40.72084,-73.94844,member
418056,6DC307843D4ADB57,classic_bike,2021-09-06 13:37:38,2021-09-06 14:20:10,Manhattan Av & Leonard St,5442,Manhattan Av & Leonard St,5442,40.72084,-73.94844,40.72084,-73.94844,member
418105,0EAA4C95DEFA228A,classic_bike,2021-09-08 09:01:47,2021-09-08 09:21:41,Manhattan Av & Leonard St,5442,Manhattan Av & Leonard St,5442,40.72084,-73.94844,40.72084,-73.94844,casual
418125,2126C89CEEDFBB87,classic_bike,2021-09-03 08:29:03,2021-09-03 08:29:49,Manhattan Av & Leonard St,5442,Manhattan Av & Leonard St,5442,40.72084,-73.94844,40.72084,-73.94844,member
418127,06E37EFF9FD453BD,classic_bike,2021-09-22 19:15:55,2021-09-22 19:16:39,Manhattan Av & Leonard St,5442,Manhattan Av & Leonard St,5442,40.72084,-73.94844,40.72084,-73.94844,member
418130,B4E8413A94941171,classic_bike,2021-09-04 15:11:25,2021-09-04 15:12:15,Manhattan Av & Leonard St,5442,Manhattan Av & Leonard St,5442,40.72084,-73.94844,40.72084,-73.94844,member
418140,24B2737A46A77366,classic_bike,2021-09-24 08:38:28,2021-09-24 08:41:57,Graham Ave & Withers St,5403,Manhattan Av & Leonard St,5442,40.7169811,-73.94485918,40.72084,-73.94844,member
418142,EB3EE52078B26D2D,classic_bike,2021-09-09 17:54:44,2021-09-09 17:54:47,Manhattan Av & Leonard St,5442,Manhattan Av & Leonard St,5442,40.72084,-73.94844,40.72084,-73.94844,member
418150,55097B199FD2891C,classic_bike,2021-09-10 20:00:55,2021-09-10 20:01:10,Manhattan Av & Leonard St,5442,Manhattan Av & Leonard St,5442,40.72084,-73.94844,40.72084,-73.94844,member
418170,5B648608D0FE6840,classic_bike,2021-09-18 22:26:25,2021-09-18 22:27:33,Manhattan Av & Leonard St,5442,Manhattan Av & Leonard St,5442,40.72084,-73.94844,40.72084,-73.94844,member
418181,A77828676C48D64C,classic_bike,2021-09-01 11:15:04,2021-09-01 11:19:20,Manhattan Av & Leonard St,5442,Graham Ave & Withers St,5403,40.72084,-73.94844,40.7169811,-73.94485918,member
418182,10E0FF39075723F9,classic_bike,2021-09-11 01:49:32,2021-09-11 01:53:59,Graham Ave & Withers St,5403,Manhattan Av & Leonard St,5442,40.7169811,-73.94485918,40.72084,-73.94844,member
418185,44847CAF6300E3F4,classic_bike,2021-09-02 14:07:31,2021-09-02 14:07:43,Manhattan Av & Leonard St,5442,Manhattan Av & Leonard St,5442,40.72084,-73.94844,40.72084,-73.94844,member
418190,0ECE6489EB98C51C,classic_bike,2021-09-29 17:31:21,2021-09-29 17:35:51,Graham Ave & Withers St,5403,Manhattan Av & Leonard St,5442,40.7169811,-73.94485918,40.72084,-73.94844,member
418209,EC9717DACF74B319,classic_bike,2021-09-14 14:34:46,2021-09-14 14:57:16,Manhattan Av & Leonard St,5442,Manhattan Av & Leonard St,5442,40.72084,-73.94844,40.72084,-73.94844,casual
418213,9C46062BF7A01375,classic_bike,2021-09-24 12:34:38,2021-09-24 12:50:05,Manhattan Av & Leonard St,5442,Manhattan Av & Leonard St,5442,40.72084,-73.94844,40.72084,-73.94844,member
418230,0245F6D606E2E268,classic_bike,2021-09-06 17:10:41,2021-09-06 17:46:25,Front St & Gold St,4927,Manhattan Av & Leonard St,5442,40.70224,-73.982578,40.72084,-73.94844,member
418235,096724CD3ACCE3E2,classic_bike,2021-09-02 10:07:00,2021-09-02 10:12:54,Manhattan Av & Leonard St,5442,Graham Ave & Withers St,5403,40.72084,-73.94844,40.7169811,-73.94485918,casual
418245,6B62DC2E5D7BF36A,classic_bike,2021-09-16 17:51:15,2021-09-16 17:53:12,Manhattan Av & Leonard St,5442,Manhattan Av & Leonard St,5442,40.72084,-73.94844,40.72084,-73.94844,member
418246,9A9F4FD7FB3F1E5C,classic_bike,2021-09-04 18:27:49,2021-09-04 18:32:48,Manhattan Av & Leonard St,5442,Manhattan Av & Leonard St,5442,40.72084,-73.94844,40.72084,-73.94844,member
418250,A08D50D4D555DE07,classic_bike,2021-09-03 18:00:48,2021-09-03 18:02:58,Manhattan Av & Leonard St,5442,Manhattan Av & Leonard St,5442,40.72084,-73.94844,40.72084,-73.94844,casual
418282,C41FE92DCC9C191C,classic_bike,2021-09-10 13:43:48,2021-09-10 13:44:13,Manhattan Av & Leonard St,5442,Manhattan Av & Leonard St,5442,40.72084,-73.94844,40.72084,-73.94844,casual
418285,78CC72BE70384DC7,classic_bike,2021-09-06 16:36:11,2021-09-06 16:36:15,Manhattan Av & Leonard St,5442,Manhattan Av & Leonard St,5442,40.72084,-73.94844,40.72084,-73.94844,member
418353,D5BAC6B01327D66C,classic_bike,2021-09-03 17:01:16,2021-09-03 17:08:24,Sharon St & Olive St,5323,Manhattan Av & Leonard St,5442,40.715353,-73.93856,40.72084,-73.94844,member
418354,F2DB96CC2F3DF586,classic_bike,2021-09-03 06:58:23,2021-09-03 07:04:17,Sharon St & Olive St,5323,Manhattan Av & Leonard St,5442,40.715353,-73.93856,40.72084,-73.94844,member
418372,C17B5A93E1FE2097,classic_bike,2021-09-14 17:53:13,2021-09-14 18:41:26,Halsey St & Tompkins Ave,4319,Manhattan Av & Leonard St,5442,40.6823687,-73.944118,40.72084,-73.94844,casual
418429,8F540A2E9BEFE984,classic_bike,2021-09-26 15:16:05,2021-09-26 15:48:36,Manhattan Av & Leonard St,5442,Manhattan Av & Leonard St,5442,40.72084,-73.94844,40.72084,-73.94844,member
418431,0A0BAB3FCC92495D,classic_bike,2021-09-16 12:15:40,2021-09-16 12:37:39,Manhattan Av & Leonard St,5442,Manhattan Av & Leonard St,5442,40.72084,-73.94844,40.72084,-73.94844,member
418440,EDCDDFFDACC467F7,electric_bike,2021-09-01 12:45:12,2021-09-01 13:07:01,Manhattan Av & Leonard St,5442,Manhattan Av & Leonard St,5442,40.72084,-73.94844,40.72084,-73.94844,casual
418442,39F30F264BB79993,classic_bike,2021-09-05 23:18:56,2021-09-06 00:03:21,Manhattan Av & Leonard St,5442,Manhattan Av & Leonard St,5442,40.72084,-73.94844,40.72084,-73.94844,casual
418456,A96D9A3F2A254673,classic_bike,2021-09-25 13:50:04,2021-09-25 14:01:12,Sharon St & Olive St,5323,Manhattan Av & Leonard St,5442,40.715353,-73.93856,40.72084,-73.94844,casual
418458,F389894407218093,classic_bike,2021-09-04 14:48:50,2021-09-04 15:01:40,Sharon St & Olive St,5323,Manhattan Av & Leonard St,5442,40.715353,-73.93856,40.72084,-73.94844,casual
418459,C81BFF91D47F3B60,classic_bike,2021-09-21 18:11:19,2021-09-21 18:17:19,Sharon St & Olive St,5323,Manhattan Av & Leonard St,5442,40.715353,-73.93856,40.72084,-73.94844,casual
418468,5C525D6E819081A5,classic_bike,2021-09-02 19:09:50,2021-09-02 19:13:52,Driggs Ave & N Henry St,5542,Manhattan Av & Leonard St,5442,40.72325,-73.94308,40.72084,-73.94844,casual
418499,FEC983DBA965DC04,classic_bike,2021-09-05 16:15:31,2021-09-05 16:19:12,Union Ave & N 12 St,5411,Manhattan Av & Leonard St,5442,40.71924,-73.95242,40.72084,-73.94844,member
418502,7315EF5505AD6CFA,electric_bike,2021-09-03 09:04:21,2021-09-03 09:26:51,S Portland Ave & Hanson Pl,4354,Manhattan Av & Leonard St,5442,40.68539567,-73.97431458,40.72084,-73.94844,member
418503,D7B965C1D668D4F1,classic_bike,2021-09-02 10:13:25,2021-09-02 10:20:14,Union Ave & N 12 St,5411,Manhattan Av & Leonard St,5442,40.71924,-73.95242,40.72084,-73.94844,member
418504,FD9C482657116605,classic_bike,2021-09-03 13:53:32,2021-09-03 13:58:03,Union Ave & N 12 St,5411,Manhattan Av & Leonard St,5442,40.71924,-73.95242,40.72084,-73.94844,member
418505,A82F625F9C29AA56,classic_bike,2021-09-03 16:03:45,2021-09-03 16:08:00,Union Ave & N 12 St,5411,Manhattan Av & Leonard St,5442,40.71924,-73.95242,40.72084,-73.94844,member
418506,A17B77539B7DEEF7,classic_bike,2021-09-12 00:01:30,2021-09-12 00:04:34,Union Ave & N 12 St,5411,Manhattan Av & Leonard St,5442,40.71924,-73.95242,40.72084,-73.94844,member
418509,65FAA6CA6A5DCB16,classic_bike,2021-09-10 08:07:47,2021-09-10 08:10:51,Union Ave & N 12 St,5411,Manhattan Av & Leonard St,5442,40.71924,-73.95242,40.72084,-73.94844,member
418531,5820EF8EC8096332,classic_bike,2021-09-06 11:57:08,2021-09-06 12:00:31,Driggs Ave & N Henry St,5542,Manhattan Av & Leonard St,5442,40.72325,-73.94308,40.72084,-73.94844,member
418536,9F6A74A96D95156E,electric_bike,2021-09-18 16:59:03,2021-09-18 17:30:21,Prospect Pl & Vanderbilt Ave,4157,Manhattan Av & Leonard St,5442,40.67767534269111,-73.96902143955231,40.72084,-73.94844,member
418555,B3E29607D966536B,classic_bike,2021-09-21 10:04:05,2021-09-21 10:25:54,Manhattan Av & Leonard St,5442,Manhattan Av & Leonard St,5442,40.72084,-73.94844,40.72084,-73.94844,casual
418571,A1120B78C7EA4124,electric_bike,2021-09-11 07:34:41,2021-09-11 07:58:12,Bleecker St & Crosby St,5679,Manhattan Av & Leonard St,5442,40.72615604980408,-73.99510189890862,40.72084,-73.94844,member
418620,E225D9E423AD908E,classic_bike,2021-09-18 16:29:23,2021-09-18 16:47:35,DeKalb Ave & Vanderbilt Ave,4461,Manhattan Av & Leonard St,5442,40.68940747,-73.96885458,40.72084,-73.94844,member
418631,1DCBF59DFC8079DA,classic_bike,2021-09-18 13:57:58,2021-09-18 14:01:40,Meserole Ave & Manhattan Ave,5666,Manhattan Av & Leonard St,5442,40.72708584,-73.95299117,40.72084,-73.94844,member
418632,EFA808B7C6F4A939,classic_bike,2021-09-06 15:57:25,2021-09-06 16:03:56,Meserole Ave & Manhattan Ave,5666,Manhattan Av & Leonard St,5442,40.72708584,-73.95299117,40.72084,-73.94844,member
418636,2F12B7F43C680D28,classic_bike,2021-09-29 18:45:47,2021-09-29 18:49:21,Meserole Ave & Manhattan Ave,5666,Manhattan Av & Leonard St,5442,40.72708584,-73.95299117,40.72084,-73.94844,casual
418656,459731CE71CB9095,classic_bike,2021-09-02 14:14:03,2021-09-02 14:17:39,Meserole Ave & Manhattan Ave,5666,Manhattan Av & Leonard St,5442,40.72708584,-73.95299117,40.72084,-73.94844,member
418669,2DC06EE1769E3F1A,classic_bike,2021-09-06 18:49:11,2021-09-06 19:15:42,Madison St & Woodward Ave,4954,Manhattan Av & Leonard St,5442,40.70408,-73.90408,40.72084,-73.94844,member
418696,23E4B14C5645ECF0,classic_bike,2021-09-02 08:33:21,2021-09-02 08:37:26,Meserole Ave & Manhattan Ave,5666,Manhattan Av & Leonard St,5442,40.72708584,-73.95299117,40.72084,-73.94844,member
418717,C5A0859E165DE6DD,electric_bike,2021-09-10 10:08:17,2021-09-10 10:27:25,Wyckoff Av & Stanhope St,4931,Manhattan Av & Leonard St,5442,40.703545,-73.917775,40.72084,-73.94844,casual
418721,3A10AB74B8D3C87C,classic_bike,2021-09-09 21:13:07,2021-09-09 21:23:08,Stagg St & Union Ave,5117,Manhattan Av & Leonard St,5442,40.70877084,-73.95095259,40.72084,-73.94844,member
418731,DD983A073A8BFAC4,classic_bike,2021-09-23 21:30:51,2021-09-23 21:35:39,Graham Ave & Conselyea St,5291,Manhattan Av & Leonard St,5442,40.715143,-73.944507,40.72084,-73.94844,member
418735,2EB33BD5C968B573,classic_bike,2021-09-13 21:26:47,2021-09-13 21:31:42,Graham Ave & Conselyea St,5291,Manhattan Av & Leonard St,5442,40.715143,-73.944507,40.72084,-73.94844,member
418739,BE2543728BA2659A,classic_bike,2021-09-12 19:42:31,2021-09-12 19:47:47,Graham Ave & Conselyea St,5291,Manhattan Av & Leonard St,5442,40.715143,-73.944507,40.72084,-73.94844,member
418742,6CDD4756F76FB181,classic_bike,2021-09-20 17:21:51,2021-09-20 17:24:57,Graham Ave & Conselyea St,5291,Manhattan Av & Leonard St,5442,40.715143,-73.944507,40.72084,-73.94844,member
418748,740B91102ED95936,classic_bike,2021-09-06 14:57:21,2021-09-06 15:13:02,Graham Ave & Conselyea St,5291,Manhattan Av & Leonard St,5442,40.715143,-73.944507,40.72084,-73.94844,member
418750,0EF4B0FF8840226D,classic_bike,2021-09-26 11:03:16,2021-09-26 11:08:51,Graham Ave & Conselyea St,5291,Manhattan Av & Leonard St,5442,40.715143,-73.944507,40.72084,-73.94844,member
418754,6234DE3860EE6D27,classic_bike,2021-09-29 22:41:26,2021-09-29 22:44:31,Graham Ave & Conselyea St,5291,Manhattan Av & Leonard St,5442,40.715143,-73.944507,40.72084,-73.94844,member
418755,CD8930C954FEACB4,classic_bike,2021-09-28 21:39:38,2021-09-28 21:42:34,Graham Ave & Conselyea St,5291,Manhattan Av & Leonard St,5442,40.715143,-73.944507,40.72084,-73.94844,member
418757,2877DE5C9B4C410C,classic_bike,2021-09-04 11:48:12,2021-09-04 11:52:09,Graham Ave & Conselyea St,5291,Manhattan Av & Leonard St,5442,40.715143,-73.944507,40.72084,-73.94844,member
418759,B26E4368834BE58F,electric_bike,2021-09-05 23:14:41,2021-09-05 23:21:16,Bushwick Ave & Stagg St,5140,Manhattan Av & Leonard St,5442,40.709897,-73.94008,40.72084,-73.94844,member
418767,99508131254CF1B9,electric_bike,2021-09-26 18:57:37,2021-09-26 19:03:45,Graham Ave & Conselyea St,5291,Manhattan Av & Leonard St,5442,40.715143,-73.944507,40.72084,-73.94844,member
418768,0035194718AE66D6,classic_bike,2021-09-09 15:49:45,2021-09-09 15:53:18,Graham Ave & Conselyea St,5291,Manhattan Av & Leonard St,5442,40.715143,-73.944507,40.72084,-73.94844,member
418769,269C8836033B9EDD,classic_bike,2021-09-21 15:35:44,2021-09-21 15:42:29,Graham Ave & Conselyea St,5291,Manhattan Av & Leonard St,5442,40.715143,-73.944507,40.72084,-73.94844,member
418770,A63815EDE2BFAAEC,classic_bike,2021-09-14 15:46:26,2021-09-14 15:51:41,Graham Ave & Conselyea St,5291,Manhattan Av & Leonard St,5442,40.715143,-73.944507,40.72084,-73.94844,member
418777,CF9F0C2B966F0C0F,classic_bike,2021-09-08 12:38:56,2021-09-08 12:43:28,Graham Ave & Conselyea St,5291,Manhattan Av & Leonard St,5442,40.715143,-73.944507,40.72084,-73.94844,member
418780,F03E7996DA57E6F4,classic_bike,2021-09-06 15:53:21,2021-09-06 16:21:53,Irving Ave & Jefferson St,5051,Manhattan Av & Leonard St,5442,40.70538,-73.92535,40.72084,-73.94844,casual
418781,AB2ECBA82C594A8A,classic_bike,2021-09-30 18:14:04,2021-09-30 18:16:50,Graham Ave & Conselyea St,5291,Manhattan Av & Leonard St,5442,40.715143,-73.944507,40.72084,-73.94844,member
418849,AC59E1554D13546B,classic_bike,2021-09-08 16:02:44,2021-09-08 16:13:44,Union Ave & Wallabout St,4818,Manhattan Av & Leonard St,5442,40.70029511,-73.95032283,40.72084,-73.94844,member
418855,A16A158D40094A45,classic_bike,2021-09-14 13:48:24,2021-09-14 14:08:20,Stockholm St & Wilson Ave,4824,Manhattan Av & Leonard St,5442,40.699304,-73.923044,40.72084,-73.94844,casual
418943,01E35AEA0B1E0B9C,classic_bike,2021-09-02 14:20:25,2021-09-02 14:46:23,Nostrand Ave & Myrtle Ave,4707,Manhattan Av & Leonard St,5442,40.69527008,-73.95238108,40.72084,-73.94844,casual
419082,A713BF795DDBC7BA,classic_bike,2021-09-05 13:48:30,2021-09-05 14:01:14,Roebling St & N 4 St,5267,Manhattan Av & Leonard St,5442,40.71469,-73.95739,40.72084,-73.94844,casual
419089,957179B7CBFA357E,classic_bike,2021-09-08 20:11:35,2021-09-08 20:18:03,Roebling St & N 4 St,5267,Manhattan Av & Leonard St,5442,40.71469,-73.95739,40.72084,-73.94844,casual
419094,21C26CAF73D96911,classic_bike,2021-09-20 16:53:29,2021-09-20 17:35:11,Forest Ave & Summerfield St,4798,Manhattan Av & Leonard St,5442,40.69922,-73.89795,40.72084,-73.94844,member
419095,5E8B7A21AA062BE6,classic_bike,2021-09-08 16:58:55,2021-09-08 17:39:28,Forest Ave & Summerfield St,4798,Manhattan Av & Leonard St,5442,40.69922,-73.89795,40.72084,-73.94844,member
419117,889DDC581349AB72,electric_bike,2021-09-27 23:08:45,2021-09-27 23:14:18,Roebling St & N 4 St,5267,Manhattan Av & Leonard St,5442,40.71469,-73.95739,40.72084,-73.94844,member
419124,1EEE6E26B4D6242C,classic_bike,2021-09-26 14:36:32,2021-09-26 14:49:51,46 Ave & 5 St,6286,Manhattan Av & Leonard St,5442,40.74731,-73.95451,40.72084,-73.94844,member
419137,8D84F7A32F8B328D,classic_bike,2021-09-04 16:42:30,2021-09-04 16:45:29,Union Ave & N 12 St,5411,Manhattan Av & Leonard St,5442,40.71924,-73.95242,40.72084,-73.94844,casual
419163,FBCD4DA8D9639BF3,classic_bike,2021-09-08 09:01:42,2021-09-08 09:10:02,N 11 St & Kent Ave,5489,Manhattan Av & Leonard St,5442,40.72248188638219,-73.95921930670738,40.72084,-73.94844,member
419204,207A7E4C33EE0F4E,electric_bike,2021-09-12 22:51:09,2021-09-12 23:09:32,Cleveland Pl & Spring St,5492,Manhattan Av & Leonard St,5442,40.722103786686034,-73.99724900722504,40.72084,-73.94844,casual
419235,163A7BE918253C1B,classic_bike,2021-09-18 11:22:55,2021-09-18 11:32:23,Jackson Ave & 46 Rd,6203,Manhattan Av & Leonard St,5442,40.74524768,-73.94733276,40.72084,-73.94844,member
419260,236F344E66632697,classic_bike,2021-09-13 17:45:51,2021-09-13 17:54:19,Bushwick Ave & McKibbin St,5027,Manhattan Av & Leonard St,5442,40.705517,-73.93936,40.72084,-73.94844,member
419295,7539E04224142C13,electric_bike,2021-09-30 20:10:42,2021-09-30 20:21:59,Bushwick Ave & McKibbin St,5027,Manhattan Av & Leonard St,5442,40.705517,-73.93936,40.72084,-73.94844,casual
419298,A17277A81535166E,classic_bike,2021-09-28 22:56:14,2021-09-28 23:14:20,Broadway & Kosciuszko St,4608,Manhattan Av & Leonard St,5442,40.69329,-73.92852,40.72084,-73.94844,member
419302,E04359BEA2C1BC66,classic_bike,2021-09-29 11:50:29,2021-09-29 12:03:13,Knickerbocker Ave & George St,4979,Manhattan Av & Leonard St,5442,40.704425,-73.92836,40.72084,-73.94844,casual
419306,F0B40EC3C1D7D841,classic_bike,2021-09-19 09:51:35,2021-09-19 10:09:47,Knickerbocker Ave & George St,4979,Manhattan Av & Leonard St,5442,40.704425,-73.92836,40.72084,-73.94844,casual
419312,F9382BABD1B4B7E0,electric_bike,2021-09-02 19:16:10,2021-09-02 19:31:46,Irving Ave & DeKalb Ave,4898,Manhattan Av & Leonard St,5442,40.7027,-73.92095,40.72084,-73.94844,member
419327,A863C9BB3E97F970,classic_bike,2021-09-11 16:18:14,2021-09-11 17:00:21,Manhattan Av & Leonard St,5442,Manhattan Av & Leonard St,5442,40.72084,-73.94844,40.72084,-73.94844,member
419384,02E8485CD9C01F3D,classic_bike,2021-09-09 23:21:28,2021-09-09 23:21:47,Manhattan Av & Leonard St,5442,Manhattan Av & Leonard St,5442,40.72084,-73.94844,40.72084,-73.94844,member
419390,9B87A1A5AF696D5A,electric_bike,2021-09-28 00:23:03,2021-09-28 00:42:18,W 13 St & 7 Ave,6030,Manhattan Av & Leonard St,5442,40.73781509,-73.99994661,40.72084,-73.94844,member
419402,45C106075ADF1894,classic_bike,2021-09-15 10:15:17,2021-09-15 10:25:13,N 6 St & Bedford Ave,5379,Manhattan Av & Leonard St,5442,40.71745169,-73.95850939,40.72084,-73.94844,member
419403,040EEE83BA58EB6C,classic_bike,2021-09-22 17:25:33,2021-09-22 17:32:30,N 6 St & Bedford Ave,5379,Manhattan Av & Leonard St,5442,40.71745169,-73.95850939,40.72084,-73.94844,member
419410,EBA923E4AC9C411C,classic_bike,2021-09-18 14:06:38,2021-09-18 14:33:59,Tompkins Ave & Hopkins St,4850,Manhattan Av & Leonard St,5442,40.69957608,-73.94708417,40.72084,-73.94844,casual
419439,F36A7CA233F22EBF,classic_bike,2021-09-14 17:53:15,2021-09-14 18:14:24,McKibbin St & Bogart St,5059,Manhattan Av & Leonard St,5442,40.706237,-73.933871,40.72084,-73.94844,member
419452,F0F1A27126F4E823,classic_bike,2021-09-13 10:32:29,2021-09-13 10:46:48,McKibbin St & Bogart St,5059,Manhattan Av & Leonard St,5442,40.706237,-73.933871,40.72084,-73.94844,member
419463,9C6163E20834C6DD,classic_bike,2021-09-02 15:43:07,2021-09-02 15:51:49,Graham Ave & Grand St,5178,Manhattan Av & Leonard St,5442,40.711863,-73.944024,40.72084,-73.94844,member
419484,C70216F6E0AB00E8,classic_bike,2021-09-14 18:24:47,2021-09-14 18:30:56,Graham Ave & Grand St,5178,Manhattan Av & Leonard St,5442,40.711863,-73.944024,40.72084,-73.94844,member
419506,C30BAB215366063A,classic_bike,2021-09-09 20:49:30,2021-09-09 21:00:30,Graham Ave & Grand St,5178,Manhattan Av & Leonard St,5442,40.711863,-73.944024,40.72084,-73.94844,member
419507,571B04656DA5A5C2,classic_bike,2021-09-02 17:10:06,2021-09-02 17:14:55,Driggs Ave & N 9 St,5411,Manhattan Av & Leonard St,5442,40.71816969454208,-73.95520135760307,40.72084,-73.94844,member
419517,636E996E62BCC052,classic_bike,2021-09-07 14:48:38,2021-09-07 15:04:49,McKibbin St & Bogart St,5059,Manhattan Av & Leonard St,5442,40.706237,-73.933871,40.72084,-73.94844,casual
419527,29352F3C5B93D665,classic_bike,2021-09-02 13:49:21,2021-09-02 13:55:04,Driggs Ave & N 9 St,5411,Manhattan Av & Leonard St,5442,40.71816969454208,-73.95520135760307,40.72084,-73.94844,member
419541,7A78DF26F65EF26E,classic_bike,2021-09-24 16:38:44,2021-09-24 16:43:05,Driggs Ave & N 9 St,5411,Manhattan Av & Leonard St,5442,40.71816969454208,-73.95520135760307,40.72084,-73.94844,member
419553,1D69C2DA46C50BBC,classic_bike,2021-09-21 17:54:47,2021-09-21 18:12:01,Bushwick Ave & Forrest St,4914,Manhattan Av & Leonard St,5442,40.70076,-73.93641,40.72084,-73.94844,casual
419572,229F796D06228ECC,classic_bike,2021-09-15 17:47:10,2021-09-15 17:52:25,Richardson St & N Henry St,5433,Manhattan Av & Leonard St,5442,40.71907891179564,-73.94223690032959,40.72084,-73.94844,casual
419577,F62BDD32F60245FB,classic_bike,2021-09-04 15:11:58,2021-09-04 15:38:01,Metropolitan Ave & Meeker Ave,5300,Manhattan Av & Leonard St,5442,40.71413311,-73.95234386,40.72084,-73.94844,casual
419582,610EC8F26ACD7DE2,classic_bike,2021-09-03 23:46:05,2021-09-03 23:55:49,Metropolitan Ave & Meeker Ave,5300,Manhattan Av & Leonard St,5442,40.71413311,-73.95234386,40.72084,-73.94844,member
419583,5A91E8FDB01B0A82,classic_bike,2021-09-12 19:17:30,2021-09-12 19:24:53,Metropolitan Ave & Meeker Ave,5300,Manhattan Av & Leonard St,5442,40.71413311,-73.95234386,40.72084,-73.94844,member
419593,7B58A08FB4043FDC,electric_bike,2021-09-13 19:13:22,2021-09-13 19:33:49,Pulaski St & Marcus Garvey Blvd,4656,Manhattan Av & Leonard St,5442,40.6933982,-73.939877,40.72084,-73.94844,member
419623,52D88D4EB9BC7142,classic_bike,2021-09-07 19:01:55,2021-09-07 19:45:49,South St & Gouverneur Ln,4953,Manhattan Av & Leonard St,5442,40.70355377,-74.00670227,40.72084,-73.94844,member
419693,374E66A6BA42CCB8,classic_bike,2021-09-11 23:52:03,2021-09-12 00:03:38,Metropolitan Ave & Stewart Ave,5273,Manhattan Av & Leonard St,5442,40.71401,-73.92793,40.72084,-73.94844,casual
419798,B2DE9837A1332B18,classic_bike,2021-09-04 17:23:11,2021-09-04 17:33:37,Nassau Ave & Russell St,5581,Manhattan Av & Leonard St,5442,40.72557,-73.94434,40.72084,-73.94844,member
419808,111727620867DAAD,electric_bike,2021-09-02 11:15:44,2021-09-02 11:29:34,Broadway & Whipple St,4883,Manhattan Av & Leonard St,5442,40.7016657,-73.9437303,40.72084,-73.94844,casual
419809,7318A551C4B2273E,classic_bike,2021-09-14 11:04:28,2021-09-14 11:17:35,Broadway & Whipple St,4883,Manhattan Av & Leonard St,5442,40.7016657,-73.9437303,40.72084,-73.94844,casual
419830,648DB46306C23D71,classic_bike,2021-09-11 10:30:33,2021-09-11 10:39:07,Broadway & Whipple St,4883,Manhattan Av & Leonard St,5442,40.7016657,-73.9437303,40.72084,-73.94844,member
419840,7C5614796DCC2A31,electric_bike,2021-09-02 09:39:17,2021-09-02 09:49:24,Union Ave & N 12 St,5411,Manhattan Av & Leonard St,5442,40.71924,-73.95242,40.72084,-73.94844,casual
419851,E9190C188D36D090,classic_bike,2021-09-28 08:21:01,2021-09-28 08:38:47,Nassau Ave & Russell St,5581,Manhattan Av & Leonard St,5442,40.72557,-73.94434,40.72084,-73.94844,member
419854,814E74DD4047F060,classic_bike,2021-09-03 23:01:48,2021-09-03 23:11:17,Broadway & Whipple St,4883,Manhattan Av & Leonard St,5442,40.7016657,-73.9437303,40.72084,-73.94844,casual
419856,ECA68039DE846707,electric_bike,2021-09-26 00:18:51,2021-09-26 00:37:33,Broadway & Whipple St,4883,Manhattan Av & Leonard St,5442,40.7016657,-73.9437303,40.72084,-73.94844,casual
419867,A8CBD9E51429259B,classic_bike,2021-09-08 20:28:55,2021-09-08 20:32:43,Nassau Ave & Russell St,5581,Manhattan Av & Leonard St,5442,40.72557,-73.94434,40.72084,-73.94844,member
419868,1AC620F5ECF30744,classic_bike,2021-09-04 17:17:59,2021-09-04 17:22:37,Nassau Ave & Russell St,5581,Manhattan Av & Leonard St,5442,40.72557,-73.94434,40.72084,-73.94844,member
419869,6600229F71444382,classic_bike,2021-09-26 19:25:12,2021-09-26 19:39:26,Broadway & Whipple St,4883,Manhattan Av & Leonard St,5442,40.7016657,-73.9437303,40.72084,-73.94844,member
419870,3325DAEA0419725D,classic_bike,2021-09-02 19:01:03,2021-09-02 19:10:48,Broadway & Whipple St,4883,Manhattan Av & Leonard St,5442,40.7016657,-73.9437303,40.72084,-73.94844,member
419871,063222AA3DD90040,classic_bike,2021-09-13 13:34:49,2021-09-13 13:47:16,Broadway & Whipple St,4883,Manhattan Av & Leonard St,5442,40.7016657,-73.9437303,40.72084,-73.94844,member
419872,C0C7F380C4A87320,classic_bike,2021-09-12 19:43:19,2021-09-12 19:55:59,Broadway & Whipple St,4883,Manhattan Av & Leonard St,5442,40.7016657,-73.9437303,40.72084,-73.94844,member
419884,5B4A9E19411343D8,classic_bike,2021-09-05 19:25:38,2021-09-05 19:39:34,Broadway & Whipple St,4883,Manhattan Av & Leonard St,5442,40.7016657,-73.9437303,40.72084,-73.94844,member
419887,DA795D57BD05B8FD,classic_bike,2021-09-11 10:49:30,2021-09-11 10:52:53,Bayard St & Leonard St,5442,Graham Ave & Withers St,5403,40.71915571696044,-73.94885390996933,40.7169811,-73.94485918,member
419889,A924780048860097,classic_bike,2021-09-14 00:11:06,2021-09-14 00:39:22,Bayard St & Leonard St,5442,Manhattan Av & Leonard St,5442,40.71915571696044,-73.94885390996933,40.72084,-73.94844,casual
419890,A1A5F2D9BB6DE030,classic_bike,2021-09-04 17:20:31,2021-09-04 17:52:53,Franklin St & Dupont St,5944,Manhattan Av & Leonard St,5442,40.73564,-73.95866,40.72084,-73.94844,casual
419897,8FD3BA8A5CCC5BDE,electric_bike,2021-09-18 23:24:12,2021-09-18 23:30:40,Franklin St & Dupont St,5944,Manhattan Av & Leonard St,5442,40.73564,-73.95866,40.72084,-73.94844,member
419903,B9AC9D9B6E4E197C,classic_bike,2021-09-24 10:21:41,2021-09-24 10:31:06,Bayard St & Leonard St,5442,Manhattan Av & Leonard St,5442,40.71915571696044,-73.94885390996933,40.72084,-73.94844,casual
419904,24107BBC3E7B18C9,classic_bike,2021-09-17 20:04:50,2021-09-17 20:13:17,Devoe St & Morgan Ave,5282,Manhattan Av & Leonard St,5442,40.713811,-73.93515,40.72084,-73.94844,member
419912,ED0658A6DFE19DF4,classic_bike,2021-09-22 15:50:22,2021-09-22 16:00:20,Bayard St & Leonard St,5442,Manhattan Av & Leonard St,5442,40.71915571696044,-73.94885390996933,40.72084,-73.94844,member
419915,4CD3A69A84ADF328,classic_bike,2021-09-02 22:28:17,2021-09-02 22:46:00,Bayard St & Leonard St,5442,Manhattan Av & Leonard St,5442,40.71915571696044,-73.94885390996933,40.72084,-73.94844,member
419921,E891E77D59A124DF,classic_bike,2021-09-29 07:05:53,2021-09-29 07:18:19,Franklin St & Dupont St,5944,Manhattan Av & Leonard St,5442,40.73564,-73.95866,40.72084,-73.94844,member
419938,EA01E7AD7AF08940,classic_bike,2021-09-04 14:00:09,2021-09-04 14:02:09,Bayard St & Leonard St,5442,Manhattan Av & Leonard St,5442,40.71915571696044,-73.94885390996933,40.72084,-73.94844,member
419940,52A426DCA5FAFA3E,classic_bike,2021-09-05 04:05:14,2021-09-05 04:13:33,Kent St & McGuinness Blvd,5785,Manhattan Av & Leonard St,5442,40.73124,-73.95161,40.72084,-73.94844,member
419960,25D7DB2C1431C036,classic_bike,2021-09-08 17:45:39,2021-09-08 17:57:28,Bayard St & Leonard St,5442,Manhattan Av & Leonard St,5442,40.71915571696044,-73.94885390996933,40.72084,-73.94844,casual
419978,E308CAABDDC0A342,classic_bike,2021-09-06 12:19:10,2021-09-06 12:20:32,Bayard St & Leonard St,5442,Manhattan Av & Leonard St,5442,40.71915571696044,-73.94885390996933,40.72084,-73.94844,member
419979,3813CC555507FC06,classic_bike,2021-09-06 12:23:32,2021-09-06 12:25:22,Bayard St & Leonard St,5442,Manhattan Av & Leonard St,5442,40.71915571696044,-73.94885390996933,40.72084,-73.94844,member
420002,3E3DDB00AD5EE17E,classic_bike,2021-09-07 21:08:23,2021-09-07 21:17:10,Waterbury St & Stagg St,5099,Manhattan Av & Leonard St,5442,40.71019,-73.93734,40.72084,-73.94844,member
420004,C22F9653ED2D96F8,classic_bike,2021-09-20 17:06:26,2021-09-20 17:22:27,Broadway & Whipple St,4883,Manhattan Av & Leonard St,5442,40.7016657,-73.9437303,40.72084,-73.94844,member
420013,3A88C1A9FF1FA576,classic_bike,2021-09-08 20:54:33,2021-09-08 21:03:15,Waterbury St & Stagg St,5099,Manhattan Av & Leonard St,5442,40.71019,-73.93734,40.72084,-73.94844,member
420029,B9185677898748A5,classic_bike,2021-09-13 09:16:41,2021-09-13 09:25:18,India St & Manhattan Ave,5826,Manhattan Av & Leonard St,5442,40.73232194,-73.9550858,40.72084,-73.94844,member
420055,64F02C817F444D93,classic_bike,2021-09-15 18:59:02,2021-09-15 19:16:50,Willoughby Ave & Myrtle Ave,4759,Manhattan Av & Leonard St,5442,40.69757,-73.93098,40.72084,-73.94844,casual
420058,D3A5CE215D7A0E52,classic_bike,2021-09-05 07:21:48,2021-09-05 07:28:30,India St & Manhattan Ave,5826,Manhattan Av & Leonard St,5442,40.73232194,-73.9550858,40.72084,-73.94844,member
420062,D44E99B4654BBB78,classic_bike,2021-09-26 12:12:05,2021-09-26 12:26:53,Broadway & Whipple St,4883,Manhattan Av & Leonard St,5442,40.7016657,-73.9437303,40.72084,-73.94844,casual
420071,B078C09AD9E1C231,classic_bike,2021-09-11 13:53:53,2021-09-11 13:59:06,Nassau Ave & Russell St,5581,Manhattan Av & Leonard St,5442,40.72557,-73.94434,40.72084,-73.94844,member
420090,A42FCAA824F3526B,classic_bike,2021-09-02 17:25:33,2021-09-02 17:33:46,India St & Manhattan Ave,5826,Manhattan Av & Leonard St,5442,40.73232194,-73.9550858,40.72084,-73.94844,casual
420093,7F6F766E2C14B91B,classic_bike,2021-09-29 11:49:17,2021-09-29 11:55:11,India St & Manhattan Ave,5826,Manhattan Av & Leonard St,5442,40.73232194,-73.9550858,40.72084,-73.94844,casual
420100,F09F2572F0858A31,classic_bike,2021-09-22 18:13:32,2021-09-22 18:20:29,India St & Manhattan Ave,5826,Manhattan Av & Leonard St,5442,40.73232194,-73.9550858,40.72084,-73.94844,casual
420104,1EBC502768DB4515,classic_bike,2021-09-28 18:44:49,2021-09-28 18:52:50,India St & Manhattan Ave,5826,Manhattan Av & Leonard St,5442,40.73232194,-73.9550858,40.72084,-73.94844,member
420124,22446D334B03D2C5,classic_bike,2021-09-26 15:29:12,2021-09-26 15:35:21,India St & Manhattan Ave,5826,Manhattan Av & Leonard St,5442,40.73232194,-73.9550858,40.72084,-73.94844,member
420149,A74D8A01B726E2A4,classic_bike,2021-09-14 17:57:01,2021-09-14 18:17:36,Myrtle Ave & Lewis Ave,4729,Manhattan Av & Leonard St,5442,40.69681963,-73.93756926,40.72084,-73.94844,casual
420157,242C6702FB7DC846,classic_bike,2021-09-17 20:39:19,2021-09-17 20:56:08,Bushwick Ave & Dekalb Ave,4680,Manhattan Av & Leonard St,5442,40.69502,-73.92825,40.72084,-73.94844,casual
420169,74FA39EBDCB5729B,classic_bike,2021-09-13 17:23:08,2021-09-13 17:58:55,5 Ave & E 29 St,6248,Manhattan Av & Leonard St,5442,40.7451677,-73.98683077,40.72084,-73.94844,member
420189,FAC832946A4B04AF,electric_bike,2021-09-02 09:34:42,2021-09-02 09:41:35,Frost St & Debevoise Ave,5433,Manhattan Av & Leonard St,5442,40.71882,-73.93948,40.72084,-73.94844,casual
420272,E125BA6B853B226D,classic_bike,2021-09-25 18:25:05,2021-09-25 18:34:22,Berry St & N 8 St,5379,Manhattan Av & Leonard St,5442,40.7190095,-73.95852515,40.72084,-73.94844,casual
420320,98268DA6EED71614,classic_bike,2021-09-06 13:02:54,2021-09-06 13:15:02,Humboldt St & Varet St,4956,Manhattan Av & Leonard St,5442,40.7031724,-73.940636,40.72084,-73.94844,member
420340,229E425558838CC5,classic_bike,2021-09-13 06:45:58,2021-09-13 06:50:19,Union Ave & Jackson St,5300,Manhattan Av & Leonard St,5442,40.7160751,-73.952029,40.72084,-73.94844,member
420353,69F557420BAB0DA9,classic_bike,2021-09-06 01:07:43,2021-09-06 01:19:11,Humboldt St & Varet St,4956,Manhattan Av & Leonard St,5442,40.7031724,-73.940636,40.72084,-73.94844,member
420382,7C9C5BB578000DDD,classic_bike,2021-09-15 20:40:57,2021-09-15 20:46:47,Driggs Ave & N 9 St,5411,Manhattan Av & Leonard St,5442,40.71816969454208,-73.95520135760307,40.72084,-73.94844,member
420385,D9A36FF2A3C63520,classic_bike,2021-09-02 21:55:22,2021-09-02 22:00:16,Driggs Ave & N 9 St,5411,Manhattan Av & Leonard St,5442,40.71816969454208,-73.95520135760307,40.72084,-73.94844,member
420387,DA4666F61430BE0E,electric_bike,2021-09-05 00:33:52,2021-09-05 00:53:39,Driggs Ave & N 9 St,5411,Manhattan Av & Leonard St,5442,40.71816969454208,-73.95520135760307,40.72084,-73.94844,casual
420415,31B6EC04D63D607C,classic_bike,2021-09-03 20:18:24,2021-09-03 20:36:23,Melrose St & Broadway,4801,Manhattan Av & Leonard St,5442,40.697481,-73.935877,40.72084,-73.94844,casual
420425,AE47BF763A3E0E4A,classic_bike,2021-09-23 12:54:13,2021-09-23 13:01:13,Berry St & N 8 St,5379,Manhattan Av & Leonard St,5442,40.7190095,-73.95852515,40.72084,-73.94844,member
420441,5D6E489D3302D3B7,electric_bike,2021-09-11 23:07:42,2021-09-11 23:42:07,Henry St & Grand St,5294,Manhattan Av & Leonard St,5442,40.714211,-73.981095,40.72084,-73.94844,casual
420446,C5C57FBC8B21D73F,classic_bike,2021-09-15 18:27:51,2021-09-15 18:33:00,N 6 St & Bedford Ave,5379,Manhattan Av & Leonard St,5442,40.71745169,-73.95850939,40.72084,-73.94844,member
420473,EA6DE7A165CC4653,electric_bike,2021-09-18 11:02:12,2021-09-18 11:33:40,W 54 St & 9 Ave,6920,Manhattan Av & Leonard St,5442,40.76584941,-73.98690506,40.72084,-73.94844,member
420518,EE7A249D9D923BBA,electric_bike,2021-09-30 20:13:03,2021-09-30 20:31:39,Grove St & Broadway,4526,Manhattan Av & Leonard St,5442,40.69047,-73.923511,40.72084,-73.94844,casual
420520,3290B124F73B1202,electric_bike,2021-09-09 17:45:21,2021-09-09 18:09:35,E 6 St & Avenue D,5506,Manhattan Av & Leonard St,5442,40.72228087,-73.97668709,40.72084,-73.94844,member
420560,5EF5CBCB1F3F685C,classic_bike,2021-09-12 09:21:14,2021-09-12 09:34:49,Graham Ave & Herbert St,5403,Manhattan Av & Leonard St,5442,40.71929301,-73.94500379,40.72084,-73.94844,member
420595,7F1707C7253062B7,classic_bike,2021-09-19 09:22:50,2021-09-19 09:39:37,46 Ave & 5 St,6286,Manhattan Av & Leonard St,5442,40.74731,-73.95451,40.72084,-73.94844,member
420598,ADE45E903ED9F1D4,classic_bike,2021-09-07 12:12:02,2021-09-07 12:48:03,Madison St & Forest Ave,5025,Manhattan Av & Leonard St,5442,40.70555,-73.90245,40.72084,-73.94844,casual
420600,8B33507339291D5C,classic_bike,2021-09-08 20:56:46,2021-09-08 21:07:20,Roebling St & N 4 St,5267,Manhattan Av & Leonard St,5442,40.71469,-73.95739,40.72084,-73.94844,casual
420601,70117590215CC83A,classic_bike,2021-09-05 23:35:08,2021-09-05 23:40:18,Roebling St & N 4 St,5267,Manhattan Av & Leonard St,5442,40.71469,-73.95739,40.72084,-73.94844,casual
420616,19E84E3FB35EC55C,classic_bike,2021-09-10 17:57:14,2021-09-10 18:03:26,Leonard St & Maujer St,5148,Manhattan Av & Leonard St,5442,40.7103685423523,-73.94705951213837,40.72084,-73.94844,member
420619,75D0D8EC20EA6816,classic_bike,2021-09-14 18:27:42,2021-09-14 18:39:46,Morgan Ave & Maspeth Ave,5354,Manhattan Av & Leonard St,5442,40.716657,-73.93637,40.72084,-73.94844,member
420620,521C5C0A5F325D6F,classic_bike,2021-09-15 19:28:20,2021-09-15 19:41:23,Montrose Ave & Bushwick Ave,5068,Manhattan Av & Leonard St,5442,40.70767788,-73.94016171,40.72084,-73.94844,member
420621,86FCCD784E38FDAA,classic_bike,2021-09-10 21:47:20,2021-09-10 21:55:37,N 6 St & Bedford Ave,5379,Manhattan Av & Leonard St,5442,40.71745169,-73.95850939,40.72084,-73.94844,member
420645,9BBF0B199D581C81,classic_bike,2021-09-03 17:26:35,2021-09-03 17:30:08,Driggs Ave & N Henry St,5542,Manhattan Av & Leonard St,5442,40.72325,-73.94308,40.72084,-73.94844,member
420651,137AE8AB1628EF9B,classic_bike,2021-09-11 15:35:26,2021-09-11 15:48:31,Driggs Ave & N Henry St,5542,Manhattan Av & Leonard St,5442,40.72325,-73.94308,40.72084,-73.94844,member
420654,AB7D5B66E44824D3,classic_bike,2021-09-12 12:45:29,2021-09-12 12:48:53,Driggs Ave & N Henry St,5542,Manhattan Av & Leonard St,5442,40.72325,-73.94308,40.72084,-73.94844,member
420656,22650505E74581BC,classic_bike,2021-09-13 14:11:41,2021-09-13 14:20:29,Leonard St & Maujer St,5148,Manhattan Av & Leonard St,5442,40.7103685423523,-73.94705951213837,40.72084,-73.94844,casual
420665,EE366E8928D90911,electric_bike,2021-09-13 17:55:27,2021-09-13 18:14:54,Crescent St & 34 Ave,6759,Manhattan Av & Leonard St,5442,40.76108,-73.930562,40.72084,-73.94844,member
420731,1BBA292C1F822FEA,classic_bike,2021-09-06 11:50:41,2021-09-06 11:54:26,Driggs Ave & N Henry St,5542,Manhattan Av & Leonard St,5442,40.72325,-73.94308,40.72084,-73.94844,member
420747,B7AA89D585AA7A95,classic_bike,2021-09-12 16:34:19,2021-09-12 16:46:59,S 4 St & Wythe Ave,5204,Manhattan Av & Leonard St,5442,40.71285887,-73.96590294,40.72084,-73.94844,member
420797,52B721340DEB2B9E,classic_bike,2021-09-01 13:43:33,2021-09-01 13:55:37,Stagg St & Morgan Ave,5170,Manhattan Av & Leonard St,5442,40.710681,-73.93372,40.72084,-73.94844,member
420842,8911AB5DF4F3C593,classic_bike,2021-09-03 16:38:28,2021-09-03 16:58:44,Delancey St & Eldridge St,5414,Manhattan Av & Leonard St,5442,40.719383,-73.991479,40.72084,-73.94844,member
420920,87248D05C703479F,electric_bike,2021-09-18 17:18:18,2021-09-18 17:37:35,Franklin St & W Broadway,5430,Manhattan Av & Leonard St,5442,40.71911552,-74.00666661,40.72084,-73.94844,casual
420947,827AAA387698A951,classic_bike,2021-09-12 14:36:29,2021-09-12 14:46:52,McGuinness Blvd & Eagle St,5977,Manhattan Av & Leonard St,5442,40.73555,-73.95284,40.72084,-73.94844,casual
421018,A8E2231CE37CB962,classic_bike,2021-09-06 14:59:12,2021-09-06 15:12:53,S 4 St & Wythe Ave,5204,Manhattan Av & Leonard St,5442,40.71285887,-73.96590294,40.72084,-73.94844,member
421112,D7E1B77675C9A4D2,classic_bike,2021-09-14 18:01:52,2021-09-14 18:27:19,Lafayette St & Jersey St,5561,Manhattan Av & Leonard St,5442,40.72456089,-73.99565293,40.72084,-73.94844,member
421191,D686E9EC472CFC9B,classic_bike,2021-09-16 19:15:58,2021-09-16 19:41:01,Lafayette St & Jersey St,5561,Manhattan Av & Leonard St,5442,40.72456089,-73.99565293,40.72084,-73.94844,member
421284,CEE6A343D09C2118,classic_bike,2021-09-30 21:07:14,2021-09-30 21:15:20,Broadway & Whipple St,4883,Manhattan Av & Leonard St,5442,40.7016657,-73.9437303,40.72084,-73.94844,casual
421374,80EF7B6CB23DD12E,classic_bike,2021-09-16 18:42:23,2021-09-16 19:00:55,Bayard St & Leonard St,5442,Suydam St & St. Nicholas Ave,5043,40.71915571696044,-73.94885390996933,40.70636,-73.91945,member
421400,2628D0A424543479,electric_bike,2021-09-29 15:36:20,2021-09-29 16:07:47,9 Ave & W 18 St,6190,Manhattan Av & Leonard St,5442,40.74317449,-74.00366443,40.72084,-73.94844,member
421407,4B805F5E5E8309AC,classic_bike,2021-09-27 06:14:44,2021-09-27 06:27:33,McGuinness Blvd & Eagle St,5977,Manhattan Av & Leonard St,5442,40.73555,-73.95284,40.72084,-73.94844,casual
421411,D55479958E8A370B,classic_bike,2021-09-21 08:07:54,2021-09-21 08:31:40,Forsyth St & Broome St,5453,Manhattan Av & Leonard St,5442,40.71893904,-73.99266288,40.72084,-73.94844,casual
421432,7E5208F584B89660,classic_bike,2021-09-03 18:04:27,2021-09-03 18:27:23,Greene Ave & Throop Ave,4510,Manhattan Av & Leonard St,5442,40.6894932,-73.942061,40.72084,-73.94844,member
421458,DF91C43888A8E960,classic_bike,2021-09-10 07:46:29,2021-09-10 07:54:00,Huron St & Franklin St,5869,Manhattan Av & Leonard St,5442,40.73266,-73.95826,40.72084,-73.94844,member
421499,A5B4C96BBE1DE189,classic_bike,2021-09-04 10:41:14,2021-09-04 11:09:42,Willoughby St & Fleet St,4628,Manhattan Av & Leonard St,5442,40.69196566,-73.9813018,40.72084,-73.94844,member
421508,CDD9810E6CA1BCAF,classic_bike,2021-09-05 17:04:24,2021-09-05 17:14:42,Melrose St & Broadway,4801,Manhattan Av & Leonard St,5442,40.697481,-73.935877,40.72084,-73.94844,casual
421543,E1AC5FE8286400D0,classic_bike,2021-09-26 12:18:42,2021-09-26 12:27:01,Kent Ave & N 7 St,5489,Manhattan Av & Leonard St,5442,40.72036775298455,-73.96165072917938,40.72084,-73.94844,casual
421549,30DFBDF283755D14,electric_bike,2021-09-03 18:41:14,2021-09-03 19:21:44,Schermerhorn St & Court St,4565,Manhattan Av & Leonard St,5442,40.69102925677968,-73.99183362722397,40.72084,-73.94844,member
421558,C3A7300DAD38AF63,classic_bike,2021-09-16 19:12:59,2021-09-16 19:23:10,Kent Ave & N 7 St,5489,Manhattan Av & Leonard St,5442,40.72036775298455,-73.96165072917938,40.72084,-73.94844,member
421592,7AD9DE1252EC1AB6,classic_bike,2021-09-12 14:02:49,2021-09-12 14:22:06,Suydam St & Knickerbocker Ave,4939,Manhattan Av & Leonard St,5442,40.702013,-73.923769,40.72084,-73.94844,member
421642,05BDF221E2310102,classic_bike,2021-09-18 14:58:48,2021-09-18 15:24:29,S 4 St & Rodney St,5156,Manhattan Av & Leonard St,5442,40.70934,-73.95608,40.72084,-73.94844,casual
421657,CE6D848C0738603B,classic_bike,2021-09-18 14:58:19,2021-09-18 15:24:43,S 4 St & Rodney St,5156,Manhattan Av & Leonard St,5442,40.70934,-73.95608,40.72084,-73.94844,casual
421694,CD8B176805BA3A74,classic_bike,2021-09-17 23:22:46,2021-09-17 23:30:43,S 4 St & Rodney St,5156,Manhattan Av & Leonard St,5442,40.70934,-73.95608,40.72084,-73.94844,casual
421696,91203583D81CD4F5,classic_bike,2021-09-29 14:05:18,2021-09-29 14:31:58,Sullivan St & Washington Sq,5721,Manhattan Av & Leonard St,5442,40.73047747,-73.99906065,40.72084,-73.94844,member
421698,CBDD726F9676EA98,classic_bike,2021-09-12 16:00:06,2021-09-12 16:18:37,S 4 St & Rodney St,5156,Manhattan Av & Leonard St,5442,40.70934,-73.95608,40.72084,-73.94844,casual
421705,C0234EFE20E9E9FA,classic_bike,2021-09-14 17:59:59,2021-09-14 18:31:54,Grand Army Plaza & Central Park S,6839,Manhattan Av & Leonard St,5442,40.7643971,-73.97371465,40.72084,-73.94844,member
421719,CBA1D79768187219,classic_bike,2021-09-18 14:29:23,2021-09-18 14:36:13,Banker St & Meserole Ave,5633,Manhattan Av & Leonard St,5442,40.72606,-73.95621,40.72084,-73.94844,member
421744,D36FAAA6FF0A58C4,classic_bike,2021-09-03 18:41:51,2021-09-03 18:51:07,Milton St & Franklin St,5752,Manhattan Av & Leonard St,5442,40.72906,-73.95779,40.72084,-73.94844,member
421751,BD11256B1F4262E2,electric_bike,2021-09-08 00:55:23,2021-09-08 01:00:38,Milton St & Franklin St,5752,Manhattan Av & Leonard St,5442,40.72906,-73.95779,40.72084,-73.94844,casual
421752,68D2BAFD77DA2313,electric_bike,2021-09-21 17:43:22,2021-09-21 17:51:25,Milton St & Franklin St,5752,Manhattan Av & Leonard St,5442,40.72906,-73.95779,40.72084,-73.94844,casual
421758,AEE2BDB3E723B3B8,classic_bike,2021-09-09 14:03:09,2021-09-09 14:11:05,Milton St & Franklin St,5752,Manhattan Av & Leonard St,5442,40.72906,-73.95779,40.72084,-73.94844,member
421765,7D61F874ABD8CDA6,classic_bike,2021-09-07 18:03:10,2021-09-07 18:09:22,Milton St & Franklin St,5752,Manhattan Av & Leonard St,5442,40.72906,-73.95779,40.72084,-73.94844,member
421774,5ADB6F7D60871F9D,electric_bike,2021-09-27 17:44:42,2021-09-27 17:49:45,Milton St & Franklin St,5752,Manhattan Av & Leonard St,5442,40.72906,-73.95779,40.72084,-73.94844,casual
421775,D464E179F834F0D7,classic_bike,2021-09-27 14:06:01,2021-09-27 14:12:32,Milton St & Franklin St,5752,Manhattan Av & Leonard St,5442,40.72906,-73.95779,40.72084,-73.94844,casual
421792,901DE2291AC52E28,classic_bike,2021-09-13 17:21:56,2021-09-13 18:11:31,W 47 St & 10 Ave,6824,Manhattan Av & Leonard St,5442,40.76269882,-73.99301222,40.72084,-73.94844,member
421800,F7F64FEDE46000B4,classic_bike,2021-09-14 15:40:11,2021-09-14 15:45:51,Milton St & Franklin St,5752,Manhattan Av & Leonard St,5442,40.72906,-73.95779,40.72084,-73.94844,member
421830,D8146CD7A9EEFD81,classic_bike,2021-09-10 21:54:21,2021-09-10 22:02:27,Milton St & Franklin St,5752,Manhattan Av & Leonard St,5442,40.72906,-73.95779,40.72084,-73.94844,member
421834,DD5907C110FE7BCA,classic_bike,2021-09-22 18:33:23,2021-09-22 18:40:01,Kent Ave & N 7 St,5489,Manhattan Av & Leonard St,5442,40.72036775298455,-73.96165072917938,40.72084,-73.94844,casual
421888,9EE8EBF3D58E427B,classic_bike,2021-09-07 15:02:12,2021-09-07 15:14:23,Huron St & Franklin St,5869,Manhattan Av & Leonard St,5442,40.73266,-73.95826,40.72084,-73.94844,member
421924,0FF8C8643D674BD2,classic_bike,2021-09-14 09:32:37,2021-09-14 09:42:49,Huron St & Franklin St,5869,Manhattan Av & Leonard St,5442,40.73266,-73.95826,40.72084,-73.94844,member
421935,2CA3B5022DC35333,classic_bike,2021-09-04 13:33:31,2021-09-04 13:52:01,Central Ave & Flushing Ave,4947,Manhattan Av & Leonard St,5442,40.702831,-73.9333,40.72084,-73.94844,casual
421960,B443E784559641B1,classic_bike,2021-09-07 19:30:10,2021-09-07 19:39:42,Huron St & Franklin St,5869,Manhattan Av & Leonard St,5442,40.73266,-73.95826,40.72084,-73.94844,member
421967,6EEC2DCFE71DE5B3,electric_bike,2021-09-21 15:52:44,2021-09-21 16:19:22,Carroll St & Smith St,4225,Manhattan Av & Leonard St,5442,40.680611,-73.99475825,40.72084,-73.94844,casual
422023,7BFF184E2AEFCD59,classic_bike,2021-09-12 07:43:46,2021-09-12 07:53:52,George St & Wilson Ave,4906,Manhattan Av & Leonard St,5442,40.702997,-73.92997,40.72084,-73.94844,member
422024,0D0DB254335B5CF6,electric_bike,2021-09-02 11:50:50,2021-09-02 12:03:05,Willoughby Ave & Tompkins Ave,4665,Manhattan Av & Leonard St,5442,40.69425403,-73.94626915,40.72084,-73.94844,member
422044,7DEC45EC11F70B89,electric_bike,2021-09-02 17:20:26,2021-09-02 17:56:50,Parade Pl & Crooke Ave,3376,Manhattan Av & Leonard St,5442,40.651847,-73.965248,40.72084,-73.94844,member
422049,5008D0879E174CFA,electric_bike,2021-09-18 11:05:47,2021-09-18 11:33:42,Broadway & W 53 St,6779,Manhattan Av & Leonard St,5442,40.76344058,-73.98268129,40.72084,-73.94844,member
422101,D8D872F5DFCBF9A2,classic_bike,2021-09-24 18:40:50,2021-09-24 18:50:14,Milton St & Franklin St,5752,Manhattan Av & Leonard St,5442,40.72906,-73.95779,40.72084,-73.94844,member
422103,9C59D7461EAE8D75,classic_bike,2021-09-09 19:29:08,2021-09-09 19:37:51,Milton St & Franklin St,5752,Manhattan Av & Leonard St,5442,40.72906,-73.95779,40.72084,-73.94844,casual
422170,5D2F71F1BE55774C,electric_bike,2021-09-08 17:08:47,2021-09-08 17:10:56,Leonard St & Nassau Ave,5550,Manhattan Av & Leonard St,5442,40.7239567849954,-73.94984364509583,40.72084,-73.94844,member
422202,7C9A66941048A690,classic_bike,2021-09-29 00:00:48,2021-09-29 00:02:11,Leonard St & Nassau Ave,5550,Manhattan Av & Leonard St,5442,40.7239567849954,-73.94984364509583,40.72084,-73.94844,member
422220,3A71AF09EBA9F527,electric_bike,2021-09-04 14:39:21,2021-09-04 14:50:49,Kosciuszko St & Nostrand Ave,4519,Manhattan Av & Leonard St,5442,40.69072549,-73.95133465,40.72084,-73.94844,member
422240,1C53E2D0239EC23F,classic_bike,2021-09-26 17:22:16,2021-09-26 17:53:46,E 13 St & Avenue A,5779,Manhattan Av & Leonard St,5442,40.72966729392978,-73.98067966103554,40.72084,-73.94844,casual
422254,E28EE53B31B0284C,classic_bike,2021-09-01 00:43:37,2021-09-01 00:45:25,Leonard St & Nassau Ave,5550,Manhattan Av & Leonard St,5442,40.7239567849954,-73.94984364509583,40.72084,-73.94844,member
422255,64BA4AEE619DECE4,classic_bike,2021-09-04 11:55:24,2021-09-04 11:56:59,Leonard St & Nassau Ave,5550,Manhattan Av & Leonard St,5442,40.7239567849954,-73.94984364509583,40.72084,-73.94844,member
422256,B62CC1B7485E58FF,classic_bike,2021-09-04 12:13:07,2021-09-04 12:15:11,Leonard St & Nassau Ave,5550,Manhattan Av & Leonard St,5442,40.7239567849954,-73.94984364509583,40.72084,-73.94844,member
422257,B961F4812872346E,classic_bike,2021-09-04 12:01:07,2021-09-04 12:03:32,Leonard St & Nassau Ave,5550,Manhattan Av & Leonard St,5442,40.7239567849954,-73.94984364509583,40.72084,-73.94844,member
422258,D31320FD137CE5F7,classic_bike,2021-09-04 12:07:22,2021-09-04 12:09:02,Leonard St & Nassau Ave,5550,Manhattan Av & Leonard St,5442,40.7239567849954,-73.94984364509583,40.72084,-73.94844,member
422259,641A5070CE5A55DE,classic_bike,2021-09-03 16:09:34,2021-09-03 16:11:35,Leonard St & Nassau Ave,5550,Manhattan Av & Leonard St,5442,40.7239567849954,-73.94984364509583,40.72084,-73.94844,member
422286,277B74FEA221600E,classic_bike,2021-09-04 17:18:29,2021-09-04 17:25:16,Milton St & Franklin St,5752,Manhattan Av & Leonard St,5442,40.72906,-73.95779,40.72084,-73.94844,member
422287,61A2278C5186722D,classic_bike,2021-09-12 12:09:07,2021-09-12 12:51:03,E 13 St & Avenue A,5779,Manhattan Av & Leonard St,5442,40.72966729392978,-73.98067966103554,40.72084,-73.94844,member
422293,1AEF4426E93B42CA,classic_bike,2021-09-07 20:12:48,2021-09-07 20:15:36,Bedford Ave & Nassau Ave,5550,Manhattan Av & Leonard St,5442,40.72311651,-73.95212324,40.72084,-73.94844,member
422297,7D00A45395BE2164,classic_bike,2021-09-23 13:14:25,2021-09-23 13:17:13,Bedford Ave & Nassau Ave,5550,Manhattan Av & Leonard St,5442,40.72311651,-73.95212324,40.72084,-73.94844,member
422302,3DA00518473BF5A9,classic_bike,2021-09-02 20:16:18,2021-09-02 20:27:01,Bedford Ave & Nassau Ave,5550,Manhattan Av & Leonard St,5442,40.72311651,-73.95212324,40.72084,-73.94844,member
422306,5B00EB2FBCBEEF9E,classic_bike,2021-09-26 20:05:30,2021-09-26 20:16:58,Milton St & Franklin St,5752,Manhattan Av & Leonard St,5442,40.72906,-73.95779,40.72084,-73.94844,member
422325,52739610177C4712,classic_bike,2021-09-17 22:56:39,2021-09-17 23:13:38,Bedford Ave & Nassau Ave,5550,Manhattan Av & Leonard St,5442,40.72311651,-73.95212324,40.72084,-73.94844,member
422352,A6AFD31FB6BF460B,classic_bike,2021-09-07 15:17:28,2021-09-07 15:22:47,Richardson St & N Henry St,5433,Manhattan Av & Leonard St,5442,40.71907891179564,-73.94223690032959,40.72084,-73.94844,member
422355,9ACEA4EDCD1EC232,classic_bike,2021-09-07 09:45:07,2021-09-07 09:49:48,Richardson St & N Henry St,5433,Manhattan Av & Leonard St,5442,40.71907891179564,-73.94223690032959,40.72084,-73.94844,member
422361,709E170A41AD984D,classic_bike,2021-09-03 12:45:26,2021-09-03 13:06:53,Pulaski St & Marcus Garvey Blvd,4656,Manhattan Av & Leonard St,5442,40.6933982,-73.939877,40.72084,-73.94844,casual
422364,5C048A0D987EDCA0,classic_bike,2021-09-11 09:02:32,2021-09-11 09:11:50,George St & Wilson Ave,4906,Manhattan Av & Leonard St,5442,40.702997,-73.92997,40.72084,-73.94844,member
422378,81901015D2B6D6F0,classic_bike,2021-09-22 15:25:56,2021-09-22 15:28:54,Richardson St & N Henry St,5433,Manhattan Av & Leonard St,5442,40.71907891179564,-73.94223690032959,40.72084,-73.94844,member
422391,0A3FA68894E7AD7E,electric_bike,2021-09-15 17:33:08,2021-09-15 18:01:08,Broadway & W 58 St,6948,Manhattan Av & Leonard St,5442,40.76695317,-73.98169333,40.72084,-73.94844,member
422395,0448076557DD3D57,electric_bike,2021-09-05 09:55:19,2021-09-05 10:07:05,Tompkins Ave & Hopkins St,4850,Manhattan Av & Leonard St,5442,40.69957608,-73.94708417,40.72084,-73.94844,casual
422434,DFA8374F1489D5FE,electric_bike,2021-09-14 23:32:59,2021-09-14 23:38:48,Frost St & Meeker Ave,5371,Manhattan Av & Leonard St,5442,40.71766197083994,-73.94880026578903,40.72084,-73.94844,member
422488,6743384E807FE61E,classic_bike,2021-09-02 23:20:02,2021-09-02 23:38:27,Manhattan Av & Leonard St,5442,Suydam St & St. Nicholas Ave,5043,40.72084,-73.94844,40.70636,-73.91945,casual
422490,560D6F14E120E725,classic_bike,2021-09-14 22:40:39,2021-09-14 22:41:37,Manhattan Av & Leonard St,5442,Manhattan Av & Leonard St,5442,40.72084,-73.94844,40.72084,-73.94844,casual
422495,11CDCFE8988B2AE6,classic_bike,2021-09-18 15:39:38,2021-09-18 15:46:33,Manhattan Av & Leonard St,5442,Graham Ave & Withers St,5403,40.72084,-73.94844,40.7169811,-73.94485918,casual
422522,0F57D8E5DC77FBAC,classic_bike,2021-09-18 10:02:19,2021-09-18 10:14:45,Knickerbocker Ave & Thames St,5018,Manhattan Av & Leonard St,5442,40.70539,-73.92976,40.72084,-73.94844,member
422533,1F0E660CAE19DE03,classic_bike,2021-09-23 12:46:07,2021-09-23 12:46:25,Manhattan Av & Leonard St,5442,Manhattan Av & Leonard St,5442,40.72084,-73.94844,40.72084,-73.94844,member
422541,88F3716CE5AC458B,electric_bike,2021-09-03 09:28:02,2021-09-03 09:30:46,Manhattan Av & Leonard St,5442,Graham Ave & Withers St,5403,40.72084,-73.94844,40.7169811,-73.94485918,member
422579,1ED78FAEBB934E1F,classic_bike,2021-09-03 16:41:56,2021-09-03 16:45:33,Graham Ave & Withers St,5403,Manhattan Av & Leonard St,5442,40.7169811,-73.94485918,40.72084,-73.94844,member
422589,3C9668E9E0318EEA,classic_bike,2021-09-07 19:03:15,2021-09-07 19:43:39,Manhattan Av & Leonard St,5442,Manhattan Av & Leonard St,5442,40.72084,-73.94844,40.72084,-73.94844,member
422591,473E2FA6661F96E0,classic_bike,2021-09-19 14:00:34,2021-09-19 14:06:15,Manhattan Av & Leonard St,5442,Graham Ave & Withers St,5403,40.72084,-73.94844,40.7169811,-73.94485918,member
422597,DCC982927BC24BC3,classic_bike,2021-09-26 15:18:56,2021-09-26 15:48:09,Manhattan Av & Leonard St,5442,Manhattan Av & Leonard St,5442,40.72084,-73.94844,40.72084,-73.94844,member
422642,712E1DC31012CC7C,classic_bike,2021-09-19 14:00:02,2021-09-19 14:06:10,Manhattan Av & Leonard St,5442,Graham Ave & Withers St,5403,40.72084,-73.94844,40.7169811,-73.94485918,member
422653,9E981ECBC3FA4B20,classic_bike,2021-09-05 23:18:06,2021-09-06 00:02:38,Manhattan Av & Leonard St,5442,Manhattan Av & Leonard St,5442,40.72084,-73.94844,40.72084,-73.94844,casual
422659,CC8719DF4FBDB2E4,classic_bike,2021-09-11 14:40:47,2021-09-11 15:07:46,Rockaway Ave & Bainbridge St,4285,Manhattan Av & Leonard St,5442,40.68319988172761,-73.91166642308235,40.72084,-73.94844,member
422687,C7ECA355D7B33F83,classic_bike,2021-09-20 19:45:01,2021-09-20 20:15:54,Frost St & Meeker Ave,5371,Manhattan Av & Leonard St,5442,40.71766197083994,-73.94880026578903,40.72084,-73.94844,member
422697,A96B4BC0D98EA6F4,classic_bike,2021-09-02 08:35:40,2021-09-02 08:39:50,Nassau Ave & Newell St,5623,Manhattan Av & Leonard St,5442,40.724812564400175,-73.94752621650696,40.72084,-73.94844,member
422698,E2C15FB71114B6DC,classic_bike,2021-09-09 20:33:37,2021-09-09 20:37:26,Nassau Ave & Newell St,5623,Manhattan Av & Leonard St,5442,40.724812564400175,-73.94752621650696,40.72084,-73.94844,member
422712,863DCC9D2BA78E4A,classic_bike,2021-09-03 18:43:10,2021-09-03 18:53:37,Nassau Ave & Newell St,5623,Manhattan Av & Leonard St,5442,40.724812564400175,-73.94752621650696,40.72084,-73.94844,member
422730,79CADD0816542D0D,classic_bike,2021-09-11 12:52:25,2021-09-11 12:56:29,Nassau Ave & Newell St,5623,Manhattan Av & Leonard St,5442,40.724812564400175,-73.94752621650696,40.72084,-73.94844,member
422775,7709BCAF0CBEE517,classic_bike,2021-09-28 18:13:56,2021-09-28 18:18:37,Lorimer St & Calyer St,5709,Manhattan Av & Leonard St,5442,40.72795,-73.95414,40.72084,-73.94844,member
422778,5A73F257E94A8607,classic_bike,2021-09-03 08:55:57,2021-09-03 09:00:07,Lorimer St & Calyer St,5709,Manhattan Av & Leonard St,5442,40.72795,-73.95414,40.72084,-73.94844,member
422796,6D680F171ADFF6A4,classic_bike,2021-09-09 17:14:06,2021-09-09 17:19:57,Bushwick Ave & Powers St,5250,Manhattan Av & Leonard St,5442,40.71247661,-73.94100005,40.72084,-73.94844,member
422807,9D4AF34B35003AC5,classic_bike,2021-09-21 13:52:29,2021-09-21 14:04:32,Lorimer St & Calyer St,5709,Manhattan Av & Leonard St,5442,40.72795,-73.95414,40.72084,-73.94844,casual
422809,6F33F6182D3D09AF,classic_bike,2021-09-20 12:54:02,2021-09-20 13:01:54,Bushwick Ave & Powers St,5250,Manhattan Av & Leonard St,5442,40.71247661,-73.94100005,40.72084,-73.94844,casual
422859,41BC62FC99A3FE57,electric_bike,2021-09-12 21:06:02,2021-09-12 21:24:28,Hart St & Wyckoff Ave,4971,Manhattan Av & Leonard St,5442,40.704876,-73.919911,40.72084,-73.94844,casual
422904,38A7801EA0F624FE,electric_bike,2021-09-07 11:47:14,2021-09-07 12:05:33,Wyckoff Av & Stanhope St,4931,Manhattan Av & Leonard St,5442,40.703545,-73.917775,40.72084,-73.94844,casual
422911,DA3C51534AA1E160,classic_bike,2021-09-04 15:04:17,2021-09-04 15:31:55,Wyckoff Av & Stanhope St,4931,Manhattan Av & Leonard St,5442,40.703545,-73.917775,40.72084,-73.94844,member
422932,7DC69CC308C5289E,classic_bike,2021-09-17 15:55:42,2021-09-17 16:33:33,Broadway & W 25 St,6173,Manhattan Av & Leonard St,5442,40.74286877312112,-73.98918628692627,40.72084,-73.94844,member
423009,12FD7DFE11DE3CF2,classic_bike,2021-09-13 09:09:24,2021-09-13 09:23:52,S 4 St & Wythe Ave,5204,Manhattan Av & Leonard St,5442,40.71285887,-73.96590294,40.72084,-73.94844,member
423011,0597AA565F54976E,classic_bike,2021-09-12 14:43:47,2021-09-12 14:48:21,Union Ave & Jackson St,5300,Manhattan Av & Leonard St,5442,40.7160751,-73.952029,40.72084,-73.94844,member
423032,61C48B5ECD439DD8,classic_bike,2021-09-03 09:13:41,2021-09-03 09:15:53,Leonard St & Nassau Ave,5550,Manhattan Av & Leonard St,5442,40.7239567849954,-73.94984364509583,40.72084,-73.94844,member
423044,F6FA233612C3B040,classic_bike,2021-09-12 18:54:00,2021-09-12 19:57:24,Brooklyn Bridge Park - Pier 2,4756,Manhattan Av & Leonard St,5442,40.698458,-73.997178,40.72084,-73.94844,casual
423057,4C43A41E709EF57C,classic_bike,2021-09-11 10:30:59,2021-09-11 10:33:31,Meserole Ave & Manhattan Ave,5666,Manhattan Av & Leonard St,5442,40.72708584,-73.95299117,40.72084,-73.94844,member
423063,787BCE5654256831,classic_bike,2021-09-07 18:24:39,2021-09-07 18:29:18,Meserole Ave & Manhattan Ave,5666,Manhattan Av & Leonard St,5442,40.72708584,-73.95299117,40.72084,-73.94844,member
423090,B5F4FB917A3F549E,classic_bike,2021-09-17 14:43:31,2021-09-17 14:52:18,Meserole Ave & Manhattan Ave,5666,Manhattan Av & Leonard St,5442,40.72708584,-73.95299117,40.72084,-73.94844,member
423137,C5D9AAEAEE9CDB9D,classic_bike,2021-09-10 18:02:22,2021-09-10 18:16:05,McKibbin St & Manhattan Ave,4996,Manhattan Av & Leonard St,5442,40.70510918,-73.94407279,40.72084,-73.94844,casual
423148,8BF43FD5B8902C60,classic_bike,2021-09-17 16:27:17,2021-09-17 16:34:41,Metropolitan Ave & Bedford Ave,5308,Manhattan Av & Leonard St,5442,40.71534825,-73.96024116,40.72084,-73.94844,member
423155,F3537F627250CBAE,classic_bike,2021-09-18 16:36:12,2021-09-18 16:50:22,McKibbin St & Manhattan Ave,4996,Manhattan Av & Leonard St,5442,40.70510918,-73.94407279,40.72084,-73.94844,member
423165,D36C6AC8D99200CA,classic_bike,2021-09-13 17:53:53,2021-09-13 17:59:43,Green St & McGuinness Blvd,5860,Manhattan Av & Leonard St,5442,40.73396,-73.95204,40.72084,-73.94844,member
423172,70A8C29E9BD50004,electric_bike,2021-09-09 20:59:26,2021-09-09 21:17:18,35 St & 34 Ave,6679,Manhattan Av & Leonard St,5442,40.7580583,-73.9242751,40.72084,-73.94844,member
423190,D0B97EFB0D5ED900,classic_bike,2021-09-26 12:11:31,2021-09-26 12:22:28,White St & Moore St,4987,Manhattan Av & Leonard St,5442,40.704508,-73.9351,40.72084,-73.94844,casual
423212,5AB3A92653B67650,electric_bike,2021-09-26 15:00:33,2021-09-26 15:10:47,White St & Moore St,4987,Manhattan Av & Leonard St,5442,40.704508,-73.9351,40.72084,-73.94844,member
423251,2F7350EF0E000AE3,classic_bike,2021-09-17 18:36:42,2021-09-17 18:41:55,Lorimer St & Calyer St,5709,Manhattan Av & Leonard St,5442,40.72795,-73.95414,40.72084,-73.94844,member
423252,1C8D4D423075CA39,classic_bike,2021-09-24 15:56:10,2021-09-24 16:01:25,Lorimer St & Calyer St,5709,Manhattan Av & Leonard St,5442,40.72795,-73.95414,40.72084,-73.94844,member
423266,44A595122C284E4B,classic_bike,2021-09-18 15:04:23,2021-09-18 15:25:10,Leonard St & Boerum St,5036,Manhattan Av & Leonard St,5442,40.70583339,-73.94644578,40.72084,-73.94844,casual
423372,2FB004D9AFEF9CAE,classic_bike,2021-09-11 06:11:30,2021-09-11 06:21:32,McGuinness Blvd & Eagle St,5977,Manhattan Av & Leonard St,5442,40.73555,-73.95284,40.72084,-73.94844,casual
423424,8CA7B0A508BB0BA9,electric_bike,2021-09-02 14:43:49,2021-09-02 14:54:20,Metropolitan Ave & Bedford Ave,5308,Manhattan Av & Leonard St,5442,40.71534825,-73.96024116,40.72084,-73.94844,casual
423476,E8084EC4BC3E37FD,classic_bike,2021-09-26 16:44:55,2021-09-26 16:53:23,McKibbin St & Manhattan Ave,4996,Manhattan Av & Leonard St,5442,40.70510918,-73.94407279,40.72084,-73.94844,casual
423494,EE839193E5E70C42,classic_bike,2021-09-04 15:57:46,2021-09-04 16:23:59,Sullivan Pl & Bedford Ave,3736,Manhattan Av & Leonard St,5442,40.6642406,-73.9574686,40.72084,-73.94844,casual
423500,35C3BDFFE5F168C1,classic_bike,2021-09-11 04:02:46,2021-09-11 04:49:25,Cedar St & Myrtle Ave,4751,Manhattan Av & Leonard St,5442,40.697842,-73.926241,40.72084,-73.94844,casual
423501,E67F954BDBF3D007,classic_bike,2021-09-02 18:33:22,2021-09-02 18:36:20,Manhattan Av & Leonard St,5442,Manhattan Av & Leonard St,5442,40.72084,-73.94844,40.72084,-73.94844,member
423503,160FAD205B772606,classic_bike,2021-09-27 23:02:08,2021-09-27 23:04:28,Manhattan Av & Leonard St,5442,Graham Ave & Withers St,5403,40.72084,-73.94844,40.7169811,-73.94485918,member
423504,AB69BD1233802B54,classic_bike,2021-09-03 19:03:21,2021-09-03 19:03:54,Manhattan Av & Leonard St,5442,Manhattan Av & Leonard St,5442,40.72084,-73.94844,40.72084,-73.94844,member
423506,5B6E4D675D2F0D39,classic_bike,2021-09-16 19:51:41,2021-09-16 19:58:03,Manhattan Av & Leonard St,5442,Graham Ave & Withers St,5403,40.72084,-73.94844,40.7169811,-73.94485918,member
423544,0FDD45768CC73E64,electric_bike,2021-09-18 12:14:20,2021-09-18 12:28:59,Cedar St & Myrtle Ave,4751,Manhattan Av & Leonard St,5442,40.697842,-73.926241,40.72084,-73.94844,casual
423545,EEB8B4957BA5B1B5,classic_bike,2021-09-17 09:22:56,2021-09-17 09:49:21,Cedar St & Myrtle Ave,4751,Manhattan Av & Leonard St,5442,40.697842,-73.926241,40.72084,-73.94844,casual
423549,EF71C1AFBC032029,classic_bike,2021-09-14 14:20:06,2021-09-14 14:21:13,Manhattan Av & Leonard St,5442,Manhattan Av & Leonard St,5442,40.72084,-73.94844,40.72084,-73.94844,member
423580,45371A1C806204E6,classic_bike,2021-09-04 22:03:17,2021-09-04 22:04:10,Manhattan Av & Leonard St,5442,Manhattan Av & Leonard St,5442,40.72084,-73.94844,40.72084,-73.94844,member
423583,DE8D32DACE2B8E07,classic_bike,2021-09-02 21:11:12,2021-09-02 21:15:28,Manhattan Av & Leonard St,5442,Graham Ave & Withers St,5403,40.72084,-73.94844,40.7169811,-73.94485918,member
423585,87E92086B8DEB94A,classic_bike,2021-09-28 08:05:02,2021-09-28 08:33:29,Manhattan Av & Leonard St,5442,Manhattan Av & Leonard St,5442,40.72084,-73.94844,40.72084,-73.94844,member
423587,C7C22AE06800B5A9,electric_bike,2021-09-24 15:54:01,2021-09-24 15:57:53,Manhattan Av & Leonard St,5442,Graham Ave & Withers St,5403,40.72084,-73.94844,40.7169811,-73.94485918,member
423588,F34118FA178C79E2,classic_bike,2021-09-24 15:53:28,2021-09-24 15:53:30,Manhattan Av & Leonard St,5442,Manhattan Av & Leonard St,5442,40.72084,-73.94844,40.72084,-73.94844,member
423589,915B22064A9AE702,electric_bike,2021-09-24 15:52:39,2021-09-24 15:53:04,Manhattan Av & Leonard St,5442,Manhattan Av & Leonard St,5442,40.72084,-73.94844,40.72084,-73.94844,member
423593,B148C262E2287AB1,classic_bike,2021-09-21 18:11:38,2021-09-21 18:21:18,Beaver St & Fayette St,4840,Manhattan Av & Leonard St,5442,40.70099,-73.93921,40.72084,-73.94844,casual
423627,1939E79666ACA994,electric_bike,2021-09-30 09:47:07,2021-09-30 10:09:10,Manhattan Av & Leonard St,5442,Front St & Gold St,4927,40.72084,-73.94844,40.70224,-73.982578,casual
423670,B6AE3272BFFFA3EC,classic_bike,2021-09-18 17:09:25,2021-09-18 17:19:12,Stagg St & Union Ave,5117,Manhattan Av & Leonard St,5442,40.70877084,-73.95095259,40.72084,-73.94844,member
423683,AD93E545E7649AC8,classic_bike,2021-09-03 10:39:03,2021-09-03 10:41:09,Leonard St & Nassau Ave,5550,Manhattan Av & Leonard St,5442,40.7239567849954,-73.94984364509583,40.72084,-73.94844,casual
423703,2A83150A317AE156,classic_bike,2021-09-29 18:25:01,2021-09-29 19:15:14,Sands St & Jay St,4821,Manhattan Av & Leonard St,5442,40.700119,-73.9862,40.72084,-73.94844,member
423739,B0BFF939AC76B50B,classic_bike,2021-09-03 16:02:49,2021-09-03 16:06:03,Union Ave & N 12 St,5411,Manhattan Av & Leonard St,5442,40.71924,-73.95242,40.72084,-73.94844,member
423759,B3EEBBA2E8243964,classic_bike,2021-09-25 12:50:21,2021-09-25 13:08:02,Stockholm St & Wilson Ave,4824,Manhattan Av & Leonard St,5442,40.699304,-73.923044,40.72084,-73.94844,casual
423770,EC2BB21F07C06EA4,classic_bike,2021-09-19 14:59:14,2021-09-19 15:19:37,Stockholm St & Wilson Ave,4824,Manhattan Av & Leonard St,5442,40.699304,-73.923044,40.72084,-73.94844,member
423771,0B03EC76E2438C80,classic_bike,2021-09-19 14:59:25,2021-09-19 15:19:34,Stockholm St & Wilson Ave,4824,Manhattan Av & Leonard St,5442,40.699304,-73.923044,40.72084,-73.94844,member
423777,60BB1B51C9748DBC,classic_bike,2021-09-14 13:48:59,2021-09-14 14:08:16,Stockholm St & Wilson Ave,4824,Manhattan Av & Leonard St,5442,40.699304,-73.923044,40.72084,-73.94844,casual
423789,4ACB55CE6F303470,docked_bike,2021-09-05 16:25:51,2021-09-05 16:30:51,N 12 St & Bedford Ave,5450,Manhattan Av & Leonard St,5442,40.720798,-73.954847,40.72084,-73.94844,casual
423792,FFCC826DFD67F228,classic_bike,2021-09-22 19:23:24,2021-09-22 19:29:00,N 15 St & Wythe Ave,5520,Manhattan Av & Leonard St,5442,40.724055,-73.955736,40.72084,-73.94844,casual
423794,B4B4E9C768647F77,classic_bike,2021-09-22 12:29:36,2021-09-22 12:32:06,Bedford Ave & Nassau Ave,5550,Manhattan Av & Leonard St,5442,40.72311651,-73.95212324,40.72084,-73.94844,member
423825,4A47973E8C5CB431,classic_bike,2021-09-28 22:05:36,2021-09-28 22:09:02,N 12 St & Bedford Ave,5450,Manhattan Av & Leonard St,5442,40.72079821,-73.95484712,40.72084,-73.94844,member
423828,0F61DECD55EEFBBC,classic_bike,2021-09-15 23:46:14,2021-09-15 23:52:42,N 15 St & Wythe Ave,5520,Manhattan Av & Leonard St,5442,40.724055,-73.955736,40.72084,-73.94844,casual
423864,0A63D1A0B8E3BE06,classic_bike,2021-09-16 20:07:33,2021-09-16 20:12:56,Nassau Ave & Newell St,5623,Manhattan Av & Leonard St,5442,40.724812564400175,-73.94752621650696,40.72084,-73.94844,member
423873,B639FCD354E9619B,classic_bike,2021-09-10 18:22:54,2021-09-10 18:48:15,Lispenard St & Broadway,5391,Manhattan Av & Leonard St,5442,40.71939226,-74.00247214,40.72084,-73.94844,member
423877,4BE71A30A0A4CDA6,classic_bike,2021-09-17 16:08:35,2021-09-17 16:42:09,Van Buren St & Broadway,4568,Manhattan Av & Leonard St,5442,40.692,-73.92617,40.72084,-73.94844,casual
423893,1B19900DED011AB5,classic_bike,2021-09-22 22:54:48,2021-09-22 23:09:27,Bushwick Ave & Harman St,4640,Manhattan Av & Leonard St,5442,40.69356,-73.92524,40.72084,-73.94844,member
423915,63F47EE7364938D3,classic_bike,2021-09-15 18:26:24,2021-09-15 18:27:35,Driggs Ave & Lorimer St,5481,Manhattan Av & Leonard St,5442,40.72179134,-73.9504154,40.72084,-73.94844,member
423924,02E02132F21D03AD,electric_bike,2021-09-06 23:53:32,2021-09-06 23:54:54,Driggs Ave & Lorimer St,5481,Manhattan Av & Leonard St,5442,40.72179134,-73.9504154,40.72084,-73.94844,member
423932,C0FF6CC13B7FB170,classic_bike,2021-09-03 10:10:54,2021-09-03 10:11:20,Manhattan Av & Leonard St,5442,Manhattan Av & Leonard St,5442,40.72084,-73.94844,40.72084,-73.94844,member
423938,40C72341E1BC9C2C,electric_bike,2021-09-16 11:23:47,2021-09-16 11:24:29,Manhattan Av & Leonard St,5442,Manhattan Av & Leonard St,5442,40.72084,-73.94844,40.72084,-73.94844,member
423951,5BB84BEC121776B0,classic_bike,2021-09-07 12:02:28,2021-09-07 12:41:15,Driggs Ave & Lorimer St,5481,Manhattan Av & Leonard St,5442,40.72179134,-73.9504154,40.72084,-73.94844,casual
423952,CA440B12FCCF0158,classic_bike,2021-09-17 15:07:59,2021-09-17 15:39:48,Driggs Ave & Lorimer St,5481,Manhattan Av & Leonard St,5442,40.72179134,-73.9504154,40.72084,-73.94844,member
423967,590F597A4EDF3CF9,classic_bike,2021-09-10 12:57:56,2021-09-10 13:11:57,Driggs Ave & Lorimer St,5481,Manhattan Av & Leonard St,5442,40.72179134,-73.9504154,40.72084,-73.94844,member
423970,9895337A6A36EBF6,classic_bike,2021-09-07 13:33:58,2021-09-07 13:47:18,Vernon Blvd & 50 Ave,6170,Manhattan Av & Leonard St,5442,40.74232744,-73.95411749,40.72084,-73.94844,member
423997,23F6930662052961,classic_bike,2021-09-05 01:18:15,2021-09-05 01:25:17,Driggs Ave & Lorimer St,5481,Manhattan Av & Leonard St,5442,40.72179134,-73.9504154,40.72084,-73.94844,member
424002,5BE35EE9E417FA16,classic_bike,2021-09-23 15:11:16,2021-09-23 15:47:06,Driggs Ave & Lorimer St,5481,Manhattan Av & Leonard St,5442,40.72179134,-73.9504154,40.72084,-73.94844,member
424014,EFDB7830D6F2DFF8,classic_bike,2021-09-13 18:00:43,2021-09-13 18:08:57,Calyer St & Jewel St,5743,Manhattan Av & Leonard St,5442,40.72984,-73.94839,40.72084,-73.94844,member
424016,558FD801FBBE023A,electric_bike,2021-09-17 21:48:14,2021-09-17 21:53:08,N 6 St & Bedford Ave,5379,Manhattan Av & Leonard St,5442,40.71745169,-73.95850939,40.72084,-73.94844,member
424017,12B59847D2E9D7B3,classic_bike,2021-09-18 14:46:40,2021-09-18 14:53:22,N 6 St & Bedford Ave,5379,Manhattan Av & Leonard St,5442,40.71745169,-73.95850939,40.72084,-73.94844,member
424020,830D7972A7A991AD,classic_bike,2021-09-06 13:57:32,2021-09-06 14:13:56,Central Ave & Starr Street,4792,Manhattan Av & Leonard St,5442,40.700003,-73.92834,40.72084,-73.94844,member
424037,B80DF17F15F7D9B1,classic_bike,2021-09-02 21:07:09,2021-09-02 21:09:17,Driggs Ave & Lorimer St,5481,Manhattan Av & Leonard St,5442,40.72179134,-73.9504154,40.72084,-73.94844,member
424050,6797E030FA53B2CD,classic_bike,2021-09-08 15:00:41,2021-09-08 15:17:48,Lewis Ave & Madison St,4425,Manhattan Av & Leonard St,5442,40.686312,-73.935775,40.72084,-73.94844,member
424058,456D331DC830417C,classic_bike,2021-09-30 17:33:20,2021-09-30 17:57:25,Lewis Ave & Madison St,4425,Manhattan Av & Leonard St,5442,40.686312,-73.935775,40.72084,-73.94844,member
424076,8C27EB42EDE5CB6F,electric_bike,2021-09-03 18:24:22,2021-09-03 19:03:53,Prospect Park SW & 10 Ave,3611,Manhattan Av & Leonard St,5442,40.659945,-73.977504,40.72084,-73.94844,member
424080,91D811CED933AACC,classic_bike,2021-09-21 18:24:59,2021-09-21 19:07:06,Madison Ave & E 26 St,6131,Manhattan Av & Leonard St,5442,40.742684734875695,-73.98671329021454,40.72084,-73.94844,member
424102,A4B09C598A093E31,classic_bike,2021-09-14 21:34:17,2021-09-14 21:39:40,N 12 St & Bedford Ave,5450,Manhattan Av & Leonard St,5442,40.72079821,-73.95484712,40.72084,-73.94844,member
424110,15C7B0433536B35E,electric_bike,2021-09-04 14:10:37,2021-09-04 15:53:43,South St & Gouverneur Ln,4953,Manhattan Av & Leonard St,5442,40.70355377,-74.00670227,40.72084,-73.94844,member
424162,2064C81EF5CC709C,classic_bike,2021-09-05 09:34:36,2021-09-05 09:37:26,Bayard St & Leonard St,5442,Manhattan Av & Leonard St,5442,40.71915571696044,-73.94885390996933,40.72084,-73.94844,member
424166,E8FDD28F8D626204,classic_bike,2021-09-04 23:39:28,2021-09-04 23:41:34,Bayard St & Leonard St,5442,Manhattan Av & Leonard St,5442,40.71915571696044,-73.94885390996933,40.72084,-73.94844,member
424175,BE40D52A1B835F60,classic_bike,2021-09-11 15:52:27,2021-09-11 16:03:48,Franklin St & Dupont St,5944,Manhattan Av & Leonard St,5442,40.73564,-73.95866,40.72084,-73.94844,member
424196,B6C8384A410B7267,classic_bike,2021-09-11 04:04:51,2021-09-11 04:49:38,Cedar St & Myrtle Ave,4751,Manhattan Av & Leonard St,5442,40.697842,-73.926241,40.72084,-73.94844,casual
424223,79D4FF49766E6540,classic_bike,2021-09-04 03:59:57,2021-09-04 04:21:47,Metropolitan Ave & Stewart Ave,5273,Manhattan Av & Leonard St,5442,40.71401,-73.92793,40.72084,-73.94844,casual
424255,640C7013B4C213BF,classic_bike,2021-09-04 12:59:54,2021-09-04 13:11:06,Kingsland Ave & Nassau Ave,5613,Manhattan Av & Leonard St,5442,40.72577,-73.94173,40.72084,-73.94844,casual
424334,F63A86287DA45F5E,classic_bike,2021-09-25 10:59:36,2021-09-25 11:49:33,W 52 St & 11 Ave,6926,Manhattan Av & Leonard St,5442,40.76727216,-73.99392888,40.72084,-73.94844,member
424352,1E162443451A2A8A,docked_bike,2021-09-04 20:48:28,2021-09-04 21:07:26,Cedar St & Myrtle Ave,4751,Manhattan Av & Leonard St,5442,40.697842,-73.926241,40.72084,-73.94844,casual
424386,5AB60FEEDF2874B6,classic_bike,2021-09-26 13:20:03,2021-09-26 13:31:38,Broadway & Whipple St,4883,Manhattan Av & Leonard St,5442,40.7016657,-73.9437303,40.72084,-73.94844,casual
424403,1304C424962E5FEC,classic_bike,2021-09-02 17:30:50,2021-09-02 17:45:03,11 St & 43 Ave,6438,Manhattan Av & Leonard St,5442,40.7519071,-73.9479119,40.72084,-73.94844,casual
424420,771CE03F756B4F61,classic_bike,2021-09-04 09:01:35,2021-09-04 09:14:38,S 3 St & Bedford Ave,5235,Manhattan Av & Leonard St,5442,40.71260486,-73.96264403,40.72084,-73.94844,member
424447,2F51AAA390CF22B3,classic_bike,2021-09-12 07:28:07,2021-09-12 07:43:40,Suydam St & Broadway,4689,Manhattan Av & Leonard St,5442,40.69544,-73.93223,40.72084,-73.94844,member
424465,9E01827A4E8C01A4,electric_bike,2021-09-12 17:46:57,2021-09-12 17:59:49,Wilson Ave & Troutman St,4864,Manhattan Av & Leonard St,5442,40.70166,-73.92754,40.72084,-73.94844,casual
424476,C1212E41D40E40B2,electric_bike,2021-09-25 12:28:46,2021-09-25 12:58:12,Stanton St & Norfolk St,5445,Manhattan Av & Leonard St,5442,40.720747,-73.986274,40.72084,-73.94844,casual
424500,6AB7AB875F815EDE,electric_bike,2021-09-11 12:26:27,2021-09-11 12:48:29,Stanton St & Norfolk St,5445,Manhattan Av & Leonard St,5442,40.720747,-73.986274,40.72084,-73.94844,member
424509,D7DEB967649A1BBB,classic_bike,2021-09-29 17:04:02,2021-09-29 17:12:11,S 3 St & Bedford Ave,5235,Manhattan Av & Leonard St,5442,40.71260486,-73.96264403,40.72084,-73.94844,member
424519,AA608C1429DCBF4F,classic_bike,2021-09-13 12:13:35,2021-09-13 12:31:14,Suydam St & Broadway,4689,Manhattan Av & Leonard St,5442,40.69544,-73.93223,40.72084,-73.94844,casual
424542,AB7BFEEBA7B9BB66,classic_bike,2021-09-03 14:47:28,2021-09-03 14:52:29,Driggs Ave & N 9 St,5411,Manhattan Av & Leonard St,5442,40.71816969454208,-73.95520135760307,40.72084,-73.94844,member
424544,DAC10FCD21D2E251,classic_bike,2021-09-18 14:30:13,2021-09-18 14:38:52,Driggs Ave & N 9 St,5411,Manhattan Av & Leonard St,5442,40.71816969454208,-73.95520135760307,40.72084,-73.94844,member
424546,C350BBFA59C4962D,classic_bike,2021-09-02 22:29:31,2021-09-02 22:33:36,Leonard St & Nassau Ave,5550,Manhattan Av & Leonard St,5442,40.7239567849954,-73.94984364509583,40.72084,-73.94844,member
424549,E0E1EF88B2B13E4C,classic_bike,2021-09-25 08:50:31,2021-09-25 09:06:07,Suydam St & Broadway,4689,Manhattan Av & Leonard St,5442,40.69544,-73.93223,40.72084,-73.94844,member
424555,7CBAD1D620A0D0E4,classic_bike,2021-09-05 03:47:19,2021-09-05 03:50:22,Driggs Ave & N 9 St,5411,Manhattan Av & Leonard St,5442,40.71816969454208,-73.95520135760307,40.72084,-73.94844,member
424556,2C47B0183215879C,classic_bike,2021-09-20 08:04:22,2021-09-20 08:08:29,Driggs Ave & N 9 St,5411,Manhattan Av & Leonard St,5442,40.71816969454208,-73.95520135760307,40.72084,-73.94844,member
424568,690F42B43E5F147D,classic_bike,2021-09-30 23:32:25,2021-09-30 23:36:11,Driggs Ave & N 9 St,5411,Manhattan Av & Leonard St,5442,40.71816969454208,-73.95520135760307,40.72084,-73.94844,member
424570,C33A47A1E1EF6F78,classic_bike,2021-09-07 14:58:16,2021-09-07 15:02:50,Devoe St & Lorimer St,5259,Manhattan Av & Leonard St,5442,40.71335226222875,-73.9491033554077,40.72084,-73.94844,member
424571,B12CA2FB6510F640,classic_bike,2021-09-16 19:12:41,2021-09-16 19:17:39,Driggs Ave & N 9 St,5411,Manhattan Av & Leonard St,5442,40.71816969454208,-73.95520135760307,40.72084,-73.94844,member
424572,D8B82B329A470F68,classic_bike,2021-09-17 13:26:13,2021-09-17 13:33:13,Devoe St & Lorimer St,5259,Manhattan Av & Leonard St,5442,40.71335226222875,-73.9491033554077,40.72084,-73.94844,member
424577,BED17791061BEF38,classic_bike,2021-09-11 08:57:06,2021-09-11 09:14:03,Suydam St & Broadway,4689,Manhattan Av & Leonard St,5442,40.69544,-73.93223,40.72084,-73.94844,member
424589,27A8EC2F8C7E0BDC,classic_bike,2021-09-15 17:23:25,2021-09-15 17:56:47,5 Ave & E 29 St,6248,Manhattan Av & Leonard St,5442,40.7451677,-73.98683077,40.72084,-73.94844,member
424598,C665645387EF9027,classic_bike,2021-09-15 16:27:11,2021-09-15 16:48:25,Suydam St & Broadway,4689,Manhattan Av & Leonard St,5442,40.69544,-73.93223,40.72084,-73.94844,member
424613,6C0E591877642940,classic_bike,2021-09-05 17:43:30,2021-09-05 18:07:49,Stanton St & Norfolk St,5445,Manhattan Av & Leonard St,5442,40.720747,-73.986274,40.72084,-73.94844,casual
424616,3FDC2F4ABED8A551,electric_bike,2021-09-15 17:55:59,2021-09-15 18:13:33,Stanton St & Norfolk St,5445,Manhattan Av & Leonard St,5442,40.720747,-73.986274,40.72084,-73.94844,member
424618,7C874ACEDAA5FAC0,classic_bike,2021-09-17 22:13:19,2021-09-17 22:33:47,Norfolk St & Broome St,5374,Manhattan Av & Leonard St,5442,40.7172274,-73.98802084,40.72084,-73.94844,member
424656,F6422FC4ED572FF1,classic_bike,2021-09-07 21:10:55,2021-09-07 21:21:13,S 3 St & Bedford Ave,5235,Manhattan Av & Leonard St,5442,40.71260486,-73.96264403,40.72084,-73.94844,member
424663,3D077BD353B9A56F,classic_bike,2021-09-06 15:26:29,2021-09-06 15:47:58,Bushwick Ave & Dekalb Ave,4680,Manhattan Av & Leonard St,5442,40.69502,-73.92825,40.72084,-73.94844,casual
424676,CA9693125D9300AF,classic_bike,2021-09-16 21:09:24,2021-09-16 21:15:02,Nassau Ave & Russell St,5581,Manhattan Av & Leonard St,5442,40.72557,-73.94434,40.72084,-73.94844,member
424679,2D4F39E25D18E908,classic_bike,2021-09-16 19:04:40,2021-09-16 19:17:48,S 3 St & Bedford Ave,5235,Manhattan Av & Leonard St,5442,40.71260486,-73.96264403,40.72084,-73.94844,casual
424685,5582B4E488383C9C,classic_bike,2021-09-30 19:13:56,2021-09-30 19:23:53,Broadway & Whipple St,4883,Manhattan Av & Leonard St,5442,40.7016657,-73.9437303,40.72084,-73.94844,member
424689,75FBE68B814EA3FD,electric_bike,2021-09-07 08:16:29,2021-09-07 08:21:10,Nassau Ave & Russell St,5581,Manhattan Av & Leonard St,5442,40.72557,-73.94434,40.72084,-73.94844,member
424711,AF078BED31BB4AE7,classic_bike,2021-09-03 14:57:22,2021-09-03 15:23:26,Myrtle Ave & Lewis Ave,4729,Manhattan Av & Leonard St,5442,40.69681963,-73.93756926,40.72084,-73.94844,casual
424715,F63B9C22F6037DB3,classic_bike,2021-09-25 18:25:11,2021-09-25 18:34:37,Berry St & N 8 St,5379,Manhattan Av & Leonard St,5442,40.7190095,-73.95852515,40.72084,-73.94844,casual
424718,E52F37FD58FE9B85,classic_bike,2021-09-02 18:21:19,2021-09-02 18:31:40,Berry St & N 8 St,5379,Manhattan Av & Leonard St,5442,40.7190095,-73.95852515,40.72084,-73.94844,casual
424729,03CFEC3A7F20AD20,classic_bike,2021-09-28 23:06:03,2021-09-28 23:12:05,Berry St & N 8 St,5379,Manhattan Av & Leonard St,5442,40.7190095,-73.95852515,40.72084,-73.94844,member
424760,6ACA6A8F91CBDD21,classic_bike,2021-09-04 15:26:30,2021-09-04 15:44:27,Union Ave & Jackson St,5300,Manhattan Av & Leonard St,5442,40.7160751,-73.952029,40.72084,-73.94844,casual
424762,9925DF73E68CCE6F,classic_bike,2021-09-02 11:35:26,2021-09-02 11:41:39,Union Ave & Jackson St,5300,Manhattan Av & Leonard St,5442,40.7160751,-73.952029,40.72084,-73.94844,member
424779,B13E1B4AA1456998,classic_bike,2021-09-10 17:53:14,2021-09-10 18:05:37,Knickerbocker Ave & George St,4979,Manhattan Av & Leonard St,5442,40.704425,-73.92836,40.72084,-73.94844,casual
424780,877102E47CCD28D7,classic_bike,2021-09-24 16:37:04,2021-09-24 16:50:14,Bushwick Ave & McKibbin St,5027,Manhattan Av & Leonard St,5442,40.705517,-73.93936,40.72084,-73.94844,casual
424801,62EC6E6C6128E6AB,classic_bike,2021-09-02 15:59:11,2021-09-02 16:16:09,44 Dr & 21 St,6278,Manhattan Av & Leonard St,5442,40.748,-73.9460927,40.72084,-73.94844,member
424805,E605DC69AA12F394,electric_bike,2021-09-03 08:51:22,2021-09-03 09:04:31,Irving Ave & DeKalb Ave,4898,Manhattan Av & Leonard St,5442,40.7027,-73.92095,40.72084,-73.94844,member
424811,63BA1D5677BC01E5,classic_bike,2021-09-26 11:08:36,2021-09-26 11:28:34,Broadway & Kosciuszko St,4608,Manhattan Av & Leonard St,5442,40.69329,-73.92852,40.72084,-73.94844,member
424820,DAC5F71E8357A53E,classic_bike,2021-09-15 06:56:50,2021-09-15 07:19:14,Knickerbocker Ave & George St,4979,Manhattan Av & Leonard St,5442,40.704425,-73.92836,40.72084,-73.94844,casual
424823,FD01A2A73318163E,classic_bike,2021-09-05 11:25:36,2021-09-05 11:31:44,Wythe Ave & Metropolitan Ave,5348,Manhattan Av & Leonard St,5442,40.716887,-73.963198,40.72084,-73.94844,member
424834,76B5871346BFF504,classic_bike,2021-09-01 15:23:01,2021-09-01 15:55:47,Wythe Ave & Metropolitan Ave,5348,Manhattan Av & Leonard St,5442,40.716887,-73.963198,40.72084,-73.94844,member
424847,DBDD94ECDFE23B93,classic_bike,2021-09-15 16:58:44,2021-09-15 17:12:09,Beaver St & Fayette St,4840,Manhattan Av & Leonard St,5442,40.70099,-73.93921,40.72084,-73.94844,casual
424867,8ABF4C26FF8E6AC7,electric_bike,2021-09-09 20:17:18,2021-09-09 20:26:38,Wythe Ave & Metropolitan Ave,5348,Manhattan Av & Leonard St,5442,40.716887,-73.963198,40.72084,-73.94844,member
424886,9D6AF59B2E02F0BB,classic_bike,2021-09-16 17:11:04,2021-09-16 17:24:30,Wythe Ave & Metropolitan Ave,5348,Manhattan Av & Leonard St,5442,40.716887,-73.963198,40.72084,-73.94844,casual
424909,757FCA7B129207F5,classic_bike,2021-09-13 16:55:23,2021-09-13 17:10:33,Beaver St & Fayette St,4840,Manhattan Av & Leonard St,5442,40.70099,-73.93921,40.72084,-73.94844,casual
424948,A020A339792FA8C2,classic_bike,2021-09-24 10:43:18,2021-09-24 10:49:53,Scholes St & Manhattan Ave,5108,Manhattan Av & Leonard St,5442,40.70870368,-73.9448625,40.72084,-73.94844,casual
424951,9D657FCAB1BB4610,classic_bike,2021-09-11 11:00:30,2021-09-11 11:09:49,Scholes St & Manhattan Ave,5108,Manhattan Av & Leonard St,5442,40.70870368,-73.9448625,40.72084,-73.94844,member
424959,6362BA5DEAFE7E13,classic_bike,2021-09-27 21:24:49,2021-09-27 21:31:49,Scholes St & Manhattan Ave,5108,Manhattan Av & Leonard St,5442,40.70870368,-73.9448625,40.72084,-73.94844,casual
424964,E040FA50E2F0FFBA,electric_bike,2021-09-05 12:23:10,2021-09-05 12:28:32,Scholes St & Manhattan Ave,5108,Manhattan Av & Leonard St,5442,40.70870368,-73.9448625,40.72084,-73.94844,casual
424970,6A8C1009C8A11D12,electric_bike,2021-09-29 08:18:01,2021-09-29 08:26:41,Scholes St & Manhattan Ave,5108,Manhattan Av & Leonard St,5442,40.70870368,-73.9448625,40.72084,-73.94844,casual
424972,2EDE3DAF49BBE519,classic_bike,2021-09-03 19:31:35,2021-09-03 19:40:07,Scholes St & Manhattan Ave,5108,Manhattan Av & Leonard St,5442,40.70870368,-73.9448625,40.72084,-73.94844,casual
424992,92B39FEA04D65264,classic_bike,2021-09-12 15:47:16,2021-09-12 15:53:13,Scholes St & Manhattan Ave,5108,Manhattan Av & Leonard St,5442,40.70870368,-73.9448625,40.72084,-73.94844,member
425006,817C697D04B7911F,classic_bike,2021-09-19 14:47:58,2021-09-19 15:11:12,Clinton St & Grand St,5303,Manhattan Av & Leonard St,5442,40.71559509,-73.9870295,40.72084,-73.94844,member
425046,84533FF280F98C6D,electric_bike,2021-09-06 00:05:21,2021-09-06 00:06:38,Bayard St & Leonard St,5442,Manhattan Av & Leonard St,5442,40.71915571696044,-73.94885390996933,40.72084,-73.94844,member
425089,3C63E71AF87D32DE,classic_bike,2021-09-17 17:37:46,2021-09-17 17:47:18,Leonard St & Maujer St,5148,Manhattan Av & Leonard St,5442,40.7103685423523,-73.94705951213837,40.72084,-73.94844,member
425093,F92B651380DF2F07,classic_bike,2021-09-01 15:59:38,2021-09-01 16:06:45,Leonard St & Maujer St,5148,Manhattan Av & Leonard St,5442,40.7103685423523,-73.94705951213837,40.72084,-73.94844,member
425119,3B289F346FE981BA,classic_bike,2021-09-05 15:22:07,2021-09-05 15:45:33,Myrtle Ave & Linden St,4816,Manhattan Av & Leonard St,5442,40.69943,-73.91337,40.72084,-73.94844,member
425143,F36F2F2EDFDEB641,classic_bike,2021-09-10 15:47:00,2021-09-10 16:01:25,Evergreen Ave & Noll St,4873,Manhattan Av & Leonard St,5442,40.70106,-73.93318,40.72084,-73.94844,casual
425181,206EF0C1188BC01D,classic_bike,2021-09-04 09:31:09,2021-09-04 09:39:05,Montrose Ave & Bushwick Ave,5068,Manhattan Av & Leonard St,5442,40.70767788,-73.94016171,40.72084,-73.94844,member
425193,8000E71E50C5C171,classic_bike,2021-09-25 14:01:28,2021-09-25 14:27:30,Broadway & Madison St,4483,Manhattan Av & Leonard St,5442,40.68822,-73.91966,40.72084,-73.94844,casual
425195,B93F3E2A93581BF2,classic_bike,2021-09-13 17:37:20,2021-09-13 17:43:16,Graham Ave & Conselyea St,5291,Manhattan Av & Leonard St,5442,40.715143,-73.944507,40.72084,-73.94844,member
425201,D17B43D09B9994C5,classic_bike,2021-09-02 18:23:11,2021-09-02 18:29:29,Graham Ave & Conselyea St,5291,Manhattan Av & Leonard St,5442,40.715143,-73.944507,40.72084,-73.94844,member
425202,058D473AFC3CD40A,classic_bike,2021-09-14 17:03:32,2021-09-14 17:07:09,Graham Ave & Conselyea St,5291,Manhattan Av & Leonard St,5442,40.715143,-73.944507,40.72084,-73.94844,member
425206,AA50F3057C4F3800,electric_bike,2021-09-16 11:21:39,2021-09-16 11:21:55,Manhattan Av & Leonard St,5442,Manhattan Av & Leonard St,5442,40.72084,-73.94844,40.72084,-73.94844,member
425217,30698E28F753804D,electric_bike,2021-09-16 10:54:24,2021-09-16 10:57:02,Manhattan Av & Leonard St,5442,Manhattan Av & Leonard St,5442,40.72084,-73.94844,40.72084,-73.94844,member
425225,839452E795422027,classic_bike,2021-09-03 16:38:13,2021-09-03 16:41:49,Graham Ave & Conselyea St,5291,Manhattan Av & Leonard St,5442,40.715143,-73.944507,40.72084,-73.94844,member
425227,26D2782C6ADA57D4,classic_bike,2021-09-10 16:20:34,2021-09-10 16:28:39,Graham Ave & Conselyea St,5291,Manhattan Av & Leonard St,5442,40.715143,-73.944507,40.72084,-73.94844,casual
425236,F0FC75D25286300A,classic_bike,2021-09-04 19:19:04,2021-09-04 19:22:02,Graham Ave & Conselyea St,5291,Manhattan Av & Leonard St,5442,40.715143,-73.944507,40.72084,-73.94844,casual
425237,EC88B74B78C01E01,classic_bike,2021-09-04 00:04:21,2021-09-04 00:08:19,Graham Ave & Conselyea St,5291,Manhattan Av & Leonard St,5442,40.715143,-73.944507,40.72084,-73.94844,casual
425241,469F1F15DFAF58C9,classic_bike,2021-09-28 20:50:32,2021-09-28 20:55:24,Graham Ave & Conselyea St,5291,Manhattan Av & Leonard St,5442,40.715143,-73.944507,40.72084,-73.94844,member
425248,4F11ABEF40BD2A5A,classic_bike,2021-09-03 14:58:59,2021-09-03 15:03:20,Graham Ave & Conselyea St,5291,Manhattan Av & Leonard St,5442,40.715143,-73.944507,40.72084,-73.94844,member
425254,2D97BBBE334A7849,classic_bike,2021-09-13 12:35:13,2021-09-13 12:39:44,Graham Ave & Conselyea St,5291,Manhattan Av & Leonard St,5442,40.715143,-73.944507,40.72084,-73.94844,member
425255,27E5BF66844C835C,classic_bike,2021-09-01 15:38:11,2021-09-01 15:41:37,Graham Ave & Conselyea St,5291,Manhattan Av & Leonard St,5442,40.715143,-73.944507,40.72084,-73.94844,member
425256,993969671128DC32,classic_bike,2021-09-05 17:33:08,2021-09-05 17:37:48,Graham Ave & Conselyea St,5291,Manhattan Av & Leonard St,5442,40.715143,-73.944507,40.72084,-73.94844,member
425258,986B8419FCD1470F,classic_bike,2021-09-09 18:40:31,2021-09-09 18:48:46,Graham Ave & Conselyea St,5291,Manhattan Av & Leonard St,5442,40.715143,-73.944507,40.72084,-73.94844,member
425260,87117BC3B79E8CF6,classic_bike,2021-09-04 19:13:21,2021-09-04 19:29:27,Central Ave & Melrose St,4832,Manhattan Av & Leonard St,5442,40.70112,-73.93039,40.72084,-73.94844,casual
425298,C29EB2E8D19CBA7C,classic_bike,2021-09-21 13:39:52,2021-09-21 13:46:05,Sharon St & Olive St,5323,Manhattan Av & Leonard St,5442,40.715353,-73.93856,40.72084,-73.94844,casual
425336,829B3FD680C4F336,classic_bike,2021-09-20 17:32:04,2021-09-20 17:37:18,Graham Ave & Conselyea St,5291,Manhattan Av & Leonard St,5442,40.715143,-73.944507,40.72084,-73.94844,member
425365,D3083F2CEA929A56,electric_bike,2021-09-07 18:58:00,2021-09-07 19:11:41,Evergreen Ave & Noll St,4873,Manhattan Av & Leonard St,5442,40.70106,-73.93318,40.72084,-73.94844,member
425373,6C4A44E92BF500E3,classic_bike,2021-09-04 18:41:05,2021-09-04 19:08:23,Sharon St & Olive St,5323,Manhattan Av & Leonard St,5442,40.715353,-73.93856,40.72084,-73.94844,casual
425377,D1114C5575B393D5,classic_bike,2021-09-09 18:11:17,2021-09-09 18:23:37,Humboldt St & Varet St,4956,Manhattan Av & Leonard St,5442,40.7031724,-73.940636,40.72084,-73.94844,member
425387,FBBF7BCACA3CCAEF,classic_bike,2021-09-29 20:19:13,2021-09-29 20:33:26,Evergreen Ave & Noll St,4873,Manhattan Av & Leonard St,5442,40.70106,-73.93318,40.72084,-73.94844,casual
425395,9D7A1B1E8EE3BA14,electric_bike,2021-09-04 13:45:39,2021-09-04 14:35:28,Washington Pl & 6 Ave,5838,Manhattan Av & Leonard St,5442,40.73224119,-74.00026394,40.72084,-73.94844,member
425399,7C7F5CC183101406,classic_bike,2021-09-29 16:40:24,2021-09-29 16:51:20,Humboldt St & Varet St,4956,Manhattan Av & Leonard St,5442,40.7031724,-73.940636,40.72084,-73.94844,member
425456,F26E8211D0A1CA50,classic_bike,2021-09-25 12:50:58,2021-09-25 13:19:35,Center Blvd & 51 Ave,6179,Manhattan Av & Leonard St,5442,40.74336608027021,-73.95960688591003,40.72084,-73.94844,casual
425458,F7A1DB1CAD8469B8,electric_bike,2021-09-13 19:11:17,2021-09-13 19:31:09,Center Blvd & 51 Ave,6179,Manhattan Av & Leonard St,5442,40.74336608027021,-73.95960688591003,40.72084,-73.94844,member
425524,7C3A30A62FEED928,classic_bike,2021-09-10 18:32:16,2021-09-10 18:43:00,Hope St & Union Ave,5187,Manhattan Av & Leonard St,5442,40.71167351,-73.95141312,40.72084,-73.94844,casual
425543,1E27B56548DDB8C2,classic_bike,2021-09-17 19:57:34,2021-09-17 20:05:19,Scholes St & Manhattan Ave,5108,Manhattan Av & Leonard St,5442,40.70870368,-73.9448625,40.72084,-73.94844,member
425598,ED9E1385F3E772BC,classic_bike,2021-09-29 08:34:30,2021-09-29 08:39:00,Greenpoint Ave & Manhattan Ave,5785,Manhattan Av & Leonard St,5442,40.73026,-73.95394,40.72084,-73.94844,member
425602,20E7B1F71FC81A0B,electric_bike,2021-09-06 13:44:04,2021-09-06 14:07:08,Bergen St & Vanderbilt Ave,4157,Manhattan Av & Leonard St,5442,40.6794388,-73.9680438,40.72084,-73.94844,casual
425609,9BDA6F5F69BF9BA2,classic_bike,2021-09-06 13:31:14,2021-09-06 13:37:27,Scholes St & Manhattan Ave,5108,Manhattan Av & Leonard St,5442,40.70870368,-73.9448625,40.72084,-73.94844,casual
425619,AF7B3B1854B16F87,classic_bike,2021-09-29 20:11:26,2021-09-29 20:27:14,Central Ave & Flushing Ave,4947,Manhattan Av & Leonard St,5442,40.702831,-73.9333,40.72084,-73.94844,casual
425621,EC3557AFBDE393D9,classic_bike,2021-09-07 13:21:10,2021-09-07 13:27:32,Graham Ave & Grand St,5178,Manhattan Av & Leonard St,5442,40.711863,-73.944024,40.72084,-73.94844,member
425623,D118602985B29ACD,classic_bike,2021-09-04 12:16:34,2021-09-04 12:25:37,Graham Ave & Grand St,5178,Manhattan Av & Leonard St,5442,40.711863,-73.944024,40.72084,-73.94844,member
425642,F7E86344313FB1BA,classic_bike,2021-09-18 07:46:25,2021-09-18 07:56:48,George St & Wilson Ave,4906,Manhattan Av & Leonard St,5442,40.702997,-73.92997,40.72084,-73.94844,member
425668,9BEF5124FF625399,classic_bike,2021-09-10 16:18:13,2021-09-10 16:27:59,S 4 St & Rodney St,5156,Manhattan Av & Leonard St,5442,40.70934,-73.95608,40.72084,-73.94844,member
425674,331E6C598871C794,classic_bike,2021-09-16 17:36:24,2021-09-16 17:49:49,Knickerbocker Ave & Thames St,5018,Manhattan Av & Leonard St,5442,40.70539,-73.92976,40.72084,-73.94844,member
425691,BC8F308007D41EB0,classic_bike,2021-09-06 12:37:44,2021-09-06 12:53:42,Knickerbocker Ave & Thames St,5018,Manhattan Av & Leonard St,5442,40.70539,-73.92976,40.72084,-73.94844,casual
425692,75158B9ED7B873A4,classic_bike,2021-09-29 18:52:18,2021-09-29 19:15:07,S 4 St & Rodney St,5156,Manhattan Av & Leonard St,5442,40.70934,-73.95608,40.72084,-73.94844,member
425693,1C0717AA61950ABC,classic_bike,2021-09-29 18:52:11,2021-09-29 19:14:54,S 4 St & Rodney St,5156,Manhattan Av & Leonard St,5442,40.70934,-73.95608,40.72084,-73.94844,member
425713,71B64D6C85DAB09A,classic_bike,2021-09-17 10:08:18,2021-09-17 10:18:06,S 4 St & Rodney St,5156,Manhattan Av & Leonard St,5442,40.70934,-73.95608,40.72084,-73.94844,casual
425739,E4AF8205BA9B5D4D,docked_bike,2021-09-05 16:34:22,2021-09-05 16:34:25,Manhattan Av & Leonard St,5442,Manhattan Av & Leonard St,5442,40.72084,-73.94844,40.72084,-73.94844,casual
425746,1EF48514C3E48A8E,classic_bike,2021-09-16 02:07:50,2021-09-16 02:24:55,Manhattan Av & Leonard St,5442,Graham Ave & Withers St,5403,40.72084,-73.94844,40.7169811,-73.94485918,casual
425776,C919DA2DEB5D9C17,classic_bike,2021-09-26 14:57:25,2021-09-26 15:18:42,Manhattan Av & Leonard St,5442,Manhattan Av & Leonard St,5442,40.72084,-73.94844,40.72084,-73.94844,casual
425779,F62C3B870BD1A817,electric_bike,2021-09-16 11:25:02,2021-09-16 11:25:15,Manhattan Av & Leonard St,5442,Manhattan Av & Leonard St,5442,40.72084,-73.94844,40.72084,-73.94844,member
425784,C55A0C8983AABAC7,classic_bike,2021-09-26 11:31:29,2021-09-26 11:49:56,Manhattan Av & Leonard St,5442,Manhattan Av & Leonard St,5442,40.72084,-73.94844,40.72084,-73.94844,member
425788,E831BCCA8E4A6DB5,classic_bike,2021-09-13 17:05:34,2021-09-13 17:05:40,Manhattan Av & Leonard St,5442,Manhattan Av & Leonard St,5442,40.72084,-73.94844,40.72084,-73.94844,member
425792,A7B079EE3AD49783,classic_bike,2021-09-30 17:10:58,2021-09-30 17:17:11,Manhattan Av & Leonard St,5442,Manhattan Av & Leonard St,5442,40.72084,-73.94844,40.72084,-73.94844,member
425795,63F673688BA9B25E,classic_bike,2021-09-03 14:58:21,2021-09-03 15:02:11,Manhattan Av & Leonard St,5442,Graham Ave & Withers St,5403,40.72084,-73.94844,40.7169811,-73.94485918,casual
425806,86501937AF6C8D21,classic_bike,2021-09-15 19:09:30,2021-09-15 19:11:13,Manhattan Av & Leonard St,5442,Manhattan Av & Leonard St,5442,40.72084,-73.94844,40.72084,-73.94844,casual
425808,4B8A310784E6A68A,classic_bike,2021-09-21 11:55:28,2021-09-21 11:56:09,Manhattan Av & Leonard St,5442,Manhattan Av & Leonard St,5442,40.72084,-73.94844,40.72084,-73.94844,casual
425810,CBD29EBDB4926D1B,classic_bike,2021-09-09 21:10:04,2021-09-09 21:25:19,Manhattan Av & Leonard St,5442,Suydam St & St. Nicholas Ave,5043,40.72084,-73.94844,40.70636,-73.91945,member
425824,76A5FB4BBC6E1ED5,classic_bike,2021-09-08 17:33:38,2021-09-08 17:49:09,Irving Ave & DeKalb Ave,4898,Manhattan Av & Leonard St,5442,40.7027,-73.92095,40.72084,-73.94844,member
425829,5CAED78D9DCCFE7F,electric_bike,2021-09-07 13:58:31,2021-09-07 14:21:00,Kosciuszko St & Nostrand Ave,4519,Manhattan Av & Leonard St,5442,40.69072549,-73.95133465,40.72084,-73.94844,member
425835,00A3763C2D01F9F4,classic_bike,2021-09-12 12:07:17,2021-09-12 12:15:46,Graham Ave & Withers St,5403,Manhattan Av & Leonard St,5442,40.7169811,-73.94485918,40.72084,-73.94844,member
425839,F9708AB67A18507A,classic_bike,2021-09-13 16:06:49,2021-09-13 16:10:00,Manhattan Av & Leonard St,5442,Graham Ave & Withers St,5403,40.72084,-73.94844,40.7169811,-73.94485918,member
425840,2F9C64305669A047,classic_bike,2021-09-22 08:08:40,2021-09-22 08:39:22,Manhattan Av & Leonard St,5442,Manhattan Av & Leonard St,5442,40.72084,-73.94844,40.72084,-73.94844,member
425867,79A26A71B14194B3,classic_bike,2021-09-07 12:40:16,2021-09-07 12:40:34,Manhattan Av & Leonard St,5442,Manhattan Av & Leonard St,5442,40.72084,-73.94844,40.72084,-73.94844,member
425872,CCB7C51170EF7917,classic_bike,2021-09-23 10:45:47,2021-09-23 10:47:44,Leonard St & Nassau Ave,5550,Manhattan Av & Leonard St,5442,40.7239567849954,-73.94984364509583,40.72084,-73.94844,member
425890,73712104F785E25B,classic_bike,2021-09-07 08:27:37,2021-09-07 08:30:20,Frost St & Meeker Ave,5371,Manhattan Av & Leonard St,5442,40.71766197083994,-73.94880026578903,40.72084,-73.94844,member
425900,8767754A989144E5,classic_bike,2021-09-02 18:52:09,2021-09-02 18:58:28,Milton St & Franklin St,5752,Manhattan Av & Leonard St,5442,40.72906,-73.95779,40.72084,-73.94844,casual
425930,49A90284D1CDC8F8,classic_bike,2021-09-26 20:05:55,2021-09-26 20:16:58,Milton St & Franklin St,5752,Manhattan Av & Leonard St,5442,40.72906,-73.95779,40.72084,-73.94844,member
425960,8855B01AAC87074F,classic_bike,2021-09-14 19:18:17,2021-09-14 19:45:12,Jackson Ave & 46 Rd,6203,Manhattan Av & Leonard St,5442,40.74524768,-73.94733276,40.72084,-73.94844,casual
425994,3DCBCD5ADDA97346,classic_bike,2021-09-10 18:53:33,2021-09-10 19:23:18,Clinton Ave & Myrtle Ave,4651,Manhattan Av & Leonard St,5442,40.693261,-73.968896,40.72084,-73.94844,member
426013,2D1E8FB248C69016,classic_bike,2021-09-03 18:04:27,2021-09-03 18:27:26,Greene Ave & Throop Ave,4510,Manhattan Av & Leonard St,5442,40.6894932,-73.942061,40.72084,-73.94844,member
426015,3723B096764A851D,classic_bike,2021-09-03 17:11:54,2021-09-03 17:21:19,Berry St & N 8 St,5379,Manhattan Av & Leonard St,5442,40.7190095,-73.95852515,40.72084,-73.94844,casual
426036,973A4F1AE19E9A4C,classic_bike,2021-09-06 15:18:52,2021-09-06 15:25:41,Bushwick Ave & Powers St,5250,Manhattan Av & Leonard St,5442,40.71247661,-73.94100005,40.72084,-73.94844,member
426044,83D36236BFF77FE5,classic_bike,2021-09-05 18:27:10,2021-09-05 18:32:45,Lorimer St & Calyer St,5709,Manhattan Av & Leonard St,5442,40.72795,-73.95414,40.72084,-73.94844,member
426048,25AAD0365C7D369C,classic_bike,2021-09-08 08:46:22,2021-09-08 08:50:30,Lorimer St & Calyer St,5709,Manhattan Av & Leonard St,5442,40.72795,-73.95414,40.72084,-73.94844,member
426051,8578FCCF9D96D562,classic_bike,2021-09-11 16:09:24,2021-09-11 16:19:21,Devoe St & Morgan Ave,5282,Manhattan Av & Leonard St,5442,40.713811,-73.93515,40.72084,-73.94844,member
426074,41D8B84F3D3196D0,classic_bike,2021-09-02 10:25:05,2021-09-02 10:54:35,Albany Ave & Fulton St,4237,Manhattan Av & Leonard St,5442,40.6800105,-73.938475,40.72084,-73.94844,casual
426077,47170EC692ECA6BE,classic_bike,2021-09-28 21:49:23,2021-09-28 22:19:47,Carlton Ave & Dean St,4199,Manhattan Av & Leonard St,5442,40.6809741,-73.9710097,40.72084,-73.94844,casual
426088,4C0A70B0CEE50EAF,classic_bike,2021-09-02 22:02:39,2021-09-02 22:08:03,Driggs Ave & N 9 St,5411,Manhattan Av & Leonard St,5442,40.71816969454208,-73.95520135760307,40.72084,-73.94844,member
426098,229A89281BA695EC,classic_bike,2021-09-03 19:51:10,2021-09-03 19:52:59,Engert Ave & McGuinness Blvd,5473,Manhattan Av & Leonard St,5442,40.72158,-73.94546,40.72084,-73.94844,casual
426158,51DBAA97E8FF7B09,classic_bike,2021-09-24 11:37:24,2021-09-24 12:17:43,Van Brunt St & Van Dyke St,4095,Manhattan Av & Leonard St,5442,40.6758329439129,-74.01472628116608,40.72084,-73.94844,member
426172,97125A333E9F95CD,classic_bike,2021-09-03 09:10:51,2021-09-03 09:29:09,Halsey St & Tompkins Ave,4319,Manhattan Av & Leonard St,5442,40.6823687,-73.944118,40.72084,-73.94844,member
426225,105B07653690F640,classic_bike,2021-09-03 13:24:58,2021-09-03 13:41:56,Vernon Blvd & 50 Ave,6170,Manhattan Av & Leonard St,5442,40.74232744,-73.95411749,40.72084,-73.94844,member
426229,8592616380DCEDC2,electric_bike,2021-09-08 14:14:50,2021-09-08 14:24:30,Vernon Blvd & 50 Ave,6170,Manhattan Av & Leonard St,5442,40.74232744,-73.95411749,40.72084,-73.94844,member
426250,5ED05A2BC203A816,classic_bike,2021-09-20 19:28:20,2021-09-20 19:34:53,Metropolitan Ave & Bedford Ave,5308,Manhattan Av & Leonard St,5442,40.71534825,-73.96024116,40.72084,-73.94844,member
426282,F438ED612850186A,classic_bike,2021-09-03 16:41:45,2021-09-03 16:45:28,Graham Ave & Withers St,5403,Manhattan Av & Leonard St,5442,40.7169811,-73.94485918,40.72084,-73.94844,member
426308,C617E8290417E170,classic_bike,2021-09-12 12:06:50,2021-09-12 12:16:07,Graham Ave & Withers St,5403,Manhattan Av & Leonard St,5442,40.7169811,-73.94485918,40.72084,-73.94844,casual
426327,8B4A57771119619B,electric_bike,2021-09-18 11:24:45,2021-09-18 11:43:41,Lexington Ave & Classon Ave,4452,Manhattan Av & Leonard St,5442,40.68676793,-73.95928168,40.72084,-73.94844,member
426331,CCBCBD8080A8F485,classic_bike,2021-09-18 12:34:59,2021-09-18 12:52:21,Knickerbocker Ave & Thames St,5018,Manhattan Av & Leonard St,5442,40.70539,-73.92976,40.72084,-73.94844,casual
426351,88DD0273D646A46C,classic_bike,2021-09-15 21:55:26,2021-09-15 22:03:32,N 12 St & Bedford Ave,5450,Manhattan Av & Leonard St,5442,40.72079821,-73.95484712,40.72084,-73.94844,member
426362,58668D28085AB191,classic_bike,2021-09-18 13:29:35,2021-09-18 13:39:25,Leonard St & Boerum St,5036,Manhattan Av & Leonard St,5442,40.70583339,-73.94644578,40.72084,-73.94844,casual
426419,0F2CA2BBAEF45F27,classic_bike,2021-09-14 13:48:45,2021-09-14 14:08:06,Stockholm St & Wilson Ave,4824,Manhattan Av & Leonard St,5442,40.699304,-73.923044,40.72084,-73.94844,member
426423,97A133ABFB55A59A,classic_bike,2021-09-30 18:35:12,2021-09-30 18:54:42,Lorimer St & Broadway,4965,Manhattan Av & Leonard St,5442,40.70411791,-73.94818595,40.72084,-73.94844,casual
426434,3474ABEA378396D7,classic_bike,2021-09-02 23:49:22,2021-09-02 23:54:44,Greenpoint Ave & Manhattan Ave,5785,Manhattan Av & Leonard St,5442,40.73026,-73.95394,40.72084,-73.94844,casual
426492,141056BE24A6BC0F,classic_bike,2021-09-07 18:50:26,2021-09-07 18:59:31,Montrose Ave & Bushwick Ave,5068,Manhattan Av & Leonard St,5442,40.70767788,-73.94016171,40.72084,-73.94844,casual
426497,B576F2DDD36B9C1C,classic_bike,2021-09-20 15:29:37,2021-09-20 15:35:27,N 6 St & Bedford Ave,5379,Manhattan Av & Leonard St,5442,40.71745169,-73.95850939,40.72084,-73.94844,member
426506,4DF3DDE0A7B9A93C,classic_bike,2021-09-07 11:59:41,2021-09-07 12:28:01,Meserole Ave & Manhattan Ave,5666,Manhattan Av & Leonard St,5442,40.72708584,-73.95299117,40.72084,-73.94844,casual
426513,CB722C5E43220171,electric_bike,2021-09-30 01:24:18,2021-09-30 01:27:02,Meserole Ave & Manhattan Ave,5666,Manhattan Av & Leonard St,5442,40.72708584,-73.95299117,40.72084,-73.94844,member
426596,95B6B502BC041675,classic_bike,2021-09-30 20:16:14,2021-09-30 20:18:21,Bedford Ave & Nassau Ave,5550,Manhattan Av & Leonard St,5442,40.72311651,-73.95212324,40.72084,-73.94844,member
426602,F78CA069AF0DCC39,classic_bike,2021-09-25 13:49:36,2021-09-25 14:01:12,Sharon St & Olive St,5323,Manhattan Av & Leonard St,5442,40.715353,-73.93856,40.72084,-73.94844,casual
426606,E2DDB2A89259E7CE,classic_bike,2021-09-20 20:25:02,2021-09-20 20:27:16,Bedford Ave & Nassau Ave,5550,Manhattan Av & Leonard St,5442,40.72311651,-73.95212324,40.72084,-73.94844,member
426618,463E966B88EEB9EE,classic_bike,2021-09-11 22:34:24,2021-09-11 22:37:27,Bedford Ave & Nassau Ave,5550,Manhattan Av & Leonard St,5442,40.72311651,-73.95212324,40.72084,-73.94844,member
426630,9FF5266E26B53A89,classic_bike,2021-09-14 13:28:37,2021-09-14 13:38:22,Bedford Ave & Nassau Ave,5550,Manhattan Av & Leonard St,5442,40.72311651,-73.95212324,40.72084,-73.94844,member
426631,A64383CC79886991,electric_bike,2021-09-07 21:20:34,2021-09-07 21:24:31,Graham Ave & Conselyea St,5291,Manhattan Av & Leonard St,5442,40.715143,-73.944507,40.72084,-73.94844,member
426632,EB9EBCF4366B694C,classic_bike,2021-09-05 12:58:31,2021-09-05 13:01:56,Graham Ave & Conselyea St,5291,Manhattan Av & Leonard St,5442,40.715143,-73.944507,40.72084,-73.94844,member
426655,6BC97424C42535D5,classic_bike,2021-09-02 18:07:21,2021-09-02 18:10:54,Bedford Ave & Nassau Ave,5550,Manhattan Av & Leonard St,5442,40.72311651,-73.95212324,40.72084,-73.94844,member
426659,6E6CC5EE0916C631,classic_bike,2021-09-05 10:22:38,2021-09-05 10:26:39,Bedford Ave & Nassau Ave,5550,Manhattan Av & Leonard St,5442,40.72311651,-73.95212324,40.72084,-73.94844,member
426679,EC965B2B1BE1C925,classic_bike,2021-09-26 16:17:11,2021-09-26 16:51:21,Boerum St & Broadway,5004,Manhattan Av & Leonard St,5442,40.70538077,-73.94976519,40.72084,-73.94844,casual
426682,6CE3E9F02A0C809A,classic_bike,2021-09-15 17:21:20,2021-09-15 17:27:41,Nassau Ave & Russell St,5581,Manhattan Av & Leonard St,5442,40.72557,-73.94434,40.72084,-73.94844,member
426721,0DFB5978C6678D76,classic_bike,2021-09-05 15:02:02,2021-09-05 15:27:14,Bedford Ave & Bergen St,4066,Manhattan Av & Leonard St,5442,40.676368,-73.952918,40.72084,-73.94844,casual
426766,07698AC377C6A66F,classic_bike,2021-09-05 11:08:48,2021-09-05 11:13:43,Bedford Ave & Nassau Ave,5550,Manhattan Av & Leonard St,5442,40.72311651,-73.95212324,40.72084,-73.94844,member
426787,6B5FC526C88E1EB0,classic_bike,2021-09-04 14:41:04,2021-09-04 14:55:54,Hope St & Union Ave,5187,Manhattan Av & Leonard St,5442,40.71167351,-73.95141312,40.72084,-73.94844,member
426802,9953A4318630EFA9,classic_bike,2021-09-22 16:25:14,2021-09-22 16:46:07,Suydam St & Broadway,4689,Manhattan Av & Leonard St,5442,40.69544,-73.93223,40.72084,-73.94844,member
426805,A8786FBD42EB0C44,classic_bike,2021-09-02 18:34:37,2021-09-02 18:49:26,Wilson Ave & Troutman St,4864,Manhattan Av & Leonard St,5442,40.70166,-73.92754,40.72084,-73.94844,casual
426826,DCAC5BB8B941380B,classic_bike,2021-09-21 17:48:29,2021-09-21 17:54:21,Devoe St & Lorimer St,5259,Manhattan Av & Leonard St,5442,40.71335226222875,-73.9491033554077,40.72084,-73.94844,member
426828,D0E01579A0E3A766,classic_bike,2021-09-24 21:26:50,2021-09-24 21:30:29,Driggs Ave & N 9 St,5411,Manhattan Av & Leonard St,5442,40.71816969454208,-73.95520135760307,40.72084,-73.94844,member
426835,F752227266AE249A,classic_bike,2021-09-29 12:31:32,2021-09-29 12:42:58,India St Pier,5794,Manhattan Av & Leonard St,5442,40.731734785883454,-73.9612390102593,40.72084,-73.94844,member
426836,2E1283569FA40309,classic_bike,2021-09-30 12:29:45,2021-09-30 12:41:38,India St Pier,5794,Manhattan Av & Leonard St,5442,40.731734785883454,-73.9612390102593,40.72084,-73.94844,member
426844,296301C38716E51D,classic_bike,2021-09-15 16:21:19,2021-09-15 16:33:13,Humboldt St & Varet St,4956,Manhattan Av & Leonard St,5442,40.7031724,-73.940636,40.72084,-73.94844,member
426849,780D96311B51D3DD,classic_bike,2021-09-11 19:52:21,2021-09-11 20:04:49,Huron St & Franklin St,5869,Manhattan Av & Leonard St,5442,40.73266,-73.95826,40.72084,-73.94844,member
426872,1767717170F3B435,electric_bike,2021-09-06 15:32:55,2021-09-06 15:56:58,Lewis Ave & Kosciuszko St,4617,Manhattan Av & Leonard St,5442,40.69237074,-73.93705428,40.72084,-73.94844,member
426881,8E73D35802951FD6,classic_bike,2021-09-05 04:07:52,2021-09-05 04:19:20,Huron St & Franklin St,5869,Manhattan Av & Leonard St,5442,40.73266,-73.95826,40.72084,-73.94844,member
426917,9A54BF8661C81176,classic_bike,2021-09-16 12:30:56,2021-09-16 12:35:41,Berry St & N 8 St,5379,Manhattan Av & Leonard St,5442,40.7190095,-73.95852515,40.72084,-73.94844,member
426954,22328D2684A075B3,classic_bike,2021-09-25 12:38:44,2021-09-25 13:26:16,Bergen St & Smith St,4446,Manhattan Av & Leonard St,5442,40.6867443,-73.99063168,40.72084,-73.94844,casual
426959,24487E9474B39880,electric_bike,2021-09-04 13:15:00,2021-09-04 13:38:58,Plaza St East & Flatbush Ave,4010,Manhattan Av & Leonard St,5442,40.673134,-73.969106,40.72084,-73.94844,member
426964,F9EA7EFF46B9B373,classic_bike,2021-09-11 23:52:50,2021-09-11 23:58:57,Scholes St & Manhattan Ave,5108,Manhattan Av & Leonard St,5442,40.70870368,-73.9448625,40.72084,-73.94844,member
426967,9D44A3B93A38CC78,classic_bike,2021-09-10 18:30:07,2021-09-10 18:41:30,Scholes St & Manhattan Ave,5108,Manhattan Av & Leonard St,5442,40.70870368,-73.9448625,40.72084,-73.94844,casual
426974,1CF36E66DB24040C,classic_bike,2021-09-30 08:25:37,2021-09-30 08:33:59,Scholes St & Manhattan Ave,5108,Manhattan Av & Leonard St,5442,40.70870368,-73.9448625,40.72084,-73.94844,member
426981,83BD69E37B03E50D,classic_bike,2021-09-12 19:28:03,2021-09-12 19:35:20,Scholes St & Manhattan Ave,5108,Manhattan Av & Leonard St,5442,40.70870368,-73.9448625,40.72084,-73.94844,casual
426985,F77FE44788D61BCA,classic_bike,2021-09-04 20:34:39,2021-09-04 20:43:46,Scholes St & Manhattan Ave,5108,Manhattan Av & Leonard St,5442,40.70870368,-73.9448625,40.72084,-73.94844,member
426994,66BE2D15FBBF9055,electric_bike,2021-09-03 14:27:51,2021-09-03 14:35:16,Scholes St & Manhattan Ave,5108,Manhattan Av & Leonard St,5442,40.70870368,-73.9448625,40.72084,-73.94844,casual
427007,EC0DA8CD997FBE15,classic_bike,2021-09-04 11:16:30,2021-09-04 11:25:13,Scholes St & Manhattan Ave,5108,Manhattan Av & Leonard St,5442,40.70870368,-73.9448625,40.72084,-73.94844,member
427010,AC5201007F4A9CDE,classic_bike,2021-09-06 14:26:27,2021-09-06 14:34:31,Scholes St & Manhattan Ave,5108,Manhattan Av & Leonard St,5442,40.70870368,-73.9448625,40.72084,-73.94844,casual
427019,BF6554607952B657,electric_bike,2021-09-16 10:23:38,2021-09-16 10:31:04,Bushwick Ave & Stagg St,5140,Manhattan Av & Leonard St,5442,40.709897,-73.94008,40.72084,-73.94844,member
427024,3E1EAD13DFE24B21,electric_bike,2021-09-02 18:27:27,2021-09-02 18:32:45,Scholes St & Manhattan Ave,5108,Manhattan Av & Leonard St,5442,40.70870368,-73.9448625,40.72084,-73.94844,casual
427036,71872F65B799A0F9,classic_bike,2021-09-30 15:12:06,2021-09-30 15:24:29,Scholes St & Manhattan Ave,5108,Manhattan Av & Leonard St,5442,40.70870368,-73.9448625,40.72084,-73.94844,member
427046,F637C2DC5A92F092,classic_bike,2021-09-11 16:11:14,2021-09-11 16:21:17,Hope St & Union Ave,5187,Manhattan Av & Leonard St,5442,40.71167351,-73.95141312,40.72084,-73.94844,casual
427083,8B97667EE46D5708,classic_bike,2021-09-06 15:23:56,2021-09-06 15:33:43,McGuinness Blvd & Eagle St,5977,Manhattan Av & Leonard St,5442,40.73555,-73.95284,40.72084,-73.94844,member
427100,C93A6AF929A34D0B,classic_bike,2021-09-06 12:12:13,2021-09-06 12:15:58,Union Ave & N 12 St,5411,Manhattan Av & Leonard St,5442,40.71924,-73.95242,40.72084,-73.94844,member
427120,103A0C0CBE0DF149,classic_bike,2021-09-04 09:30:19,2021-09-04 09:47:37,White St & Moore St,4987,Manhattan Av & Leonard St,5442,40.704508,-73.9351,40.72084,-73.94844,casual
427124,828A6559D0E30CEA,classic_bike,2021-09-02 09:46:59,2021-09-02 09:52:44,India St & Manhattan Ave,5826,Manhattan Av & Leonard St,5442,40.73232194,-73.9550858,40.72084,-73.94844,member
427133,63644E3C67D9D847,classic_bike,2021-09-15 17:18:42,2021-09-15 17:24:29,India St & Manhattan Ave,5826,Manhattan Av & Leonard St,5442,40.73232194,-73.9550858,40.72084,-73.94844,casual
427141,0E80E25438DDFC22,classic_bike,2021-09-07 18:10:28,2021-09-07 18:20:18,India St & Manhattan Ave,5826,Manhattan Av & Leonard St,5442,40.73232194,-73.9550858,40.72084,-73.94844,casual
427152,D32E179EB3449F6F,classic_bike,2021-09-04 18:32:06,2021-09-04 18:41:27,Frost St & Debevoise Ave,5433,Manhattan Av & Leonard St,5442,40.71882,-73.93948,40.72084,-73.94844,casual
427154,34FFE855539CF13A,classic_bike,2021-09-07 18:11:30,2021-09-07 18:20:26,India St & Manhattan Ave,5826,Manhattan Av & Leonard St,5442,40.73232194,-73.9550858,40.72084,-73.94844,casual
427172,064691EEBEA62D6E,classic_bike,2021-09-12 21:27:54,2021-09-12 21:35:54,India St & Manhattan Ave,5826,Manhattan Av & Leonard St,5442,40.73232194,-73.9550858,40.72084,-73.94844,casual
427173,67DD140E69E8482D,classic_bike,2021-09-12 14:01:42,2021-09-12 14:22:19,Suydam St & Knickerbocker Ave,4939,Manhattan Av & Leonard St,5442,40.702013,-73.923769,40.72084,-73.94844,casual
427204,FB4A305557172744,classic_bike,2021-09-03 11:19:24,2021-09-03 11:28:17,India St & Manhattan Ave,5826,Manhattan Av & Leonard St,5442,40.73232194,-73.9550858,40.72084,-73.94844,casual
427229,2781B32981838033,classic_bike,2021-09-27 17:28:25,2021-09-27 17:35:19,India St & Manhattan Ave,5826,Manhattan Av & Leonard St,5442,40.73232194,-73.9550858,40.72084,-73.94844,member
427234,FE031FDAA3F680B1,classic_bike,2021-09-17 18:31:00,2021-09-17 18:35:01,Driggs Ave & N Henry St,5542,Manhattan Av & Leonard St,5442,40.72325,-73.94308,40.72084,-73.94844,casual
427256,065F2766A00821D1,classic_bike,2021-09-26 11:53:17,2021-09-26 12:01:48,S 4 St & Wythe Ave,5204,Manhattan Av & Leonard St,5442,40.71285887,-73.96590294,40.72084,-73.94844,member
427265,E0E3690764589F2A,classic_bike,2021-09-27 17:55:01,2021-09-27 18:01:36,Sharon St & Olive St,5323,Manhattan Av & Leonard St,5442,40.715353,-73.93856,40.72084,-73.94844,casual
427278,31EAD2AD7FBAF898,classic_bike,2021-09-02 13:06:36,2021-09-02 13:08:20,Leonard St & Nassau Ave,5550,Manhattan Av & Leonard St,5442,40.7239567849954,-73.94984364509583,40.72084,-73.94844,member
427309,F64074037949DF8B,classic_bike,2021-09-03 15:18:17,2021-09-03 15:58:36,Rivington St & Chrystie St,5453,Manhattan Av & Leonard St,5442,40.72110063,-73.9919254,40.72084,-73.94844,member
427321,B831FBB7174F6109,classic_bike,2021-09-18 19:33:11,2021-09-18 19:51:08,Bayard St & Leonard St,5442,Suydam St & St. Nicholas Ave,5043,40.71915571696044,-73.94885390996933,40.70636,-73.91945,member
427322,4827847C5F4AC984,classic_bike,2021-09-12 12:32:52,2021-09-12 12:37:45,Bayard St & Leonard St,5442,Graham Ave & Withers St,5403,40.71915571696044,-73.94885390996933,40.7169811,-73.94485918,member
427330,FE0738565869A845,classic_bike,2021-09-11 11:23:36,2021-09-11 12:01:31,E 78 St & 2 Ave,7057,Manhattan Av & Leonard St,5442,40.7727966,-73.95577801,40.72084,-73.94844,member
427342,40FD73416EC5C215,classic_bike,2021-09-05 14:51:35,2021-09-05 14:56:52,Withers St & Kingsland Ave,5362,Manhattan Av & Leonard St,5442,40.71773,-73.94051,40.72084,-73.94844,member
427343,8C16A9A1F24DFF3F,classic_bike,2021-09-04 12:06:07,2021-09-04 12:11:23,Withers St & Kingsland Ave,5362,Manhattan Av & Leonard St,5442,40.71773,-73.94051,40.72084,-73.94844,member
427349,288E91AB4FB04624,classic_bike,2021-09-17 18:40:29,2021-09-17 19:09:35,DeKalb Ave & Franklin Ave,4528,Manhattan Av & Leonard St,5442,40.69064807082943,-73.95746178925037,40.72084,-73.94844,casual
427350,9B0E44A4A1737DD6,classic_bike,2021-09-22 13:21:19,2021-09-22 13:38:55,DeKalb Ave & Franklin Ave,4528,Manhattan Av & Leonard St,5442,40.69064807082943,-73.95746178925037,40.72084,-73.94844,casual
427353,A4779D284446B58E,classic_bike,2021-09-18 01:41:48,2021-09-18 01:51:55,Bushwick Ave & Forrest St,4914,Manhattan Av & Leonard St,5442,40.70076,-73.93641,40.72084,-73.94844,member
427385,06B3333B042871FB,electric_bike,2021-09-04 14:45:47,2021-09-04 15:12:05,E 2 St & 2 Ave,5593,Manhattan Av & Leonard St,5442,40.72502876,-73.99069656,40.72084,-73.94844,casual
427430,5226FBCA12C5499F,classic_bike,2021-09-23 09:51:31,2021-09-23 09:55:58,Graham Ave & Withers St,5403,Manhattan Av & Leonard St,5442,40.7169811,-73.94485918,40.72084,-73.94844,member
427442,8BEFBD1DC2859A3C,classic_bike,2021-09-24 13:58:28,2021-09-24 14:17:24,Manhattan Av & Leonard St,5442,Manhattan Av & Leonard St,5442,40.72084,-73.94844,40.72084,-73.94844,casual
427503,2A4F9B5B02BD1D2C,classic_bike,2021-09-29 08:43:14,2021-09-29 08:47:19,Lorimer St & Calyer St,5709,Manhattan Av & Leonard St,5442,40.72795,-73.95414,40.72084,-73.94844,member
427571,76E962D0C06AB940,classic_bike,2021-09-05 15:54:12,2021-09-05 15:56:39,Nassau Ave & Newell St,5623,Manhattan Av & Leonard St,5442,40.724812564400175,-73.94752621650696,40.72084,-73.94844,member
427617,895BFED209CCAD6C,classic_bike,2021-09-04 14:33:15,2021-09-04 14:38:20,Kent Ave & N 7 St,5489,Manhattan Av & Leonard St,5442,40.72036775298455,-73.96165072917938,40.72084,-73.94844,member
427638,C4531596B61C6747,classic_bike,2021-09-07 20:28:56,2021-09-07 20:52:09,Beaver St & Fayette St,4840,Manhattan Av & Leonard St,5442,40.70099,-73.93921,40.72084,-73.94844,member
427641,CA13414A1E3ED919,classic_bike,2021-09-14 18:24:22,2021-09-14 18:30:57,Graham Ave & Grand St,5178,Manhattan Av & Leonard St,5442,40.711863,-73.944024,40.72084,-73.94844,member
427685,5B89E801FCD08989,classic_bike,2021-09-03 19:26:05,2021-09-03 19:39:02,47 Ave & 31 St,6151,Manhattan Av & Leonard St,5442,40.743,-73.93561,40.72084,-73.94844,member
427690,C56684423B8F68F3,classic_bike,2021-09-12 08:54:23,2021-09-12 08:58:16,Driggs Ave & N 9 St,5411,Manhattan Av & Leonard St,5442,40.71816969454208,-73.95520135760307,40.72084,-73.94844,member
427698,9B3393144AFA39AB,classic_bike,2021-09-30 18:05:43,2021-09-30 18:10:21,Driggs Ave & N 9 St,5411,Manhattan Av & Leonard St,5442,40.71816969454208,-73.95520135760307,40.72084,-73.94844,casual
427706,73F1083555AB9ED6,classic_bike,2021-09-18 15:31:33,2021-09-18 15:43:07,Kingsland Ave & Nassau Ave,5613,Manhattan Av & Leonard St,5442,40.72577,-73.94173,40.72084,-73.94844,casual
427735,8CB3F339F4D29848,classic_bike,2021-09-30 09:55:32,2021-09-30 10:04:35,Scholes St & Manhattan Ave,5108,Manhattan Av & Leonard St,5442,40.70870368,-73.9448625,40.72084,-73.94844,member
427767,C9D8115FF612215F,classic_bike,2021-09-26 20:52:19,2021-09-26 21:01:53,India St & Manhattan Ave,5826,Manhattan Av & Leonard St,5442,40.73232194,-73.9550858,40.72084,-73.94844,member
427768,CA3773F3987A7976,classic_bike,2021-09-30 23:20:39,2021-09-30 23:26:42,India St & Manhattan Ave,5826,Manhattan Av & Leonard St,5442,40.73232194,-73.9550858,40.72084,-73.94844,casual
427809,7F55F3217DD505F5,classic_bike,2021-09-18 19:35:04,2021-09-18 19:45:55,Metropolitan Ave & Bedford Ave,5308,Manhattan Av & Leonard St,5442,40.71534825,-73.96024116,40.72084,-73.94844,member
427817,90E003FF2A7B8E3A,classic_bike,2021-09-07 18:12:08,2021-09-07 18:27:36,Suydam St & Knickerbocker Ave,4939,Manhattan Av & Leonard St,5442,40.702013,-73.923769,40.72084,-73.94844,member
427834,8CEF635F9331990F,classic_bike,2021-09-13 18:00:02,2021-09-13 18:10:41,McGuinness Blvd & Eagle St,5977,Manhattan Av & Leonard St,5442,40.73555,-73.95284,40.72084,-73.94844,member
427837,B7D83872527399A1,classic_bike,2021-09-21 12:04:37,2021-09-21 12:06:17,Leonard St & Nassau Ave,5550,Manhattan Av & Leonard St,5442,40.7239567849954,-73.94984364509583,40.72084,-73.94844,member
427896,76A24EA05B52FF05,classic_bike,2021-09-10 18:40:06,2021-09-10 18:48:45,McGuinness Blvd & Eagle St,5977,Manhattan Av & Leonard St,5442,40.73555,-73.95284,40.72084,-73.94844,casual
427901,C96089ABD1079D9D,classic_bike,2021-09-29 18:22:51,2021-09-29 18:35:13,Beaver St & Fayette St,4840,Manhattan Av & Leonard St,5442,40.70099,-73.93921,40.72084,-73.94844,casual
427903,DF34FBFEA90EA2D1,classic_bike,2021-09-26 15:14:13,2021-09-26 15:17:00,Bedford Ave & Nassau Ave,5550,Manhattan Av & Leonard St,5442,40.72311651,-73.95212324,40.72084,-73.94844,member
427905,3AF0E6980C30D616,classic_bike,2021-09-17 23:08:56,2021-09-17 23:11:45,Bedford Ave & Nassau Ave,5550,Manhattan Av & Leonard St,5442,40.72311651,-73.95212324,40.72084,-73.94844,member
427906,11F3C9E55EBF1AF1,classic_bike,2021-09-03 00:41:16,2021-09-03 00:46:10,Bedford Ave & Nassau Ave,5550,Manhattan Av & Leonard St,5442,40.72311651,-73.95212324,40.72084,-73.94844,member
427938,764E5E3EB6A64B23,classic_bike,2021-09-28 18:30:30,2021-09-28 18:35:39,Graham Ave & Conselyea St,5291,Manhattan Av & Leonard St,5442,40.715143,-73.944507,40.72084,-73.94844,member
427943,88E63C580564EB84,classic_bike,2021-09-12 11:55:18,2021-09-12 12:22:04,31 Ave & Crescent St,6893,Manhattan Av & Leonard St,5442,40.7658346,-73.9265474,40.72084,-73.94844,casual
427955,088B457B4492081D,classic_bike,2021-09-01 11:51:18,2021-09-01 11:58:08,S 5 Pl & S 5 St,5125,Manhattan Av & Leonard St,5442,40.710451,-73.960876,40.72084,-73.94844,member
427961,86F1174D7F83E70B,classic_bike,2021-09-19 15:14:48,2021-09-19 15:32:30,Scholes St & Manhattan Ave,5108,Manhattan Av & Leonard St,5442,40.70870368,-73.9448625,40.72084,-73.94844,casual
427999,C670A16108B9EDCB,classic_bike,2021-09-02 14:32:02,2021-09-02 14:33:21,Engert Ave & McGuinness Blvd,5473,Manhattan Av & Leonard St,5442,40.72158,-73.94546,40.72084,-73.94844,member
428007,40061F29C015646B,electric_bike,2021-09-20 13:22:24,2021-09-20 13:58:33,Ditmars Blvd & 76 St,6927,Manhattan Av & Leonard St,5442,40.768442,-73.893531,40.72084,-73.94844,member
428036,DF908ECDED0FE4F3,classic_bike,2021-09-16 13:05:32,2021-09-16 13:08:08,Bedford Ave & Nassau Ave,5550,Manhattan Av & Leonard St,5442,40.72311651,-73.95212324,40.72084,-73.94844,member
428037,23BD6B40ACC7BBB7,electric_bike,2021-09-12 15:06:22,2021-09-12 15:46:05,Fulton St & Waverly Ave,4345,Manhattan Av & Leonard St,5442,40.68323865460341,-73.96599590778351,40.72084,-73.94844,member
428039,F60EC94E6D1C6A8C,classic_bike,2021-09-04 11:28:10,2021-09-04 11:52:54,Meserole Ave & Manhattan Ave,5666,Manhattan Av & Leonard St,5442,40.72708584,-73.95299117,40.72084,-73.94844,casual
428055,2790D28A471895FA,classic_bike,2021-09-14 18:15:54,2021-09-14 18:24:26,Engert Ave & McGuinness Blvd,5473,Manhattan Av & Leonard St,5442,40.72158,-73.94546,40.72084,-73.94844,member
428062,C6764E46DE179D8C,classic_bike,2021-09-03 14:27:50,2021-09-03 14:29:39,Engert Ave & McGuinness Blvd,5473,Manhattan Av & Leonard St,5442,40.72158,-73.94546,40.72084,-73.94844,member
428087,7948C48A4CEAB035,classic_bike,2021-09-03 16:14:12,2021-09-03 16:31:10,White St & Moore St,4987,Manhattan Av & Leonard St,5442,40.704508,-73.9351,40.72084,-73.94844,member
428138,5615D3B9B5AFA22A,classic_bike,2021-09-15 22:47:47,2021-09-15 22:52:40,Nassau Ave & Newell St,5623,Manhattan Av & Leonard St,5442,40.724812564400175,-73.94752621650696,40.72084,-73.94844,member
432705,27E51AFE88493BB4,electric_bike,2021-09-18 17:44:08,2021-09-18 18:14:50,Manhattan Av & Leonard St,5442,24 Ave & 29 St,7119,40.72084,-73.94844,40.7729,-73.916142,member
438229,B941D303289C1A5F,classic_bike,2021-09-03 10:48:44,2021-09-03 11:14:54,Bayard St & Leonard St,5442,Washington Ave & Park Ave,4724,40.71915571696044,-73.94885390996933,40.69610226,-73.96751037,casual
451008,35BD579836A6C436,electric_bike,2021-09-09 20:41:42,2021-09-09 21:40:42,Bayard St & Leonard St,5442,Richards St & Delavan St,4202,40.71915571696044,-73.94885390996933,40.6794327,-74.00785041,casual
457923,98916FD65D084542,classic_bike,2021-09-16 17:38:25,2021-09-16 18:00:37,Bayard St & Leonard St,5442,Bushwick Ave & Harman St,4640,40.71915571696044,-73.94885390996933,40.69356,-73.92524,member
458940,FB1A819F0EB15802,classic_bike,2021-09-22 23:58:54,2021-09-23 00:14:57,Manhattan Av & Leonard St,5442,Bushwick Ave & Harman St,4640,40.72084,-73.94844,40.69356,-73.92524,member
460572,04512AA94CC7A8F8,classic_bike,2021-09-01 00:18:15,2021-09-01 00:34:17,Bayard St & Leonard St,5442,Bushwick Ave & Harman St,4640,40.71915571696044,-73.94885390996933,40.69356,-73.92524,member
460578,4C220D6274974796,classic_bike,2021-09-04 12:17:11,2021-09-04 12:49:16,Bayard St & Leonard St,5442,Front St & Washington St,4936,40.71915571696044,-73.94885390996933,40.70255088,-73.98940236,member
465253,70CA8CE8DF8A49FF,electric_bike,2021-09-02 12:02:12,2021-09-02 12:18:31,Manhattan Av & Leonard St,5442,Greene Ave & Grandview Ave,5106,40.72084,-73.94844,40.709697,-73.907856,member
465256,9BB1BE9143E800D5,classic_bike,2021-09-09 20:33:41,2021-09-09 20:53:42,Manhattan Av & Leonard St,5442,Greene Ave & Grandview Ave,5106,40.72084,-73.94844,40.709697,-73.907856,member
467973,BE609CACC6DCE2ED,classic_bike,2021-09-24 13:05:24,2021-09-24 13:37:18,Bayard St & Leonard St,5442,Bushwick Ave & Harman St,4640,40.71915571696044,-73.94885390996933,40.69356,-73.92524,member
467994,DC24CBBEF5AFA5C6,classic_bike,2021-09-14 08:03:58,2021-09-14 08:24:11,Bayard St & Leonard St,5442,Bushwick Ave & Harman St,4640,40.71915571696044,-73.94885390996933,40.69356,-73.92524,member
468015,FB09EC67065036FF,classic_bike,2021-09-20 19:08:57,2021-09-20 19:32:24,Bayard St & Leonard St,5442,Bushwick Ave & Harman St,4640,40.71915571696044,-73.94885390996933,40.69356,-73.92524,member
468018,6AA94AC5FF4C08B3,electric_bike,2021-09-24 17:19:25,2021-09-24 17:33:18,Bayard St & Leonard St,5442,Jefferson St & Cypress Ave,5082,40.71915571696044,-73.94885390996933,40.70907,-73.92157,member
468025,E5E8355823C5E29A,classic_bike,2021-09-14 08:04:07,2021-09-14 08:24:48,Bayard St & Leonard St,5442,Bushwick Ave & Harman St,4640,40.71915571696044,-73.94885390996933,40.69356,-73.92524,casual
468131,5D3DE9E36660148B,classic_bike,2021-09-22 14:41:11,2021-09-22 15:04:22,Bayard St & Leonard St,5442,Front St & Washington St,4936,40.71915571696044,-73.94885390996933,40.70255088,-73.98940236,casual
468167,6A3DB0DD0B721926,electric_bike,2021-09-17 17:04:50,2021-09-17 17:32:45,Bayard St & Leonard St,5442,Front St & Washington St,4936,40.71915571696044,-73.94885390996933,40.70255088,-73.98940236,member
468171,7D6997BA73968775,electric_bike,2021-09-23 09:40:46,2021-09-23 10:08:38,Bayard St & Leonard St,5442,Front St & Washington St,4936,40.71915571696044,-73.94885390996933,40.70255088,-73.98940236,casual
468905,D7FA13BDB8352E74,classic_bike,2021-09-02 22:16:54,2021-09-02 22:40:59,Bayard St & Leonard St,5442,Bushwick Ave & Harman St,4640,40.71915571696044,-73.94885390996933,40.69356,-73.92524,member
470892,0D7AD787F71BF3F4,electric_bike,2021-09-07 21:41:28,2021-09-07 21:55:11,Manhattan Av & Leonard St,5442,Jefferson St & Cypress Ave,5082,40.72084,-73.94844,40.70907,-73.92157,casual
471634,1C07E72257F49A27,classic_bike,2021-09-17 03:11:39,2021-09-17 03:27:14,Manhattan Av & Leonard St,5442,Bushwick Ave & Harman St,4640,40.72084,-73.94844,40.69356,-73.92524,member
472811,A716B83287AF9777,classic_bike,2021-09-18 15:39:50,2021-09-18 18:24:52,Manhattan Av & Leonard St,5442,Driggs Ave & N Henry St,5542,40.72084,-73.94844,40.72325,-73.94308,casual
475289,47C718DF62FFE152,classic_bike,2021-09-03 22:08:10,2021-09-03 22:15:01,Manhattan Av & Leonard St,5442,Leonard St & Maujer St,5148,40.72084,-73.94844,40.7103685423523,-73.94705951213837,member
475295,7E588E445D4C12B4,classic_bike,2021-09-25 12:30:47,2021-09-25 12:40:32,Manhattan Av & Leonard St,5442,Leonard St & Maujer St,5148,40.72084,-73.94844,40.7103685423523,-73.94705951213837,casual
475310,790DFAC91D1E9421,classic_bike,2021-09-26 06:39:29,2021-09-26 06:46:21,Manhattan Av & Leonard St,5442,Leonard St & Maujer St,5148,40.72084,-73.94844,40.7103685423523,-73.94705951213837,member
475878,9F851216B2F744AC,classic_bike,2021-09-24 19:43:54,2021-09-24 19:50:04,Bayard St & Leonard St,5442,Leonard St & Maujer St,5148,40.71915571696044,-73.94885390996933,40.7103685423523,-73.94705951213837,member
475898,10C78C2270CC9FAC,classic_bike,2021-09-25 13:09:32,2021-09-25 13:15:07,Bayard St & Leonard St,5442,Leonard St & Maujer St,5148,40.71915571696044,-73.94885390996933,40.7103685423523,-73.94705951213837,member
475899,2BB1B3AA2FC11570,classic_bike,2021-09-29 18:47:16,2021-09-29 18:55:18,Bayard St & Leonard St,5442,Leonard St & Maujer St,5148,40.71915571696044,-73.94885390996933,40.7103685423523,-73.94705951213837,member
475902,A594BEA54CB9B5BC,classic_bike,2021-09-06 12:43:14,2021-09-06 12:46:58,Bayard St & Leonard St,5442,Driggs Ave & N Henry St,5542,40.71915571696044,-73.94885390996933,40.72325,-73.94308,casual
475926,770D4FA55D581D0D,classic_bike,2021-09-20 15:00:36,2021-09-20 15:06:35,Bayard St & Leonard St,5442,Leonard St & Maujer St,5148,40.71915571696044,-73.94885390996933,40.7103685423523,-73.94705951213837,member
475927,C6AF878EE24E274D,classic_bike,2021-09-21 17:39:53,2021-09-21 17:45:09,Bayard St & Leonard St,5442,Leonard St & Maujer St,5148,40.71915571696044,-73.94885390996933,40.7103685423523,-73.94705951213837,member
475930,060023A085B59C80,classic_bike,2021-09-23 12:24:45,2021-09-23 12:33:48,Bayard St & Leonard St,5442,Driggs Ave & N Henry St,5542,40.71915571696044,-73.94885390996933,40.72325,-73.94308,member
475931,212644D0B986F22C,classic_bike,2021-09-27 12:31:28,2021-09-27 13:04:19,Bayard St & Leonard St,5442,Driggs Ave & N Henry St,5542,40.71915571696044,-73.94885390996933,40.72325,-73.94308,member
475946,ACEE6EE6FE20008E,classic_bike,2021-09-14 10:48:52,2021-09-14 10:55:01,Bayard St & Leonard St,5442,Driggs Ave & N Henry St,5542,40.71915571696044,-73.94885390996933,40.72325,-73.94308,member
475947,6E35DF63831028D3,classic_bike,2021-09-22 18:20:53,2021-09-22 18:26:28,Bayard St & Leonard St,5442,Leonard St & Maujer St,5148,40.71915571696044,-73.94885390996933,40.7103685423523,-73.94705951213837,member
475949,E20C4218A899C62F,classic_bike,2021-09-21 19:43:58,2021-09-21 19:51:01,Bayard St & Leonard St,5442,Leonard St & Maujer St,5148,40.71915571696044,-73.94885390996933,40.7103685423523,-73.94705951213837,member
475951,B814A201A0625447,classic_bike,2021-09-15 07:52:55,2021-09-15 07:57:59,Bayard St & Leonard St,5442,Leonard St & Maujer St,5148,40.71915571696044,-73.94885390996933,40.7103685423523,-73.94705951213837,member
475952,95B350309B3152BC,classic_bike,2021-09-20 16:47:35,2021-09-20 16:51:56,Bayard St & Leonard St,5442,Driggs Ave & N Henry St,5542,40.71915571696044,-73.94885390996933,40.72325,-73.94308,member
475953,9899D42CB49D55C8,classic_bike,2021-09-19 14:17:49,2021-09-19 14:25:51,Bayard St & Leonard St,5442,Leonard St & Maujer St,5148,40.71915571696044,-73.94885390996933,40.7103685423523,-73.94705951213837,member
475954,BC0E219EF001265A,classic_bike,2021-09-25 11:14:18,2021-09-25 11:18:25,Bayard St & Leonard St,5442,Leonard St & Maujer St,5148,40.71915571696044,-73.94885390996933,40.7103685423523,-73.94705951213837,member
475955,BD1DB1CB627F6BBB,classic_bike,2021-09-24 20:09:12,2021-09-24 20:13:50,Bayard St & Leonard St,5442,Leonard St & Maujer St,5148,40.71915571696044,-73.94885390996933,40.7103685423523,-73.94705951213837,member
475956,103D2B3803C03E03,classic_bike,2021-09-13 16:23:17,2021-09-13 16:30:34,Bayard St & Leonard St,5442,Leonard St & Maujer St,5148,40.71915571696044,-73.94885390996933,40.7103685423523,-73.94705951213837,member
475962,A617A1F8800DCC13,classic_bike,2021-09-11 11:14:03,2021-09-11 11:18:25,Bayard St & Leonard St,5442,Leonard St & Maujer St,5148,40.71915571696044,-73.94885390996933,40.7103685423523,-73.94705951213837,member
476332,F35807B518BC7A39,classic_bike,2021-09-24 14:04:37,2021-09-24 14:10:33,Bayard St & Leonard St,5442,Driggs Ave & N Henry St,5542,40.71915571696044,-73.94885390996933,40.72325,-73.94308,casual
476344,93EEFDA8C291B0C4,classic_bike,2021-09-20 21:28:03,2021-09-20 21:33:38,Bayard St & Leonard St,5442,Leonard St & Maujer St,5148,40.71915571696044,-73.94885390996933,40.7103685423523,-73.94705951213837,member
476345,D96FAD64FE1F9BE8,classic_bike,2021-09-17 21:16:18,2021-09-17 21:24:43,Bayard St & Leonard St,5442,Leonard St & Maujer St,5148,40.71915571696044,-73.94885390996933,40.7103685423523,-73.94705951213837,member
476346,C16BD2099D000790,classic_bike,2021-09-19 12:11:41,2021-09-19 12:17:08,Bayard St & Leonard St,5442,Driggs Ave & N Henry St,5542,40.71915571696044,-73.94885390996933,40.72325,-73.94308,member
476347,6998C50EC708A67A,classic_bike,2021-09-14 08:01:48,2021-09-14 08:20:26,Bayard St & Leonard St,5442,Bushwick Ave & Linden St,4600,40.71915571696044,-73.94885390996933,40.69146,-73.92146,casual
476348,925EEC255CF54289,classic_bike,2021-09-24 12:54:11,2021-09-24 13:02:12,Bayard St & Leonard St,5442,Driggs Ave & N Henry St,5542,40.71915571696044,-73.94885390996933,40.72325,-73.94308,member
476364,2849FDFB09E8E9EA,classic_bike,2021-09-28 17:06:33,2021-09-28 17:11:37,Bayard St & Leonard St,5442,Driggs Ave & N Henry St,5542,40.71915571696044,-73.94885390996933,40.72325,-73.94308,member
476366,16519BEFA8F0360D,classic_bike,2021-09-21 08:51:23,2021-09-21 09:01:48,Bayard St & Leonard St,5442,Leonard St & Maujer St,5148,40.71915571696044,-73.94885390996933,40.7103685423523,-73.94705951213837,member
476370,A1103CC207702003,classic_bike,2021-09-05 11:05:35,2021-09-05 11:09:10,Bayard St & Leonard St,5442,Driggs Ave & N Henry St,5542,40.71915571696044,-73.94885390996933,40.72325,-73.94308,casual
476883,DDAFCB12465828ED,classic_bike,2021-09-30 23:04:34,2021-09-30 23:10:43,Manhattan Av & Leonard St,5442,Leonard St & Maujer St,5148,40.72084,-73.94844,40.7103685423523,-73.94705951213837,member
476894,7537ED979BDCC2AC,classic_bike,2021-09-18 10:25:21,2021-09-18 10:32:06,Manhattan Av & Leonard St,5442,Leonard St & Maujer St,5148,40.72084,-73.94844,40.7103685423523,-73.94705951213837,member
476924,15F045A17A4FFC87,electric_bike,2021-09-25 12:32:14,2021-09-25 12:40:52,Manhattan Av & Leonard St,5442,Leonard St & Maujer St,5148,40.72084,-73.94844,40.7103685423523,-73.94705951213837,casual
477364,A86F4C852EEF143F,classic_bike,2021-09-15 06:34:42,2021-09-15 06:39:36,Bayard St & Leonard St,5442,Driggs Ave & N Henry St,5542,40.71915571696044,-73.94885390996933,40.72325,-73.94308,member
477365,D877089318B2A195,classic_bike,2021-09-05 18:14:28,2021-09-05 18:20:42,Bayard St & Leonard St,5442,Leonard St & Maujer St,5148,40.71915571696044,-73.94885390996933,40.7103685423523,-73.94705951213837,member
477366,698D7984AB2624AF,classic_bike,2021-09-30 20:11:14,2021-09-30 20:16:36,Bayard St & Leonard St,5442,Leonard St & Maujer St,5148,40.71915571696044,-73.94885390996933,40.7103685423523,-73.94705951213837,member
477368,F51ACDEA9CD0601E,classic_bike,2021-09-03 19:17:13,2021-09-03 19:25:17,Bayard St & Leonard St,5442,Leonard St & Maujer St,5148,40.71915571696044,-73.94885390996933,40.7103685423523,-73.94705951213837,casual
478742,16E2ADD8B58E4B22,classic_bike,2021-09-07 21:42:37,2021-09-07 21:51:06,Manhattan Av & Leonard St,5442,Driggs Ave & N Henry St,5542,40.72084,-73.94844,40.72325,-73.94308,casual
478744,3D897866705835C8,classic_bike,2021-09-13 12:56:17,2021-09-13 13:02:09,Manhattan Av & Leonard St,5442,Driggs Ave & N Henry St,5542,40.72084,-73.94844,40.72325,-73.94308,member
478753,B6B7D8F58B8C61BA,classic_bike,2021-09-06 16:10:24,2021-09-06 16:23:36,Manhattan Av & Leonard St,5442,Leonard St & Maujer St,5148,40.72084,-73.94844,40.7103685423523,-73.94705951213837,member
478777,AC37AD996FA36012,classic_bike,2021-09-03 19:38:13,2021-09-03 19:44:29,Manhattan Av & Leonard St,5442,Leonard St & Maujer St,5148,40.72084,-73.94844,40.7103685423523,-73.94705951213837,member
478778,647365B8647BD56B,classic_bike,2021-09-06 12:40:09,2021-09-06 12:45:25,Manhattan Av & Leonard St,5442,Leonard St & Maujer St,5148,40.72084,-73.94844,40.7103685423523,-73.94705951213837,member
478795,ED0736320AABE3D3,electric_bike,2021-09-04 02:37:41,2021-09-04 02:54:32,Manhattan Av & Leonard St,5442,Fairview Ave & Linden St,5066,40.72084,-73.94844,40.70694,-73.90632,casual
478806,4A6C752370B25DBE,classic_bike,2021-09-08 20:46:57,2021-09-08 20:55:29,Manhattan Av & Leonard St,5442,Leonard St & Maujer St,5148,40.72084,-73.94844,40.7103685423523,-73.94705951213837,member
478813,E65EE3A5AB5D3861,classic_bike,2021-09-28 21:11:40,2021-09-28 21:18:28,Manhattan Av & Leonard St,5442,Leonard St & Maujer St,5148,40.72084,-73.94844,40.7103685423523,-73.94705951213837,member
481804,9886B2AE83FE89F0,classic_bike,2021-09-20 20:14:56,2021-09-20 20:19:36,Bayard St & Leonard St,5442,Leonard St & Maujer St,5148,40.71915571696044,-73.94885390996933,40.7103685423523,-73.94705951213837,member
481805,672B5202C224BA5E,classic_bike,2021-09-18 11:13:16,2021-09-18 11:18:03,Bayard St & Leonard St,5442,Leonard St & Maujer St,5148,40.71915571696044,-73.94885390996933,40.7103685423523,-73.94705951213837,member
481814,5B58458BC1929ABE,classic_bike,2021-09-10 23:30:48,2021-09-10 23:34:21,Bayard St & Leonard St,5442,Driggs Ave & N Henry St,5542,40.71915571696044,-73.94885390996933,40.72325,-73.94308,member
481815,1266F8207BAEB20E,classic_bike,2021-09-11 08:55:37,2021-09-11 08:59:09,Bayard St & Leonard St,5442,Driggs Ave & N Henry St,5542,40.71915571696044,-73.94885390996933,40.72325,-73.94308,member
481821,E2B7D5415A241825,classic_bike,2021-09-17 23:17:41,2021-09-17 23:22:34,Bayard St & Leonard St,5442,Driggs Ave & N Henry St,5542,40.71915571696044,-73.94885390996933,40.72325,-73.94308,member
481823,7B8FE2859E7C38B5,classic_bike,2021-09-03 13:02:42,2021-09-03 13:09:56,Bayard St & Leonard St,5442,Driggs Ave & N Henry St,5542,40.71915571696044,-73.94885390996933,40.72325,-73.94308,member
481826,42E205FDBD375373,classic_bike,2021-09-24 18:07:15,2021-09-24 18:14:41,Bayard St & Leonard St,5442,Leonard St & Maujer St,5148,40.71915571696044,-73.94885390996933,40.7103685423523,-73.94705951213837,member
481827,F33C119122C1C824,classic_bike,2021-09-24 09:21:38,2021-09-24 09:27:35,Bayard St & Leonard St,5442,Leonard St & Maujer St,5148,40.71915571696044,-73.94885390996933,40.7103685423523,-73.94705951213837,member
481837,3CF5102CBE126DD7,classic_bike,2021-09-12 18:59:49,2021-09-12 19:05:54,Bayard St & Leonard St,5442,Driggs Ave & N Henry St,5542,40.71915571696044,-73.94885390996933,40.72325,-73.94308,casual
481840,8B123EEF22B53C7E,classic_bike,2021-09-22 16:24:30,2021-09-22 16:30:36,Bayard St & Leonard St,5442,Leonard St & Maujer St,5148,40.71915571696044,-73.94885390996933,40.7103685423523,-73.94705951213837,member
481843,04050252719A9BFA,classic_bike,2021-09-07 08:30:43,2021-09-07 08:35:52,Bayard St & Leonard St,5442,Leonard St & Maujer St,5148,40.71915571696044,-73.94885390996933,40.7103685423523,-73.94705951213837,member
481844,E225AA24F01CE3F7,classic_bike,2021-09-21 21:07:58,2021-09-21 21:13:45,Bayard St & Leonard St,5442,Leonard St & Maujer St,5148,40.71915571696044,-73.94885390996933,40.7103685423523,-73.94705951213837,member
481845,3BF198B1A4D447DD,classic_bike,2021-09-08 20:23:59,2021-09-08 20:33:15,Bayard St & Leonard St,5442,Leonard St & Maujer St,5148,40.71915571696044,-73.94885390996933,40.7103685423523,-73.94705951213837,member
481847,F4F6F7327C135212,classic_bike,2021-09-28 20:26:07,2021-09-28 20:31:56,Bayard St & Leonard St,5442,Leonard St & Maujer St,5148,40.71915571696044,-73.94885390996933,40.7103685423523,-73.94705951213837,member
481848,0E108B07166E78E6,classic_bike,2021-09-29 16:22:50,2021-09-29 16:28:25,Bayard St & Leonard St,5442,Leonard St & Maujer St,5148,40.71915571696044,-73.94885390996933,40.7103685423523,-73.94705951213837,member
481851,5206CCBB7DE0121A,electric_bike,2021-09-14 23:08:45,2021-09-14 23:13:27,Bayard St & Leonard St,5442,Leonard St & Maujer St,5148,40.71915571696044,-73.94885390996933,40.7103685423523,-73.94705951213837,member
481852,F3C26DFBB615293B,electric_bike,2021-09-24 22:06:05,2021-09-24 22:10:43,Bayard St & Leonard St,5442,Leonard St & Maujer St,5148,40.71915571696044,-73.94885390996933,40.7103685423523,-73.94705951213837,member
481853,80F164931201BC0B,electric_bike,2021-09-29 19:39:40,2021-09-29 20:04:47,Bayard St & Leonard St,5442,Hudson St & W 13 St,6115,40.71915571696044,-73.94885390996933,40.74005708567285,-74.0052741765976,member
481854,5AEB5FEDB95423AF,classic_bike,2021-09-07 21:03:50,2021-09-07 21:10:49,Bayard St & Leonard St,5442,Leonard St & Maujer St,5148,40.71915571696044,-73.94885390996933,40.7103685423523,-73.94705951213837,member
481861,6174BBA3BA6B030F,classic_bike,2021-09-07 10:58:22,2021-09-07 11:03:08,Bayard St & Leonard St,5442,Driggs Ave & N Henry St,5542,40.71915571696044,-73.94885390996933,40.72325,-73.94308,casual
481864,B61A12EA06AEE460,classic_bike,2021-09-04 11:24:38,2021-09-04 11:48:56,Bayard St & Leonard St,5442,DeKalb Ave & Hudson Ave,4513,40.71915571696044,-73.94885390996933,40.689888,-73.981013,member
481865,98AA3AC0288F3B38,electric_bike,2021-09-28 20:09:06,2021-09-28 20:12:19,Bayard St & Leonard St,5442,Leonard St & Maujer St,5148,40.71915571696044,-73.94885390996933,40.7103685423523,-73.94705951213837,member
481866,1DE181390796C3DF,classic_bike,2021-09-27 20:18:21,2021-09-27 20:26:49,Bayard St & Leonard St,5442,Leonard St & Maujer St,5148,40.71915571696044,-73.94885390996933,40.7103685423523,-73.94705951213837,member
481873,EBF3119FA0E711A7,classic_bike,2021-09-04 11:18:59,2021-09-04 11:24:24,Bayard St & Leonard St,5442,Leonard St & Maujer St,5148,40.71915571696044,-73.94885390996933,40.7103685423523,-73.94705951213837,member
482020,5039EC5BDA0EFAE5,classic_bike,2021-09-23 15:25:12,2021-09-23 15:29:33,Bayard St & Leonard St,5442,Driggs Ave & N Henry St,5542,40.71915571696044,-73.94885390996933,40.72325,-73.94308,member
482073,08601A702AF77009,classic_bike,2021-09-09 19:55:16,2021-09-09 20:06:26,Bayard St & Leonard St,5442,Leonard St & Maujer St,5148,40.71915571696044,-73.94885390996933,40.7103685423523,-73.94705951213837,member
482074,E3EC8FD36E0F83CD,classic_bike,2021-09-11 17:10:24,2021-09-11 17:16:53,Bayard St & Leonard St,5442,Leonard St & Maujer St,5148,40.71915571696044,-73.94885390996933,40.7103685423523,-73.94705951213837,member
482076,0919E96239BA1CC9,classic_bike,2021-09-10 18:08:57,2021-09-10 18:16:45,Bayard St & Leonard St,5442,Leonard St & Maujer St,5148,40.71915571696044,-73.94885390996933,40.7103685423523,-73.94705951213837,casual
482078,11772E2FD1159579,classic_bike,2021-09-04 12:18:54,2021-09-04 12:22:58,Bayard St & Leonard St,5442,Driggs Ave & N Henry St,5542,40.71915571696044,-73.94885390996933,40.72325,-73.94308,casual
482080,D6C01663B1F48702,classic_bike,2021-09-15 20:30:26,2021-09-15 20:56:58,Bayard St & Leonard St,5442,Bushwick Ave & Linden St,4600,40.71915571696044,-73.94885390996933,40.69146,-73.92146,casual
482192,7F5919EE9D63E29F,classic_bike,2021-09-11 14:38:42,2021-09-11 14:45:30,Bayard St & Leonard St,5442,Leonard St & Maujer St,5148,40.71915571696044,-73.94885390996933,40.7103685423523,-73.94705951213837,member
482619,F158D7024C5D40B3,classic_bike,2021-09-05 10:45:56,2021-09-05 10:52:42,Bayard St & Leonard St,5442,Leonard St & Maujer St,5148,40.71915571696044,-73.94885390996933,40.7103685423523,-73.94705951213837,member
482621,AD2B6424598F8139,classic_bike,2021-09-12 23:36:50,2021-09-12 23:40:52,Bayard St & Leonard St,5442,Driggs Ave & N Henry St,5542,40.71915571696044,-73.94885390996933,40.72325,-73.94308,member
482623,22A5A005704952A7,classic_bike,2021-09-24 16:17:18,2021-09-24 16:22:48,Bayard St & Leonard St,5442,Leonard St & Maujer St,5148,40.71915571696044,-73.94885390996933,40.7103685423523,-73.94705951213837,member
482624,E7C6B6CB1B086A50,classic_bike,2021-09-25 23:15:55,2021-09-25 23:27:17,Bayard St & Leonard St,5442,Leonard St & Maujer St,5148,40.71915571696044,-73.94885390996933,40.7103685423523,-73.94705951213837,casual
482647,F66F355E95ED5A08,classic_bike,2021-09-18 13:35:30,2021-09-18 14:10:06,Bayard St & Leonard St,5442,DeKalb Ave & Hudson Ave,4513,40.71915571696044,-73.94885390996933,40.689888,-73.981013,casual
482648,8B35D23F2ECC2C0D,electric_bike,2021-09-14 11:32:28,2021-09-14 11:38:45,Bayard St & Leonard St,5442,Driggs Ave & N Henry St,5542,40.71915571696044,-73.94885390996933,40.72325,-73.94308,casual
483220,BEE887981238AFA7,classic_bike,2021-09-10 12:40:40,2021-09-10 13:01:42,Bayard St & Leonard St,5442,Driggs Ave & N Henry St,5542,40.71915571696044,-73.94885390996933,40.72325,-73.94308,member
483445,40112B59564ADF02,classic_bike,2021-09-12 03:26:03,2021-09-12 03:33:12,Manhattan Av & Leonard St,5442,Leonard St & Maujer St,5148,40.72084,-73.94844,40.7103685423523,-73.94705951213837,casual
483469,17B7145A50150D1A,classic_bike,2021-09-02 23:46:26,2021-09-02 23:52:25,Manhattan Av & Leonard St,5442,Leonard St & Maujer St,5148,40.72084,-73.94844,40.7103685423523,-73.94705951213837,casual
484612,93CC523289FB09C6,classic_bike,2021-09-09 22:47:32,2021-09-09 22:53:55,Manhattan Av & Leonard St,5442,Leonard St & Maujer St,5148,40.72084,-73.94844,40.7103685423523,-73.94705951213837,member
486130,BC8EF048FCCDBF10,classic_bike,2021-09-27 20:24:56,2021-09-27 20:31:39,Bayard St & Leonard St,5442,Leonard St & Maujer St,5148,40.71915571696044,-73.94885390996933,40.7103685423523,-73.94705951213837,member
486131,E39779FB8EF31259,classic_bike,2021-09-17 09:17:39,2021-09-17 09:26:41,Bayard St & Leonard St,5442,Driggs Ave & N Henry St,5542,40.71915571696044,-73.94885390996933,40.72325,-73.94308,member
486136,8DAA149CCE33EA9E,classic_bike,2021-09-05 19:29:25,2021-09-05 19:38:02,Bayard St & Leonard St,5442,Driggs Ave & N Henry St,5542,40.71915571696044,-73.94885390996933,40.72325,-73.94308,member
486139,4C9C0D439A9070F5,electric_bike,2021-09-11 01:26:02,2021-09-11 01:31:51,Bayard St & Leonard St,5442,Leonard St & Maujer St,5148,40.71915571696044,-73.94885390996933,40.7103685423523,-73.94705951213837,casual
486147,BE90B952EE340F91,electric_bike,2021-09-06 11:10:14,2021-09-06 11:15:55,Bayard St & Leonard St,5442,Leonard St & Maujer St,5148,40.71915571696044,-73.94885390996933,40.7103685423523,-73.94705951213837,casual
486815,9C1D43D5674C60E8,classic_bike,2021-09-08 20:48:50,2021-09-08 20:52:57,Bayard St & Leonard St,5442,Leonard St & Maujer St,5148,40.71915571696044,-73.94885390996933,40.7103685423523,-73.94705951213837,member
486818,CEAA6BAE4CA64C4E,classic_bike,2021-09-03 19:17:30,2021-09-03 19:25:22,Bayard St & Leonard St,5442,Leonard St & Maujer St,5148,40.71915571696044,-73.94885390996933,40.7103685423523,-73.94705951213837,casual
487468,3DD5EE1EBD6E64CE,classic_bike,2021-09-04 16:33:56,2021-09-04 16:39:38,Manhattan Av & Leonard St,5442,Leonard St & Maujer St,5148,40.72084,-73.94844,40.7103685423523,-73.94705951213837,member
487470,D971908F4A6B37D6,classic_bike,2021-09-06 19:28:58,2021-09-06 19:37:46,Manhattan Av & Leonard St,5442,Leonard St & Maujer St,5148,40.72084,-73.94844,40.7103685423523,-73.94705951213837,casual
487582,091D0E1BB94E4766,electric_bike,2021-09-13 10:51:49,2021-09-13 10:56:31,Bayard St & Leonard St,5442,Leonard St & Maujer St,5148,40.71915571696044,-73.94885390996933,40.7103685423523,-73.94705951213837,casual
488874,BE731ADCDEECB574,classic_bike,2021-09-17 07:28:41,2021-09-17 07:39:25,Bayard St & Leonard St,5442,Leonard St & Maujer St,5148,40.71915571696044,-73.94885390996933,40.7103685423523,-73.94705951213837,member
488875,07D134B513EDDC43,classic_bike,2021-09-18 20:06:53,2021-09-18 20:12:28,Bayard St & Leonard St,5442,Leonard St & Maujer St,5148,40.71915571696044,-73.94885390996933,40.7103685423523,-73.94705951213837,member
488885,90564E5978529869,electric_bike,2021-09-12 12:18:50,2021-09-12 12:25:00,Bayard St & Leonard St,5442,Leonard St & Maujer St,5148,40.71915571696044,-73.94885390996933,40.7103685423523,-73.94705951213837,member
488915,708A15AFFF52FBD1,classic_bike,2021-09-03 21:11:37,2021-09-03 21:16:10,Bayard St & Leonard St,5442,Driggs Ave & N Henry St,5542,40.71915571696044,-73.94885390996933,40.72325,-73.94308,member
488916,0D00C3632AF0D9B2,classic_bike,2021-09-21 20:15:10,2021-09-21 20:19:55,Bayard St & Leonard St,5442,Leonard St & Maujer St,5148,40.71915571696044,-73.94885390996933,40.7103685423523,-73.94705951213837,member
491798,D08F1FE7E7F7154F,classic_bike,2021-09-03 18:31:49,2021-09-03 18:35:24,Manhattan Av & Leonard St,5442,Nassau Ave & Newell St,5623,40.72084,-73.94844,40.724812564400175,-73.94752621650696,member
491800,7470E141C4AFCC2C,classic_bike,2021-09-12 12:51:14,2021-09-12 13:06:53,Manhattan Av & Leonard St,5442,45 Rd & 11 St,6319,40.72084,-73.94844,40.74708586,-73.94977234,member
493505,945BC097FAA40D3F,classic_bike,2021-09-22 19:19:05,2021-09-22 19:22:18,Manhattan Av & Leonard St,5442,Nassau Ave & Newell St,5623,40.72084,-73.94844,40.724812564400175,-73.94752621650696,member
495199,FF47FF1FC9778330,electric_bike,2021-09-13 10:48:52,2021-09-13 11:15:37,Bayard St & Leonard St,5442,Christopher St & Greenwich St,5847,40.71915571696044,-73.94885390996933,40.73291553,-74.00711384,member
499562,CFA86C735C6EA685,classic_bike,2021-09-22 07:46:47,2021-09-22 08:19:52,Manhattan Av & Leonard St,5442,Greenwich St & Hubert St,5470,40.72084,-73.94844,40.721319,-74.010065,member
504546,889A4C6EF7A22EA0,classic_bike,2021-09-02 15:46:22,2021-09-02 15:51:34,Bayard St & Leonard St,5442,Nassau Ave & Newell St,5623,40.71915571696044,-73.94885390996933,40.724812564400175,-73.94752621650696,member
504585,1DB38E815B366A15,classic_bike,2021-09-13 18:08:04,2021-09-13 18:24:21,Bayard St & Leonard St,5442,45 Rd & 11 St,6319,40.71915571696044,-73.94885390996933,40.74708586,-73.94977234,casual
504625,C65FC6AFCC4574C5,classic_bike,2021-09-26 01:31:28,2021-09-26 01:37:31,Bayard St & Leonard St,5442,Nassau Ave & Newell St,5623,40.71915571696044,-73.94885390996933,40.724812564400175,-73.94752621650696,casual
504642,D4907EC1BA333950,electric_bike,2021-09-18 12:45:04,2021-09-18 13:06:08,Bayard St & Leonard St,5442,Mercer St & Bleecker St,5679,40.71915571696044,-73.94885390996933,40.72706363348306,-73.99662137031554,member
505867,C07FB00533C8CDAB,electric_bike,2021-09-13 13:55:49,2021-09-13 14:13:20,Bayard St & Leonard St,5442,Mercer St & Bleecker St,5679,40.71915571696044,-73.94885390996933,40.72706363348306,-73.99662137031554,member
514619,55FD0465EB078587,classic_bike,2021-09-05 15:05:57,2021-09-05 15:09:34,Manhattan Av & Leonard St,5442,Nassau Ave & Newell St,5623,40.72084,-73.94844,40.724812564400175,-73.94752621650696,casual
525284,1A945A9219F3F151,electric_bike,2021-09-24 10:44:37,2021-09-24 11:01:09,Bayard St & Leonard St,5442,E 11 St & Avenue B,5659,40.71915571696044,-73.94885390996933,40.72746420692392,-73.97950418293476,casual
527411,CBFA5DF11A3C6A98,classic_bike,2021-09-25 10:06:13,2021-09-25 10:49:35,Bayard St & Leonard St,5442,Butler St & Court St,4339,40.71915571696044,-73.94885390996933,40.6849894,-73.99440329,casual
529994,884905E6F98307A3,docked_bike,2021-09-01 23:41:04,2021-09-01 23:51:28,Manhattan Av & Leonard St,5442,White St & Johnson Ave,5099,40.72084,-73.94844,40.707174,-73.93581,casual
531542,9969558738465F20,classic_bike,2021-09-08 15:02:27,2021-09-08 15:07:09,Bayard St & Leonard St,5442,Union Ave & N 12 St,5411,40.71915571696044,-73.94885390996933,40.71924,-73.95242,casual
531553,1D7070B6C6387F4E,electric_bike,2021-09-04 13:33:42,2021-09-04 13:55:08,Bayard St & Leonard St,5442,34 St & 38 Ave,6453,40.71915571696044,-73.94885390996933,40.752443,-73.929737,casual
531590,BF02D8D90822C68D,classic_bike,2021-09-18 15:27:17,2021-09-18 15:57:11,Bayard St & Leonard St,5442,Atlantic Ave & Fort Greene Pl,4354,40.71915571696044,-73.94885390996933,40.68382604,-73.97632328,casual
531592,47F34C0794F336DD,classic_bike,2021-09-04 11:10:24,2021-09-04 11:21:59,Bayard St & Leonard St,5442,Union Ave & N 12 St,5411,40.71915571696044,-73.94885390996933,40.71924,-73.95242,member
531598,3A51AB4E21156398,classic_bike,2021-09-18 13:29:50,2021-09-18 13:33:39,Bayard St & Leonard St,5442,Union Ave & N 12 St,5411,40.71915571696044,-73.94885390996933,40.71924,-73.95242,member
531606,EC0C91F68E68290C,classic_bike,2021-09-14 09:33:59,2021-09-14 09:35:08,Bayard St & Leonard St,5442,Union Ave & N 12 St,5411,40.71915571696044,-73.94885390996933,40.71924,-73.95242,member
531631,573D1C0D6ACF8191,classic_bike,2021-09-16 13:52:18,2021-09-16 13:54:11,Bayard St & Leonard St,5442,Union Ave & N 12 St,5411,40.71915571696044,-73.94885390996933,40.71924,-73.95242,member
531658,25D328DEE00D8104,classic_bike,2021-09-11 14:28:11,2021-09-11 14:29:44,Bayard St & Leonard St,5442,Union Ave & N 12 St,5411,40.71915571696044,-73.94885390996933,40.71924,-73.95242,member
532090,9F40D7E54B279845,classic_bike,2021-09-07 10:00:22,2021-09-07 10:02:28,Manhattan Av & Leonard St,5442,Union Ave & N 12 St,5411,40.72084,-73.94844,40.71924,-73.95242,member
533001,BF2C1192C9695AD7,classic_bike,2021-09-04 17:52:37,2021-09-04 18:02:44,Manhattan Av & Leonard St,5442,Union Ave & N 12 St,5411,40.72084,-73.94844,40.71924,-73.95242,member
533589,CAD8B6F4F8B7B4B3,classic_bike,2021-09-14 08:14:40,2021-09-14 08:16:08,Bayard St & Leonard St,5442,Union Ave & N 12 St,5411,40.71915571696044,-73.94885390996933,40.71924,-73.95242,member
533621,D982DD3B57E720D7,classic_bike,2021-09-07 09:09:33,2021-09-07 09:11:06,Bayard St & Leonard St,5442,Union Ave & N 12 St,5411,40.71915571696044,-73.94885390996933,40.71924,-73.95242,member
533624,A1EE214BE5303AFE,classic_bike,2021-09-10 17:14:04,2021-09-10 17:21:42,Bayard St & Leonard St,5442,Union Ave & N 12 St,5411,40.71915571696044,-73.94885390996933,40.71924,-73.95242,member
533625,FC8EB1D2BFB8BCED,classic_bike,2021-09-04 15:33:04,2021-09-04 15:51:21,Bayard St & Leonard St,5442,Union Ave & N 12 St,5411,40.71915571696044,-73.94885390996933,40.71924,-73.95242,member
533626,63DD072A1CD776F8,electric_bike,2021-09-07 07:03:21,2021-09-07 07:25:04,Bayard St & Leonard St,5442,Murray St & Greenwich St,5288,40.71915571696044,-73.94885390996933,40.71485150526252,-74.01122331619263,member
534660,65015909A5AD3518,classic_bike,2021-09-06 15:10:26,2021-09-06 15:11:55,Bayard St & Leonard St,5442,Union Ave & N 12 St,5411,40.71915571696044,-73.94885390996933,40.71924,-73.95242,member
534665,95FE7534E55D081F,electric_bike,2021-09-07 20:34:23,2021-09-07 20:36:04,Bayard St & Leonard St,5442,Union Ave & N 12 St,5411,40.71915571696044,-73.94885390996933,40.71924,-73.95242,member
534674,4F20E67C836D13EA,classic_bike,2021-09-24 16:10:30,2021-09-24 16:52:43,Bayard St & Leonard St,5442,Union Ave & N 12 St,5411,40.71915571696044,-73.94885390996933,40.71924,-73.95242,member
534682,5D1BB1F7B22CC3DC,classic_bike,2021-09-12 18:44:55,2021-09-12 18:47:02,Bayard St & Leonard St,5442,Union Ave & N 12 St,5411,40.71915571696044,-73.94885390996933,40.71924,-73.95242,member
534683,8F9629EC13325873,classic_bike,2021-09-08 09:28:07,2021-09-08 09:29:20,Bayard St & Leonard St,5442,Union Ave & N 12 St,5411,40.71915571696044,-73.94885390996933,40.71924,-73.95242,member
534685,4F79111D58228FA8,classic_bike,2021-09-12 10:55:46,2021-09-12 10:57:24,Bayard St & Leonard St,5442,Union Ave & N 12 St,5411,40.71915571696044,-73.94885390996933,40.71924,-73.95242,member
534708,640FF288769CC280,classic_bike,2021-09-11 12:10:38,2021-09-11 12:25:37,Bayard St & Leonard St,5442,Union Ave & N 12 St,5411,40.71915571696044,-73.94885390996933,40.71924,-73.95242,member
534709,EA7A7DFCB2BB87CA,classic_bike,2021-09-11 13:12:59,2021-09-11 13:25:30,Bayard St & Leonard St,5442,Union Ave & N 12 St,5411,40.71915571696044,-73.94885390996933,40.71924,-73.95242,member
534735,81D7597FD0CD1823,classic_bike,2021-09-04 11:49:22,2021-09-04 11:51:24,Bayard St & Leonard St,5442,Union Ave & N 12 St,5411,40.71915571696044,-73.94885390996933,40.71924,-73.95242,casual
534739,AE8287439DB8B18B,classic_bike,2021-09-05 09:01:11,2021-09-05 09:02:17,Bayard St & Leonard St,5442,Union Ave & N 12 St,5411,40.71915571696044,-73.94885390996933,40.71924,-73.95242,member
536801,47C86EA1EF0836F7,classic_bike,2021-09-08 19:53:13,2021-09-08 19:54:50,Bayard St & Leonard St,5442,Union Ave & N 12 St,5411,40.71915571696044,-73.94885390996933,40.71924,-73.95242,casual
541189,148DAC46EEF80FA9,classic_bike,2021-09-10 17:26:48,2021-09-10 17:29:08,Manhattan Av & Leonard St,5442,Union Ave & N 12 St,5411,40.72084,-73.94844,40.71924,-73.95242,member
541191,56E54394566A84B3,classic_bike,2021-09-17 17:48:44,2021-09-17 17:52:00,Manhattan Av & Leonard St,5442,Union Ave & N 12 St,5411,40.72084,-73.94844,40.71924,-73.95242,casual
541200,0B12D8FE77E52FD5,classic_bike,2021-09-29 10:05:05,2021-09-29 10:07:49,Manhattan Av & Leonard St,5442,Union Ave & N 12 St,5411,40.72084,-73.94844,40.71924,-73.95242,member
541211,3ADA31EB29182794,classic_bike,2021-09-19 13:04:53,2021-09-19 13:07:54,Manhattan Av & Leonard St,5442,Union Ave & N 12 St,5411,40.72084,-73.94844,40.71924,-73.95242,casual
541212,7999D2026BF20419,classic_bike,2021-09-02 16:27:46,2021-09-02 16:30:44,Manhattan Av & Leonard St,5442,Union Ave & N 12 St,5411,40.72084,-73.94844,40.71924,-73.95242,casual
541218,14218D94510C8A78,classic_bike,2021-09-14 09:05:25,2021-09-14 09:08:10,Manhattan Av & Leonard St,5442,Union Ave & N 12 St,5411,40.72084,-73.94844,40.71924,-73.95242,member
541222,CEC4B5CB26D6E21E,classic_bike,2021-09-06 20:19:31,2021-09-06 20:22:06,Manhattan Av & Leonard St,5442,Union Ave & N 12 St,5411,40.72084,-73.94844,40.71924,-73.95242,casual
541240,862E474D7A10E19F,classic_bike,2021-09-15 21:08:17,2021-09-15 21:11:02,Manhattan Av & Leonard St,5442,Union Ave & N 12 St,5411,40.72084,-73.94844,40.71924,-73.95242,member
541244,C3FB1D086546A26A,classic_bike,2021-09-03 01:49:35,2021-09-03 02:05:49,Manhattan Av & Leonard St,5442,Union Ave & N 12 St,5411,40.72084,-73.94844,40.71924,-73.95242,casual
541250,1429BAA054D59A87,classic_bike,2021-09-03 17:31:20,2021-09-03 17:33:13,Manhattan Av & Leonard St,5442,Union Ave & N 12 St,5411,40.72084,-73.94844,40.71924,-73.95242,member
541788,2516AD683F1909FD,electric_bike,2021-09-18 12:40:21,2021-09-18 12:58:00,Manhattan Av & Leonard St,5442,Union Ave & N 12 St,5411,40.72084,-73.94844,40.71924,-73.95242,member
541851,9D6F40C33D531259,classic_bike,2021-09-05 09:39:24,2021-09-05 09:42:21,Manhattan Av & Leonard St,5442,Union Ave & N 12 St,5411,40.72084,-73.94844,40.71924,-73.95242,member
541874,A4F8BC9038E22E62,classic_bike,2021-09-05 10:02:56,2021-09-05 10:05:29,Manhattan Av & Leonard St,5442,Union Ave & N 12 St,5411,40.72084,-73.94844,40.71924,-73.95242,member
541880,8B185F11A937D794,classic_bike,2021-09-17 18:36:41,2021-09-17 18:48:23,Manhattan Av & Leonard St,5442,Union Ave & N 12 St,5411,40.72084,-73.94844,40.71924,-73.95242,casual
541882,5784B4D7DAFFB1DE,classic_bike,2021-09-01 15:58:40,2021-09-01 16:38:33,Manhattan Av & Leonard St,5442,Union Ave & N 12 St,5411,40.72084,-73.94844,40.71924,-73.95242,member
545736,86ADA503ECD7D8D2,classic_bike,2021-09-30 14:08:41,2021-09-30 14:10:29,Bayard St & Leonard St,5442,Union Ave & N 12 St,5411,40.71915571696044,-73.94885390996933,40.71924,-73.95242,member
545739,169E88462A120501,classic_bike,2021-09-13 20:13:00,2021-09-13 20:14:17,Bayard St & Leonard St,5442,Union Ave & N 12 St,5411,40.71915571696044,-73.94885390996933,40.71924,-73.95242,member
545748,684B20A53859AF07,classic_bike,2021-09-30 07:45:23,2021-09-30 07:46:55,Bayard St & Leonard St,5442,Union Ave & N 12 St,5411,40.71915571696044,-73.94885390996933,40.71924,-73.95242,member
545763,D81C935B098D621B,classic_bike,2021-09-11 13:16:01,2021-09-11 13:17:52,Bayard St & Leonard St,5442,Union Ave & N 12 St,5411,40.71915571696044,-73.94885390996933,40.71924,-73.95242,member
545778,5230F2F70C0A4439,classic_bike,2021-09-11 10:40:28,2021-09-11 10:49:14,Bayard St & Leonard St,5442,Union Ave & N 12 St,5411,40.71915571696044,-73.94885390996933,40.71924,-73.95242,member
545788,D668496725A2C732,classic_bike,2021-09-16 14:53:19,2021-09-16 15:48:36,Bayard St & Leonard St,5442,Union Ave & N 12 St,5411,40.71915571696044,-73.94885390996933,40.71924,-73.95242,member
545790,1524713CACA39E1F,classic_bike,2021-09-28 18:33:41,2021-09-28 19:12:26,Bayard St & Leonard St,5442,Union Ave & N 12 St,5411,40.71915571696044,-73.94885390996933,40.71924,-73.95242,member
545792,AF5BEB7B7558D834,classic_bike,2021-09-27 17:23:32,2021-09-27 17:25:00,Bayard St & Leonard St,5442,Union Ave & N 12 St,5411,40.71915571696044,-73.94885390996933,40.71924,-73.95242,member
545795,F764F587100E6013,classic_bike,2021-09-04 17:45:18,2021-09-04 18:15:50,Bayard St & Leonard St,5442,Union Ave & N 12 St,5411,40.71915571696044,-73.94885390996933,40.71924,-73.95242,casual
545796,256A403A61A0B5E5,classic_bike,2021-09-16 21:19:26,2021-09-16 21:41:05,Bayard St & Leonard St,5442,Motorgate,6814,40.71915571696044,-73.94885390996933,40.7639089,-73.9477213,casual
545805,516ECE192E74F7B2,classic_bike,2021-09-10 11:50:57,2021-09-10 11:52:09,Bayard St & Leonard St,5442,Union Ave & N 12 St,5411,40.71915571696044,-73.94885390996933,40.71924,-73.95242,member
545813,8252E830E563448C,classic_bike,2021-09-03 17:14:13,2021-09-03 17:16:23,Bayard St & Leonard St,5442,Union Ave & N 12 St,5411,40.71915571696044,-73.94885390996933,40.71924,-73.95242,casual
545814,07508827DDD2ACB2,classic_bike,2021-09-03 17:14:35,2021-09-03 17:16:14,Bayard St & Leonard St,5442,Union Ave & N 12 St,5411,40.71915571696044,-73.94885390996933,40.71924,-73.95242,member
545818,613D5ADAF1F408BA,classic_bike,2021-09-29 09:21:25,2021-09-29 09:23:01,Bayard St & Leonard St,5442,Union Ave & N 12 St,5411,40.71915571696044,-73.94885390996933,40.71924,-73.95242,member
545823,6C4676564520061A,classic_bike,2021-09-23 18:21:50,2021-09-23 18:23:13,Bayard St & Leonard St,5442,Union Ave & N 12 St,5411,40.71915571696044,-73.94885390996933,40.71924,-73.95242,casual
545854,D2FE07B22751998F,classic_bike,2021-09-14 19:38:18,2021-09-14 19:53:17,Manhattan Av & Leonard St,5442,Union Ave & N 12 St,5411,40.72084,-73.94844,40.71924,-73.95242,casual
545855,9FB81769447BE004,classic_bike,2021-09-07 18:31:52,2021-09-07 18:37:25,Manhattan Av & Leonard St,5442,Union Ave & N 12 St,5411,40.72084,-73.94844,40.71924,-73.95242,casual
545957,BE0A68F315E01A42,electric_bike,2021-09-01 13:28:25,2021-09-01 14:24:43,Manhattan Av & Leonard St,5442,Union Ave & N 12 St,5411,40.72084,-73.94844,40.71924,-73.95242,casual
545970,5078510594DE942B,classic_bike,2021-09-06 22:15:53,2021-09-06 22:42:17,Manhattan Av & Leonard St,5442,Motorgate,6814,40.72084,-73.94844,40.7639089,-73.9477213,casual
546030,B1CF3CF13260B060,classic_bike,2021-09-18 08:44:27,2021-09-18 08:46:14,Bayard St & Leonard St,5442,Union Ave & N 12 St,5411,40.71915571696044,-73.94885390996933,40.71924,-73.95242,member
546033,86369C49B70580E8,classic_bike,2021-09-11 10:39:53,2021-09-11 10:41:06,Bayard St & Leonard St,5442,Union Ave & N 12 St,5411,40.71915571696044,-73.94885390996933,40.71924,-73.95242,member
546034,F34FAD3AD4566A81,classic_bike,2021-09-18 13:37:25,2021-09-18 13:39:17,Bayard St & Leonard St,5442,Union Ave & N 12 St,5411,40.71915571696044,-73.94885390996933,40.71924,-73.95242,member
546064,A9F535C9BB363471,classic_bike,2021-09-24 20:14:15,2021-09-24 20:16:06,Bayard St & Leonard St,5442,Union Ave & N 12 St,5411,40.71915571696044,-73.94885390996933,40.71924,-73.95242,member
547408,BEDE484323186B7F,classic_bike,2021-09-07 15:55:39,2021-09-07 15:57:05,Bayard St & Leonard St,5442,Union Ave & N 12 St,5411,40.71915571696044,-73.94885390996933,40.71924,-73.95242,member
547531,33782FE525596CFE,classic_bike,2021-09-24 13:16:34,2021-09-24 13:18:36,Bayard St & Leonard St,5442,Union Ave & N 12 St,5411,40.71915571696044,-73.94885390996933,40.71924,-73.95242,member
548686,A36441F512621E77,classic_bike,2021-09-20 08:19:39,2021-09-20 08:21:16,Bayard St & Leonard St,5442,Union Ave & N 12 St,5411,40.71915571696044,-73.94885390996933,40.71924,-73.95242,member
548688,FCF5BC30A44B248B,classic_bike,2021-09-19 12:13:38,2021-09-19 12:14:44,Bayard St & Leonard St,5442,Union Ave & N 12 St,5411,40.71915571696044,-73.94885390996933,40.71924,-73.95242,member
548692,2A7D3014860EB21D,classic_bike,2021-09-04 12:05:51,2021-09-04 12:07:28,Bayard St & Leonard St,5442,Union Ave & N 12 St,5411,40.71915571696044,-73.94885390996933,40.71924,-73.95242,member
548714,54BB5F338EEC40EE,classic_bike,2021-09-06 13:14:09,2021-09-06 13:15:39,Bayard St & Leonard St,5442,Union Ave & N 12 St,5411,40.71915571696044,-73.94885390996933,40.71924,-73.95242,member
549424,EEB9B41FD5075EAC,classic_bike,2021-09-13 08:35:08,2021-09-13 08:37:41,Manhattan Av & Leonard St,5442,Bedford Ave & Nassau Ave,5550,40.72084,-73.94844,40.72311651,-73.95212324,member
549427,EF35C00AF68AB79B,classic_bike,2021-09-14 11:39:05,2021-09-14 11:42:01,Manhattan Av & Leonard St,5442,Bedford Ave & Nassau Ave,5550,40.72084,-73.94844,40.72311651,-73.95212324,member
549445,CA32C63693C9CFC8,classic_bike,2021-09-27 17:16:24,2021-09-27 17:19:55,Manhattan Av & Leonard St,5442,Bedford Ave & Nassau Ave,5550,40.72084,-73.94844,40.72311651,-73.95212324,member
549460,7FC8DEFD96E3F514,classic_bike,2021-09-16 07:57:56,2021-09-16 08:00:23,Manhattan Av & Leonard St,5442,Bedford Ave & Nassau Ave,5550,40.72084,-73.94844,40.72311651,-73.95212324,member
554577,27BE4EAAB3219B1D,electric_bike,2021-09-11 14:44:01,2021-09-11 15:18:32,Bayard St & Leonard St,5442,Lafayette Ave & Classon Ave,4452,40.71915571696044,-73.94885390996933,40.68900443,-73.96023854,casual
554591,9620F7FA2EBB51DE,classic_bike,2021-09-01 14:37:31,2021-09-01 15:19:52,Bayard St & Leonard St,5442,Division St & Bowery,5270,40.71915571696044,-73.94885390996933,40.714193,-73.996732,casual
554604,0BEA681714203308,classic_bike,2021-09-21 08:13:56,2021-09-21 08:16:57,Bayard St & Leonard St,5442,Bedford Ave & Nassau Ave,5550,40.71915571696044,-73.94885390996933,40.72311651,-73.95212324,member
554605,A366F41B93A4F81D,classic_bike,2021-09-23 08:13:20,2021-09-23 08:17:07,Bayard St & Leonard St,5442,Bedford Ave & Nassau Ave,5550,40.71915571696044,-73.94885390996933,40.72311651,-73.95212324,member
554614,5641D3AF9756AEFE,classic_bike,2021-09-19 12:19:56,2021-09-19 12:22:15,Bayard St & Leonard St,5442,Bedford Ave & Nassau Ave,5550,40.71915571696044,-73.94885390996933,40.72311651,-73.95212324,member
554619,BD51DF9D1BA55152,classic_bike,2021-09-26 15:44:10,2021-09-26 15:47:48,Bayard St & Leonard St,5442,Bedford Ave & Nassau Ave,5550,40.71915571696044,-73.94885390996933,40.72311651,-73.95212324,member
554631,BA518B9B692B8E6D,classic_bike,2021-09-28 10:22:52,2021-09-28 10:25:41,Bayard St & Leonard St,5442,Bedford Ave & Nassau Ave,5550,40.71915571696044,-73.94885390996933,40.72311651,-73.95212324,member
554637,B602330E74CA19D4,classic_bike,2021-09-19 23:22:41,2021-09-19 23:27:51,Bayard St & Leonard St,5442,Bedford Ave & Nassau Ave,5550,40.71915571696044,-73.94885390996933,40.72311651,-73.95212324,casual
554638,D04294784F7934AA,classic_bike,2021-09-12 02:42:17,2021-09-12 02:44:28,Bayard St & Leonard St,5442,Bedford Ave & Nassau Ave,5550,40.71915571696044,-73.94885390996933,40.72311651,-73.95212324,member
554641,4F6D5718242D706D,classic_bike,2021-09-03 15:10:36,2021-09-03 15:17:54,Bayard St & Leonard St,5442,Bedford Ave & Nassau Ave,5550,40.71915571696044,-73.94885390996933,40.72311651,-73.95212324,member
554655,4D5AD8060527FC79,electric_bike,2021-09-24 10:25:23,2021-09-24 10:27:47,Bayard St & Leonard St,5442,Bedford Ave & Nassau Ave,5550,40.71915571696044,-73.94885390996933,40.72311651,-73.95212324,member
554669,F6EA3340B011041F,classic_bike,2021-09-19 23:22:52,2021-09-19 23:28:40,Bayard St & Leonard St,5442,Bedford Ave & Nassau Ave,5550,40.71915571696044,-73.94885390996933,40.72311651,-73.95212324,casual
554671,D6F28EDB1A14AE12,classic_bike,2021-09-18 13:35:30,2021-09-18 14:02:24,Bayard St & Leonard St,5442,Lafayette Ave & Classon Ave,4452,40.71915571696044,-73.94885390996933,40.68900443,-73.96023854,member
554697,9B4BBE170CCF8F74,electric_bike,2021-09-12 07:06:58,2021-09-12 07:11:36,Bayard St & Leonard St,5442,Bedford Ave & Nassau Ave,5550,40.71915571696044,-73.94885390996933,40.72311651,-73.95212324,casual
554698,D2D2CD4FBD83B876,classic_bike,2021-09-21 11:17:54,2021-09-21 11:22:55,Bayard St & Leonard St,5442,Bedford Ave & Nassau Ave,5550,40.71915571696044,-73.94885390996933,40.72311651,-73.95212324,member
555386,DD22D554F9C2C350,classic_bike,2021-09-17 10:17:53,2021-09-17 10:21:10,Manhattan Av & Leonard St,5442,Bedford Ave & Nassau Ave,5550,40.72084,-73.94844,40.72311651,-73.95212324,member
556682,E566A8EFB8CCF38D,classic_bike,2021-09-18 12:35:23,2021-09-18 12:40:29,Manhattan Av & Leonard St,5442,Bedford Ave & Nassau Ave,5550,40.72084,-73.94844,40.72311651,-73.95212324,member
563623,1DAEB351B65A6CA4,classic_bike,2021-09-13 19:03:51,2021-09-13 19:21:27,Manhattan Av & Leonard St,5442,48 Ave & 5 St,6212,40.72084,-73.94844,40.74436328706688,-73.9558732509613,member
563669,1AA77CA0C1B189F9,classic_bike,2021-09-23 11:54:26,2021-09-23 11:58:02,Manhattan Av & Leonard St,5442,Bedford Ave & Nassau Ave,5550,40.72084,-73.94844,40.72311651,-73.95212324,member
563679,457381019080C018,electric_bike,2021-09-02 09:10:50,2021-09-02 09:53:46,Manhattan Av & Leonard St,5442,4 Ave & 17 St,3739,40.72084,-73.94844,40.665507,-73.993037,casual
564143,E78A4605797D6728,classic_bike,2021-09-06 14:19:43,2021-09-06 14:27:24,Bayard St & Leonard St,5442,Bedford Ave & Nassau Ave,5550,40.71915571696044,-73.94885390996933,40.72311651,-73.95212324,member
564160,B9AF676D9A9FE117,classic_bike,2021-09-29 15:55:23,2021-09-29 15:58:36,Bayard St & Leonard St,5442,Bedford Ave & Nassau Ave,5550,40.71915571696044,-73.94885390996933,40.72311651,-73.95212324,member
564178,EFD1257242786F82,classic_bike,2021-09-22 16:03:47,2021-09-22 16:07:00,Bayard St & Leonard St,5442,Bedford Ave & Nassau Ave,5550,40.71915571696044,-73.94885390996933,40.72311651,-73.95212324,member
564823,FBACD55EF1AD7DE2,classic_bike,2021-09-07 08:30:38,2021-09-07 08:33:23,Bayard St & Leonard St,5442,Bedford Ave & Nassau Ave,5550,40.71915571696044,-73.94885390996933,40.72311651,-73.95212324,member
564824,560A03B56664158E,classic_bike,2021-09-22 21:33:40,2021-09-22 21:36:47,Bayard St & Leonard St,5442,Bedford Ave & Nassau Ave,5550,40.71915571696044,-73.94885390996933,40.72311651,-73.95212324,member
564826,8FB800053526DEAD,classic_bike,2021-09-02 09:08:50,2021-09-02 09:37:21,Bayard St & Leonard St,5442,Lafayette Ave & Classon Ave,4452,40.71915571696044,-73.94885390996933,40.68900443,-73.96023854,casual
565411,124BA4EA865724B9,classic_bike,2021-09-05 22:48:43,2021-09-05 22:52:15,Manhattan Av & Leonard St,5442,Bedford Ave & Nassau Ave,5550,40.72084,-73.94844,40.72311651,-73.95212324,member
566512,CF4208151A20F36A,classic_bike,2021-09-16 12:05:05,2021-09-16 12:07:17,Manhattan Av & Leonard St,5442,Bedford Ave & Nassau Ave,5550,40.72084,-73.94844,40.72311651,-73.95212324,member
566778,F5FE35D2DA031220,classic_bike,2021-09-21 08:01:22,2021-09-21 08:04:44,Bayard St & Leonard St,5442,Bedford Ave & Nassau Ave,5550,40.71915571696044,-73.94885390996933,40.72311651,-73.95212324,member
566779,7319A3C9A0472FE8,classic_bike,2021-09-28 16:29:27,2021-09-28 16:35:45,Bayard St & Leonard St,5442,Bedford Ave & Nassau Ave,5550,40.71915571696044,-73.94885390996933,40.72311651,-73.95212324,member
566811,920177B298EA96DA,classic_bike,2021-09-22 15:47:15,2021-09-22 15:50:45,Bayard St & Leonard St,5442,Bedford Ave & Nassau Ave,5550,40.71915571696044,-73.94885390996933,40.72311651,-73.95212324,casual
567305,DA89B635E96FF343,classic_bike,2021-09-07 18:31:47,2021-09-07 18:35:44,Manhattan Av & Leonard St,5442,Bedford Ave & Nassau Ave,5550,40.72084,-73.94844,40.72311651,-73.95212324,member
567655,225E47CA13FD2E91,classic_bike,2021-09-12 10:15:24,2021-09-12 10:21:28,Bayard St & Leonard St,5442,Bedford Ave & Nassau Ave,5550,40.71915571696044,-73.94885390996933,40.72311651,-73.95212324,member
567656,1CEA76A520BF2B19,classic_bike,2021-09-11 10:03:31,2021-09-11 10:11:06,Bayard St & Leonard St,5442,Bedford Ave & Nassau Ave,5550,40.71915571696044,-73.94885390996933,40.72311651,-73.95212324,member
568059,1EFCF5D81AC397D6,classic_bike,2021-09-07 12:31:41,2021-09-07 12:39:32,Bayard St & Leonard St,5442,Nassau Ave & Russell St,5581,40.71915571696044,-73.94885390996933,40.72557,-73.94434,member
568069,FDCB804D1B5C95DD,classic_bike,2021-09-08 08:14:36,2021-09-08 08:26:03,Bayard St & Leonard St,5442,Broadway & Whipple St,4883,40.71915571696044,-73.94885390996933,40.7016657,-73.9437303,casual
568079,5D6D7ED64409A3C6,classic_bike,2021-09-11 13:29:31,2021-09-11 13:34:25,Bayard St & Leonard St,5442,Nassau Ave & Russell St,5581,40.71915571696044,-73.94885390996933,40.72557,-73.94434,member
568082,338DA03D8A7ACAA6,electric_bike,2021-09-20 21:51:57,2021-09-20 22:16:01,Bayard St & Leonard St,5442,Wilson Ave & Moffat St,4507,40.71915571696044,-73.94885390996933,40.68906,-73.90506,casual
568088,C713F1A3CFA52453,classic_bike,2021-09-27 12:33:22,2021-09-27 12:38:38,Bayard St & Leonard St,5442,Nassau Ave & Russell St,5581,40.71915571696044,-73.94885390996933,40.72557,-73.94434,member
568202,D495551D4CD4D9FD,classic_bike,2021-09-02 16:17:34,2021-09-02 16:51:20,Manhattan Av & Leonard St,5442,Monroe St & Classon Ave,4336,40.72084,-73.94844,40.6845683,-73.95881081,member
568654,8E3C1EA2A7CC1EBF,classic_bike,2021-09-07 20:24:14,2021-09-07 20:30:10,Bayard St & Leonard St,5442,Nassau Ave & Russell St,5581,40.71915571696044,-73.94885390996933,40.72557,-73.94434,casual
568681,9BC37310262266D7,classic_bike,2021-09-23 12:25:11,2021-09-23 12:32:25,Bayard St & Leonard St,5442,Nassau Ave & Russell St,5581,40.71915571696044,-73.94885390996933,40.72557,-73.94434,member
568684,11DE12B93A639A77,electric_bike,2021-09-08 17:14:53,2021-09-08 17:24:44,Bayard St & Leonard St,5442,Broadway & Whipple St,4883,40.71915571696044,-73.94885390996933,40.7016657,-73.9437303,member
568856,25D93DD844FCB393,classic_bike,2021-09-12 06:35:41,2021-09-12 06:49:08,Manhattan Av & Leonard St,5442,Broadway & Whipple St,4883,40.72084,-73.94844,40.7016657,-73.9437303,member
570774,6A493CD5D7FAD33F,classic_bike,2021-09-05 06:36:02,2021-09-05 06:49:14,Manhattan Av & Leonard St,5442,Broadway & Whipple St,4883,40.72084,-73.94844,40.7016657,-73.9437303,member
570780,70B556C13BE18954,electric_bike,2021-09-02 20:28:04,2021-09-02 20:31:31,Manhattan Av & Leonard St,5442,Nassau Ave & Russell St,5581,40.72084,-73.94844,40.72557,-73.94434,member
572581,09A95CAB18B7CC08,electric_bike,2021-09-07 20:17:55,2021-09-07 20:26:22,Manhattan Av & Leonard St,5442,Broadway & Whipple St,4883,40.72084,-73.94844,40.7016657,-73.9437303,member
572607,0FF4F29D69D41FFC,classic_bike,2021-09-07 19:33:38,2021-09-07 19:57:18,Manhattan Av & Leonard St,5442,Broadway & Whipple St,4883,40.72084,-73.94844,40.7016657,-73.9437303,member
572882,0CD2D9C6E018FD20,classic_bike,2021-09-30 18:47:16,2021-09-30 18:54:58,Bayard St & Leonard St,5442,Nassau Ave & Russell St,5581,40.71915571696044,-73.94885390996933,40.72557,-73.94434,member
572889,3E5996D1B5951561,classic_bike,2021-09-06 10:51:36,2021-09-06 10:57:20,Bayard St & Leonard St,5442,Nassau Ave & Russell St,5581,40.71915571696044,-73.94885390996933,40.72557,-73.94434,member
572965,9BF08ED765C7F858,classic_bike,2021-09-25 10:39:04,2021-09-25 10:51:14,Bayard St & Leonard St,5442,Broadway & Whipple St,4883,40.71915571696044,-73.94885390996933,40.7016657,-73.9437303,casual
572985,EC44F33CE0810447,classic_bike,2021-09-30 12:08:53,2021-09-30 12:14:54,Bayard St & Leonard St,5442,Nassau Ave & Russell St,5581,40.71915571696044,-73.94885390996933,40.72557,-73.94434,member
572995,B0A306797926C072,classic_bike,2021-09-03 22:27:17,2021-09-03 22:32:57,Bayard St & Leonard St,5442,Nassau Ave & Russell St,5581,40.71915571696044,-73.94885390996933,40.72557,-73.94434,member
574802,A62433578CDDAA70,classic_bike,2021-09-30 23:24:35,2021-09-30 23:36:24,Bayard St & Leonard St,5442,Nassau Ave & Russell St,5581,40.71915571696044,-73.94885390996933,40.72557,-73.94434,member
574837,18A4D81FE8652790,classic_bike,2021-09-28 16:17:35,2021-09-28 16:22:36,Bayard St & Leonard St,5442,Nassau Ave & Russell St,5581,40.71915571696044,-73.94885390996933,40.72557,-73.94434,member
574881,62B52A772870845A,classic_bike,2021-09-28 09:08:48,2021-09-28 09:15:53,Bayard St & Leonard St,5442,Nassau Ave & Russell St,5581,40.71915571696044,-73.94885390996933,40.72557,-73.94434,member
574890,DD108E83EB4DB2D7,classic_bike,2021-09-08 09:42:35,2021-09-08 09:48:10,Bayard St & Leonard St,5442,Nassau Ave & Russell St,5581,40.71915571696044,-73.94885390996933,40.72557,-73.94434,member
574892,56FEDEE0E588F220,classic_bike,2021-09-26 10:45:42,2021-09-26 10:51:31,Bayard St & Leonard St,5442,Nassau Ave & Russell St,5581,40.71915571696044,-73.94885390996933,40.72557,-73.94434,member
575708,1153764AD4AF467B,classic_bike,2021-09-03 08:30:07,2021-09-03 08:44:24,Manhattan Av & Leonard St,5442,Nassau Ave & Russell St,5581,40.72084,-73.94844,40.72557,-73.94434,member
577111,022A874C4FAFCAE4,classic_bike,2021-09-26 16:45:58,2021-09-26 17:33:37,Manhattan Av & Leonard St,5442,Nassau Ave & Russell St,5581,40.72084,-73.94844,40.72557,-73.94434,casual
577114,A9FE565491E06D65,classic_bike,2021-09-30 23:33:20,2021-09-30 23:43:28,Manhattan Av & Leonard St,5442,Broadway & Whipple St,4883,40.72084,-73.94844,40.7016657,-73.9437303,casual
578323,92234C6C8916F5B9,classic_bike,2021-09-13 10:45:51,2021-09-13 10:50:49,Bayard St & Leonard St,5442,Nassau Ave & Russell St,5581,40.71915571696044,-73.94885390996933,40.72557,-73.94434,member
578324,2F6BAC9C3EA51891,classic_bike,2021-09-03 20:29:57,2021-09-03 20:37:15,Bayard St & Leonard St,5442,Nassau Ave & Russell St,5581,40.71915571696044,-73.94885390996933,40.72557,-73.94434,member
578339,E18FDA38E4B3861D,classic_bike,2021-09-24 10:50:14,2021-09-24 10:56:09,Bayard St & Leonard St,5442,Nassau Ave & Russell St,5581,40.71915571696044,-73.94885390996933,40.72557,-73.94434,member
578340,0783AD74D272116D,classic_bike,2021-09-20 10:44:41,2021-09-20 10:49:40,Bayard St & Leonard St,5442,Nassau Ave & Russell St,5581,40.71915571696044,-73.94885390996933,40.72557,-73.94434,member
578342,96804D6228D6CB9B,classic_bike,2021-09-03 11:49:18,2021-09-03 11:56:20,Bayard St & Leonard St,5442,Nassau Ave & Russell St,5581,40.71915571696044,-73.94885390996933,40.72557,-73.94434,member
578354,1653C25AA1A4ADF3,classic_bike,2021-09-15 09:17:12,2021-09-15 09:24:15,Bayard St & Leonard St,5442,Nassau Ave & Russell St,5581,40.71915571696044,-73.94885390996933,40.72557,-73.94434,member
578365,9F19FB11BA57FF0B,classic_bike,2021-09-20 16:22:53,2021-09-20 16:28:55,Bayard St & Leonard St,5442,Nassau Ave & Russell St,5581,40.71915571696044,-73.94885390996933,40.72557,-73.94434,member
578370,22EF4E751322E180,classic_bike,2021-09-15 10:47:07,2021-09-15 10:51:35,Bayard St & Leonard St,5442,Nassau Ave & Russell St,5581,40.71915571696044,-73.94885390996933,40.72557,-73.94434,member
578378,8FB108F0F8AD80AF,classic_bike,2021-09-05 02:56:24,2021-09-05 04:18:30,Bayard St & Leonard St,5442,Nassau Ave & Russell St,5581,40.71915571696044,-73.94885390996933,40.72557,-73.94434,casual
578394,D897D39CFD61B6D0,classic_bike,2021-09-28 12:21:49,2021-09-28 12:28:21,Bayard St & Leonard St,5442,Nassau Ave & Russell St,5581,40.71915571696044,-73.94885390996933,40.72557,-73.94434,member
580345,961AF65DA3AAE10A,classic_bike,2021-09-13 20:13:48,2021-09-13 20:23:36,Bayard St & Leonard St,5442,Broadway & Whipple St,4883,40.71915571696044,-73.94885390996933,40.7016657,-73.9437303,member
580346,4C02CC78B97AFEA9,classic_bike,2021-09-08 22:45:35,2021-09-08 23:07:50,Bayard St & Leonard St,5442,Fulton St & Irving Pl,4263,40.71915571696044,-73.94885390996933,40.68186,-73.959432,member
580349,467F6EAE8C09009E,classic_bike,2021-09-12 18:48:30,2021-09-12 18:56:11,Bayard St & Leonard St,5442,Nassau Ave & Russell St,5581,40.71915571696044,-73.94885390996933,40.72557,-73.94434,member
580506,A655127736C41773,classic_bike,2021-09-26 16:45:57,2021-09-26 17:33:28,Manhattan Av & Leonard St,5442,Nassau Ave & Russell St,5581,40.72084,-73.94844,40.72557,-73.94434,member
581027,6C6F743BFAC3CCE6,classic_bike,2021-09-25 18:18:08,2021-09-25 18:31:04,Manhattan Av & Leonard St,5442,Broadway & Whipple St,4883,40.72084,-73.94844,40.7016657,-73.9437303,member
581033,655BE286D1372B8F,classic_bike,2021-09-15 23:23:57,2021-09-15 23:30:11,Manhattan Av & Leonard St,5442,Nassau Ave & Russell St,5581,40.72084,-73.94844,40.72557,-73.94434,member
583306,E6BB1D2B41F0596E,classic_bike,2021-09-17 10:28:36,2021-09-17 10:33:35,Bayard St & Leonard St,5442,Nassau Ave & Russell St,5581,40.71915571696044,-73.94885390996933,40.72557,-73.94434,member
583307,FB5AA371923FE1C9,classic_bike,2021-09-13 09:21:38,2021-09-13 09:26:51,Bayard St & Leonard St,5442,Nassau Ave & Russell St,5581,40.71915571696044,-73.94885390996933,40.72557,-73.94434,member
583310,6FA655FC3D11C9CE,classic_bike,2021-09-21 18:51:45,2021-09-21 18:57:57,Bayard St & Leonard St,5442,Nassau Ave & Russell St,5581,40.71915571696044,-73.94885390996933,40.72557,-73.94434,member
584746,0C965284221B62E7,classic_bike,2021-09-13 12:08:28,2021-09-13 12:15:00,Bayard St & Leonard St,5442,Nassau Ave & Russell St,5581,40.71915571696044,-73.94885390996933,40.72557,-73.94434,member
584765,1E8A69CA909B4B6C,electric_bike,2021-09-15 22:12:02,2021-09-15 22:29:02,Bayard St & Leonard St,5442,Putnam Ave & Nostrand Ave,4327,40.71915571696044,-73.94885390996933,40.68402,-73.94977,casual
584767,0D7B3A941C96835E,classic_bike,2021-09-23 10:35:34,2021-09-23 10:39:45,Bayard St & Leonard St,5442,Nassau Ave & Russell St,5581,40.71915571696044,-73.94885390996933,40.72557,-73.94434,member
584778,8BE65558CAA8B34C,classic_bike,2021-09-16 10:42:20,2021-09-16 10:48:12,Bayard St & Leonard St,5442,Nassau Ave & Russell St,5581,40.71915571696044,-73.94885390996933,40.72557,-73.94434,member
584780,1510396B80ECC288,classic_bike,2021-09-28 10:40:13,2021-09-28 10:45:28,Bayard St & Leonard St,5442,Nassau Ave & Russell St,5581,40.71915571696044,-73.94885390996933,40.72557,-73.94434,member
587041,23ECDB076B7BA679,classic_bike,2021-09-13 18:40:17,2021-09-13 18:48:59,Bayard St & Leonard St,5442,Nassau Ave & Russell St,5581,40.71915571696044,-73.94885390996933,40.72557,-73.94434,member
587043,8402881CB001CE1E,classic_bike,2021-09-21 12:35:01,2021-09-21 12:40:47,Bayard St & Leonard St,5442,Nassau Ave & Russell St,5581,40.71915571696044,-73.94885390996933,40.72557,-73.94434,member
590154,73D47735DE2895F4,classic_bike,2021-09-30 13:04:16,2021-09-30 13:27:16,Bayard St & Leonard St,5442,S 4 St & Wythe Ave,5204,40.71915571696044,-73.94885390996933,40.71285887,-73.96590294,casual
594599,881E9517EF8A843F,classic_bike,2021-09-05 16:20:02,2021-09-05 16:24:12,Manhattan Av & Leonard St,5442,Union Ave & Jackson St,5300,40.72084,-73.94844,40.7160751,-73.952029,member
594612,C84745A7973AA138,classic_bike,2021-09-25 23:36:42,2021-09-25 23:56:04,Manhattan Av & Leonard St,5442,Union Ave & Jackson St,5300,40.72084,-73.94844,40.7160751,-73.952029,member
594613,BC82F8097ED44028,classic_bike,2021-09-04 14:04:35,2021-09-04 14:09:45,Manhattan Av & Leonard St,5442,Union Ave & Jackson St,5300,40.72084,-73.94844,40.7160751,-73.952029,member
594618,2D8CAE7BC8FE2856,classic_bike,2021-09-04 10:00:17,2021-09-04 10:16:43,Manhattan Av & Leonard St,5442,S 4 St & Wythe Ave,5204,40.72084,-73.94844,40.71285887,-73.96590294,casual
594619,C8C03CC18549EB9A,electric_bike,2021-09-04 14:27:52,2021-09-04 14:45:12,Manhattan Av & Leonard St,5442,Onderdonk Ave & Dekalb Ave,5115,40.72084,-73.94844,40.70863,-73.91497,casual
594636,699E51D08CF4D686,classic_bike,2021-09-02 12:06:55,2021-09-02 12:20:52,Manhattan Av & Leonard St,5442,S 4 St & Wythe Ave,5204,40.72084,-73.94844,40.71285887,-73.96590294,member
594785,FCE5BD9D53D4808B,classic_bike,2021-09-15 07:47:31,2021-09-15 08:07:38,Manhattan Av & Leonard St,5442,Union Ave & Jackson St,5300,40.72084,-73.94844,40.7160751,-73.952029,casual
594786,525E6FD38A72F983,classic_bike,2021-09-04 11:40:15,2021-09-04 12:01:00,Manhattan Av & Leonard St,5442,Monroe St & Tompkins Ave,4434,40.72084,-73.94844,40.686203,-73.944694,casual
595264,CF216241EFA1F6DF,electric_bike,2021-09-14 18:15:18,2021-09-14 18:34:18,Manhattan Av & Leonard St,5442,38 St & Northern Blvd,6486,40.72084,-73.94844,40.752372,-73.925384,member
597267,0C6794B30AB4AB10,classic_bike,2021-09-12 20:50:06,2021-09-12 20:59:21,Bayard St & Leonard St,5442,S 4 St & Wythe Ave,5204,40.71915571696044,-73.94885390996933,40.71285887,-73.96590294,casual
597286,FD089A1C1DC5060B,classic_bike,2021-09-10 22:25:07,2021-09-10 22:48:13,Bayard St & Leonard St,5442,S 4 St & Wythe Ave,5204,40.71915571696044,-73.94885390996933,40.71285887,-73.96590294,member
597292,A58D3C4F56BEBBBF,classic_bike,2021-09-20 12:42:15,2021-09-20 13:00:50,Bayard St & Leonard St,5442,Wyckoff Av & Jefferson St,5051,40.71915571696044,-73.94885390996933,40.707165,-73.923711,casual
597303,55792CDD8456F006,electric_bike,2021-09-29 15:51:37,2021-09-29 16:01:05,Bayard St & Leonard St,5442,S 4 St & Wythe Ave,5204,40.71915571696044,-73.94885390996933,40.71285887,-73.96590294,casual
597307,45923B1DFC87A611,classic_bike,2021-09-06 17:41:50,2021-09-06 17:53:10,Bayard St & Leonard St,5442,S 4 St & Wythe Ave,5204,40.71915571696044,-73.94885390996933,40.71285887,-73.96590294,casual
597308,CA7FB54A295393C5,classic_bike,2021-09-02 19:05:16,2021-09-02 19:16:38,Bayard St & Leonard St,5442,S 4 St & Wythe Ave,5204,40.71915571696044,-73.94885390996933,40.71285887,-73.96590294,casual
597329,3A208502F4FD6BEF,classic_bike,2021-09-11 16:09:32,2021-09-11 16:48:50,Bayard St & Leonard St,5442,S 4 St & Wythe Ave,5204,40.71915571696044,-73.94885390996933,40.71285887,-73.96590294,casual
597330,B00A950B98B6D614,electric_bike,2021-09-29 17:22:43,2021-09-29 17:30:33,Bayard St & Leonard St,5442,S 4 St & Wythe Ave,5204,40.71915571696044,-73.94885390996933,40.71285887,-73.96590294,casual
597333,E56FB80EB8C4EF69,classic_bike,2021-09-06 19:31:34,2021-09-06 19:43:03,Bayard St & Leonard St,5442,S 4 St & Wythe Ave,5204,40.71915571696044,-73.94885390996933,40.71285887,-73.96590294,casual
597337,8C409F85A073C197,classic_bike,2021-09-14 20:13:22,2021-09-14 20:34:03,Bayard St & Leonard St,5442,Grove St & Broadway,4526,40.71915571696044,-73.94885390996933,40.69047,-73.923511,casual
597339,D006FBCBD66AB7B1,classic_bike,2021-09-06 15:27:06,2021-09-06 15:50:44,Bayard St & Leonard St,5442,Wyckoff Av & Jefferson St,5051,40.71915571696044,-73.94885390996933,40.707165,-73.923711,casual
597340,DA8BDE32361AC7AD,classic_bike,2021-09-10 18:57:35,2021-09-10 19:07:18,Bayard St & Leonard St,5442,S 4 St & Wythe Ave,5204,40.71915571696044,-73.94885390996933,40.71285887,-73.96590294,casual
597345,8773C8AC27659EC1,electric_bike,2021-09-12 19:03:28,2021-09-12 19:11:13,Bayard St & Leonard St,5442,S 4 St & Wythe Ave,5204,40.71915571696044,-73.94885390996933,40.71285887,-73.96590294,member
597346,432F46CEFEE403B0,classic_bike,2021-09-29 18:43:41,2021-09-29 19:11:03,Bayard St & Leonard St,5442,Monroe St & Tompkins Ave,4434,40.71915571696044,-73.94885390996933,40.686203,-73.944694,member
597354,A26B808F87B5D4D1,classic_bike,2021-09-15 13:52:18,2021-09-15 13:54:42,Bayard St & Leonard St,5442,Union Ave & Jackson St,5300,40.71915571696044,-73.94885390996933,40.7160751,-73.952029,member
597979,14BAF82A0721CE9C,classic_bike,2021-09-24 20:51:00,2021-09-24 21:05:13,Bayard St & Leonard St,5442,S 4 St & Wythe Ave,5204,40.71915571696044,-73.94885390996933,40.71285887,-73.96590294,casual
597982,9EB8EA843E88909F,classic_bike,2021-09-19 10:27:02,2021-09-19 10:37:37,Bayard St & Leonard St,5442,S 4 St & Wythe Ave,5204,40.71915571696044,-73.94885390996933,40.71285887,-73.96590294,casual
603415,C786F52D5119EB5C,classic_bike,2021-09-05 14:34:18,2021-09-05 14:44:24,Manhattan Av & Leonard St,5442,S 4 St & Wythe Ave,5204,40.72084,-73.94844,40.71285887,-73.96590294,casual
603441,A0AAE4DD2C316378,classic_bike,2021-09-04 09:59:55,2021-09-04 10:16:30,Manhattan Av & Leonard St,5442,S 4 St & Wythe Ave,5204,40.72084,-73.94844,40.71285887,-73.96590294,casual
603449,2216F692DE364745,classic_bike,2021-09-03 19:29:38,2021-09-03 19:33:09,Manhattan Av & Leonard St,5442,Union Ave & Jackson St,5300,40.72084,-73.94844,40.7160751,-73.952029,member
603535,14A70B9F896A82B1,classic_bike,2021-09-06 09:58:31,2021-09-06 10:08:19,Manhattan Av & Leonard St,5442,S 4 St & Wythe Ave,5204,40.72084,-73.94844,40.71285887,-73.96590294,member
604299,CAE0D7C5AFBAE8F2,electric_bike,2021-09-11 09:01:01,2021-09-11 09:08:24,Bayard St & Leonard St,5442,S 4 St & Wythe Ave,5204,40.71915571696044,-73.94885390996933,40.71285887,-73.96590294,casual
604300,9D825ACEF0A97D23,classic_bike,2021-09-20 14:41:58,2021-09-20 14:50:13,Bayard St & Leonard St,5442,S 4 St & Wythe Ave,5204,40.71915571696044,-73.94885390996933,40.71285887,-73.96590294,casual
604301,BF4EAA84F2C0A0D8,classic_bike,2021-09-06 14:40:57,2021-09-06 14:55:47,Bayard St & Leonard St,5442,S 4 St & Wythe Ave,5204,40.71915571696044,-73.94885390996933,40.71285887,-73.96590294,casual
604328,A5D9BA9D9B39DF5A,classic_bike,2021-09-30 11:07:04,2021-09-30 11:19:55,Bayard St & Leonard St,5442,S 4 St & Wythe Ave,5204,40.71915571696044,-73.94885390996933,40.71285887,-73.96590294,casual
604329,A780CB64663C0344,classic_bike,2021-09-02 19:05:28,2021-09-02 19:17:38,Bayard St & Leonard St,5442,S 4 St & Wythe Ave,5204,40.71915571696044,-73.94885390996933,40.71285887,-73.96590294,casual
604332,D481BE0F74B1961B,classic_bike,2021-09-06 15:26:03,2021-09-06 15:50:31,Bayard St & Leonard St,5442,Wyckoff Av & Jefferson St,5051,40.71915571696044,-73.94885390996933,40.707165,-73.923711,casual
604339,362C3CDC40881E73,classic_bike,2021-09-04 09:59:22,2021-09-04 10:16:02,Manhattan Av & Leonard St,5442,S 4 St & Wythe Ave,5204,40.72084,-73.94844,40.71285887,-73.96590294,casual
604341,742D3715702196BA,classic_bike,2021-09-04 09:59:14,2021-09-04 10:16:07,Manhattan Av & Leonard St,5442,S 4 St & Wythe Ave,5204,40.72084,-73.94844,40.71285887,-73.96590294,casual
604344,F87B1BEF49C1E74A,classic_bike,2021-09-20 21:08:16,2021-09-20 21:15:16,Bayard St & Leonard St,5442,S 4 St & Wythe Ave,5204,40.71915571696044,-73.94885390996933,40.71285887,-73.96590294,member
604348,77E339AA0CB6D835,classic_bike,2021-09-18 18:47:29,2021-09-18 18:59:23,Bayard St & Leonard St,5442,S 4 St & Wythe Ave,5204,40.71915571696044,-73.94885390996933,40.71285887,-73.96590294,casual
604379,470CAC163F98B747,classic_bike,2021-09-17 06:48:23,2021-09-17 06:57:28,Bayard St & Leonard St,5442,S 4 St & Wythe Ave,5204,40.71915571696044,-73.94885390996933,40.71285887,-73.96590294,member
604382,4716926B7C53DDDC,electric_bike,2021-09-14 16:38:44,2021-09-14 16:44:25,Bayard St & Leonard St,5442,Union Ave & Jackson St,5300,40.71915571696044,-73.94885390996933,40.7160751,-73.952029,casual
604387,0C3149F149E5FD80,classic_bike,2021-09-08 07:03:22,2021-09-08 07:14:40,Bayard St & Leonard St,5442,S 4 St & Wythe Ave,5204,40.71915571696044,-73.94885390996933,40.71285887,-73.96590294,casual
604393,CDFB3F48FA2563A6,classic_bike,2021-09-10 07:21:20,2021-09-10 07:32:52,Bayard St & Leonard St,5442,S 4 St & Wythe Ave,5204,40.71915571696044,-73.94885390996933,40.71285887,-73.96590294,casual
604407,B90CD58CEA1E945D,classic_bike,2021-09-06 14:40:14,2021-09-06 14:55:47,Bayard St & Leonard St,5442,S 4 St & Wythe Ave,5204,40.71915571696044,-73.94885390996933,40.71285887,-73.96590294,member
604413,05D2D7FE2F5A7781,classic_bike,2021-09-16 13:38:00,2021-09-16 13:55:41,Bayard St & Leonard St,5442,Wyckoff Av & Jefferson St,5051,40.71915571696044,-73.94885390996933,40.707165,-73.923711,casual
604431,4F7C2AAFE964E695,classic_bike,2021-09-20 08:32:34,2021-09-20 08:41:20,Bayard St & Leonard St,5442,S 4 St & Wythe Ave,5204,40.71915571696044,-73.94885390996933,40.71285887,-73.96590294,member
604459,435F30A64722DB91,classic_bike,2021-09-10 10:24:22,2021-09-10 10:34:03,Manhattan Av & Leonard St,5442,S 4 St & Wythe Ave,5204,40.72084,-73.94844,40.71285887,-73.96590294,member
604460,B057BC54A2FF6031,classic_bike,2021-09-06 12:31:13,2021-09-06 12:55:20,Bayard St & Leonard St,5442,Grove St & Broadway,4526,40.71915571696044,-73.94885390996933,40.69047,-73.923511,member
604461,FB83DAAE1A0CBE95,electric_bike,2021-09-11 19:15:16,2021-09-11 19:32:56,Bayard St & Leonard St,5442,Wyckoff Av & Jefferson St,5051,40.71915571696044,-73.94885390996933,40.707165,-73.923711,member
604467,2F315DCD400936E5,classic_bike,2021-09-05 17:44:53,2021-09-05 17:56:25,Bayard St & Leonard St,5442,S 4 St & Wythe Ave,5204,40.71915571696044,-73.94885390996933,40.71285887,-73.96590294,casual
604469,DFCDB38B4C8645F8,classic_bike,2021-09-14 18:36:13,2021-09-14 18:47:20,Bayard St & Leonard St,5442,S 4 St & Wythe Ave,5204,40.71915571696044,-73.94885390996933,40.71285887,-73.96590294,member
604470,6F8B70497F413F2A,classic_bike,2021-09-09 07:04:04,2021-09-09 07:13:22,Bayard St & Leonard St,5442,S 4 St & Wythe Ave,5204,40.71915571696044,-73.94885390996933,40.71285887,-73.96590294,member
605474,BA44C69656F8CA38,electric_bike,2021-09-16 10:34:30,2021-09-16 10:44:10,Bayard St & Leonard St,5442,S 4 St & Wythe Ave,5204,40.71915571696044,-73.94885390996933,40.71285887,-73.96590294,casual
605571,EB3703BE2626EA2B,classic_bike,2021-09-10 20:14:38,2021-09-10 20:17:42,Bayard St & Leonard St,5442,Union Ave & Jackson St,5300,40.71915571696044,-73.94885390996933,40.7160751,-73.952029,member
605578,6C5D6B3A2CD40CFE,classic_bike,2021-09-07 06:57:18,2021-09-07 07:06:41,Bayard St & Leonard St,5442,S 4 St & Wythe Ave,5204,40.71915571696044,-73.94885390996933,40.71285887,-73.96590294,member
605599,D9CF22FE4865185E,classic_bike,2021-09-07 08:35:07,2021-09-07 08:44:53,Bayard St & Leonard St,5442,S 4 St & Wythe Ave,5204,40.71915571696044,-73.94885390996933,40.71285887,-73.96590294,member
605601,F08FC6BD41F2872A,classic_bike,2021-09-18 18:47:44,2021-09-18 18:59:10,Bayard St & Leonard St,5442,S 4 St & Wythe Ave,5204,40.71915571696044,-73.94885390996933,40.71285887,-73.96590294,casual
606053,501BFF04ABDFB801,classic_bike,2021-09-06 10:26:56,2021-09-06 10:29:59,Bayard St & Leonard St,5442,Union Ave & Jackson St,5300,40.71915571696044,-73.94885390996933,40.7160751,-73.952029,member
606056,E5CAE0EA4EDF5DC9,classic_bike,2021-09-18 00:55:56,2021-09-18 01:09:02,Bayard St & Leonard St,5442,S 4 St & Wythe Ave,5204,40.71915571696044,-73.94885390996933,40.71285887,-73.96590294,casual
609736,C92ECAF53C555D20,classic_bike,2021-09-02 07:39:48,2021-09-02 07:46:43,Manhattan Av & Leonard St,5442,Union Ave & Jackson St,5300,40.72084,-73.94844,40.7160751,-73.952029,casual
609757,94F7F2EFEDF01A58,electric_bike,2021-09-10 11:11:47,2021-09-10 11:20:41,Manhattan Av & Leonard St,5442,S 4 St & Wythe Ave,5204,40.72084,-73.94844,40.71285887,-73.96590294,casual
609758,8244B04464F545BA,classic_bike,2021-09-11 17:47:25,2021-09-11 18:03:00,Manhattan Av & Leonard St,5442,S 4 St & Wythe Ave,5204,40.72084,-73.94844,40.71285887,-73.96590294,casual
609759,3851D2D962AE49CB,classic_bike,2021-09-11 17:47:21,2021-09-11 18:03:03,Manhattan Av & Leonard St,5442,S 4 St & Wythe Ave,5204,40.72084,-73.94844,40.71285887,-73.96590294,casual
609761,6F6C4756ACB5031D,classic_bike,2021-09-07 21:13:06,2021-09-07 21:22:01,Manhattan Av & Leonard St,5442,S 4 St & Wythe Ave,5204,40.72084,-73.94844,40.71285887,-73.96590294,casual
610025,ED5A30FAC9716ECC,classic_bike,2021-09-30 19:50:06,2021-09-30 19:53:08,Bayard St & Leonard St,5442,Union Ave & Jackson St,5300,40.71915571696044,-73.94885390996933,40.7160751,-73.952029,member
610027,18FEE23713D3F410,electric_bike,2021-09-06 12:16:39,2021-09-06 12:26:34,Bayard St & Leonard St,5442,S 4 St & Wythe Ave,5204,40.71915571696044,-73.94885390996933,40.71285887,-73.96590294,member
614736,8AB356169DD432E2,electric_bike,2021-09-26 22:26:11,2021-09-26 23:19:28,Manhattan Av & Leonard St,5442,Degraw St & Smith St,4298,40.72084,-73.94844,40.6829151,-73.99318208,casual
617622,0E2D26EC9C685AA4,classic_bike,2021-09-26 16:06:39,2021-09-26 16:14:35,Bayard St & Leonard St,5442,Metropolitan Ave & Stewart Ave,5273,40.71915571696044,-73.94885390996933,40.71401,-73.92793,member
630525,994E82B655F0CEE7,electric_bike,2021-09-19 20:47:49,2021-09-19 21:10:16,Bayard St & Leonard St,5442,Thompson St & Bleecker St,5721,40.71915571696044,-73.94885390996933,40.72840059450829,-73.99968780577183,casual
638842,1762911B33114F99,classic_bike,2021-09-27 18:51:46,2021-09-27 18:55:13,Bayard St & Leonard St,5442,Withers St & Kingsland Ave,5362,40.71915571696044,-73.94885390996933,40.71773,-73.94051,member
638847,615649D906AE5660,electric_bike,2021-09-16 21:08:05,2021-09-16 21:27:20,Bayard St & Leonard St,5442,DeKalb Ave & Franklin Ave,4528,40.71915571696044,-73.94885390996933,40.69064807082943,-73.95746178925037,member
638862,6565150C70CC79D6,classic_bike,2021-09-10 18:36:56,2021-09-10 18:40:56,Bayard St & Leonard St,5442,Withers St & Kingsland Ave,5362,40.71915571696044,-73.94885390996933,40.71773,-73.94051,member
638875,30A2639C1225FD5F,classic_bike,2021-09-29 19:04:40,2021-09-29 19:31:06,Bayard St & Leonard St,5442,Ashland Pl & Dekalb Ave,4513,40.71915571696044,-73.94885390996933,40.690065,-73.978776,casual
639354,1E8AB95342FA191F,classic_bike,2021-09-22 17:35:48,2021-09-22 18:02:56,Bayard St & Leonard St,5442,Ashland Pl & Dekalb Ave,4513,40.71915571696044,-73.94885390996933,40.690065,-73.978776,casual
640217,5B08EACC8719A179,classic_bike,2021-09-27 22:00:59,2021-09-27 22:06:28,Manhattan Av & Leonard St,5442,Withers St & Kingsland Ave,5362,40.72084,-73.94844,40.71773,-73.94051,member
643078,4D86410BB508E15A,classic_bike,2021-09-25 23:40:48,2021-09-25 23:45:46,Manhattan Av & Leonard St,5442,Withers St & Kingsland Ave,5362,40.72084,-73.94844,40.71773,-73.94051,member
643142,0D3C3F17D939FCAC,classic_bike,2021-09-03 19:57:16,2021-09-03 20:03:23,Manhattan Av & Leonard St,5442,Withers St & Kingsland Ave,5362,40.72084,-73.94844,40.71773,-73.94051,casual
648585,02C0786E0BCC1747,classic_bike,2021-09-20 15:38:25,2021-09-20 15:47:56,Bayard St & Leonard St,5442,Withers St & Kingsland Ave,5362,40.71915571696044,-73.94885390996933,40.71773,-73.94051,member
648603,781636489B65DD04,classic_bike,2021-09-26 15:37:15,2021-09-26 15:43:37,Bayard St & Leonard St,5442,Withers St & Kingsland Ave,5362,40.71915571696044,-73.94885390996933,40.71773,-73.94051,member
648616,A6DC0B7DC4911649,classic_bike,2021-09-03 12:49:43,2021-09-03 12:59:48,Bayard St & Leonard St,5442,Withers St & Kingsland Ave,5362,40.71915571696044,-73.94885390996933,40.71773,-73.94051,member
648624,A8AF02CBD424D30D,classic_bike,2021-09-07 16:55:51,2021-09-07 17:09:29,Bayard St & Leonard St,5442,Withers St & Kingsland Ave,5362,40.71915571696044,-73.94885390996933,40.71773,-73.94051,member
649164,39C996D0C8E9CAC3,classic_bike,2021-09-07 08:28:22,2021-09-07 08:34:14,Manhattan Av & Leonard St,5442,Withers St & Kingsland Ave,5362,40.72084,-73.94844,40.71773,-73.94051,member
649177,3783F5F4759066AB,classic_bike,2021-09-30 16:06:23,2021-09-30 16:24:39,Manhattan Av & Leonard St,5442,DeKalb Ave & Franklin Ave,4528,40.72084,-73.94844,40.69064807082943,-73.95746178925037,member
649178,8D053C56F520AA0D,electric_bike,2021-09-04 16:22:34,2021-09-04 16:26:03,Manhattan Av & Leonard St,5442,Withers St & Kingsland Ave,5362,40.72084,-73.94844,40.71773,-73.94051,member
649192,A9CAC9DD055F084A,classic_bike,2021-09-16 23:59:16,2021-09-17 00:04:28,Manhattan Av & Leonard St,5442,Withers St & Kingsland Ave,5362,40.72084,-73.94844,40.71773,-73.94051,member
649201,2C53478238FB9496,classic_bike,2021-09-29 10:00:57,2021-09-29 10:22:48,Manhattan Av & Leonard St,5442,DeKalb Ave & Franklin Ave,4528,40.72084,-73.94844,40.69064807082943,-73.95746178925037,casual
649209,6791B0035F7F1D22,classic_bike,2021-09-22 13:51:17,2021-09-22 14:08:08,Manhattan Av & Leonard St,5442,DeKalb Ave & Franklin Ave,4528,40.72084,-73.94844,40.69064807082943,-73.95746178925037,casual
649299,36E9DF1AE5EF297E,classic_bike,2021-09-02 19:47:28,2021-09-02 19:50:59,Bayard St & Leonard St,5442,Withers St & Kingsland Ave,5362,40.71915571696044,-73.94885390996933,40.71773,-73.94051,member
649312,5FE40EC7FB76D663,classic_bike,2021-09-08 22:40:52,2021-09-09 00:12:39,Bayard St & Leonard St,5442,DeKalb Ave & Franklin Ave,4528,40.71915571696044,-73.94885390996933,40.69064807082943,-73.95746178925037,casual
649342,788D8F2231BF9BDA,electric_bike,2021-09-29 22:03:04,2021-09-29 22:45:53,Bayard St & Leonard St,5442,Columbus Ave & W 72 St,7175,40.71915571696044,-73.94885390996933,40.7770575,-73.97898475,member
649343,502589B5C76A6D47,classic_bike,2021-09-29 19:05:04,2021-09-29 19:31:39,Bayard St & Leonard St,5442,Ashland Pl & Dekalb Ave,4513,40.71915571696044,-73.94885390996933,40.690065,-73.978776,casual
650378,6FBD4AB2F964F381,classic_bike,2021-09-05 17:41:01,2021-09-05 17:47:45,Manhattan Av & Leonard St,5442,Withers St & Kingsland Ave,5362,40.72084,-73.94844,40.71773,-73.94051,member
650383,FDE48F7BEBA3F422,classic_bike,2021-09-14 20:44:13,2021-09-14 20:48:02,Bayard St & Leonard St,5442,Withers St & Kingsland Ave,5362,40.71915571696044,-73.94885390996933,40.71773,-73.94051,member
657852,AEB3336A1A8EF64D,classic_bike,2021-09-04 00:23:01,2021-09-04 00:37:15,Bayard St & Leonard St,5442,India St Pier,5794,40.71915571696044,-73.94885390996933,40.731734785883454,-73.9612390102593,member
657861,0756046B4E381ED8,classic_bike,2021-09-03 17:30:20,2021-09-03 17:40:14,Bayard St & Leonard St,5442,India St Pier,5794,40.71915571696044,-73.94885390996933,40.731734785883454,-73.9612390102593,member
657915,39EEE232094D1E91,classic_bike,2021-09-18 20:36:05,2021-09-18 20:50:17,Bayard St & Leonard St,5442,India St Pier,5794,40.71915571696044,-73.94885390996933,40.731734785883454,-73.9612390102593,casual
658789,AD932F06E136C9FB,electric_bike,2021-09-24 19:08:59,2021-09-24 19:25:55,Bayard St & Leonard St,5442,Henry St & Grand St,5294,40.71915571696044,-73.94885390996933,40.714211,-73.981095,member
663497,E5A372E0E40CBF56,classic_bike,2021-09-03 19:41:44,2021-09-03 19:58:22,Manhattan Av & Leonard St,5442,Henry St & Grand St,5294,40.72084,-73.94844,40.714211,-73.981095,member
672672,1BC6C10006415FC9,electric_bike,2021-09-04 19:36:59,2021-09-04 19:51:29,Bayard St & Leonard St,5442,Henry St & Grand St,5294,40.71915571696044,-73.94885390996933,40.714211,-73.981095,member
672691,FC0F69C7F53DC6B3,classic_bike,2021-09-18 20:35:37,2021-09-18 20:50:25,Bayard St & Leonard St,5442,India St Pier,5794,40.71915571696044,-73.94885390996933,40.731734785883454,-73.9612390102593,casual
672741,0FFA7225C9AFF475,classic_bike,2021-09-20 20:58:26,2021-09-20 21:12:16,Bayard St & Leonard St,5442,India St Pier,5794,40.71915571696044,-73.94885390996933,40.731734785883454,-73.9612390102593,member
672760,D8ED238F557BA6D3,electric_bike,2021-09-12 19:01:52,2021-09-12 19:10:34,Bayard St & Leonard St,5442,India St Pier,5794,40.71915571696044,-73.94885390996933,40.731734785883454,-73.9612390102593,casual
672761,09A085D6B8F06150,classic_bike,2021-09-20 18:36:32,2021-09-20 18:45:43,Bayard St & Leonard St,5442,India St Pier,5794,40.71915571696044,-73.94885390996933,40.731734785883454,-73.9612390102593,casual
689595,AB88F0A8FDD56717,electric_bike,2021-09-18 10:46:27,2021-09-18 11:13:28,Bayard St & Leonard St,5442,W 22 St & 8 Ave,6224,40.71915571696044,-73.94885390996933,40.74475148,-73.99915362,casual
691038,15D7774CC12EACF6,electric_bike,2021-09-18 15:39:23,2021-09-18 16:03:38,Manhattan Av & Leonard St,5442,Cypress Ave & Palmetto St,4921,40.72084,-73.94844,40.70157340873792,-73.90876293182373,casual
692431,0C2F17E3A5197CA7,classic_bike,2021-09-04 10:29:25,2021-09-04 11:15:09,Manhattan Av & Leonard St,5442,W 22 St & 8 Ave,6224,40.72084,-73.94844,40.74475148,-73.99915362,casual
703029,0EEF186283094D11,classic_bike,2021-09-24 08:39:34,2021-09-24 08:58:17,Bayard St & Leonard St,5442,Nassau St\t& Duffield St,4781,40.71915571696044,-73.94885390996933,40.698477,-73.98384,member
705898,05B03C79374FD8E9,classic_bike,2021-09-25 18:27:31,2021-09-25 19:05:42,Bayard St & Leonard St,5442,Crescent St & 34 Ave,6759,40.71915571696044,-73.94885390996933,40.76108,-73.930562,member
712878,AA82003CE5D75A76,classic_bike,2021-09-12 15:57:35,2021-09-12 16:10:32,Manhattan Av & Leonard St,5442,Union Ave & Wallabout St,4818,40.72084,-73.94844,40.70029511,-73.95032283,member
712940,50CF3C6597A64212,classic_bike,2021-09-12 17:07:28,2021-09-12 17:22:33,Manhattan Av & Leonard St,5442,Union Ave & Wallabout St,4818,40.72084,-73.94844,40.70029511,-73.95032283,member
713117,57B722EB8BC46C8E,classic_bike,2021-09-07 15:55:51,2021-09-07 16:11:58,Manhattan Av & Leonard St,5442,Stockholm St & Wilson Ave,4824,40.72084,-73.94844,40.699304,-73.923044,member
713662,779B6C8ABDC2AA82,classic_bike,2021-09-08 16:51:24,2021-09-08 17:05:39,Manhattan Av & Leonard St,5442,Union Ave & Wallabout St,4818,40.72084,-73.94844,40.70029511,-73.95032283,member
717469,DC7F67A83BD079FA,classic_bike,2021-09-12 18:50:47,2021-09-12 19:05:10,Bayard St & Leonard St,5442,Willoughby Ave & Onderdonk Ave,5115,40.71915571696044,-73.94885390996933,40.7098,-73.91727,member
717470,1D818F3EA7354722,classic_bike,2021-09-08 19:23:25,2021-09-08 19:40:16,Bayard St & Leonard St,5442,Stockholm St & Wilson Ave,4824,40.71915571696044,-73.94885390996933,40.699304,-73.923044,member
725317,1F463FA90B244AF8,classic_bike,2021-09-12 19:30:51,2021-09-12 19:46:38,Bayard St & Leonard St,5442,Lorimer St & Broadway,4965,40.71915571696044,-73.94885390996933,40.70411791,-73.94818595,casual
725319,B2A533D613FB39D3,classic_bike,2021-09-12 19:30:37,2021-09-12 19:46:45,Bayard St & Leonard St,5442,Lorimer St & Broadway,4965,40.71915571696044,-73.94885390996933,40.70411791,-73.94818595,casual
725328,AE4B2B9220A5BA48,electric_bike,2021-09-05 22:12:50,2021-09-05 22:26:02,Bayard St & Leonard St,5442,Stockholm St & Wilson Ave,4824,40.71915571696044,-73.94885390996933,40.699304,-73.923044,casual
725369,FB8FF595FE945C58,classic_bike,2021-09-25 22:22:03,2021-09-25 22:39:53,Bayard St & Leonard St,5442,Stockholm St & Wilson Ave,4824,40.71915571696044,-73.94885390996933,40.699304,-73.923044,member
725480,E664DB273AB75D2A,electric_bike,2021-09-30 10:43:00,2021-09-30 11:02:16,Bayard St & Leonard St,5442,Stockholm St & Wilson Ave,4824,40.71915571696044,-73.94885390996933,40.699304,-73.923044,casual
725498,D98029508F19CBFF,electric_bike,2021-09-23 16:48:26,2021-09-23 17:05:55,Bayard St & Leonard St,5442,Stockholm St & Wilson Ave,4824,40.71915571696044,-73.94885390996933,40.699304,-73.923044,casual
725515,96CF5F4A8104826A,classic_bike,2021-09-02 14:02:30,2021-09-02 14:19:44,Bayard St & Leonard St,5442,Union Ave & Wallabout St,4818,40.71915571696044,-73.94885390996933,40.70029511,-73.95032283,casual
728192,42E74B7A7AFA8AC0,electric_bike,2021-09-14 23:47:27,2021-09-15 00:01:51,Manhattan Av & Leonard St,5442,Stockholm St & Wilson Ave,4824,40.72084,-73.94844,40.699304,-73.923044,casual
728381,39F2D3887F037AC2,classic_bike,2021-09-03 18:48:49,2021-09-03 19:02:42,Manhattan Av & Leonard St,5442,Union Ave & Wallabout St,4818,40.72084,-73.94844,40.70029511,-73.95032283,member
731271,522F6559DB6A61BE,classic_bike,2021-09-09 00:20:50,2021-09-09 00:23:42,Manhattan Av & Leonard St,5442,Richardson St & N Henry St,5433,40.72084,-73.94844,40.71907891179564,-73.94223690032959,member
734537,8A073CF5B8D87D47,electric_bike,2021-09-30 21:15:14,2021-09-30 21:23:32,Manhattan Av & Leonard St,5442,Tompkins Ave & Hopkins St,4850,40.72084,-73.94844,40.69957608,-73.94708417,member
734547,C0F238F336E7AAC5,classic_bike,2021-09-09 22:53:30,2021-09-09 23:05:56,Manhattan Av & Leonard St,5442,Tompkins Ave & Hopkins St,4850,40.72084,-73.94844,40.69957608,-73.94708417,member
734575,3D8626DF2B727944,classic_bike,2021-09-29 19:06:21,2021-09-29 19:10:26,Manhattan Av & Leonard St,5442,Richardson St & N Henry St,5433,40.72084,-73.94844,40.71907891179564,-73.94223690032959,member
734583,15C8E9D8913F9A30,classic_bike,2021-09-09 22:53:54,2021-09-09 23:05:46,Manhattan Av & Leonard St,5442,Tompkins Ave & Hopkins St,4850,40.72084,-73.94844,40.69957608,-73.94708417,casual
734593,25BEB81FE891D30C,classic_bike,2021-09-11 03:13:25,2021-09-11 03:28:55,Manhattan Av & Leonard St,5442,Tompkins Ave & Hopkins St,4850,40.72084,-73.94844,40.69957608,-73.94708417,member
734645,7B43F4C137A3060D,classic_bike,2021-09-03 01:25:49,2021-09-03 01:30:27,Manhattan Av & Leonard St,5442,Richardson St & N Henry St,5433,40.72084,-73.94844,40.71907891179564,-73.94223690032959,casual
734768,D5022E5871EF7E17,classic_bike,2021-09-22 16:13:21,2021-09-22 16:16:29,Bayard St & Leonard St,5442,Richardson St & N Henry St,5433,40.71915571696044,-73.94885390996933,40.71907891179564,-73.94223690032959,member
734771,FD0C9FE2AEB80192,classic_bike,2021-09-24 19:26:04,2021-09-24 19:30:27,Bayard St & Leonard St,5442,Richardson St & N Henry St,5433,40.71915571696044,-73.94885390996933,40.71907891179564,-73.94223690032959,member
734994,BD73A53C7E47C6A1,classic_bike,2021-09-14 21:00:43,2021-09-14 21:30:10,Bayard St & Leonard St,5442,Bedford Ave & Bergen St,4066,40.71915571696044,-73.94885390996933,40.676368,-73.952918,member
734996,8F21D0C4528E8816,classic_bike,2021-09-24 21:10:59,2021-09-24 21:33:47,Bayard St & Leonard St,5442,Bedford Ave & Bergen St,4066,40.71915571696044,-73.94885390996933,40.676368,-73.952918,member
737619,2414C59190AD2D87,classic_bike,2021-09-01 00:46:27,2021-09-01 00:57:24,Manhattan Av & Leonard St,5442,Tompkins Ave & Hopkins St,4850,40.72084,-73.94844,40.69957608,-73.94708417,member
737621,703E272E693D474A,electric_bike,2021-09-09 22:32:30,2021-09-09 22:50:50,Manhattan Av & Leonard St,5442,Pulaski St & Marcus Garvey Blvd,4656,40.72084,-73.94844,40.6933982,-73.939877,member
740233,302C3BE89EE70C51,classic_bike,2021-09-19 11:27:10,2021-09-19 11:31:25,Bayard St & Leonard St,5442,Richardson St & N Henry St,5433,40.71915571696044,-73.94885390996933,40.71907891179564,-73.94223690032959,member
740268,243310A684DE0778,classic_bike,2021-09-03 19:42:47,2021-09-03 19:51:22,Bayard St & Leonard St,5442,Richardson St & N Henry St,5433,40.71915571696044,-73.94885390996933,40.71907891179564,-73.94223690032959,member
740290,52AE65AAF701BB15,classic_bike,2021-09-10 19:04:44,2021-09-10 19:40:27,Bayard St & Leonard St,5442,Grand Ave & Bergen St,4190,40.71915571696044,-73.94885390996933,40.678045,-73.962408,member
740306,A63BEF0012743994,classic_bike,2021-09-25 12:03:26,2021-09-25 12:06:54,Bayard St & Leonard St,5442,Richardson St & N Henry St,5433,40.71915571696044,-73.94885390996933,40.71907891179564,-73.94223690032959,member
742704,2739A38E8A25D542,classic_bike,2021-09-25 19:03:59,2021-09-25 19:12:30,Bayard St & Leonard St,5442,Richardson St & N Henry St,5433,40.71915571696044,-73.94885390996933,40.71907891179564,-73.94223690032959,member
742705,F981244F149563E4,electric_bike,2021-09-27 17:06:03,2021-09-27 17:09:47,Bayard St & Leonard St,5442,Richardson St & N Henry St,5433,40.71915571696044,-73.94885390996933,40.71907891179564,-73.94223690032959,member
742735,B62D1C6AB95CC88E,classic_bike,2021-09-07 21:06:42,2021-09-07 21:31:35,Bayard St & Leonard St,5442,Bedford Ave & Bergen St,4066,40.71915571696044,-73.94885390996933,40.676368,-73.952918,member
749272,9DC6E0E7EF02DFE5,classic_bike,2021-09-23 09:00:56,2021-09-23 09:33:17,Bayard St & Leonard St,5442,Richardson St & N Henry St,5433,40.71915571696044,-73.94885390996933,40.71907891179564,-73.94223690032959,member
750091,E550B7E512A9E13F,electric_bike,2021-09-18 11:29:51,2021-09-18 11:41:36,Bayard St & Leonard St,5442,Tompkins Ave & Hopkins St,4850,40.71915571696044,-73.94885390996933,40.69957608,-73.94708417,member
750093,D76CAD39461C5D2B,classic_bike,2021-09-14 19:43:27,2021-09-14 19:54:34,Bayard St & Leonard St,5442,Tompkins Ave & Hopkins St,4850,40.71915571696044,-73.94885390996933,40.69957608,-73.94708417,member
750094,198E52FE7283DDAC,electric_bike,2021-09-08 22:02:17,2021-09-08 22:09:49,Bayard St & Leonard St,5442,Tompkins Ave & Hopkins St,4850,40.71915571696044,-73.94885390996933,40.69957608,-73.94708417,member
750149,19713A3C5270B57D,classic_bike,2021-09-26 17:02:45,2021-09-26 17:05:11,Bayard St & Leonard St,5442,Richardson St & N Henry St,5433,40.71915571696044,-73.94885390996933,40.71907891179564,-73.94223690032959,member
750223,4093CB996084CDBA,electric_bike,2021-09-18 18:01:46,2021-09-18 18:31:06,Bayard St & Leonard St,5442,Bedford Ave & Bergen St,4066,40.71915571696044,-73.94885390996933,40.676368,-73.952918,member
756525,9A1F0DDE3D13FA0C,electric_bike,2021-09-09 21:32:20,2021-09-09 21:40:19,Manhattan Av & Leonard St,5442,Tompkins Ave & Hopkins St,4850,40.72084,-73.94844,40.69957608,-73.94708417,member
756544,844B70D4A0CF7E09,classic_bike,2021-09-26 19:33:14,2021-09-26 19:37:21,Manhattan Av & Leonard St,5442,Richardson St & N Henry St,5433,40.72084,-73.94844,40.71907891179564,-73.94223690032959,member
756545,27826546E6387888,classic_bike,2021-09-06 20:13:06,2021-09-06 20:24:13,Manhattan Av & Leonard St,5442,Tompkins Ave & Hopkins St,4850,40.72084,-73.94844,40.69957608,-73.94708417,member
759220,494E9D333CB9F7C5,classic_bike,2021-09-20 20:22:36,2021-09-20 20:26:23,Manhattan Av & Leonard St,5442,Richardson St & N Henry St,5433,40.72084,-73.94844,40.71907891179564,-73.94223690032959,member
763834,AFC8196A36167393,electric_bike,2021-09-28 19:12:23,2021-09-28 19:20:51,Manhattan Av & Leonard St,5442,Tompkins Ave & Hopkins St,4850,40.72084,-73.94844,40.69957608,-73.94708417,member
764474,206526F802D74A3D,classic_bike,2021-09-09 08:09:41,2021-09-09 08:19:33,Bayard St & Leonard St,5442,Tompkins Ave & Hopkins St,4850,40.71915571696044,-73.94885390996933,40.69957608,-73.94708417,member
764476,4BD173369A1610D5,classic_bike,2021-09-02 19:17:41,2021-09-02 19:31:43,Bayard St & Leonard St,5442,Tompkins Ave & Hopkins St,4850,40.71915571696044,-73.94885390996933,40.69957608,-73.94708417,casual
764514,87498A7965354533,classic_bike,2021-09-22 20:59:47,2021-09-22 21:28:19,Bayard St & Leonard St,5442,Bedford Ave & Bergen St,4066,40.71915571696044,-73.94885390996933,40.676368,-73.952918,member
764526,4C7EF50DBFFFF95B,classic_bike,2021-09-26 20:09:36,2021-09-26 20:12:35,Bayard St & Leonard St,5442,Richardson St & N Henry St,5433,40.71915571696044,-73.94885390996933,40.71907891179564,-73.94223690032959,member
764532,28FB2F4E4BFA1471,electric_bike,2021-09-30 17:24:55,2021-09-30 17:27:04,Bayard St & Leonard St,5442,Richardson St & N Henry St,5433,40.71915571696044,-73.94885390996933,40.71907891179564,-73.94223690032959,member
764533,38024830E7916CEF,classic_bike,2021-09-14 20:11:33,2021-09-14 20:18:21,Bayard St & Leonard St,5442,Richardson St & N Henry St,5433,40.71915571696044,-73.94885390996933,40.71907891179564,-73.94223690032959,member
765616,3D9359F8EF9E6AC0,classic_bike,2021-09-02 19:17:24,2021-09-02 19:31:07,Bayard St & Leonard St,5442,Tompkins Ave & Hopkins St,4850,40.71915571696044,-73.94885390996933,40.69957608,-73.94708417,casual
765617,E87D450B11DED720,classic_bike,2021-09-10 23:33:06,2021-09-10 23:52:16,Bayard St & Leonard St,5442,Pulaski St & Marcus Garvey Blvd,4656,40.71915571696044,-73.94885390996933,40.6933982,-73.939877,casual
765669,4E91CB9E0C8BF00D,classic_bike,2021-09-07 14:44:08,2021-09-07 14:47:27,Bayard St & Leonard St,5442,Richardson St & N Henry St,5433,40.71915571696044,-73.94885390996933,40.71907891179564,-73.94223690032959,member
765816,18FA0FCD927079DC,classic_bike,2021-09-20 17:13:46,2021-09-20 17:35:24,Bayard St & Leonard St,5442,Washington Park,4546,40.71915571696044,-73.94885390996933,40.6917823,-73.9737299,member
772755,671B36F5CF6F7271,classic_bike,2021-09-07 23:49:00,2021-09-08 00:01:51,Manhattan Av & Leonard St,5442,Waterbury St & Stagg St,5099,40.72084,-73.94844,40.71019,-73.93734,member
772827,1EDCC3567884361A,classic_bike,2021-09-10 02:39:52,2021-09-10 02:49:05,Manhattan Av & Leonard St,5442,Waterbury St & Stagg St,5099,40.72084,-73.94844,40.71019,-73.93734,member
775272,0031CCD885B3A0CF,electric_bike,2021-09-10 08:11:29,2021-09-10 08:30:10,Manhattan Av & Leonard St,5442,Vernon Blvd & 31 Ave,7003,40.72084,-73.94844,40.7692475,-73.9354504,member
781659,8376993FDB7EBE23,classic_bike,2021-09-06 13:47:17,2021-09-06 14:15:51,Manhattan Av & Leonard St,5442,Nassau St & Navy St,4812,40.72084,-73.94844,40.69839895,-73.98068914,member
781665,5F4D6F215C43DE11,electric_bike,2021-09-13 00:27:19,2021-09-13 00:35:54,Manhattan Av & Leonard St,5442,Waterbury St & Stagg St,5099,40.72084,-73.94844,40.71019,-73.93734,member
781666,AFC68C819B0DF777,electric_bike,2021-09-12 22:42:09,2021-09-12 22:50:31,Manhattan Av & Leonard St,5442,Waterbury St & Stagg St,5099,40.72084,-73.94844,40.71019,-73.93734,member
781783,EB6712885A57F76B,classic_bike,2021-09-18 11:11:50,2021-09-18 11:17:50,Manhattan Av & Leonard St,5442,Kent St & McGuinness Blvd,5785,40.72084,-73.94844,40.73124,-73.95161,casual
781785,B58A12B7B592432F,electric_bike,2021-09-06 14:38:27,2021-09-06 15:57:25,Manhattan Av & Leonard St,5442,Knickerbocker Ave & Halsey St,4623,40.72084,-73.94844,40.693,-73.90824,casual
781792,B0F5431063877C16,classic_bike,2021-09-07 11:56:17,2021-09-07 12:02:26,Manhattan Av & Leonard St,5442,Kent St & McGuinness Blvd,5785,40.72084,-73.94844,40.73124,-73.95161,member
782246,7F38C0FD04E2588C,classic_bike,2021-09-04 02:18:30,2021-09-04 02:34:13,Manhattan Av & Leonard St,5442,Waterbury St & Stagg St,5099,40.72084,-73.94844,40.71019,-73.93734,member
782357,9FE91633761A4016,classic_bike,2021-09-29 14:41:05,2021-09-29 14:54:42,Manhattan Av & Leonard St,5442,Waterbury St & Stagg St,5099,40.72084,-73.94844,40.71019,-73.93734,casual
782737,A327C35A320E50C1,classic_bike,2021-09-09 00:35:56,2021-09-09 00:47:36,Manhattan Av & Leonard St,5442,Waterbury St & Stagg St,5099,40.72084,-73.94844,40.71019,-73.93734,member
784058,25303536D6578EE3,electric_bike,2021-09-04 15:17:00,2021-09-04 15:45:53,Bayard St & Leonard St,5442,Washington Park,4546,40.71915571696044,-73.94885390996933,40.6917823,-73.9737299,member
784064,4DF3B2D31BB12773,classic_bike,2021-09-27 07:36:14,2021-09-27 07:56:46,Bayard St & Leonard St,5442,Willoughby Ave & Myrtle Ave,4759,40.71915571696044,-73.94885390996933,40.69757,-73.93098,member
784100,03827A1B8C80D713,classic_bike,2021-09-25 16:39:48,2021-09-25 17:19:21,Bayard St & Leonard St,5442,Washington Park,4546,40.71915571696044,-73.94885390996933,40.6917823,-73.9737299,casual
784107,7726C49FC03FD8A1,classic_bike,2021-09-29 08:03:40,2021-09-29 08:15:57,Bayard St & Leonard St,5442,Kent St & McGuinness Blvd,5785,40.71915571696044,-73.94885390996933,40.73124,-73.95161,member
784112,7A4F3828F7AE45C7,electric_bike,2021-09-13 16:55:23,2021-09-13 17:05:06,Bayard St & Leonard St,5442,Waterbury St & Stagg St,5099,40.71915571696044,-73.94885390996933,40.71019,-73.93734,member
784160,FE1B5D65DB38825E,classic_bike,2021-09-17 14:03:16,2021-09-17 14:23:26,Bayard St & Leonard St,5442,Willoughby Ave & Myrtle Ave,4759,40.71915571696044,-73.94885390996933,40.69757,-73.93098,member
784177,32F3DA9079735BAB,classic_bike,2021-09-03 13:04:34,2021-09-03 13:13:23,Bayard St & Leonard St,5442,Kent St & McGuinness Blvd,5785,40.71915571696044,-73.94885390996933,40.73124,-73.95161,member
784180,528FBD14609035A1,electric_bike,2021-09-27 20:14:54,2021-09-27 20:34:37,Bayard St & Leonard St,5442,Willoughby Ave & Myrtle Ave,4759,40.71915571696044,-73.94885390996933,40.69757,-73.93098,casual
784581,5DD5C64763A0B0C0,classic_bike,2021-09-21 16:55:28,2021-09-21 17:05:18,Bayard St & Leonard St,5442,Waterbury St & Stagg St,5099,40.71915571696044,-73.94885390996933,40.71019,-73.93734,member
784582,695D8ADCF9EBC8B9,classic_bike,2021-09-23 16:56:34,2021-09-23 17:07:17,Bayard St & Leonard St,5442,Waterbury St & Stagg St,5099,40.71915571696044,-73.94885390996933,40.71019,-73.93734,member
791881,0EBFB13F116E842C,electric_bike,2021-09-26 17:04:45,2021-09-26 17:19:08,Manhattan Av & Leonard St,5442,Willoughby Ave & Myrtle Ave,4759,40.72084,-73.94844,40.69757,-73.93098,casual
791885,369DF1ED4517A636,electric_bike,2021-09-04 13:27:57,2021-09-04 14:00:10,Manhattan Av & Leonard St,5442,Knickerbocker Ave & Halsey St,4623,40.72084,-73.94844,40.693,-73.90824,casual
797153,B5475C2053D18EB5,classic_bike,2021-09-10 17:02:04,2021-09-10 17:13:06,Bayard St & Leonard St,5442,Waterbury St & Stagg St,5099,40.71915571696044,-73.94885390996933,40.71019,-73.93734,member
797154,BE7811E8B2D70910,classic_bike,2021-09-02 16:58:24,2021-09-02 17:09:22,Bayard St & Leonard St,5442,Waterbury St & Stagg St,5099,40.71915571696044,-73.94885390996933,40.71019,-73.93734,member
797192,1716BB2AEED2FBFF,classic_bike,2021-09-15 08:00:34,2021-09-15 08:20:23,Bayard St & Leonard St,5442,Willoughby Ave & Myrtle Ave,4759,40.71915571696044,-73.94885390996933,40.69757,-73.93098,member
797212,217BB9FB36648114,classic_bike,2021-09-06 07:46:26,2021-09-06 07:54:56,Bayard St & Leonard St,5442,Waterbury St & Stagg St,5099,40.71915571696044,-73.94885390996933,40.71019,-73.93734,member
797224,FD9B049D753C50E5,classic_bike,2021-09-24 11:14:12,2021-09-24 11:23:38,Bayard St & Leonard St,5442,Kent St & McGuinness Blvd,5785,40.71915571696044,-73.94885390996933,40.73124,-73.95161,member
797226,75537057D55BB120,classic_bike,2021-09-25 09:08:38,2021-09-25 09:26:13,Bayard St & Leonard St,5442,Willoughby Ave & Myrtle Ave,4759,40.71915571696044,-73.94885390996933,40.69757,-73.93098,member
797231,9C1FE1BE772FAFF2,electric_bike,2021-09-10 11:29:26,2021-09-10 11:45:30,Bayard St & Leonard St,5442,Willoughby Ave & Myrtle Ave,4759,40.71915571696044,-73.94885390996933,40.69757,-73.93098,casual
798187,819805EDBB5B6325,classic_bike,2021-09-16 13:19:56,2021-09-16 13:33:49,Bayard St & Leonard St,5442,Kent St & McGuinness Blvd,5785,40.71915571696044,-73.94885390996933,40.73124,-73.95161,casual
798360,236DCA2D091B878B,classic_bike,2021-09-13 08:48:58,2021-09-13 09:09:40,Bayard St & Leonard St,5442,Willoughby Ave & Myrtle Ave,4759,40.71915571696044,-73.94885390996933,40.69757,-73.93098,member
798857,F19AA800675DB37A,classic_bike,2021-09-19 04:48:49,2021-09-19 05:10:01,Bayard St & Leonard St,5442,Nassau St & Navy St,4812,40.71915571696044,-73.94885390996933,40.69839895,-73.98068914,member
799877,367D7B1F33BADACB,classic_bike,2021-09-04 12:13:09,2021-09-04 12:23:56,Bayard St & Leonard St,5442,Powers St & Olive St,5210,40.71915571696044,-73.94885390996933,40.71323,-73.93894,member
799950,7DA2074BFE45EC1D,classic_bike,2021-09-22 20:21:14,2021-09-22 20:35:44,Bayard St & Leonard St,5442,Powers St & Olive St,5210,40.71915571696044,-73.94885390996933,40.71323,-73.93894,member
799951,36DAA12BDAAA40FA,electric_bike,2021-09-23 17:21:25,2021-09-23 17:31:03,Bayard St & Leonard St,5442,Powers St & Olive St,5210,40.71915571696044,-73.94885390996933,40.71323,-73.93894,member
799982,FE41331C03EF929E,classic_bike,2021-09-07 08:27:02,2021-09-07 09:05:27,Bayard St & Leonard St,5442,E 47 St & 2 Ave,6498,40.71915571696044,-73.94885390996933,40.75323098,-73.97032517,member
801472,B7BB51C32A11E20E,classic_bike,2021-09-24 20:46:40,2021-09-24 21:15:14,Bayard St & Leonard St,5442,Powers St & Olive St,5210,40.71915571696044,-73.94885390996933,40.71323,-73.93894,member
801474,A277F99C995A73D9,electric_bike,2021-09-22 20:14:41,2021-09-22 21:02:22,Bayard St & Leonard St,5442,Powers St & Olive St,5210,40.71915571696044,-73.94885390996933,40.71323,-73.93894,member
801599,FC6C5DFE916BCC1A,electric_bike,2021-09-20 14:35:04,2021-09-20 14:44:51,Bayard St & Leonard St,5442,Powers St & Olive St,5210,40.71915571696044,-73.94885390996933,40.71323,-73.93894,casual
804859,1F704F6A593D5010,classic_bike,2021-09-10 21:21:44,2021-09-10 21:30:40,Manhattan Av & Leonard St,5442,Powers St & Olive St,5210,40.72084,-73.94844,40.71323,-73.93894,member
804914,6E85AC428ECCC244,electric_bike,2021-09-17 18:59:21,2021-09-17 19:07:04,Manhattan Av & Leonard St,5442,Powers St & Olive St,5210,40.72084,-73.94844,40.71323,-73.93894,member
805273,69F9E5F5159AEDF4,electric_bike,2021-09-09 19:34:36,2021-09-09 19:43:11,Manhattan Av & Leonard St,5442,Powers St & Olive St,5210,40.72084,-73.94844,40.71323,-73.93894,member
807555,BC2B97D4B62C447F,classic_bike,2021-09-11 13:56:50,2021-09-11 14:06:21,Manhattan Av & Leonard St,5442,Powers St & Olive St,5210,40.72084,-73.94844,40.71323,-73.93894,casual
812938,38BA8641C143B19B,classic_bike,2021-09-30 10:10:03,2021-09-30 10:43:45,Bayard St & Leonard St,5442,E 47 St & 2 Ave,6498,40.71915571696044,-73.94885390996933,40.75323098,-73.97032517,member
812992,8B8B5B6CCAD2FC37,classic_bike,2021-09-21 20:31:00,2021-09-21 20:52:58,Bayard St & Leonard St,5442,Powers St & Olive St,5210,40.71915571696044,-73.94885390996933,40.71323,-73.93894,member
813031,55F52882DD5F7FDC,classic_bike,2021-09-20 21:24:03,2021-09-20 21:35:02,Bayard St & Leonard St,5442,Powers St & Olive St,5210,40.71915571696044,-73.94885390996933,40.71323,-73.93894,member
813298,6EC578D6A2406B71,classic_bike,2021-09-13 11:35:01,2021-09-13 11:54:10,Bayard St & Leonard St,5442,Powers St & Olive St,5210,40.71915571696044,-73.94885390996933,40.71323,-73.93894,member
826399,9F5791D0C5AA8C6B,classic_bike,2021-09-18 17:27:44,2021-09-18 17:35:43,Manhattan Av & Leonard St,5442,Powers St & Olive St,5210,40.72084,-73.94844,40.71323,-73.93894,member
827410,2A18EEFA61ABB14B,classic_bike,2021-09-17 11:12:37,2021-09-17 11:21:41,Manhattan Av & Leonard St,5442,Powers St & Olive St,5210,40.72084,-73.94844,40.71323,-73.93894,member
827434,EB9AA3FEBC3404B1,classic_bike,2021-09-02 20:00:01,2021-09-02 20:12:13,Manhattan Av & Leonard St,5442,Powers St & Olive St,5210,40.72084,-73.94844,40.71323,-73.93894,member
827436,EF412E37E29D4414,classic_bike,2021-09-18 19:27:15,2021-09-18 19:39:33,Manhattan Av & Leonard St,5442,Powers St & Olive St,5210,40.72084,-73.94844,40.71323,-73.93894,casual
827795,492D7EB16A782A95,classic_bike,2021-09-19 13:28:57,2021-09-19 13:36:25,Bayard St & Leonard St,5442,Powers St & Olive St,5210,40.71915571696044,-73.94885390996933,40.71323,-73.93894,member
827803,E7EBA6364AFACD6D,classic_bike,2021-09-07 09:14:59,2021-09-07 09:58:56,Bayard St & Leonard St,5442,E 47 St & 2 Ave,6498,40.71915571696044,-73.94885390996933,40.75323098,-73.97032517,member
827806,70BCCD9BAAF9498C,electric_bike,2021-09-16 11:00:34,2021-09-16 11:51:46,Bayard St & Leonard St,5442,E 85 St & 3 Ave,7212,40.71915571696044,-73.94885390996933,40.77801203,-73.95407149,member
827876,BF04E8D285CDF232,classic_bike,2021-09-17 08:56:18,2021-09-17 09:27:29,Bayard St & Leonard St,5442,E 47 St & 2 Ave,6498,40.71915571696044,-73.94885390996933,40.75323098,-73.97032517,member
827882,B862EF5756721846,classic_bike,2021-09-13 20:38:50,2021-09-13 20:48:27,Bayard St & Leonard St,5442,Powers St & Olive St,5210,40.71915571696044,-73.94885390996933,40.71323,-73.93894,casual
829135,29BBBA384F4984B1,classic_bike,2021-09-18 17:27:44,2021-09-18 17:35:43,Manhattan Av & Leonard St,5442,Powers St & Olive St,5210,40.72084,-73.94844,40.71323,-73.93894,member
829148,E6118169C900BB54,classic_bike,2021-09-03 02:54:13,2021-09-03 03:04:40,Manhattan Av & Leonard St,5442,Powers St & Olive St,5210,40.72084,-73.94844,40.71323,-73.93894,member
829270,39FBBF87C467D888,electric_bike,2021-09-27 18:21:49,2021-09-27 18:55:52,Manhattan Av & Leonard St,5442,E 47 St & 2 Ave,6498,40.72084,-73.94844,40.75323098,-73.97032517,member
830265,BC13F7100C136453,electric_bike,2021-09-30 21:12:33,2021-09-30 21:50:01,Manhattan Av & Leonard St,5442,Powers St & Olive St,5210,40.72084,-73.94844,40.71323,-73.93894,member
830351,3347FABCCDDCBF42,classic_bike,2021-09-15 13:46:35,2021-09-15 13:53:05,Bayard St & Leonard St,5442,Berry St & N 8 St,5379,40.71915571696044,-73.94885390996933,40.7190095,-73.95852515,member
830359,1E27541C56449722,classic_bike,2021-09-27 13:56:45,2021-09-27 14:02:43,Bayard St & Leonard St,5442,Berry St & N 8 St,5379,40.71915571696044,-73.94885390996933,40.7190095,-73.95852515,member
830368,A835DC463F99BC9F,classic_bike,2021-09-22 12:46:00,2021-09-22 12:51:40,Bayard St & Leonard St,5442,Berry St & N 8 St,5379,40.71915571696044,-73.94885390996933,40.7190095,-73.95852515,member
830447,26CEE7191F09E4EC,classic_bike,2021-09-25 14:04:07,2021-09-25 14:49:52,Bayard St & Leonard St,5442,Berry St & N 8 St,5379,40.71915571696044,-73.94885390996933,40.7190095,-73.95852515,casual
830475,EA5A79D85B3A91C5,classic_bike,2021-09-21 19:37:27,2021-09-21 19:47:09,Bayard St & Leonard St,5442,Berry St & N 8 St,5379,40.71915571696044,-73.94885390996933,40.7190095,-73.95852515,member
830476,EC4F4D75570D8EF1,classic_bike,2021-09-01 12:49:40,2021-09-01 13:00:23,Bayard St & Leonard St,5442,Berry St & N 8 St,5379,40.71915571696044,-73.94885390996933,40.7190095,-73.95852515,casual
831814,CC208D39DE2C842E,classic_bike,2021-09-06 19:21:53,2021-09-06 19:27:23,Bayard St & Leonard St,5442,Berry St & N 8 St,5379,40.71915571696044,-73.94885390996933,40.7190095,-73.95852515,member
834218,6A41BEA88676602E,classic_bike,2021-09-02 07:33:31,2021-09-02 07:39:02,Bayard St & Leonard St,5442,Berry St & N 8 St,5379,40.71915571696044,-73.94885390996933,40.7190095,-73.95852515,member
834269,055C91C4E2A25A21,classic_bike,2021-09-29 22:03:50,2021-09-29 22:45:37,Bayard St & Leonard St,5442,Central Park West & W 76 St,7253,40.71915571696044,-73.94885390996933,40.77896784,-73.97374737,member
834674,14DAB9C9C2CC0460,classic_bike,2021-09-07 17:46:19,2021-09-07 17:52:03,Bayard St & Leonard St,5442,Berry St & N 8 St,5379,40.71915571696044,-73.94885390996933,40.7190095,-73.95852515,member
834677,7AAA9E7A7B992132,classic_bike,2021-09-02 12:22:12,2021-09-02 12:28:59,Bayard St & Leonard St,5442,Berry St & N 8 St,5379,40.71915571696044,-73.94885390996933,40.7190095,-73.95852515,member
835732,E5863292F94C63BB,classic_bike,2021-09-18 16:18:27,2021-09-18 16:26:21,Bayard St & Leonard St,5442,Berry St & N 8 St,5379,40.71915571696044,-73.94885390996933,40.7190095,-73.95852515,member
835743,3FB4FB88DCA7A86F,classic_bike,2021-09-20 18:48:49,2021-09-20 18:55:28,Bayard St & Leonard St,5442,Berry St & N 8 St,5379,40.71915571696044,-73.94885390996933,40.7190095,-73.95852515,casual
835781,20E392BE0CB0B3E0,electric_bike,2021-09-01 18:30:27,2021-09-01 18:34:55,Bayard St & Leonard St,5442,Berry St & N 8 St,5379,40.71915571696044,-73.94885390996933,40.7190095,-73.95852515,member
835785,03A38FB85A422C40,classic_bike,2021-09-05 15:01:34,2021-09-05 15:05:46,Bayard St & Leonard St,5442,Berry St & N 8 St,5379,40.71915571696044,-73.94885390996933,40.7190095,-73.95852515,member
841080,F895C1699694F731,classic_bike,2021-09-06 11:44:17,2021-09-06 12:03:44,Bayard St & Leonard St,5442,Greene Ave & Throop Ave,4510,40.71915571696044,-73.94885390996933,40.6894932,-73.942061,casual
842359,DA0364CE10099C69,electric_bike,2021-09-15 18:28:50,2021-09-15 18:35:27,Bayard St & Leonard St,5442,Berry St & N 8 St,5379,40.71915571696044,-73.94885390996933,40.7190095,-73.95852515,member
842361,50A4ADF6DC97A7A3,classic_bike,2021-09-18 00:16:42,2021-09-18 00:23:14,Bayard St & Leonard St,5442,Berry St & N 8 St,5379,40.71915571696044,-73.94885390996933,40.7190095,-73.95852515,member
850520,C7A0D111045EB406,classic_bike,2021-09-13 12:50:53,2021-09-13 12:59:22,Manhattan Av & Leonard St,5442,Berry St & N 8 St,5379,40.72084,-73.94844,40.7190095,-73.95852515,member
850550,DE72004878B3C9EF,classic_bike,2021-09-03 10:21:58,2021-09-03 10:26:50,Manhattan Av & Leonard St,5442,Berry St & N 8 St,5379,40.72084,-73.94844,40.7190095,-73.95852515,member
852229,8F31488EB2FDE7FC,electric_bike,2021-09-30 17:33:44,2021-09-30 17:48:34,Bayard St & Leonard St,5442,Suffolk St & Stanton St,5445,40.71915571696044,-73.94885390996933,40.72066442,-73.98517977,member
852231,BEE4555FE017E08D,classic_bike,2021-09-01 12:53:23,2021-09-01 12:58:36,Bayard St & Leonard St,5442,Berry St & N 8 St,5379,40.71915571696044,-73.94885390996933,40.7190095,-73.95852515,member
852238,1BF002911F8ED412,classic_bike,2021-09-26 11:43:45,2021-09-26 12:16:14,Bayard St & Leonard St,5442,Berry St & N 8 St,5379,40.71915571696044,-73.94885390996933,40.7190095,-73.95852515,member
852241,14FA59936B2308DE,classic_bike,2021-09-26 10:57:28,2021-09-26 11:02:29,Bayard St & Leonard St,5442,Berry St & N 8 St,5379,40.71915571696044,-73.94885390996933,40.7190095,-73.95852515,member
852246,3DF22653EB16913C,classic_bike,2021-09-18 00:17:16,2021-09-18 00:24:08,Bayard St & Leonard St,5442,Berry St & N 8 St,5379,40.71915571696044,-73.94885390996933,40.7190095,-73.95852515,casual
852265,2F030FC91E0042DD,electric_bike,2021-09-02 12:57:03,2021-09-02 13:00:51,Bayard St & Leonard St,5442,Berry St & N 8 St,5379,40.71915571696044,-73.94885390996933,40.7190095,-73.95852515,member
852320,B5242F0EB2CAB393,classic_bike,2021-09-12 18:08:54,2021-09-12 18:15:21,Bayard St & Leonard St,5442,Berry St & N 8 St,5379,40.71915571696044,-73.94885390996933,40.7190095,-73.95852515,casual
852325,04D92D21FE174FD7,classic_bike,2021-09-21 17:58:20,2021-09-21 18:05:13,Bayard St & Leonard St,5442,Berry St & N 8 St,5379,40.71915571696044,-73.94885390996933,40.7190095,-73.95852515,casual
852340,8BDD4B9DC9D5AF38,classic_bike,2021-09-13 15:13:38,2021-09-13 15:44:55,Bayard St & Leonard St,5442,Suffolk St & Stanton St,5445,40.71915571696044,-73.94885390996933,40.72066442,-73.98517977,member
852355,631679F5463326DC,classic_bike,2021-09-23 11:49:15,2021-09-23 12:04:21,Bayard St & Leonard St,5442,Berry St & N 8 St,5379,40.71915571696044,-73.94885390996933,40.7190095,-73.95852515,member
852356,D63D0573B8CE652D,classic_bike,2021-09-08 20:23:59,2021-09-08 20:38:59,Bayard St & Leonard St,5442,Berry St & N 8 St,5379,40.71915571696044,-73.94885390996933,40.7190095,-73.95852515,member
852357,856C4578F64E6DC0,classic_bike,2021-09-09 16:43:17,2021-09-09 16:47:45,Bayard St & Leonard St,5442,Berry St & N 8 St,5379,40.71915571696044,-73.94885390996933,40.7190095,-73.95852515,member
852477,BDEA05360623A3A5,classic_bike,2021-09-11 10:03:38,2021-09-11 10:21:28,Bayard St & Leonard St,5442,Berry St & N 8 St,5379,40.71915571696044,-73.94885390996933,40.7190095,-73.95852515,member
852478,D50A668BCC838DA4,classic_bike,2021-09-08 19:52:31,2021-09-08 20:02:23,Bayard St & Leonard St,5442,Berry St & N 8 St,5379,40.71915571696044,-73.94885390996933,40.7190095,-73.95852515,member
852479,C8CCA58E739283FB,classic_bike,2021-09-12 18:08:54,2021-09-12 18:15:26,Bayard St & Leonard St,5442,Berry St & N 8 St,5379,40.71915571696044,-73.94885390996933,40.7190095,-73.95852515,member
852491,A93390100C522109,classic_bike,2021-09-24 08:46:06,2021-09-24 08:55:12,Bayard St & Leonard St,5442,Berry St & N 8 St,5379,40.71915571696044,-73.94885390996933,40.7190095,-73.95852515,casual
852492,BE4BF2B9D1B45D20,classic_bike,2021-09-24 17:45:12,2021-09-24 18:53:47,Bayard St & Leonard St,5442,Greene Ave & Throop Ave,4510,40.71915571696044,-73.94885390996933,40.6894932,-73.942061,casual
852952,1E2AC95AD1F3F42D,classic_bike,2021-09-13 17:20:44,2021-09-13 17:26:04,Manhattan Av & Leonard St,5442,Berry St & N 8 St,5379,40.72084,-73.94844,40.7190095,-73.95852515,member
853068,0EDB7A2AD7C22A5F,classic_bike,2021-09-03 11:51:10,2021-09-03 12:00:55,Manhattan Av & Leonard St,5442,Berry St & N 8 St,5379,40.72084,-73.94844,40.7190095,-73.95852515,member
853110,B904A8451CA99908,classic_bike,2021-09-03 10:12:00,2021-09-03 10:19:59,Manhattan Av & Leonard St,5442,Berry St & N 8 St,5379,40.72084,-73.94844,40.7190095,-73.95852515,member
854025,7E1508C928FA1FAC,electric_bike,2021-09-17 19:07:46,2021-09-17 19:20:11,Bayard St & Leonard St,5442,Suffolk St & Stanton St,5445,40.71915571696044,-73.94885390996933,40.72066442,-73.98517977,member
854026,01390BBBE26CDA7A,classic_bike,2021-09-17 11:39:01,2021-09-17 11:44:28,Bayard St & Leonard St,5442,Berry St & N 8 St,5379,40.71915571696044,-73.94885390996933,40.7190095,-73.95852515,member
854028,4ED0D00DBF443BDE,classic_bike,2021-09-11 18:56:15,2021-09-11 19:00:19,Bayard St & Leonard St,5442,Berry St & N 8 St,5379,40.71915571696044,-73.94885390996933,40.7190095,-73.95852515,member
854032,39C303F3CC2BADDE,classic_bike,2021-09-18 00:16:51,2021-09-18 00:23:19,Bayard St & Leonard St,5442,Berry St & N 8 St,5379,40.71915571696044,-73.94885390996933,40.7190095,-73.95852515,member
854095,55436D1F21A223BE,electric_bike,2021-09-30 17:14:44,2021-09-30 17:25:32,Bayard St & Leonard St,5442,Berry St & N 8 St,5379,40.71915571696044,-73.94885390996933,40.7190095,-73.95852515,member
854100,F6B9392E2029685D,classic_bike,2021-09-22 20:20:39,2021-09-22 20:33:06,Bayard St & Leonard St,5442,Berry St & N 8 St,5379,40.71915571696044,-73.94885390996933,40.7190095,-73.95852515,member
854295,B9A4A6F0093A2BF8,classic_bike,2021-09-17 11:25:50,2021-09-17 11:33:14,Bayard St & Leonard St,5442,Berry St & N 8 St,5379,40.71915571696044,-73.94885390996933,40.7190095,-73.95852515,member
854315,4F85211AA4FDCB0A,classic_bike,2021-09-16 15:21:07,2021-09-16 15:26:51,Bayard St & Leonard St,5442,Berry St & N 8 St,5379,40.71915571696044,-73.94885390996933,40.7190095,-73.95852515,member
867770,6A044F33AB8D15F7,classic_bike,2021-09-26 10:51:20,2021-09-26 10:58:33,Bayard St & Leonard St,5442,Berry St & N 8 St,5379,40.71915571696044,-73.94885390996933,40.7190095,-73.95852515,member
867785,CB5B609454146929,classic_bike,2021-09-23 09:18:34,2021-09-23 09:23:54,Bayard St & Leonard St,5442,Berry St & N 8 St,5379,40.71915571696044,-73.94885390996933,40.7190095,-73.95852515,member
867791,D233CDE34FC57689,classic_bike,2021-09-17 10:10:25,2021-09-17 10:20:28,Bayard St & Leonard St,5442,Berry St & N 8 St,5379,40.71915571696044,-73.94885390996933,40.7190095,-73.95852515,member
867792,9894BB5540779C5B,classic_bike,2021-09-07 19:08:06,2021-09-07 19:16:55,Bayard St & Leonard St,5442,Berry St & N 8 St,5379,40.71915571696044,-73.94885390996933,40.7190095,-73.95852515,member
867793,1DF918705A6C03D1,classic_bike,2021-09-10 09:56:29,2021-09-10 10:03:23,Bayard St & Leonard St,5442,Berry St & N 8 St,5379,40.71915571696044,-73.94885390996933,40.7190095,-73.95852515,member
867804,FF18038FFAB56EC6,classic_bike,2021-09-10 13:16:06,2021-09-10 13:21:30,Bayard St & Leonard St,5442,Berry St & N 8 St,5379,40.71915571696044,-73.94885390996933,40.7190095,-73.95852515,member
867805,B28EC86D1411738C,classic_bike,2021-09-09 20:41:39,2021-09-09 20:49:06,Bayard St & Leonard St,5442,Berry St & N 8 St,5379,40.71915571696044,-73.94885390996933,40.7190095,-73.95852515,member
867864,21857271F3974AA9,electric_bike,2021-09-15 17:38:29,2021-09-15 18:11:50,Bayard St & Leonard St,5442,Suffolk St & Stanton St,5445,40.71915571696044,-73.94885390996933,40.72066442,-73.98517977,casual
868430,8503E88E6FF2A597,classic_bike,2021-09-05 00:47:14,2021-09-05 01:06:55,Manhattan Av & Leonard St,5442,Suffolk St & Stanton St,5445,40.72084,-73.94844,40.72066442,-73.98517977,casual
868453,719431738C5B906D,classic_bike,2021-09-17 23:02:11,2021-09-17 23:05:57,Manhattan Av & Leonard St,5442,Berry St & N 8 St,5379,40.72084,-73.94844,40.7190095,-73.95852515,member
868463,5EDFB21DC39E9BD8,classic_bike,2021-09-07 17:34:15,2021-09-07 17:42:07,Manhattan Av & Leonard St,5442,Berry St & N 8 St,5379,40.72084,-73.94844,40.7190095,-73.95852515,member
868519,BF5EC1FE810A1650,classic_bike,2021-09-02 15:07:35,2021-09-02 15:21:04,Manhattan Av & Leonard St,5442,Berry St & N 8 St,5379,40.72084,-73.94844,40.7190095,-73.95852515,member
868554,835775E9FA527045,classic_bike,2021-09-17 18:32:08,2021-09-17 18:48:51,Manhattan Av & Leonard St,5442,Greene Ave & Throop Ave,4510,40.72084,-73.94844,40.6894932,-73.942061,casual
869854,40908155096AD32B,classic_bike,2021-09-16 11:22:18,2021-09-16 11:31:07,Manhattan Av & Leonard St,5442,Berry St & N 8 St,5379,40.72084,-73.94844,40.7190095,-73.95852515,member
870023,55DA3DBBAB1B40C6,classic_bike,2021-09-30 12:54:12,2021-09-30 12:58:34,Bayard St & Leonard St,5442,Berry St & N 8 St,5379,40.71915571696044,-73.94885390996933,40.7190095,-73.95852515,casual
870067,160F15F8FC1E694C,classic_bike,2021-09-13 11:37:13,2021-09-13 11:40:59,Bayard St & Leonard St,5442,Berry St & N 8 St,5379,40.71915571696044,-73.94885390996933,40.7190095,-73.95852515,member
871118,6A9F657BA576F4BB,electric_bike,2021-09-09 13:08:51,2021-09-09 13:32:51,Bayard St & Leonard St,5442,Duffield St & Willoughby St,4596,40.71915571696044,-73.94885390996933,40.69221589,-73.9842844,casual
874219,B3ED42C2BC1DFB61,classic_bike,2021-09-07 13:22:55,2021-09-07 13:30:59,Manhattan Av & Leonard St,5442,India St & Manhattan Ave,5826,40.72084,-73.94844,40.73232194,-73.9550858,casual
874236,22C51D702CC18BD6,classic_bike,2021-09-27 19:04:08,2021-09-27 19:16:52,Manhattan Av & Leonard St,5442,India St & Manhattan Ave,5826,40.72084,-73.94844,40.73232194,-73.9550858,member
874374,FAD5500B190031A4,classic_bike,2021-09-18 19:21:28,2021-09-18 19:29:43,Bayard St & Leonard St,5442,India St & Manhattan Ave,5826,40.71915571696044,-73.94885390996933,40.73232194,-73.9550858,member
874391,012151AE0C3517E8,classic_bike,2021-09-10 15:46:56,2021-09-10 15:56:28,Bayard St & Leonard St,5442,India St & Manhattan Ave,5826,40.71915571696044,-73.94885390996933,40.73232194,-73.9550858,member
881955,8756272EE4CA2975,electric_bike,2021-09-02 13:11:51,2021-09-02 13:27:29,Bayard St & Leonard St,5442,Suydam St & Knickerbocker Ave,4939,40.71915571696044,-73.94885390996933,40.702013,-73.923769,member
881985,8CDC3BA31DC629C5,electric_bike,2021-09-17 21:33:47,2021-09-17 21:40:52,Bayard St & Leonard St,5442,India St & Manhattan Ave,5826,40.71915571696044,-73.94885390996933,40.73232194,-73.9550858,member
882011,D480DB67C74EC501,classic_bike,2021-09-06 17:27:52,2021-09-06 17:36:28,Bayard St & Leonard St,5442,India St & Manhattan Ave,5826,40.71915571696044,-73.94885390996933,40.73232194,-73.9550858,member
882015,1CA6639ECF80B316,classic_bike,2021-09-15 08:03:36,2021-09-15 08:17:15,Bayard St & Leonard St,5442,India St & Manhattan Ave,5826,40.71915571696044,-73.94885390996933,40.73232194,-73.9550858,member
882023,AA24A1140BF62871,classic_bike,2021-09-18 19:21:41,2021-09-18 19:30:14,Bayard St & Leonard St,5442,India St & Manhattan Ave,5826,40.71915571696044,-73.94885390996933,40.73232194,-73.9550858,member
882050,0E0EB5BA18B9FE1A,classic_bike,2021-09-06 12:51:45,2021-09-06 12:58:23,Bayard St & Leonard St,5442,India St & Manhattan Ave,5826,40.71915571696044,-73.94885390996933,40.73232194,-73.9550858,member
882052,F896D2C3A7055951,electric_bike,2021-09-13 18:44:02,2021-09-13 19:11:40,Bayard St & Leonard St,5442,Frost St & Debevoise Ave,5433,40.71915571696044,-73.94885390996933,40.71882,-73.93948,casual
882071,1BF277268588D4E1,electric_bike,2021-09-13 18:55:26,2021-09-13 19:11:44,Bayard St & Leonard St,5442,Frost St & Debevoise Ave,5433,40.71915571696044,-73.94885390996933,40.71882,-73.93948,casual
882103,78D1AD8DC8F224A9,classic_bike,2021-09-24 22:08:31,2021-09-24 22:16:59,Bayard St & Leonard St,5442,India St & Manhattan Ave,5826,40.71915571696044,-73.94885390996933,40.73232194,-73.9550858,casual
888120,B6B79B134E6EC7F5,electric_bike,2021-09-02 18:37:17,2021-09-02 18:46:07,Manhattan Av & Leonard St,5442,India St & Manhattan Ave,5826,40.72084,-73.94844,40.73232194,-73.9550858,member
888138,704C827555D1605D,classic_bike,2021-09-06 11:01:32,2021-09-06 11:09:17,Manhattan Av & Leonard St,5442,India St & Manhattan Ave,5826,40.72084,-73.94844,40.73232194,-73.9550858,member
888152,C9E41427605295F3,classic_bike,2021-09-12 17:54:17,2021-09-12 18:04:07,Manhattan Av & Leonard St,5442,India St & Manhattan Ave,5826,40.72084,-73.94844,40.73232194,-73.9550858,member
888153,F9773985364B447B,classic_bike,2021-09-04 00:00:42,2021-09-04 00:08:47,Manhattan Av & Leonard St,5442,India St & Manhattan Ave,5826,40.72084,-73.94844,40.73232194,-73.9550858,casual
888167,DE0FAB5AA52B2C5C,electric_bike,2021-09-02 12:40:21,2021-09-02 12:49:49,Manhattan Av & Leonard St,5442,India St & Manhattan Ave,5826,40.72084,-73.94844,40.73232194,-73.9550858,member
888192,9B752A01DDE935C2,classic_bike,2021-09-24 21:26:58,2021-09-24 21:31:52,Manhattan Av & Leonard St,5442,India St & Manhattan Ave,5826,40.72084,-73.94844,40.73232194,-73.9550858,member
888212,4CD1D2E5306F539A,classic_bike,2021-09-12 09:23:19,2021-09-12 09:30:45,Manhattan Av & Leonard St,5442,India St & Manhattan Ave,5826,40.72084,-73.94844,40.73232194,-73.9550858,member
888213,21438C1288266517,classic_bike,2021-09-12 16:16:57,2021-09-12 16:24:44,Manhattan Av & Leonard St,5442,India St & Manhattan Ave,5826,40.72084,-73.94844,40.73232194,-73.9550858,member
888215,2847EBC7D50E8BEB,electric_bike,2021-09-05 10:12:13,2021-09-05 10:17:30,Manhattan Av & Leonard St,5442,India St & Manhattan Ave,5826,40.72084,-73.94844,40.73232194,-73.9550858,member
889743,70F66B183D2743BF,classic_bike,2021-09-02 09:56:16,2021-09-02 10:57:20,Bayard St & Leonard St,5442,India St & Manhattan Ave,5826,40.71915571696044,-73.94885390996933,40.73232194,-73.9550858,member
889755,A55095BE519EE7B2,classic_bike,2021-09-26 19:33:56,2021-09-26 19:54:41,Bayard St & Leonard St,5442,India St & Manhattan Ave,5826,40.71915571696044,-73.94885390996933,40.73232194,-73.9550858,casual
889781,ED2F8023B16791CB,classic_bike,2021-09-18 14:41:22,2021-09-18 14:51:09,Bayard St & Leonard St,5442,India St & Manhattan Ave,5826,40.71915571696044,-73.94885390996933,40.73232194,-73.9550858,member
889782,B2BB5BDF64DDE291,classic_bike,2021-09-11 11:17:35,2021-09-11 11:21:56,Bayard St & Leonard St,5442,Frost St & Debevoise Ave,5433,40.71915571696044,-73.94885390996933,40.71882,-73.93948,member
889834,76A6401A10D08393,classic_bike,2021-09-26 19:33:33,2021-09-26 19:54:48,Bayard St & Leonard St,5442,India St & Manhattan Ave,5826,40.71915571696044,-73.94885390996933,40.73232194,-73.9550858,casual
889850,5F9050F23B55FD3E,electric_bike,2021-09-15 17:46:23,2021-09-15 18:02:07,Bayard St & Leonard St,5442,Market St & Cherry St,5198,40.71915571696044,-73.94885390996933,40.71076228,-73.99400398,member
890184,D875563DFB02EA08,classic_bike,2021-09-24 22:08:10,2021-09-24 22:16:54,Bayard St & Leonard St,5442,India St & Manhattan Ave,5826,40.71915571696044,-73.94885390996933,40.73232194,-73.9550858,member
890282,98F1B51EFF599209,electric_bike,2021-09-03 07:55:31,2021-09-03 08:06:58,Bayard St & Leonard St,5442,India St & Manhattan Ave,5826,40.71915571696044,-73.94885390996933,40.73232194,-73.9550858,member
896663,FC69BA0D96239ACD,classic_bike,2021-09-04 00:00:41,2021-09-04 00:07:59,Manhattan Av & Leonard St,5442,India St & Manhattan Ave,5826,40.72084,-73.94844,40.73232194,-73.9550858,casual
896745,0F6716C2ECFA44D9,classic_bike,2021-09-04 18:40:16,2021-09-04 18:49:09,Bayard St & Leonard St,5442,India St & Manhattan Ave,5826,40.71915571696044,-73.94885390996933,40.73232194,-73.9550858,member
897386,D66EBA83A787A5B8,classic_bike,2021-09-22 10:16:58,2021-09-22 10:23:56,Bayard St & Leonard St,5442,India St & Manhattan Ave,5826,40.71915571696044,-73.94885390996933,40.73232194,-73.9550858,member
897393,CAC391DA87D59E8E,electric_bike,2021-09-11 16:36:07,2021-09-11 17:20:09,Bayard St & Leonard St,5442,Duffield St & Willoughby St,4596,40.71915571696044,-73.94885390996933,40.69221589,-73.9842844,casual
917984,BA08C9DFD4FF86B4,classic_bike,2021-09-25 12:35:27,2021-09-25 13:20:27,Bayard St & Leonard St,5442,Allen St & Stanton St,5484,40.71915571696044,-73.94885390996933,40.722055,-73.989111,casual
919838,B9AAE32DE64595AF,electric_bike,2021-09-07 09:39:42,2021-09-07 10:03:05,Manhattan Av & Leonard St,5442,Forsyth St\t& Grand St,5382,40.72084,-73.94844,40.71779817737835,-73.99316132068634,casual
919868,B2EFBEEE63C239A0,classic_bike,2021-09-25 13:43:41,2021-09-25 13:48:48,Manhattan Av & Leonard St,5442,Graham Ave & Herbert St,5403,40.72084,-73.94844,40.71929301,-73.94500379,member
919869,8336A7F525D8EE25,classic_bike,2021-09-03 19:39:54,2021-09-03 20:24:18,Manhattan Av & Leonard St,5442,Forsyth St\t& Grand St,5382,40.72084,-73.94844,40.71779817737835,-73.99316132068634,casual
919871,5C7DD1387F6F300F,classic_bike,2021-09-25 13:43:46,2021-09-25 13:48:50,Manhattan Av & Leonard St,5442,Graham Ave & Herbert St,5403,40.72084,-73.94844,40.71929301,-73.94500379,member
925733,88FF3762D1395984,classic_bike,2021-09-21 22:28:11,2021-09-21 22:30:37,Bayard St & Leonard St,5442,Graham Ave & Herbert St,5403,40.71915571696044,-73.94885390996933,40.71929301,-73.94500379,member
925747,3D381252BC93C551,electric_bike,2021-09-10 07:58:54,2021-09-10 08:14:18,Bayard St & Leonard St,5442,Cleveland Pl & Spring St,5492,40.71915571696044,-73.94885390996933,40.722103786686034,-73.99724900722504,member
925794,F8588C090A401948,classic_bike,2021-09-18 13:40:30,2021-09-18 13:43:32,Bayard St & Leonard St,5442,Graham Ave & Herbert St,5403,40.71915571696044,-73.94885390996933,40.71929301,-73.94500379,member
925795,A31382754343C657,classic_bike,2021-09-18 13:49:08,2021-09-18 13:51:55,Bayard St & Leonard St,5442,Graham Ave & Herbert St,5403,40.71915571696044,-73.94885390996933,40.71929301,-73.94500379,member
930428,7709B6908D1840A3,classic_bike,2021-09-21 15:50:05,2021-09-21 16:01:28,Manhattan Av & Leonard St,5442,Graham Ave & Herbert St,5403,40.72084,-73.94844,40.71929301,-73.94500379,casual
937531,DE4346580A6931DC,classic_bike,2021-09-03 11:35:30,2021-09-03 12:12:56,Bayard St & Leonard St,5442,6 Ave & W 34 St,6364,40.71915571696044,-73.94885390996933,40.74964,-73.98805,member
937577,AEB31A3FC754F453,classic_bike,2021-09-24 22:26:11,2021-09-24 22:28:25,Bayard St & Leonard St,5442,Graham Ave & Herbert St,5403,40.71915571696044,-73.94885390996933,40.71929301,-73.94500379,member
937617,A1094844F482EC2C,classic_bike,2021-09-17 21:27:36,2021-09-17 21:32:18,Bayard St & Leonard St,5442,Graham Ave & Herbert St,5403,40.71915571696044,-73.94885390996933,40.71929301,-73.94500379,member
937618,56925689FC1340B7,electric_bike,2021-09-20 11:36:54,2021-09-20 11:52:55,Bayard St & Leonard St,5442,Forsyth St\t& Grand St,5382,40.71915571696044,-73.94885390996933,40.71779817737835,-73.99316132068634,casual
937651,B882C95EC4B76794,electric_bike,2021-09-21 07:59:26,2021-09-21 08:14:28,Bayard St & Leonard St,5442,Cleveland Pl & Spring St,5492,40.71915571696044,-73.94885390996933,40.722103786686034,-73.99724900722504,member
937677,BC5C7895268D2107,classic_bike,2021-09-24 07:03:34,2021-09-24 07:06:29,Bayard St & Leonard St,5442,Graham Ave & Herbert St,5403,40.71915571696044,-73.94885390996933,40.71929301,-73.94500379,member
938994,98CCA30360CE4A2F,classic_bike,2021-09-11 11:01:10,2021-09-11 11:03:33,Bayard St & Leonard St,5442,Graham Ave & Herbert St,5403,40.71915571696044,-73.94885390996933,40.71929301,-73.94500379,member
938995,D44CF58E16E80CC8,classic_bike,2021-09-11 11:08:25,2021-09-11 11:11:58,Bayard St & Leonard St,5442,Graham Ave & Herbert St,5403,40.71915571696044,-73.94885390996933,40.71929301,-73.94500379,member
940890,F141466DD93E721C,classic_bike,2021-09-03 16:10:12,2021-09-03 16:12:33,Manhattan Av & Leonard St,5442,Graham Ave & Herbert St,5403,40.72084,-73.94844,40.71929301,-73.94500379,member
940922,A7B78DD05ABFEEAB,classic_bike,2021-09-26 14:23:24,2021-09-26 14:27:59,Manhattan Av & Leonard St,5442,Graham Ave & Herbert St,5403,40.72084,-73.94844,40.71929301,-73.94500379,member
943412,0BAA07CB450AE3D2,classic_bike,2021-09-27 14:44:14,2021-09-27 14:46:23,Manhattan Av & Leonard St,5442,Graham Ave & Herbert St,5403,40.72084,-73.94844,40.71929301,-73.94500379,member
943413,CBBF366C7E345747,classic_bike,2021-09-27 14:36:30,2021-09-27 14:38:48,Manhattan Av & Leonard St,5442,Graham Ave & Herbert St,5403,40.72084,-73.94844,40.71929301,-73.94500379,member
965537,E10E6AAF991795D4,classic_bike,2021-09-14 18:16:46,2021-09-14 18:55:59,Manhattan Av & Leonard St,5442,W 24 St & 7 Ave,6257,40.72084,-73.94844,40.74487634,-73.99529885,casual
971071,E3DAB89FD8FF3968,electric_bike,2021-09-11 10:06:17,2021-09-11 10:42:35,Bayard St & Leonard St,5442,W 24 St & 7 Ave,6257,40.71915571696044,-73.94885390996933,40.74487634,-73.99529885,casual
975628,4A81A4407027A1E7,classic_bike,2021-09-04 15:26:03,2021-09-04 15:47:31,Bayard St & Leonard St,5442,Knickerbocker Ave & Thames St,5018,40.71915571696044,-73.94885390996933,40.70539,-73.92976,casual
982597,9F0D46707D45B3AB,electric_bike,2021-09-28 07:53:46,2021-09-28 08:24:43,Manhattan Av & Leonard St,5442,Pershing Square North,6432,40.72084,-73.94844,40.751873,-73.977706,member
982616,C37999A77643C6E7,classic_bike,2021-09-13 19:36:44,2021-09-13 20:12:10,Manhattan Av & Leonard St,5442,E 81 St & 3 Ave,7154,40.72084,-73.94844,40.77573034,-73.9567526,member
982955,C9CC434D6BBE0F7B,classic_bike,2021-09-11 15:03:56,2021-09-11 15:21:35,Bayard St & Leonard St,5442,S 4 St & Rodney St,5156,40.71915571696044,-73.94885390996933,40.70934,-73.95608,casual
983002,C711389FEF2A4F1C,classic_bike,2021-09-04 19:05:18,2021-09-04 19:16:54,Bayard St & Leonard St,5442,S 4 St & Rodney St,5156,40.71915571696044,-73.94885390996933,40.70934,-73.95608,member
983055,10A477ECC3A4D5E2,electric_bike,2021-09-23 05:56:38,2021-09-23 06:15:17,Bayard St & Leonard St,5442,Myrtle Ave & Fleet Pl,4628,40.71915571696044,-73.94885390996933,40.693534,-73.981909,member
985428,D57D217880869BE8,classic_bike,2021-09-02 09:12:54,2021-09-02 09:22:17,Manhattan Av & Leonard St,5442,S 4 St & Rodney St,5156,40.72084,-73.94844,40.70934,-73.95608,member
985485,1F3F332F7FB8FC80,classic_bike,2021-09-18 11:05:35,2021-09-18 11:15:24,Manhattan Av & Leonard St,5442,S 4 St & Rodney St,5156,40.72084,-73.94844,40.70934,-73.95608,casual
985487,68D6B0814025B922,classic_bike,2021-09-06 20:16:24,2021-09-06 20:32:52,Manhattan Av & Leonard St,5442,S 4 St & Rodney St,5156,40.72084,-73.94844,40.70934,-73.95608,casual
985545,5A3BD35E4F60BA8B,classic_bike,2021-09-22 19:17:19,2021-09-22 19:51:09,Manhattan Av & Leonard St,5442,E 81 St & 3 Ave,7154,40.72084,-73.94844,40.77573034,-73.9567526,member
990754,E5833FA15406FCF9,classic_bike,2021-09-04 15:25:44,2021-09-04 15:47:39,Bayard St & Leonard St,5442,Knickerbocker Ave & Thames St,5018,40.71915571696044,-73.94885390996933,40.70539,-73.92976,member
990806,7DBB3584231F2C3F,classic_bike,2021-09-02 18:30:33,2021-09-02 18:47:43,Bayard St & Leonard St,5442,Knickerbocker Ave & Thames St,5018,40.71915571696044,-73.94885390996933,40.70539,-73.92976,member
990816,CE7B063FDBDD0BF2,electric_bike,2021-09-22 07:44:31,2021-09-22 07:58:10,Bayard St & Leonard St,5442,47 Ave & 31 St,6151,40.71915571696044,-73.94885390996933,40.743,-73.93561,casual
990825,8B33C3D8885E3AC1,classic_bike,2021-09-09 17:05:06,2021-09-09 17:17:10,Bayard St & Leonard St,5442,S 4 St & Rodney St,5156,40.71915571696044,-73.94885390996933,40.70934,-73.95608,member
990830,187333653E467796,electric_bike,2021-09-30 07:38:50,2021-09-30 07:52:22,Bayard St & Leonard St,5442,47 Ave & 31 St,6151,40.71915571696044,-73.94885390996933,40.743,-73.93561,casual
990891,B4D97FF83F514614,electric_bike,2021-09-13 14:41:44,2021-09-13 14:58:21,Bayard St & Leonard St,5442,47 Ave & 31 St,6151,40.71915571696044,-73.94885390996933,40.743,-73.93561,member
990919,699C310A9F14FE12,classic_bike,2021-09-26 15:21:41,2021-09-26 15:37:49,Bayard St & Leonard St,5442,Harrison Pl & Porter Ave,5090,40.71915571696044,-73.94885390996933,40.70686,-73.92851,member
990960,1C18B46866938816,electric_bike,2021-09-06 17:07:04,2021-09-06 17:45:35,Bayard St & Leonard St,5442,University Pl & E 8 St,5755,40.71915571696044,-73.94885390996933,40.73143724085228,-73.99490341544151,casual
991979,8A3396D439B9F747,classic_bike,2021-09-16 17:42:07,2021-09-16 17:50:27,Bayard St & Leonard St,5442,S 4 St & Rodney St,5156,40.71915571696044,-73.94885390996933,40.70934,-73.95608,member
991991,19AE86CEEEA350EA,electric_bike,2021-09-17 18:16:27,2021-09-17 18:45:16,Bayard St & Leonard St,5442,Pershing Square North,6432,40.71915571696044,-73.94885390996933,40.751873,-73.977706,casual
992054,25DD9D5896C040E7,classic_bike,2021-09-06 18:51:13,2021-09-06 19:18:01,Bayard St & Leonard St,5442,Knickerbocker Ave & Thames St,5018,40.71915571696044,-73.94885390996933,40.70539,-73.92976,casual
992937,A6F4C88FC7A26035,classic_bike,2021-09-18 17:52:30,2021-09-18 18:05:20,Bayard St & Leonard St,5442,Knickerbocker Ave & Thames St,5018,40.71915571696044,-73.94885390996933,40.70539,-73.92976,member
992947,ED1A7075F8AA62AF,classic_bike,2021-09-24 18:34:27,2021-09-24 18:56:14,Bayard St & Leonard St,5442,47 Ave & 31 St,6151,40.71915571696044,-73.94885390996933,40.743,-73.93561,casual
994923,6E045F9CE848C912,classic_bike,2021-09-04 13:10:43,2021-09-04 13:33:24,Manhattan Av & Leonard St,5442,S 4 St & Rodney St,5156,40.72084,-73.94844,40.70934,-73.95608,member
994967,B284FC91593C3269,classic_bike,2021-09-17 22:15:42,2021-09-17 22:21:52,Manhattan Av & Leonard St,5442,S 4 St & Rodney St,5156,40.72084,-73.94844,40.70934,-73.95608,casual
994968,861A70CF8AF80879,classic_bike,2021-09-14 12:23:00,2021-09-14 12:36:31,Manhattan Av & Leonard St,5442,S 4 St & Rodney St,5156,40.72084,-73.94844,40.70934,-73.95608,casual
994985,90606D346B8E7572,classic_bike,2021-09-08 19:39:56,2021-09-08 20:22:37,Manhattan Av & Leonard St,5442,E 81 St & 3 Ave,7154,40.72084,-73.94844,40.77573034,-73.9567526,member
994986,CABDD736786045D2,classic_bike,2021-09-17 08:16:55,2021-09-17 08:38:00,Manhattan Av & Leonard St,5442,Myrtle Ave & Fleet Pl,4628,40.72084,-73.94844,40.693534,-73.981909,member
995003,DCB08E1764009433,classic_bike,2021-09-06 20:16:50,2021-09-06 20:29:49,Manhattan Av & Leonard St,5442,S 4 St & Rodney St,5156,40.72084,-73.94844,40.70934,-73.95608,casual
996058,6B5C562523401096,classic_bike,2021-09-17 12:36:04,2021-09-17 12:46:21,Manhattan Av & Leonard St,5442,S 4 St & Rodney St,5156,40.72084,-73.94844,40.70934,-73.95608,casual
996127,9D9B79D864CD29CE,classic_bike,2021-09-29 18:34:25,2021-09-29 18:52:34,Manhattan Av & Leonard St,5442,Harrison Pl & Porter Ave,5090,40.72084,-73.94844,40.70686,-73.92851,casual
1001619,6E76F5250EF534D0,classic_bike,2021-09-09 17:04:57,2021-09-09 17:17:02,Bayard St & Leonard St,5442,S 4 St & Rodney St,5156,40.71915571696044,-73.94885390996933,40.70934,-73.95608,member
1001670,5AA1947F6F00393F,classic_bike,2021-09-11 15:03:30,2021-09-11 15:21:30,Bayard St & Leonard St,5442,S 4 St & Rodney St,5156,40.71915571696044,-73.94885390996933,40.70934,-73.95608,casual
1001678,A3CB39667FE56551,classic_bike,2021-09-24 08:29:17,2021-09-24 08:56:00,Bayard St & Leonard St,5442,Myrtle Ave & Fleet Pl,4628,40.71915571696044,-73.94885390996933,40.693534,-73.981909,member
1001680,C45E3C5B8C9A99D0,classic_bike,2021-09-21 19:06:52,2021-09-21 19:43:20,Bayard St & Leonard St,5442,University Pl & E 8 St,5755,40.71915571696044,-73.94885390996933,40.73143724085228,-73.99490341544151,casual
1001874,1647B5B4CFFD5913,classic_bike,2021-09-30 20:55:17,2021-09-30 21:18:09,Bayard St & Leonard St,5442,Sullivan St & Washington Sq,5721,40.71915571696044,-73.94885390996933,40.73047747,-73.99906065,member
1001896,9000F716BB924A1A,electric_bike,2021-09-06 17:03:57,2021-09-06 17:45:44,Bayard St & Leonard St,5442,University Pl & E 8 St,5755,40.71915571696044,-73.94885390996933,40.73143724085228,-73.99490341544151,member
1003000,834FE3E4C3394309,classic_bike,2021-09-26 10:10:06,2021-09-26 10:26:40,Bayard St & Leonard St,5442,Knickerbocker Ave & Thames St,5018,40.71915571696044,-73.94885390996933,40.70539,-73.92976,member
1010366,C74CF425A22CEE36,electric_bike,2021-09-19 01:07:03,2021-09-19 01:24:36,Manhattan Av & Leonard St,5442,Linden St & Knickerbocker Ave,4743,40.72084,-73.94844,40.69714,-73.91566,casual
1010368,79FD93CC25114BB0,classic_bike,2021-09-04 13:10:58,2021-09-04 13:33:07,Manhattan Av & Leonard St,5442,S 4 St & Rodney St,5156,40.72084,-73.94844,40.70934,-73.95608,casual
1011829,11CDB319D8BE8D64,classic_bike,2021-09-23 19:17:37,2021-09-23 19:24:36,Bayard St & Leonard St,5442,Kent Ave & N 7 St,5489,40.71915571696044,-73.94885390996933,40.72036775298455,-73.96165072917938,member
1011830,103A7458E38150EF,classic_bike,2021-09-22 19:09:48,2021-09-22 19:20:00,Bayard St & Leonard St,5442,Kent Ave & N 7 St,5489,40.71915571696044,-73.94885390996933,40.72036775298455,-73.96165072917938,member
1011841,1386CF504B9BADF2,classic_bike,2021-09-10 16:47:55,2021-09-10 16:55:53,Bayard St & Leonard St,5442,Kent Ave & N 7 St,5489,40.71915571696044,-73.94885390996933,40.72036775298455,-73.96165072917938,casual
1012089,C0D1BB376B48A646,classic_bike,2021-09-11 01:08:16,2021-09-11 01:14:44,Bayard St & Leonard St,5442,Kent Ave & N 7 St,5489,40.71915571696044,-73.94885390996933,40.72036775298455,-73.96165072917938,member
1012098,1142995534147F08,classic_bike,2021-09-02 23:33:05,2021-09-02 23:40:43,Bayard St & Leonard St,5442,Kent Ave & N 7 St,5489,40.71915571696044,-73.94885390996933,40.72036775298455,-73.96165072917938,casual
1013951,14441D84AE9EE839,classic_bike,2021-09-17 09:09:07,2021-09-17 09:15:07,Manhattan Av & Leonard St,5442,Kent Ave & N 7 St,5489,40.72084,-73.94844,40.72036775298455,-73.96165072917938,member
1013953,6714D1DE1D2CEC93,classic_bike,2021-09-21 18:19:53,2021-09-21 18:26:27,Manhattan Av & Leonard St,5442,Kent Ave & N 7 St,5489,40.72084,-73.94844,40.72036775298455,-73.96165072917938,member
1013955,9BBE1A5F33C8642C,electric_bike,2021-09-11 18:38:05,2021-09-11 18:57:27,Manhattan Av & Leonard St,5442,Greene Ave & Nostrand Ave,4519,40.72084,-73.94844,40.6883337,-73.950916,member
1013960,02D42C29EA71810D,classic_bike,2021-09-26 18:02:07,2021-09-26 18:26:00,Manhattan Av & Leonard St,5442,Kent Ave & N 7 St,5489,40.72084,-73.94844,40.72036775298455,-73.96165072917938,casual
1013990,1CCA2475A2407F61,classic_bike,2021-09-26 11:02:05,2021-09-26 11:11:42,Manhattan Av & Leonard St,5442,Kent Ave & N 7 St,5489,40.72084,-73.94844,40.72036775298455,-73.96165072917938,casual
1018820,11B3E9EFF4AE3731,classic_bike,2021-09-26 11:10:39,2021-09-26 11:18:06,Manhattan Av & Leonard St,5442,Kent Ave & N 7 St,5489,40.72084,-73.94844,40.72036775298455,-73.96165072917938,member
1018907,3DD1944FB1950947,classic_bike,2021-09-11 16:49:49,2021-09-11 16:59:06,Manhattan Av & Leonard St,5442,Kent Ave & N 7 St,5489,40.72084,-73.94844,40.72036775298455,-73.96165072917938,member
1018987,ABF0C274E55B9300,classic_bike,2021-09-09 13:39:16,2021-09-09 13:47:41,Manhattan Av & Leonard St,5442,Kent Ave & N 7 St,5489,40.72084,-73.94844,40.72036775298455,-73.96165072917938,casual
1020209,7814C7B63B29F694,classic_bike,2021-09-11 08:54:54,2021-09-11 09:01:31,Manhattan Av & Leonard St,5442,Kent Ave & N 7 St,5489,40.72084,-73.94844,40.72036775298455,-73.96165072917938,member
1021493,5E5DC9A6BFC56EEA,classic_bike,2021-09-11 11:43:01,2021-09-11 11:48:38,Manhattan Av & Leonard St,5442,Kent Ave & N 7 St,5489,40.72084,-73.94844,40.72036775298455,-73.96165072917938,member
1025348,78179D291F551290,classic_bike,2021-09-02 19:06:34,2021-09-02 19:12:15,Bayard St & Leonard St,5442,Kent Ave & N 7 St,5489,40.71915571696044,-73.94885390996933,40.72036775298455,-73.96165072917938,member
1025375,067DC8225BA74309,classic_bike,2021-09-21 17:56:21,2021-09-21 18:02:11,Bayard St & Leonard St,5442,Kent Ave & N 7 St,5489,40.71915571696044,-73.94885390996933,40.72036775298455,-73.96165072917938,casual
1025433,7DAF47E403047093,classic_bike,2021-09-25 09:15:58,2021-09-25 09:23:35,Bayard St & Leonard St,5442,Kent Ave & N 7 St,5489,40.71915571696044,-73.94885390996933,40.72036775298455,-73.96165072917938,member
1025454,F0F60C5ECADE9B53,classic_bike,2021-09-30 09:05:33,2021-09-30 09:14:48,Bayard St & Leonard St,5442,Kent Ave & N 7 St,5489,40.71915571696044,-73.94885390996933,40.72036775298455,-73.96165072917938,member
1025460,E2F4C33EF994D916,classic_bike,2021-09-15 20:36:51,2021-09-15 21:00:14,Bayard St & Leonard St,5442,Greene Ave & Nostrand Ave,4519,40.71915571696044,-73.94885390996933,40.6883337,-73.950916,member
1025742,97A3D908C3488C71,electric_bike,2021-09-23 17:46:55,2021-09-23 17:51:52,Bayard St & Leonard St,5442,Kent Ave & N 7 St,5489,40.71915571696044,-73.94885390996933,40.72036775298455,-73.96165072917938,member
1025764,0B1CD1B65FF25125,electric_bike,2021-09-13 00:11:38,2021-09-13 00:25:33,Manhattan Av & Leonard St,5442,Greene Ave & Nostrand Ave,4519,40.72084,-73.94844,40.6883337,-73.950916,casual
1031051,0D32BC588C352359,classic_bike,2021-09-12 12:50:05,2021-09-12 13:10:59,Manhattan Av & Leonard St,5442,Greene Ave & Nostrand Ave,4519,40.72084,-73.94844,40.6883337,-73.950916,member
1033071,5EBBE8A7B8B28CD5,classic_bike,2021-09-06 16:26:00,2021-09-06 16:32:14,Bayard St & Leonard St,5442,Kent Ave & N 7 St,5489,40.71915571696044,-73.94885390996933,40.72036775298455,-73.96165072917938,member
1033086,CBAB78B36745B46C,electric_bike,2021-09-25 16:38:26,2021-09-25 16:57:55,Bayard St & Leonard St,5442,Greene Ave & Nostrand Ave,4519,40.71915571696044,-73.94885390996933,40.6883337,-73.950916,casual
1033090,EFA1B21B5DD4DD73,classic_bike,2021-09-27 15:41:59,2021-09-27 15:50:55,Bayard St & Leonard St,5442,Kent Ave & N 7 St,5489,40.71915571696044,-73.94885390996933,40.72036775298455,-73.96165072917938,casual
1033094,F07F309A433EDFE8,electric_bike,2021-09-11 09:44:42,2021-09-11 09:51:25,Bayard St & Leonard St,5442,Kent Ave & N 7 St,5489,40.71915571696044,-73.94885390996933,40.72036775298455,-73.96165072917938,member
1033095,DDA517CF50B15CE5,classic_bike,2021-09-25 09:47:02,2021-09-25 09:53:44,Bayard St & Leonard St,5442,Kent Ave & N 7 St,5489,40.71915571696044,-73.94885390996933,40.72036775298455,-73.96165072917938,member
1033133,D1C8E497AB159A95,classic_bike,2021-09-26 12:43:57,2021-09-26 12:49:55,Bayard St & Leonard St,5442,Kent Ave & N 7 St,5489,40.71915571696044,-73.94885390996933,40.72036775298455,-73.96165072917938,casual
1033175,5CA6899E960B302F,classic_bike,2021-09-16 23:02:12,2021-09-16 23:24:57,Bayard St & Leonard St,5442,Greene Ave & Nostrand Ave,4519,40.71915571696044,-73.94885390996933,40.6883337,-73.950916,casual
1033247,2EDEAC69BB93F802,classic_bike,2021-09-15 12:39:46,2021-09-15 12:48:39,Bayard St & Leonard St,5442,Kent Ave & N 7 St,5489,40.71915571696044,-73.94885390996933,40.72036775298455,-73.96165072917938,member
1033280,CC01D9AE5A6BF9FA,classic_bike,2021-09-17 16:37:25,2021-09-17 16:52:02,Bayard St & Leonard St,5442,Kent Ave & N 7 St,5489,40.71915571696044,-73.94885390996933,40.72036775298455,-73.96165072917938,member
1033311,36529D1ECAFA38B3,classic_bike,2021-09-06 16:26:04,2021-09-06 16:32:23,Bayard St & Leonard St,5442,Kent Ave & N 7 St,5489,40.71915571696044,-73.94885390996933,40.72036775298455,-73.96165072917938,member
1033333,EC9A33F92DCB5A46,classic_bike,2021-09-27 09:17:40,2021-09-27 09:24:30,Manhattan Av & Leonard St,5442,Kent Ave & N 7 St,5489,40.72084,-73.94844,40.72036775298455,-73.96165072917938,member
1033335,D92965ECF365F09F,classic_bike,2021-09-13 19:42:15,2021-09-13 19:49:18,Manhattan Av & Leonard St,5442,Kent Ave & N 7 St,5489,40.72084,-73.94844,40.72036775298455,-73.96165072917938,member
1033340,0888AAF518254B22,classic_bike,2021-09-02 17:15:12,2021-09-02 17:38:41,Manhattan Av & Leonard St,5442,Kent Ave & N 7 St,5489,40.72084,-73.94844,40.72036775298455,-73.96165072917938,member
1034969,1ADD4C858F67E479,classic_bike,2021-09-06 18:29:23,2021-09-06 18:36:09,Bayard St & Leonard St,5442,Kent Ave & N 7 St,5489,40.71915571696044,-73.94885390996933,40.72036775298455,-73.96165072917938,member
1034972,DCAEF364AE9D2884,classic_bike,2021-09-16 23:01:56,2021-09-16 23:24:11,Bayard St & Leonard St,5442,Greene Ave & Nostrand Ave,4519,40.71915571696044,-73.94885390996933,40.6883337,-73.950916,casual
1035118,9A73A59C8C1C5C26,classic_bike,2021-09-04 06:34:53,2021-09-04 06:40:42,Bayard St & Leonard St,5442,Kent Ave & N 7 St,5489,40.71915571696044,-73.94885390996933,40.72036775298455,-73.96165072917938,member
1035141,D540DDB15842D476,classic_bike,2021-09-02 14:30:38,2021-09-02 14:38:11,Bayard St & Leonard St,5442,Kent Ave & N 7 St,5489,40.71915571696044,-73.94885390996933,40.72036775298455,-73.96165072917938,casual
1035164,6A867B60891B90EA,classic_bike,2021-09-18 11:18:00,2021-09-18 11:28:47,Bayard St & Leonard St,5442,Kent Ave & N 7 St,5489,40.71915571696044,-73.94885390996933,40.72036775298455,-73.96165072917938,casual
1035168,4C093A5C7C2BB401,classic_bike,2021-09-03 15:09:38,2021-09-03 15:16:10,Bayard St & Leonard St,5442,Kent Ave & N 7 St,5489,40.71915571696044,-73.94885390996933,40.72036775298455,-73.96165072917938,casual
1037851,B3E2E841E49EEFF5,classic_bike,2021-09-30 19:34:47,2021-09-30 19:40:30,Bayard St & Leonard St,5442,Kent Ave & N 7 St,5489,40.71915571696044,-73.94885390996933,40.72036775298455,-73.96165072917938,member
1037853,92FB30C3FAE44470,electric_bike,2021-09-03 07:41:05,2021-09-03 07:45:36,Bayard St & Leonard St,5442,Kent Ave & N 7 St,5489,40.71915571696044,-73.94885390996933,40.72036775298455,-73.96165072917938,member
1040659,4209A01FD2800847,electric_bike,2021-09-02 20:58:16,2021-09-02 21:05:46,Manhattan Av & Leonard St,5442,Kent Ave & N 7 St,5489,40.72084,-73.94844,40.72036775298455,-73.96165072917938,casual
1040660,165D77792A6830AF,classic_bike,2021-09-19 12:40:28,2021-09-19 13:05:48,Manhattan Av & Leonard St,5442,Kent Ave & N 7 St,5489,40.72084,-73.94844,40.72036775298455,-73.96165072917938,casual
1040698,DEB763B1E98A07CE,classic_bike,2021-09-18 12:34:40,2021-09-18 12:41:19,Manhattan Av & Leonard St,5442,Kent Ave & N 7 St,5489,40.72084,-73.94844,40.72036775298455,-73.96165072917938,casual
1040701,A9B520FC19521782,classic_bike,2021-09-17 21:28:30,2021-09-17 21:49:03,Manhattan Av & Leonard St,5442,Kent Ave & N 7 St,5489,40.72084,-73.94844,40.72036775298455,-73.96165072917938,casual
1041704,0DF5A49195B7C298,classic_bike,2021-09-23 11:25:19,2021-09-23 11:32:14,Manhattan Av & Leonard St,5442,Kent Ave & N 7 St,5489,40.72084,-73.94844,40.72036775298455,-73.96165072917938,member
1045433,DB91D0FBB048EF2D,classic_bike,2021-09-11 16:49:38,2021-09-11 16:58:16,Manhattan Av & Leonard St,5442,Kent Ave & N 7 St,5489,40.72084,-73.94844,40.72036775298455,-73.96165072917938,member
1045751,6F6135E43B91474B,classic_bike,2021-09-27 15:23:48,2021-09-27 16:02:40,Bayard St & Leonard St,5442,Pacific St & Nevins St,4362,40.71915571696044,-73.94885390996933,40.6853761,-73.98302136,casual
1045755,C5952712E37C4C8E,classic_bike,2021-09-11 17:06:15,2021-09-11 17:17:51,Bayard St & Leonard St,5442,Kent Ave & N 7 St,5489,40.71915571696044,-73.94885390996933,40.72036775298455,-73.96165072917938,casual
1045762,FEC78E9ACA3CF45C,classic_bike,2021-09-06 18:37:29,2021-09-06 18:43:43,Bayard St & Leonard St,5442,Kent Ave & N 7 St,5489,40.71915571696044,-73.94885390996933,40.72036775298455,-73.96165072917938,member
1045770,18AC835E2220F9C1,electric_bike,2021-09-18 09:47:31,2021-09-18 09:54:01,Bayard St & Leonard St,5442,Kent Ave & N 7 St,5489,40.71915571696044,-73.94885390996933,40.72036775298455,-73.96165072917938,member
1045781,C8F33854BAC3D58F,classic_bike,2021-09-06 18:52:43,2021-09-06 19:01:15,Bayard St & Leonard St,5442,Kent Ave & N 7 St,5489,40.71915571696044,-73.94885390996933,40.72036775298455,-73.96165072917938,casual
1045785,AEAABDEAA9B63AE5,classic_bike,2021-09-29 08:04:28,2021-09-29 08:13:43,Bayard St & Leonard St,5442,Kent Ave & N 7 St,5489,40.71915571696044,-73.94885390996933,40.72036775298455,-73.96165072917938,member
1045792,95A9601DAA4F214A,classic_bike,2021-09-02 20:06:00,2021-09-02 20:13:15,Bayard St & Leonard St,5442,Kent Ave & N 7 St,5489,40.71915571696044,-73.94885390996933,40.72036775298455,-73.96165072917938,member
1045868,AD37D48119940133,classic_bike,2021-09-28 19:24:28,2021-09-28 19:29:55,Bayard St & Leonard St,5442,Kent Ave & N 7 St,5489,40.71915571696044,-73.94885390996933,40.72036775298455,-73.96165072917938,member
1045883,984E5B37F6D94E4E,electric_bike,2021-09-06 18:02:14,2021-09-06 18:18:00,Bayard St & Leonard St,5442,Kent Ave & N 7 St,5489,40.71915571696044,-73.94885390996933,40.72036775298455,-73.96165072917938,member
1045885,1D9163AFA005AF19,classic_bike,2021-09-04 13:19:58,2021-09-04 13:45:43,Bayard St & Leonard St,5442,Kent Ave & N 7 St,5489,40.71915571696044,-73.94885390996933,40.72036775298455,-73.96165072917938,member
1045909,9C6567FEBA859685,classic_bike,2021-09-11 17:05:16,2021-09-11 17:15:50,Bayard St & Leonard St,5442,Kent Ave & N 7 St,5489,40.71915571696044,-73.94885390996933,40.72036775298455,-73.96165072917938,member
1046040,67E8B95258462E00,classic_bike,2021-09-29 17:56:30,2021-09-29 18:13:53,Bayard St & Leonard St,5442,Kent Ave & N 7 St,5489,40.71915571696044,-73.94885390996933,40.72036775298455,-73.96165072917938,member
1046043,5288EE557DD87DCA,classic_bike,2021-09-26 13:45:33,2021-09-26 14:12:30,Bayard St & Leonard St,5442,Kent Ave & N 7 St,5489,40.71915571696044,-73.94885390996933,40.72036775298455,-73.96165072917938,member
1046044,056B8E12FF43571C,classic_bike,2021-09-29 12:22:30,2021-09-29 12:29:26,Bayard St & Leonard St,5442,Kent Ave & N 7 St,5489,40.71915571696044,-73.94885390996933,40.72036775298455,-73.96165072917938,member
1046046,5E42E14FA10524AD,classic_bike,2021-09-10 17:52:08,2021-09-10 17:59:59,Bayard St & Leonard St,5442,Kent Ave & N 7 St,5489,40.71915571696044,-73.94885390996933,40.72036775298455,-73.96165072917938,member
1046069,1C8D7C0F38CB2271,classic_bike,2021-09-24 07:35:19,2021-09-24 07:41:36,Bayard St & Leonard St,5442,Kent Ave & N 7 St,5489,40.71915571696044,-73.94885390996933,40.72036775298455,-73.96165072917938,casual
1046114,5E9C5FA343F67DA0,classic_bike,2021-09-15 18:38:59,2021-09-15 18:47:02,Bayard St & Leonard St,5442,Kent Ave & N 7 St,5489,40.71915571696044,-73.94885390996933,40.72036775298455,-73.96165072917938,member
1049211,12C65B70515E9E60,classic_bike,2021-09-21 19:12:33,2021-09-21 19:18:21,Bayard St & Leonard St,5442,Kent Ave & N 7 St,5489,40.71915571696044,-73.94885390996933,40.72036775298455,-73.96165072917938,member
1049212,51A14D08595B4D4D,classic_bike,2021-09-01 12:31:57,2021-09-01 12:38:43,Bayard St & Leonard St,5442,Kent Ave & N 7 St,5489,40.71915571696044,-73.94885390996933,40.72036775298455,-73.96165072917938,member
1049235,36542CF9F4C94D05,classic_bike,2021-09-10 19:06:00,2021-09-10 19:15:17,Bayard St & Leonard St,5442,Kent Ave & N 7 St,5489,40.71915571696044,-73.94885390996933,40.72036775298455,-73.96165072917938,member
1049771,357DEBD8525F3EB4,electric_bike,2021-09-02 18:11:14,2021-09-02 18:26:51,Manhattan Av & Leonard St,5442,Jackson Ave & 46 Rd,6203,40.72084,-73.94844,40.74524768,-73.94733276,member
1051794,DDDEE2DAF8EF2DBA,classic_bike,2021-09-24 16:02:20,2021-09-24 16:15:50,Bayard St & Leonard St,5442,Jackson Ave & 46 Rd,6203,40.71915571696044,-73.94885390996933,40.74524768,-73.94733276,member
1055964,8D7D937B43F39EBB,electric_bike,2021-09-09 17:43:15,2021-09-09 18:04:40,Bayard St & Leonard St,5442,Jackson Ave & 46 Rd,6203,40.71915571696044,-73.94885390996933,40.74524768,-73.94733276,member
1056001,108C36CDCD9BEEC3,classic_bike,2021-09-19 14:51:14,2021-09-19 15:09:21,Bayard St & Leonard St,5442,Kosciuszko St & Tompkins Ave,4553,40.71915571696044,-73.94885390996933,40.69128258,-73.9452416,casual
1056016,64652E218BDEF9F3,electric_bike,2021-09-02 11:34:58,2021-09-02 11:46:21,Bayard St & Leonard St,5442,Kosciuszko St & Tompkins Ave,4553,40.71915571696044,-73.94885390996933,40.69128258,-73.9452416,member
1065329,53154C937C3E3153,classic_bike,2021-09-18 17:38:41,2021-09-18 17:54:05,Bayard St & Leonard St,5442,Jackson Ave & 46 Rd,6203,40.71915571696044,-73.94885390996933,40.74524768,-73.94733276,member
1068233,460ECF7339E27BD9,classic_bike,2021-09-04 23:43:04,2021-09-04 23:47:16,Manhattan Av & Leonard St,5442,Engert Ave & McGuinness Blvd,5473,40.72084,-73.94844,40.72158,-73.94546,member
1070782,315B49C02BE52F4C,classic_bike,2021-09-30 17:42:00,2021-09-30 17:44:48,Bayard St & Leonard St,5442,Engert Ave & McGuinness Blvd,5473,40.71915571696044,-73.94885390996933,40.72158,-73.94546,member
1071609,D7AD47B142027AE5,electric_bike,2021-09-22 18:03:00,2021-09-22 18:32:19,Bayard St & Leonard St,5442,Bergen St & 4 Ave,4322,40.71915571696044,-73.94885390996933,40.68256425759694,-73.9798977971077,member
1071679,CAE63D8ACD916AF3,classic_bike,2021-09-11 17:13:33,2021-09-11 17:15:56,Bayard St & Leonard St,5442,Engert Ave & McGuinness Blvd,5473,40.71915571696044,-73.94885390996933,40.72158,-73.94546,member
1071868,0F5DB6F96C764BA3,classic_bike,2021-09-07 11:07:46,2021-09-07 11:23:38,Manhattan Av & Leonard St,5442,Engert Ave & McGuinness Blvd,5473,40.72084,-73.94844,40.72158,-73.94546,casual
1071885,CBB516D0817AAA7F,classic_bike,2021-09-09 21:48:16,2021-09-09 21:50:47,Manhattan Av & Leonard St,5442,Engert Ave & McGuinness Blvd,5473,40.72084,-73.94844,40.72158,-73.94546,member
1071887,E77FEC55C37EDABC,electric_bike,2021-09-20 14:46:31,2021-09-20 15:11:53,Manhattan Av & Leonard St,5442,Knickerbocker Ave & Cooper St,4582,40.72084,-73.94844,40.69081,-73.90448,member
1071889,2E2EFC862F230020,classic_bike,2021-09-04 23:28:41,2021-09-04 23:30:40,Manhattan Av & Leonard St,5442,Engert Ave & McGuinness Blvd,5473,40.72084,-73.94844,40.72158,-73.94546,member
1071903,49F868C90577D0C2,classic_bike,2021-09-02 18:39:39,2021-09-02 18:42:00,Manhattan Av & Leonard St,5442,Engert Ave & McGuinness Blvd,5473,40.72084,-73.94844,40.72158,-73.94546,member
1071923,C01EE9003C8450C4,classic_bike,2021-09-30 12:10:48,2021-09-30 12:23:22,Manhattan Av & Leonard St,5442,Engert Ave & McGuinness Blvd,5473,40.72084,-73.94844,40.72158,-73.94546,member
1071924,72311731D01C2C11,classic_bike,2021-09-06 15:15:24,2021-09-06 15:17:15,Manhattan Av & Leonard St,5442,Engert Ave & McGuinness Blvd,5473,40.72084,-73.94844,40.72158,-73.94546,member
1072182,8E7E626552F26B03,classic_bike,2021-09-06 14:48:13,2021-09-06 14:51:33,Bayard St & Leonard St,5442,Engert Ave & McGuinness Blvd,5473,40.71915571696044,-73.94885390996933,40.72158,-73.94546,member
1076360,BE7B52D5ACE18C84,classic_bike,2021-09-03 12:15:18,2021-09-03 12:19:50,Bayard St & Leonard St,5442,Engert Ave & McGuinness Blvd,5473,40.71915571696044,-73.94885390996933,40.72158,-73.94546,member
1076404,69AB12E2C5DA3DD5,classic_bike,2021-09-01 01:45:18,2021-09-01 01:48:28,Bayard St & Leonard St,5442,Engert Ave & McGuinness Blvd,5473,40.71915571696044,-73.94885390996933,40.72158,-73.94546,member
1076414,3A38E2D80C956762,classic_bike,2021-09-08 19:26:55,2021-09-08 19:30:10,Bayard St & Leonard St,5442,Engert Ave & McGuinness Blvd,5473,40.71915571696044,-73.94885390996933,40.72158,-73.94546,member
1076494,03B02B3377DD6EAF,classic_bike,2021-09-08 10:43:33,2021-09-08 10:47:18,Bayard St & Leonard St,5442,Engert Ave & McGuinness Blvd,5473,40.71915571696044,-73.94885390996933,40.72158,-73.94546,member
1076554,0465DD28940F1BAB,classic_bike,2021-09-23 01:44:14,2021-09-23 01:47:06,Bayard St & Leonard St,5442,Engert Ave & McGuinness Blvd,5473,40.71915571696044,-73.94885390996933,40.72158,-73.94546,member
1076555,6797139B2981F59F,classic_bike,2021-09-11 23:53:28,2021-09-11 23:57:08,Bayard St & Leonard St,5442,Engert Ave & McGuinness Blvd,5473,40.71915571696044,-73.94885390996933,40.72158,-73.94546,member
1076591,93A3A6B3D3F4E1B2,classic_bike,2021-09-28 12:50:23,2021-09-28 12:55:12,Bayard St & Leonard St,5442,Engert Ave & McGuinness Blvd,5473,40.71915571696044,-73.94885390996933,40.72158,-73.94546,member
1077107,D55FD388E5EB942C,classic_bike,2021-09-07 16:58:14,2021-09-07 17:00:26,Bayard St & Leonard St,5442,Engert Ave & McGuinness Blvd,5473,40.71915571696044,-73.94885390996933,40.72158,-73.94546,member
1079979,2C7784530A7ABF4A,classic_bike,2021-09-11 20:45:20,2021-09-11 21:13:18,Manhattan Av & Leonard St,5442,Engert Ave & McGuinness Blvd,5473,40.72084,-73.94844,40.72158,-73.94546,casual
1080002,39F74AD20A2C1F9D,electric_bike,2021-09-04 14:38:58,2021-09-04 14:40:51,Manhattan Av & Leonard St,5442,Engert Ave & McGuinness Blvd,5473,40.72084,-73.94844,40.72158,-73.94546,member
1081287,6A4C6871E686D4FE,classic_bike,2021-09-06 14:18:40,2021-09-06 14:25:43,Manhattan Av & Leonard St,5442,Engert Ave & McGuinness Blvd,5473,40.72084,-73.94844,40.72158,-73.94546,member
1081293,157AA1C89391FCBD,classic_bike,2021-09-24 18:45:46,2021-09-24 18:58:36,Manhattan Av & Leonard St,5442,Engert Ave & McGuinness Blvd,5473,40.72084,-73.94844,40.72158,-73.94546,casual
1081316,A3A41F7A24475785,classic_bike,2021-09-17 17:38:59,2021-09-17 17:40:22,Manhattan Av & Leonard St,5442,Engert Ave & McGuinness Blvd,5473,40.72084,-73.94844,40.72158,-73.94546,member
1081317,D8D9F543ABBDEF0F,classic_bike,2021-09-17 17:33:14,2021-09-17 17:36:01,Manhattan Av & Leonard St,5442,Engert Ave & McGuinness Blvd,5473,40.72084,-73.94844,40.72158,-73.94546,member
1081318,8C0D5DA56A901422,classic_bike,2021-09-17 17:44:35,2021-09-17 17:46:26,Manhattan Av & Leonard St,5442,Engert Ave & McGuinness Blvd,5473,40.72084,-73.94844,40.72158,-73.94546,member
1084875,C2B691F8DBA12F4E,classic_bike,2021-09-15 17:47:41,2021-09-15 17:49:53,Bayard St & Leonard St,5442,Engert Ave & McGuinness Blvd,5473,40.71915571696044,-73.94885390996933,40.72158,-73.94546,member
1084930,F0934A5B6EFC0304,classic_bike,2021-09-22 07:22:39,2021-09-22 07:26:17,Bayard St & Leonard St,5442,Engert Ave & McGuinness Blvd,5473,40.71915571696044,-73.94885390996933,40.72158,-73.94546,member
1085890,BFAA9D024F32E3B6,classic_bike,2021-09-11 17:18:13,2021-09-11 17:21:12,Bayard St & Leonard St,5442,Engert Ave & McGuinness Blvd,5473,40.71915571696044,-73.94885390996933,40.72158,-73.94546,member
1085899,C6674DE4AA61D8D8,classic_bike,2021-09-05 17:08:05,2021-09-05 17:11:42,Bayard St & Leonard St,5442,Engert Ave & McGuinness Blvd,5473,40.71915571696044,-73.94885390996933,40.72158,-73.94546,member
1113774,9018EC400C7D48C6,docked_bike,2021-09-03 14:41:58,2021-09-03 15:17:33,Manhattan Av & Leonard St,5442,Stanton St & Norfolk St,5445,40.72084,-73.94844,40.720747,-73.986274,casual
1113811,29AEC08FC87AEAF0,classic_bike,2021-09-10 13:44:50,2021-09-10 14:24:38,Manhattan Av & Leonard St,5442,S 3 St & Bedford Ave,5235,40.72084,-73.94844,40.71260486,-73.96264403,casual
1114109,BEAABC5E6CE390F5,classic_bike,2021-09-10 13:43:53,2021-09-10 14:23:44,Manhattan Av & Leonard St,5442,S 3 St & Bedford Ave,5235,40.72084,-73.94844,40.71260486,-73.96264403,casual
1115076,D99ADDA89A987AEF,classic_bike,2021-09-24 16:53:44,2021-09-24 17:22:19,Manhattan Av & Leonard St,5442,Norfolk St & Broome St,5374,40.72084,-73.94844,40.7172274,-73.98802084,casual
1118229,65E7489939C20392,electric_bike,2021-09-07 09:51:29,2021-09-07 10:04:42,Bayard St & Leonard St,5442,Norfolk St & Broome St,5374,40.71915571696044,-73.94885390996933,40.7172274,-73.98802084,member
1118239,EBBAE6E0FBA4A185,classic_bike,2021-09-04 14:05:24,2021-09-04 14:23:39,Bayard St & Leonard St,5442,Central Ave & Himrod St,4713,40.71915571696044,-73.94885390996933,40.69676,-73.92302,casual
1118260,EA6B8A0EE0304223,classic_bike,2021-09-29 18:28:59,2021-09-29 18:46:32,Bayard St & Leonard St,5442,Central Ave & Himrod St,4713,40.71915571696044,-73.94885390996933,40.69676,-73.92302,member
1118261,DA6EB6454E302136,classic_bike,2021-09-24 10:18:55,2021-09-24 10:29:24,Bayard St & Leonard St,5442,S 3 St & Bedford Ave,5235,40.71915571696044,-73.94885390996933,40.71260486,-73.96264403,member
1118266,9C68024F5B912780,classic_bike,2021-09-28 11:46:32,2021-09-28 11:54:19,Bayard St & Leonard St,5442,S 3 St & Bedford Ave,5235,40.71915571696044,-73.94885390996933,40.71260486,-73.96264403,casual
1120012,593F0C253B5C0363,classic_bike,2021-09-18 16:48:01,2021-09-18 17:09:35,Bayard St & Leonard St,5442,Stanton St & Norfolk St,5445,40.71915571696044,-73.94885390996933,40.720747,-73.986274,member
1140388,D842559EB053577B,electric_bike,2021-09-15 17:32:09,2021-09-15 17:51:00,Bayard St & Leonard St,5442,Norfolk St & Broome St,5374,40.71915571696044,-73.94885390996933,40.7172274,-73.98802084,member
1140393,7AE22A99F4A2222C,electric_bike,2021-09-13 18:28:51,2021-09-13 18:34:01,Bayard St & Leonard St,5442,S 3 St & Bedford Ave,5235,40.71915571696044,-73.94885390996933,40.71260486,-73.96264403,member
1140396,339D0A1AEA8D6F95,classic_bike,2021-09-25 13:46:55,2021-09-25 13:55:01,Bayard St & Leonard St,5442,S 3 St & Bedford Ave,5235,40.71915571696044,-73.94885390996933,40.71260486,-73.96264403,member
1140399,EA98C201E66B8EF9,classic_bike,2021-09-03 06:45:28,2021-09-03 06:53:06,Bayard St & Leonard St,5442,S 3 St & Bedford Ave,5235,40.71915571696044,-73.94885390996933,40.71260486,-73.96264403,member
1140415,71B7CBC67890448E,electric_bike,2021-09-10 12:35:35,2021-09-10 12:48:35,Bayard St & Leonard St,5442,Norfolk St & Broome St,5374,40.71915571696044,-73.94885390996933,40.7172274,-73.98802084,casual
1140429,F037A73E0E6065CD,electric_bike,2021-09-11 16:27:32,2021-09-11 16:42:07,Bayard St & Leonard St,5442,Suydam St & Broadway,4689,40.71915571696044,-73.94885390996933,40.69544,-73.93223,member
1140434,240FDB8DF64A40A5,classic_bike,2021-09-15 18:45:49,2021-09-15 19:04:13,Bayard St & Leonard St,5442,Central Ave & Himrod St,4713,40.71915571696044,-73.94885390996933,40.69676,-73.92302,member
1140440,063B78E0C780C508,classic_bike,2021-09-27 18:44:59,2021-09-27 19:03:03,Bayard St & Leonard St,5442,Central Ave & Himrod St,4713,40.71915571696044,-73.94885390996933,40.69676,-73.92302,member
1140442,F15983071C5BFE56,classic_bike,2021-09-01 14:16:17,2021-09-01 14:34:05,Bayard St & Leonard St,5442,Wilson Ave & Troutman St,4864,40.71915571696044,-73.94885390996933,40.70166,-73.92754,member
1140443,45ECD332C9738FDF,classic_bike,2021-09-03 14:01:05,2021-09-03 14:16:40,Bayard St & Leonard St,5442,Wilson Ave & Troutman St,4864,40.71915571696044,-73.94885390996933,40.70166,-73.92754,member
1140447,E0C4675B460BAC1B,classic_bike,2021-09-25 11:16:32,2021-09-25 11:35:44,Bayard St & Leonard St,5442,Stanton St & Norfolk St,5445,40.71915571696044,-73.94885390996933,40.720747,-73.986274,casual
1140449,47D9195C1990FB28,electric_bike,2021-09-12 18:40:12,2021-09-12 18:54:20,Bayard St & Leonard St,5442,Wilson Ave & Troutman St,4864,40.71915571696044,-73.94885390996933,40.70166,-73.92754,casual
1140457,035368EE398B37A3,electric_bike,2021-09-30 18:02:58,2021-09-30 18:08:08,Bayard St & Leonard St,5442,S 3 St & Bedford Ave,5235,40.71915571696044,-73.94885390996933,40.71260486,-73.96264403,member
1140459,DF5EBC143EC229E2,classic_bike,2021-09-13 19:05:36,2021-09-13 19:25:31,Bayard St & Leonard St,5442,Central Ave & Himrod St,4713,40.71915571696044,-73.94885390996933,40.69676,-73.92302,member
1140520,E255320C7EC0B6C0,electric_bike,2021-09-10 23:33:21,2021-09-10 23:55:21,Bayard St & Leonard St,5442,Wilson Ave & Troutman St,4864,40.71915571696044,-73.94885390996933,40.70166,-73.92754,casual
1140525,ADDA4D5B191E6BAE,electric_bike,2021-09-20 09:48:55,2021-09-20 10:01:23,Bayard St & Leonard St,5442,Norfolk St & Broome St,5374,40.71915571696044,-73.94885390996933,40.7172274,-73.98802084,member
1140537,426D84C2EF432ED3,electric_bike,2021-09-08 13:19:51,2021-09-08 13:35:14,Bayard St & Leonard St,5442,Suydam St & Broadway,4689,40.71915571696044,-73.94885390996933,40.69544,-73.93223,member
1140544,15A8C29080A6CDA8,electric_bike,2021-09-16 19:17:24,2021-09-16 19:35:49,Bayard St & Leonard St,5442,Central Ave & Himrod St,4713,40.71915571696044,-73.94885390996933,40.69676,-73.92302,member
1140546,FE08B8CC427A3A64,electric_bike,2021-09-16 23:04:02,2021-09-16 23:19:59,Bayard St & Leonard St,5442,Stanton St & Norfolk St,5445,40.71915571696044,-73.94885390996933,40.720747,-73.986274,member
1140565,EDDC78D99A4A78F5,electric_bike,2021-09-28 07:42:39,2021-09-28 07:58:46,Bayard St & Leonard St,5442,Central Ave & Himrod St,4713,40.71915571696044,-73.94885390996933,40.69676,-73.92302,member
1140566,6B798D97E000050A,electric_bike,2021-09-16 19:31:54,2021-09-16 19:53:59,Bayard St & Leonard St,5442,Stanton St & Norfolk St,5445,40.71915571696044,-73.94885390996933,40.720747,-73.986274,member
1140578,A35ABD5583224C1C,electric_bike,2021-09-06 16:57:12,2021-09-06 17:13:01,Bayard St & Leonard St,5442,Norfolk St & Broome St,5374,40.71915571696044,-73.94885390996933,40.7172274,-73.98802084,member
1140586,21778C53B78CA862,classic_bike,2021-09-10 09:09:37,2021-09-10 09:18:57,Bayard St & Leonard St,5442,S 3 St & Bedford Ave,5235,40.71915571696044,-73.94885390996933,40.71260486,-73.96264403,member
1140611,1B3FD87CF5498243,electric_bike,2021-09-22 09:50:55,2021-09-22 10:04:55,Bayard St & Leonard St,5442,Norfolk St & Broome St,5374,40.71915571696044,-73.94885390996933,40.7172274,-73.98802084,member
1140651,C54F988CEEC4B42D,classic_bike,2021-09-19 12:53:44,2021-09-19 13:02:17,Bayard St & Leonard St,5442,S 3 St & Bedford Ave,5235,40.71915571696044,-73.94885390996933,40.71260486,-73.96264403,casual
1140658,D9A606363D2FDE8D,electric_bike,2021-09-10 23:32:43,2021-09-10 23:56:28,Bayard St & Leonard St,5442,Wilson Ave & Troutman St,4864,40.71915571696044,-73.94885390996933,40.70166,-73.92754,casual
1140676,0DD52826C65C5E00,classic_bike,2021-09-21 17:08:06,2021-09-21 17:15:07,Bayard St & Leonard St,5442,S 3 St & Bedford Ave,5235,40.71915571696044,-73.94885390996933,40.71260486,-73.96264403,member
1141049,8E5E8DC9037FFC8B,classic_bike,2021-09-04 09:59:31,2021-09-04 10:22:14,Manhattan Av & Leonard St,5442,Stanton St & Norfolk St,5445,40.72084,-73.94844,40.720747,-73.986274,casual
1141074,CB2577F6DBEBC5EE,classic_bike,2021-09-02 12:03:41,2021-09-02 12:27:24,Manhattan Av & Leonard St,5442,Norfolk St & Broome St,5374,40.72084,-73.94844,40.7172274,-73.98802084,member
1141097,A66D7F3E0AEE409E,electric_bike,2021-09-21 16:48:47,2021-09-21 17:25:07,Manhattan Av & Leonard St,5442,W 89 St & Columbus Ave,7432,40.72084,-73.94844,40.7882213,-73.97041561,member
1142810,B781F80629495991,classic_bike,2021-09-25 13:22:09,2021-09-25 14:02:15,Bayard St & Leonard St,5442,Norfolk St & Broome St,5374,40.71915571696044,-73.94885390996933,40.7172274,-73.98802084,member
1142811,57B901C6F9445F2A,electric_bike,2021-09-11 14:47:44,2021-09-11 15:08:03,Bayard St & Leonard St,5442,Norfolk St & Broome St,5374,40.71915571696044,-73.94885390996933,40.7172274,-73.98802084,member
1142813,6F1F2A44648A86C4,classic_bike,2021-09-25 18:16:04,2021-09-25 18:37:32,Bayard St & Leonard St,5442,Suydam St & Broadway,4689,40.71915571696044,-73.94885390996933,40.69544,-73.93223,casual
1143645,874ECE5A5462DDDE,electric_bike,2021-09-10 09:44:08,2021-09-10 09:58:14,Bayard St & Leonard St,5442,Norfolk St & Broome St,5374,40.71915571696044,-73.94885390996933,40.7172274,-73.98802084,member
1144046,8362C5BFFF3CCD58,electric_bike,2021-09-02 12:14:04,2021-09-02 12:35:18,Bayard St & Leonard St,5442,Central Ave & Himrod St,4713,40.71915571696044,-73.94885390996933,40.69676,-73.92302,member
1144047,19FF2E8573515A92,classic_bike,2021-09-14 19:22:16,2021-09-14 19:47:53,Bayard St & Leonard St,5442,Central Ave & Himrod St,4713,40.71915571696044,-73.94885390996933,40.69676,-73.92302,member
1144053,2238463F20FDC104,classic_bike,2021-09-08 18:52:29,2021-09-08 19:03:56,Bayard St & Leonard St,5442,S 3 St & Bedford Ave,5235,40.71915571696044,-73.94885390996933,40.71260486,-73.96264403,member
1144280,82B51AE85B7F2A5A,classic_bike,2021-09-30 14:09:11,2021-09-30 14:18:59,Manhattan Av & Leonard St,5442,S 3 St & Bedford Ave,5235,40.72084,-73.94844,40.71260486,-73.96264403,member
1147889,B7EB2FBC63EBA809,classic_bike,2021-09-08 19:33:13,2021-09-08 19:51:20,Bayard St & Leonard St,5442,Stanton St & Norfolk St,5445,40.71915571696044,-73.94885390996933,40.720747,-73.986274,member
1147908,FF455F520B8DB40D,electric_bike,2021-09-10 20:04:25,2021-09-10 20:29:32,Bayard St & Leonard St,5442,Central Ave & Himrod St,4713,40.71915571696044,-73.94885390996933,40.69676,-73.92302,member
1147909,A45AE0291557913A,electric_bike,2021-09-07 07:46:23,2021-09-07 08:05:15,Bayard St & Leonard St,5442,Central Ave & Himrod St,4713,40.71915571696044,-73.94885390996933,40.69676,-73.92302,member
1147916,D9BC5FBE36AC03D1,electric_bike,2021-09-25 21:57:43,2021-09-25 22:19:22,Bayard St & Leonard St,5442,Norfolk St & Broome St,5374,40.71915571696044,-73.94885390996933,40.7172274,-73.98802084,casual
1147969,26CEE27FA5714218,electric_bike,2021-09-11 12:56:55,2021-09-11 13:14:22,Manhattan Av & Leonard St,5442,Stanton St & Norfolk St,5445,40.72084,-73.94844,40.720747,-73.986274,member
1147974,A817BE2D66FD9217,classic_bike,2021-09-05 00:29:07,2021-09-05 00:56:02,Manhattan Av & Leonard St,5442,St Marks Pl & 2 Ave,5669,40.72084,-73.94844,40.7284186,-73.98713956,member
1148773,1E924C2C5EE7264D,classic_bike,2021-09-02 20:03:34,2021-09-02 20:19:51,Bayard St & Leonard St,5442,Wilson Ave & Troutman St,4864,40.71915571696044,-73.94885390996933,40.70166,-73.92754,casual
1152184,8B2D615A8508C432,classic_bike,2021-09-20 19:29:18,2021-09-20 21:07:43,Manhattan Av & Leonard St,5442,Underhill Ave & Lincoln Pl,4042,40.72084,-73.94844,40.6740123,-73.9671457,casual
1154124,C24AEA6E9B51B15C,classic_bike,2021-09-22 19:22:37,2021-09-22 19:46:56,Bayard St & Leonard St,5442,Cedar St & Myrtle Ave,4751,40.71915571696044,-73.94885390996933,40.697842,-73.926241,member
1159040,28892B613FAD622D,electric_bike,2021-09-15 22:11:30,2021-09-15 22:35:24,Bayard St & Leonard St,5442,Underhill Ave & Lincoln Pl,4042,40.71915571696044,-73.94885390996933,40.6740123,-73.9671457,member
1161850,D2DA7D35D9B782FE,electric_bike,2021-09-21 18:50:20,2021-09-21 19:14:56,Bayard St & Leonard St,5442,Underhill Ave & Lincoln Pl,4042,40.71915571696044,-73.94885390996933,40.6740123,-73.9671457,member
1178047,E00FCCD4970638CC,electric_bike,2021-09-18 22:48:12,2021-09-18 23:28:20,Bayard St & Leonard St,5442,E 116 St & 2 Ave,7563,40.71915571696044,-73.94885390996933,40.796879,-73.937261,casual
1186189,6D6F39D64E8704FD,electric_bike,2021-09-16 22:27:48,2021-09-16 22:41:10,Bayard St & Leonard St,5442,Menahan St & Wyckoff Ave,4890,40.71915571696044,-73.94885390996933,40.70113,-73.91422,member
1186331,7B698B8D2DF1DD9A,classic_bike,2021-09-13 19:06:48,2021-09-13 19:14:08,Manhattan Av & Leonard St,5442,Green St & McGuinness Blvd,5860,40.72084,-73.94844,40.73396,-73.95204,member
1193636,68480D5914527DDA,classic_bike,2021-09-18 12:00:17,2021-09-18 12:15:21,Bayard St & Leonard St,5442,Green St & McGuinness Blvd,5860,40.71915571696044,-73.94885390996933,40.73396,-73.95204,member
1199388,9297D26B97CEC81C,classic_bike,2021-09-04 13:54:45,2021-09-04 14:09:44,Manhattan Av & Leonard St,5442,Green St & McGuinness Blvd,5860,40.72084,-73.94844,40.73396,-73.95204,casual
1209566,31711F5E95D69D7D,classic_bike,2021-09-17 15:33:53,2021-09-17 15:37:40,Manhattan Av & Leonard St,5442,N 12 St & Bedford Ave,5450,40.72084,-73.94844,40.72079821,-73.95484712,member
1209648,2596885219A070BC,classic_bike,2021-09-14 11:12:43,2021-09-14 11:17:15,Manhattan Av & Leonard St,5442,N 12 St & Bedford Ave,5450,40.72084,-73.94844,40.72079821,-73.95484712,member
1209760,10D33010DBD6AE15,classic_bike,2021-09-26 14:08:28,2021-09-26 14:11:45,Manhattan Av & Leonard St,5442,N 12 St & Bedford Ave,5450,40.72084,-73.94844,40.72079821,-73.95484712,member
1209895,342A4E154188411A,electric_bike,2021-09-09 22:22:34,2021-09-09 23:00:19,Bayard St & Leonard St,5442,Pierrepont St & Monroe Pl,4718,40.71915571696044,-73.94885390996933,40.69535693320225,-73.99344027042389,member
1211174,9FB273A35E384A91,classic_bike,2021-09-22 17:23:45,2021-09-22 17:26:35,Bayard St & Leonard St,5442,N 12 St & Bedford Ave,5450,40.71915571696044,-73.94885390996933,40.72079821,-73.95484712,member
1211179,2CEB8EA29FD69D22,classic_bike,2021-09-29 06:49:01,2021-09-29 06:52:01,Bayard St & Leonard St,5442,N 12 St & Bedford Ave,5450,40.71915571696044,-73.94885390996933,40.72079821,-73.95484712,member
1211195,8050753F37ECBB67,classic_bike,2021-09-25 08:56:19,2021-09-25 08:59:43,Bayard St & Leonard St,5442,N 12 St & Bedford Ave,5450,40.71915571696044,-73.94885390996933,40.72079821,-73.95484712,member
1211204,0EB7C5C7A611939E,classic_bike,2021-09-20 08:36:04,2021-09-20 08:38:24,Bayard St & Leonard St,5442,N 12 St & Bedford Ave,5450,40.71915571696044,-73.94885390996933,40.72079821,-73.95484712,member
1211211,4A067F6AC5A2EBF1,classic_bike,2021-09-18 11:56:45,2021-09-18 12:00:42,Bayard St & Leonard St,5442,N 12 St & Bedford Ave,5450,40.71915571696044,-73.94885390996933,40.72079821,-73.95484712,casual
1211224,3C0330D55E2700B2,classic_bike,2021-09-04 17:48:23,2021-09-04 17:52:51,Bayard St & Leonard St,5442,N 12 St & Bedford Ave,5450,40.71915571696044,-73.94885390996933,40.72079821,-73.95484712,casual
1212243,125B1CD40EC37C77,classic_bike,2021-09-18 12:39:51,2021-09-18 12:49:50,Manhattan Av & Leonard St,5442,N 12 St & Bedford Ave,5450,40.72084,-73.94844,40.72079821,-73.95484712,member
1212250,07DBC958CE7C0C8A,classic_bike,2021-09-02 10:04:25,2021-09-02 10:09:17,Manhattan Av & Leonard St,5442,N 12 St & Bedford Ave,5450,40.72084,-73.94844,40.72079821,-73.95484712,member
1212256,856C2350FB409389,classic_bike,2021-09-15 07:11:29,2021-09-15 07:14:58,Manhattan Av & Leonard St,5442,N 12 St & Bedford Ave,5450,40.72084,-73.94844,40.72079821,-73.95484712,member
1212270,3A331658163903E0,classic_bike,2021-09-11 22:08:47,2021-09-11 22:21:38,Manhattan Av & Leonard St,5442,N 12 St & Bedford Ave,5450,40.72084,-73.94844,40.72079821,-73.95484712,casual
1212463,C133A5AB8D1359AC,classic_bike,2021-09-12 18:30:11,2021-09-12 18:41:52,Bayard St & Leonard St,5442,N 12 St & Bedford Ave,5450,40.71915571696044,-73.94885390996933,40.72079821,-73.95484712,member
1215303,7E0F93C03FCE6FF9,classic_bike,2021-09-07 18:08:37,2021-09-07 18:12:07,Manhattan Av & Leonard St,5442,N 12 St & Bedford Ave,5450,40.72084,-73.94844,40.72079821,-73.95484712,member
1215304,DE78458A3954CAB9,classic_bike,2021-09-15 16:20:18,2021-09-15 16:24:27,Manhattan Av & Leonard St,5442,N 15 St & Wythe Ave,5520,40.72084,-73.94844,40.724055,-73.955736,member
1215305,DDA2546B6B565139,classic_bike,2021-09-28 16:25:09,2021-09-28 16:29:17,Manhattan Av & Leonard St,5442,N 15 St & Wythe Ave,5520,40.72084,-73.94844,40.724055,-73.955736,member
1216047,9F454BB410CFEE59,classic_bike,2021-09-15 14:56:37,2021-09-15 14:59:24,Bayard St & Leonard St,5442,N 12 St & Bedford Ave,5450,40.71915571696044,-73.94885390996933,40.72079821,-73.95484712,member
1216095,931444947EB655E7,classic_bike,2021-09-22 06:52:31,2021-09-22 06:55:56,Bayard St & Leonard St,5442,N 12 St & Bedford Ave,5450,40.71915571696044,-73.94885390996933,40.72079821,-73.95484712,member
1216096,70C5FAE4B720858B,classic_bike,2021-09-15 06:56:19,2021-09-15 06:58:36,Bayard St & Leonard St,5442,N 12 St & Bedford Ave,5450,40.71915571696044,-73.94885390996933,40.72079821,-73.95484712,member
1216106,879203B3838E1A0C,classic_bike,2021-09-28 10:53:14,2021-09-28 10:55:25,Bayard St & Leonard St,5442,N 12 St & Bedford Ave,5450,40.71915571696044,-73.94885390996933,40.72079821,-73.95484712,casual
1216131,C13BBA390798DAE4,electric_bike,2021-09-18 21:29:43,2021-09-18 21:39:53,Bayard St & Leonard St,5442,N 12 St & Bedford Ave,5450,40.71915571696044,-73.94885390996933,40.72079821,-73.95484712,casual
1218252,8732B2777F29013B,classic_bike,2021-09-26 10:24:15,2021-09-26 10:30:29,Manhattan Av & Leonard St,5442,N 12 St & Bedford Ave,5450,40.72084,-73.94844,40.72079821,-73.95484712,member
1218253,D776C816815D5065,classic_bike,2021-09-09 19:06:04,2021-09-09 19:12:13,Manhattan Av & Leonard St,5442,N 12 St & Bedford Ave,5450,40.72084,-73.94844,40.72079821,-73.95484712,member
1218259,6A0983092F0DAE44,classic_bike,2021-09-08 07:44:48,2021-09-08 07:47:45,Manhattan Av & Leonard St,5442,N 12 St & Bedford Ave,5450,40.72084,-73.94844,40.72079821,-73.95484712,member
1218264,ABBEA1D55D0A43B6,classic_bike,2021-09-12 19:26:21,2021-09-12 19:29:58,Manhattan Av & Leonard St,5442,N 12 St & Bedford Ave,5450,40.72084,-73.94844,40.72079821,-73.95484712,member
1218283,75BAF179805D3053,classic_bike,2021-09-23 07:51:57,2021-09-23 07:55:31,Manhattan Av & Leonard St,5442,N 12 St & Bedford Ave,5450,40.72084,-73.94844,40.72079821,-73.95484712,member
1218290,0298FC335517D336,classic_bike,2021-09-22 11:25:39,2021-09-22 11:37:37,Manhattan Av & Leonard St,5442,N 12 St & Bedford Ave,5450,40.72084,-73.94844,40.72079821,-73.95484712,casual
1218291,2AB672AC57719A27,classic_bike,2021-09-26 10:24:21,2021-09-26 10:30:30,Manhattan Av & Leonard St,5442,N 12 St & Bedford Ave,5450,40.72084,-73.94844,40.72079821,-73.95484712,casual
1218296,C9F2FD94F9F6FD47,classic_bike,2021-09-28 07:51:39,2021-09-28 07:54:20,Manhattan Av & Leonard St,5442,N 12 St & Bedford Ave,5450,40.72084,-73.94844,40.72079821,-73.95484712,member
1226174,58D7316B600C177D,classic_bike,2021-09-18 12:40:31,2021-09-18 12:49:46,Manhattan Av & Leonard St,5442,N 12 St & Bedford Ave,5450,40.72084,-73.94844,40.72079821,-73.95484712,casual
1226184,9AF2E3383E143916,classic_bike,2021-09-05 14:25:59,2021-09-05 15:00:25,Manhattan Av & Leonard St,5442,N 15 St & Wythe Ave,5520,40.72084,-73.94844,40.724055,-73.955736,casual
1226190,673920BD96A6EA88,electric_bike,2021-09-02 09:49:52,2021-09-02 10:04:30,Manhattan Av & Leonard St,5442,N 12 St & Bedford Ave,5450,40.72084,-73.94844,40.72079821,-73.95484712,casual
1227817,215AB5503F7BFE59,classic_bike,2021-09-04 11:53:19,2021-09-04 12:07:49,Manhattan Av & Leonard St,5442,N 15 St & Wythe Ave,5520,40.72084,-73.94844,40.724055,-73.955736,casual
1227981,1BE52DFD52B62686,classic_bike,2021-09-29 10:21:44,2021-09-29 10:41:30,Manhattan Av & Leonard St,5442,N 12 St & Bedford Ave,5450,40.72084,-73.94844,40.72079821,-73.95484712,casual
1229067,0F75BC0F2C12B99F,classic_bike,2021-09-24 17:32:24,2021-09-24 17:35:11,Bayard St & Leonard St,5442,N 12 St & Bedford Ave,5450,40.71915571696044,-73.94885390996933,40.72079821,-73.95484712,member
1229086,464E8A4099035793,classic_bike,2021-09-18 11:54:08,2021-09-18 11:58:17,Bayard St & Leonard St,5442,N 12 St & Bedford Ave,5450,40.71915571696044,-73.94885390996933,40.72079821,-73.95484712,member
1229088,3723B05ACEF00FCE,classic_bike,2021-09-09 22:58:56,2021-09-09 23:01:20,Bayard St & Leonard St,5442,N 12 St & Bedford Ave,5450,40.71915571696044,-73.94885390996933,40.72079821,-73.95484712,member
1229094,2AB013572C005A4D,classic_bike,2021-09-06 14:03:41,2021-09-06 14:06:50,Bayard St & Leonard St,5442,N 12 St & Bedford Ave,5450,40.71915571696044,-73.94885390996933,40.72079821,-73.95484712,casual
1229103,83E2BFEE503B1B56,classic_bike,2021-09-18 11:54:29,2021-09-18 11:58:25,Bayard St & Leonard St,5442,N 12 St & Bedford Ave,5450,40.71915571696044,-73.94885390996933,40.72079821,-73.95484712,casual
1229130,7F862EEE94DEF073,classic_bike,2021-09-13 06:52:38,2021-09-13 06:55:20,Bayard St & Leonard St,5442,N 12 St & Bedford Ave,5450,40.71915571696044,-73.94885390996933,40.72079821,-73.95484712,member
1229142,6580BD151C02EA14,classic_bike,2021-09-15 09:28:35,2021-09-15 09:33:04,Bayard St & Leonard St,5442,N 12 St & Bedford Ave,5450,40.71915571696044,-73.94885390996933,40.72079821,-73.95484712,member
1229184,F248D282AFCF78BE,classic_bike,2021-09-27 06:50:21,2021-09-27 06:53:17,Bayard St & Leonard St,5442,N 12 St & Bedford Ave,5450,40.71915571696044,-73.94885390996933,40.72079821,-73.95484712,member
1229219,ACF563540BDBA696,classic_bike,2021-09-15 14:56:44,2021-09-15 14:59:27,Bayard St & Leonard St,5442,N 12 St & Bedford Ave,5450,40.71915571696044,-73.94885390996933,40.72079821,-73.95484712,member
1229242,3AA478A7A6EAEF9C,classic_bike,2021-09-06 14:03:25,2021-09-06 14:07:00,Bayard St & Leonard St,5442,N 12 St & Bedford Ave,5450,40.71915571696044,-73.94885390996933,40.72079821,-73.95484712,member
1229245,AF561E9F49263122,classic_bike,2021-09-24 11:04:25,2021-09-24 11:09:20,Bayard St & Leonard St,5442,N 15 St & Wythe Ave,5520,40.71915571696044,-73.94885390996933,40.724055,-73.955736,member
1229266,246A7113D6F35A71,classic_bike,2021-09-09 22:58:27,2021-09-09 23:01:29,Bayard St & Leonard St,5442,N 12 St & Bedford Ave,5450,40.71915571696044,-73.94885390996933,40.72079821,-73.95484712,member
1229273,28B0E480CA060083,classic_bike,2021-09-18 21:29:28,2021-09-18 21:39:47,Bayard St & Leonard St,5442,N 12 St & Bedford Ave,5450,40.71915571696044,-73.94885390996933,40.72079821,-73.95484712,casual
1229281,994A5FE80113760E,classic_bike,2021-09-17 11:53:53,2021-09-17 11:57:29,Bayard St & Leonard St,5442,N 12 St & Bedford Ave,5450,40.71915571696044,-73.94885390996933,40.72079821,-73.95484712,casual
1230060,82B9F20C699962EF,classic_bike,2021-09-10 19:15:23,2021-09-10 19:18:33,Bayard St & Leonard St,5442,N 12 St & Bedford Ave,5450,40.71915571696044,-73.94885390996933,40.72079821,-73.95484712,member
1230165,6CA10E6B7774F58B,classic_bike,2021-09-17 23:10:28,2021-09-17 23:18:16,Bayard St & Leonard St,5442,N 12 St & Bedford Ave,5450,40.71915571696044,-73.94885390996933,40.72079821,-73.95484712,casual
1230167,0EED6DE2432742AC,classic_bike,2021-09-17 23:09:46,2021-09-17 23:18:19,Bayard St & Leonard St,5442,N 12 St & Bedford Ave,5450,40.71915571696044,-73.94885390996933,40.72079821,-73.95484712,casual
1230184,A84D22F9437E9875,classic_bike,2021-09-27 14:07:37,2021-09-27 14:25:21,Bayard St & Leonard St,5442,N 12 St & Bedford Ave,5450,40.71915571696044,-73.94885390996933,40.72079821,-73.95484712,member
1230188,0843A6690A469372,classic_bike,2021-09-20 06:53:35,2021-09-20 06:56:43,Bayard St & Leonard St,5442,N 12 St & Bedford Ave,5450,40.71915571696044,-73.94885390996933,40.72079821,-73.95484712,member
1230189,A312754B555115AD,classic_bike,2021-09-10 16:39:31,2021-09-10 16:43:19,Bayard St & Leonard St,5442,N 12 St & Bedford Ave,5450,40.71915571696044,-73.94885390996933,40.72079821,-73.95484712,member
1230190,532374529201337F,classic_bike,2021-09-29 13:20:58,2021-09-29 13:23:11,Bayard St & Leonard St,5442,N 12 St & Bedford Ave,5450,40.71915571696044,-73.94885390996933,40.72079821,-73.95484712,member
1230194,8D5EB5B9E2B2B53F,classic_bike,2021-09-14 14:59:14,2021-09-14 15:04:20,Bayard St & Leonard St,5442,N 15 St & Wythe Ave,5520,40.71915571696044,-73.94885390996933,40.724055,-73.955736,casual
1230248,C42C4DF0FFD01392,classic_bike,2021-09-15 13:13:32,2021-09-15 13:19:52,Bayard St & Leonard St,5442,N 12 St & Bedford Ave,5450,40.71915571696044,-73.94885390996933,40.72079821,-73.95484712,casual
1231536,6FC88EFAE9718952,classic_bike,2021-09-01 06:53:58,2021-09-01 06:56:44,Bayard St & Leonard St,5442,N 12 St & Bedford Ave,5450,40.71915571696044,-73.94885390996933,40.72079821,-73.95484712,member
1237951,9137BE4B8829097D,classic_bike,2021-09-25 15:09:09,2021-09-25 15:26:52,Bayard St & Leonard St,5442,Willoughby Ave & Wyckoff Ave,5010,40.71915571696044,-73.94885390996933,40.705614,-73.92153,member
1239719,F0C647859D7864DD,classic_bike,2021-09-25 18:29:31,2021-09-25 19:03:11,Bayard St & Leonard St,5442,W 11 St & 6 Ave,5914,40.71915571696044,-73.94885390996933,40.73532427,-73.99800419,casual
1239761,5DF5A40ADFDED57A,classic_bike,2021-09-20 19:22:32,2021-09-20 19:41:32,Bayard St & Leonard St,5442,Willoughby Ave & Wyckoff Ave,5010,40.71915571696044,-73.94885390996933,40.705614,-73.92153,member
1239762,4A654A8876198151,classic_bike,2021-09-11 12:16:27,2021-09-11 12:32:07,Bayard St & Leonard St,5442,Willoughby Ave & Wyckoff Ave,5010,40.71915571696044,-73.94885390996933,40.705614,-73.92153,member
1249617,1B1B263BBDCADDB3,classic_bike,2021-09-05 03:31:26,2021-09-05 03:57:31,Manhattan Av & Leonard St,5442,DeKalb Ave & Vanderbilt Ave,4461,40.72084,-73.94844,40.68940747,-73.96885458,casual
1250442,A57C282D7B37F19A,classic_bike,2021-09-30 20:10:36,2021-09-30 20:35:19,Bayard St & Leonard St,5442,DeKalb Ave & Vanderbilt Ave,4461,40.71915571696044,-73.94885390996933,40.68940747,-73.96885458,casual
1256511,57CECABB73C68A0C,classic_bike,2021-09-14 18:53:48,2021-09-14 19:11:01,Bayard St & Leonard St,5442,Willoughby Ave & Wyckoff Ave,5010,40.71915571696044,-73.94885390996933,40.705614,-73.92153,member
1258931,350E6F4D2BCC475C,electric_bike,2021-09-17 09:55:02,2021-09-17 10:25:22,Bayard St & Leonard St,5442,Windsor Pl & Howard Pl,3579,40.71915571696044,-73.94885390996933,40.65949055893896,-73.98013919591904,casual
1267402,E22C41B07E99EC36,classic_bike,2021-09-04 21:19:13,2021-09-04 21:49:40,Bayard St & Leonard St,5442,Willoughby Ave & Wyckoff Ave,5010,40.71915571696044,-73.94885390996933,40.705614,-73.92153,casual
1267415,14A8A03A31FDE090,electric_bike,2021-09-22 17:58:12,2021-09-22 18:22:38,Bayard St & Leonard St,5442,DeKalb Ave & Vanderbilt Ave,4461,40.71915571696044,-73.94885390996933,40.68940747,-73.96885458,member
1267422,73A5703B7B9210E6,electric_bike,2021-09-07 12:51:47,2021-09-07 13:15:40,Bayard St & Leonard St,5442,DeKalb Ave & Vanderbilt Ave,4461,40.71915571696044,-73.94885390996933,40.68940747,-73.96885458,member
1270079,4B3000506F41FDBA,classic_bike,2021-09-24 19:05:09,2021-09-24 19:24:53,Manhattan Av & Leonard St,5442,Willoughby Ave & Wyckoff Ave,5010,40.72084,-73.94844,40.705614,-73.92153,casual
1270082,F7F6AE45DBAB0941,electric_bike,2021-09-24 19:25:45,2021-09-24 19:43:45,Manhattan Av & Leonard St,5442,E 7 St & Avenue A,5626,40.72084,-73.94844,40.72621788,-73.98379855,casual
1279109,90CC3299833DFDB7,electric_bike,2021-09-06 15:21:59,2021-09-06 15:50:50,Bayard St & Leonard St,5442,Mott St & Prince St,5561,40.71915571696044,-73.94885390996933,40.72317958,-73.99480012,member
1279147,F0267EB9F2D54599,electric_bike,2021-09-09 22:26:01,2021-09-09 22:49:40,Bayard St & Leonard St,5442,Mott St & Prince St,5561,40.71915571696044,-73.94885390996933,40.72317958,-73.99480012,casual
1279332,0E05E6692E898430,classic_bike,2021-09-25 21:33:30,2021-09-25 22:05:22,Bayard St & Leonard St,5442,Boerum Pl\t& Pacific St,4488,40.71915571696044,-73.94885390996933,40.68848905639242,-73.99116039276123,casual
1287290,542C9513B25F4CB7,electric_bike,2021-09-21 18:46:58,2021-09-21 19:03:25,Bayard St & Leonard St,5442,Mott St & Prince St,5561,40.71915571696044,-73.94885390996933,40.72317958,-73.99480012,member
1295424,358BC2B7196D58CB,classic_bike,2021-09-07 16:38:23,2021-09-07 16:44:46,Bayard St & Leonard St,5442,Milton St & Franklin St,5752,40.71915571696044,-73.94885390996933,40.72906,-73.95779,member
1295480,711D51ED75B9DA87,classic_bike,2021-09-27 10:41:50,2021-09-27 10:50:19,Bayard St & Leonard St,5442,Milton St & Franklin St,5752,40.71915571696044,-73.94885390996933,40.72906,-73.95779,casual
1295492,0151EE3F72F4BA2B,classic_bike,2021-09-07 16:38:28,2021-09-07 16:44:50,Bayard St & Leonard St,5442,Milton St & Franklin St,5752,40.71915571696044,-73.94885390996933,40.72906,-73.95779,member
1295493,664CBED1F6194819,classic_bike,2021-09-17 07:43:59,2021-09-17 07:52:35,Bayard St & Leonard St,5442,Milton St & Franklin St,5752,40.71915571696044,-73.94885390996933,40.72906,-73.95779,member
1295514,70C8F48D8BD5DA22,classic_bike,2021-09-04 23:12:34,2021-09-04 23:21:47,Bayard St & Leonard St,5442,Milton St & Franklin St,5752,40.71915571696044,-73.94885390996933,40.72906,-73.95779,member
1295901,3FD4E16F1EF4D573,classic_bike,2021-09-08 18:24:48,2021-09-08 18:34:40,Bayard St & Leonard St,5442,Milton St & Franklin St,5752,40.71915571696044,-73.94885390996933,40.72906,-73.95779,member
1296907,8031AFAD60B0CDC4,electric_bike,2021-09-28 11:44:48,2021-09-28 11:50:17,Bayard St & Leonard St,5442,Milton St & Franklin St,5752,40.71915571696044,-73.94885390996933,40.72906,-73.95779,member
1297258,7C126BF2645C4702,classic_bike,2021-09-22 22:53:18,2021-09-22 22:59:55,Manhattan Av & Leonard St,5442,Milton St & Franklin St,5752,40.72084,-73.94844,40.72906,-73.95779,casual
1297265,515009BEA2458D2D,classic_bike,2021-09-09 09:11:43,2021-09-09 09:21:39,Manhattan Av & Leonard St,5442,Milton St & Franklin St,5752,40.72084,-73.94844,40.72906,-73.95779,member
1297340,BD0861EE800A4D81,classic_bike,2021-09-22 21:44:30,2021-09-22 21:53:19,Manhattan Av & Leonard St,5442,Milton St & Franklin St,5752,40.72084,-73.94844,40.72906,-73.95779,member
1297342,27087086FF1C91FB,classic_bike,2021-09-22 10:31:10,2021-09-22 10:39:23,Manhattan Av & Leonard St,5442,Milton St & Franklin St,5752,40.72084,-73.94844,40.72906,-73.95779,member
1297390,E11D15A6B1A6D373,electric_bike,2021-09-23 10:14:57,2021-09-23 10:19:47,Manhattan Av & Leonard St,5442,Milton St & Franklin St,5752,40.72084,-73.94844,40.72906,-73.95779,casual
1297395,027ED0C98DD8C05C,classic_bike,2021-09-16 08:14:24,2021-09-16 08:23:41,Manhattan Av & Leonard St,5442,Milton St & Franklin St,5752,40.72084,-73.94844,40.72906,-73.95779,casual
1297396,2A85E94B8B5A9840,classic_bike,2021-09-02 17:46:52,2021-09-02 17:53:07,Manhattan Av & Leonard St,5442,Milton St & Franklin St,5752,40.72084,-73.94844,40.72906,-73.95779,casual
1299442,D44FD24A9658015B,classic_bike,2021-09-11 23:36:42,2021-09-11 23:46:29,Manhattan Av & Leonard St,5442,Milton St & Franklin St,5752,40.72084,-73.94844,40.72906,-73.95779,casual
1299483,79BC75D2DD6C89FD,classic_bike,2021-09-07 13:27:59,2021-09-07 13:35:37,Manhattan Av & Leonard St,5442,Milton St & Franklin St,5752,40.72084,-73.94844,40.72906,-73.95779,member
1308715,13A0EB44A41D657D,electric_bike,2021-09-03 14:47:44,2021-09-03 14:55:06,Manhattan Av & Leonard St,5442,Milton St & Franklin St,5752,40.72084,-73.94844,40.72906,-73.95779,member
1308717,EFCCAA917F92F061,classic_bike,2021-09-05 10:24:32,2021-09-05 10:31:10,Manhattan Av & Leonard St,5442,Milton St & Franklin St,5752,40.72084,-73.94844,40.72906,-73.95779,member
1308718,0AF87545DA9F9B03,classic_bike,2021-09-27 10:23:15,2021-09-27 10:29:59,Manhattan Av & Leonard St,5442,Milton St & Franklin St,5752,40.72084,-73.94844,40.72906,-73.95779,member
1308719,60934C28C5C275EB,classic_bike,2021-09-16 10:24:04,2021-09-16 10:30:24,Manhattan Av & Leonard St,5442,Milton St & Franklin St,5752,40.72084,-73.94844,40.72906,-73.95779,member
1308745,94B6481CEEEFA944,classic_bike,2021-09-23 11:25:52,2021-09-23 11:37:14,Manhattan Av & Leonard St,5442,Milton St & Franklin St,5752,40.72084,-73.94844,40.72906,-73.95779,casual
1308772,B2852949CD5BBF5B,classic_bike,2021-09-16 13:17:32,2021-09-16 13:27:32,Manhattan Av & Leonard St,5442,Milton St & Franklin St,5752,40.72084,-73.94844,40.72906,-73.95779,member
1309628,4976D56A531D8C5F,classic_bike,2021-09-02 08:53:28,2021-09-02 09:00:39,Manhattan Av & Leonard St,5442,Milton St & Franklin St,5752,40.72084,-73.94844,40.72906,-73.95779,member
1316501,49FCBF9C251E3F6C,classic_bike,2021-09-09 23:55:21,2021-09-10 00:02:42,Bayard St & Leonard St,5442,Milton St & Franklin St,5752,40.71915571696044,-73.94885390996933,40.72906,-73.95779,casual
1316515,8620CA880F8F438D,classic_bike,2021-09-04 16:24:59,2021-09-04 17:06:15,Bayard St & Leonard St,5442,Milton St & Franklin St,5752,40.71915571696044,-73.94885390996933,40.72906,-73.95779,member
1316526,669C6180B2757E59,electric_bike,2021-09-13 20:33:54,2021-09-13 21:28:41,Bayard St & Leonard St,5442,W 47 St & 10 Ave,6824,40.71915571696044,-73.94885390996933,40.76269882,-73.99301222,member
1316536,A470A0AB681FB6D2,classic_bike,2021-09-13 10:16:25,2021-09-13 10:25:30,Bayard St & Leonard St,5442,Milton St & Franklin St,5752,40.71915571696044,-73.94885390996933,40.72906,-73.95779,member
1316848,F15F01B395F19F86,classic_bike,2021-09-24 22:38:39,2021-09-24 22:49:52,Bayard St & Leonard St,5442,Milton St & Franklin St,5752,40.71915571696044,-73.94885390996933,40.72906,-73.95779,member
1317041,40C5F68562211098,classic_bike,2021-09-07 13:14:23,2021-09-07 13:26:47,Bayard St & Leonard St,5442,Milton St & Franklin St,5752,40.71915571696044,-73.94885390996933,40.72906,-73.95779,member
1317047,BF933704DA79CC33,classic_bike,2021-09-22 18:37:53,2021-09-22 18:51:44,Bayard St & Leonard St,5442,Milton St & Franklin St,5752,40.71915571696044,-73.94885390996933,40.72906,-73.95779,member
1317114,84742301A526FFB4,classic_bike,2021-09-08 16:28:20,2021-09-08 16:35:00,Bayard St & Leonard St,5442,Milton St & Franklin St,5752,40.71915571696044,-73.94885390996933,40.72906,-73.95779,member
1321530,AB07B4E9BA2E8A6A,classic_bike,2021-09-22 11:36:45,2021-09-22 11:45:06,Manhattan Av & Leonard St,5442,Milton St & Franklin St,5752,40.72084,-73.94844,40.72906,-73.95779,casual
1321581,97B500D9CA9444FE,classic_bike,2021-09-20 07:57:32,2021-09-20 08:03:53,Manhattan Av & Leonard St,5442,Milton St & Franklin St,5752,40.72084,-73.94844,40.72906,-73.95779,member
1321582,8425AF2A6B832575,classic_bike,2021-09-22 18:14:29,2021-09-22 18:22:43,Manhattan Av & Leonard St,5442,Milton St & Franklin St,5752,40.72084,-73.94844,40.72906,-73.95779,member
1321631,8754B2C6D33DA52C,classic_bike,2021-09-08 10:17:39,2021-09-08 10:24:25,Manhattan Av & Leonard St,5442,Milton St & Franklin St,5752,40.72084,-73.94844,40.72906,-73.95779,member
1321690,AF6298D232BCF272,classic_bike,2021-09-24 08:00:09,2021-09-24 08:07:40,Manhattan Av & Leonard St,5442,Milton St & Franklin St,5752,40.72084,-73.94844,40.72906,-73.95779,member
1322559,3BE8A6E69A6FEB5D,classic_bike,2021-09-24 16:27:39,2021-09-24 16:38:03,Manhattan Av & Leonard St,5442,Milton St & Franklin St,5752,40.72084,-73.94844,40.72906,-73.95779,member
1323993,A53FE30C28BB45C6,classic_bike,2021-09-15 20:28:12,2021-09-15 20:59:22,Manhattan Av & Leonard St,5442,Wyckoff Ave & Gates Ave,4847,40.72084,-73.94844,40.699871408829885,-73.91171872615814,casual
1328587,6566CFE44646D9C8,classic_bike,2021-09-14 11:43:31,2021-09-14 11:50:42,Bayard St & Leonard St,5442,Milton St & Franklin St,5752,40.71915571696044,-73.94885390996933,40.72906,-73.95779,member
1328597,299A575851613A3D,classic_bike,2021-09-11 12:46:27,2021-09-11 12:52:22,Bayard St & Leonard St,5442,Milton St & Franklin St,5752,40.71915571696044,-73.94885390996933,40.72906,-73.95779,member
1328739,E30B6B4EA2021899,classic_bike,2021-09-05 16:39:07,2021-09-05 16:49:25,Bayard St & Leonard St,5442,Milton St & Franklin St,5752,40.71915571696044,-73.94885390996933,40.72906,-73.95779,casual
1328759,9022A77B667550CF,classic_bike,2021-09-23 12:28:43,2021-09-23 12:38:26,Bayard St & Leonard St,5442,Milton St & Franklin St,5752,40.71915571696044,-73.94885390996933,40.72906,-73.95779,member
1328776,EF9CE2A6379C0F66,classic_bike,2021-09-22 18:10:19,2021-09-22 18:16:24,Bayard St & Leonard St,5442,Milton St & Franklin St,5752,40.71915571696044,-73.94885390996933,40.72906,-73.95779,member
1335267,6893D1316F5B44E4,classic_bike,2021-09-06 13:48:55,2021-09-06 13:57:21,Manhattan Av & Leonard St,5442,Milton St & Franklin St,5752,40.72084,-73.94844,40.72906,-73.95779,member
1337288,D43DBD07B1689222,classic_bike,2021-09-10 09:38:03,2021-09-10 09:46:01,Bayard St & Leonard St,5442,Milton St & Franklin St,5752,40.71915571696044,-73.94885390996933,40.72906,-73.95779,member
1337851,FB9E842135ED41DE,classic_bike,2021-09-13 17:04:23,2021-09-13 17:12:18,Manhattan Av & Leonard St,5442,Milton St & Franklin St,5752,40.72084,-73.94844,40.72906,-73.95779,casual
1337852,8CD75E498A9F5E1A,classic_bike,2021-09-11 23:36:33,2021-09-11 23:46:20,Manhattan Av & Leonard St,5442,Milton St & Franklin St,5752,40.72084,-73.94844,40.72906,-73.95779,casual
1350596,7A1029E37DBEC96D,electric_bike,2021-09-22 20:40:13,2021-09-22 21:04:05,Manhattan Av & Leonard St,5442,Greenwich Ave & 8 Ave,6072,40.72084,-73.94844,40.7390169121,-74.0026376103,member
1360516,E9CB9FB4B46A3112,electric_bike,2021-09-24 21:43:48,2021-09-24 22:02:35,Bayard St & Leonard St,5442,Division Ave & Marcy Ave,5084,40.71915571696044,-73.94885390996933,40.70708701,-73.95796783,member
1360589,65F00C2EC67F9C71,electric_bike,2021-09-23 10:01:03,2021-09-23 10:21:34,Bayard St & Leonard St,5442,South St & Gouverneur Ln,4953,40.71915571696044,-73.94885390996933,40.70355377,-74.00670227,casual
1361860,96EED7C2F8235EEA,electric_bike,2021-09-07 08:13:14,2021-09-07 08:34:26,Bayard St & Leonard St,5442,South St & Gouverneur Ln,4953,40.71915571696044,-73.94885390996933,40.70355377,-74.00670227,casual
1371679,C7DF5760B93BBA15,classic_bike,2021-09-08 23:45:06,2021-09-09 00:00:16,Bayard St & Leonard St,5442,Division Ave & Marcy Ave,5084,40.71915571696044,-73.94885390996933,40.70708701,-73.95796783,casual
1375039,E003AAE26FE56996,classic_bike,2021-09-14 07:50:40,2021-09-14 07:56:09,Bayard St & Leonard St,5442,Jackson St & Leonard St,5332,40.71915571696044,-73.94885390996933,40.71638031973561,-73.94821286201477,member
1375040,DD754A1E256B12EB,classic_bike,2021-09-07 19:22:27,2021-09-07 19:27:41,Bayard St & Leonard St,5442,N 11 St & Kent Ave,5489,40.71915571696044,-73.94885390996933,40.72248188638219,-73.95921930670738,casual
1375677,9563C096D3818C40,electric_bike,2021-09-12 09:36:22,2021-09-12 09:47:09,Bayard St & Leonard St,5442,Marcy Ave & Lafayette Ave,4476,40.71915571696044,-73.94885390996933,40.6900815,-73.947915,casual
1375804,071BA67360232F52,classic_bike,2021-09-29 21:40:37,2021-09-29 21:45:50,Manhattan Av & Leonard St,5442,Jackson St & Leonard St,5332,40.72084,-73.94844,40.71638031973561,-73.94821286201477,member
1375807,384D8146492B7A4D,classic_bike,2021-09-04 23:11:35,2021-09-04 23:23:03,Manhattan Av & Leonard St,5442,Jackson St & Leonard St,5332,40.72084,-73.94844,40.71638031973561,-73.94821286201477,member
1379434,B7F5A90A91184C44,classic_bike,2021-09-18 14:53:51,2021-09-18 14:55:28,Bayard St & Leonard St,5442,Jackson St & Leonard St,5332,40.71915571696044,-73.94885390996933,40.71638031973561,-73.94821286201477,member
1379461,3F1472A5752B5902,classic_bike,2021-09-04 12:17:49,2021-09-04 12:45:59,Bayard St & Leonard St,5442,Old Fulton St,4903,40.71915571696044,-73.94885390996933,40.70277159,-73.99383605,member
1380585,99B0EEF7E9FE50C5,classic_bike,2021-09-12 12:03:33,2021-09-12 12:33:13,Manhattan Av & Leonard St,5442,N 11 St & Kent Ave,5489,40.72084,-73.94844,40.72248188638219,-73.95921930670738,member
1380718,0B785FEBB7D6AFC4,classic_bike,2021-09-03 07:14:04,2021-09-03 07:54:19,Bayard St & Leonard St,5442,N 11 St & Kent Ave,5489,40.71915571696044,-73.94885390996933,40.72248188638219,-73.95921930670738,member
1380720,C54C701739CAFDCB,classic_bike,2021-09-06 18:50:34,2021-09-06 18:53:15,Bayard St & Leonard St,5442,Jackson St & Leonard St,5332,40.71915571696044,-73.94885390996933,40.71638031973561,-73.94821286201477,member
1380746,34EDDB211B3A155A,classic_bike,2021-09-06 14:45:56,2021-09-06 15:23:40,Bayard St & Leonard St,5442,Old Fulton St,4903,40.71915571696044,-73.94885390996933,40.70277159,-73.99383605,member
1382174,A01968360EDF2EF0,classic_bike,2021-09-23 14:00:18,2021-09-23 14:10:38,Manhattan Av & Leonard St,5442,N 11 St & Kent Ave,5489,40.72084,-73.94844,40.72248188638219,-73.95921930670738,casual
1388433,B3ECADBF056E76D1,classic_bike,2021-09-20 20:27:42,2021-09-20 20:34:54,Bayard St & Leonard St,5442,N 11 St & Kent Ave,5489,40.71915571696044,-73.94885390996933,40.72248188638219,-73.95921930670738,member
1388435,37A43EBD3C3F6545,classic_bike,2021-09-13 20:17:50,2021-09-13 20:28:24,Bayard St & Leonard St,5442,N 11 St & Kent Ave,5489,40.71915571696044,-73.94885390996933,40.72248188638219,-73.95921930670738,member
1388455,05784C0678458E14,classic_bike,2021-09-25 16:31:10,2021-09-25 16:36:46,Bayard St & Leonard St,5442,N 11 St & Kent Ave,5489,40.71915571696044,-73.94885390996933,40.72248188638219,-73.95921930670738,member
1388690,3BD332A08040C477,classic_bike,2021-09-06 12:21:57,2021-09-06 12:28:42,Bayard St & Leonard St,5442,N 11 St & Kent Ave,5489,40.71915571696044,-73.94885390996933,40.72248188638219,-73.95921930670738,member
1388694,679014CB84DFB9DD,classic_bike,2021-09-15 18:35:22,2021-09-15 18:42:33,Bayard St & Leonard St,5442,Jackson St & Leonard St,5332,40.71915571696044,-73.94885390996933,40.71638031973561,-73.94821286201477,member
1399296,988B083759C7B769,classic_bike,2021-09-02 14:08:02,2021-09-02 14:26:55,Manhattan Av & Leonard St,5442,Jackson St & Leonard St,5332,40.72084,-73.94844,40.71638031973561,-73.94821286201477,member
1399348,1A780A66AA42C47A,classic_bike,2021-09-13 21:43:30,2021-09-13 21:50:43,Manhattan Av & Leonard St,5442,N 11 St & Kent Ave,5489,40.72084,-73.94844,40.72248188638219,-73.95921930670738,casual
1399398,8DAA9E6A7C2DB7B4,classic_bike,2021-09-18 09:38:07,2021-09-18 09:44:05,Manhattan Av & Leonard St,5442,N 11 St & Kent Ave,5489,40.72084,-73.94844,40.72248188638219,-73.95921930670738,casual
1399409,C162E0E15670A3AB,classic_bike,2021-09-18 12:39:59,2021-09-18 12:46:49,Manhattan Av & Leonard St,5442,N 11 St & Kent Ave,5489,40.72084,-73.94844,40.72248188638219,-73.95921930670738,member
1400574,8447D233FF44A3B5,classic_bike,2021-09-05 23:06:08,2021-09-06 00:24:20,Bayard St & Leonard St,5442,N 11 St & Kent Ave,5489,40.71915571696044,-73.94885390996933,40.72248188638219,-73.95921930670738,member
1400635,5132876B1E4E9C0C,classic_bike,2021-09-19 15:58:40,2021-09-19 16:03:25,Bayard St & Leonard St,5442,Jackson St & Leonard St,5332,40.71915571696044,-73.94885390996933,40.71638031973561,-73.94821286201477,member
1400689,181BDA4254432432,classic_bike,2021-09-29 20:03:08,2021-09-29 20:12:29,Bayard St & Leonard St,5442,N 11 St & Kent Ave,5489,40.71915571696044,-73.94885390996933,40.72248188638219,-73.95921930670738,member
1400697,0955B05F00487E52,classic_bike,2021-09-06 12:22:48,2021-09-06 12:28:55,Bayard St & Leonard St,5442,N 11 St & Kent Ave,5489,40.71915571696044,-73.94885390996933,40.72248188638219,-73.95921930670738,member
1401085,7028E0E407A827FE,classic_bike,2021-09-06 13:05:44,2021-09-06 13:08:25,Manhattan Av & Leonard St,5442,Jackson St & Leonard St,5332,40.72084,-73.94844,40.71638031973561,-73.94821286201477,member
1403208,60CF8EB5BBEB0039,classic_bike,2021-09-06 14:46:05,2021-09-06 15:23:55,Bayard St & Leonard St,5442,Old Fulton St,4903,40.71915571696044,-73.94885390996933,40.70277159,-73.99383605,casual
1403209,8A3D369021DC456C,classic_bike,2021-09-19 18:40:04,2021-09-19 19:08:29,Bayard St & Leonard St,5442,University Pl & E 14 St,5905,40.71915571696044,-73.94885390996933,40.734814,-73.992085,casual
1403511,4AC6D0AF3024BAAE,classic_bike,2021-09-05 23:05:50,2021-09-06 00:24:30,Bayard St & Leonard St,5442,N 11 St & Kent Ave,5489,40.71915571696044,-73.94885390996933,40.72248188638219,-73.95921930670738,member
1412840,D9174C377DD9836A,classic_bike,2021-09-18 13:28:51,2021-09-18 13:30:58,Bayard St & Leonard St,5442,Jackson St & Leonard St,5332,40.71915571696044,-73.94885390996933,40.71638031973561,-73.94821286201477,member
1413003,5083AB48B3B01DFB,classic_bike,2021-09-16 15:08:15,2021-09-16 15:17:31,Bayard St & Leonard St,5442,Jackson St & Leonard St,5332,40.71915571696044,-73.94885390996933,40.71638031973561,-73.94821286201477,member
1414860,64503DB3C3FCC1D1,classic_bike,2021-09-19 12:40:39,2021-09-19 12:59:57,Manhattan Av & Leonard St,5442,N 11 St & Kent Ave,5489,40.72084,-73.94844,40.72248188638219,-73.95921930670738,casual
1414890,5BC4247CCF31D6EE,classic_bike,2021-09-04 17:23:24,2021-09-04 17:25:42,Manhattan Av & Leonard St,5442,Jackson St & Leonard St,5332,40.72084,-73.94844,40.71638031973561,-73.94821286201477,casual
1414947,4AFDF8F7576F9593,classic_bike,2021-09-24 12:11:04,2021-09-24 12:13:02,Manhattan Av & Leonard St,5442,Jackson St & Leonard St,5332,40.72084,-73.94844,40.71638031973561,-73.94821286201477,casual
1414971,EC2D51623F4DA467,classic_bike,2021-09-06 10:53:07,2021-09-06 10:57:06,Manhattan Av & Leonard St,5442,Jackson St & Leonard St,5332,40.72084,-73.94844,40.71638031973561,-73.94821286201477,member
1417861,299688A6DDC7F1CE,classic_bike,2021-09-25 12:53:38,2021-09-25 12:56:28,Manhattan Av & Leonard St,5442,Jackson St & Leonard St,5332,40.72084,-73.94844,40.71638031973561,-73.94821286201477,member
1421042,5F4429998D6C4119,classic_bike,2021-09-10 08:02:14,2021-09-10 08:16:06,Bayard St & Leonard St,5442,Melrose St & Broadway,4801,40.71915571696044,-73.94885390996933,40.697481,-73.935877,member
1422288,C150F5410672DFD5,classic_bike,2021-09-25 05:14:37,2021-09-25 05:29:35,Bayard St & Leonard St,5442,Melrose St & Broadway,4801,40.71915571696044,-73.94885390996933,40.697481,-73.935877,casual
1423033,D521D157C8C57053,classic_bike,2021-09-26 17:42:37,2021-09-26 17:58:44,Manhattan Av & Leonard St,5442,Melrose St & Broadway,4801,40.72084,-73.94844,40.697481,-73.935877,casual
1423035,921CE0D163B3FF8E,classic_bike,2021-09-04 17:25:39,2021-09-04 17:45:13,Manhattan Av & Leonard St,5442,Clinton Ave & Flushing Ave,4762,40.72084,-73.94844,40.69794,-73.96986848,member
1423462,E3222A4F44863F95,classic_bike,2021-09-29 21:22:56,2021-09-29 21:53:07,Bayard St & Leonard St,5442,E 68 St & 3 Ave,6896,40.71915571696044,-73.94885390996933,40.76712840349542,-73.96224617958069,member
1424275,8CE3551656CB755D,classic_bike,2021-09-28 13:25:08,2021-09-28 13:38:03,Manhattan Av & Leonard St,5442,Melrose St & Broadway,4801,40.72084,-73.94844,40.697481,-73.935877,member
1431197,1D5B78954723901D,electric_bike,2021-09-15 23:29:30,2021-09-16 00:32:57,Bayard St & Leonard St,5442,E 68 St & 3 Ave,6896,40.71915571696044,-73.94885390996933,40.76712840349542,-73.96224617958069,member
1431430,32A527574317539A,classic_bike,2021-09-29 08:53:38,2021-09-29 09:05:03,Manhattan Av & Leonard St,5442,Melrose St & Broadway,4801,40.72084,-73.94844,40.697481,-73.935877,member
1432237,E5BA14ADA3AB38A2,classic_bike,2021-09-21 07:07:45,2021-09-21 07:23:45,Bayard St & Leonard St,5442,Melrose St & Broadway,4801,40.71915571696044,-73.94885390996933,40.697481,-73.935877,member
1437116,6CBA59FD14AE8C4B,classic_bike,2021-09-22 16:25:42,2021-09-22 16:37:37,Manhattan Av & Leonard St,5442,Melrose St & Broadway,4801,40.72084,-73.94844,40.697481,-73.935877,member
1437261,D799D7C9F5FC60C5,electric_bike,2021-09-12 18:05:45,2021-09-12 18:18:20,Manhattan Av & Leonard St,5442,Melrose St & Broadway,4801,40.72084,-73.94844,40.697481,-73.935877,casual
1437447,A0E77D49CA5CBAA4,classic_bike,2021-09-17 08:09:06,2021-09-17 08:25:13,Bayard St & Leonard St,5442,Melrose St & Broadway,4801,40.71915571696044,-73.94885390996933,40.697481,-73.935877,member
1438589,F90309FE1C183450,classic_bike,2021-09-03 07:38:27,2021-09-03 08:18:29,Manhattan Av & Leonard St,5442,Melrose St & Broadway,4801,40.72084,-73.94844,40.697481,-73.935877,member
1441937,645717BF8C992A03,docked_bike,2021-09-13 13:53:11,2021-09-13 14:03:29,Bayard St & Leonard St,5442,Huron St & Franklin St,5869,40.719156,-73.948854,40.73266,-73.95826,casual
1441957,77CFAECBE026F57A,electric_bike,2021-09-30 19:36:52,2021-09-30 19:46:56,Bayard St & Leonard St,5442,Kent Ave & S 11 St,5062,40.71915571696044,-73.94885390996933,40.707644944175705,-73.96841526031494,casual
1443893,4F21DDA5F50AC30E,classic_bike,2021-09-18 00:05:51,2021-09-18 00:31:50,Bayard St & Leonard St,5442,Kent Ave & S 11 St,5062,40.71915571696044,-73.94885390996933,40.707644944175705,-73.96841526031494,member
1446339,4FA29DD3D655B025,classic_bike,2021-09-04 15:27:26,2021-09-04 15:37:28,Bayard St & Leonard St,5442,Huron St & Franklin St,5869,40.71915571696044,-73.94885390996933,40.73266,-73.95826,casual
1448894,1FDEF0567BC153F0,classic_bike,2021-09-16 18:58:06,2021-09-16 19:08:45,Bayard St & Leonard St,5442,Huron St & Franklin St,5869,40.71915571696044,-73.94885390996933,40.73266,-73.95826,member
1451365,2E7B40074DF51891,classic_bike,2021-09-10 19:41:35,2021-09-10 19:49:16,Bayard St & Leonard St,5442,Huron St & Franklin St,5869,40.71915571696044,-73.94885390996933,40.73266,-73.95826,member
1451372,EF0D23AED2B6A5DD,classic_bike,2021-09-11 13:06:05,2021-09-11 13:18:59,Bayard St & Leonard St,5442,Kent Ave & S 11 St,5062,40.71915571696044,-73.94885390996933,40.707644944175705,-73.96841526031494,casual
1452117,D6B3E7743B68BA70,classic_bike,2021-09-06 21:55:31,2021-09-06 22:19:29,Manhattan Av & Leonard St,5442,Huron St & Franklin St,5869,40.72084,-73.94844,40.73266,-73.95826,member
1452158,3BF8B014441DF6DD,electric_bike,2021-09-18 13:22:46,2021-09-18 13:38:30,Manhattan Av & Leonard St,5442,Kent Ave & S 11 St,5062,40.72084,-73.94844,40.707644944175705,-73.96841526031494,member
1452168,CCEE08A7EA72F5C4,classic_bike,2021-09-07 17:14:17,2021-09-07 17:21:43,Manhattan Av & Leonard St,5442,Huron St & Franklin St,5869,40.72084,-73.94844,40.73266,-73.95826,member
1452176,2D637E4E974A8ED7,classic_bike,2021-09-20 20:19:15,2021-09-20 20:30:00,Manhattan Av & Leonard St,5442,Huron St & Franklin St,5869,40.72084,-73.94844,40.73266,-73.95826,member
1452193,51B0B3A90864DA95,classic_bike,2021-09-04 15:10:32,2021-09-04 15:20:22,Manhattan Av & Leonard St,5442,Huron St & Franklin St,5869,40.72084,-73.94844,40.73266,-73.95826,casual
1452195,1BDF4E6EE8E4A7EA,classic_bike,2021-09-06 19:51:21,2021-09-06 19:59:08,Manhattan Av & Leonard St,5442,Huron St & Franklin St,5869,40.72084,-73.94844,40.73266,-73.95826,casual
1452200,76C1960FD845E5F2,classic_bike,2021-09-15 19:39:07,2021-09-15 19:48:09,Manhattan Av & Leonard St,5442,Huron St & Franklin St,5869,40.72084,-73.94844,40.73266,-73.95826,casual
1452885,D628CB1FA337DF38,classic_bike,2021-09-07 17:15:19,2021-09-07 17:29:24,Bayard St & Leonard St,5442,Kent Ave & S 11 St,5062,40.71915571696044,-73.94885390996933,40.707644944175705,-73.96841526031494,casual
1452914,497E336106429310,classic_bike,2021-09-06 17:57:48,2021-09-06 18:07:00,Bayard St & Leonard St,5442,Huron St & Franklin St,5869,40.71915571696044,-73.94885390996933,40.73266,-73.95826,member
1452918,4E0AC5A02E159693,electric_bike,2021-09-27 01:01:00,2021-09-27 01:22:02,Bayard St & Leonard St,5442,Kent Ave & S 11 St,5062,40.71915571696044,-73.94885390996933,40.707644944175705,-73.96841526031494,casual
1452930,C9DFC3F27E98E3A9,classic_bike,2021-09-08 20:04:31,2021-09-08 20:12:04,Bayard St & Leonard St,5442,Huron St & Franklin St,5869,40.71915571696044,-73.94885390996933,40.73266,-73.95826,member
1452941,B64271ACD937D606,classic_bike,2021-09-30 22:08:52,2021-09-30 22:17:15,Bayard St & Leonard St,5442,Huron St & Franklin St,5869,40.71915571696044,-73.94885390996933,40.73266,-73.95826,member
1452951,50E7880323545777,electric_bike,2021-09-26 18:21:07,2021-09-26 18:33:42,Bayard St & Leonard St,5442,Lewis Ave & Kosciuszko St,4617,40.71915571696044,-73.94885390996933,40.69237074,-73.93705428,member
1453210,16A3520D081999D2,classic_bike,2021-09-03 19:48:44,2021-09-03 20:00:18,Manhattan Av & Leonard St,5442,Huron St & Franklin St,5869,40.72084,-73.94844,40.73266,-73.95826,member
1458315,1F127449DD3FFF3A,classic_bike,2021-09-18 09:28:12,2021-09-18 09:36:47,Manhattan Av & Leonard St,5442,Huron St & Franklin St,5869,40.72084,-73.94844,40.73266,-73.95826,casual
1458327,F1180A1EA842A214,classic_bike,2021-09-03 12:07:17,2021-09-03 12:44:01,Manhattan Av & Leonard St,5442,Huron St & Franklin St,5869,40.72084,-73.94844,40.73266,-73.95826,member
1458328,EEBE22BB46892C69,classic_bike,2021-09-10 11:37:11,2021-09-10 11:51:43,Manhattan Av & Leonard St,5442,Kent Ave & S 11 St,5062,40.72084,-73.94844,40.707644944175705,-73.96841526031494,member
1458351,C6AA75A4AD3474A2,classic_bike,2021-09-15 19:38:46,2021-09-15 19:48:05,Manhattan Av & Leonard St,5442,Huron St & Franklin St,5869,40.72084,-73.94844,40.73266,-73.95826,member
1459284,7C5417F2785EC48F,classic_bike,2021-09-03 19:49:17,2021-09-03 20:00:19,Manhattan Av & Leonard St,5442,Huron St & Franklin St,5869,40.72084,-73.94844,40.73266,-73.95826,member
1459286,E41F9713B4A07FF2,classic_bike,2021-09-28 12:37:12,2021-09-28 12:44:32,Manhattan Av & Leonard St,5442,Huron St & Franklin St,5869,40.72084,-73.94844,40.73266,-73.95826,member
1459303,A1AA7CAD4834E0D5,electric_bike,2021-09-04 15:09:29,2021-09-04 15:20:21,Manhattan Av & Leonard St,5442,Huron St & Franklin St,5869,40.72084,-73.94844,40.73266,-73.95826,casual
1459304,1BF3088252314C4A,classic_bike,2021-09-03 01:19:48,2021-09-03 01:45:19,Manhattan Av & Leonard St,5442,Lewis Ave & Kosciuszko St,4617,40.72084,-73.94844,40.69237074,-73.93705428,casual
1459347,044C9A03A338A8DA,classic_bike,2021-09-03 12:23:19,2021-09-03 12:32:34,Manhattan Av & Leonard St,5442,Huron St & Franklin St,5869,40.72084,-73.94844,40.73266,-73.95826,member
1459922,B5FF213A26ACAD6A,classic_bike,2021-09-20 08:10:07,2021-09-20 08:26:27,Manhattan Av & Leonard St,5442,Kent Ave & S 11 St,5062,40.72084,-73.94844,40.707644944175705,-73.96841526031494,member
1465113,B40AF62436077EE6,classic_bike,2021-09-22 19:35:28,2021-09-22 19:43:25,Bayard St & Leonard St,5442,Huron St & Franklin St,5869,40.71915571696044,-73.94885390996933,40.73266,-73.95826,casual
1465118,6457AF59676144DD,classic_bike,2021-09-15 19:34:28,2021-09-15 19:59:23,Bayard St & Leonard St,5442,Huron St & Franklin St,5869,40.71915571696044,-73.94885390996933,40.73266,-73.95826,casual
1465125,6F36FAD4337BC68F,classic_bike,2021-09-19 11:04:59,2021-09-19 11:24:03,Bayard St & Leonard St,5442,Central Ave & Woodbine St,4632,40.71915571696044,-73.94885390996933,40.69296,-73.91605,member
1465128,0B94E0B2CB866A63,classic_bike,2021-09-18 17:44:23,2021-09-18 17:55:23,Bayard St & Leonard St,5442,Huron St & Franklin St,5869,40.71915571696044,-73.94885390996933,40.73266,-73.95826,casual
1465129,B65BC323BD4D8F6E,electric_bike,2021-09-27 19:39:34,2021-09-27 19:49:17,Bayard St & Leonard St,5442,Kent Ave & S 11 St,5062,40.71915571696044,-73.94885390996933,40.707644944175705,-73.96841526031494,casual
1465130,3451A5E0D804AEA9,classic_bike,2021-09-17 19:00:01,2021-09-17 19:08:18,Bayard St & Leonard St,5442,Huron St & Franklin St,5869,40.71915571696044,-73.94885390996933,40.73266,-73.95826,casual
1465153,5F40BCCA581C03CB,electric_bike,2021-09-08 21:41:52,2021-09-08 21:59:23,Bayard St & Leonard St,5442,Irving Ave & Halsey St,4695,40.71915571696044,-73.94885390996933,40.69467,-73.90663,member
1465177,F012EFF8E2984FAB,classic_bike,2021-09-16 17:37:18,2021-09-16 17:46:07,Bayard St & Leonard St,5442,Huron St & Franklin St,5869,40.71915571696044,-73.94885390996933,40.73266,-73.95826,member
1465180,CEA00D41504AB56A,electric_bike,2021-09-20 19:42:26,2021-09-20 19:58:36,Bayard St & Leonard St,5442,Lewis Ave & Kosciuszko St,4617,40.71915571696044,-73.94885390996933,40.69237074,-73.93705428,member
1465186,16FB2A5C7E31BC37,electric_bike,2021-09-04 16:38:26,2021-09-04 16:55:10,Bayard St & Leonard St,5442,Huron St & Franklin St,5869,40.71915571696044,-73.94885390996933,40.73266,-73.95826,casual
1465187,C8C01D12442DE673,classic_bike,2021-09-16 20:07:53,2021-09-16 20:20:47,Bayard St & Leonard St,5442,Huron St & Franklin St,5869,40.71915571696044,-73.94885390996933,40.73266,-73.95826,casual
1466667,D6875919608850B6,classic_bike,2021-09-01 12:29:43,2021-09-01 12:47:17,Bayard St & Leonard St,5442,Huron St & Franklin St,5869,40.71915571696044,-73.94885390996933,40.73266,-73.95826,member
1466669,953AEDF836AF7882,classic_bike,2021-09-21 08:40:25,2021-09-21 09:10:56,Bayard St & Leonard St,5442,W 25 St & 6 Ave,6215,40.71915571696044,-73.94885390996933,40.74395411,-73.99144871,member
1466674,FE75D1A594597DB6,electric_bike,2021-09-07 19:33:02,2021-09-07 19:42:49,Bayard St & Leonard St,5442,Kent Ave & S 11 St,5062,40.71915571696044,-73.94885390996933,40.707644944175705,-73.96841526031494,casual
1467708,B6EF5E000668FCBB,classic_bike,2021-09-06 17:11:39,2021-09-06 17:32:46,Manhattan Av & Leonard St,5442,Lewis Ave & Kosciuszko St,4617,40.72084,-73.94844,40.69237074,-73.93705428,member
1467711,0B94013899653888,classic_bike,2021-09-17 18:56:57,2021-09-17 19:18:50,Manhattan Av & Leonard St,5442,Lewis Ave & Kosciuszko St,4617,40.72084,-73.94844,40.69237074,-73.93705428,casual
1467835,F1ABA633B70A7A15,classic_bike,2021-09-25 11:25:02,2021-09-25 11:45:46,Manhattan Av & Leonard St,5442,Huron St & Franklin St,5869,40.72084,-73.94844,40.73266,-73.95826,casual
1467836,0913B1097CE20752,electric_bike,2021-09-11 05:41:39,2021-09-11 06:01:19,Manhattan Av & Leonard St,5442,Central Ave & Woodbine St,4632,40.72084,-73.94844,40.69296,-73.91605,casual
1469636,4F52111321DEFE13,electric_bike,2021-09-13 19:40:40,2021-09-13 19:52:34,Manhattan Av & Leonard St,5442,Kent Ave & S 11 St,5062,40.72084,-73.94844,40.707644944175705,-73.96841526031494,casual
1469637,15FCC9F6177E255B,classic_bike,2021-09-25 11:25:22,2021-09-25 11:44:14,Manhattan Av & Leonard St,5442,Huron St & Franklin St,5869,40.72084,-73.94844,40.73266,-73.95826,casual
1470551,7235382CE98CC2D5,classic_bike,2021-09-21 08:20:25,2021-09-21 08:33:42,Bayard St & Leonard St,5442,Huron St & Franklin St,5869,40.71915571696044,-73.94885390996933,40.73266,-73.95826,member
1470554,8A569B0E2702FA2F,classic_bike,2021-09-01 12:30:31,2021-09-01 12:47:15,Bayard St & Leonard St,5442,Huron St & Franklin St,5869,40.71915571696044,-73.94885390996933,40.73266,-73.95826,casual
1483242,BF8FF2BC3C04A020,electric_bike,2021-09-17 03:54:54,2021-09-17 04:10:35,Bayard St & Leonard St,5442,Grand St & Elizabeth St,5382,40.71915571696044,-73.94885390996933,40.718822,-73.99596,member
1483286,780BB4E588BCB8FE,electric_bike,2021-09-21 16:41:29,2021-09-21 16:57:01,Bayard St & Leonard St,5442,Grand St & Elizabeth St,5382,40.71915571696044,-73.94885390996933,40.718822,-73.99596,casual
1483591,F673618AF6F27EE4,classic_bike,2021-09-27 21:59:05,2021-09-27 22:07:32,Manhattan Av & Leonard St,5442,Stagg St & Morgan Ave,5170,40.72084,-73.94844,40.710681,-73.93372,member
1485343,504954772EB55621,electric_bike,2021-09-29 22:20:31,2021-09-29 22:41:21,Manhattan Av & Leonard St,5442,Steinway St & 28 Ave,6915,40.72084,-73.94844,40.7656251,-73.9136695,member
1497223,24158D2ED845C817,classic_bike,2021-09-06 13:18:18,2021-09-06 14:14:19,Manhattan Av & Leonard St,5442,36 St & 4 Ave,3420,40.72084,-73.94844,40.654144,-74.00422,member
1497869,FC61E6F9024153E7,classic_bike,2021-09-11 15:46:15,2021-09-11 16:39:12,Bayard St & Leonard St,5442,3 St & Prospect Park West,3865,40.71915571696044,-73.94885390996933,40.668132,-73.97363831,casual
1497927,00E0E5A439D8D173,classic_bike,2021-09-06 10:55:06,2021-09-06 11:16:44,Bayard St & Leonard St,5442,E 2 St & Avenue C,5476,40.71915571696044,-73.94885390996933,40.7208736,-73.98085795,member
1497928,4682C1D02662237E,classic_bike,2021-09-10 09:07:49,2021-09-10 09:30:12,Bayard St & Leonard St,5442,E 2 St & Avenue C,5476,40.71915571696044,-73.94885390996933,40.7208736,-73.98085795,member
1497931,4E18AA31A571DE3B,electric_bike,2021-09-27 10:25:45,2021-09-27 10:43:17,Bayard St & Leonard St,5442,Hancock St & Bedford Ave,4255,40.71915571696044,-73.94885390996933,40.68216564,-73.95399026,member
1498636,667ED952867D5D0B,classic_bike,2021-09-07 17:40:58,2021-09-07 18:03:48,Bayard St & Leonard St,5442,Hancock St & Bedford Ave,4255,40.71915571696044,-73.94885390996933,40.68216564,-73.95399026,casual
1499078,5B4132F11180EFD2,classic_bike,2021-09-29 13:26:57,2021-09-29 13:49:38,Bayard St & Leonard St,5442,E 2 St & Avenue C,5476,40.71915571696044,-73.94885390996933,40.7208736,-73.98085795,member
1505607,EC452DD64BF96910,classic_bike,2021-09-04 18:55:10,2021-09-04 19:17:07,Bayard St & Leonard St,5442,Hancock St & Bedford Ave,4255,40.71915571696044,-73.94885390996933,40.68216564,-73.95399026,member
1505696,CF18089FBF994CC3,classic_bike,2021-09-30 10:01:47,2021-09-30 10:22:47,Bayard St & Leonard St,5442,E 2 St & Avenue C,5476,40.71915571696044,-73.94885390996933,40.7208736,-73.98085795,member
1506387,A24B6FF519E83AE1,classic_bike,2021-09-11 15:46:08,2021-09-11 16:38:14,Bayard St & Leonard St,5442,3 St & Prospect Park West,3865,40.71915571696044,-73.94885390996933,40.668132,-73.97363831,casual
1506498,9C4571348EED3EA3,classic_bike,2021-09-03 13:36:17,2021-09-03 14:00:24,Bayard St & Leonard St,5442,E 2 St & Avenue C,5476,40.71915571696044,-73.94885390996933,40.7208736,-73.98085795,member
1508185,BFFE05DE8746C85E,classic_bike,2021-09-07 18:35:29,2021-09-07 18:54:09,Bayard St & Leonard St,5442,E 2 St & Avenue C,5476,40.71915571696044,-73.94885390996933,40.7208736,-73.98085795,member
1508314,ABAD4DB4966571F6,classic_bike,2021-09-13 13:38:31,2021-09-13 14:00:35,Bayard St & Leonard St,5442,E 2 St & Avenue C,5476,40.71915571696044,-73.94885390996933,40.7208736,-73.98085795,member
1510180,64C7917F56DD9875,electric_bike,2021-09-14 23:39:33,2021-09-15 00:43:59,Manhattan Av & Leonard St,5442,St Nicholas Ave & W 150 St,8013,40.72084,-73.94844,40.827212,-73.942722,member
1521960,03B6DBCFB40460AE,classic_bike,2021-09-21 18:39:47,2021-09-21 19:01:53,Bayard St & Leonard St,5442,E 2 St & Avenue C,5476,40.71915571696044,-73.94885390996933,40.7208736,-73.98085795,member
1521977,75BAFFBBF6BEBF8C,classic_bike,2021-09-02 11:27:52,2021-09-02 12:29:57,Bayard St & Leonard St,5442,3 St & Prospect Park West,3865,40.71915571696044,-73.94885390996933,40.668132,-73.97363831,member
1521988,5B4EE915E46EA0E1,classic_bike,2021-09-24 09:09:30,2021-09-24 09:31:46,Bayard St & Leonard St,5442,E 2 St & Avenue C,5476,40.71915571696044,-73.94885390996933,40.7208736,-73.98085795,member
1522053,823CB0EE67C88661,classic_bike,2021-09-15 18:38:08,2021-09-15 19:05:08,Bayard St & Leonard St,5442,E 2 St & Avenue C,5476,40.71915571696044,-73.94885390996933,40.7208736,-73.98085795,member
1522118,70097C1FA440E230,classic_bike,2021-09-22 18:24:02,2021-09-22 18:45:29,Bayard St & Leonard St,5442,E 2 St & Avenue C,5476,40.71915571696044,-73.94885390996933,40.7208736,-73.98085795,member
1522166,A0F1634AF8BE5CE9,electric_bike,2021-09-02 19:37:28,2021-09-02 19:53:22,Bayard St & Leonard St,5442,E 2 St & Avenue C,5476,40.71915571696044,-73.94885390996933,40.7208736,-73.98085795,member
1522780,FC0C7C0B58F9A2A4,electric_bike,2021-09-06 15:57:45,2021-09-06 16:20:31,Manhattan Av & Leonard St,5442,Hancock St & Bedford Ave,4255,40.72084,-73.94844,40.68216564,-73.95399026,casual
1523094,EA9BC4B6C3B5E637,classic_bike,2021-09-24 18:51:38,2021-09-24 19:37:34,Manhattan Av & Leonard St,5442,E 11 St & 1 Ave,5746,40.72084,-73.94844,40.72953837,-73.98426726,casual
1523138,D35DCCBC9CE021A6,classic_bike,2021-09-24 18:56:07,2021-09-24 19:37:36,Manhattan Av & Leonard St,5442,E 11 St & 1 Ave,5746,40.72084,-73.94844,40.72953837,-73.98426726,casual
1523988,A3D3C686E4036C35,classic_bike,2021-09-04 11:14:15,2021-09-04 11:34:32,Bayard St & Leonard St,5442,E 2 St & Avenue C,5476,40.71915571696044,-73.94885390996933,40.7208736,-73.98085795,member
1523989,BFE85CB9C6E6104E,classic_bike,2021-09-17 13:36:39,2021-09-17 13:59:13,Bayard St & Leonard St,5442,E 2 St & Avenue C,5476,40.71915571696044,-73.94885390996933,40.7208736,-73.98085795,member
1524083,758F095D62D9444D,classic_bike,2021-09-14 18:34:37,2021-09-14 18:56:04,Bayard St & Leonard St,5442,E 2 St & Avenue C,5476,40.71915571696044,-73.94885390996933,40.7208736,-73.98085795,member
1524112,FE5B95F540F5E8C6,electric_bike,2021-09-04 11:10:05,2021-09-04 11:35:06,Bayard St & Leonard St,5442,E 11 St & 1 Ave,5746,40.71915571696044,-73.94885390996933,40.72953837,-73.98426726,casual
1545666,48F86F48DBA4714E,classic_bike,2021-09-18 16:33:01,2021-09-19 17:32:41,Manhattan Av & Leonard St,5442,,nan,40.72084,-73.94844,,,casual
1545675,BE269F24A0C51628,electric_bike,2021-09-17 13:11:00,2021-09-17 13:32:43,Manhattan Av & Leonard St,5442,Dock St & Front St,4903,40.72084,-73.94844,40.702709,-73.99253,casual
1547320,36B8EF3620126170,classic_bike,2021-09-11 10:24:22,2021-09-11 14:12:11,Manhattan Av & Leonard St,5442,,nan,40.72084,-73.94844,40.72,-73.94,casual
1555072,10E282386BEFF1A6,electric_bike,2021-09-08 22:00:09,2021-09-08 22:34:00,Bayard St & Leonard St,5442,Dock St & Front St,4903,40.71915571696044,-73.94885390996933,40.702709,-73.99253,casual
1555080,27C195310019A95B,classic_bike,2021-09-04 14:30:32,2021-09-04 15:09:18,Bayard St & Leonard St,5442,Front St & Jay St,4895,40.71915571696044,-73.94885390996933,40.702461,-73.986842,member
1555155,953353B46493082E,classic_bike,2021-09-26 16:36:06,2021-09-26 16:43:25,Bayard St & Leonard St,5442,,nan,40.71915571696044,-73.94885390996933,40.72,-73.94,member
1555212,5736B1244F4E4065,classic_bike,2021-09-06 15:32:47,2021-09-06 15:42:17,Bayard St & Leonard St,5442,,nan,40.71915571696044,-73.94885390996933,40.72,-73.96,casual
1555243,64D9C60B9E5CC682,classic_bike,2021-09-06 15:32:18,2021-09-06 15:42:17,Bayard St & Leonard St,5442,,nan,40.71915571696044,-73.94885390996933,40.72,-73.96,casual
1555277,7A60D2305ECA3C2B,classic_bike,2021-09-02 19:13:48,2021-09-02 19:40:20,Bayard St & Leonard St,5442,,nan,40.71915571696044,-73.94885390996933,40.73,-73.96,member
1555311,0607CE40139F5B04,classic_bike,2021-09-09 20:42:40,2021-09-09 21:20:32,Bayard St & Leonard St,5442,Dock St & Front St,4903,40.71915571696044,-73.94885390996933,40.702709,-73.99253,casual
1555382,0604091D3E300D45,classic_bike,2021-09-26 16:04:14,2021-09-26 16:38:59,Bayard St & Leonard St,5442,Dock St & Front St,4903,40.71915571696044,-73.94885390996933,40.702709,-73.99253,casual
1555458,6C413B33A6432076,classic_bike,2021-09-04 14:30:45,2021-09-04 15:09:33,Bayard St & Leonard St,5442,Front St & Jay St,4895,40.71915571696044,-73.94885390996933,40.702461,-73.986842,casual
1555493,9872469A639C0BC5,electric_bike,2021-09-23 18:02:33,2021-09-23 18:19:01,Bayard St & Leonard St,5442,,nan,40.71915571696044,-73.94885390996933,40.73,-73.96,casual
1557574,749AC8E3316755A6,classic_bike,2021-09-08 08:51:33,2021-09-09 09:51:26,Bayard St & Leonard St,5442,,nan,40.71915571696044,-73.94885390996933,,,member
1557700,BDDAE3060E85F9BB,electric_bike,2021-09-07 19:28:29,2021-09-07 20:29:36,Bayard St & Leonard St,5442,,nan,40.71915571696044,-73.94885390996933,40.73,-73.96,casual
1561001,5A760115392F8A76,classic_bike,2021-09-11 14:34:15,2021-09-11 17:31:30,Bayard St & Leonard St,5442,,nan,40.71915571696044,-73.94885390996933,,,casual
1563074,618EAAAE2DFB7804,classic_bike,2021-09-02 19:13:49,2021-09-02 19:40:20,Bayard St & Leonard St,5442,,nan,40.71915571696044,-73.94885390996933,40.73,-73.96,casual
1565521,6EBBD2BF2B0376F6,electric_bike,2021-09-15 18:25:52,2021-09-15 18:31:14,Manhattan Av & Leonard St,5442,Roebling St & N 4 St,5267,40.72084,-73.94844,40.71469,-73.95739,casual
1565523,369D5652440DA250,classic_bike,2021-09-03 21:07:17,2021-09-03 21:11:54,Manhattan Av & Leonard St,5442,Roebling St & N 4 St,5267,40.72084,-73.94844,40.71469,-73.95739,member
1568835,EED3EB02C7CB7E97,classic_bike,2021-09-07 13:38:06,2021-09-07 13:42:21,Bayard St & Leonard St,5442,Roebling St & N 4 St,5267,40.71915571696044,-73.94885390996933,40.71469,-73.95739,member
1568837,7040D797AC09B382,classic_bike,2021-09-10 20:15:49,2021-09-10 20:20:04,Bayard St & Leonard St,5442,Roebling St & N 4 St,5267,40.71915571696044,-73.94885390996933,40.71469,-73.95739,member
1568849,79EAC15D0B9F15E7,classic_bike,2021-09-28 08:32:57,2021-09-28 08:50:36,Bayard St & Leonard St,5442,44 Dr & Jackson Ave,6352,40.71915571696044,-73.94885390996933,40.74718234,-73.9432635,member
1568867,F5B815504D887F25,electric_bike,2021-09-16 19:30:12,2021-09-16 19:44:02,Bayard St & Leonard St,5442,46 Ave & 5 St,6286,40.71915571696044,-73.94885390996933,40.74731,-73.95451,member
1568869,9E36DD4CA44E6680,classic_bike,2021-09-12 18:08:49,2021-09-12 18:17:11,Bayard St & Leonard St,5442,Roebling St & N 4 St,5267,40.71915571696044,-73.94885390996933,40.71469,-73.95739,casual
1568870,354C1213ABE7CF48,classic_bike,2021-09-20 15:46:29,2021-09-20 15:58:13,Bayard St & Leonard St,5442,Roebling St & N 4 St,5267,40.71915571696044,-73.94885390996933,40.71469,-73.95739,casual
1568896,85CE623E00992F52,classic_bike,2021-09-10 18:53:55,2021-09-10 19:12:18,Bayard St & Leonard St,5442,46 Ave & 5 St,6286,40.71915571696044,-73.94885390996933,40.74731,-73.95451,member
1568909,909AC6B7243F887A,classic_bike,2021-09-14 10:52:10,2021-09-14 10:56:35,Bayard St & Leonard St,5442,Roebling St & N 4 St,5267,40.71915571696044,-73.94885390996933,40.71469,-73.95739,member
1568920,E4264189A1073CC1,classic_bike,2021-09-20 18:59:53,2021-09-20 19:03:04,Bayard St & Leonard St,5442,Roebling St & N 4 St,5267,40.71915571696044,-73.94885390996933,40.71469,-73.95739,member
1568921,FF82DF000CBDD978,classic_bike,2021-09-27 18:48:06,2021-09-27 18:53:57,Bayard St & Leonard St,5442,Roebling St & N 4 St,5267,40.71915571696044,-73.94885390996933,40.71469,-73.95739,member
1568923,80F40BF32460B624,classic_bike,2021-09-15 11:13:26,2021-09-15 11:18:27,Bayard St & Leonard St,5442,Roebling St & N 4 St,5267,40.71915571696044,-73.94885390996933,40.71469,-73.95739,member
1568926,2435790CCB43AD1E,classic_bike,2021-09-15 12:15:58,2021-09-15 12:19:30,Bayard St & Leonard St,5442,Roebling St & N 4 St,5267,40.71915571696044,-73.94885390996933,40.71469,-73.95739,member
1569641,E2F094761223648E,classic_bike,2021-09-05 17:15:46,2021-09-05 17:24:09,Manhattan Av & Leonard St,5442,Roebling St & N 4 St,5267,40.72084,-73.94844,40.71469,-73.95739,member
1569758,1661D605F59D100D,classic_bike,2021-09-29 18:18:08,2021-09-29 18:22:28,Bayard St & Leonard St,5442,Roebling St & N 4 St,5267,40.71915571696044,-73.94885390996933,40.71469,-73.95739,member
1569841,A91AC65505FAD004,classic_bike,2021-09-19 01:32:09,2021-09-19 01:49:44,Bayard St & Leonard St,5442,46 Ave & 5 St,6286,40.71915571696044,-73.94885390996933,40.74731,-73.95451,member
1569910,03C6C8D76BBBFF5D,classic_bike,2021-09-06 12:02:10,2021-09-06 12:07:06,Manhattan Av & Leonard St,5442,Roebling St & N 4 St,5267,40.72084,-73.94844,40.71469,-73.95739,member
1572260,030867657CA8EE05,classic_bike,2021-09-02 14:54:14,2021-09-02 14:58:11,Bayard St & Leonard St,5442,Roebling St & N 4 St,5267,40.71915571696044,-73.94885390996933,40.71469,-73.95739,member
1575226,DA81A9D128C0F223,classic_bike,2021-09-10 09:06:20,2021-09-10 09:10:40,Bayard St & Leonard St,5442,Roebling St & N 4 St,5267,40.71915571696044,-73.94885390996933,40.71469,-73.95739,member
1575237,369BFD6A30AE46FE,classic_bike,2021-09-13 09:39:12,2021-09-13 09:44:29,Bayard St & Leonard St,5442,Roebling St & N 4 St,5267,40.71915571696044,-73.94885390996933,40.71469,-73.95739,member
1575262,9F19E3456CF8FD47,classic_bike,2021-09-27 20:38:54,2021-09-27 20:44:29,Bayard St & Leonard St,5442,Roebling St & N 4 St,5267,40.71915571696044,-73.94885390996933,40.71469,-73.95739,member
1575264,EED9F94A991CFA84,classic_bike,2021-09-06 23:06:24,2021-09-06 23:10:18,Bayard St & Leonard St,5442,Roebling St & N 4 St,5267,40.71915571696044,-73.94885390996933,40.71469,-73.95739,member
1575272,A3B9E8899A1070B9,docked_bike,2021-09-04 15:27:41,2021-09-04 15:36:18,Bayard St & Leonard St,5442,Roebling St & N 4 St,5267,40.719156,-73.948854,40.71469,-73.95739,casual
1575273,76EBBDE30253FDAA,classic_bike,2021-09-02 16:50:35,2021-09-02 16:54:33,Bayard St & Leonard St,5442,Roebling St & N 4 St,5267,40.71915571696044,-73.94885390996933,40.71469,-73.95739,member
1575281,820D02954FD0E49D,classic_bike,2021-09-10 16:48:06,2021-09-10 16:51:52,Bayard St & Leonard St,5442,Roebling St & N 4 St,5267,40.71915571696044,-73.94885390996933,40.71469,-73.95739,member
1575493,B87B330E1CD85867,electric_bike,2021-09-20 23:49:31,2021-09-21 00:21:43,Bayard St & Leonard St,5442,Cadman Plaza E & Red Cross Pl,4821,40.71915571696044,-73.94885390996933,40.69991755,-73.98971773,member
1575495,4BACAEA986BA4167,classic_bike,2021-09-26 13:58:43,2021-09-26 14:07:25,Bayard St & Leonard St,5442,Roebling St & N 4 St,5267,40.71915571696044,-73.94885390996933,40.71469,-73.95739,member
1575499,BE64AB595A6182DE,classic_bike,2021-09-29 12:02:30,2021-09-29 12:07:18,Bayard St & Leonard St,5442,Roebling St & N 4 St,5267,40.71915571696044,-73.94885390996933,40.71469,-73.95739,member
1575500,721FA3C1A1F8D5E5,classic_bike,2021-09-27 15:45:00,2021-09-27 15:49:02,Bayard St & Leonard St,5442,Roebling St & N 4 St,5267,40.71915571696044,-73.94885390996933,40.71469,-73.95739,member
1575504,9EC64109DD94DC08,classic_bike,2021-09-29 10:30:58,2021-09-29 10:40:10,Bayard St & Leonard St,5442,Roebling St & N 4 St,5267,40.71915571696044,-73.94885390996933,40.71469,-73.95739,casual
1575516,F7AB0BC31CAC6B75,classic_bike,2021-09-09 12:45:29,2021-09-09 12:48:45,Bayard St & Leonard St,5442,Roebling St & N 4 St,5267,40.71915571696044,-73.94885390996933,40.71469,-73.95739,member
1575539,EF1B8A24512F186E,classic_bike,2021-09-22 19:07:19,2021-09-22 19:13:42,Bayard St & Leonard St,5442,Roebling St & N 4 St,5267,40.71915571696044,-73.94885390996933,40.71469,-73.95739,member
1575542,E155B40C8F7C24C6,classic_bike,2021-09-08 15:10:42,2021-09-08 15:14:38,Bayard St & Leonard St,5442,Roebling St & N 4 St,5267,40.71915571696044,-73.94885390996933,40.71469,-73.95739,casual
1576563,9B3E1828A64A05E6,electric_bike,2021-09-30 16:30:40,2021-09-30 16:55:42,Bayard St & Leonard St,5442,Fulton St & Pearl St,5024,40.71915571696044,-73.94885390996933,40.70772198491691,-74.00438636541367,member
1576564,F1046D6794349B80,classic_bike,2021-09-02 19:05:15,2021-09-02 19:13:45,Bayard St & Leonard St,5442,Roebling St & N 4 St,5267,40.71915571696044,-73.94885390996933,40.71469,-73.95739,member
1576572,DE1A9914FB83CE92,electric_bike,2021-09-05 22:00:36,2021-09-05 22:03:38,Bayard St & Leonard St,5442,Roebling St & N 4 St,5267,40.71915571696044,-73.94885390996933,40.71469,-73.95739,casual
1576585,999DAA050722AA46,classic_bike,2021-09-04 03:56:20,2021-09-04 04:00:11,Bayard St & Leonard St,5442,Roebling St & N 4 St,5267,40.71915571696044,-73.94885390996933,40.71469,-73.95739,member
1576589,ED2B3AFAD8E335FC,classic_bike,2021-09-05 22:06:12,2021-09-05 22:10:37,Bayard St & Leonard St,5442,Roebling St & N 4 St,5267,40.71915571696044,-73.94885390996933,40.71469,-73.95739,casual
1576601,B6C9A178DFA7868E,classic_bike,2021-09-17 13:59:34,2021-09-17 14:04:48,Bayard St & Leonard St,5442,Roebling St & N 4 St,5267,40.71915571696044,-73.94885390996933,40.71469,-73.95739,member
1576616,9E7ACD99E744422F,classic_bike,2021-09-03 00:51:59,2021-09-03 00:58:12,Manhattan Av & Leonard St,5442,Roebling St & N 4 St,5267,40.72084,-73.94844,40.71469,-73.95739,member
1576916,E46FA3D2E2D51889,classic_bike,2021-09-03 09:30:44,2021-09-03 09:45:26,Manhattan Av & Leonard St,5442,44 Dr & Jackson Ave,6352,40.72084,-73.94844,40.74718234,-73.9432635,member
1585946,D607051384BE3F14,classic_bike,2021-09-05 11:19:53,2021-09-05 11:24:11,Bayard St & Leonard St,5442,Roebling St & N 4 St,5267,40.71915571696044,-73.94885390996933,40.71469,-73.95739,member
1585953,B260CE8CBC8FEE6F,electric_bike,2021-09-25 12:06:32,2021-09-25 12:10:30,Bayard St & Leonard St,5442,Roebling St & N 4 St,5267,40.71915571696044,-73.94885390996933,40.71469,-73.95739,member
1585960,FC51667761265274,classic_bike,2021-09-03 11:20:52,2021-09-03 11:23:54,Bayard St & Leonard St,5442,Roebling St & N 4 St,5267,40.71915571696044,-73.94885390996933,40.71469,-73.95739,member
1585999,C766F162DCCD7057,classic_bike,2021-09-10 22:27:26,2021-09-10 22:34:49,Bayard St & Leonard St,5442,Roebling St & N 4 St,5267,40.71915571696044,-73.94885390996933,40.71469,-73.95739,casual
1586030,61F55A958896ED40,classic_bike,2021-09-19 01:31:10,2021-09-19 01:49:47,Bayard St & Leonard St,5442,46 Ave & 5 St,6286,40.71915571696044,-73.94885390996933,40.74731,-73.95451,member
1586031,46910A8993A19F25,electric_bike,2021-09-02 07:55:46,2021-09-02 07:59:12,Bayard St & Leonard St,5442,Roebling St & N 4 St,5267,40.71915571696044,-73.94885390996933,40.71469,-73.95739,member
1586033,F62698680A461CBF,classic_bike,2021-09-11 12:54:43,2021-09-11 13:00:35,Bayard St & Leonard St,5442,Roebling St & N 4 St,5267,40.71915571696044,-73.94885390996933,40.71469,-73.95739,casual
1586065,8E0DC559B2057486,classic_bike,2021-09-14 17:45:10,2021-09-14 17:50:30,Bayard St & Leonard St,5442,Roebling St & N 4 St,5267,40.71915571696044,-73.94885390996933,40.71469,-73.95739,member
1586070,65882C63F0509228,classic_bike,2021-09-18 14:04:28,2021-09-18 14:30:47,Bayard St & Leonard St,5442,Bridge St & Water St,4968,40.71915571696044,-73.94885390996933,40.70296934155272,-73.98469090461731,casual
1588023,96D606653D26155B,electric_bike,2021-09-29 08:16:28,2021-09-29 08:32:23,Bayard St & Leonard St,5442,44 Dr & Jackson Ave,6352,40.71915571696044,-73.94885390996933,40.74718234,-73.9432635,member
1588091,5BA37FB745254A07,classic_bike,2021-09-16 18:46:25,2021-09-16 18:51:29,Bayard St & Leonard St,5442,Roebling St & N 4 St,5267,40.71915571696044,-73.94885390996933,40.71469,-73.95739,casual
1590070,7AA72A5EA9040760,electric_bike,2021-09-08 08:16:50,2021-09-08 08:32:24,Bayard St & Leonard St,5442,44 Dr & Jackson Ave,6352,40.71915571696044,-73.94885390996933,40.74718234,-73.9432635,member
1590074,12139EB9390CB34F,classic_bike,2021-09-25 18:24:08,2021-09-25 18:28:37,Bayard St & Leonard St,5442,Roebling St & N 4 St,5267,40.71915571696044,-73.94885390996933,40.71469,-73.95739,member
1590095,3B168DF2150FC5C5,classic_bike,2021-09-27 17:14:21,2021-09-27 17:18:42,Bayard St & Leonard St,5442,Roebling St & N 4 St,5267,40.71915571696044,-73.94885390996933,40.71469,-73.95739,member
1590096,C94B07D093CA3873,classic_bike,2021-09-21 13:59:47,2021-09-21 14:05:08,Bayard St & Leonard St,5442,Roebling St & N 4 St,5267,40.71915571696044,-73.94885390996933,40.71469,-73.95739,member
1590112,19D98815B6A73EDC,classic_bike,2021-09-11 14:14:51,2021-09-11 14:20:17,Bayard St & Leonard St,5442,Roebling St & N 4 St,5267,40.71915571696044,-73.94885390996933,40.71469,-73.95739,member
1590651,CD9E0F85BFB97251,classic_bike,2021-09-04 09:42:09,2021-09-04 09:50:55,Bayard St & Leonard St,5442,Roebling St & N 4 St,5267,40.71915571696044,-73.94885390996933,40.71469,-73.95739,member
1591077,287839B4F6C60987,classic_bike,2021-09-06 13:00:31,2021-09-06 13:17:08,Manhattan Av & Leonard St,5442,44 Dr & Jackson Ave,6352,40.72084,-73.94844,40.74718234,-73.9432635,member
1591090,189DA2725330C182,classic_bike,2021-09-02 18:41:35,2021-09-02 19:15:04,Manhattan Av & Leonard St,5442,Fulton St & Pearl St,5024,40.72084,-73.94844,40.70772198491691,-74.00438636541367,casual
1591904,C1D6088582F9C5B8,classic_bike,2021-09-16 08:05:03,2021-09-16 08:09:32,Manhattan Av & Leonard St,5442,Roebling St & N 4 St,5267,40.72084,-73.94844,40.71469,-73.95739,member
1592223,540F80B980E095BA,classic_bike,2021-09-17 21:14:01,2021-09-17 21:47:17,Atlantic Ave & Fort Greene Pl,4354,Bayard St & Leonard St,5442,40.68382604,-73.97632328,40.71915571696044,-73.94885390996933,member
1592230,04FF0DF62C2C22E9,electric_bike,2021-09-19 12:33:11,2021-09-19 12:39:31,Union Ave & N 12 St,5411,Bayard St & Leonard St,5442,40.71924,-73.95242,40.71915571696044,-73.94885390996933,casual
1592269,0F1D9E74EB325921,classic_bike,2021-09-24 12:37:43,2021-09-24 13:06:14,Plaza St East & Flatbush Ave,4010,Bayard St & Leonard St,5442,40.673134,-73.969106,40.71915571696044,-73.94885390996933,casual
1592273,A0059A33F147F62E,classic_bike,2021-09-22 18:40:10,2021-09-22 18:42:30,Union Ave & N 12 St,5411,Bayard St & Leonard St,5442,40.71924,-73.95242,40.71915571696044,-73.94885390996933,member
1592277,5500FA9B7E5CCB4D,electric_bike,2021-09-25 23:05:49,2021-09-25 23:31:31,Union Ave & N 12 St,5411,Bayard St & Leonard St,5442,40.71924,-73.95242,40.71915571696044,-73.94885390996933,casual
1592384,4112DD47F28DA999,classic_bike,2021-09-18 11:46:53,2021-09-18 11:55:31,Boerum St & Broadway,5004,Bayard St & Leonard St,5442,40.70538077,-73.94976519,40.71915571696044,-73.94885390996933,casual
1592406,A4686868C462D02D,classic_bike,2021-09-25 15:01:31,2021-09-25 15:10:40,Boerum St & Broadway,5004,Bayard St & Leonard St,5442,40.70538077,-73.94976519,40.71915571696044,-73.94885390996933,casual
1592552,B24ED56EE3FD4DD2,classic_bike,2021-09-11 15:26:29,2021-09-11 16:04:33,Classon Ave & St Marks Ave,4074,Bayard St & Leonard St,5442,40.6765198,-73.9596082,40.71915571696044,-73.94885390996933,casual
1592577,3F6964B91E8238E8,classic_bike,2021-09-10 17:45:08,2021-09-10 17:53:43,Boerum St & Broadway,5004,Bayard St & Leonard St,5442,40.70538077,-73.94976519,40.71915571696044,-73.94885390996933,member
1592660,FFFFBD38738EDD48,classic_bike,2021-09-25 16:42:04,2021-09-25 17:20:20,Columbia St & Degraw St,4422,Bayard St & Leonard St,5442,40.6859296,-74.00242364,40.71915571696044,-73.94885390996933,member
1592663,DD4A69F607FA9733,classic_bike,2021-09-24 18:01:42,2021-09-24 18:29:12,Classon Ave & St Marks Ave,4074,Bayard St & Leonard St,5442,40.6765198,-73.9596082,40.71915571696044,-73.94885390996933,member
1592694,A5C588F5D02D2E4F,classic_bike,2021-09-02 14:00:49,2021-09-02 14:28:53,Franklin Ave & St Marks Ave,4107,Bayard St & Leonard St,5442,40.6758324,-73.9561677,40.71915571696044,-73.94885390996933,member
1592709,3F0B85D002D3234C,classic_bike,2021-09-10 16:40:34,2021-09-10 16:49:36,Boerum St & Broadway,5004,Bayard St & Leonard St,5442,40.70538077,-73.94976519,40.71915571696044,-73.94885390996933,casual
1592722,E44F229D55874A16,classic_bike,2021-09-29 18:33:27,2021-09-29 19:07:28,President St & Henry St,4307,Bayard St & Leonard St,5442,40.6828003,-73.99990419,40.71915571696044,-73.94885390996933,member
1592725,7E17B09BE57DC3B2,classic_bike,2021-09-03 13:36:43,2021-09-03 14:22:29,E 32 St & Park Ave,6280,Bayard St & Leonard St,5442,40.7457121,-73.98194829,40.71915571696044,-73.94885390996933,member
1592811,270F9B5036768476,electric_bike,2021-09-14 06:36:03,2021-09-14 06:55:23,Sterling Pl & Bedford Ave,3993,Bayard St & Leonard St,5442,40.672695,-73.954131,40.71915571696044,-73.94885390996933,member
1592815,94180C07B7E65D70,classic_bike,2021-09-04 15:22:44,2021-09-04 15:51:17,Emerson Pl & Myrtle Ave,4683,Bayard St & Leonard St,5442,40.69363137,-73.96223558,40.71915571696044,-73.94885390996933,casual
1592820,581F99747AD9BE6B,classic_bike,2021-09-03 09:33:50,2021-09-03 09:38:13,Bayard St & Leonard St,5442,Roebling St & N 4 St,5267,40.71915571696044,-73.94885390996933,40.71469,-73.95739,member
1592853,331F71E9FC5FD978,classic_bike,2021-09-10 14:57:10,2021-09-10 15:19:28,Sterling Pl & Bedford Ave,3993,Bayard St & Leonard St,5442,40.672695,-73.954131,40.71915571696044,-73.94885390996933,member
1592866,6530E81ED5F7C0E3,classic_bike,2021-09-02 16:43:38,2021-09-02 17:20:19,Sterling Pl & Bedford Ave,3993,Bayard St & Leonard St,5442,40.672695,-73.954131,40.71915571696044,-73.94885390996933,member
1592895,B46AC43011CD2D60,classic_bike,2021-09-06 14:07:56,2021-09-06 14:14:41,Stagg St & Union Ave,5117,Bayard St & Leonard St,5442,40.70877084,-73.95095259,40.71915571696044,-73.94885390996933,member
1592918,CA6C866663364E88,electric_bike,2021-09-16 06:34:24,2021-09-16 06:51:39,Sterling Pl & Bedford Ave,3993,Bayard St & Leonard St,5442,40.672695,-73.954131,40.71915571696044,-73.94885390996933,member
1592922,C83D92630FAA47EC,classic_bike,2021-09-25 13:56:24,2021-09-25 14:23:51,Emerson Pl & Myrtle Ave,4683,Bayard St & Leonard St,5442,40.69363137,-73.96223558,40.71915571696044,-73.94885390996933,casual
1592956,17F6045397A3616A,electric_bike,2021-09-15 21:34:13,2021-09-15 21:39:57,Stagg St & Union Ave,5117,Bayard St & Leonard St,5442,40.70877084,-73.95095259,40.71915571696044,-73.94885390996933,member
1592971,D14477F570BE7CB3,electric_bike,2021-09-28 06:36:56,2021-09-28 06:53:24,Sterling Pl & Bedford Ave,3993,Bayard St & Leonard St,5442,40.672695,-73.954131,40.71915571696044,-73.94885390996933,member
1592986,916D4A680F4424D9,electric_bike,2021-09-30 06:37:09,2021-09-30 06:55:17,Sterling Pl & Bedford Ave,3993,Bayard St & Leonard St,5442,40.672695,-73.954131,40.71915571696044,-73.94885390996933,member
1593031,56C63E074164F4AE,classic_bike,2021-09-16 12:13:41,2021-09-16 12:21:11,Powers St & Olive St,5210,Bayard St & Leonard St,5442,40.71323,-73.93894,40.71915571696044,-73.94885390996933,member
1593068,0B32A4351B4689C3,classic_bike,2021-09-30 08:19:17,2021-09-30 08:54:16,President St & Henry St,4307,Bayard St & Leonard St,5442,40.6828003,-73.99990419,40.71915571696044,-73.94885390996933,casual
1593125,56B1ABB549636BB3,classic_bike,2021-09-13 11:26:57,2021-09-13 11:33:56,Powers St & Olive St,5210,Bayard St & Leonard St,5442,40.71323,-73.93894,40.71915571696044,-73.94885390996933,member
1593143,47F145752332CAF5,classic_bike,2021-09-18 17:57:04,2021-09-18 18:33:55,E 47 St & 2 Ave,6498,Bayard St & Leonard St,5442,40.75323098,-73.97032517,40.71915571696044,-73.94885390996933,member
1593179,A52F84F5EF4B04BE,classic_bike,2021-09-04 07:52:49,2021-09-04 07:58:34,Stagg St & Union Ave,5117,Bayard St & Leonard St,5442,40.70877084,-73.95095259,40.71915571696044,-73.94885390996933,member
1593190,E7DD1EE4C03DBABD,classic_bike,2021-09-10 19:22:01,2021-09-10 19:31:16,Powers St & Olive St,5210,Bayard St & Leonard St,5442,40.71323,-73.93894,40.71915571696044,-73.94885390996933,member
1593334,E1C991E3EFBD3ADA,docked_bike,2021-09-14 21:32:54,2021-09-14 21:49:19,5 St & 51 Ave,6137,Bayard St & Leonard St,5442,40.742374,-73.9566,40.719156,-73.948854,casual
1593342,E919A316848A3332,classic_bike,2021-09-06 11:20:37,2021-09-06 11:35:13,5 St & 51 Ave,6137,Bayard St & Leonard St,5442,40.7423737,-73.9566,40.71915571696044,-73.94885390996933,casual
1593346,1DC482C62DCEFE89,classic_bike,2021-09-15 16:56:30,2021-09-15 17:20:02,E 1 St & 1 Ave,5593,Bayard St & Leonard St,5442,40.72335597960796,-73.98864984512329,40.71915571696044,-73.94885390996933,member
1593387,A19EFDC1C78013B5,electric_bike,2021-09-11 11:30:40,2021-09-11 11:50:34,Adelphi St & Myrtle Ave,4620,Bayard St & Leonard St,5442,40.69308257,-73.97178913,40.71915571696044,-73.94885390996933,member
1593390,E094C1906A8BEAC5,classic_bike,2021-09-29 19:34:39,2021-09-29 20:34:41,Adam Clayton Powell Blvd & W 141 St,7893,Bayard St & Leonard St,5442,40.819241,-73.941057,40.71915571696044,-73.94885390996933,member
1593405,FA25815CDCF19529,electric_bike,2021-09-26 11:15:50,2021-09-26 11:36:56,5 St & 51 Ave,6137,Bayard St & Leonard St,5442,40.7423737,-73.9566,40.71915571696044,-73.94885390996933,casual
1593434,3B8C9DE68827C0CD,classic_bike,2021-09-03 22:55:11,2021-09-03 23:11:59,Metropolitan Ave & Meeker Ave,5300,Bayard St & Leonard St,5442,40.71413311,-73.95234386,40.71915571696044,-73.94885390996933,member
1593441,FA34FF46820E9A48,classic_bike,2021-09-13 17:50:33,2021-09-13 18:25:42,3 Ave & 14 St,3850,Bayard St & Leonard St,5442,40.6685455,-73.99333264,40.71915571696044,-73.94885390996933,casual
1593454,CE49E70E0AB29847,classic_bike,2021-09-21 07:57:40,2021-09-21 07:59:00,Union Ave & N 12 St,5411,Bayard St & Leonard St,5442,40.71924,-73.95242,40.71915571696044,-73.94885390996933,member
1593455,EFC149AA448E7DBF,classic_bike,2021-09-11 14:07:44,2021-09-11 14:10:11,Union Ave & N 12 St,5411,Bayard St & Leonard St,5442,40.71924,-73.95242,40.71915571696044,-73.94885390996933,member
1593467,F6BD84048E283E17,classic_bike,2021-09-11 12:14:59,2021-09-11 12:19:35,Metropolitan Ave & Meeker Ave,5300,Bayard St & Leonard St,5442,40.71413311,-73.95234386,40.71915571696044,-73.94885390996933,member
1593471,8F2A5BC2AD67C6F0,electric_bike,2021-09-13 09:50:24,2021-09-13 10:14:04,Adelphi St & Myrtle Ave,4620,Bayard St & Leonard St,5442,40.69308257,-73.97178913,40.71915571696044,-73.94885390996933,member
1593520,5E7417930175630E,electric_bike,2021-09-10 17:40:08,2021-09-10 17:59:29,Menahan St & Central Ave,4672,Bayard St & Leonard St,5442,40.69543,-73.9196,40.71915571696044,-73.94885390996933,member
1593615,7E3B0241CD6033C4,classic_bike,2021-09-25 15:29:41,2021-09-25 15:59:36,Carlton Ave & Flushing Ave,4732,Bayard St & Leonard St,5442,40.697787,-73.973736,40.71915571696044,-73.94885390996933,casual
1593652,B735EDEB47661073,classic_bike,2021-09-17 17:41:12,2021-09-17 17:57:30,Carlton Ave & Flushing Ave,4732,Bayard St & Leonard St,5442,40.697787,-73.973736,40.71915571696044,-73.94885390996933,member
1593741,1AE9560A881F4928,classic_bike,2021-09-07 19:42:17,2021-09-07 19:57:02,Irving Ave & DeKalb Ave,4898,Bayard St & Leonard St,5442,40.7027,-73.92095,40.71915571696044,-73.94885390996933,casual
1593744,587605D49F23926E,electric_bike,2021-09-03 18:47:08,2021-09-03 19:34:20,3 St & 7 Ave,3905,Bayard St & Leonard St,5442,40.6703837,-73.97839676,40.71915571696044,-73.94885390996933,member
1593797,B969BCC198C75957,classic_bike,2021-09-14 17:18:55,2021-09-14 17:50:01,Broadway & Kosciuszko St,4608,Bayard St & Leonard St,5442,40.69329,-73.92852,40.71915571696044,-73.94885390996933,casual
1593828,47D01AF0B35976D4,classic_bike,2021-09-07 17:50:44,2021-09-07 18:12:36,47 Ave & 31 St,6151,Bayard St & Leonard St,5442,40.743,-73.93561,40.71915571696044,-73.94885390996933,casual
1593837,FA27D95F3611FBC0,electric_bike,2021-09-05 18:27:26,2021-09-05 18:35:20,S 4 St & Rodney St,5156,Bayard St & Leonard St,5442,40.70934,-73.95608,40.71915571696044,-73.94885390996933,member
1593840,35B5491E374B3179,classic_bike,2021-09-14 19:30:24,2021-09-14 19:39:59,S 4 St & Rodney St,5156,Bayard St & Leonard St,5442,40.70934,-73.95608,40.71915571696044,-73.94885390996933,member
1593855,49F51B6BBCC48EBF,electric_bike,2021-09-12 18:23:02,2021-09-12 19:00:45,S 4 St & Rodney St,5156,Bayard St & Leonard St,5442,40.70934,-73.95608,40.71915571696044,-73.94885390996933,casual
1593881,8B7752D5A9BC03E1,classic_bike,2021-09-22 21:02:34,2021-09-22 21:26:52,44 Dr & 21 St,6278,Bayard St & Leonard St,5442,40.748,-73.9460927,40.71915571696044,-73.94885390996933,member
1593891,BF4806028EC4BB9F,classic_bike,2021-09-02 18:32:08,2021-09-02 18:42:20,S 4 St & Rodney St,5156,Bayard St & Leonard St,5442,40.70934,-73.95608,40.71915571696044,-73.94885390996933,casual
1593897,E3C300100BE8F530,electric_bike,2021-09-24 13:54:16,2021-09-24 13:59:09,S 4 St & Rodney St,5156,Bayard St & Leonard St,5442,40.70934,-73.95608,40.71915571696044,-73.94885390996933,member
1593972,B8EB9CBC4FE0F77E,classic_bike,2021-09-17 20:59:35,2021-09-17 21:07:20,S 4 St & Rodney St,5156,Bayard St & Leonard St,5442,40.70934,-73.95608,40.71915571696044,-73.94885390996933,member
1594019,2777C9D2F5E92B1F,electric_bike,2021-09-25 11:06:22,2021-09-25 11:23:48,Menahan St & Central Ave,4672,Bayard St & Leonard St,5442,40.69543,-73.9196,40.71915571696044,-73.94885390996933,member
1594055,CDFD09539AA87376,classic_bike,2021-09-08 19:39:03,2021-09-08 20:10:13,Willoughby St & Fleet St,4628,Bayard St & Leonard St,5442,40.69196566,-73.9813018,40.71915571696044,-73.94885390996933,casual
1594141,7A2BE5EC7958D58D,electric_bike,2021-09-26 19:39:52,2021-09-26 19:56:59,E 6 St & Avenue D,5506,Bayard St & Leonard St,5442,40.72228087,-73.97668709,40.71915571696044,-73.94885390996933,member
1594146,7D07220467E91425,classic_bike,2021-09-28 09:30:28,2021-09-28 09:49:01,Broadway & Roebling St,5125,Bayard St & Leonard St,5442,40.70924826276157,-73.96063148975372,40.71915571696044,-73.94885390996933,casual
1594150,53FE9EA4A96CC244,classic_bike,2021-09-01 10:55:29,2021-09-01 11:09:21,Broadway & Roebling St,5125,Bayard St & Leonard St,5442,40.70924826276157,-73.96063148975372,40.71915571696044,-73.94885390996933,casual
1594205,7C48095071330ACB,classic_bike,2021-09-22 18:22:05,2021-09-22 18:34:38,Powers St & Olive St,5210,Bayard St & Leonard St,5442,40.71323,-73.93894,40.71915571696044,-73.94885390996933,member
1594310,803082C861391CF0,electric_bike,2021-09-12 21:07:26,2021-09-12 21:35:21,7 Ave & Park Pl,4125,Bayard St & Leonard St,5442,40.6776147,-73.97324283,40.71915571696044,-73.94885390996933,casual
1594388,324EEFD8910F2C97,classic_bike,2021-09-03 12:27:17,2021-09-03 12:35:45,Powers St & Olive St,5210,Bayard St & Leonard St,5442,40.71323,-73.93894,40.71915571696044,-73.94885390996933,member
1594411,1AF8455209DF1400,classic_bike,2021-09-04 16:05:27,2021-09-04 16:27:58,27 St & Hunter St,6310,Bayard St & Leonard St,5442,40.7485,-73.941275,40.71915571696044,-73.94885390996933,casual
1594418,D44E07370787070B,electric_bike,2021-09-05 19:07:43,2021-09-05 19:24:25,E 2 St & Avenue A,5553,Bayard St & Leonard St,5442,40.72307749068673,-73.98583620786667,40.71915571696044,-73.94885390996933,casual
1594488,0C0E09C04F00CB24,electric_bike,2021-09-25 16:50:02,2021-09-25 17:13:27,Emerson Pl & Myrtle Ave,4683,Bayard St & Leonard St,5442,40.69363137,-73.96223558,40.71915571696044,-73.94885390996933,casual
1594518,FF7D1BA7E8B322A8,classic_bike,2021-09-04 15:22:30,2021-09-04 15:51:11,Emerson Pl & Myrtle Ave,4683,Bayard St & Leonard St,5442,40.69363137,-73.96223558,40.71915571696044,-73.94885390996933,member
1594534,06904FC52A4A265E,classic_bike,2021-09-09 17:34:51,2021-09-09 17:47:05,Metropolitan Ave & Vandervoort Ave,5241,Bayard St & Leonard St,5442,40.71429,-73.93323,40.71915571696044,-73.94885390996933,casual
1594547,83B835BAC55F1B98,classic_bike,2021-09-14 16:54:00,2021-09-14 17:30:33,W 24 St & 7 Ave,6257,Bayard St & Leonard St,5442,40.74487634,-73.99529885,40.71915571696044,-73.94885390996933,casual
1594787,68E3E7ABF6C9091A,electric_bike,2021-09-18 00:46:35,2021-09-18 01:07:57,Classon Ave & St Marks Ave,4074,Bayard St & Leonard St,5442,40.6765198,-73.9596082,40.71915571696044,-73.94885390996933,member
1594805,CE921988C8223CC3,classic_bike,2021-09-20 17:22:05,2021-09-20 17:51:01,Kingston Ave & Herkimer St,4205,Bayard St & Leonard St,5442,40.67890679,-73.94142771,40.71915571696044,-73.94885390996933,member
1594903,BE2512CC8FF2837F,classic_bike,2021-09-21 17:39:07,2021-09-21 18:22:12,Dock 72 Way & Market St,4804,Bayard St & Leonard St,5442,40.69985,-73.97141,40.71915571696044,-73.94885390996933,member
1594904,0AC0017807E6CA85,classic_bike,2021-09-29 17:16:11,2021-09-29 17:35:22,Dock 72 Way & Market St,4804,Bayard St & Leonard St,5442,40.69985,-73.97141,40.71915571696044,-73.94885390996933,member
1594905,7E2339DEECA02ADB,classic_bike,2021-09-22 17:34:18,2021-09-22 17:50:09,Dock 72 Way & Market St,4804,Bayard St & Leonard St,5442,40.69985,-73.97141,40.71915571696044,-73.94885390996933,member
1595111,91D4F8BB76974CA2,classic_bike,2021-09-16 14:18:37,2021-09-16 14:38:56,Van Buren St & Broadway,4568,Bayard St & Leonard St,5442,40.692,-73.92617,40.71915571696044,-73.94885390996933,member
1595145,A3671E9B07C8062B,classic_bike,2021-09-06 16:34:40,2021-09-06 17:04:15,E 20 St & 2 Ave,5971,Bayard St & Leonard St,5442,40.73587678,-73.98205027,40.71915571696044,-73.94885390996933,member
1595222,E1A64B6C91B90128,electric_bike,2021-09-05 19:52:37,2021-09-05 20:03:29,Willoughby Ave & Onderdonk Ave,5115,Bayard St & Leonard St,5442,40.7098,-73.91727,40.71915571696044,-73.94885390996933,member
1595225,A9A0680ADDD336CF,electric_bike,2021-09-20 17:45:22,2021-09-20 18:13:16,35 St & Broadway,6750,Bayard St & Leonard St,5442,40.760339,-73.9222427,40.71915571696044,-73.94885390996933,member
1595228,BE55D5ED8D7C9C03,classic_bike,2021-09-06 17:09:02,2021-09-06 17:31:43,Stockholm St & Wilson Ave,4824,Bayard St & Leonard St,5442,40.699304,-73.923044,40.71915571696044,-73.94885390996933,casual
1595232,C370ABF5264D729B,electric_bike,2021-09-16 21:36:24,2021-09-16 21:49:49,Willoughby Ave & Onderdonk Ave,5115,Bayard St & Leonard St,5442,40.7098,-73.91727,40.71915571696044,-73.94885390996933,casual
1595242,27D5F638FE36AFA6,electric_bike,2021-09-11 09:37:13,2021-09-11 09:58:16,Union Ave & Wallabout St,4818,Bayard St & Leonard St,5442,40.70029511,-73.95032283,40.71915571696044,-73.94885390996933,casual
1595315,3A93C4BF9A797419,classic_bike,2021-09-19 08:28:08,2021-09-19 08:49:50,Monroe St & Bedford Ave,4368,Bayard St & Leonard St,5442,40.6851443,-73.95380904,40.71915571696044,-73.94885390996933,member
1595316,1C0925ECC71B7429,classic_bike,2021-09-02 19:09:07,2021-09-02 19:17:22,Broadway & Roebling St,5125,Bayard St & Leonard St,5442,40.70924826276157,-73.96063148975372,40.71915571696044,-73.94885390996933,member
1595326,2E4C7528869E58AB,classic_bike,2021-09-15 21:10:26,2021-09-15 21:17:09,Powers St & Olive St,5210,Bayard St & Leonard St,5442,40.71323,-73.93894,40.71915571696044,-73.94885390996933,member
1595371,0FE3D5620B2512AD,classic_bike,2021-09-17 17:28:32,2021-09-17 17:35:31,Broadway & Roebling St,5125,Bayard St & Leonard St,5442,40.70924826276157,-73.96063148975372,40.71915571696044,-73.94885390996933,member
1595413,A8CFDAA21E7DD070,classic_bike,2021-09-26 09:49:07,2021-09-26 09:57:17,Graham Ave & Grand St,5178,Bayard St & Leonard St,5442,40.711863,-73.944024,40.71915571696044,-73.94885390996933,casual
1595421,7714EE7BC74C3962,classic_bike,2021-09-13 06:49:27,2021-09-13 06:55:06,Graham Ave & Grand St,5178,Bayard St & Leonard St,5442,40.711863,-73.944024,40.71915571696044,-73.94885390996933,member
1595444,4041C010E5189061,classic_bike,2021-09-18 11:04:31,2021-09-18 11:12:27,Graham Ave & Grand St,5178,Bayard St & Leonard St,5442,40.711863,-73.944024,40.71915571696044,-73.94885390996933,casual
1595455,E692A91700553E87,classic_bike,2021-09-10 14:07:50,2021-09-10 14:13:48,Graham Ave & Grand St,5178,Bayard St & Leonard St,5442,40.711863,-73.944024,40.71915571696044,-73.94885390996933,casual
1595466,5451097429212632,classic_bike,2021-09-18 13:46:09,2021-09-18 13:53:33,Broadway & Roebling St,5125,Bayard St & Leonard St,5442,40.70924826276157,-73.96063148975372,40.71915571696044,-73.94885390996933,member
1595470,E9A931CA92FA38C1,electric_bike,2021-09-05 19:07:39,2021-09-05 19:24:38,E 2 St & Avenue A,5553,Bayard St & Leonard St,5442,40.72307749068673,-73.98583620786667,40.71915571696044,-73.94885390996933,casual
1595472,D9495676E9BD8B0B,classic_bike,2021-09-06 13:01:14,2021-09-06 13:26:57,Monroe St & Bedford Ave,4368,Bayard St & Leonard St,5442,40.6851443,-73.95380904,40.71915571696044,-73.94885390996933,casual
1595487,D8812F1A503D34E7,electric_bike,2021-09-27 18:23:37,2021-09-27 18:27:38,Graham Ave & Grand St,5178,Bayard St & Leonard St,5442,40.711863,-73.944024,40.71915571696044,-73.94885390996933,casual
1595507,0752E80BF82E1F52,classic_bike,2021-09-22 17:51:03,2021-09-22 17:55:45,Graham Ave & Grand St,5178,Bayard St & Leonard St,5442,40.711863,-73.944024,40.71915571696044,-73.94885390996933,casual
1595544,6A6918776E7C122F,classic_bike,2021-09-22 19:47:58,2021-09-22 19:56:31,Graham Ave & Grand St,5178,Bayard St & Leonard St,5442,40.711863,-73.944024,40.71915571696044,-73.94885390996933,member
1595558,93F35A3A66CFBA81,classic_bike,2021-09-04 03:01:05,2021-09-04 03:07:02,Graham Ave & Grand St,5178,Bayard St & Leonard St,5442,40.711863,-73.944024,40.71915571696044,-73.94885390996933,member
1595582,749F55380BC23F93,classic_bike,2021-09-18 23:03:25,2021-09-18 23:14:02,Graham Ave & Grand St,5178,Bayard St & Leonard St,5442,40.711863,-73.944024,40.71915571696044,-73.94885390996933,casual
1595591,4F2AA024C03B8BC2,classic_bike,2021-09-02 13:07:11,2021-09-02 13:13:29,Graham Ave & Grand St,5178,Bayard St & Leonard St,5442,40.711863,-73.944024,40.71915571696044,-73.94885390996933,member
1595601,06AD5DFAD6A6CE6E,classic_bike,2021-09-27 17:31:51,2021-09-27 17:38:18,Broadway & Roebling St,5125,Bayard St & Leonard St,5442,40.70924826276157,-73.96063148975372,40.71915571696044,-73.94885390996933,member
1595602,9F1B70F425347C6B,classic_bike,2021-09-01 16:41:17,2021-09-01 16:48:54,Broadway & Roebling St,5125,Bayard St & Leonard St,5442,40.70924826276157,-73.96063148975372,40.71915571696044,-73.94885390996933,member
1595604,C877FB743BA820A9,classic_bike,2021-09-16 14:21:00,2021-09-16 14:29:15,Broadway & Roebling St,5125,Bayard St & Leonard St,5442,40.70924826276157,-73.96063148975372,40.71915571696044,-73.94885390996933,member
1595629,5973487FF8DDDE83,classic_bike,2021-09-06 15:21:33,2021-09-06 15:49:48,McKibbin St & Bogart St,5059,Bayard St & Leonard St,5442,40.706237,-73.933871,40.71915571696044,-73.94885390996933,casual
1595631,0F08F3EF05345085,classic_bike,2021-09-06 15:21:02,2021-09-06 15:49:25,McKibbin St & Bogart St,5059,Bayard St & Leonard St,5442,40.706237,-73.933871,40.71915571696044,-73.94885390996933,casual
1595635,66252490A3A4429B,electric_bike,2021-09-15 16:15:25,2021-09-15 16:21:21,Kent Ave & N 7 St,5489,Bayard St & Leonard St,5442,40.72036775298455,-73.96165072917938,40.71915571696044,-73.94885390996933,member
1595636,B917D8E53BEE8DB3,electric_bike,2021-09-15 10:44:10,2021-09-15 10:48:31,Kent Ave & N 7 St,5489,Bayard St & Leonard St,5442,40.72036775298455,-73.96165072917938,40.71915571696044,-73.94885390996933,member
1595723,DE949AEA1655E4AC,electric_bike,2021-09-16 12:19:08,2021-09-16 12:23:48,Kent Ave & N 7 St,5489,Bayard St & Leonard St,5442,40.72036775298455,-73.96165072917938,40.71915571696044,-73.94885390996933,member
1595737,74014A49D01BED6E,classic_bike,2021-09-27 17:47:06,2021-09-27 17:54:02,Kent Ave & N 7 St,5489,Bayard St & Leonard St,5442,40.72036775298455,-73.96165072917938,40.71915571696044,-73.94885390996933,member
1595745,F3646A1D22BAEF5A,classic_bike,2021-09-02 13:49:18,2021-09-02 13:57:53,Kent Ave & N 7 St,5489,Bayard St & Leonard St,5442,40.72036775298455,-73.96165072917938,40.71915571696044,-73.94885390996933,member
1595749,0930CDDFD39E7F6A,classic_bike,2021-09-21 17:48:02,2021-09-21 17:54:36,Kent Ave & N 7 St,5489,Bayard St & Leonard St,5442,40.72036775298455,-73.96165072917938,40.71915571696044,-73.94885390996933,casual
1595761,62AC240C152F87CE,classic_bike,2021-09-23 17:48:30,2021-09-23 17:55:00,Kent Ave & N 7 St,5489,Bayard St & Leonard St,5442,40.72036775298455,-73.96165072917938,40.71915571696044,-73.94885390996933,member
1595762,2B452E152681B49D,classic_bike,2021-09-22 17:44:17,2021-09-22 17:48:58,Kent Ave & N 7 St,5489,Bayard St & Leonard St,5442,40.72036775298455,-73.96165072917938,40.71915571696044,-73.94885390996933,member
1595764,813FFC0D39F92F62,classic_bike,2021-09-29 21:50:29,2021-09-29 21:59:08,Kent Ave & N 7 St,5489,Bayard St & Leonard St,5442,40.72036775298455,-73.96165072917938,40.71915571696044,-73.94885390996933,member
1595778,C81DA4C918C103DB,electric_bike,2021-09-11 08:22:19,2021-09-11 08:27:12,Kent Ave & N 7 St,5489,Bayard St & Leonard St,5442,40.72036775298455,-73.96165072917938,40.71915571696044,-73.94885390996933,member
1595780,6F51C89B5B544022,classic_bike,2021-09-04 06:11:26,2021-09-04 06:16:11,Kent Ave & N 7 St,5489,Bayard St & Leonard St,5442,40.72036775298455,-73.96165072917938,40.71915571696044,-73.94885390996933,member
1595795,B9D7FBA0E06CB65F,classic_bike,2021-09-25 14:35:07,2021-09-25 14:43:24,Kent Ave & N 7 St,5489,Bayard St & Leonard St,5442,40.72036775298455,-73.96165072917938,40.71915571696044,-73.94885390996933,member
1595798,21545C5A668FADF2,classic_bike,2021-09-02 17:51:34,2021-09-02 17:57:31,Kent Ave & N 7 St,5489,Bayard St & Leonard St,5442,40.72036775298455,-73.96165072917938,40.71915571696044,-73.94885390996933,member
1595799,B323A3E62F91DC87,electric_bike,2021-09-18 12:03:49,2021-09-18 12:09:01,Kent Ave & N 7 St,5489,Bayard St & Leonard St,5442,40.72036775298455,-73.96165072917938,40.71915571696044,-73.94885390996933,member
1595804,9DB8FCE0DCEC2DA5,classic_bike,2021-09-29 16:29:52,2021-09-29 16:35:54,Kent Ave & N 7 St,5489,Bayard St & Leonard St,5442,40.72036775298455,-73.96165072917938,40.71915571696044,-73.94885390996933,member
1595805,4B327AFC7353422C,electric_bike,2021-09-29 08:09:35,2021-09-29 08:13:20,Kent Ave & N 7 St,5489,Bayard St & Leonard St,5442,40.72036775298455,-73.96165072917938,40.71915571696044,-73.94885390996933,member
1595826,16AD4D083F48371F,classic_bike,2021-09-28 18:34:13,2021-09-28 18:43:09,Kent Ave & N 7 St,5489,Bayard St & Leonard St,5442,40.72036775298455,-73.96165072917938,40.71915571696044,-73.94885390996933,member
1595832,978709C9F244A381,classic_bike,2021-09-02 14:45:37,2021-09-02 14:52:07,Kent Ave & N 7 St,5489,Bayard St & Leonard St,5442,40.72036775298455,-73.96165072917938,40.71915571696044,-73.94885390996933,casual
1595841,1758A5147DF77417,classic_bike,2021-09-18 13:06:16,2021-09-18 13:12:49,Kent Ave & N 7 St,5489,Bayard St & Leonard St,5442,40.72036775298455,-73.96165072917938,40.71915571696044,-73.94885390996933,member
1595854,7D364078E57FD850,classic_bike,2021-09-25 09:33:27,2021-09-25 09:38:28,Kent Ave & N 7 St,5489,Bayard St & Leonard St,5442,40.72036775298455,-73.96165072917938,40.71915571696044,-73.94885390996933,member
1595868,A96A9B7F37D71FB5,classic_bike,2021-09-18 17:06:14,2021-09-18 17:17:41,Kent Ave & N 7 St,5489,Bayard St & Leonard St,5442,40.72036775298455,-73.96165072917938,40.71915571696044,-73.94885390996933,member
1595882,023874FE2DF1FCB0,classic_bike,2021-09-17 18:57:19,2021-09-17 19:02:17,Kent Ave & N 7 St,5489,Bayard St & Leonard St,5442,40.72036775298455,-73.96165072917938,40.71915571696044,-73.94885390996933,member
1595886,A7149EE03BE388EF,electric_bike,2021-09-17 14:23:47,2021-09-17 14:28:38,Kent Ave & N 7 St,5489,Bayard St & Leonard St,5442,40.72036775298455,-73.96165072917938,40.71915571696044,-73.94885390996933,member
1595887,9831FB8D61117E99,classic_bike,2021-09-30 17:26:09,2021-09-30 17:30:59,Kent Ave & N 7 St,5489,Bayard St & Leonard St,5442,40.72036775298455,-73.96165072917938,40.71915571696044,-73.94885390996933,member
1595892,B874CDD170E5D18F,classic_bike,2021-09-14 17:40:58,2021-09-14 17:47:47,S 4 St & Rodney St,5156,Bayard St & Leonard St,5442,40.70934,-73.95608,40.71915571696044,-73.94885390996933,member
1595910,D95099D52581CA7F,classic_bike,2021-09-17 06:46:33,2021-09-17 06:54:08,Graham Ave & Grand St,5178,Bayard St & Leonard St,5442,40.711863,-73.944024,40.71915571696044,-73.94885390996933,member
1595926,0EB2F3FAB87BBA4D,electric_bike,2021-09-17 15:38:23,2021-09-17 15:45:18,Kent Ave & N 7 St,5489,Bayard St & Leonard St,5442,40.72036775298455,-73.96165072917938,40.71915571696044,-73.94885390996933,member
1595942,A126D5D49176C013,classic_bike,2021-09-24 17:49:05,2021-09-24 17:59:34,Kent Ave & N 7 St,5489,Bayard St & Leonard St,5442,40.72036775298455,-73.96165072917938,40.71915571696044,-73.94885390996933,member
1595952,FC9C0A58DAC8D575,electric_bike,2021-09-21 17:42:22,2021-09-21 18:04:18,31 Ave & 34 St,6819,Bayard St & Leonard St,5442,40.763154,-73.920827,40.71915571696044,-73.94885390996933,member
1595969,297611918E0AEDF0,classic_bike,2021-09-27 18:03:56,2021-09-27 18:25:54,31 St & Thomson Ave,6227,Bayard St & Leonard St,5442,40.74469738,-73.93540375,40.71915571696044,-73.94885390996933,member
1595977,07D826E793E9ECDA,classic_bike,2021-09-30 19:41:15,2021-09-30 19:48:48,Graham Ave & Grand St,5178,Bayard St & Leonard St,5442,40.711863,-73.944024,40.71915571696044,-73.94885390996933,casual
1595999,9E5116BA0A4B2A77,classic_bike,2021-09-16 19:47:06,2021-09-16 20:16:05,Greene Ave & Nostrand Ave,4519,Bayard St & Leonard St,5442,40.6883337,-73.950916,40.71915571696044,-73.94885390996933,casual
1596004,3A31926209419E2C,electric_bike,2021-09-01 14:41:18,2021-09-01 14:46:34,Kent Ave & N 7 St,5489,Bayard St & Leonard St,5442,40.72036775298455,-73.96165072917938,40.71915571696044,-73.94885390996933,member
1596021,A954E750ED85FE98,classic_bike,2021-09-11 11:15:07,2021-09-11 11:21:24,Kent Ave & N 7 St,5489,Bayard St & Leonard St,5442,40.72036775298455,-73.96165072917938,40.71915571696044,-73.94885390996933,member
1596025,8C89D0278E1E75FA,classic_bike,2021-09-10 17:28:06,2021-09-10 17:33:20,Kent Ave & N 7 St,5489,Bayard St & Leonard St,5442,40.72036775298455,-73.96165072917938,40.71915571696044,-73.94885390996933,member
1596026,6E47CE39CB5CE1C0,electric_bike,2021-09-10 14:25:26,2021-09-10 14:30:29,Kent Ave & N 7 St,5489,Bayard St & Leonard St,5442,40.72036775298455,-73.96165072917938,40.71915571696044,-73.94885390996933,member
1596030,30CCB7FE77D7C41C,classic_bike,2021-09-22 18:57:08,2021-09-22 19:14:59,Kent Ave & N 7 St,5489,Bayard St & Leonard St,5442,40.72036775298455,-73.96165072917938,40.71915571696044,-73.94885390996933,member
1596037,3ACEF678901D103D,classic_bike,2021-09-24 13:35:48,2021-09-24 13:41:03,Kent Ave & N 7 St,5489,Bayard St & Leonard St,5442,40.72036775298455,-73.96165072917938,40.71915571696044,-73.94885390996933,member
1596067,ED5D22B11B5E3C1F,electric_bike,2021-09-20 06:55:51,2021-09-20 07:09:12,Humboldt St & Varet St,4956,Bayard St & Leonard St,5442,40.7031724,-73.940636,40.71915571696044,-73.94885390996933,member
1596117,62A6D9F97016B335,classic_bike,2021-09-17 06:42:42,2021-09-17 06:58:50,Humboldt St & Varet St,4956,Bayard St & Leonard St,5442,40.7031724,-73.940636,40.71915571696044,-73.94885390996933,member
1596154,24B72BA980E46278,electric_bike,2021-09-21 18:02:54,2021-09-21 18:35:20,Irving Ave & DeKalb Ave,4898,Bayard St & Leonard St,5442,40.7027,-73.92095,40.71915571696044,-73.94885390996933,casual
1596236,2A0E62A91C07D95C,classic_bike,2021-09-24 11:28:55,2021-09-24 11:37:17,S 4 St & Rodney St,5156,Bayard St & Leonard St,5442,40.70934,-73.95608,40.71915571696044,-73.94885390996933,casual
1596247,5B72A8D16C1393CB,classic_bike,2021-09-10 20:06:21,2021-09-10 20:13:44,Kent Ave & N 7 St,5489,Bayard St & Leonard St,5442,40.72036775298455,-73.96165072917938,40.71915571696044,-73.94885390996933,member
1596253,68EE058EBB4DBF33,electric_bike,2021-09-28 10:33:28,2021-09-28 10:50:52,Greene Ave & Nostrand Ave,4519,Bayard St & Leonard St,5442,40.6883337,-73.950916,40.71915571696044,-73.94885390996933,member
1596254,C1CA129809D25588,classic_bike,2021-09-30 17:45:28,2021-09-30 17:52:01,Kent Ave & N 7 St,5489,Bayard St & Leonard St,5442,40.72036775298455,-73.96165072917938,40.71915571696044,-73.94885390996933,member
1596271,90D26FC2EF84C22A,classic_bike,2021-09-13 16:51:00,2021-09-13 17:10:20,47 Ave & 31 St,6151,Bayard St & Leonard St,5442,40.743,-73.93561,40.71915571696044,-73.94885390996933,member
1596344,40968E6085C80560,classic_bike,2021-09-16 19:46:52,2021-09-16 20:15:50,Greene Ave & Nostrand Ave,4519,Bayard St & Leonard St,5442,40.6883337,-73.950916,40.71915571696044,-73.94885390996933,casual
1596365,F0D6D242490068B8,classic_bike,2021-09-08 21:38:06,2021-09-08 21:59:43,Clinton St & Grand St,5303,Bayard St & Leonard St,5442,40.71559509,-73.9870295,40.71915571696044,-73.94885390996933,member
1596391,3F49F8C0CA96C2D3,electric_bike,2021-09-14 20:31:25,2021-09-14 20:36:28,Hope St & Union Ave,5187,Bayard St & Leonard St,5442,40.71167351,-73.95141312,40.71915571696044,-73.94885390996933,member
1596415,82987121D512A9CF,electric_bike,2021-09-16 21:19:35,2021-09-16 21:42:47,34 Ave & 13 St,6836,Bayard St & Leonard St,5442,40.7638753,-73.9364848,40.71915571696044,-73.94885390996933,member
1596439,089E2C8AA5BF9E1A,classic_bike,2021-09-26 15:50:18,2021-09-26 15:58:34,Hope St & Union Ave,5187,Bayard St & Leonard St,5442,40.71167351,-73.95141312,40.71915571696044,-73.94885390996933,member
1596521,D289720AD997B056,electric_bike,2021-09-04 09:48:53,2021-09-04 09:54:15,Graham Ave & Grand St,5178,Bayard St & Leonard St,5442,40.711863,-73.944024,40.71915571696044,-73.94885390996933,casual
1596533,665A8D8AC0730AFE,classic_bike,2021-09-04 10:40:44,2021-09-04 10:53:52,Humboldt St & Varet St,4956,Bayard St & Leonard St,5442,40.7031724,-73.940636,40.71915571696044,-73.94885390996933,casual
1596542,9888D5A727B6C8A7,classic_bike,2021-09-14 18:30:09,2021-09-14 18:33:19,Devoe St & Lorimer St,5259,Bayard St & Leonard St,5442,40.71335226222875,-73.9491033554077,40.71915571696044,-73.94885390996933,member
1596554,6247A81307E819FD,classic_bike,2021-09-11 12:33:51,2021-09-11 12:36:09,Driggs Ave & N 9 St,5411,Bayard St & Leonard St,5442,40.71816969454208,-73.95520135760307,40.71915571696044,-73.94885390996933,member
1596556,B64C0A8792B4FE14,classic_bike,2021-09-23 17:47:25,2021-09-23 17:51:05,Driggs Ave & N 9 St,5411,Bayard St & Leonard St,5442,40.71816969454208,-73.95520135760307,40.71915571696044,-73.94885390996933,member
1596568,B6F9A6D65EF5DB36,classic_bike,2021-09-04 19:07:17,2021-09-04 19:10:25,Driggs Ave & N 9 St,5411,Bayard St & Leonard St,5442,40.71816969454208,-73.95520135760307,40.71915571696044,-73.94885390996933,member
1596579,DE2387EFD92FE07C,classic_bike,2021-09-12 16:11:25,2021-09-12 16:28:26,Union Ave & Wallabout St,4818,Bayard St & Leonard St,5442,40.70029511,-73.95032283,40.71915571696044,-73.94885390996933,member
1596595,415B97D10A9C9F44,classic_bike,2021-09-11 23:24:55,2021-09-11 23:27:25,Driggs Ave & N 9 St,5411,Bayard St & Leonard St,5442,40.71816969454208,-73.95520135760307,40.71915571696044,-73.94885390996933,member
1596599,F567CD4280516EFF,classic_bike,2021-09-10 16:22:59,2021-09-10 16:27:31,Devoe St & Lorimer St,5259,Bayard St & Leonard St,5442,40.71335226222875,-73.9491033554077,40.71915571696044,-73.94885390996933,member
1596624,8EE5C1CC634A0BA7,classic_bike,2021-09-02 02:59:00,2021-09-02 03:03:18,Driggs Ave & N 9 St,5411,Bayard St & Leonard St,5442,40.71816969454208,-73.95520135760307,40.71915571696044,-73.94885390996933,member
1596642,8D117717E7A81E3D,classic_bike,2021-09-17 18:02:25,2021-09-17 18:07:07,Devoe St & Lorimer St,5259,Bayard St & Leonard St,5442,40.71335226222875,-73.9491033554077,40.71915571696044,-73.94885390996933,member
1596696,A9F2A2BB72318236,classic_bike,2021-09-24 14:12:49,2021-09-24 14:15:56,Driggs Ave & N 9 St,5411,Bayard St & Leonard St,5442,40.71816969454208,-73.95520135760307,40.71915571696044,-73.94885390996933,member
1596723,ECA1E77C9D01C87D,classic_bike,2021-09-10 13:46:03,2021-09-10 13:54:14,Devoe St & Lorimer St,5259,Bayard St & Leonard St,5442,40.71335226222875,-73.9491033554077,40.71915571696044,-73.94885390996933,member
1596724,B8769530C4A9F788,classic_bike,2021-09-19 18:58:07,2021-09-19 19:01:16,Driggs Ave & N 9 St,5411,Bayard St & Leonard St,5442,40.71816969454208,-73.95520135760307,40.71915571696044,-73.94885390996933,member
1596728,4E4720D9CDBDDD27,classic_bike,2021-09-25 13:49:25,2021-09-25 14:01:36,Devoe St & Lorimer St,5259,Bayard St & Leonard St,5442,40.71335226222875,-73.9491033554077,40.71915571696044,-73.94885390996933,casual
1596730,93A130C292155EE0,classic_bike,2021-09-26 10:21:02,2021-09-26 10:23:44,Driggs Ave & N 9 St,5411,Bayard St & Leonard St,5442,40.71816969454208,-73.95520135760307,40.71915571696044,-73.94885390996933,member
1596731,B719E5FDB656632A,classic_bike,2021-09-23 12:13:19,2021-09-23 12:16:35,Driggs Ave & N 9 St,5411,Bayard St & Leonard St,5442,40.71816969454208,-73.95520135760307,40.71915571696044,-73.94885390996933,member
1596732,C8CA5DE70BB7F60A,classic_bike,2021-09-22 13:59:23,2021-09-22 14:03:36,Driggs Ave & N 9 St,5411,Bayard St & Leonard St,5442,40.71816969454208,-73.95520135760307,40.71915571696044,-73.94885390996933,member
1596738,8308DC59C2266C56,classic_bike,2021-09-25 23:09:04,2021-09-25 23:18:59,Driggs Ave & N 9 St,5411,Bayard St & Leonard St,5442,40.71816969454208,-73.95520135760307,40.71915571696044,-73.94885390996933,member
1596739,8BD1443D81E51DAC,classic_bike,2021-09-04 12:32:00,2021-09-04 12:36:01,Devoe St & Lorimer St,5259,Bayard St & Leonard St,5442,40.71335226222875,-73.9491033554077,40.71915571696044,-73.94885390996933,member
1596787,B10674C39FC2E18B,classic_bike,2021-09-08 17:59:26,2021-09-08 18:16:13,Dock 72 Way & Market St,4804,Bayard St & Leonard St,5442,40.69985,-73.97141,40.71915571696044,-73.94885390996933,member
1596795,EAD531B900397375,electric_bike,2021-09-19 12:27:20,2021-09-19 12:29:16,Driggs Ave & N 9 St,5411,Bayard St & Leonard St,5442,40.71816969454208,-73.95520135760307,40.71915571696044,-73.94885390996933,member
1596810,2F0ED96B16305E65,classic_bike,2021-09-14 20:57:09,2021-09-14 21:00:32,Driggs Ave & N 9 St,5411,Bayard St & Leonard St,5442,40.71816969454208,-73.95520135760307,40.71915571696044,-73.94885390996933,member
1596811,7906F89E4BA8DCDF,classic_bike,2021-09-18 08:48:44,2021-09-18 08:53:11,Devoe St & Lorimer St,5259,Bayard St & Leonard St,5442,40.71335226222875,-73.9491033554077,40.71915571696044,-73.94885390996933,member
1596812,6BCDBF6247F32BCC,classic_bike,2021-09-26 17:54:09,2021-09-26 17:58:40,Devoe St & Lorimer St,5259,Bayard St & Leonard St,5442,40.71335226222875,-73.9491033554077,40.71915571696044,-73.94885390996933,member
1596816,62C3E2FD8A2B844A,classic_bike,2021-09-18 15:17:42,2021-09-18 15:21:12,Driggs Ave & N 9 St,5411,Bayard St & Leonard St,5442,40.71816969454208,-73.95520135760307,40.71915571696044,-73.94885390996933,member
1596820,78185ACB66DFB738,classic_bike,2021-09-03 18:06:54,2021-09-03 18:12:36,Devoe St & Lorimer St,5259,Bayard St & Leonard St,5442,40.71335226222875,-73.9491033554077,40.71915571696044,-73.94885390996933,member
1596823,ABC874004A3DBEEA,classic_bike,2021-09-25 04:49:22,2021-09-25 04:51:47,Driggs Ave & N 9 St,5411,Bayard St & Leonard St,5442,40.71816969454208,-73.95520135760307,40.71915571696044,-73.94885390996933,member
1596828,73ADEC6C0A5293C3,classic_bike,2021-09-14 19:48:39,2021-09-14 19:51:16,Driggs Ave & N 9 St,5411,Bayard St & Leonard St,5442,40.71816969454208,-73.95520135760307,40.71915571696044,-73.94885390996933,member
1596834,4475A3C0157C5BC9,classic_bike,2021-09-10 16:18:48,2021-09-10 16:22:04,Driggs Ave & N 9 St,5411,Bayard St & Leonard St,5442,40.71816969454208,-73.95520135760307,40.71915571696044,-73.94885390996933,member
1596853,7F644D332D96437B,electric_bike,2021-09-09 20:21:06,2021-09-09 20:26:06,India St & Manhattan Ave,5826,Bayard St & Leonard St,5442,40.73232194,-73.9550858,40.71915571696044,-73.94885390996933,member
1596854,615AB44934A7622B,classic_bike,2021-09-16 19:32:08,2021-09-16 19:40:41,India St & Manhattan Ave,5826,Bayard St & Leonard St,5442,40.73232194,-73.9550858,40.71915571696044,-73.94885390996933,member
1596860,6D222EB19E501E06,classic_bike,2021-09-24 08:06:42,2021-09-24 08:11:04,Driggs Ave & N 9 St,5411,Bayard St & Leonard St,5442,40.71816969454208,-73.95520135760307,40.71915571696044,-73.94885390996933,member
1596861,1AF58C57B34A2557,classic_bike,2021-09-10 08:08:51,2021-09-10 08:13:16,Driggs Ave & N 9 St,5411,Bayard St & Leonard St,5442,40.71816969454208,-73.95520135760307,40.71915571696044,-73.94885390996933,member
1596870,CB27194FC10EFB47,classic_bike,2021-09-08 14:55:46,2021-09-08 15:03:27,India St & Manhattan Ave,5826,Bayard St & Leonard St,5442,40.73232194,-73.9550858,40.71915571696044,-73.94885390996933,member
1596876,CB2C33C1C31C96B7,classic_bike,2021-09-22 17:38:04,2021-09-22 18:06:54,E 40 St & 5 Ave,6474,Bayard St & Leonard St,5442,40.752062307,-73.9816324043,40.71915571696044,-73.94885390996933,member
1596881,D7754E1F8BE8CEE8,classic_bike,2021-09-22 18:07:06,2021-09-22 18:11:29,Driggs Ave & N 9 St,5411,Bayard St & Leonard St,5442,40.71816969454208,-73.95520135760307,40.71915571696044,-73.94885390996933,member
1596887,65DB5CCFB2871389,classic_bike,2021-09-06 14:33:50,2021-09-06 14:37:32,Driggs Ave & N 9 St,5411,Bayard St & Leonard St,5442,40.71816969454208,-73.95520135760307,40.71915571696044,-73.94885390996933,member
1596890,E2745BAAC73F4142,classic_bike,2021-09-04 12:19:06,2021-09-04 12:21:33,Driggs Ave & N 9 St,5411,Bayard St & Leonard St,5442,40.71816969454208,-73.95520135760307,40.71915571696044,-73.94885390996933,member
1596893,8F69ECC494F393A8,classic_bike,2021-09-25 14:23:19,2021-09-25 14:30:30,Driggs Ave & N 9 St,5411,Bayard St & Leonard St,5442,40.71816969454208,-73.95520135760307,40.71915571696044,-73.94885390996933,member
1596918,47DBB6122510D612,classic_bike,2021-09-18 12:58:26,2021-09-18 13:02:59,Devoe St & Lorimer St,5259,Bayard St & Leonard St,5442,40.71335226222875,-73.9491033554077,40.71915571696044,-73.94885390996933,member
1596940,37315DCC8A0766FB,classic_bike,2021-09-15 06:50:58,2021-09-15 06:59:30,India St & Manhattan Ave,5826,Bayard St & Leonard St,5442,40.73232194,-73.9550858,40.71915571696044,-73.94885390996933,member
1596994,E3DADC6007091E38,classic_bike,2021-09-10 20:06:15,2021-09-10 20:13:52,Kent Ave & N 7 St,5489,Bayard St & Leonard St,5442,40.72036775298455,-73.96165072917938,40.71915571696044,-73.94885390996933,member
1597006,A75F154B28C14F30,classic_bike,2021-09-15 18:05:29,2021-09-15 18:18:36,Kent Ave & N 7 St,5489,Bayard St & Leonard St,5442,40.72036775298455,-73.96165072917938,40.71915571696044,-73.94885390996933,casual
1597008,5016062A2F271AA4,classic_bike,2021-09-29 16:04:29,2021-09-29 16:15:06,Kent Ave & N 7 St,5489,Bayard St & Leonard St,5442,40.72036775298455,-73.96165072917938,40.71915571696044,-73.94885390996933,member
1597010,89EECEC1FBE690CD,classic_bike,2021-09-11 09:38:03,2021-09-11 09:47:40,Kent Ave & N 7 St,5489,Bayard St & Leonard St,5442,40.72036775298455,-73.96165072917938,40.71915571696044,-73.94885390996933,member
1597025,38F7B47D0CA4062C,classic_bike,2021-09-02 17:47:46,2021-09-02 17:53:59,Kent Ave & N 7 St,5489,Bayard St & Leonard St,5442,40.72036775298455,-73.96165072917938,40.71915571696044,-73.94885390996933,member
1597026,5DDA2F39778D6824,classic_bike,2021-09-18 11:18:59,2021-09-18 11:25:51,Kent Ave & N 7 St,5489,Bayard St & Leonard St,5442,40.72036775298455,-73.96165072917938,40.71915571696044,-73.94885390996933,member
1597056,69BF9BEEE78C0291,classic_bike,2021-09-04 10:48:20,2021-09-04 11:09:23,Suydam St & Knickerbocker Ave,4939,Bayard St & Leonard St,5442,40.702013,-73.923769,40.71915571696044,-73.94885390996933,member
1597125,52AB0A3179803266,classic_bike,2021-09-24 17:00:16,2021-09-24 17:09:07,Hope St & Union Ave,5187,Bayard St & Leonard St,5442,40.71167351,-73.95141312,40.71915571696044,-73.94885390996933,member
1597165,C497C628FA3259DB,classic_bike,2021-09-15 15:53:38,2021-09-15 15:57:18,Driggs Ave & N 9 St,5411,Bayard St & Leonard St,5442,40.71816969454208,-73.95520135760307,40.71915571696044,-73.94885390996933,member
1597170,DD236C741870C370,classic_bike,2021-09-15 18:52:18,2021-09-15 18:57:13,Driggs Ave & N 9 St,5411,Bayard St & Leonard St,5442,40.71816969454208,-73.95520135760307,40.71915571696044,-73.94885390996933,casual
1597182,EB816F886059CE4D,classic_bike,2021-09-07 08:05:32,2021-09-07 08:09:48,Driggs Ave & N 9 St,5411,Bayard St & Leonard St,5442,40.71816969454208,-73.95520135760307,40.71915571696044,-73.94885390996933,member
1597184,B3EC9A3211BC1EA4,classic_bike,2021-09-02 19:29:42,2021-09-02 19:33:01,Driggs Ave & N 9 St,5411,Bayard St & Leonard St,5442,40.71816969454208,-73.95520135760307,40.71915571696044,-73.94885390996933,member
1597185,80B1FE33959DF732,classic_bike,2021-09-20 19:21:51,2021-09-20 19:25:08,Driggs Ave & N 9 St,5411,Bayard St & Leonard St,5442,40.71816969454208,-73.95520135760307,40.71915571696044,-73.94885390996933,member
1597244,933399BAC033EC13,classic_bike,2021-09-18 22:00:25,2021-09-18 22:12:08,Green St & McGuinness Blvd,5860,Bayard St & Leonard St,5442,40.73396,-73.95204,40.71915571696044,-73.94885390996933,member
1597282,7672C59AF469520A,classic_bike,2021-09-25 14:19:13,2021-09-25 14:46:37,Green St & McGuinness Blvd,5860,Bayard St & Leonard St,5442,40.73396,-73.95204,40.71915571696044,-73.94885390996933,casual
1597330,BEAF41BA3A1502E0,classic_bike,2021-09-15 11:29:20,2021-09-15 11:39:58,N 15 St & Wythe Ave,5520,Bayard St & Leonard St,5442,40.724055,-73.955736,40.71915571696044,-73.94885390996933,casual
1597356,D141324A0B4C1F6A,classic_bike,2021-09-12 11:02:00,2021-09-12 11:09:23,India St & Manhattan Ave,5826,Bayard St & Leonard St,5442,40.73232194,-73.9550858,40.71915571696044,-73.94885390996933,member
1597381,6BA06932362EFAB3,classic_bike,2021-09-14 16:34:13,2021-09-14 16:38:13,N 12 St & Bedford Ave,5450,Bayard St & Leonard St,5442,40.72079821,-73.95484712,40.71915571696044,-73.94885390996933,casual
1597423,915DD45EAE2CB0C9,classic_bike,2021-09-13 17:49:53,2021-09-13 18:08:04,Clinton St & Grand St,5303,Bayard St & Leonard St,5442,40.71559509,-73.9870295,40.71915571696044,-73.94885390996933,member
1597467,644CB4045788BB79,classic_bike,2021-09-03 16:19:32,2021-09-03 16:22:25,Driggs Ave & N 9 St,5411,Bayard St & Leonard St,5442,40.71816969454208,-73.95520135760307,40.71915571696044,-73.94885390996933,member
1597468,17EDE0F6B9FBCACB,classic_bike,2021-09-02 20:44:18,2021-09-02 20:47:19,Driggs Ave & N 9 St,5411,Bayard St & Leonard St,5442,40.71816969454208,-73.95520135760307,40.71915571696044,-73.94885390996933,member
1597469,80FA18D10C894426,classic_bike,2021-09-27 11:40:36,2021-09-27 11:44:01,Driggs Ave & N 9 St,5411,Bayard St & Leonard St,5442,40.71816969454208,-73.95520135760307,40.71915571696044,-73.94885390996933,member
1597472,56CF2609100601D3,classic_bike,2021-09-15 18:26:31,2021-09-15 18:31:59,Driggs Ave & N 9 St,5411,Bayard St & Leonard St,5442,40.71816969454208,-73.95520135760307,40.71915571696044,-73.94885390996933,casual
1597475,971542687C4AE123,classic_bike,2021-09-30 21:47:22,2021-09-30 21:50:45,Driggs Ave & N 9 St,5411,Bayard St & Leonard St,5442,40.71816969454208,-73.95520135760307,40.71915571696044,-73.94885390996933,casual
1597482,C34695B1D4C396B8,classic_bike,2021-09-17 08:00:50,2021-09-17 08:08:37,India St & Manhattan Ave,5826,Bayard St & Leonard St,5442,40.73232194,-73.9550858,40.71915571696044,-73.94885390996933,member
1597514,BEF1878EFE467DCA,classic_bike,2021-09-25 09:34:04,2021-09-25 09:55:42,Monroe St & Bedford Ave,4368,Bayard St & Leonard St,5442,40.6851443,-73.95380904,40.71915571696044,-73.94885390996933,member
1597536,62F3E63688410C77,classic_bike,2021-09-22 18:22:01,2021-09-22 18:34:24,Powers St & Olive St,5210,Bayard St & Leonard St,5442,40.71323,-73.93894,40.71915571696044,-73.94885390996933,member
1597538,82DD6128D3232D78,classic_bike,2021-09-03 22:07:12,2021-09-03 22:11:48,Driggs Ave & N 9 St,5411,Bayard St & Leonard St,5442,40.71816969454208,-73.95520135760307,40.71915571696044,-73.94885390996933,member
1597562,B81C08380509901F,classic_bike,2021-09-19 14:34:13,2021-09-19 14:45:44,N 12 St & Bedford Ave,5450,Bayard St & Leonard St,5442,40.72079821,-73.95484712,40.71915571696044,-73.94885390996933,casual
1597587,93742D8D1C39CD36,classic_bike,2021-09-06 00:24:15,2021-09-06 00:28:04,Devoe St & Lorimer St,5259,Bayard St & Leonard St,5442,40.71335226222875,-73.9491033554077,40.71915571696044,-73.94885390996933,member
1597609,6A154C94DA51B29C,classic_bike,2021-09-16 19:26:34,2021-09-16 19:30:11,N 12 St & Bedford Ave,5450,Bayard St & Leonard St,5442,40.72079821,-73.95484712,40.71915571696044,-73.94885390996933,member
1597623,F5CA8C5189E11EA7,classic_bike,2021-09-10 01:21:59,2021-09-10 01:25:06,N 12 St & Bedford Ave,5450,Bayard St & Leonard St,5442,40.72079821,-73.95484712,40.71915571696044,-73.94885390996933,member
1597630,FDEF875109526E8C,classic_bike,2021-09-29 19:59:15,2021-09-29 20:03:41,N 15 St & Wythe Ave,5520,Bayard St & Leonard St,5442,40.724055,-73.955736,40.71915571696044,-73.94885390996933,member
1597698,9BCB20AA350117E3,classic_bike,2021-09-19 13:06:37,2021-09-19 13:18:21,India St & Manhattan Ave,5826,Bayard St & Leonard St,5442,40.73232194,-73.9550858,40.71915571696044,-73.94885390996933,member
1597779,FDCA494D62B186D0,classic_bike,2021-09-29 20:12:00,2021-09-29 20:15:32,Driggs Ave & N 9 St,5411,Bayard St & Leonard St,5442,40.71816969454208,-73.95520135760307,40.71915571696044,-73.94885390996933,member
1597780,8DA2EF03870F2B78,classic_bike,2021-09-30 00:33:07,2021-09-30 00:36:55,Driggs Ave & N 9 St,5411,Bayard St & Leonard St,5442,40.71816969454208,-73.95520135760307,40.71915571696044,-73.94885390996933,member
1597791,73A7ACD956805CBD,classic_bike,2021-09-19 14:18:23,2021-09-19 14:22:14,Bedford Ave & Nassau Ave,5550,Bayard St & Leonard St,5442,40.72311651,-73.95212324,40.71915571696044,-73.94885390996933,member
1597813,A6D23AF9813F5730,electric_bike,2021-09-29 18:33:39,2021-09-29 18:56:32,Division St & Bowery,5270,Bayard St & Leonard St,5442,40.714193,-73.996732,40.71915571696044,-73.94885390996933,member
1597839,B9528AB780A14E18,classic_bike,2021-09-22 15:57:40,2021-09-22 16:01:26,Bedford Ave & Nassau Ave,5550,Bayard St & Leonard St,5442,40.72311651,-73.95212324,40.71915571696044,-73.94885390996933,member
1597840,07A71736EE00F071,classic_bike,2021-09-25 19:28:47,2021-09-25 19:31:42,Bedford Ave & Nassau Ave,5550,Bayard St & Leonard St,5442,40.72311651,-73.95212324,40.71915571696044,-73.94885390996933,casual
1597858,A72ADB4270EF5062,classic_bike,2021-09-24 10:39:32,2021-09-24 10:43:21,Bedford Ave & Nassau Ave,5550,Bayard St & Leonard St,5442,40.72311651,-73.95212324,40.71915571696044,-73.94885390996933,casual
1597883,5C4778AE907A859F,classic_bike,2021-09-28 20:01:12,2021-09-28 20:04:30,Bedford Ave & Nassau Ave,5550,Bayard St & Leonard St,5442,40.72311651,-73.95212324,40.71915571696044,-73.94885390996933,member
1597899,57DBDA34B2BC15F6,classic_bike,2021-09-23 18:30:31,2021-09-23 18:33:12,Bedford Ave & Nassau Ave,5550,Bayard St & Leonard St,5442,40.72311651,-73.95212324,40.71915571696044,-73.94885390996933,member
1597932,DE8355CF77319A2E,classic_bike,2021-09-28 18:29:02,2021-09-28 18:31:29,Bedford Ave & Nassau Ave,5550,Bayard St & Leonard St,5442,40.72311651,-73.95212324,40.71915571696044,-73.94885390996933,member
1597941,D1D2C694CE85EAA5,classic_bike,2021-09-16 18:20:22,2021-09-16 18:35:13,48 Ave & 5 St,6212,Bayard St & Leonard St,5442,40.74436328706688,-73.9558732509613,40.71915571696044,-73.94885390996933,member
1597952,02FBB60D0A1FDF00,classic_bike,2021-09-02 18:58:52,2021-09-02 19:18:48,48 Ave & 5 St,6212,Bayard St & Leonard St,5442,40.74436328706688,-73.9558732509613,40.71915571696044,-73.94885390996933,member
1597959,F333DB5C91154B4D,classic_bike,2021-09-17 03:50:18,2021-09-17 03:54:21,Bedford Ave & Nassau Ave,5550,Bayard St & Leonard St,5442,40.72311651,-73.95212324,40.71915571696044,-73.94885390996933,member
1597967,E8B5C70FBD114EF1,classic_bike,2021-09-06 03:34:42,2021-09-06 03:38:22,Driggs Ave & N 9 St,5411,Bayard St & Leonard St,5442,40.71816969454208,-73.95520135760307,40.71915571696044,-73.94885390996933,member
1597972,7DD5B9BAB33D6CA0,classic_bike,2021-09-23 00:22:58,2021-09-23 00:25:25,Bedford Ave & Nassau Ave,5550,Bayard St & Leonard St,5442,40.72311651,-73.95212324,40.71915571696044,-73.94885390996933,member
1597973,ECDC61F8024C906D,classic_bike,2021-09-20 07:53:27,2021-09-20 07:56:06,Bedford Ave & Nassau Ave,5550,Bayard St & Leonard St,5442,40.72311651,-73.95212324,40.71915571696044,-73.94885390996933,member
1597983,9C74F5F1BD189F0A,classic_bike,2021-09-18 13:01:52,2021-09-18 13:05:35,Bedford Ave & Nassau Ave,5550,Bayard St & Leonard St,5442,40.72311651,-73.95212324,40.71915571696044,-73.94885390996933,member
1597988,632473D2DF6CF155,classic_bike,2021-09-07 07:28:04,2021-09-07 07:31:00,Bedford Ave & Nassau Ave,5550,Bayard St & Leonard St,5442,40.72311651,-73.95212324,40.71915571696044,-73.94885390996933,member
1597998,B9FDEAC86BACF320,classic_bike,2021-09-02 13:55:40,2021-09-02 15:31:40,Bedford Ave & Nassau Ave,5550,Bayard St & Leonard St,5442,40.72311651,-73.95212324,40.71915571696044,-73.94885390996933,casual
1598002,623A58F9FB5E4017,classic_bike,2021-09-26 18:14:48,2021-09-26 18:20:25,Bedford Ave & Nassau Ave,5550,Bayard St & Leonard St,5442,40.72311651,-73.95212324,40.71915571696044,-73.94885390996933,member
1598008,45F1545147D7113F,classic_bike,2021-09-07 17:38:56,2021-09-07 18:02:35,Market St & Henry St,5270,Bayard St & Leonard St,5442,40.71310702305908,-73.99446353316307,40.71915571696044,-73.94885390996933,member
1598018,73F8253136290A81,classic_bike,2021-09-20 14:57:29,2021-09-20 15:00:03,Bedford Ave & Nassau Ave,5550,Bayard St & Leonard St,5442,40.72311651,-73.95212324,40.71915571696044,-73.94885390996933,member
1598020,75F248995087143A,electric_bike,2021-09-28 16:38:32,2021-09-28 16:41:29,Bedford Ave & Nassau Ave,5550,Bayard St & Leonard St,5442,40.72311651,-73.95212324,40.71915571696044,-73.94885390996933,member
1598021,681FAE7E6BD81225,classic_bike,2021-09-23 16:50:15,2021-09-23 16:53:48,Bedford Ave & Nassau Ave,5550,Bayard St & Leonard St,5442,40.72311651,-73.95212324,40.71915571696044,-73.94885390996933,member
1598022,314DDBEEB41650C9,classic_bike,2021-09-27 17:24:58,2021-09-27 17:28:25,Bedford Ave & Nassau Ave,5550,Bayard St & Leonard St,5442,40.72311651,-73.95212324,40.71915571696044,-73.94885390996933,member
1598024,6AB9E56245FF5B2E,classic_bike,2021-09-21 17:51:54,2021-09-21 17:55:20,Bedford Ave & Nassau Ave,5550,Bayard St & Leonard St,5442,40.72311651,-73.95212324,40.71915571696044,-73.94885390996933,member
1598035,298B0419E945A27E,classic_bike,2021-09-06 14:25:40,2021-09-06 14:29:52,N 12 St & Bedford Ave,5450,Bayard St & Leonard St,5442,40.72079821,-73.95484712,40.71915571696044,-73.94885390996933,member
1598038,29C4393D99E31750,classic_bike,2021-09-09 15:04:41,2021-09-09 15:07:37,N 12 St & Bedford Ave,5450,Bayard St & Leonard St,5442,40.72079821,-73.95484712,40.71915571696044,-73.94885390996933,casual
1598042,9B7285579A7FEFBA,classic_bike,2021-09-02 23:13:29,2021-09-02 23:15:48,Bedford Ave & Nassau Ave,5550,Bayard St & Leonard St,5442,40.72311651,-73.95212324,40.71915571696044,-73.94885390996933,member
1598051,290531E0DB42BBF2,classic_bike,2021-09-24 11:11:42,2021-09-24 11:15:00,Bedford Ave & Nassau Ave,5550,Bayard St & Leonard St,5442,40.72311651,-73.95212324,40.71915571696044,-73.94885390996933,casual
1598052,1E4A2E7F97160B97,classic_bike,2021-09-17 23:53:28,2021-09-17 23:56:50,Bedford Ave & Nassau Ave,5550,Bayard St & Leonard St,5442,40.72311651,-73.95212324,40.71915571696044,-73.94885390996933,member
1598062,115CEB8E461A7A8D,classic_bike,2021-09-27 10:57:38,2021-09-27 11:13:30,Halsey St & Tompkins Ave,4319,Bayard St & Leonard St,5442,40.6823687,-73.944118,40.71915571696044,-73.94885390996933,member
1598088,CBFFE8F750239E1B,classic_bike,2021-09-10 10:06:40,2021-09-10 10:13:03,N 15 St & Wythe Ave,5520,Bayard St & Leonard St,5442,40.724055,-73.955736,40.71915571696044,-73.94885390996933,member
1598094,F20CBCF1E976B765,classic_bike,2021-09-13 17:53:54,2021-09-13 17:57:35,Devoe St & Lorimer St,5259,Bayard St & Leonard St,5442,40.71335226222875,-73.9491033554077,40.71915571696044,-73.94885390996933,member
1598097,2E1A3291CD6B9069,classic_bike,2021-09-22 09:12:17,2021-09-22 09:16:07,Driggs Ave & N 9 St,5411,Bayard St & Leonard St,5442,40.71816969454208,-73.95520135760307,40.71915571696044,-73.94885390996933,member
1598108,4FB7ADAA8668F473,classic_bike,2021-09-21 08:03:28,2021-09-21 08:08:03,Driggs Ave & N 9 St,5411,Bayard St & Leonard St,5442,40.71816969454208,-73.95520135760307,40.71915571696044,-73.94885390996933,member
1598109,9AA600054C95A327,classic_bike,2021-09-20 17:49:41,2021-09-20 17:52:10,Driggs Ave & N 9 St,5411,Bayard St & Leonard St,5442,40.71816969454208,-73.95520135760307,40.71915571696044,-73.94885390996933,member
1598123,AD6E41028C37094E,classic_bike,2021-09-18 14:47:51,2021-09-18 15:12:19,Market St & Henry St,5270,Bayard St & Leonard St,5442,40.71310702305908,-73.99446353316307,40.71915571696044,-73.94885390996933,member
1598130,6E3772AC5B5DD8D7,classic_bike,2021-09-18 14:47:50,2021-09-18 15:11:47,Market St & Henry St,5270,Bayard St & Leonard St,5442,40.71310702305908,-73.99446353316307,40.71915571696044,-73.94885390996933,member
1598133,09C4C195BCF2BE1D,classic_bike,2021-09-25 11:14:14,2021-09-25 11:32:17,Halsey St & Tompkins Ave,4319,Bayard St & Leonard St,5442,40.6823687,-73.944118,40.71915571696044,-73.94885390996933,member
1598158,F2E70AF6DE597B44,classic_bike,2021-09-11 12:09:25,2021-09-11 12:28:17,Halsey St & Tompkins Ave,4319,Bayard St & Leonard St,5442,40.6823687,-73.944118,40.71915571696044,-73.94885390996933,casual
1598181,4D64625DF1F5378D,classic_bike,2021-09-04 18:17:11,2021-09-04 18:46:20,West Drive & Prospect Park West,3651,Bayard St & Leonard St,5442,40.6610633719006,-73.97945255041122,40.71915571696044,-73.94885390996933,member
1598210,6106B34CB0A28377,classic_bike,2021-09-04 13:08:48,2021-09-04 13:41:17,India St & Manhattan Ave,5826,Bayard St & Leonard St,5442,40.73232194,-73.9550858,40.71915571696044,-73.94885390996933,member
1598254,472C51FD33A4A094,classic_bike,2021-09-15 11:28:41,2021-09-15 11:39:23,N 15 St & Wythe Ave,5520,Bayard St & Leonard St,5442,40.724055,-73.955736,40.71915571696044,-73.94885390996933,casual
1598256,9A5043795E096B2A,classic_bike,2021-09-10 13:54:02,2021-09-10 14:08:39,N 12 St & Bedford Ave,5450,Bayard St & Leonard St,5442,40.72079821,-73.95484712,40.71915571696044,-73.94885390996933,casual
1598273,89E895B720AD7F86,electric_bike,2021-09-11 15:44:35,2021-09-11 16:11:25,Market St & Henry St,5270,Bayard St & Leonard St,5442,40.71310702305908,-73.99446353316307,40.71915571696044,-73.94885390996933,casual
1598293,B9AB6ECCC4DDC8EA,classic_bike,2021-09-22 08:04:10,2021-09-22 08:46:08,Amsterdam Ave & W 73 St,7260,Bayard St & Leonard St,5442,40.77966809007312,-73.98093044757842,40.71915571696044,-73.94885390996933,member
1598311,843595A7A4130DEF,classic_bike,2021-09-05 00:42:15,2021-09-05 01:02:40,Driggs Ave & N 9 St,5411,Bayard St & Leonard St,5442,40.71816969454208,-73.95520135760307,40.71915571696044,-73.94885390996933,member
1598312,A6FC940CED677BA1,classic_bike,2021-09-13 10:12:28,2021-09-13 10:15:22,Driggs Ave & N 9 St,5411,Bayard St & Leonard St,5442,40.71816969454208,-73.95520135760307,40.71915571696044,-73.94885390996933,member
1598323,F1767B7586BC9474,classic_bike,2021-09-22 09:01:11,2021-09-22 09:05:16,N 6 St & Bedford Ave,5379,Bayard St & Leonard St,5442,40.71745169,-73.95850939,40.71915571696044,-73.94885390996933,casual
1598334,D278302BF18D3017,classic_bike,2021-09-20 17:48:06,2021-09-20 17:54:19,N 6 St & Bedford Ave,5379,Bayard St & Leonard St,5442,40.71745169,-73.95850939,40.71915571696044,-73.94885390996933,member
1598335,092918DE050D3A3E,classic_bike,2021-09-19 11:56:19,2021-09-19 12:02:29,N 6 St & Bedford Ave,5379,Bayard St & Leonard St,5442,40.71745169,-73.95850939,40.71915571696044,-73.94885390996933,member
1598343,70AB342E4E1FC424,classic_bike,2021-09-17 11:06:41,2021-09-17 11:11:16,N 6 St & Bedford Ave,5379,Bayard St & Leonard St,5442,40.71745169,-73.95850939,40.71915571696044,-73.94885390996933,member
1598352,208F71064CF90D50,classic_bike,2021-09-12 17:18:38,2021-09-12 17:21:54,Driggs Ave & N 9 St,5411,Bayard St & Leonard St,5442,40.71816969454208,-73.95520135760307,40.71915571696044,-73.94885390996933,member
1598353,60E0E670CC6E53DD,classic_bike,2021-09-29 18:12:38,2021-09-29 18:15:53,Driggs Ave & N 9 St,5411,Bayard St & Leonard St,5442,40.71816969454208,-73.95520135760307,40.71915571696044,-73.94885390996933,member
1598354,E57F0F6D8C52DD67,classic_bike,2021-09-27 17:07:35,2021-09-27 17:11:20,Driggs Ave & N 9 St,5411,Bayard St & Leonard St,5442,40.71816969454208,-73.95520135760307,40.71915571696044,-73.94885390996933,member
1598355,68CF5764E13DA7B2,classic_bike,2021-09-26 21:35:17,2021-09-26 21:38:04,Driggs Ave & N 9 St,5411,Bayard St & Leonard St,5442,40.71816969454208,-73.95520135760307,40.71915571696044,-73.94885390996933,member
1598357,6247D60E2D57E204,classic_bike,2021-09-27 18:53:17,2021-09-27 18:56:35,Driggs Ave & N 9 St,5411,Bayard St & Leonard St,5442,40.71816969454208,-73.95520135760307,40.71915571696044,-73.94885390996933,member
1598363,2794636AA9A32C1B,classic_bike,2021-09-17 23:02:58,2021-09-17 23:07:06,Driggs Ave & N 9 St,5411,Bayard St & Leonard St,5442,40.71816969454208,-73.95520135760307,40.71915571696044,-73.94885390996933,casual
1598366,15E77F1B83A27877,classic_bike,2021-09-03 16:02:17,2021-09-03 16:09:26,N 6 St & Bedford Ave,5379,Bayard St & Leonard St,5442,40.71745169,-73.95850939,40.71915571696044,-73.94885390996933,member
1598367,F04C6E90D2E013E5,classic_bike,2021-09-17 15:40:53,2021-09-17 15:54:38,Calyer St & Jewel St,5743,Bayard St & Leonard St,5442,40.72984,-73.94839,40.71915571696044,-73.94885390996933,member
1598375,50C88E7D462A1FFF,classic_bike,2021-09-26 14:07:05,2021-09-26 14:21:46,Morgan Ave & Maspeth Ave,5354,Bayard St & Leonard St,5442,40.716657,-73.93637,40.71915571696044,-73.94885390996933,casual
1598390,B3726D28B6B930B3,classic_bike,2021-09-27 15:13:19,2021-09-27 15:16:54,N 12 St & Bedford Ave,5450,Bayard St & Leonard St,5442,40.72079821,-73.95484712,40.71915571696044,-73.94885390996933,member
1598392,AE0143661CEC879B,classic_bike,2021-09-10 20:15:10,2021-09-10 20:25:59,N 15 St & Wythe Ave,5520,Bayard St & Leonard St,5442,40.724055,-73.955736,40.71915571696044,-73.94885390996933,member
1598405,96AA690B6FD18F6A,classic_bike,2021-09-22 20:58:17,2021-09-22 21:02:42,N 6 St & Bedford Ave,5379,Bayard St & Leonard St,5442,40.71745169,-73.95850939,40.71915571696044,-73.94885390996933,member
1598429,F17A9E4F69867327,docked_bike,2021-09-12 16:33:32,2021-09-12 16:49:27,Morgan Ave & Maspeth Ave,5354,Bayard St & Leonard St,5442,40.716657,-73.93637,40.719156,-73.948854,casual
1598433,F64A738FCF024F3D,electric_bike,2021-09-02 13:09:49,2021-09-02 13:21:45,Montrose Ave & Bushwick Ave,5068,Bayard St & Leonard St,5442,40.70767788,-73.94016171,40.71915571696044,-73.94885390996933,member
1598493,69AEF5042C8D9D90,electric_bike,2021-09-29 21:45:31,2021-09-29 21:52:11,N 6 St & Bedford Ave,5379,Bayard St & Leonard St,5442,40.71745169,-73.95850939,40.71915571696044,-73.94885390996933,member
1598494,257DB4CAF4898BB4,classic_bike,2021-09-28 17:38:48,2021-09-28 17:41:56,N 6 St & Bedford Ave,5379,Bayard St & Leonard St,5442,40.71745169,-73.95850939,40.71915571696044,-73.94885390996933,member
1598505,30C925B959B16A84,classic_bike,2021-09-05 22:12:52,2021-09-05 22:34:46,Montrose Ave & Bushwick Ave,5068,Bayard St & Leonard St,5442,40.70767788,-73.94016171,40.71915571696044,-73.94885390996933,casual
1598518,E2DD6FD2BF8D089C,classic_bike,2021-09-29 21:02:11,2021-09-29 21:05:52,N 6 St & Bedford Ave,5379,Bayard St & Leonard St,5442,40.71745169,-73.95850939,40.71915571696044,-73.94885390996933,member
1598532,9D51714282A21B04,classic_bike,2021-09-04 12:02:59,2021-09-04 12:13:54,Montrose Ave & Bushwick Ave,5068,Bayard St & Leonard St,5442,40.70767788,-73.94016171,40.71915571696044,-73.94885390996933,casual
1598559,EECFE5CD5CCC1D02,classic_bike,2021-09-07 18:07:54,2021-09-07 18:15:17,N 6 St & Bedford Ave,5379,Bayard St & Leonard St,5442,40.71745169,-73.95850939,40.71915571696044,-73.94885390996933,member
1598575,468F2FB5EB6A896C,classic_bike,2021-09-17 13:03:50,2021-09-17 13:21:18,Willoughby Ave & Myrtle Ave,4759,Bayard St & Leonard St,5442,40.69757,-73.93098,40.71915571696044,-73.94885390996933,member
1598589,6BC9C987FADCE101,classic_bike,2021-09-07 18:13:28,2021-09-07 18:22:02,Waterbury St & Stagg St,5099,Bayard St & Leonard St,5442,40.71019,-73.93734,40.71915571696044,-73.94885390996933,member
1598614,588FA2FA1BFE4E10,classic_bike,2021-09-22 17:21:54,2021-09-22 17:43:04,Nassau St & Navy St,4812,Bayard St & Leonard St,5442,40.69839895,-73.98068914,40.71915571696044,-73.94885390996933,member
1598639,5747F0AAA1346E86,classic_bike,2021-09-10 19:43:11,2021-09-10 20:11:18,Suydam St & Knickerbocker Ave,4939,Bayard St & Leonard St,5442,40.702013,-73.923769,40.71915571696044,-73.94885390996933,casual
1598653,941F75CC608B4964,classic_bike,2021-09-20 06:34:59,2021-09-20 06:50:55,Willoughby Ave & Myrtle Ave,4759,Bayard St & Leonard St,5442,40.69757,-73.93098,40.71915571696044,-73.94885390996933,member
1598661,F2FF18C1F8C1D23D,classic_bike,2021-09-12 07:07:47,2021-09-12 07:17:20,Waterbury St & Stagg St,5099,Bayard St & Leonard St,5442,40.71019,-73.93734,40.71915571696044,-73.94885390996933,member
1598667,C7D1AC548C18FA3E,classic_bike,2021-09-10 07:32:09,2021-09-10 07:43:50,Waterbury St & Stagg St,5099,Bayard St & Leonard St,5442,40.71019,-73.93734,40.71915571696044,-73.94885390996933,member
1598668,F8583F9649D1125E,classic_bike,2021-09-13 18:06:26,2021-09-13 18:18:28,Waterbury St & Stagg St,5099,Bayard St & Leonard St,5442,40.71019,-73.93734,40.71915571696044,-73.94885390996933,member
1598693,FE5BF64183E9092C,classic_bike,2021-09-22 06:35:59,2021-09-22 06:52:39,Willoughby Ave & Myrtle Ave,4759,Bayard St & Leonard St,5442,40.69757,-73.93098,40.71915571696044,-73.94885390996933,member
1598694,79D51B04F7F7FBD0,classic_bike,2021-09-25 08:13:36,2021-09-25 08:29:01,Willoughby Ave & Myrtle Ave,4759,Bayard St & Leonard St,5442,40.69757,-73.93098,40.71915571696044,-73.94885390996933,member
1598697,4F1DD7E6CC6ABF4C,classic_bike,2021-09-19 15:52:34,2021-09-19 16:13:15,Rivington St & Chrystie St,5453,Bayard St & Leonard St,5442,40.72110063,-73.9919254,40.71915571696044,-73.94885390996933,casual
1598698,1A00089E05D457B0,classic_bike,2021-09-24 14:43:19,2021-09-24 14:49:15,Graham Ave & Grand St,5178,Bayard St & Leonard St,5442,40.711863,-73.944024,40.71915571696044,-73.94885390996933,casual
1598723,66397234C153C714,classic_bike,2021-09-10 18:06:15,2021-09-10 18:16:42,Waterbury St & Stagg St,5099,Bayard St & Leonard St,5442,40.71019,-73.93734,40.71915571696044,-73.94885390996933,member
1598731,A80A54A279DEB305,classic_bike,2021-09-16 11:51:31,2021-09-16 12:02:54,Kent St & McGuinness Blvd,5785,Bayard St & Leonard St,5442,40.73124,-73.95161,40.71915571696044,-73.94885390996933,casual
1598741,2CABB4C9080AB7FF,electric_bike,2021-09-05 23:25:54,2021-09-05 23:42:37,Wyckoff Av & Jefferson St,5051,Bayard St & Leonard St,5442,40.707165,-73.923711,40.71915571696044,-73.94885390996933,casual
1598750,01BECCB2C113E022,classic_bike,2021-09-08 23:44:34,2021-09-09 00:08:50,Wyckoff Av & Jefferson St,5051,Bayard St & Leonard St,5442,40.707165,-73.923711,40.71915571696044,-73.94885390996933,casual
1598763,0442254CCD81240A,classic_bike,2021-09-21 18:21:26,2021-09-21 18:32:22,S 4 St & Wythe Ave,5204,Bayard St & Leonard St,5442,40.71285887,-73.96590294,40.71915571696044,-73.94885390996933,member
1598769,AC791B782D406273,classic_bike,2021-09-18 08:18:56,2021-09-18 08:25:24,Kent Ave & N 7 St,5489,Bayard St & Leonard St,5442,40.72036775298455,-73.96165072917938,40.71915571696044,-73.94885390996933,member
1598774,18298E282C271C31,classic_bike,2021-09-25 08:23:46,2021-09-25 08:29:06,Kent Ave & N 7 St,5489,Bayard St & Leonard St,5442,40.72036775298455,-73.96165072917938,40.71915571696044,-73.94885390996933,member
1598808,9759C2CF0DEF2E2A,classic_bike,2021-09-27 11:23:26,2021-09-27 11:29:07,Kent Ave & N 7 St,5489,Bayard St & Leonard St,5442,40.72036775298455,-73.96165072917938,40.71915571696044,-73.94885390996933,member
1598809,251E0D62B5D8CE21,classic_bike,2021-09-27 15:38:27,2021-09-27 15:43:55,Kent Ave & N 7 St,5489,Bayard St & Leonard St,5442,40.72036775298455,-73.96165072917938,40.71915571696044,-73.94885390996933,member
1598810,BD66289D3C7E3247,electric_bike,2021-09-20 11:03:03,2021-09-20 11:08:52,Kent Ave & N 7 St,5489,Bayard St & Leonard St,5442,40.72036775298455,-73.96165072917938,40.71915571696044,-73.94885390996933,member
1598848,B738BBF5EF2FB62F,classic_bike,2021-09-02 18:34:23,2021-09-02 18:43:31,Kent Ave & N 7 St,5489,Bayard St & Leonard St,5442,40.72036775298455,-73.96165072917938,40.71915571696044,-73.94885390996933,casual
1598858,880B8B568F6A1EB8,classic_bike,2021-09-20 16:34:53,2021-09-20 17:05:43,S 4 St & Wythe Ave,5204,Bayard St & Leonard St,5442,40.71285887,-73.96590294,40.71915571696044,-73.94885390996933,member
1598859,6C1E2D424C0509F9,classic_bike,2021-09-07 20:12:50,2021-09-07 20:33:08,Wyckoff Av & Jefferson St,5051,Bayard St & Leonard St,5442,40.707165,-73.923711,40.71915571696044,-73.94885390996933,member
1598864,E6FBDB78475CF677,classic_bike,2021-09-13 07:46:41,2021-09-13 08:06:17,Willoughby Ave & Myrtle Ave,4759,Bayard St & Leonard St,5442,40.69757,-73.93098,40.71915571696044,-73.94885390996933,member
1598865,FFAD8073E0A40660,classic_bike,2021-09-20 18:14:24,2021-09-20 18:37:54,Washington Park,4546,Bayard St & Leonard St,5442,40.6917823,-73.9737299,40.71915571696044,-73.94885390996933,member
1598886,114AF96AA260A437,classic_bike,2021-09-04 02:36:12,2021-09-04 02:38:46,Union Ave & Jackson St,5300,Bayard St & Leonard St,5442,40.7160751,-73.952029,40.71915571696044,-73.94885390996933,casual
1598896,C1554D1A0350C849,classic_bike,2021-09-28 08:02:29,2021-09-28 08:12:01,Bushwick Ave & McKibbin St,5027,Bayard St & Leonard St,5442,40.705517,-73.93936,40.71915571696044,-73.94885390996933,casual
1598904,F51C00928B90BB96,electric_bike,2021-09-06 17:33:15,2021-09-06 17:52:01,Willoughby Ave & Myrtle Ave,4759,Bayard St & Leonard St,5442,40.69757,-73.93098,40.71915571696044,-73.94885390996933,casual
1598911,DDE8AF067FAE7AC8,classic_bike,2021-09-18 10:58:11,2021-09-18 11:19:32,Nassau St & Navy St,4812,Bayard St & Leonard St,5442,40.69839895,-73.98068914,40.71915571696044,-73.94885390996933,member
1598915,951F60D3D5F00B58,classic_bike,2021-09-30 08:41:37,2021-09-30 08:53:57,S 4 St & Wythe Ave,5204,Bayard St & Leonard St,5442,40.71285887,-73.96590294,40.71915571696044,-73.94885390996933,casual
1598917,3F200FAAE630C61C,electric_bike,2021-09-12 23:46:58,2021-09-12 23:57:11,Waterbury St & Stagg St,5099,Bayard St & Leonard St,5442,40.71019,-73.93734,40.71915571696044,-73.94885390996933,member
1598935,B7EC4EE78674471D,classic_bike,2021-09-25 12:30:20,2021-09-25 12:41:04,S 4 St & Wythe Ave,5204,Bayard St & Leonard St,5442,40.71285887,-73.96590294,40.71915571696044,-73.94885390996933,member
1598944,DEE5819023E160C4,classic_bike,2021-09-02 13:10:38,2021-09-02 13:21:21,Montrose Ave & Bushwick Ave,5068,Bayard St & Leonard St,5442,40.70767788,-73.94016171,40.71915571696044,-73.94885390996933,casual
1598946,1FCE5A001A426EFB,classic_bike,2021-09-10 13:40:10,2021-09-10 13:44:50,N 6 St & Bedford Ave,5379,Bayard St & Leonard St,5442,40.71745169,-73.95850939,40.71915571696044,-73.94885390996933,casual
1598957,415EB8FE22E5C27C,electric_bike,2021-09-11 17:33:33,2021-09-11 17:39:07,Morgan Ave & Maspeth Ave,5354,Bayard St & Leonard St,5442,40.716657,-73.93637,40.71915571696044,-73.94885390996933,member
1598960,ABD512E80119880F,classic_bike,2021-09-29 19:45:54,2021-09-29 19:53:00,Kent Ave & N 7 St,5489,Bayard St & Leonard St,5442,40.72036775298455,-73.96165072917938,40.71915571696044,-73.94885390996933,member
1598969,2975F2356AB5A26F,electric_bike,2021-09-30 17:38:03,2021-09-30 17:46:55,S 4 St & Wythe Ave,5204,Bayard St & Leonard St,5442,40.71285887,-73.96590294,40.71915571696044,-73.94885390996933,casual
1598990,E3533731903389E4,classic_bike,2021-09-26 17:05:07,2021-09-26 17:15:28,S 4 St & Wythe Ave,5204,Bayard St & Leonard St,5442,40.71285887,-73.96590294,40.71915571696044,-73.94885390996933,member
1598993,3F4B08667F6B23CF,classic_bike,2021-09-03 19:30:21,2021-09-03 19:45:17,S 4 St & Wythe Ave,5204,Bayard St & Leonard St,5442,40.71285887,-73.96590294,40.71915571696044,-73.94885390996933,member
1599014,71CF4E0FE0C565F1,classic_bike,2021-09-11 19:58:46,2021-09-11 20:12:35,S 4 St & Wythe Ave,5204,Bayard St & Leonard St,5442,40.71285887,-73.96590294,40.71915571696044,-73.94885390996933,member
1599022,5C645D348ADFDBCF,classic_bike,2021-09-15 16:42:23,2021-09-15 16:51:21,S 4 St & Wythe Ave,5204,Bayard St & Leonard St,5442,40.71285887,-73.96590294,40.71915571696044,-73.94885390996933,casual
1599029,ED5E468B19B5776D,classic_bike,2021-09-26 15:35:49,2021-09-26 15:53:36,S 4 St & Wythe Ave,5204,Bayard St & Leonard St,5442,40.71285887,-73.96590294,40.71915571696044,-73.94885390996933,member
1599050,84AEB651FAE88FDB,electric_bike,2021-09-22 17:10:12,2021-09-22 17:48:50,8 Ave & W 49 St,6747,Bayard St & Leonard St,5442,40.76171227910671,-73.98655101656914,40.71915571696044,-73.94885390996933,member
1599069,AED824387D9D8C77,classic_bike,2021-09-09 19:01:13,2021-09-09 19:17:27,Monroe St & Tompkins Ave,4434,Bayard St & Leonard St,5442,40.686203,-73.944694,40.71915571696044,-73.94885390996933,casual
1599070,B3D5CCC7D64FFE07,classic_bike,2021-09-02 18:45:01,2021-09-02 19:02:51,Monroe St & Tompkins Ave,4434,Bayard St & Leonard St,5442,40.686203,-73.944694,40.71915571696044,-73.94885390996933,casual
1599078,73D54612FB47EB11,classic_bike,2021-09-09 17:39:06,2021-09-09 17:49:02,S 4 St & Wythe Ave,5204,Bayard St & Leonard St,5442,40.71285887,-73.96590294,40.71915571696044,-73.94885390996933,casual
1599119,4CB20A984CD12294,classic_bike,2021-09-04 10:56:34,2021-09-04 11:33:03,DeKalb Ave & S Portland Ave,4546,Bayard St & Leonard St,5442,40.68981035,-73.97493121,40.71915571696044,-73.94885390996933,casual
1599174,0A2DAFB1ADB73FA9,electric_bike,2021-09-02 20:41:17,2021-09-02 20:56:41,Halsey St & Tompkins Ave,4319,Bayard St & Leonard St,5442,40.6823687,-73.944118,40.71915571696044,-73.94885390996933,member
1599263,5FF6DDD8684AB44E,classic_bike,2021-09-02 08:28:57,2021-09-02 09:03:07,DeKalb Ave & S Portland Ave,4546,Bayard St & Leonard St,5442,40.68981035,-73.97493121,40.71915571696044,-73.94885390996933,casual
1599264,880B5011CE7B6A2C,classic_bike,2021-09-29 11:08:22,2021-09-29 11:13:33,N 6 St & Bedford Ave,5379,Bayard St & Leonard St,5442,40.71745169,-73.95850939,40.71915571696044,-73.94885390996933,casual
1599266,420624E5D5B30A4D,electric_bike,2021-09-16 20:40:05,2021-09-16 20:44:17,N 6 St & Bedford Ave,5379,Bayard St & Leonard St,5442,40.71745169,-73.95850939,40.71915571696044,-73.94885390996933,casual
1599273,8970188A78307BB7,classic_bike,2021-09-01 16:40:57,2021-09-01 16:48:00,N 6 St & Bedford Ave,5379,Bayard St & Leonard St,5442,40.71745169,-73.95850939,40.71915571696044,-73.94885390996933,member
1599281,43DD78D2904BE123,classic_bike,2021-09-22 18:15:04,2021-09-22 18:24:49,Morgan Ave & Maspeth Ave,5354,Bayard St & Leonard St,5442,40.716657,-73.93637,40.71915571696044,-73.94885390996933,member
1599362,D23C45EFB208B45E,classic_bike,2021-09-10 20:42:08,2021-09-10 21:03:56,Broadway & Madison St,4483,Bayard St & Leonard St,5442,40.68822,-73.91966,40.71915571696044,-73.94885390996933,member
1599376,B0D964357CD29BDE,classic_bike,2021-09-04 23:20:56,2021-09-04 23:24:36,Bedford Ave & Nassau Ave,5550,Bayard St & Leonard St,5442,40.72311651,-73.95212324,40.71915571696044,-73.94885390996933,member
1599409,80AEA7DB637536D2,classic_bike,2021-09-07 18:30:20,2021-09-07 18:33:02,Bedford Ave & Nassau Ave,5550,Bayard St & Leonard St,5442,40.72311651,-73.95212324,40.71915571696044,-73.94885390996933,member
1599432,13A292C492A74518,classic_bike,2021-09-16 15:33:37,2021-09-16 15:43:54,Bedford Ave & Nassau Ave,5550,Bayard St & Leonard St,5442,40.72311651,-73.95212324,40.71915571696044,-73.94885390996933,member
1599435,C60984A9E1096D33,classic_bike,2021-09-16 18:02:22,2021-09-16 18:47:38,11 Ave & W 41 St,6726,Bayard St & Leonard St,5442,40.76030096,-73.99884222,40.71915571696044,-73.94885390996933,casual
1599477,E0E472B774868AF3,classic_bike,2021-09-04 15:26:12,2021-09-04 15:47:54,Park Pl & Franklin Ave,4033,Bayard St & Leonard St,5442,40.6741806,-73.9564947,40.71915571696044,-73.94885390996933,member
1599496,F1D79EC1E866F02A,classic_bike,2021-09-29 06:31:54,2021-09-29 06:48:21,Willoughby Ave & Myrtle Ave,4759,Bayard St & Leonard St,5442,40.69757,-73.93098,40.71915571696044,-73.94885390996933,member
1599517,32BF5E345C3EFEFC,classic_bike,2021-09-30 17:00:25,2021-09-30 17:21:16,Park Pl & Franklin Ave,4033,Bayard St & Leonard St,5442,40.6741806,-73.9564947,40.71915571696044,-73.94885390996933,member
1599519,99362551BE24EF48,electric_bike,2021-09-18 13:02:20,2021-09-18 13:52:36,7 St & 3 Ave,3996,Bayard St & Leonard St,5442,40.67260298150126,-73.98983001708984,40.71915571696044,-73.94885390996933,member
1599549,365D0C7A4287AA28,classic_bike,2021-09-24 18:06:05,2021-09-24 18:10:31,N 6 St & Bedford Ave,5379,Bayard St & Leonard St,5442,40.71745169,-73.95850939,40.71915571696044,-73.94885390996933,member
1599589,FA427539AA6DC739,classic_bike,2021-09-17 16:58:05,2021-09-17 17:04:08,Graham Ave & Conselyea St,5291,Bayard St & Leonard St,5442,40.715143,-73.944507,40.71915571696044,-73.94885390996933,member
1599590,B5838A5896A4390D,classic_bike,2021-09-05 11:45:20,2021-09-05 12:01:42,Irving Ave & Jefferson St,5051,Bayard St & Leonard St,5442,40.70538,-73.92535,40.71915571696044,-73.94885390996933,member
1599615,60C8E3E00F4D2B4D,classic_bike,2021-09-02 17:41:36,2021-09-02 17:47:57,Graham Ave & Conselyea St,5291,Bayard St & Leonard St,5442,40.715143,-73.944507,40.71915571696044,-73.94885390996933,member
1599616,DB191C156C29563F,classic_bike,2021-09-11 17:00:38,2021-09-11 17:17:25,Irving Ave & Jefferson St,5051,Bayard St & Leonard St,5442,40.70538,-73.92535,40.71915571696044,-73.94885390996933,member
1599646,F94D101D7AD92DE0,classic_bike,2021-09-30 19:54:17,2021-09-30 20:05:26,Morgan Ave & Maspeth Ave,5354,Bayard St & Leonard St,5442,40.716657,-73.93637,40.71915571696044,-73.94885390996933,member
1599661,7E3F9E073969EEEB,classic_bike,2021-09-02 18:43:14,2021-09-02 18:47:47,Graham Ave & Conselyea St,5291,Bayard St & Leonard St,5442,40.715143,-73.944507,40.71915571696044,-73.94885390996933,member
1599667,A2F39565FF133058,classic_bike,2021-09-22 00:04:10,2021-09-22 00:08:15,Graham Ave & Conselyea St,5291,Bayard St & Leonard St,5442,40.715143,-73.944507,40.71915571696044,-73.94885390996933,casual
1599693,ABAC7FE2723F664E,classic_bike,2021-09-25 19:52:14,2021-09-25 19:55:20,Graham Ave & Conselyea St,5291,Bayard St & Leonard St,5442,40.715143,-73.944507,40.71915571696044,-73.94885390996933,member
1599694,24C521A40528D6CD,classic_bike,2021-09-17 08:28:12,2021-09-17 08:32:28,Graham Ave & Conselyea St,5291,Bayard St & Leonard St,5442,40.715143,-73.944507,40.71915571696044,-73.94885390996933,member
1599700,A029A18EABFC24DE,classic_bike,2021-09-22 18:57:16,2021-09-22 19:00:41,Graham Ave & Conselyea St,5291,Bayard St & Leonard St,5442,40.715143,-73.944507,40.71915571696044,-73.94885390996933,member
1599707,5500407BA6B08089,classic_bike,2021-09-27 14:04:34,2021-09-27 14:08:37,N 6 St & Bedford Ave,5379,Bayard St & Leonard St,5442,40.71745169,-73.95850939,40.71915571696044,-73.94885390996933,casual
1599711,245E931B5D593E24,classic_bike,2021-09-11 10:25:36,2021-09-11 10:35:36,Montrose Ave & Bushwick Ave,5068,Bayard St & Leonard St,5442,40.70767788,-73.94016171,40.71915571696044,-73.94885390996933,casual
1599712,78AE16D3A43A979B,classic_bike,2021-09-03 22:05:24,2021-09-03 22:18:10,Montrose Ave & Bushwick Ave,5068,Bayard St & Leonard St,5442,40.70767788,-73.94016171,40.71915571696044,-73.94885390996933,casual
1599725,2F5EEEE75ACA4FE6,classic_bike,2021-09-04 12:01:24,2021-09-04 12:18:55,Irving Ave & Jefferson St,5051,Bayard St & Leonard St,5442,40.70538,-73.92535,40.71915571696044,-73.94885390996933,member
1599726,CD0569B6B3AB3668,classic_bike,2021-09-21 18:27:49,2021-09-21 18:47:03,Harman St & Seneca Ave,5002,Bayard St & Leonard St,5442,40.70577,-73.91292,40.71915571696044,-73.94885390996933,member
1599727,9E26469FF0D3E0E6,classic_bike,2021-09-10 16:05:11,2021-09-10 16:09:32,Graham Ave & Conselyea St,5291,Bayard St & Leonard St,5442,40.715143,-73.944507,40.71915571696044,-73.94885390996933,member
1599731,402FF203D52DE5E8,electric_bike,2021-09-23 17:04:08,2021-09-23 17:07:06,Graham Ave & Conselyea St,5291,Bayard St & Leonard St,5442,40.715143,-73.944507,40.71915571696044,-73.94885390996933,casual
1599736,C9CA95F66EE14203,electric_bike,2021-09-21 15:49:05,2021-09-21 15:59:54,Graham Ave & Conselyea St,5291,Bayard St & Leonard St,5442,40.715143,-73.944507,40.71915571696044,-73.94885390996933,member
1599737,997E0BC31EC105AF,classic_bike,2021-09-03 12:28:26,2021-09-03 12:45:31,Irving Ave & Jefferson St,5051,Bayard St & Leonard St,5442,40.70538,-73.92535,40.71915571696044,-73.94885390996933,member
1599750,C935780BA2D47331,classic_bike,2021-09-29 11:10:26,2021-09-29 11:46:51,Halsey St & Tompkins Ave,4319,Bayard St & Leonard St,5442,40.6823687,-73.944118,40.71915571696044,-73.94885390996933,member
1599769,3D553DE5F95BD424,classic_bike,2021-09-15 15:14:41,2021-09-15 15:18:52,N 6 St & Bedford Ave,5379,Bayard St & Leonard St,5442,40.71745169,-73.95850939,40.71915571696044,-73.94885390996933,member
1599772,E5F0F0AEFB756198,classic_bike,2021-09-02 17:37:21,2021-09-02 17:43:58,N 6 St & Bedford Ave,5379,Bayard St & Leonard St,5442,40.71745169,-73.95850939,40.71915571696044,-73.94885390996933,member
1599782,C5A9A80D37C3A940,classic_bike,2021-09-04 10:57:51,2021-09-04 11:33:09,DeKalb Ave & S Portland Ave,4546,Bayard St & Leonard St,5442,40.68981035,-73.97493121,40.71915571696044,-73.94885390996933,casual
1599787,1F1F4C03F6A93BFB,classic_bike,2021-09-16 21:35:03,2021-09-16 21:57:58,Lewis Ave & Madison St,4425,Bayard St & Leonard St,5442,40.686312,-73.935775,40.71915571696044,-73.94885390996933,casual
1599802,7EA79D23BFFCEACC,classic_bike,2021-09-22 15:30:24,2021-09-22 15:44:01,S 4 St & Wythe Ave,5204,Bayard St & Leonard St,5442,40.71285887,-73.96590294,40.71915571696044,-73.94885390996933,member
1599804,3CC790D81B51EE3B,classic_bike,2021-09-18 14:25:53,2021-09-18 14:35:09,S 4 St & Wythe Ave,5204,Bayard St & Leonard St,5442,40.71285887,-73.96590294,40.71915571696044,-73.94885390996933,member
1599809,4C5512E49C600EDF,classic_bike,2021-09-30 18:20:11,2021-09-30 18:22:59,Union Ave & Jackson St,5300,Bayard St & Leonard St,5442,40.7160751,-73.952029,40.71915571696044,-73.94885390996933,member
1599832,66C4CF707EF727A0,classic_bike,2021-09-24 11:21:01,2021-09-24 11:25:32,Withers St & Kingsland Ave,5362,Bayard St & Leonard St,5442,40.71773,-73.94051,40.71915571696044,-73.94885390996933,member
1599838,15455A37AB7B5269,classic_bike,2021-09-25 13:37:51,2021-09-25 13:47:36,S 4 St & Wythe Ave,5204,Bayard St & Leonard St,5442,40.71285887,-73.96590294,40.71915571696044,-73.94885390996933,member
1599860,541E50366B14B3C4,docked_bike,2021-09-20 18:50:28,2021-09-20 19:09:16,Withers St & Kingsland Ave,5362,Bayard St & Leonard St,5442,40.71773,-73.94051,40.719156,-73.948854,casual
1599869,6FE3F797DAC37D75,classic_bike,2021-09-19 17:18:21,2021-09-19 17:25:17,Withers St & Kingsland Ave,5362,Bayard St & Leonard St,5442,40.71773,-73.94051,40.71915571696044,-73.94885390996933,casual
1599895,6B2417779E1AF46C,classic_bike,2021-09-10 08:44:17,2021-09-10 09:06:04,DeKalb Ave & Franklin Ave,4528,Bayard St & Leonard St,5442,40.69064807082943,-73.95746178925037,40.71915571696044,-73.94885390996933,member
1599897,D1DB1D64B5746EA6,classic_bike,2021-09-25 16:43:11,2021-09-25 16:50:42,Bedford Ave & Nassau Ave,5550,Bayard St & Leonard St,5442,40.72311651,-73.95212324,40.71915571696044,-73.94885390996933,casual
1599908,CACB73CE1AF56ED0,classic_bike,2021-09-15 18:29:16,2021-09-15 18:32:22,Bedford Ave & Nassau Ave,5550,Bayard St & Leonard St,5442,40.72311651,-73.95212324,40.71915571696044,-73.94885390996933,member
1599914,36978CD21E8638F7,classic_bike,2021-09-07 13:18:18,2021-09-07 13:37:06,Withers St & Kingsland Ave,5362,Bayard St & Leonard St,5442,40.71773,-73.94051,40.71915571696044,-73.94885390996933,member
1599916,62758D743B7037C5,classic_bike,2021-09-24 21:11:50,2021-09-24 21:16:24,Withers St & Kingsland Ave,5362,Bayard St & Leonard St,5442,40.71773,-73.94051,40.71915571696044,-73.94885390996933,member
1599918,D927DB88B8CCAE8C,electric_bike,2021-09-25 05:21:02,2021-09-25 05:40:13,Ashland Pl & Dekalb Ave,4513,Bayard St & Leonard St,5442,40.690065,-73.978776,40.71915571696044,-73.94885390996933,casual
1599938,512D19422F4309FE,classic_bike,2021-09-20 18:50:54,2021-09-20 19:00:30,S 4 St & Wythe Ave,5204,Bayard St & Leonard St,5442,40.71285887,-73.96590294,40.71915571696044,-73.94885390996933,casual
1599939,68442144C756D640,classic_bike,2021-09-28 17:52:01,2021-09-28 17:54:42,Union Ave & Jackson St,5300,Bayard St & Leonard St,5442,40.7160751,-73.952029,40.71915571696044,-73.94885390996933,member
1599941,E557257153FA3A50,classic_bike,2021-09-26 15:35:22,2021-09-26 15:53:04,S 4 St & Wythe Ave,5204,Bayard St & Leonard St,5442,40.71285887,-73.96590294,40.71915571696044,-73.94885390996933,member
1599948,4F6FDEC505BA3542,classic_bike,2021-09-27 06:44:09,2021-09-27 06:48:33,Withers St & Kingsland Ave,5362,Bayard St & Leonard St,5442,40.71773,-73.94051,40.71915571696044,-73.94885390996933,member
1599997,037F35F815A3D56E,classic_bike,2021-09-03 17:14:25,2021-09-03 17:36:14,Nassau St & Navy St,4812,Bayard St & Leonard St,5442,40.69839895,-73.98068914,40.71915571696044,-73.94885390996933,member
1600028,C33AE1539B052BB4,classic_bike,2021-09-15 17:58:03,2021-09-15 18:18:25,Wyckoff Av & Stanhope St,4931,Bayard St & Leonard St,5442,40.703545,-73.917775,40.71915571696044,-73.94885390996933,casual
1600115,CB4C3FAB80CFDD63,classic_bike,2021-09-28 12:15:41,2021-09-28 12:19:01,Driggs Ave & N 9 St,5411,Bayard St & Leonard St,5442,40.71816969454208,-73.95520135760307,40.71915571696044,-73.94885390996933,member
1600116,0A7A185E9D5122FB,classic_bike,2021-09-06 22:30:32,2021-09-06 22:33:28,Driggs Ave & N 9 St,5411,Bayard St & Leonard St,5442,40.71816969454208,-73.95520135760307,40.71915571696044,-73.94885390996933,member
1600117,D4F21FB5171997BD,classic_bike,2021-09-07 19:58:10,2021-09-07 20:01:17,Driggs Ave & N 9 St,5411,Bayard St & Leonard St,5442,40.71816969454208,-73.95520135760307,40.71915571696044,-73.94885390996933,member
1600123,186F14E257FFFA80,classic_bike,2021-09-14 07:57:10,2021-09-14 08:01:13,Driggs Ave & N 9 St,5411,Bayard St & Leonard St,5442,40.71816969454208,-73.95520135760307,40.71915571696044,-73.94885390996933,member
1600181,D4C70E57FD43079A,electric_bike,2021-09-08 19:38:50,2021-09-08 19:54:39,Monroe St & Tompkins Ave,4434,Bayard St & Leonard St,5442,40.686203,-73.944694,40.71915571696044,-73.94885390996933,casual
1600182,66CB97889F424832,classic_bike,2021-09-14 18:14:03,2021-09-14 18:21:49,S 4 St & Wythe Ave,5204,Bayard St & Leonard St,5442,40.71285887,-73.96590294,40.71915571696044,-73.94885390996933,casual
1600210,643D7C87997D3644,classic_bike,2021-09-27 18:41:35,2021-09-27 19:05:43,Grove St & Broadway,4526,Bayard St & Leonard St,5442,40.69047,-73.923511,40.71915571696044,-73.94885390996933,casual
1600212,0ED5657C85A50011,classic_bike,2021-09-03 19:35:36,2021-09-03 19:55:07,Monroe St & Tompkins Ave,4434,Bayard St & Leonard St,5442,40.686203,-73.944694,40.71915571696044,-73.94885390996933,casual
1600240,95D0382B22F86AE4,classic_bike,2021-09-08 23:43:22,2021-09-09 00:08:40,Wyckoff Av & Jefferson St,5051,Bayard St & Leonard St,5442,40.707165,-73.923711,40.71915571696044,-73.94885390996933,member
1600250,E4D110304CE2684B,electric_bike,2021-09-18 12:36:55,2021-09-18 12:56:23,Monroe St & Tompkins Ave,4434,Bayard St & Leonard St,5442,40.686203,-73.944694,40.71915571696044,-73.94885390996933,casual
1600251,F944920F2EE37BDD,electric_bike,2021-09-18 19:07:06,2021-09-18 19:32:44,Monroe St & Tompkins Ave,4434,Bayard St & Leonard St,5442,40.686203,-73.944694,40.71915571696044,-73.94885390996933,casual
1600264,69557903B318AE32,classic_bike,2021-09-14 17:15:21,2021-09-14 17:35:48,Wyckoff Av & Stanhope St,4931,Bayard St & Leonard St,5442,40.703545,-73.917775,40.71915571696044,-73.94885390996933,casual
1600291,2319232CA2842EE7,classic_bike,2021-09-25 11:35:51,2021-09-25 12:25:52,Suffolk St & Stanton St,5445,Bayard St & Leonard St,5442,40.72066442,-73.98517977,40.71915571696044,-73.94885390996933,casual
1600324,4708991F2C6A3460,classic_bike,2021-09-20 16:24:42,2021-09-20 16:29:04,Graham Ave & Conselyea St,5291,Bayard St & Leonard St,5442,40.715143,-73.944507,40.71915571696044,-73.94885390996933,member
1600327,F957D59EC9314C5C,classic_bike,2021-09-04 09:04:09,2021-09-04 09:07:38,Graham Ave & Conselyea St,5291,Bayard St & Leonard St,5442,40.715143,-73.944507,40.71915571696044,-73.94885390996933,member
1600337,763DC65E49488158,classic_bike,2021-09-04 20:16:00,2021-09-04 20:22:49,Berry St & N 8 St,5379,Bayard St & Leonard St,5442,40.7190095,-73.95852515,40.71915571696044,-73.94885390996933,member
1600354,C8D8A981F56CFF17,classic_bike,2021-09-11 10:16:17,2021-09-11 10:21:31,Graham Ave & Conselyea St,5291,Bayard St & Leonard St,5442,40.715143,-73.944507,40.71915571696044,-73.94885390996933,casual
1600355,132E98D0D77EE3BE,classic_bike,2021-09-30 18:07:39,2021-09-30 18:38:03,Steinway St & Broadway,6711,Bayard St & Leonard St,5442,40.75905795418586,-73.91897544264793,40.71915571696044,-73.94885390996933,casual
1600357,A683180BFD73A594,classic_bike,2021-09-11 10:16:06,2021-09-11 10:22:04,Graham Ave & Conselyea St,5291,Bayard St & Leonard St,5442,40.715143,-73.944507,40.71915571696044,-73.94885390996933,casual
1600360,7293763FD92ECD57,classic_bike,2021-09-14 19:05:08,2021-09-14 19:13:54,Graham Ave & Conselyea St,5291,Bayard St & Leonard St,5442,40.715143,-73.944507,40.71915571696044,-73.94885390996933,member
1600361,A0A0741BA510AD44,classic_bike,2021-09-23 09:51:21,2021-09-23 09:55:52,Graham Ave & Conselyea St,5291,Bayard St & Leonard St,5442,40.715143,-73.944507,40.71915571696044,-73.94885390996933,member
1600366,34A824EA2B78C1BC,classic_bike,2021-09-04 15:22:18,2021-09-04 15:50:59,Suffolk St & Stanton St,5445,Bayard St & Leonard St,5442,40.72066442,-73.98517977,40.71915571696044,-73.94885390996933,casual
1600367,CB99260D3F265527,classic_bike,2021-09-07 17:48:07,2021-09-07 18:23:43,Suffolk St & Stanton St,5445,Bayard St & Leonard St,5442,40.72066442,-73.98517977,40.71915571696044,-73.94885390996933,casual
1600397,7BE75ABF5E8F2715,classic_bike,2021-09-10 09:04:46,2021-09-10 09:16:18,Berry St & N 8 St,5379,Bayard St & Leonard St,5442,40.7190095,-73.95852515,40.71915571696044,-73.94885390996933,casual
1600451,F05C7D3D39070A93,classic_bike,2021-09-10 07:31:06,2021-09-10 07:35:30,Graham Ave & Conselyea St,5291,Bayard St & Leonard St,5442,40.715143,-73.944507,40.71915571696044,-73.94885390996933,member
1600464,13A88270B5A774BC,classic_bike,2021-09-30 15:12:43,2021-09-30 15:18:41,Berry St & N 8 St,5379,Bayard St & Leonard St,5442,40.7190095,-73.95852515,40.71915571696044,-73.94885390996933,member
1600468,41DA522890857B69,electric_bike,2021-09-18 14:32:52,2021-09-18 14:56:52,Verona Pl & Fulton St,4124,Bayard St & Leonard St,5442,40.6803560840434,-73.9476791024208,40.71915571696044,-73.94885390996933,member
1600478,D5EF9BDE64884866,classic_bike,2021-09-06 15:19:44,2021-09-06 16:07:22,Graham Ave & Conselyea St,5291,Bayard St & Leonard St,5442,40.715143,-73.944507,40.71915571696044,-73.94885390996933,casual
1600480,1D26BEC2A64BBC6E,classic_bike,2021-09-08 12:03:21,2021-09-08 12:19:14,Irving Ave & Jefferson St,5051,Bayard St & Leonard St,5442,40.70538,-73.92535,40.71915571696044,-73.94885390996933,member
1600481,536F6264D993D072,electric_bike,2021-09-10 10:47:51,2021-09-10 11:02:45,Irving Ave & Jefferson St,5051,Bayard St & Leonard St,5442,40.70538,-73.92535,40.71915571696044,-73.94885390996933,member
1600484,40582E0ACCD56883,classic_bike,2021-09-03 11:20:07,2021-09-03 11:23:56,Graham Ave & Conselyea St,5291,Bayard St & Leonard St,5442,40.715143,-73.944507,40.71915571696044,-73.94885390996933,member
1600491,7A75D528E21423EA,classic_bike,2021-09-06 08:14:52,2021-09-06 08:18:57,Graham Ave & Conselyea St,5291,Bayard St & Leonard St,5442,40.715143,-73.944507,40.71915571696044,-73.94885390996933,member
1600502,FF95DACF363B3741,classic_bike,2021-09-19 16:52:05,2021-09-19 16:55:53,Graham Ave & Conselyea St,5291,Bayard St & Leonard St,5442,40.715143,-73.944507,40.71915571696044,-73.94885390996933,member
1600504,32C1B0CE2D148300,electric_bike,2021-09-15 21:23:14,2021-09-15 22:19:49,Columbus Ave & W 72 St,7175,Bayard St & Leonard St,5442,40.7770575,-73.97898475,40.71915571696044,-73.94885390996933,member
1600515,08ABD0EE576B1506,electric_bike,2021-09-24 22:02:24,2021-09-24 22:16:25,Suffolk St & Stanton St,5445,Bayard St & Leonard St,5442,40.72066442,-73.98517977,40.71915571696044,-73.94885390996933,member
1600524,584EAF6A8A307B08,classic_bike,2021-09-14 20:02:53,2021-09-14 20:26:29,Greene Ave & Throop Ave,4510,Bayard St & Leonard St,5442,40.6894932,-73.942061,40.71915571696044,-73.94885390996933,casual
1600527,6AE7A07D6CD1FF27,classic_bike,2021-09-14 19:59:47,2021-09-14 20:26:25,Greene Ave & Throop Ave,4510,Bayard St & Leonard St,5442,40.6894932,-73.942061,40.71915571696044,-73.94885390996933,casual
1600535,A38E111756F3ADEF,classic_bike,2021-09-21 20:26:28,2021-09-21 20:29:39,Graham Ave & Conselyea St,5291,Bayard St & Leonard St,5442,40.715143,-73.944507,40.71915571696044,-73.94885390996933,member
1600536,592B91592C7FF169,classic_bike,2021-09-10 12:19:29,2021-09-10 12:25:55,Graham Ave & Conselyea St,5291,Bayard St & Leonard St,5442,40.715143,-73.944507,40.71915571696044,-73.94885390996933,member
1600600,3478963755789224,classic_bike,2021-09-06 14:33:09,2021-09-06 14:44:47,Berry St & N 8 St,5379,Bayard St & Leonard St,5442,40.7190095,-73.95852515,40.71915571696044,-73.94885390996933,casual
1600614,9A2CE0267DF1CCAE,classic_bike,2021-09-05 16:16:01,2021-09-05 16:21:10,Graham Ave & Conselyea St,5291,Bayard St & Leonard St,5442,40.715143,-73.944507,40.71915571696044,-73.94885390996933,member
1600616,3BF8B93E5724A152,classic_bike,2021-09-07 12:25:31,2021-09-07 12:41:34,Irving Ave & Jefferson St,5051,Bayard St & Leonard St,5442,40.70538,-73.92535,40.71915571696044,-73.94885390996933,member
1600633,F948A289A4C5F011,classic_bike,2021-09-07 12:32:45,2021-09-07 12:37:27,Graham Ave & Conselyea St,5291,Bayard St & Leonard St,5442,40.715143,-73.944507,40.71915571696044,-73.94885390996933,member
1600641,BACF6D9C3FAFCD1B,electric_bike,2021-09-11 14:25:20,2021-09-11 14:37:33,Suffolk St & Stanton St,5445,Bayard St & Leonard St,5442,40.72066442,-73.98517977,40.71915571696044,-73.94885390996933,member
1600643,0EE914A80688C8F7,classic_bike,2021-09-11 16:18:46,2021-09-11 16:24:22,Berry St & N 8 St,5379,Bayard St & Leonard St,5442,40.7190095,-73.95852515,40.71915571696044,-73.94885390996933,member
1600650,B420D0978E5B5925,electric_bike,2021-09-02 21:14:19,2021-09-02 21:27:38,Suffolk St & Stanton St,5445,Bayard St & Leonard St,5442,40.72066442,-73.98517977,40.71915571696044,-73.94885390996933,member
1600651,13CC17BAA2713F91,classic_bike,2021-09-13 08:39:56,2021-09-13 08:45:17,Berry St & N 8 St,5379,Bayard St & Leonard St,5442,40.7190095,-73.95852515,40.71915571696044,-73.94885390996933,member
1600652,E80766223A749E9F,classic_bike,2021-09-26 18:25:14,2021-09-26 18:31:29,Berry St & N 8 St,5379,Bayard St & Leonard St,5442,40.7190095,-73.95852515,40.71915571696044,-73.94885390996933,member
1600661,5DFD7F6219EB2773,electric_bike,2021-09-29 18:11:39,2021-09-29 18:31:48,Suffolk St & Stanton St,5445,Bayard St & Leonard St,5442,40.72066442,-73.98517977,40.71915571696044,-73.94885390996933,casual
1600663,B12BF7E94F9ACAAF,classic_bike,2021-09-24 11:48:09,2021-09-24 11:54:06,Berry St & N 8 St,5379,Bayard St & Leonard St,5442,40.7190095,-73.95852515,40.71915571696044,-73.94885390996933,member
1600670,4C25CA2AC2DFF759,classic_bike,2021-09-14 19:03:26,2021-09-14 19:11:41,Berry St & N 8 St,5379,Bayard St & Leonard St,5442,40.7190095,-73.95852515,40.71915571696044,-73.94885390996933,member
1600674,38CFB4A049C5BCE9,electric_bike,2021-09-03 10:27:10,2021-09-03 10:50:57,Berry St & N 8 St,5379,Bayard St & Leonard St,5442,40.7190095,-73.95852515,40.71915571696044,-73.94885390996933,member
1600680,6919E6440CB8FFC2,classic_bike,2021-09-06 12:38:29,2021-09-06 13:17:31,Warren St & W Broadway,5288,Bayard St & Leonard St,5442,40.71473993,-74.00910627,40.71915571696044,-73.94885390996933,member
1600694,BFE7F2F32D205A7D,classic_bike,2021-09-04 13:56:05,2021-09-04 14:11:46,Graham Ave & Conselyea St,5291,Bayard St & Leonard St,5442,40.715143,-73.944507,40.71915571696044,-73.94885390996933,casual
1600700,02DD79D3995D2739,classic_bike,2021-09-21 20:47:07,2021-09-21 20:51:47,Graham Ave & Conselyea St,5291,Bayard St & Leonard St,5442,40.715143,-73.944507,40.71915571696044,-73.94885390996933,member
1600733,3549D0B645EC7618,classic_bike,2021-09-28 09:32:50,2021-09-28 10:09:28,Leonard St & Nassau Ave,5550,Bayard St & Leonard St,5442,40.7239567849954,-73.94984364509583,40.71915571696044,-73.94885390996933,casual
1600791,1571E7767700F31B,classic_bike,2021-09-17 18:22:32,2021-09-17 19:12:45,Broadway & E 14 St,5905,Bayard St & Leonard St,5442,40.73454567,-73.99074142,40.71915571696044,-73.94885390996933,casual
1600792,8700BD0CE650CA22,classic_bike,2021-09-27 20:05:39,2021-09-27 20:09:02,Bedford Ave & Nassau Ave,5550,Bayard St & Leonard St,5442,40.72311651,-73.95212324,40.71915571696044,-73.94885390996933,member
1600796,D6FA1B96372D4DFA,classic_bike,2021-09-01 13:00:22,2021-09-01 13:03:05,Bedford Ave & Nassau Ave,5550,Bayard St & Leonard St,5442,40.72311651,-73.95212324,40.71915571696044,-73.94885390996933,member
1600801,EC3ED5FE2B2CA7E0,classic_bike,2021-09-02 13:56:36,2021-09-02 15:32:06,Bedford Ave & Nassau Ave,5550,Bayard St & Leonard St,5442,40.72311651,-73.95212324,40.71915571696044,-73.94885390996933,casual
1600819,12CCC555EE21E54D,classic_bike,2021-09-24 18:03:11,2021-09-24 18:11:18,Bushwick Ave & Stagg St,5140,Bayard St & Leonard St,5442,40.709897,-73.94008,40.71915571696044,-73.94885390996933,member
1600820,6FF35678A6F72C4C,classic_bike,2021-09-08 06:49:51,2021-09-08 06:53:41,Graham Ave & Conselyea St,5291,Bayard St & Leonard St,5442,40.715143,-73.944507,40.71915571696044,-73.94885390996933,member
1600821,521D3D2321CC8133,classic_bike,2021-09-07 16:56:25,2021-09-07 17:00:36,Graham Ave & Conselyea St,5291,Bayard St & Leonard St,5442,40.715143,-73.944507,40.71915571696044,-73.94885390996933,member
1600824,B7FB16CEA302234E,classic_bike,2021-09-24 15:09:44,2021-09-24 15:13:05,Graham Ave & Conselyea St,5291,Bayard St & Leonard St,5442,40.715143,-73.944507,40.71915571696044,-73.94885390996933,casual
1600840,3150A5C5F52EFAD0,electric_bike,2021-09-23 16:45:42,2021-09-23 16:47:33,Leonard St & Nassau Ave,5550,Bayard St & Leonard St,5442,40.7239567849954,-73.94984364509583,40.71915571696044,-73.94885390996933,member
1600842,7063A9A02A84EA80,electric_bike,2021-09-21 07:52:32,2021-09-21 07:55:06,Leonard St & Nassau Ave,5550,Bayard St & Leonard St,5442,40.7239567849954,-73.94984364509583,40.71915571696044,-73.94885390996933,member
1600858,DF972123A5AA392D,classic_bike,2021-09-28 07:54:19,2021-09-28 07:57:53,Leonard St & Nassau Ave,5550,Bayard St & Leonard St,5442,40.7239567849954,-73.94984364509583,40.71915571696044,-73.94885390996933,member
1600886,D0E52B35A6188324,classic_bike,2021-09-26 15:08:21,2021-09-26 15:24:56,Leonard St & Nassau Ave,5550,Bayard St & Leonard St,5442,40.7239567849954,-73.94984364509583,40.71915571696044,-73.94885390996933,casual
1600962,49264ACED6CF946F,classic_bike,2021-09-29 18:39:29,2021-09-29 18:43:47,Graham Ave & Conselyea St,5291,Bayard St & Leonard St,5442,40.715143,-73.944507,40.71915571696044,-73.94885390996933,member
1600963,77218A781BDBE04F,classic_bike,2021-09-30 21:08:48,2021-09-30 21:11:45,Graham Ave & Conselyea St,5291,Bayard St & Leonard St,5442,40.715143,-73.944507,40.71915571696044,-73.94885390996933,member
1600965,BD3FA947BCFD1162,classic_bike,2021-09-16 14:57:21,2021-09-16 15:03:42,Berry St & N 8 St,5379,Bayard St & Leonard St,5442,40.7190095,-73.95852515,40.71915571696044,-73.94885390996933,member
1600981,3C9758F5F7254880,classic_bike,2021-09-25 12:34:06,2021-09-25 12:37:32,Graham Ave & Conselyea St,5291,Bayard St & Leonard St,5442,40.715143,-73.944507,40.71915571696044,-73.94885390996933,member
1601050,6C826C42A1F1195E,electric_bike,2021-09-11 15:00:37,2021-09-11 15:11:17,Graham Ave & Conselyea St,5291,Bayard St & Leonard St,5442,40.715143,-73.944507,40.71915571696044,-73.94885390996933,member
1601053,FEE78B63200F0EA1,classic_bike,2021-09-24 15:09:10,2021-09-24 15:27:51,Washington Ave & Park Ave,4724,Bayard St & Leonard St,5442,40.69610226,-73.96751037,40.71915571696044,-73.94885390996933,casual
1601057,F4FECE172AFD165F,classic_bike,2021-09-04 12:28:32,2021-09-04 12:57:29,Park Pl & Franklin Ave,4033,Bayard St & Leonard St,5442,40.6741806,-73.9564947,40.71915571696044,-73.94885390996933,member
1601074,809E28D4024751E2,classic_bike,2021-09-04 20:16:07,2021-09-04 20:22:51,Berry St & N 8 St,5379,Bayard St & Leonard St,5442,40.7190095,-73.95852515,40.71915571696044,-73.94885390996933,member
1601106,0BE051019F8A086A,classic_bike,2021-09-08 19:59:21,2021-09-08 20:04:33,Berry St & N 8 St,5379,Bayard St & Leonard St,5442,40.7190095,-73.95852515,40.71915571696044,-73.94885390996933,member
1601107,2DDED201239436D2,docked_bike,2021-09-22 16:11:36,2021-09-22 16:19:15,Berry St & N 8 St,5379,Bayard St & Leonard St,5442,40.71901,-73.958525,40.719156,-73.948854,casual
1601122,1F2936B5C861905B,classic_bike,2021-09-15 19:32:32,2021-09-15 19:37:41,Berry St & N 8 St,5379,Bayard St & Leonard St,5442,40.7190095,-73.95852515,40.71915571696044,-73.94885390996933,casual
1601168,2AFB8AE617038506,classic_bike,2021-09-28 15:32:19,2021-09-28 15:38:41,Berry St & N 8 St,5379,Bayard St & Leonard St,5442,40.7190095,-73.95852515,40.71915571696044,-73.94885390996933,member
1601231,4C113EDBF1CA3BE8,electric_bike,2021-09-01 16:31:44,2021-09-01 16:53:01,Suffolk St & Stanton St,5445,Bayard St & Leonard St,5442,40.72066442,-73.98517977,40.71915571696044,-73.94885390996933,member
1601242,2CF46BEEA3CC497B,classic_bike,2021-09-16 16:21:51,2021-09-16 16:28:27,S 5 Pl & S 5 St,5125,Bayard St & Leonard St,5442,40.710451,-73.960876,40.71915571696044,-73.94885390996933,member
1601256,2FB66B664B3BE1AA,classic_bike,2021-09-12 10:29:41,2021-09-12 11:09:52,28 Ave & 35 St,6951,Bayard St & Leonard St,5442,40.7671,-73.9169858,40.71915571696044,-73.94885390996933,member
1601258,7B0F275F49855EBD,classic_bike,2021-09-27 17:50:16,2021-09-27 17:56:43,S 5 Pl & S 5 St,5125,Bayard St & Leonard St,5442,40.710451,-73.960876,40.71915571696044,-73.94885390996933,member
1601259,9F5B53AA529A724C,classic_bike,2021-09-28 17:45:58,2021-09-28 17:50:30,S 5 Pl & S 5 St,5125,Bayard St & Leonard St,5442,40.710451,-73.960876,40.71915571696044,-73.94885390996933,member
1601273,9638791C3C79EC18,classic_bike,2021-09-05 18:16:47,2021-09-05 18:27:29,S 5 Pl & S 5 St,5125,Bayard St & Leonard St,5442,40.710451,-73.960876,40.71915571696044,-73.94885390996933,member
1601333,3F78AF2BCB4B0175,classic_bike,2021-09-11 16:09:30,2021-09-11 16:13:23,Graham Ave & Conselyea St,5291,Bayard St & Leonard St,5442,40.715143,-73.944507,40.71915571696044,-73.94885390996933,member
1601334,52CC0EC7B0BE83EB,classic_bike,2021-09-04 11:34:04,2021-09-04 11:37:35,Graham Ave & Conselyea St,5291,Bayard St & Leonard St,5442,40.715143,-73.944507,40.71915571696044,-73.94885390996933,member
1601335,FA9CF2EDCD802BF3,classic_bike,2021-09-04 09:03:18,2021-09-04 09:10:14,Graham Ave & Conselyea St,5291,Bayard St & Leonard St,5442,40.715143,-73.944507,40.71915571696044,-73.94885390996933,member
1601336,F37370F5D90AF490,classic_bike,2021-09-05 12:22:01,2021-09-05 12:25:27,Graham Ave & Conselyea St,5291,Bayard St & Leonard St,5442,40.715143,-73.944507,40.71915571696044,-73.94885390996933,member
1601339,858816BCD0E03658,classic_bike,2021-09-20 17:25:21,2021-09-20 17:36:03,Bushwick Ave & Stagg St,5140,Bayard St & Leonard St,5442,40.709897,-73.94008,40.71915571696044,-73.94885390996933,casual
1601353,F9E2E1ACC8260183,classic_bike,2021-09-26 18:26:50,2021-09-26 18:33:30,S 5 Pl & S 5 St,5125,Bayard St & Leonard St,5442,40.710451,-73.960876,40.71915571696044,-73.94885390996933,casual
1601365,540CB38ECC17C399,classic_bike,2021-09-10 09:14:06,2021-09-10 09:21:47,S 5 Pl & S 5 St,5125,Bayard St & Leonard St,5442,40.710451,-73.960876,40.71915571696044,-73.94885390996933,member
1601402,6A75606BC6CEEF2B,electric_bike,2021-09-02 11:21:22,2021-09-02 11:57:02,Barclay St & Church St,5216,Bayard St & Leonard St,5442,40.71291224,-74.01020234,40.71915571696044,-73.94885390996933,casual
1601430,3320B1E7615A77DD,electric_bike,2021-09-24 10:20:31,2021-09-24 10:36:43,Concord St & Bridge St,4781,Bayard St & Leonard St,5442,40.69766564,-73.98476437,40.71915571696044,-73.94885390996933,member
1601441,D73E903C574F00A1,classic_bike,2021-09-10 17:56:42,2021-09-10 18:02:27,S 5 Pl & S 5 St,5125,Bayard St & Leonard St,5442,40.710451,-73.960876,40.71915571696044,-73.94885390996933,member
1601470,4B9F9A602A7A59B6,electric_bike,2021-09-03 08:42:58,2021-09-03 08:56:28,Suffolk St & Stanton St,5445,Bayard St & Leonard St,5442,40.72066442,-73.98517977,40.71915571696044,-73.94885390996933,casual
1601472,18A8EDFA42842ACE,classic_bike,2021-09-06 14:33:05,2021-09-06 14:44:54,Berry St & N 8 St,5379,Bayard St & Leonard St,5442,40.7190095,-73.95852515,40.71915571696044,-73.94885390996933,casual
1601474,DAE9EEB121275830,classic_bike,2021-09-14 18:33:53,2021-09-14 19:16:09,Berry St & N 8 St,5379,Bayard St & Leonard St,5442,40.7190095,-73.95852515,40.71915571696044,-73.94885390996933,casual
1601484,391F3DD63B9C00F3,classic_bike,2021-09-29 17:42:03,2021-09-29 17:59:17,Wyckoff Av & Stanhope St,4931,Bayard St & Leonard St,5442,40.703545,-73.917775,40.71915571696044,-73.94885390996933,member
1601524,80B02A1F6B6B1815,classic_bike,2021-09-02 13:25:37,2021-09-02 13:57:30,Prospect Pl & 6 Ave,4166,Bayard St & Leonard St,5442,40.6793307,-73.97519523,40.71915571696044,-73.94885390996933,member
1601588,8CF8CAC2119B25E6,electric_bike,2021-09-25 11:23:03,2021-09-25 11:59:04,S 5 Pl & S 5 St,5125,Bayard St & Leonard St,5442,40.710451,-73.960876,40.71915571696044,-73.94885390996933,casual
1601593,5337E4A3C250C8DE,classic_bike,2021-09-12 10:29:51,2021-09-12 11:09:48,28 Ave & 35 St,6951,Bayard St & Leonard St,5442,40.7671,-73.9169858,40.71915571696044,-73.94885390996933,member
1601651,CC3034FE85E49584,classic_bike,2021-09-19 19:04:07,2021-09-19 19:21:11,S 5 Pl & S 5 St,5125,Bayard St & Leonard St,5442,40.710451,-73.960876,40.71915571696044,-73.94885390996933,casual
1601683,91440EA184A1C0D6,classic_bike,2021-09-14 10:31:03,2021-09-14 10:37:55,S 5 Pl & S 5 St,5125,Bayard St & Leonard St,5442,40.710451,-73.960876,40.71915571696044,-73.94885390996933,casual
1601690,C70B390467C2663D,classic_bike,2021-09-03 13:51:45,2021-09-03 13:59:44,S 5 Pl & S 5 St,5125,Bayard St & Leonard St,5442,40.710451,-73.960876,40.71915571696044,-73.94885390996933,member
1601697,7BA0CA65DBB43ED3,electric_bike,2021-09-16 09:32:06,2021-09-16 09:48:31,Wyckoff Av & Stanhope St,4931,Bayard St & Leonard St,5442,40.703545,-73.917775,40.71915571696044,-73.94885390996933,casual
1601796,89DBB12EB6F455F1,classic_bike,2021-09-03 09:30:35,2021-09-03 09:43:24,Throop Ave & Myrtle Ave,4697,Bayard St & Leonard St,5442,40.69622937,-73.94371094,40.71915571696044,-73.94885390996933,casual
1601844,0F58F2839D0EB3B9,classic_bike,2021-09-12 00:25:27,2021-09-12 00:43:03,Jackson Ave & 46 Rd,6203,Bayard St & Leonard St,5442,40.74524768,-73.94733276,40.71915571696044,-73.94885390996933,casual
1601924,2F7C32236DBB6E4D,electric_bike,2021-09-24 09:16:11,2021-09-24 09:37:22,Barclay St & Church St,5216,Bayard St & Leonard St,5442,40.71291224,-74.01020234,40.71915571696044,-73.94885390996933,casual
1601938,291C8DFEDFEF80FA,classic_bike,2021-09-07 09:04:55,2021-09-07 09:20:36,Kosciuszko St & Tompkins Ave,4553,Bayard St & Leonard St,5442,40.69128258,-73.9452416,40.71915571696044,-73.94885390996933,casual
1602000,8637E219D58E8010,electric_bike,2021-09-25 20:05:41,2021-09-25 20:12:13,S 5 Pl & S 5 St,5125,Bayard St & Leonard St,5442,40.710451,-73.960876,40.71915571696044,-73.94885390996933,casual
1602004,834B622D6F05574B,docked_bike,2021-09-22 16:10:37,2021-09-22 16:19:17,Berry St & N 8 St,5379,Bayard St & Leonard St,5442,40.71901,-73.958525,40.719156,-73.948854,casual
1602009,0E75ABF51C21A422,classic_bike,2021-09-08 15:51:26,2021-09-08 15:57:10,Berry St & N 8 St,5379,Bayard St & Leonard St,5442,40.7190095,-73.95852515,40.71915571696044,-73.94885390996933,member
1602010,3B1AC7772EF0F510,electric_bike,2021-09-01 14:12:07,2021-09-01 14:16:56,Berry St & N 8 St,5379,Bayard St & Leonard St,5442,40.7190095,-73.95852515,40.71915571696044,-73.94885390996933,member
1602016,5ECA21FFAF3958FA,classic_bike,2021-09-26 14:40:13,2021-09-26 15:04:48,Suffolk St & Stanton St,5445,Bayard St & Leonard St,5442,40.72066442,-73.98517977,40.71915571696044,-73.94885390996933,casual
1602034,FE1F58075EEF3280,classic_bike,2021-09-10 09:29:15,2021-09-10 09:36:45,S 5 Pl & S 5 St,5125,Bayard St & Leonard St,5442,40.710451,-73.960876,40.71915571696044,-73.94885390996933,member
1602078,000A4A43DCB7BA5A,electric_bike,2021-09-30 10:04:43,2021-09-30 10:25:47,Barclay St & Church St,5216,Bayard St & Leonard St,5442,40.71291224,-74.01020234,40.71915571696044,-73.94885390996933,member
1602079,672E9E1778BD429E,classic_bike,2021-09-17 18:27:56,2021-09-17 19:00:56,28 Ave & 35 St,6951,Bayard St & Leonard St,5442,40.7671,-73.9169858,40.71915571696044,-73.94885390996933,member
1602130,A3896452685576B6,classic_bike,2021-09-15 17:48:45,2021-09-15 18:06:59,Clinton Ave & Myrtle Ave,4651,Bayard St & Leonard St,5442,40.693261,-73.968896,40.71915571696044,-73.94885390996933,member
1602142,1108A01C0F129FEE,electric_bike,2021-09-24 20:43:05,2021-09-24 20:57:50,E 2 St & Avenue B,5515,Bayard St & Leonard St,5442,40.72217444,-73.98368779,40.71915571696044,-73.94885390996933,member
1602159,00005F898F62C5B3,classic_bike,2021-09-25 13:48:01,2021-09-25 14:04:15,S 5 Pl & S 5 St,5125,Bayard St & Leonard St,5442,40.710451,-73.960876,40.71915571696044,-73.94885390996933,casual
1602178,242927CE56F86B40,classic_bike,2021-09-06 16:52:49,2021-09-06 17:08:44,Scholes St & Manhattan Ave,5108,Bayard St & Leonard St,5442,40.70870368,-73.9448625,40.71915571696044,-73.94885390996933,member
1602200,5ED2E0BE534D93DB,classic_bike,2021-09-15 17:16:07,2021-09-15 17:28:12,Vernon Blvd & 50 Ave,6170,Bayard St & Leonard St,5442,40.74232744,-73.95411749,40.71915571696044,-73.94885390996933,casual
1602229,BA41FA379396F46B,electric_bike,2021-09-06 15:21:15,2021-09-06 16:12:37,Broad St & Water St,4920,Bayard St & Leonard St,5442,40.70293782409166,-74.01149354875088,40.71915571696044,-73.94885390996933,member
1602249,A9464751E089CA35,classic_bike,2021-09-10 17:14:44,2021-09-10 17:28:56,Vernon Blvd & 50 Ave,6170,Bayard St & Leonard St,5442,40.74232744,-73.95411749,40.71915571696044,-73.94885390996933,casual
1602263,4EB8ABA7407A73FA,docked_bike,2021-09-04 15:35:25,2021-09-04 15:59:11,Washington Ave & Park Ave,4724,Bayard St & Leonard St,5442,40.696102,-73.96751,40.719156,-73.948854,casual
1602307,31D5528FA3FB5F25,classic_bike,2021-09-08 08:54:29,2021-09-08 09:03:15,Berry St & N 8 St,5379,Bayard St & Leonard St,5442,40.7190095,-73.95852515,40.71915571696044,-73.94885390996933,casual
1602385,AC1E7AC59C9AF3D9,classic_bike,2021-09-26 15:04:25,2021-09-26 15:07:10,Leonard St & Nassau Ave,5550,Bayard St & Leonard St,5442,40.7239567849954,-73.94984364509583,40.71915571696044,-73.94885390996933,member
1602440,6421973C2C66F6DD,classic_bike,2021-09-24 17:56:01,2021-09-24 18:15:15,Vernon Blvd & 50 Ave,6170,Bayard St & Leonard St,5442,40.74232744,-73.95411749,40.71915571696044,-73.94885390996933,casual
1602444,9270A60FC990F6C4,electric_bike,2021-09-08 12:23:12,2021-09-08 12:46:01,E 58 St & 1 Ave (NW Corner),6723,Bayard St & Leonard St,5442,40.759125,-73.962658,40.71915571696044,-73.94885390996933,member
1602449,738E16921F265268,classic_bike,2021-09-18 14:35:11,2021-09-18 14:39:54,Berry St & N 8 St,5379,Bayard St & Leonard St,5442,40.7190095,-73.95852515,40.71915571696044,-73.94885390996933,member
1602464,F1FD225BD6682123,classic_bike,2021-09-30 10:32:49,2021-09-30 10:37:26,Berry St & N 8 St,5379,Bayard St & Leonard St,5442,40.7190095,-73.95852515,40.71915571696044,-73.94885390996933,member
1602475,E8387674203A5869,classic_bike,2021-09-01 16:52:57,2021-09-01 16:54:55,Leonard St & Nassau Ave,5550,Bayard St & Leonard St,5442,40.7239567849954,-73.94984364509583,40.71915571696044,-73.94885390996933,member
1602546,F974040BEFCB877E,classic_bike,2021-09-11 19:31:52,2021-09-11 19:36:22,Graham Ave & Herbert St,5403,Bayard St & Leonard St,5442,40.71929301,-73.94500379,40.71915571696044,-73.94885390996933,member
1602575,5BCE2FDD945D696E,classic_bike,2021-09-14 18:04:23,2021-09-14 18:07:21,Graham Ave & Herbert St,5403,Bayard St & Leonard St,5442,40.71929301,-73.94500379,40.71915571696044,-73.94885390996933,member
1602586,9A6B0D308C222639,classic_bike,2021-09-17 10:49:30,2021-09-17 10:52:49,Graham Ave & Herbert St,5403,Bayard St & Leonard St,5442,40.71929301,-73.94500379,40.71915571696044,-73.94885390996933,casual
1602598,1F2A58200A3208D9,classic_bike,2021-09-30 08:28:38,2021-09-30 08:33:49,Berry St & N 8 St,5379,Bayard St & Leonard St,5442,40.7190095,-73.95852515,40.71915571696044,-73.94885390996933,member
1602618,E6B260EB24D3798F,classic_bike,2021-09-21 16:34:15,2021-09-21 16:53:11,Cleveland Pl & Spring St,5492,Bayard St & Leonard St,5442,40.722103786686034,-73.99724900722504,40.71915571696044,-73.94885390996933,member
1602622,676CC19FF0D5C012,classic_bike,2021-09-24 16:11:52,2021-09-24 16:52:48,6 Ave & W 34 St,6364,Bayard St & Leonard St,5442,40.74964,-73.98805,40.71915571696044,-73.94885390996933,member
1602698,4C2284F09B75127D,electric_bike,2021-09-28 19:25:26,2021-09-28 19:43:22,Clinton Ave & Flushing Ave,4762,Bayard St & Leonard St,5442,40.69794,-73.96986848,40.71915571696044,-73.94885390996933,member
1602723,E4FCA239BF3AA43C,electric_bike,2021-09-08 07:13:27,2021-09-08 07:29:38,Putnam Ave & Throop Ave,4392,Bayard St & Leonard St,5442,40.6851532,-73.94111,40.71915571696044,-73.94885390996933,member
1602752,89B55027D40FF271,classic_bike,2021-09-13 17:17:05,2021-09-13 17:29:16,Vernon Blvd & 50 Ave,6170,Bayard St & Leonard St,5442,40.74232744,-73.95411749,40.71915571696044,-73.94885390996933,casual
1602760,8669B2BFB926C0FE,classic_bike,2021-09-19 12:16:30,2021-09-19 12:33:55,Vernon Blvd & 50 Ave,6170,Bayard St & Leonard St,5442,40.74232744,-73.95411749,40.71915571696044,-73.94885390996933,member
1602767,2C656299D90CDCA8,classic_bike,2021-09-10 19:33:29,2021-09-10 19:46:04,Vernon Blvd & 50 Ave,6170,Bayard St & Leonard St,5442,40.74232744,-73.95411749,40.71915571696044,-73.94885390996933,member
1602783,732C50B9A07F075B,classic_bike,2021-09-21 21:40:52,2021-09-21 21:55:29,Melrose St & Broadway,4801,Bayard St & Leonard St,5442,40.697481,-73.935877,40.71915571696044,-73.94885390996933,member
1602825,5EF6DD045B826EA0,classic_bike,2021-09-18 10:34:55,2021-09-18 10:53:20,Putnam Ave & Throop Ave,4392,Bayard St & Leonard St,5442,40.6851532,-73.94111,40.71915571696044,-73.94885390996933,member
1602832,54A7ACAF63F406F8,classic_bike,2021-09-18 13:25:01,2021-09-18 13:27:50,Leonard St & Nassau Ave,5550,Bayard St & Leonard St,5442,40.7239567849954,-73.94984364509583,40.71915571696044,-73.94885390996933,member
1602849,AADEECC31F0FB161,classic_bike,2021-09-22 18:02:20,2021-09-22 18:15:00,Melrose St & Broadway,4801,Bayard St & Leonard St,5442,40.697481,-73.935877,40.71915571696044,-73.94885390996933,member
1602856,66514C47E0F78A40,classic_bike,2021-09-26 14:33:37,2021-09-26 14:52:50,Kosciuszko St & Nostrand Ave,4519,Bayard St & Leonard St,5442,40.69072549,-73.95133465,40.71915571696044,-73.94885390996933,casual
1602868,81C15188CD7F88E9,electric_bike,2021-09-21 09:20:59,2021-09-21 09:44:18,Barclay St & Church St,5216,Bayard St & Leonard St,5442,40.71291224,-74.01020234,40.71915571696044,-73.94885390996933,casual
1602910,8A21557D6C8EEC90,classic_bike,2021-09-02 12:28:12,2021-09-02 12:30:34,Leonard St & Nassau Ave,5550,Bayard St & Leonard St,5442,40.7239567849954,-73.94984364509583,40.71915571696044,-73.94885390996933,member
1602911,B5561E13288A7266,electric_bike,2021-09-08 07:58:22,2021-09-08 08:00:22,Leonard St & Nassau Ave,5550,Bayard St & Leonard St,5442,40.7239567849954,-73.94984364509583,40.71915571696044,-73.94885390996933,member
1602959,40208E90CAF3D626,electric_bike,2021-09-08 17:04:22,2021-09-08 17:09:08,Berry St & N 8 St,5379,Bayard St & Leonard St,5442,40.7190095,-73.95852515,40.71915571696044,-73.94885390996933,member
1602960,3F9513A2D28C0A01,classic_bike,2021-09-08 08:05:10,2021-09-08 08:08:23,Berry St & N 8 St,5379,Bayard St & Leonard St,5442,40.7190095,-73.95852515,40.71915571696044,-73.94885390996933,member
1602969,7F9AA9331E678B6B,classic_bike,2021-09-14 18:33:27,2021-09-14 19:16:05,Berry St & N 8 St,5379,Bayard St & Leonard St,5442,40.7190095,-73.95852515,40.71915571696044,-73.94885390996933,casual
1602986,E914EF2E09B95DF4,classic_bike,2021-09-25 13:48:31,2021-09-25 14:04:41,S 5 Pl & S 5 St,5125,Bayard St & Leonard St,5442,40.710451,-73.960876,40.71915571696044,-73.94885390996933,member
1603179,047048D517035FB6,classic_bike,2021-09-18 06:44:40,2021-09-18 06:56:38,McGuinness Blvd & Eagle St,5977,Bayard St & Leonard St,5442,40.73555,-73.95284,40.71915571696044,-73.94885390996933,casual
1603279,27A8ADA0613D0B4A,electric_bike,2021-09-10 22:27:06,2021-09-10 22:56:33,Cambridge Pl & Gates Ave,4377,Bayard St & Leonard St,5442,40.68488,-73.96304,40.71915571696044,-73.94885390996933,casual
1603291,94BEFDDF182D30F4,classic_bike,2021-09-25 14:02:39,2021-09-25 14:19:13,McGuinness Blvd & Eagle St,5977,Bayard St & Leonard St,5442,40.73555,-73.95284,40.71915571696044,-73.94885390996933,member
1603316,92C9EA8C14A8CA96,classic_bike,2021-09-08 20:03:23,2021-09-08 20:15:29,S 5 Pl & S 5 St,5125,Bayard St & Leonard St,5442,40.710451,-73.960876,40.71915571696044,-73.94885390996933,member
1603334,B985FA228931FB27,electric_bike,2021-09-30 16:27:49,2021-09-30 16:57:10,Water St & Gouverneur Ln,4993,Bayard St & Leonard St,5442,40.70469667894968,-74.00803416967392,40.71915571696044,-73.94885390996933,member
1603356,E7D83AD1A5C45994,classic_bike,2021-09-06 12:41:10,2021-09-06 12:48:12,S 5 Pl & S 5 St,5125,Bayard St & Leonard St,5442,40.710451,-73.960876,40.71915571696044,-73.94885390996933,member
1603380,25FFDBF10FB1D40B,classic_bike,2021-09-04 15:06:10,2021-09-04 15:29:28,DeKalb Ave & Franklin Ave,4528,Bayard St & Leonard St,5442,40.69064807082943,-73.95746178925037,40.71915571696044,-73.94885390996933,casual
1603462,6A29DD19018789F9,classic_bike,2021-09-22 17:28:09,2021-09-22 17:40:44,Jackson Ave & 46 Rd,6203,Bayard St & Leonard St,5442,40.74524768,-73.94733276,40.71915571696044,-73.94885390996933,member
1603468,9406F81DE9323374,classic_bike,2021-09-19 11:46:58,2021-09-19 12:07:26,Kosciuszko St & Tompkins Ave,4553,Bayard St & Leonard St,5442,40.69128258,-73.9452416,40.71915571696044,-73.94885390996933,casual
1603504,B5DD42E811F2AF6D,classic_bike,2021-09-27 14:47:17,2021-09-27 15:03:46,Melrose St & Broadway,4801,Bayard St & Leonard St,5442,40.697481,-73.935877,40.71915571696044,-73.94885390996933,member
1603508,78C974251521F1F8,classic_bike,2021-09-17 19:19:41,2021-09-17 20:06:11,W 34 St & 11 Ave,6578,Bayard St & Leonard St,5442,40.75594159,-74.0021163,40.71915571696044,-73.94885390996933,member
1603561,9BD181C590B993EB,electric_bike,2021-09-17 20:18:26,2021-09-17 20:31:20,Melrose St & Broadway,4801,Bayard St & Leonard St,5442,40.697481,-73.935877,40.71915571696044,-73.94885390996933,casual
1603562,5ABF3A8631417A14,electric_bike,2021-09-17 20:18:22,2021-09-17 20:31:19,Melrose St & Broadway,4801,Bayard St & Leonard St,5442,40.697481,-73.935877,40.71915571696044,-73.94885390996933,casual
1603569,8109669399AB2935,classic_bike,2021-09-24 14:27:01,2021-09-24 14:39:45,Melrose St & Broadway,4801,Bayard St & Leonard St,5442,40.697481,-73.935877,40.71915571696044,-73.94885390996933,casual
1603585,488AE7445BE5A6B4,electric_bike,2021-09-15 20:06:01,2021-09-15 20:30:36,E 68 St & 3 Ave,6896,Bayard St & Leonard St,5442,40.76712840349542,-73.96224617958069,40.71915571696044,-73.94885390996933,member
1603629,746E05E7A0A1EB03,electric_bike,2021-09-16 18:06:21,2021-09-16 18:47:47,Cleveland Pl & Spring St,5492,Bayard St & Leonard St,5442,40.722103786686034,-73.99724900722504,40.71915571696044,-73.94885390996933,member
1603638,81C9914E5EC1B155,classic_bike,2021-09-23 15:59:02,2021-09-23 16:43:36,Melrose St & Broadway,4801,Bayard St & Leonard St,5442,40.697481,-73.935877,40.71915571696044,-73.94885390996933,member
1603659,60000047FCBF0836,classic_bike,2021-09-04 16:15:05,2021-09-04 16:29:49,Melrose St & Broadway,4801,Bayard St & Leonard St,5442,40.697481,-73.935877,40.71915571696044,-73.94885390996933,casual
1603702,8F0AD3B3793B008A,electric_bike,2021-09-06 17:50:54,2021-09-06 18:24:58,37 St & 24 Ave,6981,Bayard St & Leonard St,5442,40.7701477,-73.9120938,40.71915571696044,-73.94885390996933,member
1603748,AF729C82F5DB3795,electric_bike,2021-09-07 09:21:27,2021-09-07 09:37:46,Clinton Ave & Flushing Ave,4762,Bayard St & Leonard St,5442,40.69794,-73.96986848,40.71915571696044,-73.94885390996933,member
1603759,C6236E1EE23FEEAE,classic_bike,2021-09-26 23:06:08,2021-09-26 23:15:10,Graham Ave & Herbert St,5403,Bayard St & Leonard St,5442,40.71929301,-73.94500379,40.71915571696044,-73.94885390996933,member
1603765,AD4DADDDDB563682,classic_bike,2021-09-17 12:54:49,2021-09-17 13:19:55,Cleveland Pl & Spring St,5492,Bayard St & Leonard St,5442,40.722103786686034,-73.99724900722504,40.71915571696044,-73.94885390996933,member
1603767,4B39EE59FACDEB73,classic_bike,2021-09-19 12:53:28,2021-09-19 13:22:02,Forsyth St\t& Grand St,5382,Bayard St & Leonard St,5442,40.71779817737835,-73.99316132068634,40.71915571696044,-73.94885390996933,member
1603777,F5F6C996913DDFCB,electric_bike,2021-09-25 11:33:25,2021-09-25 11:49:22,Cleveland Pl & Spring St,5492,Bayard St & Leonard St,5442,40.722103786686034,-73.99724900722504,40.71915571696044,-73.94885390996933,member
1603788,1E3176F804CB3C73,classic_bike,2021-09-13 13:57:21,2021-09-13 13:59:47,Graham Ave & Herbert St,5403,Bayard St & Leonard St,5442,40.71929301,-73.94500379,40.71915571696044,-73.94885390996933,member
1603859,56FF9703237F2C8C,classic_bike,2021-09-28 18:16:00,2021-09-28 18:26:27,Vernon Blvd & 50 Ave,6170,Bayard St & Leonard St,5442,40.74232744,-73.95411749,40.71915571696044,-73.94885390996933,casual
1603898,00100FA96F48AD04,classic_bike,2021-09-04 20:39:06,2021-09-04 20:51:43,Engert Ave & McGuinness Blvd,5473,Bayard St & Leonard St,5442,40.72158,-73.94546,40.71915571696044,-73.94885390996933,member
1603900,A9A55747F751BFE4,classic_bike,2021-09-27 09:06:30,2021-09-27 09:09:25,Engert Ave & McGuinness Blvd,5473,Bayard St & Leonard St,5442,40.72158,-73.94546,40.71915571696044,-73.94885390996933,member
1603901,314EEC7698BD42A8,classic_bike,2021-09-21 18:45:00,2021-09-21 18:47:55,Engert Ave & McGuinness Blvd,5473,Bayard St & Leonard St,5442,40.72158,-73.94546,40.71915571696044,-73.94885390996933,member
1603902,7E323C21B54F05DF,classic_bike,2021-09-19 12:10:59,2021-09-19 12:12:57,Engert Ave & McGuinness Blvd,5473,Bayard St & Leonard St,5442,40.72158,-73.94546,40.71915571696044,-73.94885390996933,member
1603911,599FF179C02BE107,classic_bike,2021-09-09 11:16:15,2021-09-09 11:20:09,Engert Ave & McGuinness Blvd,5473,Bayard St & Leonard St,5442,40.72158,-73.94546,40.71915571696044,-73.94885390996933,member
1603913,36F5F4CBAE266FE3,electric_bike,2021-09-18 13:17:20,2021-09-18 14:01:00,Engert Ave & McGuinness Blvd,5473,Bayard St & Leonard St,5442,40.72158,-73.94546,40.71915571696044,-73.94885390996933,member
1603914,DF1177881257329F,classic_bike,2021-09-17 19:05:16,2021-09-17 19:07:20,Engert Ave & McGuinness Blvd,5473,Bayard St & Leonard St,5442,40.72158,-73.94546,40.71915571696044,-73.94885390996933,member
1603915,33667A64CDD59252,classic_bike,2021-09-17 14:38:00,2021-09-17 14:39:44,Engert Ave & McGuinness Blvd,5473,Bayard St & Leonard St,5442,40.72158,-73.94546,40.71915571696044,-73.94885390996933,member
1603917,2E6590D62F28A503,electric_bike,2021-09-08 19:41:58,2021-09-08 20:07:24,Carlton Ave & Dean St,4199,Bayard St & Leonard St,5442,40.6809741,-73.9710097,40.71915571696044,-73.94885390996933,casual
1603920,7C16A4C9439665A5,classic_bike,2021-09-28 19:25:22,2021-09-28 19:27:32,Engert Ave & McGuinness Blvd,5473,Bayard St & Leonard St,5442,40.72158,-73.94546,40.71915571696044,-73.94885390996933,member
1603921,FBDCB69A98EC0171,classic_bike,2021-09-28 12:33:07,2021-09-28 12:49:45,Engert Ave & McGuinness Blvd,5473,Bayard St & Leonard St,5442,40.72158,-73.94546,40.71915571696044,-73.94885390996933,member
1603922,644208EDD2D6E924,classic_bike,2021-09-23 12:08:26,2021-09-23 12:24:31,Engert Ave & McGuinness Blvd,5473,Bayard St & Leonard St,5442,40.72158,-73.94546,40.71915571696044,-73.94885390996933,member
1603923,D1A22BB6B5D701D2,classic_bike,2021-09-27 12:27:13,2021-09-27 12:31:13,Engert Ave & McGuinness Blvd,5473,Bayard St & Leonard St,5442,40.72158,-73.94546,40.71915571696044,-73.94885390996933,member
1603926,0FA3FE0A43D95876,classic_bike,2021-09-14 18:30:48,2021-09-14 19:08:20,6 Ave & Broome St,5610,Bayard St & Leonard St,5442,40.72431,-74.00473,40.71915571696044,-73.94885390996933,casual
1603931,8D9598FC7AB65AF4,classic_bike,2021-09-24 12:31:19,2021-09-24 12:53:54,Engert Ave & McGuinness Blvd,5473,Bayard St & Leonard St,5442,40.72158,-73.94546,40.71915571696044,-73.94885390996933,member
1603938,21CA101EC91D3A67,classic_bike,2021-09-28 11:03:39,2021-09-28 11:08:22,Engert Ave & McGuinness Blvd,5473,Bayard St & Leonard St,5442,40.72158,-73.94546,40.71915571696044,-73.94885390996933,member
1603946,E446612CE798EFEC,classic_bike,2021-09-10 12:22:11,2021-09-10 12:26:34,Engert Ave & McGuinness Blvd,5473,Bayard St & Leonard St,5442,40.72158,-73.94546,40.71915571696044,-73.94885390996933,member
1603947,E088063B00079710,classic_bike,2021-09-28 19:25:19,2021-09-28 19:27:35,Engert Ave & McGuinness Blvd,5473,Bayard St & Leonard St,5442,40.72158,-73.94546,40.71915571696044,-73.94885390996933,member
1603968,480EAAC0B8E8E4B1,classic_bike,2021-09-14 15:46:10,2021-09-14 16:12:16,Albany Ave & Fulton St,4237,Bayard St & Leonard St,5442,40.6800105,-73.938475,40.71915571696044,-73.94885390996933,casual
1603981,8B635155438640D1,classic_bike,2021-09-03 15:30:33,2021-09-03 15:36:13,Engert Ave & McGuinness Blvd,5473,Bayard St & Leonard St,5442,40.72158,-73.94546,40.71915571696044,-73.94885390996933,casual
1604003,56336EFCE1FF68B5,electric_bike,2021-09-10 10:21:07,2021-09-10 10:37:36,Clinton Ave & Flushing Ave,4762,Bayard St & Leonard St,5442,40.69794,-73.96986848,40.71915571696044,-73.94885390996933,member
1604035,BC21625B67DDB2D7,classic_bike,2021-09-07 18:03:42,2021-09-07 18:05:28,Graham Ave & Herbert St,5403,Bayard St & Leonard St,5442,40.71929301,-73.94500379,40.71915571696044,-73.94885390996933,member
1604041,78F953B2E5835F21,classic_bike,2021-09-13 09:05:58,2021-09-13 09:07:45,Engert Ave & McGuinness Blvd,5473,Bayard St & Leonard St,5442,40.72158,-73.94546,40.71915571696044,-73.94885390996933,member
1604042,4A9740DAE984B192,classic_bike,2021-09-26 10:21:58,2021-09-26 10:23:50,Engert Ave & McGuinness Blvd,5473,Bayard St & Leonard St,5442,40.72158,-73.94546,40.71915571696044,-73.94885390996933,member
1604043,86D336F62A759631,classic_bike,2021-09-20 08:47:56,2021-09-20 08:49:39,Engert Ave & McGuinness Blvd,5473,Bayard St & Leonard St,5442,40.72158,-73.94546,40.71915571696044,-73.94885390996933,member
1604044,55E591EF37849858,classic_bike,2021-09-06 15:18:58,2021-09-06 15:21:29,Engert Ave & McGuinness Blvd,5473,Bayard St & Leonard St,5442,40.72158,-73.94546,40.71915571696044,-73.94885390996933,member
1604055,82AC3C49FD95AF19,classic_bike,2021-09-10 10:39:16,2021-09-10 10:42:31,Engert Ave & McGuinness Blvd,5473,Bayard St & Leonard St,5442,40.72158,-73.94546,40.71915571696044,-73.94885390996933,member
1604065,CB7B4DE28E0F81F8,classic_bike,2021-09-11 19:37:53,2021-09-11 20:16:40,Carlton Ave & Dean St,4199,Bayard St & Leonard St,5442,40.6809741,-73.9710097,40.71915571696044,-73.94885390996933,member
1604085,9C0C4B44CBF2678F,classic_bike,2021-09-23 08:21:14,2021-09-23 08:23:50,Engert Ave & McGuinness Blvd,5473,Bayard St & Leonard St,5442,40.72158,-73.94546,40.71915571696044,-73.94885390996933,member
1604114,4B212C2874D90A9F,classic_bike,2021-09-14 15:46:51,2021-09-14 16:12:09,Albany Ave & Fulton St,4237,Bayard St & Leonard St,5442,40.6800105,-73.938475,40.71915571696044,-73.94885390996933,member
1604117,5CA83B6214127B43,classic_bike,2021-09-04 10:40:14,2021-09-04 10:42:52,Engert Ave & McGuinness Blvd,5473,Bayard St & Leonard St,5442,40.72158,-73.94546,40.71915571696044,-73.94885390996933,member
1604124,5A25E9081F4D5F23,classic_bike,2021-09-22 11:00:49,2021-09-22 11:10:57,Bushwick Ave & Forrest St,4914,Bayard St & Leonard St,5442,40.70076,-73.93641,40.71915571696044,-73.94885390996933,member
1604125,2C82E41B9E6E4917,classic_bike,2021-09-15 11:09:17,2021-09-15 11:19:10,Bushwick Ave & Forrest St,4914,Bayard St & Leonard St,5442,40.70076,-73.93641,40.71915571696044,-73.94885390996933,member
1604131,F6D131EA628AA2E9,classic_bike,2021-09-30 18:27:28,2021-09-30 18:30:20,Engert Ave & McGuinness Blvd,5473,Bayard St & Leonard St,5442,40.72158,-73.94546,40.71915571696044,-73.94885390996933,member
1604206,BBFAA668CBF90AAC,classic_bike,2021-09-16 18:05:22,2021-09-16 18:33:52,24 Ave & 26 St,7152,Bayard St & Leonard St,5442,40.774591,-73.918544,40.71915571696044,-73.94885390996933,member
1604301,F8FA227DAFDF866D,electric_bike,2021-09-19 08:42:49,2021-09-19 08:58:14,Grand St & Samuel Dickstein Plaza,5335,Bayard St & Leonard St,5442,40.71511871996496,-73.98417055606842,40.71915571696044,-73.94885390996933,member
1604340,EC33E84C252D4CE6,classic_bike,2021-09-01 15:13:39,2021-09-01 15:29:58,45 Rd & 11 St,6319,Bayard St & Leonard St,5442,40.74708586,-73.94977234,40.71915571696044,-73.94885390996933,casual
1604364,A616A108ECC939EE,classic_bike,2021-09-15 11:08:26,2021-09-15 11:29:31,Madison St & Clinton St,5190,Bayard St & Leonard St,5442,40.71269042,-73.98776323,40.71915571696044,-73.94885390996933,casual
1604403,6FDE5087C7B44546,classic_bike,2021-09-03 00:28:13,2021-09-03 00:57:40,Canal St & Rutgers St,5303,Bayard St & Leonard St,5442,40.71427487,-73.98990025,40.71915571696044,-73.94885390996933,member
1604409,BE907565C6CA8F30,classic_bike,2021-09-08 19:52:04,2021-09-08 20:06:15,Myrtle Ave & Lewis Ave,4729,Bayard St & Leonard St,5442,40.69681963,-73.93756926,40.71915571696044,-73.94885390996933,casual
1604422,CF7CCE3ABE74834E,electric_bike,2021-09-09 21:16:26,2021-09-09 21:35:00,Madison St & Clinton St,5190,Bayard St & Leonard St,5442,40.71269042,-73.98776323,40.71915571696044,-73.94885390996933,casual
1604430,EE5077F9631DF4A3,classic_bike,2021-09-07 05:52:17,2021-09-07 06:00:40,Bushwick Ave & Forrest St,4914,Bayard St & Leonard St,5442,40.70076,-73.93641,40.71915571696044,-73.94885390996933,member
1604431,ABFCD555E2D3F84E,classic_bike,2021-09-10 06:53:42,2021-09-10 07:01:52,Bushwick Ave & Forrest St,4914,Bayard St & Leonard St,5442,40.70076,-73.93641,40.71915571696044,-73.94885390996933,member
1604440,8C11E2BEE5746233,classic_bike,2021-09-24 14:10:42,2021-09-24 14:13:53,Nassau Ave & Newell St,5623,Bayard St & Leonard St,5442,40.724812564400175,-73.94752621650696,40.71915571696044,-73.94885390996933,member
1604501,9F7B6763925A5D0A,classic_bike,2021-09-25 12:50:52,2021-09-25 13:11:29,Myrtle Ave & Lewis Ave,4729,Bayard St & Leonard St,5442,40.69681963,-73.93756926,40.71915571696044,-73.94885390996933,member
1604537,5D0EDB87B614714F,electric_bike,2021-09-17 17:53:19,2021-09-17 18:14:54,Canal St & Rutgers St,5303,Bayard St & Leonard St,5442,40.71427487,-73.98990025,40.71915571696044,-73.94885390996933,member
1604545,E85F298A20C03EE3,electric_bike,2021-09-02 19:15:39,2021-09-02 19:31:11,Canal St & Rutgers St,5303,Bayard St & Leonard St,5442,40.71427487,-73.98990025,40.71915571696044,-73.94885390996933,member
1604556,1B10B7738C9CD6F3,classic_bike,2021-09-02 16:49:33,2021-09-02 17:09:36,11 St & 43 Ave,6438,Bayard St & Leonard St,5442,40.7519071,-73.9479119,40.71915571696044,-73.94885390996933,member
1604565,4706B15C1327B703,classic_bike,2021-09-11 16:24:48,2021-09-11 16:42:38,Canal St & Rutgers St,5303,Bayard St & Leonard St,5442,40.71427487,-73.98990025,40.71915571696044,-73.94885390996933,casual
1604769,746505B92FF538AC,classic_bike,2021-09-03 17:23:45,2021-09-03 18:40:38,Vernon Blvd & 50 Ave,6170,Bayard St & Leonard St,5442,40.74232744,-73.95411749,40.71915571696044,-73.94885390996933,member
1604824,289FE0339FB91E0E,electric_bike,2021-09-21 23:41:17,2021-09-21 23:54:36,Grand St & Samuel Dickstein Plaza,5335,Bayard St & Leonard St,5442,40.71511871996496,-73.98417055606842,40.71915571696044,-73.94885390996933,casual
1604888,185C392A6737918A,electric_bike,2021-09-24 21:46:55,2021-09-24 22:24:19,Mott St & Prince St,5561,Bayard St & Leonard St,5442,40.72317958,-73.99480012,40.71915571696044,-73.94885390996933,member
1604936,847783D5D62D58BD,classic_bike,2021-09-07 15:33:40,2021-09-07 15:35:18,Graham Ave & Herbert St,5403,Bayard St & Leonard St,5442,40.71929301,-73.94500379,40.71915571696044,-73.94885390996933,member
1604957,32EDF1C8A5AB88C8,electric_bike,2021-09-21 20:17:52,2021-09-21 20:45:51,Mott St & Prince St,5561,Bayard St & Leonard St,5442,40.72317958,-73.99480012,40.71915571696044,-73.94885390996933,member
1605116,3A963631063DA33C,electric_bike,2021-09-11 18:48:27,2021-09-11 19:13:26,Mott St & Prince St,5561,Bayard St & Leonard St,5442,40.72317958,-73.99480012,40.71915571696044,-73.94885390996933,casual
1605133,219D6013A1ED20D3,classic_bike,2021-09-06 10:42:19,2021-09-06 10:57:00,Bushwick Ave & Harman St,4640,Bayard St & Leonard St,5442,40.69356,-73.92524,40.71915571696044,-73.94885390996933,member
1605193,B857CFE3DDA8C5CA,classic_bike,2021-09-29 17:08:16,2021-09-29 17:23:28,Bushwick Ave & Harman St,4640,Bayard St & Leonard St,5442,40.69356,-73.92524,40.71915571696044,-73.94885390996933,member
1605194,FFE1C5B78175A385,classic_bike,2021-09-08 17:32:03,2021-09-08 17:48:45,Bushwick Ave & Harman St,4640,Bayard St & Leonard St,5442,40.69356,-73.92524,40.71915571696044,-73.94885390996933,member
1605195,0AD9983783DB6674,classic_bike,2021-09-24 11:55:45,2021-09-24 12:13:23,Bushwick Ave & Harman St,4640,Bayard St & Leonard St,5442,40.69356,-73.92524,40.71915571696044,-73.94885390996933,member
1605217,5B508835765939F5,classic_bike,2021-09-18 18:41:37,2021-09-18 19:10:11,Front St & Washington St,4936,Bayard St & Leonard St,5442,40.70255088,-73.98940236,40.71915571696044,-73.94885390996933,member
1605225,1AA25D1911DB22B4,electric_bike,2021-09-22 16:09:54,2021-09-22 16:27:34,Canal St & Rutgers St,5303,Bayard St & Leonard St,5442,40.71427487,-73.98990025,40.71915571696044,-73.94885390996933,casual
1605231,ADD35490B47C3DAF,classic_bike,2021-09-11 15:52:21,2021-09-11 15:55:20,Graham Ave & Withers St,5403,Bayard St & Leonard St,5442,40.7169811,-73.94485918,40.71915571696044,-73.94885390996933,member
1605232,B7B0BD70787177F5,classic_bike,2021-09-11 12:54:01,2021-09-11 12:57:08,Graham Ave & Withers St,5403,Bayard St & Leonard St,5442,40.7169811,-73.94485918,40.71915571696044,-73.94885390996933,member
1605233,B60DF45D3FEF16D8,classic_bike,2021-09-06 20:53:52,2021-09-06 20:55:17,Manhattan Av & Leonard St,5442,Bayard St & Leonard St,5442,40.72084,-73.94844,40.71915571696044,-73.94885390996933,member
1605237,44CA4BD7C30CD16F,classic_bike,2021-09-28 16:54:08,2021-09-28 16:57:11,Graham Ave & Withers St,5403,Bayard St & Leonard St,5442,40.7169811,-73.94485918,40.71915571696044,-73.94885390996933,member
1605239,828F74D15505A66C,classic_bike,2021-09-08 13:46:17,2021-09-08 13:48:43,Graham Ave & Withers St,5403,Bayard St & Leonard St,5442,40.7169811,-73.94485918,40.71915571696044,-73.94885390996933,member
1605241,F32FA6915583E826,classic_bike,2021-09-11 10:03:50,2021-09-11 10:05:55,Manhattan Av & Leonard St,5442,Bayard St & Leonard St,5442,40.72084,-73.94844,40.71915571696044,-73.94885390996933,casual
1605243,6711597D605F2CF7,electric_bike,2021-09-17 16:41:34,2021-09-17 16:59:44,Graham Ave & Withers St,5403,Bayard St & Leonard St,5442,40.7169811,-73.94485918,40.71915571696044,-73.94885390996933,casual
1605244,2ACCFCEE44A4B334,classic_bike,2021-09-20 08:50:44,2021-09-20 09:11:13,Manhattan Av & Leonard St,5442,Bayard St & Leonard St,5442,40.72084,-73.94844,40.71915571696044,-73.94885390996933,casual
1605251,7C9598D21D07FA39,classic_bike,2021-09-04 09:49:54,2021-09-04 10:11:52,Manhattan Av & Leonard St,5442,Allen St & Rivington St,5414,40.72084,-73.94844,40.72019576,-73.98997825,casual
1605255,577C877AC3FD69AF,classic_bike,2021-09-18 17:56:58,2021-09-18 18:14:58,Suydam St & St. Nicholas Ave,5043,Bayard St & Leonard St,5442,40.70636,-73.91945,40.71915571696044,-73.94885390996933,member
1605256,86E04AA87C77F847,classic_bike,2021-09-28 21:46:18,2021-09-28 21:47:36,Manhattan Av & Leonard St,5442,Bayard St & Leonard St,5442,40.72084,-73.94844,40.71915571696044,-73.94885390996933,member
1605259,375EDDCF3A418D88,classic_bike,2021-09-21 15:31:17,2021-09-21 15:43:52,Manhattan Av & Leonard St,5442,Franklin St & Dupont St,5944,40.72084,-73.94844,40.73564,-73.95866,casual
1605267,0AC13A1D18D17C27,classic_bike,2021-09-14 17:24:05,2021-09-14 17:40:51,Suydam St & St. Nicholas Ave,5043,Bayard St & Leonard St,5442,40.70636,-73.91945,40.71915571696044,-73.94885390996933,member
1605270,91F2E26C3362E93C,classic_bike,2021-09-17 20:39:34,2021-09-17 21:01:07,Bushwick Ave & Dekalb Ave,4680,Bayard St & Leonard St,5442,40.69502,-73.92825,40.71915571696044,-73.94885390996933,casual
1605278,15C12E41EFCC090E,classic_bike,2021-09-26 15:48:54,2021-09-26 16:26:03,Manhattan Av & Leonard St,5442,Bayard St & Leonard St,5442,40.72084,-73.94844,40.71915571696044,-73.94885390996933,member
1605282,EEE9F10CDC956B81,classic_bike,2021-09-03 20:04:27,2021-09-03 20:18:43,Manhattan Av & Leonard St,5442,Franklin St & Dupont St,5944,40.72084,-73.94844,40.73564,-73.95866,casual
1605285,FFAFE1E2391E7D49,classic_bike,2021-09-14 17:43:36,2021-09-14 17:46:31,Engert Ave & McGuinness Blvd,5473,Bayard St & Leonard St,5442,40.72158,-73.94546,40.71915571696044,-73.94885390996933,member
1605287,AD484F84BF5A0C68,electric_bike,2021-09-06 10:10:32,2021-09-06 10:42:44,W 36 St & 9 Ave,6569,Bayard St & Leonard St,5442,40.75462324029105,-73.99516761302948,40.71915571696044,-73.94885390996933,member
1605300,CCB88357C45059F2,classic_bike,2021-09-07 17:56:50,2021-09-07 18:12:56,Suydam St & St. Nicholas Ave,5043,Bayard St & Leonard St,5442,40.70636,-73.91945,40.71915571696044,-73.94885390996933,member
1605301,86CB2512F2E360A4,classic_bike,2021-09-16 17:31:53,2021-09-16 17:49:30,Suydam St & St. Nicholas Ave,5043,Bayard St & Leonard St,5442,40.70636,-73.91945,40.71915571696044,-73.94885390996933,member
1605390,1BFFF2DA4E3A34E9,classic_bike,2021-09-14 18:11:51,2021-09-14 18:25:01,Nassau Ave & Newell St,5623,Bayard St & Leonard St,5442,40.724812564400175,-73.94752621650696,40.71915571696044,-73.94885390996933,member
1605408,D86BB90645BFA957,classic_bike,2021-09-06 14:12:18,2021-09-06 14:16:22,Nassau Ave & Newell St,5623,Bayard St & Leonard St,5442,40.724812564400175,-73.94752621650696,40.71915571696044,-73.94885390996933,casual
1605415,5D779443E121DC91,electric_bike,2021-09-04 14:13:40,2021-09-04 14:43:00,Bayard St & Baxter St,5351,Bayard St & Leonard St,5442,40.71602118,-73.99974372,40.71915571696044,-73.94885390996933,casual
1605423,2C6DBF8AF32FFE0B,electric_bike,2021-09-12 18:11:09,2021-09-12 18:27:01,Willoughby Ave & Tompkins Ave,4665,Bayard St & Leonard St,5442,40.69425403,-73.94626915,40.71915571696044,-73.94885390996933,casual
1605449,4BDE7F3B9464FAAE,classic_bike,2021-09-23 16:10:59,2021-09-23 16:27:20,Bushwick Ave & Forrest St,4914,Bayard St & Leonard St,5442,40.70076,-73.93641,40.71915571696044,-73.94885390996933,member
1605490,FBDDC0C3573EAF69,classic_bike,2021-09-22 21:10:56,2021-09-22 21:21:01,Central Ave & Flushing Ave,4947,Bayard St & Leonard St,5442,40.702831,-73.9333,40.71915571696044,-73.94885390996933,casual
1605516,7AF6ADD805293E43,classic_bike,2021-09-03 15:30:54,2021-09-03 15:36:12,Engert Ave & McGuinness Blvd,5473,Bayard St & Leonard St,5442,40.72158,-73.94546,40.71915571696044,-73.94885390996933,casual
1605543,BAAA11657F5BD6DA,classic_bike,2021-09-29 19:23:31,2021-09-29 19:45:11,6 Ave & Broome St,5610,Bayard St & Leonard St,5442,40.72431,-74.00473,40.71915571696044,-73.94885390996933,member
1605571,A25108F40D6DF271,classic_bike,2021-09-07 17:55:08,2021-09-07 17:57:30,Engert Ave & McGuinness Blvd,5473,Bayard St & Leonard St,5442,40.72158,-73.94546,40.71915571696044,-73.94885390996933,member
1605584,236149A944C04852,classic_bike,2021-09-16 22:59:02,2021-09-16 23:03:39,Engert Ave & McGuinness Blvd,5473,Bayard St & Leonard St,5442,40.72158,-73.94546,40.71915571696044,-73.94885390996933,member
1605686,1956F22E587B153C,classic_bike,2021-09-15 17:19:57,2021-09-15 17:38:50,Leonard St & Boerum St,5036,Bayard St & Leonard St,5442,40.70583339,-73.94644578,40.71915571696044,-73.94885390996933,casual
1605691,AC797D9ACD0C719C,classic_bike,2021-09-15 12:31:44,2021-09-15 12:45:08,Central Ave & Flushing Ave,4947,Bayard St & Leonard St,5442,40.702831,-73.9333,40.71915571696044,-73.94885390996933,member
1605774,A3976B70DDC8ADF3,classic_bike,2021-09-18 14:51:56,2021-09-18 14:53:39,Graham Ave & Herbert St,5403,Bayard St & Leonard St,5442,40.71929301,-73.94500379,40.71915571696044,-73.94885390996933,member
1605852,746E642FFAAF8451,classic_bike,2021-09-19 16:00:41,2021-09-19 16:14:24,White St & Moore St,4987,Bayard St & Leonard St,5442,40.704508,-73.9351,40.71915571696044,-73.94885390996933,member
1605858,547A552DF6E86C18,classic_bike,2021-09-10 19:44:21,2021-09-10 19:53:10,Leonard St & Boerum St,5036,Bayard St & Leonard St,5442,40.70583339,-73.94644578,40.71915571696044,-73.94885390996933,member
1605863,A636787BE6F9EBE9,classic_bike,2021-09-19 11:31:04,2021-09-19 11:40:43,Leonard St & Boerum St,5036,Bayard St & Leonard St,5442,40.70583339,-73.94644578,40.71915571696044,-73.94885390996933,member
1605885,8A019F2D662AB1B2,classic_bike,2021-09-06 18:59:19,2021-09-06 19:19:11,White St & Moore St,4987,Bayard St & Leonard St,5442,40.704508,-73.9351,40.71915571696044,-73.94885390996933,casual
1605897,7F1EE90E719B1A54,classic_bike,2021-09-08 13:11:11,2021-09-08 13:56:27,E 25 St & 2 Ave,6046,Bayard St & Leonard St,5442,40.73912601,-73.97973776,40.71915571696044,-73.94885390996933,member
1605907,4C86E6C2BC823580,electric_bike,2021-09-10 07:36:58,2021-09-10 07:46:17,Evergreen Ave & Noll St,4873,Bayard St & Leonard St,5442,40.70106,-73.93318,40.71915571696044,-73.94885390996933,member
1605908,706E953846648D39,classic_bike,2021-09-05 00:34:57,2021-09-05 00:57:13,Washington Pl & 6 Ave,5838,Bayard St & Leonard St,5442,40.73224119,-74.00026394,40.71915571696044,-73.94885390996933,member
1605920,3D0C0049DC74E3E6,classic_bike,2021-09-29 16:06:10,2021-09-29 16:14:52,Leonard St & Boerum St,5036,Bayard St & Leonard St,5442,40.70583339,-73.94644578,40.71915571696044,-73.94885390996933,member
1605937,6C6FDFB4D0E85AFA,classic_bike,2021-09-02 08:45:31,2021-09-02 08:58:18,Evergreen Ave & Noll St,4873,Bayard St & Leonard St,5442,40.70106,-73.93318,40.71915571696044,-73.94885390996933,member
1605944,00517C374169FAC8,electric_bike,2021-09-16 07:34:51,2021-09-16 07:43:42,Evergreen Ave & Noll St,4873,Bayard St & Leonard St,5442,40.70106,-73.93318,40.71915571696044,-73.94885390996933,member
1605945,727C956DB83F1F22,classic_bike,2021-09-03 12:51:58,2021-09-03 13:05:13,Evergreen Ave & Noll St,4873,Bayard St & Leonard St,5442,40.70106,-73.93318,40.71915571696044,-73.94885390996933,member
1605946,D7574E8BE6312CAD,classic_bike,2021-09-04 20:54:45,2021-09-04 21:11:29,Evergreen Ave & Noll St,4873,Bayard St & Leonard St,5442,40.70106,-73.93318,40.71915571696044,-73.94885390996933,member
1605956,5DFC5AD9AD62DAB2,classic_bike,2021-09-06 00:49:59,2021-09-06 01:10:27,Washington Pl & 6 Ave,5838,Bayard St & Leonard St,5442,40.73224119,-74.00026394,40.71915571696044,-73.94885390996933,member
1605960,E7FFEC0D726AA987,classic_bike,2021-09-17 19:00:58,2021-09-17 19:57:37,Melrose St & Broadway,4801,Bayard St & Leonard St,5442,40.697481,-73.935877,40.71915571696044,-73.94885390996933,casual
1605991,861947C63964AEEA,classic_bike,2021-09-18 09:57:20,2021-09-18 10:07:17,Evergreen Ave & Noll St,4873,Bayard St & Leonard St,5442,40.70106,-73.93318,40.71915571696044,-73.94885390996933,member
1606038,50D2045D1A914056,electric_bike,2021-09-04 23:00:06,2021-09-04 23:10:30,Evergreen Ave & Noll St,4873,Bayard St & Leonard St,5442,40.70106,-73.93318,40.71915571696044,-73.94885390996933,member
1606042,6FC2EBDD3919A826,electric_bike,2021-09-16 19:16:58,2021-09-16 19:29:17,Evergreen Ave & Noll St,4873,Bayard St & Leonard St,5442,40.70106,-73.93318,40.71915571696044,-73.94885390996933,member
1606045,2EDB90EDAFDAE768,electric_bike,2021-09-01 08:48:32,2021-09-01 08:59:40,Evergreen Ave & Noll St,4873,Bayard St & Leonard St,5442,40.70106,-73.93318,40.71915571696044,-73.94885390996933,member
1606074,5FCB7CA57718CF3C,classic_bike,2021-09-27 16:47:11,2021-09-27 17:11:48,Greene Av & Myrtle Av,4784,Bayard St & Leonard St,5442,40.698568,-73.918877,40.71915571696044,-73.94885390996933,casual
1606094,4AB27272C8CB5636,electric_bike,2021-09-16 17:42:44,2021-09-16 17:59:12,Greene Av & Myrtle Av,4784,Bayard St & Leonard St,5442,40.698568,-73.918877,40.71915571696044,-73.94885390996933,member
1606101,9B99D8D9B563F28C,classic_bike,2021-09-28 07:18:28,2021-09-28 07:21:12,Engert Ave & McGuinness Blvd,5473,Bayard St & Leonard St,5442,40.72158,-73.94546,40.71915571696044,-73.94885390996933,member
1606119,FEAAF66650CFBAB9,classic_bike,2021-09-07 13:04:00,2021-09-07 13:16:01,White St & Moore St,4987,Bayard St & Leonard St,5442,40.704508,-73.9351,40.71915571696044,-73.94885390996933,member
1606227,3CFF8D642E49DBB1,classic_bike,2021-09-16 23:55:17,2021-09-17 00:23:34,Washington Pl & 6 Ave,5838,Bayard St & Leonard St,5442,40.73224119,-74.00026394,40.71915571696044,-73.94885390996933,member
1606264,797ABF014732EE1A,classic_bike,2021-09-14 11:10:44,2021-09-14 11:21:05,Evergreen Ave & Noll St,4873,Bayard St & Leonard St,5442,40.70106,-73.93318,40.71915571696044,-73.94885390996933,member
1606265,30CD8B22C3F5588D,classic_bike,2021-09-07 08:46:22,2021-09-07 08:57:59,Evergreen Ave & Noll St,4873,Bayard St & Leonard St,5442,40.70106,-73.93318,40.71915571696044,-73.94885390996933,member
1606311,B8F36503A6DC4BC9,electric_bike,2021-09-22 21:34:46,2021-09-22 21:57:06,Mott St & Prince St,5561,Bayard St & Leonard St,5442,40.72317958,-73.99480012,40.71915571696044,-73.94885390996933,member
1606332,5385F4E3122FC258,classic_bike,2021-09-23 05:53:49,2021-09-23 06:01:37,Bushwick Ave & Forrest St,4914,Bayard St & Leonard St,5442,40.70076,-73.93641,40.71915571696044,-73.94885390996933,member
1606333,258598EB30B3CEE8,classic_bike,2021-09-21 11:08:45,2021-09-21 11:18:43,Bushwick Ave & Forrest St,4914,Bayard St & Leonard St,5442,40.70076,-73.93641,40.71915571696044,-73.94885390996933,member
1606337,542E4ABC143838C3,classic_bike,2021-09-10 18:01:47,2021-09-10 18:04:11,Engert Ave & McGuinness Blvd,5473,Bayard St & Leonard St,5442,40.72158,-73.94546,40.71915571696044,-73.94885390996933,member
1606436,76FBA969FF5AFED3,classic_bike,2021-09-03 11:37:32,2021-09-03 11:42:13,Meserole Ave & Manhattan Ave,5666,Bayard St & Leonard St,5442,40.72708584,-73.95299117,40.71915571696044,-73.94885390996933,member
1606448,6109CC770AC0F771,classic_bike,2021-09-04 16:18:00,2021-09-04 16:42:23,Bushwick Ave & Harman St,4640,Bayard St & Leonard St,5442,40.69356,-73.92524,40.71915571696044,-73.94885390996933,member
1606456,818F5D27C98D4950,classic_bike,2021-09-09 20:14:34,2021-09-09 20:22:39,Meserole Ave & Manhattan Ave,5666,Bayard St & Leonard St,5442,40.72708584,-73.95299117,40.71915571696044,-73.94885390996933,member
1606468,0357A1ACCBF74DD5,classic_bike,2021-09-22 18:32:55,2021-09-22 18:47:14,George St & Wilson Ave,4906,Bayard St & Leonard St,5442,40.702997,-73.92997,40.71915571696044,-73.94885390996933,member
1606482,6A6789666E0B53FB,classic_bike,2021-09-10 12:58:54,2021-09-10 13:02:29,Meserole Ave & Manhattan Ave,5666,Bayard St & Leonard St,5442,40.72708584,-73.95299117,40.71915571696044,-73.94885390996933,member
1606512,AB9E3897AFEE3BF4,classic_bike,2021-09-15 18:04:41,2021-09-15 18:39:19,Front St & Washington St,4936,Bayard St & Leonard St,5442,40.70255088,-73.98940236,40.71915571696044,-73.94885390996933,casual
1606531,B24DFCB0C2BD84E8,classic_bike,2021-09-17 18:11:20,2021-09-17 18:17:04,Meserole Ave & Manhattan Ave,5666,Bayard St & Leonard St,5442,40.72708584,-73.95299117,40.71915571696044,-73.94885390996933,member
1606558,BBDD5442212723EF,classic_bike,2021-09-30 19:14:23,2021-09-30 19:18:25,Meserole Ave & Manhattan Ave,5666,Bayard St & Leonard St,5442,40.72708584,-73.95299117,40.71915571696044,-73.94885390996933,member
1606588,3075B135D88D92D0,classic_bike,2021-09-09 20:14:37,2021-09-09 20:23:05,Meserole Ave & Manhattan Ave,5666,Bayard St & Leonard St,5442,40.72708584,-73.95299117,40.71915571696044,-73.94885390996933,casual
1606610,DB4834F6BD284156,electric_bike,2021-09-22 19:21:01,2021-09-22 19:59:50,Engert Ave & McGuinness Blvd,5473,Bayard St & Leonard St,5442,40.72158,-73.94546,40.71915571696044,-73.94885390996933,member
1606620,EC43AE6D02D69EAF,electric_bike,2021-09-19 14:36:16,2021-09-19 15:07:54,Prospect Pl & Underhill Ave,4116,Bayard St & Leonard St,5442,40.6769694,-73.96579,40.71915571696044,-73.94885390996933,member
1606643,1F4A47BEC2D3C805,classic_bike,2021-09-29 20:05:45,2021-09-29 20:18:39,Central Ave & Flushing Ave,4947,Bayard St & Leonard St,5442,40.702831,-73.9333,40.71915571696044,-73.94885390996933,casual
1606647,A948F160CBD7A448,classic_bike,2021-09-18 17:06:31,2021-09-18 17:10:10,Meserole Ave & Manhattan Ave,5666,Bayard St & Leonard St,5442,40.72708584,-73.95299117,40.71915571696044,-73.94885390996933,member
1606655,B65363D0E7B3FC0E,classic_bike,2021-09-03 20:05:06,2021-09-03 20:18:54,Manhattan Av & Leonard St,5442,Franklin St & Dupont St,5944,40.72084,-73.94844,40.73564,-73.95866,casual
1606656,AC1178560F94A972,classic_bike,2021-09-20 18:17:00,2021-09-20 18:25:15,Graham Ave & Withers St,5403,Bayard St & Leonard St,5442,40.7169811,-73.94485918,40.71915571696044,-73.94885390996933,casual
1606731,6F621633FE8C6CF0,classic_bike,2021-09-04 21:54:24,2021-09-04 22:17:44,Grand St & Havemeyer St,5267,Bayard St & Leonard St,5442,40.71286844,-73.95698119,40.71915571696044,-73.94885390996933,casual
1606733,775BFB6058604922,electric_bike,2021-09-03 14:54:47,2021-09-03 15:06:15,Manhattan Av & Leonard St,5442,Broadway & Berry St,5164,40.72084,-73.94844,40.71044554,-73.96525063,member
1606736,0914A09A3AD1965A,classic_bike,2021-09-11 09:35:27,2021-09-11 09:51:46,Suydam St & St. Nicholas Ave,5043,Bayard St & Leonard St,5442,40.70636,-73.91945,40.71915571696044,-73.94885390996933,member
1606756,2D511FB7F214C4BB,electric_bike,2021-09-30 17:46:27,2021-09-30 18:00:55,Bushwick Ave & Harman St,4640,Bayard St & Leonard St,5442,40.69356,-73.92524,40.71915571696044,-73.94885390996933,member
1606757,1B59A9B57DA1BAC0,classic_bike,2021-09-20 17:16:49,2021-09-20 17:33:33,Bushwick Ave & Harman St,4640,Bayard St & Leonard St,5442,40.69356,-73.92524,40.71915571696044,-73.94885390996933,member
1606758,F532DB5713D065CD,electric_bike,2021-09-03 09:15:17,2021-09-03 09:43:43,17 St & 5 Ave,3699,Bayard St & Leonard St,5442,40.663493,-73.991007,40.71915571696044,-73.94885390996933,casual
1606761,E5C0C7E7C6039FAC,classic_bike,2021-09-05 17:20:07,2021-09-05 17:25:06,Grand St & Havemeyer St,5267,Bayard St & Leonard St,5442,40.71286844,-73.95698119,40.71915571696044,-73.94885390996933,member
1606767,521CD124FC982E27,classic_bike,2021-09-20 08:50:47,2021-09-20 09:11:29,Manhattan Av & Leonard St,5442,Bayard St & Leonard St,5442,40.72084,-73.94844,40.71915571696044,-73.94885390996933,casual
1606773,E33D1B5FA776D53A,classic_bike,2021-09-22 19:04:02,2021-09-22 19:08:36,Grand St & Havemeyer St,5267,Bayard St & Leonard St,5442,40.71286844,-73.95698119,40.71915571696044,-73.94885390996933,member
1606779,D48E9F48D7514AAB,classic_bike,2021-09-11 19:13:05,2021-09-11 19:18:34,Grand St & Havemeyer St,5267,Bayard St & Leonard St,5442,40.71286844,-73.95698119,40.71915571696044,-73.94885390996933,casual
1606780,6F0F52100C72BC8A,classic_bike,2021-09-23 08:35:15,2021-09-23 08:41:29,Grand St & Havemeyer St,5267,Bayard St & Leonard St,5442,40.71286844,-73.95698119,40.71915571696044,-73.94885390996933,member
1606782,7AAB3272658537BF,classic_bike,2021-09-02 17:21:02,2021-09-02 17:30:26,Grand St & Havemeyer St,5267,Bayard St & Leonard St,5442,40.71286844,-73.95698119,40.71915571696044,-73.94885390996933,casual
1606787,7BA09ACF38F16637,classic_bike,2021-09-27 10:39:26,2021-09-27 10:41:08,Frost St & Meeker Ave,5371,Bayard St & Leonard St,5442,40.71766197083994,-73.94880026578903,40.71915571696044,-73.94885390996933,casual
1606806,FECB1E28CD60D5EB,classic_bike,2021-09-30 18:09:27,2021-09-30 18:17:07,Grand St & Havemeyer St,5267,Bayard St & Leonard St,5442,40.71286844,-73.95698119,40.71915571696044,-73.94885390996933,member
1606809,2273AE0E4DE5F219,classic_bike,2021-09-14 17:22:58,2021-09-14 17:50:05,Rogers Ave & Sterling St,3696,Bayard St & Leonard St,5442,40.6630619,-73.9538746,40.71915571696044,-73.94885390996933,member
1606825,D41707498A4782B6,classic_bike,2021-09-24 18:58:48,2021-09-24 19:09:11,Leonard St & Maujer St,5148,Bayard St & Leonard St,5442,40.7103685423523,-73.94705951213837,40.71915571696044,-73.94885390996933,member
1606829,C0779F0A6ABDBFD7,classic_bike,2021-09-21 07:20:07,2021-09-21 07:25:31,Leonard St & Maujer St,5148,Bayard St & Leonard St,5442,40.7103685423523,-73.94705951213837,40.71915571696044,-73.94885390996933,member
1606831,0FC8AA74121BADD9,classic_bike,2021-09-14 17:11:44,2021-09-14 17:16:07,Driggs Ave & N Henry St,5542,Bayard St & Leonard St,5442,40.72325,-73.94308,40.71915571696044,-73.94885390996933,member
1606857,4B87D5F62E06BFC0,electric_bike,2021-09-14 18:58:50,2021-09-14 19:08:11,Leonard St & Maujer St,5148,Bayard St & Leonard St,5442,40.7103685423523,-73.94705951213837,40.71915571696044,-73.94885390996933,member
1606858,D91BF05CC5BBA36B,classic_bike,2021-09-02 00:36:18,2021-09-02 01:03:54,Hudson St & W 13 St,6115,Bayard St & Leonard St,5442,40.74005708567285,-74.0052741765976,40.71915571696044,-73.94885390996933,member
1606860,9E8FC1D750449F51,classic_bike,2021-09-16 13:31:25,2021-09-16 13:36:42,Leonard St & Maujer St,5148,Bayard St & Leonard St,5442,40.7103685423523,-73.94705951213837,40.71915571696044,-73.94885390996933,casual
1606866,218E1A881F00C56A,electric_bike,2021-09-20 21:28:31,2021-09-20 21:33:00,Leonard St & Maujer St,5148,Bayard St & Leonard St,5442,40.7103685423523,-73.94705951213837,40.71915571696044,-73.94885390996933,member
1606874,2B4935BDC5D436DF,electric_bike,2021-09-06 20:28:37,2021-09-06 20:47:17,Suydam St & St. Nicholas Ave,5043,Bayard St & Leonard St,5442,40.70636,-73.91945,40.71915571696044,-73.94885390996933,member
1606875,359C09E204E7CA21,classic_bike,2021-09-04 19:49:48,2021-09-04 19:51:02,Manhattan Av & Leonard St,5442,Bayard St & Leonard St,5442,40.72084,-73.94844,40.71915571696044,-73.94885390996933,member
1606886,CC6605F59B3F46A0,classic_bike,2021-09-16 18:04:38,2021-09-16 18:10:20,Leonard St & Maujer St,5148,Bayard St & Leonard St,5442,40.7103685423523,-73.94705951213837,40.71915571696044,-73.94885390996933,member
1606887,339ABA9311BA37B0,classic_bike,2021-09-13 12:39:20,2021-09-13 12:43:54,Leonard St & Maujer St,5148,Bayard St & Leonard St,5442,40.7103685423523,-73.94705951213837,40.71915571696044,-73.94885390996933,member
1606913,E1621B2398C73A67,classic_bike,2021-09-19 12:28:19,2021-09-19 12:37:25,Leonard St & Maujer St,5148,Bayard St & Leonard St,5442,40.7103685423523,-73.94705951213837,40.71915571696044,-73.94885390996933,member
1606916,54225E03B49AE806,classic_bike,2021-09-06 22:13:53,2021-09-06 22:15:41,Manhattan Av & Leonard St,5442,Bayard St & Leonard St,5442,40.72084,-73.94844,40.71915571696044,-73.94885390996933,member
1606917,6B0DC2A4BD9411FA,classic_bike,2021-09-28 14:23:43,2021-09-28 14:39:51,Suydam St & St. Nicholas Ave,5043,Bayard St & Leonard St,5442,40.70636,-73.91945,40.71915571696044,-73.94885390996933,member
1606919,070B8E09356B89AE,classic_bike,2021-09-25 13:53:51,2021-09-25 13:57:31,Graham Ave & Withers St,5403,Bayard St & Leonard St,5442,40.7169811,-73.94485918,40.71915571696044,-73.94885390996933,member
1606947,2B04EE8F2C6907E5,classic_bike,2021-09-22 17:54:07,2021-09-22 18:11:04,Suydam St & St. Nicholas Ave,5043,Bayard St & Leonard St,5442,40.70636,-73.91945,40.71915571696044,-73.94885390996933,member
1606949,BC8A2C43B1AB9217,classic_bike,2021-09-26 15:49:04,2021-09-26 16:25:04,Manhattan Av & Leonard St,5442,Bayard St & Leonard St,5442,40.72084,-73.94844,40.71915571696044,-73.94885390996933,member
1606950,AF61E6365C222602,classic_bike,2021-09-07 09:50:58,2021-09-07 09:52:36,Manhattan Av & Leonard St,5442,Bayard St & Leonard St,5442,40.72084,-73.94844,40.71915571696044,-73.94885390996933,member
1606951,CCB471548107AA77,classic_bike,2021-09-06 23:10:04,2021-09-06 23:14:19,Graham Ave & Withers St,5403,Bayard St & Leonard St,5442,40.7169811,-73.94485918,40.71915571696044,-73.94885390996933,member
1606954,9AAEDA4BB95B5600,electric_bike,2021-09-08 09:18:46,2021-09-08 09:51:46,30 St & 4 Ave,3564,Bayard St & Leonard St,5442,40.657743,-74.001141,40.71915571696044,-73.94885390996933,casual
1607006,711E6B0360DE6CC8,electric_bike,2021-09-08 01:48:33,2021-09-08 02:04:00,Manhattan Av & Leonard St,5442,Allen St & Rivington St,5414,40.72084,-73.94844,40.72019576,-73.98997825,member
1607020,376DADD983E31BDD,classic_bike,2021-09-13 18:21:19,2021-09-13 18:37:12,Suydam St & St. Nicholas Ave,5043,Bayard St & Leonard St,5442,40.70636,-73.91945,40.71915571696044,-73.94885390996933,member
1607021,53C221B1E1D0878A,classic_bike,2021-09-11 16:21:57,2021-09-11 16:27:01,Driggs Ave & N Henry St,5542,Bayard St & Leonard St,5442,40.72325,-73.94308,40.71915571696044,-73.94885390996933,member
1607036,84BEE67FEB5C4756,classic_bike,2021-09-24 18:41:48,2021-09-24 18:47:03,Leonard St & Maujer St,5148,Bayard St & Leonard St,5442,40.7103685423523,-73.94705951213837,40.71915571696044,-73.94885390996933,member
1607037,698A51CE10370624,classic_bike,2021-09-15 18:42:44,2021-09-15 18:47:20,Leonard St & Maujer St,5148,Bayard St & Leonard St,5442,40.7103685423523,-73.94705951213837,40.71915571696044,-73.94885390996933,member
1607053,28F82AD44DF37F08,classic_bike,2021-09-25 11:57:01,2021-09-25 12:11:40,Driggs Ave & N Henry St,5542,Bayard St & Leonard St,5442,40.72325,-73.94308,40.71915571696044,-73.94885390996933,member
1607071,5E508C11C3B2B1DF,classic_bike,2021-09-17 18:53:30,2021-09-17 19:02:57,Stagg St & Morgan Ave,5170,Bayard St & Leonard St,5442,40.710681,-73.93372,40.71915571696044,-73.94885390996933,member
1607079,7C7B5B170731C5BB,classic_bike,2021-09-21 18:27:37,2021-09-21 18:54:27,Stagg St & Morgan Ave,5170,Bayard St & Leonard St,5442,40.710681,-73.93372,40.71915571696044,-73.94885390996933,member
1607087,870DA96C8DEA279B,classic_bike,2021-09-05 10:28:02,2021-09-05 10:33:30,Driggs Ave & N Henry St,5542,Bayard St & Leonard St,5442,40.72325,-73.94308,40.71915571696044,-73.94885390996933,member
1607116,B425E20F18811929,classic_bike,2021-09-02 17:22:01,2021-09-02 17:30:24,Grand St & Havemeyer St,5267,Bayard St & Leonard St,5442,40.71286844,-73.95698119,40.71915571696044,-73.94885390996933,member
1607125,6DE9B8CF1FCBF804,classic_bike,2021-09-12 02:26:01,2021-09-12 02:39:04,Grand St & Havemeyer St,5267,Bayard St & Leonard St,5442,40.71286844,-73.95698119,40.71915571696044,-73.94885390996933,member
1607127,455EFDE84D505703,classic_bike,2021-09-26 15:26:12,2021-09-26 15:55:49,Front St & Washington St,4936,Bayard St & Leonard St,5442,40.70255088,-73.98940236,40.71915571696044,-73.94885390996933,member
1607149,B90603D2787A7E8B,classic_bike,2021-09-02 18:21:27,2021-09-02 18:42:59,Grand St & Elizabeth St,5382,Bayard St & Leonard St,5442,40.718822,-73.99596,40.71915571696044,-73.94885390996933,casual
1607154,05D2D5F1F1E24693,electric_bike,2021-09-04 11:40:11,2021-09-04 12:28:49,Grand St & Elizabeth St,5382,Bayard St & Leonard St,5442,40.718822,-73.99596,40.71915571696044,-73.94885390996933,casual
1607167,059F0673C6BE6664,classic_bike,2021-09-10 12:41:06,2021-09-10 12:47:10,Grand St & Havemeyer St,5267,Bayard St & Leonard St,5442,40.71286844,-73.95698119,40.71915571696044,-73.94885390996933,member
1607239,7350065B847A7D25,classic_bike,2021-09-07 18:17:30,2021-09-07 18:22:29,Meserole Ave & Manhattan Ave,5666,Bayard St & Leonard St,5442,40.72708584,-73.95299117,40.71915571696044,-73.94885390996933,member
1607285,81DD4DC9630086EF,classic_bike,2021-09-24 11:13:07,2021-09-24 11:18:39,Meserole Ave & Manhattan Ave,5666,Bayard St & Leonard St,5442,40.72708584,-73.95299117,40.71915571696044,-73.94885390996933,member
1607322,31A835BCA7D5759D,classic_bike,2021-09-30 09:59:19,2021-09-30 10:04:09,Meserole Ave & Manhattan Ave,5666,Bayard St & Leonard St,5442,40.72708584,-73.95299117,40.71915571696044,-73.94885390996933,member
1607332,37B8E072B3FFA0F0,classic_bike,2021-09-30 18:17:22,2021-09-30 18:19:00,Frost St & Meeker Ave,5371,Bayard St & Leonard St,5442,40.71766197083994,-73.94880026578903,40.71915571696044,-73.94885390996933,casual
1607333,205859AD24734106,classic_bike,2021-09-18 15:21:05,2021-09-18 15:27:34,Grand St & Havemeyer St,5267,Bayard St & Leonard St,5442,40.71286844,-73.95698119,40.71915571696044,-73.94885390996933,member
1607346,8D5D69BEAC806663,classic_bike,2021-09-02 20:19:38,2021-09-02 20:24:16,Meserole Ave & Manhattan Ave,5666,Bayard St & Leonard St,5442,40.72708584,-73.95299117,40.71915571696044,-73.94885390996933,member
1607388,4886961E8D73B778,classic_bike,2021-09-12 16:18:38,2021-09-12 16:25:54,Meserole Ave & Manhattan Ave,5666,Bayard St & Leonard St,5442,40.72708584,-73.95299117,40.71915571696044,-73.94885390996933,casual
1607402,8C890F37B3B9D6D1,classic_bike,2021-09-27 08:15:39,2021-09-27 08:21:50,Sharon St & Olive St,5323,Bayard St & Leonard St,5442,40.715353,-73.93856,40.71915571696044,-73.94885390996933,member
1607421,D2FD05E16118D040,classic_bike,2021-09-19 20:33:23,2021-09-19 20:40:51,Sharon St & Olive St,5323,Bayard St & Leonard St,5442,40.715353,-73.93856,40.71915571696044,-73.94885390996933,casual
1607434,2DBA082D81D88988,classic_bike,2021-09-25 19:45:17,2021-09-25 19:50:04,Meserole Ave & Manhattan Ave,5666,Bayard St & Leonard St,5442,40.72708584,-73.95299117,40.71915571696044,-73.94885390996933,member
1607518,523DF3025E506D2C,electric_bike,2021-09-02 22:13:29,2021-09-02 22:29:14,Madison St & Montgomery St,5262,Bayard St & Leonard St,5442,40.713126,-73.984844,40.71915571696044,-73.94885390996933,casual
1607524,4D5225C1C2DBD11C,electric_bike,2021-09-13 17:03:06,2021-09-13 18:17:42,10 St & 7 Ave,3762,Bayard St & Leonard St,5442,40.6662078,-73.98199886,40.71915571696044,-73.94885390996933,member
1607541,5FB2CD344C9C3DD8,classic_bike,2021-09-07 09:52:45,2021-09-07 09:57:01,Roebling St & N 4 St,5267,Bayard St & Leonard St,5442,40.71469,-73.95739,40.71915571696044,-73.94885390996933,member
1607567,B35C02270572CC08,classic_bike,2021-09-09 00:08:59,2021-09-09 00:27:20,44 Dr & Jackson Ave,6352,Bayard St & Leonard St,5442,40.74718234,-73.9432635,40.71915571696044,-73.94885390996933,casual
1607570,36F0506D526EE966,classic_bike,2021-09-18 18:38:16,2021-09-18 19:14:46,46 Ave & 5 St,6286,Bayard St & Leonard St,5442,40.74731,-73.95451,40.71915571696044,-73.94885390996933,casual
1607590,20ACA526D95E21F3,classic_bike,2021-09-13 12:21:33,2021-09-13 12:25:33,Roebling St & N 4 St,5267,Bayard St & Leonard St,5442,40.71469,-73.95739,40.71915571696044,-73.94885390996933,member
1607600,4802D1964FF8103E,classic_bike,2021-09-12 17:47:50,2021-09-12 17:54:48,Roebling St & N 4 St,5267,Bayard St & Leonard St,5442,40.71469,-73.95739,40.71915571696044,-73.94885390996933,member
1607605,DD7642FF05D92A5A,classic_bike,2021-09-18 18:38:02,2021-09-18 19:14:47,46 Ave & 5 St,6286,Bayard St & Leonard St,5442,40.74731,-73.95451,40.71915571696044,-73.94885390996933,casual
1607608,517B88169506468F,classic_bike,2021-09-02 11:53:13,2021-09-02 11:57:28,Roebling St & N 4 St,5267,Bayard St & Leonard St,5442,40.71469,-73.95739,40.71915571696044,-73.94885390996933,member
1607625,07903C4F980A3B13,classic_bike,2021-09-07 15:30:17,2021-09-07 15:52:46,Bridge St & Water St,4968,Bayard St & Leonard St,5442,40.70296934155272,-73.98469090461731,40.71915571696044,-73.94885390996933,member
1607631,08C662F4AEDAE1D2,classic_bike,2021-09-03 17:15:50,2021-09-03 17:52:46,Cadman Plaza E & Red Cross Pl,4821,Bayard St & Leonard St,5442,40.69991755,-73.98971773,40.71915571696044,-73.94885390996933,member
1607632,FA037A45EC176BEA,classic_bike,2021-09-22 22:27:54,2021-09-22 22:31:23,Roebling St & N 4 St,5267,Bayard St & Leonard St,5442,40.71469,-73.95739,40.71915571696044,-73.94885390996933,member
1607668,9A76D95C4C0DA33C,classic_bike,2021-09-07 14:44:22,2021-09-07 14:48:10,Roebling St & N 4 St,5267,Bayard St & Leonard St,5442,40.71469,-73.95739,40.71915571696044,-73.94885390996933,member
1607696,96972BC1F421CA5B,classic_bike,2021-09-30 19:50:04,2021-09-30 19:55:31,Roebling St & N 4 St,5267,Bayard St & Leonard St,5442,40.71469,-73.95739,40.71915571696044,-73.94885390996933,member
1607705,73FB015AD2D2FE2D,electric_bike,2021-09-07 19:21:50,2021-09-07 19:25:25,Roebling St & N 4 St,5267,Bayard St & Leonard St,5442,40.71469,-73.95739,40.71915571696044,-73.94885390996933,member
1607706,5B975BA77033A6CF,classic_bike,2021-09-04 14:31:07,2021-09-04 14:37:52,Roebling St & N 4 St,5267,Bayard St & Leonard St,5442,40.71469,-73.95739,40.71915571696044,-73.94885390996933,member
1607774,A8C5F87C680AAE69,classic_bike,2021-09-02 16:58:14,2021-09-02 17:02:37,Roebling St & N 4 St,5267,Bayard St & Leonard St,5442,40.71469,-73.95739,40.71915571696044,-73.94885390996933,member
1607777,DD386A54B76F3092,classic_bike,2021-09-23 13:31:51,2021-09-23 13:36:52,Roebling St & N 4 St,5267,Bayard St & Leonard St,5442,40.71469,-73.95739,40.71915571696044,-73.94885390996933,member
1607790,1887DA3E10FC9680,classic_bike,2021-09-03 15:56:49,2021-09-03 16:03:26,Roebling St & N 4 St,5267,Bayard St & Leonard St,5442,40.71469,-73.95739,40.71915571696044,-73.94885390996933,casual
1607792,B2520113183CF6DC,classic_bike,2021-09-03 15:57:33,2021-09-03 16:03:09,Roebling St & N 4 St,5267,Bayard St & Leonard St,5442,40.71469,-73.95739,40.71915571696044,-73.94885390996933,casual
1607797,7A082B02E1AE29FF,electric_bike,2021-09-04 20:54:43,2021-09-04 21:11:28,Evergreen Ave & Noll St,4873,Bayard St & Leonard St,5442,40.70106,-73.93318,40.71915571696044,-73.94885390996933,member
1607813,AAF6F79EECA66284,docked_bike,2021-09-08 21:54:26,2021-09-08 22:05:53,Roebling St & N 4 St,5267,Bayard St & Leonard St,5442,40.71469,-73.95739,40.719156,-73.948854,casual
1607832,ED17228A3836AAB7,classic_bike,2021-09-29 17:21:32,2021-09-29 17:31:08,Leonard St & Maujer St,5148,Bayard St & Leonard St,5442,40.7103685423523,-73.94705951213837,40.71915571696044,-73.94885390996933,member
1607836,DB58EF919CFC0FAF,classic_bike,2021-09-20 16:14:08,2021-09-20 16:22:54,Leonard St & Maujer St,5148,Bayard St & Leonard St,5442,40.7103685423523,-73.94705951213837,40.71915571696044,-73.94885390996933,member
1607880,43D9C50D249A6A67,classic_bike,2021-09-14 17:18:29,2021-09-14 17:22:40,Roebling St & N 4 St,5267,Bayard St & Leonard St,5442,40.71469,-73.95739,40.71915571696044,-73.94885390996933,member
1607887,26F44089C5E68513,electric_bike,2021-09-26 14:14:04,2021-09-26 16:00:56,Roebling St & N 4 St,5267,Bayard St & Leonard St,5442,40.71469,-73.95739,40.71915571696044,-73.94885390996933,casual
1607917,794C8385C421B0ED,classic_bike,2021-09-06 15:14:20,2021-09-06 15:50:42,Bridge St & Water St,4968,Bayard St & Leonard St,5442,40.70296934155272,-73.98469090461731,40.71915571696044,-73.94885390996933,casual
1607919,C4315290B62B97D5,classic_bike,2021-09-07 10:34:33,2021-09-07 10:39:25,Roebling St & N 4 St,5267,Bayard St & Leonard St,5442,40.71469,-73.95739,40.71915571696044,-73.94885390996933,member
1607939,F84615C5D74B8ECB,classic_bike,2021-09-18 08:16:20,2021-09-18 08:23:30,Leonard St & Maujer St,5148,Bayard St & Leonard St,5442,40.7103685423523,-73.94705951213837,40.71915571696044,-73.94885390996933,casual
1607949,E9CFF791762F5886,classic_bike,2021-09-08 15:48:42,2021-09-08 16:13:58,Pike St & Monroe St,5159,Bayard St & Leonard St,5442,40.71173107,-73.99193043,40.71915571696044,-73.94885390996933,member
1608025,A2136CF92F41FDBC,classic_bike,2021-09-30 16:08:06,2021-09-30 16:15:45,Powers St & Olive St,5210,Bayard St & Leonard St,5442,40.71323,-73.93894,40.71915571696044,-73.94885390996933,member
1608054,23BBAE8C0B62AE32,classic_bike,2021-09-13 17:19:33,2021-09-13 17:24:00,Metropolitan Ave & Meeker Ave,5300,Bayard St & Leonard St,5442,40.71413311,-73.95234386,40.71915571696044,-73.94885390996933,member
1608071,09E9F52283DD89A4,classic_bike,2021-09-04 17:03:49,2021-09-04 17:15:29,White St & Moore St,4987,Bayard St & Leonard St,5442,40.704508,-73.9351,40.71915571696044,-73.94885390996933,casual
1608100,9C65ECC364B0D3C2,classic_bike,2021-09-18 12:53:48,2021-09-18 13:00:35,Stagg St & Union Ave,5117,Bayard St & Leonard St,5442,40.70877084,-73.95095259,40.71915571696044,-73.94885390996933,member
1608110,7CE8458CCE4A30B9,classic_bike,2021-09-30 19:08:27,2021-09-30 19:15:30,Stagg St & Union Ave,5117,Bayard St & Leonard St,5442,40.70877084,-73.95095259,40.71915571696044,-73.94885390996933,member
1608148,86A23170C063D913,classic_bike,2021-09-25 11:39:27,2021-09-25 12:00:06,Stagg St & Union Ave,5117,Bayard St & Leonard St,5442,40.70877084,-73.95095259,40.71915571696044,-73.94885390996933,member
1608186,A7EFE719B6491849,electric_bike,2021-09-05 19:03:10,2021-09-05 19:38:37,West St & Liberty St,5184,Bayard St & Leonard St,5442,40.711444,-74.014847,40.71915571696044,-73.94885390996933,member
1608217,98E12E2EDD555188,electric_bike,2021-09-11 17:01:48,2021-09-11 17:07:37,Stagg St & Union Ave,5117,Bayard St & Leonard St,5442,40.70877084,-73.95095259,40.71915571696044,-73.94885390996933,member
1608269,8B9BB89CF3BF308C,classic_bike,2021-09-22 17:17:53,2021-09-22 17:21:42,Metropolitan Ave & Meeker Ave,5300,Bayard St & Leonard St,5442,40.71413311,-73.95234386,40.71915571696044,-73.94885390996933,member
1608302,D414B5B0727712C7,classic_bike,2021-09-14 17:44:39,2021-09-14 18:10:49,Washington Pl & 6 Ave,5838,Bayard St & Leonard St,5442,40.73224119,-74.00026394,40.71915571696044,-73.94885390996933,member
1608305,F7A069D7FDE0F7C3,classic_bike,2021-09-27 22:53:06,2021-09-27 23:17:29,Washington Pl & 6 Ave,5838,Bayard St & Leonard St,5442,40.73224119,-74.00026394,40.71915571696044,-73.94885390996933,member
1608339,3E356457F8C5120E,classic_bike,2021-09-06 12:11:37,2021-09-06 13:17:08,W 50 St & 10 Ave,6890,Bayard St & Leonard St,5442,40.76473420006519,-73.99194359779358,40.71915571696044,-73.94885390996933,member
1608372,42306B2B300041A3,classic_bike,2021-09-14 18:45:36,2021-09-14 18:54:14,Boerum St & Broadway,5004,Bayard St & Leonard St,5442,40.70538077,-73.94976519,40.71915571696044,-73.94885390996933,casual
1608401,6C3ABA58277E28E8,electric_bike,2021-09-04 07:59:59,2021-09-04 08:14:44,Greene Av & Myrtle Av,4784,Bayard St & Leonard St,5442,40.698568,-73.918877,40.71915571696044,-73.94885390996933,casual
1608436,01A246C27BD7CAD3,classic_bike,2021-09-25 16:10:11,2021-09-25 16:43:06,Henry St & Remsen St,4645,Bayard St & Leonard St,5442,40.69400964865994,-73.99465128779411,40.71915571696044,-73.94885390996933,casual
1608439,C85004847122AAC5,electric_bike,2021-09-24 09:53:37,2021-09-24 10:18:34,Union St & Bedford Ave,3879,Bayard St & Leonard St,5442,40.6691783,-73.9554162,40.71915571696044,-73.94885390996933,member
1608478,3CF64DAB60735C8D,electric_bike,2021-09-29 16:59:06,2021-09-29 17:21:02,Greenwich Ave & 8 Ave,6072,Bayard St & Leonard St,5442,40.7390169121,-74.0026376103,40.71915571696044,-73.94885390996933,member
1608545,63B95E31FFBB8239,classic_bike,2021-09-03 15:56:36,2021-09-03 16:02:52,Roebling St & N 4 St,5267,Bayard St & Leonard St,5442,40.71469,-73.95739,40.71915571696044,-73.94885390996933,casual
1608585,D220D7245FCAC7C8,classic_bike,2021-09-01 17:30:50,2021-09-01 17:40:32,Division Ave & Marcy Ave,5084,Bayard St & Leonard St,5442,40.70708701,-73.95796783,40.71915571696044,-73.94885390996933,member
1608594,0C550417F5A12829,classic_bike,2021-09-26 16:13:11,2021-09-26 16:22:25,Division Ave & Marcy Ave,5084,Bayard St & Leonard St,5442,40.70708701,-73.95796783,40.71915571696044,-73.94885390996933,member
1608621,403BF70FF6994C26,classic_bike,2021-09-01 15:37:54,2021-09-01 15:41:40,Roebling St & N 4 St,5267,Bayard St & Leonard St,5442,40.71469,-73.95739,40.71915571696044,-73.94885390996933,casual
1608661,DFE38E4B05026B18,electric_bike,2021-09-06 18:38:58,2021-09-06 19:11:21,Fulton St & Pearl St,5024,Bayard St & Leonard St,5442,40.70772198491691,-74.00438636541367,40.71915571696044,-73.94885390996933,casual
1608753,B230392A828FF048,electric_bike,2021-09-16 10:00:11,2021-09-16 10:02:49,Roebling St & N 4 St,5267,Bayard St & Leonard St,5442,40.71469,-73.95739,40.71915571696044,-73.94885390996933,casual
1608843,B9A9B9EA5136BD55,classic_bike,2021-09-03 20:58:44,2021-09-03 21:23:31,Wyckoff Ave & Gates Ave,4847,Bayard St & Leonard St,5442,40.699871408829885,-73.91171872615814,40.71915571696044,-73.94885390996933,casual
1608849,40B66381EF6EA00B,classic_bike,2021-09-03 20:07:58,2021-09-03 20:22:50,Milton St & Franklin St,5752,Bayard St & Leonard St,5442,40.72906,-73.95779,40.71915571696044,-73.94885390996933,casual
1608858,5B1C0C97C8A7496A,classic_bike,2021-09-14 18:34:01,2021-09-14 18:44:15,Milton St & Franklin St,5752,Bayard St & Leonard St,5442,40.72906,-73.95779,40.71915571696044,-73.94885390996933,member
1608873,2459DEC92FE774F4,classic_bike,2021-09-16 20:43:09,2021-09-16 20:51:32,Milton St & Franklin St,5752,Bayard St & Leonard St,5442,40.72906,-73.95779,40.71915571696044,-73.94885390996933,casual
1608876,F06CF4DFC4EC1E62,classic_bike,2021-09-03 20:08:09,2021-09-03 20:22:48,Milton St & Franklin St,5752,Bayard St & Leonard St,5442,40.72906,-73.95779,40.71915571696044,-73.94885390996933,casual
1608893,A6FD4B4507BBE023,classic_bike,2021-09-11 13:07:11,2021-09-11 13:17:04,Milton St & Franklin St,5752,Bayard St & Leonard St,5442,40.72906,-73.95779,40.71915571696044,-73.94885390996933,member
1608903,4B2DEF1FBAEB15A1,classic_bike,2021-09-15 19:09:53,2021-09-15 19:16:00,Milton St & Franklin St,5752,Bayard St & Leonard St,5442,40.72906,-73.95779,40.71915571696044,-73.94885390996933,member
1608913,7B57C99687229744,electric_bike,2021-09-01 14:18:13,2021-09-01 15:09:09,Forsyth St & Canal St,5270,Bayard St & Leonard St,5442,40.7158155,-73.99422366,40.71915571696044,-73.94885390996933,member
1608924,30E2CA988D2C6E94,classic_bike,2021-09-24 16:48:27,2021-09-24 16:55:30,Milton St & Franklin St,5752,Bayard St & Leonard St,5442,40.72906,-73.95779,40.71915571696044,-73.94885390996933,member
1608943,38E3DA9D28468D53,electric_bike,2021-09-30 17:19:07,2021-09-30 17:25:20,Milton St & Franklin St,5752,Bayard St & Leonard St,5442,40.72906,-73.95779,40.71915571696044,-73.94885390996933,casual
1608967,260E093732F02894,classic_bike,2021-09-12 19:21:05,2021-09-12 19:29:47,Milton St & Franklin St,5752,Bayard St & Leonard St,5442,40.72906,-73.95779,40.71915571696044,-73.94885390996933,member
1608971,DE87C59DB5D9B91F,classic_bike,2021-09-25 22:12:22,2021-09-25 22:21:39,Milton St & Franklin St,5752,Bayard St & Leonard St,5442,40.72906,-73.95779,40.71915571696044,-73.94885390996933,casual
1608972,89D1D4053A9BEBB6,classic_bike,2021-09-26 18:12:06,2021-09-26 18:24:56,Milton St & Franklin St,5752,Bayard St & Leonard St,5442,40.72906,-73.95779,40.71915571696044,-73.94885390996933,casual
1608975,B968AC67C987D51B,classic_bike,2021-09-24 18:50:32,2021-09-24 19:34:37,7 Ave & Park Pl,4125,Bayard St & Leonard St,5442,40.6776147,-73.97324283,40.71915571696044,-73.94885390996933,casual
1609014,856B51C1572ECF67,electric_bike,2021-09-03 17:35:51,2021-09-03 17:41:54,Milton St & Franklin St,5752,Bayard St & Leonard St,5442,40.72906,-73.95779,40.71915571696044,-73.94885390996933,casual
1609017,CAFDC50FF738B947,classic_bike,2021-09-11 15:40:44,2021-09-11 15:48:12,Milton St & Franklin St,5752,Bayard St & Leonard St,5442,40.72906,-73.95779,40.71915571696044,-73.94885390996933,member
1609024,438F95CEE4B8BDE2,classic_bike,2021-09-16 23:02:17,2021-09-16 23:11:35,Milton St & Franklin St,5752,Bayard St & Leonard St,5442,40.72906,-73.95779,40.71915571696044,-73.94885390996933,member
1609025,3BACEA663B31CB58,electric_bike,2021-09-07 17:29:58,2021-09-07 17:49:56,E 13 St & Avenue A,5779,Bayard St & Leonard St,5442,40.72966729392978,-73.98067966103554,40.71915571696044,-73.94885390996933,member
1609026,DF561543D588B3B5,classic_bike,2021-09-10 12:46:10,2021-09-10 12:52:07,Milton St & Franklin St,5752,Bayard St & Leonard St,5442,40.72906,-73.95779,40.71915571696044,-73.94885390996933,casual
1609028,E361606992622862,classic_bike,2021-09-12 01:20:56,2021-09-12 01:34:50,Milton St & Franklin St,5752,Bayard St & Leonard St,5442,40.72906,-73.95779,40.71915571696044,-73.94885390996933,casual
1609073,7847EDC03F686642,classic_bike,2021-09-03 20:08:12,2021-09-03 20:22:43,Milton St & Franklin St,5752,Bayard St & Leonard St,5442,40.72906,-73.95779,40.71915571696044,-73.94885390996933,casual
1609114,B62C21494875979A,classic_bike,2021-09-14 06:50:58,2021-09-14 06:58:32,Milton St & Franklin St,5752,Bayard St & Leonard St,5442,40.72906,-73.95779,40.71915571696044,-73.94885390996933,member
1609127,D8DBF86BA6E0969D,electric_bike,2021-09-29 17:04:05,2021-09-29 17:22:33,Franklin Ave & St Marks Ave,4107,Bayard St & Leonard St,5442,40.6758324,-73.9561677,40.71915571696044,-73.94885390996933,member
1609161,A00C1D268EF607B0,classic_bike,2021-09-26 01:58:12,2021-09-26 02:20:35,Washington Pl & 6 Ave,5838,Bayard St & Leonard St,5442,40.73224119,-74.00026394,40.71915571696044,-73.94885390996933,member
1609218,2BE9F6E7C13E2837,classic_bike,2021-09-24 16:33:59,2021-09-24 17:10:12,48 St & 37 Ave,6435,Bayard St & Leonard St,5442,40.751555,-73.915026,40.71915571696044,-73.94885390996933,member
1609238,7F9D89AED94C6B3C,electric_bike,2021-09-11 11:31:14,2021-09-11 11:51:51,Grand St & Elizabeth St,5382,Bayard St & Leonard St,5442,40.718822,-73.99596,40.71915571696044,-73.94885390996933,member
1609376,2C56A4E2D0A05210,classic_bike,2021-09-22 18:58:08,2021-09-22 19:16:31,46 Ave & 5 St,6286,Bayard St & Leonard St,5442,40.74731,-73.95451,40.71915571696044,-73.94885390996933,member
1609398,702232331E024325,electric_bike,2021-09-21 18:14:59,2021-09-21 18:34:55,Stanton St & Chrystie St,5523,Bayard St & Leonard St,5442,40.72229346,-73.99147535,40.71915571696044,-73.94885390996933,casual
1609406,D5AAB13AB3CF0274,classic_bike,2021-09-20 22:33:20,2021-09-20 22:39:17,Roebling St & N 4 St,5267,Bayard St & Leonard St,5442,40.71469,-73.95739,40.71915571696044,-73.94885390996933,member
1609407,DF44AABA692B5F3B,classic_bike,2021-09-08 10:13:14,2021-09-08 10:16:46,Roebling St & N 4 St,5267,Bayard St & Leonard St,5442,40.71469,-73.95739,40.71915571696044,-73.94885390996933,member
1609421,D78D254690BE1591,classic_bike,2021-09-01 14:52:52,2021-09-01 15:27:51,Cadman Plaza E & Tillary St,4677,Bayard St & Leonard St,5442,40.69597683,-73.99014892,40.71915571696044,-73.94885390996933,casual
1609464,B773BEC6898A9267,classic_bike,2021-09-14 21:19:06,2021-09-14 21:23:05,Roebling St & N 4 St,5267,Bayard St & Leonard St,5442,40.71469,-73.95739,40.71915571696044,-73.94885390996933,member
1609467,D199E85129CCD016,classic_bike,2021-09-11 15:06:42,2021-09-11 15:09:55,Roebling St & N 4 St,5267,Bayard St & Leonard St,5442,40.71469,-73.95739,40.71915571696044,-73.94885390996933,member
1609511,42C36AB6F9AA788E,electric_bike,2021-09-24 18:39:44,2021-09-24 19:03:44,Stanton St & Chrystie St,5523,Bayard St & Leonard St,5442,40.72229346,-73.99147535,40.71915571696044,-73.94885390996933,member
1609525,6D438AF7FB1B176F,classic_bike,2021-09-10 10:40:54,2021-09-10 11:01:47,Bleecker St & Crosby St,5679,Bayard St & Leonard St,5442,40.72615604980408,-73.99510189890862,40.71915571696044,-73.94885390996933,member
1609550,766AAD420A13C904,electric_bike,2021-09-27 09:53:11,2021-09-27 10:15:12,Centre St & Chambers St,5207,Bayard St & Leonard St,5442,40.71273266,-74.0046073,40.71915571696044,-73.94885390996933,member
1609611,DCEB35375EE29B16,electric_bike,2021-09-23 08:57:04,2021-09-23 09:21:18,Bleecker St & Crosby St,5679,Bayard St & Leonard St,5442,40.72615604980408,-73.99510189890862,40.71915571696044,-73.94885390996933,member
1609695,4FFD7B9571C6B6C9,classic_bike,2021-09-02 18:21:49,2021-09-02 18:55:28,Lafayette St & Jersey St,5561,Bayard St & Leonard St,5442,40.72456089,-73.99565293,40.71915571696044,-73.94885390996933,casual
1609720,17BA2DC8B92083DB,classic_bike,2021-09-29 15:27:14,2021-09-30 14:09:32,W 4 St & 7 Ave S,5880,Bayard St & Leonard St,5442,40.73401143,-74.00293877,40.71915571696044,-73.94885390996933,casual
1609767,2BAF32138A34D039,classic_bike,2021-09-29 15:29:01,2021-09-29 18:19:09,W 4 St & 7 Ave S,5880,Bayard St & Leonard St,5442,40.73401143,-74.00293877,40.71915571696044,-73.94885390996933,casual
1609864,959CADE28A954DB0,classic_bike,2021-09-18 14:48:49,2021-09-18 14:54:04,Greenpoint Ave & Manhattan Ave,5785,Bayard St & Leonard St,5442,40.73026,-73.95394,40.71915571696044,-73.94885390996933,member
1609918,13915A11E8486A44,electric_bike,2021-09-11 01:24:06,2021-09-11 01:49:02,9 Ave & W 22 St,6266,Bayard St & Leonard St,5442,40.7454973,-74.00197139,40.71915571696044,-73.94885390996933,casual
1609943,AA4B1691064BD11E,classic_bike,2021-09-07 14:20:34,2021-09-07 14:51:03,9 Ave & W 22 St,6266,Bayard St & Leonard St,5442,40.7454973,-74.00197139,40.71915571696044,-73.94885390996933,member
1609951,BA0498A0C1EE858A,electric_bike,2021-09-25 15:58:58,2021-09-25 16:26:45,2 Ave & E 29 St,6122,Bayard St & Leonard St,5442,40.74172351097472,-73.97809267044067,40.71915571696044,-73.94885390996933,member
1609959,DCE7660845E3C837,classic_bike,2021-09-06 20:02:59,2021-09-06 20:09:33,Greenpoint Ave & Manhattan Ave,5785,Bayard St & Leonard St,5442,40.73026,-73.95394,40.71915571696044,-73.94885390996933,member
1609971,8B462C263D97AC7D,classic_bike,2021-09-19 13:44:50,2021-09-19 13:52:37,Greenpoint Ave & Manhattan Ave,5785,Bayard St & Leonard St,5442,40.73026,-73.95394,40.71915571696044,-73.94885390996933,member
1609981,67C170EFD2C3EA0F,docked_bike,2021-09-01 09:30:09,2021-09-01 09:39:16,Greenpoint Ave & Manhattan Ave,5785,Bayard St & Leonard St,5442,40.73026,-73.95394,40.719156,-73.948854,casual
1610012,6821DF8F2A80A52B,classic_bike,2021-09-11 09:51:09,2021-09-11 09:57:45,Greenpoint Ave & Manhattan Ave,5785,Bayard St & Leonard St,5442,40.73026,-73.95394,40.71915571696044,-73.94885390996933,member
1610020,7E4324A1B950AA79,classic_bike,2021-09-05 16:25:40,2021-09-05 16:32:46,Greenpoint Ave & Manhattan Ave,5785,Bayard St & Leonard St,5442,40.73026,-73.95394,40.71915571696044,-73.94885390996933,member
1610033,C66D1262930510A6,classic_bike,2021-09-17 19:05:11,2021-09-17 19:11:03,Greenpoint Ave & Manhattan Ave,5785,Bayard St & Leonard St,5442,40.73026,-73.95394,40.71915571696044,-73.94885390996933,member
1610035,84A91DA7E2F5000D,classic_bike,2021-09-20 19:34:47,2021-09-20 19:44:43,Greenpoint Ave & Manhattan Ave,5785,Bayard St & Leonard St,5442,40.73026,-73.95394,40.71915571696044,-73.94885390996933,member
1610058,9B888D86DBE953E5,classic_bike,2021-09-06 20:03:07,2021-09-06 20:09:38,Greenpoint Ave & Manhattan Ave,5785,Bayard St & Leonard St,5442,40.73026,-73.95394,40.71915571696044,-73.94885390996933,member
1610091,1291D1B0C965B71B,classic_bike,2021-09-18 13:23:13,2021-09-18 13:28:22,Greenpoint Ave & Manhattan Ave,5785,Bayard St & Leonard St,5442,40.73026,-73.95394,40.71915571696044,-73.94885390996933,member
1610099,773C57331CAF70E3,classic_bike,2021-09-29 08:57:23,2021-09-29 09:02:45,Greenpoint Ave & Manhattan Ave,5785,Bayard St & Leonard St,5442,40.73026,-73.95394,40.71915571696044,-73.94885390996933,member
1610104,5BEB2B8FE5D00E7D,classic_bike,2021-09-26 19:07:34,2021-09-26 19:15:16,Milton St & Franklin St,5752,Bayard St & Leonard St,5442,40.72906,-73.95779,40.71915571696044,-73.94885390996933,member
1610105,272F8E1327F24D4E,electric_bike,2021-09-27 11:46:29,2021-09-27 12:15:12,Milton St & Franklin St,5752,Bayard St & Leonard St,5442,40.72906,-73.95779,40.71915571696044,-73.94885390996933,member
1610119,F437AAFCD96E68BD,electric_bike,2021-09-11 19:24:45,2021-09-11 20:17:48,Douglass St & 3 Ave,4217,Bayard St & Leonard St,5442,40.6802133,-73.98432695,40.71915571696044,-73.94885390996933,casual
1610128,B6687A06C3C8D3BF,electric_bike,2021-09-27 02:20:04,2021-09-27 02:23:58,Greenpoint Ave & Manhattan Ave,5785,Bayard St & Leonard St,5442,40.73026,-73.95394,40.71915571696044,-73.94885390996933,casual
1610154,571E39B7A53D1884,classic_bike,2021-09-04 19:30:50,2021-09-04 19:36:18,Greenpoint Ave & Manhattan Ave,5785,Bayard St & Leonard St,5442,40.73026,-73.95394,40.71915571696044,-73.94885390996933,member
1610162,B6818423865C2614,classic_bike,2021-09-26 09:57:32,2021-09-26 10:01:53,Greenpoint Ave & Manhattan Ave,5785,Bayard St & Leonard St,5442,40.73026,-73.95394,40.71915571696044,-73.94885390996933,member
1610174,9BC99D76D312ECD0,electric_bike,2021-09-11 14:21:22,2021-09-11 14:40:19,Greenpoint Ave & Manhattan Ave,5785,Bayard St & Leonard St,5442,40.73026,-73.95394,40.71915571696044,-73.94885390996933,casual
1610181,FEF05FEF4FA08BC9,classic_bike,2021-09-05 00:28:46,2021-09-05 00:37:23,Milton St & Franklin St,5752,Bayard St & Leonard St,5442,40.72906,-73.95779,40.71915571696044,-73.94885390996933,member
1610183,90E0D11A9C481B20,classic_bike,2021-09-21 06:51:03,2021-09-21 06:58:26,Milton St & Franklin St,5752,Bayard St & Leonard St,5442,40.72906,-73.95779,40.71915571696044,-73.94885390996933,member
1610195,26B06B19DF7675D8,classic_bike,2021-09-06 13:08:28,2021-09-06 13:38:11,9 Ave & W 22 St,6266,Bayard St & Leonard St,5442,40.7454973,-74.00197139,40.71915571696044,-73.94885390996933,member
1610235,652D3C252FFB7809,classic_bike,2021-09-14 19:09:01,2021-09-14 19:25:12,Milton St & Franklin St,5752,Bayard St & Leonard St,5442,40.72906,-73.95779,40.71915571696044,-73.94885390996933,member
1610237,DF1A3C739514BBDE,classic_bike,2021-09-03 20:02:30,2021-09-03 20:53:51,Milton St & Franklin St,5752,Bayard St & Leonard St,5442,40.72906,-73.95779,40.71915571696044,-73.94885390996933,member
1610241,F626AA05682F81EC,electric_bike,2021-09-17 00:33:56,2021-09-17 00:49:43,E 13 St & Avenue A,5779,Bayard St & Leonard St,5442,40.72966729392978,-73.98067966103554,40.71915571696044,-73.94885390996933,casual
1610250,893CAF9871ACF7A7,electric_bike,2021-09-19 12:24:03,2021-09-19 12:53:41,Bergen St & Vanderbilt Ave,4157,Bayard St & Leonard St,5442,40.6794388,-73.9680438,40.71915571696044,-73.94885390996933,member
1610287,40CC7803FA4D99BF,classic_bike,2021-09-18 13:22:29,2021-09-18 13:49:08,DeKalb Ave & Vanderbilt Ave,4461,Bayard St & Leonard St,5442,40.68940747,-73.96885458,40.71915571696044,-73.94885390996933,casual
1610332,648202B4FEE529BB,classic_bike,2021-09-23 17:03:32,2021-09-23 17:11:17,Milton St & Franklin St,5752,Bayard St & Leonard St,5442,40.72906,-73.95779,40.71915571696044,-73.94885390996933,member
1610337,9A653D53D927061C,classic_bike,2021-09-20 07:06:56,2021-09-20 07:16:27,Milton St & Franklin St,5752,Bayard St & Leonard St,5442,40.72906,-73.95779,40.71915571696044,-73.94885390996933,member
1610359,60382E6009F48067,classic_bike,2021-09-20 17:30:22,2021-09-20 17:38:10,Milton St & Franklin St,5752,Bayard St & Leonard St,5442,40.72906,-73.95779,40.71915571696044,-73.94885390996933,member
1610375,9B6C629251F8F629,classic_bike,2021-09-27 18:04:54,2021-09-27 18:21:23,Willoughby Ave & Wyckoff Ave,5010,Bayard St & Leonard St,5442,40.705614,-73.92153,40.71915571696044,-73.94885390996933,member
1610401,7FE122B045D90874,classic_bike,2021-09-06 12:12:13,2021-09-06 13:17:25,W 50 St & 10 Ave,6890,Bayard St & Leonard St,5442,40.76473420006519,-73.99194359779358,40.71915571696044,-73.94885390996933,casual
1610412,327CBC505BBF1E93,electric_bike,2021-09-21 17:58:52,2021-09-21 18:35:30,Willoughby Ave & Wyckoff Ave,5010,Bayard St & Leonard St,5442,40.705614,-73.92153,40.71915571696044,-73.94885390996933,casual
1610418,92C3B1AB0C48E00E,electric_bike,2021-09-29 18:30:14,2021-09-29 18:59:54,Clinton St & Joralemon St,4605,Bayard St & Leonard St,5442,40.69239502,-73.99337909,40.71915571696044,-73.94885390996933,member
1610465,59268BF96AB0D1BA,classic_bike,2021-09-18 20:02:08,2021-09-18 20:19:23,Willoughby Ave & Wyckoff Ave,5010,Bayard St & Leonard St,5442,40.705614,-73.92153,40.71915571696044,-73.94885390996933,member
1610498,86E3168DE931CE17,classic_bike,2021-09-04 11:14:28,2021-09-04 12:01:39,W 50 St & 10 Ave,6890,Bayard St & Leonard St,5442,40.76473420006519,-73.99194359779358,40.71915571696044,-73.94885390996933,member
1610542,59A3D90DBDFE59FE,classic_bike,2021-09-10 20:03:21,2021-09-10 21:06:34,7 Ave & Park Pl,4125,Bayard St & Leonard St,5442,40.6776147,-73.97324283,40.71915571696044,-73.94885390996933,casual
1610544,800E295B74A2AA3A,classic_bike,2021-09-10 20:03:09,2021-09-10 21:05:43,7 Ave & Park Pl,4125,Bayard St & Leonard St,5442,40.6776147,-73.97324283,40.71915571696044,-73.94885390996933,casual
1610546,D750D115E5309B69,classic_bike,2021-09-26 12:00:52,2021-09-26 12:05:50,Metropolitan Ave & Meeker Ave,5300,Bayard St & Leonard St,5442,40.71413311,-73.95234386,40.71915571696044,-73.94885390996933,member
1610550,E99E4B7EA6A12992,classic_bike,2021-09-22 19:58:55,2021-09-22 20:21:16,Willoughby Ave & Wyckoff Ave,5010,Bayard St & Leonard St,5442,40.705614,-73.92153,40.71915571696044,-73.94885390996933,member
1610554,5EABB95F340D8F65,electric_bike,2021-09-30 17:30:56,2021-09-30 18:10:52,E 41 St & Madison Ave,6474,Bayard St & Leonard St,5442,40.752165280621966,-73.97992193698882,40.71915571696044,-73.94885390996933,member
1610572,5E832FAC8387E06F,classic_bike,2021-09-15 21:48:00,2021-09-15 22:09:49,DeKalb Ave & Vanderbilt Ave,4461,Bayard St & Leonard St,5442,40.68940747,-73.96885458,40.71915571696044,-73.94885390996933,casual
1610591,2B18FB57D45A51B3,classic_bike,2021-09-18 13:22:26,2021-09-18 13:49:15,DeKalb Ave & Vanderbilt Ave,4461,Bayard St & Leonard St,5442,40.68940747,-73.96885458,40.71915571696044,-73.94885390996933,member
1610600,E1EA8451EC90E755,classic_bike,2021-09-01 19:55:43,2021-09-01 20:04:57,Vernon Blvd & 47 Rd,6212,Bayard St & Leonard St,5442,40.7449067,-73.9534573,40.71915571696044,-73.94885390996933,member
1610648,797006E7C3FDE31F,classic_bike,2021-09-03 21:25:52,2021-09-03 21:45:10,Vernon Blvd & 47 Rd,6212,Bayard St & Leonard St,5442,40.7449067,-73.9534573,40.71915571696044,-73.94885390996933,member
1610712,D214BE6D8801CD05,electric_bike,2021-09-02 18:10:50,2021-09-02 18:38:27,W 11 St & 6 Ave,5914,Bayard St & Leonard St,5442,40.73532427,-73.99800419,40.71915571696044,-73.94885390996933,casual
1610725,BA09F0FF4322EE77,electric_bike,2021-09-11 12:15:23,2021-09-11 12:41:18,W Broadway & Spring St,5569,Bayard St & Leonard St,5442,40.72494672359416,-74.00165855884552,40.71915571696044,-73.94885390996933,member
1610729,9FFA0B15DA958E7D,classic_bike,2021-09-14 18:09:57,2021-09-14 19:01:27,Sullivan Pl & Bedford Ave,3736,Bayard St & Leonard St,5442,40.6642406,-73.9574686,40.71915571696044,-73.94885390996933,casual
1610742,03188FD681870F11,classic_bike,2021-09-18 14:38:03,2021-09-18 14:59:36,DeKalb Ave & Vanderbilt Ave,4461,Bayard St & Leonard St,5442,40.68940747,-73.96885458,40.71915571696044,-73.94885390996933,casual
1610749,C7FA124EAEDB90FE,classic_bike,2021-09-14 18:12:10,2021-09-14 19:01:29,Sullivan Pl & Bedford Ave,3736,Bayard St & Leonard St,5442,40.6642406,-73.9574686,40.71915571696044,-73.94885390996933,casual
1610820,3B5C7A2F31337A33,classic_bike,2021-09-14 18:18:39,2021-09-14 18:59:25,8 Ave & W 31 St,6450,Bayard St & Leonard St,5442,40.7505853470215,-73.9946848154068,40.71915571696044,-73.94885390996933,member
1610836,BFAFC13DC339A45E,classic_bike,2021-09-03 15:14:04,2021-09-03 15:52:14,46 Ave & 5 St,6286,Bayard St & Leonard St,5442,40.74731,-73.95451,40.71915571696044,-73.94885390996933,member
1610842,43A1C111128BA717,classic_bike,2021-09-10 18:16:15,2021-09-10 18:42:12,Cooper Square & Astor Pl,5712,Bayard St & Leonard St,5442,40.72951496224949,-73.99075269699097,40.71915571696044,-73.94885390996933,member
1610844,18DDC8F8037D9145,electric_bike,2021-09-13 13:50:27,2021-09-13 13:55:00,Roebling St & N 4 St,5267,Bayard St & Leonard St,5442,40.71469,-73.95739,40.71915571696044,-73.94885390996933,member
1610855,9DB88A1962560268,classic_bike,2021-09-05 16:24:18,2021-09-05 16:32:54,Greenpoint Ave & Manhattan Ave,5785,Bayard St & Leonard St,5442,40.73026,-73.95394,40.71915571696044,-73.94885390996933,member
1610857,9E2BE4AE30FCEFC1,classic_bike,2021-09-03 12:23:27,2021-09-03 12:32:10,Greenpoint Ave & Manhattan Ave,5785,Bayard St & Leonard St,5442,40.73026,-73.95394,40.71915571696044,-73.94885390996933,member
1610865,625A6640EBC21C06,classic_bike,2021-09-09 12:35:24,2021-09-09 13:01:24,Greenpoint Ave & Manhattan Ave,5785,Bayard St & Leonard St,5442,40.73026,-73.95394,40.71915571696044,-73.94885390996933,casual
1610879,F5A9E55D25FD7B1C,classic_bike,2021-09-29 17:20:29,2021-09-29 17:29:55,Wythe Ave & Metropolitan Ave,5348,Bayard St & Leonard St,5442,40.716887,-73.963198,40.71915571696044,-73.94885390996933,member
1610886,EC28D5B6C5ECA341,classic_bike,2021-09-06 13:22:49,2021-09-06 13:31:11,Kingsland Ave & Nassau Ave,5613,Bayard St & Leonard St,5442,40.72577,-73.94173,40.71915571696044,-73.94885390996933,casual
1610892,FC799B09EA46DB19,classic_bike,2021-09-30 18:12:53,2021-09-30 18:19:59,Greenpoint Ave & Manhattan Ave,5785,Bayard St & Leonard St,5442,40.73026,-73.95394,40.71915571696044,-73.94885390996933,member
1610897,07D3F27838D67937,classic_bike,2021-09-05 03:21:45,2021-09-05 03:29:25,Wythe Ave & Metropolitan Ave,5348,Bayard St & Leonard St,5442,40.716887,-73.963198,40.71915571696044,-73.94885390996933,member
1610902,C6FFC885B9826116,classic_bike,2021-09-10 17:58:23,2021-09-10 18:06:35,Wythe Ave & Metropolitan Ave,5348,Bayard St & Leonard St,5442,40.716887,-73.963198,40.71915571696044,-73.94885390996933,member
1610924,B604F34EE834781C,classic_bike,2021-09-14 16:43:35,2021-09-14 16:54:58,Wythe Ave & Metropolitan Ave,5348,Bayard St & Leonard St,5442,40.716887,-73.963198,40.71915571696044,-73.94885390996933,casual
1610925,6212EF6FB32F5652,classic_bike,2021-09-13 21:11:12,2021-09-13 21:20:04,Wythe Ave & Metropolitan Ave,5348,Bayard St & Leonard St,5442,40.716887,-73.963198,40.71915571696044,-73.94885390996933,casual
1610935,F14EC390C8B6E28E,classic_bike,2021-09-10 09:50:33,2021-09-10 09:56:21,Kingsland Ave & Nassau Ave,5613,Bayard St & Leonard St,5442,40.72577,-73.94173,40.71915571696044,-73.94885390996933,member
1610948,0CC1D7761BC10917,classic_bike,2021-09-25 13:10:43,2021-09-25 13:43:54,28 St & 36 Ave,6614,Bayard St & Leonard St,5442,40.757186,-73.932719,40.71915571696044,-73.94885390996933,member
1610959,B768832224112532,classic_bike,2021-09-18 10:33:42,2021-09-18 10:42:26,Wythe Ave & Metropolitan Ave,5348,Bayard St & Leonard St,5442,40.716887,-73.963198,40.71915571696044,-73.94885390996933,member
1610962,66EFB45B53FD0429,classic_bike,2021-09-26 14:32:43,2021-09-26 14:44:11,Wythe Ave & Metropolitan Ave,5348,Bayard St & Leonard St,5442,40.716887,-73.963198,40.71915571696044,-73.94885390996933,casual
1610971,8023ED31E7E11CC4,electric_bike,2021-09-26 12:23:14,2021-09-26 12:32:42,Wythe Ave & Metropolitan Ave,5348,Bayard St & Leonard St,5442,40.716887,-73.963198,40.71915571696044,-73.94885390996933,member
1611002,199013FEDC6AE90E,electric_bike,2021-09-11 21:16:18,2021-09-11 21:50:15,10 Ave & W 28 St,6459,Bayard St & Leonard St,5442,40.75066386,-74.00176802,40.71915571696044,-73.94885390996933,casual
1611009,DCB300A3222B0570,classic_bike,2021-09-23 08:17:44,2021-09-23 08:25:14,Wythe Ave & Metropolitan Ave,5348,Bayard St & Leonard St,5442,40.716887,-73.963198,40.71915571696044,-73.94885390996933,member
1611013,805A2792FF4E959F,classic_bike,2021-09-03 17:35:15,2021-09-03 17:43:46,Wythe Ave & Metropolitan Ave,5348,Bayard St & Leonard St,5442,40.716887,-73.963198,40.71915571696044,-73.94885390996933,casual
1611031,588C3C4954292229,classic_bike,2021-09-20 21:16:42,2021-09-20 21:26:25,Wythe Ave & Metropolitan Ave,5348,Bayard St & Leonard St,5442,40.716887,-73.963198,40.71915571696044,-73.94885390996933,member
1611040,35AC02E9E5F302A0,classic_bike,2021-09-19 13:57:34,2021-09-19 14:02:48,Kingsland Ave & Nassau Ave,5613,Bayard St & Leonard St,5442,40.72577,-73.94173,40.71915571696044,-73.94885390996933,member
1611056,E6F5A3B82156FFBC,electric_bike,2021-09-10 12:04:00,2021-09-10 12:25:48,Milton St & Franklin St,5752,Bayard St & Leonard St,5442,40.72906,-73.95779,40.71915571696044,-73.94885390996933,member
1611060,29A8ACF9E1680D40,classic_bike,2021-09-12 19:21:10,2021-09-12 19:29:47,Milton St & Franklin St,5752,Bayard St & Leonard St,5442,40.72906,-73.95779,40.71915571696044,-73.94885390996933,member
1611075,47873B79BA2DA184,classic_bike,2021-09-29 08:18:01,2021-09-29 08:27:40,Wythe Ave & Metropolitan Ave,5348,Bayard St & Leonard St,5442,40.716887,-73.963198,40.71915571696044,-73.94885390996933,member
1611081,B36C7D28CF6D398D,classic_bike,2021-09-12 17:45:42,2021-09-12 17:53:32,Kingsland Ave & Nassau Ave,5613,Bayard St & Leonard St,5442,40.72577,-73.94173,40.71915571696044,-73.94885390996933,member
1611087,338ECDF838A14DC6,classic_bike,2021-09-19 21:19:02,2021-09-19 21:25:53,Kingsland Ave & Nassau Ave,5613,Bayard St & Leonard St,5442,40.72577,-73.94173,40.71915571696044,-73.94885390996933,member
1611098,D302F657D32D7AF2,classic_bike,2021-09-24 12:04:38,2021-09-24 12:14:02,Wythe Ave & Metropolitan Ave,5348,Bayard St & Leonard St,5442,40.716887,-73.963198,40.71915571696044,-73.94885390996933,member
1611099,ACDBA3386CCBF8B8,classic_bike,2021-09-09 19:15:32,2021-09-09 19:23:16,Wythe Ave & Metropolitan Ave,5348,Bayard St & Leonard St,5442,40.716887,-73.963198,40.71915571696044,-73.94885390996933,member
1611103,D38059BF4D65BAFC,classic_bike,2021-09-25 08:50:29,2021-09-25 08:57:54,Wythe Ave & Metropolitan Ave,5348,Bayard St & Leonard St,5442,40.716887,-73.963198,40.71915571696044,-73.94885390996933,member
1611106,2098750C67CD185B,classic_bike,2021-09-07 17:18:57,2021-09-07 17:27:16,Wythe Ave & Metropolitan Ave,5348,Bayard St & Leonard St,5442,40.716887,-73.963198,40.71915571696044,-73.94885390996933,member
1611110,FBB5BCD3A34A122B,classic_bike,2021-09-26 12:32:44,2021-09-26 12:38:05,Greenpoint Ave & Manhattan Ave,5785,Bayard St & Leonard St,5442,40.73026,-73.95394,40.71915571696044,-73.94885390996933,member
1611118,7D3910F41D23566B,classic_bike,2021-09-10 19:52:16,2021-09-10 19:57:17,Greenpoint Ave & Manhattan Ave,5785,Bayard St & Leonard St,5442,40.73026,-73.95394,40.71915571696044,-73.94885390996933,member
1611122,A70D0EBCB767CC64,classic_bike,2021-09-06 14:06:46,2021-09-06 14:13:29,Wythe Ave & Metropolitan Ave,5348,Bayard St & Leonard St,5442,40.716887,-73.963198,40.71915571696044,-73.94885390996933,member
1611125,955351B56EB9F104,classic_bike,2021-09-15 12:22:09,2021-09-15 12:29:24,Wythe Ave & Metropolitan Ave,5348,Bayard St & Leonard St,5442,40.716887,-73.963198,40.71915571696044,-73.94885390996933,member
1611126,90E99C4FB55C81BA,classic_bike,2021-09-28 17:19:15,2021-09-28 17:28:04,Wythe Ave & Metropolitan Ave,5348,Bayard St & Leonard St,5442,40.716887,-73.963198,40.71915571696044,-73.94885390996933,member
1611139,B66B488224EA4E39,classic_bike,2021-09-08 18:14:20,2021-09-08 18:22:22,Wythe Ave & Metropolitan Ave,5348,Bayard St & Leonard St,5442,40.716887,-73.963198,40.71915571696044,-73.94885390996933,member
1611142,3C7C9A58D1E8509B,classic_bike,2021-09-20 20:22:09,2021-09-20 20:28:59,Wythe Ave & Metropolitan Ave,5348,Bayard St & Leonard St,5442,40.716887,-73.963198,40.71915571696044,-73.94885390996933,member
1611150,3096A3B7CECF2413,classic_bike,2021-09-03 17:52:35,2021-09-03 17:57:48,Kingsland Ave & Nassau Ave,5613,Bayard St & Leonard St,5442,40.72577,-73.94173,40.71915571696044,-73.94885390996933,member
1611160,3765C6BE71105774,classic_bike,2021-09-07 06:57:44,2021-09-07 07:03:27,Wythe Ave & Metropolitan Ave,5348,Bayard St & Leonard St,5442,40.716887,-73.963198,40.71915571696044,-73.94885390996933,member
1611165,6639BC1385848CCB,classic_bike,2021-09-24 08:26:21,2021-09-24 08:34:02,Wythe Ave & Metropolitan Ave,5348,Bayard St & Leonard St,5442,40.716887,-73.963198,40.71915571696044,-73.94885390996933,member
1611167,810E44F9A15E241C,classic_bike,2021-09-11 13:21:15,2021-09-11 13:27:18,Kingsland Ave & Nassau Ave,5613,Bayard St & Leonard St,5442,40.72577,-73.94173,40.71915571696044,-73.94885390996933,member
1611204,9A99F2C2C58B2931,classic_bike,2021-09-21 17:19:01,2021-09-21 17:27:00,Wythe Ave & Metropolitan Ave,5348,Bayard St & Leonard St,5442,40.716887,-73.963198,40.71915571696044,-73.94885390996933,member
1611215,C4772F226BB1EBCE,classic_bike,2021-09-14 12:27:59,2021-09-14 12:37:04,Kingsland Ave & Nassau Ave,5613,Bayard St & Leonard St,5442,40.72577,-73.94173,40.71915571696044,-73.94885390996933,casual
1611222,38F784D5A59E92EE,classic_bike,2021-09-25 13:11:32,2021-09-25 13:43:50,28 St & 36 Ave,6614,Bayard St & Leonard St,5442,40.757186,-73.932719,40.71915571696044,-73.94885390996933,member
1611223,0EEC24B365627CD1,electric_bike,2021-09-08 15:48:05,2021-09-08 15:53:27,Kingsland Ave & Nassau Ave,5613,Bayard St & Leonard St,5442,40.72577,-73.94173,40.71915571696044,-73.94885390996933,member
1611228,E8EDD3C09C44D33B,classic_bike,2021-09-22 17:23:44,2021-09-22 17:31:16,Wythe Ave & Metropolitan Ave,5348,Bayard St & Leonard St,5442,40.716887,-73.963198,40.71915571696044,-73.94885390996933,member
1611229,436BD5FF2D881954,classic_bike,2021-09-30 17:21:13,2021-09-30 17:28:50,Wythe Ave & Metropolitan Ave,5348,Bayard St & Leonard St,5442,40.716887,-73.963198,40.71915571696044,-73.94885390996933,member
1611231,3C410078540DEDC0,electric_bike,2021-09-06 10:59:16,2021-09-06 11:03:09,Greenpoint Ave & Manhattan Ave,5785,Bayard St & Leonard St,5442,40.73026,-73.95394,40.71915571696044,-73.94885390996933,member
1611232,A72E9733D0EB5492,classic_bike,2021-09-23 18:14:12,2021-09-23 18:20:06,Greenpoint Ave & Manhattan Ave,5785,Bayard St & Leonard St,5442,40.73026,-73.95394,40.71915571696044,-73.94885390996933,member
1611234,81E7CB9BBBB32430,classic_bike,2021-09-29 12:17:07,2021-09-29 12:23:52,Greenpoint Ave & Manhattan Ave,5785,Bayard St & Leonard St,5442,40.73026,-73.95394,40.71915571696044,-73.94885390996933,member
1611239,E0B5AB2D8D46D9B0,classic_bike,2021-09-30 13:30:51,2021-09-30 13:52:18,E 13 St & Avenue A,5779,Bayard St & Leonard St,5442,40.72966729392978,-73.98067966103554,40.71915571696044,-73.94885390996933,member
1611240,009833E2B1FE8794,classic_bike,2021-09-29 19:42:38,2021-09-29 19:52:21,Wythe Ave & Metropolitan Ave,5348,Bayard St & Leonard St,5442,40.716887,-73.963198,40.71915571696044,-73.94885390996933,member
1611266,2F4F6289A0E285AB,electric_bike,2021-09-30 15:39:18,2021-09-30 15:46:36,Kingsland Ave & Nassau Ave,5613,Bayard St & Leonard St,5442,40.72577,-73.94173,40.71915571696044,-73.94885390996933,casual
1611271,93853F6E398113B0,classic_bike,2021-09-24 17:51:34,2021-09-24 18:00:25,Greenpoint Ave & Manhattan Ave,5785,Bayard St & Leonard St,5442,40.73026,-73.95394,40.71915571696044,-73.94885390996933,member
1611274,C7D07F40440878EF,classic_bike,2021-09-26 11:31:53,2021-09-26 12:52:55,W 35 St & 9 Ave,6569,Bayard St & Leonard St,5442,40.75414519263519,-73.9960889518261,40.71915571696044,-73.94885390996933,casual
1611291,BC100B8DCB76CBB0,classic_bike,2021-09-06 19:32:19,2021-09-06 19:43:49,McKibbin St & Manhattan Ave,4996,Bayard St & Leonard St,5442,40.70510918,-73.94407279,40.71915571696044,-73.94885390996933,casual
1611294,A9A0E26BF4202DE3,classic_bike,2021-09-24 13:09:21,2021-09-24 13:20:25,McKibbin St & Manhattan Ave,4996,Bayard St & Leonard St,5442,40.70510918,-73.94407279,40.71915571696044,-73.94885390996933,casual
1611301,900136C650F2CBF7,classic_bike,2021-09-16 13:32:04,2021-09-16 13:51:31,McKibbin St & Manhattan Ave,4996,Bayard St & Leonard St,5442,40.70510918,-73.94407279,40.71915571696044,-73.94885390996933,casual
1611302,3DED1B4ADED98190,classic_bike,2021-09-27 15:09:20,2021-09-27 15:15:09,Metropolitan Ave & Bedford Ave,5308,Bayard St & Leonard St,5442,40.71534825,-73.96024116,40.71915571696044,-73.94885390996933,casual
1611304,7C535813941F6124,classic_bike,2021-09-25 12:04:11,2021-09-25 12:14:28,McKibbin St & Manhattan Ave,4996,Bayard St & Leonard St,5442,40.70510918,-73.94407279,40.71915571696044,-73.94885390996933,casual
1611327,B72FBE4A0AA8A924,classic_bike,2021-09-16 08:14:20,2021-09-16 08:22:29,Metropolitan Ave & Bedford Ave,5308,Bayard St & Leonard St,5442,40.71534825,-73.96024116,40.71915571696044,-73.94885390996933,member
1611340,4BFC5219E17BE158,classic_bike,2021-09-10 07:16:41,2021-09-10 07:27:21,McKibbin St & Manhattan Ave,4996,Bayard St & Leonard St,5442,40.70510918,-73.94407279,40.71915571696044,-73.94885390996933,member
1611359,74C72614D34B0F3C,classic_bike,2021-09-10 11:06:02,2021-09-10 11:12:35,Metropolitan Ave & Bedford Ave,5308,Bayard St & Leonard St,5442,40.71534825,-73.96024116,40.71915571696044,-73.94885390996933,member
1611405,E77685DA81EA0F56,classic_bike,2021-09-29 17:53:53,2021-09-29 18:01:22,McKibbin St & Manhattan Ave,4996,Bayard St & Leonard St,5442,40.70510918,-73.94407279,40.71915571696044,-73.94885390996933,member
1611434,211E6B24C5DBC854,classic_bike,2021-09-22 17:48:51,2021-09-22 17:57:09,McKibbin St & Manhattan Ave,4996,Bayard St & Leonard St,5442,40.70510918,-73.94407279,40.71915571696044,-73.94885390996933,member
1611441,4980F98B81C087E6,classic_bike,2021-09-11 23:17:11,2021-09-11 23:29:09,Metropolitan Ave & Bedford Ave,5308,Bayard St & Leonard St,5442,40.71534825,-73.96024116,40.71915571696044,-73.94885390996933,casual
1611461,4B19E68A7D331C89,classic_bike,2021-09-13 08:18:33,2021-09-13 08:28:25,McKibbin St & Manhattan Ave,4996,Bayard St & Leonard St,5442,40.70510918,-73.94407279,40.71915571696044,-73.94885390996933,member
1611462,CD00F7CEC33AD789,classic_bike,2021-09-17 11:29:48,2021-09-17 11:39:21,Metropolitan Ave & Bedford Ave,5308,Bayard St & Leonard St,5442,40.71534825,-73.96024116,40.71915571696044,-73.94885390996933,member
1611465,195D454C58ECBEA3,classic_bike,2021-09-13 19:03:59,2021-09-13 19:11:14,McKibbin St & Manhattan Ave,4996,Bayard St & Leonard St,5442,40.70510918,-73.94407279,40.71915571696044,-73.94885390996933,casual
1611468,B9D588F854D5A2C8,classic_bike,2021-09-05 17:10:53,2021-09-05 17:19:34,McKibbin St & Manhattan Ave,4996,Bayard St & Leonard St,5442,40.70510918,-73.94407279,40.71915571696044,-73.94885390996933,casual
1611514,7DF4C071E918748B,electric_bike,2021-09-10 09:09:45,2021-09-10 09:31:07,Vesey St & Church St,5216,Bayard St & Leonard St,5442,40.71221958009051,-74.01047229766846,40.71915571696044,-73.94885390996933,casual
1611564,6AEE6D332682DDD9,classic_bike,2021-09-24 12:59:05,2021-09-24 13:32:43,21 St & 4 Ave,3668,Bayard St & Leonard St,5442,40.662584,-73.995554,40.71915571696044,-73.94885390996933,member
1611586,E264E821A67E36CA,classic_bike,2021-09-12 18:06:53,2021-09-12 18:30:42,3 Ave & Schermerhorn St,4437,Bayard St & Leonard St,5442,40.68683208,-73.9796772,40.71915571696044,-73.94885390996933,member
1611589,333EE9377825394F,classic_bike,2021-09-04 12:24:36,2021-09-04 13:01:54,3 Ave & Schermerhorn St,4437,Bayard St & Leonard St,5442,40.68683208,-73.9796772,40.71915571696044,-73.94885390996933,casual
1611590,1BCD3B1924E5695D,classic_bike,2021-09-04 12:24:22,2021-09-04 13:01:38,3 Ave & Schermerhorn St,4437,Bayard St & Leonard St,5442,40.68683208,-73.9796772,40.71915571696044,-73.94885390996933,casual
1611622,DA43A547AA5C5669,classic_bike,2021-09-26 18:02:15,2021-09-26 18:31:21,3 Ave & Schermerhorn St,4437,Bayard St & Leonard St,5442,40.68683208,-73.9796772,40.71915571696044,-73.94885390996933,member
1611676,3834DBCEAB0322CA,electric_bike,2021-09-14 18:44:17,2021-09-14 19:15:29,Greenwich St & Perry St,5922,Bayard St & Leonard St,5442,40.73498,-74.00697,40.71915571696044,-73.94885390996933,member
1611763,7819D17F19B11A0E,classic_bike,2021-09-19 09:52:36,2021-09-19 10:11:24,Carlton Ave & Flushing Ave,4732,Bayard St & Leonard St,5442,40.697787,-73.973736,40.71915571696044,-73.94885390996933,member
1611764,CCD001AC8299F2E7,classic_bike,2021-09-06 11:58:16,2021-09-06 12:13:48,Knickerbocker Ave & George St,4979,Bayard St & Leonard St,5442,40.704425,-73.92836,40.71915571696044,-73.94885390996933,member
1611766,132A799F47B4443F,classic_bike,2021-09-19 11:18:23,2021-09-19 11:35:02,Irving Ave & DeKalb Ave,4898,Bayard St & Leonard St,5442,40.7027,-73.92095,40.71915571696044,-73.94885390996933,casual
1611811,379217DF532145D1,classic_bike,2021-09-16 17:27:47,2021-09-16 17:46:23,Carlton Ave & Flushing Ave,4732,Bayard St & Leonard St,5442,40.697787,-73.973736,40.71915571696044,-73.94885390996933,member
1611817,8BE39990D90B9BEC,classic_bike,2021-09-21 20:01:14,2021-09-21 20:15:28,Knickerbocker Ave & George St,4979,Bayard St & Leonard St,5442,40.704425,-73.92836,40.71915571696044,-73.94885390996933,casual
1611840,E8DC7FA9133D195F,classic_bike,2021-09-18 09:44:05,2021-09-18 09:58:01,Carlton Ave & Flushing Ave,4732,Bayard St & Leonard St,5442,40.697787,-73.973736,40.71915571696044,-73.94885390996933,member
1611846,A1D9BE20346B8F3F,classic_bike,2021-09-22 18:22:23,2021-09-22 18:41:06,44 Dr & 21 St,6278,Bayard St & Leonard St,5442,40.748,-73.9460927,40.71915571696044,-73.94885390996933,member
1611847,B1328B9396853B38,electric_bike,2021-09-29 19:18:08,2021-09-29 19:33:28,44 Dr & 21 St,6278,Bayard St & Leonard St,5442,40.748,-73.9460927,40.71915571696044,-73.94885390996933,member
1611855,9B106F9E059353AD,classic_bike,2021-09-04 10:31:33,2021-09-04 10:41:04,Bushwick Ave & McKibbin St,5027,Bayard St & Leonard St,5442,40.705517,-73.93936,40.71915571696044,-73.94885390996933,member
1611901,9307FA24774F208A,classic_bike,2021-09-14 18:49:04,2021-09-14 19:13:30,Bleecker St & Crosby St,5679,Bayard St & Leonard St,5442,40.72615604980408,-73.99510189890862,40.71915571696044,-73.94885390996933,member
1611913,A00E7BAAC56BD3E1,classic_bike,2021-09-18 09:57:42,2021-09-18 10:37:04,E 89 St & York Ave,7204,Bayard St & Leonard St,5442,40.7779453,-73.946041,40.71915571696044,-73.94885390996933,member
1611931,878CCE82A87837C3,classic_bike,2021-09-11 16:18:13,2021-09-11 16:37:45,Stockholm St & Wilson Ave,4824,Bayard St & Leonard St,5442,40.699304,-73.923044,40.71915571696044,-73.94885390996933,casual
1611934,B724AD8A59ABF8EA,classic_bike,2021-09-14 13:27:18,2021-09-14 13:43:07,Stockholm St & Wilson Ave,4824,Bayard St & Leonard St,5442,40.699304,-73.923044,40.71915571696044,-73.94885390996933,member
1611996,6E6C6CD396FF267F,electric_bike,2021-09-22 17:26:26,2021-09-22 18:24:44,Parade Pl & Crooke Ave,3376,Bayard St & Leonard St,5442,40.651847,-73.965248,40.71915571696044,-73.94885390996933,casual
1612106,61648CA37EEBAB14,classic_bike,2021-09-04 17:08:52,2021-09-04 17:58:21,E 82 St & East End Ave,7049,Bayard St & Leonard St,5442,40.7724607,-73.9468208,40.71915571696044,-73.94885390996933,casual
1612141,43FE623D86567545,electric_bike,2021-09-03 15:02:54,2021-09-03 15:28:03,Forsyth St & Canal St,5270,Bayard St & Leonard St,5442,40.7158155,-73.99422366,40.71915571696044,-73.94885390996933,member
1612182,49F7F9A4135B79D6,classic_bike,2021-09-20 19:52:53,2021-09-20 20:24:14,Eastern Pkwy & Washington Ave,3928,Bayard St & Leonard St,5442,40.6716493,-73.9631145,40.71915571696044,-73.94885390996933,casual
1612303,09E8B4EF53459744,classic_bike,2021-09-18 22:21:48,2021-09-18 22:30:21,Banker St & Meserole Ave,5633,Bayard St & Leonard St,5442,40.72606,-73.95621,40.71915571696044,-73.94885390996933,member
1612327,DAB9B15777FECB83,electric_bike,2021-09-13 17:57:06,2021-09-13 18:22:39,E 7 St & Avenue A,5626,Bayard St & Leonard St,5442,40.72621788,-73.98379855,40.71915571696044,-73.94885390996933,member
1612328,B162C1CE7C5B79AE,electric_bike,2021-09-07 10:05:07,2021-09-07 10:26:49,Vesey St & Church St,5216,Bayard St & Leonard St,5442,40.71221958009051,-74.01047229766846,40.71915571696044,-73.94885390996933,casual
1612329,BFC855B57F8A59C2,electric_bike,2021-09-08 08:44:58,2021-09-08 09:07:35,Vesey St & Church St,5216,Bayard St & Leonard St,5442,40.71221958009051,-74.01047229766846,40.71915571696044,-73.94885390996933,casual
1612357,A936EAD0B5EAB10E,classic_bike,2021-09-17 19:01:10,2021-09-17 19:19:45,Banker St & Meserole Ave,5633,Bayard St & Leonard St,5442,40.72606,-73.95621,40.71915571696044,-73.94885390996933,member
1612367,587FDF2F856F9442,classic_bike,2021-09-18 22:21:51,2021-09-18 22:30:41,Banker St & Meserole Ave,5633,Bayard St & Leonard St,5442,40.72606,-73.95621,40.71915571696044,-73.94885390996933,member
1612408,6B17F8CF7BA2B15C,classic_bike,2021-09-22 20:20:17,2021-09-22 20:28:00,Greenpoint Ave & Manhattan Ave,5785,Bayard St & Leonard St,5442,40.73026,-73.95394,40.71915571696044,-73.94885390996933,casual
1612411,046567E167C164D1,classic_bike,2021-09-14 19:27:21,2021-09-14 19:45:30,Greenpoint Ave & Manhattan Ave,5785,Bayard St & Leonard St,5442,40.73026,-73.95394,40.71915571696044,-73.94885390996933,member
1612419,AC67911CB4C4B502,classic_bike,2021-09-28 07:58:50,2021-09-28 08:02:52,Metropolitan Ave & Bedford Ave,5308,Bayard St & Leonard St,5442,40.71534825,-73.96024116,40.71915571696044,-73.94885390996933,member
1612425,B7AA69C63C9E0E29,classic_bike,2021-09-14 20:05:31,2021-09-14 20:17:18,Metropolitan Ave & Bedford Ave,5308,Bayard St & Leonard St,5442,40.71534825,-73.96024116,40.71915571696044,-73.94885390996933,member
1612460,CE85DCCA4FC3C016,classic_bike,2021-09-22 08:44:58,2021-09-22 08:50:28,Metropolitan Ave & Bedford Ave,5308,Bayard St & Leonard St,5442,40.71534825,-73.96024116,40.71915571696044,-73.94885390996933,member
1612461,E33E5CB454F54074,classic_bike,2021-09-27 15:08:58,2021-09-27 15:14:19,Metropolitan Ave & Bedford Ave,5308,Bayard St & Leonard St,5442,40.71534825,-73.96024116,40.71915571696044,-73.94885390996933,member
1612526,B6DE55B8B4A3AE0E,classic_bike,2021-09-08 09:17:22,2021-09-08 09:21:57,Metropolitan Ave & Bedford Ave,5308,Bayard St & Leonard St,5442,40.71534825,-73.96024116,40.71915571696044,-73.94885390996933,member
1612552,D141934A48FF4AD0,classic_bike,2021-09-19 20:40:17,2021-09-19 20:51:06,Wythe Ave & Metropolitan Ave,5348,Bayard St & Leonard St,5442,40.716887,-73.963198,40.71915571696044,-73.94885390996933,member
1612562,911867A0423C755B,classic_bike,2021-09-18 10:34:07,2021-09-18 10:42:32,Wythe Ave & Metropolitan Ave,5348,Bayard St & Leonard St,5442,40.716887,-73.963198,40.71915571696044,-73.94885390996933,casual
1612563,36518CCCDEB67C6F,classic_bike,2021-09-18 10:34:20,2021-09-18 10:42:45,Wythe Ave & Metropolitan Ave,5348,Bayard St & Leonard St,5442,40.716887,-73.963198,40.71915571696044,-73.94885390996933,casual
1612597,DB842CD0DC5A5DA2,classic_bike,2021-09-24 18:40:26,2021-09-24 18:55:58,Broadway & Roebling St,5125,Bayard St & Leonard St,5442,40.70924826276157,-73.96063148975372,40.71915571696044,-73.94885390996933,casual
1612601,1553CC34703299E1,classic_bike,2021-09-20 09:42:13,2021-09-20 09:48:14,Kingsland Ave & Nassau Ave,5613,Bayard St & Leonard St,5442,40.72577,-73.94173,40.71915571696044,-73.94885390996933,member
1612633,1FC43BFDE7C8BDEF,classic_bike,2021-09-15 12:04:58,2021-09-15 12:12:43,Wythe Ave & Metropolitan Ave,5348,Bayard St & Leonard St,5442,40.716887,-73.963198,40.71915571696044,-73.94885390996933,casual
1612642,4782475E692270D8,classic_bike,2021-09-06 23:25:59,2021-09-06 23:36:35,Wythe Ave & Metropolitan Ave,5348,Bayard St & Leonard St,5442,40.716887,-73.963198,40.71915571696044,-73.94885390996933,casual
1612691,8F5F50FB5B6ED683,classic_bike,2021-09-13 18:20:17,2021-09-13 18:28:26,Wythe Ave & Metropolitan Ave,5348,Bayard St & Leonard St,5442,40.716887,-73.963198,40.71915571696044,-73.94885390996933,member
1612692,5F86D0541474AA8D,classic_bike,2021-09-17 12:21:01,2021-09-17 12:29:10,Wythe Ave & Metropolitan Ave,5348,Bayard St & Leonard St,5442,40.716887,-73.963198,40.71915571696044,-73.94885390996933,member
1612709,06D350EDFEBC3594,classic_bike,2021-09-06 13:00:15,2021-09-06 13:26:48,Monroe St & Bedford Ave,4368,Bayard St & Leonard St,5442,40.6851443,-73.95380904,40.71915571696044,-73.94885390996933,casual
1612723,460801F3DC760640,classic_bike,2021-09-06 14:27:41,2021-09-06 14:30:30,Driggs Ave & N 9 St,5411,Bayard St & Leonard St,5442,40.71816969454208,-73.95520135760307,40.71915571696044,-73.94885390996933,member
1612803,C5D3D315A396B4B2,classic_bike,2021-09-28 21:58:05,2021-09-28 22:00:47,Driggs Ave & N 9 St,5411,Bayard St & Leonard St,5442,40.71816969454208,-73.95520135760307,40.71915571696044,-73.94885390996933,member
1612804,1A4AE09C73341FAD,classic_bike,2021-09-05 02:29:41,2021-09-05 02:32:25,Driggs Ave & N 9 St,5411,Bayard St & Leonard St,5442,40.71816969454208,-73.95520135760307,40.71915571696044,-73.94885390996933,member
1612806,6788D8A5228C189F,classic_bike,2021-09-15 17:58:30,2021-09-15 18:06:33,Devoe St & Lorimer St,5259,Bayard St & Leonard St,5442,40.71335226222875,-73.9491033554077,40.71915571696044,-73.94885390996933,member
1612807,19C8D545D6439445,classic_bike,2021-09-16 20:24:13,2021-09-16 20:27:31,Driggs Ave & N 9 St,5411,Bayard St & Leonard St,5442,40.71816969454208,-73.95520135760307,40.71915571696044,-73.94885390996933,member
1612809,B19F7D1CAC4C0AC2,classic_bike,2021-09-20 16:17:45,2021-09-20 16:21:31,Devoe St & Lorimer St,5259,Bayard St & Leonard St,5442,40.71335226222875,-73.9491033554077,40.71915571696044,-73.94885390996933,member
1612817,12EAA82F562A5C9E,classic_bike,2021-09-09 17:48:26,2021-09-09 17:51:17,Driggs Ave & N 9 St,5411,Bayard St & Leonard St,5442,40.71816969454208,-73.95520135760307,40.71915571696044,-73.94885390996933,member
1612820,712B20E24F224E42,classic_bike,2021-09-28 07:56:45,2021-09-28 08:01:33,Driggs Ave & N 9 St,5411,Bayard St & Leonard St,5442,40.71816969454208,-73.95520135760307,40.71915571696044,-73.94885390996933,member
1612822,54086E9DD314B9E4,classic_bike,2021-09-22 18:03:04,2021-09-22 18:09:09,Devoe St & Lorimer St,5259,Bayard St & Leonard St,5442,40.71335226222875,-73.9491033554077,40.71915571696044,-73.94885390996933,member
1612826,6B02FEE8EE8E0BA4,classic_bike,2021-09-06 14:19:46,2021-09-06 14:22:48,Devoe St & Lorimer St,5259,Bayard St & Leonard St,5442,40.71335226222875,-73.9491033554077,40.71915571696044,-73.94885390996933,member
1612835,E6DF6340065F2539,classic_bike,2021-09-14 14:08:30,2021-09-14 14:13:36,Driggs Ave & N 9 St,5411,Bayard St & Leonard St,5442,40.71816969454208,-73.95520135760307,40.71915571696044,-73.94885390996933,member
1612851,861190689AA849C4,electric_bike,2021-09-12 07:33:23,2021-09-12 07:46:29,Broadway & Hancock St,4441,Bayard St & Leonard St,5442,40.68663,-73.9168,40.71915571696044,-73.94885390996933,casual
1612852,B5D2EC36D59F88FC,classic_bike,2021-09-09 19:24:36,2021-09-09 19:28:22,Driggs Ave & N 9 St,5411,Bayard St & Leonard St,5442,40.71816969454208,-73.95520135760307,40.71915571696044,-73.94885390996933,member
1612853,1B4E2B48DCF334E3,classic_bike,2021-09-03 18:09:19,2021-09-03 18:12:00,Driggs Ave & N 9 St,5411,Bayard St & Leonard St,5442,40.71816969454208,-73.95520135760307,40.71915571696044,-73.94885390996933,member
1612854,8654B8C776DA2AA8,classic_bike,2021-09-02 22:04:24,2021-09-02 22:07:23,Driggs Ave & N 9 St,5411,Bayard St & Leonard St,5442,40.71816969454208,-73.95520135760307,40.71915571696044,-73.94885390996933,member
1612855,357F00E7B2952CA4,electric_bike,2021-09-21 20:27:19,2021-09-21 20:29:46,Driggs Ave & N 9 St,5411,Bayard St & Leonard St,5442,40.71816969454208,-73.95520135760307,40.71915571696044,-73.94885390996933,member
1612858,ABACB3E235EBE923,classic_bike,2021-09-15 20:00:55,2021-09-15 20:07:03,Devoe St & Lorimer St,5259,Bayard St & Leonard St,5442,40.71335226222875,-73.9491033554077,40.71915571696044,-73.94885390996933,casual
1612859,C6EF2678BAF6A5CF,classic_bike,2021-09-08 17:01:38,2021-09-08 17:04:37,Driggs Ave & N 9 St,5411,Bayard St & Leonard St,5442,40.71816969454208,-73.95520135760307,40.71915571696044,-73.94885390996933,member
1612860,519E4CDFAE70257F,classic_bike,2021-09-30 00:33:11,2021-09-30 00:36:52,Driggs Ave & N 9 St,5411,Bayard St & Leonard St,5442,40.71816969454208,-73.95520135760307,40.71915571696044,-73.94885390996933,member
1612865,F0E7ADDB123783FE,classic_bike,2021-09-03 09:54:14,2021-09-03 10:00:41,Driggs Ave & N 9 St,5411,Bayard St & Leonard St,5442,40.71816969454208,-73.95520135760307,40.71915571696044,-73.94885390996933,member
1612871,859A5A8B7D2F6572,classic_bike,2021-09-26 15:29:56,2021-09-26 15:34:35,Devoe St & Lorimer St,5259,Bayard St & Leonard St,5442,40.71335226222875,-73.9491033554077,40.71915571696044,-73.94885390996933,casual
1612908,E80504DB56FF734D,classic_bike,2021-09-11 15:49:56,2021-09-11 15:52:27,Driggs Ave & N 9 St,5411,Bayard St & Leonard St,5442,40.71816969454208,-73.95520135760307,40.71915571696044,-73.94885390996933,member
1612909,2D62E996C9BAD207,classic_bike,2021-09-11 13:16:51,2021-09-11 13:20:22,Driggs Ave & N 9 St,5411,Bayard St & Leonard St,5442,40.71816969454208,-73.95520135760307,40.71915571696044,-73.94885390996933,member
1612910,709DCD9CE5112749,classic_bike,2021-09-21 17:59:02,2021-09-21 18:02:04,Driggs Ave & N 9 St,5411,Bayard St & Leonard St,5442,40.71816969454208,-73.95520135760307,40.71915571696044,-73.94885390996933,member
1612912,EA5344B2414FB8F5,classic_bike,2021-09-22 19:40:22,2021-09-22 19:43:02,Driggs Ave & N 9 St,5411,Bayard St & Leonard St,5442,40.71816969454208,-73.95520135760307,40.71915571696044,-73.94885390996933,member
1612913,A9941FD44F48B4B2,classic_bike,2021-09-28 17:52:22,2021-09-28 17:55:19,Driggs Ave & N 9 St,5411,Bayard St & Leonard St,5442,40.71816969454208,-73.95520135760307,40.71915571696044,-73.94885390996933,member
1612964,3A761E4B50C393DB,electric_bike,2021-09-16 18:21:37,2021-09-16 19:15:19,10 Ave & W 28 St,6459,Bayard St & Leonard St,5442,40.75066386,-74.00176802,40.71915571696044,-73.94885390996933,member
1612969,0258C8D1F565E03B,classic_bike,2021-09-03 17:34:57,2021-09-03 17:44:00,Wythe Ave & Metropolitan Ave,5348,Bayard St & Leonard St,5442,40.716887,-73.963198,40.71915571696044,-73.94885390996933,casual
1613008,2AE0B674004BFF5F,classic_bike,2021-09-04 08:45:41,2021-09-04 08:54:40,Kingsland Ave & Nassau Ave,5613,Bayard St & Leonard St,5442,40.72577,-73.94173,40.71915571696044,-73.94885390996933,member
1613021,2BB9FBB343E4C298,classic_bike,2021-09-26 13:21:25,2021-09-26 13:48:12,Jefferson Ave & Evergreen Ave,4517,Bayard St & Leonard St,5442,40.68989,-73.91458,40.71915571696044,-73.94885390996933,casual
1613047,AABB68C5B794D858,electric_bike,2021-09-18 23:04:02,2021-09-18 23:14:16,Graham Ave & Grand St,5178,Bayard St & Leonard St,5442,40.711863,-73.944024,40.71915571696044,-73.94885390996933,casual
1613053,52637C8AD3405942,classic_bike,2021-09-06 10:52:59,2021-09-06 10:57:03,Graham Ave & Grand St,5178,Bayard St & Leonard St,5442,40.711863,-73.944024,40.71915571696044,-73.94885390996933,casual
1613056,6C48EAB2FBA3B4B3,classic_bike,2021-09-24 14:41:26,2021-09-24 14:53:50,Morgan Ave & Lombardy St,5503,Bayard St & Leonard St,5442,40.72226,-73.93889,40.71915571696044,-73.94885390996933,member
1613070,A377CB88200CE16E,classic_bike,2021-09-04 03:00:29,2021-09-04 03:07:02,Graham Ave & Grand St,5178,Bayard St & Leonard St,5442,40.711863,-73.944024,40.71915571696044,-73.94885390996933,member
1613095,13E1BE73DC9262F0,classic_bike,2021-09-10 09:39:30,2021-09-10 09:47:24,Graham Ave & Grand St,5178,Bayard St & Leonard St,5442,40.711863,-73.944024,40.71915571696044,-73.94885390996933,member
1613120,43B9C8B17A91A3E8,classic_bike,2021-09-30 21:50:08,2021-09-30 21:57:08,Graham Ave & Grand St,5178,Bayard St & Leonard St,5442,40.711863,-73.944024,40.71915571696044,-73.94885390996933,member
1613156,88D7FE876A8D5058,classic_bike,2021-09-16 19:17:02,2021-09-16 19:24:02,Morgan Ave & Lombardy St,5503,Bayard St & Leonard St,5442,40.72226,-73.93889,40.71915571696044,-73.94885390996933,member
1613157,F9CC74E3D3CD1357,classic_bike,2021-09-22 10:35:59,2021-09-22 10:41:46,Graham Ave & Grand St,5178,Bayard St & Leonard St,5442,40.711863,-73.944024,40.71915571696044,-73.94885390996933,member
1613162,F689DDE45CAB3D90,electric_bike,2021-09-09 22:53:22,2021-09-09 22:57:52,Graham Ave & Grand St,5178,Bayard St & Leonard St,5442,40.711863,-73.944024,40.71915571696044,-73.94885390996933,member
1613167,26A0CD121912BEFF,electric_bike,2021-09-03 06:47:51,2021-09-03 06:54:09,Graham Ave & Grand St,5178,Bayard St & Leonard St,5442,40.711863,-73.944024,40.71915571696044,-73.94885390996933,member
1613168,8140FD9C2F768357,classic_bike,2021-09-10 06:49:17,2021-09-10 06:55:29,Graham Ave & Grand St,5178,Bayard St & Leonard St,5442,40.711863,-73.944024,40.71915571696044,-73.94885390996933,member
1613184,3FDB7C91B2774CAA,classic_bike,2021-09-02 10:17:10,2021-09-02 10:27:27,McKibbin St & Manhattan Ave,4996,Bayard St & Leonard St,5442,40.70510918,-73.94407279,40.71915571696044,-73.94885390996933,casual
1613187,9A5874FC50DEB823,classic_bike,2021-09-09 16:38:23,2021-09-09 16:43:59,Metropolitan Ave & Bedford Ave,5308,Bayard St & Leonard St,5442,40.71534825,-73.96024116,40.71915571696044,-73.94885390996933,member
1613188,498A8F360EB4A197,classic_bike,2021-09-14 17:44:04,2021-09-14 17:51:02,McKibbin St & Manhattan Ave,4996,Bayard St & Leonard St,5442,40.70510918,-73.94407279,40.71915571696044,-73.94885390996933,member
1613237,308ED35400157D92,classic_bike,2021-09-06 15:19:01,2021-09-06 15:49:04,34 Ave & 13 St,6836,Bayard St & Leonard St,5442,40.7638753,-73.9364848,40.71915571696044,-73.94885390996933,member
1613244,A2BF15D0DB697AF6,classic_bike,2021-09-25 14:45:36,2021-09-25 14:58:55,Hope St & Union Ave,5187,Bayard St & Leonard St,5442,40.71167351,-73.95141312,40.71915571696044,-73.94885390996933,casual
1613253,27D8076C0DD817EA,electric_bike,2021-09-18 10:13:29,2021-09-18 10:40:47,LaGuardia Pl & W 3 St,5721,Bayard St & Leonard St,5442,40.72917025,-73.99810231,40.71915571696044,-73.94885390996933,member
1613281,35719954E53490AA,classic_bike,2021-09-10 17:52:18,2021-09-10 18:14:10,Center Blvd & 51 Ave,6179,Bayard St & Leonard St,5442,40.74336608027021,-73.95960688591003,40.71915571696044,-73.94885390996933,casual
1613308,3D7B3C6308C0134C,classic_bike,2021-09-19 13:14:24,2021-09-19 13:17:40,Hope St & Union Ave,5187,Bayard St & Leonard St,5442,40.71167351,-73.95141312,40.71915571696044,-73.94885390996933,casual
1613326,FC0B2AB480411066,classic_bike,2021-09-19 19:33:03,2021-09-19 20:35:23,Hope St & Union Ave,5187,Bayard St & Leonard St,5442,40.71167351,-73.95141312,40.71915571696044,-73.94885390996933,casual
1613335,D0A1D6C6AB5B9598,classic_bike,2021-09-19 14:25:47,2021-09-19 14:33:13,Hope St & Union Ave,5187,Bayard St & Leonard St,5442,40.71167351,-73.95141312,40.71915571696044,-73.94885390996933,member
1613390,34851985F5BA6D7D,electric_bike,2021-09-11 18:39:47,2021-09-11 18:53:46,Clinton St\t& Cherry St,5190,Bayard St & Leonard St,5442,40.711471394469264,-73.98672603070736,40.71915571696044,-73.94885390996933,member
1613396,E053E9A2FF2464F4,classic_bike,2021-09-11 15:43:42,2021-09-11 15:50:04,Hope St & Union Ave,5187,Bayard St & Leonard St,5442,40.71167351,-73.95141312,40.71915571696044,-73.94885390996933,casual
1613433,7F2FE3EB9904D7BA,electric_bike,2021-09-11 16:13:19,2021-09-11 16:26:29,Clinton St & Grand St,5303,Bayard St & Leonard St,5442,40.71559509,-73.9870295,40.71915571696044,-73.94885390996933,member
1613479,EF409CBFCF6764F4,classic_bike,2021-09-05 13:39:31,2021-09-05 13:42:47,Bedford Ave & Nassau Ave,5550,Bayard St & Leonard St,5442,40.72311651,-73.95212324,40.71915571696044,-73.94885390996933,member
1613481,DF68E50E0B34A608,classic_bike,2021-09-11 09:56:28,2021-09-11 10:00:49,Bedford Ave & Nassau Ave,5550,Bayard St & Leonard St,5442,40.72311651,-73.95212324,40.71915571696044,-73.94885390996933,member
1613502,A2D4AB2075B14DA4,classic_bike,2021-09-02 13:53:01,2021-09-02 15:31:30,Bedford Ave & Nassau Ave,5550,Bayard St & Leonard St,5442,40.72311651,-73.95212324,40.71915571696044,-73.94885390996933,casual
1613505,211B281AE27F076B,classic_bike,2021-09-13 18:58:08,2021-09-13 19:00:36,Bedford Ave & Nassau Ave,5550,Bayard St & Leonard St,5442,40.72311651,-73.95212324,40.71915571696044,-73.94885390996933,member
1613524,852ACBC549EA2889,classic_bike,2021-09-24 22:24:57,2021-09-24 22:48:07,Clinton St & Grand St,5303,Bayard St & Leonard St,5442,40.71559509,-73.9870295,40.71915571696044,-73.94885390996933,member
1613537,B26FDFD0EFA25D24,classic_bike,2021-09-14 16:37:45,2021-09-14 16:48:04,S 4 St & Wythe Ave,5204,Bayard St & Leonard St,5442,40.71285887,-73.96590294,40.71915571696044,-73.94885390996933,member
1613541,5E1C6ECCB2D78FEE,classic_bike,2021-09-03 20:10:02,2021-09-03 20:34:38,Lafayette Ave & Classon Ave,4452,Bayard St & Leonard St,5442,40.68900443,-73.96023854,40.71915571696044,-73.94885390996933,member
1613548,9017DEF3EC72E9F8,classic_bike,2021-09-20 06:49:16,2021-09-20 06:54:28,Graham Ave & Grand St,5178,Bayard St & Leonard St,5442,40.711863,-73.944024,40.71915571696044,-73.94885390996933,member
1613551,6A9FA44012F1F69C,classic_bike,2021-09-10 20:07:06,2021-09-10 20:09:42,Union Ave & Jackson St,5300,Bayard St & Leonard St,5442,40.7160751,-73.952029,40.71915571696044,-73.94885390996933,member
1613556,CF8649292208FBB0,classic_bike,2021-09-30 19:01:41,2021-09-30 19:18:58,Monroe St & Tompkins Ave,4434,Bayard St & Leonard St,5442,40.686203,-73.944694,40.71915571696044,-73.94885390996933,casual
1613557,943A49114122B6CC,classic_bike,2021-09-29 20:20:25,2021-09-29 20:45:02,Vernon Blvd & 47 Rd,6212,Bayard St & Leonard St,5442,40.7449067,-73.9534573,40.71915571696044,-73.94885390996933,member
1613561,EA49E9CA53AF813A,classic_bike,2021-09-17 21:37:14,2021-09-17 21:54:42,Monroe St & Tompkins Ave,4434,Bayard St & Leonard St,5442,40.686203,-73.944694,40.71915571696044,-73.94885390996933,member
1613568,32E5053CED278E91,classic_bike,2021-09-27 06:49:40,2021-09-27 06:54:19,Graham Ave & Grand St,5178,Bayard St & Leonard St,5442,40.711863,-73.944024,40.71915571696044,-73.94885390996933,member
1613580,66FA2C98EF8A9DD1,classic_bike,2021-09-13 17:37:09,2021-09-13 17:47:38,S 4 St & Wythe Ave,5204,Bayard St & Leonard St,5442,40.71285887,-73.96590294,40.71915571696044,-73.94885390996933,casual
1613581,DF04294EC36ABF1E,electric_bike,2021-09-22 18:10:32,2021-09-22 18:32:46,Pacific St & Classon Ave,4148,Bayard St & Leonard St,5442,40.6791944,-73.9587903,40.71915571696044,-73.94885390996933,member
1613587,0C711DFD2E9AC8EF,classic_bike,2021-09-25 17:15:22,2021-09-25 17:18:17,Union Ave & Jackson St,5300,Bayard St & Leonard St,5442,40.7160751,-73.952029,40.71915571696044,-73.94885390996933,casual
1613588,9142C2D7FC865D82,classic_bike,2021-09-26 14:40:54,2021-09-26 14:54:17,S 4 St & Wythe Ave,5204,Bayard St & Leonard St,5442,40.71285887,-73.96590294,40.71915571696044,-73.94885390996933,casual
1613594,2CD745A9975E34AC,classic_bike,2021-09-17 20:27:24,2021-09-17 20:36:59,S 4 St & Wythe Ave,5204,Bayard St & Leonard St,5442,40.71285887,-73.96590294,40.71915571696044,-73.94885390996933,member
1613609,7E514FD032871DA4,classic_bike,2021-09-18 11:06:34,2021-09-18 11:16:57,S 4 St & Wythe Ave,5204,Bayard St & Leonard St,5442,40.71285887,-73.96590294,40.71915571696044,-73.94885390996933,member
1613615,081D26155302FDE4,electric_bike,2021-09-20 13:57:53,2021-09-20 14:04:45,Kent Ave & N 7 St,5489,Bayard St & Leonard St,5442,40.72036775298455,-73.96165072917938,40.71915571696044,-73.94885390996933,member
1613641,0F2853A3642CF738,classic_bike,2021-09-14 17:28:47,2021-09-14 17:58:01,Kent Ave & N 7 St,5489,Bayard St & Leonard St,5442,40.72036775298455,-73.96165072917938,40.71915571696044,-73.94885390996933,casual
1613645,E7B9CE92340CB1CE,classic_bike,2021-09-13 11:57:48,2021-09-13 12:03:06,Kent Ave & N 7 St,5489,Bayard St & Leonard St,5442,40.72036775298455,-73.96165072917938,40.71915571696044,-73.94885390996933,member
1613667,D7C03F008174FE81,classic_bike,2021-09-09 22:53:26,2021-09-09 22:57:53,Graham Ave & Grand St,5178,Bayard St & Leonard St,5442,40.711863,-73.944024,40.71915571696044,-73.94885390996933,member
1613709,B9DFF5E0522D89D3,classic_bike,2021-09-08 15:41:23,2021-09-08 15:47:20,Graham Ave & Grand St,5178,Bayard St & Leonard St,5442,40.711863,-73.944024,40.71915571696044,-73.94885390996933,member
1613716,FFBD1344D76F86D6,electric_bike,2021-09-24 16:31:21,2021-09-24 16:59:06,2 Ave & E 31 St,6197,Bayard St & Leonard St,5442,40.74290902,-73.97706058,40.71915571696044,-73.94885390996933,member
1613721,E7426A3404A346C1,classic_bike,2021-09-02 09:59:14,2021-09-02 10:05:10,Kent Ave & N 7 St,5489,Bayard St & Leonard St,5442,40.72036775298455,-73.96165072917938,40.71915571696044,-73.94885390996933,casual
1613727,02CD1E4D17E06E6C,classic_bike,2021-09-21 17:47:54,2021-09-21 17:54:34,Kent Ave & N 7 St,5489,Bayard St & Leonard St,5442,40.72036775298455,-73.96165072917938,40.71915571696044,-73.94885390996933,member
1613746,87A9186ED4417FA2,electric_bike,2021-09-23 11:17:22,2021-09-23 11:23:44,Kent Ave & N 7 St,5489,Bayard St & Leonard St,5442,40.72036775298455,-73.96165072917938,40.71915571696044,-73.94885390996933,member
1613750,A75D4109134B963F,classic_bike,2021-09-22 17:23:07,2021-09-22 17:29:16,Kent Ave & N 7 St,5489,Bayard St & Leonard St,5442,40.72036775298455,-73.96165072917938,40.71915571696044,-73.94885390996933,member
1613777,3C9C443B204E0943,classic_bike,2021-09-14 17:30:27,2021-09-14 17:57:43,Kent Ave & N 7 St,5489,Bayard St & Leonard St,5442,40.72036775298455,-73.96165072917938,40.71915571696044,-73.94885390996933,casual
1613781,632D4BFFB305C760,classic_bike,2021-09-29 17:47:48,2021-09-29 17:53:39,Kent Ave & N 7 St,5489,Bayard St & Leonard St,5442,40.72036775298455,-73.96165072917938,40.71915571696044,-73.94885390996933,member
1613785,35B2F0CEA2C8E2B6,electric_bike,2021-09-16 23:23:55,2021-09-16 23:51:56,2 Ave & E 31 St,6197,Bayard St & Leonard St,5442,40.74290902,-73.97706058,40.71915571696044,-73.94885390996933,casual
1613794,8A451F378DB93F02,classic_bike,2021-09-14 17:28:19,2021-09-14 17:57:47,Kent Ave & N 7 St,5489,Bayard St & Leonard St,5442,40.72036775298455,-73.96165072917938,40.71915571696044,-73.94885390996933,casual
1613820,96DBEC00C1E1B1BA,electric_bike,2021-09-03 06:21:34,2021-09-03 06:25:34,Kent Ave & N 7 St,5489,Bayard St & Leonard St,5442,40.72036775298455,-73.96165072917938,40.71915571696044,-73.94885390996933,casual
1613828,102693D0D67D09A8,electric_bike,2021-09-12 19:35:33,2021-09-12 20:07:54,Kent Ave & N 7 St,5489,Bayard St & Leonard St,5442,40.72036775298455,-73.96165072917938,40.71915571696044,-73.94885390996933,member
1613836,BE9ABFD5231C1616,classic_bike,2021-09-02 18:34:37,2021-09-02 18:43:36,Kent Ave & N 7 St,5489,Bayard St & Leonard St,5442,40.72036775298455,-73.96165072917938,40.71915571696044,-73.94885390996933,casual
1613841,261DE5EBD0D1298E,electric_bike,2021-09-07 08:00:28,2021-09-07 08:04:22,Kent Ave & N 7 St,5489,Bayard St & Leonard St,5442,40.72036775298455,-73.96165072917938,40.71915571696044,-73.94885390996933,member
1613869,0977F1098F811B4D,classic_bike,2021-09-22 13:36:58,2021-09-22 13:43:34,Kent Ave & N 7 St,5489,Bayard St & Leonard St,5442,40.72036775298455,-73.96165072917938,40.71915571696044,-73.94885390996933,member
1613875,B030C02F1C6FD1F1,classic_bike,2021-09-07 06:50:31,2021-09-07 06:59:58,Graham Ave & Grand St,5178,Bayard St & Leonard St,5442,40.711863,-73.944024,40.71915571696044,-73.94885390996933,member
1613881,96BD9C65B5B1C154,classic_bike,2021-09-09 17:48:07,2021-09-09 17:53:03,Kent Ave & N 7 St,5489,Bayard St & Leonard St,5442,40.72036775298455,-73.96165072917938,40.71915571696044,-73.94885390996933,member
1613882,4C1EF0DC6152A35D,classic_bike,2021-09-10 17:45:35,2021-09-10 17:51:32,Kent Ave & N 7 St,5489,Bayard St & Leonard St,5442,40.72036775298455,-73.96165072917938,40.71915571696044,-73.94885390996933,member
1613883,8E8A9181ECDE584C,classic_bike,2021-09-15 18:57:50,2021-09-15 19:06:34,Kent Ave & N 7 St,5489,Bayard St & Leonard St,5442,40.72036775298455,-73.96165072917938,40.71915571696044,-73.94885390996933,member
1613890,5870DA5B1772B6BB,classic_bike,2021-09-25 22:18:54,2021-09-25 22:28:58,Kent Ave & N 7 St,5489,Bayard St & Leonard St,5442,40.72036775298455,-73.96165072917938,40.71915571696044,-73.94885390996933,casual
1613892,562FC25997DB11B0,classic_bike,2021-09-11 16:16:27,2021-09-11 16:25:28,Kent Ave & N 7 St,5489,Bayard St & Leonard St,5442,40.72036775298455,-73.96165072917938,40.71915571696044,-73.94885390996933,casual
1613894,9F517167E06D2F27,electric_bike,2021-09-17 08:29:11,2021-09-17 17:03:14,Kent Ave & N 7 St,5489,Bayard St & Leonard St,5442,40.72036775298455,-73.96165072917938,40.71915571696044,-73.94885390996933,member
1613896,9D101C6AC8A3618F,classic_bike,2021-09-10 11:19:03,2021-09-10 11:26:43,Kent Ave & N 7 St,5489,Bayard St & Leonard St,5442,40.72036775298455,-73.96165072917938,40.71915571696044,-73.94885390996933,member
1613898,20760423F12F203B,electric_bike,2021-09-01 10:55:54,2021-09-01 11:00:06,Kent Ave & N 7 St,5489,Bayard St & Leonard St,5442,40.72036775298455,-73.96165072917938,40.71915571696044,-73.94885390996933,member
1613899,ABAA72F8E97736B4,classic_bike,2021-09-30 18:39:39,2021-09-30 18:44:40,Kent Ave & N 7 St,5489,Bayard St & Leonard St,5442,40.72036775298455,-73.96165072917938,40.71915571696044,-73.94885390996933,member
1613900,BFD338F0717F4263,classic_bike,2021-09-13 18:46:42,2021-09-13 18:51:53,Kent Ave & N 7 St,5489,Bayard St & Leonard St,5442,40.72036775298455,-73.96165072917938,40.71915571696044,-73.94885390996933,member
1613901,A5DDA79C96513101,electric_bike,2021-09-27 16:35:56,2021-09-27 16:43:30,Kent Ave & N 7 St,5489,Bayard St & Leonard St,5442,40.72036775298455,-73.96165072917938,40.71915571696044,-73.94885390996933,member
1613906,B98CB3E87C9F0733,classic_bike,2021-09-15 10:43:17,2021-09-15 10:48:22,Kent Ave & N 7 St,5489,Bayard St & Leonard St,5442,40.72036775298455,-73.96165072917938,40.71915571696044,-73.94885390996933,member
1613912,96B572296AEF2782,classic_bike,2021-09-04 08:36:49,2021-09-04 09:04:58,Kent Ave & N 7 St,5489,Bayard St & Leonard St,5442,40.72036775298455,-73.96165072917938,40.71915571696044,-73.94885390996933,casual
1613913,9D579913A4505293,classic_bike,2021-09-21 17:45:35,2021-09-21 17:51:11,Kent Ave & N 7 St,5489,Bayard St & Leonard St,5442,40.72036775298455,-73.96165072917938,40.71915571696044,-73.94885390996933,member
1613934,55629FF9E428FB20,classic_bike,2021-09-17 21:00:32,2021-09-17 21:07:33,Kent Ave & N 7 St,5489,Bayard St & Leonard St,5442,40.72036775298455,-73.96165072917938,40.71915571696044,-73.94885390996933,casual
1613939,73EF3ADFF66CF9F4,classic_bike,2021-09-27 15:58:53,2021-09-27 16:06:01,Kent Ave & N 7 St,5489,Bayard St & Leonard St,5442,40.72036775298455,-73.96165072917938,40.71915571696044,-73.94885390996933,casual
1613942,4C4BAD6B1D4F61DF,classic_bike,2021-09-10 12:17:12,2021-09-10 12:27:44,Kent Ave & N 7 St,5489,Bayard St & Leonard St,5442,40.72036775298455,-73.96165072917938,40.71915571696044,-73.94885390996933,casual
1613979,7ED6136A02A37782,electric_bike,2021-09-24 10:35:55,2021-09-24 10:40:48,Kent Ave & N 7 St,5489,Bayard St & Leonard St,5442,40.72036775298455,-73.96165072917938,40.71915571696044,-73.94885390996933,member
1614053,72989C4EC7E97610,classic_bike,2021-09-06 17:39:08,2021-09-06 17:41:42,Devoe St & Lorimer St,5259,Bayard St & Leonard St,5442,40.71335226222875,-73.9491033554077,40.71915571696044,-73.94885390996933,casual
1614054,AA37DC8347EC1195,classic_bike,2021-09-04 04:46:50,2021-09-04 04:50:02,Driggs Ave & N 9 St,5411,Bayard St & Leonard St,5442,40.71816969454208,-73.95520135760307,40.71915571696044,-73.94885390996933,member
1614055,44865DA53C4E5EE0,classic_bike,2021-09-17 20:21:00,2021-09-17 20:23:57,Driggs Ave & N 9 St,5411,Bayard St & Leonard St,5442,40.71816969454208,-73.95520135760307,40.71915571696044,-73.94885390996933,member
1614056,3F4E625120D3B354,classic_bike,2021-09-18 11:02:03,2021-09-18 11:05:29,Driggs Ave & N 9 St,5411,Bayard St & Leonard St,5442,40.71816969454208,-73.95520135760307,40.71915571696044,-73.94885390996933,member
1614077,1F03D040607E24F5,electric_bike,2021-09-07 18:03:01,2021-09-07 19:32:29,Lorimer St & Broadway,4965,Bayard St & Leonard St,5442,40.70411791,-73.94818595,40.71915571696044,-73.94885390996933,casual
1614091,0EEEBAA39863D5F7,classic_bike,2021-09-10 21:55:50,2021-09-10 22:01:33,N 6 St & Bedford Ave,5379,Bayard St & Leonard St,5442,40.71745169,-73.95850939,40.71915571696044,-73.94885390996933,member
1614093,6A337FCE5A493153,classic_bike,2021-09-28 20:56:48,2021-09-28 21:01:13,N 6 St & Bedford Ave,5379,Bayard St & Leonard St,5442,40.71745169,-73.95850939,40.71915571696044,-73.94885390996933,member
1614099,1DA5AC87B323B7B6,classic_bike,2021-09-30 17:45:04,2021-09-30 18:00:35,Carlton Ave & Flushing Ave,4732,Bayard St & Leonard St,5442,40.697787,-73.973736,40.71915571696044,-73.94885390996933,member
1614113,431713553E422175,classic_bike,2021-09-18 11:16:53,2021-09-18 11:27:55,Montrose Ave & Bushwick Ave,5068,Bayard St & Leonard St,5442,40.70767788,-73.94016171,40.71915571696044,-73.94885390996933,casual
1614118,071BEC506C1B4C56,classic_bike,2021-09-24 13:29:38,2021-09-24 13:49:03,N 6 St & Bedford Ave,5379,Bayard St & Leonard St,5442,40.71745169,-73.95850939,40.71915571696044,-73.94885390996933,member
1614138,21AAA6AFDDEE417B,classic_bike,2021-09-22 16:56:59,2021-09-22 17:07:23,Driggs Ave & N 9 St,5411,Bayard St & Leonard St,5442,40.71816969454208,-73.95520135760307,40.71915571696044,-73.94885390996933,member
1614186,53585D38DE1D6F45,classic_bike,2021-09-24 21:08:21,2021-09-24 21:16:36,N 6 St & Bedford Ave,5379,Bayard St & Leonard St,5442,40.71745169,-73.95850939,40.71915571696044,-73.94885390996933,member
1614187,A5EC33B034233B2C,classic_bike,2021-09-17 18:50:48,2021-09-17 19:19:49,N 6 St & Bedford Ave,5379,Bayard St & Leonard St,5442,40.71745169,-73.95850939,40.71915571696044,-73.94885390996933,member
1614191,AAEA66FA2E4EAB3D,classic_bike,2021-09-15 20:13:36,2021-09-15 20:19:50,N 6 St & Bedford Ave,5379,Bayard St & Leonard St,5442,40.71745169,-73.95850939,40.71915571696044,-73.94885390996933,member
1614232,34F73D427101C5E0,electric_bike,2021-09-24 23:07:22,2021-09-24 23:24:45,Rivington St & Ridge St,5406,Bayard St & Leonard St,5442,40.71850211,-73.98329859,40.71915571696044,-73.94885390996933,member
1614233,C06B6C4C501F687A,classic_bike,2021-09-06 17:03:10,2021-09-06 17:08:36,N 6 St & Bedford Ave,5379,Bayard St & Leonard St,5442,40.71745169,-73.95850939,40.71915571696044,-73.94885390996933,member
1614235,FF51F4FAFE164129,electric_bike,2021-09-18 09:30:09,2021-09-18 09:35:14,Morgan Ave & Maspeth Ave,5354,Bayard St & Leonard St,5442,40.716657,-73.93637,40.71915571696044,-73.94885390996933,member
1614257,FB75162953FC751F,classic_bike,2021-09-13 18:39:48,2021-09-13 18:44:43,N 6 St & Bedford Ave,5379,Bayard St & Leonard St,5442,40.71745169,-73.95850939,40.71915571696044,-73.94885390996933,member
1614267,D9BE46F522C695CF,classic_bike,2021-09-22 17:50:08,2021-09-22 18:04:16,Montrose Ave & Bushwick Ave,5068,Bayard St & Leonard St,5442,40.70767788,-73.94016171,40.71915571696044,-73.94885390996933,casual
1614287,981D7791CA307C06,classic_bike,2021-09-20 13:23:44,2021-09-20 13:52:04,27 St & Hunter St,6310,Bayard St & Leonard St,5442,40.7485,-73.941275,40.71915571696044,-73.94885390996933,casual
1614309,7F95634C9182E16D,classic_bike,2021-09-24 20:25:26,2021-09-24 20:36:47,Kingsland Ave & Nassau Ave,5613,Bayard St & Leonard St,5442,40.72577,-73.94173,40.71915571696044,-73.94885390996933,casual
1614310,7D2CC995461B8033,electric_bike,2021-09-10 09:20:22,2021-09-10 09:33:27,Willoughby Ave & Walworth St,4634,Bayard St & Leonard St,5442,40.69331716,-73.95381995,40.71915571696044,-73.94885390996933,casual
1614322,C33E479BE5F99C57,classic_bike,2021-09-15 07:01:07,2021-09-15 07:17:07,Willoughby Ave & Myrtle Ave,4759,Bayard St & Leonard St,5442,40.69757,-73.93098,40.71915571696044,-73.94885390996933,member
1614338,2F4EC8A4704D165B,classic_bike,2021-09-16 18:02:09,2021-09-16 18:11:29,Waterbury St & Stagg St,5099,Bayard St & Leonard St,5442,40.71019,-73.93734,40.71915571696044,-73.94885390996933,member
1614344,30E0CB6167F9F063,classic_bike,2021-09-21 18:07:58,2021-09-21 18:18:17,Waterbury St & Stagg St,5099,Bayard St & Leonard St,5442,40.71019,-73.93734,40.71915571696044,-73.94885390996933,member
1614345,F03BFAFAB96DF987,classic_bike,2021-09-23 18:04:00,2021-09-23 18:13:03,Waterbury St & Stagg St,5099,Bayard St & Leonard St,5442,40.71019,-73.93734,40.71915571696044,-73.94885390996933,member
1614355,F9DF93441EA8EF2E,classic_bike,2021-09-27 06:39:40,2021-09-27 06:54:22,Willoughby Ave & Myrtle Ave,4759,Bayard St & Leonard St,5442,40.69757,-73.93098,40.71915571696044,-73.94885390996933,member
1614357,5C69096A5791B429,classic_bike,2021-09-02 18:07:57,2021-09-02 18:19:19,Waterbury St & Stagg St,5099,Bayard St & Leonard St,5442,40.71019,-73.93734,40.71915571696044,-73.94885390996933,member
1614359,791AC94397CCC955,classic_bike,2021-09-07 10:27:55,2021-09-07 10:49:06,Nassau St & Navy St,4812,Bayard St & Leonard St,5442,40.69839895,-73.98068914,40.71915571696044,-73.94885390996933,member
1614391,C801BBC3C852ACB0,electric_bike,2021-09-21 18:13:37,2021-09-21 18:19:56,McKibbin St & Manhattan Ave,4996,Bayard St & Leonard St,5442,40.70510918,-73.94407279,40.71915571696044,-73.94885390996933,member
1614396,29D5352512C0B3FD,classic_bike,2021-09-07 12:14:01,2021-09-07 12:24:02,Metropolitan Ave & Bedford Ave,5308,Bayard St & Leonard St,5442,40.71534825,-73.96024116,40.71915571696044,-73.94885390996933,member
1614397,3214216B97C81943,classic_bike,2021-09-06 19:33:07,2021-09-06 19:43:49,McKibbin St & Manhattan Ave,4996,Bayard St & Leonard St,5442,40.70510918,-73.94407279,40.71915571696044,-73.94885390996933,casual
1614399,96EC4CC6D63DF692,electric_bike,2021-09-27 16:16:56,2021-09-27 16:21:32,Metropolitan Ave & Bedford Ave,5308,Bayard St & Leonard St,5442,40.71534825,-73.96024116,40.71915571696044,-73.94885390996933,member
1614411,B092B9A0097C1996,classic_bike,2021-09-08 19:27:25,2021-09-08 19:50:19,Nassau St\t& Duffield St,4781,Bayard St & Leonard St,5442,40.698477,-73.98384,40.71915571696044,-73.94885390996933,member
1614485,0D28167ACE8A2F30,electric_bike,2021-09-10 20:52:07,2021-09-10 20:58:07,Metropolitan Ave & Bedford Ave,5308,Bayard St & Leonard St,5442,40.71534825,-73.96024116,40.71915571696044,-73.94885390996933,casual
1614492,C4B78DA685BDD9A7,electric_bike,2021-09-16 22:43:26,2021-09-16 22:50:35,McKibbin St & Manhattan Ave,4996,Bayard St & Leonard St,5442,40.70510918,-73.94407279,40.71915571696044,-73.94885390996933,casual
1614493,BC0CACCA9B576A5A,classic_bike,2021-09-14 18:57:58,2021-09-14 19:08:57,Metropolitan Ave & Bedford Ave,5308,Bayard St & Leonard St,5442,40.71534825,-73.96024116,40.71915571696044,-73.94885390996933,casual
1614494,E9D76A413D5248D4,electric_bike,2021-09-27 00:35:52,2021-09-27 00:48:07,Metropolitan Ave & Bedford Ave,5308,Bayard St & Leonard St,5442,40.71534825,-73.96024116,40.71915571696044,-73.94885390996933,casual
1614514,F7717EBB153EA88B,classic_bike,2021-09-17 20:53:12,2021-09-17 21:03:48,Greenpoint Ave & Manhattan Ave,5785,Bayard St & Leonard St,5442,40.73026,-73.95394,40.71915571696044,-73.94885390996933,member
1614527,0B80122871C65775,classic_bike,2021-09-24 13:09:14,2021-09-24 13:20:25,McKibbin St & Manhattan Ave,4996,Bayard St & Leonard St,5442,40.70510918,-73.94407279,40.71915571696044,-73.94885390996933,casual
1614530,1ED79A0C6B952CF8,classic_bike,2021-09-12 13:41:49,2021-09-12 13:51:14,McKibbin St & Manhattan Ave,4996,Bayard St & Leonard St,5442,40.70510918,-73.94407279,40.71915571696044,-73.94885390996933,casual
1614572,3ED1783559B1D5EE,classic_bike,2021-09-11 17:52:49,2021-09-11 18:55:09,Clinton St & Union St,4266,Bayard St & Leonard St,5442,40.6831164,-73.99785267,40.71915571696044,-73.94885390996933,casual
1614652,7A216550616B77F1,classic_bike,2021-09-10 19:53:09,2021-09-10 20:02:38,Wythe Ave & Metropolitan Ave,5348,Bayard St & Leonard St,5442,40.716887,-73.963198,40.71915571696044,-73.94885390996933,member
1614660,8F14EE23057024C4,classic_bike,2021-09-16 20:06:06,2021-09-16 20:20:29,Wythe Ave & Metropolitan Ave,5348,Bayard St & Leonard St,5442,40.716887,-73.963198,40.71915571696044,-73.94885390996933,member
1614661,994A8BC7E81ACF16,classic_bike,2021-09-27 09:54:58,2021-09-27 10:00:33,Kingsland Ave & Nassau Ave,5613,Bayard St & Leonard St,5442,40.72577,-73.94173,40.71915571696044,-73.94885390996933,member
1614667,62634B4F596DB9AF,classic_bike,2021-09-21 17:17:02,2021-09-21 17:24:35,Kingsland Ave & Nassau Ave,5613,Bayard St & Leonard St,5442,40.72577,-73.94173,40.71915571696044,-73.94885390996933,member
1614681,A32452414C7A2657,classic_bike,2021-09-19 20:40:22,2021-09-19 20:51:26,Wythe Ave & Metropolitan Ave,5348,Bayard St & Leonard St,5442,40.716887,-73.963198,40.71915571696044,-73.94885390996933,casual
1614683,677B8C89F312392C,classic_bike,2021-09-14 07:46:45,2021-09-14 07:50:25,Graham Ave & Conselyea St,5291,Bayard St & Leonard St,5442,40.715143,-73.944507,40.71915571696044,-73.94885390996933,member
1614684,35E1B37B2C09A45C,electric_bike,2021-09-04 23:16:25,2021-09-04 23:30:32,Irving Ave & Jefferson St,5051,Bayard St & Leonard St,5442,40.70538,-73.92535,40.71915571696044,-73.94885390996933,member
1614685,117BDBD81076479D,classic_bike,2021-09-12 08:48:14,2021-09-12 08:51:52,Graham Ave & Conselyea St,5291,Bayard St & Leonard St,5442,40.715143,-73.944507,40.71915571696044,-73.94885390996933,member
1614686,85C9835244CA2A17,classic_bike,2021-09-09 13:36:54,2021-09-09 13:41:26,Graham Ave & Conselyea St,5291,Bayard St & Leonard St,5442,40.715143,-73.944507,40.71915571696044,-73.94885390996933,member
1614687,16EE5540796C3673,classic_bike,2021-09-12 11:30:09,2021-09-12 11:33:24,Graham Ave & Conselyea St,5291,Bayard St & Leonard St,5442,40.715143,-73.944507,40.71915571696044,-73.94885390996933,member
1614688,8D662207CFA6A7D3,classic_bike,2021-09-12 17:20:44,2021-09-12 17:25:57,Graham Ave & Conselyea St,5291,Bayard St & Leonard St,5442,40.715143,-73.944507,40.71915571696044,-73.94885390996933,member
1614689,29C9BFB8C1F5F314,classic_bike,2021-09-27 21:44:38,2021-09-27 21:49:05,Graham Ave & Conselyea St,5291,Bayard St & Leonard St,5442,40.715143,-73.944507,40.71915571696044,-73.94885390996933,casual
1614692,B2EE71F9816DE088,classic_bike,2021-09-08 13:39:06,2021-09-08 13:43:34,Graham Ave & Conselyea St,5291,Bayard St & Leonard St,5442,40.715143,-73.944507,40.71915571696044,-73.94885390996933,member
1614694,45CE594B93023D52,classic_bike,2021-09-06 15:19:03,2021-09-06 16:04:26,Graham Ave & Conselyea St,5291,Bayard St & Leonard St,5442,40.715143,-73.944507,40.71915571696044,-73.94885390996933,casual
1614702,114D5DF1467A6EB6,classic_bike,2021-09-06 11:25:19,2021-09-06 11:29:22,Graham Ave & Conselyea St,5291,Bayard St & Leonard St,5442,40.715143,-73.944507,40.71915571696044,-73.94885390996933,member
1614703,FB2CB5471513CB9D,classic_bike,2021-09-02 20:17:25,2021-09-02 20:21:43,Graham Ave & Conselyea St,5291,Bayard St & Leonard St,5442,40.715143,-73.944507,40.71915571696044,-73.94885390996933,member
1614707,8AA3B0D946A9C662,classic_bike,2021-09-18 17:41:43,2021-09-18 19:02:34,Irving Ave & Jefferson St,5051,Bayard St & Leonard St,5442,40.70538,-73.92535,40.71915571696044,-73.94885390996933,casual
1614710,1574148A6B680174,electric_bike,2021-09-22 17:35:28,2021-09-22 18:02:35,Madison Av & E 51 St,6659,Bayard St & Leonard St,5442,40.75863,-73.97513,40.71915571696044,-73.94885390996933,member
1614738,FDDB09798990642D,classic_bike,2021-09-24 14:42:07,2021-09-24 15:10:27,Irving Ave & Jefferson St,5051,Bayard St & Leonard St,5442,40.70538,-73.92535,40.71915571696044,-73.94885390996933,casual
1614742,01C12299BF897BD0,classic_bike,2021-09-06 15:20:44,2021-09-06 16:11:15,Graham Ave & Conselyea St,5291,Bayard St & Leonard St,5442,40.715143,-73.944507,40.71915571696044,-73.94885390996933,casual
1614743,9EAEC2D81953F3B4,classic_bike,2021-09-06 18:06:05,2021-09-06 18:30:18,Verona Pl & Fulton St,4124,Bayard St & Leonard St,5442,40.6803560840434,-73.9476791024208,40.71915571696044,-73.94885390996933,casual
1614752,99B1E9DBEA872832,classic_bike,2021-09-04 14:43:47,2021-09-04 15:36:30,Grand Army Plaza & Plaza St West,4010,Bayard St & Leonard St,5442,40.6729679,-73.97087984,40.71915571696044,-73.94885390996933,casual
1614771,241B8236587BA5C8,classic_bike,2021-09-29 18:34:05,2021-09-29 19:26:31,E 30 St & Park Ave S,6206,Bayard St & Leonard St,5442,40.74444921,-73.98303529,40.71915571696044,-73.94885390996933,casual
1614772,BC1537932DB7C704,electric_bike,2021-09-23 16:54:20,2021-09-23 17:06:31,India St Pier,5794,Bayard St & Leonard St,5442,40.731734785883454,-73.9612390102593,40.71915571696044,-73.94885390996933,casual
1614773,5CBB8E206071EF9C,classic_bike,2021-09-11 14:01:16,2021-09-11 14:10:28,India St Pier,5794,Bayard St & Leonard St,5442,40.731734785883454,-73.9612390102593,40.71915571696044,-73.94885390996933,casual
1614784,0FA7932844960E92,electric_bike,2021-09-25 11:16:40,2021-09-25 11:50:33,E 59 St & Madison Ave,6801,Bayard St & Leonard St,5442,40.76350532,-73.97109243,40.71915571696044,-73.94885390996933,member
1614790,05073A642DB66892,classic_bike,2021-09-06 17:44:39,2021-09-06 17:56:53,Bushwick Ave & McKibbin St,5027,Bayard St & Leonard St,5442,40.705517,-73.93936,40.71915571696044,-73.94885390996933,member
1614835,3C29806D1AA48D0A,classic_bike,2021-09-10 16:33:17,2021-09-10 16:43:05,India St Pier,5794,Bayard St & Leonard St,5442,40.731734785883454,-73.9612390102593,40.71915571696044,-73.94885390996933,member
1614840,B7254FF1EB2B3909,classic_bike,2021-09-25 12:44:42,2021-09-25 13:22:17,Henry St & Grand St,5294,Bayard St & Leonard St,5442,40.714211,-73.981095,40.71915571696044,-73.94885390996933,member
1614960,2DC45609945CF91B,electric_bike,2021-09-30 16:37:55,2021-09-30 17:07:03,31 Ave & 34 St,6819,Bayard St & Leonard St,5442,40.763154,-73.920827,40.71915571696044,-73.94885390996933,member
1615054,4B604A060C555CD8,classic_bike,2021-09-26 18:04:52,2021-09-26 18:47:46,Montague St & Clinton St,4677,Bayard St & Leonard St,5442,40.6942715,-73.9923272,40.71915571696044,-73.94885390996933,casual
1615092,F1BA20C8189CDEA5,classic_bike,2021-09-16 06:48:46,2021-09-16 07:02:32,Humboldt St & Varet St,4956,Bayard St & Leonard St,5442,40.7031724,-73.940636,40.71915571696044,-73.94885390996933,member
1615232,E9E8520ACD5DCCE6,classic_bike,2021-09-24 17:59:41,2021-09-24 18:17:58,India St Pier,5794,Bayard St & Leonard St,5442,40.731734785883454,-73.9612390102593,40.71915571696044,-73.94885390996933,member
1615323,E3273D9C26628B2E,classic_bike,2021-09-02 17:35:41,2021-09-02 18:02:00,Market St & Henry St,5270,Bayard St & Leonard St,5442,40.71310702305908,-73.99446353316307,40.71915571696044,-73.94885390996933,member
1615345,856318A914660EB7,classic_bike,2021-09-22 16:45:56,2021-09-22 16:51:17,Graham Ave & Conselyea St,5291,Bayard St & Leonard St,5442,40.715143,-73.944507,40.71915571696044,-73.94885390996933,member
1615348,ABD766665F595034,classic_bike,2021-09-02 11:02:27,2021-09-02 11:19:08,Irving Ave & Jefferson St,5051,Bayard St & Leonard St,5442,40.70538,-73.92535,40.71915571696044,-73.94885390996933,member
1615373,CACF1737DF08FD89,classic_bike,2021-09-01 11:06:42,2021-09-01 11:10:41,Graham Ave & Conselyea St,5291,Bayard St & Leonard St,5442,40.715143,-73.944507,40.71915571696044,-73.94885390996933,member
1615379,A09D72664DE5866A,classic_bike,2021-09-12 17:33:24,2021-09-12 17:37:27,Graham Ave & Conselyea St,5291,Bayard St & Leonard St,5442,40.715143,-73.944507,40.71915571696044,-73.94885390996933,member
1615406,D5CA931E9B392E50,classic_bike,2021-09-21 18:21:14,2021-09-21 18:26:35,Kent Ave & N 7 St,5489,Bayard St & Leonard St,5442,40.72036775298455,-73.96165072917938,40.71915571696044,-73.94885390996933,member
1615407,6CBA22725ED68286,classic_bike,2021-09-22 14:25:14,2021-09-22 14:31:49,Kent Ave & N 7 St,5489,Bayard St & Leonard St,5442,40.72036775298455,-73.96165072917938,40.71915571696044,-73.94885390996933,member
1615408,A9498C1DC996042E,classic_bike,2021-09-22 09:31:49,2021-09-22 09:37:54,Kent Ave & N 7 St,5489,Bayard St & Leonard St,5442,40.72036775298455,-73.96165072917938,40.71915571696044,-73.94885390996933,member
1615410,24473EF4CF03634C,classic_bike,2021-09-26 11:17:02,2021-09-26 11:36:57,5 St & 51 Ave,6137,Bayard St & Leonard St,5442,40.7423737,-73.9566,40.71915571696044,-73.94885390996933,casual
1615417,6AE82ED24BCF6919,electric_bike,2021-09-13 14:07:37,2021-09-13 14:29:42,31 Ave & Crescent St,6893,Bayard St & Leonard St,5442,40.7658346,-73.9265474,40.71915571696044,-73.94885390996933,member
1615480,81DFECF8F0E3437D,classic_bike,2021-09-14 17:18:24,2021-09-14 17:25:41,Kent Ave & N 7 St,5489,Bayard St & Leonard St,5442,40.72036775298455,-73.96165072917938,40.71915571696044,-73.94885390996933,member
1615484,BB6E0EDDB65BC2D2,classic_bike,2021-09-11 16:16:09,2021-09-11 16:25:32,Kent Ave & N 7 St,5489,Bayard St & Leonard St,5442,40.72036775298455,-73.96165072917938,40.71915571696044,-73.94885390996933,casual
1615497,2066E9EF2B0A0DBB,classic_bike,2021-09-25 18:45:45,2021-09-25 19:08:54,Nassau St\t& Duffield St,4781,Bayard St & Leonard St,5442,40.698477,-73.98384,40.71915571696044,-73.94885390996933,member
1615537,E2C70889F9DA348E,electric_bike,2021-09-21 17:12:48,2021-09-21 17:26:54,E 2 St & Avenue C,5476,Bayard St & Leonard St,5442,40.7208736,-73.98085795,40.71915571696044,-73.94885390996933,member
1615547,81B1C6B7CB447B8F,electric_bike,2021-09-14 17:03:40,2021-09-14 17:18:49,Hancock St & Bedford Ave,4255,Bayard St & Leonard St,5442,40.68216564,-73.95399026,40.71915571696044,-73.94885390996933,member
1615594,2CA7845D46D54145,electric_bike,2021-09-22 10:57:42,2021-09-22 11:24:41,Broadway & W 36 St,6441,Bayard St & Leonard St,5442,40.75097711,-73.98765428,40.71915571696044,-73.94885390996933,member
1615647,7597BBA4C22CF8DA,electric_bike,2021-09-13 16:07:18,2021-09-13 16:24:52,Hancock St & Bedford Ave,4255,Bayard St & Leonard St,5442,40.68216564,-73.95399026,40.71915571696044,-73.94885390996933,member
1615663,60A346E9061458D2,classic_bike,2021-09-10 07:43:52,2021-09-10 08:00:56,E 2 St & Avenue C,5476,Bayard St & Leonard St,5442,40.7208736,-73.98085795,40.71915571696044,-73.94885390996933,member
1615763,728318C76F5F5E6F,classic_bike,2021-09-03 17:38:24,2021-09-03 17:44:17,N 6 St & Bedford Ave,5379,Bayard St & Leonard St,5442,40.71745169,-73.95850939,40.71915571696044,-73.94885390996933,member
1615766,B32EF84E6E38074E,classic_bike,2021-09-24 17:56:10,2021-09-24 18:06:55,N 6 St & Bedford Ave,5379,Bayard St & Leonard St,5442,40.71745169,-73.95850939,40.71915571696044,-73.94885390996933,member
1615776,2DB97ABCF4CFBFCC,classic_bike,2021-09-25 14:52:38,2021-09-25 15:01:17,Morgan Ave & Maspeth Ave,5354,Bayard St & Leonard St,5442,40.716657,-73.93637,40.71915571696044,-73.94885390996933,member
1615782,7F5597A56F12EDFC,classic_bike,2021-09-29 08:48:15,2021-09-29 08:53:23,Calyer St & Jewel St,5743,Bayard St & Leonard St,5442,40.72984,-73.94839,40.71915571696044,-73.94885390996933,member
1615800,88554A5601E4DF93,classic_bike,2021-09-22 17:10:50,2021-09-22 17:29:02,E 2 St & Avenue C,5476,Bayard St & Leonard St,5442,40.7208736,-73.98085795,40.71915571696044,-73.94885390996933,member
1615801,771D04F4E79854F1,classic_bike,2021-09-10 21:41:59,2021-09-10 22:02:23,Hancock St & Bedford Ave,4255,Bayard St & Leonard St,5442,40.68216564,-73.95399026,40.71915571696044,-73.94885390996933,member
1615804,E5AB78328F8B5D16,classic_bike,2021-09-04 09:48:01,2021-09-04 10:03:05,E 2 St & Avenue C,5476,Bayard St & Leonard St,5442,40.7208736,-73.98085795,40.71915571696044,-73.94885390996933,member
1615805,2FE8E55A11AAD520,classic_bike,2021-09-17 12:11:46,2021-09-17 12:29:36,E 2 St & Avenue C,5476,Bayard St & Leonard St,5442,40.7208736,-73.98085795,40.71915571696044,-73.94885390996933,member
1615851,E2502F0A103CB9D3,electric_bike,2021-09-29 12:15:34,2021-09-29 12:29:31,E 2 St & Avenue C,5476,Bayard St & Leonard St,5442,40.7208736,-73.98085795,40.71915571696044,-73.94885390996933,member
1615905,74A3A4EFF148DBC4,electric_bike,2021-09-03 18:51:51,2021-09-03 19:34:00,3 St & Prospect Park West,3865,Bayard St & Leonard St,5442,40.668132,-73.97363831,40.71915571696044,-73.94885390996933,member
1615922,54B57D9048150456,classic_bike,2021-09-22 18:02:36,2021-09-22 18:35:38,Sterling St & Bedford Ave,3665,Bayard St & Leonard St,5442,40.6627059,-73.9569115,40.71915571696044,-73.94885390996933,member
1615954,27B26DF90ED28B28,electric_bike,2021-09-25 10:59:52,2021-09-25 11:12:09,Kent Ave & N 7 St,5489,Bayard St & Leonard St,5442,40.72036775298455,-73.96165072917938,40.71915571696044,-73.94885390996933,casual
1615958,E1A33F91EED87F20,electric_bike,2021-09-12 15:19:47,2021-09-12 15:30:17,Kent Ave & N 7 St,5489,Bayard St & Leonard St,5442,40.72036775298455,-73.96165072917938,40.71915571696044,-73.94885390996933,casual
1615979,1FC65E1742A668D4,electric_bike,2021-09-04 07:53:29,2021-09-04 08:14:44,Wyckoff Av & Stanhope St,4931,Bayard St & Leonard St,5442,40.703545,-73.917775,40.71915571696044,-73.94885390996933,casual
1616039,AA13B5AD24CB6A4C,classic_bike,2021-09-17 17:32:09,2021-09-17 17:38:13,Kent Ave & N 7 St,5489,Bayard St & Leonard St,5442,40.72036775298455,-73.96165072917938,40.71915571696044,-73.94885390996933,member
1616041,907410ABA19CC75C,classic_bike,2021-09-29 10:44:59,2021-09-29 10:50:05,Kent Ave & N 7 St,5489,Bayard St & Leonard St,5442,40.72036775298455,-73.96165072917938,40.71915571696044,-73.94885390996933,member
1616134,1226C49737BC935C,classic_bike,2021-09-26 13:40:40,2021-09-26 14:09:21,Johnson St & Gold St,4668,Bayard St & Leonard St,5442,40.69474881,-73.98362464,40.71915571696044,-73.94885390996933,member
1616150,208DC7503613BEAB,classic_bike,2021-09-24 18:25:35,2021-09-24 18:33:38,Kent Ave & N 7 St,5489,Bayard St & Leonard St,5442,40.72036775298455,-73.96165072917938,40.71915571696044,-73.94885390996933,member
1616153,04448865DA49C02E,classic_bike,2021-09-29 18:10:37,2021-09-29 18:16:12,Kent Ave & N 7 St,5489,Bayard St & Leonard St,5442,40.72036775298455,-73.96165072917938,40.71915571696044,-73.94885390996933,member
1616158,ABA73FA093C77EEB,classic_bike,2021-09-14 17:20:33,2021-09-14 17:25:59,Kent Ave & N 7 St,5489,Bayard St & Leonard St,5442,40.72036775298455,-73.96165072917938,40.71915571696044,-73.94885390996933,member
1616159,98702C7D14EE7F53,classic_bike,2021-09-10 09:33:33,2021-09-10 09:40:56,Kent Ave & N 7 St,5489,Bayard St & Leonard St,5442,40.72036775298455,-73.96165072917938,40.71915571696044,-73.94885390996933,member
1616190,326B7064673BDB58,classic_bike,2021-09-04 07:31:30,2021-09-04 07:37:06,Kent Ave & N 7 St,5489,Bayard St & Leonard St,5442,40.72036775298455,-73.96165072917938,40.71915571696044,-73.94885390996933,member
1616191,9F860DCA3EC665B8,electric_bike,2021-09-15 18:34:20,2021-09-15 18:42:26,Kent Ave & N 7 St,5489,Bayard St & Leonard St,5442,40.72036775298455,-73.96165072917938,40.71915571696044,-73.94885390996933,member
1616218,D879E2BCE0BC327E,electric_bike,2021-09-18 15:01:56,2021-09-18 15:05:16,Driggs Ave & N 9 St,5411,Bayard St & Leonard St,5442,40.71816969454208,-73.95520135760307,40.71915571696044,-73.94885390996933,member
1616313,713A64B658A73CA9,classic_bike,2021-09-15 12:48:12,2021-09-15 12:51:52,Driggs Ave & N 9 St,5411,Bayard St & Leonard St,5442,40.71816969454208,-73.95520135760307,40.71915571696044,-73.94885390996933,member
1616314,763456CFFBD60050,classic_bike,2021-09-07 16:19:35,2021-09-07 16:22:45,Driggs Ave & N 9 St,5411,Bayard St & Leonard St,5442,40.71816969454208,-73.95520135760307,40.71915571696044,-73.94885390996933,member
1616316,21493542FC46AC26,classic_bike,2021-09-18 08:48:45,2021-09-18 08:53:11,Devoe St & Lorimer St,5259,Bayard St & Leonard St,5442,40.71335226222875,-73.9491033554077,40.71915571696044,-73.94885390996933,member
1616317,061FDD9C56F019D0,electric_bike,2021-09-20 23:02:19,2021-09-20 23:05:20,Devoe St & Lorimer St,5259,Bayard St & Leonard St,5442,40.71335226222875,-73.9491033554077,40.71915571696044,-73.94885390996933,casual
1616346,0BCB07777EA62038,classic_bike,2021-09-04 12:16:11,2021-09-04 12:57:04,Cedar St & Evergreen Ave,4721,Bayard St & Leonard St,5442,40.69671,-73.92807,40.71915571696044,-73.94885390996933,casual
1616351,C14EA69BDCE101C1,classic_bike,2021-09-27 17:45:56,2021-09-27 17:54:47,S 4 St & Wythe Ave,5204,Bayard St & Leonard St,5442,40.71285887,-73.96590294,40.71915571696044,-73.94885390996933,casual
1616394,08318E9106ED2B1D,classic_bike,2021-09-04 12:55:17,2021-09-04 13:54:59,Berkeley Pl & 7 Ave,4051,Bayard St & Leonard St,5442,40.675146838709786,-73.97523209452629,40.71915571696044,-73.94885390996933,casual
1616483,5E2DF957518C2807,classic_bike,2021-09-23 00:38:17,2021-09-23 01:08:07,E 9 St & Avenue C,5616,Bayard St & Leonard St,5442,40.72521311,-73.97768752,40.71915571696044,-73.94885390996933,member
1616612,0E70301783FF900D,electric_bike,2021-09-21 17:05:05,2021-09-21 17:47:29,Pier 40 - Hudson River Park,5696,Bayard St & Leonard St,5442,40.7277140777778,-74.01129573583603,40.71915571696044,-73.94885390996933,casual
1616851,C1218F81BE4D8DA1,classic_bike,2021-09-14 17:44:11,2021-09-14 18:09:09,Market St & Henry St,5270,Bayard St & Leonard St,5442,40.71310702305908,-73.99446353316307,40.71915571696044,-73.94885390996933,member
1616852,7BE2C7DEF275EE91,classic_bike,2021-09-25 15:40:19,2021-09-25 16:06:20,Halsey St & Tompkins Ave,4319,Bayard St & Leonard St,5442,40.6823687,-73.944118,40.71915571696044,-73.94885390996933,member
1616867,DF2A1613E9115EDD,classic_bike,2021-09-07 18:20:43,2021-09-07 18:51:44,W 13 St & 5 Ave,5947,Bayard St & Leonard St,5442,40.735445,-73.99431,40.71915571696044,-73.94885390996933,member
1616876,B85432F853540808,classic_bike,2021-09-19 13:40:24,2021-09-19 14:09:39,Cedar St & Evergreen Ave,4721,Bayard St & Leonard St,5442,40.69671,-73.92807,40.71915571696044,-73.94885390996933,casual
1616897,8F1A8AAD2959FFF5,electric_bike,2021-09-04 14:45:42,2021-09-04 15:10:40,E 2 St & 2 Ave,5593,Bayard St & Leonard St,5442,40.72502876,-73.99069656,40.71915571696044,-73.94885390996933,member
1616921,A6E7706A9BEDF1A8,classic_bike,2021-09-20 14:47:09,2021-09-20 15:03:24,Cedar St & Evergreen Ave,4721,Bayard St & Leonard St,5442,40.69671,-73.92807,40.71915571696044,-73.94885390996933,member
1616938,1778590A9223EC31,classic_bike,2021-09-26 13:40:19,2021-09-26 14:09:16,Johnson St & Gold St,4668,Bayard St & Leonard St,5442,40.69474881,-73.98362464,40.71915571696044,-73.94885390996933,member
1616943,FA3A8752E00A1816,classic_bike,2021-09-18 19:10:00,2021-09-18 19:54:01,Albany St & Greenwich St,5145,Bayard St & Leonard St,5442,40.709267,-74.013247,40.71915571696044,-73.94885390996933,member
1616965,FBE95A22FB587667,classic_bike,2021-09-11 10:38:52,2021-09-11 10:40:13,Union Ave & N 12 St,5411,Bayard St & Leonard St,5442,40.71924,-73.95242,40.71915571696044,-73.94885390996933,member
1616978,3D772246A934C76B,classic_bike,2021-09-03 21:52:01,2021-09-03 21:53:56,Union Ave & N 12 St,5411,Bayard St & Leonard St,5442,40.71924,-73.95242,40.71915571696044,-73.94885390996933,member
1616980,E6FE7F0EB947C703,classic_bike,2021-09-24 16:55:01,2021-09-24 17:47:56,Union Ave & N 12 St,5411,Bayard St & Leonard St,5442,40.71924,-73.95242,40.71915571696044,-73.94885390996933,member
1616983,B3E698E2B9C1FA82,electric_bike,2021-09-13 18:53:21,2021-09-13 19:17:56,Atlantic Ave & Fort Greene Pl,4354,Bayard St & Leonard St,5442,40.68382604,-73.97632328,40.71915571696044,-73.94885390996933,casual
1617017,440E8C972372B214,classic_bike,2021-09-30 18:51:25,2021-09-30 19:23:55,W 13 St & 5 Ave,5947,Bayard St & Leonard St,5442,40.735445,-73.99431,40.71915571696044,-73.94885390996933,member
1617018,E8C86AE64780E2E9,classic_bike,2021-09-29 14:24:58,2021-09-29 14:58:29,6 Ave & Canal St,5500,Bayard St & Leonard St,5442,40.72243797,-74.00566443,40.71915571696044,-73.94885390996933,member
1617049,C5BEBA460E3111BA,electric_bike,2021-09-15 21:41:31,2021-09-15 21:54:55,S 5 Pl & S 5 St,5125,Bayard St & Leonard St,5442,40.710451,-73.960876,40.71915571696044,-73.94885390996933,casual
1617081,30A1173A71B96D29,electric_bike,2021-09-15 17:13:02,2021-09-15 17:26:39,E 2 St & Avenue C,5476,Bayard St & Leonard St,5442,40.7208736,-73.98085795,40.71915571696044,-73.94885390996933,member
1617089,B15B0FF0646EE153,classic_bike,2021-09-07 17:13:33,2021-09-07 17:29:59,E 2 St & Avenue C,5476,Bayard St & Leonard St,5442,40.7208736,-73.98085795,40.71915571696044,-73.94885390996933,member
1617113,596B5C9DCE26B796,electric_bike,2021-09-17 09:31:25,2021-09-17 09:50:52,Hancock St & Bedford Ave,4255,Bayard St & Leonard St,5442,40.68216564,-73.95399026,40.71915571696044,-73.94885390996933,member
1617143,0BAA60844067DB8B,classic_bike,2021-09-22 17:27:56,2021-09-22 18:04:41,5 Ave & E 29 St,6248,Bayard St & Leonard St,5442,40.7451677,-73.98683077,40.71915571696044,-73.94885390996933,member
1617161,FA04747A32CB46BE,electric_bike,2021-09-13 12:12:17,2021-09-13 12:27:53,E 2 St & Avenue C,5476,Bayard St & Leonard St,5442,40.7208736,-73.98085795,40.71915571696044,-73.94885390996933,member
1617289,FF5E052FFB9F18D6,classic_bike,2021-09-10 15:31:53,2021-09-10 15:47:39,Broadway & Whipple St,4883,Bayard St & Leonard St,5442,40.7016657,-73.9437303,40.71915571696044,-73.94885390996933,member
1617291,673ADFEE88D82345,classic_bike,2021-09-30 10:43:47,2021-09-30 10:49:01,Nassau Ave & Russell St,5581,Bayard St & Leonard St,5442,40.72557,-73.94434,40.71915571696044,-73.94885390996933,member
1617293,4D07C413AAA1AE74,classic_bike,2021-09-18 13:52:39,2021-09-18 14:08:41,Bedford Ave & S 9 St,5093,Bayard St & Leonard St,5442,40.70853074,-73.96408963,40.71915571696044,-73.94885390996933,member
1617305,DFA9813B3DB693C2,electric_bike,2021-09-08 21:26:48,2021-09-08 21:40:16,E 2 St & Avenue C,5476,Bayard St & Leonard St,5442,40.7208736,-73.98085795,40.71915571696044,-73.94885390996933,member
1617320,3E7A7BF27D1FB923,classic_bike,2021-09-22 18:22:09,2021-09-22 18:28:21,Nassau Ave & Russell St,5581,Bayard St & Leonard St,5442,40.72557,-73.94434,40.71915571696044,-73.94885390996933,member
1617326,ECE15D5C799E3D24,classic_bike,2021-09-28 08:52:48,2021-09-28 09:14:27,DeKalb Ave & Franklin Ave,4528,Bayard St & Leonard St,5442,40.69064807082943,-73.95746178925037,40.71915571696044,-73.94885390996933,member
1617327,DA2D28FBB5E44FAB,electric_bike,2021-09-13 08:30:02,2021-09-13 08:48:15,DeKalb Ave & Franklin Ave,4528,Bayard St & Leonard St,5442,40.69064807082943,-73.95746178925037,40.71915571696044,-73.94885390996933,member
1617334,6AC0BD41EEDF997F,classic_bike,2021-09-21 10:54:59,2021-09-21 10:58:45,Nassau Ave & Russell St,5581,Bayard St & Leonard St,5442,40.72557,-73.94434,40.71915571696044,-73.94885390996933,member
1617355,1897E75A728DFF10,classic_bike,2021-09-11 14:00:33,2021-09-11 14:05:15,Nassau Ave & Russell St,5581,Bayard St & Leonard St,5442,40.72557,-73.94434,40.71915571696044,-73.94885390996933,casual
1617359,7F8C22CAC35172AB,classic_bike,2021-09-09 10:52:01,2021-09-09 10:56:42,Nassau Ave & Russell St,5581,Bayard St & Leonard St,5442,40.72557,-73.94434,40.71915571696044,-73.94885390996933,member
1617380,BC4AC7B82C5238B7,classic_bike,2021-09-11 16:10:13,2021-09-11 16:30:58,Nassau Ave & Russell St,5581,Bayard St & Leonard St,5442,40.72557,-73.94434,40.71915571696044,-73.94885390996933,casual
1617381,EC049B219711FDAD,classic_bike,2021-09-08 08:41:29,2021-09-08 08:46:25,Nassau Ave & Russell St,5581,Bayard St & Leonard St,5442,40.72557,-73.94434,40.71915571696044,-73.94885390996933,member
1617407,E08980E0E68D9DDA,classic_bike,2021-09-28 09:44:19,2021-09-28 09:56:12,Broadway & Whipple St,4883,Bayard St & Leonard St,5442,40.7016657,-73.9437303,40.71915571696044,-73.94885390996933,casual
1617411,8357B46EAE9B08D1,classic_bike,2021-09-25 14:36:03,2021-09-25 15:03:09,Sands St Gate,4812,Bayard St & Leonard St,5442,40.699569,-73.979827,40.71915571696044,-73.94885390996933,member
1617439,A37007ADD750B564,classic_bike,2021-09-15 17:31:46,2021-09-15 17:37:56,Nassau Ave & Russell St,5581,Bayard St & Leonard St,5442,40.72557,-73.94434,40.71915571696044,-73.94885390996933,casual
1617443,775AF788F0B2BDEE,classic_bike,2021-09-13 09:23:37,2021-09-13 09:34:23,Nassau Ave & Russell St,5581,Bayard St & Leonard St,5442,40.72557,-73.94434,40.71915571696044,-73.94885390996933,member
1617462,D16CA04EB801A408,classic_bike,2021-09-02 17:56:30,2021-09-02 18:01:58,Nassau Ave & Russell St,5581,Bayard St & Leonard St,5442,40.72557,-73.94434,40.71915571696044,-73.94885390996933,member
1617471,686FC78EB45B61CF,classic_bike,2021-09-10 16:02:25,2021-09-10 16:09:58,Nassau Ave & Russell St,5581,Bayard St & Leonard St,5442,40.72557,-73.94434,40.71915571696044,-73.94885390996933,casual
1617473,9160432319AD5306,classic_bike,2021-09-28 11:18:04,2021-09-28 11:22:31,Nassau Ave & Russell St,5581,Bayard St & Leonard St,5442,40.72557,-73.94434,40.71915571696044,-73.94885390996933,member
1617478,6424B62C316C8727,electric_bike,2021-09-10 22:11:52,2021-09-10 22:56:00,Fulton St & Irving Pl,4263,Bayard St & Leonard St,5442,40.68186,-73.959432,40.71915571696044,-73.94885390996933,casual
1617490,465DC80000F83333,classic_bike,2021-09-24 13:08:12,2021-09-24 13:14:24,Nassau Ave & Russell St,5581,Bayard St & Leonard St,5442,40.72557,-73.94434,40.71915571696044,-73.94885390996933,member
1617529,F75E1B331ECEA2A6,classic_bike,2021-09-17 11:15:48,2021-09-17 11:21:45,Nassau Ave & Russell St,5581,Bayard St & Leonard St,5442,40.72557,-73.94434,40.71915571696044,-73.94885390996933,member
1617557,7A044F1FEA9B3E29,classic_bike,2021-09-27 10:50:40,2021-09-27 10:55:09,Nassau Ave & Russell St,5581,Bayard St & Leonard St,5442,40.72557,-73.94434,40.71915571696044,-73.94885390996933,member
1617561,0C7686DD720974D4,classic_bike,2021-09-24 10:38:30,2021-09-24 10:51:28,Broadway & Whipple St,4883,Bayard St & Leonard St,5442,40.7016657,-73.9437303,40.71915571696044,-73.94885390996933,member
1617565,35E9882682098930,classic_bike,2021-09-22 22:19:49,2021-09-22 22:50:09,Wyckoff St & Nevins St,4290,Bayard St & Leonard St,5442,40.683426,-73.984275,40.71915571696044,-73.94885390996933,casual
1617566,5BC24A54B40A2694,classic_bike,2021-09-11 15:32:55,2021-09-11 16:04:48,Fulton St & Irving Pl,4263,Bayard St & Leonard St,5442,40.68186,-73.959432,40.71915571696044,-73.94885390996933,casual
1617567,D1BB28F3F355B3C1,classic_bike,2021-09-18 13:52:24,2021-09-18 14:08:34,Bedford Ave & S 9 St,5093,Bayard St & Leonard St,5442,40.70853074,-73.96408963,40.71915571696044,-73.94885390996933,casual
1617576,8777266B7C2D734B,classic_bike,2021-09-22 16:04:55,2021-09-22 16:14:34,Nassau Ave & Russell St,5581,Bayard St & Leonard St,5442,40.72557,-73.94434,40.71915571696044,-73.94885390996933,member
1617593,29A0ECF142767D9B,electric_bike,2021-09-09 17:47:19,2021-09-09 17:53:20,Nassau Ave & Russell St,5581,Bayard St & Leonard St,5442,40.72557,-73.94434,40.71915571696044,-73.94885390996933,member
1617608,BF6E183E1C9A2B79,electric_bike,2021-09-04 11:00:06,2021-09-04 11:02:57,Graham Ave & Conselyea St,5291,Bayard St & Leonard St,5442,40.715143,-73.944507,40.71915571696044,-73.94885390996933,casual
1617612,BE0351D08BC3D406,classic_bike,2021-09-08 11:05:47,2021-09-08 11:09:07,Graham Ave & Conselyea St,5291,Bayard St & Leonard St,5442,40.715143,-73.944507,40.71915571696044,-73.94885390996933,member
1617625,5644BB3EB45D2C9C,classic_bike,2021-09-30 19:37:13,2021-09-30 19:55:23,Nassau Ave & Russell St,5581,Bayard St & Leonard St,5442,40.72557,-73.94434,40.71915571696044,-73.94885390996933,member
1617629,23BA31FC51D33757,classic_bike,2021-09-29 09:29:51,2021-09-29 09:35:14,Nassau Ave & Russell St,5581,Bayard St & Leonard St,5442,40.72557,-73.94434,40.71915571696044,-73.94885390996933,member
1617690,C9E8FD59D0D76CD4,classic_bike,2021-09-09 18:38:56,2021-09-09 18:58:01,Flushing Ave & Vanderbilt Ave,4762,Bayard St & Leonard St,5442,40.69795031569544,-73.97077560424805,40.71915571696044,-73.94885390996933,member
1617709,7445F5F8F693E9AC,classic_bike,2021-09-26 00:19:17,2021-09-26 00:22:13,Driggs Ave & Lorimer St,5481,Bayard St & Leonard St,5442,40.72179134,-73.9504154,40.71915571696044,-73.94885390996933,member
1617720,EE158D5FDDBA16EE,classic_bike,2021-09-04 23:32:14,2021-09-04 23:34:56,Driggs Ave & Lorimer St,5481,Bayard St & Leonard St,5442,40.72179134,-73.9504154,40.71915571696044,-73.94885390996933,member
1617746,AD357B566D0020ED,classic_bike,2021-09-04 14:59:49,2021-09-04 15:02:13,Driggs Ave & Lorimer St,5481,Bayard St & Leonard St,5442,40.72179134,-73.9504154,40.71915571696044,-73.94885390996933,member
1617749,B45F323097CB8BCA,docked_bike,2021-09-12 17:23:12,2021-09-12 20:35:38,Driggs Ave & Lorimer St,5481,Bayard St & Leonard St,5442,40.721791,-73.950415,40.719156,-73.948854,casual
1617769,F6F49F81C3B4F2F2,classic_bike,2021-09-17 18:22:20,2021-09-17 19:12:49,Broadway & E 14 St,5905,Bayard St & Leonard St,5442,40.73454567,-73.99074142,40.71915571696044,-73.94885390996933,casual
1617837,2580EBADA9966E78,classic_bike,2021-09-29 18:16:13,2021-09-29 18:28:20,Vernon Blvd & 50 Ave,6170,Bayard St & Leonard St,5442,40.74232744,-73.95411749,40.71915571696044,-73.94885390996933,casual
1617876,EDFEBAE602ECACCE,classic_bike,2021-09-17 18:09:48,2021-09-17 18:16:10,Nassau Ave & Russell St,5581,Bayard St & Leonard St,5442,40.72557,-73.94434,40.71915571696044,-73.94885390996933,member
1617891,AB1E1E213666B21B,classic_bike,2021-09-18 12:58:30,2021-09-18 13:05:10,Nassau Ave & Russell St,5581,Bayard St & Leonard St,5442,40.72557,-73.94434,40.71915571696044,-73.94885390996933,member
1617892,D456F6678F69B4E3,classic_bike,2021-09-29 10:36:58,2021-09-29 10:41:22,Nassau Ave & Russell St,5581,Bayard St & Leonard St,5442,40.72557,-73.94434,40.71915571696044,-73.94885390996933,member
1617915,0F8736079D4A9F70,classic_bike,2021-09-13 20:30:29,2021-09-13 20:33:32,Driggs Ave & Lorimer St,5481,Bayard St & Leonard St,5442,40.72179134,-73.9504154,40.71915571696044,-73.94885390996933,member
1617974,44219918F63D95BC,classic_bike,2021-09-25 01:54:13,2021-09-25 01:56:46,Driggs Ave & Lorimer St,5481,Bayard St & Leonard St,5442,40.72179134,-73.9504154,40.71915571696044,-73.94885390996933,member
1617986,0340D5026FBD472B,classic_bike,2021-09-21 09:53:04,2021-09-21 09:58:18,Nassau Ave & Russell St,5581,Bayard St & Leonard St,5442,40.72557,-73.94434,40.71915571696044,-73.94885390996933,member
1618007,6CEB1211FD630E5F,classic_bike,2021-09-08 18:04:09,2021-09-08 18:12:23,India St Pier,5794,Bayard St & Leonard St,5442,40.731734785883454,-73.9612390102593,40.71915571696044,-73.94885390996933,member
1618035,544270A5B09077F3,classic_bike,2021-09-07 17:37:14,2021-09-07 18:08:56,University Pl & E 14 St,5905,Bayard St & Leonard St,5442,40.734814,-73.992085,40.71915571696044,-73.94885390996933,casual
1618041,CC8DDB52C197A045,electric_bike,2021-09-17 12:44:24,2021-09-17 13:18:48,6 Ave & 21 St,3628,Bayard St & Leonard St,5442,40.66016,-73.990974,40.71915571696044,-73.94885390996933,casual
1618065,03C6F0265ABA3CD1,classic_bike,2021-09-11 15:18:15,2021-09-11 15:46:46,E 17 St & Broadway,5980,Bayard St & Leonard St,5442,40.73704984,-73.99009296,40.71915571696044,-73.94885390996933,member
1618067,F76A9918722F96FD,electric_bike,2021-09-01 16:50:25,2021-09-01 17:12:04,University Pl & E 14 St,5905,Bayard St & Leonard St,5442,40.734814,-73.992085,40.71915571696044,-73.94885390996933,member
1618111,80346F1DC8180D65,electric_bike,2021-09-09 11:00:54,2021-09-09 11:04:26,N 11 St & Kent Ave,5489,Bayard St & Leonard St,5442,40.72248188638219,-73.95921930670738,40.71915571696044,-73.94885390996933,member
1618117,A2015B728CCA1534,classic_bike,2021-09-22 17:53:09,2021-09-22 18:27:21,Jackson St & Leonard St,5332,Bayard St & Leonard St,5442,40.71638031973561,-73.94821286201477,40.71915571696044,-73.94885390996933,member
1618120,0581F46979FE953D,classic_bike,2021-09-26 12:58:24,2021-09-26 13:49:32,Jackson St & Leonard St,5332,Bayard St & Leonard St,5442,40.71638031973561,-73.94821286201477,40.71915571696044,-73.94885390996933,member
1618128,C5F2259248A15EB9,classic_bike,2021-09-26 13:04:30,2021-09-26 13:09:04,Nassau Ave & Russell St,5581,Bayard St & Leonard St,5442,40.72557,-73.94434,40.71915571696044,-73.94885390996933,member
1618131,F919B9DCD9E64301,classic_bike,2021-09-08 07:13:43,2021-09-08 07:24:57,Broadway & Whipple St,4883,Bayard St & Leonard St,5442,40.7016657,-73.9437303,40.71915571696044,-73.94885390996933,casual
1618163,331E633B42E35C1A,classic_bike,2021-09-07 18:49:24,2021-09-07 18:57:12,N 11 St & Kent Ave,5489,Bayard St & Leonard St,5442,40.72248188638219,-73.95921930670738,40.71915571696044,-73.94885390996933,member
1618187,80EFBB9CB60E54C2,classic_bike,2021-09-07 10:49:23,2021-09-07 10:54:47,Nassau Ave & Russell St,5581,Bayard St & Leonard St,5442,40.72557,-73.94434,40.71915571696044,-73.94885390996933,member
1618240,60F7786FB1E3E964,electric_bike,2021-09-02 11:26:07,2021-09-02 11:30:30,N 11 St & Kent Ave,5489,Bayard St & Leonard St,5442,40.72248188638219,-73.95921930670738,40.71915571696044,-73.94885390996933,member
1618286,D563822848A1CEEF,classic_bike,2021-09-24 17:55:11,2021-09-24 18:06:21,Jackson St & Leonard St,5332,Bayard St & Leonard St,5442,40.71638031973561,-73.94821286201477,40.71915571696044,-73.94885390996933,member
1618293,E58E7B53F3131E89,classic_bike,2021-09-26 12:08:18,2021-09-26 12:13:08,N 11 St & Kent Ave,5489,Bayard St & Leonard St,5442,40.72248188638219,-73.95921930670738,40.71915571696044,-73.94885390996933,casual
1618302,28AF7F32C7FB3396,classic_bike,2021-09-24 18:13:24,2021-09-24 18:32:01,Broadway & Whipple St,4883,Bayard St & Leonard St,5442,40.7016657,-73.9437303,40.71915571696044,-73.94885390996933,member
1618304,B4D987A3FE55C8C4,classic_bike,2021-09-20 11:58:08,2021-09-20 12:03:00,Nassau Ave & Russell St,5581,Bayard St & Leonard St,5442,40.72557,-73.94434,40.71915571696044,-73.94885390996933,member
1618310,4017D783257CCC35,classic_bike,2021-09-14 18:10:40,2021-09-14 18:44:40,University Pl & E 14 St,5905,Bayard St & Leonard St,5442,40.734814,-73.992085,40.71915571696044,-73.94885390996933,member
1618334,5AFCC863CC2D17BE,electric_bike,2021-09-10 19:22:43,2021-09-10 20:03:12,W 42 St & Dyer Ave,6644,Bayard St & Leonard St,5442,40.75898481399634,-73.99379968643188,40.71915571696044,-73.94885390996933,member
1618341,F64882B5611978B0,electric_bike,2021-09-02 12:51:48,2021-09-02 12:56:33,Jackson St & Leonard St,5332,Bayard St & Leonard St,5442,40.71638031973561,-73.94821286201477,40.71915571696044,-73.94885390996933,member
1618398,7DEEA87798502E27,classic_bike,2021-09-13 10:53:10,2021-09-13 10:57:36,Nassau Ave & Russell St,5581,Bayard St & Leonard St,5442,40.72557,-73.94434,40.71915571696044,-73.94885390996933,member
1618431,FCA5E70443DF8A47,classic_bike,2021-09-22 09:45:30,2021-09-22 09:50:25,Nassau Ave & Russell St,5581,Bayard St & Leonard St,5442,40.72557,-73.94434,40.71915571696044,-73.94885390996933,member
1618433,92316DB6C385B86C,electric_bike,2021-09-29 18:17:24,2021-09-29 18:30:35,Putnam Ave & Nostrand Ave,4327,Bayard St & Leonard St,5442,40.68402,-73.94977,40.71915571696044,-73.94885390996933,member
1618486,0E4B0B186C51F349,classic_bike,2021-09-20 19:25:47,2021-09-20 19:55:37,Monroe St & Classon Ave,4336,Bayard St & Leonard St,5442,40.6845683,-73.95881081,40.71915571696044,-73.94885390996933,member
1618510,B6E720A6F33EE665,electric_bike,2021-09-16 23:26:46,2021-09-16 23:39:53,Pitt St & Stanton St,5406,Bayard St & Leonard St,5442,40.71926081,-73.98178024,40.71915571696044,-73.94885390996933,casual
1618517,90BCD67BDEE0D670,classic_bike,2021-09-17 17:25:12,2021-09-17 17:35:45,Scholes St & Manhattan Ave,5108,Bayard St & Leonard St,5442,40.70870368,-73.9448625,40.71915571696044,-73.94885390996933,member
1618518,16626414A9D552F6,classic_bike,2021-09-25 15:38:49,2021-09-25 15:47:03,Scholes St & Manhattan Ave,5108,Bayard St & Leonard St,5442,40.70870368,-73.9448625,40.71915571696044,-73.94885390996933,member
1618531,8CCCD0BDC0CD8107,classic_bike,2021-09-04 12:38:29,2021-09-04 12:45:12,S 5 Pl & S 5 St,5125,Bayard St & Leonard St,5442,40.710451,-73.960876,40.71915571696044,-73.94885390996933,member
1618544,EEFE85456383D092,classic_bike,2021-09-22 07:15:43,2021-09-22 07:23:56,Scholes St & Manhattan Ave,5108,Bayard St & Leonard St,5442,40.70870368,-73.9448625,40.71915571696044,-73.94885390996933,casual
1618550,F4BBA41E2990209B,electric_bike,2021-09-06 16:34:52,2021-09-06 16:59:10,Washington Pl & Broadway,5755,Bayard St & Leonard St,5442,40.72903917,-73.99404649,40.71915571696044,-73.94885390996933,member
1618581,78AA43B04CAD4BB5,electric_bike,2021-09-25 15:21:15,2021-09-25 16:59:07,Prospect Park West & 8 St,3722,Bayard St & Leonard St,5442,40.66514681533792,-73.97637605667114,40.71915571696044,-73.94885390996933,member
1618582,B9B87F150F1EC656,classic_bike,2021-09-24 19:43:16,2021-09-24 19:48:00,Scholes St & Manhattan Ave,5108,Bayard St & Leonard St,5442,40.70870368,-73.9448625,40.71915571696044,-73.94885390996933,member
1618585,06855E6B021C920E,classic_bike,2021-09-16 13:26:03,2021-09-16 13:36:56,Scholes St & Manhattan Ave,5108,Bayard St & Leonard St,5442,40.70870368,-73.9448625,40.71915571696044,-73.94885390996933,member
1618599,71DC355F9D7DE2B5,classic_bike,2021-09-30 17:47:31,2021-09-30 17:53:02,Scholes St & Manhattan Ave,5108,Bayard St & Leonard St,5442,40.70870368,-73.9448625,40.71915571696044,-73.94885390996933,member
1618605,524D85BB662CB6A6,classic_bike,2021-09-06 13:35:26,2021-09-06 13:45:10,Scholes St & Manhattan Ave,5108,Bayard St & Leonard St,5442,40.70870368,-73.9448625,40.71915571696044,-73.94885390996933,member
1618612,8DD1A2762C68BA2B,classic_bike,2021-09-19 12:54:20,2021-09-19 13:01:23,Scholes St & Manhattan Ave,5108,Bayard St & Leonard St,5442,40.70870368,-73.9448625,40.71915571696044,-73.94885390996933,member
1618618,7488797B317E99C3,classic_bike,2021-09-29 17:13:13,2021-09-29 17:50:44,5 Ave & E 29 St,6248,Bayard St & Leonard St,5442,40.7451677,-73.98683077,40.71915571696044,-73.94885390996933,member
1618639,1943126416C75CDA,classic_bike,2021-09-12 16:30:23,2021-09-12 16:37:38,Scholes St & Manhattan Ave,5108,Bayard St & Leonard St,5442,40.70870368,-73.9448625,40.71915571696044,-73.94885390996933,casual
1618640,5DD0FD60636856AC,classic_bike,2021-09-30 23:46:10,2021-09-30 23:53:02,Scholes St & Manhattan Ave,5108,Bayard St & Leonard St,5442,40.70870368,-73.9448625,40.71915571696044,-73.94885390996933,member
1618643,5FB74D449C0A0AF8,classic_bike,2021-09-06 13:35:27,2021-09-06 13:45:17,Scholes St & Manhattan Ave,5108,Bayard St & Leonard St,5442,40.70870368,-73.9448625,40.71915571696044,-73.94885390996933,member
1618658,9E9DAC47E85DADC3,classic_bike,2021-09-14 19:17:25,2021-09-14 19:24:26,Scholes St & Manhattan Ave,5108,Bayard St & Leonard St,5442,40.70870368,-73.9448625,40.71915571696044,-73.94885390996933,member
1618677,810E580B9CD1AD7F,electric_bike,2021-09-18 14:39:09,2021-09-18 14:46:14,Scholes St & Manhattan Ave,5108,Bayard St & Leonard St,5442,40.70870368,-73.9448625,40.71915571696044,-73.94885390996933,member
1618702,0306692ED73CFE38,electric_bike,2021-09-22 17:26:27,2021-09-22 17:31:08,Scholes St & Manhattan Ave,5108,Bayard St & Leonard St,5442,40.70870368,-73.9448625,40.71915571696044,-73.94885390996933,member
1618712,EB807CF9F4EEDC81,classic_bike,2021-09-24 15:24:35,2021-09-24 16:08:07,Scholes St & Manhattan Ave,5108,Bayard St & Leonard St,5442,40.70870368,-73.9448625,40.71915571696044,-73.94885390996933,member
1618715,D5A6AC1B024D0C59,electric_bike,2021-09-05 15:17:27,2021-09-05 15:22:45,Scholes St & Manhattan Ave,5108,Bayard St & Leonard St,5442,40.70870368,-73.9448625,40.71915571696044,-73.94885390996933,casual
1618721,8812D465F69135CD,classic_bike,2021-09-15 06:32:55,2021-09-15 06:39:50,Scholes St & Manhattan Ave,5108,Bayard St & Leonard St,5442,40.70870368,-73.9448625,40.71915571696044,-73.94885390996933,member
1618781,848EA018EBFB7CF1,classic_bike,2021-09-17 06:42:17,2021-09-17 06:48:54,Scholes St & Manhattan Ave,5108,Bayard St & Leonard St,5442,40.70870368,-73.9448625,40.71915571696044,-73.94885390996933,member
1618800,1ECCAE3781A1C26C,classic_bike,2021-09-04 06:40:02,2021-09-04 06:46:07,Scholes St & Manhattan Ave,5108,Bayard St & Leonard St,5442,40.70870368,-73.9448625,40.71915571696044,-73.94885390996933,member
1618814,06ECCFBF9D4A9841,electric_bike,2021-09-11 07:42:11,2021-09-11 07:47:32,Scholes St & Manhattan Ave,5108,Bayard St & Leonard St,5442,40.70870368,-73.9448625,40.71915571696044,-73.94885390996933,member
1618819,E388EC98D0648E7F,classic_bike,2021-09-04 17:28:03,2021-09-04 18:17:29,36 St & 3 Ave,3460,Bayard St & Leonard St,5442,40.655716,-74.006664,40.71915571696044,-73.94885390996933,casual
1618834,74A3E401CDCD25E7,classic_bike,2021-09-04 13:23:39,2021-09-04 13:54:57,Scholes St & Manhattan Ave,5108,Bayard St & Leonard St,5442,40.70870368,-73.9448625,40.71915571696044,-73.94885390996933,member
1618843,123497383C6FD6E5,classic_bike,2021-09-19 15:28:39,2021-09-19 15:34:30,Scholes St & Manhattan Ave,5108,Bayard St & Leonard St,5442,40.70870368,-73.9448625,40.71915571696044,-73.94885390996933,casual
1618845,286AAAC3D2521819,classic_bike,2021-09-11 12:50:44,2021-09-11 13:20:11,Carroll St & Franklin Ave,3847,Bayard St & Leonard St,5442,40.6679411,-73.9588,40.71915571696044,-73.94885390996933,casual
1618861,68D98EDE5BA5D77D,classic_bike,2021-09-26 14:09:54,2021-09-26 14:19:46,Scholes St & Manhattan Ave,5108,Bayard St & Leonard St,5442,40.70870368,-73.9448625,40.71915571696044,-73.94885390996933,member
1618865,C01BB36EAA730281,electric_bike,2021-09-30 23:19:04,2021-09-30 23:37:49,6 Ave & Canal St,5500,Bayard St & Leonard St,5442,40.72243797,-74.00566443,40.71915571696044,-73.94885390996933,member
1618881,2D88DAF5C3401FF1,electric_bike,2021-09-16 18:29:52,2021-09-16 18:36:23,Scholes St & Manhattan Ave,5108,Bayard St & Leonard St,5442,40.70870368,-73.9448625,40.71915571696044,-73.94885390996933,casual
1618886,CD6B20D5F438738D,classic_bike,2021-09-11 12:49:36,2021-09-11 13:20:09,Carroll St & Franklin Ave,3847,Bayard St & Leonard St,5442,40.6679411,-73.9588,40.71915571696044,-73.94885390996933,casual
1618888,A9DE028736F3A343,classic_bike,2021-09-12 12:57:34,2021-09-12 13:34:16,Prospect Park West & 8 St,3722,Bayard St & Leonard St,5442,40.66514681533792,-73.97637605667114,40.71915571696044,-73.94885390996933,casual
1618889,D57F379AD2D65C72,classic_bike,2021-09-10 08:39:35,2021-09-10 08:47:52,Scholes St & Manhattan Ave,5108,Bayard St & Leonard St,5442,40.70870368,-73.9448625,40.71915571696044,-73.94885390996933,casual
1618892,370FF1FC6B21A090,classic_bike,2021-09-08 19:22:20,2021-09-08 19:29:25,Scholes St & Manhattan Ave,5108,Bayard St & Leonard St,5442,40.70870368,-73.9448625,40.71915571696044,-73.94885390996933,casual
1618921,A767CB1B1FD93A7F,classic_bike,2021-09-29 18:18:19,2021-09-29 19:21:59,W 18 St & 6 Ave,6064,Bayard St & Leonard St,5442,40.73971301,-73.99456405,40.71915571696044,-73.94885390996933,member
1618941,947AF6EEF81C97F1,electric_bike,2021-09-18 21:16:29,2021-09-18 21:26:04,S 3 St & Bedford Ave,5235,Bayard St & Leonard St,5442,40.71260486,-73.96264403,40.71915571696044,-73.94885390996933,member
1618945,7A8D7593E03E5E63,electric_bike,2021-09-14 16:04:10,2021-09-14 16:29:21,Norfolk St & Broome St,5374,Bayard St & Leonard St,5442,40.7172274,-73.98802084,40.71915571696044,-73.94885390996933,casual
1618950,3CD836024D08EA1F,classic_bike,2021-09-16 14:59:51,2021-09-16 15:12:53,S 3 St & Bedford Ave,5235,Bayard St & Leonard St,5442,40.71260486,-73.96264403,40.71915571696044,-73.94885390996933,member
1618989,734050C74B324364,classic_bike,2021-09-15 20:04:25,2021-09-15 20:15:02,S 3 St & Bedford Ave,5235,Bayard St & Leonard St,5442,40.71260486,-73.96264403,40.71915571696044,-73.94885390996933,member
1618994,2A5F698F382834CF,classic_bike,2021-09-06 14:57:57,2021-09-06 15:26:30,Stanton St & Norfolk St,5445,Bayard St & Leonard St,5442,40.720747,-73.986274,40.71915571696044,-73.94885390996933,casual
1619015,BD515BC41EB6384B,electric_bike,2021-09-21 06:01:08,2021-09-21 06:18:33,Central Ave & Himrod St,4713,Bayard St & Leonard St,5442,40.69676,-73.92302,40.71915571696044,-73.94885390996933,member
1619016,EAF176E474207D0A,electric_bike,2021-09-17 19:54:35,2021-09-17 20:13:26,Central Ave & Himrod St,4713,Bayard St & Leonard St,5442,40.69676,-73.92302,40.71915571696044,-73.94885390996933,member
1619030,7951D755C1A533C6,classic_bike,2021-09-25 14:18:44,2021-09-25 14:28:25,S 3 St & Bedford Ave,5235,Bayard St & Leonard St,5442,40.71260486,-73.96264403,40.71915571696044,-73.94885390996933,member
1619033,14FA30F8B06D2C47,electric_bike,2021-09-06 16:18:06,2021-09-06 16:50:31,Pike St & E Broadway,5270,Bayard St & Leonard St,5442,40.71406667,-73.99293911,40.71915571696044,-73.94885390996933,casual
1619054,3CCB4E0D0715E5CB,electric_bike,2021-09-30 15:00:07,2021-09-30 15:05:48,S 3 St & Bedford Ave,5235,Bayard St & Leonard St,5442,40.71260486,-73.96264403,40.71915571696044,-73.94885390996933,member
1619097,0E01A75134B6D8B5,classic_bike,2021-09-02 10:36:08,2021-09-02 10:57:16,Central Ave & Himrod St,4713,Bayard St & Leonard St,5442,40.69676,-73.92302,40.71915571696044,-73.94885390996933,member
1619098,4FFAB8F847BE9F9B,electric_bike,2021-09-30 06:07:31,2021-09-30 06:23:50,Central Ave & Himrod St,4713,Bayard St & Leonard St,5442,40.69676,-73.92302,40.71915571696044,-73.94885390996933,member
1619105,67812BFA3B7981BD,classic_bike,2021-09-09 10:10:13,2021-09-09 10:18:03,S 3 St & Bedford Ave,5235,Bayard St & Leonard St,5442,40.71260486,-73.96264403,40.71915571696044,-73.94885390996933,casual
1619143,8A6B538AB8FCA52D,classic_bike,2021-09-29 11:22:40,2021-09-29 11:29:01,S 3 St & Bedford Ave,5235,Bayard St & Leonard St,5442,40.71260486,-73.96264403,40.71915571696044,-73.94885390996933,member
1619151,9BF71EA41CF6D3CE,electric_bike,2021-09-07 06:04:00,2021-09-07 06:21:57,Central Ave & Himrod St,4713,Bayard St & Leonard St,5442,40.69676,-73.92302,40.71915571696044,-73.94885390996933,member
1619152,65A1A27E810B019D,electric_bike,2021-09-08 21:06:07,2021-09-08 21:32:09,Norfolk St & Broome St,5374,Bayard St & Leonard St,5442,40.7172274,-73.98802084,40.71915571696044,-73.94885390996933,member
1619158,801400014FD24573,electric_bike,2021-09-27 19:37:46,2021-09-27 19:48:51,Norfolk St & Broome St,5374,Bayard St & Leonard St,5442,40.7172274,-73.98802084,40.71915571696044,-73.94885390996933,member
1619201,8BA0275518778555,classic_bike,2021-09-10 18:34:42,2021-09-10 18:44:40,S 3 St & Bedford Ave,5235,Bayard St & Leonard St,5442,40.71260486,-73.96264403,40.71915571696044,-73.94885390996933,casual
1619242,0A126ED020AA055C,classic_bike,2021-09-13 16:31:14,2021-09-13 16:37:25,S 3 St & Bedford Ave,5235,Bayard St & Leonard St,5442,40.71260486,-73.96264403,40.71915571696044,-73.94885390996933,member
1619290,76481BE869A36458,electric_bike,2021-09-06 16:38:43,2021-09-06 16:59:00,Scholes St & Manhattan Ave,5108,Bayard St & Leonard St,5442,40.70870368,-73.9448625,40.71915571696044,-73.94885390996933,member
1619291,274E4A646C5C44B1,classic_bike,2021-09-10 18:00:35,2021-09-10 18:07:37,Scholes St & Manhattan Ave,5108,Bayard St & Leonard St,5442,40.70870368,-73.9448625,40.71915571696044,-73.94885390996933,member
1619292,DE5F61B5B609828C,classic_bike,2021-09-10 18:00:42,2021-09-10 18:07:48,Scholes St & Manhattan Ave,5108,Bayard St & Leonard St,5442,40.70870368,-73.9448625,40.71915571696044,-73.94885390996933,member
1619320,D3A91C419F39C19E,classic_bike,2021-09-06 13:22:12,2021-09-06 13:30:18,Huron St & Franklin St,5869,Bayard St & Leonard St,5442,40.73266,-73.95826,40.71915571696044,-73.94885390996933,member
1619324,2B828E8A31ECB98C,classic_bike,2021-09-17 17:25:38,2021-09-17 17:35:40,Scholes St & Manhattan Ave,5108,Bayard St & Leonard St,5442,40.70870368,-73.9448625,40.71915571696044,-73.94885390996933,member
1619356,5F2971F93B62BA9E,electric_bike,2021-09-11 09:32:05,2021-09-11 09:39:28,Huron St & Franklin St,5869,Bayard St & Leonard St,5442,40.73266,-73.95826,40.71915571696044,-73.94885390996933,casual
1619379,C1B8EC5276B73163,classic_bike,2021-09-05 23:47:17,2021-09-05 23:57:13,Huron St & Franklin St,5869,Bayard St & Leonard St,5442,40.73266,-73.95826,40.71915571696044,-73.94885390996933,member
1619400,FD37183739E28CFD,classic_bike,2021-09-05 23:47:53,2021-09-05 23:57:14,Huron St & Franklin St,5869,Bayard St & Leonard St,5442,40.73266,-73.95826,40.71915571696044,-73.94885390996933,casual
1619426,06C2613556DC3D8A,classic_bike,2021-09-10 23:05:34,2021-09-10 23:14:06,Huron St & Franklin St,5869,Bayard St & Leonard St,5442,40.73266,-73.95826,40.71915571696044,-73.94885390996933,member
1619427,D777B72C57AF1C88,classic_bike,2021-09-04 11:56:21,2021-09-04 12:03:13,Huron St & Franklin St,5869,Bayard St & Leonard St,5442,40.73266,-73.95826,40.71915571696044,-73.94885390996933,member
1619448,5FC24BB80339756B,classic_bike,2021-09-10 14:27:33,2021-09-10 14:35:04,Scholes St & Manhattan Ave,5108,Bayard St & Leonard St,5442,40.70870368,-73.9448625,40.71915571696044,-73.94885390996933,member
1619449,FD22B4D990D8087D,classic_bike,2021-09-11 09:41:49,2021-09-11 09:53:46,Scholes St & Manhattan Ave,5108,Bayard St & Leonard St,5442,40.70870368,-73.9448625,40.71915571696044,-73.94885390996933,casual
1619457,9B5BCAC3C6CBDB63,classic_bike,2021-09-30 17:22:54,2021-09-30 19:12:23,Lewis Ave & Kosciuszko St,4617,Bayard St & Leonard St,5442,40.69237074,-73.93705428,40.71915571696044,-73.94885390996933,casual
1619470,B471CDB5995A4D74,classic_bike,2021-09-22 18:25:56,2021-09-22 18:37:04,Huron St & Franklin St,5869,Bayard St & Leonard St,5442,40.73266,-73.95826,40.71915571696044,-73.94885390996933,casual
1619476,A228C816867B0177,classic_bike,2021-09-22 11:57:07,2021-09-22 12:03:24,S 3 St & Bedford Ave,5235,Bayard St & Leonard St,5442,40.71260486,-73.96264403,40.71915571696044,-73.94885390996933,member
1619482,D530FB128F6EDBBE,classic_bike,2021-09-25 12:03:45,2021-09-25 12:11:37,Huron St & Franklin St,5869,Bayard St & Leonard St,5442,40.73266,-73.95826,40.71915571696044,-73.94885390996933,member
1619483,7A5651E191EED9C9,classic_bike,2021-09-26 16:39:46,2021-09-26 16:54:15,Kent Ave & S 11 St,5062,Bayard St & Leonard St,5442,40.707644944175705,-73.96841526031494,40.71915571696044,-73.94885390996933,member
1619484,BE3DCEB950C85D1F,classic_bike,2021-09-13 19:05:40,2021-09-13 19:13:08,Huron St & Franklin St,5869,Bayard St & Leonard St,5442,40.73266,-73.95826,40.71915571696044,-73.94885390996933,member
1619507,D3E18CC7B9DD39A4,classic_bike,2021-09-06 14:43:45,2021-09-06 15:03:30,Lewis Ave & Kosciuszko St,4617,Bayard St & Leonard St,5442,40.69237074,-73.93705428,40.71915571696044,-73.94885390996933,casual
1619518,B36FA58EDB6B55B2,classic_bike,2021-09-05 12:36:19,2021-09-05 12:55:57,Lewis Ave & Kosciuszko St,4617,Bayard St & Leonard St,5442,40.69237074,-73.93705428,40.71915571696044,-73.94885390996933,casual
1619526,AE5740083350BA43,classic_bike,2021-09-17 20:09:34,2021-09-17 20:19:31,S 3 St & Bedford Ave,5235,Bayard St & Leonard St,5442,40.71260486,-73.96264403,40.71915571696044,-73.94885390996933,member
1619537,0571A4CC7EFFD82B,classic_bike,2021-09-10 19:08:28,2021-09-10 19:15:32,S 3 St & Bedford Ave,5235,Bayard St & Leonard St,5442,40.71260486,-73.96264403,40.71915571696044,-73.94885390996933,member
1619542,44720D0B78079E3B,classic_bike,2021-09-19 20:09:59,2021-09-19 20:47:02,E 16 St & 5 Ave,6022,Bayard St & Leonard St,5442,40.73726186,-73.99238967,40.71915571696044,-73.94885390996933,member
1619553,31ABE19D4C671761,classic_bike,2021-09-06 14:57:42,2021-09-06 14:59:38,Union Ave & N 12 St,5411,Bayard St & Leonard St,5442,40.71924,-73.95242,40.71915571696044,-73.94885390996933,member
1619571,E4FEE651D29F65B5,classic_bike,2021-09-13 11:17:54,2021-09-13 11:35:45,Lewis Ave & Kosciuszko St,4617,Bayard St & Leonard St,5442,40.69237074,-73.93705428,40.71915571696044,-73.94885390996933,casual
1619577,67D88AC127686C33,classic_bike,2021-09-02 16:34:04,2021-09-02 16:49:30,Kent Ave & S 11 St,5062,Bayard St & Leonard St,5442,40.707644944175705,-73.96841526031494,40.71915571696044,-73.94885390996933,member
1619610,7796C66244DA71BF,classic_bike,2021-09-21 19:58:55,2021-09-21 20:09:07,McGuinness Blvd & Eagle St,5977,Bayard St & Leonard St,5442,40.73555,-73.95284,40.71915571696044,-73.94885390996933,member
1619623,803D027049455ED5,classic_bike,2021-09-08 16:13:01,2021-09-08 16:19:52,Scholes St & Manhattan Ave,5108,Bayard St & Leonard St,5442,40.70870368,-73.9448625,40.71915571696044,-73.94885390996933,casual
1619627,5DAEC1035A40FBA6,electric_bike,2021-09-03 08:31:32,2021-09-03 08:34:54,N 11 St & Kent Ave,5489,Bayard St & Leonard St,5442,40.72248188638219,-73.95921930670738,40.71915571696044,-73.94885390996933,member
1619658,96EC6B6F4D641496,electric_bike,2021-09-11 21:23:32,2021-09-11 21:50:16,W 18 St & 9 Ave,6190,Bayard St & Leonard St,5442,40.7435337324616,-74.00367558002472,40.71915571696044,-73.94885390996933,member
1619667,339F503CC73CB398,classic_bike,2021-09-30 19:30:44,2021-09-30 19:46:43,Kent Ave & S 11 St,5062,Bayard St & Leonard St,5442,40.707644944175705,-73.96841526031494,40.71915571696044,-73.94885390996933,casual
1619675,8F06E8FCE1BEE6D1,classic_bike,2021-09-24 16:30:11,2021-09-24 16:39:45,Huron St & Franklin St,5869,Bayard St & Leonard St,5442,40.73266,-73.95826,40.71915571696044,-73.94885390996933,casual
1619676,2A90F420FFA361C1,classic_bike,2021-09-25 16:38:12,2021-09-25 16:54:39,Huron St & Franklin St,5869,Bayard St & Leonard St,5442,40.73266,-73.95826,40.71915571696044,-73.94885390996933,casual
1619678,65029C358A737A84,classic_bike,2021-09-06 14:15:32,2021-09-06 14:27:31,Huron St & Franklin St,5869,Bayard St & Leonard St,5442,40.73266,-73.95826,40.71915571696044,-73.94885390996933,casual
1619694,2AD1BD7B50F91CFB,electric_bike,2021-09-16 19:03:46,2021-09-16 19:11:32,Huron St & Franklin St,5869,Bayard St & Leonard St,5442,40.73266,-73.95826,40.71915571696044,-73.94885390996933,member
1619698,E9ECD8EDD798C364,classic_bike,2021-09-06 12:37:16,2021-09-06 12:45:01,Scholes St & Manhattan Ave,5108,Bayard St & Leonard St,5442,40.70870368,-73.9448625,40.71915571696044,-73.94885390996933,member
1619710,B682942D81BEDBFF,classic_bike,2021-09-07 17:56:54,2021-09-07 18:02:12,N 11 St & Kent Ave,5489,Bayard St & Leonard St,5442,40.72248188638219,-73.95921930670738,40.71915571696044,-73.94885390996933,member
1619711,024E1760E22AF1A1,classic_bike,2021-09-12 19:20:37,2021-09-12 19:24:05,Jackson St & Leonard St,5332,Bayard St & Leonard St,5442,40.71638031973561,-73.94821286201477,40.71915571696044,-73.94885390996933,member
1619743,EF4CAB01F8338953,classic_bike,2021-09-20 08:25:30,2021-09-20 08:33:20,Huron St & Franklin St,5869,Bayard St & Leonard St,5442,40.73266,-73.95826,40.71915571696044,-73.94885390996933,member
1619752,FCF9E4B55E9E2328,classic_bike,2021-09-04 11:17:21,2021-09-04 11:27:36,Huron St & Franklin St,5869,Bayard St & Leonard St,5442,40.73266,-73.95826,40.71915571696044,-73.94885390996933,casual
1619755,92FE899AF96BEC8E,classic_bike,2021-09-22 19:19:16,2021-09-22 19:29:39,Scholes St & Manhattan Ave,5108,Bayard St & Leonard St,5442,40.70870368,-73.9448625,40.71915571696044,-73.94885390996933,member
1619757,DFA5A9A5C312B76F,classic_bike,2021-09-26 18:38:57,2021-09-26 18:46:30,Scholes St & Manhattan Ave,5108,Bayard St & Leonard St,5442,40.70870368,-73.9448625,40.71915571696044,-73.94885390996933,casual
1619763,041F18C3824C62FE,docked_bike,2021-09-07 15:44:32,2021-09-07 16:03:06,Queens Plaza North & Crescent St,6429,Bayard St & Leonard St,5442,40.751102,-73.940737,40.719156,-73.948854,casual
1619773,E8D1F443F915DE44,classic_bike,2021-09-14 18:26:58,2021-09-14 18:44:35,9 St & 44 Rd,6361,Bayard St & Leonard St,5442,40.74966,-73.9521,40.71915571696044,-73.94885390996933,member
1619792,AD260FBCF2F313F3,classic_bike,2021-09-16 14:35:07,2021-09-16 14:45:10,Broadway & Whipple St,4883,Bayard St & Leonard St,5442,40.7016657,-73.9437303,40.71915571696044,-73.94885390996933,member
1619813,ECDEB2D0AC07887E,electric_bike,2021-09-16 09:40:39,2021-09-16 10:09:44,10 St & 2 Ave,3922,Bayard St & Leonard St,5442,40.671907,-73.993612,40.71915571696044,-73.94885390996933,casual
1619824,6FA1E6043D24AC15,classic_bike,2021-09-28 19:17:13,2021-09-28 19:23:57,Scholes St & Manhattan Ave,5108,Bayard St & Leonard St,5442,40.70870368,-73.9448625,40.71915571696044,-73.94885390996933,member
1619839,764BC6F83056EF02,classic_bike,2021-09-04 13:16:25,2021-09-04 13:23:58,Scholes St & Manhattan Ave,5108,Bayard St & Leonard St,5442,40.70870368,-73.9448625,40.71915571696044,-73.94885390996933,member
1619844,84C1FE8EDD857AA0,classic_bike,2021-09-11 09:41:34,2021-09-11 09:53:45,Scholes St & Manhattan Ave,5108,Bayard St & Leonard St,5442,40.70870368,-73.9448625,40.71915571696044,-73.94885390996933,casual
1619856,84B591776FC60815,classic_bike,2021-09-15 18:54:50,2021-09-15 19:04:40,Scholes St & Manhattan Ave,5108,Bayard St & Leonard St,5442,40.70870368,-73.9448625,40.71915571696044,-73.94885390996933,member
1619857,E9AC6122BA518900,electric_bike,2021-09-18 18:04:30,2021-09-18 18:12:17,Scholes St & Manhattan Ave,5108,Bayard St & Leonard St,5442,40.70870368,-73.9448625,40.71915571696044,-73.94885390996933,member
1619859,4F09F95F17A19013,classic_bike,2021-09-09 16:59:21,2021-09-09 17:05:10,Scholes St & Manhattan Ave,5108,Bayard St & Leonard St,5442,40.70870368,-73.9448625,40.71915571696044,-73.94885390996933,member
1619947,153F5C08176ABC9F,classic_bike,2021-09-13 21:32:15,2021-09-13 21:41:43,Scholes St & Manhattan Ave,5108,Bayard St & Leonard St,5442,40.70870368,-73.9448625,40.71915571696044,-73.94885390996933,member
1619949,A62C88B61A63DA61,classic_bike,2021-09-15 18:54:41,2021-09-15 19:04:36,Scholes St & Manhattan Ave,5108,Bayard St & Leonard St,5442,40.70870368,-73.9448625,40.71915571696044,-73.94885390996933,member
1619961,DFD7A8FD56F6275F,classic_bike,2021-09-04 13:16:33,2021-09-04 13:23:59,Scholes St & Manhattan Ave,5108,Bayard St & Leonard St,5442,40.70870368,-73.9448625,40.71915571696044,-73.94885390996933,member
1619964,027955DE765E0211,electric_bike,2021-09-10 17:41:55,2021-09-10 17:47:41,Scholes St & Manhattan Ave,5108,Bayard St & Leonard St,5442,40.70870368,-73.9448625,40.71915571696044,-73.94885390996933,member
1619965,5AA2BA7DD213F7D0,electric_bike,2021-09-11 07:56:11,2021-09-11 08:00:33,Scholes St & Manhattan Ave,5108,Bayard St & Leonard St,5442,40.70870368,-73.9448625,40.71915571696044,-73.94885390996933,member
1619966,E9C9E188070893B8,classic_bike,2021-09-06 17:35:19,2021-09-06 17:41:22,Scholes St & Manhattan Ave,5108,Bayard St & Leonard St,5442,40.70870368,-73.9448625,40.71915571696044,-73.94885390996933,member
1619969,D67BB2E0029A7BCF,classic_bike,2021-09-02 17:39:56,2021-09-02 17:47:29,Scholes St & Manhattan Ave,5108,Bayard St & Leonard St,5442,40.70870368,-73.9448625,40.71915571696044,-73.94885390996933,member
1619971,9AF0B782FA9AB7DF,classic_bike,2021-09-11 20:47:12,2021-09-11 20:53:15,Scholes St & Manhattan Ave,5108,Bayard St & Leonard St,5442,40.70870368,-73.9448625,40.71915571696044,-73.94885390996933,member
1619979,76FD1AD021AE0958,classic_bike,2021-09-11 12:30:03,2021-09-11 12:57:46,Bond St & Bergen St,4404,Bayard St & Leonard St,5442,40.6849668,-73.98620772,40.71915571696044,-73.94885390996933,member
1619992,52000F58CF1F3A9B,classic_bike,2021-09-09 07:23:36,2021-09-09 07:50:13,Queens Plaza North & Crescent St,6429,Bayard St & Leonard St,5442,40.75110165,-73.94073717,40.71915571696044,-73.94885390996933,casual
1619998,3D303B3F983D56D7,classic_bike,2021-09-02 16:32:13,2021-09-02 17:05:03,10 St & 5 Ave,3842,Bayard St & Leonard St,5442,40.6686273,-73.98700053,40.71915571696044,-73.94885390996933,member
1620017,312F096F90B2597B,electric_bike,2021-09-06 14:44:13,2021-09-06 14:49:32,Scholes St & Manhattan Ave,5108,Bayard St & Leonard St,5442,40.70870368,-73.9448625,40.71915571696044,-73.94885390996933,member
1620031,0A470347B0E338CC,classic_bike,2021-09-06 13:48:49,2021-09-06 13:55:12,Scholes St & Manhattan Ave,5108,Bayard St & Leonard St,5442,40.70870368,-73.9448625,40.71915571696044,-73.94885390996933,member
1620082,97AABA255DFA84F8,classic_bike,2021-09-22 18:12:17,2021-09-22 18:34:37,Queens Plaza North & Crescent St,6429,Bayard St & Leonard St,5442,40.75110165,-73.94073717,40.71915571696044,-73.94885390996933,member
1620108,B4BC073ACDE8BAD8,classic_bike,2021-09-08 20:35:24,2021-09-08 20:55:13,Jackson Ave & 46 Rd,6203,Bayard St & Leonard St,5442,40.74524768,-73.94733276,40.71915571696044,-73.94885390996933,member
1620127,386E4B6440C3284F,classic_bike,2021-09-20 08:15:03,2021-09-20 08:17:40,Jackson St & Leonard St,5332,Bayard St & Leonard St,5442,40.71638031973561,-73.94821286201477,40.71915571696044,-73.94885390996933,member
1620144,F02AB827169A88C3,classic_bike,2021-09-21 14:35:45,2021-09-21 14:53:51,Monroe St & Classon Ave,4336,Bayard St & Leonard St,5442,40.6845683,-73.95881081,40.71915571696044,-73.94885390996933,member
1620153,EC74B675C6537007,electric_bike,2021-09-10 22:11:22,2021-09-10 22:54:51,Fulton St & Irving Pl,4263,Bayard St & Leonard St,5442,40.68186,-73.959432,40.71915571696044,-73.94885390996933,casual
1620159,7F2F46B938B9F04E,classic_bike,2021-09-30 19:52:39,2021-09-30 19:56:52,Nassau Ave & Russell St,5581,Bayard St & Leonard St,5442,40.72557,-73.94434,40.71915571696044,-73.94885390996933,casual
1620174,FFDA1A24F2AA7083,classic_bike,2021-09-15 17:51:48,2021-09-15 18:04:55,Jackson Ave & 46 Rd,6203,Bayard St & Leonard St,5442,40.74524768,-73.94733276,40.71915571696044,-73.94885390996933,member
1620177,026E456E0E29D378,electric_bike,2021-09-16 14:02:57,2021-09-16 14:33:26,W 15 St & 6 Ave,5989,Bayard St & Leonard St,5442,40.738046142482766,-73.99642959237099,40.71915571696044,-73.94885390996933,casual
1620234,E26A0240001E5E67,classic_bike,2021-09-16 18:18:53,2021-09-16 18:32:36,Bushwick Ave & Harman St,4640,Bayard St & Leonard St,5442,40.69356,-73.92524,40.71915571696044,-73.94885390996933,casual
1620272,6093EFC4E3761469,classic_bike,2021-09-23 10:56:12,2021-09-23 11:00:34,Nassau Ave & Russell St,5581,Bayard St & Leonard St,5442,40.72557,-73.94434,40.71915571696044,-73.94885390996933,member
1620273,CE4AF903E88038F1,classic_bike,2021-09-29 18:02:04,2021-09-29 18:08:03,Nassau Ave & Russell St,5581,Bayard St & Leonard St,5442,40.72557,-73.94434,40.71915571696044,-73.94885390996933,member
1620287,598EEA04F32DC05B,electric_bike,2021-09-17 11:26:24,2021-09-17 11:31:32,N 11 St & Kent Ave,5489,Bayard St & Leonard St,5442,40.72248188638219,-73.95921930670738,40.71915571696044,-73.94885390996933,member
1620303,F743C3994CC3326E,classic_bike,2021-09-17 14:37:42,2021-09-17 15:06:28,Dock St & Front St,4903,Bayard St & Leonard St,5442,40.702709,-73.99253,40.71915571696044,-73.94885390996933,casual
1620317,B8E71BF26A544613,classic_bike,2021-09-15 18:30:25,2021-09-15 18:40:03,Nassau Ave & Russell St,5581,Bayard St & Leonard St,5442,40.72557,-73.94434,40.71915571696044,-73.94885390996933,casual
1620345,4A310F4FD0029B5A,classic_bike,2021-09-11 12:59:57,2021-09-11 13:26:15,Fulton St & Irving Pl,4263,Bayard St & Leonard St,5442,40.68186,-73.959432,40.71915571696044,-73.94885390996933,casual
1620348,30605DA731305E5D,classic_bike,2021-09-06 15:41:05,2021-09-06 15:51:28,Broadway & Whipple St,4883,Bayard St & Leonard St,5442,40.7016657,-73.9437303,40.71915571696044,-73.94885390996933,casual
1620437,76F47120476A0D35,classic_bike,2021-09-07 20:28:07,2021-09-07 20:31:17,Jackson St & Leonard St,5332,Bayard St & Leonard St,5442,40.71638031973561,-73.94821286201477,40.71915571696044,-73.94885390996933,member
1620476,9F76C891B307A66A,electric_bike,2021-09-21 17:55:54,2021-09-21 18:37:15,Hart St & Wyckoff Ave,4971,Bayard St & Leonard St,5442,40.704876,-73.919911,40.71915571696044,-73.94885390996933,casual
1620546,D28E5C4B216C24CD,classic_bike,2021-09-08 07:35:14,2021-09-08 07:37:08,Jackson St & Leonard St,5332,Bayard St & Leonard St,5442,40.71638031973561,-73.94821286201477,40.71915571696044,-73.94885390996933,casual
1620569,3DC1CD502BD4B4CF,classic_bike,2021-09-28 19:57:30,2021-09-28 20:09:32,Manhattan Av & Leonard St,5442,Broadway & Berry St,5164,40.72084,-73.94844,40.71044554,-73.96525063,member
1620572,B5082340F2B05F22,classic_bike,2021-09-28 16:24:26,2021-09-28 16:25:36,Manhattan Av & Leonard St,5442,Bayard St & Leonard St,5442,40.72084,-73.94844,40.71915571696044,-73.94885390996933,member
1620619,A2979329C41CE34D,electric_bike,2021-09-13 20:18:35,2021-09-13 20:30:20,Willoughby Ave & Tompkins Ave,4665,Bayard St & Leonard St,5442,40.69425403,-73.94626915,40.71915571696044,-73.94885390996933,casual
1620621,0257E62A68141C1F,electric_bike,2021-09-15 17:24:59,2021-09-15 17:31:26,Engert Ave & McGuinness Blvd,5473,Bayard St & Leonard St,5442,40.72158,-73.94546,40.71915571696044,-73.94885390996933,member
1620642,0169CC2C646F4AAB,classic_bike,2021-09-03 09:17:37,2021-09-03 09:19:23,Manhattan Av & Leonard St,5442,Bayard St & Leonard St,5442,40.72084,-73.94844,40.71915571696044,-73.94885390996933,member
1620651,03008707B7829247,classic_bike,2021-09-18 23:17:35,2021-09-18 23:40:57,Thompson St & Bleecker St,5721,Bayard St & Leonard St,5442,40.72840059450829,-73.99968780577183,40.71915571696044,-73.94885390996933,member
1620686,8799ED190BE9B19A,classic_bike,2021-09-19 17:36:51,2021-09-19 18:03:24,Thompson St & Bleecker St,5721,Bayard St & Leonard St,5442,40.72840059450829,-73.99968780577183,40.71915571696044,-73.94885390996933,casual
1620690,90ECBB3EC7508FBE,classic_bike,2021-09-08 22:49:42,2021-09-08 23:09:22,Thompson St & Bleecker St,5721,Bayard St & Leonard St,5442,40.72840059450829,-73.99968780577183,40.71915571696044,-73.94885390996933,member
1620732,40B6322E95290C68,classic_bike,2021-09-10 12:04:12,2021-09-10 12:07:30,Jackson St & Leonard St,5332,Bayard St & Leonard St,5442,40.71638031973561,-73.94821286201477,40.71915571696044,-73.94885390996933,member
1620760,51B900F7001C9951,classic_bike,2021-09-10 17:35:50,2021-09-10 18:11:01,Roosevelt Island Tramway,6599,Bayard St & Leonard St,5442,40.757284,-73.9536,40.71915571696044,-73.94885390996933,casual
1620794,968731D7D2FB97C8,classic_bike,2021-09-10 17:35:39,2021-09-10 18:11:30,Roosevelt Island Tramway,6599,Bayard St & Leonard St,5442,40.757284,-73.9536,40.71915571696044,-73.94885390996933,member
1620884,3352CAAD47D5039C,classic_bike,2021-09-06 14:54:23,2021-09-06 15:00:55,Leonard St & Maujer St,5148,Bayard St & Leonard St,5442,40.7103685423523,-73.94705951213837,40.71915571696044,-73.94885390996933,member
1620887,EC5E3C59DDFE7AA5,electric_bike,2021-09-04 12:54:13,2021-09-04 13:30:23,Wards Meadow Comfort Station,7327,Bayard St & Leonard St,5442,40.78294,-73.93077,40.71915571696044,-73.94885390996933,member
1620888,8845A779A8703AB1,electric_bike,2021-09-02 07:46:57,2021-09-02 07:53:27,Driggs Ave & N Henry St,5542,Bayard St & Leonard St,5442,40.72325,-73.94308,40.71915571696044,-73.94885390996933,member
1620922,AB98981569084CC6,classic_bike,2021-09-30 14:38:25,2021-09-30 14:55:47,Bayard St & Leonard St,5442,Bayard St & Leonard St,5442,40.71915571696044,-73.94885390996933,40.71915571696044,-73.94885390996933,casual
1620936,719D1A2C112DB6C6,classic_bike,2021-09-26 21:29:04,2021-09-26 21:39:13,Bayard St & Leonard St,5442,Broadway & Berry St,5164,40.71915571696044,-73.94885390996933,40.71044554,-73.96525063,casual
1620939,3952CA1F51E11794,classic_bike,2021-09-21 18:22:23,2021-09-21 18:36:05,Broadway & Berry St,5164,Bayard St & Leonard St,5442,40.71044554,-73.96525063,40.71915571696044,-73.94885390996933,casual
1620948,243151D4C3138233,classic_bike,2021-09-19 18:38:14,2021-09-19 18:54:18,Bayard St & Leonard St,5442,Broadway & Berry St,5164,40.71915571696044,-73.94885390996933,40.71044554,-73.96525063,casual
1620965,B897C6DAA722EB4A,electric_bike,2021-09-26 09:37:53,2021-09-26 09:41:23,N 11 St & Kent Ave,5489,Bayard St & Leonard St,5442,40.72248188638219,-73.95921930670738,40.71915571696044,-73.94885390996933,member
1620973,CCF13FC8F521AB0A,classic_bike,2021-09-15 18:27:53,2021-09-15 18:28:11,Bayard St & Leonard St,5442,Bayard St & Leonard St,5442,40.71915571696044,-73.94885390996933,40.71915571696044,-73.94885390996933,member
1620985,E89F768E42499390,classic_bike,2021-09-26 16:31:53,2021-09-26 16:33:01,Bayard St & Leonard St,5442,Bayard St & Leonard St,5442,40.71915571696044,-73.94885390996933,40.71915571696044,-73.94885390996933,member
1620992,464788B511349066,classic_bike,2021-09-19 18:38:05,2021-09-19 18:54:06,Bayard St & Leonard St,5442,Broadway & Berry St,5164,40.71915571696044,-73.94885390996933,40.71044554,-73.96525063,member
1621001,7A4F4BBF0484D41A,classic_bike,2021-09-22 11:13:41,2021-09-22 11:30:03,Bayard St & Leonard St,5442,Bayard St & Leonard St,5442,40.71915571696044,-73.94885390996933,40.71915571696044,-73.94885390996933,member
1621051,BC638A248684B9D4,classic_bike,2021-09-30 11:50:04,2021-09-30 11:50:25,Bayard St & Leonard St,5442,Bayard St & Leonard St,5442,40.71915571696044,-73.94885390996933,40.71915571696044,-73.94885390996933,member
1621065,AEEB76B12BE534B3,classic_bike,2021-09-17 08:04:17,2021-09-17 08:04:47,Bayard St & Leonard St,5442,Bayard St & Leonard St,5442,40.71915571696044,-73.94885390996933,40.71915571696044,-73.94885390996933,member
1621112,93B02410992989AE,classic_bike,2021-09-18 18:40:50,2021-09-18 18:54:45,Broadway & Berry St,5164,Bayard St & Leonard St,5442,40.71044554,-73.96525063,40.71915571696044,-73.94885390996933,member
1621116,CB6620AEA80718BD,classic_bike,2021-09-21 22:29:44,2021-09-21 22:37:57,Bayard St & Leonard St,5442,Franklin St & Dupont St,5944,40.71915571696044,-73.94885390996933,40.73564,-73.95866,member
1621135,4FC4BCA436331765,classic_bike,2021-09-14 18:56:36,2021-09-14 19:01:21,Leonard St & Maujer St,5148,Bayard St & Leonard St,5442,40.7103685423523,-73.94705951213837,40.71915571696044,-73.94885390996933,member
1621149,22C61741816442A9,classic_bike,2021-09-15 23:18:08,2021-09-15 23:29:59,Franklin St & Dupont St,5944,Bayard St & Leonard St,5442,40.73564,-73.95866,40.71915571696044,-73.94885390996933,member
1621179,F359850576BBB5C0,classic_bike,2021-09-03 18:56:48,2021-09-03 19:09:32,Franklin St & Dupont St,5944,Bayard St & Leonard St,5442,40.73564,-73.95866,40.71915571696044,-73.94885390996933,casual
1621180,5746BB26E8D343B9,classic_bike,2021-09-11 16:28:38,2021-09-11 16:28:40,Bayard St & Leonard St,5442,Bayard St & Leonard St,5442,40.71915571696044,-73.94885390996933,40.71915571696044,-73.94885390996933,casual
1621221,210B2346D35ADA6F,classic_bike,2021-09-02 16:03:03,2021-09-02 16:21:16,Bayard St & Leonard St,5442,Broadway & Berry St,5164,40.71915571696044,-73.94885390996933,40.71044554,-73.96525063,member
1621224,635E1F0DD7E889EB,classic_bike,2021-09-07 11:59:22,2021-09-07 12:13:57,Franklin St & Dupont St,5944,Bayard St & Leonard St,5442,40.73564,-73.95866,40.71915571696044,-73.94885390996933,member
1621225,D55C2B006FDF7FF3,classic_bike,2021-09-24 20:16:43,2021-09-24 20:34:41,Bayard St & Leonard St,5442,Franklin St & Dupont St,5944,40.71915571696044,-73.94885390996933,40.73564,-73.95866,member
1621229,CBA85E1BB9E9A45E,classic_bike,2021-09-04 13:28:20,2021-09-04 13:48:27,Bayard St & Leonard St,5442,Bayard St & Leonard St,5442,40.71915571696044,-73.94885390996933,40.71915571696044,-73.94885390996933,member
1621247,1F9DF27823E06FE0,classic_bike,2021-09-23 11:33:25,2021-09-23 11:41:04,Bayard St & Leonard St,5442,Bayard St & Leonard St,5442,40.71915571696044,-73.94885390996933,40.71915571696044,-73.94885390996933,casual
1621254,C40A0B8E7207A493,classic_bike,2021-09-29 15:25:09,2021-09-29 15:39:22,Bayard St & Leonard St,5442,Bayard St & Leonard St,5442,40.71915571696044,-73.94885390996933,40.71915571696044,-73.94885390996933,member
1621258,A947B90842AC7E51,classic_bike,2021-09-13 19:36:33,2021-09-13 19:37:02,Bayard St & Leonard St,5442,Bayard St & Leonard St,5442,40.71915571696044,-73.94885390996933,40.71915571696044,-73.94885390996933,member
1621266,9DB2E2956CB9E5B0,classic_bike,2021-09-17 18:59:51,2021-09-17 19:10:01,Bayard St & Leonard St,5442,Franklin St & Dupont St,5944,40.71915571696044,-73.94885390996933,40.73564,-73.95866,member
1621272,E829237321AFF28F,classic_bike,2021-09-23 16:08:40,2021-09-23 16:09:58,Bayard St & Leonard St,5442,Bayard St & Leonard St,5442,40.71915571696044,-73.94885390996933,40.71915571696044,-73.94885390996933,member
1621276,8C0B94D457DF0D4D,classic_bike,2021-09-10 18:41:13,2021-09-10 18:49:40,Bayard St & Leonard St,5442,Bayard St & Leonard St,5442,40.71915571696044,-73.94885390996933,40.71915571696044,-73.94885390996933,member
1621289,6A0503C63037F368,electric_bike,2021-09-29 12:51:13,2021-09-29 13:01:59,Bayard St & Leonard St,5442,Franklin St & Dupont St,5944,40.71915571696044,-73.94885390996933,40.73564,-73.95866,casual
1621327,6189103BB0112753,classic_bike,2021-09-16 23:16:40,2021-09-16 23:18:18,Bayard St & Leonard St,5442,Bayard St & Leonard St,5442,40.71915571696044,-73.94885390996933,40.71915571696044,-73.94885390996933,member
1621375,C6DE73882F928A71,classic_bike,2021-09-29 08:44:38,2021-09-29 08:45:22,Bayard St & Leonard St,5442,Bayard St & Leonard St,5442,40.71915571696044,-73.94885390996933,40.71915571696044,-73.94885390996933,member
1621428,BAEB2AF71B8B517D,electric_bike,2021-09-03 09:48:26,2021-09-03 09:59:55,Bayard St & Leonard St,5442,Bayard St & Leonard St,5442,40.71915571696044,-73.94885390996933,40.71915571696044,-73.94885390996933,member
1621461,AC420CC19B52C204,classic_bike,2021-09-24 13:00:52,2021-09-24 13:09:35,Bayard St & Leonard St,5442,Bayard St & Leonard St,5442,40.71915571696044,-73.94885390996933,40.71915571696044,-73.94885390996933,member
1621462,4A0DD2542125FCCB,classic_bike,2021-09-16 13:54:37,2021-09-16 14:00:43,Bayard St & Leonard St,5442,Bayard St & Leonard St,5442,40.71915571696044,-73.94885390996933,40.71915571696044,-73.94885390996933,member
1621496,E7E2FAB878777515,classic_bike,2021-09-21 18:21:47,2021-09-21 18:35:59,Broadway & Berry St,5164,Bayard St & Leonard St,5442,40.71044554,-73.96525063,40.71915571696044,-73.94885390996933,casual
1621514,A41F053AC2D02A48,electric_bike,2021-09-13 17:54:23,2021-09-13 18:12:36,Queens Plaza North & Crescent St,6429,Bayard St & Leonard St,5442,40.75110165,-73.94073717,40.71915571696044,-73.94885390996933,member
1621531,0F93D3A8E883D2A5,electric_bike,2021-09-01 17:11:42,2021-09-01 17:13:47,Bayard St & Leonard St,5442,Bayard St & Leonard St,5442,40.71915571696044,-73.94885390996933,40.71915571696044,-73.94885390996933,member
1621547,538262CD34DF143D,classic_bike,2021-09-26 16:03:02,2021-09-26 16:19:36,Bayard St & Leonard St,5442,Franklin St & Dupont St,5944,40.71915571696044,-73.94885390996933,40.73564,-73.95866,member
1621548,A9DC6FEA2B877C52,classic_bike,2021-09-21 14:24:20,2021-09-21 14:24:32,Bayard St & Leonard St,5442,Bayard St & Leonard St,5442,40.71915571696044,-73.94885390996933,40.71915571696044,-73.94885390996933,member
1621549,6E484A037DD31532,electric_bike,2021-09-15 18:02:58,2021-09-15 18:27:01,31 Ave & Steinway St,6782,Bayard St & Leonard St,5442,40.7611488,-73.9170071,40.71915571696044,-73.94885390996933,member
1621559,F3BA26C50940D109,classic_bike,2021-09-03 13:43:57,2021-09-03 13:55:07,Bayard St & Leonard St,5442,Broadway & Berry St,5164,40.71915571696044,-73.94885390996933,40.71044554,-73.96525063,member
1621560,835A675933B18119,classic_bike,2021-09-03 14:20:43,2021-09-03 14:32:44,Broadway & Berry St,5164,Bayard St & Leonard St,5442,40.71044554,-73.96525063,40.71915571696044,-73.94885390996933,member
1621566,6610083F9694E4D2,classic_bike,2021-09-24 18:55:21,2021-09-24 19:13:00,Bayard St & Leonard St,5442,Franklin St & Dupont St,5944,40.71915571696044,-73.94885390996933,40.73564,-73.95866,casual
1621569,650B442C10D1A9D7,electric_bike,2021-09-07 17:43:52,2021-09-07 17:53:10,Broadway & Berry St,5164,Bayard St & Leonard St,5442,40.71044554,-73.96525063,40.71915571696044,-73.94885390996933,casual
1621572,D63D5E7CAEF4ECF0,classic_bike,2021-09-06 09:57:20,2021-09-06 09:58:34,Bayard St & Leonard St,5442,Bayard St & Leonard St,5442,40.71915571696044,-73.94885390996933,40.71915571696044,-73.94885390996933,casual
1621594,4B63B19C7BDFD5D5,electric_bike,2021-09-07 20:32:29,2021-09-07 20:32:59,Bayard St & Leonard St,5442,Bayard St & Leonard St,5442,40.71915571696044,-73.94885390996933,40.71915571696044,-73.94885390996933,member
1621624,D28338DC877742C1,classic_bike,2021-09-06 12:22:40,2021-09-06 12:31:55,Franklin St & Dupont St,5944,Bayard St & Leonard St,5442,40.73564,-73.95866,40.71915571696044,-73.94885390996933,member
1621642,2FA720E4C92A0247,classic_bike,2021-09-16 16:50:58,2021-09-16 17:27:22,Bayard St & Leonard St,5442,Bayard St & Leonard St,5442,40.71915571696044,-73.94885390996933,40.71915571696044,-73.94885390996933,member
1621660,699F4975F1D68CE7,classic_bike,2021-09-22 22:38:54,2021-09-22 22:39:01,Bayard St & Leonard St,5442,Bayard St & Leonard St,5442,40.71915571696044,-73.94885390996933,40.71915571696044,-73.94885390996933,member
1621664,BD627025B2E4110C,classic_bike,2021-09-20 08:31:47,2021-09-20 08:32:08,Bayard St & Leonard St,5442,Bayard St & Leonard St,5442,40.71915571696044,-73.94885390996933,40.71915571696044,-73.94885390996933,member
1621693,78A54BCABA4ED0BF,classic_bike,2021-09-04 11:02:35,2021-09-04 11:14:08,Bayard St & Leonard St,5442,Bayard St & Leonard St,5442,40.71915571696044,-73.94885390996933,40.71915571696044,-73.94885390996933,casual
1621694,377D4C81B01B4A97,electric_bike,2021-09-27 18:32:21,2021-09-27 18:34:00,Bayard St & Leonard St,5442,Bayard St & Leonard St,5442,40.71915571696044,-73.94885390996933,40.71915571696044,-73.94885390996933,casual
1621696,465728E3D2279B0A,classic_bike,2021-09-21 18:17:32,2021-09-21 18:54:53,Bayard St & Leonard St,5442,Bayard St & Leonard St,5442,40.71915571696044,-73.94885390996933,40.71915571696044,-73.94885390996933,member
1621697,81051C62EA6D8764,classic_bike,2021-09-04 17:10:05,2021-09-04 17:46:12,Franklin St & Dupont St,5944,Bayard St & Leonard St,5442,40.73564,-73.95866,40.71915571696044,-73.94885390996933,member
1621730,5A871DD75A6990BE,classic_bike,2021-09-30 14:39:01,2021-09-30 14:55:51,Bayard St & Leonard St,5442,Bayard St & Leonard St,5442,40.71915571696044,-73.94885390996933,40.71915571696044,-73.94885390996933,casual
1621755,1E957EB5836E9E2D,classic_bike,2021-09-28 13:17:53,2021-09-28 13:34:17,Bayard St & Leonard St,5442,Bayard St & Leonard St,5442,40.71915571696044,-73.94885390996933,40.71915571696044,-73.94885390996933,member
1621761,180F5D07CE2AFF39,classic_bike,2021-09-04 20:38:11,2021-09-04 20:39:49,Bayard St & Leonard St,5442,Bayard St & Leonard St,5442,40.71915571696044,-73.94885390996933,40.71915571696044,-73.94885390996933,member
1621768,A4B9949138BD7016,classic_bike,2021-09-20 11:47:09,2021-09-20 12:12:17,Bayard St & Leonard St,5442,Bayard St & Leonard St,5442,40.71915571696044,-73.94885390996933,40.71915571696044,-73.94885390996933,casual
1621769,E0B788BB8400147B,classic_bike,2021-09-03 18:45:48,2021-09-03 18:56:23,Bayard St & Leonard St,5442,Franklin St & Dupont St,5944,40.71915571696044,-73.94885390996933,40.73564,-73.95866,member
1621786,FBDB560D3392C031,classic_bike,2021-09-22 17:07:37,2021-09-22 17:12:19,Driggs Ave & N Henry St,5542,Bayard St & Leonard St,5442,40.72325,-73.94308,40.71915571696044,-73.94885390996933,member
1621800,11798E02FB8FA0A2,classic_bike,2021-09-09 20:59:16,2021-09-09 21:15:23,Bayard St & Leonard St,5442,Broadway & Berry St,5164,40.71915571696044,-73.94885390996933,40.71044554,-73.96525063,member
1621812,EEF882CB6A6FF744,classic_bike,2021-09-25 19:15:48,2021-09-25 19:25:49,Bayard St & Leonard St,5442,Bayard St & Leonard St,5442,40.71915571696044,-73.94885390996933,40.71915571696044,-73.94885390996933,member
1621822,E47C23A95155B76D,classic_bike,2021-09-05 17:54:39,2021-09-05 18:03:46,Bayard St & Leonard St,5442,Broadway & Berry St,5164,40.71915571696044,-73.94885390996933,40.71044554,-73.96525063,casual
1621832,00D63DE2851FB798,electric_bike,2021-09-03 12:41:13,2021-09-03 12:48:49,Bayard St & Leonard St,5442,Broadway & Berry St,5164,40.71915571696044,-73.94885390996933,40.71044554,-73.96525063,casual
1621841,9146465B3A1D6D20,electric_bike,2021-09-04 16:22:49,2021-09-04 16:23:51,Bayard St & Leonard St,5442,Bayard St & Leonard St,5442,40.71915571696044,-73.94885390996933,40.71915571696044,-73.94885390996933,member
1621863,E2A0389C5467A2EC,electric_bike,2021-09-07 20:33:32,2021-09-07 20:33:58,Bayard St & Leonard St,5442,Bayard St & Leonard St,5442,40.71915571696044,-73.94885390996933,40.71915571696044,-73.94885390996933,member
1621873,9441FE26C04F11FB,classic_bike,2021-09-22 12:43:18,2021-09-22 12:50:31,Bayard St & Leonard St,5442,Bayard St & Leonard St,5442,40.71915571696044,-73.94885390996933,40.71915571696044,-73.94885390996933,member
1621882,EB33A9ABB260A387,classic_bike,2021-09-03 22:17:52,2021-09-03 22:37:21,Franklin St & Dupont St,5944,Bayard St & Leonard St,5442,40.73564,-73.95866,40.71915571696044,-73.94885390996933,member
1621894,1A3447EDA60FFF83,classic_bike,2021-09-09 20:59:18,2021-09-09 21:14:29,Bayard St & Leonard St,5442,Broadway & Berry St,5164,40.71915571696044,-73.94885390996933,40.71044554,-73.96525063,member
1621900,D394CB6ECEE08DE0,classic_bike,2021-09-08 11:50:13,2021-09-08 11:59:45,Bayard St & Leonard St,5442,Bayard St & Leonard St,5442,40.71915571696044,-73.94885390996933,40.71915571696044,-73.94885390996933,member
1621902,E315352898CABF56,classic_bike,2021-09-17 09:21:05,2021-09-17 09:21:32,Bayard St & Leonard St,5442,Bayard St & Leonard St,5442,40.71915571696044,-73.94885390996933,40.71915571696044,-73.94885390996933,member
1621903,B362C833C146BF77,classic_bike,2021-09-14 09:56:31,2021-09-14 09:56:41,Bayard St & Leonard St,5442,Bayard St & Leonard St,5442,40.71915571696044,-73.94885390996933,40.71915571696044,-73.94885390996933,member
1621909,82CB6FE2A6A73779,classic_bike,2021-09-02 19:58:00,2021-09-02 20:11:40,Broadway & Berry St,5164,Bayard St & Leonard St,5442,40.71044554,-73.96525063,40.71915571696044,-73.94885390996933,casual
1621911,B2955E791A1A13DA,classic_bike,2021-09-08 13:12:43,2021-09-08 13:28:31,Franklin St & Dupont St,5944,Bayard St & Leonard St,5442,40.73564,-73.95866,40.71915571696044,-73.94885390996933,casual
1621938,307D5EFADBD8D6CF,classic_bike,2021-09-21 18:22:52,2021-09-21 18:36:16,Broadway & Berry St,5164,Bayard St & Leonard St,5442,40.71044554,-73.96525063,40.71915571696044,-73.94885390996933,casual
1621942,40DC20B4018A287C,classic_bike,2021-09-08 19:31:43,2021-09-08 19:32:00,Bayard St & Leonard St,5442,Bayard St & Leonard St,5442,40.71915571696044,-73.94885390996933,40.71915571696044,-73.94885390996933,casual
1621974,0F0172168BD65E1C,electric_bike,2021-09-27 17:35:06,2021-09-27 17:52:19,Grand St & Elizabeth St,5382,Bayard St & Leonard St,5442,40.718822,-73.99596,40.71915571696044,-73.94885390996933,member
1621986,2A2869C98CA30E2B,electric_bike,2021-09-23 02:41:39,2021-09-23 02:43:43,Leonard St & Nassau Ave,5550,Bayard St & Leonard St,5442,40.7239567849954,-73.94984364509583,40.71915571696044,-73.94885390996933,casual
1621990,41CBEDFD02C14B00,classic_bike,2021-09-26 17:08:44,2021-09-26 17:11:12,Leonard St & Nassau Ave,5550,Bayard St & Leonard St,5442,40.7239567849954,-73.94984364509583,40.71915571696044,-73.94885390996933,member
1622015,C50259138D643688,classic_bike,2021-09-05 14:45:57,2021-09-05 14:49:01,Leonard St & Nassau Ave,5550,Bayard St & Leonard St,5442,40.7239567849954,-73.94984364509583,40.71915571696044,-73.94885390996933,member
1622020,DB407B8C68B9DC2B,classic_bike,2021-09-12 08:53:31,2021-09-12 08:56:08,Leonard St & Nassau Ave,5550,Bayard St & Leonard St,5442,40.7239567849954,-73.94984364509583,40.71915571696044,-73.94885390996933,member
1622053,B225ED03849F9CB0,electric_bike,2021-09-22 07:55:24,2021-09-22 07:57:55,Leonard St & Nassau Ave,5550,Bayard St & Leonard St,5442,40.7239567849954,-73.94984364509583,40.71915571696044,-73.94885390996933,member
1622068,405EAF1CF647E7C8,electric_bike,2021-09-06 11:59:54,2021-09-06 12:05:57,India St & Manhattan Ave,5826,Bayard St & Leonard St,5442,40.73232194,-73.9550858,40.71915571696044,-73.94885390996933,member
1622069,F17FBB45908B9EC3,classic_bike,2021-09-11 09:45:24,2021-09-11 09:53:34,India St & Manhattan Ave,5826,Bayard St & Leonard St,5442,40.73232194,-73.9550858,40.71915571696044,-73.94885390996933,member
1622080,E22CC4C4656DE83C,electric_bike,2021-09-03 06:50:58,2021-09-03 06:56:50,India St & Manhattan Ave,5826,Bayard St & Leonard St,5442,40.73232194,-73.9550858,40.71915571696044,-73.94885390996933,member
1622088,C9E19951A33E858E,classic_bike,2021-09-10 10:59:20,2021-09-10 11:05:06,Frost St & Debevoise Ave,5433,Bayard St & Leonard St,5442,40.71882,-73.93948,40.71915571696044,-73.94885390996933,member
1622092,A1D78A673D05ACD2,classic_bike,2021-09-06 16:49:21,2021-09-06 16:58:45,Frost St & Debevoise Ave,5433,Bayard St & Leonard St,5442,40.71882,-73.93948,40.71915571696044,-73.94885390996933,casual
1622094,37A2DC770CBB0A47,classic_bike,2021-09-19 12:50:32,2021-09-19 12:58:38,India St & Manhattan Ave,5826,Bayard St & Leonard St,5442,40.73232194,-73.9550858,40.71915571696044,-73.94885390996933,casual
1622101,1EBB090A41BC4A59,electric_bike,2021-09-03 12:21:48,2021-09-03 12:37:16,Hart St & Wyckoff Ave,4971,Bayard St & Leonard St,5442,40.704876,-73.919911,40.71915571696044,-73.94885390996933,casual
1622105,C5777C98B35BE15D,classic_bike,2021-09-18 13:05:06,2021-09-18 13:13:57,India St & Manhattan Ave,5826,Bayard St & Leonard St,5442,40.73232194,-73.9550858,40.71915571696044,-73.94885390996933,member
1622116,BE2CECCEA760DF78,classic_bike,2021-09-20 17:34:23,2021-09-20 17:44:18,Huron St & Franklin St,5869,Bayard St & Leonard St,5442,40.73266,-73.95826,40.71915571696044,-73.94885390996933,casual
1622118,00EA0F137481A427,classic_bike,2021-09-26 15:59:25,2021-09-26 16:09:04,Huron St & Franklin St,5869,Bayard St & Leonard St,5442,40.73266,-73.95826,40.71915571696044,-73.94885390996933,casual
1622119,665230FE69C23845,classic_bike,2021-09-06 14:12:37,2021-09-06 14:27:09,Huron St & Franklin St,5869,Bayard St & Leonard St,5442,40.73266,-73.95826,40.71915571696044,-73.94885390996933,casual
1622130,01025A8888523384,classic_bike,2021-09-17 17:37:55,2021-09-17 17:44:58,India St & Manhattan Ave,5826,Bayard St & Leonard St,5442,40.73232194,-73.9550858,40.71915571696044,-73.94885390996933,member
1622157,E9AB9BEB383CF1FD,classic_bike,2021-09-26 16:39:47,2021-09-26 16:54:18,Kent Ave & S 11 St,5062,Bayard St & Leonard St,5442,40.707644944175705,-73.96841526031494,40.71915571696044,-73.94885390996933,member
1622214,2D117D91FA92228F,electric_bike,2021-09-17 23:20:26,2021-09-17 23:36:23,Suydam St & Knickerbocker Ave,4939,Bayard St & Leonard St,5442,40.702013,-73.923769,40.71915571696044,-73.94885390996933,member
1622216,F94E70631F3D34D3,classic_bike,2021-09-04 09:32:08,2021-09-04 09:42:49,India St & Manhattan Ave,5826,Bayard St & Leonard St,5442,40.73232194,-73.9550858,40.71915571696044,-73.94885390996933,member
1622227,5B36294928303182,electric_bike,2021-09-12 10:04:56,2021-09-12 10:31:23,Market St & Cherry St,5198,Bayard St & Leonard St,5442,40.71076228,-73.99400398,40.71915571696044,-73.94885390996933,member
1622234,61328AE7AA997918,classic_bike,2021-09-10 19:35:28,2021-09-10 20:11:25,Suydam St & Knickerbocker Ave,4939,Bayard St & Leonard St,5442,40.702013,-73.923769,40.71915571696044,-73.94885390996933,casual
1622252,B563896C3A392E4B,electric_bike,2021-09-26 12:44:12,2021-09-26 12:50:15,India St & Manhattan Ave,5826,Bayard St & Leonard St,5442,40.73232194,-73.9550858,40.71915571696044,-73.94885390996933,member
1622253,336A2871F27C7F20,classic_bike,2021-09-04 12:07:04,2021-09-04 12:16:48,India St & Manhattan Ave,5826,Bayard St & Leonard St,5442,40.73232194,-73.9550858,40.71915571696044,-73.94885390996933,member
1622269,FD2F4F1E1D2E4A04,classic_bike,2021-09-26 12:17:57,2021-09-26 12:53:14,W 31 St & 7 Ave,6331,Bayard St & Leonard St,5442,40.749156,-73.9916,40.71915571696044,-73.94885390996933,casual
1622307,9764077F8B6EDFD2,classic_bike,2021-09-25 20:43:05,2021-09-25 20:43:15,Bayard St & Leonard St,5442,Bayard St & Leonard St,5442,40.71915571696044,-73.94885390996933,40.71915571696044,-73.94885390996933,member
1622312,24B2FC2A08C15C14,classic_bike,2021-09-07 17:24:38,2021-09-07 17:35:09,Huron St & Franklin St,5869,Bayard St & Leonard St,5442,40.73266,-73.95826,40.71915571696044,-73.94885390996933,member
1622336,9DEB928C244400E5,classic_bike,2021-09-02 13:20:04,2021-09-02 13:29:28,Bayard St & Leonard St,5442,Broadway & Berry St,5164,40.71915571696044,-73.94885390996933,40.71044554,-73.96525063,member
1622350,800E6AFA8353C5C9,classic_bike,2021-09-12 10:58:41,2021-09-12 11:11:37,Suydam St & Knickerbocker Ave,4939,Bayard St & Leonard St,5442,40.702013,-73.923769,40.71915571696044,-73.94885390996933,member
1622352,ED0F50BF99A60158,classic_bike,2021-09-15 18:39:46,2021-09-15 18:51:01,India St & Manhattan Ave,5826,Bayard St & Leonard St,5442,40.73232194,-73.9550858,40.71915571696044,-73.94885390996933,member
1622362,653E45DBD168CD03,classic_bike,2021-09-17 15:35:40,2021-09-17 15:43:15,S 3 St & Bedford Ave,5235,Bayard St & Leonard St,5442,40.71260486,-73.96264403,40.71915571696044,-73.94885390996933,member
1622363,2D2B61D53CB1099A,classic_bike,2021-09-29 20:02:03,2021-09-29 20:32:58,E 16 St & 5 Ave,6022,Bayard St & Leonard St,5442,40.73726186,-73.99238967,40.71915571696044,-73.94885390996933,member
1622410,8B86A937429358BD,classic_bike,2021-09-27 14:55:39,2021-09-27 15:01:49,Berry St & N 8 St,5379,Bayard St & Leonard St,5442,40.7190095,-73.95852515,40.71915571696044,-73.94885390996933,member
1622416,D6A934985FE85737,classic_bike,2021-09-03 17:34:18,2021-09-03 17:47:38,Beaver St & Fayette St,4840,Bayard St & Leonard St,5442,40.70099,-73.93921,40.71915571696044,-73.94885390996933,member
1622424,F56ACE8A57A12531,electric_bike,2021-09-07 09:01:54,2021-09-07 09:29:57,6 Ave & 9 St,3803,Bayard St & Leonard St,5442,40.668127,-73.98377641,40.71915571696044,-73.94885390996933,casual
1622447,8D110BA8EE59F1AE,classic_bike,2021-09-29 19:21:17,2021-09-29 19:49:24,Sands St & Jay St,4821,Bayard St & Leonard St,5442,40.700119,-73.9862,40.71915571696044,-73.94885390996933,casual
1622452,665F7F566CF5D873,classic_bike,2021-09-21 18:21:59,2021-09-21 18:38:22,9 St & 44 Rd,6361,Bayard St & Leonard St,5442,40.74966,-73.9521,40.71915571696044,-73.94885390996933,member
1622465,F119FA511EB3183C,classic_bike,2021-09-12 01:42:35,2021-09-12 01:51:24,Beaver St & Fayette St,4840,Bayard St & Leonard St,5442,40.70099,-73.93921,40.71915571696044,-73.94885390996933,member
1622473,0C334262392A1357,classic_bike,2021-09-06 15:44:50,2021-09-06 16:27:43,Central Ave & Woodbine St,4632,Bayard St & Leonard St,5442,40.69296,-73.91605,40.71915571696044,-73.94885390996933,casual
1622501,3B996E020F0AF339,classic_bike,2021-09-03 17:54:54,2021-09-03 18:08:44,Beaver St & Fayette St,4840,Bayard St & Leonard St,5442,40.70099,-73.93921,40.71915571696044,-73.94885390996933,member
1622507,D3FD08532628FDC6,classic_bike,2021-09-30 18:54:08,2021-09-30 19:20:36,Sands St & Jay St,4821,Bayard St & Leonard St,5442,40.700119,-73.9862,40.71915571696044,-73.94885390996933,casual
1622528,8167A9E9554D7B98,classic_bike,2021-09-04 11:03:14,2021-09-04 11:17:30,Beaver St & Fayette St,4840,Bayard St & Leonard St,5442,40.70099,-73.93921,40.71915571696044,-73.94885390996933,member
1622535,055B18F0C265D48A,classic_bike,2021-09-18 10:46:19,2021-09-18 11:11:16,Irving Ave & Halsey St,4695,Bayard St & Leonard St,5442,40.69467,-73.90663,40.71915571696044,-73.94885390996933,member
1622547,0E097C406AFF0DC2,classic_bike,2021-09-24 18:26:57,2021-09-24 18:51:14,Lewis Ave & Kosciuszko St,4617,Bayard St & Leonard St,5442,40.69237074,-73.93705428,40.71915571696044,-73.94885390996933,member
1622601,DD3895C2B1ED3F1C,classic_bike,2021-09-08 07:50:55,2021-09-08 08:02:52,Bushwick Ave & Powers St,5250,Bayard St & Leonard St,5442,40.71247661,-73.94100005,40.71915571696044,-73.94885390996933,casual
1622609,AF9F8F806AF9BE48,classic_bike,2021-09-20 18:34:48,2021-09-20 18:39:36,Berry St & N 8 St,5379,Bayard St & Leonard St,5442,40.7190095,-73.95852515,40.71915571696044,-73.94885390996933,member
1622612,84DEFDED67CC2160,classic_bike,2021-09-14 23:21:53,2021-09-14 23:28:48,Berry St & N 8 St,5379,Bayard St & Leonard St,5442,40.7190095,-73.95852515,40.71915571696044,-73.94885390996933,member
1622652,C78FF18FB742A018,classic_bike,2021-09-13 15:38:22,2021-09-13 15:47:47,Bushwick Ave & Powers St,5250,Bayard St & Leonard St,5442,40.71247661,-73.94100005,40.71915571696044,-73.94885390996933,member
1622666,F16B56D460D3B7C6,classic_bike,2021-09-27 08:29:23,2021-09-27 08:34:34,Berry St & N 8 St,5379,Bayard St & Leonard St,5442,40.7190095,-73.95852515,40.71915571696044,-73.94885390996933,member
1622679,EAC3829620826B58,classic_bike,2021-09-27 13:57:36,2021-09-27 14:03:07,Lorimer St & Calyer St,5709,Bayard St & Leonard St,5442,40.72795,-73.95414,40.71915571696044,-73.94885390996933,member
1622690,880036211B36430D,classic_bike,2021-09-09 15:43:08,2021-09-09 15:51:17,Bushwick Ave & Powers St,5250,Bayard St & Leonard St,5442,40.71247661,-73.94100005,40.71915571696044,-73.94885390996933,member
1622692,3BD9DAD71F8E40DE,classic_bike,2021-09-23 15:36:51,2021-09-23 15:44:29,Bushwick Ave & Powers St,5250,Bayard St & Leonard St,5442,40.71247661,-73.94100005,40.71915571696044,-73.94885390996933,member
1622693,00D755143CAE9ED6,classic_bike,2021-09-23 10:26:31,2021-09-23 10:32:59,Bushwick Ave & Powers St,5250,Bayard St & Leonard St,5442,40.71247661,-73.94100005,40.71915571696044,-73.94885390996933,member
1622715,826F12B50CDEA36E,classic_bike,2021-09-29 15:07:18,2021-09-29 15:18:00,Bushwick Ave & Powers St,5250,Bayard St & Leonard St,5442,40.71247661,-73.94100005,40.71915571696044,-73.94885390996933,casual
1622717,EF6F32CC1206A0A0,classic_bike,2021-09-18 13:05:21,2021-09-18 13:13:55,India St & Manhattan Ave,5826,Bayard St & Leonard St,5442,40.73232194,-73.9550858,40.71915571696044,-73.94885390996933,member
1622721,B6FA513AF3F302FA,classic_bike,2021-09-04 12:25:49,2021-09-04 12:37:15,India St & Manhattan Ave,5826,Bayard St & Leonard St,5442,40.73232194,-73.9550858,40.71915571696044,-73.94885390996933,casual
1622725,E4BBD22A3F0242E6,classic_bike,2021-09-15 18:17:37,2021-09-15 18:27:30,Bushwick Ave & Powers St,5250,Bayard St & Leonard St,5442,40.71247661,-73.94100005,40.71915571696044,-73.94885390996933,member
1622733,C405AAD709837CAE,classic_bike,2021-09-16 17:46:06,2021-09-16 17:51:32,Lorimer St & Calyer St,5709,Bayard St & Leonard St,5442,40.72795,-73.95414,40.71915571696044,-73.94885390996933,member
1622747,84FC4FA9210B605A,classic_bike,2021-09-22 18:42:18,2021-09-22 18:49:44,Lorimer St & Calyer St,5709,Bayard St & Leonard St,5442,40.72795,-73.95414,40.71915571696044,-73.94885390996933,member
1622779,B8F58658AD02D206,classic_bike,2021-09-17 16:40:11,2021-09-17 16:44:28,Lorimer St & Calyer St,5709,Bayard St & Leonard St,5442,40.72795,-73.95414,40.71915571696044,-73.94885390996933,member
1622783,37418DCFA8A63896,classic_bike,2021-09-01 12:34:58,2021-09-01 12:50:51,Suydam St & Knickerbocker Ave,4939,Bayard St & Leonard St,5442,40.702013,-73.923769,40.71915571696044,-73.94885390996933,member
1622787,5F4388ED026E4E04,classic_bike,2021-09-19 12:50:33,2021-09-19 12:58:38,India St & Manhattan Ave,5826,Bayard St & Leonard St,5442,40.73232194,-73.9550858,40.71915571696044,-73.94885390996933,casual
1622799,5E412E7241CC94A8,classic_bike,2021-09-21 16:04:08,2021-09-21 16:11:29,India St & Manhattan Ave,5826,Bayard St & Leonard St,5442,40.73232194,-73.9550858,40.71915571696044,-73.94885390996933,casual
1622800,DD79158CE0125A14,electric_bike,2021-09-14 19:09:34,2021-09-14 19:44:12,Duffield St & Willoughby St,4596,Bayard St & Leonard St,5442,40.69221589,-73.9842844,40.71915571696044,-73.94885390996933,casual
1622803,6F8A2F0DF4F2E7EA,classic_bike,2021-09-10 14:28:04,2021-09-10 14:34:40,India St & Manhattan Ave,5826,Bayard St & Leonard St,5442,40.73232194,-73.9550858,40.71915571696044,-73.94885390996933,member
1622829,F6122502FBE264CA,classic_bike,2021-09-26 16:29:24,2021-09-26 16:37:09,Huron St & Franklin St,5869,Bayard St & Leonard St,5442,40.73266,-73.95826,40.71915571696044,-73.94885390996933,member
1622836,CA20F04A4A6B45CA,docked_bike,2021-09-13 15:08:07,2021-09-13 15:16:57,Huron St & Franklin St,5869,Bayard St & Leonard St,5442,40.73266,-73.95826,40.719156,-73.948854,casual
1622853,464D5D0DBA6B57C6,classic_bike,2021-09-17 21:19:02,2021-09-17 21:22:23,Roebling St & N 4 St,5267,Bayard St & Leonard St,5442,40.71469,-73.95739,40.71915571696044,-73.94885390996933,member
1622854,B55A52FEFE556CA2,classic_bike,2021-09-18 16:52:43,2021-09-18 16:56:57,Roebling St & N 4 St,5267,Bayard St & Leonard St,5442,40.71469,-73.95739,40.71915571696044,-73.94885390996933,member
1622858,435412DB88058BE9,electric_bike,2021-09-18 16:29:29,2021-09-18 16:33:28,Roebling St & N 4 St,5267,Bayard St & Leonard St,5442,40.71469,-73.95739,40.71915571696044,-73.94885390996933,member
1622865,867963B686753D7C,classic_bike,2021-09-19 12:00:12,2021-09-19 12:03:37,Roebling St & N 4 St,5267,Bayard St & Leonard St,5442,40.71469,-73.95739,40.71915571696044,-73.94885390996933,casual
1622894,45BA0FE496CA4DC8,classic_bike,2021-09-07 18:24:33,2021-09-07 18:35:20,Roebling St & N 4 St,5267,Bayard St & Leonard St,5442,40.71469,-73.95739,40.71915571696044,-73.94885390996933,member
1622922,8293617D739F9EFE,classic_bike,2021-09-03 17:16:13,2021-09-03 17:52:30,Cadman Plaza E & Red Cross Pl,4821,Bayard St & Leonard St,5442,40.69991755,-73.98971773,40.71915571696044,-73.94885390996933,casual
1622923,E95F66267D0FDF4C,electric_bike,2021-09-10 10:12:51,2021-09-10 10:17:05,Roebling St & N 4 St,5267,Bayard St & Leonard St,5442,40.71469,-73.95739,40.71915571696044,-73.94885390996933,casual
1622933,0ED477E2FB477DFD,classic_bike,2021-09-17 23:38:09,2021-09-17 23:54:26,44 Dr & Jackson Ave,6352,Bayard St & Leonard St,5442,40.74718234,-73.9432635,40.71915571696044,-73.94885390996933,member
1622938,D8339AD94381F08B,classic_bike,2021-09-30 19:26:44,2021-09-30 19:35:17,Huron St & Franklin St,5869,Bayard St & Leonard St,5442,40.73266,-73.95826,40.71915571696044,-73.94885390996933,member
1622972,748DED0A37D62CA7,classic_bike,2021-09-12 13:02:10,2021-09-12 13:06:53,Roebling St & N 4 St,5267,Bayard St & Leonard St,5442,40.71469,-73.95739,40.71915571696044,-73.94885390996933,casual
1622981,8DFA3D1F405F7924,classic_bike,2021-09-09 20:08:29,2021-09-09 20:36:08,Broadway & Madison St,4483,Bayard St & Leonard St,5442,40.68822,-73.91966,40.71915571696044,-73.94885390996933,member
1622984,6854DDB0EAFBD27A,classic_bike,2021-09-11 10:33:38,2021-09-11 10:36:17,Leonard St & Nassau Ave,5550,Bayard St & Leonard St,5442,40.7239567849954,-73.94984364509583,40.71915571696044,-73.94885390996933,member
1623013,8D60A6B0C7D5C7BA,classic_bike,2021-09-12 17:45:14,2021-09-12 18:09:22,Bayard St & Leonard St,5442,Bayard St & Leonard St,5442,40.71915571696044,-73.94885390996933,40.71915571696044,-73.94885390996933,member
1623014,9A17754D0E73EADB,classic_bike,2021-09-12 17:44:36,2021-09-12 17:44:39,Bayard St & Leonard St,5442,Bayard St & Leonard St,5442,40.71915571696044,-73.94885390996933,40.71915571696044,-73.94885390996933,member
1623018,0514E4B387920801,classic_bike,2021-09-12 09:09:13,2021-09-12 09:22:18,Bayard St & Leonard St,5442,Bayard St & Leonard St,5442,40.71915571696044,-73.94885390996933,40.71915571696044,-73.94885390996933,member
1623022,9DA172F489830C76,classic_bike,2021-09-26 12:49:51,2021-09-26 12:50:20,Bayard St & Leonard St,5442,Bayard St & Leonard St,5442,40.71915571696044,-73.94885390996933,40.71915571696044,-73.94885390996933,member
1623042,C92FF4D852BE09BA,classic_bike,2021-09-13 13:36:42,2021-09-13 13:59:31,Broadway & Madison St,4483,Bayard St & Leonard St,5442,40.68822,-73.91966,40.71915571696044,-73.94885390996933,casual
1623058,58E209BCA8DA93E5,classic_bike,2021-09-18 08:10:28,2021-09-18 08:32:01,Bayard St & Leonard St,5442,Bayard St & Leonard St,5442,40.71915571696044,-73.94885390996933,40.71915571696044,-73.94885390996933,member
1623063,67A264521129FD98,classic_bike,2021-09-27 09:28:26,2021-09-27 09:38:41,Bayard St & Leonard St,5442,Bayard St & Leonard St,5442,40.71915571696044,-73.94885390996933,40.71915571696044,-73.94885390996933,member
1623064,6ACABDC2263BD2E7,classic_bike,2021-09-27 13:25:27,2021-09-27 13:47:04,Bayard St & Leonard St,5442,Bayard St & Leonard St,5442,40.71915571696044,-73.94885390996933,40.71915571696044,-73.94885390996933,member
1623069,7E5E130E771B0038,classic_bike,2021-09-26 17:29:14,2021-09-26 17:40:38,Franklin St & Dupont St,5944,Bayard St & Leonard St,5442,40.73564,-73.95866,40.71915571696044,-73.94885390996933,member
1623100,8E417E2164B252F7,classic_bike,2021-09-19 21:34:09,2021-09-19 21:46:35,Franklin St & Dupont St,5944,Bayard St & Leonard St,5442,40.73564,-73.95866,40.71915571696044,-73.94885390996933,member
1623101,7C0A42A5C652B54C,classic_bike,2021-09-04 11:39:05,2021-09-04 11:50:42,Bayard St & Leonard St,5442,Bayard St & Leonard St,5442,40.71915571696044,-73.94885390996933,40.71915571696044,-73.94885390996933,member
1623116,F5CBEAE561142D7D,classic_bike,2021-09-03 17:45:51,2021-09-03 17:46:12,Bayard St & Leonard St,5442,Bayard St & Leonard St,5442,40.71915571696044,-73.94885390996933,40.71915571696044,-73.94885390996933,member
1623152,305724362AA9DE2B,classic_bike,2021-09-28 14:42:17,2021-09-28 14:51:44,Bayard St & Leonard St,5442,Broadway & Berry St,5164,40.71915571696044,-73.94885390996933,40.71044554,-73.96525063,member
1623153,3D96B7A7A8E525BB,classic_bike,2021-09-22 18:02:14,2021-09-22 18:02:38,Bayard St & Leonard St,5442,Bayard St & Leonard St,5442,40.71915571696044,-73.94885390996933,40.71915571696044,-73.94885390996933,member
1623158,8B84F5C72C5CF2B2,electric_bike,2021-09-19 17:21:01,2021-09-19 17:43:54,Lewis Ave & Kosciuszko St,4617,Bayard St & Leonard St,5442,40.69237074,-73.93705428,40.71915571696044,-73.94885390996933,casual
1623172,A8CA6F60336DF352,classic_bike,2021-09-10 18:41:59,2021-09-10 18:49:37,Bayard St & Leonard St,5442,Bayard St & Leonard St,5442,40.71915571696044,-73.94885390996933,40.71915571696044,-73.94885390996933,member
1623178,5881F1B1A4C25339,electric_bike,2021-09-23 21:22:33,2021-09-23 21:22:41,Bayard St & Leonard St,5442,Bayard St & Leonard St,5442,40.71915571696044,-73.94885390996933,40.71915571696044,-73.94885390996933,member
1623193,407F7AA2244122D2,classic_bike,2021-09-08 11:25:42,2021-09-08 11:45:23,Bayard St & Leonard St,5442,Bayard St & Leonard St,5442,40.71915571696044,-73.94885390996933,40.71915571696044,-73.94885390996933,casual
1623211,DE2041F59D2ADF8D,electric_bike,2021-09-04 23:35:43,2021-09-04 23:38:43,Bayard St & Leonard St,5442,Bayard St & Leonard St,5442,40.71915571696044,-73.94885390996933,40.71915571696044,-73.94885390996933,member
1623325,03505B2F825166C4,classic_bike,2021-09-24 19:43:03,2021-09-24 20:18:21,31 Ave & 30 St,6857,Bayard St & Leonard St,5442,40.7647,-73.9240312,40.71915571696044,-73.94885390996933,member
1623352,9598CB19BE3BE53D,classic_bike,2021-09-05 06:20:33,2021-09-05 06:20:36,Bayard St & Leonard St,5442,Bayard St & Leonard St,5442,40.71915571696044,-73.94885390996933,40.71915571696044,-73.94885390996933,member
1623380,2EF78A47594C9992,classic_bike,2021-09-30 12:30:56,2021-09-30 12:45:15,Bayard St & Leonard St,5442,Bayard St & Leonard St,5442,40.71915571696044,-73.94885390996933,40.71915571696044,-73.94885390996933,member
1623385,90A76E134D0171F5,classic_bike,2021-09-03 10:54:48,2021-09-03 10:55:15,Bayard St & Leonard St,5442,Bayard St & Leonard St,5442,40.71915571696044,-73.94885390996933,40.71915571696044,-73.94885390996933,member
1623428,BFA1341F3141AD36,classic_bike,2021-09-24 15:36:41,2021-09-24 15:56:53,Stanhope St & Fairview Ave,5146,Bayard St & Leonard St,5442,40.70998,-73.91116,40.71915571696044,-73.94885390996933,casual
1623444,FD537694C07EC053,electric_bike,2021-09-26 22:25:00,2021-09-26 22:54:59,Union Ave & N 12 St,5411,Bayard St & Leonard St,5442,40.71924,-73.95242,40.71915571696044,-73.94885390996933,casual
1623476,68ECFE03723F78F3,classic_bike,2021-09-06 14:36:36,2021-09-06 14:57:26,Frost St & Meeker Ave,5371,Bayard St & Leonard St,5442,40.71766197083994,-73.94880026578903,40.71915571696044,-73.94885390996933,member
1623497,326A5CB460A217A9,electric_bike,2021-09-08 17:16:25,2021-09-08 17:28:35,Stanton St & Norfolk St,5445,Bayard St & Leonard St,5442,40.720747,-73.986274,40.71915571696044,-73.94885390996933,casual
1623503,475D1718B00BFB83,classic_bike,2021-09-30 20:23:03,2021-09-30 20:28:26,Greenpoint Ave & Manhattan Ave,5785,Bayard St & Leonard St,5442,40.73026,-73.95394,40.71915571696044,-73.94885390996933,member
1623506,82BACAB4E28957E2,classic_bike,2021-09-03 16:09:41,2021-09-03 16:18:34,Greenpoint Ave & Manhattan Ave,5785,Bayard St & Leonard St,5442,40.73026,-73.95394,40.71915571696044,-73.94885390996933,casual
1623511,DAB9CD83B9064F48,electric_bike,2021-09-03 14:36:52,2021-09-03 15:25:57,Central Park W & W 103 St,7577,Bayard St & Leonard St,5442,40.79558954105342,-73.96188408136368,40.71915571696044,-73.94885390996933,member
1623515,32FC2A91390F439F,classic_bike,2021-09-29 14:23:51,2021-09-29 14:29:02,Grand St & Havemeyer St,5267,Bayard St & Leonard St,5442,40.71286844,-73.95698119,40.71915571696044,-73.94885390996933,member
1623516,BD08BD0A2B6B8909,classic_bike,2021-09-04 11:55:30,2021-09-04 11:57:27,Frost St & Meeker Ave,5371,Bayard St & Leonard St,5442,40.71766197083994,-73.94880026578903,40.71915571696044,-73.94885390996933,casual
1623518,880C1AE39B9CFA40,classic_bike,2021-09-24 19:46:24,2021-09-24 20:21:12,Frost St & Meeker Ave,5371,Bayard St & Leonard St,5442,40.71766197083994,-73.94880026578903,40.71915571696044,-73.94885390996933,casual
1623540,49AF70129528465A,classic_bike,2021-09-26 15:13:59,2021-09-26 15:56:54,Atlantic Ave & Furman St,4614,Bayard St & Leonard St,5442,40.69165183,-73.9999786,40.71915571696044,-73.94885390996933,casual
1623548,2DFDA8ACEC082943,classic_bike,2021-09-22 18:21:51,2021-09-22 18:30:12,Richardson St & N Henry St,5433,Bayard St & Leonard St,5442,40.71907891179564,-73.94223690032959,40.71915571696044,-73.94885390996933,member
1623551,EFE5AA13E2B29E07,classic_bike,2021-09-11 10:10:39,2021-09-11 10:15:52,Richardson St & N Henry St,5433,Bayard St & Leonard St,5442,40.71907891179564,-73.94223690032959,40.71915571696044,-73.94885390996933,member
1623562,61570451A51F1045,classic_bike,2021-09-10 15:34:04,2021-09-10 15:37:03,Richardson St & N Henry St,5433,Bayard St & Leonard St,5442,40.71907891179564,-73.94223690032959,40.71915571696044,-73.94885390996933,member
1623567,AAA7A523E2332D3C,electric_bike,2021-09-09 19:33:19,2021-09-09 19:49:13,Pulaski St & Marcus Garvey Blvd,4656,Bayard St & Leonard St,5442,40.6933982,-73.939877,40.71915571696044,-73.94885390996933,member
1623615,016119015597D953,classic_bike,2021-09-11 23:56:31,2021-09-11 23:57:20,Bayard St & Leonard St,5442,Bayard St & Leonard St,5442,40.71915571696044,-73.94885390996933,40.71915571696044,-73.94885390996933,casual
1623669,AE57535B032948FA,classic_bike,2021-09-10 15:08:20,2021-09-10 15:33:36,35 Ave & 10 St,6806,Bayard St & Leonard St,5442,40.76315481910373,-73.93985509872437,40.71915571696044,-73.94885390996933,casual
1623674,09FA7CDF6CD3CE27,classic_bike,2021-09-13 13:50:19,2021-09-13 13:55:00,Richardson St & N Henry St,5433,Bayard St & Leonard St,5442,40.71907891179564,-73.94223690032959,40.71915571696044,-73.94885390996933,member
1623680,E1FBD23307EF25DD,classic_bike,2021-09-25 12:28:48,2021-09-25 12:35:19,Richardson St & N Henry St,5433,Bayard St & Leonard St,5442,40.71907891179564,-73.94223690032959,40.71915571696044,-73.94885390996933,member
1623682,CA19BC8E1B3D5636,classic_bike,2021-09-22 15:25:18,2021-09-22 15:29:10,Richardson St & N Henry St,5433,Bayard St & Leonard St,5442,40.71907891179564,-73.94223690032959,40.71915571696044,-73.94885390996933,member
1623686,DA4BF074277B15E2,electric_bike,2021-09-17 18:41:29,2021-09-17 19:04:47,Grand Ave & Bergen St,4190,Bayard St & Leonard St,5442,40.678045,-73.962408,40.71915571696044,-73.94885390996933,member
1623699,FF8CBB3F7D1EB0F0,classic_bike,2021-09-29 21:20:26,2021-09-29 21:24:00,Richardson St & N Henry St,5433,Bayard St & Leonard St,5442,40.71907891179564,-73.94223690032959,40.71915571696044,-73.94885390996933,member
1623705,48ECF69420D62EF4,classic_bike,2021-09-27 14:10:23,2021-09-27 14:15:08,Richardson St & N Henry St,5433,Bayard St & Leonard St,5442,40.71907891179564,-73.94223690032959,40.71915571696044,-73.94885390996933,member
1623725,04B9130D267758E8,electric_bike,2021-09-14 16:37:25,2021-09-14 16:58:01,Thompson St & Bleecker St,5721,Bayard St & Leonard St,5442,40.72840059450829,-73.99968780577183,40.71915571696044,-73.94885390996933,member
1623758,5FEC9B155B5BA345,classic_bike,2021-09-17 22:47:14,2021-09-17 23:01:39,Pulaski St & Marcus Garvey Blvd,4656,Bayard St & Leonard St,5442,40.6933982,-73.939877,40.71915571696044,-73.94885390996933,member
1623776,8BF33384D82B790C,electric_bike,2021-09-14 06:55:13,2021-09-14 07:12:06,Broadway & Madison St,4483,Bayard St & Leonard St,5442,40.68822,-73.91966,40.71915571696044,-73.94885390996933,casual
1623806,79078AA35792C0CF,electric_bike,2021-09-24 13:46:19,2021-09-24 13:58:04,Monroe St & Bedford Ave,4368,Bayard St & Leonard St,5442,40.6851443,-73.95380904,40.71915571696044,-73.94885390996933,member
1623819,A383D7283A5C9E56,docked_bike,2021-09-27 14:46:02,2021-09-27 15:03:58,Melrose St & Broadway,4801,Bayard St & Leonard St,5442,40.697481,-73.935877,40.719156,-73.948854,casual
1623820,E57BBE624A307EFD,classic_bike,2021-09-22 18:35:04,2021-09-22 18:59:22,Clinton Ave & Flushing Ave,4762,Bayard St & Leonard St,5442,40.69794,-73.96986848,40.71915571696044,-73.94885390996933,casual
1623852,275FC04A2D628082,classic_bike,2021-09-25 11:42:49,2021-09-25 12:17:23,Mott St & Prince St,5561,Bayard St & Leonard St,5442,40.72317958,-73.99480012,40.71915571696044,-73.94885390996933,casual
1623875,55ED582F8E8A9BF5,classic_bike,2021-09-12 10:55:55,2021-09-12 10:57:45,Engert Ave & McGuinness Blvd,5473,Bayard St & Leonard St,5442,40.72158,-73.94546,40.71915571696044,-73.94885390996933,member
1623879,EF88B562CE4D1603,classic_bike,2021-09-16 17:24:36,2021-09-16 17:27:56,Engert Ave & McGuinness Blvd,5473,Bayard St & Leonard St,5442,40.72158,-73.94546,40.71915571696044,-73.94885390996933,member
1623880,A2A310CC0A44F717,classic_bike,2021-09-03 18:58:28,2021-09-03 19:04:08,Engert Ave & McGuinness Blvd,5473,Bayard St & Leonard St,5442,40.72158,-73.94546,40.71915571696044,-73.94885390996933,member
1623950,56AAB98350420B9A,electric_bike,2021-09-23 09:31:40,2021-09-23 09:52:35,Vesey St & Church St,5216,Bayard St & Leonard St,5442,40.71221958009051,-74.01047229766846,40.71915571696044,-73.94885390996933,casual
1623967,9FC9ABDFD31305A0,electric_bike,2021-09-28 10:08:05,2021-09-28 10:29:46,Vesey St & Church St,5216,Bayard St & Leonard St,5442,40.71221958009051,-74.01047229766846,40.71915571696044,-73.94885390996933,member
1624025,68E4B87D025B09C4,classic_bike,2021-09-04 10:48:23,2021-09-04 11:09:24,Suydam St & Knickerbocker Ave,4939,Bayard St & Leonard St,5442,40.702013,-73.923769,40.71915571696044,-73.94885390996933,member
1624037,0DE3DAA4C4ADEB3D,electric_bike,2021-09-20 09:14:50,2021-09-20 09:40:35,Vesey St & Church St,5216,Bayard St & Leonard St,5442,40.71221958009051,-74.01047229766846,40.71915571696044,-73.94885390996933,casual
1624068,138075EB370BABC8,classic_bike,2021-09-16 19:29:30,2021-09-16 19:36:29,McKibbin St & Manhattan Ave,4996,Bayard St & Leonard St,5442,40.70510918,-73.94407279,40.71915571696044,-73.94885390996933,member
1624100,25C11280B4445471,classic_bike,2021-09-21 19:09:07,2021-09-21 19:15:17,Metropolitan Ave & Bedford Ave,5308,Bayard St & Leonard St,5442,40.71534825,-73.96024116,40.71915571696044,-73.94885390996933,member
1624103,53E288861D946FD9,classic_bike,2021-09-12 21:41:02,2021-09-12 21:48:44,Metropolitan Ave & Bedford Ave,5308,Bayard St & Leonard St,5442,40.71534825,-73.96024116,40.71915571696044,-73.94885390996933,member
1624113,D410A3B5C0E496E9,classic_bike,2021-09-04 21:34:31,2021-09-04 21:42:51,Metropolitan Ave & Bedford Ave,5308,Bayard St & Leonard St,5442,40.71534825,-73.96024116,40.71915571696044,-73.94885390996933,casual
1624115,B867675B0C0DA283,classic_bike,2021-09-01 20:22:44,2021-09-01 20:30:33,McKibbin St & Manhattan Ave,4996,Bayard St & Leonard St,5442,40.70510918,-73.94407279,40.71915571696044,-73.94885390996933,casual
1624118,D66356BE00089FB8,classic_bike,2021-09-08 12:34:15,2021-09-08 12:38:26,Metropolitan Ave & Bedford Ave,5308,Bayard St & Leonard St,5442,40.71534825,-73.96024116,40.71915571696044,-73.94885390996933,casual
1624121,4032D9F47A06D741,classic_bike,2021-09-21 09:43:20,2021-09-21 09:52:07,Metropolitan Ave & Bedford Ave,5308,Bayard St & Leonard St,5442,40.71534825,-73.96024116,40.71915571696044,-73.94885390996933,member
1624122,C599AFBFA54E741E,classic_bike,2021-09-21 17:51:23,2021-09-21 17:59:34,McKibbin St & Manhattan Ave,4996,Bayard St & Leonard St,5442,40.70510918,-73.94407279,40.71915571696044,-73.94885390996933,member
1624123,0209B78BE4851A31,classic_bike,2021-09-17 18:25:33,2021-09-17 18:55:45,Dean St & Franklin Ave,4107,Bayard St & Leonard St,5442,40.67759206937376,-73.955637216568,40.71915571696044,-73.94885390996933,member
1624158,CFA615987DF9AD28,electric_bike,2021-09-08 13:50:50,2021-09-08 14:09:49,Cleveland Pl & Spring St,5492,Bayard St & Leonard St,5442,40.722103786686034,-73.99724900722504,40.71915571696044,-73.94885390996933,member
1624167,7571DC03C5421C97,electric_bike,2021-09-06 15:44:43,2021-09-06 16:05:11,Forsyth St\t& Grand St,5382,Bayard St & Leonard St,5442,40.71779817737835,-73.99316132068634,40.71915571696044,-73.94885390996933,casual
1624198,1522D72644E7B533,classic_bike,2021-09-24 20:08:53,2021-09-24 20:26:42,Beaver St & Fayette St,4840,Bayard St & Leonard St,5442,40.70099,-73.93921,40.71915571696044,-73.94885390996933,casual
1624240,1B696CBCD582A025,electric_bike,2021-09-09 17:44:20,2021-09-09 17:57:19,Kent Ave & S 11 St,5062,Bayard St & Leonard St,5442,40.707644944175705,-73.96841526031494,40.71915571696044,-73.94885390996933,member
1624253,6080EDCF72161CD9,classic_bike,2021-09-22 17:42:32,2021-09-22 18:02:20,Devoe St & Lorimer St,5259,Bayard St & Leonard St,5442,40.71335226222875,-73.9491033554077,40.71915571696044,-73.94885390996933,member
1624257,7E5DE42A0BDCAB86,classic_bike,2021-09-29 18:24:23,2021-09-29 18:27:47,Driggs Ave & N 9 St,5411,Bayard St & Leonard St,5442,40.71816969454208,-73.95520135760307,40.71915571696044,-73.94885390996933,member
1624270,0A0D9AA06FBC9AF9,classic_bike,2021-09-27 09:38:31,2021-09-27 09:43:20,Devoe St & Lorimer St,5259,Bayard St & Leonard St,5442,40.71335226222875,-73.9491033554077,40.71915571696044,-73.94885390996933,member
1624276,A4A5BE47957BB39E,classic_bike,2021-09-04 12:31:51,2021-09-04 12:36:01,Devoe St & Lorimer St,5259,Bayard St & Leonard St,5442,40.71335226222875,-73.9491033554077,40.71915571696044,-73.94885390996933,casual
1624278,CF3DF2840CEEBAE9,classic_bike,2021-09-04 00:09:45,2021-09-04 00:14:00,Devoe St & Lorimer St,5259,Bayard St & Leonard St,5442,40.71335226222875,-73.9491033554077,40.71915571696044,-73.94885390996933,casual
1624282,5F40B6763C20FE33,classic_bike,2021-09-22 18:47:13,2021-09-22 18:50:14,Driggs Ave & N 9 St,5411,Bayard St & Leonard St,5442,40.71816969454208,-73.95520135760307,40.71915571696044,-73.94885390996933,member
1624283,3EDC4C948D39657C,classic_bike,2021-09-17 11:45:04,2021-09-17 11:47:51,Driggs Ave & N 9 St,5411,Bayard St & Leonard St,5442,40.71816969454208,-73.95520135760307,40.71915571696044,-73.94885390996933,member
1624284,A48DDD6BB9DFEF99,electric_bike,2021-09-08 21:47:05,2021-09-08 21:49:17,Driggs Ave & N 9 St,5411,Bayard St & Leonard St,5442,40.71816969454208,-73.95520135760307,40.71915571696044,-73.94885390996933,member
1624285,FF20C3F03E611EB9,electric_bike,2021-09-15 21:53:24,2021-09-15 21:55:44,Driggs Ave & N 9 St,5411,Bayard St & Leonard St,5442,40.71816969454208,-73.95520135760307,40.71915571696044,-73.94885390996933,member
1624291,8381F8D817F54211,classic_bike,2021-09-25 08:12:38,2021-09-25 08:17:40,Driggs Ave & N 9 St,5411,Bayard St & Leonard St,5442,40.71816969454208,-73.95520135760307,40.71915571696044,-73.94885390996933,member
1624293,73A992FD4A45F9CC,classic_bike,2021-09-02 15:54:47,2021-09-02 15:57:49,Driggs Ave & N 9 St,5411,Bayard St & Leonard St,5442,40.71816969454208,-73.95520135760307,40.71915571696044,-73.94885390996933,member
1624294,C2B7F3B64FA9E221,classic_bike,2021-09-30 21:47:20,2021-09-30 21:50:43,Driggs Ave & N 9 St,5411,Bayard St & Leonard St,5442,40.71816969454208,-73.95520135760307,40.71915571696044,-73.94885390996933,member
1624295,0135CF3B0B492637,classic_bike,2021-09-01 16:20:08,2021-09-01 16:23:11,Driggs Ave & N 9 St,5411,Bayard St & Leonard St,5442,40.71816969454208,-73.95520135760307,40.71915571696044,-73.94885390996933,member
1624303,955C2F97650EE213,classic_bike,2021-09-03 14:28:13,2021-09-03 14:31:00,Driggs Ave & N 9 St,5411,Bayard St & Leonard St,5442,40.71816969454208,-73.95520135760307,40.71915571696044,-73.94885390996933,member
1624304,6F95A94E2D69D2F1,classic_bike,2021-09-03 18:37:53,2021-09-03 18:41:00,Driggs Ave & N 9 St,5411,Bayard St & Leonard St,5442,40.71816969454208,-73.95520135760307,40.71915571696044,-73.94885390996933,member
1624305,3500CB6ACE53EDF2,classic_bike,2021-09-03 16:41:12,2021-09-03 16:44:03,Driggs Ave & N 9 St,5411,Bayard St & Leonard St,5442,40.71816969454208,-73.95520135760307,40.71915571696044,-73.94885390996933,member
1624333,8543E5EE5B19EF4E,classic_bike,2021-09-10 19:19:26,2021-09-10 19:31:58,Knickerbocker Ave & George St,4979,Bayard St & Leonard St,5442,40.704425,-73.92836,40.71915571696044,-73.94885390996933,casual
1624337,7FFFD39B582E9FC3,classic_bike,2021-09-11 15:20:48,2021-09-11 15:28:12,Richardson St & N Henry St,5433,Bayard St & Leonard St,5442,40.71907891179564,-73.94223690032959,40.71915571696044,-73.94885390996933,member
1624365,7AFC1D6F18B1F958,classic_bike,2021-09-06 19:03:25,2021-09-06 19:10:12,Huron St & Franklin St,5869,Bayard St & Leonard St,5442,40.73266,-73.95826,40.71915571696044,-73.94885390996933,member
1624371,5EF7627A4F41E5C5,classic_bike,2021-09-18 12:27:03,2021-09-18 12:43:47,Kent Ave & S 11 St,5062,Bayard St & Leonard St,5442,40.707644944175705,-73.96841526031494,40.71915571696044,-73.94885390996933,casual
1624374,AE1C1F1040651769,classic_bike,2021-09-17 18:30:53,2021-09-17 18:40:06,Huron St & Franklin St,5869,Bayard St & Leonard St,5442,40.73266,-73.95826,40.71915571696044,-73.94885390996933,casual
1624390,801AC047A8A4A915,classic_bike,2021-09-07 13:57:47,2021-09-07 14:01:17,Richardson St & N Henry St,5433,Bayard St & Leonard St,5442,40.71907891179564,-73.94223690032959,40.71915571696044,-73.94885390996933,member
1624445,B2848074A182DC16,classic_bike,2021-09-18 17:57:40,2021-09-18 18:04:47,Banker St & Meserole Ave,5633,Bayard St & Leonard St,5442,40.72606,-73.95621,40.71915571696044,-73.94885390996933,member
1624453,D17B05FE2F46A9E1,electric_bike,2021-09-13 17:55:17,2021-09-13 18:10:20,Allen St & Stanton St,5484,Bayard St & Leonard St,5442,40.722055,-73.989111,40.71915571696044,-73.94885390996933,member
1624475,2294996C278A00EF,classic_bike,2021-09-29 17:25:51,2021-09-29 17:37:12,Kent Ave & S 11 St,5062,Bayard St & Leonard St,5442,40.707644944175705,-73.96841526031494,40.71915571696044,-73.94885390996933,member
1624476,4666821E2B14404C,classic_bike,2021-09-17 18:28:42,2021-09-17 18:39:58,Huron St & Franklin St,5869,Bayard St & Leonard St,5442,40.73266,-73.95826,40.71915571696044,-73.94885390996933,member
1624541,8655B1EFF125177C,classic_bike,2021-09-25 17:15:38,2021-09-25 17:19:04,Union Ave & Jackson St,5300,Bayard St & Leonard St,5442,40.7160751,-73.952029,40.71915571696044,-73.94885390996933,member
1624544,F3CCA5D00EF1F83F,classic_bike,2021-09-09 17:39:19,2021-09-09 17:49:17,S 4 St & Wythe Ave,5204,Bayard St & Leonard St,5442,40.71285887,-73.96590294,40.71915571696044,-73.94885390996933,member
1624572,B99C176D9826CCBE,classic_bike,2021-09-25 15:58:02,2021-09-25 15:58:17,Bayard St & Leonard St,5442,Bayard St & Leonard St,5442,40.71915571696044,-73.94885390996933,40.71915571696044,-73.94885390996933,member
1624586,3DF2D03C8C27DEAD,classic_bike,2021-09-03 20:02:19,2021-09-03 20:08:17,Bayard St & Leonard St,5442,Bayard St & Leonard St,5442,40.71915571696044,-73.94885390996933,40.71915571696044,-73.94885390996933,member
1624592,8CFAA7876A994CD4,classic_bike,2021-09-11 12:26:53,2021-09-11 12:26:56,Bayard St & Leonard St,5442,Bayard St & Leonard St,5442,40.71915571696044,-73.94885390996933,40.71915571696044,-73.94885390996933,member
1624620,D1A9931F5E8BC1F1,classic_bike,2021-09-17 10:07:31,2021-09-17 10:19:29,Bayard St & Leonard St,5442,Broadway & Berry St,5164,40.71915571696044,-73.94885390996933,40.71044554,-73.96525063,member
1624621,F3AA9703BBA42E31,electric_bike,2021-09-14 20:39:15,2021-09-14 21:03:20,Allen St & Stanton St,5484,Bayard St & Leonard St,5442,40.722055,-73.989111,40.71915571696044,-73.94885390996933,casual
1624660,4B9FF3347BEFAA3A,classic_bike,2021-09-14 13:46:55,2021-09-14 14:12:55,Bayard St & Leonard St,5442,Bayard St & Leonard St,5442,40.71915571696044,-73.94885390996933,40.71915571696044,-73.94885390996933,casual
1624664,4DE5B4B3693ECD4C,classic_bike,2021-09-18 10:48:50,2021-09-18 10:59:51,Bayard St & Leonard St,5442,Bayard St & Leonard St,5442,40.71915571696044,-73.94885390996933,40.71915571696044,-73.94885390996933,member
1624673,F5AC47FABB0DFA19,electric_bike,2021-09-24 08:38:09,2021-09-24 08:38:14,Bayard St & Leonard St,5442,Bayard St & Leonard St,5442,40.71915571696044,-73.94885390996933,40.71915571696044,-73.94885390996933,member
1624690,6026F1AFC950FEC3,classic_bike,2021-09-24 16:04:15,2021-09-24 16:06:10,Bayard St & Leonard St,5442,Bayard St & Leonard St,5442,40.71915571696044,-73.94885390996933,40.71915571696044,-73.94885390996933,member
1624729,3EBC1A21F5E1C734,electric_bike,2021-09-14 11:26:51,2021-09-14 11:30:59,Roebling St & N 4 St,5267,Bayard St & Leonard St,5442,40.71469,-73.95739,40.71915571696044,-73.94885390996933,member
1624762,C6132B1A9F71D0B5,classic_bike,2021-09-27 21:24:14,2021-09-27 21:31:35,Bayard St & Leonard St,5442,Franklin St & Dupont St,5944,40.71915571696044,-73.94885390996933,40.73564,-73.95866,member
1624802,2C0CB406A67B5C23,classic_bike,2021-09-22 18:22:01,2021-09-22 18:56:18,Barrow St & Hudson St,5805,Bayard St & Leonard St,5442,40.73172428,-74.00674436,40.71915571696044,-73.94885390996933,member
1624841,D2CD82D62FB43554,electric_bike,2021-09-18 11:05:00,2021-09-18 11:19:37,46 Ave & 5 St,6286,Bayard St & Leonard St,5442,40.74731,-73.95451,40.71915571696044,-73.94885390996933,member
1624851,DC83A93871C1EDB5,classic_bike,2021-09-20 12:22:48,2021-09-20 12:27:49,Roebling St & N 4 St,5267,Bayard St & Leonard St,5442,40.71469,-73.95739,40.71915571696044,-73.94885390996933,casual
1624855,86A3DCF87EC1DDC0,classic_bike,2021-09-12 14:41:19,2021-09-12 15:07:29,Underhill Ave & Pacific St,4231,Bayard St & Leonard St,5442,40.6804836,-73.9646795,40.71915571696044,-73.94885390996933,member
1624882,365201B2770FAD8A,electric_bike,2021-09-07 21:54:27,2021-09-07 22:22:32,Underhill Ave & Pacific St,4231,Bayard St & Leonard St,5442,40.6804836,-73.9646795,40.71915571696044,-73.94885390996933,member
1624909,6896746CCB40FE65,classic_bike,2021-09-27 20:53:49,2021-09-27 20:57:57,Roebling St & N 4 St,5267,Bayard St & Leonard St,5442,40.71469,-73.95739,40.71915571696044,-73.94885390996933,member
1624921,16CE530FE1F47A36,classic_bike,2021-09-08 14:25:29,2021-09-08 14:34:18,Roebling St & N 4 St,5267,Bayard St & Leonard St,5442,40.71469,-73.95739,40.71915571696044,-73.94885390996933,member
1624922,3873C919CEAF2E85,classic_bike,2021-09-18 13:49:55,2021-09-18 13:58:19,Roebling St & N 4 St,5267,Bayard St & Leonard St,5442,40.71469,-73.95739,40.71915571696044,-73.94885390996933,member
1624925,D2D3E1C4B836250F,classic_bike,2021-09-30 16:43:29,2021-09-30 17:06:00,Macon St & Nostrand Ave,4214,Bayard St & Leonard St,5442,40.6809833854,-73.9500479759,40.71915571696044,-73.94885390996933,member
1624976,FE8248A2EF1ECF81,classic_bike,2021-09-27 21:42:57,2021-09-27 21:51:08,Bushwick Ave & Powers St,5250,Bayard St & Leonard St,5442,40.71247661,-73.94100005,40.71915571696044,-73.94885390996933,member
1624977,C07CFD133BD264E9,classic_bike,2021-09-22 18:59:43,2021-09-22 19:07:42,Bushwick Ave & Powers St,5250,Bayard St & Leonard St,5442,40.71247661,-73.94100005,40.71915571696044,-73.94885390996933,member
1624990,1DBCC7AA8C2A91AD,classic_bike,2021-09-29 18:39:26,2021-09-29 18:48:28,Bushwick Ave & Powers St,5250,Bayard St & Leonard St,5442,40.71247661,-73.94100005,40.71915571696044,-73.94885390996933,member
1625013,0C33FD8D3974A0BB,classic_bike,2021-09-08 19:43:54,2021-09-08 19:51:53,Bushwick Ave & Powers St,5250,Bayard St & Leonard St,5442,40.71247661,-73.94100005,40.71915571696044,-73.94885390996933,casual
1625068,4E009D973561BDAF,classic_bike,2021-09-18 14:50:07,2021-09-18 14:58:05,Hope St & Union Ave,5187,Bayard St & Leonard St,5442,40.71167351,-73.95141312,40.71915571696044,-73.94885390996933,member
1625077,E760B10DE79501F7,classic_bike,2021-09-04 12:53:13,2021-09-04 13:00:38,Hope St & Union Ave,5187,Bayard St & Leonard St,5442,40.71167351,-73.95141312,40.71915571696044,-73.94885390996933,member
1625079,EF45779B07BC49C5,classic_bike,2021-09-15 17:05:36,2021-09-15 17:09:15,Hope St & Union Ave,5187,Bayard St & Leonard St,5442,40.71167351,-73.95141312,40.71915571696044,-73.94885390996933,member
1625114,95ADD8A03F3CD2D8,classic_bike,2021-09-24 17:26:15,2021-09-24 17:59:43,Lawrence St & Willoughby St,4596,Bayard St & Leonard St,5442,40.69236178,-73.98631746,40.71915571696044,-73.94885390996933,member
1625123,978CE2452BFBF0D0,classic_bike,2021-09-15 17:56:23,2021-09-15 18:05:13,Bushwick Ave & Powers St,5250,Bayard St & Leonard St,5442,40.71247661,-73.94100005,40.71915571696044,-73.94885390996933,casual
1625268,2D85E209F94BD9CD,classic_bike,2021-09-03 20:08:33,2021-09-03 20:22:56,Milton St & Franklin St,5752,Bayard St & Leonard St,5442,40.72906,-73.95779,40.71915571696044,-73.94885390996933,casual
1625274,CF4D1F6F4A8FB37A,classic_bike,2021-09-05 17:20:27,2021-09-05 17:28:23,Milton St & Franklin St,5752,Bayard St & Leonard St,5442,40.72906,-73.95779,40.71915571696044,-73.94885390996933,casual
1625275,18CA5BB36E35FFE7,classic_bike,2021-09-12 01:20:51,2021-09-12 01:34:40,Milton St & Franklin St,5752,Bayard St & Leonard St,5442,40.72906,-73.95779,40.71915571696044,-73.94885390996933,casual
1625276,E0B902FF072D0D9A,classic_bike,2021-09-05 00:28:30,2021-09-05 00:37:25,Milton St & Franklin St,5752,Bayard St & Leonard St,5442,40.72906,-73.95779,40.71915571696044,-73.94885390996933,casual
1625279,015F343F15C0BD00,classic_bike,2021-09-12 01:22:24,2021-09-12 01:40:45,Milton St & Franklin St,5752,Bayard St & Leonard St,5442,40.72906,-73.95779,40.71915571696044,-73.94885390996933,casual
1625280,F53881FAEA0D3A3D,classic_bike,2021-09-12 01:22:22,2021-09-12 01:34:40,Milton St & Franklin St,5752,Bayard St & Leonard St,5442,40.72906,-73.95779,40.71915571696044,-73.94885390996933,casual
1625293,595C5E9BBACC5881,classic_bike,2021-09-20 17:22:40,2021-09-20 17:51:14,Kingston Ave & Herkimer St,4205,Bayard St & Leonard St,5442,40.67890679,-73.94142771,40.71915571696044,-73.94885390996933,casual
1625316,0E2C045BB30DE0D8,classic_bike,2021-09-26 18:12:03,2021-09-26 18:25:02,Milton St & Franklin St,5752,Bayard St & Leonard St,5442,40.72906,-73.95779,40.71915571696044,-73.94885390996933,casual
1625326,D121628459B3C7B0,classic_bike,2021-09-06 16:53:12,2021-09-06 17:07:35,Milton St & Franklin St,5752,Bayard St & Leonard St,5442,40.72906,-73.95779,40.71915571696044,-73.94885390996933,member
1625331,6A97343960AF79E5,classic_bike,2021-09-04 17:53:01,2021-09-04 17:59:51,Milton St & Franklin St,5752,Bayard St & Leonard St,5442,40.72906,-73.95779,40.71915571696044,-73.94885390996933,member
1625344,5BDB1CA0A5580A89,classic_bike,2021-09-22 04:48:16,2021-09-22 04:54:57,Bushwick Ave & Powers St,5250,Bayard St & Leonard St,5442,40.71247661,-73.94100005,40.71915571696044,-73.94885390996933,member
1625346,2306BA7B58B3A622,classic_bike,2021-09-09 17:28:50,2021-09-09 17:47:08,Devoe St & Morgan Ave,5282,Bayard St & Leonard St,5442,40.713811,-73.93515,40.71915571696044,-73.94885390996933,casual
1625357,8C81D6935938D0BA,classic_bike,2021-09-07 18:46:32,2021-09-07 18:52:20,Milton St & Franklin St,5752,Bayard St & Leonard St,5442,40.72906,-73.95779,40.71915571696044,-73.94885390996933,member
1625394,6DB8BECE00646822,electric_bike,2021-09-17 18:40:22,2021-09-17 20:18:17,Clinton St & Grand St,5303,Bayard St & Leonard St,5442,40.71559509,-73.9870295,40.71915571696044,-73.94885390996933,member
1625400,941F85E77C777069,electric_bike,2021-09-14 16:09:39,2021-09-14 16:29:39,Clinton St & Grand St,5303,Bayard St & Leonard St,5442,40.71559509,-73.9870295,40.71915571696044,-73.94885390996933,casual
1625443,BCEC3CC7EC8CBE69,classic_bike,2021-09-21 18:55:55,2021-09-21 19:07:15,McKibbin St & Manhattan Ave,4996,Bayard St & Leonard St,5442,40.70510918,-73.94407279,40.71915571696044,-73.94885390996933,casual
1625487,0357730EE66A54C2,classic_bike,2021-09-20 05:52:09,2021-09-20 06:50:59,Adam Clayton Powell Blvd & W 141 St,7893,Bayard St & Leonard St,5442,40.819241,-73.941057,40.71915571696044,-73.94885390996933,member
1625514,43ECF8E47A6751AB,electric_bike,2021-09-08 17:02:56,2021-09-08 17:18:57,Bedford Ave & Bergen St,4066,Bayard St & Leonard St,5442,40.676368,-73.952918,40.71915571696044,-73.94885390996933,member
1625545,B2BB559488ECE078,classic_bike,2021-09-20 19:39:02,2021-09-20 20:19:39,3 St & Prospect Park West,3865,Bayard St & Leonard St,5442,40.668132,-73.97363831,40.71915571696044,-73.94885390996933,member
1625564,CBD4FA90B9EE85D1,electric_bike,2021-09-15 22:56:08,2021-09-15 23:16:19,E 2 St & Avenue C,5476,Bayard St & Leonard St,5442,40.7208736,-73.98085795,40.71915571696044,-73.94885390996933,member
1625593,0EF9BC7BED4918F2,classic_bike,2021-09-29 19:23:39,2021-09-29 19:31:57,Stagg St & Union Ave,5117,Bayard St & Leonard St,5442,40.70877084,-73.95095259,40.71915571696044,-73.94885390996933,member
1625692,1F87C44A5992E97D,electric_bike,2021-09-23 16:52:42,2021-09-23 17:18:56,Sterling Pl & Bedford Ave,3993,Bayard St & Leonard St,5442,40.672695,-73.954131,40.71915571696044,-73.94885390996933,member
1625698,236B1F0B6A3536B7,electric_bike,2021-09-22 15:59:45,2021-09-22 16:18:56,Sterling Pl & Bedford Ave,3993,Bayard St & Leonard St,5442,40.672695,-73.954131,40.71915571696044,-73.94885390996933,member
1625703,2696554C3B05FD09,classic_bike,2021-09-03 16:31:48,2021-09-03 16:53:21,Sterling Pl & Bedford Ave,3993,Bayard St & Leonard St,5442,40.672695,-73.954131,40.71915571696044,-73.94885390996933,member
1625736,E281C314180F1C55,electric_bike,2021-09-27 05:17:09,2021-09-27 05:32:57,Sterling Pl & Bedford Ave,3993,Bayard St & Leonard St,5442,40.672695,-73.954131,40.71915571696044,-73.94885390996933,member
1625814,6375A3B88692EB62,classic_bike,2021-09-25 18:51:03,2021-09-25 19:28:30,Hicks St & Montague St,4645,Bayard St & Leonard St,5442,40.69512845,-73.99595065,40.71915571696044,-73.94885390996933,member
1625866,A8ADF30167E2B679,electric_bike,2021-09-18 22:00:13,2021-09-18 22:12:20,Green St & McGuinness Blvd,5860,Bayard St & Leonard St,5442,40.73396,-73.95204,40.71915571696044,-73.94885390996933,member
1625883,D5FD74C7942C6C2A,classic_bike,2021-09-11 14:41:32,2021-09-11 14:47:20,N 12 St & Bedford Ave,5450,Bayard St & Leonard St,5442,40.72079821,-73.95484712,40.71915571696044,-73.94885390996933,member
1625916,DEE918F27CE3848E,classic_bike,2021-09-23 08:28:18,2021-09-23 09:00:25,N 15 St & Wythe Ave,5520,Bayard St & Leonard St,5442,40.724055,-73.955736,40.71915571696044,-73.94885390996933,member
1625938,9132C2E456B809E7,classic_bike,2021-09-04 22:43:12,2021-09-05 00:47:17,Bedford Ave & Bergen St,4066,Bayard St & Leonard St,5442,40.676368,-73.952918,40.71915571696044,-73.94885390996933,casual
1625939,4775EA75CF05A404,classic_bike,2021-09-21 18:26:09,2021-09-21 18:29:07,N 12 St & Bedford Ave,5450,Bayard St & Leonard St,5442,40.72079821,-73.95484712,40.71915571696044,-73.94885390996933,member
1625959,6BA9295B525DC0C5,classic_bike,2021-09-16 22:23:04,2021-09-16 22:26:49,N 12 St & Bedford Ave,5450,Bayard St & Leonard St,5442,40.72079821,-73.95484712,40.71915571696044,-73.94885390996933,member
1625964,4606F32E0C8AF9A8,classic_bike,2021-09-05 18:57:00,2021-09-05 18:59:22,Union Ave & N 12 St,5411,Bayard St & Leonard St,5442,40.71924,-73.95242,40.71915571696044,-73.94885390996933,member
1625972,9410548FE410ABBA,classic_bike,2021-09-29 12:58:20,2021-09-29 13:04:16,Union Ave & N 12 St,5411,Bayard St & Leonard St,5442,40.71924,-73.95242,40.71915571696044,-73.94885390996933,member
1626026,8F637DA9CA2999EE,classic_bike,2021-09-12 10:47:50,2021-09-12 10:54:36,Devoe St & Lorimer St,5259,Bayard St & Leonard St,5442,40.71335226222875,-73.9491033554077,40.71915571696044,-73.94885390996933,member
1626028,867B8131AF72F218,classic_bike,2021-09-16 23:11:50,2021-09-16 23:15:10,Driggs Ave & N 9 St,5411,Bayard St & Leonard St,5442,40.71816969454208,-73.95520135760307,40.71915571696044,-73.94885390996933,member
1626074,0C73FEBE7E51FE15,electric_bike,2021-09-20 19:06:47,2021-09-20 19:22:49,Columbia St & Rivington St,5365,Bayard St & Leonard St,5442,40.71739973,-73.98016555,40.71915571696044,-73.94885390996933,member
1626086,FE40377EB57BC1F7,classic_bike,2021-09-16 10:59:42,2021-09-16 11:15:16,Irving Ave & DeKalb Ave,4898,Bayard St & Leonard St,5442,40.7027,-73.92095,40.71915571696044,-73.94885390996933,casual
1626089,46EDA419E1BBCA03,electric_bike,2021-09-12 18:04:08,2021-09-12 18:26:38,Broadway & Kosciuszko St,4608,Bayard St & Leonard St,5442,40.69329,-73.92852,40.71915571696044,-73.94885390996933,casual
1626103,5BA9CAB3B62CDDF7,classic_bike,2021-09-17 17:05:24,2021-09-17 17:10:50,Greenpoint Ave & Manhattan Ave,5785,Bayard St & Leonard St,5442,40.73026,-73.95394,40.71915571696044,-73.94885390996933,member
1626129,6EE271015ED7153B,electric_bike,2021-09-21 17:06:10,2021-09-21 17:22:02,Bedford Ave & Bergen St,4066,Bayard St & Leonard St,5442,40.676368,-73.952918,40.71915571696044,-73.94885390996933,member
1626130,7344177C2EFDF6A0,electric_bike,2021-09-21 06:35:00,2021-09-21 06:51:01,Bedford Ave & Bergen St,4066,Bayard St & Leonard St,5442,40.676368,-73.952918,40.71915571696044,-73.94885390996933,member
1626138,27EE75B73ED63E5C,classic_bike,2021-09-10 10:27:39,2021-09-10 10:35:36,Scholes St & Manhattan Ave,5108,Bayard St & Leonard St,5442,40.70870368,-73.9448625,40.71915571696044,-73.94885390996933,member
1626147,F577078709D4EBB4,electric_bike,2021-09-18 10:24:48,2021-09-18 10:54:51,W 20 St & 10 Ave,6306,Bayard St & Leonard St,5442,40.745686,-74.005141,40.71915571696044,-73.94885390996933,member
1626161,BC38824115338097,electric_bike,2021-09-05 14:02:07,2021-09-05 14:13:12,Flushing Ave & Woodward Ave,5225,Bayard St & Leonard St,5442,40.71246,-73.91873,40.71915571696044,-73.94885390996933,member
1626169,C5A5849F197A9FD0,classic_bike,2021-09-25 21:13:58,2021-09-25 21:23:08,Sharon St & Olive St,5323,Bayard St & Leonard St,5442,40.715353,-73.93856,40.71915571696044,-73.94885390996933,member
1626172,A2E2F2766F45636C,classic_bike,2021-09-29 19:36:09,2021-09-29 19:52:37,Queens Plaza North & Crescent St,6429,Bayard St & Leonard St,5442,40.75110165,-73.94073717,40.71915571696044,-73.94885390996933,member
1626177,9D086B0934D22EE2,electric_bike,2021-09-27 19:24:16,2021-09-27 19:38:45,9 St & 44 Rd,6361,Bayard St & Leonard St,5442,40.74966,-73.9521,40.71915571696044,-73.94885390996933,member
1626195,67E87F57406655AC,classic_bike,2021-09-05 13:27:36,2021-09-05 13:35:26,Sharon St & Olive St,5323,Bayard St & Leonard St,5442,40.715353,-73.93856,40.71915571696044,-73.94885390996933,member
1626200,E42652B11D35DEB8,classic_bike,2021-09-20 05:53:37,2021-09-20 06:01:58,Bushwick Ave & Forrest St,4914,Bayard St & Leonard St,5442,40.70076,-73.93641,40.71915571696044,-73.94885390996933,member
1626241,6426CF487BE14A8A,classic_bike,2021-09-22 21:17:39,2021-09-22 21:23:14,Sharon St & Olive St,5323,Bayard St & Leonard St,5442,40.715353,-73.93856,40.71915571696044,-73.94885390996933,member
1626249,340793A47D5178F4,classic_bike,2021-09-04 10:29:44,2021-09-04 10:35:50,Sharon St & Olive St,5323,Bayard St & Leonard St,5442,40.715353,-73.93856,40.71915571696044,-73.94885390996933,member
1626277,38CD0F96714CD841,electric_bike,2021-09-01 12:29:31,2021-09-01 13:02:33,Vesey St & Church St,5216,Bayard St & Leonard St,5442,40.71221958009051,-74.01047229766846,40.71915571696044,-73.94885390996933,casual
1626278,2CEDD8AC093E404D,electric_bike,2021-09-21 20:15:24,2021-09-21 20:46:26,W 70 St & Amsterdam Ave,7207,Bayard St & Leonard St,5442,40.77748046,-73.98288594,40.71915571696044,-73.94885390996933,casual
1626282,45C544E2339BA3B9,classic_bike,2021-09-02 17:26:46,2021-09-02 17:57:49,3 Ave & Schermerhorn St,4437,Bayard St & Leonard St,5442,40.68683208,-73.9796772,40.71915571696044,-73.94885390996933,casual
1626287,5096BA1EB02FACB9,classic_bike,2021-09-18 11:11:20,2021-09-18 11:35:51,3 Ave & Schermerhorn St,4437,Bayard St & Leonard St,5442,40.68683208,-73.9796772,40.71915571696044,-73.94885390996933,member
1626305,233E59705734FB3E,electric_bike,2021-09-11 14:51:54,2021-09-11 15:45:06,Pier 40 - Hudson River Park,5696,Bayard St & Leonard St,5442,40.7277140777778,-74.01129573583603,40.71915571696044,-73.94885390996933,casual
1626324,282A36C3AF928F4A,classic_bike,2021-09-26 13:33:49,2021-09-26 13:35:26,Union Ave & N 12 St,5411,Bayard St & Leonard St,5442,40.71924,-73.95242,40.71915571696044,-73.94885390996933,member
1626413,E85F9A0CAFBA5C91,electric_bike,2021-09-06 16:17:59,2021-09-06 16:50:31,Pike St & E Broadway,5270,Bayard St & Leonard St,5442,40.71406667,-73.99293911,40.71915571696044,-73.94885390996933,casual
1626463,A48971C2673701BD,classic_bike,2021-09-03 12:46:48,2021-09-03 12:51:13,Meserole Ave & Manhattan Ave,5666,Bayard St & Leonard St,5442,40.72708584,-73.95299117,40.71915571696044,-73.94885390996933,member
1626539,DA11B8579776F356,classic_bike,2021-09-11 13:55:00,2021-09-11 13:59:44,Meserole Ave & Manhattan Ave,5666,Bayard St & Leonard St,5442,40.72708584,-73.95299117,40.71915571696044,-73.94885390996933,member
1626540,18B83A8D2E7C3CA9,classic_bike,2021-09-11 12:52:11,2021-09-11 12:57:07,Meserole Ave & Manhattan Ave,5666,Bayard St & Leonard St,5442,40.72708584,-73.95299117,40.71915571696044,-73.94885390996933,member
1626544,6064E060AED99026,classic_bike,2021-09-11 23:58:26,2021-09-12 00:04:56,Meserole Ave & Manhattan Ave,5666,Bayard St & Leonard St,5442,40.72708584,-73.95299117,40.71915571696044,-73.94885390996933,casual
1626557,AD618DEAA93C10BA,classic_bike,2021-09-18 08:04:12,2021-09-18 08:11:35,Meserole Ave & Manhattan Ave,5666,Bayard St & Leonard St,5442,40.72708584,-73.95299117,40.71915571696044,-73.94885390996933,member
1626596,44482EDB18B9FFA3,classic_bike,2021-09-08 20:03:59,2021-09-08 20:15:30,S 5 Pl & S 5 St,5125,Bayard St & Leonard St,5442,40.710451,-73.960876,40.71915571696044,-73.94885390996933,member
1626603,01FF85539202E3AD,electric_bike,2021-09-22 00:06:45,2021-09-22 00:25:56,Howard St & Lafayette St,5422,Bayard St & Leonard St,5442,40.71910537,-73.99973337,40.71915571696044,-73.94885390996933,casual
1626608,D5CC15B0869FA14B,classic_bike,2021-09-19 19:04:28,2021-09-19 19:21:09,S 5 Pl & S 5 St,5125,Bayard St & Leonard St,5442,40.710451,-73.960876,40.71915571696044,-73.94885390996933,casual
1626634,E810E4C1CF616318,classic_bike,2021-09-16 11:11:30,2021-09-16 11:14:15,Engert Ave & McGuinness Blvd,5473,Bayard St & Leonard St,5442,40.72158,-73.94546,40.71915571696044,-73.94885390996933,member
1626672,81FFB24C820158EC,classic_bike,2021-09-15 16:09:33,2021-09-15 16:23:52,Suffolk St & Stanton St,5445,Bayard St & Leonard St,5442,40.72066442,-73.98517977,40.71915571696044,-73.94885390996933,member
1626687,848BC5AA3B5236E6,classic_bike,2021-09-30 08:43:38,2021-09-30 09:02:11,E 2 St & Avenue C,5476,Bayard St & Leonard St,5442,40.7208736,-73.98085795,40.71915571696044,-73.94885390996933,member
1626719,0716A83A51E426FB,classic_bike,2021-09-22 18:12:24,2021-09-22 18:35:45,Queens Plaza North & Crescent St,6429,Bayard St & Leonard St,5442,40.75110165,-73.94073717,40.71915571696044,-73.94885390996933,member
1626727,D18BC8FCB6C05CEE,classic_bike,2021-09-26 12:58:18,2021-09-26 13:29:24,Clermont Ave & Lafayette Ave,4461,Bayard St & Leonard St,5442,40.68764484,-73.96968902,40.71915571696044,-73.94885390996933,casual
1626730,A031297AD31E24C2,classic_bike,2021-09-13 18:29:34,2021-09-13 18:33:31,N 6 St & Bedford Ave,5379,Bayard St & Leonard St,5442,40.71745169,-73.95850939,40.71915571696044,-73.94885390996933,member
1626746,E0BC9C3C7BAFF986,classic_bike,2021-09-14 16:57:58,2021-09-14 17:02:51,Lorimer St & Calyer St,5709,Bayard St & Leonard St,5442,40.72795,-73.95414,40.71915571696044,-73.94885390996933,member
1626772,2EEEB3E216D2B1BA,electric_bike,2021-09-25 11:43:44,2021-09-25 11:59:56,Lewis Ave & Madison St,4425,Bayard St & Leonard St,5442,40.686312,-73.935775,40.71915571696044,-73.94885390996933,member
1626778,8E6C55BD413802A1,classic_bike,2021-09-08 09:01:32,2021-09-08 09:07:05,N 6 St & Bedford Ave,5379,Bayard St & Leonard St,5442,40.71745169,-73.95850939,40.71915571696044,-73.94885390996933,member
1626781,5FED16565171D11C,electric_bike,2021-09-22 19:53:12,2021-09-22 19:57:33,N 6 St & Bedford Ave,5379,Bayard St & Leonard St,5442,40.71745169,-73.95850939,40.71915571696044,-73.94885390996933,casual
1626782,8B54CB85CE6E1B04,classic_bike,2021-09-16 20:20:10,2021-09-16 20:29:36,N 6 St & Bedford Ave,5379,Bayard St & Leonard St,5442,40.71745169,-73.95850939,40.71915571696044,-73.94885390996933,casual
1626790,9B52D8045376DF10,electric_bike,2021-09-04 15:25:59,2021-09-04 15:54:48,E 5 St & Cooper Sq,5712,Bayard St & Leonard St,5442,40.72769,-73.990993,40.71915571696044,-73.94885390996933,casual
1626793,6284D90C68D53138,classic_bike,2021-09-06 17:45:41,2021-09-06 17:52:29,N 6 St & Bedford Ave,5379,Bayard St & Leonard St,5442,40.71745169,-73.95850939,40.71915571696044,-73.94885390996933,member
1626809,C1D3ACBF5B82ED24,classic_bike,2021-09-06 18:44:03,2021-09-06 18:49:29,Lorimer St & Calyer St,5709,Bayard St & Leonard St,5442,40.72795,-73.95414,40.71915571696044,-73.94885390996933,member
1626816,78E70DD9BA636A49,classic_bike,2021-09-20 07:53:05,2021-09-20 07:59:45,Lorimer St & Calyer St,5709,Bayard St & Leonard St,5442,40.72795,-73.95414,40.71915571696044,-73.94885390996933,member
1626819,7F9A2E52E313DEA9,electric_bike,2021-09-04 09:34:08,2021-09-04 09:53:58,Great Jones St,5636,Bayard St & Leonard St,5442,40.72743423,-73.99379025,40.71915571696044,-73.94885390996933,member
1626835,A6CFE2DCD98DB4E8,classic_bike,2021-09-26 14:08:14,2021-09-26 14:21:42,Morgan Ave & Maspeth Ave,5354,Bayard St & Leonard St,5442,40.716657,-73.93637,40.71915571696044,-73.94885390996933,casual
1626844,8CD18233AF428735,classic_bike,2021-09-29 18:11:34,2021-09-29 18:18:41,Lorimer St & Calyer St,5709,Bayard St & Leonard St,5442,40.72795,-73.95414,40.71915571696044,-73.94885390996933,member
1626898,1C5CDE8BB98F8B10,classic_bike,2021-09-03 20:50:42,2021-09-03 21:06:25,Lexington Ave & Classon Ave,4452,Bayard St & Leonard St,5442,40.68676793,-73.95928168,40.71915571696044,-73.94885390996933,member
1626911,8048703902316296,classic_bike,2021-09-27 16:52:36,2021-09-27 17:33:23,Hoyt St & Warren St,4330,Bayard St & Leonard St,5442,40.6843549,-73.98901629,40.71915571696044,-73.94885390996933,casual
1626926,92A813E70EEE61C8,classic_bike,2021-09-11 11:13:09,2021-09-11 11:13:30,Bayard St & Leonard St,5442,Bayard St & Leonard St,5442,40.71915571696044,-73.94885390996933,40.71915571696044,-73.94885390996933,member
1626930,41F1F010A400D358,classic_bike,2021-09-15 23:18:12,2021-09-15 23:29:47,Franklin St & Dupont St,5944,Bayard St & Leonard St,5442,40.73564,-73.95866,40.71915571696044,-73.94885390996933,member
1626932,7D9FE2E01C6D4DC9,classic_bike,2021-09-24 17:36:18,2021-09-24 17:59:00,Franklin St & Dupont St,5944,Bayard St & Leonard St,5442,40.73564,-73.95866,40.71915571696044,-73.94885390996933,member
1626947,4CF843C30F9BE85D,classic_bike,2021-09-02 17:23:49,2021-09-02 17:33:25,Bayard St & Leonard St,5442,Broadway & Berry St,5164,40.71915571696044,-73.94885390996933,40.71044554,-73.96525063,member
1627013,245BEA9C8CDB5EDC,classic_bike,2021-09-21 13:09:37,2021-09-21 13:17:47,Bayard St & Leonard St,5442,Bayard St & Leonard St,5442,40.71915571696044,-73.94885390996933,40.71915571696044,-73.94885390996933,casual
1627049,1D81F840CEB6CDFB,classic_bike,2021-09-11 12:12:04,2021-09-11 12:13:36,Bayard St & Leonard St,5442,Bayard St & Leonard St,5442,40.71915571696044,-73.94885390996933,40.71915571696044,-73.94885390996933,member
1627050,245A0707AD5E0B9C,classic_bike,2021-09-09 19:28:35,2021-09-09 20:08:44,Broadway & Berry St,5164,Bayard St & Leonard St,5442,40.71044554,-73.96525063,40.71915571696044,-73.94885390996933,member
1627062,308F3C8603236EFE,classic_bike,2021-09-10 10:48:22,2021-09-10 10:56:34,Green St & McGuinness Blvd,5860,Bayard St & Leonard St,5442,40.73396,-73.95204,40.71915571696044,-73.94885390996933,member
1627097,1A45C7897FFB84AB,classic_bike,2021-09-20 17:22:24,2021-09-20 17:39:19,Bayard St & Leonard St,5442,Broadway & Berry St,5164,40.71915571696044,-73.94885390996933,40.71044554,-73.96525063,casual
1627102,CE572506EC2FC3EB,electric_bike,2021-09-12 11:45:24,2021-09-12 11:48:40,Bayard St & Leonard St,5442,Bayard St & Leonard St,5442,40.71915571696044,-73.94885390996933,40.71915571696044,-73.94885390996933,casual
1627110,9BE85BF07C551880,classic_bike,2021-09-13 18:54:17,2021-09-13 18:54:52,Bayard St & Leonard St,5442,Bayard St & Leonard St,5442,40.71915571696044,-73.94885390996933,40.71915571696044,-73.94885390996933,casual
1627125,5CFAF5BCE13E7091,classic_bike,2021-09-03 22:21:46,2021-09-03 22:22:02,Bayard St & Leonard St,5442,Bayard St & Leonard St,5442,40.71915571696044,-73.94885390996933,40.71915571696044,-73.94885390996933,casual
1627154,7F854CB29B2DE981,classic_bike,2021-09-22 07:25:42,2021-09-22 08:01:11,Bayard St & Leonard St,5442,E 45 St & 3 Ave,6464,40.71915571696044,-73.94885390996933,40.75255434,-73.97282625,member
1627171,873D515117A6F000,classic_bike,2021-09-15 17:35:17,2021-09-15 17:44:31,Franklin St & Dupont St,5944,Bayard St & Leonard St,5442,40.73564,-73.95866,40.71915571696044,-73.94885390996933,member
1627224,8246EC897EAC89D5,classic_bike,2021-09-11 11:16:33,2021-09-11 11:16:58,Bayard St & Leonard St,5442,Bayard St & Leonard St,5442,40.71915571696044,-73.94885390996933,40.71915571696044,-73.94885390996933,member
1627243,D2383F142AC4D41D,classic_bike,2021-09-27 13:40:20,2021-09-27 13:49:26,Bayard St & Leonard St,5442,Broadway & Berry St,5164,40.71915571696044,-73.94885390996933,40.71044554,-73.96525063,member
1627253,1A85B9EA87635E5B,classic_bike,2021-09-25 02:37:05,2021-09-25 03:03:46,LaGuardia Pl & W 3 St,5721,Bayard St & Leonard St,5442,40.72917025,-73.99810231,40.71915571696044,-73.94885390996933,member
1627278,96509F70F650EABA,classic_bike,2021-09-18 07:36:56,2021-09-18 07:52:05,Broadway & Berry St,5164,Bayard St & Leonard St,5442,40.71044554,-73.96525063,40.71915571696044,-73.94885390996933,member
1627284,97B0225307DF7F71,classic_bike,2021-09-25 20:44:09,2021-09-25 20:59:10,Franklin St & Dupont St,5944,Bayard St & Leonard St,5442,40.73564,-73.95866,40.71915571696044,-73.94885390996933,casual
1627307,C798128431F7F324,electric_bike,2021-09-07 18:08:10,2021-09-07 18:27:56,Bayard St & Leonard St,5442,Allen St & Rivington St,5414,40.71915571696044,-73.94885390996933,40.72019576,-73.98997825,casual
1627348,398010A9ECE70520,classic_bike,2021-09-26 15:24:37,2021-09-26 15:52:07,Columbia Heights & Cranberry St,4829,Bayard St & Leonard St,5442,40.70037867,-73.99548059,40.71915571696044,-73.94885390996933,casual
1627350,9570484E16651BD7,classic_bike,2021-09-25 16:57:28,2021-09-25 16:57:45,Bayard St & Leonard St,5442,Bayard St & Leonard St,5442,40.71915571696044,-73.94885390996933,40.71915571696044,-73.94885390996933,casual
1627362,68EA164217700E6F,classic_bike,2021-09-02 19:33:12,2021-09-02 19:45:00,Bayard St & Leonard St,5442,Franklin St & Dupont St,5944,40.71915571696044,-73.94885390996933,40.73564,-73.95866,casual
1627363,83C07E8B6DEF18D4,classic_bike,2021-09-30 11:55:50,2021-09-30 12:05:07,Bayard St & Leonard St,5442,Bayard St & Leonard St,5442,40.71915571696044,-73.94885390996933,40.71915571696044,-73.94885390996933,casual
1627366,5F7E037BAF586FBE,classic_bike,2021-09-26 15:45:37,2021-09-26 15:54:49,Bayard St & Leonard St,5442,Bayard St & Leonard St,5442,40.71915571696044,-73.94885390996933,40.71915571696044,-73.94885390996933,casual
1627382,335E9A354C72100B,classic_bike,2021-09-04 13:28:12,2021-09-04 13:48:25,Bayard St & Leonard St,5442,Bayard St & Leonard St,5442,40.71915571696044,-73.94885390996933,40.71915571696044,-73.94885390996933,member
1627386,2268A81A658DD7DB,classic_bike,2021-09-26 16:25:38,2021-09-26 16:57:40,Bayard St & Leonard St,5442,Bayard St & Leonard St,5442,40.71915571696044,-73.94885390996933,40.71915571696044,-73.94885390996933,member
1627420,F250F3A364F9D293,classic_bike,2021-09-07 14:17:56,2021-09-07 14:26:10,Bayard St & Leonard St,5442,Broadway & Berry St,5164,40.71915571696044,-73.94885390996933,40.71044554,-73.96525063,member
1627429,66B7275813FA565A,classic_bike,2021-09-09 19:28:30,2021-09-09 20:08:28,Broadway & Berry St,5164,Bayard St & Leonard St,5442,40.71044554,-73.96525063,40.71915571696044,-73.94885390996933,member
1627462,B017F8A6898E3E9C,electric_bike,2021-09-17 13:55:43,2021-09-17 14:01:56,Bayard St & Leonard St,5442,Broadway & Berry St,5164,40.71915571696044,-73.94885390996933,40.71044554,-73.96525063,member
1627495,E92F03118F425785,classic_bike,2021-09-11 13:49:56,2021-09-11 14:01:24,Broadway & Berry St,5164,Bayard St & Leonard St,5442,40.71044554,-73.96525063,40.71915571696044,-73.94885390996933,casual
1627496,A812856BAE20D47B,classic_bike,2021-09-03 12:21:18,2021-09-03 12:32:16,Franklin St & Dupont St,5944,Bayard St & Leonard St,5442,40.73564,-73.95866,40.71915571696044,-73.94885390996933,casual
1627497,BDFA09E7ED55BE7C,classic_bike,2021-09-17 20:40:30,2021-09-17 20:59:25,Franklin St & Dupont St,5944,Bayard St & Leonard St,5442,40.73564,-73.95866,40.71915571696044,-73.94885390996933,member
1627508,FD438C86CC382A7B,classic_bike,2021-09-17 14:01:02,2021-09-17 14:20:01,Bayard St & Leonard St,5442,Bayard St & Leonard St,5442,40.71915571696044,-73.94885390996933,40.71915571696044,-73.94885390996933,casual
1627561,BB1B3B0F987391B9,classic_bike,2021-09-11 18:15:40,2021-09-11 18:22:27,Hope St & Union Ave,5187,Bayard St & Leonard St,5442,40.71167351,-73.95141312,40.71915571696044,-73.94885390996933,member
1627587,7B46D757374E0E65,classic_bike,2021-09-07 15:13:59,2021-09-07 15:27:09,Bayard St & Leonard St,5442,Bayard St & Leonard St,5442,40.71915571696044,-73.94885390996933,40.71915571696044,-73.94885390996933,casual
1627588,E14478831EAD19E2,classic_bike,2021-09-07 11:52:41,2021-09-07 12:24:48,Bayard St & Leonard St,5442,Bayard St & Leonard St,5442,40.71915571696044,-73.94885390996933,40.71915571696044,-73.94885390996933,casual
1627593,AC0D32F48B12A069,classic_bike,2021-09-30 18:30:32,2021-09-30 18:38:44,Franklin St & Dupont St,5944,Bayard St & Leonard St,5442,40.73564,-73.95866,40.71915571696044,-73.94885390996933,member
1627598,7D4F95D6638440F2,classic_bike,2021-09-17 16:15:08,2021-09-17 16:26:11,Boerum St & Broadway,5004,Bayard St & Leonard St,5442,40.70538077,-73.94976519,40.71915571696044,-73.94885390996933,casual
1627660,88AC17A3D8AADE34,electric_bike,2021-09-11 10:02:55,2021-09-11 10:12:00,Bayard St & Leonard St,5442,Franklin St & Dupont St,5944,40.71915571696044,-73.94885390996933,40.73564,-73.95866,casual
1627673,75A6F4DFC364919B,classic_bike,2021-09-11 13:49:23,2021-09-11 14:01:28,Broadway & Berry St,5164,Bayard St & Leonard St,5442,40.71044554,-73.96525063,40.71915571696044,-73.94885390996933,casual
1627689,F792E1A16EA48F14,classic_bike,2021-09-02 19:58:09,2021-09-02 20:11:43,Broadway & Berry St,5164,Bayard St & Leonard St,5442,40.71044554,-73.96525063,40.71915571696044,-73.94885390996933,casual
1627702,6AD071637D602D5A,classic_bike,2021-09-06 03:51:52,2021-09-06 04:01:59,Beaver St & Fayette St,4840,Bayard St & Leonard St,5442,40.70099,-73.93921,40.71915571696044,-73.94885390996933,casual
1627719,22E4E6C6BD9C3380,electric_bike,2021-09-16 20:18:50,2021-09-16 20:39:28,Beaver St & Fayette St,4840,Bayard St & Leonard St,5442,40.70099,-73.93921,40.71915571696044,-73.94885390996933,member
1627798,5038554E2C6FEEB8,classic_bike,2021-09-28 17:46:25,2021-09-28 17:51:22,Kent Ave & N 7 St,5489,Bayard St & Leonard St,5442,40.72036775298455,-73.96165072917938,40.71915571696044,-73.94885390996933,member
1627831,D42329E862E5C910,classic_bike,2021-09-25 22:19:40,2021-09-25 22:29:18,Kent Ave & N 7 St,5489,Bayard St & Leonard St,5442,40.72036775298455,-73.96165072917938,40.71915571696044,-73.94885390996933,casual
1627851,51F27F8D7080457E,classic_bike,2021-09-28 17:48:09,2021-09-28 17:55:10,Kent Ave & N 7 St,5489,Bayard St & Leonard St,5442,40.72036775298455,-73.96165072917938,40.71915571696044,-73.94885390996933,member
1627874,71107C1BD03A140E,classic_bike,2021-09-01 14:11:49,2021-09-01 14:23:17,India St & Manhattan Ave,5826,Bayard St & Leonard St,5442,40.73232194,-73.9550858,40.71915571696044,-73.94885390996933,casual
1627898,EFE487DF14949940,classic_bike,2021-09-17 17:11:02,2021-09-17 17:41:01,Eastern Pkwy & Washington Ave,3928,Bayard St & Leonard St,5442,40.6716493,-73.9631145,40.71915571696044,-73.94885390996933,member
1627904,780A59F5145900AC,classic_bike,2021-09-20 17:59:09,2021-09-20 18:21:48,Sterling Pl & Bedford Ave,3993,Bayard St & Leonard St,5442,40.672695,-73.954131,40.71915571696044,-73.94885390996933,member
1627905,785FE2F47B678389,electric_bike,2021-09-07 06:41:57,2021-09-07 06:56:52,Sterling Pl & Bedford Ave,3993,Bayard St & Leonard St,5442,40.672695,-73.954131,40.71915571696044,-73.94885390996933,member
1627908,3704BC43C5A93864,classic_bike,2021-09-11 17:52:33,2021-09-11 18:55:09,Clinton St & Union St,4266,Bayard St & Leonard St,5442,40.6831164,-73.99785267,40.71915571696044,-73.94885390996933,casual
1627928,21BBF1A90B0607D2,classic_bike,2021-09-15 18:08:03,2021-09-15 18:16:27,Stagg St & Union Ave,5117,Bayard St & Leonard St,5442,40.70877084,-73.95095259,40.71915571696044,-73.94885390996933,casual
1627951,2595B93D93C63DE9,classic_bike,2021-09-24 07:46:13,2021-09-24 08:02:48,E 2 St & Avenue C,5476,Bayard St & Leonard St,5442,40.7208736,-73.98085795,40.71915571696044,-73.94885390996933,member
1627973,796D4159B599B31B,classic_bike,2021-09-08 09:53:51,2021-09-08 10:00:32,Kingsland Ave & Nassau Ave,5613,Bayard St & Leonard St,5442,40.72577,-73.94173,40.71915571696044,-73.94885390996933,member
1627976,795C04DF2FCE39C6,classic_bike,2021-09-22 12:31:45,2021-09-22 12:39:33,Bayard St & Leonard St,5442,Bayard St & Leonard St,5442,40.71915571696044,-73.94885390996933,40.71915571696044,-73.94885390996933,member
1627992,49DA169A47207938,electric_bike,2021-09-09 19:13:49,2021-09-09 19:14:30,Bayard St & Leonard St,5442,Bayard St & Leonard St,5442,40.71915571696044,-73.94885390996933,40.71915571696044,-73.94885390996933,member
1627993,D6816E5E26A0C2B0,classic_bike,2021-09-17 08:08:08,2021-09-17 08:08:28,Bayard St & Leonard St,5442,Bayard St & Leonard St,5442,40.71915571696044,-73.94885390996933,40.71915571696044,-73.94885390996933,member
1628022,EA3AF3BF78BCEE85,classic_bike,2021-09-29 18:02:54,2021-09-29 18:13:47,Broadway & Berry St,5164,Bayard St & Leonard St,5442,40.71044554,-73.96525063,40.71915571696044,-73.94885390996933,casual
1628027,0647D3CC3A8D2301,classic_bike,2021-09-24 18:55:37,2021-09-24 19:12:57,Bayard St & Leonard St,5442,Franklin St & Dupont St,5944,40.71915571696044,-73.94885390996933,40.73564,-73.95866,casual
1628058,CC7EAAAC558929D3,classic_bike,2021-09-29 17:21:00,2021-09-29 17:28:43,Kingsland Ave & Nassau Ave,5613,Bayard St & Leonard St,5442,40.72577,-73.94173,40.71915571696044,-73.94885390996933,member
1628074,D2E387DA390CE8FF,docked_bike,2021-09-08 22:09:18,2021-09-08 22:09:47,Bayard St & Leonard St,5442,Bayard St & Leonard St,5442,40.719156,-73.948854,40.719156,-73.948854,casual
1628100,6A674E2A2D8516C8,classic_bike,2021-09-20 17:17:13,2021-09-20 17:27:15,Kingsland Ave & Nassau Ave,5613,Bayard St & Leonard St,5442,40.72577,-73.94173,40.71915571696044,-73.94885390996933,member
1628124,F576D2AB5CBB9F05,classic_bike,2021-09-03 20:04:09,2021-09-03 20:15:23,Franklin St & Dupont St,5944,Bayard St & Leonard St,5442,40.73564,-73.95866,40.71915571696044,-73.94885390996933,member
1628129,1F43E54F191B2B37,classic_bike,2021-09-30 11:13:35,2021-09-30 11:23:06,Bayard St & Leonard St,5442,Bayard St & Leonard St,5442,40.71915571696044,-73.94885390996933,40.71915571696044,-73.94885390996933,member
1628130,786191A83C654585,classic_bike,2021-09-30 16:11:43,2021-09-30 16:23:12,Bayard St & Leonard St,5442,Bayard St & Leonard St,5442,40.71915571696044,-73.94885390996933,40.71915571696044,-73.94885390996933,member
1628132,9EDA475FC1EAD782,classic_bike,2021-09-27 11:34:12,2021-09-27 12:04:28,Bayard St & Leonard St,5442,Bayard St & Leonard St,5442,40.71915571696044,-73.94885390996933,40.71915571696044,-73.94885390996933,member
1628139,D19649F52EB30666,classic_bike,2021-09-15 14:17:31,2021-09-15 14:25:30,Wythe Ave & Metropolitan Ave,5348,Bayard St & Leonard St,5442,40.716887,-73.963198,40.71915571696044,-73.94885390996933,member
1628159,E031D7C3642D2E2A,classic_bike,2021-09-11 17:54:46,2021-09-11 18:01:17,Kingsland Ave & Nassau Ave,5613,Bayard St & Leonard St,5442,40.72577,-73.94173,40.71915571696044,-73.94885390996933,member
1628161,16B2103C0F67069A,classic_bike,2021-09-20 08:53:48,2021-09-20 08:58:34,Kingsland Ave & Nassau Ave,5613,Bayard St & Leonard St,5442,40.72577,-73.94173,40.71915571696044,-73.94885390996933,member
1628188,DF29DAE37B0A1606,classic_bike,2021-09-24 17:48:37,2021-09-24 18:00:38,Humboldt St & Varet St,4956,Bayard St & Leonard St,5442,40.7031724,-73.940636,40.71915571696044,-73.94885390996933,casual
1628196,CEF132E0E772F3F6,classic_bike,2021-09-22 19:47:02,2021-09-22 19:53:49,Wythe Ave & Metropolitan Ave,5348,Bayard St & Leonard St,5442,40.716887,-73.963198,40.71915571696044,-73.94885390996933,member
1628222,39D07054466EFBEC,classic_bike,2021-09-27 17:30:43,2021-09-27 17:39:05,Milton St & Franklin St,5752,Bayard St & Leonard St,5442,40.72906,-73.95779,40.71915571696044,-73.94885390996933,member
1628231,77DD0EF025CFFC28,classic_bike,2021-09-18 19:31:36,2021-09-18 19:40:25,Kingsland Ave & Nassau Ave,5613,Bayard St & Leonard St,5442,40.72577,-73.94173,40.71915571696044,-73.94885390996933,casual
1628264,25C0860E67AF332F,classic_bike,2021-09-23 15:24:01,2021-09-23 15:24:21,Bayard St & Leonard St,5442,Bayard St & Leonard St,5442,40.71915571696044,-73.94885390996933,40.71915571696044,-73.94885390996933,member
1628276,818858BACC59BD3F,classic_bike,2021-09-14 15:51:01,2021-09-14 15:59:55,Bayard St & Leonard St,5442,Broadway & Berry St,5164,40.71915571696044,-73.94885390996933,40.71044554,-73.96525063,member
1628277,ABC54A920CAE799D,classic_bike,2021-09-08 15:07:22,2021-09-08 15:22:33,Bayard St & Leonard St,5442,Bayard St & Leonard St,5442,40.71915571696044,-73.94885390996933,40.71915571696044,-73.94885390996933,casual
1628283,485AEFB026288294,classic_bike,2021-09-03 16:54:21,2021-09-03 17:21:03,Bayard St & Leonard St,5442,Bayard St & Leonard St,5442,40.71915571696044,-73.94885390996933,40.71915571696044,-73.94885390996933,casual
1628286,452C840300A85B82,classic_bike,2021-09-24 10:17:28,2021-09-24 10:18:37,Bayard St & Leonard St,5442,Bayard St & Leonard St,5442,40.71915571696044,-73.94885390996933,40.71915571696044,-73.94885390996933,casual
1628309,AC2C02AA065E3C76,classic_bike,2021-09-18 12:55:29,2021-09-18 13:07:41,S 4 St & Rodney St,5156,Bayard St & Leonard St,5442,40.70934,-73.95608,40.71915571696044,-73.94885390996933,casual
1628315,5BC0BEE763BFF567,classic_bike,2021-09-21 21:26:24,2021-09-21 21:52:50,Myrtle Ave & Fleet Pl,4628,Bayard St & Leonard St,5442,40.693534,-73.981909,40.71915571696044,-73.94885390996933,casual
1628317,4B5867BAFAEB2E08,classic_bike,2021-09-02 18:31:57,2021-09-02 18:42:17,S 4 St & Rodney St,5156,Bayard St & Leonard St,5442,40.70934,-73.95608,40.71915571696044,-73.94885390996933,casual
1628326,096BC705054CC91D,classic_bike,2021-09-06 17:50:04,2021-09-06 17:58:10,S 4 St & Rodney St,5156,Bayard St & Leonard St,5442,40.70934,-73.95608,40.71915571696044,-73.94885390996933,member
1628353,93ABD0179C75540A,classic_bike,2021-09-09 22:58:32,2021-09-09 22:58:39,Bayard St & Leonard St,5442,Bayard St & Leonard St,5442,40.71915571696044,-73.94885390996933,40.71915571696044,-73.94885390996933,member
1628356,386DBA899F37F5EA,classic_bike,2021-09-14 17:43:50,2021-09-14 17:44:32,Bayard St & Leonard St,5442,Bayard St & Leonard St,5442,40.71915571696044,-73.94885390996933,40.71915571696044,-73.94885390996933,member
1628358,1FAF56ED1B7C0BF4,classic_bike,2021-09-26 16:26:16,2021-09-26 16:57:53,Bayard St & Leonard St,5442,Bayard St & Leonard St,5442,40.71915571696044,-73.94885390996933,40.71915571696044,-73.94885390996933,member
1628360,216D7368A1FF4EC6,classic_bike,2021-09-27 20:08:33,2021-09-27 20:08:37,Bayard St & Leonard St,5442,Bayard St & Leonard St,5442,40.71915571696044,-73.94885390996933,40.71915571696044,-73.94885390996933,member
1628362,EF77EE88562EA2A2,classic_bike,2021-09-11 12:45:30,2021-09-11 12:45:59,Bayard St & Leonard St,5442,Bayard St & Leonard St,5442,40.71915571696044,-73.94885390996933,40.71915571696044,-73.94885390996933,member
1628366,5BDDC9DFD86610AA,classic_bike,2021-09-27 18:25:42,2021-09-27 18:43:27,Bayard St & Leonard St,5442,Bayard St & Leonard St,5442,40.71915571696044,-73.94885390996933,40.71915571696044,-73.94885390996933,member
1628367,BD360E270CFFB9B6,classic_bike,2021-09-13 15:56:04,2021-09-13 16:08:34,Bayard St & Leonard St,5442,Bayard St & Leonard St,5442,40.71915571696044,-73.94885390996933,40.71915571696044,-73.94885390996933,member
1628376,E5F98C3A551D1D48,classic_bike,2021-09-15 11:29:07,2021-09-15 11:41:58,Bayard St & Leonard St,5442,Franklin St & Dupont St,5944,40.71915571696044,-73.94885390996933,40.73564,-73.95866,member
1628377,74A072F1C47BE15E,classic_bike,2021-09-15 09:53:19,2021-09-15 10:07:04,Franklin St & Dupont St,5944,Bayard St & Leonard St,5442,40.73564,-73.95866,40.71915571696044,-73.94885390996933,member
1628400,512C048DEB8A2A83,classic_bike,2021-09-08 13:12:18,2021-09-08 13:28:52,Franklin St & Dupont St,5944,Bayard St & Leonard St,5442,40.73564,-73.95866,40.71915571696044,-73.94885390996933,casual
1628438,80B3D27E2C84A4BD,classic_bike,2021-09-14 17:48:48,2021-09-14 18:10:25,Linden St & Knickerbocker Ave,4743,Bayard St & Leonard St,5442,40.69714,-73.91566,40.71915571696044,-73.94885390996933,member
1628444,F9048CC95D585B5A,classic_bike,2021-09-06 16:01:55,2021-09-06 16:17:11,S 4 St & Rodney St,5156,Bayard St & Leonard St,5442,40.70934,-73.95608,40.71915571696044,-73.94885390996933,member
1628455,80FCA7786B0307F1,electric_bike,2021-09-18 10:15:38,2021-09-18 10:40:14,University Pl & E 8 St,5755,Bayard St & Leonard St,5442,40.73143724085228,-73.99490341544151,40.71915571696044,-73.94885390996933,member
1628463,4A367A43942D02F7,classic_bike,2021-09-18 14:36:57,2021-09-18 14:56:36,Knickerbocker Ave & Thames St,5018,Bayard St & Leonard St,5442,40.70539,-73.92976,40.71915571696044,-73.94885390996933,member
1628464,E7289F1E10160236,classic_bike,2021-09-30 18:24:02,2021-09-30 18:56:53,Linden St & Knickerbocker Ave,4743,Bayard St & Leonard St,5442,40.69714,-73.91566,40.71915571696044,-73.94885390996933,member
1628470,29A55F7E5DF38F25,classic_bike,2021-09-17 18:17:29,2021-09-17 18:31:36,India St Pier,5794,Bayard St & Leonard St,5442,40.731734785883454,-73.9612390102593,40.71915571696044,-73.94885390996933,member
1628558,58379F4597A2C718,electric_bike,2021-09-11 13:26:53,2021-09-11 14:09:28,E 93 St & 2 Ave,7286,Bayard St & Leonard St,5442,40.782454175279874,-73.9489196240902,40.71915571696044,-73.94885390996933,member
1628569,B2A51B3E1DC71253,classic_bike,2021-09-25 10:23:53,2021-09-25 10:35:06,Montrose Ave & Bushwick Ave,5068,Bayard St & Leonard St,5442,40.70767788,-73.94016171,40.71915571696044,-73.94885390996933,member
1628570,9D31D0CFE02B57DB,classic_bike,2021-09-22 23:31:34,2021-09-22 23:38:00,N 6 St & Bedford Ave,5379,Bayard St & Leonard St,5442,40.71745169,-73.95850939,40.71915571696044,-73.94885390996933,casual
1628630,6FB4864667871972,classic_bike,2021-09-21 18:14:06,2021-09-21 18:34:52,Stanton St & Chrystie St,5523,Bayard St & Leonard St,5442,40.72229346,-73.99147535,40.71915571696044,-73.94885390996933,casual
1628638,F45B27B79B949A2D,classic_bike,2021-09-24 17:54:01,2021-09-24 18:02:15,Wythe Ave & Metropolitan Ave,5348,Bayard St & Leonard St,5442,40.716887,-73.963198,40.71915571696044,-73.94885390996933,member
1628639,A8426574932AD91E,classic_bike,2021-09-06 10:50:12,2021-09-06 10:56:43,Wythe Ave & Metropolitan Ave,5348,Bayard St & Leonard St,5442,40.716887,-73.963198,40.71915571696044,-73.94885390996933,member
1628640,55920AA21F1E53B8,classic_bike,2021-09-10 18:15:54,2021-09-10 18:23:59,Wythe Ave & Metropolitan Ave,5348,Bayard St & Leonard St,5442,40.716887,-73.963198,40.71915571696044,-73.94885390996933,member
1628666,933433D413D0CB4E,classic_bike,2021-09-07 08:25:53,2021-09-07 08:32:57,Wythe Ave & Metropolitan Ave,5348,Bayard St & Leonard St,5442,40.716887,-73.963198,40.71915571696044,-73.94885390996933,member
1628675,414322DF7867F911,classic_bike,2021-09-24 16:50:06,2021-09-24 16:58:04,Kingsland Ave & Nassau Ave,5613,Bayard St & Leonard St,5442,40.72577,-73.94173,40.71915571696044,-73.94885390996933,casual
1628685,63C5694B70FADE55,electric_bike,2021-09-11 12:18:28,2021-09-11 12:41:23,W Broadway & W Houston St,5644,Bayard St & Leonard St,5442,40.726378,-74.000472,40.71915571696044,-73.94885390996933,casual
1628687,E5E22B46BFB33801,classic_bike,2021-09-22 17:50:40,2021-09-22 17:57:48,Kingsland Ave & Nassau Ave,5613,Bayard St & Leonard St,5442,40.72577,-73.94173,40.71915571696044,-73.94885390996933,member
1628713,D4078E522C5BC1D2,electric_bike,2021-09-07 00:17:34,2021-09-07 00:19:26,Manhattan Av & Leonard St,5442,Bayard St & Leonard St,5442,40.72084,-73.94844,40.71915571696044,-73.94885390996933,member
1628725,D50C54862ABE6403,electric_bike,2021-09-08 20:39:06,2021-09-08 20:57:27,Clermont Ave & Lafayette Ave,4461,Bayard St & Leonard St,5442,40.68764484,-73.96968902,40.71915571696044,-73.94885390996933,member
1628726,B58DF7C6FB45F4E8,electric_bike,2021-09-11 17:05:47,2021-09-11 17:27:05,Clermont Ave & Lafayette Ave,4461,Bayard St & Leonard St,5442,40.68764484,-73.96968902,40.71915571696044,-73.94885390996933,member
1628859,953D1C846E539DC0,electric_bike,2021-09-02 08:58:18,2021-09-02 09:30:14,24 St & 5 Ave,3555,Bayard St & Leonard St,5442,40.659555,-73.995068,40.71915571696044,-73.94885390996933,casual
1628876,B33D8B9C86B8FF2B,electric_bike,2021-09-25 20:40:10,2021-09-25 21:18:23,W 31 St & 7 Ave,6331,Bayard St & Leonard St,5442,40.749156,-73.9916,40.71915571696044,-73.94885390996933,member
1628963,D372F49F44ACF0D0,classic_bike,2021-09-20 07:11:25,2021-09-20 07:17:49,Graham Ave & Grand St,5178,Bayard St & Leonard St,5442,40.711863,-73.944024,40.71915571696044,-73.94885390996933,member
1629036,AD168B49A9398859,electric_bike,2021-09-20 18:23:19,2021-09-20 18:29:04,Graham Ave & Grand St,5178,Bayard St & Leonard St,5442,40.711863,-73.944024,40.71915571696044,-73.94885390996933,member
1629051,94AF209733072A14,classic_bike,2021-09-04 03:00:37,2021-09-04 03:07:40,Graham Ave & Grand St,5178,Bayard St & Leonard St,5442,40.711863,-73.944024,40.71915571696044,-73.94885390996933,casual
1629069,2100F5B9091F8876,electric_bike,2021-09-18 16:56:59,2021-09-18 17:26:26,Bayard St & Leonard St,5442,Bayard St & Leonard St,5442,40.71915571696044,-73.94885390996933,40.71915571696044,-73.94885390996933,member
1629113,4AF219F34FD4D10C,classic_bike,2021-09-02 17:25:28,2021-09-02 17:47:43,Nassau St & Navy St,4812,Bayard St & Leonard St,5442,40.69839895,-73.98068914,40.71915571696044,-73.94885390996933,member
1629135,4513DBF701840529,classic_bike,2021-09-10 10:22:30,2021-09-10 10:44:08,Nassau St & Navy St,4812,Bayard St & Leonard St,5442,40.69839895,-73.98068914,40.71915571696044,-73.94885390996933,member
1629136,A99C532F66A5C232,electric_bike,2021-09-04 19:28:38,2021-09-04 19:48:10,E 9 St & Avenue C,5616,Bayard St & Leonard St,5442,40.72521311,-73.97768752,40.71915571696044,-73.94885390996933,member
1629140,55A6B8DA09858DA8,electric_bike,2021-09-03 09:26:44,2021-09-03 09:53:18,Warren St & W Broadway,5288,Bayard St & Leonard St,5442,40.71473993,-74.00910627,40.71915571696044,-73.94885390996933,casual
1629160,109E8D318D5C6181,electric_bike,2021-09-08 18:33:49,2021-09-08 18:55:31,Bayard St & Leonard St,5442,Allen St & Rivington St,5414,40.71915571696044,-73.94885390996933,40.72019576,-73.98997825,member
1629166,DD4AEC3607ABCB98,electric_bike,2021-09-05 18:40:45,2021-09-05 18:47:48,Bayard St & Leonard St,5442,Bayard St & Leonard St,5442,40.71915571696044,-73.94885390996933,40.71915571696044,-73.94885390996933,member
1629198,2F2C0C245A8ECA82,classic_bike,2021-09-24 11:05:55,2021-09-24 11:06:41,Bayard St & Leonard St,5442,Bayard St & Leonard St,5442,40.71915571696044,-73.94885390996933,40.71915571696044,-73.94885390996933,member
1629205,006F439834EFCD77,classic_bike,2021-09-10 12:26:54,2021-09-10 12:39:32,Bayard St & Leonard St,5442,Bayard St & Leonard St,5442,40.71915571696044,-73.94885390996933,40.71915571696044,-73.94885390996933,member
1629213,E5369FFC39582A2B,classic_bike,2021-09-02 11:08:07,2021-09-02 11:22:54,Bayard St & Leonard St,5442,Franklin St & Dupont St,5944,40.71915571696044,-73.94885390996933,40.73564,-73.95866,member
1629214,6A910144D3345ED8,classic_bike,2021-09-02 09:47:37,2021-09-02 10:00:55,Franklin St & Dupont St,5944,Bayard St & Leonard St,5442,40.73564,-73.95866,40.71915571696044,-73.94885390996933,member
1629233,3925E6C1502F2F32,classic_bike,2021-09-06 17:09:25,2021-09-06 17:11:20,Bayard St & Leonard St,5442,Bayard St & Leonard St,5442,40.71915571696044,-73.94885390996933,40.71915571696044,-73.94885390996933,casual
1629264,CF25AF7BB14003F2,electric_bike,2021-09-26 13:06:58,2021-09-26 13:38:03,Bayard St & Leonard St,5442,Bayard St & Leonard St,5442,40.71915571696044,-73.94885390996933,40.71915571696044,-73.94885390996933,casual
1629267,B79466FFEACFFE0C,classic_bike,2021-09-15 22:51:58,2021-09-15 23:13:46,Allen St & Rivington St,5414,Bayard St & Leonard St,5442,40.72019576,-73.98997825,40.71915571696044,-73.94885390996933,casual
1629283,8DC1C589412E24BA,classic_bike,2021-09-14 12:04:46,2021-09-14 12:13:15,Scholes St & Manhattan Ave,5108,Bayard St & Leonard St,5442,40.70870368,-73.9448625,40.71915571696044,-73.94885390996933,member
1629354,F2885ABFB3905A2B,classic_bike,2021-09-05 18:33:31,2021-09-05 18:41:43,Bushwick Ave & Powers St,5250,Bayard St & Leonard St,5442,40.71247661,-73.94100005,40.71915571696044,-73.94885390996933,casual
1629376,53EC31A301840F66,classic_bike,2021-09-14 15:34:23,2021-09-14 15:41:34,Bushwick Ave & Powers St,5250,Bayard St & Leonard St,5442,40.71247661,-73.94100005,40.71915571696044,-73.94885390996933,member
1629378,527625EB7AEE8865,classic_bike,2021-09-02 15:24:22,2021-09-02 15:33:23,Bushwick Ave & Powers St,5250,Bayard St & Leonard St,5442,40.71247661,-73.94100005,40.71915571696044,-73.94885390996933,member
1629387,583B3DD5A568A0FB,classic_bike,2021-09-08 18:22:02,2021-09-08 18:34:04,Bushwick Ave & Powers St,5250,Bayard St & Leonard St,5442,40.71247661,-73.94100005,40.71915571696044,-73.94885390996933,member
1629389,9600C016FD0BC871,classic_bike,2021-09-26 12:02:12,2021-09-26 12:48:50,Verona Pl & Fulton St,4124,Bayard St & Leonard St,5442,40.6803560840434,-73.9476791024208,40.71915571696044,-73.94885390996933,member
1629393,CED6E01CF906FE3C,classic_bike,2021-09-23 10:34:17,2021-09-23 10:39:33,Graham Ave & Conselyea St,5291,Bayard St & Leonard St,5442,40.715143,-73.944507,40.71915571696044,-73.94885390996933,member
1629395,462386C19BFD8EDB,classic_bike,2021-09-15 17:34:35,2021-09-15 18:16:31,7 St & 5 Ave,3914,Bayard St & Leonard St,5442,40.6704922,-73.98541675,40.71915571696044,-73.94885390996933,casual
1629397,400BA4CFFBB7FB82,classic_bike,2021-09-11 13:28:53,2021-09-11 13:48:58,Nassau St & Navy St,4812,Bayard St & Leonard St,5442,40.69839895,-73.98068914,40.71915571696044,-73.94885390996933,member
1629402,A7D67A07DF45C807,classic_bike,2021-09-02 17:56:45,2021-09-02 18:01:05,Graham Ave & Conselyea St,5291,Bayard St & Leonard St,5442,40.715143,-73.944507,40.71915571696044,-73.94885390996933,member
1629406,FC0AE5B08F4F9262,electric_bike,2021-09-24 20:31:33,2021-09-24 21:00:58,Carroll St & 5 Ave,4060,Bayard St & Leonard St,5442,40.6751622,-73.9814832,40.71915571696044,-73.94885390996933,casual
1629440,4CE954292F9CA0B9,classic_bike,2021-09-27 16:58:52,2021-09-27 17:04:52,Berry St & N 8 St,5379,Bayard St & Leonard St,5442,40.7190095,-73.95852515,40.71915571696044,-73.94885390996933,member
1629456,FC8836B87339A91D,classic_bike,2021-09-25 11:01:25,2021-09-25 11:05:41,Graham Ave & Grand St,5178,Bayard St & Leonard St,5442,40.711863,-73.944024,40.71915571696044,-73.94885390996933,member
1629457,98FA8CF27E098D83,classic_bike,2021-09-05 12:40:21,2021-09-05 12:48:53,Graham Ave & Grand St,5178,Bayard St & Leonard St,5442,40.711863,-73.944024,40.71915571696044,-73.94885390996933,member
1629465,3ABFDB56968F3EF0,classic_bike,2021-09-10 18:27:15,2021-09-10 18:33:41,Morgan Ave & Lombardy St,5503,Bayard St & Leonard St,5442,40.72226,-73.93889,40.71915571696044,-73.94885390996933,member
1629505,EEFCAFA2C246B518,classic_bike,2021-09-22 16:30:15,2021-09-22 17:00:06,Water St & Main St,4936,Bayard St & Leonard St,5442,40.703212,-73.990409,40.71915571696044,-73.94885390996933,casual
1629561,036B70038EBEBCBF,classic_bike,2021-09-29 11:22:11,2021-09-29 11:43:53,St Marks Pl & 2 Ave,5669,Bayard St & Leonard St,5442,40.7284186,-73.98713956,40.71915571696044,-73.94885390996933,member
1629564,00453D1969A4E32C,classic_bike,2021-09-01 13:43:35,2021-09-01 14:05:05,St Marks Pl & 2 Ave,5669,Bayard St & Leonard St,5442,40.7284186,-73.98713956,40.71915571696044,-73.94885390996933,member
1629578,467F293C1FBE5D70,classic_bike,2021-09-04 14:29:51,2021-09-04 14:46:39,S 3 St & Bedford Ave,5235,Bayard St & Leonard St,5442,40.71260486,-73.96264403,40.71915571696044,-73.94885390996933,casual
1629603,FA89AC6AAE17C068,classic_bike,2021-09-22 19:36:01,2021-09-22 19:43:10,S 3 St & Bedford Ave,5235,Bayard St & Leonard St,5442,40.71260486,-73.96264403,40.71915571696044,-73.94885390996933,member
1629609,6A1051910F618EA5,classic_bike,2021-09-07 16:15:58,2021-09-07 17:16:09,S 3 St & Bedford Ave,5235,Bayard St & Leonard St,5442,40.71260486,-73.96264403,40.71915571696044,-73.94885390996933,member
1629615,BBCDB0AFD48A0451,classic_bike,2021-09-29 17:57:54,2021-09-29 18:19:07,Wilson Ave & Troutman St,4864,Bayard St & Leonard St,5442,40.70166,-73.92754,40.71915571696044,-73.94885390996933,member
1629632,3404C8909F31284C,electric_bike,2021-09-28 06:25:08,2021-09-28 06:40:04,Central Ave & Himrod St,4713,Bayard St & Leonard St,5442,40.69676,-73.92302,40.71915571696044,-73.94885390996933,member
1629649,5A7844CA09ADE765,classic_bike,2021-09-12 04:09:57,2021-09-12 04:32:43,Suydam St & Broadway,4689,Bayard St & Leonard St,5442,40.69544,-73.93223,40.71915571696044,-73.94885390996933,casual
1629672,AA69C668D474CFDF,electric_bike,2021-09-24 17:50:04,2021-09-24 18:06:53,Norfolk St & Broome St,5374,Bayard St & Leonard St,5442,40.7172274,-73.98802084,40.71915571696044,-73.94885390996933,casual
1629695,D0FE94514E9228D3,classic_bike,2021-09-21 10:25:56,2021-09-21 10:31:42,S 3 St & Bedford Ave,5235,Bayard St & Leonard St,5442,40.71260486,-73.96264403,40.71915571696044,-73.94885390996933,member
1629700,934906F0E70EF934,electric_bike,2021-09-06 14:54:12,2021-09-06 15:16:25,Norfolk St & Broome St,5374,Bayard St & Leonard St,5442,40.7172274,-73.98802084,40.71915571696044,-73.94885390996933,member
1629710,47C3316D3BC2DD77,classic_bike,2021-09-18 00:16:15,2021-09-18 00:34:09,S 3 St & Bedford Ave,5235,Bayard St & Leonard St,5442,40.71260486,-73.96264403,40.71915571696044,-73.94885390996933,member
1629713,E3B184128F31FF45,classic_bike,2021-09-22 17:47:45,2021-09-22 18:02:41,Central Ave & Himrod St,4713,Bayard St & Leonard St,5442,40.69676,-73.92302,40.71915571696044,-73.94885390996933,member
1629714,4AB9C36A01AF93C8,classic_bike,2021-09-15 17:08:28,2021-09-15 17:27:21,Central Ave & Himrod St,4713,Bayard St & Leonard St,5442,40.69676,-73.92302,40.71915571696044,-73.94885390996933,member
1629715,8718C3F8CF0FA59B,classic_bike,2021-09-03 19:22:42,2021-09-03 19:32:23,S 3 St & Bedford Ave,5235,Bayard St & Leonard St,5442,40.71260486,-73.96264403,40.71915571696044,-73.94885390996933,member
1629737,A4EF991A5F128486,classic_bike,2021-09-02 18:42:25,2021-09-02 18:51:35,Huron St & Franklin St,5869,Bayard St & Leonard St,5442,40.73266,-73.95826,40.71915571696044,-73.94885390996933,casual
1629744,6C8939FBFDE14623,classic_bike,2021-09-18 09:39:01,2021-09-18 09:52:10,Richardson St & N Henry St,5433,Bayard St & Leonard St,5442,40.71907891179564,-73.94223690032959,40.71915571696044,-73.94885390996933,member
1629746,E00A48AF89E3CCEC,classic_bike,2021-09-07 20:36:41,2021-09-07 21:11:17,E 16 St & 5 Ave,6022,Bayard St & Leonard St,5442,40.73726186,-73.99238967,40.71915571696044,-73.94885390996933,member
1629751,7DA9C0A0466802B5,electric_bike,2021-09-17 15:28:36,2021-09-17 15:49:13,St Marks Pl & 2 Ave,5669,Bayard St & Leonard St,5442,40.7284186,-73.98713956,40.71915571696044,-73.94885390996933,member
1629758,049E5C21BDBEF00F,classic_bike,2021-09-04 21:15:42,2021-09-04 21:51:35,Bedford Ave & Bergen St,4066,Bayard St & Leonard St,5442,40.676368,-73.952918,40.71915571696044,-73.94885390996933,casual
1629766,7053E0971A59C26E,classic_bike,2021-09-25 09:50:54,2021-09-25 09:53:50,Richardson St & N Henry St,5433,Bayard St & Leonard St,5442,40.71907891179564,-73.94223690032959,40.71915571696044,-73.94885390996933,member
1629842,EFB6EEBE697AC2D0,classic_bike,2021-09-06 18:33:23,2021-09-06 18:43:05,Manhattan Av & Leonard St,5442,Franklin St & Dupont St,5944,40.72084,-73.94844,40.73564,-73.95866,member
1629907,FEA68FEBA08761A4,classic_bike,2021-09-09 18:52:25,2021-09-09 19:09:04,Hart St & Wyckoff Ave,4971,Bayard St & Leonard St,5442,40.704876,-73.919911,40.71915571696044,-73.94885390996933,member
1629973,73636C9AE7DF2AF3,classic_bike,2021-09-21 18:43:33,2021-09-21 18:51:39,McGuinness Blvd & Eagle St,5977,Bayard St & Leonard St,5442,40.73555,-73.95284,40.71915571696044,-73.94885390996933,member
1630025,9726FFB5FB12B51A,classic_bike,2021-09-14 10:37:29,2021-09-14 10:43:36,Bedford Ave & Nassau Ave,5550,Bayard St & Leonard St,5442,40.72311651,-73.95212324,40.71915571696044,-73.94885390996933,casual
1630031,D4377BA2C675DA74,classic_bike,2021-09-21 18:22:30,2021-09-21 18:24:09,Union Ave & N 12 St,5411,Bayard St & Leonard St,5442,40.71924,-73.95242,40.71915571696044,-73.94885390996933,member
1630034,450F31FB0678B004,classic_bike,2021-09-16 22:50:57,2021-09-16 22:53:29,Union Ave & N 12 St,5411,Bayard St & Leonard St,5442,40.71924,-73.95242,40.71915571696044,-73.94885390996933,member
1630039,A264A44ABEB40491,classic_bike,2021-09-16 18:34:06,2021-09-16 19:14:26,Union Ave & N 12 St,5411,Bayard St & Leonard St,5442,40.71924,-73.95242,40.71915571696044,-73.94885390996933,casual
1630071,6B6BEE7F824ADFB6,electric_bike,2021-09-15 20:48:28,2021-09-15 21:12:49,Eldert St & Bushwick Ave,4399,Bayard St & Leonard St,5442,40.68652,-73.91321,40.71915571696044,-73.94885390996933,casual
1630077,13D740F3D515B0A9,classic_bike,2021-09-06 19:11:55,2021-09-06 19:29:04,Knickerbocker Ave & Thames St,5018,Bayard St & Leonard St,5442,40.70539,-73.92976,40.71915571696044,-73.94885390996933,member
1630118,F6D25AD7AA2B83BA,electric_bike,2021-09-18 13:28:21,2021-09-18 13:45:11,Bleecker St & Crosby St,5679,Bayard St & Leonard St,5442,40.72615604980408,-73.99510189890862,40.71915571696044,-73.94885390996933,member
1630126,703FED1575FA6F6A,classic_bike,2021-09-04 17:32:50,2021-09-04 18:01:18,Halsey St & Tompkins Ave,4319,Bayard St & Leonard St,5442,40.6823687,-73.944118,40.71915571696044,-73.94885390996933,casual
1630256,E43F93A0207DF94D,classic_bike,2021-09-18 15:59:38,2021-09-18 16:09:23,S 4 St & Wythe Ave,5204,Bayard St & Leonard St,5442,40.71285887,-73.96590294,40.71915571696044,-73.94885390996933,member
1630266,34BFA6890BA80D28,classic_bike,2021-09-02 08:19:54,2021-09-02 08:26:14,Kingsland Ave & Nassau Ave,5613,Bayard St & Leonard St,5442,40.72577,-73.94173,40.71915571696044,-73.94885390996933,member
1630283,A9A2C79914007B1E,classic_bike,2021-09-07 09:45:55,2021-09-07 09:50:54,Kingsland Ave & Nassau Ave,5613,Bayard St & Leonard St,5442,40.72577,-73.94173,40.71915571696044,-73.94885390996933,member
1630287,BFB7A7E3A7976015,classic_bike,2021-09-14 18:58:44,2021-09-14 19:11:14,Wythe Ave & Metropolitan Ave,5348,Bayard St & Leonard St,5442,40.716887,-73.963198,40.71915571696044,-73.94885390996933,member
1630288,18B206AF0DC843A1,classic_bike,2021-09-04 10:29:07,2021-09-04 10:36:19,Wythe Ave & Metropolitan Ave,5348,Bayard St & Leonard St,5442,40.716887,-73.963198,40.71915571696044,-73.94885390996933,member
1630299,6911FB2F8F14EC75,classic_bike,2021-09-10 18:57:33,2021-09-10 19:05:28,Wythe Ave & Metropolitan Ave,5348,Bayard St & Leonard St,5442,40.716887,-73.963198,40.71915571696044,-73.94885390996933,member
1630303,82F1EEAFF8532CD0,classic_bike,2021-09-27 17:19:57,2021-09-27 17:26:16,Kingsland Ave & Nassau Ave,5613,Bayard St & Leonard St,5442,40.72577,-73.94173,40.71915571696044,-73.94885390996933,member
1630332,D3E6698631B06B91,electric_bike,2021-09-14 20:54:58,2021-09-14 21:05:15,Graham Ave & Conselyea St,5291,Bayard St & Leonard St,5442,40.715143,-73.944507,40.71915571696044,-73.94885390996933,member
1630352,116B8DF00CB6CDE8,electric_bike,2021-09-23 16:54:18,2021-09-23 17:06:34,India St Pier,5794,Bayard St & Leonard St,5442,40.731734785883454,-73.9612390102593,40.71915571696044,-73.94885390996933,member
1630353,BBEB3955372A45C3,classic_bike,2021-09-04 19:08:31,2021-09-04 19:49:05,Fulton St & Adams St,4637,Bayard St & Leonard St,5442,40.69241829257847,-73.98949474096298,40.71915571696044,-73.94885390996933,member
1630402,0ADF845B4F67733E,classic_bike,2021-09-06 15:35:43,2021-09-06 16:27:43,Madison St & Evergreen Ave,4560,Bayard St & Leonard St,5442,40.69122,-73.91693,40.71915571696044,-73.94885390996933,casual
1630405,47801E79F1234685,classic_bike,2021-09-28 09:53:33,2021-09-28 09:59:55,S 4 St & Rodney St,5156,Bayard St & Leonard St,5442,40.70934,-73.95608,40.71915571696044,-73.94885390996933,casual
1630459,207BA111298570DD,classic_bike,2021-09-25 19:38:02,2021-09-25 19:44:46,Richardson St & N Henry St,5433,Bayard St & Leonard St,5442,40.71907891179564,-73.94223690032959,40.71915571696044,-73.94885390996933,member
1630594,EE404B8B5F479300,classic_bike,2021-09-01 16:43:13,2021-09-01 16:50:57,Kent Ave & N 7 St,5489,Bayard St & Leonard St,5442,40.72036775298455,-73.96165072917938,40.71915571696044,-73.94885390996933,member
1630596,D50D6FA0A00EC02F,classic_bike,2021-09-11 17:27:11,2021-09-11 17:33:11,Kent Ave & N 7 St,5489,Bayard St & Leonard St,5442,40.72036775298455,-73.96165072917938,40.71915571696044,-73.94885390996933,member
1630864,BF9D7390AA67E593,electric_bike,2021-09-26 12:56:13,2021-09-26 13:29:18,Clermont Ave & Lafayette Ave,4461,Bayard St & Leonard St,5442,40.68764484,-73.96968902,40.71915571696044,-73.94885390996933,casual
1631042,ECF5021C72D30D5F,classic_bike,2021-09-18 00:16:40,2021-09-18 00:33:59,S 3 St & Bedford Ave,5235,Bayard St & Leonard St,5442,40.71260486,-73.96264403,40.71915571696044,-73.94885390996933,member
1631149,8C13C8ADEE778FF9,classic_bike,2021-09-08 17:23:18,2021-09-08 17:47:52,Rogers Ave & Sterling St,3696,Bayard St & Leonard St,5442,40.6630619,-73.9538746,40.71915571696044,-73.94885390996933,member
1631165,521E7BB7B37ACFA2,electric_bike,2021-09-09 12:55:01,2021-09-09 12:59:25,Meserole Ave & Manhattan Ave,5666,Bayard St & Leonard St,5442,40.72708584,-73.95299117,40.71915571696044,-73.94885390996933,casual
1636337,C5D8AA311E8E37C4,electric_bike,2021-09-20 20:28:07,2021-09-20 20:43:55,Manhattan Av & Leonard St,5442,Van Buren St & Broadway,4568,40.72084,-73.94844,40.692,-73.92617,member
1636662,7BA558BFD6EB9A8B,electric_bike,2021-09-09 20:22:55,2021-09-09 20:37:19,Manhattan Av & Leonard St,5442,Van Buren St & Broadway,4568,40.72084,-73.94844,40.692,-73.92617,member
1638783,F4F2569D4CE36520,classic_bike,2021-09-17 15:58:38,2021-09-17 16:43:30,Bayard St & Leonard St,5442,Henry St & Atlantic Ave,4531,40.71915571696044,-73.94885390996933,40.69089272,-73.99612349,member
1649045,B52275738BB8CC02,classic_bike,2021-09-21 12:07:45,2021-09-21 12:18:27,Manhattan Av & Leonard St,5442,McKibbin St & Manhattan Ave,4996,40.72084,-73.94844,40.70510918,-73.94407279,member
1649072,800D0090481A1832,classic_bike,2021-09-20 19:07:52,2021-09-20 19:18:55,Manhattan Av & Leonard St,5442,Metropolitan Ave & Bedford Ave,5308,40.72084,-73.94844,40.71534825,-73.96024116,casual
1650534,EC870402DD5C5014,classic_bike,2021-09-21 07:30:01,2021-09-21 07:36:27,Bayard St & Leonard St,5442,Metropolitan Ave & Bedford Ave,5308,40.71915571696044,-73.94885390996933,40.71534825,-73.96024116,member
1650540,C3A3CE6E1DEC5E54,classic_bike,2021-09-14 19:37:29,2021-09-14 19:47:02,Bayard St & Leonard St,5442,McKibbin St & Manhattan Ave,4996,40.71915571696044,-73.94885390996933,40.70510918,-73.94407279,member
1650544,23CB0E444230F3E7,classic_bike,2021-09-12 10:50:54,2021-09-12 11:00:27,Bayard St & Leonard St,5442,Metropolitan Ave & Bedford Ave,5308,40.71915571696044,-73.94885390996933,40.71534825,-73.96024116,member
1650546,C3B5ACE88514D046,classic_bike,2021-09-18 08:51:36,2021-09-18 08:57:31,Bayard St & Leonard St,5442,Metropolitan Ave & Bedford Ave,5308,40.71915571696044,-73.94885390996933,40.71534825,-73.96024116,member
1650571,601AD4A1981B9E4B,classic_bike,2021-09-16 19:45:26,2021-09-16 19:55:35,Bayard St & Leonard St,5442,McKibbin St & Manhattan Ave,4996,40.71915571696044,-73.94885390996933,40.70510918,-73.94407279,member
1650580,2EC5D9E5D5451263,classic_bike,2021-09-21 18:27:32,2021-09-21 18:37:35,Bayard St & Leonard St,5442,McKibbin St & Manhattan Ave,4996,40.71915571696044,-73.94885390996933,40.70510918,-73.94407279,member
1650582,601861E5DB5F06F3,classic_bike,2021-09-24 13:58:47,2021-09-24 14:06:12,Bayard St & Leonard St,5442,Metropolitan Ave & Bedford Ave,5308,40.71915571696044,-73.94885390996933,40.71534825,-73.96024116,member
1650583,2D58D378A73D0AB9,classic_bike,2021-09-08 18:08:26,2021-09-08 18:13:20,Bayard St & Leonard St,5442,Metropolitan Ave & Bedford Ave,5308,40.71915571696044,-73.94885390996933,40.71534825,-73.96024116,member
1650584,4D99A00A9BE1EB3F,classic_bike,2021-09-29 22:02:06,2021-09-29 22:10:13,Bayard St & Leonard St,5442,Metropolitan Ave & Bedford Ave,5308,40.71915571696044,-73.94885390996933,40.71534825,-73.96024116,member
1650587,5F38844BE3F9E3B6,classic_bike,2021-09-29 19:45:30,2021-09-29 19:57:01,Bayard St & Leonard St,5442,McKibbin St & Manhattan Ave,4996,40.71915571696044,-73.94885390996933,40.70510918,-73.94407279,member
1650595,E5B66D250CC87299,classic_bike,2021-09-24 13:03:57,2021-09-24 13:14:27,Bayard St & Leonard St,5442,Metropolitan Ave & Bedford Ave,5308,40.71915571696044,-73.94885390996933,40.71534825,-73.96024116,member
1650609,69D37DC7CBF6A034,classic_bike,2021-09-22 19:47:00,2021-09-22 19:55:07,Bayard St & Leonard St,5442,McKibbin St & Manhattan Ave,4996,40.71915571696044,-73.94885390996933,40.70510918,-73.94407279,member
1650617,06FE6FCFA8D47E28,classic_bike,2021-09-07 09:57:09,2021-09-07 10:01:45,Bayard St & Leonard St,5442,Metropolitan Ave & Bedford Ave,5308,40.71915571696044,-73.94885390996933,40.71534825,-73.96024116,member
1650619,842AADEF3F995C72,classic_bike,2021-09-26 18:23:52,2021-09-26 18:30:00,Bayard St & Leonard St,5442,Metropolitan Ave & Bedford Ave,5308,40.71915571696044,-73.94885390996933,40.71534825,-73.96024116,casual
1650628,3AB10B815EE2FB3F,classic_bike,2021-09-04 11:30:16,2021-09-04 11:57:59,Bayard St & Leonard St,5442,Dean St & Franklin Ave,4107,40.71915571696044,-73.94885390996933,40.67759206937376,-73.955637216568,member
1650643,6C66B0385AA8CF57,classic_bike,2021-09-29 11:52:40,2021-09-29 11:59:17,Bayard St & Leonard St,5442,Metropolitan Ave & Bedford Ave,5308,40.71915571696044,-73.94885390996933,40.71534825,-73.96024116,member
1650653,5E267D35F46B3A05,classic_bike,2021-09-08 19:31:27,2021-09-08 19:42:42,Bayard St & Leonard St,5442,McKibbin St & Manhattan Ave,4996,40.71915571696044,-73.94885390996933,40.70510918,-73.94407279,casual
1650673,DF96DA88C94D9842,classic_bike,2021-09-20 15:47:50,2021-09-20 15:55:31,Bayard St & Leonard St,5442,Metropolitan Ave & Bedford Ave,5308,40.71915571696044,-73.94885390996933,40.71534825,-73.96024116,casual
1650687,AF6296155FA17190,classic_bike,2021-09-21 11:33:12,2021-09-21 11:40:43,Bayard St & Leonard St,5442,Metropolitan Ave & Bedford Ave,5308,40.71915571696044,-73.94885390996933,40.71534825,-73.96024116,member
1650694,9979CDF6708037FE,classic_bike,2021-09-02 18:12:53,2021-09-02 18:19:26,Bayard St & Leonard St,5442,Metropolitan Ave & Bedford Ave,5308,40.71915571696044,-73.94885390996933,40.71534825,-73.96024116,member
1650696,0AFC72A3FB17DA85,classic_bike,2021-09-20 17:04:58,2021-09-20 17:09:51,Bayard St & Leonard St,5442,Metropolitan Ave & Bedford Ave,5308,40.71915571696044,-73.94885390996933,40.71534825,-73.96024116,member
1650697,E9D7295D8EA78EA5,classic_bike,2021-09-16 18:12:52,2021-09-16 18:19:06,Bayard St & Leonard St,5442,McKibbin St & Manhattan Ave,4996,40.71915571696044,-73.94885390996933,40.70510918,-73.94407279,member
1650705,6A6693C4E94BA79F,classic_bike,2021-09-06 19:54:37,2021-09-06 20:04:24,Bayard St & Leonard St,5442,McKibbin St & Manhattan Ave,4996,40.71915571696044,-73.94885390996933,40.70510918,-73.94407279,casual
1650706,8C7BA85C65CF2D4B,classic_bike,2021-09-07 12:49:35,2021-09-07 12:59:07,Bayard St & Leonard St,5442,McKibbin St & Manhattan Ave,4996,40.71915571696044,-73.94885390996933,40.70510918,-73.94407279,casual
1650717,107F19D747861096,classic_bike,2021-09-27 14:33:11,2021-09-27 14:38:28,Bayard St & Leonard St,5442,Metropolitan Ave & Bedford Ave,5308,40.71915571696044,-73.94885390996933,40.71534825,-73.96024116,member
1651728,374ADCEA37FC1C4C,classic_bike,2021-09-07 13:10:51,2021-09-07 13:15:37,Bayard St & Leonard St,5442,Metropolitan Ave & Bedford Ave,5308,40.71915571696044,-73.94885390996933,40.71534825,-73.96024116,member
1651729,F6EA5D3DE38D93CD,classic_bike,2021-09-27 07:51:30,2021-09-27 07:57:35,Bayard St & Leonard St,5442,Metropolitan Ave & Bedford Ave,5308,40.71915571696044,-73.94885390996933,40.71534825,-73.96024116,member
1651732,58E442AE5EDDBCEB,classic_bike,2021-09-29 11:01:26,2021-09-29 11:11:43,Bayard St & Leonard St,5442,Metropolitan Ave & Bedford Ave,5308,40.71915571696044,-73.94885390996933,40.71534825,-73.96024116,casual
1651736,1AE867B83C4E6D21,classic_bike,2021-09-20 06:41:01,2021-09-20 06:47:03,Bayard St & Leonard St,5442,Metropolitan Ave & Bedford Ave,5308,40.71915571696044,-73.94885390996933,40.71534825,-73.96024116,casual
1651965,DA9106FCF2D7136F,classic_bike,2021-09-06 18:01:29,2021-09-06 18:10:54,Bayard St & Leonard St,5442,Metropolitan Ave & Bedford Ave,5308,40.71915571696044,-73.94885390996933,40.71534825,-73.96024116,casual
1657858,0550340E7E2856A0,electric_bike,2021-09-21 17:54:51,2021-09-21 18:01:53,Manhattan Av & Leonard St,5442,Metropolitan Ave & Bedford Ave,5308,40.72084,-73.94844,40.71534825,-73.96024116,member
1657860,D049E26BD4D60492,classic_bike,2021-09-27 18:21:49,2021-09-27 18:28:35,Manhattan Av & Leonard St,5442,Metropolitan Ave & Bedford Ave,5308,40.72084,-73.94844,40.71534825,-73.96024116,member
1657861,5066828749F96796,classic_bike,2021-09-15 18:10:54,2021-09-15 18:22:46,Manhattan Av & Leonard St,5442,Metropolitan Ave & Bedford Ave,5308,40.72084,-73.94844,40.71534825,-73.96024116,member
1657864,3D52B490D83DAE75,classic_bike,2021-09-16 11:25:29,2021-09-16 11:31:57,Manhattan Av & Leonard St,5442,Metropolitan Ave & Bedford Ave,5308,40.72084,-73.94844,40.71534825,-73.96024116,member
1657876,B3E57B92664D6319,classic_bike,2021-09-14 10:23:58,2021-09-14 10:30:56,Manhattan Av & Leonard St,5442,Metropolitan Ave & Bedford Ave,5308,40.72084,-73.94844,40.71534825,-73.96024116,member
1657878,FD237D4E014F12E9,electric_bike,2021-09-09 20:37:53,2021-09-09 20:43:58,Manhattan Av & Leonard St,5442,Metropolitan Ave & Bedford Ave,5308,40.72084,-73.94844,40.71534825,-73.96024116,member
1657879,8FE6E837A5FED463,classic_bike,2021-09-05 13:21:19,2021-09-05 13:26:27,Manhattan Av & Leonard St,5442,Metropolitan Ave & Bedford Ave,5308,40.72084,-73.94844,40.71534825,-73.96024116,member
1657880,F7D350AD91C86F30,classic_bike,2021-09-15 18:11:15,2021-09-15 18:22:49,Manhattan Av & Leonard St,5442,Metropolitan Ave & Bedford Ave,5308,40.72084,-73.94844,40.71534825,-73.96024116,member
1657924,E8613D31478BF51A,classic_bike,2021-09-06 13:37:09,2021-09-06 13:47:35,Manhattan Av & Leonard St,5442,Metropolitan Ave & Bedford Ave,5308,40.72084,-73.94844,40.71534825,-73.96024116,member
1660245,F3C9317227C0A331,classic_bike,2021-09-07 07:45:10,2021-09-07 07:51:22,Bayard St & Leonard St,5442,Metropolitan Ave & Bedford Ave,5308,40.71915571696044,-73.94885390996933,40.71534825,-73.96024116,member
1660246,21926ACA71AA9B93,classic_bike,2021-09-08 07:59:58,2021-09-08 08:06:06,Bayard St & Leonard St,5442,Metropolitan Ave & Bedford Ave,5308,40.71915571696044,-73.94885390996933,40.71534825,-73.96024116,member
1660250,B8F2638FC14BA527,classic_bike,2021-09-10 18:55:14,2021-09-10 19:00:49,Bayard St & Leonard St,5442,Metropolitan Ave & Bedford Ave,5308,40.71915571696044,-73.94885390996933,40.71534825,-73.96024116,member
1660252,D87092C00E441AED,electric_bike,2021-09-17 00:32:32,2021-09-17 00:36:11,Bayard St & Leonard St,5442,Metropolitan Ave & Bedford Ave,5308,40.71915571696044,-73.94885390996933,40.71534825,-73.96024116,member
1660257,C45A4C3055358EB3,electric_bike,2021-09-03 09:10:33,2021-09-03 09:35:57,Bayard St & Leonard St,5442,Pershing Square South,6432,40.71915571696044,-73.94885390996933,40.751581,-73.97791,casual
1660264,26CEAB36A7230155,electric_bike,2021-09-25 11:53:35,2021-09-25 12:10:48,Bayard St & Leonard St,5442,Metropolitan Ave & Bedford Ave,5308,40.71915571696044,-73.94885390996933,40.71534825,-73.96024116,casual
1660269,A24C7CE3927E08D2,classic_bike,2021-09-18 10:55:35,2021-09-18 11:05:57,Bayard St & Leonard St,5442,Metropolitan Ave & Bedford Ave,5308,40.71915571696044,-73.94885390996933,40.71534825,-73.96024116,member
1660274,11F041FFB5C87D32,classic_bike,2021-09-01 21:26:34,2021-09-01 21:35:59,Bayard St & Leonard St,5442,McKibbin St & Manhattan Ave,4996,40.71915571696044,-73.94885390996933,40.70510918,-73.94407279,casual
1660276,BEE4B94B8EBC4EBD,electric_bike,2021-09-07 18:00:17,2021-09-07 18:04:20,Bayard St & Leonard St,5442,Metropolitan Ave & Bedford Ave,5308,40.71915571696044,-73.94885390996933,40.71534825,-73.96024116,casual
1660277,409844E533A73B27,electric_bike,2021-09-20 18:25:01,2021-09-20 18:31:28,Bayard St & Leonard St,5442,Metropolitan Ave & Bedford Ave,5308,40.71915571696044,-73.94885390996933,40.71534825,-73.96024116,casual
1660289,C90DB60D036DE551,classic_bike,2021-09-29 12:49:13,2021-09-29 12:57:56,Bayard St & Leonard St,5442,Metropolitan Ave & Bedford Ave,5308,40.71915571696044,-73.94885390996933,40.71534825,-73.96024116,member
1660290,988CA4745EA7BEBB,classic_bike,2021-09-28 07:47:40,2021-09-28 07:52:50,Bayard St & Leonard St,5442,Metropolitan Ave & Bedford Ave,5308,40.71915571696044,-73.94885390996933,40.71534825,-73.96024116,member
1660291,96982F2787A3E9F5,classic_bike,2021-09-17 11:22:09,2021-09-17 11:27:38,Bayard St & Leonard St,5442,Metropolitan Ave & Bedford Ave,5308,40.71915571696044,-73.94885390996933,40.71534825,-73.96024116,member
1660292,544DF8BC95D524E0,classic_bike,2021-09-17 16:59:12,2021-09-17 17:04:29,Bayard St & Leonard St,5442,Metropolitan Ave & Bedford Ave,5308,40.71915571696044,-73.94885390996933,40.71534825,-73.96024116,member
1660295,35C194960961506B,classic_bike,2021-09-06 13:25:08,2021-09-06 13:33:11,Bayard St & Leonard St,5442,Metropolitan Ave & Bedford Ave,5308,40.71915571696044,-73.94885390996933,40.71534825,-73.96024116,member
1660296,424BB4AD61E913CC,classic_bike,2021-09-19 10:52:46,2021-09-19 10:59:45,Bayard St & Leonard St,5442,Metropolitan Ave & Bedford Ave,5308,40.71915571696044,-73.94885390996933,40.71534825,-73.96024116,member
1660308,F222568681630BC9,electric_bike,2021-09-22 18:51:01,2021-09-22 19:22:33,Bayard St & Leonard St,5442,Court St & Nelson St,4077,40.71915571696044,-73.94885390996933,40.6763947,-73.99869893,member
1660350,4B50143D6013AE58,classic_bike,2021-09-17 14:39:02,2021-09-17 14:45:03,Bayard St & Leonard St,5442,Metropolitan Ave & Bedford Ave,5308,40.71915571696044,-73.94885390996933,40.71534825,-73.96024116,member
1660353,1D4FAD5C856B2D28,classic_bike,2021-09-28 17:29:49,2021-09-28 17:37:17,Bayard St & Leonard St,5442,McKibbin St & Manhattan Ave,4996,40.71915571696044,-73.94885390996933,40.70510918,-73.94407279,casual
1660354,5FDE73D7A72E33DB,classic_bike,2021-09-28 08:06:52,2021-09-28 08:13:29,Bayard St & Leonard St,5442,Metropolitan Ave & Bedford Ave,5308,40.71915571696044,-73.94885390996933,40.71534825,-73.96024116,casual
1660358,CB657FAB6EF0854D,classic_bike,2021-09-21 08:18:44,2021-09-21 08:25:15,Bayard St & Leonard St,5442,Metropolitan Ave & Bedford Ave,5308,40.71915571696044,-73.94885390996933,40.71534825,-73.96024116,casual
1661594,9727043F5B805F59,classic_bike,2021-09-30 10:41:19,2021-09-30 10:46:06,Bayard St & Leonard St,5442,Metropolitan Ave & Bedford Ave,5308,40.71915571696044,-73.94885390996933,40.71534825,-73.96024116,member
1661595,7800D851D2453BE7,electric_bike,2021-09-26 23:18:23,2021-09-26 23:30:38,Bayard St & Leonard St,5442,McKibbin St & Manhattan Ave,4996,40.71915571696044,-73.94885390996933,40.70510918,-73.94407279,member
1667868,420672AC41AFA1E8,classic_bike,2021-09-06 20:15:11,2021-09-06 20:54:52,Manhattan Av & Leonard St,5442,Dean St & Franklin Ave,4107,40.72084,-73.94844,40.67759206937376,-73.955637216568,casual
1667895,CC4EA1458DC3533C,classic_bike,2021-09-08 13:27:50,2021-09-08 13:39:48,Manhattan Av & Leonard St,5442,Metropolitan Ave & Bedford Ave,5308,40.72084,-73.94844,40.71534825,-73.96024116,member
1667898,6687CEE0ADEA6B6D,classic_bike,2021-09-05 13:55:06,2021-09-05 14:05:41,Manhattan Av & Leonard St,5442,Metropolitan Ave & Bedford Ave,5308,40.72084,-73.94844,40.71534825,-73.96024116,member
1667906,23C645FBEB437C9C,electric_bike,2021-09-18 14:01:31,2021-09-18 14:10:05,Manhattan Av & Leonard St,5442,Metropolitan Ave & Bedford Ave,5308,40.72084,-73.94844,40.71534825,-73.96024116,casual
1667907,8D717DF894078286,classic_bike,2021-09-14 10:12:19,2021-09-14 10:19:15,Manhattan Av & Leonard St,5442,Metropolitan Ave & Bedford Ave,5308,40.72084,-73.94844,40.71534825,-73.96024116,member
1667908,36197960A0726453,classic_bike,2021-09-15 20:50:28,2021-09-15 20:57:29,Manhattan Av & Leonard St,5442,Metropolitan Ave & Bedford Ave,5308,40.72084,-73.94844,40.71534825,-73.96024116,member
1667911,DCE91CD7543F259A,classic_bike,2021-09-30 17:54:53,2021-09-30 18:03:05,Manhattan Av & Leonard St,5442,Metropolitan Ave & Bedford Ave,5308,40.72084,-73.94844,40.71534825,-73.96024116,member
1667913,4A902F9077A147BC,classic_bike,2021-09-06 00:10:37,2021-09-06 00:18:35,Manhattan Av & Leonard St,5442,Metropolitan Ave & Bedford Ave,5308,40.72084,-73.94844,40.71534825,-73.96024116,member
1667918,A0F312A02C24E3DF,classic_bike,2021-09-12 15:58:07,2021-09-12 16:08:26,Manhattan Av & Leonard St,5442,Metropolitan Ave & Bedford Ave,5308,40.72084,-73.94844,40.71534825,-73.96024116,casual
1667919,DB4FF6BE2C104B66,classic_bike,2021-09-12 13:49:42,2021-09-12 13:56:40,Manhattan Av & Leonard St,5442,Metropolitan Ave & Bedford Ave,5308,40.72084,-73.94844,40.71534825,-73.96024116,casual
1667920,177B91C56D96F012,classic_bike,2021-09-10 17:34:36,2021-09-10 17:41:23,Manhattan Av & Leonard St,5442,Metropolitan Ave & Bedford Ave,5308,40.72084,-73.94844,40.71534825,-73.96024116,casual
1668153,FA12F671FDF7E107,classic_bike,2021-09-05 13:55:40,2021-09-05 14:05:52,Manhattan Av & Leonard St,5442,Metropolitan Ave & Bedford Ave,5308,40.72084,-73.94844,40.71534825,-73.96024116,member
1668371,EE213149DE1B1B69,classic_bike,2021-09-27 09:22:58,2021-09-27 09:34:51,Bayard St & Leonard St,5442,Metropolitan Ave & Bedford Ave,5308,40.71915571696044,-73.94885390996933,40.71534825,-73.96024116,member
1668374,95D3DE56563B391A,classic_bike,2021-09-27 14:33:27,2021-09-27 14:38:25,Bayard St & Leonard St,5442,Metropolitan Ave & Bedford Ave,5308,40.71915571696044,-73.94885390996933,40.71534825,-73.96024116,casual
1668376,8D546EC7544DAD45,classic_bike,2021-09-30 13:05:10,2021-09-30 13:17:52,Bayard St & Leonard St,5442,Metropolitan Ave & Bedford Ave,5308,40.71915571696044,-73.94885390996933,40.71534825,-73.96024116,casual
1668382,C11349CCD00CFAA0,classic_bike,2021-09-29 20:33:19,2021-09-29 20:39:02,Bayard St & Leonard St,5442,Metropolitan Ave & Bedford Ave,5308,40.71915571696044,-73.94885390996933,40.71534825,-73.96024116,member
1668383,883B9434DD4E4936,classic_bike,2021-09-07 11:15:16,2021-09-07 11:31:35,Bayard St & Leonard St,5442,Metropolitan Ave & Bedford Ave,5308,40.71915571696044,-73.94885390996933,40.71534825,-73.96024116,member
1668394,7620556E98EC85EE,electric_bike,2021-09-06 16:17:33,2021-09-06 17:27:17,Bayard St & Leonard St,5442,Metropolitan Ave & Bedford Ave,5308,40.71915571696044,-73.94885390996933,40.71534825,-73.96024116,member
1668401,3CAA738171960140,classic_bike,2021-09-26 10:22:59,2021-09-26 10:30:09,Bayard St & Leonard St,5442,Metropolitan Ave & Bedford Ave,5308,40.71915571696044,-73.94885390996933,40.71534825,-73.96024116,member
1668422,C6BBB226F7BB1056,classic_bike,2021-09-24 11:10:29,2021-09-24 11:25:28,Bayard St & Leonard St,5442,Metropolitan Ave & Bedford Ave,5308,40.71915571696044,-73.94885390996933,40.71534825,-73.96024116,member
1668423,0347AC9FE407E9B1,classic_bike,2021-09-10 11:02:44,2021-09-10 11:10:18,Bayard St & Leonard St,5442,Metropolitan Ave & Bedford Ave,5308,40.71915571696044,-73.94885390996933,40.71534825,-73.96024116,member
1668424,EC21B14C36D95C24,classic_bike,2021-09-21 08:18:35,2021-09-21 08:25:21,Bayard St & Leonard St,5442,Metropolitan Ave & Bedford Ave,5308,40.71915571696044,-73.94885390996933,40.71534825,-73.96024116,member
1668435,4BFFDB124A73492F,classic_bike,2021-09-25 09:49:33,2021-09-25 09:57:03,Bayard St & Leonard St,5442,Metropolitan Ave & Bedford Ave,5308,40.71915571696044,-73.94885390996933,40.71534825,-73.96024116,member
1668443,3971E052A06F4FEE,electric_bike,2021-09-28 17:27:48,2021-09-28 17:37:23,Bayard St & Leonard St,5442,McKibbin St & Manhattan Ave,4996,40.71915571696044,-73.94885390996933,40.70510918,-73.94407279,casual
1668448,A5A647832876CB4E,classic_bike,2021-09-06 15:39:02,2021-09-06 15:49:02,Bayard St & Leonard St,5442,McKibbin St & Manhattan Ave,4996,40.71915571696044,-73.94885390996933,40.70510918,-73.94407279,member
1668449,09136650A9DAEB6D,classic_bike,2021-09-30 19:41:47,2021-09-30 19:51:11,Bayard St & Leonard St,5442,McKibbin St & Manhattan Ave,4996,40.71915571696044,-73.94885390996933,40.70510918,-73.94407279,member
1668450,EB3E054502636A3A,classic_bike,2021-09-20 19:51:14,2021-09-20 20:01:05,Bayard St & Leonard St,5442,McKibbin St & Manhattan Ave,4996,40.71915571696044,-73.94885390996933,40.70510918,-73.94407279,member
1668451,17168465CF480784,classic_bike,2021-09-28 19:42:41,2021-09-28 19:51:36,Bayard St & Leonard St,5442,McKibbin St & Manhattan Ave,4996,40.71915571696044,-73.94885390996933,40.70510918,-73.94407279,member
1668453,F86D3EEFDC13F1C0,classic_bike,2021-09-22 20:33:30,2021-09-22 20:41:38,Bayard St & Leonard St,5442,Metropolitan Ave & Bedford Ave,5308,40.71915571696044,-73.94885390996933,40.71534825,-73.96024116,member
1668460,EC64367F6E7AFCEF,classic_bike,2021-09-14 10:37:47,2021-09-14 10:45:50,Bayard St & Leonard St,5442,Metropolitan Ave & Bedford Ave,5308,40.71915571696044,-73.94885390996933,40.71534825,-73.96024116,member
1668461,C465D3BB8951D1B9,classic_bike,2021-09-03 11:13:28,2021-09-03 11:19:47,Bayard St & Leonard St,5442,Metropolitan Ave & Bedford Ave,5308,40.71915571696044,-73.94885390996933,40.71534825,-73.96024116,member
1668464,FE92D75C60B8F538,electric_bike,2021-09-08 20:03:20,2021-09-08 20:08:31,Bayard St & Leonard St,5442,McKibbin St & Manhattan Ave,4996,40.71915571696044,-73.94885390996933,40.70510918,-73.94407279,member
1668465,605D014EE83397DD,classic_bike,2021-09-15 07:54:18,2021-09-15 08:00:19,Bayard St & Leonard St,5442,Metropolitan Ave & Bedford Ave,5308,40.71915571696044,-73.94885390996933,40.71534825,-73.96024116,member
1668468,771E2C8ADEF58CD3,classic_bike,2021-09-22 07:54:52,2021-09-22 07:59:20,Bayard St & Leonard St,5442,Metropolitan Ave & Bedford Ave,5308,40.71915571696044,-73.94885390996933,40.71534825,-73.96024116,member
1668475,CB2E42F81DF77DEF,electric_bike,2021-09-19 12:50:15,2021-09-19 13:21:15,Bayard St & Leonard St,5442,Lincoln Pl & Classon Ave,3960,40.71915571696044,-73.94885390996933,40.6721683,-73.9609,casual
1668482,14338FA65E7DB7EA,classic_bike,2021-09-17 10:54:47,2021-09-17 11:02:51,Bayard St & Leonard St,5442,Metropolitan Ave & Bedford Ave,5308,40.71915571696044,-73.94885390996933,40.71534825,-73.96024116,member
1668483,A338567116D27840,classic_bike,2021-09-10 09:11:17,2021-09-10 09:23:52,Bayard St & Leonard St,5442,Metropolitan Ave & Bedford Ave,5308,40.71915571696044,-73.94885390996933,40.71534825,-73.96024116,member
1668496,80E116CE4EE3B6CA,classic_bike,2021-09-28 21:38:47,2021-09-28 21:43:04,Bayard St & Leonard St,5442,Metropolitan Ave & Bedford Ave,5308,40.71915571696044,-73.94885390996933,40.71534825,-73.96024116,member
1668501,9ED345E91C634C05,classic_bike,2021-09-24 15:20:02,2021-09-24 15:30:52,Bayard St & Leonard St,5442,Metropolitan Ave & Bedford Ave,5308,40.71915571696044,-73.94885390996933,40.71534825,-73.96024116,casual
1669962,B54380EC3A06A46F,classic_bike,2021-09-17 16:33:02,2021-09-17 16:38:54,Bayard St & Leonard St,5442,Metropolitan Ave & Bedford Ave,5308,40.71915571696044,-73.94885390996933,40.71534825,-73.96024116,casual
1670113,AF9826219270A82C,classic_bike,2021-09-08 18:08:33,2021-09-08 18:13:21,Bayard St & Leonard St,5442,Metropolitan Ave & Bedford Ave,5308,40.71915571696044,-73.94885390996933,40.71534825,-73.96024116,member
1670234,AEE71B0B00E54BF0,classic_bike,2021-09-14 07:48:54,2021-09-14 07:55:11,Bayard St & Leonard St,5442,Metropolitan Ave & Bedford Ave,5308,40.71915571696044,-73.94885390996933,40.71534825,-73.96024116,member
1670236,4F4A18F552D0A8B4,classic_bike,2021-09-10 07:48:05,2021-09-10 07:53:18,Bayard St & Leonard St,5442,Metropolitan Ave & Bedford Ave,5308,40.71915571696044,-73.94885390996933,40.71534825,-73.96024116,member
1670248,2934C832B072C6E3,electric_bike,2021-09-01 14:53:53,2021-09-01 15:05:08,Bayard St & Leonard St,5442,McKibbin St & Manhattan Ave,4996,40.71915571696044,-73.94885390996933,40.70510918,-73.94407279,casual
1670252,4B03660167273E3D,classic_bike,2021-09-02 11:38:02,2021-09-02 11:43:33,Bayard St & Leonard St,5442,Metropolitan Ave & Bedford Ave,5308,40.71915571696044,-73.94885390996933,40.71534825,-73.96024116,casual
1670254,7C3365B1A58B7727,classic_bike,2021-09-02 11:50:08,2021-09-02 12:03:00,Bayard St & Leonard St,5442,McKibbin St & Manhattan Ave,4996,40.71915571696044,-73.94885390996933,40.70510918,-73.94407279,casual
1670255,F319576175D917B6,classic_bike,2021-09-01 21:26:47,2021-09-01 21:35:58,Bayard St & Leonard St,5442,McKibbin St & Manhattan Ave,4996,40.71915571696044,-73.94885390996933,40.70510918,-73.94407279,casual
1670264,F19B9F2CCD17F87D,electric_bike,2021-09-18 11:00:32,2021-09-18 11:11:05,Bayard St & Leonard St,5442,Metropolitan Ave & Bedford Ave,5308,40.71915571696044,-73.94885390996933,40.71534825,-73.96024116,member
1670266,223AA08CDD8066BA,classic_bike,2021-09-29 07:47:35,2021-09-29 07:53:21,Bayard St & Leonard St,5442,Metropolitan Ave & Bedford Ave,5308,40.71915571696044,-73.94885390996933,40.71534825,-73.96024116,member
1676101,6C4A9526287236A4,classic_bike,2021-09-02 15:29:50,2021-09-02 15:34:32,Bayard St & Leonard St,5442,Metropolitan Ave & Bedford Ave,5308,40.71915571696044,-73.94885390996933,40.71534825,-73.96024116,member
1677823,2180DC7790AE1526,classic_bike,2021-09-27 16:46:14,2021-09-27 16:53:05,Bayard St & Leonard St,5442,Broadway & Roebling St,5125,40.71915571696044,-73.94885390996933,40.70924826276157,-73.96063148975372,member
1677902,FB58268DC2061E84,classic_bike,2021-09-01 16:08:09,2021-09-01 16:14:17,Bayard St & Leonard St,5442,Broadway & Roebling St,5125,40.71915571696044,-73.94885390996933,40.70924826276157,-73.96063148975372,member
1677913,7514544C8668EA26,classic_bike,2021-09-17 16:49:03,2021-09-17 16:55:44,Bayard St & Leonard St,5442,Broadway & Roebling St,5125,40.71915571696044,-73.94885390996933,40.70924826276157,-73.96063148975372,member
1677958,BC04D0DD8123633F,classic_bike,2021-09-01 10:35:31,2021-09-01 10:45:01,Bayard St & Leonard St,5442,Broadway & Roebling St,5125,40.71915571696044,-73.94885390996933,40.70924826276157,-73.96063148975372,casual
1685547,C7874FF23F68D12C,classic_bike,2021-09-25 12:21:07,2021-09-25 12:48:55,Bayard St & Leonard St,5442,E 6 St & Avenue D,5506,40.71915571696044,-73.94885390996933,40.72228087,-73.97668709,member
1685554,2D1A623D4138BEFA,classic_bike,2021-09-26 12:50:50,2021-09-26 13:16:51,Bayard St & Leonard St,5442,Broadway & Roebling St,5125,40.71915571696044,-73.94885390996933,40.70924826276157,-73.96063148975372,member
1685570,C08B674E370179AE,classic_bike,2021-09-10 12:40:20,2021-09-10 13:09:13,Bayard St & Leonard St,5442,E 2 St & Avenue A,5553,40.71915571696044,-73.94885390996933,40.72307749068673,-73.98583620786667,member
1697351,89FE038770EDCC61,classic_bike,2021-09-15 10:46:30,2021-09-15 11:06:23,Manhattan Av & Leonard St,5442,27 St & Hunter St,6310,40.72084,-73.94844,40.7485,-73.941275,member
1698493,5EC3A37E7C9A7E1D,classic_bike,2021-09-10 15:17:12,2021-09-10 15:26:30,Bayard St & Leonard St,5442,Broadway & Roebling St,5125,40.71915571696044,-73.94885390996933,40.70924826276157,-73.96063148975372,member
1700100,52E7D7DB194461F3,electric_bike,2021-09-27 14:39:27,2021-09-27 14:57:44,Bayard St & Leonard St,5442,E 6 St & Avenue B,5584,40.71915571696044,-73.94885390996933,40.72453734,-73.98185424,casual
1700306,88BAAC8C524A744D,electric_bike,2021-09-14 21:47:44,2021-09-14 21:59:17,Bayard St & Leonard St,5442,Broadway & Roebling St,5125,40.71915571696044,-73.94885390996933,40.70924826276157,-73.96063148975372,member
1700959,23916715F84BE342,electric_bike,2021-09-01 15:25:44,2021-09-01 15:43:15,Bayard St & Leonard St,5442,E 6 St & Avenue B,5584,40.71915571696044,-73.94885390996933,40.72453734,-73.98185424,casual
1709148,FA1DC4630DB7FDDF,classic_bike,2021-09-02 19:53:51,2021-09-02 20:01:22,Bayard St & Leonard St,5442,Broadway & Roebling St,5125,40.71915571696044,-73.94885390996933,40.70924826276157,-73.96063148975372,member
1709149,47D355C441C743D3,classic_bike,2021-09-26 13:16:48,2021-09-26 13:48:04,Bayard St & Leonard St,5442,Broadway & Roebling St,5125,40.71915571696044,-73.94885390996933,40.70924826276157,-73.96063148975372,casual
1714549,E872B8AD6C73D13F,electric_bike,2021-09-02 12:29:16,2021-09-02 12:44:22,Manhattan Av & Leonard St,5442,Broadway & Roebling St,5125,40.72084,-73.94844,40.70924826276157,-73.96063148975372,casual
1714554,E66674B568999D69,classic_bike,2021-09-30 11:59:29,2021-09-30 12:09:12,Manhattan Av & Leonard St,5442,Broadway & Roebling St,5125,40.72084,-73.94844,40.70924826276157,-73.96063148975372,member
1714556,DBE4954E85DB8E76,classic_bike,2021-09-13 09:54:09,2021-09-13 10:10:26,Manhattan Av & Leonard St,5442,Broadway & Roebling St,5125,40.72084,-73.94844,40.70924826276157,-73.96063148975372,casual
1714562,0FCE26847D233758,electric_bike,2021-09-06 02:53:06,2021-09-06 03:09:01,Manhattan Av & Leonard St,5442,E 6 St & Avenue B,5584,40.72084,-73.94844,40.72453734,-73.98185424,casual
1714571,5DEB0BAA6698D670,classic_bike,2021-09-24 19:47:27,2021-09-24 19:59:22,Manhattan Av & Leonard St,5442,Broadway & Roebling St,5125,40.72084,-73.94844,40.70924826276157,-73.96063148975372,casual
1714579,6BF3F452B0770840,electric_bike,2021-09-26 18:48:30,2021-09-26 19:06:55,Manhattan Av & Leonard St,5442,Monroe St & Bedford Ave,4368,40.72084,-73.94844,40.6851443,-73.95380904,casual
1719604,286D042AFEE95BC0,electric_bike,2021-09-06 14:59:44,2021-09-06 15:15:37,Bayard St & Leonard St,5442,E 6 St & Avenue B,5584,40.71915571696044,-73.94885390996933,40.72453734,-73.98185424,member
1719620,BAD7DC6514E33BE4,electric_bike,2021-09-26 16:07:25,2021-09-26 16:29:10,Bayard St & Leonard St,5442,Monroe St & Bedford Ave,4368,40.71915571696044,-73.94885390996933,40.6851443,-73.95380904,member
1719622,F3B8C34D2839A449,classic_bike,2021-09-03 16:52:54,2021-09-03 17:16:01,Bayard St & Leonard St,5442,Monroe St & Bedford Ave,4368,40.71915571696044,-73.94885390996933,40.6851443,-73.95380904,casual
1719623,15B4523CA4DBED11,electric_bike,2021-09-16 23:01:48,2021-09-16 23:56:28,Bayard St & Leonard St,5442,Broadway & Roebling St,5125,40.71915571696044,-73.94885390996933,40.70924826276157,-73.96063148975372,casual
1719639,F7832D0054ED0700,electric_bike,2021-09-19 14:18:03,2021-09-19 14:36:23,Bayard St & Leonard St,5442,E 10 St & Avenue A,5659,40.71915571696044,-73.94885390996933,40.72740794,-73.98142006,member
1727557,5F9D82476CA847DD,classic_bike,2021-09-07 08:14:41,2021-09-07 08:41:33,Manhattan Av & Leonard St,5442,Broadway & E 14 St,5905,40.72084,-73.94844,40.73454567,-73.99074142,member
1736960,EBCBFF83328D7394,classic_bike,2021-09-18 10:57:18,2021-09-18 11:23:49,Manhattan Av & Leonard St,5442,Fulton St & Utica Ave,4228,40.72084,-73.94844,40.6794268,-73.9298911,member
1736965,E4745163476C8E82,classic_bike,2021-09-27 08:56:01,2021-09-27 09:21:43,Manhattan Av & Leonard St,5442,Lispenard St & Broadway,5391,40.72084,-73.94844,40.71939226,-74.00247214,member
1736983,7F52A6C020A31115,classic_bike,2021-09-14 08:07:44,2021-09-14 08:35:35,Manhattan Av & Leonard St,5442,Broadway & E 14 St,5905,40.72084,-73.94844,40.73454567,-73.99074142,member
1736984,60352950B8DE54F7,classic_bike,2021-09-10 08:14:30,2021-09-10 08:39:53,Manhattan Av & Leonard St,5442,Broadway & E 14 St,5905,40.72084,-73.94844,40.73454567,-73.99074142,member
1736994,47ED0191487296D1,classic_bike,2021-09-29 08:41:07,2021-09-29 09:08:05,Manhattan Av & Leonard St,5442,Lispenard St & Broadway,5391,40.72084,-73.94844,40.71939226,-74.00247214,member
1737052,DA99C711A14B0C05,classic_bike,2021-09-16 09:02:01,2021-09-16 09:26:10,Manhattan Av & Leonard St,5442,Lispenard St & Broadway,5391,40.72084,-73.94844,40.71939226,-74.00247214,member
1737054,E71F9B625104E932,electric_bike,2021-09-05 01:04:21,2021-09-05 02:26:02,Manhattan Av & Leonard St,5442,Berkeley Pl & 6 Ave,4134,40.72084,-73.94844,40.6765304,-73.97846879,casual
1737057,51910A2E1530CCBD,classic_bike,2021-09-10 08:30:33,2021-09-10 08:58:04,Manhattan Av & Leonard St,5442,Lispenard St & Broadway,5391,40.72084,-73.94844,40.71939226,-74.00247214,member
1737081,AD7E637E972D3379,classic_bike,2021-09-23 08:03:25,2021-09-23 08:28:52,Manhattan Av & Leonard St,5442,Broadway & E 14 St,5905,40.72084,-73.94844,40.73454567,-73.99074142,member
1737082,E5FDEF1573BCFF83,classic_bike,2021-09-16 08:13:37,2021-09-16 08:39:26,Manhattan Av & Leonard St,5442,Broadway & E 14 St,5905,40.72084,-73.94844,40.73454567,-73.99074142,member
1737160,D7996ED83714F51C,classic_bike,2021-09-02 08:06:44,2021-09-02 08:31:30,Manhattan Av & Leonard St,5442,Broadway & E 14 St,5905,40.72084,-73.94844,40.73454567,-73.99074142,member
1737161,73A26974F8CE6B06,classic_bike,2021-09-17 08:03:57,2021-09-17 08:31:56,Manhattan Av & Leonard St,5442,Broadway & E 14 St,5905,40.72084,-73.94844,40.73454567,-73.99074142,member
1737163,C69FD52EFD2B12A9,classic_bike,2021-09-15 09:29:21,2021-09-15 09:56:38,Manhattan Av & Leonard St,5442,Lispenard St & Broadway,5391,40.72084,-73.94844,40.71939226,-74.00247214,member
1748546,C31C8B37E23B4DB7,classic_bike,2021-09-20 08:01:28,2021-09-20 08:28:27,Manhattan Av & Leonard St,5442,Broadway & E 14 St,5905,40.72084,-73.94844,40.73454567,-73.99074142,member
1748547,D85EDFE56BBD0081,classic_bike,2021-09-28 08:14:37,2021-09-28 08:42:20,Manhattan Av & Leonard St,5442,Broadway & E 14 St,5905,40.72084,-73.94844,40.73454567,-73.99074142,member
1748548,7E0AC0A3B834733B,classic_bike,2021-09-30 08:13:58,2021-09-30 08:39:25,Manhattan Av & Leonard St,5442,Broadway & E 14 St,5905,40.72084,-73.94844,40.73454567,-73.99074142,member
1752052,7F8A8274DB3F584A,electric_bike,2021-09-26 13:36:04,2021-09-26 14:01:56,Bayard St & Leonard St,5442,King St & Varick St,5687,40.71915571696044,-73.94885390996933,40.72789701409023,-74.00536268949507,member
1752083,4E875EC9D07AA90B,electric_bike,2021-09-17 14:40:27,2021-09-17 14:57:54,Bayard St & Leonard St,5442,Lispenard St & Broadway,5391,40.71915571696044,-73.94885390996933,40.71939226,-74.00247214,member
1754517,E3F7C61EE386528E,electric_bike,2021-09-10 11:05:33,2021-09-10 11:35:53,Bayard St & Leonard St,5442,Broadway & E 14 St,5905,40.71915571696044,-73.94885390996933,40.73454567,-73.99074142,member
1769991,B625A13180326CDA,electric_bike,2021-09-30 07:07:16,2021-09-30 07:22:11,Bayard St & Leonard St,5442,Irving Ave & Harman St,4856,40.71915571696044,-73.94885390996933,40.70108,-73.9179,member
1770015,ADC6C1455DD4E124,electric_bike,2021-09-22 07:01:49,2021-09-22 07:17:27,Bayard St & Leonard St,5442,Irving Ave & Harman St,4856,40.71915571696044,-73.94885390996933,40.70108,-73.9179,member
1770036,B82DF70139321A97,electric_bike,2021-09-21 06:59:43,2021-09-21 07:17:39,Bayard St & Leonard St,5442,Irving Ave & Harman St,4856,40.71915571696044,-73.94885390996933,40.70108,-73.9179,member
1777902,29349EC73C9D9EA7,electric_bike,2021-09-04 19:51:23,2021-09-04 20:12:46,Bayard St & Leonard St,5442,Classon Ave & St Marks Ave,4074,40.71915571696044,-73.94885390996933,40.6765198,-73.9596082,member
1783839,E8E7CB788CA3B3B7,classic_bike,2021-09-17 18:29:15,2021-09-17 18:55:37,Bayard St & Leonard St,5442,Boerum St & Broadway,5004,40.71915571696044,-73.94885390996933,40.70538077,-73.94976519,member
1783852,D9AC3C5D60A4AAC1,classic_bike,2021-09-26 20:34:31,2021-09-26 20:44:57,Bayard St & Leonard St,5442,Boerum St & Broadway,5004,40.71915571696044,-73.94885390996933,40.70538077,-73.94976519,member
1799484,4F4FC1E46AEA9C10,classic_bike,2021-09-28 14:41:43,2021-09-28 15:02:20,Manhattan Av & Leonard St,5442,Boerum St & Broadway,5004,40.72084,-73.94844,40.70538077,-73.94976519,casual
1799793,5D67C131B76150DC,electric_bike,2021-09-12 06:46:47,2021-09-12 07:17:52,Manhattan Av & Leonard St,5442,6 St & 7 Ave,3834,40.72084,-73.94844,40.6686627,-73.97988067,member
1800151,44028F829D0DFC9D,electric_bike,2021-09-13 19:40:58,2021-09-13 20:05:30,Manhattan Av & Leonard St,5442,Classon Ave & St Marks Ave,4074,40.72084,-73.94844,40.6765198,-73.9596082,member
1803645,C71567237371DCF2,electric_bike,2021-09-29 18:26:10,2021-09-29 19:00:45,Manhattan Av & Leonard St,5442,West St & Liberty St,5184,40.72084,-73.94844,40.711444,-74.014847,member
1806856,C8358E98B8E54A36,electric_bike,2021-09-13 18:34:24,2021-09-13 18:40:55,Bayard St & Leonard St,5442,Boerum St & Broadway,5004,40.71915571696044,-73.94885390996933,40.70538077,-73.94976519,casual
1806899,4CA02BFF177235A7,electric_bike,2021-09-22 08:20:03,2021-09-22 08:40:24,Bayard St & Leonard St,5442,MacDougal St & Prince St,5687,40.71915571696044,-73.94885390996933,40.72710258,-74.00297088,member
1806902,D69773B906F91BA4,electric_bike,2021-09-16 08:13:40,2021-09-16 08:32:58,Bayard St & Leonard St,5442,MacDougal St & Prince St,5687,40.71915571696044,-73.94885390996933,40.72710258,-74.00297088,member
1808017,0A2DEB137489EF66,classic_bike,2021-09-10 02:48:29,2021-09-10 03:01:59,Bayard St & Leonard St,5442,Boerum St & Broadway,5004,40.71915571696044,-73.94885390996933,40.70538077,-73.94976519,member
1809200,E9B89800DA2B9601,classic_bike,2021-09-07 12:57:31,2021-09-07 13:08:00,Bayard St & Leonard St,5442,Boerum St & Broadway,5004,40.71915571696044,-73.94885390996933,40.70538077,-73.94976519,member
1824540,8A43D171224EF5D8,classic_bike,2021-09-28 14:40:08,2021-09-28 15:02:17,Manhattan Av & Leonard St,5442,Boerum St & Broadway,5004,40.72084,-73.94844,40.70538077,-73.94976519,casual
1825220,EB6B191ECA162BDD,classic_bike,2021-09-01 14:46:43,2021-09-01 14:57:52,Bayard St & Leonard St,5442,Boerum St & Broadway,5004,40.71915571696044,-73.94885390996933,40.70538077,-73.94976519,member
1825224,9A923CC324F4CB2E,classic_bike,2021-09-04 20:38:58,2021-09-04 21:13:11,Bayard St & Leonard St,5442,Franklin Ave & St Marks Ave,4107,40.71915571696044,-73.94885390996933,40.6758324,-73.9561677,member
1825248,95FB23A91AD0EE7F,electric_bike,2021-09-02 09:39:37,2021-09-02 09:47:36,Bayard St & Leonard St,5442,Boerum St & Broadway,5004,40.71915571696044,-73.94885390996933,40.70538077,-73.94976519,casual
1825259,A06A9E16A4058185,classic_bike,2021-09-04 20:40:44,2021-09-04 21:12:57,Bayard St & Leonard St,5442,Franklin Ave & St Marks Ave,4107,40.71915571696044,-73.94885390996933,40.6758324,-73.9561677,member
1825347,CD594EA1115D6218,classic_bike,2021-09-10 20:46:11,2021-09-10 20:55:01,Bayard St & Leonard St,5442,Boerum St & Broadway,5004,40.71915571696044,-73.94885390996933,40.70538077,-73.94976519,member
1826912,24C423B0D9E5DBEC,electric_bike,2021-09-25 06:56:07,2021-09-25 07:26:43,Bayard St & Leonard St,5442,6 St & 7 Ave,3834,40.71915571696044,-73.94885390996933,40.6686627,-73.97988067,member
1826913,59290005137DB8FB,classic_bike,2021-09-22 15:25:18,2021-09-22 15:40:45,Bayard St & Leonard St,5442,Boerum St & Broadway,5004,40.71915571696044,-73.94885390996933,40.70538077,-73.94976519,member
1833228,243F946E4816E840,classic_bike,2021-09-06 22:16:43,2021-09-06 22:59:06,Manhattan Av & Leonard St,5442,Franklin Ave & St Marks Ave,4107,40.72084,-73.94844,40.6758324,-73.9561677,member
1842066,5A4F0DE3720CF726,classic_bike,2021-09-25 16:58:34,2021-09-26 02:32:27,Bayard St & Leonard St,5442,Central Ave & Covert St,4550,40.71915571696044,-73.94885390996933,40.68929,-73.90951,casual
1846777,CAA47DCC1D9FDF50,classic_bike,2021-09-20 10:22:59,2021-09-20 10:28:20,Manhattan Av & Leonard St,5442,Banker St & Meserole Ave,5633,40.72084,-73.94844,40.72606,-73.95621,member
1846785,1E573CFB7402CC86,electric_bike,2021-09-08 14:47:49,2021-09-08 14:56:40,Manhattan Av & Leonard St,5442,Banker St & Meserole Ave,5633,40.72084,-73.94844,40.72606,-73.95621,member
1846795,1F9ED4F4566203F8,classic_bike,2021-09-29 10:56:38,2021-09-29 11:00:24,Manhattan Av & Leonard St,5442,Banker St & Meserole Ave,5633,40.72084,-73.94844,40.72606,-73.95621,member
1847266,B7965C5AA46B6980,classic_bike,2021-09-03 07:05:20,2021-09-03 07:09:53,Manhattan Av & Leonard St,5442,Banker St & Meserole Ave,5633,40.72084,-73.94844,40.72606,-73.95621,member
1852975,4C9B4C90D8783004,classic_bike,2021-09-06 18:05:28,2021-09-06 18:30:36,Bayard St & Leonard St,5442,Lexington Ave & Classon Ave,4452,40.71915571696044,-73.94885390996933,40.68676793,-73.95928168,member
1856864,93249E8A66C11796,classic_bike,2021-09-23 10:21:24,2021-09-23 10:28:19,Manhattan Av & Leonard St,5442,Banker St & Meserole Ave,5633,40.72084,-73.94844,40.72606,-73.95621,member
1856899,130A59D3DC38C179,classic_bike,2021-09-15 10:24:51,2021-09-15 10:30:27,Manhattan Av & Leonard St,5442,Banker St & Meserole Ave,5633,40.72084,-73.94844,40.72606,-73.95621,member
1861765,0A61DDB032E48053,classic_bike,2021-09-17 11:40:06,2021-09-17 11:46:42,Bayard St & Leonard St,5442,Banker St & Meserole Ave,5633,40.71915571696044,-73.94885390996933,40.72606,-73.95621,casual
1862910,4CDBC94E9F800949,classic_bike,2021-09-08 18:19:30,2021-09-08 19:05:43,Bayard St & Leonard St,5442,Broadway & W 58 St,6948,40.71915571696044,-73.94885390996933,40.76695317,-73.98169333,member
1863304,52218213EF939121,classic_bike,2021-09-18 16:45:24,2021-09-18 16:51:49,Bayard St & Leonard St,5442,Banker St & Meserole Ave,5633,40.71915571696044,-73.94885390996933,40.72606,-73.95621,member
1863306,88CF6EE08F6A66DE,classic_bike,2021-09-07 20:11:35,2021-09-07 20:29:42,Bayard St & Leonard St,5442,Banker St & Meserole Ave,5633,40.71915571696044,-73.94885390996933,40.72606,-73.95621,member
1863646,B84484734F81641E,classic_bike,2021-09-06 18:05:01,2021-09-06 18:30:07,Bayard St & Leonard St,5442,Lexington Ave & Classon Ave,4452,40.71915571696044,-73.94885390996933,40.68676793,-73.95928168,casual
1877400,AA74E46DC01E3DC0,electric_bike,2021-09-30 21:55:36,2021-09-30 22:00:55,Bayard St & Leonard St,5442,Banker St & Meserole Ave,5633,40.71915571696044,-73.94885390996933,40.72606,-73.95621,member
1877429,20D236EA5B27D197,classic_bike,2021-09-30 21:55:08,2021-09-30 22:00:35,Bayard St & Leonard St,5442,Banker St & Meserole Ave,5633,40.71915571696044,-73.94885390996933,40.72606,-73.95621,member
1887631,88133EAA84F6E6D0,electric_bike,2021-09-23 17:54:35,2021-09-23 18:01:02,Bayard St & Leonard St,5442,Banker St & Meserole Ave,5633,40.71915571696044,-73.94885390996933,40.72606,-73.95621,member
1890622,F1576EA28A6DF294,classic_bike,2021-09-13 18:31:35,2021-09-13 18:36:06,Bayard St & Leonard St,5442,N 6 St & Bedford Ave,5379,40.71915571696044,-73.94885390996933,40.71745169,-73.95850939,member
1890629,56F62984D4C260FA,classic_bike,2021-09-01 08:48:28,2021-09-01 08:53:14,Bayard St & Leonard St,5442,N 6 St & Bedford Ave,5379,40.71915571696044,-73.94885390996933,40.71745169,-73.95850939,member
1890643,5860F22A4AF08156,classic_bike,2021-09-10 13:19:07,2021-09-10 13:24:05,Bayard St & Leonard St,5442,N 6 St & Bedford Ave,5379,40.71915571696044,-73.94885390996933,40.71745169,-73.95850939,casual
1890659,230D9348BF1436C5,classic_bike,2021-09-28 07:43:15,2021-09-28 07:48:34,Bayard St & Leonard St,5442,N 6 St & Bedford Ave,5379,40.71915571696044,-73.94885390996933,40.71745169,-73.95850939,member
1890665,9D2147CDF259B8F3,classic_bike,2021-09-19 18:52:35,2021-09-19 18:59:45,Bayard St & Leonard St,5442,Calyer St & Jewel St,5743,40.71915571696044,-73.94885390996933,40.72984,-73.94839,member
1890673,4B7EF049B3EEDAAF,classic_bike,2021-09-11 15:59:33,2021-09-11 16:10:47,Bayard St & Leonard St,5442,N 6 St & Bedford Ave,5379,40.71915571696044,-73.94885390996933,40.71745169,-73.95850939,member
1890680,BB1AA08AE2434520,classic_bike,2021-09-07 18:30:08,2021-09-07 18:33:56,Bayard St & Leonard St,5442,N 6 St & Bedford Ave,5379,40.71915571696044,-73.94885390996933,40.71745169,-73.95850939,casual
1890689,2A4550C48BFA16DA,classic_bike,2021-09-04 21:01:27,2021-09-04 21:10:10,Bayard St & Leonard St,5442,N 6 St & Bedford Ave,5379,40.71915571696044,-73.94885390996933,40.71745169,-73.95850939,casual
1890697,FF92FB817F833083,classic_bike,2021-09-10 13:20:11,2021-09-10 13:24:09,Bayard St & Leonard St,5442,N 6 St & Bedford Ave,5379,40.71915571696044,-73.94885390996933,40.71745169,-73.95850939,casual
1890710,3B87BC48BA02FC28,electric_bike,2021-09-21 18:36:57,2021-09-21 18:40:24,Bayard St & Leonard St,5442,N 6 St & Bedford Ave,5379,40.71915571696044,-73.94885390996933,40.71745169,-73.95850939,casual
1890716,09692D8B53EDE68C,classic_bike,2021-09-22 18:14:38,2021-09-22 18:20:46,Bayard St & Leonard St,5442,N 6 St & Bedford Ave,5379,40.71915571696044,-73.94885390996933,40.71745169,-73.95850939,casual
1890725,B01E7726D8D617BB,classic_bike,2021-09-03 15:11:34,2021-09-03 15:17:37,Bayard St & Leonard St,5442,N 6 St & Bedford Ave,5379,40.71915571696044,-73.94885390996933,40.71745169,-73.95850939,member
1890743,8576DD390996761B,electric_bike,2021-09-13 12:32:23,2021-09-13 12:39:15,Bayard St & Leonard St,5442,N 6 St & Bedford Ave,5379,40.71915571696044,-73.94885390996933,40.71745169,-73.95850939,casual
1890754,14001F8A7C09C72B,classic_bike,2021-09-22 15:07:07,2021-09-22 15:11:53,Bayard St & Leonard St,5442,N 6 St & Bedford Ave,5379,40.71915571696044,-73.94885390996933,40.71745169,-73.95850939,member
1890757,9DF28F09944796E2,classic_bike,2021-09-15 17:15:52,2021-09-15 17:23:14,Bayard St & Leonard St,5442,N 6 St & Bedford Ave,5379,40.71915571696044,-73.94885390996933,40.71745169,-73.95850939,member
1890760,270A35847B7E6C86,classic_bike,2021-09-30 11:50:48,2021-09-30 12:18:22,Bayard St & Leonard St,5442,N 6 St & Bedford Ave,5379,40.71915571696044,-73.94885390996933,40.71745169,-73.95850939,member
1890765,105AC32CF20008F9,classic_bike,2021-09-06 17:05:14,2021-09-06 17:12:44,Bayard St & Leonard St,5442,Morgan Ave & Maspeth Ave,5354,40.71915571696044,-73.94885390996933,40.716657,-73.93637,member
1890766,A7660649E6FECF13,electric_bike,2021-09-21 17:55:42,2021-09-21 18:03:20,Bayard St & Leonard St,5442,Montrose Ave & Bushwick Ave,5068,40.71915571696044,-73.94885390996933,40.70767788,-73.94016171,member
1890797,40F1B366BEF184F5,classic_bike,2021-09-17 09:21:51,2021-09-17 09:26:11,Bayard St & Leonard St,5442,N 6 St & Bedford Ave,5379,40.71915571696044,-73.94885390996933,40.71745169,-73.95850939,member
1893030,093269EC6726097D,classic_bike,2021-09-06 14:57:41,2021-09-06 15:17:09,Bayard St & Leonard St,5442,N 6 St & Bedford Ave,5379,40.71915571696044,-73.94885390996933,40.71745169,-73.95850939,casual
1893031,B7A31DAE2E15526B,classic_bike,2021-09-17 18:07:58,2021-09-17 18:15:13,Bayard St & Leonard St,5442,N 6 St & Bedford Ave,5379,40.71915571696044,-73.94885390996933,40.71745169,-73.95850939,casual
1893315,6C37D7D932BA0085,classic_bike,2021-09-12 13:17:16,2021-09-12 13:22:35,Bayard St & Leonard St,5442,N 6 St & Bedford Ave,5379,40.71915571696044,-73.94885390996933,40.71745169,-73.95850939,member
1903361,4494CCF801603C99,classic_bike,2021-09-27 12:40:44,2021-09-27 12:47:33,Manhattan Av & Leonard St,5442,N 6 St & Bedford Ave,5379,40.72084,-73.94844,40.71745169,-73.95850939,member
1903362,10B11783EA3CCDC3,classic_bike,2021-09-19 15:07:24,2021-09-19 15:13:25,Manhattan Av & Leonard St,5442,Calyer St & Jewel St,5743,40.72084,-73.94844,40.72984,-73.94839,member
1903547,7880A16C75ED8F6D,classic_bike,2021-09-21 08:43:25,2021-09-21 08:47:34,Manhattan Av & Leonard St,5442,N 6 St & Bedford Ave,5379,40.72084,-73.94844,40.71745169,-73.95850939,member
1903555,C06DA2DE2FAAF8D5,classic_bike,2021-09-12 14:04:06,2021-09-12 14:13:09,Manhattan Av & Leonard St,5442,N 6 St & Bedford Ave,5379,40.72084,-73.94844,40.71745169,-73.95850939,member
1903557,772335C3DFCDF11F,classic_bike,2021-09-24 16:34:07,2021-09-24 16:40:22,Manhattan Av & Leonard St,5442,N 6 St & Bedford Ave,5379,40.72084,-73.94844,40.71745169,-73.95850939,member
1903564,28FDD12A5812E9BA,classic_bike,2021-09-08 09:28:12,2021-09-08 09:33:49,Manhattan Av & Leonard St,5442,N 6 St & Bedford Ave,5379,40.72084,-73.94844,40.71745169,-73.95850939,member
1903574,F58E617F40DAE908,classic_bike,2021-09-10 14:36:15,2021-09-10 14:43:51,Manhattan Av & Leonard St,5442,N 6 St & Bedford Ave,5379,40.72084,-73.94844,40.71745169,-73.95850939,member
1903579,DB650FFB0A80A7A9,classic_bike,2021-09-06 21:48:34,2021-09-06 21:58:49,Manhattan Av & Leonard St,5442,N 6 St & Bedford Ave,5379,40.72084,-73.94844,40.71745169,-73.95850939,casual
1903580,768ADDBDD3B699F4,classic_bike,2021-09-06 21:49:07,2021-09-06 21:58:49,Manhattan Av & Leonard St,5442,N 6 St & Bedford Ave,5379,40.72084,-73.94844,40.71745169,-73.95850939,casual
1903586,15E8420C77999A1E,classic_bike,2021-09-19 15:20:03,2021-09-19 15:25:31,Manhattan Av & Leonard St,5442,N 6 St & Bedford Ave,5379,40.72084,-73.94844,40.71745169,-73.95850939,member
1903587,714D5A43E870A346,classic_bike,2021-09-09 15:01:49,2021-09-09 15:07:20,Manhattan Av & Leonard St,5442,N 6 St & Bedford Ave,5379,40.72084,-73.94844,40.71745169,-73.95850939,member
1903588,0B7D51807D1800E3,classic_bike,2021-09-09 09:58:38,2021-09-09 10:03:21,Manhattan Av & Leonard St,5442,N 6 St & Bedford Ave,5379,40.72084,-73.94844,40.71745169,-73.95850939,member
1903622,FA127B30DB03F1FE,classic_bike,2021-09-18 17:13:17,2021-09-18 17:32:54,Manhattan Av & Leonard St,5442,N 6 St & Bedford Ave,5379,40.72084,-73.94844,40.71745169,-73.95850939,member
1903625,DBBB0219738BD9A5,classic_bike,2021-09-25 18:17:30,2021-09-25 18:23:52,Manhattan Av & Leonard St,5442,N 6 St & Bedford Ave,5379,40.72084,-73.94844,40.71745169,-73.95850939,member
1903659,D666686B4905A834,classic_bike,2021-09-30 15:51:16,2021-09-30 15:58:54,Manhattan Av & Leonard St,5442,N 6 St & Bedford Ave,5379,40.72084,-73.94844,40.71745169,-73.95850939,member
1903661,AF3830ADA4551B8A,classic_bike,2021-09-03 18:35:15,2021-09-03 18:40:40,Manhattan Av & Leonard St,5442,N 6 St & Bedford Ave,5379,40.72084,-73.94844,40.71745169,-73.95850939,member
1904013,357A52779E6E6F55,electric_bike,2021-09-02 09:53:30,2021-09-02 09:57:38,Manhattan Av & Leonard St,5442,N 6 St & Bedford Ave,5379,40.72084,-73.94844,40.71745169,-73.95850939,member
1904014,F7EA8F08A5945B75,classic_bike,2021-09-21 19:20:20,2021-09-21 19:26:09,Manhattan Av & Leonard St,5442,N 6 St & Bedford Ave,5379,40.72084,-73.94844,40.71745169,-73.95850939,member
1904827,B296C5901FA5093F,classic_bike,2021-09-22 20:55:20,2021-09-22 21:01:13,Bayard St & Leonard St,5442,N 6 St & Bedford Ave,5379,40.71915571696044,-73.94885390996933,40.71745169,-73.95850939,casual
1904844,267BEB29C17EE838,classic_bike,2021-09-07 08:22:59,2021-09-07 08:28:18,Bayard St & Leonard St,5442,Calyer St & Jewel St,5743,40.71915571696044,-73.94885390996933,40.72984,-73.94839,member
1904884,AF6FE422784F874A,electric_bike,2021-09-14 18:26:15,2021-09-14 18:31:28,Bayard St & Leonard St,5442,N 6 St & Bedford Ave,5379,40.71915571696044,-73.94885390996933,40.71745169,-73.95850939,casual
1904902,C9B34BA79BCC99EE,classic_bike,2021-09-06 13:16:38,2021-09-06 13:31:26,Bayard St & Leonard St,5442,N 6 St & Bedford Ave,5379,40.71915571696044,-73.94885390996933,40.71745169,-73.95850939,casual
1904906,97ABE01DCB3E9FCC,classic_bike,2021-09-03 20:12:04,2021-09-03 20:43:18,Bayard St & Leonard St,5442,Halsey St & Evergreen Ave,4474,40.71915571696044,-73.94885390996933,40.68858,-73.91227,casual
1904907,76564322CC453E13,classic_bike,2021-09-04 10:41:21,2021-09-04 10:54:40,Bayard St & Leonard St,5442,Montrose Ave & Bushwick Ave,5068,40.71915571696044,-73.94885390996933,40.70767788,-73.94016171,casual
1904912,941121A64391D524,classic_bike,2021-09-03 15:12:30,2021-09-03 15:17:46,Bayard St & Leonard St,5442,N 6 St & Bedford Ave,5379,40.71915571696044,-73.94885390996933,40.71745169,-73.95850939,member
1904915,3D999A237AA55F40,classic_bike,2021-09-10 07:36:28,2021-09-10 07:45:25,Bayard St & Leonard St,5442,Montrose Ave & Bushwick Ave,5068,40.71915571696044,-73.94885390996933,40.70767788,-73.94016171,member
1904916,026171ABF44AE2AB,classic_bike,2021-09-07 17:30:40,2021-09-07 17:35:13,Bayard St & Leonard St,5442,N 6 St & Bedford Ave,5379,40.71915571696044,-73.94885390996933,40.71745169,-73.95850939,member
1904920,36BB4A883B9E60C3,classic_bike,2021-09-27 20:10:41,2021-09-27 20:18:06,Bayard St & Leonard St,5442,Montrose Ave & Bushwick Ave,5068,40.71915571696044,-73.94885390996933,40.70767788,-73.94016171,member
1904921,DE9E6CAC942A30B4,classic_bike,2021-09-22 18:13:31,2021-09-22 18:21:11,Bayard St & Leonard St,5442,Montrose Ave & Bushwick Ave,5068,40.71915571696044,-73.94885390996933,40.70767788,-73.94016171,member
1904922,86473F37D38A30DF,classic_bike,2021-09-15 18:31:30,2021-09-15 18:42:08,Bayard St & Leonard St,5442,Montrose Ave & Bushwick Ave,5068,40.71915571696044,-73.94885390996933,40.70767788,-73.94016171,member
1904923,67F6FEA3F1F73335,classic_bike,2021-09-13 19:09:54,2021-09-13 19:24:18,Bayard St & Leonard St,5442,Montrose Ave & Bushwick Ave,5068,40.71915571696044,-73.94885390996933,40.70767788,-73.94016171,member
1904925,0BF5ACF24F61A738,classic_bike,2021-09-17 13:01:10,2021-09-17 13:20:20,Bayard St & Leonard St,5442,N 6 St & Bedford Ave,5379,40.71915571696044,-73.94885390996933,40.71745169,-73.95850939,member
1904962,BF5CACEFB883A584,classic_bike,2021-09-16 13:23:24,2021-09-16 13:27:56,Bayard St & Leonard St,5442,N 6 St & Bedford Ave,5379,40.71915571696044,-73.94885390996933,40.71745169,-73.95850939,member
1904963,069E8E9C098618D3,electric_bike,2021-09-07 10:35:21,2021-09-07 10:38:57,Bayard St & Leonard St,5442,N 6 St & Bedford Ave,5379,40.71915571696044,-73.94885390996933,40.71745169,-73.95850939,member
1905006,1CF49221AEA186CA,classic_bike,2021-09-29 18:09:24,2021-09-29 18:15:29,Bayard St & Leonard St,5442,Calyer St & Jewel St,5743,40.71915571696044,-73.94885390996933,40.72984,-73.94839,member
1905009,A28BA748852C89A6,classic_bike,2021-09-06 17:05:02,2021-09-06 17:12:59,Bayard St & Leonard St,5442,Morgan Ave & Maspeth Ave,5354,40.71915571696044,-73.94885390996933,40.716657,-73.93637,member
1905011,83C2FF1D4F223B22,classic_bike,2021-09-03 15:47:16,2021-09-03 15:51:47,Bayard St & Leonard St,5442,N 6 St & Bedford Ave,5379,40.71915571696044,-73.94885390996933,40.71745169,-73.95850939,member
1905123,1F9ED330C796C7A2,classic_bike,2021-09-22 09:07:20,2021-09-22 09:11:45,Bayard St & Leonard St,5442,N 6 St & Bedford Ave,5379,40.71915571696044,-73.94885390996933,40.71745169,-73.95850939,member
1905155,050FE2E5C302D10F,classic_bike,2021-09-15 15:21:31,2021-09-15 15:43:26,Bayard St & Leonard St,5442,Lewis Ave & Madison St,4425,40.71915571696044,-73.94885390996933,40.686312,-73.935775,member
1905159,AF67CDDD2D6A4DEA,classic_bike,2021-09-29 18:01:15,2021-09-29 18:09:19,Bayard St & Leonard St,5442,Montrose Ave & Bushwick Ave,5068,40.71915571696044,-73.94885390996933,40.70767788,-73.94016171,member
1905169,FE1DEB38AFD1F467,electric_bike,2021-09-26 12:38:35,2021-09-26 12:51:53,Bayard St & Leonard St,5442,Rivington St & Ridge St,5406,40.71915571696044,-73.94885390996933,40.71850211,-73.98329859,member
1905172,3F5232B564BECC3A,classic_bike,2021-09-06 17:05:27,2021-09-06 17:12:51,Bayard St & Leonard St,5442,Morgan Ave & Maspeth Ave,5354,40.71915571696044,-73.94885390996933,40.716657,-73.93637,member
1905174,26C840C0B7E83D37,classic_bike,2021-09-04 19:02:50,2021-09-04 19:09:51,Bayard St & Leonard St,5442,N 6 St & Bedford Ave,5379,40.71915571696044,-73.94885390996933,40.71745169,-73.95850939,member
1905744,D945EE4C43E6F090,electric_bike,2021-09-07 12:37:22,2021-09-07 12:48:45,Manhattan Av & Leonard St,5442,Montrose Ave & Bushwick Ave,5068,40.72084,-73.94844,40.70767788,-73.94016171,casual
1905756,B59701EC7FE07BEA,classic_bike,2021-09-01 12:28:03,2021-09-01 12:34:06,Manhattan Av & Leonard St,5442,N 6 St & Bedford Ave,5379,40.72084,-73.94844,40.71745169,-73.95850939,member
1905848,5B19E855381B37E1,classic_bike,2021-09-22 08:00:55,2021-09-22 08:06:08,Manhattan Av & Leonard St,5442,N 6 St & Bedford Ave,5379,40.72084,-73.94844,40.71745169,-73.95850939,member
1910020,44CE3F00398E8B35,classic_bike,2021-09-10 09:42:38,2021-09-10 09:50:22,Bayard St & Leonard St,5442,Calyer St & Jewel St,5743,40.71915571696044,-73.94885390996933,40.72984,-73.94839,member
1910027,83F66540A65384EE,classic_bike,2021-09-26 23:31:28,2021-09-26 23:45:09,Bayard St & Leonard St,5442,Montrose Ave & Bushwick Ave,5068,40.71915571696044,-73.94885390996933,40.70767788,-73.94016171,casual
1910100,817B260745DC704C,electric_bike,2021-09-15 16:55:30,2021-09-15 16:59:21,Bayard St & Leonard St,5442,N 6 St & Bedford Ave,5379,40.71915571696044,-73.94885390996933,40.71745169,-73.95850939,member
1910105,87FB3A083B64E0DB,classic_bike,2021-09-10 13:45:35,2021-09-10 13:50:28,Bayard St & Leonard St,5442,N 6 St & Bedford Ave,5379,40.71915571696044,-73.94885390996933,40.71745169,-73.95850939,member
1910574,7C0D52B99A0DBE38,classic_bike,2021-09-27 15:23:49,2021-09-27 15:32:24,Bayard St & Leonard St,5442,N 6 St & Bedford Ave,5379,40.71915571696044,-73.94885390996933,40.71745169,-73.95850939,member
1916655,5497881F05324473,classic_bike,2021-09-13 18:42:28,2021-09-13 18:51:42,Manhattan Av & Leonard St,5442,Montrose Ave & Bushwick Ave,5068,40.72084,-73.94844,40.70767788,-73.94016171,member
1916657,01769416C4F5801C,classic_bike,2021-09-03 18:43:49,2021-09-03 18:49:25,Manhattan Av & Leonard St,5442,N 6 St & Bedford Ave,5379,40.72084,-73.94844,40.71745169,-73.95850939,member
1916674,B6AA7A0856B5C7A6,classic_bike,2021-09-29 22:27:13,2021-09-29 22:36:46,Manhattan Av & Leonard St,5442,Montrose Ave & Bushwick Ave,5068,40.72084,-73.94844,40.70767788,-73.94016171,casual
1916699,4B2A7918CFA0179C,classic_bike,2021-09-04 12:28:14,2021-09-04 13:01:47,Manhattan Av & Leonard St,5442,Rivington St & Ridge St,5406,40.72084,-73.94844,40.71850211,-73.98329859,casual
1916703,B44FF08EE7EB4A38,classic_bike,2021-09-26 14:57:05,2021-09-26 15:05:50,Manhattan Av & Leonard St,5442,Morgan Ave & Maspeth Ave,5354,40.72084,-73.94844,40.716657,-73.93637,casual
1916715,CFB21A325AEF8352,electric_bike,2021-09-26 15:18:02,2021-09-26 15:22:07,Manhattan Av & Leonard St,5442,N 6 St & Bedford Ave,5379,40.72084,-73.94844,40.71745169,-73.95850939,member
1916720,49C7CC0E26ED2B36,electric_bike,2021-09-04 23:02:00,2021-09-04 23:27:35,Manhattan Av & Leonard St,5442,Lewis Ave & Madison St,4425,40.72084,-73.94844,40.686312,-73.935775,casual
1917008,C395545DFBA97895,classic_bike,2021-09-08 18:12:02,2021-09-08 18:22:12,Bayard St & Leonard St,5442,Montrose Ave & Bushwick Ave,5068,40.71915571696044,-73.94885390996933,40.70767788,-73.94016171,member
1917011,B749CCBC90BEA996,classic_bike,2021-09-10 18:19:11,2021-09-10 18:26:46,Bayard St & Leonard St,5442,Morgan Ave & Maspeth Ave,5354,40.71915571696044,-73.94885390996933,40.716657,-73.93637,member
1917013,513B737AF83A86A3,electric_bike,2021-09-01 09:50:08,2021-09-01 09:55:23,Bayard St & Leonard St,5442,N 6 St & Bedford Ave,5379,40.71915571696044,-73.94885390996933,40.71745169,-73.95850939,casual
1917014,33B85FA74B090E4A,electric_bike,2021-09-05 19:31:22,2021-09-05 20:16:51,Bayard St & Leonard St,5442,E 44 St & Lexington Ave,6464,40.71915571696044,-73.94885390996933,40.752643,-73.974996,casual
1917019,D311CFCD36AF9C4D,classic_bike,2021-09-12 11:51:10,2021-09-12 12:17:10,Bayard St & Leonard St,5442,Lewis Ave & Madison St,4425,40.71915571696044,-73.94885390996933,40.686312,-73.935775,casual
1917026,20B3E77281509D6D,classic_bike,2021-09-06 17:04:38,2021-09-06 17:12:52,Bayard St & Leonard St,5442,Morgan Ave & Maspeth Ave,5354,40.71915571696044,-73.94885390996933,40.716657,-73.93637,member
1917035,4228F9B00985F5F1,classic_bike,2021-09-11 17:51:42,2021-09-11 17:58:27,Bayard St & Leonard St,5442,N 6 St & Bedford Ave,5379,40.71915571696044,-73.94885390996933,40.71745169,-73.95850939,member
1917039,CD008B23950E832E,classic_bike,2021-09-23 13:30:41,2021-09-23 13:37:12,Bayard St & Leonard St,5442,N 6 St & Bedford Ave,5379,40.71915571696044,-73.94885390996933,40.71745169,-73.95850939,member
1917041,3CE66A75EBEFF06B,classic_bike,2021-09-08 08:35:38,2021-09-08 08:41:02,Bayard St & Leonard St,5442,N 6 St & Bedford Ave,5379,40.71915571696044,-73.94885390996933,40.71745169,-73.95850939,member
1917044,C885E3F8BEC2852C,classic_bike,2021-09-04 11:11:18,2021-09-04 11:39:11,Bayard St & Leonard St,5442,Lewis Ave & Madison St,4425,40.71915571696044,-73.94885390996933,40.686312,-73.935775,casual
1917045,B22873D5A8254445,classic_bike,2021-09-18 11:52:35,2021-09-18 12:05:12,Bayard St & Leonard St,5442,N 6 St & Bedford Ave,5379,40.71915571696044,-73.94885390996933,40.71745169,-73.95850939,casual
1917051,3BC7520A5E0D0577,classic_bike,2021-09-15 19:52:25,2021-09-15 20:02:20,Bayard St & Leonard St,5442,Montrose Ave & Bushwick Ave,5068,40.71915571696044,-73.94885390996933,40.70767788,-73.94016171,member
1917125,A2E75E8A16569426,electric_bike,2021-09-01 11:25:35,2021-09-01 11:33:52,Bayard St & Leonard St,5442,N 6 St & Bedford Ave,5379,40.71915571696044,-73.94885390996933,40.71745169,-73.95850939,casual
1917129,452CC6937DF206CC,electric_bike,2021-09-15 22:42:15,2021-09-15 22:49:35,Bayard St & Leonard St,5442,Montrose Ave & Bushwick Ave,5068,40.71915571696044,-73.94885390996933,40.70767788,-73.94016171,casual
1917133,412342322DA61EFB,electric_bike,2021-09-15 10:59:44,2021-09-15 11:03:05,Bayard St & Leonard St,5442,N 6 St & Bedford Ave,5379,40.71915571696044,-73.94885390996933,40.71745169,-73.95850939,member
1917139,DFDCE5D9760D1577,classic_bike,2021-09-30 07:49:58,2021-09-30 07:54:41,Bayard St & Leonard St,5442,N 6 St & Bedford Ave,5379,40.71915571696044,-73.94885390996933,40.71745169,-73.95850939,member
1917142,1BE760289354ADB2,classic_bike,2021-09-27 13:44:20,2021-09-27 13:48:23,Bayard St & Leonard St,5442,N 6 St & Bedford Ave,5379,40.71915571696044,-73.94885390996933,40.71745169,-73.95850939,casual
1917157,799C2DDFDB281825,electric_bike,2021-09-10 11:25:56,2021-09-10 11:31:40,Bayard St & Leonard St,5442,Calyer St & Jewel St,5743,40.71915571696044,-73.94885390996933,40.72984,-73.94839,member
1917159,99E0CBDB9F007622,classic_bike,2021-09-10 23:57:53,2021-09-11 00:04:05,Bayard St & Leonard St,5442,N 6 St & Bedford Ave,5379,40.71915571696044,-73.94885390996933,40.71745169,-73.95850939,member
1917160,0A9481A5B78EDC26,classic_bike,2021-09-07 10:41:40,2021-09-07 10:53:24,Bayard St & Leonard St,5442,Montrose Ave & Bushwick Ave,5068,40.71915571696044,-73.94885390996933,40.70767788,-73.94016171,member
1917161,F84A81BBC164735A,docked_bike,2021-09-12 18:45:52,2021-09-12 19:01:29,Bayard St & Leonard St,5442,Morgan Ave & Maspeth Ave,5354,40.719156,-73.948854,40.716657,-73.93637,casual
1917169,58F12056631208D0,electric_bike,2021-09-09 23:07:21,2021-09-09 23:21:19,Bayard St & Leonard St,5442,Rivington St & Ridge St,5406,40.71915571696044,-73.94885390996933,40.71850211,-73.98329859,member
1917170,6CC8D2623F9D8820,classic_bike,2021-09-05 16:31:32,2021-09-05 16:36:20,Bayard St & Leonard St,5442,N 6 St & Bedford Ave,5379,40.71915571696044,-73.94885390996933,40.71745169,-73.95850939,member
1917171,D9D707DF4A21A174,classic_bike,2021-09-06 15:35:41,2021-09-06 15:40:43,Bayard St & Leonard St,5442,N 6 St & Bedford Ave,5379,40.71915571696044,-73.94885390996933,40.71745169,-73.95850939,member
1917172,5EDF4BFC7D71F251,electric_bike,2021-09-05 15:32:22,2021-09-05 15:36:04,Bayard St & Leonard St,5442,N 6 St & Bedford Ave,5379,40.71915571696044,-73.94885390996933,40.71745169,-73.95850939,member
1917178,EE70DA6EB97D64A3,classic_bike,2021-09-26 08:27:34,2021-09-26 08:49:31,Bayard St & Leonard St,5442,N 6 St & Bedford Ave,5379,40.71915571696044,-73.94885390996933,40.71745169,-73.95850939,member
1917193,5AE6C793DD6F6810,classic_bike,2021-09-23 10:56:29,2021-09-23 11:01:03,Bayard St & Leonard St,5442,N 6 St & Bedford Ave,5379,40.71915571696044,-73.94885390996933,40.71745169,-73.95850939,member
1917210,392FCF831950D124,classic_bike,2021-09-08 11:16:44,2021-09-08 11:20:23,Bayard St & Leonard St,5442,N 6 St & Bedford Ave,5379,40.71915571696044,-73.94885390996933,40.71745169,-73.95850939,member
1917211,791FD1703CDD0F0D,classic_bike,2021-09-21 09:16:24,2021-09-21 09:20:13,Bayard St & Leonard St,5442,N 6 St & Bedford Ave,5379,40.71915571696044,-73.94885390996933,40.71745169,-73.95850939,member
1917215,B020984D4F510796,classic_bike,2021-09-28 17:17:36,2021-09-28 17:23:12,Bayard St & Leonard St,5442,N 6 St & Bedford Ave,5379,40.71915571696044,-73.94885390996933,40.71745169,-73.95850939,member
1917223,ADFEC206FC6007F4,classic_bike,2021-09-21 09:28:22,2021-09-21 09:31:28,Bayard St & Leonard St,5442,N 6 St & Bedford Ave,5379,40.71915571696044,-73.94885390996933,40.71745169,-73.95850939,member
1917266,611CE910B5ABB734,classic_bike,2021-09-24 17:18:52,2021-09-24 17:23:21,Bayard St & Leonard St,5442,N 6 St & Bedford Ave,5379,40.71915571696044,-73.94885390996933,40.71745169,-73.95850939,member
1917284,5BEC790DD6D09D0D,classic_bike,2021-09-22 12:56:05,2021-09-22 13:00:33,Bayard St & Leonard St,5442,N 6 St & Bedford Ave,5379,40.71915571696044,-73.94885390996933,40.71745169,-73.95850939,member
1917289,D7E9A275B89CF5F8,electric_bike,2021-09-18 12:39:47,2021-09-18 12:43:03,Bayard St & Leonard St,5442,N 6 St & Bedford Ave,5379,40.71915571696044,-73.94885390996933,40.71745169,-73.95850939,member
1917297,5FE0FD32C49E300C,electric_bike,2021-09-24 22:30:05,2021-09-24 22:46:24,Bayard St & Leonard St,5442,Rivington St & Ridge St,5406,40.71915571696044,-73.94885390996933,40.71850211,-73.98329859,casual
1917301,3E1420A32354B62C,classic_bike,2021-09-18 10:54:20,2021-09-18 11:03:41,Bayard St & Leonard St,5442,Montrose Ave & Bushwick Ave,5068,40.71915571696044,-73.94885390996933,40.70767788,-73.94016171,casual
1917356,C5095BB1B766AFCF,classic_bike,2021-09-07 06:56:31,2021-09-07 07:00:28,Bayard St & Leonard St,5442,N 6 St & Bedford Ave,5379,40.71915571696044,-73.94885390996933,40.71745169,-73.95850939,member
1917360,2A53E2708F23169D,classic_bike,2021-09-21 18:03:00,2021-09-21 18:07:49,Bayard St & Leonard St,5442,N 6 St & Bedford Ave,5379,40.71915571696044,-73.94885390996933,40.71745169,-73.95850939,member
1919588,74B89864D2CDB590,electric_bike,2021-09-11 16:00:11,2021-09-11 16:11:56,Bayard St & Leonard St,5442,N 6 St & Bedford Ave,5379,40.71915571696044,-73.94885390996933,40.71745169,-73.95850939,member
1919589,2745426F1B184E83,electric_bike,2021-09-25 12:02:12,2021-09-25 12:11:10,Bayard St & Leonard St,5442,Morgan Ave & Maspeth Ave,5354,40.71915571696044,-73.94885390996933,40.716657,-73.93637,member
1919590,219965B8D7155718,classic_bike,2021-09-16 07:45:31,2021-09-16 07:49:58,Bayard St & Leonard St,5442,N 6 St & Bedford Ave,5379,40.71915571696044,-73.94885390996933,40.71745169,-73.95850939,member
1919598,81C9E30B247A01F9,classic_bike,2021-09-04 09:45:10,2021-09-04 10:05:42,Bayard St & Leonard St,5442,Lewis Ave & Madison St,4425,40.71915571696044,-73.94885390996933,40.686312,-73.935775,casual
1919599,62DC400B44768BA2,classic_bike,2021-09-16 18:41:25,2021-09-16 18:52:38,Bayard St & Leonard St,5442,N 6 St & Bedford Ave,5379,40.71915571696044,-73.94885390996933,40.71745169,-73.95850939,casual
1919600,27B7D9C2D3D31E16,electric_bike,2021-09-24 22:31:36,2021-09-24 22:46:20,Bayard St & Leonard St,5442,Rivington St & Ridge St,5406,40.71915571696044,-73.94885390996933,40.71850211,-73.98329859,casual
1919879,915A020651466549,classic_bike,2021-09-28 08:40:14,2021-09-28 09:26:18,Manhattan Av & Leonard St,5442,N 6 St & Bedford Ave,5379,40.72084,-73.94844,40.71745169,-73.95850939,member
1919997,BC005F07818BE45A,classic_bike,2021-09-06 19:50:57,2021-09-06 20:11:46,Manhattan Av & Leonard St,5442,Lewis Ave & Madison St,4425,40.72084,-73.94844,40.686312,-73.935775,member
1920000,FF3ADA06F84E7F43,classic_bike,2021-09-04 13:52:20,2021-09-04 13:58:48,Manhattan Av & Leonard St,5442,N 6 St & Bedford Ave,5379,40.72084,-73.94844,40.71745169,-73.95850939,member
1923161,189C02A8432DD9C6,classic_bike,2021-09-13 12:31:44,2021-09-13 12:39:13,Bayard St & Leonard St,5442,N 6 St & Bedford Ave,5379,40.71915571696044,-73.94885390996933,40.71745169,-73.95850939,member
1926963,BA21700BDC2FD811,classic_bike,2021-09-16 11:24:58,2021-09-16 11:43:23,Bayard St & Leonard St,5442,N 6 St & Bedford Ave,5379,40.71915571696044,-73.94885390996933,40.71745169,-73.95850939,casual
1928336,08D3CA4C455180B7,classic_bike,2021-09-05 03:32:25,2021-09-05 03:58:45,Manhattan Av & Leonard St,5442,E 5 St & Cooper Sq,5712,40.72084,-73.94844,40.72769,-73.990993,member
1928337,6671034C03727EB9,electric_bike,2021-09-04 15:13:11,2021-09-04 15:42:31,Manhattan Av & Leonard St,5442,DeKalb Ave & S Portland Ave,4546,40.72084,-73.94844,40.68981035,-73.97493121,casual
1928342,9B25DF456F3FAA5C,electric_bike,2021-09-09 19:30:21,2021-09-09 19:46:47,Manhattan Av & Leonard St,5442,Rivington St & Ridge St,5406,40.72084,-73.94844,40.71850211,-73.98329859,casual
1928762,D1DC4B5E166E7A21,classic_bike,2021-09-09 21:15:39,2021-09-09 21:24:28,Bayard St & Leonard St,5442,Montrose Ave & Bushwick Ave,5068,40.71915571696044,-73.94885390996933,40.70767788,-73.94016171,casual
1928824,22155EA348D47840,classic_bike,2021-09-02 12:55:33,2021-09-02 13:01:35,Bayard St & Leonard St,5442,N 6 St & Bedford Ave,5379,40.71915571696044,-73.94885390996933,40.71745169,-73.95850939,member
1928825,E76AC210B1B82358,classic_bike,2021-09-21 16:46:53,2021-09-21 17:14:12,Bayard St & Leonard St,5442,DeKalb Ave & S Portland Ave,4546,40.71915571696044,-73.94885390996933,40.68981035,-73.97493121,member
1928834,C4F869343AA6E783,classic_bike,2021-09-22 19:16:55,2021-09-22 19:31:13,Bayard St & Leonard St,5442,Montrose Ave & Bushwick Ave,5068,40.71915571696044,-73.94885390996933,40.70767788,-73.94016171,casual
1928837,1960D7014F4FEC9E,classic_bike,2021-09-06 14:59:04,2021-09-06 15:17:08,Bayard St & Leonard St,5442,N 6 St & Bedford Ave,5379,40.71915571696044,-73.94885390996933,40.71745169,-73.95850939,casual
1928839,43617EDB354E983E,classic_bike,2021-09-11 16:47:31,2021-09-11 16:56:25,Bayard St & Leonard St,5442,N 6 St & Bedford Ave,5379,40.71915571696044,-73.94885390996933,40.71745169,-73.95850939,casual
1929665,7F1CFA4342FE9378,classic_bike,2021-09-30 21:03:46,2021-09-30 21:11:02,Bayard St & Leonard St,5442,Morgan Ave & Maspeth Ave,5354,40.71915571696044,-73.94885390996933,40.716657,-73.93637,member
1933211,CA2B3B0CCE979177,classic_bike,2021-09-22 12:50:09,2021-09-22 12:54:42,Bayard St & Leonard St,5442,N 6 St & Bedford Ave,5379,40.71915571696044,-73.94885390996933,40.71745169,-73.95850939,member
1933653,478A37B76806D725,classic_bike,2021-09-07 10:52:14,2021-09-07 10:57:30,Manhattan Av & Leonard St,5442,N 6 St & Bedford Ave,5379,40.72084,-73.94844,40.71745169,-73.95850939,member
1946769,44B78A1755FF5B8B,classic_bike,2021-09-06 16:02:54,2021-09-06 16:21:34,Manhattan Av & Leonard St,5442,Nostrand Ave & Myrtle Ave,4707,40.72084,-73.94844,40.69527008,-73.95238108,member
1948664,460139446792118F,electric_bike,2021-09-29 08:44:39,2021-09-29 09:00:23,Manhattan Av & Leonard St,5442,Dock 72 Way & Market St,4804,40.72084,-73.94844,40.69985,-73.97141,member
1950862,423DD6ABD49B322D,electric_bike,2021-09-04 15:00:14,2021-09-04 15:17:15,Bayard St & Leonard St,5442,48 Ave & 30 Pl,6076,40.71915571696044,-73.94885390996933,40.74128309355993,-73.93725872039794,casual
1978159,3F95E630413AA812,electric_bike,2021-09-11 16:41:37,2021-09-11 17:08:33,Bayard St & Leonard St,5442,Canal St & Rutgers St,5303,40.71915571696044,-73.94885390996933,40.71427487,-73.98990025,member
1979036,9009C249D6AA6D5D,electric_bike,2021-09-30 18:09:54,2021-09-30 18:32:39,Bayard St & Leonard St,5442,Myrtle Ave & Lewis Ave,4729,40.71915571696044,-73.94885390996933,40.69681963,-73.93756926,casual
1986884,EA908D87FBF62CF4,classic_bike,2021-09-02 23:45:19,2021-09-03 00:01:47,Bayard St & Leonard St,5442,Myrtle Ave & Lewis Ave,4729,40.71915571696044,-73.94885390996933,40.69681963,-73.93756926,casual
1986888,18F7F34BD53960D4,electric_bike,2021-09-24 18:11:35,2021-09-24 18:28:56,Bayard St & Leonard St,5442,Canal St & Rutgers St,5303,40.71915571696044,-73.94885390996933,40.71427487,-73.98990025,member
1986922,4624DB6ED74C2200,classic_bike,2021-09-14 18:43:48,2021-09-14 18:59:38,Bayard St & Leonard St,5442,Bushwick Ave & Dekalb Ave,4680,40.71915571696044,-73.94885390996933,40.69502,-73.92825,casual
1986923,C0A32E2BB58D0E34,electric_bike,2021-09-17 20:48:29,2021-09-17 21:05:26,Bayard St & Leonard St,5442,Myrtle Ave & Lewis Ave,4729,40.71915571696044,-73.94885390996933,40.69681963,-73.93756926,casual
1987564,4981A485BD8EFDD6,electric_bike,2021-09-11 23:10:56,2021-09-11 23:28:19,Bayard St & Leonard St,5442,Canal St & Rutgers St,5303,40.71915571696044,-73.94885390996933,40.71427487,-73.98990025,member
1995914,803F9B7AA4827CE6,classic_bike,2021-09-05 00:58:41,2021-09-05 01:19:05,Manhattan Av & Leonard St,5442,11 St & 43 Ave,6438,40.72084,-73.94844,40.7519071,-73.9479119,casual
2001007,0F5ADE016F9C3F96,electric_bike,2021-09-14 17:10:32,2021-09-14 17:25:46,Bayard St & Leonard St,5442,11 St & 43 Ave,6438,40.71915571696044,-73.94885390996933,40.7519071,-73.9479119,casual
2005766,32943FCB98F90FF7,classic_bike,2021-09-25 00:31:07,2021-09-25 00:54:28,Bayard St & Leonard St,5442,Carlton Ave & Flushing Ave,4732,40.71915571696044,-73.94885390996933,40.697787,-73.973736,member
2005770,C606E9A0064A5405,classic_bike,2021-09-02 11:59:53,2021-09-02 12:15:58,Bayard St & Leonard St,5442,Bushwick Ave & McKibbin St,5027,40.71915571696044,-73.94885390996933,40.705517,-73.93936,casual
2005792,CDC27978CEB7587F,classic_bike,2021-09-23 05:56:38,2021-09-23 06:27:29,Manhattan Av & Leonard St,5442,Lewis Ave & Decatur St,4237,40.72084,-73.94844,40.6814598,-73.934903,member
2019898,9FAF9A9080FA993D,electric_bike,2021-09-22 22:53:06,2021-09-22 23:26:04,Manhattan Av & Leonard St,5442,Irving Ave & DeKalb Ave,4898,40.72084,-73.94844,40.7027,-73.92095,casual
2019911,71C2090ED24197F8,classic_bike,2021-09-24 12:34:39,2021-09-24 13:00:03,Manhattan Av & Leonard St,5442,Carlton Ave & Flushing Ave,4732,40.72084,-73.94844,40.697787,-73.973736,member
2019914,EF222A4E11FCC016,classic_bike,2021-09-02 17:35:58,2021-09-02 17:58:05,Manhattan Av & Leonard St,5442,Broadway & Kosciuszko St,4608,40.72084,-73.94844,40.69329,-73.92852,casual
2019932,702261CBE070F65E,classic_bike,2021-09-05 17:55:40,2021-09-05 18:07:53,Manhattan Av & Leonard St,5442,Bushwick Ave & McKibbin St,5027,40.72084,-73.94844,40.705517,-73.93936,member
2019941,61DF343CE94D6A3B,electric_bike,2021-09-12 00:23:00,2021-09-12 00:47:42,Manhattan Av & Leonard St,5442,Lewis Ave & Decatur St,4237,40.72084,-73.94844,40.6814598,-73.934903,member
2019964,A076087FEE315430,classic_bike,2021-09-06 19:10:46,2021-09-06 19:20:00,Manhattan Av & Leonard St,5442,Bushwick Ave & McKibbin St,5027,40.72084,-73.94844,40.705517,-73.93936,member
2019999,6E31125BC036F60E,classic_bike,2021-09-13 19:06:26,2021-09-13 19:18:44,Manhattan Av & Leonard St,5442,Bushwick Ave & McKibbin St,5027,40.72084,-73.94844,40.705517,-73.93936,member
2020049,D6673EE68C831F12,classic_bike,2021-09-24 12:34:52,2021-09-24 13:00:11,Manhattan Av & Leonard St,5442,Carlton Ave & Flushing Ave,4732,40.72084,-73.94844,40.697787,-73.973736,member
2020482,CA2350EFD918FE69,classic_bike,2021-09-20 08:07:55,2021-09-20 08:25:01,Bayard St & Leonard St,5442,44 Dr & 21 St,6278,40.71915571696044,-73.94885390996933,40.748,-73.9460927,member
2020501,F8B283B1060B19FD,classic_bike,2021-09-09 00:47:01,2021-09-09 01:25:00,Bayard St & Leonard St,5442,Carlton Ave & Flushing Ave,4732,40.71915571696044,-73.94885390996933,40.697787,-73.973736,member
2020510,C2C80F65031F2D31,classic_bike,2021-09-15 08:18:49,2021-09-15 08:34:53,Bayard St & Leonard St,5442,44 Dr & 21 St,6278,40.71915571696044,-73.94885390996933,40.748,-73.9460927,member
2020541,B8B56BBC686BC7DE,classic_bike,2021-09-14 12:08:22,2021-09-14 12:23:48,Bayard St & Leonard St,5442,Broadway & Kosciuszko St,4608,40.71915571696044,-73.94885390996933,40.69329,-73.92852,casual
2030644,868E061B695BC777,electric_bike,2021-09-10 02:12:33,2021-09-10 02:33:36,Manhattan Av & Leonard St,5442,Irving Ave & DeKalb Ave,4898,40.72084,-73.94844,40.7027,-73.92095,casual
2030646,4B3887A3D32291A2,classic_bike,2021-09-30 18:00:36,2021-09-30 18:18:02,Manhattan Av & Leonard St,5442,Carlton Ave & Flushing Ave,4732,40.72084,-73.94844,40.697787,-73.973736,member
2030739,AC9AD61F6D37D55D,electric_bike,2021-09-15 18:51:24,2021-09-15 19:08:21,Bayard St & Leonard St,5442,Bushwick Ave & McKibbin St,5027,40.71915571696044,-73.94885390996933,40.705517,-73.93936,member
2030777,BBA3699658C12DD4,classic_bike,2021-09-04 21:19:05,2021-09-04 21:55:03,Bayard St & Leonard St,5442,Irving Ave & DeKalb Ave,4898,40.71915571696044,-73.94885390996933,40.7027,-73.92095,casual
2030797,BB403779DAC4E325,electric_bike,2021-09-02 13:36:39,2021-09-02 13:50:50,Bayard St & Leonard St,5442,Knickerbocker Ave & George St,4979,40.71915571696044,-73.94885390996933,40.704425,-73.92836,casual
2042335,409DD40B9C0692F8,classic_bike,2021-09-04 15:26:32,2021-09-04 15:50:21,Bayard St & Leonard St,5442,Knickerbocker Ave & George St,4979,40.71915571696044,-73.94885390996933,40.704425,-73.92836,member
2042363,16A4F7CD573154E9,classic_bike,2021-09-17 17:02:42,2021-09-17 17:29:13,Bayard St & Leonard St,5442,Irving Ave & DeKalb Ave,4898,40.71915571696044,-73.94885390996933,40.7027,-73.92095,casual
2047240,73B153671195E460,classic_bike,2021-09-27 08:13:00,2021-09-27 08:28:46,Bayard St & Leonard St,5442,44 Dr & 21 St,6278,40.71915571696044,-73.94885390996933,40.748,-73.9460927,member
2048338,1EE3C53547E743B3,electric_bike,2021-09-26 14:00:23,2021-09-26 14:18:13,Manhattan Av & Leonard St,5442,Lafayette St & Jersey St,5561,40.72084,-73.94844,40.72456089,-73.99565293,member
2049643,018BA609F28D2E20,classic_bike,2021-09-02 19:27:51,2021-09-02 19:54:57,Manhattan Av & Leonard St,5442,E 5 St & Avenue C,5545,40.72084,-73.94844,40.72299208,-73.97995466,casual
2062758,C2CC803F97D8ED75,classic_bike,2021-09-04 13:57:38,2021-09-04 14:56:00,Bayard St & Leonard St,5442,Plaza St East & Flatbush Ave,4010,40.71915571696044,-73.94885390996933,40.673134,-73.969106,casual
2071825,11845FD6458885BE,classic_bike,2021-09-14 10:28:45,2021-09-14 10:53:41,Bayard St & Leonard St,5442,W 4 St & 7 Ave S,5880,40.71915571696044,-73.94885390996933,40.73401143,-74.00293877,member
2071846,EBE3C949C892AA3B,classic_bike,2021-09-06 12:47:24,2021-09-06 13:40:29,Bayard St & Leonard St,5442,Plaza St East & Flatbush Ave,4010,40.71915571696044,-73.94885390996933,40.673134,-73.969106,casual
2071850,A5B02C962FADF5EB,classic_bike,2021-09-06 12:43:16,2021-09-06 13:40:24,Bayard St & Leonard St,5442,Plaza St East & Flatbush Ave,4010,40.71915571696044,-73.94885390996933,40.673134,-73.969106,casual
2071858,BE8D7395EA7CC302,electric_bike,2021-09-01 16:37:28,2021-09-01 16:53:27,Bayard St & Leonard St,5442,Lafayette St & Jersey St,5561,40.71915571696044,-73.94885390996933,40.72456089,-73.99565293,member
2073849,303FA0B105785A4A,classic_bike,2021-09-14 17:18:05,2021-09-14 18:06:34,Bayard St & Leonard St,5442,Plaza St East & Flatbush Ave,4010,40.71915571696044,-73.94885390996933,40.673134,-73.969106,casual
2089874,BE43C4B36D6AF758,classic_bike,2021-09-17 11:23:34,2021-09-17 11:29:05,Bayard St & Leonard St,5442,Meserole Ave & Manhattan Ave,5666,40.71915571696044,-73.94885390996933,40.72708584,-73.95299117,member
2089878,840A19AFAE8C0FBB,classic_bike,2021-09-03 10:56:15,2021-09-03 11:01:04,Bayard St & Leonard St,5442,Meserole Ave & Manhattan Ave,5666,40.71915571696044,-73.94885390996933,40.72708584,-73.95299117,member
2089880,9C5D86DBB7370B9D,classic_bike,2021-09-11 09:52:50,2021-09-11 09:59:43,Bayard St & Leonard St,5442,Meserole Ave & Manhattan Ave,5666,40.71915571696044,-73.94885390996933,40.72708584,-73.95299117,casual
2089883,8667B0F11C701B42,classic_bike,2021-09-11 12:37:13,2021-09-11 12:41:52,Bayard St & Leonard St,5442,Meserole Ave & Manhattan Ave,5666,40.71915571696044,-73.94885390996933,40.72708584,-73.95299117,member
2089915,10E186C305A4EBAA,classic_bike,2021-09-02 20:06:58,2021-09-02 20:14:39,Bayard St & Leonard St,5442,Meserole Ave & Manhattan Ave,5666,40.71915571696044,-73.94885390996933,40.72708584,-73.95299117,member
2089919,EB565A75EBDA6969,classic_bike,2021-09-21 06:32:33,2021-09-21 06:59:19,Bayard St & Leonard St,5442,1 Ave & E 39 St,6303,40.71915571696044,-73.94885390996933,40.74714,-73.97113,member
2089940,9E21B068A56A89DB,classic_bike,2021-09-27 18:39:20,2021-09-27 18:43:56,Bayard St & Leonard St,5442,Meserole Ave & Manhattan Ave,5666,40.71915571696044,-73.94885390996933,40.72708584,-73.95299117,member
2089963,8BBC288FC2330DA7,electric_bike,2021-09-16 20:53:43,2021-09-16 21:24:19,Bayard St & Leonard St,5442,Pearl St & Hanover Square,4993,40.71915571696044,-73.94885390996933,40.7047177,-74.00926027,member
2089980,470ACB0726C7EB4D,electric_bike,2021-09-06 15:38:51,2021-09-06 16:23:58,Bayard St & Leonard St,5442,1 Ave & E 39 St,6303,40.71915571696044,-73.94885390996933,40.74714,-73.97113,member
2089984,452B225A276BB3D3,classic_bike,2021-09-24 11:04:06,2021-09-24 11:09:45,Bayard St & Leonard St,5442,Meserole Ave & Manhattan Ave,5666,40.71915571696044,-73.94885390996933,40.72708584,-73.95299117,member
2090186,3AF2536A65054301,classic_bike,2021-09-03 20:22:28,2021-09-03 20:30:16,Bayard St & Leonard St,5442,Meserole Ave & Manhattan Ave,5666,40.71915571696044,-73.94885390996933,40.72708584,-73.95299117,member
2094051,3413F04A978C482A,classic_bike,2021-09-14 11:40:39,2021-09-14 11:45:33,Manhattan Av & Leonard St,5442,Meserole Ave & Manhattan Ave,5666,40.72084,-73.94844,40.72708584,-73.95299117,member
2094076,FB3E1CDBAA110AEC,classic_bike,2021-09-29 10:25:37,2021-09-29 10:31:03,Manhattan Av & Leonard St,5442,Meserole Ave & Manhattan Ave,5666,40.72084,-73.94844,40.72708584,-73.95299117,member
2094079,21FA807C03C4E648,classic_bike,2021-09-07 18:08:07,2021-09-07 18:12:25,Manhattan Av & Leonard St,5442,Meserole Ave & Manhattan Ave,5666,40.72084,-73.94844,40.72708584,-73.95299117,member
2094085,B08E42F43B6527A4,classic_bike,2021-09-06 15:43:20,2021-09-06 15:48:34,Manhattan Av & Leonard St,5442,Meserole Ave & Manhattan Ave,5666,40.72084,-73.94844,40.72708584,-73.95299117,member
2094099,0C6629782EEEC036,classic_bike,2021-09-02 16:22:26,2021-09-02 16:26:51,Manhattan Av & Leonard St,5442,Meserole Ave & Manhattan Ave,5666,40.72084,-73.94844,40.72708584,-73.95299117,member
2094113,583B32C4C5A93AD2,classic_bike,2021-09-07 06:52:53,2021-09-07 06:57:10,Manhattan Av & Leonard St,5442,Meserole Ave & Manhattan Ave,5666,40.72084,-73.94844,40.72708584,-73.95299117,member
2094971,E8385F2624F9C17D,classic_bike,2021-09-24 08:43:01,2021-09-24 08:49:22,Manhattan Av & Leonard St,5442,Meserole Ave & Manhattan Ave,5666,40.72084,-73.94844,40.72708584,-73.95299117,member
2095028,0C037ED0B0CE77A1,classic_bike,2021-09-10 12:06:09,2021-09-10 12:10:06,Manhattan Av & Leonard St,5442,Meserole Ave & Manhattan Ave,5666,40.72084,-73.94844,40.72708584,-73.95299117,member
2100546,9F40C75A5E460897,classic_bike,2021-09-14 21:11:24,2021-09-14 21:16:43,Bayard St & Leonard St,5442,Meserole Ave & Manhattan Ave,5666,40.71915571696044,-73.94885390996933,40.72708584,-73.95299117,casual
2100585,7CA4626D08E777B9,classic_bike,2021-09-18 14:32:38,2021-09-18 14:37:40,Bayard St & Leonard St,5442,Meserole Ave & Manhattan Ave,5666,40.71915571696044,-73.94885390996933,40.72708584,-73.95299117,member
2100622,9A2FDCFA0DD69299,classic_bike,2021-09-18 15:59:53,2021-09-18 16:04:59,Bayard St & Leonard St,5442,Meserole Ave & Manhattan Ave,5666,40.71915571696044,-73.94885390996933,40.72708584,-73.95299117,member
2100628,4E8EE04C3A218C90,classic_bike,2021-09-01 15:18:02,2021-09-01 15:24:49,Bayard St & Leonard St,5442,Meserole Ave & Manhattan Ave,5666,40.71915571696044,-73.94885390996933,40.72708584,-73.95299117,member
2100641,742418E311F765DA,electric_bike,2021-09-30 17:20:15,2021-09-30 17:25:24,Bayard St & Leonard St,5442,Meserole Ave & Manhattan Ave,5666,40.71915571696044,-73.94885390996933,40.72708584,-73.95299117,member
2100646,4C11C7E4C0F2513C,electric_bike,2021-09-06 10:48:26,2021-09-06 10:52:02,Bayard St & Leonard St,5442,Meserole Ave & Manhattan Ave,5666,40.71915571696044,-73.94885390996933,40.72708584,-73.95299117,member
2100647,16909C780FD94C22,classic_bike,2021-09-16 09:33:02,2021-09-16 09:38:50,Bayard St & Leonard St,5442,Meserole Ave & Manhattan Ave,5666,40.71915571696044,-73.94885390996933,40.72708584,-73.95299117,member
2100700,B943A023762A34A3,classic_bike,2021-09-12 13:41:54,2021-09-12 13:46:39,Bayard St & Leonard St,5442,Meserole Ave & Manhattan Ave,5666,40.71915571696044,-73.94885390996933,40.72708584,-73.95299117,member
2100706,CF31ADD88D89A878,electric_bike,2021-09-27 19:13:05,2021-09-27 19:43:30,Bayard St & Leonard St,5442,1 Ave & E 39 St,6303,40.71915571696044,-73.94885390996933,40.74714,-73.97113,member
2100710,5BB7B64ACFE8631A,classic_bike,2021-09-14 18:56:39,2021-09-14 19:01:34,Bayard St & Leonard St,5442,Meserole Ave & Manhattan Ave,5666,40.71915571696044,-73.94885390996933,40.72708584,-73.95299117,member
2100711,CAD3CF916C87951C,classic_bike,2021-09-30 09:02:30,2021-09-30 09:06:55,Bayard St & Leonard St,5442,Meserole Ave & Manhattan Ave,5666,40.71915571696044,-73.94885390996933,40.72708584,-73.95299117,member
2100712,90DDD49067BB092C,classic_bike,2021-09-04 13:28:40,2021-09-04 13:59:51,Bayard St & Leonard St,5442,Schermerhorn St & Bond St,4479,40.71915571696044,-73.94885390996933,40.688417427540834,-73.98451656103134,casual
2100814,FE4389782A861880,electric_bike,2021-09-29 19:20:40,2021-09-29 19:41:42,Bayard St & Leonard St,5442,1 Ave & E 39 St,6303,40.71915571696044,-73.94885390996933,40.74714,-73.97113,member
2100867,5507E0FBD8F7EF59,classic_bike,2021-09-20 20:22:31,2021-09-20 20:29:53,Bayard St & Leonard St,5442,Meserole Ave & Manhattan Ave,5666,40.71915571696044,-73.94885390996933,40.72708584,-73.95299117,member
2105173,178D377D2D424289,classic_bike,2021-09-07 12:28:25,2021-09-07 12:33:29,Manhattan Av & Leonard St,5442,Meserole Ave & Manhattan Ave,5666,40.72084,-73.94844,40.72708584,-73.95299117,casual
2105189,27D6312E6AA99C21,classic_bike,2021-09-25 12:58:54,2021-09-25 13:02:59,Manhattan Av & Leonard St,5442,Meserole Ave & Manhattan Ave,5666,40.72084,-73.94844,40.72708584,-73.95299117,member
2107530,8823389226A48EE7,classic_bike,2021-09-10 22:30:54,2021-09-10 22:34:52,Manhattan Av & Leonard St,5442,Meserole Ave & Manhattan Ave,5666,40.72084,-73.94844,40.72708584,-73.95299117,member
2107584,9AC11F2E5D720A50,classic_bike,2021-09-18 09:51:57,2021-09-18 09:56:28,Manhattan Av & Leonard St,5442,Meserole Ave & Manhattan Ave,5666,40.72084,-73.94844,40.72708584,-73.95299117,member
2107604,BDAE72C9E8BF6046,classic_bike,2021-09-03 17:13:14,2021-09-03 17:19:55,Manhattan Av & Leonard St,5442,Meserole Ave & Manhattan Ave,5666,40.72084,-73.94844,40.72708584,-73.95299117,member
2108595,EE006A96773089EE,classic_bike,2021-09-08 16:32:44,2021-09-08 16:35:41,Manhattan Av & Leonard St,5442,Meserole Ave & Manhattan Ave,5666,40.72084,-73.94844,40.72708584,-73.95299117,member
2111517,A502528B306CB568,classic_bike,2021-09-25 11:59:11,2021-09-25 12:17:43,Bayard St & Leonard St,5442,Meserole Ave & Manhattan Ave,5666,40.71915571696044,-73.94885390996933,40.72708584,-73.95299117,member
2111568,4EB23C6A732F0736,classic_bike,2021-09-10 17:19:31,2021-09-10 17:27:15,Bayard St & Leonard St,5442,Meserole Ave & Manhattan Ave,5666,40.71915571696044,-73.94885390996933,40.72708584,-73.95299117,member
2111597,F5C6B2E3608502C3,classic_bike,2021-09-21 15:27:12,2021-09-21 15:31:47,Bayard St & Leonard St,5442,Meserole Ave & Manhattan Ave,5666,40.71915571696044,-73.94885390996933,40.72708584,-73.95299117,member
2111608,643F6718EF34A085,classic_bike,2021-09-03 17:18:35,2021-09-03 17:27:16,Bayard St & Leonard St,5442,Meserole Ave & Manhattan Ave,5666,40.71915571696044,-73.94885390996933,40.72708584,-73.95299117,member
2111623,E79DB188A552C7B4,electric_bike,2021-09-27 20:00:33,2021-09-27 20:41:14,Bayard St & Leonard St,5442,Rogers Ave & Sterling St,3696,40.71915571696044,-73.94885390996933,40.6630619,-73.9538746,casual
2111636,EE8DCF25E11BE3C2,classic_bike,2021-09-11 11:06:26,2021-09-11 11:12:41,Bayard St & Leonard St,5442,Meserole Ave & Manhattan Ave,5666,40.71915571696044,-73.94885390996933,40.72708584,-73.95299117,member
2111642,DD86E172CC19AB96,classic_bike,2021-09-25 10:11:33,2021-09-25 10:17:20,Bayard St & Leonard St,5442,Meserole Ave & Manhattan Ave,5666,40.71915571696044,-73.94885390996933,40.72708584,-73.95299117,member
2111645,8590F0A615255EFB,electric_bike,2021-09-17 00:03:23,2021-09-17 00:07:24,Bayard St & Leonard St,5442,Meserole Ave & Manhattan Ave,5666,40.71915571696044,-73.94885390996933,40.72708584,-73.95299117,casual
2112853,B4EF5416D99D7A69,classic_bike,2021-09-06 13:57:02,2021-09-06 14:02:07,Bayard St & Leonard St,5442,Meserole Ave & Manhattan Ave,5666,40.71915571696044,-73.94885390996933,40.72708584,-73.95299117,member
2112854,201D01D455B4BDCC,classic_bike,2021-09-10 15:58:17,2021-09-10 16:03:12,Bayard St & Leonard St,5442,Meserole Ave & Manhattan Ave,5666,40.71915571696044,-73.94885390996933,40.72708584,-73.95299117,member
2116010,C51587C3895CAC3D,classic_bike,2021-09-08 17:40:57,2021-09-08 17:45:31,Manhattan Av & Leonard St,5442,Meserole Ave & Manhattan Ave,5666,40.72084,-73.94844,40.72708584,-73.95299117,member
2116011,2B0241FA06D49D74,classic_bike,2021-09-22 13:08:25,2021-09-22 13:13:09,Manhattan Av & Leonard St,5442,Meserole Ave & Manhattan Ave,5666,40.72084,-73.94844,40.72708584,-73.95299117,member
2116049,E4A81E6429A6BD7C,classic_bike,2021-09-04 17:15:19,2021-09-04 17:20:04,Manhattan Av & Leonard St,5442,Meserole Ave & Manhattan Ave,5666,40.72084,-73.94844,40.72708584,-73.95299117,member
2116058,FBD4C37F1D57AF53,classic_bike,2021-09-04 22:04:58,2021-09-04 22:14:06,Manhattan Av & Leonard St,5442,Meserole Ave & Manhattan Ave,5666,40.72084,-73.94844,40.72708584,-73.95299117,member
2116059,80185B1AC074EC03,classic_bike,2021-09-03 12:27:58,2021-09-03 12:34:27,Manhattan Av & Leonard St,5442,Meserole Ave & Manhattan Ave,5666,40.72084,-73.94844,40.72708584,-73.95299117,member
2116060,B167387EEA7BCBB8,classic_bike,2021-09-10 11:10:52,2021-09-10 11:18:21,Manhattan Av & Leonard St,5442,Meserole Ave & Manhattan Ave,5666,40.72084,-73.94844,40.72708584,-73.95299117,member
2116077,6A932757377DA110,classic_bike,2021-09-10 12:33:27,2021-09-10 12:37:25,Manhattan Av & Leonard St,5442,Meserole Ave & Manhattan Ave,5666,40.72084,-73.94844,40.72708584,-73.95299117,member
2116078,13ABFDE5A5C14CA9,classic_bike,2021-09-13 06:16:12,2021-09-13 06:21:11,Manhattan Av & Leonard St,5442,Meserole Ave & Manhattan Ave,5666,40.72084,-73.94844,40.72708584,-73.95299117,member
2116365,A8255A9DEC740EAA,classic_bike,2021-09-30 09:25:04,2021-09-30 09:28:48,Manhattan Av & Leonard St,5442,Meserole Ave & Manhattan Ave,5666,40.72084,-73.94844,40.72708584,-73.95299117,member
2116446,C839D728D04672AD,classic_bike,2021-09-17 14:39:57,2021-09-17 14:47:12,Manhattan Av & Leonard St,5442,Meserole Ave & Manhattan Ave,5666,40.72084,-73.94844,40.72708584,-73.95299117,member
2122600,82CFFA6B27A27A9F,classic_bike,2021-09-01 13:57:12,2021-09-01 14:03:45,Manhattan Av & Leonard St,5442,Meserole Ave & Manhattan Ave,5666,40.72084,-73.94844,40.72708584,-73.95299117,member
2122601,27782BB6B9918FA0,classic_bike,2021-09-02 06:33:45,2021-09-02 06:37:33,Manhattan Av & Leonard St,5442,Meserole Ave & Manhattan Ave,5666,40.72084,-73.94844,40.72708584,-73.95299117,member
2122609,E03E5AB1C4F8CD96,classic_bike,2021-09-23 14:46:24,2021-09-23 15:11:11,Manhattan Av & Leonard St,5442,Meserole Ave & Manhattan Ave,5666,40.72084,-73.94844,40.72708584,-73.95299117,member
2125717,4B4BEE97FC9F98A6,classic_bike,2021-09-23 09:56:12,2021-09-23 10:02:40,Manhattan Av & Leonard St,5442,Meserole Ave & Manhattan Ave,5666,40.72084,-73.94844,40.72708584,-73.95299117,member
2125721,F8C2CFCC52ACE9AE,classic_bike,2021-09-02 11:06:25,2021-09-02 11:13:04,Manhattan Av & Leonard St,5442,Meserole Ave & Manhattan Ave,5666,40.72084,-73.94844,40.72708584,-73.95299117,casual
2127673,E6114979AEA466B4,electric_bike,2021-09-17 23:54:43,2021-09-18 00:08:23,Bayard St & Leonard St,5442,Halsey St & Tompkins Ave,4319,40.71915571696044,-73.94885390996933,40.6823687,-73.944118,member
2127733,61BD24A53723095D,classic_bike,2021-09-23 16:42:55,2021-09-23 17:01:45,Bayard St & Leonard St,5442,Halsey St & Tompkins Ave,4319,40.71915571696044,-73.94885390996933,40.6823687,-73.944118,member
2128027,E5E1670F4B1EEB14,classic_bike,2021-09-04 17:59:28,2021-09-04 18:18:42,Manhattan Av & Leonard St,5442,Halsey St & Tompkins Ave,4319,40.72084,-73.94844,40.6823687,-73.944118,casual
2130034,F0A9FE9A5BBCC605,classic_bike,2021-09-30 11:37:01,2021-09-30 11:56:57,Bayard St & Leonard St,5442,1 Ave & E 6 St,5626,40.71915571696044,-73.94885390996933,40.72633085971696,-73.98616880178452,member
2141200,0FB342FEE954C625,classic_bike,2021-09-06 10:11:27,2021-09-06 10:39:49,Bayard St & Leonard St,5442,Lafayette St & E 8 St,5788,40.71915571696044,-73.94885390996933,40.73020660529954,-73.99102628231049,member
2155412,5465E35800CCD26A,electric_bike,2021-09-18 11:02:59,2021-09-18 11:39:39,Bayard St & Leonard St,5442,5 Ave & 3 St,3987,40.71915571696044,-73.94885390996933,40.6728155,-73.98352355,casual
2169073,B1FEC8301C574A60,classic_bike,2021-09-03 16:04:10,2021-09-03 16:33:43,Manhattan Av & Leonard St,5442,Bridge St & York St,4853,40.72084,-73.94844,40.70133448066992,-73.98471236228943,casual
2177681,10CFEBB24F418332,classic_bike,2021-09-13 07:11:10,2021-09-13 07:43:30,Manhattan Av & Leonard St,5442,Grand Army Plaza & Central Park S,6839,40.72084,-73.94844,40.7643971,-73.97371465,member
2177782,AE5D79D17E78B468,electric_bike,2021-09-08 17:25:59,2021-09-08 17:51:53,Bayard St & Leonard St,5442,Forsyth St & Broome St,5453,40.71915571696044,-73.94885390996933,40.71893904,-73.99266288,member
2180185,7E013B4E27E8A4AD,classic_bike,2021-09-17 16:22:57,2021-09-17 16:47:44,Manhattan Av & Leonard St,5442,Menahan St & Central Ave,4672,40.72084,-73.94844,40.69543,-73.9196,casual
2180193,8D761EC18AEF08E2,classic_bike,2021-09-06 13:06:05,2021-09-06 13:25:52,Manhattan Av & Leonard St,5442,Adelphi St & Myrtle Ave,4620,40.72084,-73.94844,40.69308257,-73.97178913,casual
2190940,AD6354B613761694,classic_bike,2021-09-02 17:31:14,2021-09-02 17:58:59,Manhattan Av & Leonard St,5442,Forsyth St & Broome St,5453,40.72084,-73.94844,40.71893904,-73.99266288,casual
2193612,F8AE958DDBC2E8C4,classic_bike,2021-09-13 20:41:40,2021-09-13 21:18:39,Bayard St & Leonard St,5442,3 Ave & 14 St,3850,40.71915571696044,-73.94885390996933,40.6685455,-73.99333264,casual
2201308,8E9ECCB934D6994D,electric_bike,2021-09-25 20:18:35,2021-09-25 20:50:21,Bayard St & Leonard St,5442,John St & William St,5065,40.71915571696044,-73.94885390996933,40.70862144,-74.00722156,member
2204814,F945BF608C328EBF,classic_bike,2021-09-03 17:06:40,2021-09-03 17:52:27,Manhattan Av & Leonard St,5442,Queens Plaza North & Crescent St,6429,40.72084,-73.94844,40.75110165,-73.94073717,casual
2212167,DA1537704566C20F,classic_bike,2021-09-03 17:06:26,2021-09-03 17:52:33,Manhattan Av & Leonard St,5442,Queens Plaza North & Crescent St,6429,40.72084,-73.94844,40.75110165,-73.94073717,casual
2220949,268049A722584A2C,classic_bike,2021-09-17 21:38:18,2021-09-17 22:08:23,Bayard St & Leonard St,5442,31 St & Broadway,6789,40.71915571696044,-73.94885390996933,40.761584,-73.925921,member
2229577,F44DC24148DCEEA5,classic_bike,2021-09-24 21:26:52,2021-09-24 21:38:25,Manhattan Av & Leonard St,5442,Hope St & Union Ave,5187,40.72084,-73.94844,40.71167351,-73.95141312,casual
2230648,E05D793986E74665,classic_bike,2021-09-13 16:48:20,2021-09-13 17:09:19,Bayard St & Leonard St,5442,Clinton St & Grand St,5303,40.71915571696044,-73.94885390996933,40.71559509,-73.9870295,member
2230919,40CD8790F140975F,classic_bike,2021-09-28 11:14:05,2021-09-28 11:32:02,Bayard St & Leonard St,5442,Clinton St & Grand St,5303,40.71915571696044,-73.94885390996933,40.71559509,-73.9870295,casual
2230933,44088F3B36AA24D0,classic_bike,2021-09-06 17:11:50,2021-09-06 18:20:35,Bayard St & Leonard St,5442,LaGuardia Pl & W 3 St,5721,40.71915571696044,-73.94885390996933,40.72917025,-73.99810231,casual
2231649,FA4FAAB787F9016C,classic_bike,2021-09-03 18:04:04,2021-09-03 18:12:10,Manhattan Av & Leonard St,5442,Hope St & Union Ave,5187,40.72084,-73.94844,40.71167351,-73.95141312,casual
2240177,4D442C0C79112D68,classic_bike,2021-09-03 14:51:25,2021-09-03 15:12:09,Bayard St & Leonard St,5442,LaGuardia Pl & W 3 St,5721,40.71915571696044,-73.94885390996933,40.72917025,-73.99810231,member
2240288,C082916515A46253,classic_bike,2021-09-13 10:17:12,2021-09-13 10:22:23,Bayard St & Leonard St,5442,Hope St & Union Ave,5187,40.71915571696044,-73.94885390996933,40.71167351,-73.95141312,member
2240627,241AAF3AD32D0C9B,electric_bike,2021-09-29 18:49:25,2021-09-29 19:03:11,Bayard St & Leonard St,5442,Clinton St & Grand St,5303,40.71915571696044,-73.94885390996933,40.71559509,-73.9870295,member
2240638,67927FDF033ACF05,classic_bike,2021-09-25 14:49:56,2021-09-25 14:55:35,Bayard St & Leonard St,5442,Hope St & Union Ave,5187,40.71915571696044,-73.94885390996933,40.71167351,-73.95141312,member
2240639,AB97A85D5C744F80,classic_bike,2021-09-25 18:43:27,2021-09-25 18:54:21,Bayard St & Leonard St,5442,Hope St & Union Ave,5187,40.71915571696044,-73.94885390996933,40.71167351,-73.95141312,member
2242491,C10E49B1B64FBE89,electric_bike,2021-09-12 21:07:39,2021-09-12 21:42:57,Bayard St & Leonard St,5442,14 St & 7 Ave,3731,40.71915571696044,-73.94885390996933,40.663779,-73.98396846,member
2248672,C496139F39468CE2,classic_bike,2021-09-03 17:45:32,2021-09-03 17:52:17,Manhattan Av & Leonard St,5442,Hope St & Union Ave,5187,40.72084,-73.94844,40.71167351,-73.95141312,casual
2248673,2913DCF8A47473A7,electric_bike,2021-09-09 20:34:52,2021-09-09 20:57:06,Manhattan Av & Leonard St,5442,Clinton St\t& Cherry St,5190,40.72084,-73.94844,40.711471394469264,-73.98672603070736,casual
2248674,2F99CBAD9D367096,classic_bike,2021-09-03 20:48:07,2021-09-03 20:55:48,Manhattan Av & Leonard St,5442,Hope St & Union Ave,5187,40.72084,-73.94844,40.71167351,-73.95141312,casual
2251179,0E6E28E705214538,classic_bike,2021-09-04 17:07:34,2021-09-04 17:13:36,Manhattan Av & Leonard St,5442,Hope St & Union Ave,5187,40.72084,-73.94844,40.71167351,-73.95141312,casual
2252892,5FD5555D6340C525,classic_bike,2021-09-18 14:03:55,2021-09-18 14:35:38,Bayard St & Leonard St,5442,Clinton St\t& Cherry St,5190,40.71915571696044,-73.94885390996933,40.711471394469264,-73.98672603070736,member
2252894,1E8483F17EF77F2F,classic_bike,2021-09-18 16:32:15,2021-09-18 16:47:36,Bayard St & Leonard St,5442,Hope St & Union Ave,5187,40.71915571696044,-73.94885390996933,40.71167351,-73.95141312,casual
2252895,AAD15BDDC50F9145,electric_bike,2021-09-26 11:53:31,2021-09-26 12:07:00,Bayard St & Leonard St,5442,Clinton St & Grand St,5303,40.71915571696044,-73.94885390996933,40.71559509,-73.9870295,member
2252905,A982F6916EBA0E6A,classic_bike,2021-09-03 08:20:33,2021-09-03 08:57:11,Bayard St & Leonard St,5442,34 Ave & 13 St,6836,40.71915571696044,-73.94885390996933,40.7638753,-73.9364848,member
2252940,B8D341B5409CF400,classic_bike,2021-09-10 08:37:41,2021-09-10 09:35:31,Bayard St & Leonard St,5442,34 Ave & 13 St,6836,40.71915571696044,-73.94885390996933,40.7638753,-73.9364848,member
2252951,33494071F0C328DB,electric_bike,2021-09-16 12:36:19,2021-09-16 12:50:43,Bayard St & Leonard St,5442,Clinton St & Grand St,5303,40.71915571696044,-73.94885390996933,40.71559509,-73.9870295,member
2252970,66339CA5E50CBAD9,electric_bike,2021-09-08 16:01:06,2021-09-08 16:13:56,Bayard St & Leonard St,5442,Clinton St & Grand St,5303,40.71915571696044,-73.94885390996933,40.71559509,-73.9870295,member
2252986,1E6F6DC91A5F450D,docked_bike,2021-09-25 11:46:31,2021-09-25 12:10:38,Bayard St & Leonard St,5442,Clinton St & Grand St,5303,40.719156,-73.948854,40.715595,-73.98703,casual
2255504,D9D82128B75127BF,electric_bike,2021-09-30 17:59:50,2021-09-30 18:41:16,Bayard St & Leonard St,5442,10 Ave & W 14 St,6157,40.71915571696044,-73.94885390996933,40.74198159994023,-74.00831580162048,casual
2255513,057A09E1F9FD7F75,classic_bike,2021-09-11 14:33:23,2021-09-11 15:14:03,Bayard St & Leonard St,5442,Plaza St West & Flatbush Ave,4010,40.71915571696044,-73.94885390996933,40.6750207,-73.97111473,casual
2255582,4C3902A45C1D8431,classic_bike,2021-09-11 14:33:45,2021-09-11 15:13:53,Bayard St & Leonard St,5442,Plaza St West & Flatbush Ave,4010,40.71915571696044,-73.94885390996933,40.6750207,-73.97111473,member
2255586,DFDCDFDB0C929FC5,classic_bike,2021-09-08 10:30:14,2021-09-08 10:53:00,Bayard St & Leonard St,5442,LaGuardia Pl & W 3 St,5721,40.71915571696044,-73.94885390996933,40.72917025,-73.99810231,member
2255669,CA7DD71FDC895607,electric_bike,2021-09-25 11:43:41,2021-09-25 12:10:42,Bayard St & Leonard St,5442,Clinton St & Grand St,5303,40.71915571696044,-73.94885390996933,40.71559509,-73.9870295,casual
2256210,3A522C20AE805A31,electric_bike,2021-09-19 17:57:26,2021-09-19 18:02:29,Bayard St & Leonard St,5442,Hope St & Union Ave,5187,40.71915571696044,-73.94885390996933,40.71167351,-73.95141312,casual
2258015,E2FC3A2F80C9FDD7,classic_bike,2021-09-17 11:10:38,2021-09-17 11:38:58,Manhattan Av & Leonard St,5442,LaGuardia Pl & W 3 St,5721,40.72084,-73.94844,40.72917025,-73.99810231,member
2258016,AF174B8A44814437,classic_bike,2021-09-11 19:08:18,2021-09-11 19:52:17,Manhattan Av & Leonard St,5442,31 Ave & 61 St,6654,40.72084,-73.94844,40.757525,-73.901614,casual
2261276,0DDA43819FAA9826,classic_bike,2021-09-26 18:06:37,2021-09-26 18:35:43,Bayard St & Leonard St,5442,Clinton St & Grand St,5303,40.71915571696044,-73.94885390996933,40.71559509,-73.9870295,casual
2261398,C9700B93077BF940,classic_bike,2021-09-18 14:10:52,2021-09-18 14:35:39,Bayard St & Leonard St,5442,Clinton St\t& Cherry St,5190,40.71915571696044,-73.94885390996933,40.711471394469264,-73.98672603070736,casual
2261402,6E88E6A0591780EC,classic_bike,2021-09-19 20:21:21,2021-09-19 20:26:59,Bayard St & Leonard St,5442,Hope St & Union Ave,5187,40.71915571696044,-73.94885390996933,40.71167351,-73.95141312,casual
2267037,9AE1AB2D40691E94,classic_bike,2021-09-11 11:22:43,2021-09-11 11:24:55,Manhattan Av & Leonard St,5442,Leonard St & Nassau Ave,5550,40.72084,-73.94844,40.7239567849954,-73.94984364509583,member
2271263,75452412EBB54E24,classic_bike,2021-09-08 19:48:34,2021-09-08 20:03:08,Manhattan Av & Leonard St,5442,Leonard St & Nassau Ave,5550,40.72084,-73.94844,40.7239567849954,-73.94984364509583,casual
2279134,3560FAE66CFE159A,classic_bike,2021-09-16 20:28:48,2021-09-16 20:34:04,Manhattan Av & Leonard St,5442,Leonard St & Nassau Ave,5550,40.72084,-73.94844,40.7239567849954,-73.94984364509583,member
2279212,F8966225A05ABF45,classic_bike,2021-09-02 14:34:50,2021-09-02 14:38:19,Manhattan Av & Leonard St,5442,Leonard St & Nassau Ave,5550,40.72084,-73.94844,40.7239567849954,-73.94984364509583,member
2279217,3ABA0A60373C8952,classic_bike,2021-09-05 16:24:36,2021-09-05 16:26:08,Manhattan Av & Leonard St,5442,Leonard St & Nassau Ave,5550,40.72084,-73.94844,40.7239567849954,-73.94984364509583,member
2279311,7F996A7F9FBE7ED9,electric_bike,2021-09-19 13:51:39,2021-09-19 14:31:51,Manhattan Av & Leonard St,5442,Montgomery St & Franklin Ave,3776,40.72084,-73.94844,40.666439306870814,-73.9605563879013,member
2279865,4A881EEBDB37DD91,classic_bike,2021-09-03 16:12:37,2021-09-03 16:14:24,Manhattan Av & Leonard St,5442,Leonard St & Nassau Ave,5550,40.72084,-73.94844,40.7239567849954,-73.94984364509583,member
2279908,E2B6847525678F93,classic_bike,2021-09-06 14:01:42,2021-09-06 14:04:41,Manhattan Av & Leonard St,5442,Leonard St & Nassau Ave,5550,40.72084,-73.94844,40.7239567849954,-73.94984364509583,casual
2281571,2DE26EAA8A01F415,classic_bike,2021-09-26 14:01:07,2021-09-26 14:06:46,Bayard St & Leonard St,5442,Leonard St & Nassau Ave,5550,40.71915571696044,-73.94885390996933,40.7239567849954,-73.94984364509583,member
2281593,2874929238B58C61,classic_bike,2021-09-23 08:41:26,2021-09-23 09:12:54,Bayard St & Leonard St,5442,W 21 St & 6 Ave,6140,40.71915571696044,-73.94885390996933,40.74173969,-73.99415556,member
2281608,D2E0C72343706F35,classic_bike,2021-09-18 12:16:25,2021-09-18 12:22:13,Bayard St & Leonard St,5442,Leonard St & Nassau Ave,5550,40.71915571696044,-73.94885390996933,40.7239567849954,-73.94984364509583,member
2281614,452F7972098FA451,classic_bike,2021-09-11 21:18:36,2021-09-11 21:24:44,Bayard St & Leonard St,5442,Leonard St & Nassau Ave,5550,40.71915571696044,-73.94885390996933,40.7239567849954,-73.94984364509583,casual
2286736,1A692C2690F050D3,classic_bike,2021-09-13 20:12:29,2021-09-13 20:42:53,Manhattan Av & Leonard St,5442,Leonard St & Nassau Ave,5550,40.72084,-73.94844,40.7239567849954,-73.94984364509583,casual
2286823,15B143981BE1B77D,classic_bike,2021-09-22 18:38:15,2021-09-22 19:03:34,Manhattan Av & Leonard St,5442,Leonard St & Nassau Ave,5550,40.72084,-73.94844,40.7239567849954,-73.94984364509583,casual
2288703,9D86D83DC93DF296,electric_bike,2021-09-04 20:04:51,2021-09-04 20:44:01,Bayard St & Leonard St,5442,W 21 St & 6 Ave,6140,40.71915571696044,-73.94885390996933,40.74173969,-73.99415556,member
2288721,1EE19B4C4379E1C4,classic_bike,2021-09-17 16:29:05,2021-09-17 16:31:57,Bayard St & Leonard St,5442,Leonard St & Nassau Ave,5550,40.71915571696044,-73.94885390996933,40.7239567849954,-73.94984364509583,member
2288744,1CFED1AD634557A8,electric_bike,2021-09-18 13:06:00,2021-09-18 13:23:36,Bayard St & Leonard St,5442,Kosciuszko St & Nostrand Ave,4519,40.71915571696044,-73.94885390996933,40.69072549,-73.95133465,member
2288749,9195F14A334DF7CF,classic_bike,2021-09-03 17:03:11,2021-09-03 17:06:32,Bayard St & Leonard St,5442,Leonard St & Nassau Ave,5550,40.71915571696044,-73.94885390996933,40.7239567849954,-73.94984364509583,member
2288759,E3CFFFB866F1BDA7,classic_bike,2021-09-24 17:02:31,2021-09-24 17:07:05,Bayard St & Leonard St,5442,Leonard St & Nassau Ave,5550,40.71915571696044,-73.94885390996933,40.7239567849954,-73.94984364509583,member
2288762,212024A95C3185BE,electric_bike,2021-09-19 13:53:04,2021-09-19 14:32:02,Bayard St & Leonard St,5442,Montgomery St & Franklin Ave,3776,40.71915571696044,-73.94885390996933,40.666439306870814,-73.9605563879013,member
2288765,13E35CB5F4E8FD70,classic_bike,2021-09-11 13:03:02,2021-09-11 13:06:30,Bayard St & Leonard St,5442,Leonard St & Nassau Ave,5550,40.71915571696044,-73.94885390996933,40.7239567849954,-73.94984364509583,casual
2288767,2533C2AF6B35EB02,classic_bike,2021-09-20 21:11:00,2021-09-20 21:39:41,Bayard St & Leonard St,5442,E 12 St & Ave C,5616,40.71915571696044,-73.94885390996933,40.727243,-73.976831,casual
2288788,8DB0C93F41A3BC45,classic_bike,2021-09-01 17:16:55,2021-09-01 17:19:03,Bayard St & Leonard St,5442,Leonard St & Nassau Ave,5550,40.71915571696044,-73.94885390996933,40.7239567849954,-73.94984364509583,member
2288793,B75E6A5B0A7C037A,classic_bike,2021-09-05 13:35:44,2021-09-05 13:41:26,Bayard St & Leonard St,5442,Leonard St & Nassau Ave,5550,40.71915571696044,-73.94885390996933,40.7239567849954,-73.94984364509583,casual
2289021,CB36F913CF3923BA,classic_bike,2021-09-01 12:39:55,2021-09-01 12:42:59,Bayard St & Leonard St,5442,Leonard St & Nassau Ave,5550,40.71915571696044,-73.94885390996933,40.7239567849954,-73.94984364509583,member
2289073,0DEEE1ED3798F8A6,classic_bike,2021-09-25 14:38:46,2021-09-25 14:45:09,Bayard St & Leonard St,5442,Leonard St & Nassau Ave,5550,40.71915571696044,-73.94885390996933,40.7239567849954,-73.94984364509583,member
2289151,C47D3DEDDF364AA2,classic_bike,2021-09-20 21:11:02,2021-09-20 21:39:44,Bayard St & Leonard St,5442,E 12 St & Ave C,5616,40.71915571696044,-73.94885390996933,40.727243,-73.976831,casual
2289152,FA13BF576A6785E8,electric_bike,2021-09-03 22:22:41,2021-09-03 22:29:40,Bayard St & Leonard St,5442,Leonard St & Nassau Ave,5550,40.71915571696044,-73.94885390996933,40.7239567849954,-73.94984364509583,casual
2290006,EF6D304103195677,classic_bike,2021-09-28 19:10:56,2021-09-28 19:15:38,Bayard St & Leonard St,5442,Leonard St & Nassau Ave,5550,40.71915571696044,-73.94885390996933,40.7239567849954,-73.94984364509583,member
2300033,26EA759CF3A37989,classic_bike,2021-09-13 16:14:56,2021-09-13 16:25:51,Bayard St & Leonard St,5442,Greenpoint Ave & Manhattan Ave,5785,40.71915571696044,-73.94885390996933,40.73026,-73.95394,member
2300052,909F02061E0271F4,classic_bike,2021-09-06 18:07:57,2021-09-06 18:17:17,Bayard St & Leonard St,5442,Greenpoint Ave & Manhattan Ave,5785,40.71915571696044,-73.94885390996933,40.73026,-73.95394,casual
2300054,AD3442F651843791,electric_bike,2021-09-11 13:05:21,2021-09-11 13:31:58,Bayard St & Leonard St,5442,Bergen St & Vanderbilt Ave,4157,40.71915571696044,-73.94885390996933,40.6794388,-73.9680438,member
2300116,252D034B3A6BB5AF,classic_bike,2021-09-18 13:34:08,2021-09-18 13:41:30,Bayard St & Leonard St,5442,Greenpoint Ave & Manhattan Ave,5785,40.71915571696044,-73.94885390996933,40.73026,-73.95394,member
2303576,0D16148A7437F460,classic_bike,2021-09-17 20:41:20,2021-09-17 20:53:25,Bayard St & Leonard St,5442,Greenpoint Ave & Manhattan Ave,5785,40.71915571696044,-73.94885390996933,40.73026,-73.95394,member
2303616,E905874B842A0442,classic_bike,2021-09-18 13:34:05,2021-09-18 13:41:27,Bayard St & Leonard St,5442,Greenpoint Ave & Manhattan Ave,5785,40.71915571696044,-73.94885390996933,40.73026,-73.95394,member
2310870,B49321996127E14A,classic_bike,2021-09-06 16:07:01,2021-09-06 16:37:44,Bayard St & Leonard St,5442,9 Ave & W 22 St,6266,40.71915571696044,-73.94885390996933,40.7454973,-74.00197139,member
2310873,D0AF5A98EB2BE95A,classic_bike,2021-09-09 11:28:41,2021-09-09 11:38:31,Bayard St & Leonard St,5442,Greenpoint Ave & Manhattan Ave,5785,40.71915571696044,-73.94885390996933,40.73026,-73.95394,casual
2310876,2DA745C1938261D8,classic_bike,2021-09-24 10:29:26,2021-09-24 10:57:13,Bayard St & Leonard St,5442,Bergen St & Vanderbilt Ave,4157,40.71915571696044,-73.94885390996933,40.6794388,-73.9680438,casual
2310882,39A18E2FE6723326,classic_bike,2021-09-06 18:10:26,2021-09-06 18:17:09,Bayard St & Leonard St,5442,Greenpoint Ave & Manhattan Ave,5785,40.71915571696044,-73.94885390996933,40.73026,-73.95394,casual
2311197,BBC3D7F6CB998D35,classic_bike,2021-09-17 19:04:24,2021-09-17 19:15:51,Manhattan Av & Leonard St,5442,Greenpoint Ave & Manhattan Ave,5785,40.72084,-73.94844,40.73026,-73.95394,member
2311199,81CD7104F5AC4961,classic_bike,2021-09-19 10:22:07,2021-09-19 10:32:14,Manhattan Av & Leonard St,5442,Greenpoint Ave & Manhattan Ave,5785,40.72084,-73.94844,40.73026,-73.95394,member
2311207,5FACCC5BE6926289,classic_bike,2021-09-03 22:00:50,2021-09-03 22:08:23,Manhattan Av & Leonard St,5442,Greenpoint Ave & Manhattan Ave,5785,40.72084,-73.94844,40.73026,-73.95394,member
2311268,1D1D8D6154A888E5,classic_bike,2021-09-02 22:11:41,2021-09-02 22:17:04,Manhattan Av & Leonard St,5442,Greenpoint Ave & Manhattan Ave,5785,40.72084,-73.94844,40.73026,-73.95394,member
2311296,3F111146A7B282E3,classic_bike,2021-09-17 20:05:41,2021-09-17 20:13:37,Manhattan Av & Leonard St,5442,Greenpoint Ave & Manhattan Ave,5785,40.72084,-73.94844,40.73026,-73.95394,member
2311302,77047C8D50E4BB50,electric_bike,2021-09-04 08:42:50,2021-09-04 08:50:19,Manhattan Av & Leonard St,5442,Greenpoint Ave & Manhattan Ave,5785,40.72084,-73.94844,40.73026,-73.95394,member
2311309,ABD4E1B489408F24,classic_bike,2021-09-16 17:54:08,2021-09-16 18:01:00,Manhattan Av & Leonard St,5442,Greenpoint Ave & Manhattan Ave,5785,40.72084,-73.94844,40.73026,-73.95394,member
2311333,86C03C18FB660582,classic_bike,2021-09-17 17:08:04,2021-09-17 17:17:20,Manhattan Av & Leonard St,5442,Greenpoint Ave & Manhattan Ave,5785,40.72084,-73.94844,40.73026,-73.95394,member
2311345,BFF372175EF605AB,classic_bike,2021-09-03 17:35:05,2021-09-03 17:43:13,Manhattan Av & Leonard St,5442,Greenpoint Ave & Manhattan Ave,5785,40.72084,-73.94844,40.73026,-73.95394,member
2311351,623F4DEADB70BE17,classic_bike,2021-09-17 14:56:04,2021-09-17 15:01:46,Manhattan Av & Leonard St,5442,Greenpoint Ave & Manhattan Ave,5785,40.72084,-73.94844,40.73026,-73.95394,casual
2322647,15FB4F83DC8C70F8,classic_bike,2021-09-10 10:51:35,2021-09-10 10:57:40,Bayard St & Leonard St,5442,Greenpoint Ave & Manhattan Ave,5785,40.71915571696044,-73.94885390996933,40.73026,-73.95394,member
2322649,5822C393A0A17807,classic_bike,2021-09-06 18:48:49,2021-09-06 18:53:50,Bayard St & Leonard St,5442,Greenpoint Ave & Manhattan Ave,5785,40.71915571696044,-73.94885390996933,40.73026,-73.95394,member
2322678,7567FE1092943BA1,classic_bike,2021-09-24 15:44:56,2021-09-24 15:54:16,Bayard St & Leonard St,5442,Greenpoint Ave & Manhattan Ave,5785,40.71915571696044,-73.94885390996933,40.73026,-73.95394,casual
2322679,9494CBD14F4287AD,classic_bike,2021-09-24 20:51:19,2021-09-24 21:02:40,Bayard St & Leonard St,5442,Greenpoint Ave & Manhattan Ave,5785,40.71915571696044,-73.94885390996933,40.73026,-73.95394,casual
2322713,65FBE8ECEA74F5DD,classic_bike,2021-09-30 19:37:53,2021-09-30 19:48:35,Bayard St & Leonard St,5442,Greenpoint Ave & Manhattan Ave,5785,40.71915571696044,-73.94885390996933,40.73026,-73.95394,member
2324632,D0863A23EBDF93BF,classic_bike,2021-09-17 14:01:34,2021-09-17 14:15:24,Manhattan Av & Leonard St,5442,Greenpoint Ave & Manhattan Ave,5785,40.72084,-73.94844,40.73026,-73.95394,member
2324740,14B2107142BA2DF6,classic_bike,2021-09-20 14:41:05,2021-09-20 14:48:20,Manhattan Av & Leonard St,5442,Greenpoint Ave & Manhattan Ave,5785,40.72084,-73.94844,40.73026,-73.95394,member
2324766,FAB3742087A1EAF6,classic_bike,2021-09-30 10:23:59,2021-09-30 10:34:19,Manhattan Av & Leonard St,5442,Greenpoint Ave & Manhattan Ave,5785,40.72084,-73.94844,40.73026,-73.95394,member
2324807,6D61F60CAAA6C263,classic_bike,2021-09-04 19:31:33,2021-09-04 19:52:50,Manhattan Av & Leonard St,5442,Greenpoint Ave & Manhattan Ave,5785,40.72084,-73.94844,40.73026,-73.95394,member
2324819,9816A827E1D41804,classic_bike,2021-09-03 10:46:05,2021-09-03 10:53:49,Manhattan Av & Leonard St,5442,Greenpoint Ave & Manhattan Ave,5785,40.72084,-73.94844,40.73026,-73.95394,casual
2324881,F9D1CD3DA3DF793E,classic_bike,2021-09-04 00:00:43,2021-09-04 00:06:32,Manhattan Av & Leonard St,5442,Greenpoint Ave & Manhattan Ave,5785,40.72084,-73.94844,40.73026,-73.95394,casual
2325044,3E0B96B4647FC290,classic_bike,2021-09-29 09:59:05,2021-09-29 10:05:22,Bayard St & Leonard St,5442,Greenpoint Ave & Manhattan Ave,5785,40.71915571696044,-73.94885390996933,40.73026,-73.95394,member
2327401,377DED4BD95F87CC,classic_bike,2021-09-26 10:23:00,2021-09-26 10:29:42,Manhattan Av & Leonard St,5442,Greenpoint Ave & Manhattan Ave,5785,40.72084,-73.94844,40.73026,-73.95394,member
2327410,BE8102DDBC92BC9C,classic_bike,2021-09-14 14:22:29,2021-09-14 14:27:41,Manhattan Av & Leonard St,5442,Greenpoint Ave & Manhattan Ave,5785,40.72084,-73.94844,40.73026,-73.95394,member
2327475,BAC09DF03005DAA7,classic_bike,2021-09-29 10:26:03,2021-09-29 10:38:14,Manhattan Av & Leonard St,5442,Greenpoint Ave & Manhattan Ave,5785,40.72084,-73.94844,40.73026,-73.95394,member
2327495,6827A36F176849A9,classic_bike,2021-09-03 20:26:41,2021-09-03 21:02:57,Manhattan Av & Leonard St,5442,Bergen St & Vanderbilt Ave,4157,40.72084,-73.94844,40.6794388,-73.9680438,member
2327498,DBA1ABA9F98E50A3,classic_bike,2021-09-02 09:13:21,2021-09-02 09:24:29,Manhattan Av & Leonard St,5442,Greenpoint Ave & Manhattan Ave,5785,40.72084,-73.94844,40.73026,-73.95394,member
2331520,F8914B8FF3381CA2,classic_bike,2021-09-14 14:19:35,2021-09-14 14:27:32,Manhattan Av & Leonard St,5442,Greenpoint Ave & Manhattan Ave,5785,40.72084,-73.94844,40.73026,-73.95394,member
2334632,5968956589B076E3,classic_bike,2021-09-27 17:21:21,2021-09-27 17:30:58,Manhattan Av & Leonard St,5442,Greenpoint Ave & Manhattan Ave,5785,40.72084,-73.94844,40.73026,-73.95394,casual
2335874,F3839D6B9F85779B,electric_bike,2021-09-10 09:41:35,2021-09-10 09:48:57,Manhattan Av & Leonard St,5442,Greenpoint Ave & Manhattan Ave,5785,40.72084,-73.94844,40.73026,-73.95394,member
2335891,7C8F3302766FD906,classic_bike,2021-09-15 19:12:07,2021-09-15 19:19:44,Manhattan Av & Leonard St,5442,Greenpoint Ave & Manhattan Ave,5785,40.72084,-73.94844,40.73026,-73.95394,casual
2342086,9D3B317DD315DA89,classic_bike,2021-09-11 14:53:56,2021-09-11 15:04:09,Bayard St & Leonard St,5442,McGuinness Blvd & Eagle St,5977,40.71915571696044,-73.94885390996933,40.73555,-73.95284,casual
2344494,3C29991C53EB22FB,electric_bike,2021-09-29 10:26:37,2021-09-29 10:32:07,Manhattan Av & Leonard St,5442,McGuinness Blvd & Eagle St,5977,40.72084,-73.94844,40.73555,-73.95284,member
2349959,34CD27520B72EF93,classic_bike,2021-09-03 17:46:48,2021-09-03 18:25:40,Bayard St & Leonard St,5442,W 42 St & 6 Ave,6517,40.71915571696044,-73.94885390996933,40.75492,-73.98455,member
2350006,B07FEC50A03F67FB,classic_bike,2021-09-20 19:24:28,2021-09-20 19:37:21,Bayard St & Leonard St,5442,McGuinness Blvd & Eagle St,5977,40.71915571696044,-73.94885390996933,40.73555,-73.95284,member
2350036,7D4110F5DA26827F,electric_bike,2021-09-22 06:47:13,2021-09-22 07:19:02,Bayard St & Leonard St,5442,W 42 St & 6 Ave,6517,40.71915571696044,-73.94885390996933,40.75492,-73.98455,member
2350950,1FEAFB95F79123ED,classic_bike,2021-09-04 20:23:09,2021-09-04 20:36:20,Bayard St & Leonard St,5442,McGuinness Blvd & Eagle St,5977,40.71915571696044,-73.94885390996933,40.73555,-73.95284,member
2352623,2711A16760A7C945,classic_bike,2021-09-02 09:59:35,2021-09-02 10:09:57,Manhattan Av & Leonard St,5442,McGuinness Blvd & Eagle St,5977,40.72084,-73.94844,40.73555,-73.95284,casual
2352962,D2FDAB39C0C1A3BA,classic_bike,2021-09-29 08:45:55,2021-09-29 09:14:03,Bayard St & Leonard St,5442,W 18 St & 6 Ave,6064,40.71915571696044,-73.94885390996933,40.73971301,-73.99456405,member
2360896,EA834B120799A42B,classic_bike,2021-09-25 16:59:56,2021-09-25 17:12:22,Bayard St & Leonard St,5442,McGuinness Blvd & Eagle St,5977,40.71915571696044,-73.94885390996933,40.73555,-73.95284,member
2360903,4676F98A2858D952,classic_bike,2021-09-10 08:31:50,2021-09-10 08:44:02,Bayard St & Leonard St,5442,McGuinness Blvd & Eagle St,5977,40.71915571696044,-73.94885390996933,40.73555,-73.95284,member
2360959,23D84777E244ED54,classic_bike,2021-09-27 17:26:44,2021-09-27 17:39:52,Bayard St & Leonard St,5442,McGuinness Blvd & Eagle St,5977,40.71915571696044,-73.94885390996933,40.73555,-73.95284,member
2360960,9BB5F256F6BD1321,classic_bike,2021-09-29 16:17:27,2021-09-29 16:27:48,Bayard St & Leonard St,5442,McGuinness Blvd & Eagle St,5977,40.71915571696044,-73.94885390996933,40.73555,-73.95284,member
2361000,7D7B308A9271E379,classic_bike,2021-09-18 13:02:31,2021-09-18 13:16:20,Bayard St & Leonard St,5442,McGuinness Blvd & Eagle St,5977,40.71915571696044,-73.94885390996933,40.73555,-73.95284,member
2361084,79DF8E51D7CAB5C0,classic_bike,2021-09-20 08:11:27,2021-09-20 08:36:35,Bayard St & Leonard St,5442,Franklin St & W Broadway,5430,40.71915571696044,-73.94885390996933,40.71911552,-74.00666661,member
2361137,FBFDA622180B18EC,classic_bike,2021-09-04 08:49:08,2021-09-04 09:21:39,Bayard St & Leonard St,5442,Little West St & 1 Pl,5001,40.71915571696044,-73.94885390996933,40.70569254,-74.01677685,casual
2361213,C8FC1F8DF676CFE1,classic_bike,2021-09-03 12:08:51,2021-09-03 12:19:03,Bayard St & Leonard St,5442,McGuinness Blvd & Eagle St,5977,40.71915571696044,-73.94885390996933,40.73555,-73.95284,member
2361226,0B91D5E0E3E79542,classic_bike,2021-09-28 16:49:51,2021-09-28 17:00:01,Bayard St & Leonard St,5442,McGuinness Blvd & Eagle St,5977,40.71915571696044,-73.94885390996933,40.73555,-73.95284,casual
2363540,FEB0E8BCD7783CDB,classic_bike,2021-09-24 16:53:50,2021-09-24 17:06:01,Bayard St & Leonard St,5442,McGuinness Blvd & Eagle St,5977,40.71915571696044,-73.94885390996933,40.73555,-73.95284,member
2363899,66DA3A4A9B235FA4,classic_bike,2021-09-03 17:38:08,2021-09-03 17:49:14,Manhattan Av & Leonard St,5442,McGuinness Blvd & Eagle St,5977,40.72084,-73.94844,40.73555,-73.95284,casual
2366498,43A0C1663896B469,electric_bike,2021-09-26 01:14:35,2021-09-26 01:23:46,Manhattan Av & Leonard St,5442,McGuinness Blvd & Eagle St,5977,40.72084,-73.94844,40.73555,-73.95284,member
2376344,0C70000A60994C07,classic_bike,2021-09-18 13:01:59,2021-09-18 13:16:16,Bayard St & Leonard St,5442,McGuinness Blvd & Eagle St,5977,40.71915571696044,-73.94885390996933,40.73555,-73.95284,member
2376346,6AB1765E61002F74,classic_bike,2021-09-25 16:59:20,2021-09-25 17:12:14,Bayard St & Leonard St,5442,McGuinness Blvd & Eagle St,5977,40.71915571696044,-73.94885390996933,40.73555,-73.95284,member
2376433,027A9A2141B93914,classic_bike,2021-09-04 10:42:35,2021-09-04 10:53:22,Bayard St & Leonard St,5442,McGuinness Blvd & Eagle St,5977,40.71915571696044,-73.94885390996933,40.73555,-73.95284,casual
2378352,E689097F0F6114A6,classic_bike,2021-09-13 14:44:18,2021-09-13 15:07:01,Bayard St & Leonard St,5442,Cambridge Pl & Gates Ave,4377,40.71915571696044,-73.94885390996933,40.68488,-73.96304,member
2378354,74DF62574C5C72A1,classic_bike,2021-09-24 16:53:28,2021-09-24 17:05:55,Bayard St & Leonard St,5442,McGuinness Blvd & Eagle St,5977,40.71915571696044,-73.94885390996933,40.73555,-73.95284,member
2380283,953D5D6E6DA9FA3F,classic_bike,2021-09-05 23:31:38,2021-09-05 23:39:04,Manhattan Av & Leonard St,5442,McGuinness Blvd & Eagle St,5977,40.72084,-73.94844,40.73555,-73.95284,member
2395199,6550468854E5A3A2,classic_bike,2021-09-03 17:37:35,2021-09-03 17:49:11,Manhattan Av & Leonard St,5442,McGuinness Blvd & Eagle St,5977,40.72084,-73.94844,40.73555,-73.95284,casual
2395206,01D25E8AF4A0F642,classic_bike,2021-09-03 17:37:37,2021-09-03 17:49:08,Manhattan Av & Leonard St,5442,McGuinness Blvd & Eagle St,5977,40.72084,-73.94844,40.73555,-73.95284,casual
2395210,44FE6AE233A827E8,classic_bike,2021-09-03 17:37:33,2021-09-03 17:49:01,Manhattan Av & Leonard St,5442,McGuinness Blvd & Eagle St,5977,40.72084,-73.94844,40.73555,-73.95284,casual
2395236,2A7D09A6BF7DF525,classic_bike,2021-09-16 11:25:43,2021-09-16 11:53:00,Manhattan Av & Leonard St,5442,Franklin St & W Broadway,5430,40.72084,-73.94844,40.71911552,-74.00666661,member
2395381,9081DB2D72612658,classic_bike,2021-09-13 17:07:17,2021-09-13 17:22:38,Manhattan Av & Leonard St,5442,McGuinness Blvd & Eagle St,5977,40.72084,-73.94844,40.73555,-73.95284,member
2395384,3016B586BDDE70D5,classic_bike,2021-09-16 10:31:49,2021-09-16 10:37:56,Manhattan Av & Leonard St,5442,McGuinness Blvd & Eagle St,5977,40.72084,-73.94844,40.73555,-73.95284,member
2395391,5783F3B8EBA8E24F,classic_bike,2021-09-08 16:46:14,2021-09-08 16:57:08,Manhattan Av & Leonard St,5442,McGuinness Blvd & Eagle St,5977,40.72084,-73.94844,40.73555,-73.95284,member
2398606,6385C5ADCAC12439,electric_bike,2021-09-16 18:03:40,2021-09-16 18:33:34,Bayard St & Leonard St,5442,Franklin St & W Broadway,5430,40.71915571696044,-73.94885390996933,40.71911552,-74.00666661,member
2399924,0145034A7D83325E,classic_bike,2021-09-15 20:38:45,2021-09-15 20:51:03,Bayard St & Leonard St,5442,McGuinness Blvd & Eagle St,5977,40.71915571696044,-73.94885390996933,40.73555,-73.95284,member
2399925,034AFBCAD22F76AC,classic_bike,2021-09-08 16:38:03,2021-09-08 16:49:32,Bayard St & Leonard St,5442,McGuinness Blvd & Eagle St,5977,40.71915571696044,-73.94885390996933,40.73555,-73.95284,member
2399926,1899008C7EFDD073,classic_bike,2021-09-30 16:34:47,2021-09-30 16:47:08,Bayard St & Leonard St,5442,McGuinness Blvd & Eagle St,5977,40.71915571696044,-73.94885390996933,40.73555,-73.95284,member
2399927,2DB07230148BF364,classic_bike,2021-09-22 20:04:11,2021-09-22 20:15:31,Bayard St & Leonard St,5442,McGuinness Blvd & Eagle St,5977,40.71915571696044,-73.94885390996933,40.73555,-73.95284,member
2399928,BB534CDD07DE2A4C,classic_bike,2021-09-27 17:58:54,2021-09-27 18:10:09,Bayard St & Leonard St,5442,McGuinness Blvd & Eagle St,5977,40.71915571696044,-73.94885390996933,40.73555,-73.95284,member
2400464,C98D788B3CB24798,electric_bike,2021-09-05 23:31:27,2021-09-05 23:39:02,Manhattan Av & Leonard St,5442,McGuinness Blvd & Eagle St,5977,40.72084,-73.94844,40.73555,-73.95284,casual
2426443,4C060EFCD3637496,classic_bike,2021-09-06 01:57:29,2021-09-06 02:14:40,Manhattan Av & Leonard St,5442,Humboldt St & Varet St,4956,40.72084,-73.94844,40.7031724,-73.940636,member
2434011,EA3B20BEE414758D,electric_bike,2021-09-17 18:15:13,2021-09-17 19:17:02,Bayard St & Leonard St,5442,W 116 St & Amsterdam Ave,7692,40.71915571696044,-73.94885390996933,40.8067581,-73.9607082,member
2434041,9CAE329BE596F926,electric_bike,2021-09-07 13:32:37,2021-09-07 13:40:25,Bayard St & Leonard St,5442,Humboldt St & Varet St,4956,40.71915571696044,-73.94885390996933,40.7031724,-73.940636,member
2434083,1B11AF5F19DEAD51,classic_bike,2021-09-14 08:17:06,2021-09-14 08:35:53,Bayard St & Leonard St,5442,Humboldt St & Varet St,4956,40.71915571696044,-73.94885390996933,40.7031724,-73.940636,member
2434145,82E2A329440BC994,classic_bike,2021-09-07 18:14:42,2021-09-07 18:42:24,Bayard St & Leonard St,5442,Sands St Gate,4812,40.71915571696044,-73.94885390996933,40.699569,-73.979827,member
2444387,A2FA67281284BD69,classic_bike,2021-09-29 20:18:59,2021-09-29 20:32:49,Bayard St & Leonard St,5442,Humboldt St & Varet St,4956,40.71915571696044,-73.94885390996933,40.7031724,-73.940636,casual
2444519,B3E57F645C43EEEC,classic_bike,2021-09-15 08:13:54,2021-09-15 08:34:13,Bayard St & Leonard St,5442,Humboldt St & Varet St,4956,40.71915571696044,-73.94885390996933,40.7031724,-73.940636,member
2447596,1B6029D71677FBA9,classic_bike,2021-09-15 00:20:08,2021-09-15 00:40:50,Manhattan Av & Leonard St,5442,Humboldt St & Varet St,4956,40.72084,-73.94844,40.7031724,-73.940636,casual
2450531,AE6BA1580294A0F9,docked_bike,2021-09-25 14:19:36,2021-09-25 14:52:12,Manhattan Av & Leonard St,5442,Carmine St & 6 Ave,5763,40.72084,-73.94844,40.730386,-74.00215,casual
2451383,AE28C1F8EF887E45,electric_bike,2021-09-03 08:23:04,2021-09-03 08:33:07,Manhattan Av & Leonard St,5442,Vernon Blvd & 50 Ave,6170,40.72084,-73.94844,40.74232744,-73.95411749,member
2458374,A9393B6498AFF54C,classic_bike,2021-09-08 08:25:31,2021-09-08 08:37:21,Manhattan Av & Leonard St,5442,Vernon Blvd & 50 Ave,6170,40.72084,-73.94844,40.74232744,-73.95411749,member
2458375,12E5EAE0E66B15C9,classic_bike,2021-09-02 18:30:24,2021-09-02 18:44:40,Manhattan Av & Leonard St,5442,Vernon Blvd & 50 Ave,6170,40.72084,-73.94844,40.74232744,-73.95411749,member
2460697,E7F79494D161F440,electric_bike,2021-09-02 11:31:03,2021-09-02 11:49:38,Manhattan Av & Leonard St,5442,Vernon Blvd & 50 Ave,6170,40.72084,-73.94844,40.74232744,-73.95411749,casual
2460932,87189D9DD3CF550C,classic_bike,2021-09-06 23:15:14,2021-09-06 23:44:28,Bayard St & Leonard St,5442,Putnam Ave & Throop Ave,4392,40.71915571696044,-73.94885390996933,40.6851532,-73.94111,member
2462787,54370BD33785BC62,electric_bike,2021-09-14 18:08:16,2021-09-14 18:41:55,Bayard St & Leonard St,5442,Moffat St & Bushwick,4357,40.71915571696044,-73.94885390996933,40.68458,-73.90925,casual
2467864,A24BAD2F364A2B4C,electric_bike,2021-09-03 11:16:07,2021-09-03 11:29:22,Bayard St & Leonard St,5442,Evergreen Ave & Noll St,4873,40.71915571696044,-73.94885390996933,40.70106,-73.93318,casual
2467889,067EE57F409E2C80,classic_bike,2021-09-07 20:22:54,2021-09-07 20:37:06,Bayard St & Leonard St,5442,Evergreen Ave & Noll St,4873,40.71915571696044,-73.94885390996933,40.70106,-73.93318,member
2469291,590D02811D548B23,classic_bike,2021-09-28 09:46:08,2021-09-28 10:03:47,Bayard St & Leonard St,5442,Evergreen Ave & Noll St,4873,40.71915571696044,-73.94885390996933,40.70106,-73.93318,member
2484956,EC599ABA6B8BE0D3,electric_bike,2021-09-14 19:45:53,2021-09-14 20:04:53,Bayard St & Leonard St,5442,Greene Av & Myrtle Av,4784,40.71915571696044,-73.94885390996933,40.698568,-73.918877,member
2484960,AB56A42EABF24575,classic_bike,2021-09-13 10:28:42,2021-09-13 10:52:28,Bayard St & Leonard St,5442,Washington Pl & 6 Ave,5838,40.71915571696044,-73.94885390996933,40.73224119,-74.00026394,member
2484972,32EB24908DB58B21,classic_bike,2021-09-04 02:04:30,2021-09-04 02:24:25,Manhattan Av & Leonard St,5442,Evergreen Ave & Noll St,4873,40.72084,-73.94844,40.70106,-73.93318,member
2485010,FD034643E654898A,classic_bike,2021-09-15 20:06:11,2021-09-15 20:26:21,Bayard St & Leonard St,5442,Evergreen Ave & Noll St,4873,40.71915571696044,-73.94885390996933,40.70106,-73.93318,member
2485026,DACF6C1A7024C97B,electric_bike,2021-09-04 23:25:11,2021-09-04 23:36:54,Bayard St & Leonard St,5442,Evergreen Ave & Noll St,4873,40.71915571696044,-73.94885390996933,40.70106,-73.93318,member
2485042,E465423104FD57D7,classic_bike,2021-09-14 20:36:05,2021-09-14 20:55:13,Bayard St & Leonard St,5442,Evergreen Ave & Noll St,4873,40.71915571696044,-73.94885390996933,40.70106,-73.93318,member
2485043,24ABCA17F836AF99,electric_bike,2021-09-09 20:04:24,2021-09-09 20:20:50,Bayard St & Leonard St,5442,Evergreen Ave & Noll St,4873,40.71915571696044,-73.94885390996933,40.70106,-73.93318,member
2485044,937639A6FACAD34C,classic_bike,2021-09-24 20:20:31,2021-09-24 20:38:27,Bayard St & Leonard St,5442,Evergreen Ave & Noll St,4873,40.71915571696044,-73.94885390996933,40.70106,-73.93318,member
2485053,BD43EEF85B0C1A1F,electric_bike,2021-09-10 20:13:57,2021-09-10 20:24:29,Bayard St & Leonard St,5442,Evergreen Ave & Noll St,4873,40.71915571696044,-73.94885390996933,40.70106,-73.93318,member
2485632,16010B33FE1CC6D5,electric_bike,2021-09-17 20:24:01,2021-09-17 20:36:38,Bayard St & Leonard St,5442,Evergreen Ave & Noll St,4873,40.71915571696044,-73.94885390996933,40.70106,-73.93318,member
2485638,11DFE3020AF5C5CD,classic_bike,2021-09-04 13:38:31,2021-09-04 13:55:46,Bayard St & Leonard St,5442,Evergreen Ave & Noll St,4873,40.71915571696044,-73.94885390996933,40.70106,-73.93318,casual
2485657,54457FB2AF5E2892,classic_bike,2021-09-15 17:04:37,2021-09-15 17:29:17,Bayard St & Leonard St,5442,Washington Pl & 6 Ave,5838,40.71915571696044,-73.94885390996933,40.73224119,-74.00026394,member
2485711,7155E6D7288E5A90,electric_bike,2021-09-21 20:31:04,2021-09-21 20:42:44,Bayard St & Leonard St,5442,Evergreen Ave & Noll St,4873,40.71915571696044,-73.94885390996933,40.70106,-73.93318,member
2485713,DB75409AB9480E00,classic_bike,2021-09-22 20:24:15,2021-09-22 20:39:30,Bayard St & Leonard St,5442,Evergreen Ave & Noll St,4873,40.71915571696044,-73.94885390996933,40.70106,-73.93318,member
2486126,117DA200B7B98C0A,electric_bike,2021-09-09 11:20:29,2021-09-09 11:48:45,Bayard St & Leonard St,5442,Washington Pl & 6 Ave,5838,40.71915571696044,-73.94885390996933,40.73224119,-74.00026394,member
2492584,C43DDF5901C841DD,electric_bike,2021-09-25 23:58:21,2021-09-26 00:25:44,Bayard St & Leonard St,5442,1 Ave & E 78 St,7020,40.71915571696044,-73.94885390996933,40.77140426,-73.9535166,member
2493576,539E28003EE2302F,classic_bike,2021-09-29 20:16:51,2021-09-29 20:35:24,Bayard St & Leonard St,5442,Evergreen Ave & Noll St,4873,40.71915571696044,-73.94885390996933,40.70106,-73.93318,member
2495027,B3A0AABA734188A0,classic_bike,2021-09-03 01:37:34,2021-09-03 02:00:27,Manhattan Av & Leonard St,5442,Myrtle Ave & Linden St,4816,40.72084,-73.94844,40.69943,-73.91337,casual
2499168,9A6C421C1787D886,electric_bike,2021-09-26 12:41:12,2021-09-26 12:49:04,Bayard St & Leonard St,5442,Beaver St & Fayette St,4840,40.71915571696044,-73.94885390996933,40.70099,-73.93921,member
2499194,54CFB74D3F53D5DB,electric_bike,2021-09-16 06:58:56,2021-09-16 07:08:16,Bayard St & Leonard St,5442,Beaver St & Fayette St,4840,40.71915571696044,-73.94885390996933,40.70099,-73.93921,member
2500622,F680553FFAED48E3,electric_bike,2021-09-14 07:03:32,2021-09-14 07:13:47,Bayard St & Leonard St,5442,Beaver St & Fayette St,4840,40.71915571696044,-73.94885390996933,40.70099,-73.93921,member
2504262,F3848B7D82F036A4,electric_bike,2021-09-22 18:43:07,2021-09-22 19:11:30,Bayard St & Leonard St,5442,Lafayette Ave & Fort Greene Pl,4395,40.71915571696044,-73.94885390996933,40.68691865,-73.976682,member
2516138,6E54F1B3620167AA,electric_bike,2021-09-09 18:54:45,2021-09-09 19:06:04,Bayard St & Leonard St,5442,Beaver St & Fayette St,4840,40.71915571696044,-73.94885390996933,40.70099,-73.93921,member
2516150,46898C2AFD2548C3,electric_bike,2021-09-19 09:23:38,2021-09-19 09:32:09,Bayard St & Leonard St,5442,Beaver St & Fayette St,4840,40.71915571696044,-73.94885390996933,40.70099,-73.93921,member
2516159,BE53497EF54FB711,electric_bike,2021-09-12 06:52:26,2021-09-12 07:01:34,Bayard St & Leonard St,5442,Beaver St & Fayette St,4840,40.71915571696044,-73.94885390996933,40.70099,-73.93921,member
2517393,7ECDDE154518AED4,electric_bike,2021-09-21 18:24:33,2021-09-21 18:38:23,Bayard St & Leonard St,5442,Beaver St & Fayette St,4840,40.71915571696044,-73.94885390996933,40.70099,-73.93921,member
2517858,C5A7677F3345BB01,classic_bike,2021-09-07 19:20:42,2021-09-07 19:27:21,Bayard St & Leonard St,5442,S 5 Pl & S 5 St,5125,40.71915571696044,-73.94885390996933,40.710451,-73.960876,casual
2522045,71DD1A91B79FB698,classic_bike,2021-09-04 17:20:36,2021-09-04 17:30:11,Bayard St & Leonard St,5442,S 5 Pl & S 5 St,5125,40.71915571696044,-73.94885390996933,40.710451,-73.960876,member
2522069,2B4FC2685CAF0E3D,classic_bike,2021-09-13 14:00:14,2021-09-13 14:29:48,Bayard St & Leonard St,5442,Clinton Ave & Myrtle Ave,4651,40.71915571696044,-73.94885390996933,40.693261,-73.968896,member
2522070,267FB463839A75E5,classic_bike,2021-09-30 18:29:13,2021-09-30 18:37:41,Bayard St & Leonard St,5442,S 5 Pl & S 5 St,5125,40.71915571696044,-73.94885390996933,40.710451,-73.960876,casual
2522116,C422A89B012B2E70,classic_bike,2021-09-18 14:56:38,2021-09-18 15:13:40,Bayard St & Leonard St,5442,S 5 Pl & S 5 St,5125,40.71915571696044,-73.94885390996933,40.710451,-73.960876,member
2522118,E41C3F5DC58DFEC2,classic_bike,2021-09-04 18:35:16,2021-09-04 18:45:27,Bayard St & Leonard St,5442,S 5 Pl & S 5 St,5125,40.71915571696044,-73.94885390996933,40.710451,-73.960876,casual
2523507,E1891C3326931FF9,classic_bike,2021-09-27 19:10:44,2021-09-27 19:17:11,Bayard St & Leonard St,5442,S 5 Pl & S 5 St,5125,40.71915571696044,-73.94885390996933,40.710451,-73.960876,member
2524414,DB869735505692D9,classic_bike,2021-09-05 17:09:39,2021-09-05 17:17:25,Bayard St & Leonard St,5442,S 5 Pl & S 5 St,5125,40.71915571696044,-73.94885390996933,40.710451,-73.960876,member
2526403,3E8CEF47BEE59647,classic_bike,2021-09-18 15:03:10,2021-09-18 15:25:13,Manhattan Av & Leonard St,5442,S 5 Pl & S 5 St,5125,40.72084,-73.94844,40.710451,-73.960876,casual
2526405,FC97AB32A78A9F6C,classic_bike,2021-09-03 12:28:10,2021-09-03 12:38:26,Manhattan Av & Leonard St,5442,S 5 Pl & S 5 St,5125,40.72084,-73.94844,40.710451,-73.960876,member
2535659,CD7391A5A036D079,electric_bike,2021-09-02 14:09:36,2021-09-02 14:25:30,Manhattan Av & Leonard St,5442,S 5 Pl & S 5 St,5125,40.72084,-73.94844,40.710451,-73.960876,casual
2537192,86B281A0EA552C20,classic_bike,2021-09-27 14:51:09,2021-09-27 14:57:30,Manhattan Av & Leonard St,5442,S 5 Pl & S 5 St,5125,40.72084,-73.94844,40.710451,-73.960876,member
2539130,D85C5D8CABA18A35,classic_bike,2021-09-10 22:12:16,2021-09-10 22:36:22,Bayard St & Leonard St,5442,Clinton Ave & Myrtle Ave,4651,40.71915571696044,-73.94885390996933,40.693261,-73.968896,casual
2539175,8566266104025616,classic_bike,2021-09-19 13:36:18,2021-09-19 13:43:50,Bayard St & Leonard St,5442,S 5 Pl & S 5 St,5125,40.71915571696044,-73.94885390996933,40.710451,-73.960876,member
2539180,5F2474B590FEFE7A,electric_bike,2021-09-10 17:48:40,2021-09-10 17:57:49,Bayard St & Leonard St,5442,S 5 Pl & S 5 St,5125,40.71915571696044,-73.94885390996933,40.710451,-73.960876,member
2539183,7B4A2F4B959363EC,classic_bike,2021-09-29 14:19:46,2021-09-29 14:41:01,Bayard St & Leonard St,5442,E 2 St & Avenue B,5515,40.71915571696044,-73.94885390996933,40.72217444,-73.98368779,member
2539184,6AB2F1CD7D1F7A1C,classic_bike,2021-09-18 00:15:22,2021-09-18 00:24:37,Bayard St & Leonard St,5442,S 5 Pl & S 5 St,5125,40.71915571696044,-73.94885390996933,40.710451,-73.960876,member
2539189,3AE65544C0D4D0FD,classic_bike,2021-09-28 19:15:26,2021-09-28 19:21:46,Bayard St & Leonard St,5442,S 5 Pl & S 5 St,5125,40.71915571696044,-73.94885390996933,40.710451,-73.960876,member
2539191,09FBA9FE8BC73427,electric_bike,2021-09-26 13:40:53,2021-09-26 13:47:44,Bayard St & Leonard St,5442,S 5 Pl & S 5 St,5125,40.71915571696044,-73.94885390996933,40.710451,-73.960876,member
2539216,CCA2F27D5A38DB8A,electric_bike,2021-09-08 14:49:03,2021-09-08 14:58:24,Bayard St & Leonard St,5442,Division Ave & Hooper St,5045,40.71915571696044,-73.94885390996933,40.70684203101325,-73.9544353965357,casual
2539297,1C302B70A64CA054,classic_bike,2021-09-30 10:07:08,2021-09-30 10:26:30,Bayard St & Leonard St,5442,Clinton Ave & Myrtle Ave,4651,40.71915571696044,-73.94885390996933,40.693261,-73.968896,member
2539299,D12C4DA589FF7BE4,classic_bike,2021-09-30 15:30:28,2021-09-30 15:38:57,Bayard St & Leonard St,5442,S 5 Pl & S 5 St,5125,40.71915571696044,-73.94885390996933,40.710451,-73.960876,casual
2539333,22CD5146DED3A512,classic_bike,2021-09-09 19:36:44,2021-09-09 19:47:52,Bayard St & Leonard St,5442,S 5 Pl & S 5 St,5125,40.71915571696044,-73.94885390996933,40.710451,-73.960876,casual
2540732,2365A48BB35ADCFD,classic_bike,2021-09-27 13:29:37,2021-09-27 13:37:49,Bayard St & Leonard St,5442,S 5 Pl & S 5 St,5125,40.71915571696044,-73.94885390996933,40.710451,-73.960876,casual
2542667,C91E94196A7FC3B5,classic_bike,2021-09-03 16:01:06,2021-09-03 16:08:58,Manhattan Av & Leonard St,5442,S 5 Pl & S 5 St,5125,40.72084,-73.94844,40.710451,-73.960876,member
2544337,851134D73F0EC880,classic_bike,2021-09-20 18:28:05,2021-09-20 18:35:57,Bayard St & Leonard St,5442,S 5 Pl & S 5 St,5125,40.71915571696044,-73.94885390996933,40.710451,-73.960876,casual
2544352,7217FEC430E9CBC1,classic_bike,2021-09-10 13:49:37,2021-09-10 13:57:36,Bayard St & Leonard St,5442,S 5 Pl & S 5 St,5125,40.71915571696044,-73.94885390996933,40.710451,-73.960876,member
2544366,C5375E70691213C3,classic_bike,2021-09-06 11:21:41,2021-09-06 11:31:04,Bayard St & Leonard St,5442,S 5 Pl & S 5 St,5125,40.71915571696044,-73.94885390996933,40.710451,-73.960876,member
2544482,2FDC21271243FEFA,classic_bike,2021-09-06 21:04:23,2021-09-06 21:10:02,Bayard St & Leonard St,5442,S 5 Pl & S 5 St,5125,40.71915571696044,-73.94885390996933,40.710451,-73.960876,casual
2545142,B4091214007F0A49,classic_bike,2021-09-06 17:18:15,2021-09-06 17:24:50,Bayard St & Leonard St,5442,S 5 Pl & S 5 St,5125,40.71915571696044,-73.94885390996933,40.710451,-73.960876,member
2545224,BCDECB5E31457263,classic_bike,2021-09-02 10:43:44,2021-09-02 10:50:30,Bayard St & Leonard St,5442,S 5 Pl & S 5 St,5125,40.71915571696044,-73.94885390996933,40.710451,-73.960876,member
2545228,A26279ABE007648D,classic_bike,2021-09-27 19:18:19,2021-09-27 19:24:42,Bayard St & Leonard St,5442,S 5 Pl & S 5 St,5125,40.71915571696044,-73.94885390996933,40.710451,-73.960876,member
2545229,5C4E6291AB4C965B,classic_bike,2021-09-27 13:29:27,2021-09-27 13:39:33,Bayard St & Leonard St,5442,S 5 Pl & S 5 St,5125,40.71915571696044,-73.94885390996933,40.710451,-73.960876,member
2546132,3EBF8D274BBA2F24,classic_bike,2021-09-29 18:54:32,2021-09-29 19:02:22,Bayard St & Leonard St,5442,S 5 Pl & S 5 St,5125,40.71915571696044,-73.94885390996933,40.710451,-73.960876,casual
2549008,DD664AA0A28682E7,electric_bike,2021-09-18 12:19:05,2021-09-18 12:53:29,Manhattan Av & Leonard St,5442,Underhill Ave & Pacific St,4231,40.72084,-73.94844,40.6804836,-73.9646795,member
2550009,15254A6DC4E8AD26,classic_bike,2021-09-09 15:25:51,2021-09-09 15:51:23,Bayard St & Leonard St,5442,Clermont Ave & Lafayette Ave,4461,40.71915571696044,-73.94885390996933,40.68764484,-73.96968902,casual
2553106,033942A1550AB38F,electric_bike,2021-09-22 01:11:30,2021-09-22 01:37:19,Bayard St & Leonard St,5442,Delancey St & Eldridge St,5414,40.71915571696044,-73.94885390996933,40.719383,-73.991479,casual
2553110,903CDCC4CECA738A,classic_bike,2021-09-11 04:02:54,2021-09-11 04:26:23,Bayard St & Leonard St,5442,Underhill Ave & Pacific St,4231,40.71915571696044,-73.94885390996933,40.6804836,-73.9646795,member
2553145,76E2F43E1689057C,electric_bike,2021-09-22 11:35:00,2021-09-22 11:48:22,Bayard St & Leonard St,5442,Delancey St & Eldridge St,5414,40.71915571696044,-73.94885390996933,40.719383,-73.991479,casual
2553977,09D0EF2DACC53E71,classic_bike,2021-09-18 14:47:15,2021-09-18 15:13:20,Manhattan Av & Leonard St,5442,Macon St & Nostrand Ave,4214,40.72084,-73.94844,40.6809833854,-73.9500479759,member
2553978,EAA807A287EC51D0,classic_bike,2021-09-02 10:21:56,2021-09-02 10:52:45,Manhattan Av & Leonard St,5442,Irving Ave & Palmetto St,4775,40.72084,-73.94844,40.698,-73.9127,member
2553980,DB0372C78425A58F,classic_bike,2021-09-03 19:12:52,2021-09-03 19:45:18,Manhattan Av & Leonard St,5442,Clermont Ave & Lafayette Ave,4461,40.72084,-73.94844,40.68764484,-73.96968902,member
2554555,6992ABE9BC23BB52,electric_bike,2021-09-13 09:07:56,2021-09-13 09:43:58,Bayard St & Leonard St,5442,W 59 St & 10 Ave,7023,40.71915571696044,-73.94885390996933,40.770513,-73.988038,member
2567970,3EEAA7B8DC629370,electric_bike,2021-09-12 10:58:01,2021-09-12 11:36:51,Bayard St & Leonard St,5442,W 59 St & 10 Ave,7023,40.71915571696044,-73.94885390996933,40.770513,-73.988038,member
2568062,0DA4B0E21428BBEB,classic_bike,2021-09-11 12:14:27,2021-09-11 12:51:36,Bayard St & Leonard St,5442,Macon St & Nostrand Ave,4214,40.71915571696044,-73.94885390996933,40.6809833854,-73.9500479759,member
2568528,F48681B56EED7782,classic_bike,2021-09-10 12:46:15,2021-09-10 13:15:32,Bayard St & Leonard St,5442,Underhill Ave & Pacific St,4231,40.71915571696044,-73.94885390996933,40.6804836,-73.9646795,member
2568555,F0BC51EB08ED0C52,electric_bike,2021-09-03 09:19:48,2021-09-03 09:35:08,Bayard St & Leonard St,5442,Delancey St & Eldridge St,5414,40.71915571696044,-73.94885390996933,40.719383,-73.991479,member
2572548,5148C075F66CBCA2,electric_bike,2021-09-04 14:56:42,2021-09-04 15:08:13,Manhattan Av & Leonard St,5442,Delancey St & Eldridge St,5414,40.72084,-73.94844,40.719383,-73.991479,member
2572556,B9F440E9F4D3ED34,electric_bike,2021-09-18 12:19:06,2021-09-18 12:52:23,Manhattan Av & Leonard St,5442,Underhill Ave & Pacific St,4231,40.72084,-73.94844,40.6804836,-73.9646795,member
2572602,03A41D641D31E084,electric_bike,2021-09-02 15:01:10,2021-09-02 15:15:22,Manhattan Av & Leonard St,5442,Delancey St & Eldridge St,5414,40.72084,-73.94844,40.719383,-73.991479,member
2584832,E41566217332908C,classic_bike,2021-09-06 14:32:27,2021-09-06 15:05:22,Manhattan Av & Leonard St,5442,1 Ave & E 62 St,6753,40.72084,-73.94844,40.7612274,-73.96094022,casual
2590231,2B227D66887B6827,electric_bike,2021-09-18 15:11:16,2021-09-18 15:46:05,Bayard St & Leonard St,5442,4 Ave & 3 St,4028,40.71915571696044,-73.94885390996933,40.673746,-73.985649,member
2593651,952ABC2A0068B344,classic_bike,2021-09-18 12:20:55,2021-09-18 12:39:50,Bayard St & Leonard St,5442,49 Ave & 21 St,6128,40.71915571696044,-73.94885390996933,40.74252,-73.948852,member
2614316,BC330651DF75FFBE,classic_bike,2021-09-24 15:06:35,2021-09-24 15:31:26,Bayard St & Leonard St,5442,Johnson St & Gold St,4668,40.71915571696044,-73.94885390996933,40.69474881,-73.98362464,member
2617804,4B56B566BF1A644C,electric_bike,2021-09-29 17:56:39,2021-09-29 18:16:06,Bayard St & Leonard St,5442,Kingston Ave & Herkimer St,4205,40.71915571696044,-73.94885390996933,40.67890679,-73.94142771,member
2618831,D870A68C6C4A2403,electric_bike,2021-09-12 00:03:01,2021-09-12 02:45:14,Manhattan Av & Leonard St,5442,Kingston Ave & Herkimer St,4205,40.72084,-73.94844,40.67890679,-73.94142771,member
2628076,21FB063239C62479,electric_bike,2021-09-12 15:51:37,2021-09-12 16:12:36,Manhattan Av & Leonard St,5442,Kingston Ave & Herkimer St,4205,40.72084,-73.94844,40.67890679,-73.94142771,casual
2628092,D102262C590B6F67,electric_bike,2021-09-04 14:38:58,2021-09-04 15:09:42,Manhattan Av & Leonard St,5442,18 St & 27 Ave,7062,40.72084,-73.94844,40.772768286288304,-73.92743647098541,casual
2639353,0BC5F14FB13F7E73,electric_bike,2021-09-07 07:31:47,2021-09-07 07:46:58,Bayard St & Leonard St,5442,Kingston Ave & Herkimer St,4205,40.71915571696044,-73.94885390996933,40.67890679,-73.94142771,member
2647483,287EA60DF1105F52,electric_bike,2021-09-11 12:48:29,2021-09-11 13:10:07,Bayard St & Leonard St,5442,Norman St & Wyckoff Ave,4654,40.71915571696044,-73.94885390996933,40.69517,-73.90311,member
2649416,EFC19573342C6C1F,classic_bike,2021-09-06 14:11:32,2021-09-06 14:38:10,Bayard St & Leonard St,5442,Norman St & Wyckoff Ave,4654,40.71915571696044,-73.94885390996933,40.69517,-73.90311,member
2651086,9EE00249D867CC46,classic_bike,2021-09-08 17:49:55,2021-09-08 18:09:13,Manhattan Av & Leonard St,5442,21 St & 38 Ave,6656,40.72084,-73.94844,40.7576314,-73.9391224,member
2654874,FE624E5A938E8CE0,electric_bike,2021-09-18 14:52:57,2021-09-18 15:29:26,Bayard St & Leonard St,5442,E 11 St & 3 Ave,5788,40.71915571696044,-73.94885390996933,40.73127,-73.98849,casual
2654892,122D04BA950461EE,classic_bike,2021-09-06 14:11:27,2021-09-06 14:38:17,Bayard St & Leonard St,5442,Norman St & Wyckoff Ave,4654,40.71915571696044,-73.94885390996933,40.69517,-73.90311,member
2655654,81BF1F8DDE4D15BD,electric_bike,2021-09-11 15:12:10,2021-09-11 15:33:36,Bayard St & Leonard St,5442,Franklin Ave & Myrtle Ave,4715,40.71915571696044,-73.94885390996933,40.694546087246025,-73.95801365375519,member
2655680,6151744840D51C33,classic_bike,2021-09-06 14:13:34,2021-09-06 14:38:08,Bayard St & Leonard St,5442,Norman St & Wyckoff Ave,4654,40.71915571696044,-73.94885390996933,40.69517,-73.90311,casual
2659921,A32C61B7C8FE0809,classic_bike,2021-09-17 23:21:12,2021-09-18 00:00:11,Manhattan Av & Leonard St,5442,Garfield Pl & 8 Ave,3978,40.72084,-73.94844,40.6711978,-73.97484126,member
2665215,45DFAC2B7A78D34B,classic_bike,2021-09-07 18:28:27,2021-09-07 18:48:09,Manhattan Av & Leonard St,5442,21 St & 38 Ave,6656,40.72084,-73.94844,40.7576314,-73.9391224,member
2669483,9D77B5DBC8B210DE,classic_bike,2021-09-12 16:43:27,2021-09-12 17:05:49,Bayard St & Leonard St,5442,Frost St & Meeker Ave,5371,40.71915571696044,-73.94885390996933,40.71766197083994,-73.94880026578903,casual
2669511,87FAC00501120CB6,classic_bike,2021-09-29 11:09:17,2021-09-29 11:15:42,Bayard St & Leonard St,5442,Grand St & Havemeyer St,5267,40.71915571696044,-73.94885390996933,40.71286844,-73.95698119,member
2671518,22F7ADBFA5CD99E5,classic_bike,2021-09-24 16:19:20,2021-09-24 16:27:42,Bayard St & Leonard St,5442,Grand St & Havemeyer St,5267,40.71915571696044,-73.94885390996933,40.71286844,-73.95698119,member
2671519,2192CF0A38D02209,classic_bike,2021-09-28 06:40:11,2021-09-28 06:44:54,Bayard St & Leonard St,5442,Grand St & Havemeyer St,5267,40.71915571696044,-73.94885390996933,40.71286844,-73.95698119,member
2671523,A5AF8B6F03F5FF74,classic_bike,2021-09-17 14:32:58,2021-09-17 14:52:01,Bayard St & Leonard St,5442,Frost St & Meeker Ave,5371,40.71915571696044,-73.94885390996933,40.71766197083994,-73.94880026578903,member
2671524,76FD1834692B3E38,classic_bike,2021-09-14 13:45:31,2021-09-14 14:06:43,Bayard St & Leonard St,5442,Frost St & Meeker Ave,5371,40.71915571696044,-73.94885390996933,40.71766197083994,-73.94880026578903,member
2671526,27EF913390A02198,classic_bike,2021-09-17 10:53:32,2021-09-17 11:01:16,Bayard St & Leonard St,5442,Grand St & Havemeyer St,5267,40.71915571696044,-73.94885390996933,40.71286844,-73.95698119,casual
2671534,180CE08D1579718F,classic_bike,2021-09-28 06:40:11,2021-09-28 06:44:57,Bayard St & Leonard St,5442,Grand St & Havemeyer St,5267,40.71915571696044,-73.94885390996933,40.71286844,-73.95698119,member
2671536,B0667EDC02244617,classic_bike,2021-09-10 06:44:01,2021-09-10 06:48:57,Bayard St & Leonard St,5442,Grand St & Havemeyer St,5267,40.71915571696044,-73.94885390996933,40.71286844,-73.95698119,member
2671538,5110CB1162C7F9E0,classic_bike,2021-09-27 08:57:30,2021-09-27 08:58:55,Bayard St & Leonard St,5442,Frost St & Meeker Ave,5371,40.71915571696044,-73.94885390996933,40.71766197083994,-73.94880026578903,member
2671546,49B27A71ABF376B8,classic_bike,2021-09-23 07:34:33,2021-09-23 07:39:53,Bayard St & Leonard St,5442,Grand St & Havemeyer St,5267,40.71915571696044,-73.94885390996933,40.71286844,-73.95698119,member
2671547,30053048E405AE30,classic_bike,2021-09-08 07:28:21,2021-09-08 07:32:49,Bayard St & Leonard St,5442,Grand St & Havemeyer St,5267,40.71915571696044,-73.94885390996933,40.71286844,-73.95698119,member
2671548,693E6B8DE7B25AA3,classic_bike,2021-09-15 06:35:24,2021-09-15 06:40:08,Bayard St & Leonard St,5442,Grand St & Havemeyer St,5267,40.71915571696044,-73.94885390996933,40.71286844,-73.95698119,member
2671549,C92F7EEA7600094B,classic_bike,2021-09-16 19:32:15,2021-09-16 19:34:20,Bayard St & Leonard St,5442,Frost St & Meeker Ave,5371,40.71915571696044,-73.94885390996933,40.71766197083994,-73.94880026578903,member
2671551,DDD6105676A44212,classic_bike,2021-09-25 14:31:36,2021-09-25 15:13:32,Bayard St & Leonard St,5442,Frost St & Meeker Ave,5371,40.71915571696044,-73.94885390996933,40.71766197083994,-73.94880026578903,member
2671557,2BFC96608258981A,classic_bike,2021-09-27 18:07:27,2021-09-27 18:16:24,Bayard St & Leonard St,5442,Grand St & Havemeyer St,5267,40.71915571696044,-73.94885390996933,40.71286844,-73.95698119,casual
2671573,C48B862B0F04F700,classic_bike,2021-09-10 21:02:24,2021-09-10 21:04:02,Bayard St & Leonard St,5442,Frost St & Meeker Ave,5371,40.71915571696044,-73.94885390996933,40.71766197083994,-73.94880026578903,member
2671577,AC0129C432320D5D,classic_bike,2021-09-17 06:50:12,2021-09-17 06:55:08,Bayard St & Leonard St,5442,Grand St & Havemeyer St,5267,40.71915571696044,-73.94885390996933,40.71286844,-73.95698119,member
2671580,13BF74F0B1C069D5,classic_bike,2021-09-07 12:05:21,2021-09-07 12:19:43,Bayard St & Leonard St,5442,Stewart Ave & Johnson Ave,5123,40.71915571696044,-73.94885390996933,40.70869,-73.92587,member
2671587,038596269CCC004E,classic_bike,2021-09-21 18:34:01,2021-09-21 19:01:03,Bayard St & Leonard St,5442,Frost St & Meeker Ave,5371,40.71915571696044,-73.94885390996933,40.71766197083994,-73.94880026578903,casual
2671609,686AD76EED8B2278,classic_bike,2021-09-07 14:49:38,2021-09-07 15:01:04,Bayard St & Leonard St,5442,Grand St & Havemeyer St,5267,40.71915571696044,-73.94885390996933,40.71286844,-73.95698119,casual
2671637,722B490E9A494852,classic_bike,2021-09-14 17:49:34,2021-09-14 17:54:47,Bayard St & Leonard St,5442,Grand St & Havemeyer St,5267,40.71915571696044,-73.94885390996933,40.71286844,-73.95698119,member
2671639,72FD7202BC3D449E,classic_bike,2021-09-13 20:09:51,2021-09-13 20:18:14,Bayard St & Leonard St,5442,Grand St & Havemeyer St,5267,40.71915571696044,-73.94885390996933,40.71286844,-73.95698119,member
2671665,BF7D5DA4ECA0852E,classic_bike,2021-09-23 08:05:38,2021-09-23 08:11:11,Bayard St & Leonard St,5442,Grand St & Havemeyer St,5267,40.71915571696044,-73.94885390996933,40.71286844,-73.95698119,casual
2671990,163C9D38670D12B1,classic_bike,2021-09-20 19:23:35,2021-09-20 19:39:26,Manhattan Av & Leonard St,5442,Frost St & Meeker Ave,5371,40.72084,-73.94844,40.71766197083994,-73.94880026578903,member
2672013,307277DEACD00D82,classic_bike,2021-09-14 19:38:17,2021-09-14 20:01:56,Manhattan Av & Leonard St,5442,Frost St & Meeker Ave,5371,40.72084,-73.94844,40.71766197083994,-73.94880026578903,member
2672017,16DD675E113C6B4C,electric_bike,2021-09-03 23:16:22,2021-09-03 23:36:17,Manhattan Av & Leonard St,5442,Frost St & Meeker Ave,5371,40.72084,-73.94844,40.71766197083994,-73.94880026578903,casual
2675452,4BAE563C29CA4AA2,classic_bike,2021-09-03 13:36:28,2021-09-03 13:45:13,Manhattan Av & Leonard St,5442,Grand St & Havemeyer St,5267,40.72084,-73.94844,40.71286844,-73.95698119,member
2675651,4549F8FCCF55E2F1,classic_bike,2021-09-08 19:38:06,2021-09-08 19:44:36,Manhattan Av & Leonard St,5442,Grand St & Havemeyer St,5267,40.72084,-73.94844,40.71286844,-73.95698119,member
2676749,41F04B1DD5C5DACB,classic_bike,2021-09-10 06:44:01,2021-09-10 06:49:03,Bayard St & Leonard St,5442,Grand St & Havemeyer St,5267,40.71915571696044,-73.94885390996933,40.71286844,-73.95698119,member
2676754,9B13926FA9821D4A,classic_bike,2021-09-14 13:49:01,2021-09-14 13:55:19,Bayard St & Leonard St,5442,Grand St & Havemeyer St,5267,40.71915571696044,-73.94885390996933,40.71286844,-73.95698119,member
2676755,36DDB2A6E58825A5,classic_bike,2021-09-25 14:05:59,2021-09-25 14:10:18,Bayard St & Leonard St,5442,Grand St & Havemeyer St,5267,40.71915571696044,-73.94885390996933,40.71286844,-73.95698119,member
2676760,02C3DAD8DE0830E1,classic_bike,2021-09-10 15:45:59,2021-09-10 15:52:02,Bayard St & Leonard St,5442,Grand St & Havemeyer St,5267,40.71915571696044,-73.94885390996933,40.71286844,-73.95698119,member
2676770,CB5FBA0D03FE34F9,classic_bike,2021-09-27 19:40:20,2021-09-27 19:42:00,Bayard St & Leonard St,5442,Frost St & Meeker Ave,5371,40.71915571696044,-73.94885390996933,40.71766197083994,-73.94880026578903,member
2676773,8D08FB430AF8A461,classic_bike,2021-09-03 07:53:28,2021-09-03 07:58:12,Bayard St & Leonard St,5442,Grand St & Havemeyer St,5267,40.71915571696044,-73.94885390996933,40.71286844,-73.95698119,member
2676783,FEDAE4004BE4FA0E,classic_bike,2021-09-09 13:54:08,2021-09-09 13:59:24,Bayard St & Leonard St,5442,Grand St & Havemeyer St,5267,40.71915571696044,-73.94885390996933,40.71286844,-73.95698119,casual
2676801,C49FAEA81901EB48,docked_bike,2021-09-08 22:11:20,2021-09-08 22:43:07,Bayard St & Leonard St,5442,Grand St & Havemeyer St,5267,40.719156,-73.948854,40.712868,-73.956981,casual
2677525,F9D5CE0AFA9F340A,classic_bike,2021-09-11 17:22:18,2021-09-11 17:46:10,Manhattan Av & Leonard St,5442,Grand St & Havemeyer St,5267,40.72084,-73.94844,40.71286844,-73.95698119,casual
2677530,E250B4D7ED6992E1,electric_bike,2021-09-12 23:29:28,2021-09-12 23:38:19,Manhattan Av & Leonard St,5442,Grand St & Havemeyer St,5267,40.72084,-73.94844,40.71286844,-73.95698119,casual
2677780,2B4E16804A7149E7,classic_bike,2021-09-03 17:59:17,2021-09-03 18:04:47,Bayard St & Leonard St,5442,Grand St & Havemeyer St,5267,40.71915571696044,-73.94885390996933,40.71286844,-73.95698119,member
2677782,5DB0AA0FC7D26595,classic_bike,2021-09-02 22:11:44,2021-09-02 22:25:08,Bayard St & Leonard St,5442,Grand St & Havemeyer St,5267,40.71915571696044,-73.94885390996933,40.71286844,-73.95698119,casual
2677825,1CC52435F56A7914,classic_bike,2021-09-13 13:49:27,2021-09-13 13:55:22,Bayard St & Leonard St,5442,Grand St & Havemeyer St,5267,40.71915571696044,-73.94885390996933,40.71286844,-73.95698119,member
2677826,BA139FEA22D461AA,classic_bike,2021-09-17 06:50:14,2021-09-17 06:55:15,Bayard St & Leonard St,5442,Grand St & Havemeyer St,5267,40.71915571696044,-73.94885390996933,40.71286844,-73.95698119,member
2677827,E1EFEC0691E801DB,classic_bike,2021-09-21 06:37:39,2021-09-21 06:43:35,Bayard St & Leonard St,5442,Grand St & Havemeyer St,5267,40.71915571696044,-73.94885390996933,40.71286844,-73.95698119,member
2677840,EA6284F9F13AB44C,electric_bike,2021-09-16 18:47:42,2021-09-16 18:52:13,Bayard St & Leonard St,5442,Grand St & Havemeyer St,5267,40.71915571696044,-73.94885390996933,40.71286844,-73.95698119,member
2677881,265DC6B22586E444,classic_bike,2021-09-11 11:39:26,2021-09-11 11:41:10,Bayard St & Leonard St,5442,Frost St & Meeker Ave,5371,40.71915571696044,-73.94885390996933,40.71766197083994,-73.94880026578903,member
2677882,6C35A18899DBD298,classic_bike,2021-09-30 18:57:12,2021-09-30 19:07:29,Bayard St & Leonard St,5442,Grand St & Havemeyer St,5267,40.71915571696044,-73.94885390996933,40.71286844,-73.95698119,member
2677883,3D1BE33803ED9C0A,electric_bike,2021-09-13 15:03:21,2021-09-13 15:24:35,Bayard St & Leonard St,5442,Frost St & Meeker Ave,5371,40.71915571696044,-73.94885390996933,40.71766197083994,-73.94880026578903,casual
2677893,89C16DBF866B7BB8,classic_bike,2021-09-30 19:19:43,2021-09-30 19:21:17,Bayard St & Leonard St,5442,Frost St & Meeker Ave,5371,40.71915571696044,-73.94885390996933,40.71766197083994,-73.94880026578903,member
2677894,1251644977C14018,classic_bike,2021-09-23 20:42:22,2021-09-23 20:43:33,Bayard St & Leonard St,5442,Frost St & Meeker Ave,5371,40.71915571696044,-73.94885390996933,40.71766197083994,-73.94880026578903,member
2678095,3016277497B52E9A,classic_bike,2021-09-25 14:33:24,2021-09-25 14:48:26,Bayard St & Leonard St,5442,Grand St & Havemeyer St,5267,40.71915571696044,-73.94885390996933,40.71286844,-73.95698119,casual
2680424,D85B224AE937493C,classic_bike,2021-09-29 09:07:11,2021-09-29 09:13:54,Bayard St & Leonard St,5442,Wythe Ave & Metropolitan Ave,5348,40.71915571696044,-73.94885390996933,40.716887,-73.963198,casual
2680469,3300969D96391618,classic_bike,2021-09-04 12:03:06,2021-09-04 12:16:19,Bayard St & Leonard St,5442,Wythe Ave & Metropolitan Ave,5348,40.71915571696044,-73.94885390996933,40.716887,-73.963198,casual
2680508,D268556B30928A23,classic_bike,2021-09-02 11:45:21,2021-09-02 14:02:44,Bayard St & Leonard St,5442,Wythe Ave & Metropolitan Ave,5348,40.71915571696044,-73.94885390996933,40.716887,-73.963198,casual
2680522,C87264B94E0B704B,classic_bike,2021-09-17 11:49:43,2021-09-17 11:56:45,Bayard St & Leonard St,5442,Wythe Ave & Metropolitan Ave,5348,40.71915571696044,-73.94885390996933,40.716887,-73.963198,member
2680590,935F14ECD704C5AF,classic_bike,2021-09-20 01:10:33,2021-09-20 01:17:42,Bayard St & Leonard St,5442,Kingsland Ave & Nassau Ave,5613,40.71915571696044,-73.94885390996933,40.72577,-73.94173,member
2680591,EDC8915C4810D676,classic_bike,2021-09-11 16:13:43,2021-09-11 16:24:15,Bayard St & Leonard St,5442,Wythe Ave & Metropolitan Ave,5348,40.71915571696044,-73.94885390996933,40.716887,-73.963198,member
2680592,2CB126B75714DA9F,classic_bike,2021-09-27 15:35:03,2021-09-27 15:43:45,Bayard St & Leonard St,5442,Wythe Ave & Metropolitan Ave,5348,40.71915571696044,-73.94885390996933,40.716887,-73.963198,member
2680619,E5ECDB8FFA07F445,classic_bike,2021-09-14 07:54:47,2021-09-14 08:03:36,Bayard St & Leonard St,5442,Wythe Ave & Metropolitan Ave,5348,40.71915571696044,-73.94885390996933,40.716887,-73.963198,member
2680622,31F62BD810478856,classic_bike,2021-09-15 13:37:48,2021-09-15 13:51:33,Bayard St & Leonard St,5442,Wythe Ave & Metropolitan Ave,5348,40.71915571696044,-73.94885390996933,40.716887,-73.963198,member
2681049,20C1FCE6F08CB7FC,classic_bike,2021-09-16 13:26:18,2021-09-16 13:46:45,Bayard St & Leonard St,5442,Wythe Ave & Metropolitan Ave,5348,40.71915571696044,-73.94885390996933,40.716887,-73.963198,casual
2683264,E9D87C4444894CA2,classic_bike,2021-09-04 18:42:12,2021-09-04 18:54:47,Manhattan Av & Leonard St,5442,Wythe Ave & Metropolitan Ave,5348,40.72084,-73.94844,40.716887,-73.963198,casual
2683296,0DCEB9495662FA69,classic_bike,2021-09-04 17:22:10,2021-09-04 17:28:59,Manhattan Av & Leonard St,5442,Kingsland Ave & Nassau Ave,5613,40.72084,-73.94844,40.72577,-73.94173,member
2683320,3F3BE6AC34FA061F,classic_bike,2021-09-26 09:09:48,2021-09-26 09:20:29,Manhattan Av & Leonard St,5442,Wythe Ave & Metropolitan Ave,5348,40.72084,-73.94844,40.716887,-73.963198,casual
2683332,47B75B7CC9FF734C,docked_bike,2021-09-04 21:10:07,2021-09-04 21:38:06,Manhattan Av & Leonard St,5442,28 St & 36 Ave,6614,40.72084,-73.94844,40.757186,-73.932719,casual
2687361,13D3562438302CC5,classic_bike,2021-09-11 16:25:07,2021-09-11 16:32:30,Bayard St & Leonard St,5442,Wythe Ave & Metropolitan Ave,5348,40.71915571696044,-73.94885390996933,40.716887,-73.963198,member
2687375,3EE1DF5CEA15B8B4,classic_bike,2021-09-14 17:31:39,2021-09-14 17:42:48,Bayard St & Leonard St,5442,Wythe Ave & Metropolitan Ave,5348,40.71915571696044,-73.94885390996933,40.716887,-73.963198,casual
2687376,D5CD6E2600932D98,classic_bike,2021-09-01 14:33:39,2021-09-01 14:41:51,Bayard St & Leonard St,5442,Wythe Ave & Metropolitan Ave,5348,40.71915571696044,-73.94885390996933,40.716887,-73.963198,casual
2687384,98E90746AEE1ECD3,classic_bike,2021-09-24 13:30:11,2021-09-24 13:40:05,Bayard St & Leonard St,5442,Wythe Ave & Metropolitan Ave,5348,40.71915571696044,-73.94885390996933,40.716887,-73.963198,member
2687386,EC4702ABD59C29BC,classic_bike,2021-09-13 19:30:19,2021-09-13 19:39:07,Bayard St & Leonard St,5442,Wythe Ave & Metropolitan Ave,5348,40.71915571696044,-73.94885390996933,40.716887,-73.963198,member
2687387,39D4345863597DA5,classic_bike,2021-09-17 13:39:51,2021-09-17 13:52:03,Bayard St & Leonard St,5442,Wythe Ave & Metropolitan Ave,5348,40.71915571696044,-73.94885390996933,40.716887,-73.963198,member
2687388,814CFB37E04F0F89,classic_bike,2021-09-08 19:37:02,2021-09-08 19:43:31,Bayard St & Leonard St,5442,Wythe Ave & Metropolitan Ave,5348,40.71915571696044,-73.94885390996933,40.716887,-73.963198,member
2687391,02CEA085671DD746,classic_bike,2021-09-07 19:38:39,2021-09-07 19:45:44,Bayard St & Leonard St,5442,Wythe Ave & Metropolitan Ave,5348,40.71915571696044,-73.94885390996933,40.716887,-73.963198,member
2687441,991C60AE9BC787E9,classic_bike,2021-09-25 10:04:48,2021-09-25 10:23:03,Bayard St & Leonard St,5442,Wythe Ave & Metropolitan Ave,5348,40.71915571696044,-73.94885390996933,40.716887,-73.963198,member
2687443,C9513ED43A18D594,classic_bike,2021-09-07 18:36:37,2021-09-07 18:46:12,Bayard St & Leonard St,5442,Wythe Ave & Metropolitan Ave,5348,40.71915571696044,-73.94885390996933,40.716887,-73.963198,member
2688048,DA8EE1D588DA0ACB,classic_bike,2021-09-14 17:40:08,2021-09-14 17:54:13,Bayard St & Leonard St,5442,Wythe Ave & Metropolitan Ave,5348,40.71915571696044,-73.94885390996933,40.716887,-73.963198,casual
2688050,B576AB2C8677E8F4,classic_bike,2021-09-23 16:47:18,2021-09-23 16:55:11,Bayard St & Leonard St,5442,Wythe Ave & Metropolitan Ave,5348,40.71915571696044,-73.94885390996933,40.716887,-73.963198,casual
2688953,CC90BAA8D7206A2D,classic_bike,2021-09-08 19:41:22,2021-09-08 19:50:08,Bayard St & Leonard St,5442,Wythe Ave & Metropolitan Ave,5348,40.71915571696044,-73.94885390996933,40.716887,-73.963198,casual
2689090,FF2C67DCE1652950,classic_bike,2021-09-22 06:46:13,2021-09-22 06:53:16,Bayard St & Leonard St,5442,Wythe Ave & Metropolitan Ave,5348,40.71915571696044,-73.94885390996933,40.716887,-73.963198,member
2689093,39A7221C39A8F912,classic_bike,2021-09-17 09:12:27,2021-09-17 09:19:55,Bayard St & Leonard St,5442,Kingsland Ave & Nassau Ave,5613,40.71915571696044,-73.94885390996933,40.72577,-73.94173,member
2689142,4FACA248F9851A99,classic_bike,2021-09-04 12:03:12,2021-09-04 12:15:43,Bayard St & Leonard St,5442,Wythe Ave & Metropolitan Ave,5348,40.71915571696044,-73.94885390996933,40.716887,-73.963198,casual
2695477,E4E758FB27CB40CF,electric_bike,2021-09-10 21:02:07,2021-09-10 21:17:32,Bayard St & Leonard St,5442,Wythe Ave & Metropolitan Ave,5348,40.71915571696044,-73.94885390996933,40.716887,-73.963198,casual
2695479,FB4BD3BE8DF750A2,classic_bike,2021-09-09 17:40:41,2021-09-09 17:50:35,Bayard St & Leonard St,5442,Wythe Ave & Metropolitan Ave,5348,40.71915571696044,-73.94885390996933,40.716887,-73.963198,member
2695486,A767681E1BD41004,classic_bike,2021-09-04 14:53:14,2021-09-04 15:00:37,Bayard St & Leonard St,5442,Kingsland Ave & Nassau Ave,5613,40.71915571696044,-73.94885390996933,40.72577,-73.94173,casual
2695489,239B7BA4A15AD42D,classic_bike,2021-09-18 16:07:08,2021-09-18 16:16:00,Bayard St & Leonard St,5442,Wythe Ave & Metropolitan Ave,5348,40.71915571696044,-73.94885390996933,40.716887,-73.963198,member
2695511,7D3F9FB3476E7826,classic_bike,2021-09-14 09:21:12,2021-09-14 09:27:37,Bayard St & Leonard St,5442,Kingsland Ave & Nassau Ave,5613,40.71915571696044,-73.94885390996933,40.72577,-73.94173,member
2695521,3B256EA15A15EC08,classic_bike,2021-09-16 12:14:33,2021-09-16 12:25:14,Bayard St & Leonard St,5442,Wythe Ave & Metropolitan Ave,5348,40.71915571696044,-73.94885390996933,40.716887,-73.963198,casual
2695534,12B09A35D4582947,classic_bike,2021-09-03 13:27:27,2021-09-03 14:35:14,Bayard St & Leonard St,5442,Wythe Ave & Metropolitan Ave,5348,40.71915571696044,-73.94885390996933,40.716887,-73.963198,casual
2695561,66F67B41E2C33FF8,classic_bike,2021-09-14 17:40:49,2021-09-14 17:53:53,Bayard St & Leonard St,5442,Wythe Ave & Metropolitan Ave,5348,40.71915571696044,-73.94885390996933,40.716887,-73.963198,casual
2695569,C2931F8E263BEE85,classic_bike,2021-09-21 18:37:09,2021-09-21 18:45:05,Bayard St & Leonard St,5442,Wythe Ave & Metropolitan Ave,5348,40.71915571696044,-73.94885390996933,40.716887,-73.963198,member
2695571,4FB55FA9152BB5AB,classic_bike,2021-09-14 17:31:39,2021-09-14 17:42:15,Bayard St & Leonard St,5442,Wythe Ave & Metropolitan Ave,5348,40.71915571696044,-73.94885390996933,40.716887,-73.963198,casual
2695639,47CD43C79EAFEDF6,classic_bike,2021-09-29 18:30:18,2021-09-29 18:39:06,Bayard St & Leonard St,5442,Wythe Ave & Metropolitan Ave,5348,40.71915571696044,-73.94885390996933,40.716887,-73.963198,member
2695640,BE4AB6957E40FCC5,classic_bike,2021-09-22 18:29:00,2021-09-22 18:39:25,Bayard St & Leonard St,5442,Wythe Ave & Metropolitan Ave,5348,40.71915571696044,-73.94885390996933,40.716887,-73.963198,member
2695642,941FDDA02A42E0F2,classic_bike,2021-09-27 18:29:18,2021-09-27 18:39:04,Bayard St & Leonard St,5442,Wythe Ave & Metropolitan Ave,5348,40.71915571696044,-73.94885390996933,40.716887,-73.963198,member
2695892,56212778E9448C7C,electric_bike,2021-09-04 10:33:38,2021-09-04 10:49:26,Bayard St & Leonard St,5442,Wythe Ave & Metropolitan Ave,5348,40.71915571696044,-73.94885390996933,40.716887,-73.963198,casual
2695913,116ABDA4C5DB8F09,classic_bike,2021-09-30 18:36:14,2021-09-30 18:44:08,Bayard St & Leonard St,5442,Wythe Ave & Metropolitan Ave,5348,40.71915571696044,-73.94885390996933,40.716887,-73.963198,member
2695927,812313F097BE0DA5,classic_bike,2021-09-17 15:50:15,2021-09-17 15:59:22,Bayard St & Leonard St,5442,Wythe Ave & Metropolitan Ave,5348,40.71915571696044,-73.94885390996933,40.716887,-73.963198,casual
2695933,3762EA67F8C5FE7B,electric_bike,2021-09-04 21:25:05,2021-09-04 21:30:33,Bayard St & Leonard St,5442,Wythe Ave & Metropolitan Ave,5348,40.71915571696044,-73.94885390996933,40.716887,-73.963198,casual
2696155,0BA15585A8DD353D,classic_bike,2021-09-21 16:20:46,2021-09-21 16:35:08,Manhattan Av & Leonard St,5442,Wythe Ave & Metropolitan Ave,5348,40.72084,-73.94844,40.716887,-73.963198,member
2696215,5C52797D2C2551FB,classic_bike,2021-09-08 18:06:38,2021-09-08 18:15:22,Manhattan Av & Leonard St,5442,Wythe Ave & Metropolitan Ave,5348,40.72084,-73.94844,40.716887,-73.963198,casual
2696216,06E37B791C2DDD04,classic_bike,2021-09-22 17:15:43,2021-09-22 17:21:08,Manhattan Av & Leonard St,5442,Kingsland Ave & Nassau Ave,5613,40.72084,-73.94844,40.72577,-73.94173,member
2696231,1A79A59DFF091BCA,classic_bike,2021-09-03 11:56:59,2021-09-03 12:01:50,Manhattan Av & Leonard St,5442,Kingsland Ave & Nassau Ave,5613,40.72084,-73.94844,40.72577,-73.94173,member
2696232,5D09E4A41C6DB834,classic_bike,2021-09-06 12:43:58,2021-09-06 12:51:50,Manhattan Av & Leonard St,5442,Wythe Ave & Metropolitan Ave,5348,40.72084,-73.94844,40.716887,-73.963198,casual
2697489,7E1D5C5085D3B0F0,classic_bike,2021-09-22 12:31:41,2021-09-22 12:36:09,Manhattan Av & Leonard St,5442,Kingsland Ave & Nassau Ave,5613,40.72084,-73.94844,40.72577,-73.94173,member
2697539,D67B265A95365B91,classic_bike,2021-09-14 21:12:38,2021-09-14 21:19:52,Manhattan Av & Leonard St,5442,Wythe Ave & Metropolitan Ave,5348,40.72084,-73.94844,40.716887,-73.963198,member
2699194,A5FAC7F03AF284A5,classic_bike,2021-09-11 16:17:30,2021-09-11 16:26:53,Manhattan Av & Leonard St,5442,Wythe Ave & Metropolitan Ave,5348,40.72084,-73.94844,40.716887,-73.963198,member
2699195,15E6D9B23EB5F11A,classic_bike,2021-09-10 12:26:35,2021-09-10 12:31:06,Manhattan Av & Leonard St,5442,Kingsland Ave & Nassau Ave,5613,40.72084,-73.94844,40.72577,-73.94173,member
2704962,97BD350599C2E89C,classic_bike,2021-09-19 10:34:15,2021-09-19 10:40:43,Bayard St & Leonard St,5442,Wythe Ave & Metropolitan Ave,5348,40.71915571696044,-73.94885390996933,40.716887,-73.963198,member
2705021,85AAEEFF052797ED,classic_bike,2021-09-19 07:22:16,2021-09-19 07:27:34,Bayard St & Leonard St,5442,Wythe Ave & Metropolitan Ave,5348,40.71915571696044,-73.94885390996933,40.716887,-73.963198,casual
2705037,3BE89547CDC15C04,classic_bike,2021-09-06 12:01:35,2021-09-06 12:08:24,Bayard St & Leonard St,5442,Kingsland Ave & Nassau Ave,5613,40.71915571696044,-73.94885390996933,40.72577,-73.94173,member
2705077,B190C3FEBEEE9276,electric_bike,2021-09-04 15:57:54,2021-09-04 16:29:35,Manhattan Av & Leonard St,5442,10 Ave & W 28 St,6459,40.72084,-73.94844,40.75066386,-74.00176802,casual
2705087,1EEFD4C810DA9179,electric_bike,2021-09-16 11:41:07,2021-09-16 11:50:36,Manhattan Av & Leonard St,5442,Wythe Ave & Metropolitan Ave,5348,40.72084,-73.94844,40.716887,-73.963198,member
2705145,87FAA80638A9EE3E,electric_bike,2021-09-18 19:11:34,2021-09-18 19:32:37,Bayard St & Leonard St,5442,W Broadway & W Houston St,5644,40.71915571696044,-73.94885390996933,40.726378,-74.000472,member
2705197,1A30B5BF557A26CB,classic_bike,2021-09-14 06:44:37,2021-09-14 06:51:41,Bayard St & Leonard St,5442,Wythe Ave & Metropolitan Ave,5348,40.71915571696044,-73.94885390996933,40.716887,-73.963198,member
2705198,93CA3DB4B07FF70C,classic_bike,2021-09-03 08:46:11,2021-09-03 08:53:31,Bayard St & Leonard St,5442,Wythe Ave & Metropolitan Ave,5348,40.71915571696044,-73.94885390996933,40.716887,-73.963198,member
2705200,24EF09F9BB384F3D,classic_bike,2021-09-09 20:36:40,2021-09-09 20:44:44,Bayard St & Leonard St,5442,Wythe Ave & Metropolitan Ave,5348,40.71915571696044,-73.94885390996933,40.716887,-73.963198,member
2705201,2C102D785643C28D,classic_bike,2021-09-10 19:35:53,2021-09-10 19:48:14,Bayard St & Leonard St,5442,Wythe Ave & Metropolitan Ave,5348,40.71915571696044,-73.94885390996933,40.716887,-73.963198,member
2711128,CB37AF7C27EDD6BD,classic_bike,2021-09-06 15:52:11,2021-09-06 15:57:51,Bayard St & Leonard St,5442,Wythe Ave & Metropolitan Ave,5348,40.71915571696044,-73.94885390996933,40.716887,-73.963198,member
2711159,DBE173853A5DAEEB,classic_bike,2021-09-25 19:09:13,2021-09-25 19:29:15,Bayard St & Leonard St,5442,Willoughby Ave & Walworth St,4634,40.71915571696044,-73.94885390996933,40.69331716,-73.95381995,casual
2711161,4EDC5F89959B14FD,classic_bike,2021-09-15 10:40:36,2021-09-15 10:50:03,Bayard St & Leonard St,5442,Wythe Ave & Metropolitan Ave,5348,40.71915571696044,-73.94885390996933,40.716887,-73.963198,casual
2711164,0A79228139097CD1,electric_bike,2021-09-24 10:49:28,2021-09-24 10:59:55,Bayard St & Leonard St,5442,Wythe Ave & Metropolitan Ave,5348,40.71915571696044,-73.94885390996933,40.716887,-73.963198,member
2711175,23FC03AEB1BD7CE5,classic_bike,2021-09-08 23:20:30,2021-09-08 23:30:33,Bayard St & Leonard St,5442,Kingsland Ave & Nassau Ave,5613,40.71915571696044,-73.94885390996933,40.72577,-73.94173,member
2711176,DC2BD9B55AA69E49,classic_bike,2021-09-09 19:15:18,2021-09-09 19:22:26,Bayard St & Leonard St,5442,Kingsland Ave & Nassau Ave,5613,40.71915571696044,-73.94885390996933,40.72577,-73.94173,member
2711177,89A727571BA91E3D,electric_bike,2021-09-12 22:19:46,2021-09-12 22:25:37,Bayard St & Leonard St,5442,Kingsland Ave & Nassau Ave,5613,40.71915571696044,-73.94885390996933,40.72577,-73.94173,member
2711185,B0F1BE195B03E5A0,classic_bike,2021-09-09 22:11:38,2021-09-09 22:18:27,Bayard St & Leonard St,5442,Wythe Ave & Metropolitan Ave,5348,40.71915571696044,-73.94885390996933,40.716887,-73.963198,casual
2711187,C6968BE0D5BE759E,classic_bike,2021-09-29 17:57:47,2021-09-29 18:06:10,Bayard St & Leonard St,5442,Wythe Ave & Metropolitan Ave,5348,40.71915571696044,-73.94885390996933,40.716887,-73.963198,casual
2711192,7475630AC7F43B7A,classic_bike,2021-09-15 08:19:39,2021-09-15 08:25:30,Bayard St & Leonard St,5442,Wythe Ave & Metropolitan Ave,5348,40.71915571696044,-73.94885390996933,40.716887,-73.963198,member
2711194,83C18543D9D1615D,classic_bike,2021-09-20 18:12:47,2021-09-20 18:26:39,Bayard St & Leonard St,5442,Wythe Ave & Metropolitan Ave,5348,40.71915571696044,-73.94885390996933,40.716887,-73.963198,member
2711201,502CF54449115157,classic_bike,2021-09-04 00:41:34,2021-09-04 00:49:33,Bayard St & Leonard St,5442,Kingsland Ave & Nassau Ave,5613,40.71915571696044,-73.94885390996933,40.72577,-73.94173,casual
2711221,975B4E433FDDBF90,classic_bike,2021-09-11 01:29:31,2021-09-11 01:40:53,Bayard St & Leonard St,5442,Wythe Ave & Metropolitan Ave,5348,40.71915571696044,-73.94885390996933,40.716887,-73.963198,member
2711226,443B383165673D38,classic_bike,2021-09-21 10:05:58,2021-09-21 10:15:52,Bayard St & Leonard St,5442,Wythe Ave & Metropolitan Ave,5348,40.71915571696044,-73.94885390996933,40.716887,-73.963198,member
2713571,41DC98F2DDFEC996,classic_bike,2021-09-24 18:33:11,2021-09-24 18:46:49,Bayard St & Leonard St,5442,Wythe Ave & Metropolitan Ave,5348,40.71915571696044,-73.94885390996933,40.716887,-73.963198,member
2713573,592052CC4FBAB7BB,classic_bike,2021-09-17 14:51:35,2021-09-17 14:59:14,Bayard St & Leonard St,5442,Wythe Ave & Metropolitan Ave,5348,40.71915571696044,-73.94885390996933,40.716887,-73.963198,member
2713576,C06F4E1052B20553,classic_bike,2021-09-16 15:50:32,2021-09-16 15:56:41,Bayard St & Leonard St,5442,Wythe Ave & Metropolitan Ave,5348,40.71915571696044,-73.94885390996933,40.716887,-73.963198,casual
2714609,AFFE64EFAF1AD1BB,electric_bike,2021-09-11 12:52:23,2021-09-11 13:03:17,Manhattan Av & Leonard St,5442,Wythe Ave & Metropolitan Ave,5348,40.72084,-73.94844,40.716887,-73.963198,casual
2714618,091CEC3A0E025033,classic_bike,2021-09-26 09:09:48,2021-09-26 09:20:08,Manhattan Av & Leonard St,5442,Wythe Ave & Metropolitan Ave,5348,40.72084,-73.94844,40.716887,-73.963198,casual
2721306,1AF51DE5ABBD9522,classic_bike,2021-09-29 12:36:52,2021-09-29 13:23:57,Manhattan Av & Leonard St,5442,Vernon Blvd & 10 St,6937,40.72084,-73.94844,40.7671863,-73.9373554,casual
2721634,3B980CBE052C6C27,classic_bike,2021-09-25 20:34:47,2021-09-25 20:42:35,Bayard St & Leonard St,5442,Metropolitan Ave & Meeker Ave,5300,40.71915571696044,-73.94885390996933,40.71413311,-73.95234386,member
2724161,D133DF3500B18808,classic_bike,2021-09-05 16:18:59,2021-09-05 16:26:48,Manhattan Av & Leonard St,5442,Metropolitan Ave & Meeker Ave,5300,40.72084,-73.94844,40.71413311,-73.95234386,member
2724165,608B8848EEA40EB5,classic_bike,2021-09-18 14:44:51,2021-09-18 14:53:34,Manhattan Av & Leonard St,5442,Metropolitan Ave & Meeker Ave,5300,40.72084,-73.94844,40.71413311,-73.95234386,casual
2724168,CDA075B53E01C053,classic_bike,2021-09-02 22:41:29,2021-09-02 22:45:32,Manhattan Av & Leonard St,5442,Metropolitan Ave & Meeker Ave,5300,40.72084,-73.94844,40.71413311,-73.95234386,member
2728739,2D3FF58469D517AF,classic_bike,2021-09-12 03:53:45,2021-09-12 04:21:43,Manhattan Av & Leonard St,5442,Halsey St & Broadway,4366,40.72084,-73.94844,40.68565,-73.91564,casual
2728760,648728A17A84F9C6,classic_bike,2021-09-29 12:42:05,2021-09-29 13:24:25,Manhattan Av & Leonard St,5442,Vernon Blvd & 10 St,6937,40.72084,-73.94844,40.7671863,-73.9373554,casual
2728763,74AFCE1A780858DA,classic_bike,2021-09-18 14:44:36,2021-09-18 14:53:28,Manhattan Av & Leonard St,5442,Metropolitan Ave & Meeker Ave,5300,40.72084,-73.94844,40.71413311,-73.95234386,casual
2728956,3E30B3F22DABA0FC,classic_bike,2021-09-12 15:45:51,2021-09-12 16:08:42,Manhattan Av & Leonard St,5442,Park Ave & Marcus Garvey Blvd,4768,40.72084,-73.94844,40.698617,-73.941342,member
2730336,C114D43BE1D2736E,classic_bike,2021-09-17 20:53:57,2021-09-17 21:07:05,Bayard St & Leonard St,5442,Metropolitan Ave & Meeker Ave,5300,40.71915571696044,-73.94885390996933,40.71413311,-73.95234386,member
2730382,EE30F35798A2DF72,classic_bike,2021-09-14 15:15:28,2021-09-14 15:43:35,Bayard St & Leonard St,5442,Halsey St & Broadway,4366,40.71915571696044,-73.94885390996933,40.68565,-73.91564,member
2730404,19BFB28CECA35477,classic_bike,2021-09-27 13:29:54,2021-09-27 13:54:32,Bayard St & Leonard St,5442,E 1 St & 1 Ave,5593,40.71915571696044,-73.94885390996933,40.72335597960796,-73.98864984512329,casual
2730412,1C56AC8BC0957DA6,classic_bike,2021-09-14 17:41:32,2021-09-14 17:50:58,Bayard St & Leonard St,5442,Metropolitan Ave & Meeker Ave,5300,40.71915571696044,-73.94885390996933,40.71413311,-73.95234386,member
2730433,B4BBF3036261FA6E,electric_bike,2021-09-16 01:08:50,2021-09-16 01:39:53,Bayard St & Leonard St,5442,Halsey St & Broadway,4366,40.71915571696044,-73.94885390996933,40.68565,-73.91564,casual
2730479,D351FCD8C9A08593,classic_bike,2021-09-10 19:35:20,2021-09-10 19:40:00,Bayard St & Leonard St,5442,Metropolitan Ave & Meeker Ave,5300,40.71915571696044,-73.94885390996933,40.71413311,-73.95234386,member
2730557,6AB526A970308D22,classic_bike,2021-09-29 08:56:52,2021-09-29 09:18:44,Bayard St & Leonard St,5442,E 1 St & 1 Ave,5593,40.71915571696044,-73.94885390996933,40.72335597960796,-73.98864984512329,casual
2730832,40A7C8CD45CF9EB9,electric_bike,2021-09-11 20:29:32,2021-09-11 20:43:18,Bayard St & Leonard St,5442,Metropolitan Ave & Meeker Ave,5300,40.71915571696044,-73.94885390996933,40.71413311,-73.95234386,member
2730833,9BB244BB23114F07,classic_bike,2021-09-16 18:35:35,2021-09-16 18:39:01,Bayard St & Leonard St,5442,Metropolitan Ave & Meeker Ave,5300,40.71915571696044,-73.94885390996933,40.71413311,-73.95234386,member
2730852,663EA3409B8AB727,classic_bike,2021-09-27 07:05:47,2021-09-27 07:10:19,Bayard St & Leonard St,5442,Metropolitan Ave & Meeker Ave,5300,40.71915571696044,-73.94885390996933,40.71413311,-73.95234386,member
2730873,230BFFD4340599FD,classic_bike,2021-09-27 13:30:09,2021-09-27 13:54:26,Bayard St & Leonard St,5442,E 1 St & 1 Ave,5593,40.71915571696044,-73.94885390996933,40.72335597960796,-73.98864984512329,casual
2732061,D54FF04CEEEA5B54,classic_bike,2021-09-15 18:57:50,2021-09-15 19:06:49,Bayard St & Leonard St,5442,Metropolitan Ave & Meeker Ave,5300,40.71915571696044,-73.94885390996933,40.71413311,-73.95234386,member
2732063,F7FFF295F529B630,classic_bike,2021-09-15 19:15:58,2021-09-15 19:21:06,Bayard St & Leonard St,5442,Metropolitan Ave & Meeker Ave,5300,40.71915571696044,-73.94885390996933,40.71413311,-73.95234386,member
2732143,1300183B233D4D4E,classic_bike,2021-09-04 18:42:17,2021-09-04 19:09:49,Bayard St & Leonard St,5442,Metropolitan Ave & Meeker Ave,5300,40.71915571696044,-73.94885390996933,40.71413311,-73.95234386,casual
2732145,E3F295B5E9D689CA,classic_bike,2021-09-10 12:35:47,2021-09-10 12:52:41,Bayard St & Leonard St,5442,Metropolitan Ave & Meeker Ave,5300,40.71915571696044,-73.94885390996933,40.71413311,-73.95234386,casual
2734424,6FC62548AB16F650,classic_bike,2021-09-28 19:25:59,2021-09-28 19:31:03,Manhattan Av & Leonard St,5442,Metropolitan Ave & Meeker Ave,5300,40.72084,-73.94844,40.71413311,-73.95234386,member
2736297,F4C3A9669B5E39BE,classic_bike,2021-09-29 08:57:18,2021-09-29 09:18:30,Bayard St & Leonard St,5442,E 1 St & 1 Ave,5593,40.71915571696044,-73.94885390996933,40.72335597960796,-73.98864984512329,casual
2736338,94EF0AA6581ECE54,classic_bike,2021-09-25 21:47:37,2021-09-25 22:05:53,Bayard St & Leonard St,5442,Metropolitan Ave & Meeker Ave,5300,40.71915571696044,-73.94885390996933,40.71413311,-73.95234386,member
2736912,F1BE02E40BDB1EB3,classic_bike,2021-09-03 22:33:09,2021-09-03 22:46:45,Bayard St & Leonard St,5442,Metropolitan Ave & Meeker Ave,5300,40.71915571696044,-73.94885390996933,40.71413311,-73.95234386,member
2736914,2F4BCDFDCC48E9BD,classic_bike,2021-09-15 16:37:08,2021-09-15 16:41:15,Bayard St & Leonard St,5442,Metropolitan Ave & Meeker Ave,5300,40.71915571696044,-73.94885390996933,40.71413311,-73.95234386,member
2741259,F5EE878A5B788957,classic_bike,2021-09-23 17:21:13,2021-09-23 17:37:01,Bayard St & Leonard St,5442,Bushwick Ave & Forrest St,4914,40.71915571696044,-73.94885390996933,40.70076,-73.93641,member
2742148,1358154B057E5F12,classic_bike,2021-09-25 13:29:26,2021-09-25 13:44:23,Bayard St & Leonard St,5442,Bushwick Ave & Forrest St,4914,40.71915571696044,-73.94885390996933,40.70076,-73.93641,member
2742160,8DFC4FC8CCE764DF,classic_bike,2021-09-28 07:02:52,2021-09-28 07:17:26,Bayard St & Leonard St,5442,Bushwick Ave & Forrest St,4914,40.71915571696044,-73.94885390996933,40.70076,-73.93641,member
2742161,D1802813A162235A,classic_bike,2021-09-07 07:02:17,2021-09-07 07:15:45,Bayard St & Leonard St,5442,Bushwick Ave & Forrest St,4914,40.71915571696044,-73.94885390996933,40.70076,-73.93641,member
2742525,98C9E25FCDBA5885,electric_bike,2021-09-15 18:27:55,2021-09-15 19:10:21,Manhattan Av & Leonard St,5442,11 Ave & W 27 St,6425,40.72084,-73.94844,40.751396,-74.005226,member
2752171,BF5DE64A852B2ADF,docked_bike,2021-09-27 16:34:49,2021-09-27 16:48:39,Bayard St & Leonard St,5442,Bushwick Ave & Forrest St,4914,40.719156,-73.948854,40.70076,-73.93641,casual
2752178,9FBC190F9576C344,electric_bike,2021-09-22 16:43:44,2021-09-22 17:14:52,Bayard St & Leonard St,5442,8 Ave & W 27 St,6297,40.71915571696044,-73.94885390996933,40.747968,-73.996637,casual
2752181,CFF021F3FE5C1C42,classic_bike,2021-09-23 07:05:07,2021-09-23 07:17:20,Bayard St & Leonard St,5442,Bushwick Ave & Forrest St,4914,40.71915571696044,-73.94885390996933,40.70076,-73.93641,member
2752663,B7F60FD3FC6B7D94,classic_bike,2021-09-01 06:58:56,2021-09-01 07:13:49,Bayard St & Leonard St,5442,Bushwick Ave & Forrest St,4914,40.71915571696044,-73.94885390996933,40.70076,-73.93641,member
2757732,E41BF5F5869733AC,classic_bike,2021-09-10 22:00:23,2021-09-10 22:11:20,Manhattan Av & Leonard St,5442,Bushwick Ave & Forrest St,4914,40.72084,-73.94844,40.70076,-73.93641,casual
2758379,F37E550CDC1A71BF,classic_bike,2021-09-07 14:23:49,2021-09-07 14:41:05,Bayard St & Leonard St,5442,Bushwick Ave & Forrest St,4914,40.71915571696044,-73.94885390996933,40.70076,-73.93641,member
2758453,5665B9ED5B8D86E1,classic_bike,2021-09-07 09:17:59,2021-09-07 09:31:24,Bayard St & Leonard St,5442,Bushwick Ave & Forrest St,4914,40.71915571696044,-73.94885390996933,40.70076,-73.93641,member
2758497,C7D478770BEDC4E6,classic_bike,2021-09-03 14:41:34,2021-09-03 14:54:09,Bayard St & Leonard St,5442,Bushwick Ave & Forrest St,4914,40.71915571696044,-73.94885390996933,40.70076,-73.93641,member
2758499,A6F892D29393D3BF,classic_bike,2021-09-26 20:24:07,2021-09-26 20:46:48,Bayard St & Leonard St,5442,Bushwick Ave & Forrest St,4914,40.71915571696044,-73.94885390996933,40.70076,-73.93641,member
2758513,A798F656527F292C,classic_bike,2021-09-15 14:23:22,2021-09-15 14:35:21,Bayard St & Leonard St,5442,Bushwick Ave & Forrest St,4914,40.71915571696044,-73.94885390996933,40.70076,-73.93641,member
2758514,7729B511DDEE1144,classic_bike,2021-09-05 17:38:23,2021-09-05 17:52:18,Bayard St & Leonard St,5442,Bushwick Ave & Forrest St,4914,40.71915571696044,-73.94885390996933,40.70076,-73.93641,member
2758537,AA79BB6C3CC9E0FF,classic_bike,2021-09-15 07:03:02,2021-09-15 07:17:42,Bayard St & Leonard St,5442,Bushwick Ave & Forrest St,4914,40.71915571696044,-73.94885390996933,40.70076,-73.93641,member
2758538,31F0D1D7F7C0178C,classic_bike,2021-09-20 07:00:16,2021-09-20 07:15:46,Bayard St & Leonard St,5442,Bushwick Ave & Forrest St,4914,40.71915571696044,-73.94885390996933,40.70076,-73.93641,member
2758576,26A8FC0DE22CE87F,electric_bike,2021-09-27 16:33:41,2021-09-27 16:49:13,Bayard St & Leonard St,5442,Bushwick Ave & Forrest St,4914,40.71915571696044,-73.94885390996933,40.70076,-73.93641,member
2758578,35F0D4C9D5A93D3A,classic_bike,2021-09-05 17:38:26,2021-09-05 17:52:20,Bayard St & Leonard St,5442,Bushwick Ave & Forrest St,4914,40.71915571696044,-73.94885390996933,40.70076,-73.93641,member
2759114,90900CB12C990BD0,classic_bike,2021-09-10 19:02:59,2021-09-10 19:19:47,Bayard St & Leonard St,5442,Bushwick Ave & Forrest St,4914,40.71915571696044,-73.94885390996933,40.70076,-73.93641,member
2759118,71032A0B02C3F0A5,classic_bike,2021-09-18 12:18:12,2021-09-18 12:32:52,Bayard St & Leonard St,5442,Bushwick Ave & Forrest St,4914,40.71915571696044,-73.94885390996933,40.70076,-73.93641,member
2759570,3A7684860FF9E892,electric_bike,2021-09-30 17:24:41,2021-09-30 17:34:13,Bayard St & Leonard St,5442,Bushwick Ave & Forrest St,4914,40.71915571696044,-73.94885390996933,40.70076,-73.93641,member
2759615,1EFD9601AEF85F41,classic_bike,2021-09-22 14:16:10,2021-09-22 14:35:20,Bayard St & Leonard St,5442,Bushwick Ave & Forrest St,4914,40.71915571696044,-73.94885390996933,40.70076,-73.93641,member
2759621,A2C6CED4D3A3F515,classic_bike,2021-09-10 14:50:35,2021-09-10 15:04:19,Bayard St & Leonard St,5442,Bushwick Ave & Forrest St,4914,40.71915571696044,-73.94885390996933,40.70076,-73.93641,member
2759622,010561AC31CF74AE,classic_bike,2021-09-14 14:25:53,2021-09-14 14:38:19,Bayard St & Leonard St,5442,Bushwick Ave & Forrest St,4914,40.71915571696044,-73.94885390996933,40.70076,-73.93641,member
2759623,F2445193BED14245,classic_bike,2021-09-21 14:32:32,2021-09-21 14:46:28,Bayard St & Leonard St,5442,Bushwick Ave & Forrest St,4914,40.71915571696044,-73.94885390996933,40.70076,-73.93641,member
2761767,72CA44BC7DED7484,classic_bike,2021-09-05 03:36:57,2021-09-05 04:02:35,Manhattan Av & Leonard St,5442,38 Ave & 29 St,6538,40.72084,-73.94844,40.75473,-73.93367,casual
2769790,9A41D688DFDEBB21,classic_bike,2021-09-17 17:28:11,2021-09-17 17:32:40,Bayard St & Leonard St,5442,Graham Ave & Conselyea St,5291,40.71915571696044,-73.94885390996933,40.715143,-73.944507,member
2769822,B4B748EBA812850E,classic_bike,2021-09-10 16:45:35,2021-09-10 16:53:19,Bayard St & Leonard St,5442,Graham Ave & Conselyea St,5291,40.71915571696044,-73.94885390996933,40.715143,-73.944507,casual
2769852,5618038F79EDE264,classic_bike,2021-09-15 17:42:02,2021-09-15 17:48:43,Bayard St & Leonard St,5442,Graham Ave & Conselyea St,5291,40.71915571696044,-73.94885390996933,40.715143,-73.944507,member
2769853,E706904E0D08075B,classic_bike,2021-09-10 10:39:52,2021-09-10 10:45:06,Bayard St & Leonard St,5442,Graham Ave & Conselyea St,5291,40.71915571696044,-73.94885390996933,40.715143,-73.944507,member
2769921,4A4981BC01DE53B9,classic_bike,2021-09-24 00:52:18,2021-09-24 00:55:51,Bayard St & Leonard St,5442,Graham Ave & Conselyea St,5291,40.71915571696044,-73.94885390996933,40.715143,-73.944507,casual
2769922,59BEC7EA27517990,classic_bike,2021-09-13 20:32:49,2021-09-13 20:40:46,Bayard St & Leonard St,5442,Graham Ave & Conselyea St,5291,40.71915571696044,-73.94885390996933,40.715143,-73.944507,casual
2769933,96D2ABFF842B7D63,classic_bike,2021-09-22 17:41:19,2021-09-22 17:47:17,Bayard St & Leonard St,5442,Graham Ave & Conselyea St,5291,40.71915571696044,-73.94885390996933,40.715143,-73.944507,member
2769970,B21EF6C2D2E42198,classic_bike,2021-09-18 06:14:11,2021-09-18 06:17:27,Bayard St & Leonard St,5442,Graham Ave & Conselyea St,5291,40.71915571696044,-73.94885390996933,40.715143,-73.944507,member
2769972,DA0B1007B3B6C83A,electric_bike,2021-09-02 21:29:10,2021-09-02 21:56:32,Bayard St & Leonard St,5442,Steinway St & Broadway,6711,40.71915571696044,-73.94885390996933,40.75905795418586,-73.91897544264793,member
2769975,F04C28A7C00EEFCF,classic_bike,2021-09-05 16:03:56,2021-09-05 16:09:02,Bayard St & Leonard St,5442,Graham Ave & Conselyea St,5291,40.71915571696044,-73.94885390996933,40.715143,-73.944507,member
2770010,1804665558057973,classic_bike,2021-09-09 14:38:22,2021-09-09 14:42:46,Bayard St & Leonard St,5442,Graham Ave & Conselyea St,5291,40.71915571696044,-73.94885390996933,40.715143,-73.944507,member
2770011,29DC3BD396B976CE,classic_bike,2021-09-12 12:14:10,2021-09-12 12:18:29,Bayard St & Leonard St,5442,Graham Ave & Conselyea St,5291,40.71915571696044,-73.94885390996933,40.715143,-73.944507,member
2770014,5C2267924A5DCDDA,classic_bike,2021-09-17 17:34:11,2021-09-17 17:39:07,Bayard St & Leonard St,5442,Graham Ave & Conselyea St,5291,40.71915571696044,-73.94885390996933,40.715143,-73.944507,member
2770016,E7568EC70645975A,classic_bike,2021-09-04 17:51:22,2021-09-04 18:16:59,Bayard St & Leonard St,5442,Irving Ave & Jefferson St,5051,40.71915571696044,-73.94885390996933,40.70538,-73.92535,casual
2770017,D5540E0C4D4BB032,electric_bike,2021-09-05 14:30:15,2021-09-05 14:44:15,Bayard St & Leonard St,5442,Central Ave & Melrose St,4832,40.71915571696044,-73.94885390996933,40.70112,-73.93039,casual
2770026,87DBF30C2F747AA3,classic_bike,2021-09-09 16:20:16,2021-09-09 16:24:57,Bayard St & Leonard St,5442,Graham Ave & Conselyea St,5291,40.71915571696044,-73.94885390996933,40.715143,-73.944507,member
2770079,9E4BB33F566E8FC0,classic_bike,2021-09-20 16:54:54,2021-09-20 16:59:20,Bayard St & Leonard St,5442,Graham Ave & Conselyea St,5291,40.71915571696044,-73.94885390996933,40.715143,-73.944507,casual
2770104,0CF714112A3CB108,classic_bike,2021-09-02 20:36:17,2021-09-02 20:44:20,Bayard St & Leonard St,5442,Graham Ave & Conselyea St,5291,40.71915571696044,-73.94885390996933,40.715143,-73.944507,member
2770131,DF7E99C226097958,electric_bike,2021-09-13 17:25:29,2021-09-13 17:31:39,Bayard St & Leonard St,5442,Graham Ave & Conselyea St,5291,40.71915571696044,-73.94885390996933,40.715143,-73.944507,member
2770134,6E848C1F97F0EBAB,classic_bike,2021-09-26 13:01:21,2021-09-26 13:06:08,Bayard St & Leonard St,5442,Graham Ave & Conselyea St,5291,40.71915571696044,-73.94885390996933,40.715143,-73.944507,member
2770243,B77D1C199E6F9651,classic_bike,2021-09-17 18:16:13,2021-09-17 18:23:19,Bayard St & Leonard St,5442,Graham Ave & Conselyea St,5291,40.71915571696044,-73.94885390996933,40.715143,-73.944507,member
2770252,789E175B403A985E,classic_bike,2021-09-17 21:40:45,2021-09-17 21:50:16,Bayard St & Leonard St,5442,Graham Ave & Conselyea St,5291,40.71915571696044,-73.94885390996933,40.715143,-73.944507,member
2770253,2C7FFB1EF01B0506,classic_bike,2021-09-30 21:09:50,2021-09-30 21:48:43,Bayard St & Leonard St,5442,Graham Ave & Conselyea St,5291,40.71915571696044,-73.94885390996933,40.715143,-73.944507,casual
2770254,82CDA6607A1E2AFE,classic_bike,2021-09-17 23:30:05,2021-09-17 23:34:24,Bayard St & Leonard St,5442,Graham Ave & Conselyea St,5291,40.71915571696044,-73.94885390996933,40.715143,-73.944507,casual
2770266,9AFE79969580CA95,classic_bike,2021-09-03 17:41:05,2021-09-03 17:44:58,Bayard St & Leonard St,5442,Graham Ave & Conselyea St,5291,40.71915571696044,-73.94885390996933,40.715143,-73.944507,member
2770269,E8ECEFCD559F8456,classic_bike,2021-09-30 18:37:56,2021-09-30 18:45:49,Bayard St & Leonard St,5442,Graham Ave & Conselyea St,5291,40.71915571696044,-73.94885390996933,40.715143,-73.944507,member
2770272,8E40A9B36C0FFC96,electric_bike,2021-09-04 12:41:50,2021-09-04 12:45:50,Bayard St & Leonard St,5442,Graham Ave & Conselyea St,5291,40.71915571696044,-73.94885390996933,40.715143,-73.944507,member
2770349,86753F8918BD5D9C,classic_bike,2021-09-18 18:15:24,2021-09-18 18:31:47,Bayard St & Leonard St,5442,Irving Ave & Jefferson St,5051,40.71915571696044,-73.94885390996933,40.70538,-73.92535,member
2770381,77D5D041DB857874,classic_bike,2021-09-12 12:43:37,2021-09-12 12:52:18,Bayard St & Leonard St,5442,Bushwick Ave & Stagg St,5140,40.71915571696044,-73.94885390996933,40.709897,-73.94008,member
2770387,0C07A6B6DAF57E9A,classic_bike,2021-09-11 01:17:10,2021-09-11 01:44:08,Bayard St & Leonard St,5442,Irving Ave & Jefferson St,5051,40.71915571696044,-73.94885390996933,40.70538,-73.92535,casual
2770416,2DF59B792B8F3BD0,classic_bike,2021-09-24 14:33:03,2021-09-24 14:36:48,Bayard St & Leonard St,5442,Graham Ave & Conselyea St,5291,40.71915571696044,-73.94885390996933,40.715143,-73.944507,member
2770421,6B239717B2ABBD8A,classic_bike,2021-09-04 22:45:46,2021-09-04 22:56:25,Bayard St & Leonard St,5442,Graham Ave & Conselyea St,5291,40.71915571696044,-73.94885390996933,40.715143,-73.944507,casual
2770434,9A7CA874E3834DE8,classic_bike,2021-09-16 17:41:39,2021-09-16 17:46:45,Bayard St & Leonard St,5442,Graham Ave & Conselyea St,5291,40.71915571696044,-73.94885390996933,40.715143,-73.944507,member
2770435,54598BD6ABCE69E3,classic_bike,2021-09-09 17:40:48,2021-09-09 17:47:25,Bayard St & Leonard St,5442,Graham Ave & Conselyea St,5291,40.71915571696044,-73.94885390996933,40.715143,-73.944507,member
2770436,84486A3E4618E533,classic_bike,2021-09-11 11:01:00,2021-09-11 11:04:39,Bayard St & Leonard St,5442,Graham Ave & Conselyea St,5291,40.71915571696044,-73.94885390996933,40.715143,-73.944507,member
2770487,F4F3B9F78BFAC6FD,classic_bike,2021-09-26 15:37:51,2021-09-26 15:43:02,Bayard St & Leonard St,5442,Graham Ave & Conselyea St,5291,40.71915571696044,-73.94885390996933,40.715143,-73.944507,member
2770514,D21DC78FA43645E6,electric_bike,2021-09-14 19:18:45,2021-09-14 19:33:33,Bayard St & Leonard St,5442,Central Ave & Melrose St,4832,40.71915571696044,-73.94885390996933,40.70112,-73.93039,casual
2770826,F92DBE32A6F25318,classic_bike,2021-09-26 13:16:39,2021-09-26 13:22:52,Bayard St & Leonard St,5442,Graham Ave & Conselyea St,5291,40.71915571696044,-73.94885390996933,40.715143,-73.944507,member
2770990,28EC9D71637EB2C0,classic_bike,2021-09-19 18:20:36,2021-09-19 18:28:20,Bayard St & Leonard St,5442,Bushwick Ave & Stagg St,5140,40.71915571696044,-73.94885390996933,40.709897,-73.94008,member
2783517,B88DBC6EB89EA683,classic_bike,2021-09-03 12:30:08,2021-09-03 12:34:32,Bayard St & Leonard St,5442,Graham Ave & Conselyea St,5291,40.71915571696044,-73.94885390996933,40.715143,-73.944507,member
2783520,6A2A22FC3CC1FE85,classic_bike,2021-09-05 17:39:49,2021-09-05 17:46:46,Bayard St & Leonard St,5442,Graham Ave & Conselyea St,5291,40.71915571696044,-73.94885390996933,40.715143,-73.944507,casual
2783529,1A10E67A790B66AE,classic_bike,2021-09-20 17:27:43,2021-09-20 17:33:21,Bayard St & Leonard St,5442,Graham Ave & Conselyea St,5291,40.71915571696044,-73.94885390996933,40.715143,-73.944507,member
2783534,B9102DDB5622D9D6,classic_bike,2021-09-26 13:17:09,2021-09-26 13:23:26,Bayard St & Leonard St,5442,Graham Ave & Conselyea St,5291,40.71915571696044,-73.94885390996933,40.715143,-73.944507,member
2783538,D6FE0EF6FC440897,classic_bike,2021-09-19 16:39:22,2021-09-19 16:43:06,Bayard St & Leonard St,5442,Graham Ave & Conselyea St,5291,40.71915571696044,-73.94885390996933,40.715143,-73.944507,member
2783547,86EECE1C8458EA1F,classic_bike,2021-09-30 21:09:42,2021-09-30 21:15:38,Bayard St & Leonard St,5442,Graham Ave & Conselyea St,5291,40.71915571696044,-73.94885390996933,40.715143,-73.944507,member
2783549,C43E492D147153B9,electric_bike,2021-09-17 16:19:02,2021-09-17 16:26:44,Bayard St & Leonard St,5442,Graham Ave & Conselyea St,5291,40.71915571696044,-73.94885390996933,40.715143,-73.944507,member
2783554,2B7D372E7CEE30D0,classic_bike,2021-09-25 15:46:30,2021-09-25 15:52:33,Bayard St & Leonard St,5442,Graham Ave & Conselyea St,5291,40.71915571696044,-73.94885390996933,40.715143,-73.944507,casual
2783563,9CA83565CCD2F61D,electric_bike,2021-09-18 08:47:31,2021-09-18 08:51:56,Bayard St & Leonard St,5442,Graham Ave & Conselyea St,5291,40.71915571696044,-73.94885390996933,40.715143,-73.944507,casual
2783572,0CCAFAE9252F6796,classic_bike,2021-09-06 15:43:56,2021-09-06 15:48:41,Bayard St & Leonard St,5442,Graham Ave & Conselyea St,5291,40.71915571696044,-73.94885390996933,40.715143,-73.944507,member
2783575,E29C2090DF8C9AB5,classic_bike,2021-09-12 17:50:33,2021-09-12 18:08:20,Bayard St & Leonard St,5442,Irving Ave & Jefferson St,5051,40.71915571696044,-73.94885390996933,40.70538,-73.92535,member
2783588,C5F23418575EF5F6,classic_bike,2021-09-06 12:28:53,2021-09-06 12:32:59,Bayard St & Leonard St,5442,Graham Ave & Conselyea St,5291,40.71915571696044,-73.94885390996933,40.715143,-73.944507,member
2783595,DDEAC9D29F1EB687,classic_bike,2021-09-22 17:23:19,2021-09-22 17:29:22,Bayard St & Leonard St,5442,Graham Ave & Conselyea St,5291,40.71915571696044,-73.94885390996933,40.715143,-73.944507,member
2783600,6163B6A2D4DE991C,classic_bike,2021-09-16 18:47:20,2021-09-16 18:52:17,Bayard St & Leonard St,5442,Graham Ave & Conselyea St,5291,40.71915571696044,-73.94885390996933,40.715143,-73.944507,member
2783604,B89F24373EF678AC,classic_bike,2021-09-14 20:11:10,2021-09-14 20:16:14,Bayard St & Leonard St,5442,Graham Ave & Conselyea St,5291,40.71915571696044,-73.94885390996933,40.715143,-73.944507,member
2783612,C62443B47D8A102A,electric_bike,2021-09-11 17:11:10,2021-09-11 17:15:55,Bayard St & Leonard St,5442,Graham Ave & Conselyea St,5291,40.71915571696044,-73.94885390996933,40.715143,-73.944507,member
2783643,283946801282DFD6,classic_bike,2021-09-29 14:32:51,2021-09-29 14:36:32,Bayard St & Leonard St,5442,Graham Ave & Conselyea St,5291,40.71915571696044,-73.94885390996933,40.715143,-73.944507,member
2783646,CEE1DC9C2B0E52AC,classic_bike,2021-09-12 14:57:06,2021-09-12 15:18:03,Bayard St & Leonard St,5442,Central Ave & Melrose St,4832,40.71915571696044,-73.94885390996933,40.70112,-73.93039,casual
2783648,7E879EEACB174158,classic_bike,2021-09-19 18:26:13,2021-09-19 19:15:17,Bayard St & Leonard St,5442,1 Ave & E 94 St,7286,40.71915571696044,-73.94885390996933,40.7817212,-73.94594,casual
2783649,ACB7581B51F27FF6,electric_bike,2021-09-18 23:23:27,2021-09-18 23:46:36,Bayard St & Leonard St,5442,Steinway St & Broadway,6711,40.71915571696044,-73.94885390996933,40.75905795418586,-73.91897544264793,casual
2783656,FE34A90AE99B7364,classic_bike,2021-09-15 13:24:11,2021-09-15 13:40:20,Bayard St & Leonard St,5442,Central Ave & Melrose St,4832,40.71915571696044,-73.94885390996933,40.70112,-73.93039,member
2783673,1095AF3A419F0D35,classic_bike,2021-09-19 18:19:56,2021-09-19 18:28:39,Bayard St & Leonard St,5442,Bushwick Ave & Stagg St,5140,40.71915571696044,-73.94885390996933,40.709897,-73.94008,member
2783688,3B3F0CC20626C826,classic_bike,2021-09-04 13:44:29,2021-09-04 13:50:27,Bayard St & Leonard St,5442,Graham Ave & Conselyea St,5291,40.71915571696044,-73.94885390996933,40.715143,-73.944507,member
2783689,B6C30C91FE18106C,classic_bike,2021-09-14 20:20:17,2021-09-14 20:45:19,Bayard St & Leonard St,5442,Harman St & Seneca Ave,5002,40.71915571696044,-73.94885390996933,40.70577,-73.91292,casual
2783690,9C9341A16322ECA9,classic_bike,2021-09-14 18:05:12,2021-09-14 18:22:00,Bayard St & Leonard St,5442,Irving Ave & Jefferson St,5051,40.71915571696044,-73.94885390996933,40.70538,-73.92535,casual
2783796,01BC99AA7947B7F5,electric_bike,2021-09-02 18:52:29,2021-09-02 18:56:06,Bayard St & Leonard St,5442,Graham Ave & Conselyea St,5291,40.71915571696044,-73.94885390996933,40.715143,-73.944507,member
2783817,977AD88584DE8AB9,classic_bike,2021-09-07 18:46:40,2021-09-07 18:50:25,Bayard St & Leonard St,5442,Graham Ave & Conselyea St,5291,40.71915571696044,-73.94885390996933,40.715143,-73.944507,member
2783837,97D4A7E7AB3E359B,classic_bike,2021-09-27 23:35:43,2021-09-27 23:45:32,Bayard St & Leonard St,5442,Graham Ave & Conselyea St,5291,40.71915571696044,-73.94885390996933,40.715143,-73.944507,casual
2783838,B9B9B23C577CBC9A,classic_bike,2021-09-18 20:44:28,2021-09-18 20:58:26,Bayard St & Leonard St,5442,Irving Ave & Jefferson St,5051,40.71915571696044,-73.94885390996933,40.70538,-73.92535,casual
2783841,30EE8EAAB5BA60D7,classic_bike,2021-09-15 20:12:50,2021-09-15 20:40:01,Bayard St & Leonard St,5442,Harman St & Seneca Ave,5002,40.71915571696044,-73.94885390996933,40.70577,-73.91292,casual
2783845,9544D3BF9A88EDEA,classic_bike,2021-09-18 00:06:20,2021-09-18 00:12:24,Bayard St & Leonard St,5442,Graham Ave & Conselyea St,5291,40.71915571696044,-73.94885390996933,40.715143,-73.944507,casual
2783856,A7C1620D7C75239C,classic_bike,2021-09-30 08:31:31,2021-09-30 08:35:08,Bayard St & Leonard St,5442,Graham Ave & Conselyea St,5291,40.71915571696044,-73.94885390996933,40.715143,-73.944507,member
2783862,8B66B68A6AE85AC3,classic_bike,2021-09-01 11:58:22,2021-09-01 12:01:48,Bayard St & Leonard St,5442,Graham Ave & Conselyea St,5291,40.71915571696044,-73.94885390996933,40.715143,-73.944507,member
2783877,281C63E93607E0C2,classic_bike,2021-09-27 17:08:10,2021-09-27 17:12:51,Bayard St & Leonard St,5442,Graham Ave & Conselyea St,5291,40.71915571696044,-73.94885390996933,40.715143,-73.944507,member
2783965,8DD8679C74DEAADA,classic_bike,2021-09-21 12:06:59,2021-09-21 12:11:35,Manhattan Av & Leonard St,5442,Graham Ave & Conselyea St,5291,40.72084,-73.94844,40.715143,-73.944507,member
2783968,C0EAE43F21035455,classic_bike,2021-09-19 15:56:31,2021-09-19 16:03:32,Manhattan Av & Leonard St,5442,Graham Ave & Conselyea St,5291,40.72084,-73.94844,40.715143,-73.944507,casual
2783976,E05DEFBF9BB6D713,classic_bike,2021-09-17 16:00:47,2021-09-17 16:07:04,Manhattan Av & Leonard St,5442,Graham Ave & Conselyea St,5291,40.72084,-73.94844,40.715143,-73.944507,member
2783977,FF61649B56124E2D,classic_bike,2021-09-30 07:13:54,2021-09-30 07:19:01,Manhattan Av & Leonard St,5442,Graham Ave & Conselyea St,5291,40.72084,-73.94844,40.715143,-73.944507,member
2783978,803A8F2CD4E35FF1,classic_bike,2021-09-20 14:01:16,2021-09-20 14:08:29,Manhattan Av & Leonard St,5442,Graham Ave & Conselyea St,5291,40.72084,-73.94844,40.715143,-73.944507,member
2783981,79614DA6EF26C738,classic_bike,2021-09-21 07:38:46,2021-09-21 07:41:56,Manhattan Av & Leonard St,5442,Graham Ave & Conselyea St,5291,40.72084,-73.94844,40.715143,-73.944507,member
2783998,26B069051B2CC6BC,classic_bike,2021-09-10 18:16:20,2021-09-10 18:20:12,Manhattan Av & Leonard St,5442,Graham Ave & Conselyea St,5291,40.72084,-73.94844,40.715143,-73.944507,member
2784001,751D00CA4069BBB8,classic_bike,2021-09-29 22:11:05,2021-09-29 22:19:11,Manhattan Av & Leonard St,5442,Graham Ave & Conselyea St,5291,40.72084,-73.94844,40.715143,-73.944507,casual
2784009,BC97C55E1707DCDC,classic_bike,2021-09-02 11:21:40,2021-09-02 11:25:59,Manhattan Av & Leonard St,5442,Graham Ave & Conselyea St,5291,40.72084,-73.94844,40.715143,-73.944507,member
2784013,D823208E1ADD971C,electric_bike,2021-09-18 17:34:33,2021-09-18 17:57:50,Manhattan Av & Leonard St,5442,Steinway St & Broadway,6711,40.72084,-73.94844,40.75905795418586,-73.91897544264793,member
2784015,FCC3141680A4D0C1,classic_bike,2021-09-28 21:50:52,2021-09-28 22:06:06,Manhattan Av & Leonard St,5442,Irving Ave & Jefferson St,5051,40.72084,-73.94844,40.70538,-73.92535,casual
2784020,2CB6A35FC6FA67D0,electric_bike,2021-09-23 12:46:12,2021-09-23 12:54:42,Manhattan Av & Leonard St,5442,Graham Ave & Conselyea St,5291,40.72084,-73.94844,40.715143,-73.944507,casual
2784021,33F58FB88CA78F72,classic_bike,2021-09-25 11:19:26,2021-09-25 11:25:18,Manhattan Av & Leonard St,5442,Graham Ave & Conselyea St,5291,40.72084,-73.94844,40.715143,-73.944507,casual
2784166,D7C206E934CCF0E3,classic_bike,2021-09-21 20:04:12,2021-09-21 20:10:35,Bayard St & Leonard St,5442,Graham Ave & Conselyea St,5291,40.71915571696044,-73.94885390996933,40.715143,-73.944507,member
2784169,FF5E039C1C77BB1F,classic_bike,2021-09-08 11:58:09,2021-09-08 12:01:22,Bayard St & Leonard St,5442,Graham Ave & Conselyea St,5291,40.71915571696044,-73.94885390996933,40.715143,-73.944507,member
2784170,D05FC46979D0B46A,classic_bike,2021-09-07 22:22:16,2021-09-07 22:27:56,Bayard St & Leonard St,5442,Graham Ave & Conselyea St,5291,40.71915571696044,-73.94885390996933,40.715143,-73.944507,casual
2784963,F4BB334154B5E5BC,classic_bike,2021-09-23 11:52:14,2021-09-23 11:57:19,Manhattan Av & Leonard St,5442,Graham Ave & Conselyea St,5291,40.72084,-73.94844,40.715143,-73.944507,member
2784970,CF2AF1110AB51D7A,classic_bike,2021-09-15 06:10:13,2021-09-15 06:15:39,Manhattan Av & Leonard St,5442,Graham Ave & Conselyea St,5291,40.72084,-73.94844,40.715143,-73.944507,member
2784971,368D1B96C29CAC3C,electric_bike,2021-09-26 19:20:49,2021-09-26 19:30:03,Manhattan Av & Leonard St,5442,Graham Ave & Conselyea St,5291,40.72084,-73.94844,40.715143,-73.944507,casual
2784995,F8151C08F6AFF8CE,electric_bike,2021-09-04 01:08:13,2021-09-04 01:12:48,Manhattan Av & Leonard St,5442,Graham Ave & Conselyea St,5291,40.72084,-73.94844,40.715143,-73.944507,member
2785102,A20595603F0CA69F,classic_bike,2021-09-13 08:56:43,2021-09-13 09:01:25,Bayard St & Leonard St,5442,Graham Ave & Conselyea St,5291,40.71915571696044,-73.94885390996933,40.715143,-73.944507,member
2785107,6BD492E1FCD777F4,classic_bike,2021-09-24 18:51:52,2021-09-24 18:58:56,Bayard St & Leonard St,5442,Graham Ave & Conselyea St,5291,40.71915571696044,-73.94885390996933,40.715143,-73.944507,casual
2787992,918A392A470A8323,classic_bike,2021-09-12 00:01:31,2021-09-12 00:06:35,Manhattan Av & Leonard St,5442,Graham Ave & Conselyea St,5291,40.72084,-73.94844,40.715143,-73.944507,member
2787996,7875D037658A453F,electric_bike,2021-09-10 20:48:36,2021-09-10 21:01:08,Manhattan Av & Leonard St,5442,Graham Ave & Conselyea St,5291,40.72084,-73.94844,40.715143,-73.944507,member
2787997,C51C07CB896E3F8F,classic_bike,2021-09-12 17:19:34,2021-09-12 17:24:59,Manhattan Av & Leonard St,5442,Graham Ave & Conselyea St,5291,40.72084,-73.94844,40.715143,-73.944507,member
2788009,41CA6093029598FF,classic_bike,2021-09-18 15:18:37,2021-09-18 15:22:16,Manhattan Av & Leonard St,5442,Graham Ave & Conselyea St,5291,40.72084,-73.94844,40.715143,-73.944507,member
2788010,ABB48C2D5F44B483,classic_bike,2021-09-12 11:42:07,2021-09-12 11:50:30,Manhattan Av & Leonard St,5442,Graham Ave & Conselyea St,5291,40.72084,-73.94844,40.715143,-73.944507,casual
2788011,E7B68D825E061F0C,classic_bike,2021-09-26 19:39:59,2021-09-26 19:44:45,Manhattan Av & Leonard St,5442,Graham Ave & Conselyea St,5291,40.72084,-73.94844,40.715143,-73.944507,casual
2788025,21B26A790C7BF631,classic_bike,2021-09-20 08:29:23,2021-09-20 08:32:35,Manhattan Av & Leonard St,5442,Graham Ave & Conselyea St,5291,40.72084,-73.94844,40.715143,-73.944507,member
2788026,3BE27EDABE697C1B,classic_bike,2021-09-02 20:06:43,2021-09-02 20:12:02,Manhattan Av & Leonard St,5442,Graham Ave & Conselyea St,5291,40.72084,-73.94844,40.715143,-73.944507,member
2788033,FF5C532D5F6B86E0,classic_bike,2021-09-26 16:16:56,2021-09-26 16:22:04,Manhattan Av & Leonard St,5442,Graham Ave & Conselyea St,5291,40.72084,-73.94844,40.715143,-73.944507,member
2788039,250D00E5B926BB7D,classic_bike,2021-09-05 02:22:02,2021-09-05 02:28:14,Manhattan Av & Leonard St,5442,Graham Ave & Conselyea St,5291,40.72084,-73.94844,40.715143,-73.944507,member
2788050,CF4E7586C8D5D46E,classic_bike,2021-09-06 19:57:37,2021-09-06 20:02:29,Bayard St & Leonard St,5442,Graham Ave & Conselyea St,5291,40.71915571696044,-73.94885390996933,40.715143,-73.944507,casual
2788057,C92C41F75D907A2B,classic_bike,2021-09-28 14:32:58,2021-09-28 14:36:33,Bayard St & Leonard St,5442,Graham Ave & Conselyea St,5291,40.71915571696044,-73.94885390996933,40.715143,-73.944507,member
2788876,D110A0B437170DD3,classic_bike,2021-09-12 11:42:52,2021-09-12 11:50:04,Manhattan Av & Leonard St,5442,Graham Ave & Conselyea St,5291,40.72084,-73.94844,40.715143,-73.944507,member
2788882,DD77984FC79EA66F,classic_bike,2021-09-29 14:14:44,2021-09-29 14:18:23,Manhattan Av & Leonard St,5442,Graham Ave & Conselyea St,5291,40.72084,-73.94844,40.715143,-73.944507,member
2791645,9B7F7E31FD03AF52,classic_bike,2021-09-02 15:14:38,2021-09-02 15:23:26,Bayard St & Leonard St,5442,Stagg St & Union Ave,5117,40.71915571696044,-73.94885390996933,40.70877084,-73.95095259,member
2793223,1BD4D5D462072881,classic_bike,2021-09-25 16:02:36,2021-09-25 16:36:32,Bayard St & Leonard St,5442,Stagg St & Union Ave,5117,40.71915571696044,-73.94885390996933,40.70877084,-73.95095259,member
2793224,67D09DAC71D3277E,classic_bike,2021-09-06 20:56:02,2021-09-06 21:09:33,Bayard St & Leonard St,5442,Stagg St & Union Ave,5117,40.71915571696044,-73.94885390996933,40.70877084,-73.95095259,member
2793231,D0C257170CDD65CA,classic_bike,2021-09-17 22:06:35,2021-09-17 22:14:30,Bayard St & Leonard St,5442,Stagg St & Union Ave,5117,40.71915571696044,-73.94885390996933,40.70877084,-73.95095259,member
2793232,7D25339E00649C89,classic_bike,2021-09-25 03:46:10,2021-09-25 03:56:16,Bayard St & Leonard St,5442,Stagg St & Union Ave,5117,40.71915571696044,-73.94885390996933,40.70877084,-73.95095259,casual
2793293,69B345077BA2E6FC,electric_bike,2021-09-04 13:41:03,2021-09-04 13:46:33,Manhattan Av & Leonard St,5442,Graham Ave & Conselyea St,5291,40.72084,-73.94844,40.715143,-73.944507,casual
2799592,990C59151C1254B7,classic_bike,2021-09-04 17:07:59,2021-09-04 17:14:16,Bayard St & Leonard St,5442,Stagg St & Union Ave,5117,40.71915571696044,-73.94885390996933,40.70877084,-73.95095259,casual
2799634,94AA6553781F829C,classic_bike,2021-09-13 00:37:07,2021-09-13 00:46:43,Bayard St & Leonard St,5442,Stagg St & Union Ave,5117,40.71915571696044,-73.94885390996933,40.70877084,-73.95095259,member
2799640,486F12619B7AE234,classic_bike,2021-09-18 01:37:03,2021-09-18 01:48:45,Bayard St & Leonard St,5442,Stagg St & Union Ave,5117,40.71915571696044,-73.94885390996933,40.70877084,-73.95095259,casual
2799680,72CEFF6D5D3B34F0,classic_bike,2021-09-18 02:06:36,2021-09-18 02:14:11,Bayard St & Leonard St,5442,Stagg St & Union Ave,5117,40.71915571696044,-73.94885390996933,40.70877084,-73.95095259,casual
2799701,B65BA44F697E6E92,classic_bike,2021-09-26 21:32:18,2021-09-26 21:38:01,Bayard St & Leonard St,5442,Stagg St & Union Ave,5117,40.71915571696044,-73.94885390996933,40.70877084,-73.95095259,member
2800656,75ECA1F9A074CA92,classic_bike,2021-09-10 16:55:32,2021-09-10 17:13:09,Bayard St & Leonard St,5442,Stagg St & Union Ave,5117,40.71915571696044,-73.94885390996933,40.70877084,-73.95095259,member
2804757,DE1CEAC77AFED0B8,classic_bike,2021-09-13 06:10:38,2021-09-13 06:45:03,Manhattan Av & Leonard St,5442,North Moore St & Greenwich St,5470,40.72084,-73.94844,40.72019521437465,-74.0103006362915,member
2804764,1BC8999144A3528C,electric_bike,2021-09-06 14:49:48,2021-09-06 15:09:10,Manhattan Av & Leonard St,5442,Stagg St & Union Ave,5117,40.72084,-73.94844,40.70877084,-73.95095259,casual
2804794,AC14B748B73C2596,classic_bike,2021-09-18 11:15:59,2021-09-18 11:50:39,Manhattan Av & Leonard St,5442,North Moore St & Greenwich St,5470,40.72084,-73.94844,40.72019521437465,-74.0103006362915,member
2804871,CE4B6259FAEB8515,classic_bike,2021-09-04 18:41:12,2021-09-04 19:00:34,Manhattan Av & Leonard St,5442,Stagg St & Union Ave,5117,40.72084,-73.94844,40.70877084,-73.95095259,casual
2804936,3079BAEB0EFAF9CD,electric_bike,2021-09-18 11:38:29,2021-09-18 12:04:47,Manhattan Av & Leonard St,5442,North Moore St & Greenwich St,5470,40.72084,-73.94844,40.72019521437465,-74.0103006362915,casual
2806969,4BBDD222D438A057,classic_bike,2021-09-04 18:39:59,2021-09-04 18:58:14,Manhattan Av & Leonard St,5442,Stagg St & Union Ave,5117,40.72084,-73.94844,40.70877084,-73.95095259,member
2806992,489AC3590953A188,electric_bike,2021-09-05 15:37:34,2021-09-05 16:03:25,Manhattan Av & Leonard St,5442,Maiden Ln & Pearl St,5065,40.72084,-73.94844,40.70706456,-74.00731853,casual
2807109,58487C5CB2937362,classic_bike,2021-09-06 22:16:21,2021-09-06 22:23:59,Bayard St & Leonard St,5442,Stagg St & Union Ave,5117,40.71915571696044,-73.94885390996933,40.70877084,-73.95095259,member
2807149,EB9B3EF07930EBF6,classic_bike,2021-09-17 15:10:39,2021-09-17 15:21:22,Bayard St & Leonard St,5442,Stagg St & Union Ave,5117,40.71915571696044,-73.94885390996933,40.70877084,-73.95095259,casual
2807188,8498DE51BF9E132F,classic_bike,2021-09-05 00:36:39,2021-09-05 00:47:06,Bayard St & Leonard St,5442,Stagg St & Union Ave,5117,40.71915571696044,-73.94885390996933,40.70877084,-73.95095259,member
2807189,3C5540C88FC5960E,classic_bike,2021-09-03 21:54:23,2021-09-03 22:02:26,Bayard St & Leonard St,5442,Stagg St & Union Ave,5117,40.71915571696044,-73.94885390996933,40.70877084,-73.95095259,member
2807208,2FC4277894642295,classic_bike,2021-09-12 18:24:49,2021-09-12 18:32:50,Bayard St & Leonard St,5442,Stagg St & Union Ave,5117,40.71915571696044,-73.94885390996933,40.70877084,-73.95095259,member
2813891,D07850421AC69898,electric_bike,2021-09-10 18:04:28,2021-09-10 18:36:09,Bayard St & Leonard St,5442,Prospect Park West & 8 St,3722,40.71915571696044,-73.94885390996933,40.66514681533792,-73.97637605667114,member
2813904,F17F3F1BA6258453,classic_bike,2021-09-13 19:21:16,2021-09-13 19:30:36,Bayard St & Leonard St,5442,Scholes St & Manhattan Ave,5108,40.71915571696044,-73.94885390996933,40.70870368,-73.9448625,casual
2815112,AE00C5D0EBE7BE0E,classic_bike,2021-09-22 09:26:13,2021-09-22 09:34:21,Bayard St & Leonard St,5442,Scholes St & Manhattan Ave,5108,40.71915571696044,-73.94885390996933,40.70870368,-73.9448625,member
2817618,CCAD7434D39ED3A9,classic_bike,2021-09-13 11:56:09,2021-09-13 12:06:30,Manhattan Av & Leonard St,5442,Scholes St & Manhattan Ave,5108,40.72084,-73.94844,40.70870368,-73.9448625,casual
2822593,7A48B91176F1D461,electric_bike,2021-09-05 19:56:18,2021-09-05 20:02:47,Bayard St & Leonard St,5442,Scholes St & Manhattan Ave,5108,40.71915571696044,-73.94885390996933,40.70870368,-73.9448625,casual
2822608,E1878DB8068AAFD9,electric_bike,2021-09-12 19:57:17,2021-09-12 20:04:37,Bayard St & Leonard St,5442,Scholes St & Manhattan Ave,5108,40.71915571696044,-73.94885390996933,40.70870368,-73.9448625,casual
2822612,16D615B6D117DDC1,classic_bike,2021-09-27 20:39:32,2021-09-27 20:45:06,Bayard St & Leonard St,5442,Scholes St & Manhattan Ave,5108,40.71915571696044,-73.94885390996933,40.70870368,-73.9448625,member
2822631,5699A901693B14A3,electric_bike,2021-09-16 15:11:02,2021-09-16 15:22:58,Bayard St & Leonard St,5442,Scholes St & Manhattan Ave,5108,40.71915571696044,-73.94885390996933,40.70870368,-73.9448625,member
2822652,74750C65C924E356,classic_bike,2021-09-12 17:11:02,2021-09-12 17:18:28,Bayard St & Leonard St,5442,Scholes St & Manhattan Ave,5108,40.71915571696044,-73.94885390996933,40.70870368,-73.9448625,member
2822654,4B384264BDA99F7F,classic_bike,2021-09-26 14:02:44,2021-09-26 14:17:58,Bayard St & Leonard St,5442,Scholes St & Manhattan Ave,5108,40.71915571696044,-73.94885390996933,40.70870368,-73.9448625,casual
2822657,13E62D3B4D682AE4,classic_bike,2021-09-11 15:05:21,2021-09-11 15:28:29,Bayard St & Leonard St,5442,Scholes St & Manhattan Ave,5108,40.71915571696044,-73.94885390996933,40.70870368,-73.9448625,casual
2822670,707A6677C9930C14,electric_bike,2021-09-25 12:06:04,2021-09-25 12:35:12,Bayard St & Leonard St,5442,Greenwich St & W Houston St,5730,40.71915571696044,-73.94885390996933,40.728846,-74.008591,member
2822671,47CFBECCBA6AEE67,classic_bike,2021-09-10 20:33:24,2021-09-10 20:45:12,Bayard St & Leonard St,5442,Scholes St & Manhattan Ave,5108,40.71915571696044,-73.94885390996933,40.70870368,-73.9448625,member
2823602,B5E8563DF35B048C,classic_bike,2021-09-08 21:08:09,2021-09-08 21:13:44,Bayard St & Leonard St,5442,Scholes St & Manhattan Ave,5108,40.71915571696044,-73.94885390996933,40.70870368,-73.9448625,member
2823639,AA311F9D87EBB532,classic_bike,2021-09-11 17:18:59,2021-09-11 17:26:00,Bayard St & Leonard St,5442,Scholes St & Manhattan Ave,5108,40.71915571696044,-73.94885390996933,40.70870368,-73.9448625,casual
2826369,1171901AFD00C862,classic_bike,2021-09-14 23:31:28,2021-09-14 23:38:54,Manhattan Av & Leonard St,5442,Scholes St & Manhattan Ave,5108,40.72084,-73.94844,40.70870368,-73.9448625,casual
2826372,16BCEB6A202E0FA9,classic_bike,2021-09-12 17:44:54,2021-09-12 17:54:36,Manhattan Av & Leonard St,5442,Scholes St & Manhattan Ave,5108,40.72084,-73.94844,40.70870368,-73.9448625,casual
2826373,1B0430AB484C853A,classic_bike,2021-09-12 11:06:10,2021-09-12 11:15:30,Manhattan Av & Leonard St,5442,Scholes St & Manhattan Ave,5108,40.72084,-73.94844,40.70870368,-73.9448625,casual
2826381,1E482167E7CEAA52,classic_bike,2021-09-14 23:31:43,2021-09-14 23:38:51,Manhattan Av & Leonard St,5442,Scholes St & Manhattan Ave,5108,40.72084,-73.94844,40.70870368,-73.9448625,member
2826412,4EC5F94610CAD664,classic_bike,2021-09-04 17:32:34,2021-09-04 17:40:09,Manhattan Av & Leonard St,5442,Scholes St & Manhattan Ave,5108,40.72084,-73.94844,40.70870368,-73.9448625,member
2826418,ADE5222C4994E418,classic_bike,2021-09-06 13:08:59,2021-09-06 13:43:42,Manhattan Av & Leonard St,5442,Greenwich St & W Houston St,5730,40.72084,-73.94844,40.728846,-74.008591,member
2826424,60EA7609753D5EF5,classic_bike,2021-09-26 14:38:17,2021-09-26 14:46:34,Manhattan Av & Leonard St,5442,Scholes St & Manhattan Ave,5108,40.72084,-73.94844,40.70870368,-73.9448625,member
2826428,85CA25856DCF0AC2,classic_bike,2021-09-25 16:57:17,2021-09-25 17:08:00,Manhattan Av & Leonard St,5442,Scholes St & Manhattan Ave,5108,40.72084,-73.94844,40.70870368,-73.9448625,casual
2826433,E9D7DEC727A7B874,classic_bike,2021-09-06 15:37:05,2021-09-06 15:46:10,Manhattan Av & Leonard St,5442,Scholes St & Manhattan Ave,5108,40.72084,-73.94844,40.70870368,-73.9448625,casual
2826452,F04B99072A9E4897,electric_bike,2021-09-04 16:25:45,2021-09-04 16:31:03,Manhattan Av & Leonard St,5442,Scholes St & Manhattan Ave,5108,40.72084,-73.94844,40.70870368,-73.9448625,casual
2826467,AD8E9D6E7F6A1020,classic_bike,2021-09-06 13:19:52,2021-09-06 14:17:49,Manhattan Av & Leonard St,5442,36 St & 3 Ave,3460,40.72084,-73.94844,40.655716,-74.006664,casual
2826555,18677568114835BB,classic_bike,2021-09-13 14:31:57,2021-09-13 14:39:32,Manhattan Av & Leonard St,5442,Scholes St & Manhattan Ave,5108,40.72084,-73.94844,40.70870368,-73.9448625,casual
2826556,C4A1B98A633195A3,classic_bike,2021-09-04 18:44:38,2021-09-04 18:54:26,Manhattan Av & Leonard St,5442,Scholes St & Manhattan Ave,5108,40.72084,-73.94844,40.70870368,-73.9448625,casual
2826614,D7281E362D1E0BDD,classic_bike,2021-09-14 23:31:29,2021-09-14 23:38:48,Manhattan Av & Leonard St,5442,Scholes St & Manhattan Ave,5108,40.72084,-73.94844,40.70870368,-73.9448625,member
2826616,2797562B41774402,classic_bike,2021-09-21 18:45:14,2021-09-21 18:53:57,Manhattan Av & Leonard St,5442,Scholes St & Manhattan Ave,5108,40.72084,-73.94844,40.70870368,-73.9448625,member
2833970,925EFD8CAEBA1394,classic_bike,2021-09-20 20:46:53,2021-09-20 20:52:50,Bayard St & Leonard St,5442,Scholes St & Manhattan Ave,5108,40.71915571696044,-73.94885390996933,40.70870368,-73.9448625,member
2834020,76A57A8801E25533,classic_bike,2021-09-30 08:09:07,2021-09-30 08:15:34,Bayard St & Leonard St,5442,Scholes St & Manhattan Ave,5108,40.71915571696044,-73.94885390996933,40.70870368,-73.9448625,member
2834056,9F32C8CF4AC421BC,classic_bike,2021-09-25 12:32:49,2021-09-25 12:41:43,Bayard St & Leonard St,5442,Scholes St & Manhattan Ave,5108,40.71915571696044,-73.94885390996933,40.70870368,-73.9448625,member
2834060,32220A16882EF03C,electric_bike,2021-09-11 21:17:30,2021-09-11 21:23:02,Bayard St & Leonard St,5442,Scholes St & Manhattan Ave,5108,40.71915571696044,-73.94885390996933,40.70870368,-73.9448625,casual
2834062,2C5C2A804043B63C,classic_bike,2021-09-04 15:30:46,2021-09-04 16:41:38,Bayard St & Leonard St,5442,36 St & 3 Ave,3460,40.71915571696044,-73.94885390996933,40.655716,-74.006664,casual
2834371,9B390EEA5318250D,electric_bike,2021-09-05 19:57:05,2021-09-05 20:02:50,Bayard St & Leonard St,5442,Scholes St & Manhattan Ave,5108,40.71915571696044,-73.94885390996933,40.70870368,-73.9448625,casual
2835487,3BD19013C472D767,classic_bike,2021-09-29 18:42:36,2021-09-29 18:50:46,Bayard St & Leonard St,5442,Scholes St & Manhattan Ave,5108,40.71915571696044,-73.94885390996933,40.70870368,-73.9448625,member
2835505,BBB57952EC28629C,classic_bike,2021-09-03 16:02:15,2021-09-03 16:19:54,Bayard St & Leonard St,5442,Scholes St & Manhattan Ave,5108,40.71915571696044,-73.94885390996933,40.70870368,-73.9448625,member
2835513,1553C71A7C34359D,classic_bike,2021-09-02 17:38:01,2021-09-02 17:47:34,Bayard St & Leonard St,5442,Scholes St & Manhattan Ave,5108,40.71915571696044,-73.94885390996933,40.70870368,-73.9448625,member
2835934,D0858048CB833980,classic_bike,2021-09-18 21:55:24,2021-09-18 22:10:38,Manhattan Av & Leonard St,5442,Scholes St & Manhattan Ave,5108,40.72084,-73.94844,40.70870368,-73.9448625,member
2835960,0FA8CA7579E35661,electric_bike,2021-09-04 15:04:30,2021-09-04 15:14:37,Manhattan Av & Leonard St,5442,Scholes St & Manhattan Ave,5108,40.72084,-73.94844,40.70870368,-73.9448625,member
2835971,528D82D86302BA45,classic_bike,2021-09-04 18:56:21,2021-09-04 19:06:29,Manhattan Av & Leonard St,5442,Scholes St & Manhattan Ave,5108,40.72084,-73.94844,40.70870368,-73.9448625,member
2836006,5463A7FDAC3B8287,classic_bike,2021-09-26 14:38:15,2021-09-26 14:46:31,Manhattan Av & Leonard St,5442,Scholes St & Manhattan Ave,5108,40.72084,-73.94844,40.70870368,-73.9448625,member
2842771,51B76921F2F98295,classic_bike,2021-09-09 19:55:58,2021-09-09 20:03:17,Bayard St & Leonard St,5442,Scholes St & Manhattan Ave,5108,40.71915571696044,-73.94885390996933,40.70870368,-73.9448625,member
2842776,C375A3159AD27985,electric_bike,2021-09-15 20:55:53,2021-09-15 21:01:09,Bayard St & Leonard St,5442,Scholes St & Manhattan Ave,5108,40.71915571696044,-73.94885390996933,40.70870368,-73.9448625,member
2842850,D209FF5C24C73EEF,electric_bike,2021-09-13 19:34:24,2021-09-13 19:42:48,Bayard St & Leonard St,5442,Scholes St & Manhattan Ave,5108,40.71915571696044,-73.94885390996933,40.70870368,-73.9448625,member
2842865,5597C8046074D4F3,classic_bike,2021-09-25 12:33:25,2021-09-25 12:41:45,Bayard St & Leonard St,5442,Scholes St & Manhattan Ave,5108,40.71915571696044,-73.94885390996933,40.70870368,-73.9448625,member
2842890,30138CB6FC129FD3,classic_bike,2021-09-14 14:37:43,2021-09-14 14:45:16,Bayard St & Leonard St,5442,Scholes St & Manhattan Ave,5108,40.71915571696044,-73.94885390996933,40.70870368,-73.9448625,member
2843313,5F56BF72923AE188,classic_bike,2021-09-11 13:15:02,2021-09-11 13:23:39,Manhattan Av & Leonard St,5442,Scholes St & Manhattan Ave,5108,40.72084,-73.94844,40.70870368,-73.9448625,member
2843333,E44A42437ED48604,classic_bike,2021-09-10 21:27:16,2021-09-10 21:34:23,Manhattan Av & Leonard St,5442,Scholes St & Manhattan Ave,5108,40.72084,-73.94844,40.70870368,-73.9448625,casual
2847730,02C9CD5EBB046F4C,classic_bike,2021-09-17 00:39:08,2021-09-17 00:48:22,Bayard St & Leonard St,5442,Scholes St & Manhattan Ave,5108,40.71915571696044,-73.94885390996933,40.70870368,-73.9448625,casual
2849679,22E1CF52132C694C,classic_bike,2021-09-18 19:10:32,2021-09-18 19:15:59,Bayard St & Leonard St,5442,Graham Ave & Grand St,5178,40.71915571696044,-73.94885390996933,40.711863,-73.944024,casual
2849680,C500000E5BEB2082,classic_bike,2021-09-18 13:22:04,2021-09-18 13:28:18,Bayard St & Leonard St,5442,Graham Ave & Grand St,5178,40.71915571696044,-73.94885390996933,40.711863,-73.944024,casual
2851961,DA7BB97070BB7402,electric_bike,2021-09-27 12:45:54,2021-09-27 13:06:27,Bayard St & Leonard St,5442,Leonard St & Church St,5359,40.71915571696044,-73.94885390996933,40.717571,-74.005549,member
2851974,6691A50188647771,classic_bike,2021-09-25 14:27:25,2021-09-25 14:43:24,Bayard St & Leonard St,5442,Morgan Ave & Lombardy St,5503,40.71915571696044,-73.94885390996933,40.72226,-73.93889,member
2851976,BB8B2C1E56EA7F79,electric_bike,2021-09-15 22:15:05,2021-09-15 23:01:40,Bayard St & Leonard St,5442,E 20 St & FDR Drive,5886,40.71915571696044,-73.94885390996933,40.73314259,-73.97573881,casual
2851980,28A226078010C9C1,electric_bike,2021-09-04 08:56:46,2021-09-04 09:05:09,Bayard St & Leonard St,5442,Morgan Ave & Lombardy St,5503,40.71915571696044,-73.94885390996933,40.72226,-73.93889,casual
2851981,2064D5B1DA24CDED,electric_bike,2021-09-04 08:57:06,2021-09-04 09:05:30,Bayard St & Leonard St,5442,Morgan Ave & Lombardy St,5503,40.71915571696044,-73.94885390996933,40.72226,-73.93889,casual
2851997,D11B070C9F3F9542,classic_bike,2021-09-15 12:19:46,2021-09-15 12:25:59,Bayard St & Leonard St,5442,Graham Ave & Grand St,5178,40.71915571696044,-73.94885390996933,40.711863,-73.944024,member
2852011,39C9C00D00D11FA3,classic_bike,2021-09-29 23:15:01,2021-09-29 23:24:36,Bayard St & Leonard St,5442,Graham Ave & Grand St,5178,40.71915571696044,-73.94885390996933,40.711863,-73.944024,casual
2852153,1384EA3A076FFD9F,electric_bike,2021-09-12 16:58:52,2021-09-12 17:07:40,Manhattan Av & Leonard St,5442,Graham Ave & Grand St,5178,40.72084,-73.94844,40.711863,-73.944024,member
2852190,FAFB47720E6D9CC1,classic_bike,2021-09-20 17:19:04,2021-09-20 17:27:35,Manhattan Av & Leonard St,5442,Morgan Ave & Lombardy St,5503,40.72084,-73.94844,40.72226,-73.93889,member
2852203,C4748E54D4100F47,classic_bike,2021-09-13 18:14:49,2021-09-13 18:23:17,Manhattan Av & Leonard St,5442,Graham Ave & Grand St,5178,40.72084,-73.94844,40.711863,-73.944024,member
2852204,AA837B7B6AB89700,classic_bike,2021-09-15 22:06:24,2021-09-15 22:14:01,Manhattan Av & Leonard St,5442,Graham Ave & Grand St,5178,40.72084,-73.94844,40.711863,-73.944024,casual
2852352,A1D36FEF7843EB35,classic_bike,2021-09-11 12:41:40,2021-09-11 13:15:29,Bayard St & Leonard St,5442,E 20 St & FDR Drive,5886,40.71915571696044,-73.94885390996933,40.73314259,-73.97573881,member
2869378,A233BEE5EAD16FA6,classic_bike,2021-09-22 20:19:36,2021-09-22 20:27:59,Bayard St & Leonard St,5442,Graham Ave & Grand St,5178,40.71915571696044,-73.94885390996933,40.711863,-73.944024,member
2869381,CFB3E82A603BFB78,classic_bike,2021-09-08 13:24:02,2021-09-08 13:30:10,Bayard St & Leonard St,5442,Graham Ave & Grand St,5178,40.71915571696044,-73.94885390996933,40.711863,-73.944024,member
2869387,5539B035CD4AA9CA,electric_bike,2021-09-22 17:13:02,2021-09-22 17:27:23,Bayard St & Leonard St,5442,Morgan Ave & Lombardy St,5503,40.71915571696044,-73.94885390996933,40.72226,-73.93889,member
2869389,ADAF625893A7D9F8,electric_bike,2021-09-13 00:32:03,2021-09-13 00:40:27,Bayard St & Leonard St,5442,McKibbin St & Bogart St,5059,40.71915571696044,-73.94885390996933,40.706237,-73.933871,member
2869398,70D62BEE19F5481C,electric_bike,2021-09-07 00:21:03,2021-09-07 00:25:54,Bayard St & Leonard St,5442,Graham Ave & Grand St,5178,40.71915571696044,-73.94885390996933,40.711863,-73.944024,member
2869415,2FAC2E6A618AEAC7,classic_bike,2021-09-26 16:08:51,2021-09-26 16:17:23,Bayard St & Leonard St,5442,Graham Ave & Grand St,5178,40.71915571696044,-73.94885390996933,40.711863,-73.944024,casual
2869423,AEADCE4BD3A380FD,classic_bike,2021-09-26 17:14:04,2021-09-26 17:21:51,Bayard St & Leonard St,5442,Graham Ave & Grand St,5178,40.71915571696044,-73.94885390996933,40.711863,-73.944024,member
2869432,3BD2B4F4A16F73CD,classic_bike,2021-09-12 18:50:19,2021-09-12 18:58:22,Bayard St & Leonard St,5442,Morgan Ave & Lombardy St,5503,40.71915571696044,-73.94885390996933,40.72226,-73.93889,casual
2869435,0AC6FFF80598F62E,electric_bike,2021-09-23 17:52:17,2021-09-23 18:05:46,Bayard St & Leonard St,5442,Bialystoker Pl & Delancey St,5335,40.71915571696044,-73.94885390996933,40.71622644,-73.98261206,casual
2869444,9FB7C52BCA570459,classic_bike,2021-09-19 18:29:23,2021-09-19 18:35:56,Bayard St & Leonard St,5442,Graham Ave & Grand St,5178,40.71915571696044,-73.94885390996933,40.711863,-73.944024,member
2869461,DE3AA8B73FFEAFEB,classic_bike,2021-09-22 18:01:42,2021-09-22 18:07:12,Bayard St & Leonard St,5442,Graham Ave & Grand St,5178,40.71915571696044,-73.94885390996933,40.711863,-73.944024,member
2869519,2284BB0CC6A4C29D,classic_bike,2021-09-12 18:50:03,2021-09-12 18:58:12,Bayard St & Leonard St,5442,Morgan Ave & Lombardy St,5503,40.71915571696044,-73.94885390996933,40.72226,-73.93889,casual
2869536,150F6ECB7090E5EA,classic_bike,2021-09-12 20:03:04,2021-09-12 20:08:53,Bayard St & Leonard St,5442,Graham Ave & Grand St,5178,40.71915571696044,-73.94885390996933,40.711863,-73.944024,member
2869560,E91E60A5CCD2CEC4,electric_bike,2021-09-25 19:32:19,2021-09-25 19:41:10,Bayard St & Leonard St,5442,Graham Ave & Grand St,5178,40.71915571696044,-73.94885390996933,40.711863,-73.944024,casual
2869585,BA43637C25CE78DA,classic_bike,2021-09-17 10:15:20,2021-09-17 10:22:57,Bayard St & Leonard St,5442,Graham Ave & Grand St,5178,40.71915571696044,-73.94885390996933,40.711863,-73.944024,member
2869660,E5C869A480772A24,classic_bike,2021-09-22 08:21:52,2021-09-22 08:28:42,Bayard St & Leonard St,5442,Graham Ave & Grand St,5178,40.71915571696044,-73.94885390996933,40.711863,-73.944024,member
2869662,73351717A1EDEBE1,classic_bike,2021-09-16 09:05:22,2021-09-16 09:10:55,Bayard St & Leonard St,5442,Graham Ave & Grand St,5178,40.71915571696044,-73.94885390996933,40.711863,-73.944024,casual
2870897,877996E086F5C762,classic_bike,2021-09-06 12:01:44,2021-09-06 12:08:55,Bayard St & Leonard St,5442,Graham Ave & Grand St,5178,40.71915571696044,-73.94885390996933,40.711863,-73.944024,casual
2871018,7D7B89F14405D263,classic_bike,2021-09-17 17:38:49,2021-09-17 17:55:31,Bayard St & Leonard St,5442,Morgan Ave & Lombardy St,5503,40.71915571696044,-73.94885390996933,40.72226,-73.93889,casual
2871054,E9037C3E5D466B58,classic_bike,2021-09-18 13:58:04,2021-09-18 14:04:54,Bayard St & Leonard St,5442,Morgan Ave & Lombardy St,5503,40.71915571696044,-73.94885390996933,40.72226,-73.93889,member
2871055,28341133E9471B46,classic_bike,2021-09-14 19:40:37,2021-09-14 19:45:45,Bayard St & Leonard St,5442,Graham Ave & Grand St,5178,40.71915571696044,-73.94885390996933,40.711863,-73.944024,member
2871057,05FD9F301554530E,classic_bike,2021-09-20 08:25:17,2021-09-20 08:30:36,Bayard St & Leonard St,5442,Graham Ave & Grand St,5178,40.71915571696044,-73.94885390996933,40.711863,-73.944024,member
2871089,5564D83AE4878DDB,classic_bike,2021-09-06 21:31:18,2021-09-06 21:37:31,Bayard St & Leonard St,5442,Graham Ave & Grand St,5178,40.71915571696044,-73.94885390996933,40.711863,-73.944024,member
2871096,EE9FE5A5F7E9249D,electric_bike,2021-09-03 08:20:32,2021-09-03 08:26:35,Bayard St & Leonard St,5442,Graham Ave & Grand St,5178,40.71915571696044,-73.94885390996933,40.711863,-73.944024,member
2878900,011C56648A6319FF,classic_bike,2021-09-03 16:22:25,2021-09-03 16:27:42,Manhattan Av & Leonard St,5442,Morgan Ave & Lombardy St,5503,40.72084,-73.94844,40.72226,-73.93889,casual
2878915,16BC5E1A96B1667E,classic_bike,2021-09-20 20:15:45,2021-09-20 20:22:33,Manhattan Av & Leonard St,5442,Graham Ave & Grand St,5178,40.72084,-73.94844,40.711863,-73.944024,member
2878920,E15578DED2D4A9C5,classic_bike,2021-09-21 19:01:07,2021-09-21 19:10:29,Manhattan Av & Leonard St,5442,Graham Ave & Grand St,5178,40.72084,-73.94844,40.711863,-73.944024,member
2878921,B2F3D171B12B03ED,classic_bike,2021-09-18 11:02:58,2021-09-18 11:10:05,Manhattan Av & Leonard St,5442,Graham Ave & Grand St,5178,40.72084,-73.94844,40.711863,-73.944024,member
2878971,0079823169A4939B,classic_bike,2021-09-11 10:27:17,2021-09-11 10:33:58,Manhattan Av & Leonard St,5442,Morgan Ave & Lombardy St,5503,40.72084,-73.94844,40.72226,-73.93889,casual
2881492,B17CD53C68E9EBB6,classic_bike,2021-09-05 02:03:44,2021-09-05 02:10:41,Manhattan Av & Leonard St,5442,Graham Ave & Grand St,5178,40.72084,-73.94844,40.711863,-73.944024,member
2881493,CFDA9D9AFC050098,classic_bike,2021-09-13 01:17:31,2021-09-13 01:24:01,Manhattan Av & Leonard St,5442,Graham Ave & Grand St,5178,40.72084,-73.94844,40.711863,-73.944024,member
2881593,5166EFA04FC8F931,classic_bike,2021-09-10 17:00:10,2021-09-10 17:17:17,Manhattan Av & Leonard St,5442,McKibbin St & Bogart St,5059,40.72084,-73.94844,40.706237,-73.933871,casual
2881953,B6410E4AAA6C00D6,classic_bike,2021-09-11 01:01:36,2021-09-11 01:10:24,Manhattan Av & Leonard St,5442,Graham Ave & Grand St,5178,40.72084,-73.94844,40.711863,-73.944024,member
2884081,FAB23C1A00D194A4,classic_bike,2021-09-10 16:58:45,2021-09-10 17:16:52,Manhattan Av & Leonard St,5442,McKibbin St & Bogart St,5059,40.72084,-73.94844,40.706237,-73.933871,member
2884380,7870811F087A1537,classic_bike,2021-09-12 16:14:23,2021-09-12 16:24:41,Bayard St & Leonard St,5442,Graham Ave & Grand St,5178,40.71915571696044,-73.94885390996933,40.711863,-73.944024,member
2884387,C49C650E8A5264A1,classic_bike,2021-09-19 17:23:47,2021-09-19 17:29:52,Bayard St & Leonard St,5442,Graham Ave & Grand St,5178,40.71915571696044,-73.94885390996933,40.711863,-73.944024,member
2884401,91840EB02900ECB2,classic_bike,2021-09-08 19:37:39,2021-09-08 19:43:42,Bayard St & Leonard St,5442,Graham Ave & Grand St,5178,40.71915571696044,-73.94885390996933,40.711863,-73.944024,member
2884417,5A1042E296C592DE,classic_bike,2021-09-05 13:00:24,2021-09-05 13:27:53,Bayard St & Leonard St,5442,31 St & Thomson Ave,6227,40.71915571696044,-73.94885390996933,40.74469738,-73.93540375,member
2884450,F835C429BC46D870,classic_bike,2021-09-03 16:27:56,2021-09-03 16:34:53,Bayard St & Leonard St,5442,Morgan Ave & Lombardy St,5503,40.71915571696044,-73.94885390996933,40.72226,-73.93889,member
2884499,B9FEE314CBA8D3E4,electric_bike,2021-09-24 14:08:11,2021-09-24 14:13:34,Bayard St & Leonard St,5442,Morgan Ave & Lombardy St,5503,40.71915571696044,-73.94885390996933,40.72226,-73.93889,member
2884515,B8F8760309FCC19E,classic_bike,2021-09-28 17:50:07,2021-09-28 17:57:25,Bayard St & Leonard St,5442,Graham Ave & Grand St,5178,40.71915571696044,-73.94885390996933,40.711863,-73.944024,member
2884534,1FC1F3F229EDD57A,electric_bike,2021-09-07 11:40:38,2021-09-07 11:45:02,Bayard St & Leonard St,5442,Graham Ave & Grand St,5178,40.71915571696044,-73.94885390996933,40.711863,-73.944024,member
2884538,928413CBD3BF6B43,classic_bike,2021-09-13 08:23:35,2021-09-13 08:30:45,Bayard St & Leonard St,5442,Graham Ave & Grand St,5178,40.71915571696044,-73.94885390996933,40.711863,-73.944024,member
2884540,FDAD4BA942FE0823,classic_bike,2021-09-06 20:52:41,2021-09-06 20:58:37,Bayard St & Leonard St,5442,Graham Ave & Grand St,5178,40.71915571696044,-73.94885390996933,40.711863,-73.944024,member
2884543,9526D9A546601022,classic_bike,2021-09-04 17:54:25,2021-09-04 18:06:55,Bayard St & Leonard St,5442,Morgan Ave & Lombardy St,5503,40.71915571696044,-73.94885390996933,40.72226,-73.93889,casual
2884545,172950C23FE9A6A7,classic_bike,2021-09-30 08:01:26,2021-09-30 08:09:39,Bayard St & Leonard St,5442,Graham Ave & Grand St,5178,40.71915571696044,-73.94885390996933,40.711863,-73.944024,member
2885517,B6BC7DA364290E51,electric_bike,2021-09-07 18:10:16,2021-09-07 18:44:11,Bayard St & Leonard St,5442,Leonard St & Church St,5359,40.71915571696044,-73.94885390996933,40.717571,-74.005549,casual
2885632,83D10E084927F124,electric_bike,2021-09-21 22:06:32,2021-09-21 22:11:49,Bayard St & Leonard St,5442,Graham Ave & Grand St,5178,40.71915571696044,-73.94885390996933,40.711863,-73.944024,member
2885635,E5EF5B950CA33E2F,electric_bike,2021-09-17 16:02:12,2021-09-17 16:18:57,Bayard St & Leonard St,5442,Rivington St & Chrystie St,5453,40.71915571696044,-73.94885390996933,40.72110063,-73.9919254,member
2885638,F5B675B235904A31,classic_bike,2021-09-26 17:16:36,2021-09-26 17:25:33,Bayard St & Leonard St,5442,Graham Ave & Grand St,5178,40.71915571696044,-73.94885390996933,40.711863,-73.944024,casual
2887335,FB93E4994D00D211,electric_bike,2021-09-01 13:06:23,2021-09-01 13:10:23,Bayard St & Leonard St,5442,Graham Ave & Grand St,5178,40.71915571696044,-73.94885390996933,40.711863,-73.944024,member
2890761,06946009A2B4424A,classic_bike,2021-09-11 10:25:22,2021-09-11 10:33:25,Manhattan Av & Leonard St,5442,Morgan Ave & Lombardy St,5503,40.72084,-73.94844,40.72226,-73.93889,casual
2890787,55DEA0FFC3E837B0,classic_bike,2021-09-05 19:44:34,2021-09-05 19:51:27,Manhattan Av & Leonard St,5442,Morgan Ave & Lombardy St,5503,40.72084,-73.94844,40.72226,-73.93889,member
2890812,72FBCE4ADD0EE7A2,classic_bike,2021-09-11 10:27:10,2021-09-11 10:33:47,Manhattan Av & Leonard St,5442,Morgan Ave & Lombardy St,5503,40.72084,-73.94844,40.72226,-73.93889,casual
2890818,7117A86E932E22A7,classic_bike,2021-09-18 03:35:58,2021-09-18 03:45:50,Manhattan Av & Leonard St,5442,Graham Ave & Grand St,5178,40.72084,-73.94844,40.711863,-73.944024,casual
2890819,D9CF0E2F9DD05A7F,classic_bike,2021-09-09 17:29:42,2021-09-09 17:38:39,Manhattan Av & Leonard St,5442,Graham Ave & Grand St,5178,40.72084,-73.94844,40.711863,-73.944024,member
2890837,5E29708F5283A09B,classic_bike,2021-09-09 19:13:44,2021-09-09 19:33:02,Manhattan Av & Leonard St,5442,Graham Ave & Grand St,5178,40.72084,-73.94844,40.711863,-73.944024,member
2890841,FD86C29CE47D010A,classic_bike,2021-09-11 10:24:04,2021-09-11 10:33:24,Manhattan Av & Leonard St,5442,Morgan Ave & Lombardy St,5503,40.72084,-73.94844,40.72226,-73.93889,casual
2890853,E0B5314AADB83D52,classic_bike,2021-09-11 10:25:33,2021-09-11 10:33:14,Manhattan Av & Leonard St,5442,Morgan Ave & Lombardy St,5503,40.72084,-73.94844,40.72226,-73.93889,casual
2890854,902BBFD9E0B4B1F0,classic_bike,2021-09-30 20:38:15,2021-09-30 20:44:29,Manhattan Av & Leonard St,5442,Graham Ave & Grand St,5178,40.72084,-73.94844,40.711863,-73.944024,member
2890882,7ED16660FE3074A0,classic_bike,2021-09-08 20:09:58,2021-09-08 20:22:40,Manhattan Av & Leonard St,5442,McKibbin St & Bogart St,5059,40.72084,-73.94844,40.706237,-73.933871,member
2890908,B64C40886A499CD7,classic_bike,2021-09-18 03:37:00,2021-09-18 03:45:43,Manhattan Av & Leonard St,5442,Graham Ave & Grand St,5178,40.72084,-73.94844,40.711863,-73.944024,casual
2893731,D7687F6CE2C90B15,classic_bike,2021-09-04 12:35:22,2021-09-04 12:43:30,Manhattan Av & Leonard St,5442,Morgan Ave & Lombardy St,5503,40.72084,-73.94844,40.72226,-73.93889,casual
2893752,CAA745B2856BCDE6,classic_bike,2021-09-02 19:59:59,2021-09-02 20:37:24,Manhattan Av & Leonard St,5442,Leonard St & Church St,5359,40.72084,-73.94844,40.717571,-74.005549,casual
2893755,484388518548515C,electric_bike,2021-09-17 02:41:07,2021-09-17 02:55:34,Manhattan Av & Leonard St,5442,McKibbin St & Bogart St,5059,40.72084,-73.94844,40.706237,-73.933871,casual
2893759,A21331916BD15CD8,classic_bike,2021-09-11 10:24:53,2021-09-11 10:33:36,Manhattan Av & Leonard St,5442,Morgan Ave & Lombardy St,5503,40.72084,-73.94844,40.72226,-73.93889,casual
2893760,FDAFE859B09BC4C4,electric_bike,2021-09-17 18:08:59,2021-09-17 18:18:50,Manhattan Av & Leonard St,5442,Graham Ave & Grand St,5178,40.72084,-73.94844,40.711863,-73.944024,member
2893764,7C7448A8F7177E4D,classic_bike,2021-09-10 16:43:43,2021-09-10 16:52:36,Manhattan Av & Leonard St,5442,Graham Ave & Grand St,5178,40.72084,-73.94844,40.711863,-73.944024,member
2893775,9BBA2C18D8341FDD,classic_bike,2021-09-25 03:59:30,2021-09-25 04:07:51,Manhattan Av & Leonard St,5442,Graham Ave & Grand St,5178,40.72084,-73.94844,40.711863,-73.944024,member
2897577,ECC10E717AC30850,classic_bike,2021-09-25 19:52:17,2021-09-25 20:31:56,Bayard St & Leonard St,5442,24 Ave & 26 St,7152,40.71915571696044,-73.94885390996933,40.774591,-73.918544,casual
2907985,61CCCC7EE73ADEFE,classic_bike,2021-09-08 14:28:10,2021-09-08 14:40:39,Bayard St & Leonard St,5442,George St & Wilson Ave,4906,40.71915571696044,-73.94885390996933,40.702997,-73.92997,member
2911516,E5328706EED6F60D,classic_bike,2021-09-17 19:07:38,2021-09-17 19:18:54,Manhattan Av & Leonard St,5442,Central Ave & Flushing Ave,4947,40.72084,-73.94844,40.702831,-73.9333,member
2911835,2E102B09DE097C89,classic_bike,2021-09-11 19:08:01,2021-09-11 19:21:35,Bayard St & Leonard St,5442,Willoughby Ave & Tompkins Ave,4665,40.71915571696044,-73.94885390996933,40.69425403,-73.94626915,casual
2911840,9DBC65A12C7420DB,electric_bike,2021-09-23 11:31:54,2021-09-23 11:48:48,Bayard St & Leonard St,5442,Bayard St & Baxter St,5351,40.71915571696044,-73.94885390996933,40.71602118,-73.99974372,casual
2911855,8E3F282BDF869AC1,classic_bike,2021-09-19 20:42:31,2021-09-19 21:34:05,Bayard St & Leonard St,5442,Central Ave & Flushing Ave,4947,40.71915571696044,-73.94885390996933,40.702831,-73.9333,member
2911873,EDA53DB9BBCA4D24,classic_bike,2021-09-16 20:02:14,2021-09-16 20:37:48,Bayard St & Leonard St,5442,Spring St & Hudson St,5653,40.71915571696044,-73.94885390996933,40.72583996792375,-74.0076532959938,member
2913492,826E14F8DB65522A,electric_bike,2021-09-22 22:53:26,2021-09-22 23:06:39,Bayard St & Leonard St,5442,Central Ave & Flushing Ave,4947,40.71915571696044,-73.94885390996933,40.702831,-73.9333,casual
2918271,A4D62E27A997BCB5,electric_bike,2021-09-24 10:21:22,2021-09-24 10:43:23,Bayard St & Leonard St,5442,Bayard St & Baxter St,5351,40.71915571696044,-73.94885390996933,40.71602118,-73.99974372,casual
2918278,DCBC7AB445A69B45,electric_bike,2021-09-11 19:06:08,2021-09-11 19:21:28,Bayard St & Leonard St,5442,Willoughby Ave & Tompkins Ave,4665,40.71915571696044,-73.94885390996933,40.69425403,-73.94626915,member
2918295,516557C9113123D7,classic_bike,2021-09-29 22:06:00,2021-09-29 22:21:08,Bayard St & Leonard St,5442,Central Ave & Flushing Ave,4947,40.71915571696044,-73.94885390996933,40.702831,-73.9333,casual
2926038,D39A3125D2587EF2,electric_bike,2021-09-15 21:22:09,2021-09-15 21:34:59,Bayard St & Leonard St,5442,Central Ave & Flushing Ave,4947,40.71915571696044,-73.94885390996933,40.702831,-73.9333,casual
2926044,060655CF5C41D4E3,classic_bike,2021-09-28 14:24:13,2021-09-28 14:39:13,Bayard St & Leonard St,5442,Central Ave & Flushing Ave,4947,40.71915571696044,-73.94885390996933,40.702831,-73.9333,member
2926061,F774C546C9F56061,classic_bike,2021-09-18 13:45:33,2021-09-18 13:57:59,Bayard St & Leonard St,5442,Central Ave & Flushing Ave,4947,40.71915571696044,-73.94885390996933,40.702831,-73.9333,member
2926062,128F14B32D6E2F2D,classic_bike,2021-09-24 22:52:26,2021-09-24 23:09:11,Bayard St & Leonard St,5442,George St & Wilson Ave,4906,40.71915571696044,-73.94885390996933,40.702997,-73.92997,member
2932388,536ACA92BDFB5806,classic_bike,2021-09-11 13:56:15,2021-09-11 14:08:45,Bayard St & Leonard St,5442,Central Ave & Flushing Ave,4947,40.71915571696044,-73.94885390996933,40.702831,-73.9333,member
2932389,CD1E425E12CACC29,classic_bike,2021-09-24 15:02:20,2021-09-24 15:15:52,Bayard St & Leonard St,5442,Central Ave & Flushing Ave,4947,40.71915571696044,-73.94885390996933,40.702831,-73.9333,member
2932695,18CA5007E97F0434,classic_bike,2021-09-14 18:52:00,2021-09-14 19:07:44,Manhattan Av & Leonard St,5442,George St & Wilson Ave,4906,40.72084,-73.94844,40.702997,-73.92997,casual
2963179,1D64DE1C99AF0B98,electric_bike,2021-09-27 11:44:25,2021-09-27 12:02:22,Bayard St & Leonard St,5442,E 2 St & 2 Ave,5593,40.71915571696044,-73.94885390996933,40.72502876,-73.99069656,member
2965829,AE0B99179D5B1005,classic_bike,2021-09-02 18:25:49,2021-09-02 18:50:45,Bayard St & Leonard St,5442,E 9 St & Avenue C,5616,40.71915571696044,-73.94885390996933,40.72521311,-73.97768752,member
2985366,583E1794506DCB0A,electric_bike,2021-09-03 19:04:47,2021-09-03 19:23:22,Manhattan Av & Leonard St,5442,E 2 St & 2 Ave,5593,40.72084,-73.94844,40.72502876,-73.99069656,member
2986535,2F2E58080CCC70C4,electric_bike,2021-09-07 15:25:42,2021-09-07 15:53:16,Manhattan Av & Leonard St,5442,E 47 St & 1 Ave,6498,40.72084,-73.94844,40.75206862,-73.96784384,member
2988341,45D47F0BF182533A,electric_bike,2021-09-28 11:09:09,2021-09-28 11:44:09,Bayard St & Leonard St,5442,Pier 40 - Hudson River Park,5696,40.71915571696044,-73.94885390996933,40.7277140777778,-74.01129573583603,member
2988353,13C6BADC4BB89422,electric_bike,2021-09-07 09:49:57,2021-09-07 11:03:08,Bayard St & Leonard St,5442,Riverside Dr & W 104 St,7623,40.71915571696044,-73.94885390996933,40.8013434,-73.9711457439,member
3001689,6A5E24C291D2327C,classic_bike,2021-09-14 01:07:53,2021-09-14 01:13:15,Manhattan Av & Leonard St,5442,Sharon St & Olive St,5323,40.72084,-73.94844,40.715353,-73.93856,member
3003054,C3D79CCA0F90D83A,electric_bike,2021-09-29 10:54:38,2021-09-29 11:09:25,Manhattan Av & Leonard St,5442,Flushing Ave & Woodward Ave,5225,40.72084,-73.94844,40.71246,-73.91873,member
3006571,B9635521CD438F53,classic_bike,2021-09-20 07:45:31,2021-09-20 07:52:46,Bayard St & Leonard St,5442,Sharon St & Olive St,5323,40.71915571696044,-73.94885390996933,40.715353,-73.93856,casual
3006649,55ACF633DB841F58,classic_bike,2021-09-30 19:37:53,2021-09-30 19:46:18,Bayard St & Leonard St,5442,Sharon St & Olive St,5323,40.71915571696044,-73.94885390996933,40.715353,-73.93856,member
3013842,8D5E7D5F700C9B9A,classic_bike,2021-09-12 12:13:47,2021-09-12 12:20:39,Bayard St & Leonard St,5442,Sharon St & Olive St,5323,40.71915571696044,-73.94885390996933,40.715353,-73.93856,member
3014806,059CF222226A6FD3,electric_bike,2021-09-08 17:38:46,2021-09-08 17:44:32,Bayard St & Leonard St,5442,Sharon St & Olive St,5323,40.71915571696044,-73.94885390996933,40.715353,-73.93856,casual
3017611,09A4A82B9A897702,classic_bike,2021-09-11 16:17:36,2021-09-11 16:24:33,Bayard St & Leonard St,5442,Sharon St & Olive St,5323,40.71915571696044,-73.94885390996933,40.715353,-73.93856,member
3017621,0B489CAC374EF8DC,classic_bike,2021-09-04 18:05:55,2021-09-04 18:10:57,Bayard St & Leonard St,5442,Sharon St & Olive St,5323,40.71915571696044,-73.94885390996933,40.715353,-73.93856,member
3018633,8552D18562D9830C,classic_bike,2021-09-25 15:24:51,2021-09-25 15:51:57,Manhattan Av & Leonard St,5442,W 20 St & 10 Ave,6306,40.72084,-73.94844,40.745686,-74.005141,member
3020331,BB0AF0924A4F51A8,classic_bike,2021-09-18 00:55:20,2021-09-18 01:02:38,Manhattan Av & Leonard St,5442,Sharon St & Olive St,5323,40.72084,-73.94844,40.715353,-73.93856,casual
3039113,1EA9CD95639853CF,classic_bike,2021-09-21 18:27:48,2021-09-21 19:07:07,Bayard St & Leonard St,5442,Vesey St & Church St,5216,40.71915571696044,-73.94885390996933,40.71221958009051,-74.01047229766846,casual
3039187,083EE950D9561340,electric_bike,2021-09-14 19:12:44,2021-09-14 19:33:51,Bayard St & Leonard St,5442,Vesey St & Church St,5216,40.71915571696044,-73.94885390996933,40.71221958009051,-74.01047229766846,casual
3039223,76148AE2C0C5DD8B,electric_bike,2021-09-14 17:28:29,2021-09-14 18:06:22,Bayard St & Leonard St,5442,3 Ave & Schermerhorn St,4437,40.71915571696044,-73.94885390996933,40.68683208,-73.9796772,casual
3039226,0ECDDEC67B0823FD,classic_bike,2021-09-13 19:04:27,2021-09-13 19:39:36,Bayard St & Leonard St,5442,Vesey St & Church St,5216,40.71915571696044,-73.94885390996933,40.71221958009051,-74.01047229766846,casual
3052935,BD37643DAF6DBFB9,classic_bike,2021-09-28 18:51:04,2021-09-28 19:21:18,Bayard St & Leonard St,5442,Vesey St & Church St,5216,40.71915571696044,-73.94885390996933,40.71221958009051,-74.01047229766846,member
3055219,4F28307B472AD15C,electric_bike,2021-09-25 12:03:24,2021-09-25 13:09:06,Bayard St & Leonard St,5442,E 102 St & 1 Ave,7407,40.71915571696044,-73.94885390996933,40.7869946,-73.94164802,casual
3055220,12D967842A6A2D21,classic_bike,2021-09-03 17:49:45,2021-09-03 18:24:59,Bayard St & Leonard St,5442,3 Ave & Schermerhorn St,4437,40.71915571696044,-73.94885390996933,40.68683208,-73.9796772,casual
3068713,580CE8C5DAFE9DAC,classic_bike,2021-09-03 10:07:47,2021-09-03 10:15:24,Manhattan Av & Leonard St,5442,Driggs Ave & N 9 St,5411,40.72084,-73.94844,40.71816969454208,-73.95520135760307,member
3068714,701CE7351E4D51F8,classic_bike,2021-09-04 11:11:58,2021-09-04 11:18:08,Manhattan Av & Leonard St,5442,Driggs Ave & N 9 St,5411,40.72084,-73.94844,40.71816969454208,-73.95520135760307,member
3068718,D7D166D5CC581821,classic_bike,2021-09-28 20:44:58,2021-09-28 20:48:44,Manhattan Av & Leonard St,5442,Driggs Ave & N 9 St,5411,40.72084,-73.94844,40.71816969454208,-73.95520135760307,member
3068727,CF535C0A5208C74A,classic_bike,2021-09-16 15:39:44,2021-09-16 15:59:22,Manhattan Av & Leonard St,5442,Driggs Ave & N 9 St,5411,40.72084,-73.94844,40.71816969454208,-73.95520135760307,casual
3068729,439C93021F270408,classic_bike,2021-09-05 11:32:51,2021-09-05 11:37:47,Manhattan Av & Leonard St,5442,Driggs Ave & N 9 St,5411,40.72084,-73.94844,40.71816969454208,-73.95520135760307,member
3068730,293EEBD2ADCD711E,classic_bike,2021-09-09 08:00:36,2021-09-09 08:03:28,Manhattan Av & Leonard St,5442,Driggs Ave & N 9 St,5411,40.72084,-73.94844,40.71816969454208,-73.95520135760307,member
3068731,5BAE63CA67377D8E,classic_bike,2021-09-12 14:03:41,2021-09-12 14:20:11,Manhattan Av & Leonard St,5442,Driggs Ave & N 9 St,5411,40.72084,-73.94844,40.71816969454208,-73.95520135760307,member
3068733,61283843CC281CDB,classic_bike,2021-09-11 01:51:31,2021-09-11 02:23:44,Manhattan Av & Leonard St,5442,34 Ave & 38 St,6638,40.72084,-73.94844,40.756913,-73.921631,member
3068734,0328E6B3BFEAB11F,classic_bike,2021-09-27 08:45:45,2021-09-27 08:48:19,Manhattan Av & Leonard St,5442,Driggs Ave & N 9 St,5411,40.72084,-73.94844,40.71816969454208,-73.95520135760307,member
3068735,4619956D6A30D1ED,classic_bike,2021-09-03 14:08:22,2021-09-03 14:14:19,Manhattan Av & Leonard St,5442,Driggs Ave & N 9 St,5411,40.72084,-73.94844,40.71816969454208,-73.95520135760307,member
3068736,83735319279093FF,classic_bike,2021-09-28 15:48:55,2021-09-28 15:51:31,Manhattan Av & Leonard St,5442,Driggs Ave & N 9 St,5411,40.72084,-73.94844,40.71816969454208,-73.95520135760307,member
3068739,F625C10084BC3288,classic_bike,2021-09-18 14:49:46,2021-09-18 16:10:59,Manhattan Av & Leonard St,5442,Devoe St & Lorimer St,5259,40.72084,-73.94844,40.71335226222875,-73.9491033554077,member
3068742,A8C1A87558252C97,classic_bike,2021-09-14 13:02:55,2021-09-14 13:06:05,Manhattan Av & Leonard St,5442,Driggs Ave & N 9 St,5411,40.72084,-73.94844,40.71816969454208,-73.95520135760307,casual
3068748,899A09EE52AA806D,classic_bike,2021-09-12 18:14:38,2021-09-12 18:18:48,Manhattan Av & Leonard St,5442,Driggs Ave & N 9 St,5411,40.72084,-73.94844,40.71816969454208,-73.95520135760307,casual
3068749,D33545E7A9495B4A,classic_bike,2021-09-03 18:51:11,2021-09-03 18:55:17,Manhattan Av & Leonard St,5442,Driggs Ave & N 9 St,5411,40.72084,-73.94844,40.71816969454208,-73.95520135760307,casual
3068751,2DF5288978D31758,classic_bike,2021-09-23 12:47:00,2021-09-23 12:52:15,Manhattan Av & Leonard St,5442,Devoe St & Lorimer St,5259,40.72084,-73.94844,40.71335226222875,-73.9491033554077,member
3068752,72318699B1160693,classic_bike,2021-09-28 20:01:37,2021-09-28 20:06:03,Manhattan Av & Leonard St,5442,Driggs Ave & N 9 St,5411,40.72084,-73.94844,40.71816969454208,-73.95520135760307,member
3068757,231ED55870B4EA50,classic_bike,2021-09-09 16:13:47,2021-09-09 16:17:01,Manhattan Av & Leonard St,5442,Driggs Ave & N 9 St,5411,40.72084,-73.94844,40.71816969454208,-73.95520135760307,member
3069245,19FEFE0D021D954E,classic_bike,2021-09-12 08:12:14,2021-09-12 08:16:03,Manhattan Av & Leonard St,5442,Driggs Ave & N 9 St,5411,40.72084,-73.94844,40.71816969454208,-73.95520135760307,member
3069246,5F3EF608A43C3A07,classic_bike,2021-09-14 07:51:29,2021-09-14 07:55:53,Manhattan Av & Leonard St,5442,Driggs Ave & N 9 St,5411,40.72084,-73.94844,40.71816969454208,-73.95520135760307,member
3069247,69DFE271E608C2A4,classic_bike,2021-09-13 22:52:23,2021-09-13 22:57:10,Manhattan Av & Leonard St,5442,Driggs Ave & N 9 St,5411,40.72084,-73.94844,40.71816969454208,-73.95520135760307,member
3069248,8B029AA2D83DC5D1,classic_bike,2021-09-14 18:32:22,2021-09-14 18:39:57,Manhattan Av & Leonard St,5442,Devoe St & Lorimer St,5259,40.72084,-73.94844,40.71335226222875,-73.9491033554077,member
3069249,69B1D09E657E4D1A,classic_bike,2021-09-11 12:32:27,2021-09-11 12:36:39,Manhattan Av & Leonard St,5442,Driggs Ave & N 9 St,5411,40.72084,-73.94844,40.71816969454208,-73.95520135760307,member
3069250,55044D48FA2A6EF6,classic_bike,2021-09-13 17:00:50,2021-09-13 17:06:00,Manhattan Av & Leonard St,5442,Driggs Ave & N 9 St,5411,40.72084,-73.94844,40.71816969454208,-73.95520135760307,member
3069251,E4E0799DD96DEF27,classic_bike,2021-09-10 16:31:01,2021-09-10 16:34:21,Manhattan Av & Leonard St,5442,Driggs Ave & N 9 St,5411,40.72084,-73.94844,40.71816969454208,-73.95520135760307,member
3069269,C0353C2269BF822B,classic_bike,2021-09-07 15:11:50,2021-09-07 15:17:10,Manhattan Av & Leonard St,5442,Devoe St & Lorimer St,5259,40.72084,-73.94844,40.71335226222875,-73.9491033554077,casual
3069270,0C98293FF84A2575,classic_bike,2021-09-20 14:24:57,2021-09-20 14:29:38,Manhattan Av & Leonard St,5442,Driggs Ave & N 9 St,5411,40.72084,-73.94844,40.71816969454208,-73.95520135760307,member
3069275,8DFC20CA19E10E63,classic_bike,2021-09-28 09:43:32,2021-09-28 09:48:05,Manhattan Av & Leonard St,5442,Driggs Ave & N 9 St,5411,40.72084,-73.94844,40.71816969454208,-73.95520135760307,member
3070320,202F7578CB5F873F,classic_bike,2021-09-22 19:19:57,2021-09-22 19:26:58,Manhattan Av & Leonard St,5442,Devoe St & Lorimer St,5259,40.72084,-73.94844,40.71335226222875,-73.9491033554077,member
3072048,23001C1EDB85D008,classic_bike,2021-09-20 09:52:01,2021-09-20 09:54:15,Bayard St & Leonard St,5442,Driggs Ave & N 9 St,5411,40.71915571696044,-73.94885390996933,40.71816969454208,-73.95520135760307,member
3072055,CBC6F940F25C4763,classic_bike,2021-09-14 09:12:56,2021-09-14 09:16:49,Bayard St & Leonard St,5442,Devoe St & Lorimer St,5259,40.71915571696044,-73.94885390996933,40.71335226222875,-73.9491033554077,member
3072061,7A6171C9FD33CC7A,electric_bike,2021-09-06 19:13:45,2021-09-06 19:23:37,Bayard St & Leonard St,5442,Devoe St & Lorimer St,5259,40.71915571696044,-73.94885390996933,40.71335226222875,-73.9491033554077,casual
3072064,349F1EEB9D539810,classic_bike,2021-09-02 18:43:49,2021-09-02 18:49:56,Bayard St & Leonard St,5442,Devoe St & Lorimer St,5259,40.71915571696044,-73.94885390996933,40.71335226222875,-73.9491033554077,member
3072066,EDBADA838F7952D5,classic_bike,2021-09-19 10:15:02,2021-09-19 10:17:49,Bayard St & Leonard St,5442,Driggs Ave & N 9 St,5411,40.71915571696044,-73.94885390996933,40.71816969454208,-73.95520135760307,member
3072067,0B40375AAADF41C3,classic_bike,2021-09-26 13:10:49,2021-09-26 13:14:29,Bayard St & Leonard St,5442,Devoe St & Lorimer St,5259,40.71915571696044,-73.94885390996933,40.71335226222875,-73.9491033554077,member
3072068,F6B130B65C94592A,classic_bike,2021-09-26 18:20:16,2021-09-26 18:25:05,Bayard St & Leonard St,5442,Devoe St & Lorimer St,5259,40.71915571696044,-73.94885390996933,40.71335226222875,-73.9491033554077,member
3072069,488E2B9C7E989568,classic_bike,2021-09-26 14:45:35,2021-09-26 14:50:26,Bayard St & Leonard St,5442,Devoe St & Lorimer St,5259,40.71915571696044,-73.94885390996933,40.71335226222875,-73.9491033554077,member
3072070,5A2CF59EA6510C44,classic_bike,2021-09-03 09:43:41,2021-09-03 09:46:19,Bayard St & Leonard St,5442,Driggs Ave & N 9 St,5411,40.71915571696044,-73.94885390996933,40.71816969454208,-73.95520135760307,member
3072071,A76E72D88C3D7076,classic_bike,2021-09-22 09:06:00,2021-09-22 09:08:22,Bayard St & Leonard St,5442,Driggs Ave & N 9 St,5411,40.71915571696044,-73.94885390996933,40.71816969454208,-73.95520135760307,member
3072073,B95CDE5197922FA0,classic_bike,2021-09-03 09:10:58,2021-09-03 09:13:23,Bayard St & Leonard St,5442,Driggs Ave & N 9 St,5411,40.71915571696044,-73.94885390996933,40.71816969454208,-73.95520135760307,member
3072079,9A77CD65C38B9CDA,classic_bike,2021-09-21 09:43:10,2021-09-21 09:46:56,Bayard St & Leonard St,5442,Devoe St & Lorimer St,5259,40.71915571696044,-73.94885390996933,40.71335226222875,-73.9491033554077,member
3072087,5BA24F4828D71AFA,classic_bike,2021-09-26 19:09:00,2021-09-26 19:13:38,Bayard St & Leonard St,5442,Devoe St & Lorimer St,5259,40.71915571696044,-73.94885390996933,40.71335226222875,-73.9491033554077,member
3072088,4019361FCD5BFD80,classic_bike,2021-09-24 10:43:39,2021-09-24 10:46:12,Bayard St & Leonard St,5442,Driggs Ave & N 9 St,5411,40.71915571696044,-73.94885390996933,40.71816969454208,-73.95520135760307,member
3072089,A982FEA77A156411,classic_bike,2021-09-05 11:11:40,2021-09-05 11:14:05,Bayard St & Leonard St,5442,Driggs Ave & N 9 St,5411,40.71915571696044,-73.94885390996933,40.71816969454208,-73.95520135760307,member
3072091,BC3793ADB738F121,classic_bike,2021-09-23 09:29:22,2021-09-23 09:31:57,Bayard St & Leonard St,5442,Driggs Ave & N 9 St,5411,40.71915571696044,-73.94885390996933,40.71816969454208,-73.95520135760307,member
3072100,D035963C4B05D225,classic_bike,2021-09-04 14:01:49,2021-09-04 14:06:34,Bayard St & Leonard St,5442,Devoe St & Lorimer St,5259,40.71915571696044,-73.94885390996933,40.71335226222875,-73.9491033554077,member
3072104,33ED631904CBC92A,classic_bike,2021-09-21 17:14:38,2021-09-21 17:16:58,Bayard St & Leonard St,5442,Driggs Ave & N 9 St,5411,40.71915571696044,-73.94885390996933,40.71816969454208,-73.95520135760307,member
3072115,580941322E38F68D,classic_bike,2021-09-27 13:20:07,2021-09-27 13:42:02,Bayard St & Leonard St,5442,Fulton St & Waverly Ave,4345,40.71915571696044,-73.94885390996933,40.68323865460341,-73.96599590778351,member
3072120,BFB596F5B49CE8EA,classic_bike,2021-09-10 13:55:23,2021-09-10 14:02:35,Bayard St & Leonard St,5442,Devoe St & Lorimer St,5259,40.71915571696044,-73.94885390996933,40.71335226222875,-73.9491033554077,member
3072125,DDD7B4E5CBC40093,classic_bike,2021-09-06 17:15:55,2021-09-06 17:27:12,Bayard St & Leonard St,5442,Driggs Ave & N 9 St,5411,40.71915571696044,-73.94885390996933,40.71816969454208,-73.95520135760307,casual
3072126,3ADFDC17EC5B80F0,classic_bike,2021-09-12 18:35:19,2021-09-12 18:40:26,Bayard St & Leonard St,5442,Devoe St & Lorimer St,5259,40.71915571696044,-73.94885390996933,40.71335226222875,-73.9491033554077,member
3072127,648A7EB275D4E536,classic_bike,2021-09-03 09:54:41,2021-09-03 09:57:40,Bayard St & Leonard St,5442,Driggs Ave & N 9 St,5411,40.71915571696044,-73.94885390996933,40.71816969454208,-73.95520135760307,member
3072128,4A889CC243E439F9,classic_bike,2021-09-03 14:44:17,2021-09-03 14:47:09,Bayard St & Leonard St,5442,Driggs Ave & N 9 St,5411,40.71915571696044,-73.94885390996933,40.71816969454208,-73.95520135760307,member
3072129,803B31ED867B7DBA,classic_bike,2021-09-03 17:01:46,2021-09-03 17:04:18,Bayard St & Leonard St,5442,Driggs Ave & N 9 St,5411,40.71915571696044,-73.94885390996933,40.71816969454208,-73.95520135760307,member
3072131,970D18B8E7D95A6C,classic_bike,2021-09-02 07:22:37,2021-09-02 07:25:48,Bayard St & Leonard St,5442,Driggs Ave & N 9 St,5411,40.71915571696044,-73.94885390996933,40.71816969454208,-73.95520135760307,member
3072150,88E646D4B26633A5,classic_bike,2021-09-02 09:12:03,2021-09-02 09:14:06,Bayard St & Leonard St,5442,Driggs Ave & N 9 St,5411,40.71915571696044,-73.94885390996933,40.71816969454208,-73.95520135760307,member
3072160,4A39227712EFFE3D,classic_bike,2021-09-04 07:17:45,2021-09-04 07:21:08,Bayard St & Leonard St,5442,Devoe St & Lorimer St,5259,40.71915571696044,-73.94885390996933,40.71335226222875,-73.9491033554077,member
3072162,0413EC39B60D0C3E,classic_bike,2021-09-16 10:30:23,2021-09-16 10:34:55,Bayard St & Leonard St,5442,Devoe St & Lorimer St,5259,40.71915571696044,-73.94885390996933,40.71335226222875,-73.9491033554077,member
3072174,289BA3B2066E5C19,classic_bike,2021-09-04 09:05:27,2021-09-04 09:09:02,Bayard St & Leonard St,5442,Devoe St & Lorimer St,5259,40.71915571696044,-73.94885390996933,40.71335226222875,-73.9491033554077,casual
3072176,AAD7D53500B1F787,classic_bike,2021-09-05 19:24:07,2021-09-05 19:28:28,Bayard St & Leonard St,5442,Devoe St & Lorimer St,5259,40.71915571696044,-73.94885390996933,40.71335226222875,-73.9491033554077,member
3072177,26A1D2EE6960C1A1,classic_bike,2021-09-05 07:00:00,2021-09-05 07:06:43,Bayard St & Leonard St,5442,Devoe St & Lorimer St,5259,40.71915571696044,-73.94885390996933,40.71335226222875,-73.9491033554077,member
3072182,079DAB8BDE81BA61,classic_bike,2021-09-29 17:43:46,2021-09-29 17:45:51,Bayard St & Leonard St,5442,Driggs Ave & N 9 St,5411,40.71915571696044,-73.94885390996933,40.71816969454208,-73.95520135760307,member
3072187,074E33CDEE9F0187,classic_bike,2021-09-12 11:04:41,2021-09-12 11:07:44,Bayard St & Leonard St,5442,Driggs Ave & N 9 St,5411,40.71915571696044,-73.94885390996933,40.71816969454208,-73.95520135760307,member
3072188,AD9289C553156DB2,classic_bike,2021-09-27 15:19:02,2021-09-27 15:23:32,Bayard St & Leonard St,5442,Devoe St & Lorimer St,5259,40.71915571696044,-73.94885390996933,40.71335226222875,-73.9491033554077,member
3072210,330A84653524E6FB,classic_bike,2021-09-28 07:21:59,2021-09-28 07:25:29,Bayard St & Leonard St,5442,Devoe St & Lorimer St,5259,40.71915571696044,-73.94885390996933,40.71335226222875,-73.9491033554077,member
3072596,07C763724E8F9CE9,classic_bike,2021-09-03 14:04:02,2021-09-03 14:07:39,Manhattan Av & Leonard St,5442,Driggs Ave & N 9 St,5411,40.72084,-73.94844,40.71816969454208,-73.95520135760307,casual
3072609,061744424DA74A83,classic_bike,2021-09-11 07:01:23,2021-09-11 07:04:45,Manhattan Av & Leonard St,5442,Driggs Ave & N 9 St,5411,40.72084,-73.94844,40.71816969454208,-73.95520135760307,member
3072610,2B894A5107D603B5,classic_bike,2021-09-30 14:33:24,2021-09-30 14:37:55,Manhattan Av & Leonard St,5442,Driggs Ave & N 9 St,5411,40.72084,-73.94844,40.71816969454208,-73.95520135760307,member
3072612,8C28925D2B613562,classic_bike,2021-09-18 13:01:52,2021-09-18 13:05:30,Manhattan Av & Leonard St,5442,Driggs Ave & N 9 St,5411,40.72084,-73.94844,40.71816969454208,-73.95520135760307,member
3072630,99D4C2E05E733249,classic_bike,2021-09-05 15:10:22,2021-09-05 15:17:52,Manhattan Av & Leonard St,5442,Driggs Ave & N 9 St,5411,40.72084,-73.94844,40.71816969454208,-73.95520135760307,casual
3072631,A707D4FB7C396083,classic_bike,2021-09-29 18:16:52,2021-09-29 18:25:01,Manhattan Av & Leonard St,5442,Driggs Ave & N 9 St,5411,40.72084,-73.94844,40.71816969454208,-73.95520135760307,member
3072632,4849F8B28D13414B,classic_bike,2021-09-05 15:58:20,2021-09-05 16:01:23,Manhattan Av & Leonard St,5442,Driggs Ave & N 9 St,5411,40.72084,-73.94844,40.71816969454208,-73.95520135760307,member
3072634,BD152C06172EB57F,classic_bike,2021-09-16 15:56:23,2021-09-16 16:01:06,Manhattan Av & Leonard St,5442,Devoe St & Lorimer St,5259,40.72084,-73.94844,40.71335226222875,-73.9491033554077,member
3072636,E09FE791D5DCBAC0,classic_bike,2021-09-14 07:35:27,2021-09-14 07:40:39,Manhattan Av & Leonard St,5442,Devoe St & Lorimer St,5259,40.72084,-73.94844,40.71335226222875,-73.9491033554077,member
3072637,B57800610D8F90F7,classic_bike,2021-09-05 02:02:34,2021-09-05 02:32:15,Manhattan Av & Leonard St,5442,34 Ave & 38 St,6638,40.72084,-73.94844,40.756913,-73.921631,member
3072639,DD2192224EB85A70,classic_bike,2021-09-30 08:31:58,2021-09-30 08:35:57,Manhattan Av & Leonard St,5442,Driggs Ave & N 9 St,5411,40.72084,-73.94844,40.71816969454208,-73.95520135760307,member
3072642,660EFAA31EDD6A7C,classic_bike,2021-09-03 11:41:24,2021-09-03 11:50:00,Manhattan Av & Leonard St,5442,Devoe St & Lorimer St,5259,40.72084,-73.94844,40.71335226222875,-73.9491033554077,member
3074038,974035C238729852,classic_bike,2021-09-29 14:17:17,2021-09-29 14:20:45,Manhattan Av & Leonard St,5442,Driggs Ave & N 9 St,5411,40.72084,-73.94844,40.71816969454208,-73.95520135760307,member
3074052,4697D60898A03C21,classic_bike,2021-09-26 14:22:12,2021-09-26 14:26:11,Manhattan Av & Leonard St,5442,Driggs Ave & N 9 St,5411,40.72084,-73.94844,40.71816969454208,-73.95520135760307,member
3074073,6F571D177065C8A7,classic_bike,2021-09-26 20:10:44,2021-09-26 20:13:59,Manhattan Av & Leonard St,5442,Driggs Ave & N 9 St,5411,40.72084,-73.94844,40.71816969454208,-73.95520135760307,member
3074074,F8DC7AA0006BC79E,classic_bike,2021-09-22 19:31:03,2021-09-22 19:37:05,Manhattan Av & Leonard St,5442,Devoe St & Lorimer St,5259,40.72084,-73.94844,40.71335226222875,-73.9491033554077,casual
3074718,F939C705665682C9,classic_bike,2021-09-21 08:54:25,2021-09-21 09:10:52,Bayard St & Leonard St,5442,Devoe St & Lorimer St,5259,40.71915571696044,-73.94885390996933,40.71335226222875,-73.9491033554077,member
3074720,9ED2EFFC23DF5898,classic_bike,2021-09-13 07:13:29,2021-09-13 07:18:28,Bayard St & Leonard St,5442,Devoe St & Lorimer St,5259,40.71915571696044,-73.94885390996933,40.71335226222875,-73.9491033554077,member
3074728,FB6FA63E5D091D28,classic_bike,2021-09-28 14:06:47,2021-09-28 14:11:34,Bayard St & Leonard St,5442,Driggs Ave & N 9 St,5411,40.71915571696044,-73.94885390996933,40.71816969454208,-73.95520135760307,casual
3074733,661C19C0468BDF6C,classic_bike,2021-09-22 13:17:35,2021-09-22 13:20:06,Bayard St & Leonard St,5442,Driggs Ave & N 9 St,5411,40.71915571696044,-73.94885390996933,40.71816969454208,-73.95520135760307,member
3074734,C95D25BAC7C62D9D,classic_bike,2021-09-18 16:59:28,2021-09-18 17:02:08,Bayard St & Leonard St,5442,Driggs Ave & N 9 St,5411,40.71915571696044,-73.94885390996933,40.71816969454208,-73.95520135760307,member
3074735,A699899F7E995E17,classic_bike,2021-09-13 08:35:03,2021-09-13 08:37:49,Bayard St & Leonard St,5442,Driggs Ave & N 9 St,5411,40.71915571696044,-73.94885390996933,40.71816969454208,-73.95520135760307,member
3074736,A870DA8F96C4DEA2,classic_bike,2021-09-29 08:20:56,2021-09-29 08:24:01,Bayard St & Leonard St,5442,Driggs Ave & N 9 St,5411,40.71915571696044,-73.94885390996933,40.71816969454208,-73.95520135760307,member
3074742,6D3D7B4C98D46B86,classic_bike,2021-09-28 08:44:07,2021-09-28 08:46:39,Bayard St & Leonard St,5442,Driggs Ave & N 9 St,5411,40.71915571696044,-73.94885390996933,40.71816969454208,-73.95520135760307,member
3074750,FC1AC93000A7D0E1,electric_bike,2021-09-08 09:12:16,2021-09-08 09:14:18,Bayard St & Leonard St,5442,Driggs Ave & N 9 St,5411,40.71915571696044,-73.94885390996933,40.71816969454208,-73.95520135760307,member
3074756,4A9DA726EA8EC39E,classic_bike,2021-09-25 01:04:42,2021-09-25 01:21:07,Bayard St & Leonard St,5442,Devoe St & Lorimer St,5259,40.71915571696044,-73.94885390996933,40.71335226222875,-73.9491033554077,casual
3074766,6AC7CE9E27CFD417,classic_bike,2021-09-03 10:21:05,2021-09-03 10:23:48,Bayard St & Leonard St,5442,Driggs Ave & N 9 St,5411,40.71915571696044,-73.94885390996933,40.71816969454208,-73.95520135760307,member
3074775,59584F217A795A81,classic_bike,2021-09-04 16:29:32,2021-09-04 16:32:23,Bayard St & Leonard St,5442,Driggs Ave & N 9 St,5411,40.71915571696044,-73.94885390996933,40.71816969454208,-73.95520135760307,member
3076776,ACAB51CA08DC7C93,classic_bike,2021-09-21 07:51:09,2021-09-21 07:55:17,Manhattan Av & Leonard St,5442,Devoe St & Lorimer St,5259,40.72084,-73.94844,40.71335226222875,-73.9491033554077,member
3076777,A0BEAAF77441EA88,classic_bike,2021-09-13 07:21:36,2021-09-13 07:27:30,Manhattan Av & Leonard St,5442,Devoe St & Lorimer St,5259,40.72084,-73.94844,40.71335226222875,-73.9491033554077,member
3076779,082CD3F36BB63B87,classic_bike,2021-09-06 12:44:03,2021-09-06 12:48:04,Manhattan Av & Leonard St,5442,Driggs Ave & N 9 St,5411,40.72084,-73.94844,40.71816969454208,-73.95520135760307,member
3076782,FB4B6B886ABF2858,classic_bike,2021-09-12 11:41:00,2021-09-12 11:47:52,Manhattan Av & Leonard St,5442,Devoe St & Lorimer St,5259,40.72084,-73.94844,40.71335226222875,-73.9491033554077,member
3076788,8A638A45CD0BE13F,classic_bike,2021-09-13 11:30:56,2021-09-13 11:34:38,Manhattan Av & Leonard St,5442,Driggs Ave & N 9 St,5411,40.72084,-73.94844,40.71816969454208,-73.95520135760307,member
3076794,27C0C6B2622BF314,classic_bike,2021-09-07 15:53:40,2021-09-07 15:57:00,Manhattan Av & Leonard St,5442,Driggs Ave & N 9 St,5411,40.72084,-73.94844,40.71816969454208,-73.95520135760307,member
3076795,DB4E45EA25696563,classic_bike,2021-09-02 17:59:42,2021-09-02 18:03:08,Manhattan Av & Leonard St,5442,Driggs Ave & N 9 St,5411,40.72084,-73.94844,40.71816969454208,-73.95520135760307,member
3076802,B704B484147E8C5C,classic_bike,2021-09-28 09:19:47,2021-09-28 09:23:43,Manhattan Av & Leonard St,5442,Driggs Ave & N 9 St,5411,40.72084,-73.94844,40.71816969454208,-73.95520135760307,member
3076807,523CB39B18BFFB07,classic_bike,2021-09-12 19:54:54,2021-09-12 19:58:46,Manhattan Av & Leonard St,5442,Driggs Ave & N 9 St,5411,40.72084,-73.94844,40.71816969454208,-73.95520135760307,member
3076808,B30CA625FDC1066B,classic_bike,2021-09-12 11:55:53,2021-09-12 11:59:37,Manhattan Av & Leonard St,5442,Driggs Ave & N 9 St,5411,40.72084,-73.94844,40.71816969454208,-73.95520135760307,member
3076809,679014741E7196EA,classic_bike,2021-09-17 07:45:30,2021-09-17 07:48:45,Manhattan Av & Leonard St,5442,Driggs Ave & N 9 St,5411,40.72084,-73.94844,40.71816969454208,-73.95520135760307,member
3076814,5A7CEA0923635099,classic_bike,2021-09-05 14:20:18,2021-09-05 14:24:22,Manhattan Av & Leonard St,5442,Driggs Ave & N 9 St,5411,40.72084,-73.94844,40.71816969454208,-73.95520135760307,member
3076816,0A147CF0E5677572,classic_bike,2021-09-30 19:38:48,2021-09-30 19:41:37,Manhattan Av & Leonard St,5442,Driggs Ave & N 9 St,5411,40.72084,-73.94844,40.71816969454208,-73.95520135760307,member
3076826,EEFD3A2EF3192791,classic_bike,2021-09-23 15:28:39,2021-09-23 15:31:26,Bayard St & Leonard St,5442,Driggs Ave & N 9 St,5411,40.71915571696044,-73.94885390996933,40.71816969454208,-73.95520135760307,member
3076827,CB611F95B3D59406,classic_bike,2021-09-07 17:15:32,2021-09-07 17:43:32,Bayard St & Leonard St,5442,Driggs Ave & N 9 St,5411,40.71915571696044,-73.94885390996933,40.71816969454208,-73.95520135760307,member
3076842,D0B81BC888F1656F,classic_bike,2021-09-15 16:53:56,2021-09-15 16:56:58,Bayard St & Leonard St,5442,Driggs Ave & N 9 St,5411,40.71915571696044,-73.94885390996933,40.71816969454208,-73.95520135760307,member
3076904,8BC0EDCD97D69D26,classic_bike,2021-09-30 11:52:25,2021-09-30 11:56:29,Manhattan Av & Leonard St,5442,Driggs Ave & N 9 St,5411,40.72084,-73.94844,40.71816969454208,-73.95520135760307,member
3076923,B814852FD51BF4AE,classic_bike,2021-09-15 07:37:29,2021-09-15 07:43:11,Manhattan Av & Leonard St,5442,Devoe St & Lorimer St,5259,40.72084,-73.94844,40.71335226222875,-73.9491033554077,member
3076926,E38D3EEBADD3CFCF,classic_bike,2021-09-12 14:30:46,2021-09-12 14:34:57,Manhattan Av & Leonard St,5442,Driggs Ave & N 9 St,5411,40.72084,-73.94844,40.71816969454208,-73.95520135760307,member
3076929,51A152162CB7DDC1,classic_bike,2021-09-29 19:36:26,2021-09-29 19:41:16,Bayard St & Leonard St,5442,Devoe St & Lorimer St,5259,40.71915571696044,-73.94885390996933,40.71335226222875,-73.9491033554077,member
3076930,66978B6BB5C01017,classic_bike,2021-09-07 08:48:46,2021-09-07 08:51:24,Bayard St & Leonard St,5442,Driggs Ave & N 9 St,5411,40.71915571696044,-73.94885390996933,40.71816969454208,-73.95520135760307,member
3076931,8F6C0C48A579CF75,classic_bike,2021-09-06 16:09:37,2021-09-06 16:14:04,Bayard St & Leonard St,5442,Devoe St & Lorimer St,5259,40.71915571696044,-73.94885390996933,40.71335226222875,-73.9491033554077,member
3076935,A87136D4BC90D727,classic_bike,2021-09-30 21:10:14,2021-09-30 21:15:57,Bayard St & Leonard St,5442,Devoe St & Lorimer St,5259,40.71915571696044,-73.94885390996933,40.71335226222875,-73.9491033554077,casual
3076952,6D7D7CEFF62F8C00,classic_bike,2021-09-01 13:04:44,2021-09-01 13:08:33,Manhattan Av & Leonard St,5442,Driggs Ave & N 9 St,5411,40.72084,-73.94844,40.71816969454208,-73.95520135760307,member
3076953,4B2E0FDA1C61D196,classic_bike,2021-09-02 08:41:59,2021-09-02 08:45:00,Manhattan Av & Leonard St,5442,Driggs Ave & N 9 St,5411,40.72084,-73.94844,40.71816969454208,-73.95520135760307,member
3076954,87C7D5D3B2A19F3B,classic_bike,2021-09-02 09:35:16,2021-09-02 10:03:59,Manhattan Av & Leonard St,5442,Fulton St & Broadway,5175,40.72084,-73.94844,40.711066,-74.009447,member
3076956,25E22EFBF734E994,classic_bike,2021-09-20 08:12:42,2021-09-20 08:17:46,Manhattan Av & Leonard St,5442,Devoe St & Lorimer St,5259,40.72084,-73.94844,40.71335226222875,-73.9491033554077,member
3076968,6A44D4871FAE60E2,classic_bike,2021-09-14 15:06:16,2021-09-14 15:11:02,Bayard St & Leonard St,5442,Devoe St & Lorimer St,5259,40.71915571696044,-73.94885390996933,40.71335226222875,-73.9491033554077,member
3076969,2C90D47EE4AAC4D4,classic_bike,2021-09-03 10:34:43,2021-09-03 10:38:28,Bayard St & Leonard St,5442,Devoe St & Lorimer St,5259,40.71915571696044,-73.94885390996933,40.71335226222875,-73.9491033554077,member
3076970,2ECB266C46B9DBF7,classic_bike,2021-09-16 14:53:27,2021-09-16 14:58:10,Bayard St & Leonard St,5442,Driggs Ave & N 9 St,5411,40.71915571696044,-73.94885390996933,40.71816969454208,-73.95520135760307,member
3076971,D526B859DBF4AF84,classic_bike,2021-09-06 13:22:26,2021-09-06 13:26:37,Bayard St & Leonard St,5442,Devoe St & Lorimer St,5259,40.71915571696044,-73.94885390996933,40.71335226222875,-73.9491033554077,member
3076973,3B0EBD27C6036F72,classic_bike,2021-09-28 16:08:41,2021-09-28 16:12:59,Bayard St & Leonard St,5442,Devoe St & Lorimer St,5259,40.71915571696044,-73.94885390996933,40.71335226222875,-73.9491033554077,member
3076987,EEB2522B7BB51732,classic_bike,2021-09-08 20:45:35,2021-09-08 20:50:44,Manhattan Av & Leonard St,5442,Devoe St & Lorimer St,5259,40.72084,-73.94844,40.71335226222875,-73.9491033554077,casual
3076988,17422A97F385390A,classic_bike,2021-09-11 11:15:38,2021-09-11 11:19:15,Manhattan Av & Leonard St,5442,Driggs Ave & N 9 St,5411,40.72084,-73.94844,40.71816969454208,-73.95520135760307,member
3077024,8E48CE8CE6742499,classic_bike,2021-09-13 20:00:59,2021-09-13 20:04:07,Manhattan Av & Leonard St,5442,Devoe St & Lorimer St,5259,40.72084,-73.94844,40.71335226222875,-73.9491033554077,member
3077025,AEF108C2A4D0AF32,classic_bike,2021-09-06 11:20:55,2021-09-06 11:24:15,Manhattan Av & Leonard St,5442,Driggs Ave & N 9 St,5411,40.72084,-73.94844,40.71816969454208,-73.95520135760307,member
3077038,B387787657EFAE2B,classic_bike,2021-09-15 06:49:16,2021-09-15 06:53:17,Bayard St & Leonard St,5442,Devoe St & Lorimer St,5259,40.71915571696044,-73.94885390996933,40.71335226222875,-73.9491033554077,member
3077042,D390559412F84355,classic_bike,2021-09-10 15:45:32,2021-09-10 15:51:21,Bayard St & Leonard St,5442,Devoe St & Lorimer St,5259,40.71915571696044,-73.94885390996933,40.71335226222875,-73.9491033554077,member
3077052,FCC5C0688C2D9534,classic_bike,2021-09-02 17:47:47,2021-09-02 17:52:03,Manhattan Av & Leonard St,5442,Driggs Ave & N 9 St,5411,40.72084,-73.94844,40.71816969454208,-73.95520135760307,member
3079075,A92D141AA64F54F6,classic_bike,2021-09-19 08:32:24,2021-09-19 08:35:55,Bayard St & Leonard St,5442,Devoe St & Lorimer St,5259,40.71915571696044,-73.94885390996933,40.71335226222875,-73.9491033554077,member
3081138,E000958E97B0EFDB,classic_bike,2021-09-02 15:52:59,2021-09-02 15:56:16,Manhattan Av & Leonard St,5442,Driggs Ave & N 9 St,5411,40.72084,-73.94844,40.71816969454208,-73.95520135760307,member
3081142,0E988662D9676E59,classic_bike,2021-09-07 09:05:41,2021-09-07 09:08:44,Manhattan Av & Leonard St,5442,Driggs Ave & N 9 St,5411,40.72084,-73.94844,40.71816969454208,-73.95520135760307,member
3081143,F3DECE15CF083C9A,classic_bike,2021-09-07 12:36:52,2021-09-07 12:40:51,Manhattan Av & Leonard St,5442,Devoe St & Lorimer St,5259,40.72084,-73.94844,40.71335226222875,-73.9491033554077,member
3081144,16E386FE88C847EA,classic_bike,2021-09-15 09:39:59,2021-09-15 09:43:41,Manhattan Av & Leonard St,5442,Driggs Ave & N 9 St,5411,40.72084,-73.94844,40.71816969454208,-73.95520135760307,member
3081151,AE4ED60BB4E34AC5,classic_bike,2021-09-05 15:09:15,2021-09-05 15:18:00,Manhattan Av & Leonard St,5442,Driggs Ave & N 9 St,5411,40.72084,-73.94844,40.71816969454208,-73.95520135760307,casual
3083079,8FF69FF44DB0ABA8,classic_bike,2021-09-12 10:42:06,2021-09-12 10:46:19,Bayard St & Leonard St,5442,Devoe St & Lorimer St,5259,40.71915571696044,-73.94885390996933,40.71335226222875,-73.9491033554077,member
3083082,ED5FA7CC8EADDBB9,classic_bike,2021-09-16 08:37:58,2021-09-16 08:40:43,Bayard St & Leonard St,5442,Driggs Ave & N 9 St,5411,40.71915571696044,-73.94885390996933,40.71816969454208,-73.95520135760307,member
3083096,41F1DFDB8D47381A,classic_bike,2021-09-30 09:11:09,2021-09-30 09:13:24,Bayard St & Leonard St,5442,Driggs Ave & N 9 St,5411,40.71915571696044,-73.94885390996933,40.71816969454208,-73.95520135760307,member
3083100,5E236E0A41BA9F36,classic_bike,2021-09-11 11:54:05,2021-09-11 11:58:23,Bayard St & Leonard St,5442,Devoe St & Lorimer St,5259,40.71915571696044,-73.94885390996933,40.71335226222875,-73.9491033554077,member
3083101,A38D5140AE5CAFB4,classic_bike,2021-09-10 21:10:30,2021-09-10 21:15:01,Bayard St & Leonard St,5442,Devoe St & Lorimer St,5259,40.71915571696044,-73.94885390996933,40.71335226222875,-73.9491033554077,member
3083106,7E39DFE544DEBB4D,classic_bike,2021-09-22 07:55:26,2021-09-22 07:58:47,Bayard St & Leonard St,5442,Devoe St & Lorimer St,5259,40.71915571696044,-73.94885390996933,40.71335226222875,-73.9491033554077,member
3083111,DE796234FFF7F7A7,classic_bike,2021-09-09 18:59:45,2021-09-09 19:02:39,Bayard St & Leonard St,5442,Driggs Ave & N 9 St,5411,40.71915571696044,-73.94885390996933,40.71816969454208,-73.95520135760307,member
3083115,1E5F21B2220A0354,classic_bike,2021-09-27 09:14:12,2021-09-27 09:16:42,Bayard St & Leonard St,5442,Driggs Ave & N 9 St,5411,40.71915571696044,-73.94885390996933,40.71816969454208,-73.95520135760307,member
3083118,B13ABE01583A24F1,classic_bike,2021-09-30 21:09:52,2021-09-30 21:15:40,Bayard St & Leonard St,5442,Devoe St & Lorimer St,5259,40.71915571696044,-73.94885390996933,40.71335226222875,-73.9491033554077,casual
3083126,FFBCBDF88C4021ED,classic_bike,2021-09-08 14:58:47,2021-09-08 15:06:00,Bayard St & Leonard St,5442,Devoe St & Lorimer St,5259,40.71915571696044,-73.94885390996933,40.71335226222875,-73.9491033554077,member
3083128,C20BF088FED18999,classic_bike,2021-09-22 09:27:16,2021-09-22 09:31:06,Bayard St & Leonard St,5442,Devoe St & Lorimer St,5259,40.71915571696044,-73.94885390996933,40.71335226222875,-73.9491033554077,member
3083132,A3E67631392686E6,classic_bike,2021-09-13 13:43:17,2021-09-13 13:46:04,Bayard St & Leonard St,5442,Driggs Ave & N 9 St,5411,40.71915571696044,-73.94885390996933,40.71816969454208,-73.95520135760307,member
3083133,566813019ABAE5B0,classic_bike,2021-09-23 08:52:52,2021-09-23 08:55:14,Bayard St & Leonard St,5442,Driggs Ave & N 9 St,5411,40.71915571696044,-73.94885390996933,40.71816969454208,-73.95520135760307,member
3083140,8A94FF9899C3621B,classic_bike,2021-09-12 15:17:07,2021-09-12 15:22:08,Bayard St & Leonard St,5442,Devoe St & Lorimer St,5259,40.71915571696044,-73.94885390996933,40.71335226222875,-73.9491033554077,member
3083141,5F5B3B34FC1E4AFA,classic_bike,2021-09-11 20:56:32,2021-09-11 21:12:58,Bayard St & Leonard St,5442,Devoe St & Lorimer St,5259,40.71915571696044,-73.94885390996933,40.71335226222875,-73.9491033554077,member
3083142,8E1B42F3B7D8FD52,classic_bike,2021-09-12 06:40:35,2021-09-12 06:44:22,Bayard St & Leonard St,5442,Devoe St & Lorimer St,5259,40.71915571696044,-73.94885390996933,40.71335226222875,-73.9491033554077,member
3083143,45039D82EE9BE40A,classic_bike,2021-09-30 14:12:22,2021-09-30 14:15:41,Bayard St & Leonard St,5442,Driggs Ave & N 9 St,5411,40.71915571696044,-73.94885390996933,40.71816969454208,-73.95520135760307,member
3083149,F91B3CF784EC3CE4,classic_bike,2021-09-19 17:23:47,2021-09-19 17:26:10,Bayard St & Leonard St,5442,Driggs Ave & N 9 St,5411,40.71915571696044,-73.94885390996933,40.71816969454208,-73.95520135760307,member
3083162,EB3F927C0D807736,classic_bike,2021-09-02 10:37:39,2021-09-02 10:40:46,Bayard St & Leonard St,5442,Driggs Ave & N 9 St,5411,40.71915571696044,-73.94885390996933,40.71816969454208,-73.95520135760307,member
3083164,366C5ADA4E8BA712,classic_bike,2021-09-10 23:23:45,2021-09-10 23:29:30,Bayard St & Leonard St,5442,Devoe St & Lorimer St,5259,40.71915571696044,-73.94885390996933,40.71335226222875,-73.9491033554077,member
3083168,58CD1B7059390BAB,classic_bike,2021-09-25 11:56:35,2021-09-25 12:01:14,Bayard St & Leonard St,5442,Devoe St & Lorimer St,5259,40.71915571696044,-73.94885390996933,40.71335226222875,-73.9491033554077,member
3083169,DDCEC19C8368F2EC,classic_bike,2021-09-25 14:54:11,2021-09-25 14:58:26,Bayard St & Leonard St,5442,Devoe St & Lorimer St,5259,40.71915571696044,-73.94885390996933,40.71335226222875,-73.9491033554077,member
3083170,332153D65DB1B74F,classic_bike,2021-09-25 08:33:42,2021-09-25 08:38:34,Bayard St & Leonard St,5442,Devoe St & Lorimer St,5259,40.71915571696044,-73.94885390996933,40.71335226222875,-73.9491033554077,member
3083174,B227DC019CDF3E2E,classic_bike,2021-09-09 14:07:37,2021-09-09 14:11:50,Bayard St & Leonard St,5442,Devoe St & Lorimer St,5259,40.71915571696044,-73.94885390996933,40.71335226222875,-73.9491033554077,member
3083761,E3E3E6DEF5AEDEEE,classic_bike,2021-09-02 18:28:03,2021-09-02 18:31:18,Bayard St & Leonard St,5442,Driggs Ave & N 9 St,5411,40.71915571696044,-73.94885390996933,40.71816969454208,-73.95520135760307,member
3083770,7DC8F57F5009C59F,classic_bike,2021-09-26 13:19:09,2021-09-26 13:22:38,Bayard St & Leonard St,5442,Driggs Ave & N 9 St,5411,40.71915571696044,-73.94885390996933,40.71816969454208,-73.95520135760307,casual
3083821,2DBE034C6D551B2A,classic_bike,2021-09-07 09:46:05,2021-09-07 09:48:05,Bayard St & Leonard St,5442,Driggs Ave & N 9 St,5411,40.71915571696044,-73.94885390996933,40.71816969454208,-73.95520135760307,member
3083825,B6FAF07515E3D15A,classic_bike,2021-09-14 18:24:13,2021-09-14 18:53:12,Bayard St & Leonard St,5442,34 Ave & 38 St,6638,40.71915571696044,-73.94885390996933,40.756913,-73.921631,member
3083894,B8A3A24E3D2D54A8,classic_bike,2021-09-07 10:01:27,2021-09-07 10:04:06,Bayard St & Leonard St,5442,Driggs Ave & N 9 St,5411,40.71915571696044,-73.94885390996933,40.71816969454208,-73.95520135760307,member
3083956,C799B515A3EF6B67,classic_bike,2021-09-26 10:21:16,2021-09-26 10:24:28,Manhattan Av & Leonard St,5442,Driggs Ave & N 9 St,5411,40.72084,-73.94844,40.71816969454208,-73.95520135760307,member
3083957,6BC75DF61C54D49F,classic_bike,2021-09-17 18:00:00,2021-09-17 18:04:40,Manhattan Av & Leonard St,5442,Driggs Ave & N 9 St,5411,40.72084,-73.94844,40.71816969454208,-73.95520135760307,member
3092700,F1EB679EE29ECE39,classic_bike,2021-09-24 17:14:31,2021-09-24 17:33:24,Bayard St & Leonard St,5442,Mercer St & Spring St,5532,40.71915571696044,-73.94885390996933,40.72362738,-73.99949601,member
3092739,9CE0476793F87A40,electric_bike,2021-09-25 17:18:37,2021-09-25 18:21:55,Bayard St & Leonard St,5442,Frederick Douglass Blvd & W 117 St,7688,40.71915571696044,-73.94885390996933,40.805159,-73.954692,casual
3093716,7658B12CF4AD5448,electric_bike,2021-09-25 17:19:29,2021-09-25 18:21:49,Bayard St & Leonard St,5442,Frederick Douglass Blvd & W 117 St,7688,40.71915571696044,-73.94885390996933,40.805159,-73.954692,member
3111435,088BD23CB88A9935,electric_bike,2021-09-18 14:01:28,2021-09-18 14:22:47,Bayard St & Leonard St,5442,Wyckoff Av & Stanhope St,4931,40.71915571696044,-73.94885390996933,40.703545,-73.917775,member
3112233,631DF99C33FFFF63,classic_bike,2021-09-26 17:54:47,2021-09-26 18:22:11,Bayard St & Leonard St,5442,36 Ave & 31 St,6572,40.71915571696044,-73.94885390996933,40.75651272984955,-73.92957486212252,member
3117904,F3574480A859683D,electric_bike,2021-09-03 15:37:14,2021-09-03 16:12:02,Bayard St & Leonard St,5442,Sterling St & Bedford Ave,3665,40.71915571696044,-73.94885390996933,40.6627059,-73.9569115,casual
3117906,7CDDF1DB77F8252A,classic_bike,2021-09-12 19:32:19,2021-09-12 19:55:33,Bayard St & Leonard St,5442,Throop Ave & Myrtle Ave,4697,40.71915571696044,-73.94885390996933,40.69622937,-73.94371094,casual
3125670,B345F13EA7BE23BA,electric_bike,2021-09-07 20:30:20,2021-09-07 20:52:51,Bayard St & Leonard St,5442,Brooklyn Bridge Park - Pier 2,4756,40.71915571696044,-73.94885390996933,40.698458,-73.997178,casual
3125706,3B0DAFDDEFC27D0D,electric_bike,2021-09-06 16:31:58,2021-09-06 17:04:27,Bayard St & Leonard St,5442,W 16 St & The High Line,6233,40.71915571696044,-73.94885390996933,40.74334935,-74.00681753,member
3125708,ECF38B302F39C725,electric_bike,2021-09-22 21:28:38,2021-09-22 21:51:08,Bayard St & Leonard St,5442,Madison St & Woodward Ave,4954,40.71915571696044,-73.94885390996933,40.70408,-73.90408,member
3136181,F0D743B068913084,classic_bike,2021-09-04 23:16:05,2021-09-05 00:00:04,Bayard St & Leonard St,5442,Sterling St & Bedford Ave,3665,40.71915571696044,-73.94885390996933,40.6627059,-73.9569115,member
3136202,070C7F9811DC5234,electric_bike,2021-09-03 15:38:02,2021-09-03 16:12:12,Bayard St & Leonard St,5442,Sterling St & Bedford Ave,3665,40.71915571696044,-73.94885390996933,40.6627059,-73.9569115,casual
3145821,DA13D1FF551BA1A0,classic_bike,2021-09-11 17:30:34,2021-09-11 18:09:46,Manhattan Av & Leonard St,5442,Sterling St & Bedford Ave,3665,40.72084,-73.94844,40.6627059,-73.9569115,casual
3146959,0DA720A5318992DC,classic_bike,2021-09-28 18:12:30,2021-09-28 18:20:18,Bayard St & Leonard St,5442,Bushwick Ave & Powers St,5250,40.71915571696044,-73.94885390996933,40.71247661,-73.94100005,member
3146960,3AD76167F612D4C4,classic_bike,2021-09-29 18:12:34,2021-09-29 18:21:03,Bayard St & Leonard St,5442,Bushwick Ave & Powers St,5250,40.71915571696044,-73.94885390996933,40.71247661,-73.94100005,member
3146961,EBFB5717C346E3C8,classic_bike,2021-09-05 19:11:17,2021-09-05 19:18:38,Bayard St & Leonard St,5442,Bushwick Ave & Powers St,5250,40.71915571696044,-73.94885390996933,40.71247661,-73.94100005,member
3146962,443C1BC7FBC15A7B,classic_bike,2021-09-03 19:53:22,2021-09-03 20:01:18,Bayard St & Leonard St,5442,Bushwick Ave & Powers St,5250,40.71915571696044,-73.94885390996933,40.71247661,-73.94100005,member
3147107,DCCC695AA9254E9D,classic_bike,2021-09-19 12:38:11,2021-09-19 12:43:29,Manhattan Av & Leonard St,5442,Lorimer St & Calyer St,5709,40.72084,-73.94844,40.72795,-73.95414,member
3147109,53806C217100C690,classic_bike,2021-09-13 11:20:13,2021-09-13 11:26:01,Manhattan Av & Leonard St,5442,Lorimer St & Calyer St,5709,40.72084,-73.94844,40.72795,-73.95414,member
3150638,A3E605A5D2A24CFE,classic_bike,2021-09-19 15:12:50,2021-09-19 15:29:30,Manhattan Av & Leonard St,5442,Devoe St & Morgan Ave,5282,40.72084,-73.94844,40.713811,-73.93515,member
3151154,7520F0F6B15A8BED,classic_bike,2021-09-14 09:32:54,2021-09-14 09:41:47,Bayard St & Leonard St,5442,Bushwick Ave & Powers St,5250,40.71915571696044,-73.94885390996933,40.71247661,-73.94100005,member
3151155,4EB2BA77C3D45C09,classic_bike,2021-09-12 09:22:01,2021-09-12 09:29:46,Bayard St & Leonard St,5442,Bushwick Ave & Powers St,5250,40.71915571696044,-73.94885390996933,40.71247661,-73.94100005,member
3151164,8183CE66ED28B246,classic_bike,2021-09-10 20:02:16,2021-09-10 20:10:00,Bayard St & Leonard St,5442,Lorimer St & Calyer St,5709,40.71915571696044,-73.94885390996933,40.72795,-73.95414,casual
3151222,F3EF3F085ACC9E1A,classic_bike,2021-09-27 18:08:10,2021-09-27 18:16:04,Bayard St & Leonard St,5442,Bushwick Ave & Powers St,5250,40.71915571696044,-73.94885390996933,40.71247661,-73.94100005,member
3151226,316B42F14E2C53E2,classic_bike,2021-09-23 11:07:00,2021-09-23 11:13:52,Bayard St & Leonard St,5442,Bushwick Ave & Powers St,5250,40.71915571696044,-73.94885390996933,40.71247661,-73.94100005,member
3151229,9E4D01D66DA09F82,classic_bike,2021-09-20 08:13:35,2021-09-20 08:19:56,Bayard St & Leonard St,5442,Bushwick Ave & Powers St,5250,40.71915571696044,-73.94885390996933,40.71247661,-73.94100005,member
3151251,30D38313EE5D63FC,classic_bike,2021-09-22 06:13:19,2021-09-22 06:20:14,Bayard St & Leonard St,5442,Bushwick Ave & Powers St,5250,40.71915571696044,-73.94885390996933,40.71247661,-73.94100005,member
3151257,26F2BEFC82F9D726,classic_bike,2021-09-04 06:40:41,2021-09-04 06:48:45,Bayard St & Leonard St,5442,Devoe St & Morgan Ave,5282,40.71915571696044,-73.94885390996933,40.713811,-73.93515,casual
3151749,276888E52BDEDDC2,classic_bike,2021-09-20 20:38:19,2021-09-20 20:47:50,Bayard St & Leonard St,5442,Bushwick Ave & Powers St,5250,40.71915571696044,-73.94885390996933,40.71247661,-73.94100005,casual
3151767,149A3A30F964B511,classic_bike,2021-09-07 18:06:45,2021-09-07 18:16:41,Bayard St & Leonard St,5442,Bushwick Ave & Powers St,5250,40.71915571696044,-73.94885390996933,40.71247661,-73.94100005,member
3151768,1522A2E028911888,classic_bike,2021-09-14 18:16:27,2021-09-14 18:27:04,Bayard St & Leonard St,5442,Bushwick Ave & Powers St,5250,40.71915571696044,-73.94885390996933,40.71247661,-73.94100005,member
3151773,FEB11A3F6CDC9BB7,classic_bike,2021-09-02 11:32:29,2021-09-02 11:39:53,Bayard St & Leonard St,5442,Bushwick Ave & Powers St,5250,40.71915571696044,-73.94885390996933,40.71247661,-73.94100005,member
3151856,9AE37F320A34C03D,classic_bike,2021-09-09 18:34:51,2021-09-09 18:40:04,Manhattan Av & Leonard St,5442,Lorimer St & Calyer St,5709,40.72084,-73.94844,40.72795,-73.95414,member
3151857,E8A7BF077D0B2C3D,classic_bike,2021-09-16 17:09:44,2021-09-16 17:14:37,Manhattan Av & Leonard St,5442,Lorimer St & Calyer St,5709,40.72084,-73.94844,40.72795,-73.95414,member
3151858,D375FEB6BFE6A656,classic_bike,2021-09-01 16:13:45,2021-09-01 16:17:41,Manhattan Av & Leonard St,5442,Lorimer St & Calyer St,5709,40.72084,-73.94844,40.72795,-73.95414,member
3151884,746E0050D7C2FC99,classic_bike,2021-09-30 18:12:42,2021-09-30 18:18:42,Manhattan Av & Leonard St,5442,Lorimer St & Calyer St,5709,40.72084,-73.94844,40.72795,-73.95414,member
3152070,F7BF40C1E3EFDD1A,classic_bike,2021-09-08 07:35:43,2021-09-08 07:39:14,Manhattan Av & Leonard St,5442,Lorimer St & Calyer St,5709,40.72084,-73.94844,40.72795,-73.95414,member
3152071,BDAB41CD49300F05,classic_bike,2021-09-10 17:36:23,2021-09-10 17:41:01,Manhattan Av & Leonard St,5442,Lorimer St & Calyer St,5709,40.72084,-73.94844,40.72795,-73.95414,member
3159185,39CA7D4BA0E560A7,classic_bike,2021-09-29 13:11:58,2021-09-29 13:17:44,Manhattan Av & Leonard St,5442,Lorimer St & Calyer St,5709,40.72084,-73.94844,40.72795,-73.95414,member
3159186,5755027021BF5F3C,classic_bike,2021-09-15 07:54:43,2021-09-15 07:58:34,Manhattan Av & Leonard St,5442,Lorimer St & Calyer St,5709,40.72084,-73.94844,40.72795,-73.95414,member
3159200,745ADB6A56B0D3C1,classic_bike,2021-09-17 17:55:40,2021-09-17 18:00:40,Manhattan Av & Leonard St,5442,Lorimer St & Calyer St,5709,40.72084,-73.94844,40.72795,-73.95414,member
3159731,8726559FDF975148,classic_bike,2021-09-21 13:28:12,2021-09-21 13:33:29,Manhattan Av & Leonard St,5442,Lorimer St & Calyer St,5709,40.72084,-73.94844,40.72795,-73.95414,member
3159733,9B81F24AD3CC2F03,classic_bike,2021-09-29 07:37:46,2021-09-29 07:41:31,Manhattan Av & Leonard St,5442,Lorimer St & Calyer St,5709,40.72084,-73.94844,40.72795,-73.95414,casual
3159871,DE00061A35DDB6A9,classic_bike,2021-09-30 07:53:47,2021-09-30 07:57:38,Manhattan Av & Leonard St,5442,Lorimer St & Calyer St,5709,40.72084,-73.94844,40.72795,-73.95414,member
3159877,1F570CCD0A7F1EF3,classic_bike,2021-09-02 07:24:00,2021-09-02 07:30:07,Manhattan Av & Leonard St,5442,Lorimer St & Calyer St,5709,40.72084,-73.94844,40.72795,-73.95414,member
3172533,4CC8AFCAD6709EEF,classic_bike,2021-09-11 12:04:08,2021-09-11 12:22:36,Bayard St & Leonard St,5442,Bushwick Ave & Powers St,5250,40.71915571696044,-73.94885390996933,40.71247661,-73.94100005,member
3172536,4A0114CED1D80E68,classic_bike,2021-09-21 07:31:33,2021-09-21 07:37:28,Bayard St & Leonard St,5442,Bushwick Ave & Powers St,5250,40.71915571696044,-73.94885390996933,40.71247661,-73.94100005,member
3172538,5BDC67AA1C83D077,classic_bike,2021-09-22 13:31:33,2021-09-22 13:36:33,Bayard St & Leonard St,5442,Lorimer St & Calyer St,5709,40.71915571696044,-73.94885390996933,40.72795,-73.95414,member
3172540,E419C9FFCC9CD654,electric_bike,2021-09-11 08:36:17,2021-09-11 08:51:14,Bayard St & Leonard St,5442,Great Jones St,5636,40.71915571696044,-73.94885390996933,40.72743423,-73.99379025,member
3172542,1BA1B1A2AEB90ADC,classic_bike,2021-09-24 17:10:04,2021-09-24 17:18:01,Bayard St & Leonard St,5442,Bushwick Ave & Powers St,5250,40.71915571696044,-73.94885390996933,40.71247661,-73.94100005,member
3172545,63093EB1347DF4DC,classic_bike,2021-09-11 15:12:48,2021-09-11 15:22:33,Bayard St & Leonard St,5442,Devoe St & Morgan Ave,5282,40.71915571696044,-73.94885390996933,40.713811,-73.93515,casual
3172601,47A7746DC7306AED,classic_bike,2021-09-18 19:34:48,2021-09-18 19:43:45,Bayard St & Leonard St,5442,Lorimer St & Calyer St,5709,40.71915571696044,-73.94885390996933,40.72795,-73.95414,member
3172604,9A95EDC27CF9EF3C,classic_bike,2021-09-15 08:03:48,2021-09-15 08:11:29,Bayard St & Leonard St,5442,Bushwick Ave & Powers St,5250,40.71915571696044,-73.94885390996933,40.71247661,-73.94100005,member
3172608,9D4389E044277C1C,classic_bike,2021-09-14 08:27:02,2021-09-14 08:36:41,Bayard St & Leonard St,5442,Bushwick Ave & Powers St,5250,40.71915571696044,-73.94885390996933,40.71247661,-73.94100005,casual
3172610,78E7AB88CD98DFA2,classic_bike,2021-09-06 01:31:23,2021-09-06 01:38:01,Bayard St & Leonard St,5442,Lorimer St & Calyer St,5709,40.71915571696044,-73.94885390996933,40.72795,-73.95414,member
3172637,8CA78D32A96FC755,classic_bike,2021-09-14 17:52:37,2021-09-14 18:01:16,Bayard St & Leonard St,5442,Lorimer St & Calyer St,5709,40.71915571696044,-73.94885390996933,40.72795,-73.95414,member
3172641,6CDDC1DB9107693B,classic_bike,2021-09-27 23:35:10,2021-09-27 23:45:16,Bayard St & Leonard St,5442,Bushwick Ave & Powers St,5250,40.71915571696044,-73.94885390996933,40.71247661,-73.94100005,member
3172668,5D410D450F07EA2A,classic_bike,2021-09-24 14:50:04,2021-09-24 14:56:02,Bayard St & Leonard St,5442,Lorimer St & Calyer St,5709,40.71915571696044,-73.94885390996933,40.72795,-73.95414,member
3172676,1ECFD5FC2286A97A,classic_bike,2021-09-10 20:33:18,2021-09-10 20:45:56,Bayard St & Leonard St,5442,Bushwick Ave & Powers St,5250,40.71915571696044,-73.94885390996933,40.71247661,-73.94100005,member
3172687,DF5847E2AD4C75FE,classic_bike,2021-09-27 20:09:46,2021-09-27 20:17:47,Bayard St & Leonard St,5442,Bushwick Ave & Powers St,5250,40.71915571696044,-73.94885390996933,40.71247661,-73.94100005,member
3172708,00262C2E23699F96,classic_bike,2021-09-28 17:09:44,2021-09-28 17:14:43,Bayard St & Leonard St,5442,Lorimer St & Calyer St,5709,40.71915571696044,-73.94885390996933,40.72795,-73.95414,member
3172719,48400DDAC8314290,classic_bike,2021-09-15 02:51:50,2021-09-15 03:08:17,Bayard St & Leonard St,5442,Bushwick Ave & Powers St,5250,40.71915571696044,-73.94885390996933,40.71247661,-73.94100005,member
3172732,7353BFD0354B9256,classic_bike,2021-09-08 10:41:45,2021-09-08 10:48:38,Bayard St & Leonard St,5442,Lorimer St & Calyer St,5709,40.71915571696044,-73.94885390996933,40.72795,-73.95414,member
3172738,EECC383DB67F10B1,classic_bike,2021-09-19 12:00:24,2021-09-19 12:08:46,Bayard St & Leonard St,5442,Bushwick Ave & Powers St,5250,40.71915571696044,-73.94885390996933,40.71247661,-73.94100005,member
3172753,5CACCFCE1F1051CF,electric_bike,2021-09-30 18:23:22,2021-09-30 18:48:07,Bayard St & Leonard St,5442,Reade St & Broadway,5247,40.71915571696044,-73.94885390996933,40.71450451,-74.00562789,member
3172771,7DAC46C646900631,classic_bike,2021-09-12 01:09:41,2021-09-12 01:15:35,Bayard St & Leonard St,5442,Bushwick Ave & Powers St,5250,40.71915571696044,-73.94885390996933,40.71247661,-73.94100005,member
3172789,FA22D4A2534AA58D,classic_bike,2021-09-22 09:26:16,2021-09-22 09:33:28,Bayard St & Leonard St,5442,Lorimer St & Calyer St,5709,40.71915571696044,-73.94885390996933,40.72795,-73.95414,member
3172790,1A68D12FBFD96915,classic_bike,2021-09-11 15:17:54,2021-09-11 15:24:35,Bayard St & Leonard St,5442,Bushwick Ave & Powers St,5250,40.71915571696044,-73.94885390996933,40.71247661,-73.94100005,member
3172802,284B1D60B0777BB6,classic_bike,2021-09-16 11:30:51,2021-09-16 11:38:14,Bayard St & Leonard St,5442,Bushwick Ave & Powers St,5250,40.71915571696044,-73.94885390996933,40.71247661,-73.94100005,member
3172804,0DBD9EB152210CFA,electric_bike,2021-09-25 00:54:05,2021-09-25 01:15:04,Bayard St & Leonard St,5442,Reade St & Broadway,5247,40.71915571696044,-73.94885390996933,40.71450451,-74.00562789,member
3172808,35E6E604974FED06,classic_bike,2021-09-23 16:31:56,2021-09-23 16:41:51,Bayard St & Leonard St,5442,Bushwick Ave & Powers St,5250,40.71915571696044,-73.94885390996933,40.71247661,-73.94100005,casual
3172810,33EAD54B1D460EFB,electric_bike,2021-09-19 15:18:26,2021-09-19 17:54:18,Bayard St & Leonard St,5442,Bushwick Ave & Powers St,5250,40.71915571696044,-73.94885390996933,40.71247661,-73.94100005,casual
3172824,A7F64ABC59543FB1,classic_bike,2021-09-26 10:47:19,2021-09-26 10:55:58,Bayard St & Leonard St,5442,Lorimer St & Calyer St,5709,40.71915571696044,-73.94885390996933,40.72795,-73.95414,member
3172843,1F2B664FEF1E5D52,classic_bike,2021-09-01 13:21:17,2021-09-01 13:52:55,Bayard St & Leonard St,5442,Lawrence St & Willoughby St,4596,40.71915571696044,-73.94885390996933,40.69236178,-73.98631746,member
3172861,1163F12DDE3EFBD3,classic_bike,2021-09-25 11:06:16,2021-09-25 11:14:58,Bayard St & Leonard St,5442,Lorimer St & Calyer St,5709,40.71915571696044,-73.94885390996933,40.72795,-73.95414,member
3173090,FEE86AF03078F345,classic_bike,2021-09-07 12:42:53,2021-09-07 12:47:28,Manhattan Av & Leonard St,5442,Lorimer St & Calyer St,5709,40.72084,-73.94844,40.72795,-73.95414,member
3173111,93F4F99D1FFFDD14,classic_bike,2021-09-18 14:12:08,2021-09-18 14:22:36,Manhattan Av & Leonard St,5442,Bushwick Ave & Powers St,5250,40.72084,-73.94844,40.71247661,-73.94100005,casual
3174729,1A7D9CD64734CD51,electric_bike,2021-09-05 00:09:17,2021-09-05 00:27:38,Manhattan Av & Leonard St,5442,Center Blvd & 48 Ave,6254,40.72084,-73.94844,40.745038,-73.957539,member
3174732,6B63A7D3A0F0E5AB,classic_bike,2021-09-05 09:53:03,2021-09-05 10:00:31,Manhattan Av & Leonard St,5442,Lorimer St & Calyer St,5709,40.72084,-73.94844,40.72795,-73.95414,member
3174733,AE32DF4E4E06C38D,classic_bike,2021-09-14 07:42:26,2021-09-14 07:46:12,Manhattan Av & Leonard St,5442,Lorimer St & Calyer St,5709,40.72084,-73.94844,40.72795,-73.95414,member
3174916,B42AC1CE3352B6B5,classic_bike,2021-09-02 16:26:06,2021-09-02 16:31:37,Manhattan Av & Leonard St,5442,Lorimer St & Calyer St,5709,40.72084,-73.94844,40.72795,-73.95414,member
3175150,6DE2AC23226615EE,classic_bike,2021-09-24 10:59:19,2021-09-24 11:05:26,Bayard St & Leonard St,5442,Lorimer St & Calyer St,5709,40.71915571696044,-73.94885390996933,40.72795,-73.95414,member
3175296,BCE8682B2E348F44,electric_bike,2021-09-28 21:48:01,2021-09-28 21:53:00,Bayard St & Leonard St,5442,Bushwick Ave & Powers St,5250,40.71915571696044,-73.94885390996933,40.71247661,-73.94100005,member
3175372,2C6905E512C78D37,classic_bike,2021-09-20 18:05:41,2021-09-20 18:14:54,Bayard St & Leonard St,5442,Bushwick Ave & Powers St,5250,40.71915571696044,-73.94885390996933,40.71247661,-73.94100005,member
3175437,B087C9DEB47209A1,classic_bike,2021-09-24 08:36:53,2021-09-24 08:43:38,Bayard St & Leonard St,5442,Bushwick Ave & Powers St,5250,40.71915571696044,-73.94885390996933,40.71247661,-73.94100005,member
3175442,C7009803DFB92382,classic_bike,2021-09-14 08:44:36,2021-09-14 08:49:39,Bayard St & Leonard St,5442,Lorimer St & Calyer St,5709,40.71915571696044,-73.94885390996933,40.72795,-73.95414,member
3175527,D5C65F88A9E79413,classic_bike,2021-09-14 15:40:09,2021-09-14 15:46:56,Bayard St & Leonard St,5442,Lorimer St & Calyer St,5709,40.71915571696044,-73.94885390996933,40.72795,-73.95414,member
3175530,770EEE05849D1767,classic_bike,2021-09-13 17:46:04,2021-09-13 17:55:32,Bayard St & Leonard St,5442,Bushwick Ave & Powers St,5250,40.71915571696044,-73.94885390996933,40.71247661,-73.94100005,member
3175611,916D44A50B64A0AA,classic_bike,2021-09-10 07:29:34,2021-09-10 07:34:09,Bayard St & Leonard St,5442,Lorimer St & Calyer St,5709,40.71915571696044,-73.94885390996933,40.72795,-73.95414,member
3175983,027DFAAC6B093B17,classic_bike,2021-09-26 03:03:03,2021-09-26 03:13:33,Bayard St & Leonard St,5442,Bushwick Ave & Powers St,5250,40.71915571696044,-73.94885390996933,40.71247661,-73.94100005,member
3176307,2E4548B6E495A03D,classic_bike,2021-09-29 14:40:57,2021-09-29 14:45:49,Manhattan Av & Leonard St,5442,Lorimer St & Calyer St,5709,40.72084,-73.94844,40.72795,-73.95414,member
3180620,ACFC190063E362AE,electric_bike,2021-09-21 07:43:43,2021-09-21 07:50:51,Bayard St & Leonard St,5442,Bushwick Ave & Powers St,5250,40.71915571696044,-73.94885390996933,40.71247661,-73.94100005,member
3180626,EA106376FA8BA63D,classic_bike,2021-09-20 07:52:41,2021-09-20 08:01:06,Bayard St & Leonard St,5442,Lorimer St & Calyer St,5709,40.71915571696044,-73.94885390996933,40.72795,-73.95414,member
3180630,C51B5840978D4E04,classic_bike,2021-09-18 00:28:09,2021-09-18 00:35:40,Bayard St & Leonard St,5442,Lorimer St & Calyer St,5709,40.71915571696044,-73.94885390996933,40.72795,-73.95414,member
3180631,9563C21025D8AD6C,classic_bike,2021-09-13 15:29:11,2021-09-13 15:34:38,Bayard St & Leonard St,5442,Lorimer St & Calyer St,5709,40.71915571696044,-73.94885390996933,40.72795,-73.95414,member
3180632,AAB824A97D2FC26F,classic_bike,2021-09-19 19:36:33,2021-09-19 19:46:33,Bayard St & Leonard St,5442,Lorimer St & Calyer St,5709,40.71915571696044,-73.94885390996933,40.72795,-73.95414,member
3180637,40DA2D466E32D5D1,classic_bike,2021-09-11 15:12:03,2021-09-11 15:22:41,Bayard St & Leonard St,5442,Devoe St & Morgan Ave,5282,40.71915571696044,-73.94885390996933,40.713811,-73.93515,casual
3191067,9C40761F97F91198,electric_bike,2021-09-03 10:09:17,2021-09-03 10:25:23,Bayard St & Leonard St,5442,Bleecker St & Crosby St,5679,40.71915571696044,-73.94885390996933,40.72615604980408,-73.99510189890862,member
3199033,B3B627BD7D7E4CA8,electric_bike,2021-09-13 18:31:19,2021-09-13 18:49:22,Manhattan Av & Leonard St,5442,Stanton St & Chrystie St,5523,40.72084,-73.94844,40.72229346,-73.99147535,member
3211989,92DC0CE61BC280D7,electric_bike,2021-09-25 13:15:55,2021-09-25 13:52:51,Manhattan Av & Leonard St,5442,Carroll St & Bond St,4184,40.72084,-73.94844,40.6786115,-73.99037292,member
3212849,8E3D7F0E08456B63,classic_bike,2021-09-01 14:05:00,2021-09-01 14:35:10,Bayard St & Leonard St,5442,Cadman Plaza E & Tillary St,4677,40.71915571696044,-73.94885390996933,40.69597683,-73.99014892,casual
3212961,4C4682E427E13DC1,electric_bike,2021-09-14 07:52:42,2021-09-14 08:16:22,Bayard St & Leonard St,5442,Bleecker St & Crosby St,5679,40.71915571696044,-73.94885390996933,40.72615604980408,-73.99510189890862,member
3213011,863107A3F48E30D2,classic_bike,2021-09-21 08:01:44,2021-09-21 08:22:42,Bayard St & Leonard St,5442,Bleecker St & Crosby St,5679,40.71915571696044,-73.94885390996933,40.72615604980408,-73.99510189890862,member
3213053,72A833F50B1B61CA,electric_bike,2021-09-11 20:12:15,2021-09-11 20:37:43,Bayard St & Leonard St,5442,Stanton St & Chrystie St,5523,40.71915571696044,-73.94885390996933,40.72229346,-73.99147535,casual
3231916,4D7B4BC53E2772CF,classic_bike,2021-09-17 20:31:01,2021-09-17 20:38:22,Bayard St & Leonard St,5442,Leonard St & Boerum St,5036,40.71915571696044,-73.94885390996933,40.70583339,-73.94644578,member
3231917,141C5325ACFBEFB5,classic_bike,2021-09-03 21:44:12,2021-09-03 21:52:39,Bayard St & Leonard St,5442,Leonard St & Boerum St,5036,40.71915571696044,-73.94885390996933,40.70583339,-73.94644578,member
3231918,817F91C2FB52C3A9,classic_bike,2021-09-22 20:05:15,2021-09-22 20:13:15,Bayard St & Leonard St,5442,Leonard St & Boerum St,5036,40.71915571696044,-73.94885390996933,40.70583339,-73.94644578,member
3231919,EDFF0D4DFC0C0497,classic_bike,2021-09-23 18:12:14,2021-09-23 18:20:38,Bayard St & Leonard St,5442,Leonard St & Boerum St,5036,40.71915571696044,-73.94885390996933,40.70583339,-73.94644578,member
3232585,352306B612D24D84,electric_bike,2021-09-01 15:12:09,2021-09-01 15:31:52,Bayard St & Leonard St,5442,Allen St & Hester St,5342,40.71915571696044,-73.94885390996933,40.71605866,-73.99190759,member
3232590,2BEC5B1923E6225D,classic_bike,2021-09-15 12:25:31,2021-09-15 12:34:13,Bayard St & Leonard St,5442,Leonard St & Boerum St,5036,40.71915571696044,-73.94885390996933,40.70583339,-73.94644578,member
3232631,D5BD33244B7836E3,classic_bike,2021-09-25 20:43:31,2021-09-25 20:52:11,Bayard St & Leonard St,5442,Leonard St & Boerum St,5036,40.71915571696044,-73.94885390996933,40.70583339,-73.94644578,member
3232754,A92A848CE992D485,classic_bike,2021-09-02 20:01:17,2021-09-02 20:11:35,Manhattan Av & Leonard St,5442,Leonard St & Boerum St,5036,40.72084,-73.94844,40.70583339,-73.94644578,member
3233456,EAF5B8BB56B62A88,classic_bike,2021-09-02 22:08:02,2021-09-02 22:17:35,Manhattan Av & Leonard St,5442,Leonard St & Boerum St,5036,40.72084,-73.94844,40.70583339,-73.94644578,casual
3233642,31A37DD21FB8F3F4,classic_bike,2021-09-17 23:12:58,2021-09-17 23:24:53,Manhattan Av & Leonard St,5442,White St & Moore St,4987,40.72084,-73.94844,40.704508,-73.9351,member
3233903,F85A87285BD13F80,electric_bike,2021-09-22 15:25:31,2021-09-22 15:39:44,Manhattan Av & Leonard St,5442,White St & Moore St,4987,40.72084,-73.94844,40.704508,-73.9351,casual
3234157,1C79824BF4D33DF9,classic_bike,2021-09-09 23:23:03,2021-09-09 23:34:00,Manhattan Av & Leonard St,5442,Leonard St & Boerum St,5036,40.72084,-73.94844,40.70583339,-73.94644578,member
3234194,664D9AB8D823AD83,classic_bike,2021-09-25 17:37:30,2021-09-25 17:49:27,Manhattan Av & Leonard St,5442,Leonard St & Boerum St,5036,40.72084,-73.94844,40.70583339,-73.94644578,casual
3239924,D835CD519AF6A873,classic_bike,2021-09-02 22:03:38,2021-09-02 22:17:16,Manhattan Av & Leonard St,5442,Leonard St & Boerum St,5036,40.72084,-73.94844,40.70583339,-73.94644578,casual
3240909,933AD1AD1FA07F63,classic_bike,2021-09-01 08:44:08,2021-09-01 08:51:40,Bayard St & Leonard St,5442,Leonard St & Boerum St,5036,40.71915571696044,-73.94885390996933,40.70583339,-73.94644578,member
3240982,75899497A2E7E7F4,classic_bike,2021-09-10 15:22:26,2021-09-10 15:32:40,Bayard St & Leonard St,5442,Leonard St & Boerum St,5036,40.71915571696044,-73.94885390996933,40.70583339,-73.94644578,member
3241006,53E813A3082BCE6D,classic_bike,2021-09-19 14:26:34,2021-09-19 14:48:33,Bayard St & Leonard St,5442,Allen St & Hester St,5342,40.71915571696044,-73.94885390996933,40.71605866,-73.99190759,member
3241013,6837404E8BCE8B62,classic_bike,2021-09-13 18:58:55,2021-09-13 19:06:22,Bayard St & Leonard St,5442,Leonard St & Boerum St,5036,40.71915571696044,-73.94885390996933,40.70583339,-73.94644578,member
3241026,2068D443E23D6B83,classic_bike,2021-09-07 14:27:35,2021-09-07 14:44:58,Bayard St & Leonard St,5442,White St & Moore St,4987,40.71915571696044,-73.94885390996933,40.704508,-73.9351,member
3241052,E1255E53EE5C892A,electric_bike,2021-09-18 18:42:35,2021-09-18 18:54:33,Bayard St & Leonard St,5442,White St & Moore St,4987,40.71915571696044,-73.94885390996933,40.704508,-73.9351,casual
3241111,4F40BAFC456B7FA3,electric_bike,2021-09-18 14:03:13,2021-09-18 14:24:50,Bayard St & Leonard St,5442,White St & Moore St,4987,40.71915571696044,-73.94885390996933,40.704508,-73.9351,member
3241186,6F768405B3C6EF76,classic_bike,2021-09-20 22:32:18,2021-09-20 22:47:04,Bayard St & Leonard St,5442,White St & Moore St,4987,40.71915571696044,-73.94885390996933,40.704508,-73.9351,member
3242968,C13BB3270E682E39,classic_bike,2021-09-20 22:33:27,2021-09-20 22:46:36,Bayard St & Leonard St,5442,White St & Moore St,4987,40.71915571696044,-73.94885390996933,40.704508,-73.9351,member
3243107,F5685DFF1F0DDF8C,electric_bike,2021-09-11 14:31:11,2021-09-11 14:55:14,Bayard St & Leonard St,5442,Allen St & Hester St,5342,40.71915571696044,-73.94885390996933,40.71605866,-73.99190759,casual
3243153,79E1E2D8715B5E0B,classic_bike,2021-09-05 17:15:51,2021-09-05 17:23:29,Bayard St & Leonard St,5442,Leonard St & Boerum St,5036,40.71915571696044,-73.94885390996933,40.70583339,-73.94644578,member
3243272,16A4D86E625722BF,classic_bike,2021-09-06 16:02:06,2021-09-06 16:10:53,Bayard St & Leonard St,5442,Leonard St & Boerum St,5036,40.71915571696044,-73.94885390996933,40.70583339,-73.94644578,member
3243510,8E8A02C86F685E69,electric_bike,2021-09-15 22:07:10,2021-09-15 22:36:20,Bayard St & Leonard St,5442,Sullivan Pl & Franklin Ave,3704,40.71915571696044,-73.94885390996933,40.66407983678161,-73.96025128666679,member
3243638,3CF4DB0CFE6303E3,classic_bike,2021-09-08 14:58:21,2021-09-08 15:14:34,Bayard St & Leonard St,5442,White St & Moore St,4987,40.71915571696044,-73.94885390996933,40.704508,-73.9351,member
3243656,9AE9A99B864546DC,electric_bike,2021-09-03 17:43:38,2021-09-03 18:04:58,Bayard St & Leonard St,5442,Allen St & Hester St,5342,40.71915571696044,-73.94885390996933,40.71605866,-73.99190759,casual
3247150,390B961CEE765BBC,classic_bike,2021-09-06 11:55:48,2021-09-06 11:57:37,Manhattan Av & Leonard St,5442,Driggs Ave & Lorimer St,5481,40.72084,-73.94844,40.72179134,-73.9504154,member
3252065,1B4CD875596C7946,classic_bike,2021-09-01 18:57:47,2021-09-01 19:30:01,Manhattan Av & Leonard St,5442,Flushing Ave & Vanderbilt Ave,4762,40.72084,-73.94844,40.69795031569544,-73.97077560424805,member
3256920,20C0550739C10F7F,classic_bike,2021-09-29 20:05:35,2021-09-29 20:08:14,Bayard St & Leonard St,5442,Driggs Ave & Lorimer St,5481,40.71915571696044,-73.94885390996933,40.72179134,-73.9504154,member
3257121,4C7412DA348E6C79,electric_bike,2021-09-06 20:55:55,2021-09-06 21:44:04,Bayard St & Leonard St,5442,Driggs Ave & Lorimer St,5481,40.71915571696044,-73.94885390996933,40.72179134,-73.9504154,member
3257122,211E72C80A8A304F,docked_bike,2021-09-12 17:27:26,2021-09-12 17:53:36,Bayard St & Leonard St,5442,Flushing Ave & Vanderbilt Ave,4762,40.719156,-73.948854,40.69795,-73.970776,casual
3257125,9CDE2503EFE78FA0,electric_bike,2021-09-11 12:04:54,2021-09-11 12:20:07,Bayard St & Leonard St,5442,Flushing Ave & Vanderbilt Ave,4762,40.71915571696044,-73.94885390996933,40.69795031569544,-73.97077560424805,casual
3257929,0E127DD856C2A3E6,electric_bike,2021-09-22 18:00:49,2021-09-22 18:16:18,Bayard St & Leonard St,5442,Flushing Ave & Vanderbilt Ave,4762,40.71915571696044,-73.94885390996933,40.69795031569544,-73.97077560424805,casual
3259053,D6A38EB44A185122,classic_bike,2021-09-11 14:31:05,2021-09-11 14:33:05,Bayard St & Leonard St,5442,Driggs Ave & Lorimer St,5481,40.71915571696044,-73.94885390996933,40.72179134,-73.9504154,member
3267382,289522F6574D793B,electric_bike,2021-09-21 17:25:03,2021-09-21 17:39:44,Bayard St & Leonard St,5442,Driggs Ave & Lorimer St,5481,40.71915571696044,-73.94885390996933,40.72179134,-73.9504154,casual
3267425,A2ADD070017FAB3B,classic_bike,2021-09-30 18:20:31,2021-09-30 18:22:54,Bayard St & Leonard St,5442,Driggs Ave & Lorimer St,5481,40.71915571696044,-73.94885390996933,40.72179134,-73.9504154,casual
3267450,5E08EE926889172F,classic_bike,2021-09-19 16:07:21,2021-09-19 17:02:02,Bayard St & Leonard St,5442,W 54 St & 11 Ave,6955,40.71915571696044,-73.94885390996933,40.768333,-73.992573,member
3267468,EEEB654242C7F491,classic_bike,2021-09-16 17:01:57,2021-09-16 17:03:34,Bayard St & Leonard St,5442,Driggs Ave & Lorimer St,5481,40.71915571696044,-73.94885390996933,40.72179134,-73.9504154,member
3267600,2320C33AD50E9A6D,classic_bike,2021-09-12 17:24:51,2021-09-12 17:54:04,Bayard St & Leonard St,5442,Flushing Ave & Vanderbilt Ave,4762,40.71915571696044,-73.94885390996933,40.69795031569544,-73.97077560424805,casual
3267708,38D6E6D41D4D87D7,electric_bike,2021-09-05 19:12:19,2021-09-05 19:19:21,Manhattan Av & Leonard St,5442,Driggs Ave & Lorimer St,5481,40.72084,-73.94844,40.72179134,-73.9504154,casual
3267749,9D416FED55253FF6,classic_bike,2021-09-06 21:42:47,2021-09-06 21:45:20,Manhattan Av & Leonard St,5442,Driggs Ave & Lorimer St,5481,40.72084,-73.94844,40.72179134,-73.9504154,member
3267754,BE2EF5E6C4218EE7,classic_bike,2021-09-23 10:21:17,2021-09-23 10:22:54,Manhattan Av & Leonard St,5442,Driggs Ave & Lorimer St,5481,40.72084,-73.94844,40.72179134,-73.9504154,member
3267765,619FA4C2851176D6,electric_bike,2021-09-07 15:47:15,2021-09-07 16:01:34,Manhattan Av & Leonard St,5442,Central Ave & Starr Street,4792,40.72084,-73.94844,40.700003,-73.92834,member
3267782,25F3DFEB417FF341,electric_bike,2021-09-27 09:09:38,2021-09-27 09:43:20,Bayard St & Leonard St,5442,W 54 St & 11 Ave,6955,40.71915571696044,-73.94885390996933,40.768333,-73.992573,member
3267784,3A9068EBBA64D197,electric_bike,2021-09-28 07:21:37,2021-09-28 07:59:01,Bayard St & Leonard St,5442,W 54 St & 11 Ave,6955,40.71915571696044,-73.94885390996933,40.768333,-73.992573,member
3267787,32454A9DABCFF31A,classic_bike,2021-09-12 00:06:32,2021-09-12 00:26:00,Bayard St & Leonard St,5442,Central Ave & Starr Street,4792,40.71915571696044,-73.94885390996933,40.700003,-73.92834,casual
3267798,6B56F24F3B5EF332,classic_bike,2021-09-30 20:02:13,2021-09-30 20:20:29,Manhattan Av & Leonard St,5442,Central Ave & Starr Street,4792,40.72084,-73.94844,40.700003,-73.92834,casual
3267812,37ED9B056911D1CE,classic_bike,2021-09-08 23:54:11,2021-09-09 00:18:24,Manhattan Av & Leonard St,5442,Driggs Ave & Lorimer St,5481,40.72084,-73.94844,40.72179134,-73.9504154,member
3267816,B674425D4F4D386D,classic_bike,2021-09-17 12:56:27,2021-09-17 13:10:20,Manhattan Av & Leonard St,5442,Driggs Ave & Lorimer St,5481,40.72084,-73.94844,40.72179134,-73.9504154,member
3267820,E3B80CC5FD773C47,classic_bike,2021-09-07 08:22:36,2021-09-07 08:24:02,Manhattan Av & Leonard St,5442,Driggs Ave & Lorimer St,5481,40.72084,-73.94844,40.72179134,-73.9504154,member
3267822,5FCCA1BDB5354646,classic_bike,2021-09-08 08:42:08,2021-09-08 08:44:15,Manhattan Av & Leonard St,5442,Driggs Ave & Lorimer St,5481,40.72084,-73.94844,40.72179134,-73.9504154,member
3267846,90F35585647CAC07,classic_bike,2021-09-04 11:11:04,2021-09-04 11:14:00,Manhattan Av & Leonard St,5442,Driggs Ave & Lorimer St,5481,40.72084,-73.94844,40.72179134,-73.9504154,member
3267864,27BBBF2CE736CC5C,electric_bike,2021-09-05 00:54:56,2021-09-05 02:52:10,Manhattan Av & Leonard St,5442,Bedford Ave & Montgomery St,3736,40.72084,-73.94844,40.665816,-73.956934,casual
3267871,E0EAEFA75F1ECA33,classic_bike,2021-09-04 00:25:25,2021-09-04 00:26:35,Manhattan Av & Leonard St,5442,Driggs Ave & Lorimer St,5481,40.72084,-73.94844,40.72179134,-73.9504154,member
3268100,8C1BD843DE13258C,electric_bike,2021-09-11 12:53:54,2021-09-11 16:26:59,Bayard St & Leonard St,5442,W 54 St & 11 Ave,6955,40.71915571696044,-73.94885390996933,40.768333,-73.992573,casual
3268725,4086E096BE87B6BC,classic_bike,2021-09-11 12:00:11,2021-09-11 12:25:02,Manhattan Av & Leonard St,5442,Driggs Ave & Lorimer St,5481,40.72084,-73.94844,40.72179134,-73.9504154,member
3268778,626A0A998995FCBD,classic_bike,2021-09-24 16:48:31,2021-09-24 16:58:43,Manhattan Av & Leonard St,5442,Driggs Ave & Lorimer St,5481,40.72084,-73.94844,40.72179134,-73.9504154,member
3268780,315D01EE61E4C6EC,classic_bike,2021-09-14 15:55:24,2021-09-14 15:56:19,Manhattan Av & Leonard St,5442,Driggs Ave & Lorimer St,5481,40.72084,-73.94844,40.72179134,-73.9504154,member
3268781,B0561199AE5E8DC5,classic_bike,2021-09-21 08:12:51,2021-09-21 08:13:47,Manhattan Av & Leonard St,5442,Driggs Ave & Lorimer St,5481,40.72084,-73.94844,40.72179134,-73.9504154,member
3268885,79C35B7B40D0D1EC,classic_bike,2021-09-18 00:20:38,2021-09-18 00:41:03,Bayard St & Leonard St,5442,Flushing Ave & Vanderbilt Ave,4762,40.71915571696044,-73.94885390996933,40.69795031569544,-73.97077560424805,member
3269984,8B1A702873CCB4F8,classic_bike,2021-09-18 15:31:59,2021-09-18 15:45:47,Manhattan Av & Leonard St,5442,Driggs Ave & Lorimer St,5481,40.72084,-73.94844,40.72179134,-73.9504154,casual
3269985,54E08C06A50635A5,classic_bike,2021-09-19 17:35:19,2021-09-19 17:48:26,Manhattan Av & Leonard St,5442,Driggs Ave & Lorimer St,5481,40.72084,-73.94844,40.72179134,-73.9504154,member
3270330,77295DABF75B5096,electric_bike,2021-09-26 10:24:00,2021-09-26 10:59:36,Bayard St & Leonard St,5442,W 54 St & 11 Ave,6955,40.71915571696044,-73.94885390996933,40.768333,-73.992573,member
3270332,A7A635B112E718A1,electric_bike,2021-09-20 08:50:58,2021-09-20 09:26:02,Bayard St & Leonard St,5442,W 54 St & 11 Ave,6955,40.71915571696044,-73.94885390996933,40.768333,-73.992573,member
3275852,5E8D338C1EF28B48,electric_bike,2021-09-17 11:48:25,2021-09-17 11:50:34,Bayard St & Leonard St,5442,Driggs Ave & Lorimer St,5481,40.71915571696044,-73.94885390996933,40.72179134,-73.9504154,member
3275857,6E4B02F9E7103854,docked_bike,2021-09-04 18:13:46,2021-09-04 23:03:51,Bayard St & Leonard St,5442,Driggs Ave & Lorimer St,5481,40.719156,-73.948854,40.721791,-73.950415,casual
