,ride_id,rideable_type,started_at,ended_at,start_station_name,start_station_id,end_station_name,end_station_id,start_lat,start_lng,end_lat,end_lng,member_casual
12767,0D0A853B26670946,classic_bike,2022-03-16 18:13:20,2022-03-16 18:29:12,Kingsland Ave & Nassau Ave,5613,Central Ave & Starr Street,4792,40.72577,-73.94173,40.700003,-73.92834,member
13223,5D88A8DFCF46434F,classic_bike,2022-03-24 14:54:32,2022-03-24 15:04:02,Myrtle Ave & Marcy Ave,4707,Central Ave & Starr Street,4792,40.69539817,-73.94954908,40.700003,-73.92834,member
13224,862A5670421E0719,classic_bike,2022-03-25 14:31:05,2022-03-25 14:42:01,Myrtle Ave & Marcy Ave,4707,Central Ave & Starr Street,4792,40.69539817,-73.94954908,40.700003,-73.92834,member
26507,746FBD19249D9A0A,electric_bike,2022-03-10 19:03:09,2022-03-10 19:14:50,Central Ave & Starr Street,4792,Bushwick Ave & Dekalb Ave,4680,40.700003,-73.92834,40.69502,-73.92825,casual
28039,0FB92F568F04908E,classic_bike,2022-03-19 14:51:46,2022-03-19 15:06:56,Central Ave & Starr Street,4792,Greene Ave & Nostrand Ave,4519,40.700003,-73.92834,40.6883337,-73.950916,member
32439,D69010E90047660D,electric_bike,2022-03-02 20:24:40,2022-03-02 20:32:21,Central Ave & Starr Street,4792,Menahan St & Seneca Ave,4963,40.700003,-73.92834,40.70461,-73.91054,casual
32450,147C02AE92CAEF8D,electric_bike,2022-03-17 18:09:06,2022-03-17 18:17:21,Central Ave & Starr Street,4792,Menahan St & Seneca Ave,4963,40.700003,-73.92834,40.70461,-73.91054,casual
34056,1E503BFAA84297F4,electric_bike,2022-03-08 16:55:26,2022-03-08 17:20:52,Central Ave & Starr Street,4792,Lefferts Pl & Franklin Ave,4222,40.700003,-73.92834,40.680342423,-73.9557689392,casual
35657,C93CD1A066AB4523,electric_bike,2022-03-08 19:36:04,2022-03-08 19:43:34,Central Ave & Starr Street,4792,Lewis Ave & Madison St,4425,40.700003,-73.92834,40.686312,-73.935775,member
35886,08ECBF79FB9A64EF,electric_bike,2022-03-25 07:44:36,2022-03-25 07:56:12,Central Ave & Starr Street,4792,Graham Ave & Grand St,5178,40.700003,-73.92834,40.711863,-73.944024,casual
35890,E807B24DAE292668,classic_bike,2022-03-11 15:42:49,2022-03-11 15:47:48,Central Ave & Starr Street,4792,McKibbin St & Bogart St,5059,40.700003,-73.92834,40.706237,-73.933871,member
41380,79D22CB52F40FFAF,electric_bike,2022-03-02 15:35:25,2022-03-02 15:45:21,Central Ave & Starr Street,4792,Halsey St & Tompkins Ave,4319,40.700003,-73.92834,40.6823687,-73.944118,member
45158,C05E53083A6D4E88,electric_bike,2022-03-19 18:36:26,2022-03-19 18:42:53,Central Ave & Starr Street,4792,Jefferson St & Cypress Ave,5082,40.700003,-73.92834,40.70907,-73.92157,casual
48894,4B925B7099DBE5A9,classic_bike,2022-03-20 01:44:21,2022-03-20 01:49:49,Wyckoff Av & Jefferson St,5051,Central Ave & Starr Street,4792,40.707165,-73.923711,40.700003,-73.92834,member
48941,BE04D74A2F26702D,electric_bike,2022-03-22 20:33:18,2022-03-22 20:38:27,Beaver St & Fayette St,4840,Central Ave & Starr Street,4792,40.70099,-73.93921,40.700003,-73.92834,member
48996,737346AAF8F2F7D0,classic_bike,2022-03-07 15:44:17,2022-03-07 16:00:56,Central Ave & Starr Street,4792,Central Ave & Starr Street,4792,40.700003,-73.92834,40.700003,-73.92834,casual
49009,E31819996C91EEA9,electric_bike,2022-03-28 07:28:24,2022-03-28 07:48:11,Central Ave & Starr Street,4792,Central Ave & Starr Street,4792,40.700003,-73.92834,40.700003,-73.92834,casual
49041,BB886902C2B6BA37,electric_bike,2022-03-24 09:09:43,2022-03-24 09:40:58,Central Ave & Starr Street,4792,Central Ave & Starr Street,4792,40.700003,-73.92834,40.700003,-73.92834,casual
49096,590516F5495A525F,classic_bike,2022-03-07 17:59:43,2022-03-07 18:19:00,Kingsland Ave & Nassau Ave,5613,Central Ave & Starr Street,4792,40.72577,-73.94173,40.700003,-73.92834,member
49108,AFB828F668008628,electric_bike,2022-03-08 22:15:39,2022-03-08 22:18:25,Central Ave & Flushing Ave,4947,Central Ave & Starr Street,4792,40.702831,-73.9333,40.700003,-73.92834,casual
49123,EEA5BCCA78BF7F65,electric_bike,2022-03-18 15:38:30,2022-03-18 15:55:43,Central Ave & Starr Street,4792,Driggs Ave & Lorimer St,5481,40.700003,-73.92834,40.72179134,-73.9504154,member
49219,BDE61305C35BCFE5,classic_bike,2022-03-21 00:08:10,2022-03-21 00:13:25,Wyckoff Av & Jefferson St,5051,Central Ave & Starr Street,4792,40.707165,-73.923711,40.700003,-73.92834,member
52796,EB3B8C455F7A89EC,electric_bike,2022-03-19 13:21:35,2022-03-19 14:04:49,Central Ave & Starr Street,4792,W 30 St & 8 Ave,6373,40.700003,-73.92834,40.74965268472847,-73.9952078461647,casual
54270,5D8E2595AA1574D4,classic_bike,2022-03-07 07:30:36,2022-03-07 07:34:38,Central Ave & Starr Street,4792,Irving Ave & DeKalb Ave,4898,40.700003,-73.92834,40.7027,-73.92095,member
54283,A945E4390423A9F5,electric_bike,2022-03-03 14:58:01,2022-03-03 15:02:23,Central Ave & Starr Street,4792,Irving Ave & DeKalb Ave,4898,40.700003,-73.92834,40.7027,-73.92095,casual
56594,A87D97F40050F3D6,classic_bike,2022-03-02 18:33:47,2022-03-02 18:53:35,Central Ave & Starr Street,4792,DeKalb Ave & Vanderbilt Ave,4461,40.700003,-73.92834,40.68940747,-73.96885458,member
64314,12D66C76CDFBF249,electric_bike,2022-03-08 09:18:35,2022-03-08 09:20:20,Central Ave & Starr Street,4792,Cedar St & Myrtle Ave,4751,40.700003,-73.92834,40.697842,-73.926241,member
64317,6135423580F1DA56,electric_bike,2022-03-14 12:12:38,2022-03-14 12:13:51,Central Ave & Starr Street,4792,Cedar St & Myrtle Ave,4751,40.700003,-73.92834,40.697842,-73.926241,member
71471,E3F8118369814E19,electric_bike,2022-03-27 02:52:52,2022-03-27 03:18:06,Central Ave & Starr Street,4792,Willoughby Ave & Myrtle Ave,4759,40.700003,-73.92834,40.69757,-73.93098,casual
89740,CB68DCF7879D8FCE,electric_bike,2022-03-18 14:13:01,2022-03-18 14:38:21,Central Ave & Starr Street,4792,E 6 St & Avenue B,5584,40.700003,-73.92834,40.72453734,-73.98185424,casual
89743,AABA242A02D0E79F,electric_bike,2022-03-10 11:09:25,2022-03-10 11:19:24,Central Ave & Starr Street,4792,Central Ave & Decatur St,4432,40.700003,-73.92834,40.6882,-73.90798,casual
93262,E3CE9C4603FB2DF2,electric_bike,2022-03-28 08:41:01,2022-03-28 08:45:05,Central Ave & Starr Street,4792,McKibbin St & Bogart St,5059,40.700003,-73.92834,40.706237,-73.933871,member
104310,87AC1687FA4659C2,classic_bike,2022-03-18 10:36:04,2022-03-18 10:47:34,Central Ave & Starr Street,4792,Morgan Ave & Maspeth Ave,5354,40.700003,-73.92834,40.716657,-73.93637,member
104987,B869E81971574E70,classic_bike,2022-03-18 19:45:49,2022-03-18 19:52:51,Central Ave & Starr Street,4792,Montrose Ave & Bushwick Ave,5068,40.700003,-73.92834,40.70767788,-73.94016171,member
107210,AA8D4178C9481E2C,classic_bike,2022-03-02 14:52:06,2022-03-02 14:57:11,Central Ave & Starr Street,4792,Bushwick Ave & Dekalb Ave,4680,40.700003,-73.92834,40.69502,-73.92825,member
112802,7D7C8D1C272BA858,classic_bike,2022-03-16 18:12:09,2022-03-16 18:18:33,Central Ave & Starr Street,4792,Suydam St & St. Nicholas Ave,5043,40.700003,-73.92834,40.70636,-73.91945,member
117250,E06A1B0636895396,classic_bike,2022-03-17 23:45:31,2022-03-18 00:08:59,Central Ave & Starr Street,4792,McGuinness Blvd & Eagle St,5977,40.700003,-73.92834,40.73555,-73.95284,casual
118613,C0F3585641291521,electric_bike,2022-03-21 10:56:19,2022-03-21 11:24:45,Central Ave & Starr Street,4792,E 11 St & 3 Ave,5788,40.700003,-73.92834,40.73127,-73.98849,member
119028,8992F5108DC27447,classic_bike,2022-03-27 16:09:45,2022-03-27 16:12:55,Central Ave & Starr Street,4792,Suydam St & Knickerbocker Ave,4939,40.700003,-73.92834,40.702013,-73.923769,member
120232,B52EA2C893D051A3,electric_bike,2022-03-11 12:29:28,2022-03-11 12:51:00,Central Ave & Starr Street,4792,DeKalb Ave & Hudson Ave,4513,40.700003,-73.92834,40.689888,-73.981013,casual
120597,93629735736E277A,electric_bike,2022-03-14 21:47:04,2022-03-14 21:50:32,Wyckoff Av & Jefferson St,5051,Central Ave & Starr Street,4792,40.707165,-73.923711,40.700003,-73.92834,member
120598,727428A0EA36B39A,electric_bike,2022-03-11 00:11:45,2022-03-11 00:15:29,Wyckoff Av & Jefferson St,5051,Central Ave & Starr Street,4792,40.707165,-73.923711,40.700003,-73.92834,member
120644,0432A216F5CEBEC4,electric_bike,2022-03-19 14:50:57,2022-03-19 14:51:13,Central Ave & Starr Street,4792,Central Ave & Starr Street,4792,40.700003,-73.92834,40.700003,-73.92834,member
120667,399A893F3E630C55,electric_bike,2022-03-25 19:26:43,2022-03-25 19:33:18,Throop Ave & Myrtle Ave,4697,Central Ave & Starr Street,4792,40.69622937,-73.94371094,40.700003,-73.92834,member
120672,B38934774B6C2E85,electric_bike,2022-03-16 17:30:24,2022-03-16 17:46:13,Clinton Ave & Myrtle Ave,4651,Central Ave & Starr Street,4792,40.693261,-73.968896,40.700003,-73.92834,casual
120696,95965E2A08EE935A,classic_bike,2022-03-18 17:15:38,2022-03-18 17:39:35,Macon St & Nostrand Ave,4214,Central Ave & Starr Street,4792,40.6809833854,-73.9500479759,40.700003,-73.92834,member
120769,26F7ADB19B030E4A,electric_bike,2022-03-11 08:03:29,2022-03-11 08:14:05,Rockaway Ave & Bainbridge St,4285,Central Ave & Starr Street,4792,40.68319988172761,-73.91166642308235,40.700003,-73.92834,casual
120789,828CFE8F966197AA,classic_bike,2022-03-17 19:34:49,2022-03-17 20:17:51,Prospect Pl & Vanderbilt Ave,4157,Central Ave & Starr Street,4792,40.67767534269111,-73.96902143955231,40.700003,-73.92834,casual
120810,E78BCEA2E569DABB,electric_bike,2022-03-04 16:03:33,2022-03-04 16:21:56,Fulton St & Waverly Ave,4345,Central Ave & Starr Street,4792,40.68323865460341,-73.96599590778351,40.700003,-73.92834,member
120857,C71FE61F258BCDB7,electric_bike,2022-03-16 14:55:40,2022-03-16 14:59:19,Wyckoff Av & Jefferson St,5051,Central Ave & Starr Street,4792,40.707165,-73.923711,40.700003,-73.92834,member
120876,7771B92AC8D71C7E,classic_bike,2022-03-27 20:46:08,2022-03-27 20:51:52,Wyckoff Av & Jefferson St,5051,Central Ave & Starr Street,4792,40.707165,-73.923711,40.700003,-73.92834,member
120890,9592084FDCB56958,classic_bike,2022-03-16 18:06:59,2022-03-16 18:38:24,Green St & McGuinness Blvd,5860,Central Ave & Starr Street,4792,40.73396,-73.95204,40.700003,-73.92834,casual
120975,31B51D1EBEEAA603,electric_bike,2022-03-11 11:11:31,2022-03-11 11:13:36,George St & Wilson Ave,4906,Central Ave & Starr Street,4792,40.702997,-73.92997,40.700003,-73.92834,member
120978,597AB7F7B6BD46C9,electric_bike,2022-03-11 04:34:11,2022-03-11 04:36:34,George St & Wilson Ave,4906,Central Ave & Starr Street,4792,40.702997,-73.92997,40.700003,-73.92834,casual
121047,228FE93D6C5BEFC1,classic_bike,2022-03-19 17:00:24,2022-03-19 17:48:24,Bergen St & Smith St,4446,Central Ave & Starr Street,4792,40.6867443,-73.99063168,40.700003,-73.92834,casual
121063,7B5572386FF7E90F,electric_bike,2022-03-07 13:52:57,2022-03-07 14:15:34,Bergen St & 4 Ave,4322,Central Ave & Starr Street,4792,40.68256425759694,-73.9798977971077,40.700003,-73.92834,member
121193,5A0BFB818289C8C7,electric_bike,2022-03-21 00:41:23,2022-03-21 00:48:55,Wyckoff Av & Jefferson St,5051,Central Ave & Starr Street,4792,40.707165,-73.923711,40.700003,-73.92834,member
121198,255752F1E224CF74,electric_bike,2022-03-25 22:12:32,2022-03-25 22:24:06,Union Ave & Jackson St,5300,Central Ave & Starr Street,4792,40.7160751,-73.952029,40.700003,-73.92834,casual
121204,5ACEE8570154DB35,classic_bike,2022-03-23 18:59:00,2022-03-23 19:12:15,Jefferson Ave & Evergreen Ave,4517,Central Ave & Starr Street,4792,40.68989,-73.91458,40.700003,-73.92834,casual
121229,225100C0724D0162,electric_bike,2022-03-15 22:53:40,2022-03-15 23:02:21,Knickerbocker Ave & Hancock St,4663,Central Ave & Starr Street,4792,40.69385,-73.90974,40.700003,-73.92834,member
121230,86E0CB3D6310BA35,electric_bike,2022-03-19 23:26:27,2022-03-19 23:35:33,Knickerbocker Ave & Hancock St,4663,Central Ave & Starr Street,4792,40.69385,-73.90974,40.700003,-73.92834,member
121232,117F8B47AE465E45,electric_bike,2022-03-13 17:45:27,2022-03-13 18:00:39,Metropolitan Ave & Meeker Ave,5300,Central Ave & Starr Street,4792,40.71413311,-73.95234386,40.700003,-73.92834,casual
121244,6203E09078AFFD0A,electric_bike,2022-03-09 21:11:17,2022-03-09 21:22:53,Knickerbocker Ave & Hancock St,4663,Central Ave & Starr Street,4792,40.69385,-73.90974,40.700003,-73.92834,member
124314,64CA9209B775EB26,classic_bike,2022-03-18 21:18:08,2022-03-18 21:29:00,Central Ave & Starr Street,4792,Eldert St & Bushwick Ave,4399,40.700003,-73.92834,40.68652,-73.91321,member
136953,4691C7696144AA0C,electric_bike,2022-03-06 19:00:43,2022-03-06 19:12:15,Central Ave & Starr Street,4792,Greene Av & Myrtle Av,4784,40.700003,-73.92834,40.698568,-73.918877,casual
137288,7219479AAB700394,electric_bike,2022-03-07 20:56:06,2022-03-07 20:59:52,Central Ave & Starr Street,4792,Greene Av & Myrtle Av,4784,40.700003,-73.92834,40.698568,-73.918877,member
137289,76B824ED68073BC2,electric_bike,2022-03-21 19:15:59,2022-03-21 19:21:12,Central Ave & Starr Street,4792,Greene Av & Myrtle Av,4784,40.700003,-73.92834,40.698568,-73.918877,member
137909,ED20607C4790D2EC,classic_bike,2022-03-24 10:40:10,2022-03-24 10:43:18,Central Ave & Starr Street,4792,Evergreen Ave & Noll St,4873,40.700003,-73.92834,40.70106,-73.93318,member
141004,DEA74BC431DFCC9A,electric_bike,2022-03-07 09:01:09,2022-03-07 09:14:30,Central Ave & Starr Street,4792,Grand St & Havemeyer St,5267,40.700003,-73.92834,40.71286844,-73.95698119,casual
141008,AEFACFDD41B51922,electric_bike,2022-03-04 17:37:18,2022-03-04 17:55:07,Central Ave & Starr Street,4792,Grand St & Havemeyer St,5267,40.700003,-73.92834,40.71286844,-73.95698119,casual
144767,6A46F3FCFA594911,electric_bike,2022-03-07 17:30:13,2022-03-07 17:50:06,Central Ave & Starr Street,4792,Bond St & Fulton St,4479,40.700003,-73.92834,40.68962188790333,-73.98304268717766,member
151895,8D3AA71F390CDB45,electric_bike,2022-03-23 08:31:24,2022-03-23 08:56:08,Central Ave & Starr Street,4792,Warren St & Smith St,4371,40.700003,-73.92834,40.68542400997018,-73.99127773940563,casual
153086,655BC9E09A4CF1E6,electric_bike,2022-03-22 11:29:59,2022-03-22 11:55:58,Central Ave & Starr Street,4792,Centre St & Worth St,5279,40.700003,-73.92834,40.71494807,-74.00234482,member
160942,3D04F08934949392,electric_bike,2022-03-16 17:50:12,2022-03-16 18:04:12,Central Ave & Starr Street,4792,Clinton Ave & Myrtle Ave,4651,40.700003,-73.92834,40.693261,-73.968896,member
170405,515470DCD4178714,electric_bike,2022-03-10 09:21:13,2022-03-10 09:22:38,Central Ave & Starr Street,4792,Cedar St & Myrtle Ave,4751,40.700003,-73.92834,40.697842,-73.926241,member
170621,321F10D5A35409A4,classic_bike,2022-03-13 17:24:07,2022-03-13 17:29:51,Central Ave & Starr Street,4792,Jefferson Ave & Evergreen Ave,4517,40.700003,-73.92834,40.68989,-73.91458,member
170623,5FF1A641DE7237BA,classic_bike,2022-03-22 06:10:48,2022-03-22 12:00:36,Central Ave & Starr Street,4792,Cedar St & Myrtle Ave,4751,40.700003,-73.92834,40.697842,-73.926241,member
171183,E310EE457F6F4B0F,electric_bike,2022-03-14 01:08:10,2022-03-14 01:14:44,Central Ave & Starr Street,4792,Putnam Ave & Knickerbocker Ave,4663,40.700003,-73.92834,40.69545,-73.91164,member
182899,9FB7B75CC7F64534,electric_bike,2022-03-07 08:01:31,2022-03-07 08:31:55,Central Ave & Starr Street,4792,2 Ave & E 29 St,6122,40.700003,-73.92834,40.74172351097472,-73.97809267044067,member
190584,7FDF619F0E944655,classic_bike,2022-03-20 12:07:18,2022-03-20 12:19:24,Central Ave & Starr Street,4792,Morgan Ave & Maspeth Ave,5354,40.700003,-73.92834,40.716657,-73.93637,casual
195028,983BFB7C0AF53E2A,electric_bike,2022-03-04 18:33:30,2022-03-04 18:49:13,Central Ave & Starr Street,4792,Marcus Garvey Blvd & Macon St,4278,40.700003,-73.92834,40.682601,-73.938037,casual
209766,DBDFC241854BDB83,classic_bike,2022-03-04 12:25:37,2022-03-04 12:26:54,Central Ave & Starr Street,4792,Wilson Ave & Troutman St,4864,40.700003,-73.92834,40.70166,-73.92754,member
209773,979AF07F13AA2B3D,classic_bike,2022-03-26 17:44:15,2022-03-26 17:46:12,Central Ave & Starr Street,4792,Central Ave & Himrod St,4713,40.700003,-73.92834,40.69676,-73.92302,member
209782,0E325E1D5A528831,classic_bike,2022-03-17 21:02:41,2022-03-17 21:06:55,Central Ave & Starr Street,4792,Suydam St & Broadway,4689,40.700003,-73.92834,40.69544,-73.93223,casual
209803,22F77F5B948A7EB3,electric_bike,2022-03-22 21:04:11,2022-03-22 21:07:43,Central Ave & Starr Street,4792,Suydam St & Broadway,4689,40.700003,-73.92834,40.69544,-73.93223,member
209859,84766855388F4726,electric_bike,2022-03-07 14:25:52,2022-03-07 14:38:17,Central Ave & Starr Street,4792,Wilson Ave & Troutman St,4864,40.700003,-73.92834,40.70166,-73.92754,member
209881,73D13FB55C057300,electric_bike,2022-03-26 12:12:31,2022-03-26 12:36:02,Central Ave & Starr Street,4792,Stanton St & Norfolk St,5445,40.700003,-73.92834,40.720747,-73.986274,casual
209905,F54006F5EBC0B17D,classic_bike,2022-03-07 13:02:54,2022-03-07 13:03:57,Central Ave & Starr Street,4792,Wilson Ave & Troutman St,4864,40.700003,-73.92834,40.70166,-73.92754,member
210833,266A0F8229365D45,classic_bike,2022-03-02 00:33:45,2022-03-02 00:38:43,Central Ave & Starr Street,4792,Wilson Ave & Troutman St,4864,40.700003,-73.92834,40.70166,-73.92754,member
210969,DDF68223363FA0BA,classic_bike,2022-03-19 13:38:37,2022-03-19 13:41:52,Central Ave & Starr Street,4792,Central Ave & Himrod St,4713,40.700003,-73.92834,40.69676,-73.92302,member
227959,AF7BDC2FC223C8FC,classic_bike,2022-03-20 17:24:20,2022-03-20 17:35:42,Central Ave & Starr Street,4792,Fulton St & Utica Ave,4228,40.700003,-73.92834,40.6794268,-73.9298911,member
229396,D462AD3A2440C9FE,classic_bike,2022-03-01 22:23:46,2022-03-01 22:35:33,Central Ave & Starr Street,4792,Tompkins Ave & Hopkins St,4850,40.700003,-73.92834,40.69957608,-73.94708417,member
239936,BF11695E2A31E34E,electric_bike,2022-03-21 16:42:05,2022-03-21 16:50:13,Central Ave & Starr Street,4792,Bushwick Ave & Stagg St,5140,40.700003,-73.92834,40.709897,-73.94008,member
239937,B6419DC023E4CF70,electric_bike,2022-03-08 14:07:01,2022-03-08 14:18:27,Central Ave & Starr Street,4792,Bushwick Ave & Stagg St,5140,40.700003,-73.92834,40.709897,-73.94008,member
239938,29621E9738FCEB63,electric_bike,2022-03-24 16:51:57,2022-03-24 16:59:46,Central Ave & Starr Street,4792,Bushwick Ave & Stagg St,5140,40.700003,-73.92834,40.709897,-73.94008,member
239983,712E930A688A8AC2,electric_bike,2022-03-15 01:44:01,2022-03-15 01:47:25,Central Ave & Starr Street,4792,Central Ave & Melrose St,4832,40.700003,-73.92834,40.70112,-73.93039,casual
240000,C01E96FA2B83804F,classic_bike,2022-03-27 14:53:22,2022-03-27 14:56:45,Central Ave & Starr Street,4792,Irving Ave & Jefferson St,5051,40.700003,-73.92834,40.70538,-73.92535,member
240059,C77B5FC64AE1DE49,classic_bike,2022-03-13 12:47:59,2022-03-13 12:58:56,Central Ave & Starr Street,4792,Graham Ave & Conselyea St,5291,40.700003,-73.92834,40.715143,-73.944507,member
240139,21153911B06BDFFD,classic_bike,2022-03-03 22:16:04,2022-03-03 22:23:27,Central Ave & Starr Street,4792,Irving Ave & Jefferson St,5051,40.700003,-73.92834,40.70538,-73.92535,member
240412,882CE6BE70DC2126,electric_bike,2022-03-23 16:31:19,2022-03-23 16:40:36,Central Ave & Starr Street,4792,Bushwick Ave & Stagg St,5140,40.700003,-73.92834,40.709897,-73.94008,member
240888,B8D0226BE6AFCAC7,classic_bike,2022-03-02 15:28:28,2022-03-02 15:32:20,Central Ave & Starr Street,4792,Irving Ave & Jefferson St,5051,40.700003,-73.92834,40.70538,-73.92535,member
240890,840539A19FFD0FB4,electric_bike,2022-03-23 14:40:33,2022-03-23 14:41:28,Central Ave & Starr Street,4792,Central Ave & Melrose St,4832,40.700003,-73.92834,40.70112,-73.93039,member
240961,DA376F2228115DFA,classic_bike,2022-03-03 22:15:35,2022-03-03 22:23:28,Central Ave & Starr Street,4792,Irving Ave & Jefferson St,5051,40.700003,-73.92834,40.70538,-73.92535,member
249414,D7422CE148699FCB,electric_bike,2022-03-08 13:19:38,2022-03-08 13:26:56,Central Ave & Starr Street,4792,Bushwick Ave & Stagg St,5140,40.700003,-73.92834,40.709897,-73.94008,casual
249459,A7986B3590AADB4D,electric_bike,2022-03-29 13:31:20,2022-03-29 13:39:45,Central Ave & Starr Street,4792,Bushwick Ave & Stagg St,5140,40.700003,-73.92834,40.709897,-73.94008,member
249460,3C491023E6B3B787,electric_bike,2022-03-22 22:02:37,2022-03-22 22:03:21,Central Ave & Starr Street,4792,Central Ave & Melrose St,4832,40.700003,-73.92834,40.70112,-73.93039,member
249512,037C3632C6C61B20,electric_bike,2022-03-04 11:16:33,2022-03-04 11:22:18,Central Ave & Starr Street,4792,Irving Ave & Jefferson St,5051,40.700003,-73.92834,40.70538,-73.92535,member
249513,487BE35DDBEB48D3,classic_bike,2022-03-19 14:43:16,2022-03-19 14:44:16,Central Ave & Starr Street,4792,Central Ave & Melrose St,4832,40.700003,-73.92834,40.70112,-73.93039,member
250036,77A0210C1C4E16C8,electric_bike,2022-03-15 01:43:52,2022-03-15 01:47:20,Central Ave & Starr Street,4792,Central Ave & Melrose St,4832,40.700003,-73.92834,40.70112,-73.93039,member
250078,4458F0662204618A,electric_bike,2022-03-10 18:58:46,2022-03-10 19:09:38,Central Ave & Starr Street,4792,Graham Ave & Conselyea St,5291,40.700003,-73.92834,40.715143,-73.944507,casual
252715,06B77160DADEE118,electric_bike,2022-03-16 20:06:22,2022-03-16 20:35:01,Central Ave & Starr Street,4792,Carroll St & 5 Ave,4060,40.700003,-73.92834,40.6751622,-73.9814832,member
271161,957508CE6B7166D7,electric_bike,2022-03-28 09:04:38,2022-03-28 09:25:34,Central Ave & Starr Street,4792,Bridge St & Water St,4968,40.700003,-73.92834,40.70296934155272,-73.98469090461731,member
271442,AA9B27361F5CCFB7,classic_bike,2022-03-31 17:48:49,2022-03-31 18:09:10,Central Ave & Starr Street,4792,Roebling St & N 4 St,5267,40.700003,-73.92834,40.71469,-73.95739,casual
271500,E9199EF37729C579,electric_bike,2022-03-05 15:32:43,2022-03-05 15:45:48,Central Ave & Starr Street,4792,Madison St & Forest Ave,5025,40.700003,-73.92834,40.70555,-73.90245,member
271501,F8090036D89D146A,electric_bike,2022-03-10 10:48:31,2022-03-10 11:01:10,Central Ave & Starr Street,4792,Forest Ave & Summerfield St,4798,40.700003,-73.92834,40.69922,-73.89795,casual
283044,3E695B80ED3C607C,electric_bike,2022-03-21 08:17:11,2022-03-21 08:34:51,Central Ave & Starr Street,4792,Willoughby St & Fleet St,4628,40.700003,-73.92834,40.69196566,-73.9813018,member
296285,C240900DDB40BC54,electric_bike,2022-03-18 08:39:24,2022-03-18 09:01:32,Central Ave & Starr Street,4792,Warren St & Smith St,4371,40.700003,-73.92834,40.68542400997018,-73.99127773940563,casual
299692,99AF8BD4474298BC,classic_bike,2022-03-24 18:49:03,2022-03-24 19:01:28,Central Ave & Starr Street,4792,Fairview Ave & Linden St,5066,40.700003,-73.92834,40.70694,-73.90632,member
301887,D88CA7779A89C598,classic_bike,2022-03-18 11:46:03,2022-03-18 11:56:48,Central Ave & Starr Street,4792,Fairview Ave & Linden St,5066,40.700003,-73.92834,40.70694,-73.90632,member
301899,D92F640F6FE2576D,electric_bike,2022-03-17 00:47:32,2022-03-17 00:56:52,Central Ave & Starr Street,4792,Fairview Ave & Linden St,5066,40.700003,-73.92834,40.70694,-73.90632,casual
303782,FE1919281BB0E0C5,electric_bike,2022-03-15 18:10:32,2022-03-15 18:19:59,Central Ave & Starr Street,4792,Leonard St & Maujer St,5148,40.700003,-73.92834,40.7103685423523,-73.94705951213837,member
303801,96D49E4D5AD0B3CA,electric_bike,2022-03-21 12:42:14,2022-03-21 12:48:20,Central Ave & Starr Street,4792,Bushwick Ave & Linden St,4600,40.700003,-73.92834,40.69146,-73.92146,member
303803,DC9C994615A2F5A4,electric_bike,2022-03-16 19:10:36,2022-03-16 19:20:46,Central Ave & Starr Street,4792,Fairview Ave & Linden St,5066,40.700003,-73.92834,40.70694,-73.90632,casual
320680,28C6F94BAC608E5A,classic_bike,2022-03-15 18:15:04,2022-03-15 18:31:33,Central Ave & Starr Street,4792,Broadway & Madison St,4483,40.700003,-73.92834,40.68822,-73.91966,casual
323525,417F9D80998BEAA2,classic_bike,2022-03-08 08:15:45,2022-03-08 08:25:04,Central Ave & Starr Street,4792,Broadway & Madison St,4483,40.700003,-73.92834,40.68822,-73.91966,member
343155,ACAFFDD6C66E762F,electric_bike,2022-03-18 00:09:02,2022-03-18 00:18:06,Central Ave & Starr Street,4792,Stephen St & Seneca Ave,4798,40.700003,-73.92834,40.6988,-73.9007,casual
345976,725BC85A6FA4FAC4,electric_bike,2022-03-19 07:01:37,2022-03-19 07:10:33,Central Ave & Starr Street,4792,Stephen St & Seneca Ave,4798,40.700003,-73.92834,40.6988,-73.9007,casual
345985,5A278731D2F4A831,electric_bike,2022-03-11 11:05:30,2022-03-11 11:26:30,Central Ave & Starr Street,4792,Kenmare St & Elizabeth St,5453,40.700003,-73.92834,40.72054,-73.9949,member
346066,FC71950947BED49F,electric_bike,2022-03-17 21:02:20,2022-03-17 21:17:35,Central Ave & Starr Street,4792,Stephen St & Seneca Ave,4798,40.700003,-73.92834,40.6988,-73.9007,casual
346067,A9FB3A4421EA44A3,electric_bike,2022-03-26 05:56:27,2022-03-26 06:04:07,Central Ave & Starr Street,4792,Stephen St & Seneca Ave,4798,40.700003,-73.92834,40.6988,-73.9007,casual
346256,CFA758885A4217D9,electric_bike,2022-03-14 23:59:39,2022-03-15 00:08:04,Central Ave & Starr Street,4792,Stephen St & Seneca Ave,4798,40.700003,-73.92834,40.6988,-73.9007,casual
377771,6F6275CC525C6BDA,electric_bike,2022-03-03 18:20:00,2022-03-03 18:42:13,Central Ave & Starr Street,4792,N 15 St & Wythe Ave,5520,40.700003,-73.92834,40.724055,-73.955736,member
388863,2EC1708DCC6834E4,electric_bike,2022-03-25 17:25:53,2022-03-25 17:54:06,Central Ave & Starr Street,4792,Carlton Ave & Dean St,4199,40.700003,-73.92834,40.6809741,-73.9710097,member
390770,101655037BCFC20A,classic_bike,2022-03-27 16:54:43,2022-03-27 17:04:36,Central Ave & Starr Street,4792,Knickerbocker Ave & Cooper St,4582,40.700003,-73.92834,40.69081,-73.90448,member
392112,B75F70094841376B,electric_bike,2022-03-01 13:27:13,2022-03-01 13:46:44,Central Ave & Starr Street,4792,Carlton Ave & Dean St,4199,40.700003,-73.92834,40.6809741,-73.9710097,casual
405798,9FA592BBDE275E1B,classic_bike,2022-03-19 15:22:26,2022-03-19 15:28:42,Central Ave & Starr Street,4792,Harrison Pl & Porter Ave,5090,40.700003,-73.92834,40.70686,-73.92851,member
409399,C91360D3926D7A98,classic_bike,2022-03-29 11:15:25,2022-03-29 11:20:03,Central Ave & Starr Street,4792,Knickerbocker Ave & Thames St,5018,40.700003,-73.92834,40.70539,-73.92976,member
416685,84073D0A30663BDC,electric_bike,2022-03-27 09:49:51,2022-03-27 09:53:25,Central Ave & Starr Street,4792,Knickerbocker Ave & Thames St,5018,40.700003,-73.92834,40.70539,-73.92976,member
417220,4933163FCE2D346A,classic_bike,2022-03-27 20:13:10,2022-03-27 20:19:43,Central Ave & Starr Street,4792,Madison St & Evergreen Ave,4560,40.700003,-73.92834,40.69122,-73.91693,member
430879,3E16E9EFC149BF65,electric_bike,2022-03-22 20:25:27,2022-03-22 20:36:56,Central Ave & Starr Street,4792,Kosciuszko St & Tompkins Ave,4553,40.700003,-73.92834,40.69128258,-73.9452416,casual
434359,2314D86693C1AA10,electric_bike,2022-03-31 22:16:30,2022-03-31 22:24:24,Central Ave & Starr Street,4792,Kosciuszko St & Tompkins Ave,4553,40.700003,-73.92834,40.69128258,-73.9452416,casual
436066,AECD65F0F6AF812C,electric_bike,2022-03-21 14:23:54,2022-03-21 14:34:07,Central Ave & Starr Street,4792,Kosciuszko St & Tompkins Ave,4553,40.700003,-73.92834,40.69128258,-73.9452416,casual
448205,3B23960DAA8A6A13,electric_bike,2022-03-18 17:01:57,2022-03-18 17:26:38,Central Ave & Starr Street,4792,Degraw St & Smith St,4298,40.700003,-73.92834,40.6829151,-73.99318208,member
449328,AB26A9516F42263F,electric_bike,2022-03-04 18:32:34,2022-03-04 18:53:09,Central Ave & Starr Street,4792,Prospect Pl & Underhill Ave,4116,40.700003,-73.92834,40.6769694,-73.96579,member
449352,6D26DAD37BC633ED,electric_bike,2022-03-11 10:36:29,2022-03-11 10:52:00,Central Ave & Starr Street,4792,Meserole Ave & Manhattan Ave,5666,40.700003,-73.92834,40.72708584,-73.95299117,casual
463950,F71C8828B1B02027,electric_bike,2022-03-31 08:01:26,2022-03-31 08:17:00,Central Ave & Starr Street,4792,Meserole Ave & Manhattan Ave,5666,40.700003,-73.92834,40.72708584,-73.95299117,member
463974,CE5B64220CFF59B4,electric_bike,2022-03-10 18:56:49,2022-03-10 19:18:59,Central Ave & Starr Street,4792,Rogers Ave & Sterling St,3696,40.700003,-73.92834,40.6630619,-73.9538746,casual
469012,C0F1044EEB3FC367,electric_bike,2022-03-08 07:33:54,2022-03-08 07:48:33,Central Ave & Starr Street,4792,Meserole Ave & Manhattan Ave,5666,40.700003,-73.92834,40.72708584,-73.95299117,member
478887,A2FBCEA6C2AE382C,electric_bike,2022-03-02 18:43:07,2022-03-02 19:25:36,Central Ave & Starr Street,4792,Bond St & Fulton St,4479,40.700003,-73.92834,40.68962188790333,-73.98304268717766,member
490969,4EA0E2696473B907,electric_bike,2022-03-18 10:56:26,2022-03-18 11:17:10,Central Ave & Starr Street,4792,Cleveland Pl & Spring St,5492,40.700003,-73.92834,40.722103786686034,-73.99724900722504,member
493966,C4B4D70F1790A9C9,electric_bike,2022-03-15 10:32:44,2022-03-15 10:53:42,Central Ave & Starr Street,4792,Cleveland Pl & Spring St,5492,40.700003,-73.92834,40.722103786686034,-73.99724900722504,member
512823,60F35406244AF594,classic_bike,2022-03-12 18:35:51,2022-03-12 18:37:55,Central Ave & Starr Street,4792,Central Ave & Flushing Ave,4947,40.700003,-73.92834,40.702831,-73.9333,member
517710,BBA451BF00D5950C,classic_bike,2022-03-08 19:36:29,2022-03-08 19:39:11,Central Ave & Starr Street,4792,Central Ave & Flushing Ave,4947,40.700003,-73.92834,40.702831,-73.9333,member
517731,D11683D117E27BCE,classic_bike,2022-03-10 14:36:45,2022-03-10 14:48:25,Central Ave & Starr Street,4792,Central Ave & Flushing Ave,4947,40.700003,-73.92834,40.702831,-73.9333,casual
521664,AB224B7B463A5EE2,electric_bike,2022-03-07 09:56:01,2022-03-07 09:57:55,Central Ave & Starr Street,4792,Central Ave & Flushing Ave,4947,40.700003,-73.92834,40.702831,-73.9333,member
521742,C691680898F598D6,classic_bike,2022-03-19 08:10:23,2022-03-19 08:12:48,Central Ave & Starr Street,4792,Central Ave & Flushing Ave,4947,40.700003,-73.92834,40.702831,-73.9333,member
521813,B425C79B1347148E,classic_bike,2022-03-05 21:20:27,2022-03-05 21:24:09,Central Ave & Starr Street,4792,Central Ave & Flushing Ave,4947,40.700003,-73.92834,40.702831,-73.9333,member
521837,BBC3E445614B7564,electric_bike,2022-03-31 23:12:20,2022-03-31 23:21:33,Central Ave & Starr Street,4792,Willoughby Ave & Tompkins Ave,4665,40.700003,-73.92834,40.69425403,-73.94626915,casual
527004,BC09FB280421EEA8,electric_bike,2022-03-29 23:12:30,2022-03-29 23:15:07,Central Ave & Starr Street,4792,George St & Wilson Ave,4906,40.700003,-73.92834,40.702997,-73.92997,member
531432,6D120E06B6950B7F,electric_bike,2022-03-16 08:15:25,2022-03-16 08:20:45,Central Ave & Starr Street,4792,Melrose St & Broadway,4801,40.700003,-73.92834,40.697481,-73.935877,member
531821,9A34E6726C340AA2,electric_bike,2022-03-30 08:18:18,2022-03-30 08:24:11,Central Ave & Starr Street,4792,Melrose St & Broadway,4801,40.700003,-73.92834,40.697481,-73.935877,member
535999,0CD864F62978160C,electric_bike,2022-03-19 09:11:32,2022-03-19 09:15:08,Central Ave & Starr Street,4792,Melrose St & Broadway,4801,40.700003,-73.92834,40.697481,-73.935877,member
536007,D6186C9E763B31EF,electric_bike,2022-03-16 01:14:18,2022-03-16 01:18:03,Central Ave & Starr Street,4792,Melrose St & Broadway,4801,40.700003,-73.92834,40.697481,-73.935877,casual
536269,46147242E3FFC4E5,classic_bike,2022-03-29 14:50:12,2022-03-29 14:54:24,Central Ave & Starr Street,4792,Melrose St & Broadway,4801,40.700003,-73.92834,40.697481,-73.935877,member
536270,62BF6E9E103FC0B3,electric_bike,2022-03-23 08:19:05,2022-03-23 08:22:58,Central Ave & Starr Street,4792,Melrose St & Broadway,4801,40.700003,-73.92834,40.697481,-73.935877,member
536649,C171FD4EAEE4E72A,electric_bike,2022-03-23 02:30:44,2022-03-23 02:33:55,Central Ave & Starr Street,4792,Melrose St & Broadway,4801,40.700003,-73.92834,40.697481,-73.935877,casual
536650,61A4D9DBC3BF0258,electric_bike,2022-03-04 14:54:16,2022-03-04 14:58:37,Central Ave & Starr Street,4792,Melrose St & Broadway,4801,40.700003,-73.92834,40.697481,-73.935877,casual
538623,795DC61AC7596836,classic_bike,2022-03-28 12:54:07,2022-03-28 12:56:58,Central Ave & Starr Street,4792,Melrose St & Broadway,4801,40.700003,-73.92834,40.697481,-73.935877,member
538638,014D7AA75EA85014,classic_bike,2022-03-25 14:44:27,2022-03-25 14:48:07,Central Ave & Starr Street,4792,Melrose St & Broadway,4801,40.700003,-73.92834,40.697481,-73.935877,casual
538664,BDE6CA34FE6C3D42,electric_bike,2022-03-22 01:12:39,2022-03-22 01:15:47,Central Ave & Starr Street,4792,Melrose St & Broadway,4801,40.700003,-73.92834,40.697481,-73.935877,casual
538690,CEE55DFDF8244ACC,electric_bike,2022-03-02 08:15:42,2022-03-02 08:20:43,Central Ave & Starr Street,4792,Melrose St & Broadway,4801,40.700003,-73.92834,40.697481,-73.935877,member
538702,542805D10488F108,electric_bike,2022-03-09 08:29:26,2022-03-09 08:32:33,Central Ave & Starr Street,4792,Melrose St & Broadway,4801,40.700003,-73.92834,40.697481,-73.935877,member
538710,9AF3143B64A08911,electric_bike,2022-03-28 13:09:57,2022-03-28 13:13:33,Central Ave & Starr Street,4792,Melrose St & Broadway,4801,40.700003,-73.92834,40.697481,-73.935877,member
539148,FFF8D9266A041A9C,classic_bike,2022-03-21 13:11:53,2022-03-21 13:16:50,Central Ave & Starr Street,4792,Melrose St & Broadway,4801,40.700003,-73.92834,40.697481,-73.935877,member
541158,5A16166555C14E46,classic_bike,2022-03-18 19:28:45,2022-03-18 19:35:35,Central Ave & Starr Street,4792,Melrose St & Broadway,4801,40.700003,-73.92834,40.697481,-73.935877,member
541521,A10213F2453AA3A2,electric_bike,2022-03-16 06:41:51,2022-03-16 06:59:06,Central Ave & Starr Street,4792,Fulton St & Waverly Ave,4345,40.700003,-73.92834,40.68323865460341,-73.96599590778351,member
541522,808583DA8007A4F9,electric_bike,2022-03-15 06:39:12,2022-03-15 06:54:33,Central Ave & Starr Street,4792,Fulton St & Waverly Ave,4345,40.700003,-73.92834,40.68323865460341,-73.96599590778351,member
541523,788BDE43B10533F5,electric_bike,2022-03-01 06:37:09,2022-03-01 06:54:39,Central Ave & Starr Street,4792,Fulton St & Waverly Ave,4345,40.700003,-73.92834,40.68323865460341,-73.96599590778351,member
541527,E6CF05E7443E4350,electric_bike,2022-03-21 06:42:34,2022-03-21 06:58:08,Central Ave & Starr Street,4792,Fulton St & Waverly Ave,4345,40.700003,-73.92834,40.68323865460341,-73.96599590778351,member
541913,F3C62815B239E752,electric_bike,2022-03-22 06:38:53,2022-03-22 06:55:08,Central Ave & Starr Street,4792,Fulton St & Waverly Ave,4345,40.700003,-73.92834,40.68323865460341,-73.96599590778351,member
542056,E3E842C9DB43835A,electric_bike,2022-03-27 02:36:58,2022-03-27 02:39:30,Central Ave & Starr Street,4792,Melrose St & Broadway,4801,40.700003,-73.92834,40.697481,-73.935877,member
542058,A25D3F60EE70BAE9,classic_bike,2022-03-05 10:23:37,2022-03-05 10:27:37,Central Ave & Starr Street,4792,Melrose St & Broadway,4801,40.700003,-73.92834,40.697481,-73.935877,member
542838,CABBBA37651F6801,classic_bike,2022-03-05 22:35:21,2022-03-05 22:57:57,Central Ave & Starr Street,4792,Devoe St & Lorimer St,5259,40.700003,-73.92834,40.71335226222875,-73.9491033554077,casual
542850,830D687A5DE3DFD2,electric_bike,2022-03-07 06:38:31,2022-03-07 06:56:17,Central Ave & Starr Street,4792,Fulton St & Waverly Ave,4345,40.700003,-73.92834,40.68323865460341,-73.96599590778351,member
545327,1453F9F2658EC26C,electric_bike,2022-03-23 06:37:28,2022-03-23 06:52:50,Central Ave & Starr Street,4792,Fulton St & Waverly Ave,4345,40.700003,-73.92834,40.68323865460341,-73.96599590778351,member
545328,CCC5A36404367BB5,electric_bike,2022-03-18 06:44:17,2022-03-18 07:01:12,Central Ave & Starr Street,4792,Fulton St & Waverly Ave,4345,40.700003,-73.92834,40.68323865460341,-73.96599590778351,member
547026,43907AD8DBC182C1,electric_bike,2022-03-08 06:38:39,2022-03-08 06:55:50,Central Ave & Starr Street,4792,Fulton St & Waverly Ave,4345,40.700003,-73.92834,40.68323865460341,-73.96599590778351,member
547027,79E5384C9B5A3E16,electric_bike,2022-03-03 06:38:37,2022-03-03 06:54:31,Central Ave & Starr Street,4792,Fulton St & Waverly Ave,4345,40.700003,-73.92834,40.68323865460341,-73.96599590778351,member
547168,EFAB2EE3EA9FA104,electric_bike,2022-03-22 08:38:40,2022-03-22 08:57:11,Central Ave & Starr Street,4792,Driggs Ave & N 9 St,5411,40.700003,-73.92834,40.71816969454208,-73.95520135760307,member
549312,4D5DE33CA9A72569,electric_bike,2022-03-09 09:08:41,2022-03-09 09:25:47,Central Ave & Starr Street,4792,Driggs Ave & N 9 St,5411,40.700003,-73.92834,40.71816969454208,-73.95520135760307,member
549335,8BFD02A63A0E4190,electric_bike,2022-03-25 06:41:28,2022-03-25 06:57:50,Central Ave & Starr Street,4792,Fulton St & Waverly Ave,4345,40.700003,-73.92834,40.68323865460341,-73.96599590778351,member
549336,3D2DA893FC5C9ADC,electric_bike,2022-03-24 06:43:28,2022-03-24 07:02:08,Central Ave & Starr Street,4792,Fulton St & Waverly Ave,4345,40.700003,-73.92834,40.68323865460341,-73.96599590778351,member
549337,085AD0BFA79DF699,electric_bike,2022-03-11 12:44:41,2022-03-11 12:59:42,Central Ave & Starr Street,4792,Driggs Ave & N 9 St,5411,40.700003,-73.92834,40.71816969454208,-73.95520135760307,member
550373,56231A248C5E2A16,electric_bike,2022-03-10 06:37:22,2022-03-10 06:53:12,Central Ave & Starr Street,4792,Fulton St & Waverly Ave,4345,40.700003,-73.92834,40.68323865460341,-73.96599590778351,member
550645,EA4FA4CB51D18097,electric_bike,2022-03-30 06:29:17,2022-03-30 06:46:27,Central Ave & Starr Street,4792,Fulton St & Waverly Ave,4345,40.700003,-73.92834,40.68323865460341,-73.96599590778351,member
550646,B4E880A9A24149CC,electric_bike,2022-03-14 06:41:44,2022-03-14 06:59:06,Central Ave & Starr Street,4792,Fulton St & Waverly Ave,4345,40.700003,-73.92834,40.68323865460341,-73.96599590778351,member
559660,8ADB0C7D651D5632,electric_bike,2022-03-29 10:03:19,2022-03-29 10:17:34,Central Ave & Starr Street,4792,DeKalb Ave & Franklin Ave,4528,40.700003,-73.92834,40.69064807082943,-73.95746178925037,member
559666,7912B0D32432E0D9,electric_bike,2022-03-29 09:33:12,2022-03-29 09:52:26,Central Ave & Starr Street,4792,Ashland Pl & Dekalb Ave,4513,40.700003,-73.92834,40.690065,-73.978776,casual
574614,12D37EF697AC909E,electric_bike,2022-03-31 14:58:25,2022-03-31 15:11:55,Central Ave & Starr Street,4792,Stagg St & Union Ave,5117,40.700003,-73.92834,40.70877084,-73.95095259,casual
574677,CCFDBFC02B6388D4,electric_bike,2022-03-20 22:31:40,2022-03-20 22:48:04,Central Ave & Starr Street,4792,Stagg St & Union Ave,5117,40.700003,-73.92834,40.70877084,-73.95095259,casual
574697,90BB5E55F3562E6F,classic_bike,2022-03-05 15:32:00,2022-03-05 16:10:05,Central Ave & Starr Street,4792,Ave A & E 11 St,5703,40.700003,-73.92834,40.72854745023944,-73.98175925016403,member
581405,56F3EBDF8D33AE1B,electric_bike,2022-03-05 19:54:13,2022-03-05 20:17:28,Central Ave & Starr Street,4792,Kingston Ave & Herkimer St,4205,40.700003,-73.92834,40.67890679,-73.94142771,casual
591920,59B3495716867CCA,electric_bike,2022-03-28 13:06:47,2022-03-28 13:19:36,Central Ave & Starr Street,4792,Kingston Ave & Herkimer St,4205,40.700003,-73.92834,40.67890679,-73.94142771,member
595489,72E25DDCBB6238FD,electric_bike,2022-03-08 11:49:28,2022-03-08 12:04:00,Central Ave & Starr Street,4792,Kingston Ave & Herkimer St,4205,40.700003,-73.92834,40.67890679,-73.94142771,member
597409,930C119B9C899CD6,classic_bike,2022-03-25 11:55:44,2022-03-25 12:17:44,Central Ave & Starr Street,4792,Grand St & Havemeyer St,5267,40.700003,-73.92834,40.71286844,-73.95698119,member
600805,9FD7051917A9F867,electric_bike,2022-03-11 08:43:54,2022-03-11 08:55:42,Central Ave & Starr Street,4792,Grand St & Havemeyer St,5267,40.700003,-73.92834,40.71286844,-73.95698119,casual
604176,B43097896173AA0A,classic_bike,2022-03-07 19:29:04,2022-03-07 19:41:03,Central Ave & Starr Street,4792,Flushing Ave & Woodward Ave,5225,40.700003,-73.92834,40.71246,-73.91873,member
616941,AB4FF45B06EC66D1,classic_bike,2022-03-23 17:04:53,2022-03-23 17:12:50,Central Ave & Starr Street,4792,McKibbin St & Manhattan Ave,4996,40.700003,-73.92834,40.70510918,-73.94407279,member
625584,F4CBC6B1E5F57E28,electric_bike,2022-03-14 08:20:13,2022-03-14 08:38:15,Central Ave & Starr Street,4792,Dean St & Franklin Ave,4107,40.700003,-73.92834,40.67759206937376,-73.955637216568,member
625586,902281300C57E87E,classic_bike,2022-03-11 22:36:46,2022-03-11 22:44:17,Central Ave & Starr Street,4792,McKibbin St & Manhattan Ave,4996,40.700003,-73.92834,40.70510918,-73.94407279,member
625587,BBEB36B91BD9C5F0,electric_bike,2022-03-11 14:22:17,2022-03-11 14:28:55,Central Ave & Starr Street,4792,McKibbin St & Manhattan Ave,4996,40.700003,-73.92834,40.70510918,-73.94407279,member
644669,B59CF1BA1C660F00,classic_bike,2022-03-30 17:23:20,2022-03-30 17:31:39,Central Ave & Starr Street,4792,Grove St & Broadway,4526,40.700003,-73.92834,40.69047,-73.923511,member
644672,25F8B0205805D671,classic_bike,2022-03-14 14:56:15,2022-03-14 15:20:50,Central Ave & Starr Street,4792,Monroe St & Tompkins Ave,4434,40.700003,-73.92834,40.686203,-73.944694,member
644673,CC8BBE7D0EAF9A26,electric_bike,2022-03-21 11:22:00,2022-03-21 11:25:29,Central Ave & Starr Street,4792,Wyckoff Av & Jefferson St,5051,40.700003,-73.92834,40.707165,-73.923711,member
644743,A97ACAE701B98622,electric_bike,2022-03-31 08:37:10,2022-03-31 08:40:48,Central Ave & Starr Street,4792,Wyckoff Av & Jefferson St,5051,40.700003,-73.92834,40.707165,-73.923711,member
644752,48B227C8E527E2BA,electric_bike,2022-03-10 07:51:47,2022-03-10 07:57:13,Central Ave & Starr Street,4792,Wyckoff Av & Jefferson St,5051,40.700003,-73.92834,40.707165,-73.923711,casual
644757,B534AB9056604404,electric_bike,2022-03-11 22:29:57,2022-03-11 22:54:45,Central Ave & Starr Street,4792,S 4 St & Wythe Ave,5204,40.700003,-73.92834,40.71285887,-73.96590294,casual
644873,09E425CA3DE73FCE,classic_bike,2022-03-17 20:27:33,2022-03-17 20:31:50,Central Ave & Starr Street,4792,Wyckoff Av & Jefferson St,5051,40.700003,-73.92834,40.707165,-73.923711,member
644874,F6F56B62DC0A74A6,electric_bike,2022-03-01 08:29:05,2022-03-01 08:32:52,Central Ave & Starr Street,4792,Wyckoff Av & Jefferson St,5051,40.700003,-73.92834,40.707165,-73.923711,member
644875,B298515AC4CBC1BD,classic_bike,2022-03-03 08:13:39,2022-03-03 08:18:57,Central Ave & Starr Street,4792,Wyckoff Av & Jefferson St,5051,40.700003,-73.92834,40.707165,-73.923711,member
645811,7535F3D69735C228,electric_bike,2022-03-23 16:13:09,2022-03-23 16:17:38,Central Ave & Starr Street,4792,Wyckoff Av & Jefferson St,5051,40.700003,-73.92834,40.707165,-73.923711,member
645824,8EF72F8547CAF945,electric_bike,2022-03-01 21:22:14,2022-03-01 21:29:37,Central Ave & Starr Street,4792,Grove St & Broadway,4526,40.700003,-73.92834,40.69047,-73.923511,casual
645864,22914EC186207DBB,electric_bike,2022-03-24 08:15:58,2022-03-24 08:20:33,Central Ave & Starr Street,4792,Wyckoff Av & Jefferson St,5051,40.700003,-73.92834,40.707165,-73.923711,member
646325,2B4071DFE190B87D,electric_bike,2022-03-08 08:19:20,2022-03-08 08:23:54,Central Ave & Starr Street,4792,Wyckoff Av & Jefferson St,5051,40.700003,-73.92834,40.707165,-73.923711,member
648623,2EC1939273F233EB,electric_bike,2022-03-28 17:24:19,2022-03-28 17:27:38,Central Ave & Starr Street,4792,Wyckoff Av & Jefferson St,5051,40.700003,-73.92834,40.707165,-73.923711,member
648650,BC1363DD1AC9FC2F,electric_bike,2022-03-27 09:28:34,2022-03-27 09:32:03,Central Ave & Starr Street,4792,Wyckoff Av & Jefferson St,5051,40.700003,-73.92834,40.707165,-73.923711,member
648655,E8569816396327F5,classic_bike,2022-03-08 11:21:01,2022-03-08 11:25:57,Central Ave & Starr Street,4792,Wyckoff Av & Jefferson St,5051,40.700003,-73.92834,40.707165,-73.923711,member
656684,7726B2EF756974BB,classic_bike,2022-03-01 19:50:04,2022-03-01 19:54:01,Central Ave & Starr Street,4792,Wyckoff Av & Jefferson St,5051,40.700003,-73.92834,40.707165,-73.923711,member
656697,1300189FC53A7E03,classic_bike,2022-03-24 19:36:52,2022-03-24 19:41:34,Central Ave & Starr Street,4792,Wyckoff Av & Jefferson St,5051,40.700003,-73.92834,40.707165,-73.923711,member
656704,CC35BC34EF510F66,classic_bike,2022-03-14 11:23:06,2022-03-14 11:27:26,Central Ave & Starr Street,4792,Wyckoff Av & Jefferson St,5051,40.700003,-73.92834,40.707165,-73.923711,member
656707,280793CFD102925E,electric_bike,2022-03-11 13:09:25,2022-03-11 13:13:53,Central Ave & Starr Street,4792,Wyckoff Av & Jefferson St,5051,40.700003,-73.92834,40.707165,-73.923711,member
656716,0C894FA54E9A83B2,classic_bike,2022-03-25 02:04:47,2022-03-25 02:12:20,Central Ave & Starr Street,4792,Wyckoff Av & Jefferson St,5051,40.700003,-73.92834,40.707165,-73.923711,member
657802,552EED09009CF01A,classic_bike,2022-03-21 09:01:52,2022-03-21 09:05:56,Central Ave & Starr Street,4792,Wyckoff Av & Jefferson St,5051,40.700003,-73.92834,40.707165,-73.923711,member
657807,DCC11BB0F6942A49,electric_bike,2022-03-20 15:53:45,2022-03-20 15:57:16,Central Ave & Starr Street,4792,Wyckoff Av & Jefferson St,5051,40.700003,-73.92834,40.707165,-73.923711,member
657817,88997BFDFF83DD1D,classic_bike,2022-03-10 08:18:34,2022-03-10 08:27:31,Central Ave & Starr Street,4792,Grove St & Broadway,4526,40.700003,-73.92834,40.69047,-73.923511,member
657826,A348082B8B79158C,electric_bike,2022-03-13 20:41:29,2022-03-13 20:54:28,Central Ave & Starr Street,4792,Monroe St & Tompkins Ave,4434,40.700003,-73.92834,40.686203,-73.944694,casual
657832,92195E577498D7F9,classic_bike,2022-03-16 10:38:31,2022-03-16 10:44:21,Central Ave & Starr Street,4792,Wyckoff Av & Jefferson St,5051,40.700003,-73.92834,40.707165,-73.923711,member
657841,1E58AEE9A110F069,electric_bike,2022-03-17 08:13:11,2022-03-17 08:18:08,Central Ave & Starr Street,4792,Wyckoff Av & Jefferson St,5051,40.700003,-73.92834,40.707165,-73.923711,member
657856,3D971973F57BA6AD,electric_bike,2022-03-22 10:02:55,2022-03-22 10:07:01,Central Ave & Starr Street,4792,Wyckoff Av & Jefferson St,5051,40.700003,-73.92834,40.707165,-73.923711,member
657862,2FC1DA4070AC91DD,electric_bike,2022-03-09 01:58:09,2022-03-09 02:03:50,Central Ave & Starr Street,4792,Grove St & Broadway,4526,40.700003,-73.92834,40.69047,-73.923511,casual
657866,5D6A1C37FA6F27BF,electric_bike,2022-03-20 13:13:23,2022-03-20 13:17:03,Central Ave & Starr Street,4792,Wyckoff Av & Jefferson St,5051,40.700003,-73.92834,40.707165,-73.923711,member
657889,26FBF32527B33ADE,electric_bike,2022-03-15 08:13:30,2022-03-15 08:18:10,Central Ave & Starr Street,4792,Wyckoff Av & Jefferson St,5051,40.700003,-73.92834,40.707165,-73.923711,member
657894,309253C70F265E16,electric_bike,2022-03-28 13:03:34,2022-03-28 13:07:36,Central Ave & Starr Street,4792,Wyckoff Av & Jefferson St,5051,40.700003,-73.92834,40.707165,-73.923711,member
657896,0D1BA42C078FCD52,electric_bike,2022-03-25 17:29:38,2022-03-25 17:35:53,Central Ave & Starr Street,4792,Wyckoff Av & Jefferson St,5051,40.700003,-73.92834,40.707165,-73.923711,member
657899,8771492E269565B9,electric_bike,2022-03-21 11:03:50,2022-03-21 11:40:16,Central Ave & Starr Street,4792,S 4 St & Wythe Ave,5204,40.700003,-73.92834,40.71285887,-73.96590294,member
657997,55742F049D83A2B0,electric_bike,2022-03-21 11:02:22,2022-03-21 11:40:03,Central Ave & Starr Street,4792,S 4 St & Wythe Ave,5204,40.700003,-73.92834,40.71285887,-73.96590294,member
658259,46897AEB6249A309,electric_bike,2022-03-13 08:25:18,2022-03-13 08:30:06,Central Ave & Starr Street,4792,Wyckoff Av & Jefferson St,5051,40.700003,-73.92834,40.707165,-73.923711,member
658330,717A00FA37068C62,classic_bike,2022-03-05 23:33:07,2022-03-05 23:38:26,Central Ave & Starr Street,4792,Wyckoff Av & Jefferson St,5051,40.700003,-73.92834,40.707165,-73.923711,member
658353,18AD6BE113042757,classic_bike,2022-03-17 21:16:32,2022-03-17 21:20:35,Central Ave & Starr Street,4792,Wyckoff Av & Jefferson St,5051,40.700003,-73.92834,40.707165,-73.923711,member
658354,9218D50CBBF02902,electric_bike,2022-03-18 11:26:47,2022-03-18 11:30:35,Central Ave & Starr Street,4792,Wyckoff Av & Jefferson St,5051,40.700003,-73.92834,40.707165,-73.923711,member
658366,B6E036905DB901A4,classic_bike,2022-03-05 12:37:59,2022-03-05 12:43:22,Central Ave & Starr Street,4792,Wyckoff Av & Jefferson St,5051,40.700003,-73.92834,40.707165,-73.923711,member
658377,6A7906B53471BBFD,electric_bike,2022-03-16 09:24:08,2022-03-16 09:27:45,Central Ave & Starr Street,4792,Wyckoff Av & Jefferson St,5051,40.700003,-73.92834,40.707165,-73.923711,member
658410,ADD9409C2C0196B3,electric_bike,2022-03-29 08:25:10,2022-03-29 08:29:25,Central Ave & Starr Street,4792,Wyckoff Av & Jefferson St,5051,40.700003,-73.92834,40.707165,-73.923711,member
658411,ED0ACA4BEEF6EBC9,electric_bike,2022-03-10 08:28:32,2022-03-10 08:32:38,Central Ave & Starr Street,4792,Wyckoff Av & Jefferson St,5051,40.700003,-73.92834,40.707165,-73.923711,member
658417,C5D17AFA730F1EC8,classic_bike,2022-03-20 17:44:49,2022-03-20 17:48:47,Central Ave & Starr Street,4792,Wyckoff Av & Jefferson St,5051,40.700003,-73.92834,40.707165,-73.923711,member
674404,083AF5A213240358,electric_bike,2022-03-17 23:52:29,2022-03-17 23:57:06,Central Ave & Starr Street,4792,Suydam St & Broadway,4689,40.700003,-73.92834,40.69544,-73.93223,casual
674465,6FB234D66351CB12,electric_bike,2022-03-17 23:52:40,2022-03-17 23:57:04,Central Ave & Starr Street,4792,Suydam St & Broadway,4689,40.700003,-73.92834,40.69544,-73.93223,casual
674492,59FEA46465B4D8B7,classic_bike,2022-03-29 20:43:32,2022-03-29 20:46:25,Central Ave & Starr Street,4792,Central Ave & Himrod St,4713,40.700003,-73.92834,40.69676,-73.92302,member
674592,525401F1A79E1111,classic_bike,2022-03-08 22:14:38,2022-03-08 22:16:04,Central Ave & Starr Street,4792,Wilson Ave & Troutman St,4864,40.700003,-73.92834,40.70166,-73.92754,member
675095,D42679380933B221,classic_bike,2022-03-15 19:41:19,2022-03-15 20:38:40,Central Ave & Starr Street,4792,Wilson Ave & Troutman St,4864,40.700003,-73.92834,40.70166,-73.92754,member
675925,E6FC5817FD616C37,classic_bike,2022-03-14 13:46:24,2022-03-14 13:47:29,Central Ave & Starr Street,4792,Wilson Ave & Troutman St,4864,40.700003,-73.92834,40.70166,-73.92754,member
680190,996DBEBB2C7A54D4,classic_bike,2022-03-14 21:19:54,2022-03-14 21:21:26,Central Ave & Starr Street,4792,Wilson Ave & Troutman St,4864,40.700003,-73.92834,40.70166,-73.92754,member
681782,29BD5CA5B6BD8CE8,electric_bike,2022-03-16 17:51:58,2022-03-16 18:15:49,Central Ave & Starr Street,4792,Forsyth St & Broome St,5453,40.700003,-73.92834,40.71893904,-73.99266288,casual
682689,24683B4230047F65,electric_bike,2022-03-10 11:10:35,2022-03-10 11:30:26,Central Ave & Starr Street,4792,Forsyth St & Broome St,5453,40.700003,-73.92834,40.71893904,-73.99266288,member
690202,3BDCBC368FEA9ECF,electric_bike,2022-03-06 12:49:00,2022-03-06 12:59:57,Central Ave & Starr Street,4792,Menahan St & Central Ave,4672,40.700003,-73.92834,40.69543,-73.9196,member
700983,810AE6821DE5311F,classic_bike,2022-03-23 16:05:12,2022-03-23 16:14:14,Central Ave & Starr Street,4792,Greene Av & Myrtle Av,4784,40.700003,-73.92834,40.698568,-73.918877,casual
700985,D79A89F82659E8ED,classic_bike,2022-03-07 14:37:25,2022-03-07 14:39:56,Central Ave & Starr Street,4792,Evergreen Ave & Noll St,4873,40.700003,-73.92834,40.70106,-73.93318,member
701001,867A38D6170189E2,classic_bike,2022-03-29 14:52:43,2022-03-29 15:04:45,Central Ave & Starr Street,4792,Evergreen Ave & Noll St,4873,40.700003,-73.92834,40.70106,-73.93318,casual
701002,49438799DDEE7B61,classic_bike,2022-03-31 15:58:14,2022-03-31 16:04:59,Central Ave & Starr Street,4792,Greene Av & Myrtle Av,4784,40.700003,-73.92834,40.698568,-73.918877,casual
701004,15BC613450921964,classic_bike,2022-03-28 14:11:51,2022-03-28 14:14:24,Central Ave & Starr Street,4792,Evergreen Ave & Noll St,4873,40.700003,-73.92834,40.70106,-73.93318,member
704938,FBE54E0C9E0917FB,electric_bike,2022-03-19 13:36:52,2022-03-19 13:39:51,Central Ave & Starr Street,4792,Greene Av & Myrtle Av,4784,40.700003,-73.92834,40.698568,-73.918877,member
706599,99336310E07D63B5,classic_bike,2022-03-06 21:04:24,2022-03-06 21:08:16,Central Ave & Starr Street,4792,Greene Av & Myrtle Av,4784,40.700003,-73.92834,40.698568,-73.918877,member
709729,304C993DAA376899,classic_bike,2022-03-06 16:58:00,2022-03-06 17:01:02,Central Ave & Starr Street,4792,Evergreen Ave & Noll St,4873,40.700003,-73.92834,40.70106,-73.93318,member
720412,DD7A41008DC1D5F3,classic_bike,2022-03-31 21:11:57,2022-03-31 21:24:07,Central Ave & Starr Street,4792,Greene Ave & Nostrand Ave,4519,40.700003,-73.92834,40.6883337,-73.950916,member
720437,22C96E9351DB2905,classic_bike,2022-03-19 23:04:43,2022-03-19 23:21:15,Central Ave & Starr Street,4792,Greene Ave & Nostrand Ave,4519,40.700003,-73.92834,40.6883337,-73.950916,casual
723751,2B964EED054810BD,electric_bike,2022-03-31 22:57:47,2022-03-31 23:10:24,Central Ave & Starr Street,4792,Greene Ave & Nostrand Ave,4519,40.700003,-73.92834,40.6883337,-73.950916,casual
727067,36D2C6DD53AB9C17,electric_bike,2022-03-15 17:21:06,2022-03-15 17:40:26,Central Ave & Starr Street,4792,Kent Ave & N 7 St,5489,40.700003,-73.92834,40.72036775298455,-73.96165072917938,member
751503,3185A83BBDB5DC9C,electric_bike,2022-03-27 07:29:17,2022-03-27 07:32:20,Central Ave & Starr Street,4792,McKibbin St & Bogart St,5059,40.700003,-73.92834,40.706237,-73.933871,member
751509,247D39462DC5BFAE,classic_bike,2022-03-19 18:45:04,2022-03-19 18:49:23,Central Ave & Starr Street,4792,McKibbin St & Bogart St,5059,40.700003,-73.92834,40.706237,-73.933871,casual
754739,9F1831FC384A6F3F,electric_bike,2022-03-10 10:42:31,2022-03-10 10:46:40,Central Ave & Starr Street,4792,McKibbin St & Bogart St,5059,40.700003,-73.92834,40.706237,-73.933871,member
754766,7EF25639E4E9E849,classic_bike,2022-03-11 16:15:07,2022-03-11 16:18:49,Central Ave & Starr Street,4792,McKibbin St & Bogart St,5059,40.700003,-73.92834,40.706237,-73.933871,member
754768,8A3AA76999F25C4B,electric_bike,2022-03-02 08:00:57,2022-03-02 08:04:35,Central Ave & Starr Street,4792,McKibbin St & Bogart St,5059,40.700003,-73.92834,40.706237,-73.933871,member
754792,74EE44A37D57EA31,electric_bike,2022-03-10 07:24:08,2022-03-10 07:28:08,Central Ave & Starr Street,4792,McKibbin St & Bogart St,5059,40.700003,-73.92834,40.706237,-73.933871,member
754793,56D260324CD829C6,classic_bike,2022-03-04 23:31:26,2022-03-04 23:41:20,Central Ave & Starr Street,4792,Graham Ave & Grand St,5178,40.700003,-73.92834,40.711863,-73.944024,member
761365,4680B4A1AAA2065E,electric_bike,2022-03-11 13:57:46,2022-03-11 14:01:20,Central Ave & Starr Street,4792,McKibbin St & Bogart St,5059,40.700003,-73.92834,40.706237,-73.933871,casual
761380,DFE92AE2C37435DE,electric_bike,2022-03-16 08:23:09,2022-03-16 08:26:25,Central Ave & Starr Street,4792,McKibbin St & Bogart St,5059,40.700003,-73.92834,40.706237,-73.933871,member
761383,F241BC27770A611C,electric_bike,2022-03-11 11:17:05,2022-03-11 11:28:08,Central Ave & Starr Street,4792,Graham Ave & Grand St,5178,40.700003,-73.92834,40.711863,-73.944024,casual
761419,19555BB027210C90,electric_bike,2022-03-08 07:44:11,2022-03-08 07:48:27,Central Ave & Starr Street,4792,McKibbin St & Bogart St,5059,40.700003,-73.92834,40.706237,-73.933871,member
761421,E63E4745A3D77FFC,classic_bike,2022-03-31 11:31:50,2022-03-31 11:35:21,Central Ave & Starr Street,4792,McKibbin St & Bogart St,5059,40.700003,-73.92834,40.706237,-73.933871,member
761432,3290F07A22DCEE7F,classic_bike,2022-03-12 01:44:50,2022-03-12 01:51:45,Central Ave & Starr Street,4792,McKibbin St & Bogart St,5059,40.700003,-73.92834,40.706237,-73.933871,member
761445,527377C0C9C5AAB3,electric_bike,2022-03-19 11:02:20,2022-03-19 11:10:54,Central Ave & Starr Street,4792,Graham Ave & Grand St,5178,40.700003,-73.92834,40.711863,-73.944024,casual
762533,2A59DC1813AE1D31,electric_bike,2022-03-23 08:38:32,2022-03-23 08:42:50,Central Ave & Starr Street,4792,McKibbin St & Bogart St,5059,40.700003,-73.92834,40.706237,-73.933871,member
762534,38EA99AFA50792B9,classic_bike,2022-03-18 14:38:58,2022-03-18 14:57:18,Central Ave & Starr Street,4792,Graham Ave & Grand St,5178,40.700003,-73.92834,40.711863,-73.944024,member
762554,A44A70B578D4E72A,electric_bike,2022-03-31 08:23:36,2022-03-31 08:27:16,Central Ave & Starr Street,4792,McKibbin St & Bogart St,5059,40.700003,-73.92834,40.706237,-73.933871,member
767627,3A651B15EA91052A,electric_bike,2022-03-20 17:11:44,2022-03-20 17:22:14,Central Ave & Starr Street,4792,Graham Ave & Grand St,5178,40.700003,-73.92834,40.711863,-73.944024,member
767630,4A306EB17B36FAC8,classic_bike,2022-03-17 11:50:55,2022-03-17 12:06:41,Central Ave & Starr Street,4792,Graham Ave & Grand St,5178,40.700003,-73.92834,40.711863,-73.944024,casual
767659,5D66817473BBF513,classic_bike,2022-03-07 11:07:22,2022-03-07 11:36:56,Central Ave & Starr Street,4792,Leonard St & Church St,5359,40.700003,-73.92834,40.717571,-74.005549,member
767681,52223DDE9A5424DB,electric_bike,2022-03-07 08:23:29,2022-03-07 08:27:11,Central Ave & Starr Street,4792,McKibbin St & Bogart St,5059,40.700003,-73.92834,40.706237,-73.933871,member
767682,E5DC69512E7EF6E8,electric_bike,2022-03-01 16:45:18,2022-03-01 16:49:45,Central Ave & Starr Street,4792,McKibbin St & Bogart St,5059,40.700003,-73.92834,40.706237,-73.933871,member
769296,C40C950F6E845497,electric_bike,2022-03-11 11:32:25,2022-03-11 11:36:57,Central Ave & Starr Street,4792,McKibbin St & Bogart St,5059,40.700003,-73.92834,40.706237,-73.933871,member
769297,A1BF5016F8EF8456,electric_bike,2022-03-26 13:30:51,2022-03-26 13:34:52,Central Ave & Starr Street,4792,McKibbin St & Bogart St,5059,40.700003,-73.92834,40.706237,-73.933871,member
769298,FB8BCCF74C1E2088,classic_bike,2022-03-30 10:57:47,2022-03-30 11:00:53,Central Ave & Starr Street,4792,McKibbin St & Bogart St,5059,40.700003,-73.92834,40.706237,-73.933871,member
769300,72D16F80C0410367,classic_bike,2022-03-03 08:08:10,2022-03-03 08:12:42,Central Ave & Starr Street,4792,McKibbin St & Bogart St,5059,40.700003,-73.92834,40.706237,-73.933871,member
773215,8826E0DBA71E48D8,classic_bike,2022-03-19 19:09:53,2022-03-19 19:35:27,Central Ave & Starr Street,4792,Bedford Ave & Bergen St,4066,40.700003,-73.92834,40.676368,-73.952918,casual
777267,9436632EC68663D3,classic_bike,2022-03-25 15:55:47,2022-03-25 16:04:03,Central Ave & Starr Street,4792,Pulaski St & Marcus Garvey Blvd,4656,40.700003,-73.92834,40.6933982,-73.939877,member
779747,F5DD765D97291FE8,classic_bike,2022-03-19 19:09:53,2022-03-19 19:35:17,Central Ave & Starr Street,4792,Bedford Ave & Bergen St,4066,40.700003,-73.92834,40.676368,-73.952918,member
780544,89248624643596B5,classic_bike,2022-03-20 11:41:08,2022-03-20 12:09:31,Central Ave & Starr Street,4792,Bedford Ave & Bergen St,4066,40.700003,-73.92834,40.676368,-73.952918,member
791618,33DFEFE5D1D6F867,classic_bike,2022-03-16 15:44:23,2022-03-16 15:52:13,Central Ave & Starr Street,4792,Pulaski St & Marcus Garvey Blvd,4656,40.700003,-73.92834,40.6933982,-73.939877,member
801889,84231E93A8E26F4F,electric_bike,2022-03-18 15:20:55,2022-03-18 15:30:33,Central Ave & Starr Street,4792,Halsey St & Tompkins Ave,4319,40.700003,-73.92834,40.6823687,-73.944118,member
821616,0324C0A115E4CACC,electric_bike,2022-03-24 15:37:13,2022-03-24 15:48:08,Central Ave & Starr Street,4792,Halsey St & Tompkins Ave,4319,40.700003,-73.92834,40.6823687,-73.944118,member
822037,200A3E1892F1721F,electric_bike,2022-03-09 15:34:19,2022-03-09 15:47:06,Central Ave & Starr Street,4792,Halsey St & Tompkins Ave,4319,40.700003,-73.92834,40.6823687,-73.944118,member
837510,4138D6FE2E8C58D0,classic_bike,2022-03-16 09:01:22,2022-03-16 09:26:38,Central Ave & Starr Street,4792,Milton St & Franklin St,5752,40.700003,-73.92834,40.72906,-73.95779,casual
837515,7676CF0190C89928,electric_bike,2022-03-22 09:08:07,2022-03-22 09:28:14,Central Ave & Starr Street,4792,Milton St & Franklin St,5752,40.700003,-73.92834,40.72906,-73.95779,casual
851227,B6FB46B273FDA2D5,electric_bike,2022-03-10 09:05:40,2022-03-10 09:28:27,Central Ave & Starr Street,4792,Milton St & Franklin St,5752,40.700003,-73.92834,40.72906,-73.95779,casual
854745,EC4B72CA4B20C26B,electric_bike,2022-03-17 18:20:45,2022-03-17 18:47:55,Central Ave & Starr Street,4792,Berkeley Pl & 6 Ave,4134,40.700003,-73.92834,40.6765304,-73.97846879,casual
867955,21BAAA3382F88567,classic_bike,2022-03-17 09:21:46,2022-03-17 09:47:51,Central Ave & Starr Street,4792,Berkeley Pl & 6 Ave,4134,40.700003,-73.92834,40.6765304,-73.97846879,member
867956,B148CB8D35397F8C,classic_bike,2022-03-16 11:27:12,2022-03-16 11:55:46,Central Ave & Starr Street,4792,Berkeley Pl & 6 Ave,4134,40.700003,-73.92834,40.6765304,-73.97846879,member
870287,0E37D736B4F25D64,electric_bike,2022-03-31 10:23:05,2022-03-31 10:46:05,Central Ave & Starr Street,4792,Berkeley Pl & 6 Ave,4134,40.700003,-73.92834,40.6765304,-73.97846879,member
904694,A4C84D0A38425D40,electric_bike,2022-03-02 23:59:34,2022-03-03 00:05:18,Central Ave & Starr Street,4792,Humboldt St & Varet St,4956,40.700003,-73.92834,40.7031724,-73.940636,casual
910375,CF336039CBBF102B,electric_bike,2022-03-16 08:31:59,2022-03-16 08:53:52,Central Ave & Starr Street,4792,Montague St & Clinton St,4677,40.700003,-73.92834,40.6942715,-73.9923272,member
918705,A737E5595DF945FC,electric_bike,2022-03-27 05:42:39,2022-03-27 05:48:14,Central Ave & Starr Street,4792,Humboldt St & Varet St,4956,40.700003,-73.92834,40.7031724,-73.940636,member
918819,45A189B2666CB095,electric_bike,2022-03-22 09:34:20,2022-03-22 09:57:44,Central Ave & Starr Street,4792,Montague St & Clinton St,4677,40.700003,-73.92834,40.6942715,-73.9923272,member
929271,4BEAECFF43BEC6DC,electric_bike,2022-03-04 09:12:54,2022-03-04 09:42:21,Central Ave & Starr Street,4792,Henry St & Atlantic Ave,4531,40.700003,-73.92834,40.69089272,-73.99612349,casual
940086,A25E5811BD6F9461,electric_bike,2022-03-28 15:44:29,2022-03-28 16:01:17,Central Ave & Starr Street,4792,Marcus Garvey Blvd & Macon St,4278,40.700003,-73.92834,40.682601,-73.938037,member
944473,802AAA9C38EF6DB4,electric_bike,2022-03-11 01:18:27,2022-03-11 01:26:38,Central Ave & Starr Street,4792,Powers St & Olive St,5210,40.700003,-73.92834,40.71323,-73.93894,casual
949589,AB8F47436B351F5D,classic_bike,2022-03-31 17:12:31,2022-03-31 17:14:53,Central Ave & Starr Street,4792,Stockholm St & Wilson Ave,4824,40.700003,-73.92834,40.699304,-73.923044,member
949654,AB474C9CFA59A608,electric_bike,2022-03-14 14:52:12,2022-03-14 15:09:00,Central Ave & Starr Street,4792,Stockholm St & Wilson Ave,4824,40.700003,-73.92834,40.699304,-73.923044,casual
949707,08E0F486EBBFB3D4,classic_bike,2022-03-08 14:29:20,2022-03-08 14:31:44,Central Ave & Starr Street,4792,Stockholm St & Wilson Ave,4824,40.700003,-73.92834,40.699304,-73.923044,member
949708,CDD06B4BA0BCD646,classic_bike,2022-03-30 15:38:25,2022-03-30 15:41:27,Central Ave & Starr Street,4792,Stockholm St & Wilson Ave,4824,40.700003,-73.92834,40.699304,-73.923044,member
949745,9F26DA4B9DB6FA57,electric_bike,2022-03-25 16:23:39,2022-03-25 16:26:21,Central Ave & Starr Street,4792,Stockholm St & Wilson Ave,4824,40.700003,-73.92834,40.699304,-73.923044,member
949798,BAB84A444D3B9606,electric_bike,2022-03-18 12:36:52,2022-03-18 12:39:19,Central Ave & Starr Street,4792,Stockholm St & Wilson Ave,4824,40.700003,-73.92834,40.699304,-73.923044,member
950876,23190E0893DA6075,classic_bike,2022-03-08 16:01:42,2022-03-08 16:04:51,Central Ave & Starr Street,4792,Stockholm St & Wilson Ave,4824,40.700003,-73.92834,40.699304,-73.923044,member
950963,69FD7634108A78B7,classic_bike,2022-03-06 13:24:05,2022-03-06 13:27:15,Central Ave & Starr Street,4792,Stockholm St & Wilson Ave,4824,40.700003,-73.92834,40.699304,-73.923044,member
950977,4463BD015134C31F,electric_bike,2022-03-09 16:04:59,2022-03-09 16:13:00,Central Ave & Starr Street,4792,Stockholm St & Wilson Ave,4824,40.700003,-73.92834,40.699304,-73.923044,casual
954293,56514EF79317A60F,classic_bike,2022-03-24 17:57:41,2022-03-24 17:59:56,Central Ave & Starr Street,4792,Stockholm St & Wilson Ave,4824,40.700003,-73.92834,40.699304,-73.923044,member
954302,DD9C1270F5CA58A7,electric_bike,2022-03-29 15:50:09,2022-03-29 15:58:26,Central Ave & Starr Street,4792,Union Ave & Wallabout St,4818,40.700003,-73.92834,40.70029511,-73.95032283,member
954307,67756AC96E04E45A,electric_bike,2022-03-03 14:22:43,2022-03-03 14:40:26,Central Ave & Starr Street,4792,Stockholm St & Wilson Ave,4824,40.700003,-73.92834,40.699304,-73.923044,member
954323,CE4059C7FA4B34C6,electric_bike,2022-03-17 08:32:03,2022-03-17 08:43:19,Central Ave & Starr Street,4792,Union Ave & Wallabout St,4818,40.700003,-73.92834,40.70029511,-73.95032283,casual
954329,0A29708988B6D5D4,electric_bike,2022-03-22 17:08:02,2022-03-22 17:10:10,Central Ave & Starr Street,4792,Stockholm St & Wilson Ave,4824,40.700003,-73.92834,40.699304,-73.923044,member
954345,18C8858B04A3E8A3,classic_bike,2022-03-19 13:58:05,2022-03-19 14:04:53,Central Ave & Starr Street,4792,Willoughby Ave & Onderdonk Ave,5115,40.700003,-73.92834,40.7098,-73.91727,member
954358,65DCEAA85234E8C6,classic_bike,2022-03-14 17:26:34,2022-03-14 17:29:07,Central Ave & Starr Street,4792,Stockholm St & Wilson Ave,4824,40.700003,-73.92834,40.699304,-73.923044,member
954361,87EE8B38174A1295,classic_bike,2022-03-22 15:08:21,2022-03-22 15:11:05,Central Ave & Starr Street,4792,Stockholm St & Wilson Ave,4824,40.700003,-73.92834,40.699304,-73.923044,casual
954368,3695302B3D131C4A,classic_bike,2022-03-15 13:35:03,2022-03-15 13:38:11,Central Ave & Starr Street,4792,Stockholm St & Wilson Ave,4824,40.700003,-73.92834,40.699304,-73.923044,member
954373,797372B82A287662,electric_bike,2022-03-17 00:42:09,2022-03-17 00:54:16,Central Ave & Starr Street,4792,Union Ave & Wallabout St,4818,40.700003,-73.92834,40.70029511,-73.95032283,member
954376,48208E7AFA90F0DB,electric_bike,2022-03-30 18:59:25,2022-03-30 19:01:35,Central Ave & Starr Street,4792,Stockholm St & Wilson Ave,4824,40.700003,-73.92834,40.699304,-73.923044,member
957856,A3549BCB51D04535,electric_bike,2022-03-25 22:55:58,2022-03-25 23:05:21,Central Ave & Starr Street,4792,Greene Ave & Grandview Ave,5106,40.700003,-73.92834,40.709697,-73.907856,casual
958290,4983DF65F62E5CE0,classic_bike,2022-03-04 17:05:20,2022-03-04 17:16:24,Central Ave & Starr Street,4792,Jefferson St & Cypress Ave,5082,40.700003,-73.92834,40.70907,-73.92157,member
959663,C90974713F22A27E,classic_bike,2022-03-11 09:48:53,2022-03-11 09:57:25,Central Ave & Starr Street,4792,Jefferson St & Cypress Ave,5082,40.700003,-73.92834,40.70907,-73.92157,member
966133,8DE872C672841E55,classic_bike,2022-03-16 09:49:38,2022-03-16 09:55:14,Central Ave & Starr Street,4792,Jefferson St & Cypress Ave,5082,40.700003,-73.92834,40.70907,-73.92157,casual
967214,740121CC93499D22,classic_bike,2022-03-25 19:51:09,2022-03-25 19:56:01,Central Ave & Starr Street,4792,Bushwick Ave & Harman St,4640,40.700003,-73.92834,40.69356,-73.92524,member
967230,D6BA8D1FF107616A,classic_bike,2022-03-21 14:53:54,2022-03-21 15:00:41,Central Ave & Starr Street,4792,Bushwick Ave & Harman St,4640,40.700003,-73.92834,40.69356,-73.92524,member
979465,3509F216647CCB39,electric_bike,2022-03-04 23:02:52,2022-03-04 23:26:42,Central Ave & Starr Street,4792,E 10 St & Avenue A,5659,40.700003,-73.92834,40.72740794,-73.98142006,member
987108,F6007A3EFBD92907,electric_bike,2022-03-21 11:40:14,2022-03-21 11:52:06,Central Ave & Starr Street,4792,Broadway & Roebling St,5125,40.700003,-73.92834,40.70924826276157,-73.96063148975372,member
1009086,4DDA0B3BC495C598,classic_bike,2022-03-18 12:04:32,2022-03-18 12:15:19,Central Ave & Starr Street,4792,Scholes St & Manhattan Ave,5108,40.700003,-73.92834,40.70870368,-73.9448625,casual
1012567,CC624DF82A4948C0,electric_bike,2022-03-18 14:16:17,2022-03-18 14:27:03,Central Ave & Starr Street,4792,Scholes St & Manhattan Ave,5108,40.700003,-73.92834,40.70870368,-73.9448625,member
1012587,A36F895AE6793045,electric_bike,2022-03-19 15:37:18,2022-03-19 15:47:42,Central Ave & Starr Street,4792,Scholes St & Manhattan Ave,5108,40.700003,-73.92834,40.70870368,-73.9448625,member
1015118,2EB59973EE587A9B,electric_bike,2022-03-08 20:36:57,2022-03-08 20:46:42,Central Ave & Starr Street,4792,Irving Ave & Palmetto St,4775,40.700003,-73.92834,40.698,-73.9127,casual
1022174,8438FF8B561E016C,electric_bike,2022-03-08 20:36:52,2022-03-08 20:46:40,Central Ave & Starr Street,4792,Irving Ave & Palmetto St,4775,40.700003,-73.92834,40.698,-73.9127,casual
1031269,094730159DA8290A,electric_bike,2022-03-23 21:51:24,2022-03-23 22:07:02,Central Ave & Starr Street,4792,Underhill Ave & Pacific St,4231,40.700003,-73.92834,40.6804836,-73.9646795,member
1035881,46BB9CDD093309EA,electric_bike,2022-03-22 20:24:33,2022-03-23 21:24:15,Central Ave & Starr Street,4792,,nan,40.700003,-73.92834,,,casual
1036740,3AB5C75F9A688C09,classic_bike,2022-03-03 18:34:55,2022-03-03 18:41:24,Central Ave & Starr Street,4792,Hart St & Wyckoff Ave,4971,40.700003,-73.92834,40.704876,-73.919911,casual
1054539,6A5A00C939BD04CA,electric_bike,2022-03-20 00:30:40,2022-03-20 00:45:42,Central Ave & Starr Street,4792,Bayard St & Leonard St,5442,40.700003,-73.92834,40.71915571696044,-73.94885390996933,member
1054632,52397E5F69A9C525,classic_bike,2022-03-22 11:12:07,2022-03-22 11:32:24,Central Ave & Starr Street,4792,Broadway & Berry St,5164,40.700003,-73.92834,40.71044554,-73.96525063,member
1067530,281089CC35DFC0EB,electric_bike,2022-03-16 21:37:58,2022-03-16 22:15:58,Central Ave & Starr Street,4792,Irving Ave & Harman St,4856,40.700003,-73.92834,40.70108,-73.9179,casual
1072099,80ACD4035F05ACD3,classic_bike,2022-03-02 14:36:38,2022-03-02 14:41:49,Central Ave & Starr Street,4792,Irving Ave & Harman St,4856,40.700003,-73.92834,40.70108,-73.9179,member
1108118,0EC73B0BC89C85D1,electric_bike,2022-03-13 15:42:25,2022-03-13 15:52:42,Central Ave & Starr Street,4792,Hope St & Union Ave,5187,40.700003,-73.92834,40.71167351,-73.95141312,member
1122163,012532F21D133FF2,classic_bike,2022-03-15 22:51:47,2022-03-15 22:57:34,Central Ave & Starr Street,4792,Central Ave & Woodbine St,4632,40.700003,-73.92834,40.69296,-73.91605,member
1122211,F2B848547A503BB4,electric_bike,2022-03-02 19:41:03,2022-03-02 19:45:29,Central Ave & Starr Street,4792,Central Ave & Woodbine St,4632,40.700003,-73.92834,40.69296,-73.91605,member
1122248,2C00193F5FBA60EC,electric_bike,2022-03-31 22:19:41,2022-03-31 22:25:08,Central Ave & Starr Street,4792,Lewis Ave & Kosciuszko St,4617,40.700003,-73.92834,40.69237074,-73.93705428,member
1123538,1D05A97944E9F8EE,electric_bike,2022-03-09 18:34:46,2022-03-09 18:39:34,Central Ave & Starr Street,4792,Central Ave & Woodbine St,4632,40.700003,-73.92834,40.69296,-73.91605,casual
1125272,9C99FE2A1B0DDA5E,electric_bike,2022-03-06 13:39:00,2022-03-06 13:43:05,Central Ave & Starr Street,4792,Central Ave & Woodbine St,4632,40.700003,-73.92834,40.69296,-73.91605,member
1143324,F0A2951B02D38081,electric_bike,2022-03-19 20:00:47,2022-03-19 20:16:03,Central Ave & Starr Street,4792,Norman St & Wyckoff Ave,4654,40.700003,-73.92834,40.69517,-73.90311,casual
1166193,33FCF12283280ADB,classic_bike,2022-03-07 19:00:07,2022-03-07 19:23:42,Central Ave & Starr Street,4792,Bergen St & Smith St,4446,40.700003,-73.92834,40.6867443,-73.99063168,member
1166203,F30AD842ECEA4161,electric_bike,2022-03-07 10:20:52,2022-03-07 11:11:09,Central Ave & Starr Street,4792,Lafayette Ave & Ft Greene Pl,4470,40.700003,-73.92834,40.68700231292619,-73.97664964199066,casual
1191399,355885C800A017EF,classic_bike,2022-03-24 10:50:56,2022-03-24 11:12:45,Central Ave & Starr Street,4792,Hanson Pl & Ashland Pl,4395,40.700003,-73.92834,40.68506807308177,-73.97790759801863,member
1191525,21A7AADE4F7E12BA,electric_bike,2022-03-27 18:48:42,2022-03-27 19:10:01,Central Ave & Starr Street,4792,Hanson Pl & Ashland Pl,4395,40.700003,-73.92834,40.68506807308177,-73.97790759801863,member
1201673,2F1CB90478223378,electric_bike,2022-03-18 20:29:03,2022-03-18 20:54:57,Central Ave & Starr Street,4792,Greenpoint Ave & Manhattan Ave,5785,40.700003,-73.92834,40.73026,-73.95394,member
1201676,A3E5267ED7773E5E,classic_bike,2022-03-19 13:53:50,2022-03-19 14:20:30,Central Ave & Starr Street,4792,Hanson Pl & Ashland Pl,4395,40.700003,-73.92834,40.68506807308177,-73.97790759801863,casual
1202564,17F681DB1C228F66,electric_bike,2022-03-14 08:25:14,2022-03-14 08:55:46,Central Ave & Starr Street,4792,2 Ave & E 29 St,6122,40.700003,-73.92834,40.74172351097472,-73.97809267044067,member
1209397,14BC2953CC775B27,classic_bike,2022-03-20 12:07:15,2022-03-20 12:19:14,Central Ave & Starr Street,4792,Morgan Ave & Maspeth Ave,5354,40.700003,-73.92834,40.716657,-73.93637,casual
1209410,47318EA080D598E9,classic_bike,2022-03-11 19:33:08,2022-03-11 19:38:52,Central Ave & Starr Street,4792,Montrose Ave & Bushwick Ave,5068,40.700003,-73.92834,40.70767788,-73.94016171,member
1209414,73C6A2D4E74215FB,electric_bike,2022-03-29 23:24:25,2022-03-29 23:31:36,Central Ave & Starr Street,4792,Lewis Ave & Madison St,4425,40.700003,-73.92834,40.686312,-73.935775,casual
1209423,CAA3C3DE26AF9802,classic_bike,2022-03-13 19:31:36,2022-03-13 19:40:27,Central Ave & Starr Street,4792,Montrose Ave & Bushwick Ave,5068,40.700003,-73.92834,40.70767788,-73.94016171,member
1209852,2E1DBD3FC6364FD0,electric_bike,2022-03-26 12:26:58,2022-03-26 12:34:16,Central Ave & Starr Street,4792,Montrose Ave & Bushwick Ave,5068,40.700003,-73.92834,40.70767788,-73.94016171,member
1209854,494577D27E116069,electric_bike,2022-03-05 20:01:58,2022-03-05 20:09:15,Central Ave & Starr Street,4792,Lewis Ave & Madison St,4425,40.700003,-73.92834,40.686312,-73.935775,member
1216826,87F2122205D3DC26,electric_bike,2022-03-01 14:37:40,2022-03-01 14:44:21,Central Ave & Starr Street,4792,Montrose Ave & Bushwick Ave,5068,40.700003,-73.92834,40.70767788,-73.94016171,member
1216829,C7BECDE6C25C3D63,electric_bike,2022-03-04 07:48:58,2022-03-04 07:57:14,Central Ave & Starr Street,4792,Montrose Ave & Bushwick Ave,5068,40.700003,-73.92834,40.70767788,-73.94016171,member
1216858,40502CC443B45791,electric_bike,2022-03-16 18:46:28,2022-03-16 19:03:21,Central Ave & Starr Street,4792,N 6 St & Bedford Ave,5379,40.700003,-73.92834,40.71745169,-73.95850939,casual
1219253,EF46C1C58E89DAF8,electric_bike,2022-03-22 07:57:14,2022-03-22 08:03:32,Central Ave & Starr Street,4792,Montrose Ave & Bushwick Ave,5068,40.700003,-73.92834,40.70767788,-73.94016171,member
1219258,B179DB991FB5E94E,electric_bike,2022-03-24 18:16:24,2022-03-24 18:33:05,Central Ave & Starr Street,4792,N 6 St & Bedford Ave,5379,40.700003,-73.92834,40.71745169,-73.95850939,member
1223966,BEF7EE50927E9027,electric_bike,2022-03-23 17:26:32,2022-03-23 18:11:33,Central Ave & Starr Street,4792,N 6 St & Bedford Ave,5379,40.700003,-73.92834,40.71745169,-73.95850939,member
1224007,AB3304DD846AC195,electric_bike,2022-03-01 08:01:12,2022-03-01 08:06:59,Central Ave & Starr Street,4792,Montrose Ave & Bushwick Ave,5068,40.700003,-73.92834,40.70767788,-73.94016171,member
1224197,7B2838662DDC67B8,classic_bike,2022-03-18 18:15:46,2022-03-18 18:36:21,Central Ave & Starr Street,4792,DeKalb Ave & S Portland Ave,4546,40.700003,-73.92834,40.68981035,-73.97493121,member
1235790,FB5FBD82354511C5,electric_bike,2022-03-16 12:13:44,2022-03-16 12:32:11,Central Ave & Starr Street,4792,Lafayette Ave & St James Pl,4494,40.700003,-73.92834,40.68851534,-73.9647628,member
1235809,63DFC4743B42CF8D,electric_bike,2022-03-27 15:32:09,2022-03-27 15:41:27,Central Ave & Starr Street,4792,Boerum St & Broadway,5004,40.700003,-73.92834,40.70538077,-73.94976519,member
1257986,35B1BFADD45F17B4,electric_bike,2022-03-19 20:19:14,2022-03-19 20:43:59,Central Ave & Starr Street,4792,Franklin Ave & St Marks Ave,4107,40.700003,-73.92834,40.6758324,-73.9561677,member
1258261,3DDCA3D4E62902BF,classic_bike,2022-03-23 06:57:53,2022-03-23 07:32:44,Central Ave & Starr Street,4792,6 St & 7 Ave,3834,40.700003,-73.92834,40.6686627,-73.97988067,member
1275753,C602EB20349D0A0C,electric_bike,2022-03-07 10:07:17,2022-03-07 10:24:57,Central Ave & Starr Street,4792,Green St & McGuinness Blvd,5860,40.700003,-73.92834,40.73396,-73.95204,member
1284030,56615517A0BA1AE7,electric_bike,2022-03-19 20:41:54,2022-03-19 21:11:45,Central Ave & Starr Street,4792,Emerson Pl & Myrtle Ave,4683,40.700003,-73.92834,40.69363137,-73.96223558,member
1287622,6A89DE508593477D,electric_bike,2022-03-13 18:37:06,2022-03-13 18:51:51,Central Ave & Starr Street,4792,Emerson Pl & Myrtle Ave,4683,40.700003,-73.92834,40.69363137,-73.96223558,member
1287679,96B714BCA743BC4E,electric_bike,2022-03-23 19:36:33,2022-03-23 19:50:52,Central Ave & Starr Street,4792,Emerson Pl & Myrtle Ave,4683,40.700003,-73.92834,40.69363137,-73.96223558,member
1295515,16AE9353528DF00B,electric_bike,2022-03-25 18:54:01,2022-03-25 19:07:35,Central Ave & Starr Street,4792,Emerson Pl & Myrtle Ave,4683,40.700003,-73.92834,40.69363137,-73.96223558,member
1318562,81FC0B0CC7B8A28A,electric_bike,2022-03-23 14:48:11,2022-03-23 14:58:09,Central Ave & Starr Street,4792,Marcy Ave & Lafayette Ave,4476,40.700003,-73.92834,40.6900815,-73.947915,casual
1318571,FE73275A750007BD,electric_bike,2022-03-21 08:28:26,2022-03-21 09:12:56,Central Ave & Starr Street,4792,E 17 St & Broadway,5980,40.700003,-73.92834,40.73704984,-73.99009296,member
1325398,CABF8A73B0A33936,classic_bike,2022-03-17 23:34:47,2022-03-17 23:42:27,Central Ave & Starr Street,4792,Madison St & Cypress Ave,4807,40.700003,-73.92834,40.70068,-73.90742,member
1330819,EE8856373F423EBD,electric_bike,2022-03-27 14:41:43,2022-03-27 14:43:54,Central Ave & Starr Street,4792,Knickerbocker Ave & George St,4979,40.700003,-73.92834,40.704425,-73.92836,member
1330826,45C1DB6BBA03A5B1,classic_bike,2022-03-11 14:55:05,2022-03-11 15:17:42,Central Ave & Starr Street,4792,Broadway & Kosciuszko St,4608,40.700003,-73.92834,40.69329,-73.92852,casual
1345021,694401E936017704,electric_bike,2022-03-17 15:28:10,2022-03-17 15:32:43,Central Ave & Starr Street,4792,Irving Ave & DeKalb Ave,4898,40.700003,-73.92834,40.7027,-73.92095,member
1345029,E2E2CDBD7ACC687F,classic_bike,2022-03-26 13:18:27,2022-03-26 13:21:51,Central Ave & Starr Street,4792,Irving Ave & DeKalb Ave,4898,40.700003,-73.92834,40.7027,-73.92095,member
1345051,E230EDA945BFF4D6,classic_bike,2022-03-29 15:39:09,2022-03-29 16:02:05,Central Ave & Starr Street,4792,Lewis Ave & Decatur St,4237,40.700003,-73.92834,40.6814598,-73.934903,member
1351439,61599BB5589A9F75,classic_bike,2022-03-22 07:39:37,2022-03-22 07:44:38,Central Ave & Starr Street,4792,Irving Ave & DeKalb Ave,4898,40.700003,-73.92834,40.7027,-73.92095,member
1351441,36E0848D206702E2,classic_bike,2022-03-14 18:11:02,2022-03-14 19:01:24,Central Ave & Starr Street,4792,Knickerbocker Ave & George St,4979,40.700003,-73.92834,40.704425,-73.92836,member
1354186,A2489C716A897658,electric_bike,2022-03-10 19:02:51,2022-03-10 19:25:39,Central Ave & Starr Street,4792,Bergen St & Flatbush Ave,4281,40.700003,-73.92834,40.680944723477296,-73.97567331790923,casual
1356494,CF727CD247ADDDA1,electric_bike,2022-03-14 20:39:15,2022-03-14 20:47:27,Central Ave & Starr Street,4792,Knickerbocker Ave & George St,4979,40.700003,-73.92834,40.704425,-73.92836,member
1372142,3227823342EF2E01,electric_bike,2022-03-25 19:50:14,2022-03-25 20:01:26,Central Ave & Starr Street,4792,Stanhope St & Fairview Ave,5146,40.700003,-73.92834,40.70998,-73.91116,casual
1372794,4FBD0DEE2F6D5868,electric_bike,2022-03-21 11:30:15,2022-03-21 11:50:13,Central Ave & Starr Street,4792,Union St & Bedford Ave,3879,40.700003,-73.92834,40.6691783,-73.9554162,casual
1377177,A5024DFC78914F0D,electric_bike,2022-03-28 18:18:49,2022-03-28 18:27:21,Central Ave & Starr Street,4792,Menahan St & Seneca Ave,4963,40.700003,-73.92834,40.70461,-73.91054,casual
1382496,2DC0402008194D47,classic_bike,2022-03-06 02:19:00,2022-03-06 02:31:00,Central Ave & Starr Street,4792,Kosciuszko St & Nostrand Ave,4519,40.700003,-73.92834,40.69072549,-73.95133465,member
1408010,203DB31792735604,electric_bike,2022-03-19 16:22:48,2022-03-19 16:43:15,Central Ave & Starr Street,4792,Eastern Pkwy & Franklin Ave,3919,40.700003,-73.92834,40.6707767,-73.9576801,casual
1413253,271EDC6EDBFE8CC9,electric_bike,2022-03-08 14:35:16,2022-03-08 15:11:50,Central Ave & Starr Street,4792,McGuinness Blvd & Eagle St,5977,40.700003,-73.92834,40.73555,-73.95284,casual
1436096,778F6829577AD1CB,classic_bike,2022-03-14 13:01:03,2022-03-14 13:23:35,Central Ave & Starr Street,4792,Eastern Pkwy & Franklin Ave,3919,40.700003,-73.92834,40.6707767,-73.9576801,member
1436115,D58ACD1308CE8FCB,electric_bike,2022-03-29 09:48:43,2022-03-29 10:13:08,Central Ave & Starr Street,4792,McGuinness Blvd & Eagle St,5977,40.700003,-73.92834,40.73555,-73.95284,member
1443630,95174A072732A617,electric_bike,2022-03-15 23:31:03,2022-03-15 23:58:19,Central Ave & Starr Street,4792,Berkeley Pl & 7 Ave,4051,40.700003,-73.92834,40.675146838709786,-73.97523209452629,casual
1491115,4863919B603F68AF,electric_bike,2022-03-17 06:43:12,2022-03-17 06:51:59,Central Ave & Starr Street,4792,Central Ave & Covert St,4550,40.700003,-73.92834,40.68929,-73.90951,member
1510586,B74CB520EB52B5A3,classic_bike,2022-03-25 19:29:08,2022-03-25 19:42:48,Central Ave & Starr Street,4792,Greene Ave & Throop Ave,4510,40.700003,-73.92834,40.6894932,-73.942061,casual
1522473,33B0740A3160BDA0,electric_bike,2022-03-26 17:18:03,2022-03-26 17:25:43,Central Ave & Starr Street,4792,Greene Ave & Throop Ave,4510,40.700003,-73.92834,40.6894932,-73.942061,member
1523009,063EB9A803F61A7D,electric_bike,2022-03-06 22:07:13,2022-03-06 22:19:34,Central Ave & Starr Street,4792,Greene Ave & Throop Ave,4510,40.700003,-73.92834,40.6894932,-73.942061,casual
1527417,61227D6D0E7E49D9,classic_bike,2022-03-19 17:04:52,2022-03-19 17:16:00,Central Ave & Starr Street,4792,Greene Ave & Throop Ave,4510,40.700003,-73.92834,40.6894932,-73.942061,member
1540215,3CCF4E8E1599D921,electric_bike,2022-03-27 16:55:36,2022-03-27 17:22:39,Central Ave & Starr Street,4792,42 Pl & Northern Blvd,6520,40.700003,-73.92834,40.753091,-73.920603,member
1553356,0ED2E4CB13B78969,electric_bike,2022-03-23 21:21:23,2022-03-23 21:43:17,Central Ave & Starr Street,4792,Prospect Pl & 6 Ave,4166,40.700003,-73.92834,40.6793307,-73.97519523,member
1571878,D144B308DD2DF20A,classic_bike,2022-03-19 22:23:28,2022-03-19 22:30:15,Central Ave & Starr Street,4792,Devoe St & Morgan Ave,5282,40.700003,-73.92834,40.713811,-73.93515,member
1582185,B487A049190A8F37,electric_bike,2022-03-18 16:47:31,2022-03-18 17:16:35,Central Ave & Starr Street,4792,3 St & Prospect Park West,3865,40.700003,-73.92834,40.668132,-73.97363831,casual
1598423,C2081BF70881EA70,electric_bike,2022-03-14 16:15:56,2022-03-14 16:50:03,Central Ave & Starr Street,4792,Grand St & Greene St,5500,40.700003,-73.92834,40.72170005235607,-74.00238141417502,casual
1606908,5BD5902DB4600792,classic_bike,2022-03-16 20:28:06,2022-03-16 20:30:01,Central Ave & Starr Street,4792,Willoughby Ave & Myrtle Ave,4759,40.700003,-73.92834,40.69757,-73.93098,member
1606910,D5D2836CACEDF0E9,electric_bike,2022-03-01 01:25:47,2022-03-01 01:27:29,Central Ave & Starr Street,4792,Willoughby Ave & Myrtle Ave,4759,40.700003,-73.92834,40.69757,-73.93098,member
1606924,3637765D987885DF,electric_bike,2022-03-04 10:23:23,2022-03-04 10:30:26,Central Ave & Starr Street,4792,Waterbury St & Stagg St,5099,40.700003,-73.92834,40.71019,-73.93734,casual
1607302,8B5AA79CE91DE81F,electric_bike,2022-03-06 01:22:47,2022-03-06 01:30:22,Central Ave & Starr Street,4792,Waterbury St & Stagg St,5099,40.700003,-73.92834,40.71019,-73.93734,casual
1607311,3D61806D4CB8858D,electric_bike,2022-03-16 00:06:27,2022-03-16 00:12:57,Central Ave & Starr Street,4792,Knickerbocker Ave & Halsey St,4623,40.700003,-73.92834,40.693,-73.90824,member
1612748,A3F559F785D44F03,electric_bike,2022-03-18 23:18:48,2022-03-18 23:25:34,Central Ave & Starr Street,4792,Knickerbocker Ave & Halsey St,4623,40.700003,-73.92834,40.693,-73.90824,member
1618338,F9EFA69B3B1DA5C3,electric_bike,2022-03-08 00:26:24,2022-03-08 00:27:41,Central Ave & Starr Street,4792,Willoughby Ave & Myrtle Ave,4759,40.700003,-73.92834,40.69757,-73.93098,member
1618358,BC250A62E876F8E4,electric_bike,2022-03-08 18:54:26,2022-03-08 18:56:01,Central Ave & Starr Street,4792,Willoughby Ave & Myrtle Ave,4759,40.700003,-73.92834,40.69757,-73.93098,member
1618375,56E027EC0658B3B9,electric_bike,2022-03-20 02:14:49,2022-03-20 02:22:54,Central Ave & Starr Street,4792,Knickerbocker Ave & Halsey St,4623,40.700003,-73.92834,40.693,-73.90824,casual
1618376,0921D30F0452281B,electric_bike,2022-03-19 18:35:28,2022-03-19 18:58:10,Central Ave & Starr Street,4792,Waterbury St & Stagg St,5099,40.700003,-73.92834,40.71019,-73.93734,casual
1619386,F6918BBC6C436884,electric_bike,2022-03-18 16:22:10,2022-03-18 16:31:59,Central Ave & Starr Street,4792,Knickerbocker Ave & Halsey St,4623,40.700003,-73.92834,40.693,-73.90824,member
1619431,81B6BC67A9981ED1,electric_bike,2022-03-07 20:04:23,2022-03-07 20:11:34,Central Ave & Starr Street,4792,Knickerbocker Ave & Halsey St,4623,40.700003,-73.92834,40.693,-73.90824,member
1622945,EB6AA5CD6770B297,electric_bike,2022-03-30 12:12:37,2022-03-30 12:22:43,Central Ave & Starr Street,4792,Willoughby Ave & Myrtle Ave,4759,40.700003,-73.92834,40.69757,-73.93098,casual
1627235,6CD2B864C3EC3A91,classic_bike,2022-03-07 19:08:16,2022-03-07 19:14:38,Central Ave & Starr Street,4792,Suydam St & St. Nicholas Ave,5043,40.700003,-73.92834,40.70636,-73.91945,member
1627769,6E096C889995DF73,classic_bike,2022-03-20 16:35:24,2022-03-20 16:40:14,Central Ave & Starr Street,4792,Suydam St & St. Nicholas Ave,5043,40.700003,-73.92834,40.70636,-73.91945,member
1631739,CC69CF0327C4491B,classic_bike,2022-03-03 20:20:05,2022-03-03 20:27:40,Central Ave & Starr Street,4792,Suydam St & St. Nicholas Ave,5043,40.700003,-73.92834,40.70636,-73.91945,member
1631741,AA5146B992948C5F,electric_bike,2022-03-05 09:48:53,2022-03-05 09:56:37,Central Ave & Starr Street,4792,Suydam St & St. Nicholas Ave,5043,40.700003,-73.92834,40.70636,-73.91945,casual
1639947,91509AF96984CE6E,electric_bike,2022-03-19 12:23:35,2022-03-19 13:06:49,Central Ave & Starr Street,4792,11 Ave & W 27 St,6425,40.700003,-73.92834,40.751396,-74.005226,member
1639977,78EED1EB275EE7B2,classic_bike,2022-03-30 21:07:15,2022-03-30 21:39:15,Central Ave & Starr Street,4792,Bushwick Ave & Forrest St,4914,40.700003,-73.92834,40.70076,-73.93641,casual
1644866,7EEA30F416AA388F,electric_bike,2022-03-16 15:33:30,2022-03-16 16:17:10,Central Ave & Starr Street,4792,11 Ave & W 27 St,6425,40.700003,-73.92834,40.751396,-74.005226,member
1646835,3470518E653EC7E2,electric_bike,2022-03-19 18:53:35,2022-03-19 19:01:13,Central Ave & Starr Street,4792,Knickerbocker Ave & Hancock St,4663,40.700003,-73.92834,40.69385,-73.90974,member
1647606,E813DE6F01966734,electric_bike,2022-03-20 10:41:05,2022-03-20 11:11:56,Central Ave & Starr Street,4792,Sands St & Jay St,4821,40.700003,-73.92834,40.700119,-73.9862,casual
1649311,EFF07A130EA652D9,electric_bike,2022-03-31 11:31:43,2022-03-31 11:55:54,Central Ave & Starr Street,4792,Sands St & Jay St,4821,40.700003,-73.92834,40.700119,-73.9862,casual
1649332,968056D2576E493A,electric_bike,2022-03-18 01:05:17,2022-03-18 01:13:37,Central Ave & Starr Street,4792,Knickerbocker Ave & Hancock St,4663,40.700003,-73.92834,40.69385,-73.90974,casual
1655091,47A39C226D4A7851,electric_bike,2022-03-14 17:58:30,2022-03-14 18:05:50,Central Ave & Starr Street,4792,Knickerbocker Ave & Hancock St,4663,40.700003,-73.92834,40.69385,-73.90974,member
1657522,00606A0FF1548598,electric_bike,2022-03-18 01:04:26,2022-03-18 01:13:34,Central Ave & Starr Street,4792,Knickerbocker Ave & Hancock St,4663,40.700003,-73.92834,40.69385,-73.90974,casual
1658257,B68CCEF14DBAA100,electric_bike,2022-03-19 11:59:11,2022-03-19 12:07:36,Central Ave & Starr Street,4792,Knickerbocker Ave & Hancock St,4663,40.700003,-73.92834,40.69385,-73.90974,member
1658621,FF27E039650B8429,electric_bike,2022-03-08 09:48:44,2022-03-08 09:53:57,Central Ave & Starr Street,4792,Stagg St & Morgan Ave,5170,40.700003,-73.92834,40.710681,-73.93372,casual
1658623,D981554AA4F0B3D8,electric_bike,2022-03-07 12:00:53,2022-03-07 12:05:37,Central Ave & Starr Street,4792,Stagg St & Morgan Ave,5170,40.700003,-73.92834,40.710681,-73.93372,casual
1664678,C58BB23FA2402BFC,electric_bike,2022-03-11 10:41:38,2022-03-11 10:46:20,Central Ave & Starr Street,4792,Stagg St & Morgan Ave,5170,40.700003,-73.92834,40.710681,-73.93372,casual
1668265,9A8D740F0E6D9627,electric_bike,2022-03-08 08:59:21,2022-03-08 09:06:27,Central Ave & Starr Street,4792,Stagg St & Morgan Ave,5170,40.700003,-73.92834,40.710681,-73.93372,casual
1668597,28347855D5AE84D9,electric_bike,2022-03-16 01:03:55,2022-03-16 01:11:13,Central Ave & Starr Street,4792,Stagg St & Morgan Ave,5170,40.700003,-73.92834,40.710681,-73.93372,casual
1678470,D4BD57159573F5BB,electric_bike,2022-03-11 17:20:08,2022-03-11 17:28:39,Central Ave & Starr Street,4792,Myrtle Ave & Marcy Ave,4707,40.700003,-73.92834,40.69539817,-73.94954908,casual
1678492,7804E75876401665,classic_bike,2022-03-04 21:39:08,2022-03-04 21:47:45,Central Ave & Starr Street,4792,Myrtle Ave & Marcy Ave,4707,40.700003,-73.92834,40.69539817,-73.94954908,member
1684627,110065BD23E5BA51,electric_bike,2022-03-06 03:53:27,2022-03-06 04:01:17,Central Ave & Starr Street,4792,Myrtle Ave & Marcy Ave,4707,40.700003,-73.92834,40.69539817,-73.94954908,casual
1685614,29A795EC3211A25C,classic_bike,2022-03-19 13:52:24,2022-03-19 14:03:01,Central Ave & Starr Street,4792,Myrtle Ave & Marcy Ave,4707,40.700003,-73.92834,40.69539817,-73.94954908,member
1692156,8E1B038BC82703F5,classic_bike,2022-03-26 13:11:46,2022-03-26 13:18:17,Central Ave & Starr Street,4792,Willoughby Ave & Wyckoff Ave,5010,40.700003,-73.92834,40.705614,-73.92153,member
1692158,63837D90C1DC36E9,electric_bike,2022-03-06 09:57:48,2022-03-06 10:01:24,Central Ave & Starr Street,4792,Willoughby Ave & Wyckoff Ave,5010,40.700003,-73.92834,40.705614,-73.92153,member
1692164,81DFBAAB19B99670,classic_bike,2022-03-20 14:40:14,2022-03-20 14:58:27,Central Ave & Starr Street,4792,DeKalb Ave & Vanderbilt Ave,4461,40.700003,-73.92834,40.68940747,-73.96885458,member
1693755,03795EE72BF1E867,classic_bike,2022-03-04 15:42:56,2022-03-04 15:50:16,Central Ave & Starr Street,4792,Willoughby Ave & Wyckoff Ave,5010,40.700003,-73.92834,40.705614,-73.92153,casual
1695775,8BB8CD72117FD133,electric_bike,2022-03-20 10:02:14,2022-03-20 10:05:19,Central Ave & Starr Street,4792,Willoughby Ave & Wyckoff Ave,5010,40.700003,-73.92834,40.705614,-73.92153,member
1695780,AC89970ED41C218A,classic_bike,2022-03-23 10:01:40,2022-03-23 10:04:58,Central Ave & Starr Street,4792,Willoughby Ave & Wyckoff Ave,5010,40.700003,-73.92834,40.705614,-73.92153,member
1695791,372EED95D3370FC5,electric_bike,2022-03-24 09:58:11,2022-03-24 10:01:15,Central Ave & Starr Street,4792,Willoughby Ave & Wyckoff Ave,5010,40.700003,-73.92834,40.705614,-73.92153,member
1702089,CD0AD88128A88530,classic_bike,2022-03-15 09:31:45,2022-03-15 09:35:38,Central Ave & Starr Street,4792,Willoughby Ave & Wyckoff Ave,5010,40.700003,-73.92834,40.705614,-73.92153,member
1702107,926A71DD17ED00A8,classic_bike,2022-03-14 10:48:27,2022-03-14 10:52:24,Central Ave & Starr Street,4792,Willoughby Ave & Wyckoff Ave,5010,40.700003,-73.92834,40.705614,-73.92153,member
1703075,CBBD33FAD768A7B7,classic_bike,2022-03-18 17:43:27,2022-03-18 18:03:32,Central Ave & Starr Street,4792,DeKalb Ave & Vanderbilt Ave,4461,40.700003,-73.92834,40.68940747,-73.96885458,member
1703079,78A0444E4FE01DEA,classic_bike,2022-03-26 20:31:32,2022-03-26 20:35:32,Central Ave & Starr Street,4792,Willoughby Ave & Wyckoff Ave,5010,40.700003,-73.92834,40.705614,-73.92153,casual
1703081,E2A98AAC31356006,electric_bike,2022-03-20 14:51:49,2022-03-20 14:57:08,Central Ave & Starr Street,4792,Willoughby Ave & Wyckoff Ave,5010,40.700003,-73.92834,40.705614,-73.92153,casual
1703187,F8D1F9C4183EFAF7,classic_bike,2022-03-26 20:31:25,2022-03-26 20:35:25,Central Ave & Starr Street,4792,Willoughby Ave & Wyckoff Ave,5010,40.700003,-73.92834,40.705614,-73.92153,member
1703514,4829281A1874C1E7,electric_bike,2022-03-07 09:55:19,2022-03-07 09:58:28,Central Ave & Starr Street,4792,Willoughby Ave & Wyckoff Ave,5010,40.700003,-73.92834,40.705614,-73.92153,member
1706416,F3405BAFCE5EE8E0,classic_bike,2022-03-07 13:34:40,2022-03-07 13:38:33,Central Ave & Starr Street,4792,Willoughby Ave & Wyckoff Ave,5010,40.700003,-73.92834,40.705614,-73.92153,member
1712134,3D86CDEB7963E32D,classic_bike,2022-03-26 13:08:54,2022-03-26 13:35:15,Central Ave & Starr Street,4792,Sullivan Pl & Franklin Ave,3704,40.700003,-73.92834,40.66407983678161,-73.96025128666679,member
1713074,E3C691885281CBE4,electric_bike,2022-03-10 17:22:31,2022-03-10 18:02:52,Central Ave & Starr Street,4792,Ditmars Blvd & 79 St,6994,40.700003,-73.92834,40.768728,-73.890745,casual
1716939,A1CEBF5E0341365D,electric_bike,2022-03-30 12:43:21,2022-03-30 12:46:51,Central Ave & Starr Street,4792,White St & Moore St,4987,40.700003,-73.92834,40.704508,-73.9351,member
1720977,653C49CB46255C3A,classic_bike,2022-03-02 12:48:00,2022-03-02 12:53:11,Central Ave & Starr Street,4792,White St & Moore St,4987,40.700003,-73.92834,40.704508,-73.9351,member
1725191,5DDE0967ACE4B08C,classic_bike,2022-03-14 14:46:41,2022-03-14 15:07:19,Emerson Pl & Myrtle Ave,4683,Central Ave & Starr Street,4792,40.69363137,-73.96223558,40.700003,-73.92834,member
1725264,BA2553177E188BC3,electric_bike,2022-03-14 14:33:07,2022-03-14 14:48:08,Kosciuszko St & Tompkins Ave,4553,Central Ave & Starr Street,4792,40.69128258,-73.9452416,40.700003,-73.92834,member
1725267,BA0D94FA3E13424A,electric_bike,2022-03-20 20:21:39,2022-03-20 20:32:15,Kosciuszko St & Tompkins Ave,4553,Central Ave & Starr Street,4792,40.69128258,-73.9452416,40.700003,-73.92834,member
1725306,3EB0450320D3F7B1,electric_bike,2022-03-20 14:38:38,2022-03-20 14:44:17,Wyckoff Av & Stanhope St,4931,Central Ave & Starr Street,4792,40.703545,-73.917775,40.700003,-73.92834,member
1725396,6B3F342675F5F05A,electric_bike,2022-03-07 07:59:46,2022-03-07 08:00:29,Central Ave & Starr Street,4792,Central Ave & Starr Street,4792,40.700003,-73.92834,40.700003,-73.92834,member
1725431,89BE3D09B9B41DDF,electric_bike,2022-03-07 20:46:57,2022-03-07 21:07:37,DeKalb Ave & Hudson Ave,4513,Central Ave & Starr Street,4792,40.689888,-73.981013,40.700003,-73.92834,member
1725521,15C1242AF1F29304,electric_bike,2022-03-22 16:37:43,2022-03-22 17:01:27,Montague St & Clinton St,4677,Central Ave & Starr Street,4792,40.6942715,-73.9923272,40.700003,-73.92834,member
1725583,61BB6EDFF7086489,electric_bike,2022-03-10 18:33:59,2022-03-10 18:37:27,McKibbin St & Bogart St,5059,Central Ave & Starr Street,4792,40.706237,-73.933871,40.700003,-73.92834,member
1725603,9BA52D49C576FFE0,electric_bike,2022-03-29 21:14:32,2022-03-29 21:20:23,McKibbin St & Bogart St,5059,Central Ave & Starr Street,4792,40.706237,-73.933871,40.700003,-73.92834,member
1725685,B79C385381F4C314,classic_bike,2022-03-22 11:03:09,2022-03-22 11:23:34,Melrose St & Broadway,4801,Central Ave & Starr Street,4792,40.697481,-73.935877,40.700003,-73.92834,casual
1725704,1AB0051ECD88B944,electric_bike,2022-03-10 17:48:48,2022-03-10 17:54:47,Stagg St & Morgan Ave,5170,Central Ave & Starr Street,4792,40.710681,-73.93372,40.700003,-73.92834,casual
1725705,2890835BAC163FB1,electric_bike,2022-03-02 18:25:27,2022-03-02 18:31:27,Stagg St & Morgan Ave,5170,Central Ave & Starr Street,4792,40.710681,-73.93372,40.700003,-73.92834,casual
1725745,A2A025A3CAECABAF,electric_bike,2022-03-24 16:22:32,2022-03-24 16:37:13,Metropolitan Ave & Meeker Ave,5300,Central Ave & Starr Street,4792,40.71413311,-73.95234386,40.700003,-73.92834,member
1725746,50E0ABF8E4FCDBA2,classic_bike,2022-03-26 19:13:03,2022-03-26 19:30:04,Metropolitan Ave & Meeker Ave,5300,Central Ave & Starr Street,4792,40.71413311,-73.95234386,40.700003,-73.92834,member
1725808,21CBBDD8AD8092F3,classic_bike,2022-03-22 11:02:38,2022-03-22 11:23:27,Melrose St & Broadway,4801,Central Ave & Starr Street,4792,40.697481,-73.935877,40.700003,-73.92834,casual
1725810,E3EE2DC157B97F50,electric_bike,2022-03-09 07:45:36,2022-03-09 07:49:11,Melrose St & Broadway,4801,Central Ave & Starr Street,4792,40.697481,-73.935877,40.700003,-73.92834,casual
1725818,234FEC9D58042450,electric_bike,2022-03-16 11:35:05,2022-03-16 12:12:32,Melrose St & Broadway,4801,Central Ave & Starr Street,4792,40.697481,-73.935877,40.700003,-73.92834,member
1725882,A193F1CBC55A3F62,classic_bike,2022-03-14 18:17:25,2022-03-14 18:33:31,Kingsland Ave & Nassau Ave,5613,Central Ave & Starr Street,4792,40.72577,-73.94173,40.700003,-73.92834,member
1726088,BC832254B6451F4F,electric_bike,2022-03-09 14:57:53,2022-03-09 15:05:56,Jefferson Ave & Evergreen Ave,4517,Central Ave & Starr Street,4792,40.68989,-73.91458,40.700003,-73.92834,member
1726192,69CAA9A29E7C554D,electric_bike,2022-03-14 22:25:35,2022-03-14 22:43:37,S Portland Ave & Hanson Pl,4354,Central Ave & Starr Street,4792,40.68539567,-73.97431458,40.700003,-73.92834,casual
1726203,A732C94687503A60,classic_bike,2022-03-06 22:21:18,2022-03-06 22:37:35,Grand St & Havemeyer St,5267,Central Ave & Starr Street,4792,40.71286844,-73.95698119,40.700003,-73.92834,member
1726230,295F06B088840C1C,electric_bike,2022-03-19 15:13:51,2022-03-19 15:39:31,India St Pier,5794,Central Ave & Starr Street,4792,40.731734785883454,-73.9612390102593,40.700003,-73.92834,casual
1726251,CF6713B3B93FD32F,classic_bike,2022-03-26 19:39:24,2022-03-26 19:45:27,Bushwick Ave & Harman St,4640,Central Ave & Starr Street,4792,40.69356,-73.92524,40.700003,-73.92834,member
1726257,CD505412E9C88C25,classic_bike,2022-03-10 01:26:57,2022-03-10 01:35:06,Jefferson St & Cypress Ave,5082,Central Ave & Starr Street,4792,40.70907,-73.92157,40.700003,-73.92834,casual
1726277,394285E57E0CC840,electric_bike,2022-03-19 19:21:04,2022-03-19 19:31:12,Greene Ave & Grandview Ave,5106,Central Ave & Starr Street,4792,40.709697,-73.907856,40.700003,-73.92834,member
1726286,C7365DC44BEB6159,electric_bike,2022-03-17 22:02:20,2022-03-17 22:22:32,Vernon Blvd & 50 Ave,6170,Central Ave & Starr Street,4792,40.74232744,-73.95411749,40.700003,-73.92834,member
1726290,20E6A12461DD3220,electric_bike,2022-03-31 08:23:20,2022-03-31 08:33:13,Moffat St & Bushwick,4357,Central Ave & Starr Street,4792,40.68458,-73.90925,40.700003,-73.92834,casual
1726370,6DA940C5AD05FADB,electric_bike,2022-03-07 01:54:18,2022-03-07 02:07:08,Wyckoff Av & Jefferson St,5051,Central Ave & Starr Street,4792,40.707165,-73.923711,40.700003,-73.92834,casual
1726392,4251637A4EC5D1DB,classic_bike,2022-03-19 11:42:00,2022-03-19 11:46:55,McKibbin St & Bogart St,5059,Central Ave & Starr Street,4792,40.706237,-73.933871,40.700003,-73.92834,member
1726585,40D93D65B4282646,electric_bike,2022-03-30 11:24:56,2022-03-30 11:30:00,Bushwick Ave & McKibbin St,5027,Central Ave & Starr Street,4792,40.705517,-73.93936,40.700003,-73.92834,member
1726596,49C9F1B3EB94289A,electric_bike,2022-03-06 16:37:26,2022-03-06 17:20:22,W 52 St & 6 Ave,6740,Central Ave & Starr Street,4792,40.76132983124814,-73.97982001304626,40.700003,-73.92834,member
1726686,1105DB85B5ED67A4,electric_bike,2022-03-08 19:48:43,2022-03-08 20:11:27,E 3 St & 1 Ave,5553,Central Ave & Starr Street,4792,40.72467721,-73.98783413,40.700003,-73.92834,member
1726692,0705FDBA5CE97425,electric_bike,2022-03-30 18:12:29,2022-03-30 18:17:29,Greene Av & Myrtle Av,4784,Central Ave & Starr Street,4792,40.698568,-73.918877,40.700003,-73.92834,member
1726737,F1645E9A5AE683A0,classic_bike,2022-03-23 18:59:58,2022-03-23 19:11:55,Bushwick Ave & Powers St,5250,Central Ave & Starr Street,4792,40.71247661,-73.94100005,40.700003,-73.92834,casual
1726740,7BDB99BACADECB6D,electric_bike,2022-03-23 15:59:54,2022-03-23 16:10:18,Tompkins Ave & Hopkins St,4850,Central Ave & Starr Street,4792,40.69957608,-73.94708417,40.700003,-73.92834,member
1726766,761A48CE3646E122,electric_bike,2022-03-28 06:52:50,2022-03-28 07:01:08,Bushwick Ave & Powers St,5250,Central Ave & Starr Street,4792,40.71247661,-73.94100005,40.700003,-73.92834,member
1726929,78D11A1863896DD6,classic_bike,2022-03-01 20:59:41,2022-03-01 21:03:59,Knickerbocker Ave & Thames St,5018,Central Ave & Starr Street,4792,40.70539,-73.92976,40.700003,-73.92834,member
1726978,643747797A5EE36B,electric_bike,2022-03-24 15:00:05,2022-03-24 15:27:30,Central Ave & Starr Street,4792,Central Ave & Starr Street,4792,40.700003,-73.92834,40.700003,-73.92834,casual
1726980,47A3CCF5E49F8E78,electric_bike,2022-03-19 15:35:13,2022-03-19 15:36:58,Central Ave & Starr Street,4792,Central Ave & Starr Street,4792,40.700003,-73.92834,40.700003,-73.92834,casual
1726988,4403E96A245306F6,classic_bike,2022-03-19 16:28:42,2022-03-19 17:00:54,Central Ave & Starr Street,4792,Driggs Ave & Lorimer St,5481,40.700003,-73.92834,40.72179134,-73.9504154,casual
1726991,427E223A6DB29B0F,electric_bike,2022-03-15 23:27:47,2022-03-15 23:27:49,Central Ave & Starr Street,4792,Central Ave & Starr Street,4792,40.700003,-73.92834,40.700003,-73.92834,casual
1727005,9CA4A4F717A472D8,electric_bike,2022-03-10 02:00:55,2022-03-10 02:06:37,Central Ave & Starr Street,4792,Central Ave & Starr Street,4792,40.700003,-73.92834,40.700003,-73.92834,casual
1727037,E7D4D9842F98AC2B,electric_bike,2022-03-06 16:27:01,2022-03-06 16:34:53,Menahan St & Wyckoff Ave,4890,Central Ave & Starr Street,4792,40.70113,-73.91422,40.700003,-73.92834,member
1727082,79BEFF54BED00B28,electric_bike,2022-03-01 06:50:39,2022-03-01 07:00:59,Kingston Ave & Herkimer St,4205,Central Ave & Starr Street,4792,40.67890679,-73.94142771,40.700003,-73.92834,member
1727087,E66EBC3492F41CC7,electric_bike,2022-03-21 13:34:01,2022-03-21 13:41:21,Bushwick Ave & Linden St,4600,Central Ave & Starr Street,4792,40.69146,-73.92146,40.700003,-73.92834,member
1727095,C54934CDC97A0F64,electric_bike,2022-03-20 14:17:42,2022-03-20 14:23:47,Irving Ave & Palmetto St,4775,Central Ave & Starr Street,4792,40.698,-73.9127,40.700003,-73.92834,casual
1727114,4185E110742067F5,classic_bike,2022-03-13 15:34:39,2022-03-13 15:47:00,Montrose Ave & Bushwick Ave,5068,Central Ave & Starr Street,4792,40.70767788,-73.94016171,40.700003,-73.92834,casual
1727279,35DECBFF7EB2560E,classic_bike,2022-03-29 06:58:49,2022-03-29 07:16:12,Lewis Ave & Decatur St,4237,Central Ave & Starr Street,4792,40.6814598,-73.934903,40.700003,-73.92834,member
1727424,3388EA9737192441,electric_bike,2022-03-18 16:38:29,2022-03-18 16:46:21,Knickerbocker Ave & Halsey St,4623,Central Ave & Starr Street,4792,40.693,-73.90824,40.700003,-73.92834,member
1727517,3B819F4FD4A83B83,electric_bike,2022-03-26 22:25:22,2022-03-26 22:28:18,Willoughby Ave & Wyckoff Ave,5010,Central Ave & Starr Street,4792,40.705614,-73.92153,40.700003,-73.92834,member
1727519,8EF972CC7FB4B2E5,electric_bike,2022-03-30 20:27:35,2022-03-30 20:31:14,Willoughby Ave & Wyckoff Ave,5010,Central Ave & Starr Street,4792,40.705614,-73.92153,40.700003,-73.92834,member
1727520,21DD257276F5D2A3,electric_bike,2022-03-30 15:56:29,2022-03-30 15:59:39,Willoughby Ave & Wyckoff Ave,5010,Central Ave & Starr Street,4792,40.705614,-73.92153,40.700003,-73.92834,member
1727521,050A9AAE1A3D43D0,classic_bike,2022-03-05 17:20:14,2022-03-05 17:26:09,Willoughby Ave & Wyckoff Ave,5010,Central Ave & Starr Street,4792,40.705614,-73.92153,40.700003,-73.92834,member
1727620,28809BF31F70EDD4,electric_bike,2022-03-07 23:06:23,2022-03-07 23:24:44,Stanton St & Chrystie St,5523,Central Ave & Starr Street,4792,40.72229346,-73.99147535,40.700003,-73.92834,member
1727641,775C46C37DEDFF89,electric_bike,2022-03-19 11:43:27,2022-03-19 11:57:30,Myrtle Ave & Marcy Ave,4707,Central Ave & Starr Street,4792,40.69539817,-73.94954908,40.700003,-73.92834,member
1727695,8432675A50BC00B0,electric_bike,2022-03-28 21:47:25,2022-03-28 21:51:07,McKibbin St & Bogart St,5059,Central Ave & Starr Street,4792,40.706237,-73.933871,40.700003,-73.92834,member
1727697,7148B2A22C1965B2,classic_bike,2022-03-11 15:32:00,2022-03-11 15:37:03,McKibbin St & Bogart St,5059,Central Ave & Starr Street,4792,40.706237,-73.933871,40.700003,-73.92834,member
1727700,7ECC05C383B4FC9A,classic_bike,2022-03-19 21:20:12,2022-03-19 21:28:22,McKibbin St & Bogart St,5059,Central Ave & Starr Street,4792,40.706237,-73.933871,40.700003,-73.92834,member
1727701,ED11CD05103EC351,electric_bike,2022-03-10 20:19:34,2022-03-10 20:27:55,Morgan Ave & Lombardy St,5503,Central Ave & Starr Street,4792,40.72226,-73.93889,40.700003,-73.92834,member
1727710,1EE51D0A222CC5B1,electric_bike,2022-03-09 21:53:35,2022-03-09 21:58:37,McKibbin St & Bogart St,5059,Central Ave & Starr Street,4792,40.706237,-73.933871,40.700003,-73.92834,casual
1727718,6EDC6EC2FFEC9E9F,classic_bike,2022-03-14 00:54:16,2022-03-14 01:06:41,Morgan Ave & Lombardy St,5503,Central Ave & Starr Street,4792,40.72226,-73.93889,40.700003,-73.92834,casual
1727722,D4B2A21FC9C3E663,electric_bike,2022-03-28 15:17:24,2022-03-28 15:28:37,Morgan Ave & Lombardy St,5503,Central Ave & Starr Street,4792,40.72226,-73.93889,40.700003,-73.92834,casual
1727752,EF4CFDFFBA5342B2,classic_bike,2022-03-20 14:17:22,2022-03-20 14:21:46,Melrose St & Broadway,4801,Central Ave & Starr Street,4792,40.697481,-73.935877,40.700003,-73.92834,member
1727924,077A58E499A94BA9,electric_bike,2022-03-21 22:25:13,2022-03-21 22:43:44,7 Ave & Park Pl,4125,Central Ave & Starr Street,4792,40.6776147,-73.97324283,40.700003,-73.92834,member
1728033,4CD028B8A1C05D91,classic_bike,2022-03-29 16:39:38,2022-03-29 17:01:18,Central Ave & Starr Street,4792,Central Ave & Starr Street,4792,40.700003,-73.92834,40.700003,-73.92834,casual
1728161,170F38DD7F43C0E1,electric_bike,2022-03-15 23:54:31,2022-03-16 00:01:53,Knickerbocker Ave & Hancock St,4663,Central Ave & Starr Street,4792,40.69385,-73.90974,40.700003,-73.92834,member
1728205,7C681165E9B053B4,electric_bike,2022-03-14 18:44:17,2022-03-14 18:46:18,Suydam St & Knickerbocker Ave,4939,Central Ave & Starr Street,4792,40.702013,-73.923769,40.700003,-73.92834,member
1728259,26A1F7600771E7AD,classic_bike,2022-03-04 15:15:27,2022-03-04 15:19:55,Melrose St & Broadway,4801,Central Ave & Starr Street,4792,40.697481,-73.935877,40.700003,-73.92834,member
1728287,1DD2916B3B361B2F,electric_bike,2022-03-04 17:04:46,2022-03-04 17:09:24,McKibbin St & Bogart St,5059,Central Ave & Starr Street,4792,40.706237,-73.933871,40.700003,-73.92834,member
1728503,8CD60AF3E25975B1,classic_bike,2022-03-23 21:56:56,2022-03-23 22:01:59,McKibbin St & Bogart St,5059,Central Ave & Starr Street,4792,40.706237,-73.933871,40.700003,-73.92834,member
1728504,EACFF108AAA81DA4,electric_bike,2022-03-13 00:08:08,2022-03-13 00:11:43,McKibbin St & Bogart St,5059,Central Ave & Starr Street,4792,40.706237,-73.933871,40.700003,-73.92834,member
1728531,4486AC4E95903387,electric_bike,2022-03-28 15:56:39,2022-03-28 16:04:22,Waterbury St & Stagg St,5099,Central Ave & Starr Street,4792,40.71019,-73.93734,40.700003,-73.92834,member
1728573,FCB247D8B538D0B7,classic_bike,2022-03-18 17:10:07,2022-03-18 17:33:33,Driggs Ave & N 9 St,5411,Central Ave & Starr Street,4792,40.71816969454208,-73.95520135760307,40.700003,-73.92834,casual
1728574,7558C9AECAB3DBA9,electric_bike,2022-03-28 16:18:07,2022-03-28 16:32:44,Driggs Ave & N 9 St,5411,Central Ave & Starr Street,4792,40.71816969454208,-73.95520135760307,40.700003,-73.92834,member
1728613,A28EF5ACED0743D9,electric_bike,2022-03-14 11:38:40,2022-03-14 11:43:53,Humboldt St & Varet St,4956,Central Ave & Starr Street,4792,40.7031724,-73.940636,40.700003,-73.92834,casual
1728745,D985CB3B8EBB4A50,electric_bike,2022-03-22 01:54:47,2022-03-22 01:57:50,Willoughby Ave & Wyckoff Ave,5010,Central Ave & Starr Street,4792,40.705614,-73.92153,40.700003,-73.92834,member
1728747,87248027F687C806,classic_bike,2022-03-13 17:23:48,2022-03-13 17:29:44,Willoughby Ave & Wyckoff Ave,5010,Central Ave & Starr Street,4792,40.705614,-73.92153,40.700003,-73.92834,member
1728752,01C09040B3FC3491,electric_bike,2022-03-08 22:24:07,2022-03-08 22:28:56,Lewis Ave & Kosciuszko St,4617,Central Ave & Starr Street,4792,40.69237074,-73.93705428,40.700003,-73.92834,member
1728953,B620F0266D5FC9C3,classic_bike,2022-03-15 23:23:27,2022-03-15 23:29:55,Stewart Ave & Johnson Ave,5123,Central Ave & Starr Street,4792,40.70869,-73.92587,40.700003,-73.92834,casual
1729044,0C1EA6F078B4A695,classic_bike,2022-03-02 14:23:30,2022-03-02 14:41:35,Monroe St & Bedford Ave,4368,Central Ave & Starr Street,4792,40.6851443,-73.95380904,40.700003,-73.92834,member
1729087,D1763D45B5AECEA8,classic_bike,2022-03-10 22:59:21,2022-03-10 23:04:39,McKibbin St & Bogart St,5059,Central Ave & Starr Street,4792,40.706237,-73.933871,40.700003,-73.92834,member
1729088,9F169F4F93A956D5,classic_bike,2022-03-31 20:14:21,2022-03-31 20:18:49,McKibbin St & Bogart St,5059,Central Ave & Starr Street,4792,40.706237,-73.933871,40.700003,-73.92834,member
1729091,FCF918CDC2E502D0,classic_bike,2022-03-21 01:49:41,2022-03-21 01:54:06,McKibbin St & Bogart St,5059,Central Ave & Starr Street,4792,40.706237,-73.933871,40.700003,-73.92834,member
1729136,179DDCEC087E7AD9,classic_bike,2022-03-08 14:39:30,2022-03-08 15:46:14,Grand Army Plaza & Plaza St West,4010,Central Ave & Starr Street,4792,40.6729679,-73.97087984,40.700003,-73.92834,member
1729178,C23315399412B7B2,electric_bike,2022-03-11 16:47:59,2022-03-11 17:11:16,Ashland Pl & Dekalb Ave,4513,Central Ave & Starr Street,4792,40.690065,-73.978776,40.700003,-73.92834,casual
1729352,160BE92ABA25449A,classic_bike,2022-03-22 19:10:09,2022-03-22 19:13:33,Suydam St & Knickerbocker Ave,4939,Central Ave & Starr Street,4792,40.702013,-73.923769,40.700003,-73.92834,member
1729353,7165AB39EFC9C4C6,electric_bike,2022-03-23 12:44:35,2022-03-23 13:16:03,Suydam St & Knickerbocker Ave,4939,Central Ave & Starr Street,4792,40.702013,-73.923769,40.700003,-73.92834,member
1729379,5841793DB76E7CC9,classic_bike,2022-03-15 18:26:04,2022-03-15 18:29:34,Suydam St & Knickerbocker Ave,4939,Central Ave & Starr Street,4792,40.702013,-73.923769,40.700003,-73.92834,member
1729435,6AE56CDA7E5B31EC,electric_bike,2022-03-17 08:25:23,2022-03-17 08:29:24,Beaver St & Fayette St,4840,Central Ave & Starr Street,4792,40.70099,-73.93921,40.700003,-73.92834,member
1729484,7DEBDECB6A2BF19B,electric_bike,2022-03-31 06:52:31,2022-03-31 07:03:31,Kingston Ave & Herkimer St,4205,Central Ave & Starr Street,4792,40.67890679,-73.94142771,40.700003,-73.92834,member
1729485,E8E943E06328B622,electric_bike,2022-03-17 06:47:28,2022-03-17 06:59:19,Kingston Ave & Herkimer St,4205,Central Ave & Starr Street,4792,40.67890679,-73.94142771,40.700003,-73.92834,member
1729592,AEA0790EC5697D72,electric_bike,2022-03-22 20:02:02,2022-03-22 20:29:30,Bergen St & Smith St,4446,Central Ave & Starr Street,4792,40.6867443,-73.99063168,40.700003,-73.92834,member
1729607,2059B5915873AEAF,classic_bike,2022-03-20 06:32:57,2022-03-20 06:38:06,Irving Ave & DeKalb Ave,4898,Central Ave & Starr Street,4792,40.7027,-73.92095,40.700003,-73.92834,member
1729608,41FE64A1AAABAEC8,electric_bike,2022-03-26 07:44:00,2022-03-26 07:47:08,Irving Ave & DeKalb Ave,4898,Central Ave & Starr Street,4792,40.7027,-73.92095,40.700003,-73.92834,member
1729613,D9165939A6922EF7,electric_bike,2022-03-16 17:59:34,2022-03-16 18:05:01,Irving Ave & DeKalb Ave,4898,Central Ave & Starr Street,4792,40.7027,-73.92095,40.700003,-73.92834,casual
1729641,C268BC87177A1860,classic_bike,2022-03-31 06:56:06,2022-03-31 07:13:07,Lewis Ave & Decatur St,4237,Central Ave & Starr Street,4792,40.6814598,-73.934903,40.700003,-73.92834,member
1729675,960BE1818DF187E1,electric_bike,2022-03-25 06:52:57,2022-03-25 07:03:27,Lewis Ave & Decatur St,4237,Central Ave & Starr Street,4792,40.6814598,-73.934903,40.700003,-73.92834,member
1729690,2723B0E8BEFD0CF6,classic_bike,2022-03-24 21:56:07,2022-03-24 22:02:33,Bushwick Ave & McKibbin St,5027,Central Ave & Starr Street,4792,40.705517,-73.93936,40.700003,-73.92834,member
1729746,57F3B512F5A5C0A7,electric_bike,2022-03-09 06:53:54,2022-03-09 07:05:10,Kingston Ave & Herkimer St,4205,Central Ave & Starr Street,4792,40.67890679,-73.94142771,40.700003,-73.92834,member
1729750,CA14D9CCD1BB6639,electric_bike,2022-03-28 12:10:02,2022-03-28 12:24:08,Kingston Ave & Herkimer St,4205,Central Ave & Starr Street,4792,40.67890679,-73.94142771,40.700003,-73.92834,member
1729751,CFC9A63050312A3E,electric_bike,2022-03-28 17:58:56,2022-03-28 18:10:05,Kingston Ave & Herkimer St,4205,Central Ave & Starr Street,4792,40.67890679,-73.94142771,40.700003,-73.92834,member
1729765,08EDA51B283BC65D,electric_bike,2022-03-02 06:56:11,2022-03-02 07:07:24,Kingston Ave & Herkimer St,4205,Central Ave & Starr Street,4792,40.67890679,-73.94142771,40.700003,-73.92834,member
1729766,7235B0CAEB0307FD,electric_bike,2022-03-16 06:57:03,2022-03-16 07:08:50,Kingston Ave & Herkimer St,4205,Central Ave & Starr Street,4792,40.67890679,-73.94142771,40.700003,-73.92834,member
1729897,A8C604437106B49F,electric_bike,2022-03-01 20:31:12,2022-03-01 20:33:09,Central Ave & Flushing Ave,4947,Central Ave & Starr Street,4792,40.702831,-73.9333,40.700003,-73.92834,member
1729904,8AE131260945372C,classic_bike,2022-03-31 15:24:15,2022-03-31 15:28:56,George St & Wilson Ave,4906,Central Ave & Starr Street,4792,40.702997,-73.92997,40.700003,-73.92834,casual
1729963,FC254E5D805B2C25,electric_bike,2022-03-27 22:29:52,2022-03-27 22:35:43,Devoe St & Morgan Ave,5282,Central Ave & Starr Street,4792,40.713811,-73.93515,40.700003,-73.92834,member
1729971,FDE44078D16A7636,electric_bike,2022-03-16 16:18:43,2022-03-16 16:54:13,Lawrence St & Willoughby St,4596,Central Ave & Starr Street,4792,40.69236178,-73.98631746,40.700003,-73.92834,casual
1729973,96DB1AFA21760A86,electric_bike,2022-03-23 06:56:56,2022-03-23 07:05:34,Bushwick Ave & Powers St,5250,Central Ave & Starr Street,4792,40.71247661,-73.94100005,40.700003,-73.92834,member
1730041,7A866DFE9B0EBA87,electric_bike,2022-03-06 19:09:50,2022-03-06 19:15:35,Stagg St & Morgan Ave,5170,Central Ave & Starr Street,4792,40.710681,-73.93372,40.700003,-73.92834,casual
1730053,FE048EBFF2122CBB,electric_bike,2022-03-31 21:41:35,2022-03-31 21:51:25,Willoughby Ave & Tompkins Ave,4665,Central Ave & Starr Street,4792,40.69425403,-73.94626915,40.700003,-73.92834,casual
1730063,89C1A24B79C775E7,electric_bike,2022-03-02 21:09:10,2022-03-02 21:15:13,Stagg St & Morgan Ave,5170,Central Ave & Starr Street,4792,40.710681,-73.93372,40.700003,-73.92834,member
1730101,A0519B59F780C619,classic_bike,2022-03-13 04:14:12,2022-03-13 04:21:11,Stagg St & Morgan Ave,5170,Central Ave & Starr Street,4792,40.710681,-73.93372,40.700003,-73.92834,member
1730122,78666EEDF9ADFB95,electric_bike,2022-03-10 06:50:01,2022-03-10 07:01:00,Kingston Ave & Herkimer St,4205,Central Ave & Starr Street,4792,40.67890679,-73.94142771,40.700003,-73.92834,member
1730250,A7EC0D4EA73AD4AD,electric_bike,2022-03-17 17:26:22,2022-03-17 17:47:57,Jay St & York St,4895,Central Ave & Starr Street,4792,40.70140317257725,-73.98672670125961,40.700003,-73.92834,member
1730272,7A476CD2E5B55AE4,classic_bike,2022-03-30 18:16:08,2022-03-30 18:53:07,Warren St & Smith St,4371,Central Ave & Starr Street,4792,40.68542400997018,-73.99127773940563,40.700003,-73.92834,member
1730297,3DECECCEE9974951,electric_bike,2022-03-05 14:40:34,2022-03-05 14:51:53,Madison St & Woodward Ave,4954,Central Ave & Starr Street,4792,40.70408,-73.90408,40.700003,-73.92834,member
1730361,62C3A40E5F28A089,electric_bike,2022-03-26 23:00:56,2022-03-26 23:22:10,5 St & 51 Ave,6137,Central Ave & Starr Street,4792,40.7423737,-73.9566,40.700003,-73.92834,member
1730533,60E412553FAA9710,classic_bike,2022-03-16 19:26:19,2022-03-16 19:40:27,S 4 St & Rodney St,5156,Central Ave & Starr Street,4792,40.70934,-73.95608,40.700003,-73.92834,member
1730542,6FA47BDF935C8031,electric_bike,2022-03-01 15:52:51,2022-03-01 16:23:57,Grand St & Havemeyer St,5267,Central Ave & Starr Street,4792,40.71286844,-73.95698119,40.700003,-73.92834,casual
1730544,1960A507EF02EEBD,electric_bike,2022-03-08 20:58:35,2022-03-08 21:02:36,Knickerbocker Ave & Thames St,5018,Central Ave & Starr Street,4792,40.70539,-73.92976,40.700003,-73.92834,member
1730545,95D171674A76B190,electric_bike,2022-03-16 22:29:15,2022-03-16 22:35:46,Knickerbocker Ave & Thames St,5018,Central Ave & Starr Street,4792,40.70539,-73.92976,40.700003,-73.92834,member
1730571,EA2019653054A94F,classic_bike,2022-03-06 22:21:53,2022-03-06 22:37:42,Grand St & Havemeyer St,5267,Central Ave & Starr Street,4792,40.71286844,-73.95698119,40.700003,-73.92834,member
1730572,78D2933FF44D9DDE,classic_bike,2022-03-19 16:19:21,2022-03-19 16:34:46,Grand St & Havemeyer St,5267,Central Ave & Starr Street,4792,40.71286844,-73.95698119,40.700003,-73.92834,member
1730573,E32919F1667EDA35,electric_bike,2022-03-26 16:13:51,2022-03-26 16:32:39,Grand St & Havemeyer St,5267,Central Ave & Starr Street,4792,40.71286844,-73.95698119,40.700003,-73.92834,member
1730585,DF321A38ABDFE3FE,classic_bike,2022-03-18 02:14:07,2022-03-18 02:18:54,Wyckoff Av & Jefferson St,5051,Central Ave & Starr Street,4792,40.707165,-73.923711,40.700003,-73.92834,member
1730587,2BD7C734FADC1E1F,electric_bike,2022-03-20 03:49:42,2022-03-20 03:55:52,Wyckoff Av & Jefferson St,5051,Central Ave & Starr Street,4792,40.707165,-73.923711,40.700003,-73.92834,member
1730596,BD6465AD3306B91E,electric_bike,2022-03-26 22:21:36,2022-03-26 22:39:00,Wythe Ave & Metropolitan Ave,5348,Central Ave & Starr Street,4792,40.716887,-73.963198,40.700003,-73.92834,member
1730613,C67B027E903DE19E,electric_bike,2022-03-17 18:12:28,2022-03-17 18:16:31,Wyckoff Av & Jefferson St,5051,Central Ave & Starr Street,4792,40.707165,-73.923711,40.700003,-73.92834,casual
1730619,DCF1E02DC63BAD5F,classic_bike,2022-03-15 22:45:57,2022-03-15 22:51:22,Wyckoff Av & Jefferson St,5051,Central Ave & Starr Street,4792,40.707165,-73.923711,40.700003,-73.92834,member
1730624,3CCCD0C52A1F8AEF,electric_bike,2022-03-01 06:24:26,2022-03-01 06:31:25,Grove St & Broadway,4526,Central Ave & Starr Street,4792,40.69047,-73.923511,40.700003,-73.92834,casual
1730627,E629C4286A7C532F,classic_bike,2022-03-18 01:09:22,2022-03-18 01:24:00,Knickerbocker Ave & Thames St,5018,Central Ave & Starr Street,4792,40.70539,-73.92976,40.700003,-73.92834,casual
1730636,FE728A47B46F2C59,electric_bike,2022-03-20 20:43:01,2022-03-20 20:46:54,Stewart Ave & Johnson Ave,5123,Central Ave & Starr Street,4792,40.70869,-73.92587,40.700003,-73.92834,member
1730644,F0642955CAFB6651,electric_bike,2022-03-20 20:48:30,2022-03-20 20:52:36,Wyckoff Av & Jefferson St,5051,Central Ave & Starr Street,4792,40.707165,-73.923711,40.700003,-73.92834,member
1730645,E6D85E46E2D26C26,electric_bike,2022-03-21 18:47:05,2022-03-21 18:51:35,Wyckoff Av & Jefferson St,5051,Central Ave & Starr Street,4792,40.707165,-73.923711,40.700003,-73.92834,member
1730664,22A86A17D8E656EE,electric_bike,2022-03-14 17:00:29,2022-03-14 17:04:22,Wyckoff Av & Jefferson St,5051,Central Ave & Starr Street,4792,40.707165,-73.923711,40.700003,-73.92834,member
1730667,29091BF36F8A8837,electric_bike,2022-03-02 19:52:18,2022-03-02 19:56:18,Wyckoff Av & Jefferson St,5051,Central Ave & Starr Street,4792,40.707165,-73.923711,40.700003,-73.92834,member
1730670,93B208DCE66FDB27,electric_bike,2022-03-19 00:51:15,2022-03-19 01:19:26,S 4 St & Wythe Ave,5204,Central Ave & Starr Street,4792,40.71285887,-73.96590294,40.700003,-73.92834,member
1730675,452CBE2A746EA188,electric_bike,2022-03-17 23:39:57,2022-03-17 23:43:24,Wyckoff Av & Jefferson St,5051,Central Ave & Starr Street,4792,40.707165,-73.923711,40.700003,-73.92834,member
1730693,D0B4203B963274B8,electric_bike,2022-03-08 17:10:15,2022-03-08 17:37:18,Bridge St & York St,4853,Central Ave & Starr Street,4792,40.70133448066992,-73.98471236228943,40.700003,-73.92834,member
1730707,3119DFE3657559D3,electric_bike,2022-03-01 21:22:18,2022-03-01 21:26:37,Wyckoff Av & Jefferson St,5051,Central Ave & Starr Street,4792,40.707165,-73.923711,40.700003,-73.92834,casual
1730711,65576B0C8AE4D72D,classic_bike,2022-03-20 01:44:15,2022-03-20 01:49:40,Wyckoff Av & Jefferson St,5051,Central Ave & Starr Street,4792,40.707165,-73.923711,40.700003,-73.92834,member
1730713,D120BA58BBB57515,classic_bike,2022-03-19 18:03:16,2022-03-19 18:16:03,Wyckoff Av & Jefferson St,5051,Central Ave & Starr Street,4792,40.707165,-73.923711,40.700003,-73.92834,member
1730736,11B318E17AE59EB3,electric_bike,2022-03-13 16:55:54,2022-03-13 17:00:49,Wyckoff Av & Jefferson St,5051,Central Ave & Starr Street,4792,40.707165,-73.923711,40.700003,-73.92834,member
1730738,C4A2B5E7567883D4,electric_bike,2022-03-23 19:51:22,2022-03-23 19:55:40,Wyckoff Av & Jefferson St,5051,Central Ave & Starr Street,4792,40.707165,-73.923711,40.700003,-73.92834,member
1730741,609FF6FE56E142C4,classic_bike,2022-03-15 22:42:49,2022-03-15 22:51:40,Wyckoff Av & Jefferson St,5051,Central Ave & Starr Street,4792,40.707165,-73.923711,40.700003,-73.92834,casual
1730885,A03692EBE155ACEC,classic_bike,2022-03-15 17:46:45,2022-03-15 18:04:13,Driggs Ave & N Henry St,5542,Central Ave & Starr Street,4792,40.72325,-73.94308,40.700003,-73.92834,member
1730897,7AF51C48DDC0CB1B,electric_bike,2022-03-26 00:13:36,2022-03-26 00:23:44,Leonard St & Maujer St,5148,Central Ave & Starr Street,4792,40.7103685423523,-73.94705951213837,40.700003,-73.92834,member
1730902,74003F18F1B2DE0F,electric_bike,2022-03-18 16:37:11,2022-03-18 16:41:33,Wyckoff Av & Jefferson St,5051,Central Ave & Starr Street,4792,40.707165,-73.923711,40.700003,-73.92834,member
1730908,D9454C3B1CDB09E7,classic_bike,2022-03-13 13:58:27,2022-03-13 14:03:35,Wyckoff Av & Jefferson St,5051,Central Ave & Starr Street,4792,40.707165,-73.923711,40.700003,-73.92834,member
1730972,104D5DF11484BC2A,electric_bike,2022-03-18 18:33:56,2022-03-18 18:52:23,Manhattan Av & Leonard St,5442,Central Ave & Starr Street,4792,40.72084,-73.94844,40.700003,-73.92834,member
1731018,C2B7ACF01B28237E,classic_bike,2022-03-18 01:10:38,2022-03-18 01:23:18,Knickerbocker Ave & Thames St,5018,Central Ave & Starr Street,4792,40.70539,-73.92976,40.700003,-73.92834,casual
1731148,17AAA14FE32EC254,electric_bike,2022-03-21 16:00:48,2022-03-21 16:21:56,Prospect Pl & Underhill Ave,4116,Central Ave & Starr Street,4792,40.6769694,-73.96579,40.700003,-73.92834,member
1731267,8ACC183002B3CD35,electric_bike,2022-03-07 18:39:57,2022-03-07 18:53:22,Meserole Ave & Manhattan Ave,5666,Central Ave & Starr Street,4792,40.72708584,-73.95299117,40.700003,-73.92834,member
1731268,0DDA5E0B35D74DE3,electric_bike,2022-03-25 16:46:33,2022-03-25 17:00:06,Meserole Ave & Manhattan Ave,5666,Central Ave & Starr Street,4792,40.72708584,-73.95299117,40.700003,-73.92834,member
1731372,5FCBD7873F33CF95,electric_bike,2022-03-20 12:35:21,2022-03-20 13:03:59,3 St & Prospect Park West,3865,Central Ave & Starr Street,4792,40.668132,-73.97363831,40.700003,-73.92834,member
1731492,1EF43FFAABA3A97E,electric_bike,2022-03-22 18:23:41,2022-03-22 18:48:30,45 Ave & 21 St,6319,Central Ave & Starr Street,4792,40.74737075646803,-73.94777297973631,40.700003,-73.92834,casual
1731612,4069F3BB35089779,electric_bike,2022-03-08 13:29:36,2022-03-08 13:40:09,Wyckoff Av & Jefferson St,5051,Central Ave & Starr Street,4792,40.707165,-73.923711,40.700003,-73.92834,member
1731619,3A93B7465AAF1FAD,electric_bike,2022-03-23 13:18:00,2022-03-23 13:23:01,Wyckoff Av & Jefferson St,5051,Central Ave & Starr Street,4792,40.707165,-73.923711,40.700003,-73.92834,casual
1731637,8FB175A2721225C0,classic_bike,2022-03-24 17:10:47,2022-03-24 17:15:53,Wyckoff Av & Jefferson St,5051,Central Ave & Starr Street,4792,40.707165,-73.923711,40.700003,-73.92834,member
1731640,D11C7B0ED1856C3B,electric_bike,2022-03-19 00:51:11,2022-03-19 01:21:49,S 4 St & Wythe Ave,5204,Central Ave & Starr Street,4792,40.71285887,-73.96590294,40.700003,-73.92834,casual
1731803,26FE21290D52B7D2,classic_bike,2022-03-04 16:50:14,2022-03-04 16:51:09,Wilson Ave & Troutman St,4864,Central Ave & Starr Street,4792,40.70166,-73.92754,40.700003,-73.92834,member
1731821,5E4521CE8792074E,classic_bike,2022-03-11 15:49:42,2022-03-11 15:50:39,Wilson Ave & Troutman St,4864,Central Ave & Starr Street,4792,40.70166,-73.92754,40.700003,-73.92834,member
1731844,7A46BD61AA5A75E8,electric_bike,2022-03-27 02:35:20,2022-03-27 02:36:38,Wilson Ave & Troutman St,4864,Central Ave & Starr Street,4792,40.70166,-73.92754,40.700003,-73.92834,member
1731862,962F6C96F2E94CA4,electric_bike,2022-03-13 15:53:35,2022-03-13 16:00:59,Union Ave & Wallabout St,4818,Central Ave & Starr Street,4792,40.70029511,-73.95032283,40.700003,-73.92834,member
1731863,FDE290EF1C6A0450,electric_bike,2022-03-13 17:44:56,2022-03-13 17:51:19,Union Ave & Wallabout St,4818,Central Ave & Starr Street,4792,40.70029511,-73.95032283,40.700003,-73.92834,member
1731977,66F2B033D46D0E9F,electric_bike,2022-03-16 17:04:46,2022-03-16 17:08:25,Stockholm St & Wilson Ave,4824,Central Ave & Starr Street,4792,40.699304,-73.923044,40.700003,-73.92834,member
1731997,F41D9C62AC690EB0,classic_bike,2022-03-07 21:59:20,2022-03-07 22:07:31,Myrtle Ave & Marcy Ave,4707,Central Ave & Starr Street,4792,40.69539817,-73.94954908,40.700003,-73.92834,member
1731999,57E6B094B6857558,electric_bike,2022-03-20 00:46:23,2022-03-20 00:55:51,Flushing Ave & Woodward Ave,5225,Central Ave & Starr Street,4792,40.71246,-73.91873,40.700003,-73.92834,member
1732103,FF75AD6FB3389EF3,electric_bike,2022-03-05 02:31:41,2022-03-05 02:39:35,Central Ave & Starr Street,4792,Central Ave & Starr Street,4792,40.700003,-73.92834,40.700003,-73.92834,casual
1732106,C6043BA1AD1C2CD3,classic_bike,2022-03-16 20:28:15,2022-03-16 20:28:53,Central Ave & Starr Street,4792,Central Ave & Starr Street,4792,40.700003,-73.92834,40.700003,-73.92834,casual
1732110,FE1FC0DE9C6892B6,electric_bike,2022-03-09 01:03:35,2022-03-09 01:34:57,Central Ave & Starr Street,4792,Central Ave & Starr Street,4792,40.700003,-73.92834,40.700003,-73.92834,casual
1732243,6A34CB2A0C001BA5,electric_bike,2022-03-06 17:47:46,2022-03-06 17:49:55,Central Ave & Starr Street,4792,Central Ave & Starr Street,4792,40.700003,-73.92834,40.700003,-73.92834,member
1732247,254EF35EDA7DA97A,classic_bike,2022-03-20 02:42:33,2022-03-20 03:01:19,Central Ave & Starr Street,4792,Driggs Ave & Lorimer St,5481,40.700003,-73.92834,40.72179134,-73.9504154,member
1732333,15671453E653EC58,electric_bike,2022-03-17 17:37:29,2022-03-17 17:54:34,Lorimer St & Broadway,4965,Central Ave & Starr Street,4792,40.70411791,-73.94818595,40.700003,-73.92834,member
1732377,F737348E81F2F288,electric_bike,2022-03-25 15:50:33,2022-03-25 16:12:35,3 Ave & Schermerhorn St,4437,Central Ave & Starr Street,4792,40.68683208,-73.9796772,40.700003,-73.92834,casual
1732428,68E8C9B5C527E980,electric_bike,2022-03-15 23:08:24,2022-03-15 23:21:59,S Portland Ave & Hanson Pl,4354,Central Ave & Starr Street,4792,40.68539567,-73.97431458,40.700003,-73.92834,member
1732430,3CE2E01ADB8FC5F5,electric_bike,2022-03-13 18:28:25,2022-03-13 18:45:16,Union Ave & N 12 St,5411,Central Ave & Starr Street,4792,40.71924,-73.95242,40.700003,-73.92834,member
1732562,E7BAE2B1596F794A,classic_bike,2022-03-19 11:58:48,2022-03-19 12:22:04,Marcy Ave & Lafayette Ave,4476,Central Ave & Starr Street,4792,40.6900815,-73.947915,40.700003,-73.92834,casual
1732651,A75C6966D41B8D04,electric_bike,2022-03-04 16:39:17,2022-03-04 16:52:18,Marcy Ave & Lafayette Ave,4476,Central Ave & Starr Street,4792,40.6900815,-73.947915,40.700003,-73.92834,member
1732695,87D69D56278D9425,classic_bike,2022-03-07 18:44:29,2022-03-07 18:51:09,Van Buren St & Broadway,4568,Central Ave & Starr Street,4792,40.692,-73.92617,40.700003,-73.92834,member
1732703,A05B87D95D2D87ED,electric_bike,2022-03-03 07:53:25,2022-03-03 08:11:50,Rockaway Ave & Bainbridge St,4285,Central Ave & Starr Street,4792,40.68319988172761,-73.91166642308235,40.700003,-73.92834,casual
1732704,E2C0D73D68D3F4D2,electric_bike,2022-03-04 08:07:38,2022-03-04 08:18:49,Rockaway Ave & Bainbridge St,4285,Central Ave & Starr Street,4792,40.68319988172761,-73.91166642308235,40.700003,-73.92834,casual
1732981,FFE999A6CC1D22CF,classic_bike,2022-03-08 09:46:50,2022-03-08 09:55:42,Humboldt St & Varet St,4956,Central Ave & Starr Street,4792,40.7031724,-73.940636,40.700003,-73.92834,member
1733030,5CDF7AEEF1B49E78,electric_bike,2022-03-19 11:17:50,2022-03-19 11:23:15,Humboldt St & Varet St,4956,Central Ave & Starr Street,4792,40.7031724,-73.940636,40.700003,-73.92834,casual
1733074,5DA065FE606089CF,classic_bike,2022-03-22 18:48:19,2022-03-22 19:13:11,Milton St & Franklin St,5752,Central Ave & Starr Street,4792,40.72906,-73.95779,40.700003,-73.92834,casual
1733290,A949D811823001B8,electric_bike,2022-03-19 19:18:32,2022-03-19 19:22:14,McKibbin St & Bogart St,5059,Central Ave & Starr Street,4792,40.706237,-73.933871,40.700003,-73.92834,member
1733314,4EA9B635798B313F,classic_bike,2022-03-08 18:54:47,2022-03-08 19:01:55,Beaver St & Fayette St,4840,Central Ave & Starr Street,4792,40.70099,-73.93921,40.700003,-73.92834,member
1733328,FBE848979BA7920E,electric_bike,2022-03-29 21:59:34,2022-03-29 22:03:29,Beaver St & Fayette St,4840,Central Ave & Starr Street,4792,40.70099,-73.93921,40.700003,-73.92834,member
1733337,2A3BBF250F166D1D,electric_bike,2022-03-07 20:44:48,2022-03-07 20:53:31,Knickerbocker Ave & Hancock St,4663,Central Ave & Starr Street,4792,40.69385,-73.90974,40.700003,-73.92834,member
1733365,74D7C2A27A0D4463,classic_bike,2022-03-20 02:41:56,2022-03-20 03:01:23,Central Ave & Starr Street,4792,Driggs Ave & Lorimer St,5481,40.700003,-73.92834,40.72179134,-73.9504154,member
1733489,21BAF59B429C61D9,electric_bike,2022-03-26 09:09:10,2022-03-26 09:25:05,Beaver St & Fayette St,4840,Central Ave & Starr Street,4792,40.70099,-73.93921,40.700003,-73.92834,member
1733590,B2DFF38B19D7AC49,classic_bike,2022-03-25 14:54:10,2022-03-25 15:04:21,Sharon St & Olive St,5323,Central Ave & Starr Street,4792,40.715353,-73.93856,40.700003,-73.92834,casual
1733863,1AFBB5C28FA79D2F,classic_bike,2022-03-16 16:42:59,2022-03-16 16:50:37,Bushwick Ave & Linden St,4600,Central Ave & Starr Street,4792,40.69146,-73.92146,40.700003,-73.92834,member
1733869,54276572065A5A80,classic_bike,2022-03-20 14:15:22,2022-03-20 14:31:12,Jefferson Ave & Evergreen Ave,4517,Central Ave & Starr Street,4792,40.68989,-73.91458,40.700003,-73.92834,member
1733871,BA6A117558BE180F,classic_bike,2022-03-03 01:24:00,2022-03-03 01:25:40,Cedar St & Myrtle Ave,4751,Central Ave & Starr Street,4792,40.697842,-73.926241,40.700003,-73.92834,member
1733890,EF2824F395710C93,electric_bike,2022-03-04 18:59:51,2022-03-04 19:36:41,Cedar St & Myrtle Ave,4751,Central Ave & Starr Street,4792,40.697842,-73.926241,40.700003,-73.92834,casual
1733906,0E2063EBD7424FA6,classic_bike,2022-03-14 18:05:57,2022-03-14 18:08:04,Cedar St & Myrtle Ave,4751,Central Ave & Starr Street,4792,40.697842,-73.926241,40.700003,-73.92834,member
1733929,738ADD0184FCF545,electric_bike,2022-03-10 23:09:21,2022-03-10 23:18:40,Cedar St & Myrtle Ave,4751,Central Ave & Starr Street,4792,40.697842,-73.926241,40.700003,-73.92834,casual
1733931,E9C8B7C0881D09A7,electric_bike,2022-03-30 13:24:18,2022-03-30 13:30:50,Jefferson Ave & Evergreen Ave,4517,Central Ave & Starr Street,4792,40.68989,-73.91458,40.700003,-73.92834,member
1734097,3D9120D4E2B59B8B,electric_bike,2022-03-19 04:06:34,2022-03-19 04:12:41,Metropolitan Ave & Vandervoort Ave,5241,Central Ave & Starr Street,4792,40.71429,-73.93323,40.700003,-73.92834,casual
1734114,E2FFE8DE36202F52,electric_bike,2022-03-19 11:18:26,2022-03-19 11:25:46,Irving Ave & Halsey St,4695,Central Ave & Starr Street,4792,40.69467,-73.90663,40.700003,-73.92834,member
1734121,79DA67F044FFB740,electric_bike,2022-03-14 22:06:36,2022-03-14 22:17:30,Central Ave & Woodbine St,4632,Central Ave & Starr Street,4792,40.69296,-73.91605,40.700003,-73.92834,member
1734158,E46BDA05EB1EAC18,classic_bike,2022-03-26 02:41:58,2022-03-26 02:48:54,Stewart Ave & Johnson Ave,5123,Central Ave & Starr Street,4792,40.70869,-73.92587,40.700003,-73.92834,member
1734330,EF48AA1051C77F6E,electric_bike,2022-03-24 16:10:34,2022-03-24 16:43:34,Bridge St & Water St,4968,Central Ave & Starr Street,4792,40.70296934155272,-73.98469090461731,40.700003,-73.92834,casual
1734346,E6163F1F5E28FEAE,electric_bike,2022-03-03 18:51:10,2022-03-03 19:06:53,Roebling St & N 4 St,5267,Central Ave & Starr Street,4792,40.71469,-73.95739,40.700003,-73.92834,member
1734421,C8EE156E91C0923D,electric_bike,2022-03-09 19:00:03,2022-03-09 19:04:23,Hart St & Wyckoff Ave,4971,Central Ave & Starr Street,4792,40.704876,-73.919911,40.700003,-73.92834,member
1734494,A34E1976035F900C,classic_bike,2022-03-10 18:50:36,2022-03-10 19:05:45,Jefferson St & Cypress Ave,5082,Central Ave & Starr Street,4792,40.70907,-73.92157,40.700003,-73.92834,member
1734507,C068218D4992A6C8,electric_bike,2022-03-03 14:44:24,2022-03-03 14:49:14,McKibbin St & Bogart St,5059,Central Ave & Starr Street,4792,40.706237,-73.933871,40.700003,-73.92834,member
1734528,EB84DF6E88EA5E71,classic_bike,2022-03-12 18:26:06,2022-03-12 18:32:22,Bushwick Ave & Harman St,4640,Central Ave & Starr Street,4792,40.69356,-73.92524,40.700003,-73.92834,member
1734530,846D0A8826028BD6,classic_bike,2022-03-14 17:53:32,2022-03-14 18:01:48,Jefferson St & Cypress Ave,5082,Central Ave & Starr Street,4792,40.70907,-73.92157,40.700003,-73.92834,casual
1734565,0ACC692EE442A100,electric_bike,2022-03-18 12:01:57,2022-03-18 12:21:06,McKibbin St & Bogart St,5059,Central Ave & Starr Street,4792,40.706237,-73.933871,40.700003,-73.92834,casual
1734581,82B06A7E9D83532B,electric_bike,2022-03-21 19:08:28,2022-03-21 19:40:11,E 2 St & Avenue B,5515,Central Ave & Starr Street,4792,40.72217444,-73.98368779,40.700003,-73.92834,casual
1734650,C21555426FDADA3B,classic_bike,2022-03-25 11:44:21,2022-03-25 11:45:31,Central Ave & Starr Street,4792,Central Ave & Starr Street,4792,40.700003,-73.92834,40.700003,-73.92834,casual
1734680,FB5BADE0F1B45440,electric_bike,2022-03-29 18:09:46,2022-03-29 18:33:47,Clinton Ave & Myrtle Ave,4651,Central Ave & Starr Street,4792,40.693261,-73.968896,40.700003,-73.92834,casual
1734747,DCB20E9CCA02765B,classic_bike,2022-03-18 15:44:07,2022-03-18 16:26:58,3 St & Prospect Park West,3865,Central Ave & Starr Street,4792,40.668132,-73.97363831,40.700003,-73.92834,casual
1734768,FDE91FE3C03CDC15,electric_bike,2022-03-17 15:11:59,2022-03-17 15:16:27,Irving Ave & DeKalb Ave,4898,Central Ave & Starr Street,4792,40.7027,-73.92095,40.700003,-73.92834,member
1734800,0D08D0EC5AF0A952,classic_bike,2022-03-21 10:45:56,2022-03-21 10:52:09,Broadway & Kosciuszko St,4608,Central Ave & Starr Street,4792,40.69329,-73.92852,40.700003,-73.92834,member
1734810,C88B2ED2FD155C85,classic_bike,2022-03-13 14:10:34,2022-03-13 14:13:54,Knickerbocker Ave & George St,4979,Central Ave & Starr Street,4792,40.704425,-73.92836,40.700003,-73.92834,member
1734830,D3839F4790784B4D,classic_bike,2022-03-30 07:06:55,2022-03-30 07:21:56,Lewis Ave & Decatur St,4237,Central Ave & Starr Street,4792,40.6814598,-73.934903,40.700003,-73.92834,member
1734899,A106329BC76C70AF,classic_bike,2022-03-27 14:52:29,2022-03-27 15:09:25,Marcus Garvey Blvd & Macon St,4278,Central Ave & Starr Street,4792,40.682601,-73.938037,40.700003,-73.92834,member
1734999,6FB0F0A97E3DA2A6,electric_bike,2022-03-07 21:08:01,2022-03-07 21:22:27,S 5 Pl & S 5 St,5125,Central Ave & Starr Street,4792,40.710451,-73.960876,40.700003,-73.92834,member
1735045,6C44E9A587FC5C09,electric_bike,2022-03-24 14:37:11,2022-03-24 14:59:50,Berkeley Pl & 6 Ave,4134,Central Ave & Starr Street,4792,40.6765304,-73.97846879,40.700003,-73.92834,member
1735048,B998D23AC0519A0F,electric_bike,2022-03-21 20:54:23,2022-03-21 21:07:25,Myrtle Ave & St Edwards St,4659,Central Ave & Starr Street,4792,40.69327018,-73.97703874,40.700003,-73.92834,member
1735113,F9818B575E672541,electric_bike,2022-03-20 21:48:23,2022-03-20 22:00:22,Richardson St & N Henry St,5433,Central Ave & Starr Street,4792,40.71907891179564,-73.94223690032959,40.700003,-73.92834,member
1735131,9046F3037B9B9A7F,electric_bike,2022-03-21 00:10:36,2022-03-21 00:14:50,Pulaski St & Marcus Garvey Blvd,4656,Central Ave & Starr Street,4792,40.6933982,-73.939877,40.700003,-73.92834,member
1735177,6707560BB2F205E0,electric_bike,2022-03-20 20:02:22,2022-03-20 20:07:08,Pulaski St & Marcus Garvey Blvd,4656,Central Ave & Starr Street,4792,40.6933982,-73.939877,40.700003,-73.92834,member
1735203,F21CFF927939EE7C,classic_bike,2022-03-17 19:46:36,2022-03-17 20:17:12,Bedford Ave & Bergen St,4066,Central Ave & Starr Street,4792,40.676368,-73.952918,40.700003,-73.92834,casual
1735249,01554CB31F86E92A,classic_bike,2022-03-29 09:27:18,2022-03-29 09:31:23,Central Ave & Flushing Ave,4947,Central Ave & Starr Street,4792,40.702831,-73.9333,40.700003,-73.92834,casual
1735347,0EA345E6155F15B6,electric_bike,2022-03-15 22:38:19,2022-03-15 22:45:23,Willoughby Ave & Tompkins Ave,4665,Central Ave & Starr Street,4792,40.69425403,-73.94626915,40.700003,-73.92834,member
1735350,0366506E0B80B913,classic_bike,2022-03-01 23:33:58,2022-03-01 23:36:24,Central Ave & Flushing Ave,4947,Central Ave & Starr Street,4792,40.702831,-73.9333,40.700003,-73.92834,member
1735397,333A6CF8BAF4C620,classic_bike,2022-03-16 15:13:14,2022-03-16 15:14:14,Central Ave & Melrose St,4832,Central Ave & Starr Street,4792,40.70112,-73.93039,40.700003,-73.92834,member
1735400,B7543D12FB7677D7,electric_bike,2022-03-08 06:57:22,2022-03-08 07:05:36,Bushwick Ave & Stagg St,5140,Central Ave & Starr Street,4792,40.709897,-73.94008,40.700003,-73.92834,member
1735401,E47065F084F4FC01,electric_bike,2022-03-24 07:05:26,2022-03-24 07:13:29,Bushwick Ave & Stagg St,5140,Central Ave & Starr Street,4792,40.709897,-73.94008,40.700003,-73.92834,member
1735402,C255F66876C79609,electric_bike,2022-03-31 07:00:52,2022-03-31 07:08:34,Bushwick Ave & Stagg St,5140,Central Ave & Starr Street,4792,40.709897,-73.94008,40.700003,-73.92834,member
1735429,7CECBB8C5C150ADB,electric_bike,2022-03-11 06:59:17,2022-03-11 07:07:07,Bushwick Ave & Stagg St,5140,Central Ave & Starr Street,4792,40.709897,-73.94008,40.700003,-73.92834,member
1735430,469D4D3925130721,electric_bike,2022-03-07 06:52:59,2022-03-07 07:00:47,Bushwick Ave & Stagg St,5140,Central Ave & Starr Street,4792,40.709897,-73.94008,40.700003,-73.92834,member
1735463,AB00FCDC901434B5,electric_bike,2022-03-19 15:13:27,2022-03-19 15:39:34,India St Pier,5794,Central Ave & Starr Street,4792,40.731734785883454,-73.9612390102593,40.700003,-73.92834,member
1735493,44A591CDA548EC51,electric_bike,2022-03-04 17:16:06,2022-03-04 17:17:43,Cedar St & Myrtle Ave,4751,Central Ave & Starr Street,4792,40.697842,-73.926241,40.700003,-73.92834,member
1735559,B5BD2BF47DB851B4,electric_bike,2022-03-18 15:35:25,2022-03-18 15:37:58,Cedar St & Myrtle Ave,4751,Central Ave & Starr Street,4792,40.697842,-73.926241,40.700003,-73.92834,member
1735569,93E5107E2CA8AB1F,classic_bike,2022-03-20 11:41:51,2022-03-20 12:01:14,Wythe Ave & Metropolitan Ave,5348,Central Ave & Starr Street,4792,40.716887,-73.963198,40.700003,-73.92834,casual
1735653,0B48458769C6D2B8,electric_bike,2022-03-23 19:34:22,2022-03-23 20:12:26,Cedar St & Myrtle Ave,4751,Central Ave & Starr Street,4792,40.697842,-73.926241,40.700003,-73.92834,casual
1735659,B8EB43D61AB2C2F8,electric_bike,2022-03-27 16:30:30,2022-03-27 16:34:43,Wyckoff Av & Stanhope St,4931,Central Ave & Starr Street,4792,40.703545,-73.917775,40.700003,-73.92834,member
1735989,3F111FEA48C6413F,electric_bike,2022-03-16 23:15:45,2022-03-16 23:22:09,Broadway & Madison St,4483,Central Ave & Starr Street,4792,40.68822,-73.91966,40.700003,-73.92834,member
1736042,528FCF16BAA1C21E,classic_bike,2022-03-11 17:37:09,2022-03-11 17:47:27,Broadway & Madison St,4483,Central Ave & Starr Street,4792,40.68822,-73.91966,40.700003,-73.92834,member
1736090,BEC43447604E083D,classic_bike,2022-03-18 16:43:43,2022-03-18 16:46:53,George St & Wilson Ave,4906,Central Ave & Starr Street,4792,40.702997,-73.92997,40.700003,-73.92834,casual
1736092,4C41A05EA2D2CDAD,electric_bike,2022-03-08 23:14:19,2022-03-08 23:16:57,Central Ave & Flushing Ave,4947,Central Ave & Starr Street,4792,40.702831,-73.9333,40.700003,-73.92834,casual
1736137,1E4E98EA1911BC6B,electric_bike,2022-03-03 13:05:44,2022-03-03 13:09:05,Melrose St & Broadway,4801,Central Ave & Starr Street,4792,40.697481,-73.935877,40.700003,-73.92834,member
1736161,D011A4DEA6C72433,electric_bike,2022-03-16 21:01:36,2022-03-16 21:06:53,Tompkins Ave & Hopkins St,4850,Central Ave & Starr Street,4792,40.69957608,-73.94708417,40.700003,-73.92834,member
1736188,C5B0474C2B3A9E47,classic_bike,2022-03-05 02:55:52,2022-03-05 02:58:47,Melrose St & Broadway,4801,Central Ave & Starr Street,4792,40.697481,-73.935877,40.700003,-73.92834,member
1736251,3BE0AD8D1D89FEB8,electric_bike,2022-03-23 16:08:01,2022-03-23 16:16:28,Menahan St & Seneca Ave,4963,Central Ave & Starr Street,4792,40.70461,-73.91054,40.700003,-73.92834,member
1736475,56871FB5477A32C3,classic_bike,2022-03-24 19:36:48,2022-03-24 20:10:26,3 St & Prospect Park West,3865,Central Ave & Starr Street,4792,40.668132,-73.97363831,40.700003,-73.92834,member
1736606,4CE0781708859016,electric_bike,2022-03-25 16:02:07,2022-03-25 16:41:54,Melrose St & Broadway,4801,Central Ave & Starr Street,4792,40.697481,-73.935877,40.700003,-73.92834,member
1736729,2054DC926A28B644,classic_bike,2022-03-05 15:40:34,2022-03-05 15:50:00,Kosciuszko St & Tompkins Ave,4553,Central Ave & Starr Street,4792,40.69128258,-73.9452416,40.700003,-73.92834,casual
1736826,9B957A262659A54A,classic_bike,2022-03-11 15:52:56,2022-03-11 15:57:24,Irving Ave & Harman St,4856,Central Ave & Starr Street,4792,40.70108,-73.9179,40.700003,-73.92834,member
1736842,3226F26C1EB09185,classic_bike,2022-03-18 14:18:46,2022-03-18 14:28:34,Irving Ave & Harman St,4856,Central Ave & Starr Street,4792,40.70108,-73.9179,40.700003,-73.92834,member
1736862,259AA6940E59E114,classic_bike,2022-03-19 15:08:58,2022-03-19 15:16:05,Irving Ave & Harman St,4856,Central Ave & Starr Street,4792,40.70108,-73.9179,40.700003,-73.92834,member
1736903,AEF6B52FFA7391C6,electric_bike,2022-03-22 00:14:10,2022-03-22 00:38:02,Sterling Pl & Bedford Ave,3993,Central Ave & Starr Street,4792,40.672695,-73.954131,40.700003,-73.92834,casual
1736928,2495008B4FF23F79,classic_bike,2022-03-15 19:34:27,2022-03-15 19:37:55,Suydam St & Knickerbocker Ave,4939,Central Ave & Starr Street,4792,40.702013,-73.923769,40.700003,-73.92834,member
1736976,143E588F82736817,classic_bike,2022-03-20 16:22:36,2022-03-20 17:06:21,Grand St & Greene St,5500,Central Ave & Starr Street,4792,40.72170005235607,-74.00238141417502,40.700003,-73.92834,member
1736982,BA95F71FEABE125F,electric_bike,2022-03-24 23:23:03,2022-03-24 23:32:41,Emerson Pl & Myrtle Ave,4683,Central Ave & Starr Street,4792,40.69363137,-73.96223558,40.700003,-73.92834,member
1737031,7DCCBF986378BCCE,electric_bike,2022-03-06 20:15:30,2022-03-06 20:31:56,Driggs Ave & N 9 St,5411,Central Ave & Starr Street,4792,40.71816969454208,-73.95520135760307,40.700003,-73.92834,casual
1737051,60333E8A0E2536D4,electric_bike,2022-03-31 20:54:29,2022-03-31 21:20:54,Fulton St & Waverly Ave,4345,Central Ave & Starr Street,4792,40.68323865460341,-73.96599590778351,40.700003,-73.92834,member
1737064,155458CC0F2D2B77,electric_bike,2022-03-09 10:42:49,2022-03-09 10:56:32,Driggs Ave & N 9 St,5411,Central Ave & Starr Street,4792,40.71816969454208,-73.95520135760307,40.700003,-73.92834,member
1737107,2C8A9136B8C817CA,electric_bike,2022-03-31 21:00:31,2022-03-31 21:21:01,Fulton St & Waverly Ave,4345,Central Ave & Starr Street,4792,40.68323865460341,-73.96599590778351,40.700003,-73.92834,member
1737116,4AF9EEF66179CC1D,classic_bike,2022-03-02 13:53:40,2022-03-02 14:30:50,Jay St & Tech Pl,4710,Central Ave & Starr Street,4792,40.695065,-73.987167,40.700003,-73.92834,casual
1737135,D681095C60E0C052,electric_bike,2022-03-12 20:14:25,2022-03-12 20:17:54,Willoughby Ave & Wyckoff Ave,5010,Central Ave & Starr Street,4792,40.705614,-73.92153,40.700003,-73.92834,member
1737405,D024642455387EC0,electric_bike,2022-03-08 09:14:20,2022-03-08 09:41:25,President St & Henry St,4307,Central Ave & Starr Street,4792,40.6828003,-73.99990419,40.700003,-73.92834,casual
1737613,9A65AFAD57B7FC47,electric_bike,2022-03-01 13:45:23,2022-03-01 13:48:14,Willoughby Ave & Myrtle Ave,4759,Central Ave & Starr Street,4792,40.69757,-73.93098,40.700003,-73.92834,member
1737656,42B36D2CE8FF03C8,classic_bike,2022-03-08 18:31:46,2022-03-08 18:36:40,Willoughby Ave & Myrtle Ave,4759,Central Ave & Starr Street,4792,40.69757,-73.93098,40.700003,-73.92834,member
1737661,E231F9859728B533,electric_bike,2022-03-23 16:32:21,2022-03-23 16:49:48,Fulton St & Waverly Ave,4345,Central Ave & Starr Street,4792,40.68323865460341,-73.96599590778351,40.700003,-73.92834,member
1737662,9765508ACC3199DE,electric_bike,2022-03-18 15:30:19,2022-03-18 15:49:53,Fulton St & Waverly Ave,4345,Central Ave & Starr Street,4792,40.68323865460341,-73.96599590778351,40.700003,-73.92834,member
1737683,5F077F0AB94DDD1D,electric_bike,2022-03-07 19:14:17,2022-03-07 19:20:58,Waterbury St & Stagg St,5099,Central Ave & Starr Street,4792,40.71019,-73.93734,40.700003,-73.92834,casual
1737684,2928E5248D3C7D59,electric_bike,2022-03-08 16:39:34,2022-03-08 16:46:20,Waterbury St & Stagg St,5099,Central Ave & Starr Street,4792,40.71019,-73.93734,40.700003,-73.92834,casual
1737685,FB6D395937765630,electric_bike,2022-03-26 02:36:13,2022-03-26 02:51:09,Washington Park,4546,Central Ave & Starr Street,4792,40.6917823,-73.9737299,40.700003,-73.92834,casual
1737695,709A9E132579BB71,classic_bike,2022-03-11 19:49:47,2022-03-11 19:59:31,McKibbin St & Manhattan Ave,4996,Central Ave & Starr Street,4792,40.70510918,-73.94407279,40.700003,-73.92834,member
1737735,464D530E0213C913,classic_bike,2022-03-19 00:32:24,2022-03-19 00:50:10,Knickerbocker Ave & Halsey St,4623,Central Ave & Starr Street,4792,40.693,-73.90824,40.700003,-73.92834,casual
1737770,63E0A1C671CCFCB8,classic_bike,2022-03-22 14:33:01,2022-03-22 14:39:28,Park Ave & Marcus Garvey Blvd,4768,Central Ave & Starr Street,4792,40.698617,-73.941342,40.700003,-73.92834,member
1737941,166E5CC65E9C04C1,electric_bike,2022-03-31 22:08:59,2022-03-31 22:13:15,Willoughby Ave & Wyckoff Ave,5010,Central Ave & Starr Street,4792,40.705614,-73.92153,40.700003,-73.92834,member
1737943,CF124C0D5A2D6A28,electric_bike,2022-03-21 21:50:56,2022-03-21 21:53:58,Willoughby Ave & Wyckoff Ave,5010,Central Ave & Starr Street,4792,40.705614,-73.92153,40.700003,-73.92834,member
1737974,4A1E6815E79BD6E6,electric_bike,2022-03-09 16:11:08,2022-03-09 16:12:02,Central Ave & Starr Street,4792,Central Ave & Starr Street,4792,40.700003,-73.92834,40.700003,-73.92834,member
1738064,0305B3385489767D,electric_bike,2022-03-23 16:03:16,2022-03-23 16:27:44,6 St & 7 Ave,3834,Central Ave & Starr Street,4792,40.6686627,-73.97988067,40.700003,-73.92834,member
1738115,570BE9592417C85B,classic_bike,2022-03-13 17:27:37,2022-03-13 17:27:51,Central Ave & Starr Street,4792,Central Ave & Starr Street,4792,40.700003,-73.92834,40.700003,-73.92834,member
1738116,94247E7040D6E61D,classic_bike,2022-03-13 17:33:28,2022-03-13 17:33:49,Central Ave & Starr Street,4792,Central Ave & Starr Street,4792,40.700003,-73.92834,40.700003,-73.92834,member
1738120,3B7E236239ECC278,classic_bike,2022-03-22 11:25:22,2022-03-22 11:28:33,Central Ave & Starr Street,4792,Central Ave & Starr Street,4792,40.700003,-73.92834,40.700003,-73.92834,casual
1738162,14F07295D6F59E64,electric_bike,2022-03-23 14:39:30,2022-03-23 14:39:54,Central Ave & Starr Street,4792,Central Ave & Starr Street,4792,40.700003,-73.92834,40.700003,-73.92834,member
1738375,8A1D9BC1924C0D0A,electric_bike,2022-03-22 22:38:18,2022-03-22 22:54:15,S 3 St & Bedford Ave,5235,Central Ave & Starr Street,4792,40.71260486,-73.96264403,40.700003,-73.92834,member
1738396,55BA160F37E4EB02,classic_bike,2022-03-07 14:23:53,2022-03-07 14:25:20,Wilson Ave & Troutman St,4864,Central Ave & Starr Street,4792,40.70166,-73.92754,40.700003,-73.92834,member
1738398,A444F2D2CC86A7E9,electric_bike,2022-03-19 13:48:07,2022-03-19 13:54:52,Suydam St & Broadway,4689,Central Ave & Starr Street,4792,40.69544,-73.93223,40.700003,-73.92834,member
1738404,C60F1C239C828CD7,electric_bike,2022-03-19 15:45:53,2022-03-19 16:13:21,Washington Square E,5755,Central Ave & Starr Street,4792,40.73049393,-73.9957214,40.700003,-73.92834,casual
1738416,73FDCA89A8757644,classic_bike,2022-03-19 13:18:51,2022-03-19 13:20:57,Wilson Ave & Troutman St,4864,Central Ave & Starr Street,4792,40.70166,-73.92754,40.700003,-73.92834,casual
1738425,C07CA70EC1BD61F4,electric_bike,2022-03-06 20:43:09,2022-03-06 21:12:11,Norfolk St & Broome St,5374,Central Ave & Starr Street,4792,40.7172274,-73.98802084,40.700003,-73.92834,casual
1738475,13A1A9976EA92E46,electric_bike,2022-03-10 14:55:13,2022-03-10 15:08:10,Wilson Ave & Troutman St,4864,Central Ave & Starr Street,4792,40.70166,-73.92754,40.700003,-73.92834,casual
1738495,A987729DF71FF3B6,classic_bike,2022-03-15 18:49:39,2022-03-15 19:07:16,Wilson Ave & Troutman St,4864,Central Ave & Starr Street,4792,40.70166,-73.92754,40.700003,-73.92834,casual
1738496,557938203FCA21F9,classic_bike,2022-03-07 11:34:38,2022-03-07 12:12:42,Wilson Ave & Troutman St,4864,Central Ave & Starr Street,4792,40.70166,-73.92754,40.700003,-73.92834,casual
1738497,A7267ED5DC8BCE75,classic_bike,2022-03-07 11:16:15,2022-03-07 12:12:05,Wilson Ave & Troutman St,4864,Central Ave & Starr Street,4792,40.70166,-73.92754,40.700003,-73.92834,casual
1738513,B8E2811CAFFBA0A5,electric_bike,2022-03-20 16:52:21,2022-03-20 16:58:18,Suydam St & Broadway,4689,Central Ave & Starr Street,4792,40.69544,-73.93223,40.700003,-73.92834,member
1738543,F4586366D0279939,electric_bike,2022-03-02 15:07:29,2022-03-02 15:23:32,Driggs Ave & N 9 St,5411,Central Ave & Starr Street,4792,40.71816969454208,-73.95520135760307,40.700003,-73.92834,member
1738544,4D64E97A655502E0,electric_bike,2022-03-11 14:12:45,2022-03-11 14:26:31,Driggs Ave & N 9 St,5411,Central Ave & Starr Street,4792,40.71816969454208,-73.95520135760307,40.700003,-73.92834,member
1738547,BE4C037BB6EFBBB8,electric_bike,2022-03-07 16:02:35,2022-03-07 16:18:39,Driggs Ave & N 9 St,5411,Central Ave & Starr Street,4792,40.71816969454208,-73.95520135760307,40.700003,-73.92834,member
1738548,324CEE7B9E13329D,classic_bike,2022-03-26 19:16:49,2022-03-26 19:31:49,Devoe St & Lorimer St,5259,Central Ave & Starr Street,4792,40.71335226222875,-73.9491033554077,40.700003,-73.92834,casual
1738558,21B433D34AE7D417,electric_bike,2022-03-02 18:45:42,2022-03-02 18:49:06,McKibbin St & Bogart St,5059,Central Ave & Starr Street,4792,40.706237,-73.933871,40.700003,-73.92834,member
1738566,C731B0AB0E90E99C,electric_bike,2022-03-23 16:00:31,2022-03-23 16:05:20,McKibbin St & Bogart St,5059,Central Ave & Starr Street,4792,40.706237,-73.933871,40.700003,-73.92834,member
1738568,015CF04833DBE4BF,classic_bike,2022-03-25 10:53:01,2022-03-25 10:57:36,McKibbin St & Bogart St,5059,Central Ave & Starr Street,4792,40.706237,-73.933871,40.700003,-73.92834,member
1738569,514CD48792A2DA92,electric_bike,2022-03-17 23:56:10,2022-03-17 23:59:12,McKibbin St & Bogart St,5059,Central Ave & Starr Street,4792,40.706237,-73.933871,40.700003,-73.92834,member
1738571,5478BAC73EFF60F9,electric_bike,2022-03-20 15:44:48,2022-03-20 15:48:48,McKibbin St & Bogart St,5059,Central Ave & Starr Street,4792,40.706237,-73.933871,40.700003,-73.92834,member
1738572,47C5A6F3EF6EE970,classic_bike,2022-03-15 19:14:54,2022-03-15 19:20:38,McKibbin St & Bogart St,5059,Central Ave & Starr Street,4792,40.706237,-73.933871,40.700003,-73.92834,member
1738583,1664DEBD874B86DB,classic_bike,2022-03-16 22:29:50,2022-03-16 22:35:53,Knickerbocker Ave & Thames St,5018,Central Ave & Starr Street,4792,40.70539,-73.92976,40.700003,-73.92834,member
1738589,7A5080789B1280DD,electric_bike,2022-03-14 18:31:01,2022-03-14 18:34:18,McKibbin St & Bogart St,5059,Central Ave & Starr Street,4792,40.706237,-73.933871,40.700003,-73.92834,member
1738625,EA9AAF447E82B947,classic_bike,2022-03-12 23:29:23,2022-03-12 23:44:19,Emerson Pl & Myrtle Ave,4683,Central Ave & Starr Street,4792,40.69363137,-73.96223558,40.700003,-73.92834,member
1738630,642CB058B928D90A,classic_bike,2022-03-03 20:33:34,2022-03-03 20:37:43,McKibbin St & Bogart St,5059,Central Ave & Starr Street,4792,40.706237,-73.933871,40.700003,-73.92834,member
1738640,86BFA1F2B32DB9F2,electric_bike,2022-03-27 16:21:47,2022-03-27 16:25:38,McKibbin St & Bogart St,5059,Central Ave & Starr Street,4792,40.706237,-73.933871,40.700003,-73.92834,casual
1738645,4B2E11F703CD0088,electric_bike,2022-03-18 12:02:11,2022-03-18 12:20:45,McKibbin St & Bogart St,5059,Central Ave & Starr Street,4792,40.706237,-73.933871,40.700003,-73.92834,casual
1738648,238E8955EFFF316D,electric_bike,2022-03-18 12:01:32,2022-03-18 12:20:26,McKibbin St & Bogart St,5059,Central Ave & Starr Street,4792,40.706237,-73.933871,40.700003,-73.92834,casual
1738706,3FEA75CDE99F737B,electric_bike,2022-03-03 21:38:42,2022-03-03 21:42:13,McKibbin St & Bogart St,5059,Central Ave & Starr Street,4792,40.706237,-73.933871,40.700003,-73.92834,member
1738725,CB9D5DDC6CEA0430,electric_bike,2022-03-19 03:31:06,2022-03-19 03:53:01,Norfolk St & Broome St,5374,Central Ave & Starr Street,4792,40.7172274,-73.98802084,40.700003,-73.92834,member
1738730,D8A5E1553FD1B8E4,electric_bike,2022-03-17 19:44:23,2022-03-17 19:50:26,McKibbin St & Bogart St,5059,Central Ave & Starr Street,4792,40.706237,-73.933871,40.700003,-73.92834,member
1738780,3DC4152A5F159BCA,electric_bike,2022-03-11 12:23:00,2022-03-11 12:26:36,Myrtle Ave & Lewis Ave,4729,Central Ave & Starr Street,4792,40.69681963,-73.93756926,40.700003,-73.92834,member
1738874,7CB0371545996AEE,electric_bike,2022-03-27 14:30:06,2022-03-27 14:37:48,Sharon St & Olive St,5323,Central Ave & Starr Street,4792,40.715353,-73.93856,40.700003,-73.92834,casual
1738908,B79221785D38474F,electric_bike,2022-03-20 21:47:04,2022-03-20 22:04:11,Norfolk St & Broome St,5374,Central Ave & Starr Street,4792,40.7172274,-73.98802084,40.700003,-73.92834,member
1738949,08930E3224454039,electric_bike,2022-03-27 15:01:05,2022-03-27 15:08:17,Scholes St & Manhattan Ave,5108,Central Ave & Starr Street,4792,40.70870368,-73.9448625,40.700003,-73.92834,casual
1738957,755E5E8EBE11E1FB,electric_bike,2022-03-08 17:54:58,2022-03-08 18:06:23,Scholes St & Manhattan Ave,5108,Central Ave & Starr Street,4792,40.70870368,-73.9448625,40.700003,-73.92834,casual
1738962,06A04EE9D58CEBAD,classic_bike,2022-03-23 16:52:56,2022-03-23 17:03:30,Scholes St & Manhattan Ave,5108,Central Ave & Starr Street,4792,40.70870368,-73.9448625,40.700003,-73.92834,casual
1739132,348509D8AE283FDC,classic_bike,2022-03-05 10:10:41,2022-03-05 10:27:27,Franklin Ave & Myrtle Ave,4715,Central Ave & Starr Street,4792,40.694546087246025,-73.95801365375519,40.700003,-73.92834,member
1739286,4DCDDFB11368AEA9,electric_bike,2022-03-10 05:39:47,2022-03-10 05:47:19,Willoughby Ave & Myrtle Ave,4759,Central Ave & Starr Street,4792,40.69757,-73.93098,40.700003,-73.92834,casual
1739455,45ADB13AF0BED3CD,electric_bike,2022-03-29 12:48:48,2022-03-29 12:51:16,Willoughby Ave & Myrtle Ave,4759,Central Ave & Starr Street,4792,40.69757,-73.93098,40.700003,-73.92834,member
1739456,BFF559BC264138B0,electric_bike,2022-03-08 19:05:15,2022-03-08 19:10:51,Waterbury St & Stagg St,5099,Central Ave & Starr Street,4792,40.71019,-73.93734,40.700003,-73.92834,member
1739541,01DC1455DE0CC776,classic_bike,2022-03-25 20:17:55,2022-03-25 20:37:24,N 6 St & Bedford Ave,5379,Central Ave & Starr Street,4792,40.71745169,-73.95850939,40.700003,-73.92834,member
1739543,0911F00127DAD523,classic_bike,2022-03-19 00:35:31,2022-03-19 00:46:34,Montrose Ave & Bushwick Ave,5068,Central Ave & Starr Street,4792,40.70767788,-73.94016171,40.700003,-73.92834,member
1739544,12B1119E222C5016,classic_bike,2022-03-19 16:21:30,2022-03-19 16:32:21,Lewis Ave & Madison St,4425,Central Ave & Starr Street,4792,40.686312,-73.935775,40.700003,-73.92834,member
1739545,31F4F886D6D9ABB1,classic_bike,2022-03-02 14:31:02,2022-03-02 14:47:48,Morgan Ave & Maspeth Ave,5354,Central Ave & Starr Street,4792,40.716657,-73.93637,40.700003,-73.92834,casual
1739574,6F6406366A7810EF,classic_bike,2022-03-16 19:57:07,2022-03-16 20:19:30,N 6 St & Bedford Ave,5379,Central Ave & Starr Street,4792,40.71745169,-73.95850939,40.700003,-73.92834,casual
1739594,12B8A168620EAB77,electric_bike,2022-03-26 19:39:06,2022-03-26 20:17:01,14 St & 5 Ave,3771,Central Ave & Starr Street,4792,40.666287,-73.98895053,40.700003,-73.92834,casual
1739637,711EBF3DB5423863,electric_bike,2022-03-07 11:02:17,2022-03-07 11:11:23,Willoughby Ave & Myrtle Ave,4759,Central Ave & Starr Street,4792,40.69757,-73.93098,40.700003,-73.92834,member
1739647,1618B1BBE1C528EB,classic_bike,2022-03-27 21:52:37,2022-03-27 22:02:49,Knickerbocker Ave & Halsey St,4623,Central Ave & Starr Street,4792,40.693,-73.90824,40.700003,-73.92834,member
1739648,6064F5300A605E48,electric_bike,2022-03-06 04:42:43,2022-03-06 04:50:25,Waterbury St & Stagg St,5099,Central Ave & Starr Street,4792,40.71019,-73.93734,40.700003,-73.92834,casual
1739653,A03009FABE724ADC,classic_bike,2022-03-18 19:26:57,2022-03-18 19:37:56,Myrtle Ave & Marcy Ave,4707,Central Ave & Starr Street,4792,40.69539817,-73.94954908,40.700003,-73.92834,member
1739731,8A38072F656383A6,electric_bike,2022-03-05 22:19:13,2022-03-05 22:26:14,Lewis Ave & Madison St,4425,Central Ave & Starr Street,4792,40.686312,-73.935775,40.700003,-73.92834,member
1739747,A5ADCA1556D8F2C1,electric_bike,2022-03-13 14:16:49,2022-03-13 14:24:58,Putnam Ave & Wyckoff Ave,4735,Central Ave & Starr Street,4792,40.69811,-73.90904,40.700003,-73.92834,member
1739767,A94DD1CA2FA0FCC6,classic_bike,2022-03-02 12:07:01,2022-03-02 12:27:44,Clermont Ave & Lafayette Ave,4461,Central Ave & Starr Street,4792,40.68764484,-73.96968902,40.700003,-73.92834,member
1739770,2408F9765F32E1D2,electric_bike,2022-03-02 15:07:50,2022-03-02 15:15:56,Bushwick Ave & Linden St,4600,Central Ave & Starr Street,4792,40.69146,-73.92146,40.700003,-73.92834,casual
1739777,DD51D2A11DC40938,classic_bike,2022-03-18 17:19:17,2022-03-18 17:39:36,Macon St & Nostrand Ave,4214,Central Ave & Starr Street,4792,40.6809833854,-73.9500479759,40.700003,-73.92834,casual
1739783,322F7EF7A019E466,electric_bike,2022-03-17 22:38:42,2022-03-17 23:01:15,Underhill Ave & Pacific St,4231,Central Ave & Starr Street,4792,40.6804836,-73.9646795,40.700003,-73.92834,casual
1739800,202C7B7763F9B33C,classic_bike,2022-03-19 02:34:30,2022-03-19 02:46:47,Leonard St & Maujer St,5148,Central Ave & Starr Street,4792,40.7103685423523,-73.94705951213837,40.700003,-73.92834,casual
1739810,B17463C5D61CDF25,electric_bike,2022-03-16 18:50:41,2022-03-16 18:58:42,Irving Ave & Palmetto St,4775,Central Ave & Starr Street,4792,40.698,-73.9127,40.700003,-73.92834,casual
1739828,998FB75D9115BCA5,electric_bike,2022-03-08 17:55:51,2022-03-08 18:06:49,Scholes St & Manhattan Ave,5108,Central Ave & Starr Street,4792,40.70870368,-73.9448625,40.700003,-73.92834,casual
1739924,4A870C925624E6BF,electric_bike,2022-03-04 19:13:52,2022-03-04 19:42:24,Berkeley Pl & 7 Ave,4051,Central Ave & Starr Street,4792,40.675146838709786,-73.97523209452629,40.700003,-73.92834,member
1739967,EE3F34DD9E3C0D5C,classic_bike,2022-03-20 12:15:12,2022-03-20 12:19:47,McKibbin St & Bogart St,5059,Central Ave & Starr Street,4792,40.706237,-73.933871,40.700003,-73.92834,member
1739969,F18DE4AC184CE906,electric_bike,2022-03-29 21:54:11,2022-03-29 21:57:25,McKibbin St & Bogart St,5059,Central Ave & Starr Street,4792,40.706237,-73.933871,40.700003,-73.92834,member
1739980,6453AB2CF2F9217C,electric_bike,2022-03-20 21:41:40,2022-03-20 22:07:56,St James Pl & Pearl St,5167,Central Ave & Starr Street,4792,40.71117416,-74.00016545,40.700003,-73.92834,member
1740122,FFA7232F2B5128AB,electric_bike,2022-03-04 12:30:35,2022-03-04 12:51:00,Hanson Pl & Ashland Pl,4395,Central Ave & Starr Street,4792,40.68506807308177,-73.97790759801863,40.700003,-73.92834,casual
1740149,266789BDDD24DEB7,electric_bike,2022-03-05 16:25:43,2022-03-05 16:35:56,Graham Ave & Grand St,5178,Central Ave & Starr Street,4792,40.711863,-73.944024,40.700003,-73.92834,casual
1740168,D429469F33877EBE,electric_bike,2022-03-17 21:05:11,2022-03-17 21:25:42,Forsyth St & Broome St,5453,Central Ave & Starr Street,4792,40.71893904,-73.99266288,40.700003,-73.92834,member
1740180,A5AC273713641CEE,electric_bike,2022-03-27 12:57:51,2022-03-27 14:21:48,W 47 St & 6 Ave,6667,Central Ave & Starr Street,4792,40.758397,-73.98255,40.700003,-73.92834,casual
1740227,B9F0BEB00E0D4B48,electric_bike,2022-03-15 18:54:57,2022-03-15 19:07:37,Scholes St & Manhattan Ave,5108,Central Ave & Starr Street,4792,40.70870368,-73.9448625,40.700003,-73.92834,casual
1740233,C3518DA6A40C6F94,classic_bike,2022-03-14 17:00:02,2022-03-14 17:20:55,Bayard St & Leonard St,5442,Central Ave & Starr Street,4792,40.71915571696044,-73.94885390996933,40.700003,-73.92834,casual
1740285,2FE37432458103E9,electric_bike,2022-03-18 17:42:09,2022-03-18 17:58:09,Bayard St & Leonard St,5442,Central Ave & Starr Street,4792,40.71915571696044,-73.94885390996933,40.700003,-73.92834,member
1740521,5072FC0A75351B1C,electric_bike,2022-03-22 06:52:41,2022-03-22 07:03:49,Kingston Ave & Herkimer St,4205,Central Ave & Starr Street,4792,40.67890679,-73.94142771,40.700003,-73.92834,member
1740547,9EA569A042A2793A,electric_bike,2022-03-29 06:49:33,2022-03-29 07:01:13,Kingston Ave & Herkimer St,4205,Central Ave & Starr Street,4792,40.67890679,-73.94142771,40.700003,-73.92834,member
1740548,8A5F5BEDD5480771,electric_bike,2022-03-21 06:53:10,2022-03-21 07:03:18,Kingston Ave & Herkimer St,4205,Central Ave & Starr Street,4792,40.67890679,-73.94142771,40.700003,-73.92834,member
1740556,DB19CBC985E92258,classic_bike,2022-03-03 06:53:35,2022-03-03 07:05:42,Kingston Ave & Herkimer St,4205,Central Ave & Starr Street,4792,40.67890679,-73.94142771,40.700003,-73.92834,member
1740627,0727A20454174208,classic_bike,2022-03-26 15:50:24,2022-03-26 16:01:06,Scholes St & Manhattan Ave,5108,Central Ave & Starr Street,4792,40.70870368,-73.9448625,40.700003,-73.92834,member
1740679,B80C61C0E7EFF2E8,classic_bike,2022-03-03 19:39:36,2022-03-03 19:59:36,Calyer St & Jewel St,5743,Central Ave & Starr Street,4792,40.72984,-73.94839,40.700003,-73.92834,member
1740744,B5F90426A9E1C604,classic_bike,2022-03-18 18:27:28,2022-03-18 18:36:42,McKibbin St & Manhattan Ave,4996,Central Ave & Starr Street,4792,40.70510918,-73.94407279,40.700003,-73.92834,member
1740805,A78F2EA4D7F5DC7F,classic_bike,2022-03-27 14:06:41,2022-03-27 14:13:40,Menahan St & Central Ave,4672,Central Ave & Starr Street,4792,40.69543,-73.9196,40.700003,-73.92834,casual
1740837,93BE556D3E2979A7,electric_bike,2022-03-22 20:15:42,2022-03-22 20:33:51,Hanson Pl & Ashland Pl,4395,Central Ave & Starr Street,4792,40.68506807308177,-73.97790759801863,40.700003,-73.92834,casual
1741029,9E648DF67C32E8F1,electric_bike,2022-03-04 06:55:12,2022-03-04 07:07:03,Kingston Ave & Herkimer St,4205,Central Ave & Starr Street,4792,40.67890679,-73.94142771,40.700003,-73.92834,member
1741030,FF4D513852A0F1B7,electric_bike,2022-03-07 06:51:23,2022-03-07 07:03:15,Kingston Ave & Herkimer St,4205,Central Ave & Starr Street,4792,40.67890679,-73.94142771,40.700003,-73.92834,member
1741053,B828AD064C9999E0,electric_bike,2022-03-27 22:29:45,2022-03-27 22:35:50,Devoe St & Morgan Ave,5282,Central Ave & Starr Street,4792,40.713811,-73.93515,40.700003,-73.92834,casual
1741058,968EC4F9B9CC2E4C,classic_bike,2022-03-22 11:04:19,2022-03-22 11:10:17,Central Ave & Melrose St,4832,Central Ave & Starr Street,4792,40.70112,-73.93039,40.700003,-73.92834,member
1741078,A4804E6828B6980E,classic_bike,2022-03-05 15:47:07,2022-03-05 15:56:27,Devoe St & Morgan Ave,5282,Central Ave & Starr Street,4792,40.713811,-73.93515,40.700003,-73.92834,casual
1741102,BE6B2D57BE8B9C4F,electric_bike,2022-03-11 13:38:47,2022-03-11 13:42:50,Irving Ave & Jefferson St,5051,Central Ave & Starr Street,4792,40.70538,-73.92535,40.700003,-73.92834,casual
1741292,B8E07776A0F8C4FF,classic_bike,2022-03-26 00:30:07,2022-03-26 00:45:47,Lexington Ave & Classon Ave,4452,Central Ave & Starr Street,4792,40.68676793,-73.95928168,40.700003,-73.92834,member
1741302,21643FE1CB72B98F,electric_bike,2022-03-16 17:06:07,2022-03-16 17:14:53,Central Ave & Covert St,4550,Central Ave & Starr Street,4792,40.68929,-73.90951,40.700003,-73.92834,casual
1741360,25B2422B78618B38,classic_bike,2022-03-25 18:30:53,2022-03-25 18:39:47,Stanhope St & Fairview Ave,5146,Central Ave & Starr Street,4792,40.70998,-73.91116,40.700003,-73.92834,casual
1741372,243AD5F723CD56C9,electric_bike,2022-03-06 19:39:10,2022-03-06 20:03:35,E 7 St & Ave B,5584,Central Ave & Starr Street,4792,40.7251285241158,-73.98131668567657,40.700003,-73.92834,casual
1741452,C488BDA505289236,classic_bike,2022-03-20 00:50:05,2022-03-20 01:07:40,Halsey St & Tompkins Ave,4319,Central Ave & Starr Street,4792,40.6823687,-73.944118,40.700003,-73.92834,casual
1741632,0237A0BB66086867,classic_bike,2022-03-07 22:13:25,2022-03-07 22:40:53,Douglass St & 4 Ave,4175,Central Ave & Starr Street,4792,40.6792788,-73.98154004,40.700003,-73.92834,casual
1741692,84E8D42E43ABDBD9,classic_bike,2022-03-20 18:46:03,2022-03-20 18:55:30,Bushwick Ave & Harman St,4640,Central Ave & Starr Street,4792,40.69356,-73.92524,40.700003,-73.92834,casual
1741719,7D3EC0C7A5A73CAF,electric_bike,2022-03-08 12:06:24,2022-03-08 12:13:09,Linden St & Knickerbocker Ave,4743,Central Ave & Starr Street,4792,40.69714,-73.91566,40.700003,-73.92834,member
1741750,7A0E9C835F29EA36,classic_bike,2022-03-04 18:14:47,2022-03-04 18:29:15,Kosciuszko St & Nostrand Ave,4519,Central Ave & Starr Street,4792,40.69072549,-73.95133465,40.700003,-73.92834,casual
1741771,CB4CBC8BFA1BBAF5,electric_bike,2022-03-11 07:14:46,2022-03-11 07:28:00,Leonard St & Nassau Ave,5550,Central Ave & Starr Street,4792,40.7239567849954,-73.94984364509583,40.700003,-73.92834,member
1741844,7342C64530D73D4C,electric_bike,2022-03-31 14:36:43,2022-03-31 14:57:46,Adelphi St & Myrtle Ave,4620,Central Ave & Starr Street,4792,40.69308257,-73.97178913,40.700003,-73.92834,member
1742168,F219D05F1B46D9F9,electric_bike,2022-03-22 10:22:22,2022-03-22 10:45:07,Carroll St & Washington Ave,3887,Central Ave & Starr Street,4792,40.6686744,-73.9618148,40.700003,-73.92834,casual
1742203,6FC21A891C80405C,electric_bike,2022-03-07 21:38:27,2022-03-07 21:57:13,7 Ave & Park Pl,4125,Central Ave & Starr Street,4792,40.6776147,-73.97324283,40.700003,-73.92834,member
1742263,D92F9A7630A887DF,classic_bike,2022-03-06 20:56:01,2022-03-06 20:59:27,Suydam St & Knickerbocker Ave,4939,Central Ave & Starr Street,4792,40.702013,-73.923769,40.700003,-73.92834,member
1742290,D98E41608EA342C9,electric_bike,2022-03-06 03:38:01,2022-03-06 03:43:48,Stagg St & Morgan Ave,5170,Central Ave & Starr Street,4792,40.710681,-73.93372,40.700003,-73.92834,member
1742375,FCDDCDB767B8E20D,classic_bike,2022-03-19 21:20:07,2022-03-19 21:36:28,Emerson Pl & Myrtle Ave,4683,Central Ave & Starr Street,4792,40.69363137,-73.96223558,40.700003,-73.92834,casual
1742488,6EEEB5C60709F690,classic_bike,2022-03-05 11:03:08,2022-03-05 11:08:29,Suydam St & Knickerbocker Ave,4939,Central Ave & Starr Street,4792,40.702013,-73.923769,40.700003,-73.92834,member
1742549,642068E21BB5281C,electric_bike,2022-03-28 11:37:12,2022-03-28 11:41:27,Humboldt St & Varet St,4956,Central Ave & Starr Street,4792,40.7031724,-73.940636,40.700003,-73.92834,casual
1742707,C8B4AA7BA8F76B2B,classic_bike,2022-03-23 13:22:57,2022-03-23 13:33:36,McKibbin St & Manhattan Ave,4996,Central Ave & Starr Street,4792,40.70510918,-73.94407279,40.700003,-73.92834,member
1742741,DDCB196F2A6CD6CC,electric_bike,2022-03-14 06:48:21,2022-03-14 06:59:34,Kingston Ave & Herkimer St,4205,Central Ave & Starr Street,4792,40.67890679,-73.94142771,40.700003,-73.92834,member
1742858,98503A2884DEB5B8,classic_bike,2022-03-01 19:00:38,2022-03-01 19:24:43,Milton St & Franklin St,5752,Central Ave & Starr Street,4792,40.72906,-73.95779,40.700003,-73.92834,casual
1742897,875ADDE456B22F09,classic_bike,2022-03-10 18:59:09,2022-03-10 19:21:39,Milton St & Franklin St,5752,Central Ave & Starr Street,4792,40.72906,-73.95779,40.700003,-73.92834,casual
1742900,F23062D9E10EF329,electric_bike,2022-03-17 06:37:51,2022-03-17 06:42:09,Evergreen Ave & Noll St,4873,Central Ave & Starr Street,4792,40.70106,-73.93318,40.700003,-73.92834,member
1742903,F9DDC3C1F5CD173D,classic_bike,2022-03-07 22:13:28,2022-03-07 22:40:38,Douglass St & 4 Ave,4175,Central Ave & Starr Street,4792,40.6792788,-73.98154004,40.700003,-73.92834,member
1743051,1C7C9580F26EC41A,classic_bike,2022-03-06 16:51:30,2022-03-06 16:54:40,Evergreen Ave & Noll St,4873,Central Ave & Starr Street,4792,40.70106,-73.93318,40.700003,-73.92834,member
1743072,9C596BFA9B24B413,electric_bike,2022-03-05 15:37:40,2022-03-05 15:44:36,Greene Av & Myrtle Av,4784,Central Ave & Starr Street,4792,40.698568,-73.918877,40.700003,-73.92834,member
1743198,6B9E5B574E3F52E0,classic_bike,2022-03-06 11:29:42,2022-03-06 11:44:33,Hope St & Union Ave,5187,Central Ave & Starr Street,4792,40.71167351,-73.95141312,40.700003,-73.92834,casual
1743317,B47611F4E52192F9,electric_bike,2022-03-06 20:45:22,2022-03-06 21:12:17,Clinton St & Grand St,5303,Central Ave & Starr Street,4792,40.71559509,-73.9870295,40.700003,-73.92834,casual
1743321,7D85CC1A93C5C40C,electric_bike,2022-03-08 20:37:29,2022-03-08 20:49:17,Hope St & Union Ave,5187,Central Ave & Starr Street,4792,40.71167351,-73.95141312,40.700003,-73.92834,casual
1743370,5BC8E03B09B6C6BE,electric_bike,2022-03-07 22:55:43,2022-03-07 23:00:19,Greene Av & Myrtle Av,4784,Central Ave & Starr Street,4792,40.698568,-73.918877,40.700003,-73.92834,member
1743371,AD617AED7D9FD0E6,electric_bike,2022-03-25 18:44:43,2022-03-25 18:50:39,Greene Av & Myrtle Av,4784,Central Ave & Starr Street,4792,40.698568,-73.918877,40.700003,-73.92834,member
1743420,FBEF323EC1A388B1,classic_bike,2022-03-03 15:49:11,2022-03-03 16:00:32,Waterbury St & Stagg St,5099,Central Ave & Starr Street,4792,40.71019,-73.93734,40.700003,-73.92834,member
1743445,C9059A3D585B8F06,electric_bike,2022-03-06 11:47:51,2022-03-06 11:49:54,Willoughby Ave & Myrtle Ave,4759,Central Ave & Starr Street,4792,40.69757,-73.93098,40.700003,-73.92834,member
1743463,0CC6C18812946CE7,electric_bike,2022-03-03 16:50:11,2022-03-03 17:31:02,5 Ave & 3 St,3987,Central Ave & Starr Street,4792,40.6728155,-73.98352355,40.700003,-73.92834,casual
1743516,E5E5B00DD66C6DB1,classic_bike,2022-03-10 12:57:51,2022-03-10 13:07:33,Central Ave & Woodbine St,4632,Central Ave & Starr Street,4792,40.69296,-73.91605,40.700003,-73.92834,casual
1743544,C9E6F0CFFCBC3D98,classic_bike,2022-03-24 14:14:56,2022-03-24 14:32:09,Engert Ave & McGuinness Blvd,5473,Central Ave & Starr Street,4792,40.72158,-73.94546,40.700003,-73.92834,casual
1743569,37C98446D0BCE523,electric_bike,2022-03-19 22:58:16,2022-03-19 23:09:52,Knickerbocker Ave & Cooper St,4582,Central Ave & Starr Street,4792,40.69081,-73.90448,40.700003,-73.92834,casual
1743598,05FFDDD352F22BD7,classic_bike,2022-03-03 18:52:14,2022-03-03 19:14:28,Milton St & Franklin St,5752,Central Ave & Starr Street,4792,40.72906,-73.95779,40.700003,-73.92834,casual
1743626,A80A5EB4C658789E,electric_bike,2022-03-05 23:05:21,2022-03-05 23:22:53,7 Ave & Park Pl,4125,Central Ave & Starr Street,4792,40.6776147,-73.97324283,40.700003,-73.92834,member
1743642,944AB090331AA526,electric_bike,2022-03-08 19:39:50,2022-03-08 19:50:49,Kosciuszko St & Nostrand Ave,4519,Central Ave & Starr Street,4792,40.69072549,-73.95133465,40.700003,-73.92834,member
1743655,497D6627C95C82B9,electric_bike,2022-03-11 06:51:53,2022-03-11 07:03:01,Albany Ave & Fulton St,4237,Central Ave & Starr Street,4792,40.6800105,-73.938475,40.700003,-73.92834,member
1743684,986E2EFD93D69125,electric_bike,2022-03-18 10:58:52,2022-03-18 11:16:59,Metropolitan Ave & Bedford Ave,5308,Central Ave & Starr Street,4792,40.71534825,-73.96024116,40.700003,-73.92834,casual
1743697,8D4533F57EC02B58,electric_bike,2022-03-08 12:38:29,2022-03-08 12:44:13,McKibbin St & Manhattan Ave,4996,Central Ave & Starr Street,4792,40.70510918,-73.94407279,40.700003,-73.92834,member
1743816,055FBE70B8C0F4EA,electric_bike,2022-03-10 09:41:50,2022-03-10 09:44:58,Myrtle Ave & Lewis Ave,4729,Central Ave & Starr Street,4792,40.69681963,-73.93756926,40.700003,-73.92834,member
1743825,6873F168A140D5FE,classic_bike,2022-03-30 13:06:34,2022-03-30 13:52:36,S 5 Pl & S 5 St,5125,Central Ave & Starr Street,4792,40.710451,-73.960876,40.700003,-73.92834,member
1743827,82ACAD5B4528E339,classic_bike,2022-03-19 16:01:37,2022-03-19 16:28:09,Myrtle Ave & Lewis Ave,4729,Central Ave & Starr Street,4792,40.69681963,-73.93756926,40.700003,-73.92834,member
1744027,0A2C05C45D82B15B,electric_bike,2022-03-11 10:39:38,2022-03-11 10:40:22,Central Ave & Starr Street,4792,Central Ave & Starr Street,4792,40.700003,-73.92834,40.700003,-73.92834,casual
1744073,D1451A88AF862A1F,classic_bike,2022-03-18 18:09:22,2022-03-18 18:09:51,Central Ave & Starr Street,4792,Central Ave & Starr Street,4792,40.700003,-73.92834,40.700003,-73.92834,member
1744079,6B788D0B713807E0,classic_bike,2022-03-24 06:42:20,2022-03-24 06:42:40,Central Ave & Starr Street,4792,Central Ave & Starr Street,4792,40.700003,-73.92834,40.700003,-73.92834,member
1744091,2F89169FA6C619E7,electric_bike,2022-03-23 17:13:43,2022-03-23 17:34:31,Central Ave & Starr Street,4792,Flushing Ave & Vanderbilt Ave,4762,40.700003,-73.92834,40.69795031569544,-73.97077560424805,casual
1744100,E28591B6937E70E1,electric_bike,2022-03-17 18:27:56,2022-03-17 19:01:37,Central Ave & Starr Street,4792,Central Ave & Starr Street,4792,40.700003,-73.92834,40.700003,-73.92834,casual
1744106,679DF380B3DA0FD7,classic_bike,2022-03-19 16:29:28,2022-03-19 17:00:56,Central Ave & Starr Street,4792,Driggs Ave & Lorimer St,5481,40.700003,-73.92834,40.72179134,-73.9504154,casual
1744135,9D0467E3A6C9FC73,electric_bike,2022-03-17 11:27:56,2022-03-17 11:51:21,Central Ave & Starr Street,4792,Central Ave & Starr Street,4792,40.700003,-73.92834,40.700003,-73.92834,casual
1744321,171670309282C4E8,electric_bike,2022-03-01 07:59:55,2022-03-01 08:00:45,Central Ave & Starr Street,4792,Central Ave & Starr Street,4792,40.700003,-73.92834,40.700003,-73.92834,member
1744322,5C9689EB73500971,electric_bike,2022-03-01 07:58:29,2022-03-01 07:59:32,Central Ave & Starr Street,4792,Central Ave & Starr Street,4792,40.700003,-73.92834,40.700003,-73.92834,member
1744333,19FEEB3008A6B06F,classic_bike,2022-03-18 18:14:18,2022-03-18 18:46:29,Central Ave & Starr Street,4792,Central Ave & Starr Street,4792,40.700003,-73.92834,40.700003,-73.92834,casual
1744436,560B4619A0834820,classic_bike,2022-03-02 16:56:30,2022-03-02 17:22:11,Central Ave & Starr Street,4792,Central Ave & Starr Street,4792,40.700003,-73.92834,40.700003,-73.92834,member
1744697,B5866E06EBE59701,electric_bike,2022-03-23 22:47:14,2022-03-23 22:56:46,Stagg St & Union Ave,5117,Central Ave & Starr Street,4792,40.70877084,-73.95095259,40.700003,-73.92834,casual
1744712,FF0BAF2B45CF8BD2,electric_bike,2022-03-28 22:35:09,2022-03-28 22:44:40,Stagg St & Union Ave,5117,Central Ave & Starr Street,4792,40.70877084,-73.95095259,40.700003,-73.92834,member
1744806,0B7978F2EBD529A6,classic_bike,2022-03-17 14:44:35,2022-03-17 14:55:12,Myrtle Ave & Grove St,4816,Central Ave & Starr Street,4792,40.69905,-73.91516,40.700003,-73.92834,casual
1744905,6A7AB4B699EC0671,electric_bike,2022-03-14 22:24:51,2022-03-14 22:43:37,S Portland Ave & Hanson Pl,4354,Central Ave & Starr Street,4792,40.68539567,-73.97431458,40.700003,-73.92834,member
1744951,F5A8F246830E017D,electric_bike,2022-03-15 06:53:00,2022-03-15 07:03:32,Albany Ave & Fulton St,4237,Central Ave & Starr Street,4792,40.6800105,-73.938475,40.700003,-73.92834,member
1744952,48327FFB4F41B46E,electric_bike,2022-03-08 06:48:31,2022-03-08 06:59:05,Albany Ave & Fulton St,4237,Central Ave & Starr Street,4792,40.6800105,-73.938475,40.700003,-73.92834,member
1744989,6E93399C521196C2,electric_bike,2022-03-22 21:05:56,2022-03-22 21:12:16,Union Ave & Wallabout St,4818,Central Ave & Starr Street,4792,40.70029511,-73.95032283,40.700003,-73.92834,member
1744990,154A6703795E0E14,electric_bike,2022-03-29 14:58:04,2022-03-29 15:03:48,Union Ave & Wallabout St,4818,Central Ave & Starr Street,4792,40.70029511,-73.95032283,40.700003,-73.92834,member
1745174,F4766D121DC8B315,classic_bike,2022-03-11 23:22:36,2022-03-11 23:36:03,Morgan Ave & Maspeth Ave,5354,Central Ave & Starr Street,4792,40.716657,-73.93637,40.700003,-73.92834,casual
1745326,C5631091FA031ADD,electric_bike,2022-03-31 21:38:49,2022-03-31 21:53:29,Greene Ave & Nostrand Ave,4519,Central Ave & Starr Street,4792,40.6883337,-73.950916,40.700003,-73.92834,casual
1745366,9CF81DAD4E7F7258,classic_bike,2022-03-04 20:01:41,2022-03-04 20:22:40,Hope St & Union Ave,5187,Central Ave & Starr Street,4792,40.71167351,-73.95141312,40.700003,-73.92834,member
1745411,6C231CF4D906BBDB,classic_bike,2022-03-03 15:49:14,2022-03-03 16:00:35,Waterbury St & Stagg St,5099,Central Ave & Starr Street,4792,40.71019,-73.93734,40.700003,-73.92834,member
1745450,81C80BAEE0B7F3DF,electric_bike,2022-03-26 21:22:13,2022-03-26 21:41:54,Forsyth St\t& Grand St,5382,Central Ave & Starr Street,4792,40.71779817737835,-73.99316132068634,40.700003,-73.92834,casual
1745605,4E430353394109BF,electric_bike,2022-03-18 22:38:41,2022-03-18 23:02:33,Prospect Park West & 8 St,3722,Central Ave & Starr Street,4792,40.66514681533792,-73.97637605667114,40.700003,-73.92834,member
1745645,6153CBF91CCD1C1D,electric_bike,2022-03-14 17:01:37,2022-03-14 17:07:36,Hart St & Wyckoff Ave,4971,Central Ave & Starr Street,4792,40.704876,-73.919911,40.700003,-73.92834,member
1745703,A081A3F312B50F70,electric_bike,2022-03-05 16:43:22,2022-03-05 17:06:42,Grand Ave & Bergen St,4190,Central Ave & Starr Street,4792,40.678045,-73.962408,40.700003,-73.92834,casual
1745786,C4EB62806313A5DD,electric_bike,2022-03-14 23:49:00,2022-03-14 23:58:27,Division Ave & Marcy Ave,5084,Central Ave & Starr Street,4792,40.70708701,-73.95796783,40.700003,-73.92834,member
1745912,7D3CAE3FD58A4D77,classic_bike,2022-03-19 16:01:54,2022-03-19 16:06:58,White St & Moore St,4987,Central Ave & Starr Street,4792,40.704508,-73.9351,40.700003,-73.92834,member
1745919,7F2396A3B04DFDB1,classic_bike,2022-03-03 18:20:44,2022-03-03 18:31:42,Leonard St & Boerum St,5036,Central Ave & Starr Street,4792,40.70583339,-73.94644578,40.700003,-73.92834,member
1745920,11E76AE53936C85C,electric_bike,2022-03-15 16:40:54,2022-03-15 17:04:12,Allen St & Hester St,5342,Central Ave & Starr Street,4792,40.71605866,-73.99190759,40.700003,-73.92834,casual
1746043,510E1F97308F3793,docked_bike,2022-03-21 08:38:13,2022-03-21 19:58:39,E 51 St & 1 Ave,6532,Central Ave & Starr Street,4792,40.754557,-73.96593,40.700003,-73.92834,casual
1746061,2964908B3946491E,electric_bike,2022-03-10 16:13:45,2022-03-10 16:19:36,Beaver St & Fayette St,4840,Central Ave & Starr Street,4792,40.70099,-73.93921,40.700003,-73.92834,casual
1746146,A2F3DEBEAB502BF0,classic_bike,2022-03-21 21:15:27,2022-03-21 21:27:59,Marcy Ave & Lafayette Ave,4476,Central Ave & Starr Street,4792,40.6900815,-73.947915,40.700003,-73.92834,member
1746147,F5457E35DFDC9BEC,classic_bike,2022-03-20 15:15:03,2022-03-20 15:33:37,Marcy Ave & Lafayette Ave,4476,Central Ave & Starr Street,4792,40.6900815,-73.947915,40.700003,-73.92834,member
1746254,0AC25917C695A643,classic_bike,2022-03-13 18:35:17,2022-03-13 18:36:47,Central Ave & Melrose St,4832,Central Ave & Starr Street,4792,40.70112,-73.93039,40.700003,-73.92834,member
1746290,01A042072228AE82,electric_bike,2022-03-17 22:50:09,2022-03-17 23:03:56,Graham Ave & Conselyea St,5291,Central Ave & Starr Street,4792,40.715143,-73.944507,40.700003,-73.92834,member
1746360,F7D71AD07C474A50,electric_bike,2022-03-15 20:37:56,2022-03-15 20:40:08,Suydam St & Knickerbocker Ave,4939,Central Ave & Starr Street,4792,40.702013,-73.923769,40.700003,-73.92834,member
1746370,8B0470E229520ACF,classic_bike,2022-03-07 13:42:25,2022-03-07 13:47:03,Willoughby Ave & Wyckoff Ave,5010,Central Ave & Starr Street,4792,40.705614,-73.92153,40.700003,-73.92834,member
1746386,DD6C5FA420BB0276,classic_bike,2022-03-29 13:37:09,2022-03-29 13:43:07,Willoughby Ave & Wyckoff Ave,5010,Central Ave & Starr Street,4792,40.705614,-73.92153,40.700003,-73.92834,member
1746394,BC2EB74B471DA612,electric_bike,2022-03-27 17:30:31,2022-03-27 17:54:03,Flatbush Ave & Ocean Ave,3704,Central Ave & Starr Street,4792,40.663657,-73.963014,40.700003,-73.92834,member
1746441,AFCD6E01D8BD1D1B,classic_bike,2022-03-12 17:23:45,2022-03-12 17:29:56,Willoughby Ave & Wyckoff Ave,5010,Central Ave & Starr Street,4792,40.705614,-73.92153,40.700003,-73.92834,member
1746681,E762EF7BF15CA320,electric_bike,2022-03-24 06:52:56,2022-03-24 07:03:01,Albany Ave & Fulton St,4237,Central Ave & Starr Street,4792,40.6800105,-73.938475,40.700003,-73.92834,member
1746691,BA65052540127B26,electric_bike,2022-03-18 06:59:21,2022-03-18 07:08:53,Albany Ave & Fulton St,4237,Central Ave & Starr Street,4792,40.6800105,-73.938475,40.700003,-73.92834,member
1746697,7323BBF5879C2FA4,classic_bike,2022-03-27 18:26:30,2022-03-27 18:36:29,Wyckoff Ave & Gates Ave,4847,Central Ave & Starr Street,4792,40.699871408829885,-73.91171872615814,40.700003,-73.92834,member
1746741,59E8148E48EDDE9D,classic_bike,2022-03-28 20:00:16,2022-03-28 20:16:53,Lexington Ave & Classon Ave,4452,Central Ave & Starr Street,4792,40.68676793,-73.95928168,40.700003,-73.92834,member
1746936,8FC3AD3EEAAF0186,electric_bike,2022-03-18 14:59:33,2022-03-18 15:08:47,Scholes St & Manhattan Ave,5108,Central Ave & Starr Street,4792,40.70870368,-73.9448625,40.700003,-73.92834,casual
1746956,2E1C5C11A58B397E,electric_bike,2022-03-26 00:30:07,2022-03-26 00:45:54,Lexington Ave & Classon Ave,4452,Central Ave & Starr Street,4792,40.68676793,-73.95928168,40.700003,-73.92834,member
1747032,DE59954DDFE61812,classic_bike,2022-03-31 15:22:58,2022-03-31 15:29:02,George St & Wilson Ave,4906,Central Ave & Starr Street,4792,40.702997,-73.92997,40.700003,-73.92834,casual
1747115,07FA7773F69D893C,classic_bike,2022-03-24 21:29:18,2022-03-24 21:49:50,Greenpoint Ave & Manhattan Ave,5785,Central Ave & Starr Street,4792,40.73026,-73.95394,40.700003,-73.92834,member
1747229,94EBA785BE5D2B64,classic_bike,2022-03-05 20:26:23,2022-03-05 20:39:27,Montrose Ave & Bushwick Ave,5068,Central Ave & Starr Street,4792,40.70767788,-73.94016171,40.700003,-73.92834,casual
1747247,DF85002A1C947B79,electric_bike,2022-03-14 15:46:26,2022-03-14 15:59:53,Cambridge Pl & Gates Ave,4377,Central Ave & Starr Street,4792,40.68488,-73.96304,40.700003,-73.92834,member
1747248,52A03341B63E88F2,electric_bike,2022-03-10 18:16:57,2022-03-10 18:34:05,Cambridge Pl & Gates Ave,4377,Central Ave & Starr Street,4792,40.68488,-73.96304,40.700003,-73.92834,member
1747282,3C8366FD536F24E9,electric_bike,2022-03-16 06:57:14,2022-03-16 07:04:43,Bushwick Ave & Stagg St,5140,Central Ave & Starr Street,4792,40.709897,-73.94008,40.700003,-73.92834,member
1747283,E0B1DADADFD78BDE,electric_bike,2022-03-17 06:56:55,2022-03-17 07:04:27,Bushwick Ave & Stagg St,5140,Central Ave & Starr Street,4792,40.709897,-73.94008,40.700003,-73.92834,member
1747315,309C921639B46655,electric_bike,2022-03-16 11:13:37,2022-03-16 11:30:32,Washington Ave & Greene Ave,4419,Central Ave & Starr Street,4792,40.68650065,-73.96563307,40.700003,-73.92834,member
1747317,DE733392D87532AA,electric_bike,2022-03-30 16:23:02,2022-03-30 16:38:18,Washington Ave & Greene Ave,4419,Central Ave & Starr Street,4792,40.68650065,-73.96563307,40.700003,-73.92834,member
1747446,856C28FBB6D3877A,electric_bike,2022-03-18 21:41:54,2022-03-18 22:06:42,Bergen St & Vanderbilt Ave,4157,Central Ave & Starr Street,4792,40.6794388,-73.9680438,40.700003,-73.92834,member
1747475,B5F84523DBC66454,electric_bike,2022-03-15 17:46:46,2022-03-15 18:05:47,Kent Ave & N 7 St,5489,Central Ave & Starr Street,4792,40.72036775298455,-73.96165072917938,40.700003,-73.92834,member
1747521,453AC60EAE49C5EB,electric_bike,2022-03-25 06:57:05,2022-03-25 07:04:19,Bushwick Ave & Stagg St,5140,Central Ave & Starr Street,4792,40.709897,-73.94008,40.700003,-73.92834,member
1747522,5B0C34650DAC23C2,electric_bike,2022-03-30 06:59:11,2022-03-30 07:07:13,Bushwick Ave & Stagg St,5140,Central Ave & Starr Street,4792,40.709897,-73.94008,40.700003,-73.92834,member
1747527,08D9F71B22FA4A83,electric_bike,2022-03-22 06:59:45,2022-03-22 07:06:39,Bushwick Ave & Stagg St,5140,Central Ave & Starr Street,4792,40.709897,-73.94008,40.700003,-73.92834,member
1747535,4BB5123B0BB654D8,electric_bike,2022-03-16 08:26:36,2022-03-16 08:31:13,Irving Ave & Jefferson St,5051,Central Ave & Starr Street,4792,40.70538,-73.92535,40.700003,-73.92834,member
1747573,F9E623809262F2CB,electric_bike,2022-03-19 19:29:35,2022-03-19 19:49:47,Cleveland Pl & Spring St,5492,Central Ave & Starr Street,4792,40.722103786686034,-73.99724900722504,40.700003,-73.92834,member
1747588,B36498E7E36D0926,classic_bike,2022-03-02 14:15:22,2022-03-02 14:35:11,Banker St & Meserole Ave,5633,Central Ave & Starr Street,4792,40.72606,-73.95621,40.700003,-73.92834,member
1747596,8A821023FA7363D7,electric_bike,2022-03-09 06:54:39,2022-03-09 07:02:41,Bushwick Ave & Stagg St,5140,Central Ave & Starr Street,4792,40.709897,-73.94008,40.700003,-73.92834,member
1747598,517367195972B605,electric_bike,2022-03-22 19:08:42,2022-03-22 19:14:32,Irving Ave & Jefferson St,5051,Central Ave & Starr Street,4792,40.70538,-73.92535,40.700003,-73.92834,member
1747600,3DD65B10998FDFBE,electric_bike,2022-03-21 06:57:24,2022-03-21 07:03:56,Bushwick Ave & Stagg St,5140,Central Ave & Starr Street,4792,40.709897,-73.94008,40.700003,-73.92834,member
1747704,79006B89C38006C3,electric_bike,2022-03-11 13:36:55,2022-03-11 13:42:26,Irving Ave & Jefferson St,5051,Central Ave & Starr Street,4792,40.70538,-73.92535,40.700003,-73.92834,member
1747750,3226BAE5FA57EA13,electric_bike,2022-03-15 06:55:00,2022-03-15 07:02:16,Bushwick Ave & Stagg St,5140,Central Ave & Starr Street,4792,40.709897,-73.94008,40.700003,-73.92834,member
1747751,45F81B6C87ADADAF,electric_bike,2022-03-31 00:46:30,2022-03-31 00:49:14,Irving Ave & Jefferson St,5051,Central Ave & Starr Street,4792,40.70538,-73.92535,40.700003,-73.92834,member
1747754,4DA51FA0B92EFA71,classic_bike,2022-03-27 16:41:25,2022-03-27 16:51:51,Harman St & Seneca Ave,5002,Central Ave & Starr Street,4792,40.70577,-73.91292,40.700003,-73.92834,casual
1747767,6A6678D0B11C75AD,classic_bike,2022-03-24 22:39:46,2022-03-24 23:18:12,Central Ave & Melrose St,4832,Central Ave & Starr Street,4792,40.70112,-73.93039,40.700003,-73.92834,casual
1747769,44507154F93D8A37,electric_bike,2022-03-14 06:56:17,2022-03-14 07:04:40,Bushwick Ave & Stagg St,5140,Central Ave & Starr Street,4792,40.709897,-73.94008,40.700003,-73.92834,member
1747775,BE33DC7483F240D6,classic_bike,2022-03-25 18:52:09,2022-03-25 18:53:47,Central Ave & Melrose St,4832,Central Ave & Starr Street,4792,40.70112,-73.93039,40.700003,-73.92834,member
1747790,97A6D68CA0487ADD,electric_bike,2022-03-07 15:45:57,2022-03-07 16:03:03,Cambridge Pl & Gates Ave,4377,Central Ave & Starr Street,4792,40.68488,-73.96304,40.700003,-73.92834,member
1747798,21707B02C9DB7A0C,classic_bike,2022-03-29 10:01:44,2022-03-29 10:02:41,Central Ave & Melrose St,4832,Central Ave & Starr Street,4792,40.70112,-73.93039,40.700003,-73.92834,member
1748203,F76BD5BCF4615F8B,electric_bike,2022-03-29 07:06:11,2022-03-29 14:52:07,Bushwick Ave & Stagg St,5140,Central Ave & Starr Street,4792,40.709897,-73.94008,40.700003,-73.92834,member
1748334,91F4D9688223EA66,electric_bike,2022-03-22 19:08:56,2022-03-22 19:14:36,Irving Ave & Jefferson St,5051,Central Ave & Starr Street,4792,40.70538,-73.92535,40.700003,-73.92834,member
1748410,8DFE8F2EEAC0D28A,electric_bike,2022-03-18 21:42:50,2022-03-18 22:06:41,Bergen St & Vanderbilt Ave,4157,Central Ave & Starr Street,4792,40.6794388,-73.9680438,40.700003,-73.92834,member
1748505,3B079ACDFC985E0A,electric_bike,2022-03-26 18:08:05,2022-03-26 18:12:50,Montrose Ave & Bushwick Ave,5068,Central Ave & Starr Street,4792,40.70767788,-73.94016171,40.700003,-73.92834,member
1748511,107EEEB12DE82A2A,electric_bike,2022-03-19 13:00:38,2022-03-19 13:06:17,Union Ave & Wallabout St,4818,Central Ave & Starr Street,4792,40.70029511,-73.95032283,40.700003,-73.92834,member
1748598,BE025BBF6C3BE9B8,classic_bike,2022-03-16 01:08:00,2022-03-16 01:13:52,Willoughby Ave & Wyckoff Ave,5010,Central Ave & Starr Street,4792,40.705614,-73.92153,40.700003,-73.92834,casual
1759205,041D2B46EFED10E0,classic_bike,2022-03-24 09:20:19,2022-03-24 09:22:09,Central Ave & Starr Street,4792,Cedar St & Myrtle Ave,4751,40.700003,-73.92834,40.697842,-73.926241,member
1759206,96BD942479F226E0,classic_bike,2022-03-11 16:01:16,2022-03-11 16:02:30,Central Ave & Starr Street,4792,Cedar St & Myrtle Ave,4751,40.700003,-73.92834,40.697842,-73.926241,member
1759212,B675FF19B62277C2,electric_bike,2022-03-05 17:00:45,2022-03-05 17:07:18,Central Ave & Starr Street,4792,Jefferson Ave & Evergreen Ave,4517,40.700003,-73.92834,40.68989,-73.91458,casual
1759221,528E4FA176AA7CC8,electric_bike,2022-03-09 16:12:48,2022-03-09 16:17:53,Central Ave & Starr Street,4792,Jefferson Ave & Evergreen Ave,4517,40.700003,-73.92834,40.68989,-73.91458,member
1762990,BA13883996EBF3A5,electric_bike,2022-03-26 02:43:14,2022-03-26 02:44:59,Central Ave & Starr Street,4792,Cedar St & Myrtle Ave,4751,40.700003,-73.92834,40.697842,-73.926241,member
1763007,75D574637CAE0E12,electric_bike,2022-03-15 09:16:42,2022-03-15 09:18:44,Central Ave & Starr Street,4792,Cedar St & Myrtle Ave,4751,40.700003,-73.92834,40.697842,-73.926241,member
1763015,0ECEDF6BC04B0952,electric_bike,2022-03-17 09:17:22,2022-03-17 09:19:11,Central Ave & Starr Street,4792,Cedar St & Myrtle Ave,4751,40.700003,-73.92834,40.697842,-73.926241,member
1763439,D1883B85BC1DFFA8,classic_bike,2022-03-10 23:05:16,2022-03-10 23:08:29,Central Ave & Starr Street,4792,Cedar St & Myrtle Ave,4751,40.700003,-73.92834,40.697842,-73.926241,casual
1763441,92381EB047136DFB,electric_bike,2022-03-09 22:25:28,2022-03-09 22:32:21,Central Ave & Starr Street,4792,Jefferson Ave & Evergreen Ave,4517,40.700003,-73.92834,40.68989,-73.91458,member
1764010,631CDFD29E2FC01D,electric_bike,2022-03-14 19:14:55,2022-03-14 19:16:06,Central Ave & Starr Street,4792,Cedar St & Myrtle Ave,4751,40.700003,-73.92834,40.697842,-73.926241,member
1764013,DBF3D1C80C754D43,classic_bike,2022-03-19 15:38:15,2022-03-19 16:05:54,Central Ave & Starr Street,4792,Underhill Ave & Lincoln Pl,4042,40.700003,-73.92834,40.6740123,-73.9671457,casual
1767780,7CB1DA19EE212261,electric_bike,2022-03-16 13:12:21,2022-03-16 13:33:35,Central Ave & Starr Street,4792,Howard St & Lafayette St,5422,40.700003,-73.92834,40.71910537,-73.99973337,member
1771557,B5E6C42727AD1964,electric_bike,2022-03-20 14:35:59,2022-03-20 14:54:50,Central Ave & Starr Street,4792,S 5 Pl & S 5 St,5125,40.700003,-73.92834,40.710451,-73.960876,casual
1776366,51D55B96AE1223BB,electric_bike,2022-03-27 14:41:28,2022-03-27 15:08:51,Central Ave & Starr Street,4792,Water St &  Fletcher St,5024,40.700003,-73.92834,40.706410755236135,-74.00559738278389,member
1776375,8DC50BF324AA6D10,electric_bike,2022-03-26 00:29:13,2022-03-26 01:15:30,Central Ave & Starr Street,4792,Howard St & Lafayette St,5422,40.700003,-73.92834,40.71910537,-73.99973337,member
1777051,C2DF3F73BE4969C6,electric_bike,2022-03-04 16:51:42,2022-03-04 17:06:52,Central Ave & Starr Street,4792,Clinton Ave & Myrtle Ave,4651,40.700003,-73.92834,40.693261,-73.968896,member
1777121,C05ECA8A120BA90C,electric_bike,2022-03-30 14:14:19,2022-03-30 14:28:32,Central Ave & Starr Street,4792,S 5 Pl & S 5 St,5125,40.700003,-73.92834,40.710451,-73.960876,member
1780447,076FBF90220B64F6,electric_bike,2022-03-27 16:55:32,2022-03-27 17:10:13,Central Ave & Starr Street,4792,Clinton Ave & Myrtle Ave,4651,40.700003,-73.92834,40.693261,-73.968896,member
1780448,AFD9D6D287A007FF,electric_bike,2022-03-30 18:36:30,2022-03-30 18:50:43,Central Ave & Starr Street,4792,Clinton Ave & Myrtle Ave,4651,40.700003,-73.92834,40.693261,-73.968896,member
1781267,4D0036F2AA285126,electric_bike,2022-03-30 12:12:17,2022-03-30 12:17:33,Central Ave & Starr Street,4792,Cedar St & Evergreen Ave,4721,40.700003,-73.92834,40.69671,-73.92807,member
1789674,4FEE1DE5EB059B24,electric_bike,2022-03-21 19:47:29,2022-03-21 19:49:45,Central Ave & Starr Street,4792,Cedar St & Evergreen Ave,4721,40.700003,-73.92834,40.69671,-73.92807,member
1792303,39C1B1A3CADD9D6D,electric_bike,2022-03-30 17:52:18,2022-03-30 17:54:56,Central Ave & Starr Street,4792,Suydam St & Knickerbocker Ave,4939,40.700003,-73.92834,40.702013,-73.923769,member
1792345,41AAE7534040860C,electric_bike,2022-03-08 13:15:00,2022-03-08 13:17:00,Central Ave & Starr Street,4792,Suydam St & Knickerbocker Ave,4939,40.700003,-73.92834,40.702013,-73.923769,member
1792518,454851AA9139A07C,classic_bike,2022-03-21 07:28:06,2022-03-21 07:31:03,Central Ave & Starr Street,4792,Suydam St & Knickerbocker Ave,4939,40.700003,-73.92834,40.702013,-73.923769,member
1801808,019F96CBD8EA794D,classic_bike,2022-03-16 07:40:58,2022-03-16 07:43:43,Central Ave & Starr Street,4792,Suydam St & Knickerbocker Ave,4939,40.700003,-73.92834,40.702013,-73.923769,member
1801809,EBEB16E8CAABEA24,classic_bike,2022-03-18 07:32:16,2022-03-18 07:35:39,Central Ave & Starr Street,4792,Suydam St & Knickerbocker Ave,4939,40.700003,-73.92834,40.702013,-73.923769,member
1801838,98E54A68C36164A4,classic_bike,2022-03-20 13:05:13,2022-03-20 13:08:10,Central Ave & Starr Street,4792,Suydam St & Knickerbocker Ave,4939,40.700003,-73.92834,40.702013,-73.923769,member
1806428,C2968DE0B7917B98,classic_bike,2022-03-08 07:38:09,2022-03-08 07:41:05,Central Ave & Starr Street,4792,Suydam St & Knickerbocker Ave,4939,40.700003,-73.92834,40.702013,-73.923769,member
1806434,F88505F097D98612,classic_bike,2022-03-13 14:52:29,2022-03-13 14:54:33,Central Ave & Starr Street,4792,Suydam St & Knickerbocker Ave,4939,40.700003,-73.92834,40.702013,-73.923769,member
1806435,1D701460C6D3FD09,electric_bike,2022-03-12 20:27:18,2022-03-12 20:37:00,Central Ave & Starr Street,4792,Frost St & Debevoise Ave,5433,40.700003,-73.92834,40.71882,-73.93948,member
1806454,75F12E688D9CF362,electric_bike,2022-03-14 17:48:14,2022-03-14 17:50:42,Central Ave & Starr Street,4792,Suydam St & Knickerbocker Ave,4939,40.700003,-73.92834,40.702013,-73.923769,member
1806498,58CA5A42C0CED0D7,classic_bike,2022-03-04 07:41:00,2022-03-04 07:44:02,Central Ave & Starr Street,4792,Suydam St & Knickerbocker Ave,4939,40.700003,-73.92834,40.702013,-73.923769,member
1806970,8A3105698244B247,classic_bike,2022-03-25 07:34:37,2022-03-25 07:38:25,Central Ave & Starr Street,4792,Suydam St & Knickerbocker Ave,4939,40.700003,-73.92834,40.702013,-73.923769,member
1808644,24F314D793126C91,classic_bike,2022-03-24 22:13:33,2022-03-24 22:16:00,Central Ave & Starr Street,4792,Suydam St & Knickerbocker Ave,4939,40.700003,-73.92834,40.702013,-73.923769,member
1845820,40CC4188E9DE179F,electric_bike,2022-03-13 17:14:44,2022-03-13 17:32:20,Central Ave & Starr Street,4792,Wythe Ave & Metropolitan Ave,5348,40.700003,-73.92834,40.716887,-73.963198,member
1850595,69C475351AD95C09,electric_bike,2022-03-17 13:50:42,2022-03-17 14:18:50,Central Ave & Starr Street,4792,Dean St & Hoyt St,4446,40.700003,-73.92834,40.6864442,-73.98759104,member
1876400,E764A744DB5723D9,classic_bike,2022-03-19 11:52:39,2022-03-19 12:18:34,Central Ave & Starr Street,4792,Canal St & Rutgers St,5303,40.700003,-73.92834,40.71427487,-73.98990025,casual
1877068,579DDD1FD98DA3A1,electric_bike,2022-03-19 15:41:11,2022-03-19 15:45:31,Central Ave & Starr Street,4792,Myrtle Ave & Lewis Ave,4729,40.700003,-73.92834,40.69681963,-73.93756926,member
1884134,55087B27118714FE,classic_bike,2022-03-22 11:29:12,2022-03-22 11:44:44,Central Ave & Starr Street,4792,Myrtle Ave & Lewis Ave,4729,40.700003,-73.92834,40.69681963,-73.93756926,casual
1884828,77F3D3DE0E08DD31,classic_bike,2022-03-24 22:00:00,2022-03-24 22:03:03,Central Ave & Starr Street,4792,Bushwick Ave & Dekalb Ave,4680,40.700003,-73.92834,40.69502,-73.92825,casual
1888204,2F40700BF2F8B5AA,classic_bike,2022-03-22 11:29:04,2022-03-22 11:44:43,Central Ave & Starr Street,4792,Myrtle Ave & Lewis Ave,4729,40.700003,-73.92834,40.69681963,-73.93756926,casual
