,ride_id,rideable_type,started_at,ended_at,start_station_name,start_station_id,end_station_name,end_station_id,start_lat,start_lng,end_lat,end_lng,member_casual
1017,8FB42564943D23A5,classic_bike,2022-03-08 15:00:37,2022-03-08 15:03:38,W 36 St & 9 Ave,6569,W 29 St & 9 Ave,6416,40.75462324029105,-73.99516761302948,40.7500727,-73.99839279,member
1018,779B7BCB42B92B73,classic_bike,2022-03-11 08:53:12,2022-03-11 08:57:41,W 36 St & 9 Ave,6569,W 29 St & 9 Ave,6416,40.75462324029105,-73.99516761302948,40.7500727,-73.99839279,member
2072,85FBDA47828BC96F,classic_bike,2022-03-16 16:59:04,2022-03-16 17:24:50,W 35 St & Dyer Ave,6569,North Moore St & Greenwich St,5470,40.754691750226016,-73.99740189313889,40.72019521437465,-74.0103006362915,member
2128,72E2282A09E71EAA,classic_bike,2022-03-15 19:16:45,2022-03-15 19:33:11,W 36 St & 9 Ave,6569,Ave A & E 11 St,5703,40.75462324029105,-73.99516761302948,40.72854745023944,-73.98175925016403,member
2130,1FD92220D67DF717,classic_bike,2022-03-26 13:44:06,2022-03-26 14:07:34,W 36 St & 9 Ave,6569,North Moore St & Greenwich St,5470,40.75462324029105,-73.99516761302948,40.72019521437465,-74.0103006362915,member
2212,4D79E8B48C93C196,electric_bike,2022-03-25 21:36:31,2022-03-25 22:21:10,W 36 St & 9 Ave,6569,E 40 St & 5 Ave,6474,40.75462324029105,-73.99516761302948,40.752062307,-73.9816324043,member
2434,2A70A55958A9BB56,electric_bike,2022-03-14 14:56:29,2022-03-14 15:01:43,W 36 St & 9 Ave,6569,W 22 St & 8 Ave,6224,40.75462324029105,-73.99516761302948,40.74475148,-73.99915362,member
2486,63CC7734CDCDA1AF,classic_bike,2022-03-02 07:21:26,2022-03-02 07:27:09,W 36 St & 9 Ave,6569,W 22 St & 8 Ave,6224,40.75462324029105,-73.99516761302948,40.74475148,-73.99915362,member
2492,6F885B12E801027C,classic_bike,2022-03-19 14:55:11,2022-03-19 15:00:33,W 36 St & 9 Ave,6569,W 22 St & 8 Ave,6224,40.75462324029105,-73.99516761302948,40.74475148,-73.99915362,member
2494,C03B7150F32BDF7E,classic_bike,2022-03-28 12:34:05,2022-03-28 12:38:14,W 36 St & 9 Ave,6569,W 22 St & 8 Ave,6224,40.75462324029105,-73.99516761302948,40.74475148,-73.99915362,member
2811,1E28C87BB4C05A27,electric_bike,2022-03-24 19:13:22,2022-03-24 19:25:47,W 36 St & 9 Ave,6569,Amsterdam Ave & W 79 St,7311,40.75462324029105,-73.99516761302948,40.7829391,-73.9786517,member
2978,A3B92DE48027817B,classic_bike,2022-03-24 17:10:07,2022-03-24 17:16:43,W 36 St & 9 Ave,6569,E 41 St & Madison Ave (SE corner),6432,40.75462324029105,-73.99516761302948,40.752049,-73.979635,member
3230,F5B6F4EF79700E0F,classic_bike,2022-03-16 12:55:45,2022-03-16 12:59:22,W 36 St & 9 Ave,6569,W 34 St &\tHudson Blvd E,6535,40.75462324029105,-73.99516761302948,40.75516719072139,-74.00059908628464,member
3682,27F18F159DE395DC,classic_bike,2022-03-06 19:02:44,2022-03-06 19:17:20,W 36 St & 9 Ave,6569,W 21 St & 6 Ave,6140,40.75462324029105,-73.99516761302948,40.74173969,-73.99415556,member
3683,F0C3022C86400F8C,classic_bike,2022-03-16 13:13:08,2022-03-16 13:21:18,W 36 St & 9 Ave,6569,W 49 St & 8 Ave,6747,40.75462324029105,-73.99516761302948,40.76227205,-73.98788205,member
3878,6493DDA1782DB1E0,classic_bike,2022-03-26 19:07:40,2022-03-26 19:29:12,W 36 St & 9 Ave,6569,Carmine St & 6 Ave,5763,40.75462324029105,-73.99516761302948,40.73038599,-74.00214988,member
3879,3D6D778847A650C9,electric_bike,2022-03-22 10:34:19,2022-03-22 10:44:39,W 36 St & 9 Ave,6569,W 30 St & 10 Ave,6459,40.75462324029105,-73.99516761302948,40.752694,-74.002353,casual
3883,106E202653A94F95,classic_bike,2022-03-23 09:41:31,2022-03-23 09:47:46,W 36 St & 9 Ave,6569,W 30 St & 10 Ave,6459,40.75462324029105,-73.99516761302948,40.752694,-74.002353,member
4098,02AD5FDB1EBCB5CF,electric_bike,2022-03-01 19:02:17,2022-03-01 19:41:40,W 36 St & 9 Ave,6569,Union Ave & Wallabout St,4818,40.75462324029105,-73.99516761302948,40.70029511,-73.95032283,member
4101,4C4CDED67B600C6C,classic_bike,2022-03-16 16:43:07,2022-03-16 16:52:36,W 36 St & 9 Ave,6569,W 55 St & 6 Ave,6809,40.75462324029105,-73.99516761302948,40.763189,-73.978434,member
4107,397EF24544299C20,classic_bike,2022-03-31 19:10:10,2022-03-31 19:38:25,W 36 St & 9 Ave,6569,E 89 St & York Ave,7204,40.75462324029105,-73.99516761302948,40.7779453,-73.946041,member
4109,81C03DC5DFE2F06D,classic_bike,2022-03-14 17:11:26,2022-03-14 17:37:43,W 36 St & 9 Ave,6569,Washington St & Laight St,5509,40.75462324029105,-73.99516761302948,40.72231,-74.0106,member
4110,8FB45A37BEFB260F,classic_bike,2022-03-24 18:17:45,2022-03-24 18:30:15,W 36 St & 9 Ave,6569,W 55 St & 6 Ave,6809,40.75462324029105,-73.99516761302948,40.763189,-73.978434,member
4236,DDAAF4EE412F9458,electric_bike,2022-03-22 08:58:18,2022-03-22 09:08:51,W 36 St & 9 Ave,6569,E 58 St & Madison Ave,6839,40.75462324029105,-73.99516761302948,40.76302594280519,-73.97209525108337,member
4749,E8D4018C74E0E6D6,classic_bike,2022-03-02 16:53:30,2022-03-02 17:01:09,W 36 St & 9 Ave,6569,6 Ave & W 45 St,6593,40.75462324029105,-73.99516761302948,40.756951,-73.982631,member
5026,52CEF3F784ECC83C,classic_bike,2022-03-31 11:04:12,2022-03-31 11:06:46,W 35 St & Dyer Ave,6569,W 39 St & 9 Ave,6644,40.754691750226016,-73.99740189313889,40.75645824,-73.99372222,member
5027,F6FD83175888D44C,classic_bike,2022-03-27 16:22:37,2022-03-27 16:25:09,W 35 St & Dyer Ave,6569,W 39 St & 9 Ave,6644,40.754691750226016,-73.99740189313889,40.75645824,-73.99372222,member
5029,8829AE35A85A8815,classic_bike,2022-03-11 12:32:55,2022-03-11 12:34:57,W 35 St & Dyer Ave,6569,W 39 St & 9 Ave,6644,40.754691750226016,-73.99740189313889,40.75645824,-73.99372222,member
5030,8D2746BC669EFF0C,classic_bike,2022-03-01 17:17:45,2022-03-01 17:20:27,W 35 St & Dyer Ave,6569,W 39 St & 9 Ave,6644,40.754691750226016,-73.99740189313889,40.75645824,-73.99372222,member
5031,F154CC0ECAEF2E69,classic_bike,2022-03-08 11:26:46,2022-03-08 11:29:10,W 35 St & Dyer Ave,6569,W 39 St & 9 Ave,6644,40.754691750226016,-73.99740189313889,40.75645824,-73.99372222,member
5447,D238BF916215E25A,classic_bike,2022-03-05 15:16:06,2022-03-05 15:25:57,W 36 St & 9 Ave,6569,W 24 St & 7 Ave,6257,40.75462324029105,-73.99516761302948,40.74487634,-73.99529885,member
5448,3AA1C42A45F99DC0,classic_bike,2022-03-14 12:15:39,2022-03-14 12:21:18,W 36 St & 9 Ave,6569,W 24 St & 7 Ave,6257,40.75462324029105,-73.99516761302948,40.74487634,-73.99529885,member
5452,E76CD74774497FBF,classic_bike,2022-03-30 12:00:07,2022-03-30 12:06:40,W 36 St & 9 Ave,6569,W 24 St & 7 Ave,6257,40.75462324029105,-73.99516761302948,40.74487634,-73.99529885,member
5459,13AE5CDE01EB7643,classic_bike,2022-03-17 12:51:49,2022-03-17 13:00:20,W 36 St & 9 Ave,6569,W 24 St & 7 Ave,6257,40.75462324029105,-73.99516761302948,40.74487634,-73.99529885,member
5471,EDC5AC0FD7FDA076,classic_bike,2022-03-14 08:11:10,2022-03-14 08:21:20,W 36 St & 9 Ave,6569,E 48 St & 5 Ave,6626,40.75462324029105,-73.99516761302948,40.75724567911726,-73.97805914282799,member
5508,6E24A11C8610C6D9,classic_bike,2022-03-22 06:00:39,2022-03-22 06:25:14,Albany St & Greenwich St,5145,W 35 St & 9 Ave,6569,40.709267,-74.013247,40.75414519263519,-73.9960889518261,member
5527,C6970062C97479DE,classic_bike,2022-03-30 14:09:29,2022-03-30 14:18:44,W 36 St & 9 Ave,6569,W 24 St & 7 Ave,6257,40.75462324029105,-73.99516761302948,40.74487634,-73.99529885,member
5528,E03178D600C2688B,electric_bike,2022-03-06 16:31:27,2022-03-06 16:41:06,W 36 St & 9 Ave,6569,W 24 St & 7 Ave,6257,40.75462324029105,-73.99516761302948,40.74487634,-73.99529885,member
5529,A6754E6E2079D8BE,classic_bike,2022-03-17 14:30:54,2022-03-17 14:40:09,W 36 St & 9 Ave,6569,W 24 St & 7 Ave,6257,40.75462324029105,-73.99516761302948,40.74487634,-73.99529885,member
5554,4DE8C409D83FF8BE,classic_bike,2022-03-21 17:52:03,2022-03-21 18:07:28,6 Ave & W 33 St,6364,W 35 St & 9 Ave,6569,40.74901271,-73.98848395,40.75414519263519,-73.9960889518261,casual
5556,CC8962607FC06F74,electric_bike,2022-03-07 13:56:15,2022-03-07 14:02:29,6 Ave & W 33 St,6364,W 35 St & 9 Ave,6569,40.74901271,-73.98848395,40.75414519263519,-73.9960889518261,member
5559,0A4BE344BAAA1509,classic_bike,2022-03-18 14:50:03,2022-03-18 14:59:12,W 20 St & 8 Ave,6224,W 35 St & 9 Ave,6569,40.74345335,-74.00004031,40.75414519263519,-73.9960889518261,member
5583,B4E40B6EB69991B1,electric_bike,2022-03-18 09:44:39,2022-03-18 09:52:41,7 Ave & Central Park South,6912,W 35 St & 9 Ave,6569,40.7667405590595,-73.9790689945221,40.75414519263519,-73.9960889518261,member
5607,68D49A4741D4A19A,electric_bike,2022-03-25 22:42:59,2022-03-25 23:27:18,Willis Ave & Bruckner Blvd,7691,W 35 St & 9 Ave,6569,40.805701,-73.925177,40.75414519263519,-73.9960889518261,member
5615,CDCFAB6618A944C4,classic_bike,2022-03-20 09:36:09,2022-03-20 09:41:59,W 36 St & 9 Ave,6569,9 Ave & W 22 St,6266,40.75462324029105,-73.99516761302948,40.7454973,-74.00197139,member
5618,755336BF311B4B41,electric_bike,2022-03-15 10:05:40,2022-03-15 10:10:43,W 36 St & 9 Ave,6569,9 Ave & W 22 St,6266,40.75462324029105,-73.99516761302948,40.7454973,-74.00197139,member
5746,1AAE668A0D5C370E,classic_bike,2022-03-10 18:46:26,2022-03-10 19:00:37,W 36 St & 9 Ave,6569,Washington St & Barrow St,5847,40.75462324029105,-73.99516761302948,40.73191132323174,-74.008769094944,member
5795,18D0844D6971BC67,classic_bike,2022-03-18 05:58:39,2022-03-18 06:21:27,Albany St & Greenwich St,5145,W 35 St & 9 Ave,6569,40.709267,-74.013247,40.75414519263519,-73.9960889518261,member
5803,90F7608E08269D75,electric_bike,2022-03-03 18:02:07,2022-03-03 18:16:07,1 Ave & E 16 St,5779,W 35 St & 9 Ave,6569,40.73221853,-73.98165557,40.75414519263519,-73.9960889518261,member
5815,81F8FD15ADA88731,electric_bike,2022-03-02 22:13:35,2022-03-02 22:20:32,8 Ave & W 16 St,6072,W 35 St & 9 Ave,6569,40.740983,-74.001702,40.75414519263519,-73.9960889518261,member
6027,E60D8C021D98F028,electric_bike,2022-03-08 07:10:47,2022-03-08 07:20:29,W 35 St & Dyer Ave,6569,E 50 St & Park Ave,6659,40.754691750226016,-73.99740189313889,40.757334,-73.974235,member
6028,899E14F194E8211E,electric_bike,2022-03-18 07:11:51,2022-03-18 07:22:03,W 35 St & Dyer Ave,6569,E 50 St & Park Ave,6659,40.754691750226016,-73.99740189313889,40.757334,-73.974235,member
6922,A09F1BE428E7C86A,electric_bike,2022-03-03 21:34:10,2022-03-03 22:16:09,W 36 St & 9 Ave,6569,E 14 St & 1 Ave,5779,40.75462324029105,-73.99516761302948,40.73139303364151,-73.98286700248718,member
6950,F87D20324FBD5755,electric_bike,2022-03-08 18:17:21,2022-03-08 18:35:04,W 35 St & Dyer Ave,6569,E 14 St & 1 Ave,5779,40.754691750226016,-73.99740189313889,40.73139303364151,-73.98286700248718,member
7153,EC7828F255B916B3,classic_bike,2022-03-22 18:29:53,2022-03-22 18:31:39,W 36 St & 9 Ave,6569,8 Ave & W 38 St,6526,40.75462324029105,-73.99516761302948,40.75461,-73.99177,member
7165,3E7B9589DC341EE1,electric_bike,2022-03-04 00:47:10,2022-03-04 00:55:31,W 36 St & 9 Ave,6569,8 Ave & W 38 St,6526,40.75462324029105,-73.99516761302948,40.75461,-73.99177,casual
7493,566E5707AFDC3D74,classic_bike,2022-03-27 11:37:15,2022-03-27 11:57:27,W 36 St & 9 Ave,6569,Washington Pl & 6 Ave,5838,40.75462324029105,-73.99516761302948,40.73224119,-74.00026394,member
7637,61EADCC4351FD5AA,classic_bike,2022-03-31 19:51:26,2022-03-31 20:03:52,W 36 St & 9 Ave,6569,Broadway & W 25 St,6173,40.75462324029105,-73.99516761302948,40.74286877312112,-73.98918628692627,member
7737,91B8BF1B06308C16,electric_bike,2022-03-07 11:23:05,2022-03-07 11:36:43,W 36 St & 9 Ave,6569,E 56 St & 3 Ave,6691,40.75462324029105,-73.99516761302948,40.75934501,-73.96759673,member
7802,7C0D4793395C2F39,electric_bike,2022-03-04 19:32:50,2022-03-04 19:47:04,W 36 St & 9 Ave,6569,E 47 St & 2 Ave,6498,40.75462324029105,-73.99516761302948,40.75323098,-73.97032517,member
8019,783959B997CD2964,classic_bike,2022-03-15 17:55:42,2022-03-15 18:07:09,W 35 St & Dyer Ave,6569,E 22 St & 2 Ave,5971,40.754691750226016,-73.99740189313889,40.73716919369882,-73.98122549057007,member
8022,381E60D709B108CC,electric_bike,2022-03-25 16:48:46,2022-03-25 17:30:25,W 35 St & Dyer Ave,6569,Dean St & Hoyt St,4446,40.754691750226016,-73.99740189313889,40.6864442,-73.98759104,member
8447,74E49E10192C9BAA,electric_bike,2022-03-15 22:12:20,2022-03-15 22:33:49,W 36 St & 9 Ave,6569,Clinton St & Grand St,5303,40.75462324029105,-73.99516761302948,40.71559509,-73.9870295,member
8825,F996D5EB5DC596B5,classic_bike,2022-03-05 07:43:15,2022-03-05 07:47:40,11 Ave & W 41 St,6726,W 36 St & 9 Ave,6569,40.76030096,-73.99884222,40.75462324029105,-73.99516761302948,member
8844,DD4814127F80D997,electric_bike,2022-03-24 15:46:24,2022-03-24 15:55:32,E 50 St & Park Ave,6659,W 36 St & 9 Ave,6569,40.757334,-73.974235,40.75462324029105,-73.99516761302948,member
8847,3F109BB2620A3DDE,electric_bike,2022-03-26 13:25:43,2022-03-26 13:59:19,E 89 St & 3 Ave,7265,W 36 St & 9 Ave,6569,40.7806284,-73.9521667,40.75462324029105,-73.99516761302948,casual
8848,014AA044B00ABEC3,classic_bike,2022-03-30 17:46:03,2022-03-30 17:59:49,W 36 St & 9 Ave,6569,Amsterdam Ave & W 66 St,7149,40.75462324029105,-73.99516761302948,40.7746671,-73.98470567,member
8851,073330DDE454E9C4,electric_bike,2022-03-31 16:50:31,2022-03-31 17:14:07,Reade St & Broadway,5247,W 36 St & 9 Ave,6569,40.71450451,-74.00562789,40.75462324029105,-73.99516761302948,member
8853,3EA021C4A0FAFA57,classic_bike,2022-03-19 19:26:33,2022-03-19 19:29:05,W 35 St & Dyer Ave,6569,W 36 St & 9 Ave,6569,40.754691750226016,-73.99740189313889,40.75462324029105,-73.99516761302948,member
8855,D68E4AFD541D7AED,electric_bike,2022-03-02 07:54:52,2022-03-02 08:00:23,W 54 St & 9 Ave,6920,W 36 St & 9 Ave,6569,40.76584941,-73.98690506,40.75462324029105,-73.99516761302948,member
8857,DDBBAA8D4B6F77B1,classic_bike,2022-03-05 16:05:53,2022-03-05 16:32:33,Great Jones St,5636,W 36 St & 9 Ave,6569,40.72743423,-73.99379025,40.75462324029105,-73.99516761302948,member
8858,CF6C081BEDBF0B7C,electric_bike,2022-03-13 13:13:03,2022-03-13 13:24:42,W 76 St & Columbus Ave,7281,W 36 St & 9 Ave,6569,40.7801839724239,-73.97728532552719,40.75462324029105,-73.99516761302948,member
8863,37762DC0D499F44A,classic_bike,2022-03-11 21:04:08,2022-03-11 21:09:22,Broadway & W 38 St,6560,W 36 St & 9 Ave,6569,40.7529728216068,-73.98734897375107,40.75462324029105,-73.99516761302948,member
8866,53E1DE1DF260428B,classic_bike,2022-03-18 16:51:55,2022-03-18 16:55:43,W 45 St & 8 Ave,6676,W 36 St & 9 Ave,6569,40.75929124,-73.98859651,40.75462324029105,-73.99516761302948,member
8876,855325C303D98296,electric_bike,2022-03-24 18:33:55,2022-03-24 18:38:18,W 30 St & 10 Ave,6459,W 36 St & 9 Ave,6569,40.752694,-74.002353,40.75462324029105,-73.99516761302948,member
8877,E3405AA68082CB71,electric_bike,2022-03-21 18:47:34,2022-03-21 18:51:56,W 30 St & 10 Ave,6459,W 36 St & 9 Ave,6569,40.752694,-74.002353,40.75462324029105,-73.99516761302948,member
8885,8FAE4B1F2C62F477,electric_bike,2022-03-14 04:54:56,2022-03-14 04:58:04,10 Ave & W 28 St,6459,W 36 St & 9 Ave,6569,40.75066386,-74.00176802,40.75462324029105,-73.99516761302948,member
8890,FB90AED237E1CA45,classic_bike,2022-03-30 06:21:25,2022-03-30 06:23:16,W 39 St & 9 Ave,6644,W 36 St & 9 Ave,6569,40.75645824,-73.99372222,40.75462324029105,-73.99516761302948,member
8891,A399933195301C7B,classic_bike,2022-03-28 06:31:07,2022-03-28 06:33:47,W 39 St & 9 Ave,6644,W 36 St & 9 Ave,6569,40.75645824,-73.99372222,40.75462324029105,-73.99516761302948,member
8900,3ADDBF783C811979,classic_bike,2022-03-01 14:34:23,2022-03-01 14:52:44,W 36 St & 9 Ave,6569,W 36 St & 9 Ave,6569,40.75462324029105,-73.99516761302948,40.75462324029105,-73.99516761302948,member
8915,F178205FF74FE13F,classic_bike,2022-03-25 10:13:26,2022-03-25 10:13:46,W 36 St & 9 Ave,6569,W 36 St & 9 Ave,6569,40.75462324029105,-73.99516761302948,40.75462324029105,-73.99516761302948,member
8926,65D333D45CC99161,electric_bike,2022-03-30 13:09:06,2022-03-30 13:19:09,W 24 St & 7 Ave,6257,W 36 St & 9 Ave,6569,40.74487634,-73.99529885,40.75462324029105,-73.99516761302948,member
8928,98F9F448616FCF1B,electric_bike,2022-03-11 17:51:56,2022-03-11 18:15:30,Madison Ave & E 99 St,7443,W 36 St & 9 Ave,6569,40.78948541553215,-73.95242929458618,40.75462324029105,-73.99516761302948,member
8936,BBA773D9FD40DA7D,classic_bike,2022-03-15 09:02:25,2022-03-15 09:36:37,Central Park North & Adam Clayton Powell Blvd,7617,W 36 St & 9 Ave,6569,40.799484,-73.955613,40.75462324029105,-73.99516761302948,member
8937,B1C40C4AC3E210C2,classic_bike,2022-03-22 08:32:56,2022-03-22 09:10:18,Central Park North & Adam Clayton Powell Blvd,7617,W 36 St & 9 Ave,6569,40.799484,-73.955613,40.75462324029105,-73.99516761302948,member
8942,22CC126208213B2D,electric_bike,2022-03-22 17:47:55,2022-03-22 18:09:07,Central Park North & Adam Clayton Powell Blvd,7617,W 36 St & 9 Ave,6569,40.799484,-73.955613,40.75462324029105,-73.99516761302948,member
8943,580E6887DEAB3620,classic_bike,2022-03-17 08:40:55,2022-03-17 09:13:35,Central Park North & Adam Clayton Powell Blvd,7617,W 36 St & 9 Ave,6569,40.799484,-73.955613,40.75462324029105,-73.99516761302948,member
8945,88DB02A565F339C7,classic_bike,2022-03-18 09:15:08,2022-03-18 09:48:42,Central Park North & Adam Clayton Powell Blvd,7617,W 36 St & 9 Ave,6569,40.799484,-73.955613,40.75462324029105,-73.99516761302948,member
8946,21C9691207B73DC3,classic_bike,2022-03-28 08:45:51,2022-03-28 09:24:53,Central Park North & Adam Clayton Powell Blvd,7617,W 36 St & 9 Ave,6569,40.799484,-73.955613,40.75462324029105,-73.99516761302948,member
8948,F755C5AE34E95298,electric_bike,2022-03-27 16:41:06,2022-03-27 16:58:36,Washington Square E,5755,W 36 St & 9 Ave,6569,40.73049393,-73.9957214,40.75462324029105,-73.99516761302948,member
8955,8F484A5207CEE93C,electric_bike,2022-03-30 02:24:35,2022-03-30 02:28:28,W 50 St & 9 Ave,6854,W 36 St & 9 Ave,6569,40.76360467795863,-73.98917958140373,40.75462324029105,-73.99516761302948,member
8956,3BE27BEFB23430B5,classic_bike,2022-03-19 04:47:24,2022-03-19 04:51:50,W 50 St & 9 Ave,6854,W 36 St & 9 Ave,6569,40.76360467795863,-73.98917958140373,40.75462324029105,-73.99516761302948,member
8960,3C4714E5AA194C93,classic_bike,2022-03-01 09:38:29,2022-03-01 09:44:22,Hudson Blvd E & W 36 St,6611,W 36 St & 9 Ave,6569,40.75630628938069,-73.99951145061095,40.75462324029105,-73.99516761302948,casual
8964,8FA36D1FB8C0798B,classic_bike,2022-03-18 11:18:16,2022-03-18 11:38:01,W 63 St & Broadway,7052,W 36 St & 9 Ave,6569,40.77163851,-73.98261428,40.75462324029105,-73.99516761302948,member
8966,8A995A672C7DE177,electric_bike,2022-03-02 13:46:32,2022-03-02 13:57:18,W 63 St & Broadway,7052,W 36 St & 9 Ave,6569,40.77163851,-73.98261428,40.75462324029105,-73.99516761302948,member
8973,CC96903B61C8E3BB,electric_bike,2022-03-14 16:02:14,2022-03-14 16:09:23,W 63 St & Broadway,7052,W 36 St & 9 Ave,6569,40.77163851,-73.98261428,40.75462324029105,-73.99516761302948,casual
8978,F35404A6FDFCA21A,classic_bike,2022-03-27 12:13:38,2022-03-27 12:36:24,E 32 St & Park Ave,6280,W 36 St & 9 Ave,6569,40.7457121,-73.98194829,40.75462324029105,-73.99516761302948,casual
8985,18388CFB57DD91D8,classic_bike,2022-03-14 20:02:36,2022-03-14 20:09:29,W 43 St & 10 Ave,6756,W 36 St & 9 Ave,6569,40.76009437,-73.99461843,40.75462324029105,-73.99516761302948,member
8986,097FE6EA330F6C6B,classic_bike,2022-03-08 17:52:12,2022-03-08 17:57:02,W 43 St & 10 Ave,6756,W 36 St & 9 Ave,6569,40.76009437,-73.99461843,40.75462324029105,-73.99516761302948,member
8999,B73A0B3DED2FBAFB,electric_bike,2022-03-24 21:27:02,2022-03-24 21:39:15,W 24 St & 7 Ave,6257,W 36 St & 9 Ave,6569,40.74487634,-73.99529885,40.75462324029105,-73.99516761302948,member
9000,81437FE63B7FE88F,classic_bike,2022-03-19 15:41:30,2022-03-19 15:47:37,W 24 St & 7 Ave,6257,W 36 St & 9 Ave,6569,40.74487634,-73.99529885,40.75462324029105,-73.99516761302948,member
9003,B0B16BEA34D93178,electric_bike,2022-03-10 18:13:21,2022-03-10 18:33:20,W 89 St & Columbus Ave,7432,W 36 St & 9 Ave,6569,40.7882213,-73.97041561,40.75462324029105,-73.99516761302948,member
9004,51E89C9407CD49FC,classic_bike,2022-03-19 14:01:14,2022-03-19 14:17:37,Broadway & E 14 St,5905,W 36 St & 9 Ave,6569,40.73454567,-73.99074142,40.75462324029105,-73.99516761302948,member
9008,CB9C4A120B73A39C,classic_bike,2022-03-31 19:33:19,2022-03-31 19:51:46,E 16 St & 5 Ave,6022,W 36 St & 9 Ave,6569,40.73726186,-73.99238967,40.75462324029105,-73.99516761302948,casual
9011,C3971FFDC858F085,classic_bike,2022-03-22 15:34:44,2022-03-22 15:42:42,W 24 St & 7 Ave,6257,W 36 St & 9 Ave,6569,40.74487634,-73.99529885,40.75462324029105,-73.99516761302948,member
9016,0112D6BE53CD2166,electric_bike,2022-03-22 11:41:34,2022-03-22 12:16:22,8 Ave & W 33 St,6450,W 36 St & 9 Ave,6569,40.751551,-73.993934,40.75462324029105,-73.99516761302948,member
9019,ECAF5B32B34B53DE,classic_bike,2022-03-02 12:13:19,2022-03-02 12:19:51,8 Ave & W 49 St,6747,W 36 St & 9 Ave,6569,40.76171227910671,-73.98655101656914,40.75462324029105,-73.99516761302948,member
9021,EAA1C87F3C245759,classic_bike,2022-03-16 22:16:20,2022-03-16 22:24:29,W 35 St & Dyer Ave,6569,Broadway & W 29 St,6289,40.754691750226016,-73.99740189313889,40.7462009,-73.98855723,member
9023,670E372E2D577478,electric_bike,2022-03-31 07:09:43,2022-03-31 07:11:45,W 35 St & Dyer Ave,6569,W 36 St & 9 Ave,6569,40.754691750226016,-73.99740189313889,40.75462324029105,-73.99516761302948,member
9024,D51638444BF94183,electric_bike,2022-03-01 10:39:23,2022-03-01 10:46:08,Broadway & W 51 St,6779,W 36 St & 9 Ave,6569,40.76228826,-73.98336183,40.75462324029105,-73.99516761302948,member
9025,9048FDFFBC21083F,classic_bike,2022-03-03 15:36:19,2022-03-03 16:09:20,Reade St & Broadway,5247,W 36 St & 9 Ave,6569,40.71450451,-74.00562789,40.75462324029105,-73.99516761302948,member
9036,C367776C29768540,classic_bike,2022-03-11 15:35:45,2022-03-11 15:45:06,Broadway & W 51 St,6779,W 36 St & 9 Ave,6569,40.76228826,-73.98336183,40.75462324029105,-73.99516761302948,member
9046,85DC43F449F8CB55,electric_bike,2022-03-20 03:29:00,2022-03-20 03:35:10,W 44 St & 11 Ave,6756,W 36 St & 9 Ave,6569,40.762009,-73.996975,40.75462324029105,-73.99516761302948,casual
9047,A16C49708C551A79,electric_bike,2022-03-29 19:48:14,2022-03-29 19:51:48,W 44 St & 11 Ave,6756,W 36 St & 9 Ave,6569,40.762009,-73.996975,40.75462324029105,-73.99516761302948,member
9050,03E43110644C0099,classic_bike,2022-03-16 22:42:10,2022-03-16 22:48:33,6 Ave & W 33 St,6364,W 36 St & 9 Ave,6569,40.74901271,-73.98848395,40.75462324029105,-73.99516761302948,member
9052,8DD7839F0E35B3A4,electric_bike,2022-03-13 10:36:37,2022-03-13 10:45:53,W 59 St & 10 Ave,7023,W 36 St & 9 Ave,6569,40.770513,-73.988038,40.75462324029105,-73.99516761302948,member
9066,3DC13D8F083E0555,classic_bike,2022-03-10 14:48:35,2022-03-10 14:51:14,8 Ave & W 38 St,6526,W 36 St & 9 Ave,6569,40.75461,-73.99177,40.75462324029105,-73.99516761302948,member
9069,FC4D99A7151064E3,electric_bike,2022-03-23 19:04:54,2022-03-23 19:20:38,W 84 St & Broadway,7409,W 36 St & 9 Ave,6569,40.7867947,-73.977112,40.75462324029105,-73.99516761302948,member
9075,7B1880588436500F,electric_bike,2022-03-25 16:48:04,2022-03-25 16:59:31,Washington St & Gansevoort St,6039,W 36 St & 9 Ave,6569,40.739323,-74.008119,40.75462324029105,-73.99516761302948,casual
9093,18ACFD0A218CF1EF,electric_bike,2022-03-04 17:41:44,2022-03-04 17:43:09,W 39 St & 9 Ave,6644,W 36 St & 9 Ave,6569,40.75645824,-73.99372222,40.75462324029105,-73.99516761302948,member
9094,A8E19531DF63DC5E,classic_bike,2022-03-16 06:32:06,2022-03-16 06:33:45,W 39 St & 9 Ave,6644,W 36 St & 9 Ave,6569,40.75645824,-73.99372222,40.75462324029105,-73.99516761302948,member
9104,4451E2B3949D655D,classic_bike,2022-03-27 02:24:18,2022-03-27 02:43:16,W 76 St & Columbus Ave,7281,W 36 St & 9 Ave,6569,40.7801839724239,-73.97728532552719,40.75462324029105,-73.99516761302948,casual
9108,9CDFCC1333A7BCD8,electric_bike,2022-03-02 15:00:15,2022-03-02 15:19:47,E 56 St & 3 Ave,6691,W 36 St & 9 Ave,6569,40.75934501,-73.96759673,40.75462324029105,-73.99516761302948,member
9111,26DE5523D45E4490,electric_bike,2022-03-01 10:24:18,2022-03-01 10:45:03,E 56 St & 3 Ave,6691,W 36 St & 9 Ave,6569,40.75934501,-73.96759673,40.75462324029105,-73.99516761302948,casual
9112,2596C9EEA87E5E4A,electric_bike,2022-03-01 10:24:36,2022-03-01 10:45:02,E 56 St & 3 Ave,6691,W 36 St & 9 Ave,6569,40.75934501,-73.96759673,40.75462324029105,-73.99516761302948,casual
9229,27C6C5A269CF7B07,classic_bike,2022-03-02 19:12:23,2022-03-02 19:15:00,W 36 St & 9 Ave,6569,W 37 St & 10 Ave,6611,40.75462324029105,-73.99516761302948,40.75660359,-73.9979009,member
9431,AB8EC00A3A5304D7,classic_bike,2022-03-16 08:25:21,2022-03-16 08:32:07,9 Ave & W 45 St,6717,W 36 St & 9 Ave,6569,40.76019252,-73.9912551,40.75462324029105,-73.99516761302948,member
9454,125DC13819D8FB7F,electric_bike,2022-03-28 12:39:22,2022-03-28 12:46:17,W 20 St & 8 Ave,6224,W 36 St & 9 Ave,6569,40.74345335,-74.00004031,40.75462324029105,-73.99516761302948,member
9489,6DFEFEA166B13D28,electric_bike,2022-03-30 17:09:45,2022-03-30 17:20:31,Washington St & Gansevoort St,6039,W 36 St & 9 Ave,6569,40.739323,-74.008119,40.75462324029105,-73.99516761302948,member
9501,0C1518FEBAE9643D,electric_bike,2022-03-15 17:40:10,2022-03-15 17:49:06,Broadway & W 51 St,6779,W 36 St & 9 Ave,6569,40.76228826,-73.98336183,40.75462324029105,-73.99516761302948,member
9528,AFF597C85CE09FE2,classic_bike,2022-03-16 11:33:17,2022-03-16 11:45:23,W 51 St & Rockefeller Plaza,6700,W 36 St & 9 Ave,6569,40.75973805251143,-73.97811613976955,40.75462324029105,-73.99516761302948,member
9832,F5B499A8243C17AA,classic_bike,2022-03-23 10:44:55,2022-03-23 11:24:36,W 35 St & Dyer Ave,6569,Hudson Blvd E & W 36 St,6611,40.754691750226016,-73.99740189313889,40.75630628938069,-73.99951145061095,member
9859,DAE0C75C9C144E52,electric_bike,2022-03-18 21:12:47,2022-03-18 21:32:54,W 35 St & Dyer Ave,6569,W 20 St & 10 Ave,6306,40.754691750226016,-73.99740189313889,40.745686,-74.005141,member
9882,3378EB2A86488D18,classic_bike,2022-03-16 12:44:36,2022-03-16 12:51:24,W 35 St & Dyer Ave,6569,W 20 St & 10 Ave,6306,40.754691750226016,-73.99740189313889,40.745686,-74.005141,casual
9894,FF1A7678CEF269A2,classic_bike,2022-03-06 14:45:21,2022-03-06 14:47:30,W 35 St & Dyer Ave,6569,Hudson Blvd E & W 36 St,6611,40.754691750226016,-73.99740189313889,40.75630628938069,-73.99951145061095,member
9901,F7538D4FAD024889,classic_bike,2022-03-10 12:34:03,2022-03-10 12:35:33,W 35 St & Dyer Ave,6569,Hudson Blvd E & W 36 St,6611,40.754691750226016,-73.99740189313889,40.75630628938069,-73.99951145061095,member
10061,16EBD23A1260A2D1,classic_bike,2022-03-24 19:43:42,2022-03-24 19:45:03,W 35 St & Dyer Ave,6569,Hudson Blvd E & W 36 St,6611,40.754691750226016,-73.99740189313889,40.75630628938069,-73.99951145061095,member
10063,9FAC1F25B6C0E2DA,classic_bike,2022-03-16 06:41:15,2022-03-16 06:47:36,W 35 St & Dyer Ave,6569,W 20 St & 10 Ave,6306,40.754691750226016,-73.99740189313889,40.745686,-74.005141,member
10226,13E20922A6F1AB2C,classic_bike,2022-03-20 10:46:29,2022-03-20 10:51:04,W 35 St & Dyer Ave,6569,6 Ave & W 34 St,6364,40.754691750226016,-73.99740189313889,40.74964,-73.98805,casual
10228,35534D3DAD3D1B35,classic_bike,2022-03-13 21:42:53,2022-03-13 21:47:11,W 35 St & Dyer Ave,6569,6 Ave & W 34 St,6364,40.754691750226016,-73.99740189313889,40.74964,-73.98805,casual
10461,94ADB1FC477FA02D,electric_bike,2022-03-05 19:08:34,2022-03-05 19:18:08,W 36 St & 9 Ave,6569,5 Ave & E 29 St,6248,40.75462324029105,-73.99516761302948,40.7451677,-73.98683077,member
10570,E2763A19CA77FB3C,electric_bike,2022-03-04 13:42:13,2022-03-04 13:49:45,W 36 St & 9 Ave,6569,5 Ave & E 29 St,6248,40.75462324029105,-73.99516761302948,40.7451677,-73.98683077,member
10573,721FA594341242AC,classic_bike,2022-03-11 21:25:37,2022-03-11 21:34:34,W 36 St & 9 Ave,6569,5 Ave & E 29 St,6248,40.75462324029105,-73.99516761302948,40.7451677,-73.98683077,member
10827,62E105F7E131D7F7,electric_bike,2022-03-10 13:58:39,2022-03-10 14:15:02,W 36 St & 9 Ave,6569,Riverside Dr & W 72 St,7288,40.75462324029105,-73.99516761302948,40.78057799010334,-73.98562431335449,member
10828,9DC514C13B24E2EB,electric_bike,2022-03-02 06:39:11,2022-03-02 06:46:27,W 36 St & 9 Ave,6569,5 Ave & E 29 St,6248,40.75462324029105,-73.99516761302948,40.7451677,-73.98683077,casual
10829,9268D6B4002E241B,electric_bike,2022-03-17 18:28:22,2022-03-17 18:41:42,W 36 St & 9 Ave,6569,Mercer St & Spring St,5532,40.75462324029105,-73.99516761302948,40.72362738,-73.99949601,member
10830,FDF9762D80C55B8D,classic_bike,2022-03-23 19:03:00,2022-03-23 19:14:24,W 36 St & 9 Ave,6569,5 Ave & E 29 St,6248,40.75462324029105,-73.99516761302948,40.7451677,-73.98683077,member
11207,43352C1D20DC4170,classic_bike,2022-03-19 19:06:07,2022-03-19 19:24:56,W 36 St & 9 Ave,6569,St Marks Pl & 2 Ave,5669,40.75462324029105,-73.99516761302948,40.7284186,-73.98713956,member
11251,7791CED84565499D,electric_bike,2022-03-31 05:29:28,2022-03-31 05:38:27,W 36 St & 9 Ave,6569,E 16 St & 5 Ave,6022,40.75462324029105,-73.99516761302948,40.73726186,-73.99238967,member
11378,376CC70DE2532AB4,electric_bike,2022-03-05 09:47:30,2022-03-05 09:54:11,W 36 St & 9 Ave,6569,5 Ave & E 29 St,6248,40.75462324029105,-73.99516761302948,40.7451677,-73.98683077,casual
11393,03E15DE5EA89F8C3,classic_bike,2022-03-31 17:48:38,2022-03-31 17:58:09,W 36 St & 9 Ave,6569,5 Ave & E 29 St,6248,40.75462324029105,-73.99516761302948,40.7451677,-73.98683077,member
11429,5C65FC9AB05A7996,electric_bike,2022-03-02 17:48:50,2022-03-02 18:06:14,W 36 St & 9 Ave,6569,St Marks Pl & 2 Ave,5669,40.75462324029105,-73.99516761302948,40.7284186,-73.98713956,member
11774,909157D47C9B70E0,classic_bike,2022-03-19 14:27:08,2022-03-19 15:13:13,W 36 St & 9 Ave,6569,Norfolk St & Broome St,5374,40.75462324029105,-73.99516761302948,40.7172274,-73.98802084,casual
12067,40EA3E065B2099F1,classic_bike,2022-03-16 17:52:07,2022-03-16 18:04:24,W 35 St & Dyer Ave,6569,E 16 St & 5 Ave,6022,40.754691750226016,-73.99740189313889,40.73726186,-73.99238967,casual
12081,C48241EE6075D5F6,electric_bike,2022-03-17 05:21:21,2022-03-17 05:29:30,W 36 St & 9 Ave,6569,E 16 St & 5 Ave,6022,40.75462324029105,-73.99516761302948,40.73726186,-73.99238967,member
13080,EBC61759FBABC226,electric_bike,2022-03-22 14:57:21,2022-03-22 15:24:17,W 35 St & Dyer Ave,6569,6 Ave & Canal St,5500,40.754691750226016,-73.99740189313889,40.72243797,-74.00566443,member
13180,4EF549A8DF337885,classic_bike,2022-03-10 13:41:20,2022-03-10 13:55:11,W 36 St & 9 Ave,6569,W 44 St & 5 Ave,6551,40.75462324029105,-73.99516761302948,40.75500254,-73.98014437,member
14404,24C913BC3ACF41A5,classic_bike,2022-03-23 14:33:34,2022-03-23 14:48:02,W 35 St & Dyer Ave,6569,E 19 St & 3 Ave,5938,40.754691750226016,-73.99740189313889,40.73624527,-73.98473765,member
14774,823F8E6944711B50,electric_bike,2022-03-07 15:44:01,2022-03-07 15:58:53,W 35 St & Dyer Ave,6569,Grand Army Plaza & Central Park S,6839,40.754691750226016,-73.99740189313889,40.7643971,-73.97371465,casual
14960,9A76260C6BCAAFBD,electric_bike,2022-03-18 10:43:47,2022-03-18 11:06:15,W 36 St & 9 Ave,6569,E 85 St & York Ave,7146,40.75462324029105,-73.99516761302948,40.77536905,-73.94803392,member
15852,1496F093BEE27263,electric_bike,2022-03-08 02:17:01,2022-03-08 02:21:10,W 35 St & Dyer Ave,6569,Broadway & W 36 St,6441,40.754691750226016,-73.99740189313889,40.75097711,-73.98765428,member
15953,427D10EA6BDEE124,classic_bike,2022-03-17 18:57:03,2022-03-17 19:03:28,W 36 St & 9 Ave,6569,11 Ave & W 41 St,6726,40.75462324029105,-73.99516761302948,40.76030096,-73.99884222,member
15957,020DD64714D6E5D6,classic_bike,2022-03-12 15:26:37,2022-03-12 15:33:42,W 36 St & 9 Ave,6569,11 Ave & W 41 St,6726,40.75462324029105,-73.99516761302948,40.76030096,-73.99884222,member
16157,186B24C67BFF5436,classic_bike,2022-03-10 18:12:02,2022-03-10 18:15:43,W 36 St & 9 Ave,6569,11 Ave & W 41 St,6726,40.75462324029105,-73.99516761302948,40.76030096,-73.99884222,member
16258,873D96C513E7CF93,classic_bike,2022-03-26 16:12:59,2022-03-26 16:17:13,W 36 St & 9 Ave,6569,11 Ave & W 41 St,6726,40.75462324029105,-73.99516761302948,40.76030096,-73.99884222,member
16259,AA9EAE0F7E74C3D0,electric_bike,2022-03-10 17:19:16,2022-03-10 17:22:26,W 36 St & 9 Ave,6569,11 Ave & W 41 St,6726,40.75462324029105,-73.99516761302948,40.76030096,-73.99884222,member
16355,68E66E36EE0A55F0,classic_bike,2022-03-03 23:01:11,2022-03-03 23:06:52,W 35 St & Dyer Ave,6569,W 44 St & 11 Ave,6756,40.754691750226016,-73.99740189313889,40.762009,-73.996975,member
17536,5218A8E3B66B05C8,classic_bike,2022-03-07 22:11:36,2022-03-07 22:33:20,W 36 St & 9 Ave,6569,Mott St & Prince St,5561,40.75462324029105,-73.99516761302948,40.72317958,-73.99480012,member
17564,DD9C7F958902BD2E,electric_bike,2022-03-20 10:24:33,2022-03-20 10:41:51,W 36 St & 9 Ave,6569,E 10 St & 2 Ave,5746,40.75462324029105,-73.99516761302948,40.72970805644994,-73.9865979552269,member
18531,490C1F5B3C80A621,electric_bike,2022-03-11 08:08:15,2022-03-11 08:30:53,W 36 St & 9 Ave,6569,W 10 St & Washington St,5847,40.75462324029105,-73.99516761302948,40.73342399437081,-74.00851495563984,casual
18538,198B87B71909F532,electric_bike,2022-03-04 15:45:09,2022-03-04 15:53:36,W 36 St & 9 Ave,6569,W 10 St & Washington St,5847,40.75462324029105,-73.99516761302948,40.73342399437081,-74.00851495563984,member
18539,DF8D0C70751EDB63,electric_bike,2022-03-03 16:44:05,2022-03-03 16:54:19,W 36 St & 9 Ave,6569,W 10 St & Washington St,5847,40.75462324029105,-73.99516761302948,40.73342399437081,-74.00851495563984,member
18555,2822B2717A0DD061,electric_bike,2022-03-24 18:48:12,2022-03-24 19:04:55,W 36 St & 9 Ave,6569,W 10 St & Washington St,5847,40.75462324029105,-73.99516761302948,40.73342399437081,-74.00851495563984,member
19317,CD374C4AEEB648B4,electric_bike,2022-03-17 16:56:20,2022-03-17 17:02:30,W 36 St & 9 Ave,6569,W 29 St & 9 Ave,6416,40.75462324029105,-73.99516761302948,40.7500727,-73.99839279,member
19319,772E7123531D36EA,classic_bike,2022-03-14 00:57:53,2022-03-14 01:00:47,W 36 St & 9 Ave,6569,W 29 St & 9 Ave,6416,40.75462324029105,-73.99516761302948,40.7500727,-73.99839279,member
19321,B11D3D4063624768,electric_bike,2022-03-18 12:12:59,2022-03-18 12:39:34,W 36 St & 9 Ave,6569,Broad St & Bridge St,4962,40.75462324029105,-73.99516761302948,40.70365182,-74.01167797,member
19329,CE394443FF0F4388,electric_bike,2022-03-14 15:17:30,2022-03-14 15:20:35,W 36 St & 9 Ave,6569,W 29 St & 9 Ave,6416,40.75462324029105,-73.99516761302948,40.7500727,-73.99839279,member
19346,729EBC1A21B13D58,classic_bike,2022-03-06 16:29:58,2022-03-06 16:35:16,W 36 St & 9 Ave,6569,W 29 St & 9 Ave,6416,40.75462324029105,-73.99516761302948,40.7500727,-73.99839279,member
19351,D4F0F35186666583,classic_bike,2022-03-29 13:07:56,2022-03-29 13:11:57,W 36 St & 9 Ave,6569,W 29 St & 9 Ave,6416,40.75462324029105,-73.99516761302948,40.7500727,-73.99839279,member
19356,B52A214577BFC5FC,classic_bike,2022-03-01 06:55:45,2022-03-01 06:58:49,W 36 St & 9 Ave,6569,W 29 St & 9 Ave,6416,40.75462324029105,-73.99516761302948,40.7500727,-73.99839279,member
19358,E26A66D21D9F3CC7,classic_bike,2022-03-16 07:25:34,2022-03-16 07:28:33,W 36 St & 9 Ave,6569,W 29 St & 9 Ave,6416,40.75462324029105,-73.99516761302948,40.7500727,-73.99839279,member
19360,9296AB96F962956A,electric_bike,2022-03-01 19:22:30,2022-03-01 19:25:18,W 36 St & 9 Ave,6569,W 29 St & 9 Ave,6416,40.75462324029105,-73.99516761302948,40.7500727,-73.99839279,member
19367,33263E1CF8D82E3F,classic_bike,2022-03-17 17:01:01,2022-03-17 17:04:13,W 36 St & 9 Ave,6569,W 29 St & 9 Ave,6416,40.75462324029105,-73.99516761302948,40.7500727,-73.99839279,casual
20257,C8A08EFCC4545508,electric_bike,2022-03-16 15:47:18,2022-03-16 15:50:15,W 36 St & 9 Ave,6569,W 29 St & 9 Ave,6416,40.75462324029105,-73.99516761302948,40.7500727,-73.99839279,casual
20361,715A176CA771222A,electric_bike,2022-03-05 17:46:41,2022-03-05 18:18:54,W 36 St & 9 Ave,6569,E 91 St & 2 Ave,7286,40.75462324029105,-73.99516761302948,40.78115276427916,-73.94963040947914,member
20534,EBD1CB0B64301039,classic_bike,2022-03-22 10:45:28,2022-03-22 11:05:53,E 53 St & Lexington Ave,6617,W 35 St & Dyer Ave,6569,40.75828065,-73.97069431,40.754691750226016,-73.99740189313889,member
20548,B85F125ECEEFD01F,electric_bike,2022-03-20 12:40:58,2022-03-20 12:56:52,4 Ave & E 12 St,5788,W 35 St & Dyer Ave,6569,40.732647,-73.99011,40.754691750226016,-73.99740189313889,member
20587,1E2E78B71D06D79C,classic_bike,2022-03-08 22:12:20,2022-03-08 22:33:38,North Moore St & Greenwich St,5470,W 35 St & Dyer Ave,6569,40.72019521437465,-74.0103006362915,40.754691750226016,-73.99740189313889,member
20615,F9462AB72F12351F,classic_bike,2022-03-30 10:26:55,2022-03-30 10:44:36,Amsterdam Ave & W 82 St,7360,W 35 St & Dyer Ave,6569,40.78524672,-73.97667321,40.754691750226016,-73.99740189313889,member
20618,F9BA2BE51988A9DD,electric_bike,2022-03-26 15:13:22,2022-03-26 15:20:14,W 45 St & 8 Ave,6676,W 35 St & Dyer Ave,6569,40.75929124,-73.98859651,40.754691750226016,-73.99740189313889,member
20630,E77CABC4FDA9ACCC,classic_bike,2022-03-22 19:45:35,2022-03-22 19:56:55,W 24 St & 7 Ave,6257,W 35 St & Dyer Ave,6569,40.74487634,-73.99529885,40.754691750226016,-73.99740189313889,member
20639,CFB28B19E124B472,electric_bike,2022-03-31 08:40:33,2022-03-31 08:40:35,W 35 St & Dyer Ave,6569,W 35 St & Dyer Ave,6569,40.754691750226016,-73.99740189313889,40.754691750226016,-73.99740189313889,member
20643,933E1C6D60C46CFD,electric_bike,2022-03-07 06:57:22,2022-03-07 06:57:51,W 35 St & Dyer Ave,6569,W 35 St & Dyer Ave,6569,40.754691750226016,-73.99740189313889,40.754691750226016,-73.99740189313889,member
20644,84825A4AFB9039C8,electric_bike,2022-03-21 16:50:19,2022-03-21 16:58:38,E 31 St & 3 Ave,6239,W 35 St & Dyer Ave,6569,40.74394314,-73.97966069,40.754691750226016,-73.99740189313889,member
20657,BCA9117CF7C301AD,classic_bike,2022-03-16 16:08:14,2022-03-16 16:12:06,8 Ave & W 38 St,6526,W 35 St & Dyer Ave,6569,40.75461,-73.99177,40.754691750226016,-73.99740189313889,member
20669,871F7EE56152309B,electric_bike,2022-03-19 15:19:17,2022-03-19 15:30:09,W 18 St & 6 Ave,6064,W 35 St & Dyer Ave,6569,40.73971301,-73.99456405,40.754691750226016,-73.99740189313889,member
20671,BE4843E36CD5DA69,classic_bike,2022-03-05 18:11:39,2022-03-05 18:19:38,9 Ave & W 18 St,6190,W 35 St & Dyer Ave,6569,40.74317449,-74.00366443,40.754691750226016,-73.99740189313889,member
20696,A7167F24D5E82600,electric_bike,2022-03-10 17:15:47,2022-03-10 17:16:02,W 35 St & Dyer Ave,6569,W 35 St & Dyer Ave,6569,40.754691750226016,-73.99740189313889,40.754691750226016,-73.99740189313889,member
20702,3FF02BBA97DE2480,classic_bike,2022-03-24 07:41:22,2022-03-24 07:43:32,W 37 St & 10 Ave,6611,W 35 St & Dyer Ave,6569,40.75660359,-73.9979009,40.754691750226016,-73.99740189313889,member
20703,7BE27D0C05939118,classic_bike,2022-03-16 08:47:03,2022-03-16 08:48:18,W 37 St & 10 Ave,6611,W 35 St & Dyer Ave,6569,40.75660359,-73.9979009,40.754691750226016,-73.99740189313889,member
21491,55E6DAA8D313CA55,classic_bike,2022-03-13 18:49:15,2022-03-13 19:11:50,W 35 St & Dyer Ave,6569,W 53 St & 10 Ave,6890,40.754691750226016,-73.99740189313889,40.76669671,-73.99061728,casual
21492,A663F92C452090DC,classic_bike,2022-03-16 14:25:17,2022-03-16 15:49:08,W 35 St & Dyer Ave,6569,W 53 St & 10 Ave,6890,40.754691750226016,-73.99740189313889,40.76669671,-73.99061728,casual
21788,05A0A2638C5C3E0E,electric_bike,2022-03-22 05:57:06,2022-03-22 06:02:34,W 36 St & 9 Ave,6569,E 32 St & Park Ave,6280,40.75462324029105,-73.99516761302948,40.7457121,-73.98194829,member
21866,E81F894E275E0766,classic_bike,2022-03-25 08:33:10,2022-03-25 08:59:52,Columbia St & Rivington St,5365,W 35 St & Dyer Ave,6569,40.71739973,-73.98016555,40.754691750226016,-73.99740189313889,member
21896,2C3EFF41CFB7E7F7,classic_bike,2022-03-29 22:21:52,2022-03-29 22:34:30,8 Ave & W 49 St,6747,W 35 St & Dyer Ave,6569,40.76171227910671,-73.98655101656914,40.754691750226016,-73.99740189313889,member
22321,1126D6DE55ACD935,classic_bike,2022-03-22 14:03:07,2022-03-22 14:11:22,W 36 St & 9 Ave,6569,W 42 St & 8 Ave,6602,40.75462324029105,-73.99516761302948,40.7575699,-73.99098507,member
22720,45C69FD5997C9B37,classic_bike,2022-03-25 20:08:55,2022-03-25 20:20:31,W 36 St & 9 Ave,6569,W 52 St & 6 Ave,6740,40.75462324029105,-73.99516761302948,40.76132983124814,-73.97982001304626,member
22721,CA37D5945F534382,classic_bike,2022-03-26 19:41:25,2022-03-26 19:52:07,W 36 St & 9 Ave,6569,W 52 St & 6 Ave,6740,40.75462324029105,-73.99516761302948,40.76132983124814,-73.97982001304626,member
22970,6EFF1849328D72A3,classic_bike,2022-03-10 16:34:41,2022-03-10 17:02:35,W 36 St & 9 Ave,6569,3 Ave & E 62 St,6762,40.75462324029105,-73.99516761302948,40.76312584,-73.96526895,member
23252,094D56AB248686EE,electric_bike,2022-03-07 18:03:37,2022-03-07 18:07:16,W 36 St & 9 Ave,6569,W 26 St & 8 Ave,6297,40.75462324029105,-73.99516761302948,40.74734825,-73.99723551,casual
23549,250857832FE31914,classic_bike,2022-03-03 13:32:48,2022-03-03 13:49:51,W 35 St & Dyer Ave,6569,Greenwich Ave & Charles St,5914,40.754691750226016,-73.99740189313889,40.735238,-74.000271,member
23555,2D91F2D39FB9D90D,electric_bike,2022-03-11 17:38:23,2022-03-11 17:50:00,W 35 St & Dyer Ave,6569,Greenwich Ave & Charles St,5914,40.754691750226016,-73.99740189313889,40.735238,-74.000271,member
23562,702B1083C14B4F87,electric_bike,2022-03-01 15:58:31,2022-03-01 16:05:12,W 35 St & Dyer Ave,6569,E 40 St & Park Ave,6432,40.754691750226016,-73.99740189313889,40.750756,-73.978326,member
23634,32495535FA802F80,classic_bike,2022-03-30 19:36:58,2022-03-30 19:53:54,W 35 St & Dyer Ave,6569,Greenwich Ave & Charles St,5914,40.754691750226016,-73.99740189313889,40.735238,-74.000271,member
23654,38819C35D6B3275D,classic_bike,2022-03-29 14:53:01,2022-03-29 14:59:35,W 36 St & 9 Ave,6569,E 40 St & Park Ave,6432,40.75462324029105,-73.99516761302948,40.750756,-73.978326,member
23655,488F2DEC25D11E5B,classic_bike,2022-03-16 17:46:12,2022-03-16 17:53:53,W 36 St & 9 Ave,6569,E 40 St & Park Ave,6432,40.75462324029105,-73.99516761302948,40.750756,-73.978326,member
23660,B1AC73B132FE6BFF,electric_bike,2022-03-04 17:16:16,2022-03-04 17:49:26,W 36 St & 9 Ave,6569,E 40 St & Park Ave,6432,40.75462324029105,-73.99516761302948,40.750756,-73.978326,casual
23661,E4404E20A16F5579,classic_bike,2022-03-28 17:12:08,2022-03-28 17:24:20,W 36 St & 9 Ave,6569,E 40 St & Park Ave,6432,40.75462324029105,-73.99516761302948,40.750756,-73.978326,member
23662,1CF57B47BED85B52,electric_bike,2022-03-08 08:04:58,2022-03-08 08:13:34,W 36 St & 9 Ave,6569,Greenwich Ave & Charles St,5914,40.75462324029105,-73.99516761302948,40.735238,-74.000271,member
23671,2CD77445B4412073,electric_bike,2022-03-30 15:37:58,2022-03-30 15:47:15,W 36 St & 9 Ave,6569,E 40 St & Park Ave,6432,40.75462324029105,-73.99516761302948,40.750756,-73.978326,casual
23707,DC64DD3C015F4206,classic_bike,2022-03-07 18:45:17,2022-03-07 18:59:59,W 36 St & 9 Ave,6569,Greenwich Ave & Charles St,5914,40.75462324029105,-73.99516761302948,40.735238,-74.000271,member
24611,DCC4AE1631708F8B,classic_bike,2022-03-31 15:22:34,2022-03-31 15:33:59,W 36 St & 9 Ave,6569,E 40 St & Park Ave,6432,40.75462324029105,-73.99516761302948,40.750756,-73.978326,member
24649,6BD1E5EBAD7548D7,classic_bike,2022-03-07 13:23:24,2022-03-07 13:30:00,W 36 St & 9 Ave,6569,E 40 St & Park Ave,6432,40.75462324029105,-73.99516761302948,40.750756,-73.978326,member
24650,71F63BF68AAF0979,electric_bike,2022-03-14 15:39:25,2022-03-14 15:46:26,W 36 St & 9 Ave,6569,E 40 St & Park Ave,6432,40.75462324029105,-73.99516761302948,40.750756,-73.978326,member
24669,A5DED390C21C14A4,classic_bike,2022-03-07 16:08:10,2022-03-07 16:16:27,W 36 St & 9 Ave,6569,E 40 St & Park Ave,6432,40.75462324029105,-73.99516761302948,40.750756,-73.978326,member
24714,2301D3A2A41BBCA0,electric_bike,2022-03-08 19:14:07,2022-03-08 19:20:18,W 36 St & 9 Ave,6569,E 40 St & Park Ave,6432,40.75462324029105,-73.99516761302948,40.750756,-73.978326,casual
25014,1F48607772B8E6B0,electric_bike,2022-03-18 19:45:34,2022-03-18 20:03:43,W 36 St & 9 Ave,6569,Central Park W & W 91 St,7453,40.75462324029105,-73.99516761302948,40.78866499127884,-73.96680057048798,member
26103,03BC8FFCC2C62287,electric_bike,2022-03-22 08:33:20,2022-03-22 08:43:59,W 35 St & Dyer Ave,6569,E 39 St & 2 Ave,6345,40.754691750226016,-73.99740189313889,40.74803319428767,-73.973827958107,casual
26118,1E720EEE9E3E4452,classic_bike,2022-03-22 18:38:41,2022-03-22 18:57:37,W 35 St & Dyer Ave,6569,E 39 St & 2 Ave,6345,40.754691750226016,-73.99740189313889,40.74803319428767,-73.973827958107,member
26200,2186BB31A94A98AA,electric_bike,2022-03-07 19:49:14,2022-03-07 20:00:41,W 36 St & 9 Ave,6569,E 39 St & 2 Ave,6345,40.75462324029105,-73.99516761302948,40.74803319428767,-73.973827958107,member
26210,51B2D3A28031E603,electric_bike,2022-03-28 22:17:43,2022-03-28 22:24:28,W 36 St & 9 Ave,6569,W 31 St & 7 Ave,6331,40.75462324029105,-73.99516761302948,40.749156,-73.9916,member
26211,83D209D0399CC5AB,classic_bike,2022-03-23 14:44:02,2022-03-23 14:56:07,W 36 St & 9 Ave,6569,W 31 St & 7 Ave,6331,40.75462324029105,-73.99516761302948,40.749156,-73.9916,casual
26212,E80146C35949FDCF,classic_bike,2022-03-25 21:52:24,2022-03-25 22:04:03,W 36 St & 9 Ave,6569,E 39 St & 2 Ave,6345,40.75462324029105,-73.99516761302948,40.74803319428767,-73.973827958107,member
26213,C01416D654B86EB0,classic_bike,2022-03-13 09:26:47,2022-03-13 09:31:37,W 36 St & 9 Ave,6569,W 31 St & 7 Ave,6331,40.75462324029105,-73.99516761302948,40.749156,-73.9916,member
26287,21FF0AFA86C647DF,electric_bike,2022-03-26 17:19:36,2022-03-26 17:31:31,W 36 St & 9 Ave,6569,E 54 St & 1 Ave,6608,40.75462324029105,-73.99516761302948,40.756265,-73.964179,member
26572,4A06E81AE87A99B1,electric_bike,2022-03-29 19:52:33,2022-03-29 20:01:49,W 35 St & Dyer Ave,6569,W 15 St & 6 Ave,5989,40.754691750226016,-73.99740189313889,40.738046142482766,-73.99642959237099,member
26579,202A19AEF48CF3E6,classic_bike,2022-03-31 14:59:51,2022-03-31 15:07:37,W 35 St & Dyer Ave,6569,E 41 St & Madison Ave (SE corner),6432,40.754691750226016,-73.99740189313889,40.752049,-73.979635,member
26584,1FAF0A8F4A2E100B,classic_bike,2022-03-05 13:07:30,2022-03-05 13:28:22,W 35 St & Dyer Ave,6569,E 41 St & Madison Ave (SE corner),6432,40.754691750226016,-73.99740189313889,40.752049,-73.979635,member
26587,BD3AB4E5DF6A5F86,classic_bike,2022-03-15 16:02:12,2022-03-15 16:10:50,W 35 St & Dyer Ave,6569,E 41 St & Madison Ave (SE corner),6432,40.754691750226016,-73.99740189313889,40.752049,-73.979635,member
26588,87DD715C0765D46C,classic_bike,2022-03-30 15:01:35,2022-03-30 15:09:19,W 35 St & Dyer Ave,6569,E 41 St & Madison Ave (SE corner),6432,40.754691750226016,-73.99740189313889,40.752049,-73.979635,member
26589,A51259F10EC5763A,classic_bike,2022-03-02 14:59:57,2022-03-02 15:07:54,W 35 St & Dyer Ave,6569,E 41 St & Madison Ave (SE corner),6432,40.754691750226016,-73.99740189313889,40.752049,-73.979635,member
27097,3AB6FC8C95E4E141,electric_bike,2022-03-14 18:19:10,2022-03-14 18:31:09,W 36 St & 9 Ave,6569,W 48 St &  Rockefeller Plaza,6626,40.75462324029105,-73.99516761302948,40.75776935448309,-73.97929430007935,casual
27098,91FC5F1927806066,classic_bike,2022-03-14 16:57:38,2022-03-14 17:06:56,W 36 St & 9 Ave,6569,W 48 St &  Rockefeller Plaza,6626,40.75462324029105,-73.99516761302948,40.75776935448309,-73.97929430007935,casual
27100,4BE5F8E5A6BBC073,classic_bike,2022-03-01 14:40:19,2022-03-01 15:26:50,W 36 St & 9 Ave,6569,Hicks St & Montague St,4645,40.75462324029105,-73.99516761302948,40.69512845,-73.99595065,casual
27229,72E95C2A27352F17,classic_bike,2022-03-25 09:31:37,2022-03-25 09:47:15,W 36 St & 9 Ave,6569,W 56 St & 6 Ave,6809,40.75462324029105,-73.99516761302948,40.76340613,-73.97722479,member
27366,94960D43082DE173,electric_bike,2022-03-06 09:49:37,2022-03-06 09:53:44,W 36 St & 9 Ave,6569,W 31 St & 7 Ave,6331,40.75462324029105,-73.99516761302948,40.749156,-73.9916,member
27949,9A07D3C7BC0D7BC3,electric_bike,2022-03-16 11:06:02,2022-03-16 11:15:33,W 35 St & Dyer Ave,6569,Lexington Ave & E 26 St,6089,40.754691750226016,-73.99740189313889,40.741459,-73.983293,member
28308,E87AC3132A51F805,electric_bike,2022-03-08 09:24:07,2022-03-08 09:33:20,W 35 St & Dyer Ave,6569,2 Ave & E 31 St,6197,40.754691750226016,-73.99740189313889,40.74290902,-73.97706058,member
28524,04B291916550095C,electric_bike,2022-03-24 10:16:08,2022-03-24 10:18:44,W 36 St & 9 Ave,6569,W 34 St &\tHudson Blvd E,6535,40.75462324029105,-73.99516761302948,40.75516719072139,-74.00059908628464,member
28528,453382290E5DB042,electric_bike,2022-03-04 10:06:08,2022-03-04 10:09:06,W 36 St & 9 Ave,6569,W 34 St &\tHudson Blvd E,6535,40.75462324029105,-73.99516761302948,40.75516719072139,-74.00059908628464,member
28530,C92AD984E72807CB,electric_bike,2022-03-27 01:16:33,2022-03-27 01:20:07,W 36 St & 9 Ave,6569,W 34 St &\tHudson Blvd E,6535,40.75462324029105,-73.99516761302948,40.75516719072139,-74.00059908628464,member
29422,A0B540078866AF6C,electric_bike,2022-03-30 10:33:13,2022-03-30 10:38:40,W 36 St & 9 Ave,6569,E 40 St & 5 Ave,6474,40.75462324029105,-73.99516761302948,40.752062307,-73.9816324043,member
29812,AD6201F876A3AD48,classic_bike,2022-03-26 12:28:03,2022-03-26 12:39:32,W 36 St & 9 Ave,6569,Perry St & Bleecker St,5922,40.75462324029105,-73.99516761302948,40.73535398,-74.00483091,member
29813,43991173731BF0E8,classic_bike,2022-03-18 18:19:08,2022-03-18 18:29:27,W 36 St & 9 Ave,6569,Perry St & Bleecker St,5922,40.75462324029105,-73.99516761302948,40.73535398,-74.00483091,member
29818,4D0B660FE329CD58,classic_bike,2022-03-28 17:34:28,2022-03-28 17:44:26,W 36 St & 9 Ave,6569,E 40 St & 5 Ave,6474,40.75462324029105,-73.99516761302948,40.752062307,-73.9816324043,member
29821,93D7D87EDA4521B6,electric_bike,2022-03-18 16:59:06,2022-03-18 17:14:41,W 36 St & 9 Ave,6569,E 40 St & 5 Ave,6474,40.75462324029105,-73.99516761302948,40.752062307,-73.9816324043,member
30415,F070BE126F0164C2,electric_bike,2022-03-21 09:05:11,2022-03-21 09:10:12,W 35 St & Dyer Ave,6569,W 22 St & 8 Ave,6224,40.754691750226016,-73.99740189313889,40.74475148,-73.99915362,member
30425,8683619A2F231647,classic_bike,2022-03-30 21:49:10,2022-03-30 21:57:39,W 36 St & 9 Ave,6569,W 22 St & 8 Ave,6224,40.75462324029105,-73.99516761302948,40.74475148,-73.99915362,member
30599,AA13FBA9E36F52B7,electric_bike,2022-03-22 14:12:51,2022-03-22 14:20:30,W 35 St & Dyer Ave,6569,W 22 St & 8 Ave,6224,40.754691750226016,-73.99740189313889,40.74475148,-73.99915362,member
30950,05FDDA9E4295A19F,electric_bike,2022-03-11 18:53:11,2022-03-11 18:59:27,W 35 St & 9 Ave,6569,W 22 St & 8 Ave,6224,40.75414519263519,-73.9960889518261,40.74475148,-73.99915362,member
31195,EBC59B2783F5BC76,electric_bike,2022-03-15 22:35:43,2022-03-15 22:54:18,W 36 St & 9 Ave,6569,West End Ave & W 107 St,7650,40.75462324029105,-73.99516761302948,40.8021174,-73.9681805305,member
32189,8CE9F86AF1DB737C,electric_bike,2022-03-16 07:50:55,2022-03-16 07:57:14,W 36 St & 9 Ave,6569,W 21 St & 6 Ave,6140,40.75462324029105,-73.99516761302948,40.74173969,-73.99415556,member
32680,CB7552233E908B0C,electric_bike,2022-03-20 10:58:28,2022-03-20 11:17:55,W 36 St & 9 Ave,6569,E 58 St & Madison Ave,6839,40.75462324029105,-73.99516761302948,40.76302594280519,-73.97209525108337,member
32749,4E3A0D7A0D67F08C,classic_bike,2022-03-17 07:08:06,2022-03-17 07:14:50,W 36 St & 9 Ave,6569,W 49 St & 8 Ave,6747,40.75462324029105,-73.99516761302948,40.76227205,-73.98788205,member
32750,CD7113676645DE4A,classic_bike,2022-03-07 07:58:19,2022-03-07 08:06:13,W 36 St & 9 Ave,6569,W 21 St & 6 Ave,6140,40.75462324029105,-73.99516761302948,40.74173969,-73.99415556,member
33893,7FAF984B466EBD8B,classic_bike,2022-03-10 10:38:09,2022-03-10 11:02:07,W 36 St & 9 Ave,6569,E 44 St & Lexington Ave,6464,40.75462324029105,-73.99516761302948,40.752643,-73.974996,member
34046,8582929E850CF3F8,classic_bike,2022-03-10 10:19:59,2022-03-10 10:55:18,W 35 St & Dyer Ave,6569,Rivington St & Ridge St,5406,40.754691750226016,-73.99740189313889,40.71850211,-73.98329859,member
34466,61D2B56D4A0BF554,classic_bike,2022-03-21 13:06:43,2022-03-21 14:12:14,W 36 St & 9 Ave,6569,W 13 St & 7 Ave,6030,40.75462324029105,-73.99516761302948,40.73781509,-73.99994661,member
35048,1A89920322C6C419,electric_bike,2022-03-05 11:27:33,2022-03-05 11:43:07,W 35 St & Dyer Ave,6569,Madison Av & E 51 St,6659,40.754691750226016,-73.99740189313889,40.75863,-73.97513,member
36530,D6523CF872717900,electric_bike,2022-03-03 08:35:35,2022-03-03 08:41:58,W 36 St & 9 Ave,6569,W 25 St & 6 Ave,6215,40.75462324029105,-73.99516761302948,40.74395411,-73.99144871,member
36677,855B80FC195C32AF,electric_bike,2022-03-22 15:37:58,2022-03-22 16:13:15,W 36 St & 9 Ave,6569,W 46 St & 11 Ave,6795,40.75462324029105,-73.99516761302948,40.76341379,-73.99667444,member
37044,6A659E2278D12FFF,classic_bike,2022-03-01 18:11:41,2022-03-01 18:20:28,W 36 St & 9 Ave,6569,W 25 St & 6 Ave,6215,40.75462324029105,-73.99516761302948,40.74395411,-73.99144871,member
37073,46C32BF2113A4D69,electric_bike,2022-03-25 12:33:10,2022-03-25 12:38:55,W 36 St & 9 Ave,6569,W 18 St & 9 Ave,6190,40.75462324029105,-73.99516761302948,40.7435337324616,-74.00367558002472,member
38338,7B1A22DA6AB4B05B,electric_bike,2022-03-29 08:37:08,2022-03-29 08:49:07,W 35 St & Dyer Ave,6569,Morton St & Washington St,5772,40.754691750226016,-73.99740189313889,40.73115,-74.00887,member
38344,EE737992066BF6F6,electric_bike,2022-03-03 17:39:40,2022-03-03 17:54:01,W 35 St & Dyer Ave,6569,Morton St & Washington St,5772,40.754691750226016,-73.99740189313889,40.73115,-74.00887,member
38350,E38CD25C71705207,classic_bike,2022-03-16 19:08:00,2022-03-16 19:16:45,W 35 St & Dyer Ave,6569,Lexington Ave & E 29 St,6164,40.754691750226016,-73.99740189313889,40.74311555376486,-73.98215353488922,member
38377,BAA2D84BAEAABEB1,classic_bike,2022-03-03 15:39:46,2022-03-03 15:49:16,W 36 St & 9 Ave,6569,Lexington Ave & E 29 St,6164,40.75462324029105,-73.99516761302948,40.74311555376486,-73.98215353488922,casual
38378,66EC0DB1A3F8885D,electric_bike,2022-03-04 15:39:52,2022-03-04 15:48:32,W 36 St & 9 Ave,6569,Lexington Ave & E 29 St,6164,40.75462324029105,-73.99516761302948,40.74311555376486,-73.98215353488922,casual
39389,F75F3E1CCF98ECD5,classic_bike,2022-03-05 18:10:12,2022-03-05 18:13:26,W 35 St & Dyer Ave,6569,W 39 St & 9 Ave,6644,40.754691750226016,-73.99740189313889,40.75645824,-73.99372222,member
40475,D30478E7CD71F551,classic_bike,2022-03-28 16:12:27,2022-03-28 16:28:33,W 35 St & Dyer Ave,6569,E 48 St & 3 Ave,6541,40.754691750226016,-73.99740189313889,40.7546011026,-73.971878855,member
40476,30F3B4DB5547686D,electric_bike,2022-03-02 17:34:40,2022-03-02 17:50:55,W 35 St & Dyer Ave,6569,Lafayette St & E 8 St,5788,40.754691750226016,-73.99740189313889,40.73020660529954,-73.99102628231049,member
40480,1B90D7EF982914B2,electric_bike,2022-03-02 19:36:04,2022-03-02 19:56:19,W 35 St & Dyer Ave,6569,1 Ave & E 6 St,5626,40.754691750226016,-73.99740189313889,40.72633085971696,-73.98616880178452,member
40497,D836DD6F317F85C3,classic_bike,2022-03-02 07:16:00,2022-03-02 07:57:41,W 35 St & Dyer Ave,6569,Van Brunt St & Van Dyke St,4095,40.754691750226016,-73.99740189313889,40.6758329439129,-74.01472628116608,member
40541,368A5A2339F1F908,classic_bike,2022-03-03 07:20:28,2022-03-03 07:59:15,W 35 St & Dyer Ave,6569,Van Brunt St & Van Dyke St,4095,40.754691750226016,-73.99740189313889,40.6758329439129,-74.01472628116608,member
40552,34FB17B347056592,classic_bike,2022-03-21 07:04:37,2022-03-21 07:07:00,W 35 St & Dyer Ave,6569,W 39 St & 9 Ave,6644,40.754691750226016,-73.99740189313889,40.75645824,-73.99372222,member
41674,752286A8103D826B,classic_bike,2022-03-23 08:53:04,2022-03-23 09:13:58,W 36 St & 9 Ave,6569,W 74 St & Columbus Ave,7230,40.75462324029105,-73.99516761302948,40.7785669,-73.97754961,member
42245,BAAB75786E47C4AE,electric_bike,2022-03-14 17:10:37,2022-03-14 17:13:39,W 35 St & 9 Ave,6569,8 Ave & W 38 St,6526,40.75414519263519,-73.9960889518261,40.75461,-73.99177,member
42278,45F0A68193E2A926,classic_bike,2022-03-03 08:35:36,2022-03-03 08:39:12,W 35 St & Dyer Ave,6569,8 Ave & W 38 St,6526,40.754691750226016,-73.99740189313889,40.75461,-73.99177,member
42279,6FE2F5774A2A5AF6,electric_bike,2022-03-03 13:04:24,2022-03-03 13:07:34,W 35 St & Dyer Ave,6569,8 Ave & W 38 St,6526,40.754691750226016,-73.99740189313889,40.75461,-73.99177,member
42280,6FB9812335982988,classic_bike,2022-03-24 10:36:33,2022-03-24 10:38:23,W 36 St & 9 Ave,6569,8 Ave & W 38 St,6526,40.75462324029105,-73.99516761302948,40.75461,-73.99177,member
42287,2284CC9AAED5F4C0,classic_bike,2022-03-14 18:48:38,2022-03-14 18:50:38,W 36 St & 9 Ave,6569,8 Ave & W 38 St,6526,40.75462324029105,-73.99516761302948,40.75461,-73.99177,member
42288,585F6C5AFF08AB79,classic_bike,2022-03-15 18:10:32,2022-03-15 18:14:23,W 36 St & 9 Ave,6569,8 Ave & W 38 St,6526,40.75462324029105,-73.99516761302948,40.75461,-73.99177,member
42318,669AE1F7EEF882F1,classic_bike,2022-03-23 14:22:34,2022-03-23 14:51:10,W 36 St & 9 Ave,6569,8 Ave & W 38 St,6526,40.75462324029105,-73.99516761302948,40.75461,-73.99177,member
42321,5513FEC9C67EDCF1,electric_bike,2022-03-10 14:20:52,2022-03-10 14:22:39,W 36 St & 9 Ave,6569,8 Ave & W 38 St,6526,40.75462324029105,-73.99516761302948,40.75461,-73.99177,member
42322,0F34FB68511ABC57,classic_bike,2022-03-14 15:29:11,2022-03-14 15:33:55,W 36 St & 9 Ave,6569,8 Ave & W 38 St,6526,40.75462324029105,-73.99516761302948,40.75461,-73.99177,casual
42646,49EAC68C442EE66C,electric_bike,2022-03-16 11:02:54,2022-03-16 11:12:36,E 47 St & 2 Ave,6498,W 36 St & 9 Ave,6569,40.75323098,-73.97032517,40.75462324029105,-73.99516761302948,member
42651,5B8BDF7B7A6F7230,classic_bike,2022-03-26 11:56:41,2022-03-26 12:05:40,W 27 St & 7 Ave,6247,W 36 St & 9 Ave,6569,40.746647,-73.993915,40.75462324029105,-73.99516761302948,member
42667,08501C5BB6C9CB36,electric_bike,2022-03-17 05:39:07,2022-03-17 05:47:18,E 39 St & 2 Ave,6345,W 36 St & 9 Ave,6569,40.74803319428767,-73.973827958107,40.75462324029105,-73.99516761302948,member
42696,872DD9BC2C2732C9,electric_bike,2022-03-21 07:53:41,2022-03-21 08:05:28,West End Ave & W 60 St,7059,W 36 St & 9 Ave,6569,40.77237,-73.99005,40.75462324029105,-73.99516761302948,member
42698,0D3EAF658577ADDE,electric_bike,2022-03-03 23:15:25,2022-03-03 23:22:42,E 31 St & 3 Ave,6239,W 36 St & 9 Ave,6569,40.74394314,-73.97966069,40.75462324029105,-73.99516761302948,member
42703,0DE3DDF0BDC3971C,electric_bike,2022-03-09 19:37:09,2022-03-09 19:42:11,8 Ave & W 49 St,6747,W 36 St & 9 Ave,6569,40.76171227910671,-73.98655101656914,40.75462324029105,-73.99516761302948,member
42711,DDEEFA2F4D51B982,classic_bike,2022-03-18 15:28:34,2022-03-18 15:40:42,Broadway & W 51 St,6779,W 36 St & 9 Ave,6569,40.76228826,-73.98336183,40.75462324029105,-73.99516761302948,member
42713,7CECE0F3540C48D0,classic_bike,2022-03-23 15:35:34,2022-03-23 15:45:45,Broadway & W 51 St,6779,W 36 St & 9 Ave,6569,40.76228826,-73.98336183,40.75462324029105,-73.99516761302948,member
42715,ECEF0E68620058DC,classic_bike,2022-03-06 22:27:41,2022-03-06 22:39:40,E 31 St & 3 Ave,6239,W 36 St & 9 Ave,6569,40.74394314,-73.97966069,40.75462324029105,-73.99516761302948,casual
42720,4CD1B4A19A62E2CE,electric_bike,2022-03-15 22:52:09,2022-03-15 23:01:41,W 35 St & Dyer Ave,6569,W 36 St & 9 Ave,6569,40.754691750226016,-73.99740189313889,40.75462324029105,-73.99516761302948,casual
42731,4274AF983C541A3A,classic_bike,2022-03-25 16:03:51,2022-03-25 16:10:55,8 Ave & W 49 St,6747,W 36 St & 9 Ave,6569,40.76171227910671,-73.98655101656914,40.75462324029105,-73.99516761302948,member
42762,6560800A6F6AC63E,electric_bike,2022-03-30 18:30:33,2022-03-30 18:31:28,W 36 St & 9 Ave,6569,W 36 St & 9 Ave,6569,40.75462324029105,-73.99516761302948,40.75462324029105,-73.99516761302948,member
42764,9BC195B3057A887C,electric_bike,2022-03-25 21:23:59,2022-03-25 21:35:05,W 36 St & 9 Ave,6569,W 36 St & 9 Ave,6569,40.75462324029105,-73.99516761302948,40.75462324029105,-73.99516761302948,member
42769,750A238580FE6BEF,electric_bike,2022-03-06 14:15:32,2022-03-06 14:27:12,W 36 St & 9 Ave,6569,W 36 St & 9 Ave,6569,40.75462324029105,-73.99516761302948,40.75462324029105,-73.99516761302948,member
42779,2CE68A5E3887000A,electric_bike,2022-03-06 17:16:29,2022-03-06 17:16:50,W 36 St & 9 Ave,6569,W 36 St & 9 Ave,6569,40.75462324029105,-73.99516761302948,40.75462324029105,-73.99516761302948,casual
42780,A04D55358A6D879E,classic_bike,2022-03-06 03:27:22,2022-03-06 03:28:52,W 36 St & 9 Ave,6569,W 36 St & 9 Ave,6569,40.75462324029105,-73.99516761302948,40.75462324029105,-73.99516761302948,casual
42782,5F9513F9E311E99D,classic_bike,2022-03-09 17:30:46,2022-03-09 17:35:56,8 Ave & W 49 St,6747,W 36 St & 9 Ave,6569,40.76171227910671,-73.98655101656914,40.75462324029105,-73.99516761302948,member
42784,DDC7A46C88483729,electric_bike,2022-03-06 20:53:42,2022-03-06 21:11:26,4 Ave & E 12 St,5788,W 36 St & 9 Ave,6569,40.732647,-73.99011,40.75462324029105,-73.99516761302948,casual
42789,9ECA76461626648B,classic_bike,2022-03-04 17:57:54,2022-03-04 18:33:44,W 39 St & 9 Ave,6644,W 36 St & 9 Ave,6569,40.75645824,-73.99372222,40.75462324029105,-73.99516761302948,member
42792,7168E373C8B73C0D,classic_bike,2022-03-22 17:48:15,2022-03-22 17:48:38,W 36 St & 9 Ave,6569,W 36 St & 9 Ave,6569,40.75462324029105,-73.99516761302948,40.75462324029105,-73.99516761302948,member
42794,50DAF50CD86F84EA,electric_bike,2022-03-11 05:47:28,2022-03-11 05:47:52,W 36 St & 9 Ave,6569,W 36 St & 9 Ave,6569,40.75462324029105,-73.99516761302948,40.75462324029105,-73.99516761302948,member
42801,AE31A87F0BD447E8,electric_bike,2022-03-08 20:25:54,2022-03-08 20:26:52,W 36 St & 9 Ave,6569,W 36 St & 9 Ave,6569,40.75462324029105,-73.99516761302948,40.75462324029105,-73.99516761302948,member
42803,0B20DD77B4B77E3B,electric_bike,2022-03-03 07:51:17,2022-03-03 07:51:43,W 36 St & 9 Ave,6569,W 36 St & 9 Ave,6569,40.75462324029105,-73.99516761302948,40.75462324029105,-73.99516761302948,casual
42805,41B66AC567E15ADA,electric_bike,2022-03-08 17:18:48,2022-03-08 17:26:59,W 53 St & 10 Ave,6890,W 36 St & 9 Ave,6569,40.76669671,-73.99061728,40.75462324029105,-73.99516761302948,member
42810,05CB0A895669F4A6,electric_bike,2022-03-15 09:34:07,2022-03-15 09:56:18,E 84 St & 1 Ave,7180,W 36 St & 9 Ave,6569,40.77565541,-73.95068615,40.75462324029105,-73.99516761302948,member
42812,E848A4FB316CDC02,classic_bike,2022-03-05 12:32:29,2022-03-05 12:38:43,W 45 St & 8 Ave,6676,W 36 St & 9 Ave,6569,40.75929124,-73.98859651,40.75462324029105,-73.99516761302948,member
42814,E1B4FBA57DDB6B55,electric_bike,2022-03-31 10:34:47,2022-03-31 10:44:44,6 Ave & W 45 St,6593,W 36 St & 9 Ave,6569,40.756951,-73.982631,40.75462324029105,-73.99516761302948,member
42816,79732C8B67F75177,classic_bike,2022-03-21 06:31:39,2022-03-21 06:33:18,W 39 St & 9 Ave,6644,W 36 St & 9 Ave,6569,40.75645824,-73.99372222,40.75462324029105,-73.99516761302948,member
42817,7CDD5A9891827F66,classic_bike,2022-03-11 06:41:26,2022-03-11 06:43:01,W 39 St & 9 Ave,6644,W 36 St & 9 Ave,6569,40.75645824,-73.99372222,40.75462324029105,-73.99516761302948,member
42818,C62C5917229C2A1C,classic_bike,2022-03-16 06:32:17,2022-03-16 06:34:00,W 39 St & 9 Ave,6644,W 36 St & 9 Ave,6569,40.75645824,-73.99372222,40.75462324029105,-73.99516761302948,member
42819,8516857DF3A184C0,electric_bike,2022-03-30 21:17:48,2022-03-30 22:31:04,W 39 St & 9 Ave,6644,W 36 St & 9 Ave,6569,40.75645824,-73.99372222,40.75462324029105,-73.99516761302948,member
42820,BF2F260929D4A354,electric_bike,2022-03-23 14:49:27,2022-03-23 14:55:07,6 Ave & W 45 St,6593,W 36 St & 9 Ave,6569,40.756951,-73.982631,40.75462324029105,-73.99516761302948,member
42829,5326EE13EEDD00F8,classic_bike,2022-03-23 19:04:30,2022-03-23 19:16:27,5 Ave & E 29 St,6248,W 36 St & 9 Ave,6569,40.7451677,-73.98683077,40.75462324029105,-73.99516761302948,member
42832,FAC427F9F1BE2C42,classic_bike,2022-03-08 18:03:35,2022-03-08 18:29:52,E 5 St & Avenue C,5545,W 36 St & 9 Ave,6569,40.72299208,-73.97995466,40.75462324029105,-73.99516761302948,member
42834,E9BF7F8B4D60E00B,classic_bike,2022-03-27 10:15:08,2022-03-27 10:47:25,Central Park North & Adam Clayton Powell Blvd,7617,W 36 St & 9 Ave,6569,40.799484,-73.955613,40.75462324029105,-73.99516761302948,member
42835,F2BACC3CDA87CC10,electric_bike,2022-03-06 18:16:44,2022-03-06 18:23:12,Lexington Ave & E 36 St,6313,W 36 St & 9 Ave,6569,40.7475739589548,-73.9788007736206,40.75462324029105,-73.99516761302948,casual
42837,015B10C8547BFED3,classic_bike,2022-03-30 08:21:59,2022-03-30 08:59:58,Central Park North & Adam Clayton Powell Blvd,7617,W 36 St & 9 Ave,6569,40.799484,-73.955613,40.75462324029105,-73.99516761302948,member
42838,5B511CA5758D179D,classic_bike,2022-03-23 08:31:17,2022-03-23 09:02:56,Central Park North & Adam Clayton Powell Blvd,7617,W 36 St & 9 Ave,6569,40.799484,-73.955613,40.75462324029105,-73.99516761302948,member
42839,AA0AF77D2CAD0CF2,classic_bike,2022-03-16 14:41:23,2022-03-16 15:10:44,Central Park North & Adam Clayton Powell Blvd,7617,W 36 St & 9 Ave,6569,40.799484,-73.955613,40.75462324029105,-73.99516761302948,casual
42851,F0CE53526EC167D7,classic_bike,2022-03-08 17:47:51,2022-03-08 17:52:30,W 45 St & 8 Ave,6676,W 36 St & 9 Ave,6569,40.75929124,-73.98859651,40.75462324029105,-73.99516761302948,member
42852,C5CB6A95B34863E7,electric_bike,2022-03-08 21:05:27,2022-03-08 21:08:44,11 Ave & W 41 St,6726,W 36 St & 9 Ave,6569,40.76030096,-73.99884222,40.75462324029105,-73.99516761302948,member
42855,C070469C3326F5DF,classic_bike,2022-03-14 17:25:20,2022-03-14 17:32:08,10 Ave & W 28 St,6459,W 36 St & 9 Ave,6569,40.75066386,-74.00176802,40.75462324029105,-73.99516761302948,member
42856,E9315F230BDDC91F,electric_bike,2022-03-16 05:00:32,2022-03-16 05:03:39,10 Ave & W 28 St,6459,W 36 St & 9 Ave,6569,40.75066386,-74.00176802,40.75462324029105,-73.99516761302948,member
42873,45CB0674622E493C,classic_bike,2022-03-05 07:43:14,2022-03-05 07:47:39,11 Ave & W 41 St,6726,W 36 St & 9 Ave,6569,40.76030096,-73.99884222,40.75462324029105,-73.99516761302948,member
42879,63B81E8BBB5738CC,electric_bike,2022-03-05 22:50:03,2022-03-05 22:55:37,W 36 St & 9 Ave,6569,Broadway & W 29 St,6289,40.75462324029105,-73.99516761302948,40.7462009,-73.98855723,member
42885,9DB86988BD674422,electric_bike,2022-03-08 03:15:42,2022-03-08 03:49:06,W 36 St & 9 Ave,6569,W 36 St & 9 Ave,6569,40.75462324029105,-73.99516761302948,40.75462324029105,-73.99516761302948,member
42890,4E95D52D56C76A7A,classic_bike,2022-03-21 22:07:57,2022-03-21 22:13:04,11 Ave & W 41 St,6726,W 36 St & 9 Ave,6569,40.76030096,-73.99884222,40.75462324029105,-73.99516761302948,casual
42891,E1C650D20E50C7F4,electric_bike,2022-03-07 15:37:55,2022-03-07 15:42:46,11 Ave & W 41 St,6726,W 36 St & 9 Ave,6569,40.76030096,-73.99884222,40.75462324029105,-73.99516761302948,casual
42899,BFB981C9F3071D1A,classic_bike,2022-03-07 21:20:55,2022-03-07 21:25:11,11 Ave & W 41 St,6726,W 36 St & 9 Ave,6569,40.76030096,-73.99884222,40.75462324029105,-73.99516761302948,member
42900,4006C52B4E75D7DF,classic_bike,2022-03-24 13:00:46,2022-03-24 13:06:52,11 Ave & W 41 St,6726,W 36 St & 9 Ave,6569,40.76030096,-73.99884222,40.75462324029105,-73.99516761302948,member
42908,5D36738412D270CE,electric_bike,2022-03-27 19:22:50,2022-03-27 19:27:50,11 Ave & W 41 St,6726,W 36 St & 9 Ave,6569,40.76030096,-73.99884222,40.75462324029105,-73.99516761302948,casual
42912,E7D6F657DE5CB713,classic_bike,2022-03-30 20:59:40,2022-03-30 21:05:00,11 Ave & W 41 St,6726,W 36 St & 9 Ave,6569,40.76030096,-73.99884222,40.75462324029105,-73.99516761302948,member
42916,5F17A4C58275D4AB,electric_bike,2022-03-04 19:00:14,2022-03-04 19:12:15,Broadway & E 21 St,6098,W 36 St & 9 Ave,6569,40.73988840858996,-73.98958593606949,40.75462324029105,-73.99516761302948,casual
42919,4372962F06C92BA6,electric_bike,2022-03-22 18:46:32,2022-03-22 19:26:27,W 44 St & 11 Ave,6756,W 36 St & 9 Ave,6569,40.762009,-73.996975,40.75462324029105,-73.99516761302948,member
42924,5A4AA1B9D261AD8D,electric_bike,2022-03-28 16:36:18,2022-03-28 16:37:22,W 36 St & 9 Ave,6569,W 36 St & 9 Ave,6569,40.75462324029105,-73.99516761302948,40.75462324029105,-73.99516761302948,member
42925,54D4D100655EC0E9,electric_bike,2022-03-04 19:31:14,2022-03-04 19:32:08,W 36 St & 9 Ave,6569,W 36 St & 9 Ave,6569,40.75462324029105,-73.99516761302948,40.75462324029105,-73.99516761302948,member
42926,D73B1E5D69FC85AC,classic_bike,2022-03-15 17:49:31,2022-03-15 17:56:50,Broadway & W 29 St,6289,W 36 St & 9 Ave,6569,40.7462009,-73.98855723,40.75462324029105,-73.99516761302948,member
42930,D38357DFE600D14E,classic_bike,2022-03-31 09:59:13,2022-03-31 10:05:51,W 49 St & 8 Ave,6747,W 36 St & 9 Ave,6569,40.76227205,-73.98788205,40.75462324029105,-73.99516761302948,member
42931,54A1D0AF2DE075A4,electric_bike,2022-03-31 13:55:29,2022-03-31 14:18:42,W 49 St & 8 Ave,6747,W 36 St & 9 Ave,6569,40.76227205,-73.98788205,40.75462324029105,-73.99516761302948,member
42932,72140E8557FE10EC,classic_bike,2022-03-16 20:36:50,2022-03-16 20:45:14,11 Ave & W 41 St,6726,W 36 St & 9 Ave,6569,40.76030096,-73.99884222,40.75462324029105,-73.99516761302948,member
42933,25A0B7429F944C35,classic_bike,2022-03-18 13:30:08,2022-03-18 13:35:59,11 Ave & W 41 St,6726,W 36 St & 9 Ave,6569,40.76030096,-73.99884222,40.75462324029105,-73.99516761302948,member
42944,2B0FBC2A0805D375,classic_bike,2022-03-21 17:34:48,2022-03-21 17:43:50,Broadway & W 51 St,6779,W 36 St & 9 Ave,6569,40.76228826,-73.98336183,40.75462324029105,-73.99516761302948,member
42945,A001AF259B9021F7,classic_bike,2022-03-07 15:31:38,2022-03-07 15:43:39,Broadway & W 51 St,6779,W 36 St & 9 Ave,6569,40.76228826,-73.98336183,40.75462324029105,-73.99516761302948,member
42948,80E202EF6170769A,classic_bike,2022-03-21 17:33:17,2022-03-21 17:41:18,Broadway & W 51 St,6779,W 36 St & 9 Ave,6569,40.76228826,-73.98336183,40.75462324029105,-73.99516761302948,member
42950,360B743216462E70,classic_bike,2022-03-15 18:47:29,2022-03-15 18:49:07,W 35 St & Dyer Ave,6569,W 36 St & 9 Ave,6569,40.754691750226016,-73.99740189313889,40.75462324029105,-73.99516761302948,member
42954,A923877CDEF06878,electric_bike,2022-03-04 13:56:09,2022-03-04 14:08:16,8 Ave & W 49 St,6747,W 36 St & 9 Ave,6569,40.76171227910671,-73.98655101656914,40.75462324029105,-73.99516761302948,casual
42955,28C0D117469E72E2,classic_bike,2022-03-12 11:15:19,2022-03-12 11:45:27,W 37 St & 5 Ave,6398,W 36 St & 9 Ave,6569,40.75038009,-73.98338988,40.75462324029105,-73.99516761302948,casual
42960,B8338F9B02036B20,electric_bike,2022-03-04 13:55:44,2022-03-04 14:08:12,8 Ave & W 49 St,6747,W 36 St & 9 Ave,6569,40.76171227910671,-73.98655101656914,40.75462324029105,-73.99516761302948,casual
42967,B9D0BE1FE7075CB4,classic_bike,2022-03-26 14:13:27,2022-03-26 14:23:12,8 Ave & W 16 St,6072,W 36 St & 9 Ave,6569,40.740983,-74.001702,40.75462324029105,-73.99516761302948,casual
42970,FF34D4FF92CA0CF3,classic_bike,2022-03-04 17:03:09,2022-03-04 17:12:56,8 Ave & W 16 St,6072,W 36 St & 9 Ave,6569,40.740983,-74.001702,40.75462324029105,-73.99516761302948,member
42971,C9FB547EAE80CC49,electric_bike,2022-03-06 21:11:53,2022-03-06 21:18:47,8 Ave & W 16 St,6072,W 36 St & 9 Ave,6569,40.740983,-74.001702,40.75462324029105,-73.99516761302948,member
42984,562208BC5796E14A,classic_bike,2022-03-23 22:44:36,2022-03-23 22:44:57,W 36 St & 9 Ave,6569,W 36 St & 9 Ave,6569,40.75462324029105,-73.99516761302948,40.75462324029105,-73.99516761302948,member
42985,2BF33078FF45B2E7,classic_bike,2022-03-25 11:47:16,2022-03-25 11:58:00,W 36 St & 9 Ave,6569,Broadway & W 29 St,6289,40.75462324029105,-73.99516761302948,40.7462009,-73.98855723,member
42987,368BE79552722FD0,electric_bike,2022-03-28 19:21:52,2022-03-28 19:22:23,W 36 St & 9 Ave,6569,W 36 St & 9 Ave,6569,40.75462324029105,-73.99516761302948,40.75462324029105,-73.99516761302948,member
42988,87FCB23D522B3A1B,classic_bike,2022-03-07 22:10:46,2022-03-07 22:11:01,W 36 St & 9 Ave,6569,W 36 St & 9 Ave,6569,40.75462324029105,-73.99516761302948,40.75462324029105,-73.99516761302948,member
42991,4C7480DCC9BB0597,classic_bike,2022-03-02 21:32:17,2022-03-02 21:41:09,W 36 St & 9 Ave,6569,Broadway & W 29 St,6289,40.75462324029105,-73.99516761302948,40.7462009,-73.98855723,member
42992,69875FCF36E28139,classic_bike,2022-03-11 22:29:50,2022-03-11 22:30:22,W 36 St & 9 Ave,6569,W 36 St & 9 Ave,6569,40.75462324029105,-73.99516761302948,40.75462324029105,-73.99516761302948,member
42997,DA5816FF89F873A3,classic_bike,2022-03-19 03:49:48,2022-03-19 03:59:04,8 Ave & W 16 St,6072,W 36 St & 9 Ave,6569,40.740983,-74.001702,40.75462324029105,-73.99516761302948,casual
43006,1478D33473FDBCB5,classic_bike,2022-03-13 11:58:45,2022-03-13 12:06:33,8 Ave & W 16 St,6072,W 36 St & 9 Ave,6569,40.740983,-74.001702,40.75462324029105,-73.99516761302948,member
43007,8D037E9CFEB33F42,classic_bike,2022-03-08 21:22:21,2022-03-08 21:30:37,8 Ave & W 16 St,6072,W 36 St & 9 Ave,6569,40.740983,-74.001702,40.75462324029105,-73.99516761302948,member
43009,0EB0B6BD7C9732D7,classic_bike,2022-03-23 01:44:45,2022-03-23 01:50:27,6 Ave & W 33 St,6364,W 36 St & 9 Ave,6569,40.74901271,-73.98848395,40.75462324029105,-73.99516761302948,casual
43016,147F8D7E15ADE7E7,classic_bike,2022-03-18 07:03:00,2022-03-18 07:09:54,6 Ave & W 33 St,6364,W 36 St & 9 Ave,6569,40.74901271,-73.98848395,40.75462324029105,-73.99516761302948,casual
43024,67AB5C396264C1AD,classic_bike,2022-03-12 00:08:51,2022-03-12 00:44:33,Adam Clayton Powell Blvd & W 138 St,7855,W 36 St & 9 Ave,6569,40.81695971032464,-73.9422959089279,40.75462324029105,-73.99516761302948,member
43026,4F056220B8E6571C,classic_bike,2022-03-21 10:17:55,2022-03-21 10:27:59,8 Ave & W 16 St,6072,W 36 St & 9 Ave,6569,40.740983,-74.001702,40.75462324029105,-73.99516761302948,member
43042,73CD7560ACCDEC1E,electric_bike,2022-03-23 10:15:47,2022-03-23 10:23:16,W 48 St &  Rockefeller Plaza,6626,W 36 St & 9 Ave,6569,40.75776935448309,-73.97929430007935,40.75462324029105,-73.99516761302948,member
43048,0A9AAAE152D0736D,classic_bike,2022-03-24 17:47:10,2022-03-24 18:07:25,Greene St & Prince St,5602,W 36 St & 9 Ave,6569,40.72511734422387,-73.99930492043495,40.75462324029105,-73.99516761302948,member
43066,144B31176BFCFFCD,classic_bike,2022-03-31 09:25:57,2022-03-31 09:43:54,Amsterdam Ave & W 82 St,7360,W 36 St & 9 Ave,6569,40.78524672,-73.97667321,40.75462324029105,-73.99516761302948,member
43069,C4BBA0357AA5D884,electric_bike,2022-03-04 16:55:18,2022-03-04 16:58:36,8 Ave & W 38 St,6526,W 36 St & 9 Ave,6569,40.75461,-73.99177,40.75462324029105,-73.99516761302948,member
43074,5A22857D78E16531,classic_bike,2022-03-16 18:24:01,2022-03-16 18:35:19,Broadway & W 53 St,6779,W 36 St & 9 Ave,6569,40.76344058,-73.98268129,40.75462324029105,-73.99516761302948,casual
43085,91D5E73DA19F4F07,classic_bike,2022-03-29 15:29:38,2022-03-29 15:40:34,W 63 St & Broadway,7052,W 36 St & 9 Ave,6569,40.77163851,-73.98261428,40.75462324029105,-73.99516761302948,member
43087,C49EF395F4EB7763,classic_bike,2022-03-20 01:44:18,2022-03-20 02:08:05,Carmine St & 6 Ave,5763,W 36 St & 9 Ave,6569,40.73038599,-74.00214988,40.75462324029105,-73.99516761302948,member
43090,8A93414C6CB64D49,electric_bike,2022-03-27 16:56:06,2022-03-27 17:05:31,W 63 St & Broadway,7052,W 36 St & 9 Ave,6569,40.77163851,-73.98261428,40.75462324029105,-73.99516761302948,member
43091,13342474AAE900AE,electric_bike,2022-03-26 21:02:36,2022-03-26 21:30:29,Carmine St & 6 Ave,5763,W 36 St & 9 Ave,6569,40.73038599,-74.00214988,40.75462324029105,-73.99516761302948,casual
43094,16E49B8604248796,electric_bike,2022-03-17 16:06:36,2022-03-17 16:14:09,W 63 St & Broadway,7052,W 36 St & 9 Ave,6569,40.77163851,-73.98261428,40.75462324029105,-73.99516761302948,casual
43096,C3EC3231B23C9248,electric_bike,2022-03-04 16:00:35,2022-03-04 16:08:02,W 63 St & Broadway,7052,W 36 St & 9 Ave,6569,40.77163851,-73.98261428,40.75462324029105,-73.99516761302948,casual
43101,EC8B24BAB528FC05,docked_bike,2022-03-24 14:30:40,2022-03-24 17:04:10,Grand Army Plaza & Central Park S,6839,W 36 St & 9 Ave,6569,40.764397,-73.973715,40.754623,-73.995168,casual
43113,DCED6E0F859D93E4,classic_bike,2022-03-23 12:05:33,2022-03-23 12:28:44,Grand Army Plaza & Central Park S,6839,W 36 St & 9 Ave,6569,40.7643971,-73.97371465,40.75462324029105,-73.99516761302948,casual
43115,644630B09E1FCC5F,classic_bike,2022-03-31 14:45:35,2022-03-31 14:56:05,W 51 St & Rockefeller Plaza,6700,W 36 St & 9 Ave,6569,40.75973805251143,-73.97811613976955,40.75462324029105,-73.99516761302948,member
43116,A4F71E4ECE258202,electric_bike,2022-03-23 12:04:40,2022-03-23 12:30:06,Grand Army Plaza & Central Park S,6839,W 36 St & 9 Ave,6569,40.7643971,-73.97371465,40.75462324029105,-73.99516761302948,casual
43121,AD5ECFDBEFA91A76,electric_bike,2022-03-04 07:56:23,2022-03-04 08:04:47,Washington St & Gansevoort St,6039,W 36 St & 9 Ave,6569,40.739323,-74.008119,40.75462324029105,-73.99516761302948,member
43122,DECB4F0369E50DB9,classic_bike,2022-03-31 08:39:17,2022-03-31 08:41:22,8 Ave & W 38 St,6526,W 36 St & 9 Ave,6569,40.75461,-73.99177,40.75462324029105,-73.99516761302948,member
43124,B1C764ECBC5419B9,electric_bike,2022-03-21 19:31:17,2022-03-21 19:36:03,W 43 St & 10 Ave,6756,W 36 St & 9 Ave,6569,40.76009437,-73.99461843,40.75462324029105,-73.99516761302948,member
43130,26273B5D0D486DEF,classic_bike,2022-03-25 11:33:36,2022-03-25 11:38:12,W 43 St & 10 Ave,6756,W 36 St & 9 Ave,6569,40.76009437,-73.99461843,40.75462324029105,-73.99516761302948,member
43131,12D024B10A242F84,electric_bike,2022-03-29 04:59:52,2022-03-29 05:03:25,W 26 St & 10 Ave,6382,W 36 St & 9 Ave,6569,40.749717753,-74.002950346,40.75462324029105,-73.99516761302948,member
43136,C8C404BAFD349481,electric_bike,2022-03-11 19:01:59,2022-03-11 19:05:10,W 43 St & 10 Ave,6756,W 36 St & 9 Ave,6569,40.76009437,-73.99461843,40.75462324029105,-73.99516761302948,member
43139,6A8451F9737F8898,electric_bike,2022-03-23 10:01:23,2022-03-23 10:16:58,W 84 St & Broadway,7409,W 36 St & 9 Ave,6569,40.7867947,-73.977112,40.75462324029105,-73.99516761302948,member
43140,7D04D388D65DE18B,electric_bike,2022-03-23 19:32:24,2022-03-23 19:36:50,W 43 St & 10 Ave,6756,W 36 St & 9 Ave,6569,40.76009437,-73.99461843,40.75462324029105,-73.99516761302948,member
43142,6448275ECA8B1439,classic_bike,2022-03-20 11:28:52,2022-03-20 11:32:39,W 43 St & 10 Ave,6756,W 36 St & 9 Ave,6569,40.76009437,-73.99461843,40.75462324029105,-73.99516761302948,member
43143,047349F25F3AA7BF,classic_bike,2022-03-30 19:58:09,2022-03-30 20:03:51,W 43 St & 10 Ave,6756,W 36 St & 9 Ave,6569,40.76009437,-73.99461843,40.75462324029105,-73.99516761302948,member
43144,9F45B1F69B4D4E1D,classic_bike,2022-03-19 10:32:13,2022-03-19 10:38:01,W 43 St & 10 Ave,6756,W 36 St & 9 Ave,6569,40.76009437,-73.99461843,40.75462324029105,-73.99516761302948,member
43145,118CB8676744C3A2,classic_bike,2022-03-25 17:20:42,2022-03-25 17:31:23,W 26 St & 10 Ave,6382,W 36 St & 9 Ave,6569,40.749717753,-74.002950346,40.75462324029105,-73.99516761302948,member
43146,015A1158D0A282A7,classic_bike,2022-03-24 07:05:29,2022-03-24 07:09:53,W 43 St & 10 Ave,6756,W 36 St & 9 Ave,6569,40.76009437,-73.99461843,40.75462324029105,-73.99516761302948,member
43153,E74EEA68C7A1519D,electric_bike,2022-03-10 18:12:21,2022-03-10 18:37:43,3 Ave & E 62 St,6762,W 36 St & 9 Ave,6569,40.76312584,-73.96526895,40.75462324029105,-73.99516761302948,member
43158,054717172DD8BC2E,electric_bike,2022-03-19 11:29:08,2022-03-19 11:39:04,W 63 St & Broadway,7052,W 36 St & 9 Ave,6569,40.77163851,-73.98261428,40.75462324029105,-73.99516761302948,casual
43159,818DA50C852A2196,classic_bike,2022-03-18 16:08:18,2022-03-18 16:16:23,W 63 St & Broadway,7052,W 36 St & 9 Ave,6569,40.77163851,-73.98261428,40.75462324029105,-73.99516761302948,casual
43161,C875981FAED7B2EA,classic_bike,2022-03-03 16:02:14,2022-03-03 16:12:39,W 63 St & Broadway,7052,W 36 St & 9 Ave,6569,40.77163851,-73.98261428,40.75462324029105,-73.99516761302948,casual
43162,3846D141DF90D37E,classic_bike,2022-03-17 05:54:19,2022-03-17 05:57:03,W 43 St & 10 Ave,6756,W 36 St & 9 Ave,6569,40.76009437,-73.99461843,40.75462324029105,-73.99516761302948,member
43164,52AEB28A391C0EDD,electric_bike,2022-03-03 15:51:59,2022-03-03 15:55:25,W 43 St & 10 Ave,6756,W 36 St & 9 Ave,6569,40.76009437,-73.99461843,40.75462324029105,-73.99516761302948,member
43168,533862E92DD8CCD0,electric_bike,2022-03-16 14:53:41,2022-03-16 14:57:11,W 36 St & 7 Ave,6483,W 36 St & 9 Ave,6569,40.752149,-73.989539,40.75462324029105,-73.99516761302948,member
43174,9A802B0BCA718F9B,classic_bike,2022-03-05 13:03:19,2022-03-05 13:14:37,Bank St & Hudson St,5922,W 36 St & 9 Ave,6569,40.73652889,-74.00618026,40.75462324029105,-73.99516761302948,member
43175,A26D3640BE7BC343,classic_bike,2022-03-19 16:44:47,2022-03-19 16:50:20,W 43 St & 10 Ave,6756,W 36 St & 9 Ave,6569,40.76009437,-73.99461843,40.75462324029105,-73.99516761302948,member
43176,DBC53E3A88C8C049,classic_bike,2022-03-16 18:10:53,2022-03-16 18:19:26,W 26 St & 10 Ave,6382,W 36 St & 9 Ave,6569,40.749717753,-74.002950346,40.75462324029105,-73.99516761302948,member
43190,F3E6C972E2C7EE88,classic_bike,2022-03-11 13:48:18,2022-03-11 13:53:12,W 43 St & 10 Ave,6756,W 36 St & 9 Ave,6569,40.76009437,-73.99461843,40.75462324029105,-73.99516761302948,member
43211,CA95619E25D2693A,electric_bike,2022-03-20 16:17:31,2022-03-20 16:31:18,Hudson St & W 13 St,6115,W 36 St & 9 Ave,6569,40.74005708567285,-74.0052741765976,40.75462324029105,-73.99516761302948,casual
43218,3F2D59B126DCB2D0,classic_bike,2022-03-08 09:22:47,2022-03-08 09:26:51,W 43 St & 10 Ave,6756,W 36 St & 9 Ave,6569,40.76009437,-73.99461843,40.75462324029105,-73.99516761302948,casual
43221,AA080904DA1B2FAC,electric_bike,2022-03-05 20:32:01,2022-03-05 20:56:34,8 Ave & W 38 St,6526,W 36 St & 9 Ave,6569,40.75461,-73.99177,40.75462324029105,-73.99516761302948,member
43223,2C61C9693D1B5FD0,electric_bike,2022-03-22 09:04:59,2022-03-22 09:20:11,Christopher St & Greenwich St,5847,W 36 St & 9 Ave,6569,40.73291553,-74.00711384,40.75462324029105,-73.99516761302948,member
43227,6B0511F9EE43C01D,classic_bike,2022-03-14 17:27:13,2022-03-14 17:32:18,W 30 St & 10 Ave,6459,W 36 St & 9 Ave,6569,40.752694,-74.002353,40.75462324029105,-73.99516761302948,member
43229,386213DAA83C5519,classic_bike,2022-03-21 16:16:07,2022-03-21 16:39:48,6 Ave & Broome St,5610,W 36 St & 9 Ave,6569,40.72431,-74.00473,40.75462324029105,-73.99516761302948,member
43235,DB1ACB839C6514AB,electric_bike,2022-03-14 20:50:12,2022-03-14 20:52:35,9 Ave & W 45 St,6717,W 36 St & 9 Ave,6569,40.76019252,-73.9912551,40.75462324029105,-73.99516761302948,member
43236,383C232F966AB8E4,classic_bike,2022-03-13 01:06:44,2022-03-13 01:10:40,9 Ave & W 45 St,6717,W 36 St & 9 Ave,6569,40.76019252,-73.9912551,40.75462324029105,-73.99516761302948,member
43238,92560275726E7874,classic_bike,2022-03-16 06:54:21,2022-03-16 06:57:48,9 Ave & W 45 St,6717,W 36 St & 9 Ave,6569,40.76019252,-73.9912551,40.75462324029105,-73.99516761302948,member
43239,78AF960B8370A329,classic_bike,2022-03-08 06:59:35,2022-03-08 07:02:12,9 Ave & W 45 St,6717,W 36 St & 9 Ave,6569,40.76019252,-73.9912551,40.75462324029105,-73.99516761302948,member
43241,ABD7A9B4E1287981,classic_bike,2022-03-20 12:19:03,2022-03-20 12:23:13,9 Ave & W 45 St,6717,W 36 St & 9 Ave,6569,40.76019252,-73.9912551,40.75462324029105,-73.99516761302948,member
43242,72FAEB94C9C89446,classic_bike,2022-03-20 14:15:47,2022-03-20 14:20:11,9 Ave & W 45 St,6717,W 36 St & 9 Ave,6569,40.76019252,-73.9912551,40.75462324029105,-73.99516761302948,member
43243,7664F2CBB4B86448,classic_bike,2022-03-27 00:17:23,2022-03-27 00:20:59,9 Ave & W 45 St,6717,W 36 St & 9 Ave,6569,40.76019252,-73.9912551,40.75462324029105,-73.99516761302948,member
43245,0E63FA282F942166,electric_bike,2022-03-21 17:48:47,2022-03-21 19:11:11,8 Ave & W 38 St,6526,W 36 St & 9 Ave,6569,40.75461,-73.99177,40.75462324029105,-73.99516761302948,member
43247,5EC46B02C395FA25,electric_bike,2022-03-01 18:48:43,2022-03-01 18:55:43,6 Ave & W 34 St,6364,W 36 St & 9 Ave,6569,40.74964,-73.98805,40.75462324029105,-73.99516761302948,member
43251,7FF5910C8866E7E3,classic_bike,2022-03-20 15:24:54,2022-03-20 15:39:10,Broadway & W 58 St,6948,W 36 St & 9 Ave,6569,40.76695317,-73.98169333,40.75462324029105,-73.99516761302948,member
43253,A63A025AE6FDDD68,electric_bike,2022-03-13 15:39:14,2022-03-13 15:42:51,9 Ave & W 45 St,6717,W 36 St & 9 Ave,6569,40.76019252,-73.9912551,40.75462324029105,-73.99516761302948,member
43256,18855D6638EE28BD,classic_bike,2022-03-17 18:58:14,2022-03-17 19:02:10,9 Ave & W 45 St,6717,W 36 St & 9 Ave,6569,40.76019252,-73.9912551,40.75462324029105,-73.99516761302948,member
43257,C6DAC293EB78B1FA,classic_bike,2022-03-29 17:07:16,2022-03-29 17:11:00,9 Ave & W 45 St,6717,W 36 St & 9 Ave,6569,40.76019252,-73.9912551,40.75462324029105,-73.99516761302948,casual
43258,595D16FE063E9A23,classic_bike,2022-03-06 17:41:55,2022-03-06 17:53:42,Broadway & W 58 St,6948,W 36 St & 9 Ave,6569,40.76695317,-73.98169333,40.75462324029105,-73.99516761302948,member
43259,318173BDCC42CF92,electric_bike,2022-03-01 18:36:42,2022-03-01 18:39:41,9 Ave & W 45 St,6717,W 36 St & 9 Ave,6569,40.76019252,-73.9912551,40.75462324029105,-73.99516761302948,member
43261,FFFE409BF94CE9CD,classic_bike,2022-03-02 11:30:38,2022-03-02 11:32:50,W 36 St & 9 Ave,6569,8 Ave & W 38 St,6526,40.75462324029105,-73.99516761302948,40.75461,-73.99177,member
43264,19DB33DDE424F3F4,classic_bike,2022-03-23 19:55:47,2022-03-23 20:02:03,W 43 St & 10 Ave,6756,W 36 St & 9 Ave,6569,40.76009437,-73.99461843,40.75462324029105,-73.99516761302948,member
43278,6689B044A715C1D3,classic_bike,2022-03-30 22:56:49,2022-03-30 22:58:50,8 Ave & W 38 St,6526,W 36 St & 9 Ave,6569,40.75461,-73.99177,40.75462324029105,-73.99516761302948,member
43280,8ED0509ECD0E3BD1,classic_bike,2022-03-03 15:40:00,2022-03-03 15:54:24,Bank St & Hudson St,5922,W 36 St & 9 Ave,6569,40.73652889,-74.00618026,40.75462324029105,-73.99516761302948,member
43281,26184FC443FC1A1A,classic_bike,2022-03-18 16:32:01,2022-03-18 16:46:56,Bank St & Hudson St,5922,W 36 St & 9 Ave,6569,40.73652889,-74.00618026,40.75462324029105,-73.99516761302948,member
43285,314E81904F8E8874,classic_bike,2022-03-16 20:56:34,2022-03-16 21:00:01,8 Ave & W 38 St,6526,W 36 St & 9 Ave,6569,40.75461,-73.99177,40.75462324029105,-73.99516761302948,member
43296,461899156C024469,electric_bike,2022-03-23 09:50:53,2022-03-23 10:01:26,E 47 St & 2 Ave,6498,W 36 St & 9 Ave,6569,40.75323098,-73.97032517,40.75462324029105,-73.99516761302948,casual
43310,1BF9B879828EE79F,electric_bike,2022-03-24 17:54:29,2022-03-24 18:09:38,W 67 St & Broadway,7116,W 36 St & 9 Ave,6569,40.77492513,-73.98266566,40.75462324029105,-73.99516761302948,member
43335,37FBABD07F608A4A,electric_bike,2022-03-31 17:20:42,2022-03-31 17:27:35,W 15 St & 10 Ave,6115,W 36 St & 9 Ave,6569,40.74275382865903,-74.00747358798981,40.75462324029105,-73.99516761302948,member
43339,36734CBE715790CA,classic_bike,2022-03-31 11:29:08,2022-03-31 11:51:14,E 7 St & Ave B,5584,W 36 St & 9 Ave,6569,40.7251285241158,-73.98131668567657,40.75462324029105,-73.99516761302948,member
43342,2D292074AF428493,electric_bike,2022-03-26 12:21:11,2022-03-26 12:32:51,E 39 St & 2 Ave,6345,W 36 St & 9 Ave,6569,40.74803319428767,-73.973827958107,40.75462324029105,-73.99516761302948,casual
43353,5689D820DF87AF7C,electric_bike,2022-03-27 23:02:35,2022-03-27 23:11:39,Perry St & Bleecker St,5922,W 36 St & 9 Ave,6569,40.73535398,-74.00483091,40.75462324029105,-73.99516761302948,casual
43355,18D5FBC24AE8AAAE,classic_bike,2022-03-31 08:52:02,2022-03-31 09:03:38,Perry St & Bleecker St,5922,W 36 St & 9 Ave,6569,40.73535398,-74.00483091,40.75462324029105,-73.99516761302948,member
43357,3C75A0050E024B65,electric_bike,2022-03-04 19:53:09,2022-03-04 20:03:11,Perry St & Bleecker St,5922,W 36 St & 9 Ave,6569,40.73535398,-74.00483091,40.75462324029105,-73.99516761302948,member
43367,964A252357438F7B,classic_bike,2022-03-07 17:09:15,2022-03-07 17:18:58,5 Ave & E 29 St,6248,W 36 St & 9 Ave,6569,40.7451677,-73.98683077,40.75462324029105,-73.99516761302948,member
43377,8793306789B196DC,classic_bike,2022-03-05 16:19:37,2022-03-05 16:38:35,Columbus Ave & W 72 St,7175,W 36 St & 9 Ave,6569,40.7770575,-73.97898475,40.75462324029105,-73.99516761302948,member
43383,B740FF3C6C6CF3DA,classic_bike,2022-03-29 15:09:42,2022-03-29 15:11:43,W 37 St & 10 Ave,6611,W 36 St & 9 Ave,6569,40.75660359,-73.9979009,40.75462324029105,-73.99516761302948,member
43394,A7A59A72DCA4744E,classic_bike,2022-03-02 09:29:36,2022-03-02 09:49:21,W 89 St & Columbus Ave,7432,W 36 St & 9 Ave,6569,40.7882213,-73.97041561,40.75462324029105,-73.99516761302948,member
43398,A760BCE78065747D,classic_bike,2022-03-25 19:51:52,2022-03-25 20:06:34,E 44 St & Lexington Ave,6464,W 36 St & 9 Ave,6569,40.752643,-73.974996,40.75462324029105,-73.99516761302948,member
43399,3412CA179846D4CE,classic_bike,2022-03-11 19:37:07,2022-03-11 19:49:38,E 44 St & Lexington Ave,6464,W 36 St & 9 Ave,6569,40.752643,-73.974996,40.75462324029105,-73.99516761302948,member
43400,38AB95445F5BC353,classic_bike,2022-03-22 19:37:27,2022-03-22 19:52:36,E 44 St & Lexington Ave,6464,W 36 St & 9 Ave,6569,40.752643,-73.974996,40.75462324029105,-73.99516761302948,member
43405,E9EB89D594552400,electric_bike,2022-03-14 08:11:48,2022-03-14 08:17:11,8 Ave & W 49 St,6747,W 36 St & 9 Ave,6569,40.76171227910671,-73.98655101656914,40.75462324029105,-73.99516761302948,casual
43406,30049208CD5C2CDB,electric_bike,2022-03-31 07:00:22,2022-03-31 07:03:50,W 43 St & 10 Ave,6756,W 36 St & 9 Ave,6569,40.76009437,-73.99461843,40.75462324029105,-73.99516761302948,member
43407,A587561E89A1B57C,electric_bike,2022-03-18 19:30:36,2022-03-18 19:35:19,W 43 St & 10 Ave,6756,W 36 St & 9 Ave,6569,40.76009437,-73.99461843,40.75462324029105,-73.99516761302948,member
43411,B6AE12EDF608312B,classic_bike,2022-03-10 08:24:18,2022-03-10 08:33:05,8 Ave & W 49 St,6747,W 36 St & 9 Ave,6569,40.76171227910671,-73.98655101656914,40.75462324029105,-73.99516761302948,member
43412,9ECD7BB202D387E5,electric_bike,2022-03-31 16:21:55,2022-03-31 16:26:57,8 Ave & W 49 St,6747,W 36 St & 9 Ave,6569,40.76171227910671,-73.98655101656914,40.75462324029105,-73.99516761302948,member
43419,9CAE174168BE7FFA,classic_bike,2022-03-31 20:44:54,2022-03-31 21:21:56,8 Ave & W 49 St,6747,W 36 St & 9 Ave,6569,40.76171227910671,-73.98655101656914,40.75462324029105,-73.99516761302948,member
43424,46E5875F0C4E60DD,classic_bike,2022-03-07 11:44:36,2022-03-07 11:49:47,8 Ave & W 49 St,6747,W 36 St & 9 Ave,6569,40.76171227910671,-73.98655101656914,40.75462324029105,-73.99516761302948,member
43425,DF5D43890416CB51,classic_bike,2022-03-06 21:33:56,2022-03-06 21:41:54,8 Ave & W 49 St,6747,W 36 St & 9 Ave,6569,40.76171227910671,-73.98655101656914,40.75462324029105,-73.99516761302948,member
43441,CAF3A506A26BE152,classic_bike,2022-03-07 19:15:43,2022-03-07 19:16:03,W 36 St & 9 Ave,6569,W 36 St & 9 Ave,6569,40.75462324029105,-73.99516761302948,40.75462324029105,-73.99516761302948,member
43449,027D20C0949D6661,electric_bike,2022-03-19 05:13:15,2022-03-19 05:23:13,Lexington Ave & E 26 St,6089,W 36 St & 9 Ave,6569,40.741459,-73.983293,40.75462324029105,-73.99516761302948,casual
43452,D8F4F084F0340D19,classic_bike,2022-03-25 17:09:41,2022-03-25 17:37:40,Columbus Ave & W 95 St,7520,W 36 St & 9 Ave,6569,40.7919557,-73.968087,40.75462324029105,-73.99516761302948,casual
43464,1824E13DA5441A81,classic_bike,2022-03-31 10:40:27,2022-03-31 11:00:37,Columbus Ave & W 95 St,7520,W 36 St & 9 Ave,6569,40.7919557,-73.968087,40.75462324029105,-73.99516761302948,member
43466,98993BD92A40E719,classic_bike,2022-03-18 21:17:08,2022-03-18 21:22:02,11 Ave & W 41 St,6726,W 36 St & 9 Ave,6569,40.76030096,-73.99884222,40.75462324029105,-73.99516761302948,member
43468,5E79E0EAF51CC622,electric_bike,2022-03-04 13:41:04,2022-03-04 13:41:49,W 36 St & 9 Ave,6569,W 36 St & 9 Ave,6569,40.75462324029105,-73.99516761302948,40.75462324029105,-73.99516761302948,member
43469,E8685DA1A939E553,classic_bike,2022-03-02 21:32:35,2022-03-02 21:41:13,W 36 St & 9 Ave,6569,Broadway & W 29 St,6289,40.75462324029105,-73.99516761302948,40.7462009,-73.98855723,member
43472,4EBF84EFBCE6B452,classic_bike,2022-03-19 19:19:35,2022-03-19 19:26:26,W 36 St & 9 Ave,6569,Broadway & W 29 St,6289,40.75462324029105,-73.99516761302948,40.7462009,-73.98855723,member
43476,08BC96DAA6C952E4,classic_bike,2022-03-17 17:20:56,2022-03-17 17:24:08,W 36 St & 9 Ave,6569,W 36 St & 9 Ave,6569,40.75462324029105,-73.99516761302948,40.75462324029105,-73.99516761302948,casual
43481,B7A4BC8B77FF5C48,electric_bike,2022-03-22 12:17:11,2022-03-22 12:41:55,W 36 St & 9 Ave,6569,W 36 St & 9 Ave,6569,40.75462324029105,-73.99516761302948,40.75462324029105,-73.99516761302948,member
43482,58801544660EEE42,electric_bike,2022-03-22 09:01:21,2022-03-22 09:21:29,W 36 St & 9 Ave,6569,W 36 St & 9 Ave,6569,40.75462324029105,-73.99516761302948,40.75462324029105,-73.99516761302948,member
43488,166254A0BE38C548,electric_bike,2022-03-25 17:09:28,2022-03-25 17:37:44,Columbus Ave & W 95 St,7520,W 36 St & 9 Ave,6569,40.7919557,-73.968087,40.75462324029105,-73.99516761302948,casual
43497,EB97C6C6831877FF,electric_bike,2022-03-24 11:53:12,2022-03-24 12:00:59,W 36 St & 9 Ave,6569,Broadway & W 29 St,6289,40.75462324029105,-73.99516761302948,40.7462009,-73.98855723,member
43504,691702D171614E8D,electric_bike,2022-03-11 12:19:32,2022-03-11 12:23:13,W 34 St &\tHudson Blvd E,6535,W 36 St & 9 Ave,6569,40.75516719072139,-74.00059908628464,40.75462324029105,-73.99516761302948,member
43508,99F8964B51655015,classic_bike,2022-03-30 06:24:10,2022-03-30 06:24:13,W 36 St & 9 Ave,6569,W 36 St & 9 Ave,6569,40.75462324029105,-73.99516761302948,40.75462324029105,-73.99516761302948,member
43510,65721116811FEA09,electric_bike,2022-03-29 18:06:13,2022-03-29 18:10:23,W 36 St & 9 Ave,6569,W 36 St & 9 Ave,6569,40.75462324029105,-73.99516761302948,40.75462324029105,-73.99516761302948,member
43530,B16283A7823B4742,classic_bike,2022-03-10 13:53:49,2022-03-10 13:57:40,W 36 St & 9 Ave,6569,W 36 St & 9 Ave,6569,40.75462324029105,-73.99516761302948,40.75462324029105,-73.99516761302948,member
43540,50ACF7BB0E3384B7,classic_bike,2022-03-11 23:08:43,2022-03-11 23:09:10,W 36 St & 9 Ave,6569,W 36 St & 9 Ave,6569,40.75462324029105,-73.99516761302948,40.75462324029105,-73.99516761302948,member
43542,B65C07401CC11034,classic_bike,2022-03-16 20:45:35,2022-03-16 20:54:55,Broadway & W 29 St,6289,W 36 St & 9 Ave,6569,40.7462009,-73.98855723,40.75462324029105,-73.99516761302948,member
43544,77EC752E68ECBABB,electric_bike,2022-03-30 10:59:37,2022-03-30 11:50:01,W 36 St & 9 Ave,6569,W 36 St & 9 Ave,6569,40.75462324029105,-73.99516761302948,40.75462324029105,-73.99516761302948,member
43547,D7EAC9C6B2F698DA,electric_bike,2022-03-21 10:02:19,2022-03-21 10:20:12,Columbus Ave & W 95 St,7520,W 36 St & 9 Ave,6569,40.7919557,-73.968087,40.75462324029105,-73.99516761302948,member
43549,EC41BE7D8DA49273,classic_bike,2022-03-29 14:36:39,2022-03-29 15:12:18,E 53 St & Lexington Ave,6617,W 36 St & 9 Ave,6569,40.75828065,-73.97069431,40.75462324029105,-73.99516761302948,member
43553,6ABF670208CDC37F,classic_bike,2022-03-10 13:25:45,2022-03-10 13:38:20,W 51 St & Rockefeller Plaza,6700,W 36 St & 9 Ave,6569,40.75973805251143,-73.97811613976955,40.75462324029105,-73.99516761302948,member
43558,DD7D3096E8076434,classic_bike,2022-03-24 18:37:12,2022-03-24 18:37:42,W 36 St & 9 Ave,6569,W 36 St & 9 Ave,6569,40.75462324029105,-73.99516761302948,40.75462324029105,-73.99516761302948,member
43560,5EDA979261B0749C,classic_bike,2022-03-21 02:08:00,2022-03-21 02:22:17,W 36 St & 9 Ave,6569,W 36 St & 9 Ave,6569,40.75462324029105,-73.99516761302948,40.75462324029105,-73.99516761302948,member
43586,3D03C894DE16A443,electric_bike,2022-03-14 14:43:05,2022-03-14 14:43:51,W 36 St & 9 Ave,6569,W 36 St & 9 Ave,6569,40.75462324029105,-73.99516761302948,40.75462324029105,-73.99516761302948,member
43611,D76DE0F938F1F56D,electric_bike,2022-03-10 11:10:03,2022-03-10 11:28:17,W 36 St & 9 Ave,6569,W 36 St & 9 Ave,6569,40.75462324029105,-73.99516761302948,40.75462324029105,-73.99516761302948,member
43614,ED3C6AF4E610FC36,classic_bike,2022-03-26 00:10:29,2022-03-26 00:11:06,W 36 St & 9 Ave,6569,W 36 St & 9 Ave,6569,40.75462324029105,-73.99516761302948,40.75462324029105,-73.99516761302948,casual
43785,49621A3142F48D2C,classic_bike,2022-03-01 13:57:01,2022-03-01 14:03:59,6 Ave & W 45 St,6593,W 36 St & 9 Ave,6569,40.756951,-73.982631,40.75462324029105,-73.99516761302948,member
43788,B7DD6632E95D3D6B,electric_bike,2022-03-11 14:36:45,2022-03-11 14:48:17,W 39 St & 9 Ave,6644,W 36 St & 9 Ave,6569,40.75645824,-73.99372222,40.75462324029105,-73.99516761302948,casual
44269,ECA5352F81D58AB0,electric_bike,2022-03-21 21:13:49,2022-03-21 21:16:53,11 Ave & W 41 St,6726,W 36 St & 9 Ave,6569,40.76030096,-73.99884222,40.75462324029105,-73.99516761302948,member
44282,71FC0CFBD7AB04A4,electric_bike,2022-03-25 17:09:49,2022-03-25 17:37:58,Columbus Ave & W 95 St,7520,W 36 St & 9 Ave,6569,40.7919557,-73.968087,40.75462324029105,-73.99516761302948,casual
44308,3DF0323CC8A80DFE,electric_bike,2022-03-31 17:56:13,2022-03-31 18:24:15,W 36 St & 9 Ave,6569,Crescent St & Broadway,6827,40.75462324029105,-73.99516761302948,40.7633589,-73.9286471,member
44317,EC51D32F3A9D7A79,classic_bike,2022-03-03 16:28:36,2022-03-03 16:34:34,8 Ave & W 49 St,6747,W 36 St & 9 Ave,6569,40.76171227910671,-73.98655101656914,40.75462324029105,-73.99516761302948,casual
44577,578B374B71958E5A,electric_bike,2022-03-06 17:10:41,2022-03-06 17:29:26,W 36 St & 9 Ave,6569,E 48 St & 5 Ave,6626,40.75462324029105,-73.99516761302948,40.75724567911726,-73.97805914282799,casual
44978,4FD0608357AA0FC2,classic_bike,2022-03-01 19:14:04,2022-03-01 19:22:49,W 35 St & Dyer Ave,6569,W 24 St & 7 Ave,6257,40.754691750226016,-73.99740189313889,40.74487634,-73.99529885,member
44992,62FFC21CB36CCEBD,electric_bike,2022-03-23 13:53:06,2022-03-23 14:08:08,W 35 St & Dyer Ave,6569,E 48 St & 5 Ave,6626,40.754691750226016,-73.99740189313889,40.75724567911726,-73.97805914282799,member
45372,B4F875CBF19B80D7,electric_bike,2022-03-06 11:28:09,2022-03-06 11:31:21,W 35 St & Dyer Ave,6569,11 Ave & W 27 St,6425,40.754691750226016,-73.99740189313889,40.751396,-74.005226,member
46084,8B175C60C512B8E0,electric_bike,2022-03-31 08:40:57,2022-03-31 08:46:47,W 35 St & Dyer Ave,6569,W 36 St & 7 Ave,6483,40.754691750226016,-73.99740189313889,40.752149,-73.989539,member
46090,0809890C66B67D99,classic_bike,2022-03-07 10:17:01,2022-03-07 10:24:28,W 35 St & Dyer Ave,6569,W 36 St & 7 Ave,6483,40.754691750226016,-73.99740189313889,40.752149,-73.989539,casual
46266,E0C221EF0E3A210D,classic_bike,2022-03-24 18:53:50,2022-03-24 18:56:19,W 36 St & 9 Ave,6569,W 36 St & 7 Ave,6483,40.75462324029105,-73.99516761302948,40.752149,-73.989539,member
46270,058F3CCFB72C44E2,electric_bike,2022-03-31 17:40:41,2022-03-31 17:54:20,W 36 St & 9 Ave,6569,E 53 St & Madison Ave,6659,40.75462324029105,-73.99516761302948,40.7597108,-73.97402311,member
46534,8AB8612DEE1B6F58,electric_bike,2022-03-25 22:52:56,2022-03-25 23:02:34,W 35 St & Dyer Ave,6569,W 4 St & 7 Ave S,5880,40.754691750226016,-73.99740189313889,40.73401143,-74.00293877,member
46697,D16CC02E558F4A57,electric_bike,2022-03-04 10:12:14,2022-03-04 10:17:01,W 36 St & 9 Ave,6569,W 45 St & 8 Ave,6676,40.75462324029105,-73.99516761302948,40.75929124,-73.98859651,member
46961,BD8908F8FDF62718,electric_bike,2022-03-10 10:26:05,2022-03-10 10:36:44,W 35 St & Dyer Ave,6569,W 51 St & Rockefeller Plaza,6700,40.754691750226016,-73.99740189313889,40.75973805251143,-73.97811613976955,member
46974,3C648F905C98A4BE,classic_bike,2022-03-08 18:40:40,2022-03-08 18:46:48,W 35 St & Dyer Ave,6569,E 33 St & 5 Ave,6322,40.754691750226016,-73.99740189313889,40.74765947,-73.98490707,casual
46990,5E6D5F8155555163,classic_bike,2022-03-14 09:03:32,2022-03-14 09:12:15,W 35 St & Dyer Ave,6569,E 33 St & 5 Ave,6322,40.754691750226016,-73.99740189313889,40.74765947,-73.98490707,member
47012,851AC0F42675A318,classic_bike,2022-03-11 22:05:44,2022-03-11 22:12:41,W 36 St & 9 Ave,6569,E 33 St & 5 Ave,6322,40.75462324029105,-73.99516761302948,40.74765947,-73.98490707,member
48591,0F32BACDF627B53A,classic_bike,2022-03-15 12:57:22,2022-03-15 13:19:02,W 35 St & Dyer Ave,6569,Kenmare St & Elizabeth St,5453,40.754691750226016,-73.99740189313889,40.72054,-73.9949,member
48659,BACB2CCB3EDD50A2,electric_bike,2022-03-09 22:01:50,2022-03-09 22:21:32,W 36 St & 9 Ave,6569,Riverside Dr & W 91 St,7524,40.75462324029105,-73.99516761302948,40.79313480986663,-73.97700369358063,member
49237,652197ECCAFCF4E7,classic_bike,2022-03-25 08:35:59,2022-03-25 08:50:32,W 36 St & 9 Ave,6569,Sullivan St & Washington Sq,5721,40.75462324029105,-73.99516761302948,40.73047747,-73.99906065,member
49751,39E93FDBA28C1825,electric_bike,2022-03-06 22:15:55,2022-03-06 22:22:43,W 36 St & 9 Ave,6569,Greenwich Ave & 8 Ave,6072,40.75462324029105,-73.99516761302948,40.7390169121,-74.0026376103,member
49754,A66BD58E8217335E,electric_bike,2022-03-22 11:09:32,2022-03-22 11:32:55,W 36 St & 9 Ave,6569,Forsyth St & Canal St,5270,40.75462324029105,-73.99516761302948,40.7158155,-73.99422366,casual
49863,B7202A195930038F,classic_bike,2022-03-26 11:22:11,2022-03-26 11:33:07,W 35 St & Dyer Ave,6569,Greenwich Ave & 8 Ave,6072,40.754691750226016,-73.99740189313889,40.7390169121,-74.0026376103,member
50101,EB890E8067EE4BAF,classic_bike,2022-03-17 18:14:32,2022-03-17 18:20:03,W 35 St & Dyer Ave,6569,6 Ave & W 34 St,6364,40.754691750226016,-73.99740189313889,40.74964,-73.98805,member
50145,DF4FD245ADA6A997,classic_bike,2022-03-31 18:50:06,2022-03-31 18:56:03,W 35 St & Dyer Ave,6569,6 Ave & W 34 St,6364,40.754691750226016,-73.99740189313889,40.74964,-73.98805,member
50151,FE225971C3E98258,electric_bike,2022-03-01 18:27:10,2022-03-01 18:32:22,W 35 St & Dyer Ave,6569,6 Ave & W 34 St,6364,40.754691750226016,-73.99740189313889,40.74964,-73.98805,casual
50152,E226B870C15DA387,electric_bike,2022-03-10 21:08:09,2022-03-10 21:12:06,W 35 St & Dyer Ave,6569,6 Ave & W 34 St,6364,40.754691750226016,-73.99740189313889,40.74964,-73.98805,casual
50175,0788DD5D7CA1D8ED,electric_bike,2022-03-13 21:59:24,2022-03-13 22:02:55,W 35 St & Dyer Ave,6569,6 Ave & W 34 St,6364,40.754691750226016,-73.99740189313889,40.74964,-73.98805,casual
50218,C779EAB94E442A00,electric_bike,2022-03-23 17:55:57,2022-03-23 18:03:59,W 35 St & Dyer Ave,6569,6 Ave & W 34 St,6364,40.754691750226016,-73.99740189313889,40.74964,-73.98805,member
50364,6A2ED647C6B008FA,classic_bike,2022-03-17 21:09:39,2022-03-17 21:17:04,W 36 St & 9 Ave,6569,6 Ave & W 34 St,6364,40.75462324029105,-73.99516761302948,40.74964,-73.98805,member
50366,D51A72002C2D8A32,electric_bike,2022-03-02 15:36:03,2022-03-02 15:41:07,W 36 St & 9 Ave,6569,6 Ave & W 34 St,6364,40.75462324029105,-73.99516761302948,40.74964,-73.98805,member
50401,62815DCA743132F6,electric_bike,2022-03-02 20:46:48,2022-03-02 20:50:28,W 36 St & 9 Ave,6569,6 Ave & W 34 St,6364,40.75462324029105,-73.99516761302948,40.74964,-73.98805,member
51074,0516743E8DCC0D66,classic_bike,2022-03-14 15:15:27,2022-03-14 15:41:30,W 36 St & 9 Ave,6569,Central Park West & W 76 St,7253,40.75462324029105,-73.99516761302948,40.77896784,-73.97374737,casual
51077,7FEFECE72378024C,classic_bike,2022-03-13 18:01:23,2022-03-13 18:10:09,W 36 St & 9 Ave,6569,W 26 St & 10 Ave,6382,40.75462324029105,-73.99516761302948,40.749717753,-74.002950346,member
51226,A4039BBB68C7A913,classic_bike,2022-03-07 18:42:53,2022-03-07 18:49:25,W 35 St & Dyer Ave,6569,W 26 St & 10 Ave,6382,40.754691750226016,-73.99740189313889,40.749717753,-74.002950346,member
51247,6CB97D3AEC2BC5FB,classic_bike,2022-03-04 13:22:46,2022-03-04 13:26:33,W 36 St & 9 Ave,6569,W 43 St & 10 Ave,6756,40.75462324029105,-73.99516761302948,40.76009437,-73.99461843,member
51463,7E6E50A032AD2CFC,electric_bike,2022-03-16 21:46:58,2022-03-16 21:49:44,W 35 St & Dyer Ave,6569,W 43 St & 10 Ave,6756,40.754691750226016,-73.99740189313889,40.76009437,-73.99461843,member
51466,B31B8FF8650A2E34,classic_bike,2022-03-24 20:07:57,2022-03-24 20:11:07,W 35 St & Dyer Ave,6569,W 43 St & 10 Ave,6756,40.754691750226016,-73.99740189313889,40.76009437,-73.99461843,member
52175,8932DAF92022C14E,classic_bike,2022-03-07 07:18:35,2022-03-07 07:21:50,W 35 St & Dyer Ave,6569,W 30 St & 8 Ave,6373,40.754691750226016,-73.99740189313889,40.74965268472847,-73.9952078461647,member
52228,87517F76FB92CDA0,electric_bike,2022-03-24 09:47:42,2022-03-24 09:50:43,W 35 St & Dyer Ave,6569,W 30 St & 8 Ave,6373,40.754691750226016,-73.99740189313889,40.74965268472847,-73.9952078461647,member
52229,D90027BCC414502F,electric_bike,2022-03-31 09:57:15,2022-03-31 10:00:19,W 35 St & Dyer Ave,6569,W 30 St & 8 Ave,6373,40.754691750226016,-73.99740189313889,40.74965268472847,-73.9952078461647,member
52356,7626C44A4BE5D354,electric_bike,2022-03-01 12:14:02,2022-03-01 12:40:50,W 36 St & 9 Ave,6569,Gansevoort St & Hudson St,6072,40.75462324029105,-73.99516761302948,40.73944820130404,-74.00507032871246,member
52363,2FE5163BACF9B840,classic_bike,2022-03-23 18:16:24,2022-03-23 18:21:52,W 36 St & 9 Ave,6569,W 30 St & 8 Ave,6373,40.75462324029105,-73.99516761302948,40.74965268472847,-73.9952078461647,member
52564,A24943A3C4817E3C,electric_bike,2022-03-30 09:55:57,2022-03-30 09:59:10,W 35 St & Dyer Ave,6569,W 30 St & 8 Ave,6373,40.754691750226016,-73.99740189313889,40.74965268472847,-73.9952078461647,member
54059,61AE40E314B2F2F1,classic_bike,2022-03-05 13:45:08,2022-03-05 14:05:58,W 36 St & 9 Ave,6569,3 Ave & E 72 St,7028,40.75462324029105,-73.99516761302948,40.7699426,-73.96060712,member
54245,7376D6FBC5A23FAB,electric_bike,2022-03-04 01:23:29,2022-03-04 01:27:41,W 36 St & 9 Ave,6569,W 50 St & 9 Ave,6854,40.75462324029105,-73.99516761302948,40.76360467795863,-73.98917958140373,casual
54247,9DE389D5028CA2C2,electric_bike,2022-03-28 16:37:49,2022-03-28 16:40:47,W 36 St & 9 Ave,6569,Broadway & W 36 St,6441,40.75462324029105,-73.99516761302948,40.75097711,-73.98765428,member
54251,50CE20A054BE1472,classic_bike,2022-03-26 16:53:50,2022-03-26 17:06:33,W 36 St & 9 Ave,6569,Broadway & W 36 St,6441,40.75462324029105,-73.99516761302948,40.75097711,-73.98765428,member
55858,1210C312A21825B1,classic_bike,2022-03-01 14:45:42,2022-03-01 15:11:55,W 35 St & Dyer Ave,6569,Fulton St & William St,5137,40.754691750226016,-73.99740189313889,40.70960089363537,-74.00655090808868,member
55867,29FF3B824F43FFFA,classic_bike,2022-03-16 18:37:54,2022-03-16 18:55:57,W 35 St & Dyer Ave,6569,Murray St & West St,5329,40.754691750226016,-73.99740189313889,40.7149787,-74.013012,member
55935,50CAFE04B621D62C,electric_bike,2022-03-09 19:07:30,2022-03-09 19:42:25,W 35 St & Dyer Ave,6569,Bayard St & Leonard St,5442,40.754691750226016,-73.99740189313889,40.71915571696044,-73.94885390996933,member
56143,AEA509619C993F5B,classic_bike,2022-03-18 16:23:28,2022-03-18 16:37:21,W 36 St & 9 Ave,6569,W 17 St & 8 Ave,6148,40.75462324029105,-73.99516761302948,40.74177603,-74.00149746,casual
56162,E536DD00BFA38487,classic_bike,2022-03-31 16:44:32,2022-03-31 16:53:47,W 36 St & 9 Ave,6569,E 41 St & Madison Ave (SW corner),6474,40.75462324029105,-73.99516761302948,40.752165280621966,-73.97992193698882,member
56420,7EDB89B98F596DF6,classic_bike,2022-03-19 19:34:25,2022-03-19 19:43:21,W 36 St & 9 Ave,6569,W 17 St & 8 Ave,6148,40.75462324029105,-73.99516761302948,40.74177603,-74.00149746,member
56433,6F416E120E911834,electric_bike,2022-03-04 09:03:01,2022-03-04 09:16:11,W 36 St & 9 Ave,6569,E 41 St & Madison Ave (SW corner),6474,40.75462324029105,-73.99516761302948,40.752165280621966,-73.97992193698882,member
56435,8C9ACE8964F5662B,electric_bike,2022-03-15 22:18:08,2022-03-15 22:33:59,W 36 St & 9 Ave,6569,E 7 St & Avenue A,5626,40.75462324029105,-73.99516761302948,40.72621788,-73.98379855,casual
56557,F824535C69D5559C,classic_bike,2022-03-30 17:00:48,2022-03-30 17:06:00,W 35 St & Dyer Ave,6569,8 Ave & W 31 St,6450,40.754691750226016,-73.99740189313889,40.7505853470215,-73.9946848154068,member
57090,3CA7FC64667ACB01,electric_bike,2022-03-10 17:16:23,2022-03-10 17:23:20,W 35 St & Dyer Ave,6569,8 Ave & W 16 St,6072,40.754691750226016,-73.99740189313889,40.740983,-74.001702,member
59659,0C2373C0BFF2DF55,classic_bike,2022-03-14 20:03:02,2022-03-14 20:20:57,W 36 St & 9 Ave,6569,St Marks Pl & 2 Ave,5669,40.75462324029105,-73.99516761302948,40.7284186,-73.98713956,member
61489,449F39686B489823,classic_bike,2022-03-03 08:54:41,2022-03-03 09:02:49,W 35 St & Dyer Ave,6569,Broadway\t& W 48 St,6708,40.754691750226016,-73.99740189313889,40.76017739537783,-73.98486793041229,member
61690,D3FF9A2CC742F05F,classic_bike,2022-03-02 11:20:53,2022-03-02 11:43:18,W 35 St & Dyer Ave,6569,University Pl & E 14 St,5905,40.754691750226016,-73.99740189313889,40.734814,-73.992085,member
61692,ABA34B9B1459FDD9,classic_bike,2022-03-26 15:03:51,2022-03-26 15:24:08,W 35 St & Dyer Ave,6569,E 17 St & Broadway,5980,40.754691750226016,-73.99740189313889,40.73704984,-73.99009296,member
62547,4A05485C7457DAA7,electric_bike,2022-03-02 17:40:38,2022-03-02 17:49:17,W 35 St & Dyer Ave,6569,Broadway & W 38 St,6560,40.754691750226016,-73.99740189313889,40.7529728216068,-73.98734897375107,casual
62561,A2D921080FCE38EC,electric_bike,2022-03-30 18:06:40,2022-03-30 18:11:26,W 35 St & Dyer Ave,6569,Broadway & W 38 St,6560,40.754691750226016,-73.99740189313889,40.7529728216068,-73.98734897375107,member
62567,E2026A624ED79FF3,electric_bike,2022-03-19 02:30:29,2022-03-19 03:14:26,W 35 St & Dyer Ave,6569,W 27 St & 7 Ave,6247,40.754691750226016,-73.99740189313889,40.746647,-73.993915,member
62573,BB9AF2960CA212A0,classic_bike,2022-03-19 09:10:54,2022-03-19 09:22:22,W 35 St & Dyer Ave,6569,Broadway & W 25 St,6173,40.754691750226016,-73.99740189313889,40.74286877312112,-73.98918628692627,casual
62584,2904E7B0E897F4ED,classic_bike,2022-03-05 21:07:33,2022-03-05 21:13:13,W 35 St & Dyer Ave,6569,W 27 St & 7 Ave,6247,40.754691750226016,-73.99740189313889,40.746647,-73.993915,casual
63214,0BDDB41FEBB0573E,classic_bike,2022-03-18 16:51:11,2022-03-18 16:59:54,W 35 St & Dyer Ave,6569,Broadway & W 38 St,6560,40.754691750226016,-73.99740189313889,40.7529728216068,-73.98734897375107,member
63216,0E0D288CA0C5450A,classic_bike,2022-03-29 06:45:59,2022-03-29 06:50:58,W 35 St & Dyer Ave,6569,W 27 St & 7 Ave,6247,40.754691750226016,-73.99740189313889,40.746647,-73.993915,member
63217,EB9B76B2BF8672B3,classic_bike,2022-03-17 06:45:52,2022-03-17 06:50:48,W 35 St & Dyer Ave,6569,W 27 St & 7 Ave,6247,40.754691750226016,-73.99740189313889,40.746647,-73.993915,member
63936,A51E250CB179FF12,electric_bike,2022-03-24 08:18:55,2022-03-24 08:33:44,W 36 St & 9 Ave,6569,W Broadway & Spring St,5569,40.75462324029105,-73.99516761302948,40.72494672359416,-74.00165855884552,member
63954,35022510541E3E6D,electric_bike,2022-03-25 22:23:28,2022-03-25 22:38:02,W 36 St & 9 Ave,6569,W Broadway & Spring St,5569,40.75462324029105,-73.99516761302948,40.72494672359416,-74.00165855884552,member
67176,8F7C31CE83BE03F5,classic_bike,2022-03-31 13:01:13,2022-03-31 13:09:12,W 36 St & 9 Ave,6569,10 Ave & W 14 St,6157,40.75462324029105,-73.99516761302948,40.74198159994023,-74.00831580162048,member
68794,3B7FE606AC6CC302,electric_bike,2022-03-20 10:48:04,2022-03-20 11:11:29,W 36 St & 9 Ave,6569,Mott St & Prince St,5561,40.75462324029105,-73.99516761302948,40.72317958,-73.99480012,casual
68800,A244261200C9867A,electric_bike,2022-03-18 07:49:11,2022-03-18 08:03:17,W 36 St & 9 Ave,6569,E 25 St & 1 Ave,6004,40.75462324029105,-73.99516761302948,40.7381765,-73.97738662,member
69907,071905D30CA571C3,classic_bike,2022-03-01 08:13:30,2022-03-01 08:16:46,W 35 St & Dyer Ave,6569,11 Ave & W 41 St,6726,40.754691750226016,-73.99740189313889,40.76030096,-73.99884222,member
69929,86728AACFDE096AC,classic_bike,2022-03-27 15:48:18,2022-03-27 15:52:21,W 35 St & Dyer Ave,6569,11 Ave & W 41 St,6726,40.754691750226016,-73.99740189313889,40.76030096,-73.99884222,member
69930,F9A59CB98EB5137F,classic_bike,2022-03-28 08:02:27,2022-03-28 08:06:02,W 35 St & Dyer Ave,6569,11 Ave & W 41 St,6726,40.754691750226016,-73.99740189313889,40.76030096,-73.99884222,member
69939,776D69B732FC0B1B,electric_bike,2022-03-04 06:56:16,2022-03-04 06:59:10,W 35 St & Dyer Ave,6569,11 Ave & W 41 St,6726,40.754691750226016,-73.99740189313889,40.76030096,-73.99884222,member
69962,5620FAF499B0E359,electric_bike,2022-03-31 09:07:56,2022-03-31 09:11:18,W 35 St & Dyer Ave,6569,11 Ave & W 41 St,6726,40.754691750226016,-73.99740189313889,40.76030096,-73.99884222,member
70021,331CC3CCED10FFC8,electric_bike,2022-03-26 00:04:03,2022-03-26 00:06:52,W 35 St & Dyer Ave,6569,11 Ave & W 41 St,6726,40.754691750226016,-73.99740189313889,40.76030096,-73.99884222,member
70022,9FF15CCDB5554D2B,classic_bike,2022-03-29 18:14:05,2022-03-29 18:18:16,W 35 St & Dyer Ave,6569,11 Ave & W 41 St,6726,40.754691750226016,-73.99740189313889,40.76030096,-73.99884222,member
70042,30195945A7C2EBE2,electric_bike,2022-03-27 14:23:30,2022-03-27 14:27:28,W 35 St & Dyer Ave,6569,11 Ave & W 41 St,6726,40.754691750226016,-73.99740189313889,40.76030096,-73.99884222,member
70044,7689A5F26D5B0106,electric_bike,2022-03-01 07:53:20,2022-03-01 07:56:58,W 35 St & Dyer Ave,6569,11 Ave & W 41 St,6726,40.754691750226016,-73.99740189313889,40.76030096,-73.99884222,casual
70340,311A6526D5E22794,classic_bike,2022-03-15 14:46:01,2022-03-15 14:50:18,W 35 St & 9 Ave,6569,11 Ave & W 41 St,6726,40.75414519263519,-73.9960889518261,40.76030096,-73.99884222,casual
70674,C27E7BDFE5705013,electric_bike,2022-03-23 16:20:33,2022-03-23 16:32:27,W 36 St & 9 Ave,6569,West End Ave & W 60 St,7059,40.75462324029105,-73.99516761302948,40.77237,-73.99005,member
70723,A7A2AE13F3B6F8F9,electric_bike,2022-03-06 10:37:23,2022-03-06 10:50:31,W 36 St & 9 Ave,6569,Lexington Ave & E 24 St,6089,40.75462324029105,-73.99516761302948,40.74025878,-73.98409214,casual
70732,601E2E0D68BD634D,classic_bike,2022-03-06 18:16:16,2022-03-06 18:37:32,W 36 St & 9 Ave,6569,E 13 St & 2 Ave,5820,40.75462324029105,-73.99516761302948,40.73153937464073,-73.9853024482727,member
70740,A7DAACAC00B975B9,electric_bike,2022-03-10 07:10:49,2022-03-10 07:24:43,W 36 St & 9 Ave,6569,West End Ave & W 60 St,7059,40.75462324029105,-73.99516761302948,40.77237,-73.99005,member
70743,2FAAFDFE0A5E5F00,classic_bike,2022-03-04 19:18:40,2022-03-04 19:36:42,W 36 St & 9 Ave,6569,E 13 St & 2 Ave,5820,40.75462324029105,-73.99516761302948,40.73153937464073,-73.9853024482727,member
70746,1776ACFD454C76DB,electric_bike,2022-03-30 20:13:29,2022-03-30 20:24:53,W 36 St & 9 Ave,6569,West End Ave & W 60 St,7059,40.75462324029105,-73.99516761302948,40.77237,-73.99005,member
71673,851B1D3015929E3E,classic_bike,2022-03-11 13:44:24,2022-03-11 13:56:36,W 35 St & Dyer Ave,6569,Lexington Ave & E 24 St,6089,40.754691750226016,-73.99740189313889,40.74025878,-73.98409214,member
71691,9808DAE0E2600313,electric_bike,2022-03-17 22:04:07,2022-03-17 22:12:44,W 35 St & Dyer Ave,6569,Lexington Ave & E 24 St,6089,40.754691750226016,-73.99740189313889,40.74025878,-73.98409214,member
71699,AEE91178F5F72ADE,classic_bike,2022-03-15 17:27:35,2022-03-15 17:41:28,W 35 St & Dyer Ave,6569,Lexington Ave & E 24 St,6089,40.754691750226016,-73.99740189313889,40.74025878,-73.98409214,member
71706,F8543F51DB1B35E7,classic_bike,2022-03-14 08:23:23,2022-03-14 08:35:41,W 35 St & Dyer Ave,6569,Lexington Ave & E 24 St,6089,40.754691750226016,-73.99740189313889,40.74025878,-73.98409214,member
71709,090143F5BC7B3524,classic_bike,2022-03-09 09:00:03,2022-03-09 09:11:27,W 35 St & Dyer Ave,6569,Lexington Ave & E 24 St,6089,40.754691750226016,-73.99740189313889,40.74025878,-73.98409214,member
71745,554E0051C33A3F5B,electric_bike,2022-03-22 20:13:48,2022-03-22 20:21:48,W 35 St & Dyer Ave,6569,Lexington Ave & E 24 St,6089,40.754691750226016,-73.99740189313889,40.74025878,-73.98409214,member
72327,2AE0C4F8F366E916,electric_bike,2022-03-15 17:28:08,2022-03-15 20:27:55,W 36 St & 9 Ave,6569,E 85 St & 3 Ave,7212,40.75462324029105,-73.99516761302948,40.77801203,-73.95407149,casual
72329,2F70BB954527729F,classic_bike,2022-03-02 12:52:45,2022-03-02 13:13:39,W 36 St & 9 Ave,6569,E 56 St & 3 Ave,6691,40.75462324029105,-73.99516761302948,40.75934501,-73.96759673,member
73507,2233FF982FAACB2A,classic_bike,2022-03-31 08:50:28,2022-03-31 08:54:46,W 35 St & Dyer Ave,6569,9 Ave & W 45 St,6717,40.754691750226016,-73.99740189313889,40.76019252,-73.9912551,member
74217,36459977B87CFB60,classic_bike,2022-03-31 11:43:21,2022-03-31 12:28:32,W 36 St & 9 Ave,6569,Broadway & Battery Pl,4962,40.75462324029105,-73.99516761302948,40.70463334,-74.01361706,casual
74339,56AF936945C6C16C,classic_bike,2022-03-03 16:52:58,2022-03-03 16:58:51,W 35 St & Dyer Ave,6569,W 47 St & 10 Ave,6824,40.754691750226016,-73.99740189313889,40.76269882,-73.99301222,member
74379,BCB2B2382BEB140E,classic_bike,2022-03-29 20:58:30,2022-03-29 21:03:00,W 36 St & 9 Ave,6569,W 47 St & 10 Ave,6824,40.75462324029105,-73.99516761302948,40.76269882,-73.99301222,member
74381,F2E23C2C3EC0E6E7,classic_bike,2022-03-18 08:35:15,2022-03-18 08:41:31,W 36 St & 9 Ave,6569,W 47 St & 10 Ave,6824,40.75462324029105,-73.99516761302948,40.76269882,-73.99301222,casual
74723,B618B5D4BA17854F,classic_bike,2022-03-11 14:19:18,2022-03-11 14:28:52,W 36 St & 9 Ave,6569,12 Ave & W 40 St,6765,40.75462324029105,-73.99516761302948,40.76087502,-74.00277668,casual
74726,5E158BF44B7F9DC7,classic_bike,2022-03-16 11:53:50,2022-03-16 12:12:26,W 36 St & 9 Ave,6569,1 Ave & E 18 St,5854,40.75462324029105,-73.99516761302948,40.73381219196632,-73.98054420948029,member
75125,060DB2C85F430558,classic_bike,2022-03-03 09:54:45,2022-03-03 10:18:21,W 35 St & Dyer Ave,6569,Hudson Blvd E & W 36 St,6611,40.754691750226016,-73.99740189313889,40.75630628938069,-73.99951145061095,member
77657,7E53CE7D4194EAF0,classic_bike,2022-03-11 18:57:42,2022-03-11 19:25:50,W 36 St & 9 Ave,6569,E 85 St & York Ave,7146,40.75462324029105,-73.99516761302948,40.77536905,-73.94803392,member
77658,D2C62EAD511FD1E6,classic_bike,2022-03-24 20:07:16,2022-03-24 20:43:51,W 36 St & 9 Ave,6569,E 85 St & York Ave,7146,40.75462324029105,-73.99516761302948,40.77536905,-73.94803392,member
78185,9EED130A40E1BBDF,classic_bike,2022-03-01 21:30:26,2022-03-01 21:59:15,W 36 St & 9 Ave,6569,E 85 St & York Ave,7146,40.75462324029105,-73.99516761302948,40.77536905,-73.94803392,member
78754,712A264CCF692C47,electric_bike,2022-03-21 16:02:08,2022-03-21 16:59:44,E 84 St & 1 Ave,7180,W 35 St & 9 Ave,6569,40.77565541,-73.95068615,40.75414519263519,-73.9960889518261,casual
78775,50CFE7961599D602,classic_bike,2022-03-26 13:26:56,2022-03-26 13:35:19,8 Ave & W 49 St,6747,W 35 St & 9 Ave,6569,40.76171227910671,-73.98655101656914,40.75414519263519,-73.9960889518261,member
78776,9E08560CBE0DFD7C,classic_bike,2022-03-27 15:57:48,2022-03-27 16:04:57,8 Ave & W 49 St,6747,W 35 St & 9 Ave,6569,40.76171227910671,-73.98655101656914,40.75414519263519,-73.9960889518261,member
78797,B636DF54E5725344,electric_bike,2022-03-31 20:09:16,2022-03-31 20:14:22,W 20 St & 10 Ave,6306,W 35 St & 9 Ave,6569,40.745686,-74.005141,40.75414519263519,-73.9960889518261,member
78806,2908EA657BC5DD89,classic_bike,2022-03-25 08:25:53,2022-03-25 08:38:21,W 35 St & Dyer Ave,6569,2 Ave & E 29 St,6122,40.754691750226016,-73.99740189313889,40.74172351097472,-73.97809267044067,member
78847,A2A7C547425D1704,classic_bike,2022-03-14 19:31:22,2022-03-14 19:38:25,E 41 St & Madison Ave (SE corner),6432,W 35 St & 9 Ave,6569,40.752049,-73.979635,40.75414519263519,-73.9960889518261,member
78850,049BC5F3F1B52AE8,classic_bike,2022-03-04 13:39:45,2022-03-04 13:53:44,Broadway & E 14 St,5905,W 35 St & 9 Ave,6569,40.73454567,-73.99074142,40.75414519263519,-73.9960889518261,member
78866,639A958EE29074DB,classic_bike,2022-03-25 18:17:46,2022-03-25 18:21:57,W 41 St & 8 Ave,6602,W 35 St & 9 Ave,6569,40.75640548,-73.9900262,40.75414519263519,-73.9960889518261,member
78888,F959BA39E815A44E,electric_bike,2022-03-17 08:51:07,2022-03-17 08:54:53,W 43 St & 10 Ave,6756,W 35 St & 9 Ave,6569,40.76009437,-73.99461843,40.75414519263519,-73.9960889518261,member
78889,C3467C9179EE9580,classic_bike,2022-03-11 08:57:56,2022-03-11 09:02:15,W 43 St & 10 Ave,6756,W 35 St & 9 Ave,6569,40.76009437,-73.99461843,40.75414519263519,-73.9960889518261,member
78890,F85CBC6C54BE58D4,classic_bike,2022-03-31 11:12:03,2022-03-31 11:18:37,W 43 St & 10 Ave,6756,W 35 St & 9 Ave,6569,40.76009437,-73.99461843,40.75414519263519,-73.9960889518261,member
78902,05E18D1466AC1983,classic_bike,2022-03-08 08:29:58,2022-03-08 08:46:17,Amsterdam Ave & W 73 St,7260,W 35 St & 9 Ave,6569,40.77966809007312,-73.98093044757842,40.75414519263519,-73.9960889518261,member
78905,94BCDAA00E721D04,classic_bike,2022-03-03 09:04:46,2022-03-03 09:06:28,W 35 St & Dyer Ave,6569,W 35 St & 9 Ave,6569,40.754691750226016,-73.99740189313889,40.75414519263519,-73.9960889518261,member
78906,CCE8AFBA85F9458E,electric_bike,2022-03-23 22:35:03,2022-03-23 22:40:55,W 35 St & Dyer Ave,6569,9 Ave & W 22 St,6266,40.754691750226016,-73.99740189313889,40.7454973,-74.00197139,member
78910,7E4B3395E6997F4D,classic_bike,2022-03-07 09:40:49,2022-03-07 09:42:56,W 35 St & Dyer Ave,6569,W 35 St & 9 Ave,6569,40.754691750226016,-73.99740189313889,40.75414519263519,-73.9960889518261,member
78915,4F03E03548017E5B,classic_bike,2022-03-03 15:21:25,2022-03-03 15:32:56,E 31 St & 3 Ave,6239,W 35 St & 9 Ave,6569,40.74394314,-73.97966069,40.75414519263519,-73.9960889518261,member
78932,BB4CEF46696A2BF4,classic_bike,2022-03-19 00:46:58,2022-03-19 00:47:48,W 35 St & Dyer Ave,6569,W 35 St & 9 Ave,6569,40.754691750226016,-73.99740189313889,40.75414519263519,-73.9960889518261,member
78946,AE038053397B8F04,classic_bike,2022-03-16 08:10:27,2022-03-16 08:18:46,Broadway & W 25 St,6173,W 35 St & 9 Ave,6569,40.74286877312112,-73.98918628692627,40.75414519263519,-73.9960889518261,member
78954,B6AAF65B9ABA40DA,electric_bike,2022-03-02 20:06:34,2022-03-02 20:11:56,W 37 St & 5 Ave,6398,W 35 St & 9 Ave,6569,40.75038009,-73.98338988,40.75414519263519,-73.9960889518261,member
78965,D390897562856802,classic_bike,2022-03-13 16:34:23,2022-03-13 17:23:56,Broadway & W 29 St,6289,W 35 St & 9 Ave,6569,40.7462009,-73.98855723,40.75414519263519,-73.9960889518261,casual
78970,9CE7D462F5FE2540,electric_bike,2022-03-22 16:53:59,2022-03-22 17:00:54,W 36 St & 9 Ave,6569,9 Ave & W 22 St,6266,40.75462324029105,-73.99516761302948,40.7454973,-74.00197139,member
78996,E01EF48D9CC05CC5,electric_bike,2022-03-23 14:30:48,2022-03-23 14:38:23,W 44 St & 11 Ave,6756,W 35 St & 9 Ave,6569,40.762009,-73.996975,40.75414519263519,-73.9960889518261,member
78999,AE8C7E7015D6BD3A,electric_bike,2022-03-13 16:40:59,2022-03-13 16:52:11,W 56 St & 6 Ave,6809,W 35 St & 9 Ave,6569,40.76340613,-73.97722479,40.75414519263519,-73.9960889518261,member
79026,D24C807AE5E60D79,electric_bike,2022-03-10 08:33:01,2022-03-10 08:46:37,E 11 St & 3 Ave,5788,W 35 St & 9 Ave,6569,40.73127,-73.98849,40.75414519263519,-73.9960889518261,member
79027,08002F384D3397C3,classic_bike,2022-03-02 09:48:45,2022-03-02 09:55:33,E 33 St & 5 Ave,6322,W 35 St & 9 Ave,6569,40.74765947,-73.98490707,40.75414519263519,-73.9960889518261,member
79041,A62FCFFE787C59EE,classic_bike,2022-03-22 22:19:19,2022-03-22 22:22:19,8 Ave & W 33 St,6450,W 35 St & 9 Ave,6569,40.751551,-73.993934,40.75414519263519,-73.9960889518261,casual
79042,6F4AA6938A9B841D,classic_bike,2022-03-12 09:54:48,2022-03-12 10:33:02,Degraw St & Smith St,4298,W 35 St & 9 Ave,6569,40.6829151,-73.99318208,40.75414519263519,-73.9960889518261,member
79044,DBD85A5DFA755AAB,electric_bike,2022-03-16 11:21:47,2022-03-16 11:53:51,Ashland Pl & Dekalb Ave,4513,W 35 St & 9 Ave,6569,40.690065,-73.978776,40.75414519263519,-73.9960889518261,member
79057,C37721970B76DA31,electric_bike,2022-03-30 19:55:27,2022-03-30 20:01:02,W 30 St & 8 Ave,6373,W 35 St & 9 Ave,6569,40.74965268472847,-73.9952078461647,40.75414519263519,-73.9960889518261,member
79058,4E086C1A5E16A82B,electric_bike,2022-03-03 14:09:33,2022-03-03 14:27:41,Allen St & Hester St,5342,W 35 St & 9 Ave,6569,40.71605866,-73.99190759,40.75414519263519,-73.9960889518261,member
79084,610BA4BA78AC064B,classic_bike,2022-03-06 15:21:11,2022-03-06 15:27:59,W 20 St & 10 Ave,6306,W 35 St & 9 Ave,6569,40.745686,-74.005141,40.75414519263519,-73.9960889518261,member
79092,2341B88CF44EAB8F,classic_bike,2022-03-14 10:39:40,2022-03-14 10:44:21,8 Ave & W 49 St,6747,W 35 St & 9 Ave,6569,40.76171227910671,-73.98655101656914,40.75414519263519,-73.9960889518261,member
79147,D39D5609FA07DC74,classic_bike,2022-03-08 05:25:56,2022-03-08 05:29:47,W 41 St & 8 Ave,6602,W 35 St & 9 Ave,6569,40.75640548,-73.9900262,40.75414519263519,-73.9960889518261,member
79184,9EEAC5CA449A0244,classic_bike,2022-03-31 09:20:41,2022-03-31 09:54:55,Broadway & Battery Pl,4962,W 35 St & 9 Ave,6569,40.70463334,-74.01361706,40.75414519263519,-73.9960889518261,member
79188,92C314239D6289E9,classic_bike,2022-03-02 16:34:52,2022-03-02 16:53:34,St Marks Pl & 1 Ave,5626,W 35 St & 9 Ave,6569,40.72779126,-73.98564945,40.75414519263519,-73.9960889518261,member
79216,AD3EF022623D2D59,electric_bike,2022-03-20 15:04:00,2022-03-20 15:41:56,Lafayette St & Jersey St,5561,W 35 St & 9 Ave,6569,40.72456089,-73.99565293,40.75414519263519,-73.9960889518261,casual
79235,54350A7A376D4549,classic_bike,2022-03-30 17:43:12,2022-03-30 17:46:05,8 Ave & W 33 St,6450,W 35 St & 9 Ave,6569,40.751551,-73.993934,40.75414519263519,-73.9960889518261,member
79237,958E01D8428F7E75,classic_bike,2022-03-31 17:02:37,2022-03-31 17:21:44,8 Ave & W 33 St,6450,W 35 St & 9 Ave,6569,40.751551,-73.993934,40.75414519263519,-73.9960889518261,member
79265,1FB89FE3FDC92571,classic_bike,2022-03-25 13:42:48,2022-03-25 13:44:16,W 35 St & Dyer Ave,6569,W 35 St & 9 Ave,6569,40.754691750226016,-73.99740189313889,40.75414519263519,-73.9960889518261,member
79290,85353B33080B5FD4,electric_bike,2022-03-23 10:06:15,2022-03-23 10:11:41,W 36 St & 9 Ave,6569,9 Ave & W 22 St,6266,40.75462324029105,-73.99516761302948,40.7454973,-74.00197139,member
79292,749BAB0B1705F88E,classic_bike,2022-03-26 10:22:34,2022-03-26 10:29:34,W 36 St & 9 Ave,6569,9 Ave & W 22 St,6266,40.75462324029105,-73.99516761302948,40.7454973,-74.00197139,member
79294,37333C58EA4EAAC4,classic_bike,2022-03-05 12:05:18,2022-03-05 12:17:11,W 36 St & 9 Ave,6569,W 15 St & 7 Ave,6030,40.75462324029105,-73.99516761302948,40.73935542,-73.99931783,member
79298,3AF01A7763DFB246,electric_bike,2022-03-01 16:16:47,2022-03-01 16:25:44,W 36 St & 9 Ave,6569,W 15 St & 7 Ave,6030,40.75462324029105,-73.99516761302948,40.73935542,-73.99931783,member
79327,28E38E496E44E858,classic_bike,2022-03-11 17:37:47,2022-03-11 17:55:44,E 17 St & Broadway,5980,W 35 St & 9 Ave,6569,40.73704984,-73.99009296,40.75414519263519,-73.9960889518261,member
79329,2DFC810D0AC19D2D,electric_bike,2022-03-10 08:59:27,2022-03-10 09:10:10,E 40 St & Park Ave,6432,W 35 St & 9 Ave,6569,40.750756,-73.978326,40.75414519263519,-73.9960889518261,member
79341,690D432425DB0F99,electric_bike,2022-03-25 08:01:56,2022-03-25 08:10:28,W 67 St & Broadway,7116,W 35 St & 9 Ave,6569,40.77492513,-73.98266566,40.75414519263519,-73.9960889518261,member
79342,BBFDEDF19B4AE9EB,electric_bike,2022-03-01 08:02:38,2022-03-01 08:21:04,W 107 St & Columbus Ave,7619,W 35 St & 9 Ave,6569,40.7997568,-73.9621128676,40.75414519263519,-73.9960889518261,member
79343,9D32870A5841656B,electric_bike,2022-03-18 07:44:46,2022-03-18 07:53:16,W 67 St & Broadway,7116,W 35 St & 9 Ave,6569,40.77492513,-73.98266566,40.75414519263519,-73.9960889518261,member
79356,72CA015B332DD15C,classic_bike,2022-03-22 10:57:41,2022-03-22 11:11:35,Barrow St & Hudson St,5805,W 35 St & 9 Ave,6569,40.73172428,-74.00674436,40.75414519263519,-73.9960889518261,member
79367,24D86481D3654B7C,classic_bike,2022-03-04 08:38:51,2022-03-04 08:43:12,6 Ave & W 33 St,6364,W 35 St & 9 Ave,6569,40.74901271,-73.98848395,40.75414519263519,-73.9960889518261,member
79371,1E587B57E38DFE9A,classic_bike,2022-03-20 12:33:17,2022-03-20 12:38:37,6 Ave & W 33 St,6364,W 35 St & 9 Ave,6569,40.74901271,-73.98848395,40.75414519263519,-73.9960889518261,member
79381,EECBA9C5F5D87CC3,classic_bike,2022-03-15 07:28:37,2022-03-15 07:33:15,6 Ave & W 33 St,6364,W 35 St & 9 Ave,6569,40.74901271,-73.98848395,40.75414519263519,-73.9960889518261,member
79387,314E92CD582B6886,electric_bike,2022-03-06 17:02:09,2022-03-06 17:31:07,W Broadway & Spring St,5569,W 35 St & 9 Ave,6569,40.72494672359416,-74.00165855884552,40.75414519263519,-73.9960889518261,casual
79400,8C5F5268D49B6125,classic_bike,2022-03-06 20:20:43,2022-03-06 20:33:13,W 15 St & 10 Ave,6115,W 35 St & Dyer Ave,6569,40.74275382865903,-74.00747358798981,40.754691750226016,-73.99740189313889,member
79413,359FDC09063ABD44,electric_bike,2022-03-09 20:19:12,2022-03-09 20:25:54,8 Ave & W 16 St,6072,W 35 St & Dyer Ave,6569,40.740983,-74.001702,40.754691750226016,-73.99740189313889,member
79414,E8D3987F0173F7ED,electric_bike,2022-03-31 17:38:46,2022-03-31 17:50:00,8 Ave & W 16 St,6072,W 35 St & Dyer Ave,6569,40.740983,-74.001702,40.754691750226016,-73.99740189313889,member
79416,5FBA1E7C78E7B572,classic_bike,2022-03-30 08:56:46,2022-03-30 08:58:08,W 37 St & 10 Ave,6611,W 35 St & Dyer Ave,6569,40.75660359,-73.9979009,40.754691750226016,-73.99740189313889,member
79420,6887F8EB2019DA07,classic_bike,2022-03-15 06:46:34,2022-03-15 06:54:29,Lexington Ave & E 36 St,6313,W 35 St & Dyer Ave,6569,40.7475739589548,-73.9788007736206,40.754691750226016,-73.99740189313889,member
79474,C20D33833D986686,classic_bike,2022-03-01 09:27:10,2022-03-01 09:33:53,8 Ave & W 49 St,6747,W 35 St & Dyer Ave,6569,40.76171227910671,-73.98655101656914,40.754691750226016,-73.99740189313889,member
79479,260627CFAB828A63,classic_bike,2022-03-02 17:58:59,2022-03-02 18:01:52,10 Ave & W 28 St,6459,W 35 St & Dyer Ave,6569,40.75066386,-74.00176802,40.754691750226016,-73.99740189313889,member
79495,348C37F0DC6F0A35,electric_bike,2022-03-22 17:29:07,2022-03-22 17:37:18,5 Ave & E 29 St,6248,W 35 St & Dyer Ave,6569,40.7451677,-73.98683077,40.754691750226016,-73.99740189313889,member
79499,2F103ABB26B47908,classic_bike,2022-03-08 22:01:31,2022-03-08 22:05:44,9 Ave & W 45 St,6717,W 35 St & Dyer Ave,6569,40.76019252,-73.9912551,40.754691750226016,-73.99740189313889,member
79555,20616FC62AC6BAC9,electric_bike,2022-03-31 08:21:27,2022-03-31 08:27:59,W 35 St & Dyer Ave,6569,Broadway & W 51 St,6779,40.754691750226016,-73.99740189313889,40.76228826,-73.98336183,member
79579,9D02B38F2B483E27,classic_bike,2022-03-31 22:13:32,2022-03-31 22:25:53,8 Ave & W 16 St,6072,W 35 St & Dyer Ave,6569,40.740983,-74.001702,40.754691750226016,-73.99740189313889,casual
79602,DE6E4DEF333A7DB3,classic_bike,2022-03-07 07:33:25,2022-03-07 07:41:02,E 40 St & 5 Ave,6474,W 35 St & Dyer Ave,6569,40.752062307,-73.9816324043,40.754691750226016,-73.99740189313889,member
79627,3709DEF08A47DAF4,classic_bike,2022-03-26 18:52:22,2022-03-26 19:01:46,W 36 St & 9 Ave,6569,Broadway & W 51 St,6779,40.75462324029105,-73.99516761302948,40.76228826,-73.98336183,member
79643,CC61A78A7C4EDB6B,classic_bike,2022-03-29 12:53:42,2022-03-29 12:55:38,W 35 St & Dyer Ave,6569,W 35 St & 9 Ave,6569,40.754691750226016,-73.99740189313889,40.75414519263519,-73.9960889518261,member
79644,39567695DB3FA7B2,electric_bike,2022-03-21 10:13:30,2022-03-21 10:14:14,W 35 St & Dyer Ave,6569,W 35 St & 9 Ave,6569,40.754691750226016,-73.99740189313889,40.75414519263519,-73.9960889518261,member
79651,ABEA74186DD6FF05,electric_bike,2022-03-01 09:37:45,2022-03-01 09:43:03,W 35 St & Dyer Ave,6569,9 Ave & W 22 St,6266,40.754691750226016,-73.99740189313889,40.7454973,-74.00197139,casual
79683,077482F3DA479E74,electric_bike,2022-03-25 17:16:04,2022-03-25 17:37:36,Washington Pl & 6 Ave,5838,W 35 St & Dyer Ave,6569,40.73224119,-74.00026394,40.754691750226016,-73.99740189313889,member
79689,CD0CA6D418DA060E,classic_bike,2022-03-20 17:02:26,2022-03-20 17:06:16,W 34 St & 11 Ave,6578,W 35 St & Dyer Ave,6569,40.75594159,-74.0021163,40.754691750226016,-73.99740189313889,member
79723,B59FED7A85FDF251,classic_bike,2022-03-17 08:24:25,2022-03-17 08:55:46,Pitt St & Stanton St,5406,W 35 St & Dyer Ave,6569,40.71926081,-73.98178024,40.754691750226016,-73.99740189313889,member
79724,A9914013E722364C,classic_bike,2022-03-10 08:19:30,2022-03-10 08:51:06,Pitt St & Stanton St,5406,W 35 St & Dyer Ave,6569,40.71926081,-73.98178024,40.754691750226016,-73.99740189313889,member
79740,775E7C40ECA32487,electric_bike,2022-03-28 08:21:01,2022-03-28 08:42:14,5 Ave & E 103 St,7511,W 35 St & Dyer Ave,6569,40.7922553,-73.95249933,40.754691750226016,-73.99740189313889,member
79749,4C3E93EC216F8D39,classic_bike,2022-03-26 17:10:01,2022-03-26 17:11:36,W 36 St & 9 Ave,6569,W 35 St & Dyer Ave,6569,40.75462324029105,-73.99516761302948,40.754691750226016,-73.99740189313889,member
79752,482ED55472872715,classic_bike,2022-03-25 22:45:38,2022-03-25 23:00:35,Broadway & W 51 St,6779,W 35 St & Dyer Ave,6569,40.76228826,-73.98336183,40.754691750226016,-73.99740189313889,member
79758,F09C149F4CEBB347,classic_bike,2022-03-10 00:06:11,2022-03-10 01:05:34,W 35 St & Dyer Ave,6569,W 35 St & Dyer Ave,6569,40.754691750226016,-73.99740189313889,40.754691750226016,-73.99740189313889,member
79778,BD79775D724F8DCE,classic_bike,2022-03-21 15:36:28,2022-03-21 15:44:01,6 Ave & W 45 St,6593,W 35 St & Dyer Ave,6569,40.756951,-73.982631,40.754691750226016,-73.99740189313889,casual
79785,E5A92B344550107C,classic_bike,2022-03-18 17:51:37,2022-03-18 17:55:39,8 Ave & W 38 St,6526,W 35 St & Dyer Ave,6569,40.75461,-73.99177,40.754691750226016,-73.99740189313889,member
79788,19FEDAD47B35566D,electric_bike,2022-03-24 11:05:13,2022-03-24 11:11:03,6 Ave & W 33 St,6364,W 35 St & Dyer Ave,6569,40.74901271,-73.98848395,40.754691750226016,-73.99740189313889,member
79791,00E926B2A1FCCA00,classic_bike,2022-03-18 09:20:53,2022-03-18 09:24:43,11 Ave & W 41 St,6726,W 35 St & Dyer Ave,6569,40.76030096,-73.99884222,40.754691750226016,-73.99740189313889,member
79797,380DDC27BB7F6941,electric_bike,2022-03-02 07:47:33,2022-03-02 07:53:19,8 Ave & W 49 St,6747,W 35 St & Dyer Ave,6569,40.76171227910671,-73.98655101656914,40.754691750226016,-73.99740189313889,member
80056,A8D6BEE207795591,electric_bike,2022-03-19 17:37:20,2022-03-19 17:51:21,Spring St & Hudson St,5653,W 35 St & Dyer Ave,6569,40.72583996792375,-74.0076532959938,40.754691750226016,-73.99740189313889,member
80272,B5AB3CDDC67947F7,classic_bike,2022-03-23 08:08:27,2022-03-23 08:37:42,E 95 St & 3 Ave,7365,W 35 St & Dyer Ave,6569,40.7849032,-73.950503,40.754691750226016,-73.99740189313889,member
80317,E1EEC966F69640B5,classic_bike,2022-03-22 17:36:18,2022-03-22 17:43:37,W 42 St & 6 Ave,6517,W 35 St & Dyer Ave,6569,40.75492,-73.98455,40.754691750226016,-73.99740189313889,member
80318,8C73C6354203F78A,electric_bike,2022-03-23 14:16:44,2022-03-23 14:24:11,W 42 St & 6 Ave,6517,W 35 St & Dyer Ave,6569,40.75492,-73.98455,40.754691750226016,-73.99740189313889,member
80319,F384C2465EDE80EC,electric_bike,2022-03-29 17:01:15,2022-03-29 17:07:23,W 42 St & 6 Ave,6517,W 35 St & Dyer Ave,6569,40.75492,-73.98455,40.754691750226016,-73.99740189313889,member
80320,011A1913F468D6D0,electric_bike,2022-03-16 17:47:45,2022-03-16 17:55:24,W 42 St & 6 Ave,6517,W 35 St & Dyer Ave,6569,40.75492,-73.98455,40.754691750226016,-73.99740189313889,member
80417,ABC96E042AF82147,electric_bike,2022-03-02 09:48:24,2022-03-02 09:59:12,W 13 St & 7 Ave,6030,W 35 St & 9 Ave,6569,40.73781509,-73.99994661,40.75414519263519,-73.9960889518261,member
80448,1A7747DDF1E7FC40,classic_bike,2022-03-07 08:43:20,2022-03-07 08:47:38,W 43 St & 10 Ave,6756,W 35 St & 9 Ave,6569,40.76009437,-73.99461843,40.75414519263519,-73.9960889518261,member
80684,DE8D2E30DC38C2C2,classic_bike,2022-03-26 09:10:47,2022-03-26 09:18:15,W 35 St & Dyer Ave,6569,W 20 St & 8 Ave,6224,40.754691750226016,-73.99740189313889,40.74345335,-74.00004031,member
81409,CE714B4482A7A92C,electric_bike,2022-03-14 07:10:40,2022-03-14 07:21:12,W 35 St & Dyer Ave,6569,E 50 St & Park Ave,6659,40.754691750226016,-73.99740189313889,40.757334,-73.974235,member
81787,881A64B6C753629B,electric_bike,2022-03-16 07:09:22,2022-03-16 07:18:59,W 35 St & Dyer Ave,6569,E 50 St & Park Ave,6659,40.754691750226016,-73.99740189313889,40.757334,-73.974235,member
81794,5922BD695D5F3C8D,electric_bike,2022-03-05 09:46:48,2022-03-05 09:55:50,W 35 St & Dyer Ave,6569,E 50 St & Park Ave,6659,40.754691750226016,-73.99740189313889,40.757334,-73.974235,member
81795,B4F7CE03C6AAEC05,electric_bike,2022-03-11 17:23:58,2022-03-11 17:35:48,W 35 St & Dyer Ave,6569,E 50 St & Park Ave,6659,40.754691750226016,-73.99740189313889,40.757334,-73.974235,member
82334,5233356E2448E31E,docked_bike,2022-03-25 14:36:05,2022-03-25 15:51:20,W 36 St & 9 Ave,6569,Stanton St & Chrystie St,5523,40.754623,-73.995168,40.722293,-73.991475,casual
82335,AE5FF156B0B5FC2B,docked_bike,2022-03-20 11:06:08,2022-03-20 11:44:59,W 36 St & 9 Ave,6569,Centre St & Chambers St,5207,40.754623,-73.995168,40.712733,-74.004607,casual
82972,B60BD088CED71DAB,electric_bike,2022-03-21 19:32:45,2022-03-21 19:47:58,W 35 St & Dyer Ave,6569,Watts St & Greenwich St,5578,40.754691750226016,-73.99740189313889,40.72405549,-74.00965965,member
83382,14B4F3E0DAA251C6,classic_bike,2022-03-03 17:24:21,2022-03-03 17:26:51,W 35 St & Dyer Ave,6569,8 Ave & W 33 St,6450,40.754691750226016,-73.99740189313889,40.751551,-73.993934,member
83383,DD37492EAAA0BD5E,classic_bike,2022-03-06 11:35:15,2022-03-06 11:37:31,W 35 St & Dyer Ave,6569,8 Ave & W 33 St,6450,40.754691750226016,-73.99740189313889,40.751551,-73.993934,member
83385,F7A0FB0955C33820,electric_bike,2022-03-19 00:50:00,2022-03-19 01:31:56,W 35 St & Dyer Ave,6569,8 Ave & W 33 St,6450,40.754691750226016,-73.99740189313889,40.751551,-73.993934,member
83386,9F68B6C530889B9B,classic_bike,2022-03-30 19:27:40,2022-03-30 19:30:43,W 36 St & 9 Ave,6569,8 Ave & W 33 St,6450,40.75462324029105,-73.99516761302948,40.751551,-73.993934,member
83556,E19D034019C70FB1,classic_bike,2022-03-22 18:38:52,2022-03-22 18:41:31,W 36 St & 9 Ave,6569,8 Ave & W 33 St,6450,40.75462324029105,-73.99516761302948,40.751551,-73.993934,member
83679,C2E7CD38888CBE03,classic_bike,2022-03-29 18:04:59,2022-03-29 18:31:28,W 36 St & 9 Ave,6569,Thompson St & Bleecker St,5721,40.75462324029105,-73.99516761302948,40.72840059450829,-73.99968780577183,casual
83686,35ACF3D6723987BF,classic_bike,2022-03-05 13:03:19,2022-03-05 13:05:57,W 35 St & Dyer Ave,6569,8 Ave & W 33 St,6450,40.754691750226016,-73.99740189313889,40.751551,-73.993934,member
83696,5AC469375A95F594,electric_bike,2022-03-16 09:27:29,2022-03-16 09:31:26,W 35 St & Dyer Ave,6569,8 Ave & W 33 St,6450,40.754691750226016,-73.99740189313889,40.751551,-73.993934,member
83838,51D4757792EA1CB2,classic_bike,2022-03-28 06:19:16,2022-03-28 06:42:39,W 36 St & 9 Ave,6569,Murray St & Greenwich St,5288,40.75462324029105,-73.99516761302948,40.71485150526252,-74.01122331619263,member
84346,989DBB641769CDBD,classic_bike,2022-03-04 07:01:24,2022-03-04 07:09:12,W 36 St & 9 Ave,6569,5 Ave & E 29 St,6248,40.75462324029105,-73.99516761302948,40.7451677,-73.98683077,casual
84356,DFA13FD69F5892D4,electric_bike,2022-03-05 12:35:10,2022-03-05 12:45:02,W 36 St & 9 Ave,6569,5 Ave & E 29 St,6248,40.75462324029105,-73.99516761302948,40.7451677,-73.98683077,casual
84357,1049379F2FA2A806,classic_bike,2022-03-04 21:31:44,2022-03-04 21:41:27,W 36 St & 9 Ave,6569,5 Ave & E 29 St,6248,40.75462324029105,-73.99516761302948,40.7451677,-73.98683077,casual
84361,BD4F6791B172E0FF,electric_bike,2022-03-07 10:50:07,2022-03-07 11:22:39,W 36 St & 9 Ave,6569,5 Ave & E 29 St,6248,40.75462324029105,-73.99516761302948,40.7451677,-73.98683077,casual
84363,0CBD7575D0B012A1,electric_bike,2022-03-10 15:20:33,2022-03-10 15:30:37,W 36 St & 9 Ave,6569,5 Ave & E 29 St,6248,40.75462324029105,-73.99516761302948,40.7451677,-73.98683077,member
84391,621C8D2E8C1472C9,classic_bike,2022-03-20 14:42:48,2022-03-20 15:06:09,W 36 St & 9 Ave,6569,Riverside Dr & W 72 St,7288,40.75462324029105,-73.99516761302948,40.78057799010334,-73.98562431335449,member
84496,EFB1FE0077A4915B,classic_bike,2022-03-04 21:32:02,2022-03-04 21:41:25,W 36 St & 9 Ave,6569,5 Ave & E 29 St,6248,40.75462324029105,-73.99516761302948,40.7451677,-73.98683077,casual
84498,AC34889938E46D5E,electric_bike,2022-03-24 15:41:51,2022-03-24 15:51:30,W 36 St & 9 Ave,6569,5 Ave & E 29 St,6248,40.75462324029105,-73.99516761302948,40.7451677,-73.98683077,member
85970,FB88506C5D9F1D17,classic_bike,2022-03-01 07:20:02,2022-03-01 07:24:45,W 36 St & 9 Ave,6569,W 29 St & 9 Ave,6416,40.75462324029105,-73.99516761302948,40.7500727,-73.99839279,member
86182,EF778997C42C3DE1,electric_bike,2022-03-12 21:16:51,2022-03-12 21:19:33,W 35 St & Dyer Ave,6569,W 29 St & 9 Ave,6416,40.754691750226016,-73.99740189313889,40.7500727,-73.99839279,member
86195,56CED382B4446EE4,electric_bike,2022-03-06 19:06:04,2022-03-06 19:08:10,W 35 St & Dyer Ave,6569,W 29 St & 9 Ave,6416,40.754691750226016,-73.99740189313889,40.7500727,-73.99839279,member
86238,CD5BE04E19A6896D,electric_bike,2022-03-21 20:36:37,2022-03-21 20:41:18,W 35 St & Dyer Ave,6569,W 29 St & 9 Ave,6416,40.754691750226016,-73.99740189313889,40.7500727,-73.99839279,member
86239,20CDF6FF29BDDE05,classic_bike,2022-03-22 18:10:00,2022-03-22 18:13:01,W 35 St & Dyer Ave,6569,W 29 St & 9 Ave,6416,40.754691750226016,-73.99740189313889,40.7500727,-73.99839279,member
86280,1753D29698FF7045,electric_bike,2022-03-14 18:27:12,2022-03-14 18:30:56,W 35 St & Dyer Ave,6569,W 29 St & 9 Ave,6416,40.754691750226016,-73.99740189313889,40.7500727,-73.99839279,member
86538,3CB70AD563A8E420,electric_bike,2022-03-07 16:25:54,2022-03-07 16:29:51,W 36 St & 9 Ave,6569,W 29 St & 9 Ave,6416,40.75462324029105,-73.99516761302948,40.7500727,-73.99839279,member
86542,78C923657A9F5929,classic_bike,2022-03-31 19:40:42,2022-03-31 19:51:48,W 35 St & Dyer Ave,6569,W 29 St & 9 Ave,6416,40.754691750226016,-73.99740189313889,40.7500727,-73.99839279,member
86580,E2E2F7F02BA65BA6,classic_bike,2022-03-14 18:27:33,2022-03-14 18:34:58,W 35 St & Dyer Ave,6569,W 29 St & 9 Ave,6416,40.754691750226016,-73.99740189313889,40.7500727,-73.99839279,member
86582,97BFE4DDBB98C9EA,classic_bike,2022-03-01 11:21:25,2022-03-01 11:24:51,W 35 St & Dyer Ave,6569,W 29 St & 9 Ave,6416,40.754691750226016,-73.99740189313889,40.7500727,-73.99839279,member
86605,947B88FB35B8E986,electric_bike,2022-03-01 14:02:38,2022-03-01 14:05:34,W 35 St & Dyer Ave,6569,W 29 St & 9 Ave,6416,40.754691750226016,-73.99740189313889,40.7500727,-73.99839279,member
86908,D9748755C37A6CA5,classic_bike,2022-03-25 09:57:59,2022-03-25 10:00:59,W 36 St & 9 Ave,6569,W 29 St & 9 Ave,6416,40.75462324029105,-73.99516761302948,40.7500727,-73.99839279,member
86910,61B58294E22F36DE,electric_bike,2022-03-08 18:47:29,2022-03-08 18:50:45,W 36 St & 9 Ave,6569,W 29 St & 9 Ave,6416,40.75462324029105,-73.99516761302948,40.7500727,-73.99839279,member
86911,702FD3D7EB569C84,classic_bike,2022-03-28 18:04:39,2022-03-28 18:06:43,W 36 St & 9 Ave,6569,W 29 St & 9 Ave,6416,40.75462324029105,-73.99516761302948,40.7500727,-73.99839279,member
87557,271E5C82C5D8B4FC,electric_bike,2022-03-30 18:58:36,2022-03-30 19:17:18,W 36 St & 9 Ave,6569,Central Park W & W 91 St,7453,40.75462324029105,-73.99516761302948,40.78866499127884,-73.96680057048798,member
87558,D030FDAA17D88018,electric_bike,2022-03-28 19:14:23,2022-03-28 19:29:46,W 36 St & 9 Ave,6569,Central Park W & W 91 St,7453,40.75462324029105,-73.99516761302948,40.78866499127884,-73.96680057048798,member
87701,6BA71F37454B300B,electric_bike,2022-03-15 11:44:05,2022-03-15 12:11:47,W 35 St & Dyer Ave,6569,E 91 St & 2 Ave,7286,40.754691750226016,-73.99740189313889,40.78115276427916,-73.94963040947914,member
87703,F440989EE5390DDD,classic_bike,2022-03-31 19:49:02,2022-03-31 19:53:35,W 35 St & Dyer Ave,6569,W 29 St & 9 Ave,6416,40.754691750226016,-73.99740189313889,40.7500727,-73.99839279,member
88159,7F6D89EC6ADFAE85,electric_bike,2022-03-01 18:25:47,2022-03-01 18:42:54,W 36 St & 9 Ave,6569,Central Park W & W 91 St,7453,40.75462324029105,-73.99516761302948,40.78866499127884,-73.96680057048798,member
88940,383ACDBA7EA9AC00,electric_bike,2022-03-14 08:48:01,2022-03-14 08:57:17,W 35 St & Dyer Ave,6569,W 52 St & 6 Ave,6740,40.754691750226016,-73.99740189313889,40.76132983124814,-73.97982001304626,member
89221,A20702A4FE4359C1,electric_bike,2022-03-03 13:34:02,2022-03-03 13:41:17,W 36 St & 9 Ave,6569,6 Ave & W 33 St,6364,40.75462324029105,-73.99516761302948,40.74901271,-73.98848395,member
89382,884C85A4DE19429B,classic_bike,2022-03-17 02:39:58,2022-03-17 02:46:55,W 36 St & 9 Ave,6569,6 Ave & W 33 St,6364,40.75462324029105,-73.99516761302948,40.74901271,-73.98848395,casual
90882,8F6E030F396CA0C0,electric_bike,2022-03-19 13:56:58,2022-03-19 14:02:02,W 36 St & 9 Ave,6569,W 22 St & 10 Ave,6306,40.75462324029105,-73.99516761302948,40.74691959,-74.00451887,member
90884,C1C9FC3BF33EFA02,electric_bike,2022-03-28 06:34:49,2022-03-28 06:39:32,W 36 St & 9 Ave,6569,W 26 St & 8 Ave,6297,40.75462324029105,-73.99516761302948,40.74734825,-73.99723551,member
90885,4F1C13BA6B082F52,classic_bike,2022-03-05 16:00:25,2022-03-05 16:06:27,W 36 St & 9 Ave,6569,W 26 St & 8 Ave,6297,40.75462324029105,-73.99516761302948,40.74734825,-73.99723551,member
90889,8B05EC03284FE0FE,classic_bike,2022-03-22 17:48:58,2022-03-22 17:57:16,W 36 St & 9 Ave,6569,W 22 St & 10 Ave,6306,40.75462324029105,-73.99516761302948,40.74691959,-74.00451887,member
90892,24A0531674059780,classic_bike,2022-03-18 08:06:40,2022-03-18 08:12:40,W 36 St & 9 Ave,6569,W 22 St & 10 Ave,6306,40.75462324029105,-73.99516761302948,40.74691959,-74.00451887,member
90918,8B74512BBD22DE37,electric_bike,2022-03-05 17:18:47,2022-03-05 17:24:24,W 35 St & Dyer Ave,6569,W 26 St & 8 Ave,6297,40.754691750226016,-73.99740189313889,40.74734825,-73.99723551,casual
91371,843DB4AF052FE4EB,classic_bike,2022-03-23 14:05:13,2022-03-23 14:16:15,W 35 St & Dyer Ave,6569,W 22 St & 10 Ave,6306,40.754691750226016,-73.99740189313889,40.74691959,-74.00451887,member
91886,54743EFBA98C3086,electric_bike,2022-03-11 08:36:37,2022-03-11 08:43:00,W 36 St & 9 Ave,6569,W 53 St & 10 Ave,6890,40.75462324029105,-73.99516761302948,40.76669671,-73.99061728,casual
91887,29B1B0C19493ACBE,classic_bike,2022-03-17 19:52:42,2022-03-17 20:29:48,W 36 St & 9 Ave,6569,West St & Liberty St,5184,40.75462324029105,-73.99516761302948,40.711444,-74.014847,casual
91888,C05FB1E85BFE295F,electric_bike,2022-03-06 22:01:34,2022-03-06 22:52:40,W 36 St & 9 Ave,6569,W 67 St & Broadway,7116,40.75462324029105,-73.99516761302948,40.77492513,-73.98266566,casual
91932,8A7858F3BEF98B75,electric_bike,2022-03-31 17:55:58,2022-03-31 18:19:30,W 35 St & Dyer Ave,6569,West St & Liberty St,5184,40.754691750226016,-73.99740189313889,40.711444,-74.014847,member
92314,1BF600C138CC8E8D,electric_bike,2022-03-17 08:35:00,2022-03-17 08:40:53,W 35 St & Dyer Ave,6569,W 53 St & 10 Ave,6890,40.754691750226016,-73.99740189313889,40.76669671,-73.99061728,member
92343,03AF19BC9F51B47E,electric_bike,2022-03-08 16:26:00,2022-03-08 16:33:40,W 35 St & Dyer Ave,6569,E 32 St & Park Ave,6280,40.754691750226016,-73.99740189313889,40.7457121,-73.98194829,member
92344,4D50112684AC1360,classic_bike,2022-03-25 16:54:07,2022-03-25 17:02:13,W 35 St & Dyer Ave,6569,E 32 St & Park Ave,6280,40.754691750226016,-73.99740189313889,40.7457121,-73.98194829,member
92355,91E601642312BF57,electric_bike,2022-03-23 18:58:22,2022-03-23 19:35:33,W 35 St & Dyer Ave,6569,Pearl St & Peck Slip,5096,40.754691750226016,-73.99740189313889,40.708485,-74.002751,member
93256,32CB4A1BA862255C,classic_bike,2022-03-06 17:54:02,2022-03-06 18:08:59,W 36 St & 9 Ave,6569,Broadway & E 21 St,6098,40.75462324029105,-73.99516761302948,40.73988840858996,-73.98958593606949,member
93259,69CAF5C976AF4058,classic_bike,2022-03-22 10:15:02,2022-03-22 11:12:39,W 36 St & 9 Ave,6569,Central Park S & 6 Ave,6876,40.75462324029105,-73.99516761302948,40.76590936,-73.97634151,casual
93573,7F1CBF545D943F32,electric_bike,2022-03-28 19:22:47,2022-03-28 19:24:54,W 36 St & 9 Ave,6569,W 34 St &\tHudson Blvd E,6535,40.75462324029105,-73.99516761302948,40.75516719072139,-74.00059908628464,member
93578,C096FF87F246B5CF,classic_bike,2022-03-07 06:57:26,2022-03-07 07:00:06,W 36 St & 9 Ave,6569,W 34 St &\tHudson Blvd E,6535,40.75462324029105,-73.99516761302948,40.75516719072139,-74.00059908628464,member
93587,413DA4AC19F02831,classic_bike,2022-03-11 17:06:26,2022-03-11 17:10:16,W 36 St & 9 Ave,6569,W 34 St &\tHudson Blvd E,6535,40.75462324029105,-73.99516761302948,40.75516719072139,-74.00059908628464,member
93757,BCC9E019224657AC,electric_bike,2022-03-30 08:18:44,2022-03-30 08:21:09,W 36 St & 9 Ave,6569,W 34 St &\tHudson Blvd E,6535,40.75462324029105,-73.99516761302948,40.75516719072139,-74.00059908628464,member
93760,1CDE3A44AEAE4F14,classic_bike,2022-03-07 17:48:14,2022-03-07 17:51:36,W 36 St & 9 Ave,6569,W 34 St &\tHudson Blvd E,6535,40.75462324029105,-73.99516761302948,40.75516719072139,-74.00059908628464,member
93768,9E5E299B5E6092B7,electric_bike,2022-03-21 19:20:06,2022-03-21 19:23:14,W 36 St & 9 Ave,6569,W 34 St &\tHudson Blvd E,6535,40.75462324029105,-73.99516761302948,40.75516719072139,-74.00059908628464,member
93794,E59AAEEAD3D16878,electric_bike,2022-03-03 18:30:00,2022-03-03 18:32:30,W 36 St & 9 Ave,6569,W 34 St &\tHudson Blvd E,6535,40.75462324029105,-73.99516761302948,40.75516719072139,-74.00059908628464,member
93820,AD694162A0C10098,electric_bike,2022-03-15 07:27:38,2022-03-15 07:30:28,W 36 St & 9 Ave,6569,W 34 St &\tHudson Blvd E,6535,40.75462324029105,-73.99516761302948,40.75516719072139,-74.00059908628464,member
93821,B0AA70C0EF7DC58B,classic_bike,2022-03-14 18:51:15,2022-03-14 18:56:48,W 36 St & 9 Ave,6569,W 34 St &\tHudson Blvd E,6535,40.75462324029105,-73.99516761302948,40.75516719072139,-74.00059908628464,member
94562,0C51F37984F8A8C5,classic_bike,2022-03-26 19:43:24,2022-03-26 19:48:03,W 35 St & 9 Ave,6569,W 34 St &\tHudson Blvd E,6535,40.75414519263519,-73.9960889518261,40.75516719072139,-74.00059908628464,member
100612,9DD7664B73332721,electric_bike,2022-03-01 14:42:44,2022-03-01 14:53:01,W 35 St & Dyer Ave,6569,E 47 St & Park Ave,6584,40.754691750226016,-73.99740189313889,40.75510267,-73.97498696,casual
100640,7A978DF0BECDC3F0,classic_bike,2022-03-15 09:59:16,2022-03-15 10:16:22,W 36 St & 9 Ave,6569,E 27 St & 1 Ave,6004,40.75462324029105,-73.99516761302948,40.739445,-73.976806,member
100643,0783ADD720482797,classic_bike,2022-03-30 08:27:31,2022-03-30 09:02:58,W 36 St & 9 Ave,6569,Cliff St & Fulton St,5065,40.75462324029105,-73.99516761302948,40.70838,-74.00495,member
100666,41F15CE8DA4E174F,electric_bike,2022-03-30 06:50:51,2022-03-30 07:02:41,W 36 St & 9 Ave,6569,E 27 St & 1 Ave,6004,40.75462324029105,-73.99516761302948,40.739445,-73.976806,member
103315,CB548F80CA55CB73,classic_bike,2022-03-06 09:46:39,2022-03-06 09:54:18,W 36 St & 9 Ave,6569,Lexington Ave & E 29 St,6164,40.75462324029105,-73.99516761302948,40.74311555376486,-73.98215353488922,member
104712,39757B75B58B1D75,classic_bike,2022-03-15 09:10:56,2022-03-15 21:22:36,W 35 St & Dyer Ave,6569,Lexington Ave & E 29 St,6164,40.754691750226016,-73.99740189313889,40.74311555376486,-73.98215353488922,member
104965,1DE3A2254D0FEE0B,electric_bike,2022-03-31 18:22:07,2022-03-31 18:35:56,W 35 St & Dyer Ave,6569,E 5 St & Cooper Sq,5712,40.754691750226016,-73.99740189313889,40.72769,-73.990993,member
105477,A0A7E9ABDCEDED3C,electric_bike,2022-03-31 20:38:07,2022-03-31 20:57:47,W 35 St & Dyer Ave,6569,E 84 St & Park Ave,7243,40.754691750226016,-73.99740189313889,40.77862688,-73.95772073,member
107485,4D0E21C6287AA016,classic_bike,2022-03-19 21:34:21,2022-03-19 21:45:00,W 36 St & 9 Ave,6569,W 12 St & Hudson St,5997,40.75462324029105,-73.99516761302948,40.73752993301071,-74.00558933615685,member
107491,068E6C9DC324D0B6,classic_bike,2022-03-09 16:11:33,2022-03-09 16:18:48,W 36 St & 9 Ave,6569,E 41 St & Madison Ave (SE corner),6432,40.75462324029105,-73.99516761302948,40.752049,-73.979635,member
107510,9DF7AA9332EF7BF6,classic_bike,2022-03-26 14:20:24,2022-03-26 14:55:44,W 36 St & 9 Ave,6569,W 15 St & 6 Ave,5989,40.75462324029105,-73.99516761302948,40.738046142482766,-73.99642959237099,member
107511,0ED72621476E9116,docked_bike,2022-03-16 17:25:38,2022-03-16 17:41:13,W 36 St & 9 Ave,6569,W 12 St & Hudson St,5997,40.754623,-73.995168,40.73753,-74.005589,casual
107513,A35970FB23F24849,electric_bike,2022-03-23 17:06:09,2022-03-23 17:14:45,W 36 St & 9 Ave,6569,Bank St & Washington St,5964,40.75462324029105,-73.99516761302948,40.7361967,-74.00859207,member
107746,4E1A166AD7984F02,classic_bike,2022-03-31 10:27:15,2022-03-31 10:41:02,W 35 St & Dyer Ave,6569,W 15 St & 6 Ave,5989,40.754691750226016,-73.99740189313889,40.738046142482766,-73.99642959237099,member
107771,E5D2C30F04C0986A,classic_bike,2022-03-22 08:20:02,2022-03-22 08:29:52,W 35 St & Dyer Ave,6569,W 12 St & Hudson St,5997,40.754691750226016,-73.99740189313889,40.73752993301071,-74.00558933615685,member
108508,06923B84482651FE,classic_bike,2022-03-23 11:33:24,2022-03-23 11:52:13,W 36 St & 9 Ave,6569,W 12 St & Hudson St,5997,40.75462324029105,-73.99516761302948,40.73752993301071,-74.00558933615685,casual
108609,4CE67DA79A84636F,classic_bike,2022-03-18 13:32:11,2022-03-18 13:41:19,W 35 St & Dyer Ave,6569,W 37 St & 5 Ave,6398,40.754691750226016,-73.99740189313889,40.75038009,-73.98338988,member
108750,C4FE3CA8C1365187,classic_bike,2022-03-12 03:56:30,2022-03-12 04:15:30,W 36 St & 9 Ave,6569,W 37 St & 5 Ave,6398,40.75462324029105,-73.99516761302948,40.75038009,-73.98338988,member
110831,266B3D1B2EAB18D8,electric_bike,2022-03-06 08:21:18,2022-03-06 08:47:51,W 36 St & 9 Ave,6569,Carmine St & 6 Ave,5763,40.75462324029105,-73.99516761302948,40.73038599,-74.00214988,casual
111427,AD4C7872874AD667,classic_bike,2022-03-26 21:06:50,2022-03-26 21:16:33,W 35 St & Dyer Ave,6569,W 30 St & 10 Ave,6459,40.754691750226016,-73.99740189313889,40.752694,-74.002353,member
111599,E264254B188D0F9E,electric_bike,2022-03-23 16:10:04,2022-03-23 16:20:16,W 36 St & 9 Ave,6569,W 63 St & Broadway,7052,40.75462324029105,-73.99516761302948,40.77163851,-73.98261428,member
111607,C648C5C7BC332BA0,classic_bike,2022-03-19 03:48:57,2022-03-19 04:04:33,W 36 St & 9 Ave,6569,W 30 St & 10 Ave,6459,40.75462324029105,-73.99516761302948,40.752694,-74.002353,member
111628,787555E0924C13E7,electric_bike,2022-03-18 23:44:29,2022-03-18 23:49:03,W 36 St & 9 Ave,6569,W 30 St & 10 Ave,6459,40.75462324029105,-73.99516761302948,40.752694,-74.002353,member
111629,8794AB5778F80BA4,electric_bike,2022-03-17 21:17:24,2022-03-17 21:27:18,W 36 St & 9 Ave,6569,Carmine St & 6 Ave,5763,40.75462324029105,-73.99516761302948,40.73038599,-74.00214988,member
111630,6A9BEE01AE7FFFFB,electric_bike,2022-03-16 06:09:00,2022-03-16 06:16:41,W 36 St & 9 Ave,6569,W 63 St & Broadway,7052,40.75462324029105,-73.99516761302948,40.77163851,-73.98261428,casual
111925,51AA83EE7CF394FE,electric_bike,2022-03-18 17:56:59,2022-03-18 17:57:32,W 36 St & 9 Ave,6569,W 36 St & 9 Ave,6569,40.75462324029105,-73.99516761302948,40.75462324029105,-73.99516761302948,member
111928,8A45EFFACAE2056F,classic_bike,2022-03-08 19:29:18,2022-03-08 19:38:12,Broadway & W 29 St,6289,W 36 St & 9 Ave,6569,40.7462009,-73.98855723,40.75462324029105,-73.99516761302948,member
111937,E479E598B4D596ED,electric_bike,2022-03-24 08:23:25,2022-03-24 08:25:05,W 36 St & 9 Ave,6569,W 36 St & 9 Ave,6569,40.75462324029105,-73.99516761302948,40.75462324029105,-73.99516761302948,casual
111939,7C324B2E5701AF08,classic_bike,2022-03-15 22:22:50,2022-03-15 23:24:35,W 36 St & 9 Ave,6569,W 36 St & 9 Ave,6569,40.75462324029105,-73.99516761302948,40.75462324029105,-73.99516761302948,casual
111942,77C99AFAD7658B39,classic_bike,2022-03-25 09:29:28,2022-03-25 09:30:33,W 36 St & 9 Ave,6569,W 36 St & 9 Ave,6569,40.75462324029105,-73.99516761302948,40.75462324029105,-73.99516761302948,member
111943,3B91BF0E5FE675F8,classic_bike,2022-03-30 11:39:22,2022-03-30 11:39:30,W 36 St & 9 Ave,6569,W 36 St & 9 Ave,6569,40.75462324029105,-73.99516761302948,40.75462324029105,-73.99516761302948,member
111945,29A9EA3E04D19CD3,electric_bike,2022-03-01 14:57:29,2022-03-01 14:57:48,W 36 St & 9 Ave,6569,W 36 St & 9 Ave,6569,40.75462324029105,-73.99516761302948,40.75462324029105,-73.99516761302948,member
111946,D016CD257F4B7F0E,electric_bike,2022-03-01 14:58:18,2022-03-01 14:58:34,W 36 St & 9 Ave,6569,W 36 St & 9 Ave,6569,40.75462324029105,-73.99516761302948,40.75462324029105,-73.99516761302948,member
111950,ECE9E1692CED8DA2,electric_bike,2022-03-29 12:00:56,2022-03-29 12:23:46,W 36 St & 9 Ave,6569,W 36 St & 9 Ave,6569,40.75462324029105,-73.99516761302948,40.75462324029105,-73.99516761302948,casual
111967,FE13DB625B987B4B,electric_bike,2022-03-13 15:34:47,2022-03-13 15:36:31,W 36 St & 9 Ave,6569,W 36 St & 9 Ave,6569,40.75462324029105,-73.99516761302948,40.75462324029105,-73.99516761302948,casual
111969,AA28608AA2C33E24,electric_bike,2022-03-14 17:49:14,2022-03-14 17:51:10,W 36 St & 9 Ave,6569,W 36 St & 9 Ave,6569,40.75462324029105,-73.99516761302948,40.75462324029105,-73.99516761302948,casual
111989,BC7BA3D74395F34C,electric_bike,2022-03-16 23:40:54,2022-03-16 23:42:17,W 36 St & 9 Ave,6569,W 36 St & 9 Ave,6569,40.75462324029105,-73.99516761302948,40.75462324029105,-73.99516761302948,member
112021,6E25BAAAA7E56839,electric_bike,2022-03-25 16:20:55,2022-03-25 16:43:59,5 Ave & E 103 St,7511,W 36 St & 9 Ave,6569,40.7922553,-73.95249933,40.75462324029105,-73.99516761302948,member
112034,934732A793A4365E,electric_bike,2022-03-09 07:05:42,2022-03-09 07:09:44,W 50 St & 9 Ave,6854,W 36 St & 9 Ave,6569,40.76360467795863,-73.98917958140373,40.75462324029105,-73.99516761302948,member
112035,0DBE37F2FBE1DD69,classic_bike,2022-03-23 07:41:12,2022-03-23 07:46:19,W 50 St & 9 Ave,6854,W 36 St & 9 Ave,6569,40.76360467795863,-73.98917958140373,40.75462324029105,-73.99516761302948,member
112036,01259EBC8595BE3A,electric_bike,2022-03-06 09:39:37,2022-03-06 09:43:29,W 50 St & 9 Ave,6854,W 36 St & 9 Ave,6569,40.76360467795863,-73.98917958140373,40.75462324029105,-73.99516761302948,member
112037,77DDF4CF7B70F51B,classic_bike,2022-03-10 09:34:27,2022-03-10 09:41:51,W 50 St & 9 Ave,6854,W 36 St & 9 Ave,6569,40.76360467795863,-73.98917958140373,40.75462324029105,-73.99516761302948,member
112039,85DD6D830FC5E2CD,electric_bike,2022-03-22 16:52:47,2022-03-22 16:57:36,8 Ave & W 49 St,6747,W 36 St & 9 Ave,6569,40.76171227910671,-73.98655101656914,40.75462324029105,-73.99516761302948,member
112041,D14735E391FDC71C,classic_bike,2022-03-05 17:03:46,2022-03-05 17:31:46,5 Ave & E 78 St,7161,W 36 St & 9 Ave,6569,40.77632142182271,-73.96427392959595,40.75462324029105,-73.99516761302948,member
112043,3F9CA4481BE7FDBA,classic_bike,2022-03-06 01:48:38,2022-03-06 01:53:03,W 37 St & Broadway,6441,W 36 St & 9 Ave,6569,40.75227093837409,-73.98770570755005,40.75462324029105,-73.99516761302948,member
112050,691B8BEC2F5AB21D,electric_bike,2022-03-25 08:04:58,2022-03-25 08:09:52,W 50 St & 9 Ave,6854,W 36 St & 9 Ave,6569,40.76360467795863,-73.98917958140373,40.75462324029105,-73.99516761302948,member
112051,80904CBE8AEFA090,electric_bike,2022-03-11 06:33:52,2022-03-11 06:38:28,W 50 St & 9 Ave,6854,W 36 St & 9 Ave,6569,40.76360467795863,-73.98917958140373,40.75462324029105,-73.99516761302948,member
112057,D20786D691BCC4BB,classic_bike,2022-03-31 19:45:36,2022-03-31 19:50:17,Broadway & W 36 St,6441,W 36 St & 9 Ave,6569,40.75097711,-73.98765428,40.75462324029105,-73.99516761302948,member
112062,9EAE45376DF4E1F4,classic_bike,2022-03-05 17:05:43,2022-03-05 17:31:53,5 Ave & E 78 St,7161,W 36 St & 9 Ave,6569,40.77632142182271,-73.96427392959595,40.75462324029105,-73.99516761302948,member
112063,79528C1DFFA81DDC,electric_bike,2022-03-07 06:05:26,2022-03-07 08:12:38,3 Ave & E 72 St,7028,W 36 St & 9 Ave,6569,40.7699426,-73.96060712,40.75462324029105,-73.99516761302948,member
112071,27C293F13859AE93,electric_bike,2022-03-08 20:14:29,2022-03-08 20:20:25,W 50 St & 9 Ave,6854,W 36 St & 9 Ave,6569,40.76360467795863,-73.98917958140373,40.75462324029105,-73.99516761302948,casual
112072,C89BEB73204788A8,electric_bike,2022-03-14 13:43:25,2022-03-14 13:50:39,E 40 St & 5 Ave,6474,W 36 St & 9 Ave,6569,40.752062307,-73.9816324043,40.75462324029105,-73.99516761302948,member
112078,07AABC77F0B3C89D,classic_bike,2022-03-17 19:20:59,2022-03-17 19:25:42,Broadway & W 36 St,6441,W 36 St & 9 Ave,6569,40.75097711,-73.98765428,40.75462324029105,-73.99516761302948,member
112085,50D410A860688B02,electric_bike,2022-03-20 01:37:02,2022-03-20 01:40:16,Broadway & W 36 St,6441,W 36 St & 9 Ave,6569,40.75097711,-73.98765428,40.75462324029105,-73.99516761302948,member
112088,011CD867E3867F66,classic_bike,2022-03-15 09:31:05,2022-03-15 09:36:34,W 50 St & 9 Ave,6854,W 36 St & 9 Ave,6569,40.76360467795863,-73.98917958140373,40.75462324029105,-73.99516761302948,member
112089,D86FF2C52F52BEF8,classic_bike,2022-03-02 10:58:30,2022-03-02 11:01:52,W 50 St & 9 Ave,6854,W 36 St & 9 Ave,6569,40.76360467795863,-73.98917958140373,40.75462324029105,-73.99516761302948,member
112090,AE9BE64A49BA147C,electric_bike,2022-03-26 10:23:36,2022-03-26 10:47:14,W 84 St & Columbus Ave,7382,W 36 St & 9 Ave,6569,40.78499979,-73.97283406,40.75462324029105,-73.99516761302948,member
112093,241721B875ECD107,electric_bike,2022-03-18 07:12:47,2022-03-18 07:17:00,W 50 St & 9 Ave,6854,W 36 St & 9 Ave,6569,40.76360467795863,-73.98917958140373,40.75462324029105,-73.99516761302948,member
112097,C2DDCB5D4D82D434,classic_bike,2022-03-27 05:11:32,2022-03-27 05:16:00,W 50 St & 9 Ave,6854,W 36 St & 9 Ave,6569,40.76360467795863,-73.98917958140373,40.75462324029105,-73.99516761302948,member
112099,2B37AAF96C6FECD5,classic_bike,2022-03-15 17:16:38,2022-03-15 17:23:20,W 50 St & 9 Ave,6854,W 36 St & 9 Ave,6569,40.76360467795863,-73.98917958140373,40.75462324029105,-73.99516761302948,member
112100,B924FDCAD9DE7278,electric_bike,2022-03-07 19:25:54,2022-03-07 19:30:35,W 50 St & 9 Ave,6854,W 36 St & 9 Ave,6569,40.76360467795863,-73.98917958140373,40.75462324029105,-73.99516761302948,casual
112118,C31DDF0A78F7068A,classic_bike,2022-03-26 10:05:34,2022-03-26 10:10:06,W 47 St & 10 Ave,6824,W 36 St & 9 Ave,6569,40.76269882,-73.99301222,40.75462324029105,-73.99516761302948,member
112121,428C38BE15F45E51,electric_bike,2022-03-09 18:22:59,2022-03-09 18:28:19,W 47 St & 10 Ave,6824,W 36 St & 9 Ave,6569,40.76269882,-73.99301222,40.75462324029105,-73.99516761302948,member
112124,2E4A41D0244C2E53,electric_bike,2022-03-15 07:07:04,2022-03-15 07:13:29,W 47 St & 10 Ave,6824,W 36 St & 9 Ave,6569,40.76269882,-73.99301222,40.75462324029105,-73.99516761302948,member
112126,B17613D69BACF68F,classic_bike,2022-03-15 13:44:24,2022-03-15 13:49:57,W 47 St & 10 Ave,6824,W 36 St & 9 Ave,6569,40.76269882,-73.99301222,40.75462324029105,-73.99516761302948,member
112129,A01B15EB7FBB3E83,classic_bike,2022-03-22 17:19:43,2022-03-22 17:25:36,W 47 St & 10 Ave,6824,W 36 St & 9 Ave,6569,40.76269882,-73.99301222,40.75462324029105,-73.99516761302948,member
112130,AD0497EE7525919B,classic_bike,2022-03-21 17:16:54,2022-03-21 17:22:46,W 47 St & 10 Ave,6824,W 36 St & 9 Ave,6569,40.76269882,-73.99301222,40.75462324029105,-73.99516761302948,member
112131,67EFB7550813716D,classic_bike,2022-03-11 17:31:35,2022-03-11 17:42:10,12 Ave & W 40 St,6765,W 36 St & 9 Ave,6569,40.76087502,-74.00277668,40.75462324029105,-73.99516761302948,casual
112135,A287CA1AA2743787,electric_bike,2022-03-23 19:20:03,2022-03-23 19:24:55,W 47 St & 10 Ave,6824,W 36 St & 9 Ave,6569,40.76269882,-73.99301222,40.75462324029105,-73.99516761302948,member
112136,23B978E86189FC8D,classic_bike,2022-03-30 22:09:41,2022-03-30 22:16:23,W 47 St & 10 Ave,6824,W 36 St & 9 Ave,6569,40.76269882,-73.99301222,40.75462324029105,-73.99516761302948,member
112137,AB061600B49C5EE1,classic_bike,2022-03-26 19:02:47,2022-03-26 19:18:47,12 Ave & W 40 St,6765,W 36 St & 9 Ave,6569,40.76087502,-74.00277668,40.75462324029105,-73.99516761302948,member
112155,EA3F596D527F2914,electric_bike,2022-03-31 18:58:33,2022-03-31 19:05:51,E 40 St & Park Ave,6432,W 36 St & 9 Ave,6569,40.750756,-73.978326,40.75462324029105,-73.99516761302948,member
112156,1116BFA99D2A3551,electric_bike,2022-03-04 19:50:14,2022-03-04 19:58:09,E 40 St & Park Ave,6432,W 36 St & 9 Ave,6569,40.750756,-73.978326,40.75462324029105,-73.99516761302948,member
112157,443388E07ACCD347,electric_bike,2022-03-20 16:15:24,2022-03-20 16:24:20,Greenwich Ave & Charles St,5914,W 36 St & 9 Ave,6569,40.735238,-74.000271,40.75462324029105,-73.99516761302948,member
112163,D83BCAE0C20C0485,classic_bike,2022-03-23 11:34:37,2022-03-23 11:48:05,E 40 St & Park Ave,6432,W 36 St & 9 Ave,6569,40.750756,-73.978326,40.75462324029105,-73.99516761302948,member
112166,485ABF18E62CE94B,electric_bike,2022-03-30 19:06:59,2022-03-30 19:14:45,E 40 St & Park Ave,6432,W 36 St & 9 Ave,6569,40.750756,-73.978326,40.75462324029105,-73.99516761302948,member
112170,66663041A124FFC2,classic_bike,2022-03-10 09:25:19,2022-03-10 09:35:41,E 40 St & Park Ave,6432,W 36 St & 9 Ave,6569,40.750756,-73.978326,40.75462324029105,-73.99516761302948,member
112174,47F8E4D4311B24A3,electric_bike,2022-03-06 06:26:20,2022-03-06 06:32:06,E 40 St & Park Ave,6432,W 36 St & 9 Ave,6569,40.750756,-73.978326,40.75462324029105,-73.99516761302948,member
112175,9D824BF0AD694B47,electric_bike,2022-03-17 04:58:21,2022-03-17 06:13:09,W 44 St & 11 Ave,6756,W 36 St & 9 Ave,6569,40.762009,-73.996975,40.75462324029105,-73.99516761302948,casual
112176,77BCA774B22CC87F,electric_bike,2022-03-02 19:17:27,2022-03-02 19:22:45,W 44 St & 11 Ave,6756,W 36 St & 9 Ave,6569,40.762009,-73.996975,40.75462324029105,-73.99516761302948,member
112179,7403216CCD7F2B14,classic_bike,2022-03-13 17:31:22,2022-03-13 17:35:50,W 44 St & 11 Ave,6756,W 36 St & 9 Ave,6569,40.762009,-73.996975,40.75462324029105,-73.99516761302948,member
112186,96BF1D35880CB5E2,classic_bike,2022-03-13 11:38:40,2022-03-13 11:44:35,W 44 St & 11 Ave,6756,W 36 St & 9 Ave,6569,40.762009,-73.996975,40.75462324029105,-73.99516761302948,member
112188,3B3733DC01E66673,electric_bike,2022-03-07 14:50:23,2022-03-07 14:56:14,W 44 St & 11 Ave,6756,W 36 St & 9 Ave,6569,40.762009,-73.996975,40.75462324029105,-73.99516761302948,member
112194,8C7408C1CDDA7288,classic_bike,2022-03-17 12:45:11,2022-03-17 12:59:35,10 Ave & W 28 St,6459,W 36 St & 9 Ave,6569,40.75066386,-74.00176802,40.75462324029105,-73.99516761302948,member
112196,18D7E5E4564FEC22,electric_bike,2022-03-14 15:12:46,2022-03-14 15:46:36,10 Ave & W 28 St,6459,W 36 St & 9 Ave,6569,40.75066386,-74.00176802,40.75462324029105,-73.99516761302948,member
112199,0D21AD49714D70C9,classic_bike,2022-03-15 22:21:57,2022-03-15 22:27:07,10 Ave & W 28 St,6459,W 36 St & 9 Ave,6569,40.75066386,-74.00176802,40.75462324029105,-73.99516761302948,member
112205,65360C68910069F5,electric_bike,2022-03-23 04:55:00,2022-03-23 05:00:22,10 Ave & W 28 St,6459,W 36 St & 9 Ave,6569,40.75066386,-74.00176802,40.75462324029105,-73.99516761302948,member
112211,843FAE3BF8103BAE,electric_bike,2022-03-23 12:03:25,2022-03-23 12:06:54,10 Ave & W 28 St,6459,W 36 St & 9 Ave,6569,40.75066386,-74.00176802,40.75462324029105,-73.99516761302948,member
112227,F735A1A93DD4C8A0,electric_bike,2022-03-11 04:50:25,2022-03-11 04:54:14,10 Ave & W 28 St,6459,W 36 St & 9 Ave,6569,40.75066386,-74.00176802,40.75462324029105,-73.99516761302948,member
112233,01ADD12855AD7662,classic_bike,2022-03-01 14:33:48,2022-03-01 15:08:56,West St & Chambers St,5329,W 36 St & 9 Ave,6569,40.71754834,-74.01322069,40.75462324029105,-73.99516761302948,member
112234,FBE714447A0CC96A,electric_bike,2022-03-07 18:24:49,2022-03-07 19:15:32,7 Ave S & Bleecker St,5805,W 36 St & 9 Ave,6569,40.73213896287381,-74.00363802909851,40.75462324029105,-73.99516761302948,casual
112236,EF17B3EC68CC4E8A,classic_bike,2022-03-12 20:45:28,2022-03-12 20:51:05,10 Ave & W 28 St,6459,W 36 St & 9 Ave,6569,40.75066386,-74.00176802,40.75462324029105,-73.99516761302948,casual
112239,89C3FA5319DDA571,classic_bike,2022-03-11 07:53:45,2022-03-11 08:00:38,10 Ave & W 28 St,6459,W 36 St & 9 Ave,6569,40.75066386,-74.00176802,40.75462324029105,-73.99516761302948,member
112240,836F793DF915CAE7,electric_bike,2022-03-07 09:58:33,2022-03-07 10:06:32,W 52 St & 11 Ave,6926,W 36 St & 9 Ave,6569,40.76727216,-73.99392888,40.75462324029105,-73.99516761302948,member
112248,C7A3EE5F4DC71A01,electric_bike,2022-03-18 04:57:02,2022-03-18 05:00:09,10 Ave & W 28 St,6459,W 36 St & 9 Ave,6569,40.75066386,-74.00176802,40.75462324029105,-73.99516761302948,member
112249,73C3541ED88217F4,electric_bike,2022-03-28 10:14:08,2022-03-28 10:23:09,W 52 St & 11 Ave,6926,W 36 St & 9 Ave,6569,40.76727216,-73.99392888,40.75462324029105,-73.99516761302948,member
112254,34BD17414D5BD1EF,classic_bike,2022-03-12 20:44:59,2022-03-12 20:51:05,10 Ave & W 28 St,6459,W 36 St & 9 Ave,6569,40.75066386,-74.00176802,40.75462324029105,-73.99516761302948,member
112260,6AB364904DB21BC3,classic_bike,2022-03-16 17:04:29,2022-03-16 17:15:32,W 52 St & 11 Ave,6926,W 36 St & 9 Ave,6569,40.76727216,-73.99392888,40.75462324029105,-73.99516761302948,member
112263,F5102E0A9A5A6285,electric_bike,2022-03-24 00:51:31,2022-03-24 00:55:18,10 Ave & W 28 St,6459,W 36 St & 9 Ave,6569,40.75066386,-74.00176802,40.75462324029105,-73.99516761302948,member
112266,C0FBE0A85000E12B,electric_bike,2022-03-23 10:06:38,2022-03-23 10:15:09,W 52 St & 11 Ave,6926,W 36 St & 9 Ave,6569,40.76727216,-73.99392888,40.75462324029105,-73.99516761302948,member
112270,2BC8833B3FD01038,classic_bike,2022-03-24 18:50:30,2022-03-24 19:13:43,7 Ave S & Bleecker St,5805,W 36 St & 9 Ave,6569,40.73213896287381,-74.00363802909851,40.75462324029105,-73.99516761302948,member
112275,781922DA5740FA02,electric_bike,2022-03-09 04:41:16,2022-03-09 04:44:16,10 Ave & W 28 St,6459,W 36 St & 9 Ave,6569,40.75066386,-74.00176802,40.75462324029105,-73.99516761302948,member
112277,778CF3580CA10294,electric_bike,2022-03-01 13:07:55,2022-03-01 13:27:54,West St & Chambers St,5329,W 36 St & 9 Ave,6569,40.71754834,-74.01322069,40.75462324029105,-73.99516761302948,member
112278,F07490622AB602F6,classic_bike,2022-03-31 00:28:52,2022-03-31 00:34:10,10 Ave & W 28 St,6459,W 36 St & 9 Ave,6569,40.75066386,-74.00176802,40.75462324029105,-73.99516761302948,member
112281,AB8C571F49F9E906,electric_bike,2022-03-01 07:32:41,2022-03-01 07:38:10,10 Ave & W 28 St,6459,W 36 St & 9 Ave,6569,40.75066386,-74.00176802,40.75462324029105,-73.99516761302948,member
112282,9F3BEF46E804239C,electric_bike,2022-03-12 02:42:47,2022-03-12 02:47:13,10 Ave & W 28 St,6459,W 36 St & 9 Ave,6569,40.75066386,-74.00176802,40.75462324029105,-73.99516761302948,member
112289,B1E5E79267EDC060,classic_bike,2022-03-03 01:04:34,2022-03-03 01:09:15,10 Ave & W 28 St,6459,W 36 St & 9 Ave,6569,40.75066386,-74.00176802,40.75462324029105,-73.99516761302948,member
112292,365ECE4EFE1556CC,electric_bike,2022-03-07 10:18:10,2022-03-07 10:23:13,10 Ave & W 28 St,6459,W 36 St & 9 Ave,6569,40.75066386,-74.00176802,40.75462324029105,-73.99516761302948,member
112296,A6498D664E2B5F25,classic_bike,2022-03-16 09:51:26,2022-03-16 09:57:40,11 Ave & W 41 St,6726,W 36 St & 9 Ave,6569,40.76030096,-73.99884222,40.75462324029105,-73.99516761302948,member
112297,9482EB08288C9C42,classic_bike,2022-03-08 17:21:32,2022-03-08 17:28:17,11 Ave & W 41 St,6726,W 36 St & 9 Ave,6569,40.76030096,-73.99884222,40.75462324029105,-73.99516761302948,casual
112298,1FD84740EDAA4DD5,electric_bike,2022-03-26 14:55:15,2022-03-26 14:59:09,11 Ave & W 41 St,6726,W 36 St & 9 Ave,6569,40.76030096,-73.99884222,40.75462324029105,-73.99516761302948,member
112299,278B134054AF8AD7,electric_bike,2022-03-05 20:43:41,2022-03-05 20:48:59,11 Ave & W 41 St,6726,W 36 St & 9 Ave,6569,40.76030096,-73.99884222,40.75462324029105,-73.99516761302948,member
112303,F53B9685115106EB,electric_bike,2022-03-02 16:53:07,2022-03-02 16:56:31,11 Ave & W 41 St,6726,W 36 St & 9 Ave,6569,40.76030096,-73.99884222,40.75462324029105,-73.99516761302948,casual
112306,606780D58B2F2E04,electric_bike,2022-03-13 12:43:38,2022-03-13 12:49:12,11 Ave & W 41 St,6726,W 36 St & 9 Ave,6569,40.76030096,-73.99884222,40.75462324029105,-73.99516761302948,member
112312,B83775D1C816E001,classic_bike,2022-03-31 14:11:34,2022-03-31 14:18:06,11 Ave & W 41 St,6726,W 36 St & 9 Ave,6569,40.76030096,-73.99884222,40.75462324029105,-73.99516761302948,member
112314,DD2122660E4C0C4D,classic_bike,2022-03-17 19:29:59,2022-03-17 19:35:26,11 Ave & W 41 St,6726,W 36 St & 9 Ave,6569,40.76030096,-73.99884222,40.75462324029105,-73.99516761302948,member
112316,F99446EE90BAACEA,electric_bike,2022-03-10 20:06:23,2022-03-10 20:11:08,11 Ave & W 41 St,6726,W 36 St & 9 Ave,6569,40.76030096,-73.99884222,40.75462324029105,-73.99516761302948,member
112317,230569335984A0D2,classic_bike,2022-03-27 19:03:07,2022-03-27 19:09:08,11 Ave & W 41 St,6726,W 36 St & 9 Ave,6569,40.76030096,-73.99884222,40.75462324029105,-73.99516761302948,member
112318,0033A64B707EADEE,classic_bike,2022-03-02 09:50:09,2022-03-02 09:57:18,11 Ave & W 41 St,6726,W 36 St & 9 Ave,6569,40.76030096,-73.99884222,40.75462324029105,-73.99516761302948,member
112320,C1D7EB6D74B90D01,electric_bike,2022-03-18 22:25:59,2022-03-18 22:33:30,W 20 St & 8 Ave,6224,W 36 St & 9 Ave,6569,40.74345335,-74.00004031,40.75462324029105,-73.99516761302948,casual
112323,7B6B322A67849028,electric_bike,2022-03-14 12:16:01,2022-03-14 12:23:06,W 20 St & 8 Ave,6224,W 36 St & 9 Ave,6569,40.74345335,-74.00004031,40.75462324029105,-73.99516761302948,member
112325,520E5D7690E1D62E,classic_bike,2022-03-21 15:37:14,2022-03-21 15:57:56,W 13 St & 5 Ave,5947,W 36 St & 9 Ave,6569,40.735445,-73.99431,40.75462324029105,-73.99516761302948,member
112331,CF38CB9BBC8AD499,electric_bike,2022-03-01 09:29:32,2022-03-01 09:36:47,W 44 St & 5 Ave,6551,W 36 St & 9 Ave,6569,40.75500254,-73.98014437,40.75462324029105,-73.99516761302948,member
112342,A52F4F6378D8D090,classic_bike,2022-03-18 06:57:48,2022-03-18 07:01:20,W 42 St & 8 Ave,6602,W 36 St & 9 Ave,6569,40.7575699,-73.99098507,40.75462324029105,-73.99516761302948,member
112345,8009C57AA97968AC,classic_bike,2022-03-11 06:56:05,2022-03-11 06:59:45,W 42 St & 8 Ave,6602,W 36 St & 9 Ave,6569,40.7575699,-73.99098507,40.75462324029105,-73.99516761302948,member
112346,EFF46CD76F03E361,electric_bike,2022-03-10 06:54:30,2022-03-10 06:58:10,W 42 St & 8 Ave,6602,W 36 St & 9 Ave,6569,40.7575699,-73.99098507,40.75462324029105,-73.99516761302948,member
112348,60182BC54F7ACA88,classic_bike,2022-03-04 16:48:19,2022-03-04 16:54:48,W 42 St & 8 Ave,6602,W 36 St & 9 Ave,6569,40.7575699,-73.99098507,40.75462324029105,-73.99516761302948,member
112349,DFDCF3B1E8DC5C45,electric_bike,2022-03-29 12:01:06,2022-03-29 12:04:56,W 42 St & 8 Ave,6602,W 36 St & 9 Ave,6569,40.7575699,-73.99098507,40.75462324029105,-73.99516761302948,member
112352,439F90B0A5886EFB,classic_bike,2022-03-21 23:23:24,2022-03-21 23:27:47,W 42 St & 8 Ave,6602,W 36 St & 9 Ave,6569,40.7575699,-73.99098507,40.75462324029105,-73.99516761302948,member
112355,EF21ABA3B1F87606,classic_bike,2022-03-30 07:07:43,2022-03-30 07:12:35,W 42 St & 8 Ave,6602,W 36 St & 9 Ave,6569,40.7575699,-73.99098507,40.75462324029105,-73.99516761302948,member
112356,1F32B746390C3AC6,classic_bike,2022-03-22 06:31:19,2022-03-22 06:35:36,W 42 St & 8 Ave,6602,W 36 St & 9 Ave,6569,40.7575699,-73.99098507,40.75462324029105,-73.99516761302948,member
112364,1C0157A1E9B3443C,electric_bike,2022-03-16 14:39:59,2022-03-16 14:42:41,W 34 St &\tHudson Blvd E,6535,W 36 St & 9 Ave,6569,40.75516719072139,-74.00059908628464,40.75462324029105,-73.99516761302948,member
112372,3B4A249364ED4210,classic_bike,2022-03-25 12:40:56,2022-03-25 12:44:06,Hudson Blvd E & W 36 St,6611,W 36 St & 9 Ave,6569,40.75630628938069,-73.99951145061095,40.75462324029105,-73.99516761302948,member
112380,5850ACFA95BB538E,electric_bike,2022-03-26 20:35:58,2022-03-26 20:49:21,Cooper Square & Astor Pl,5712,W 36 St & 9 Ave,6569,40.72951496224949,-73.99075269699097,40.75462324029105,-73.99516761302948,casual
112381,717414C3F66FFF91,classic_bike,2022-03-02 18:28:51,2022-03-02 18:35:42,W 20 St & 10 Ave,6306,W 36 St & 9 Ave,6569,40.745686,-74.005141,40.75462324029105,-73.99516761302948,member
112396,20A585267C2630EA,electric_bike,2022-03-18 21:28:03,2022-03-18 21:37:33,W 54 St & 9 Ave,6920,W 36 St & 9 Ave,6569,40.76584941,-73.98690506,40.75462324029105,-73.99516761302948,member
112397,F20EEA6D14B34547,electric_bike,2022-03-21 09:31:57,2022-03-21 09:39:55,W 54 St & 9 Ave,6920,W 36 St & 9 Ave,6569,40.76584941,-73.98690506,40.75462324029105,-73.99516761302948,member
112403,7C18E242E0CD8EA2,classic_bike,2022-03-10 15:29:11,2022-03-10 15:47:53,W 59 St & 10 Ave,7023,W 36 St & 9 Ave,6569,40.770513,-73.988038,40.75462324029105,-73.99516761302948,member
112404,CDA9333FAA57E3BB,electric_bike,2022-03-29 09:09:09,2022-03-29 09:17:59,W 59 St & 10 Ave,7023,W 36 St & 9 Ave,6569,40.770513,-73.988038,40.75462324029105,-73.99516761302948,member
112411,17FA8D2EE03E399D,classic_bike,2022-03-16 07:45:34,2022-03-16 07:55:09,W 59 St & 10 Ave,7023,W 36 St & 9 Ave,6569,40.770513,-73.988038,40.75462324029105,-73.99516761302948,member
112413,5DE15666BA12AD5F,electric_bike,2022-03-30 08:20:12,2022-03-30 08:31:29,West End Ave & W 60 St,7059,W 36 St & 9 Ave,6569,40.77237,-73.99005,40.75462324029105,-73.99516761302948,member
112414,8797763BBA153494,electric_bike,2022-03-24 16:21:10,2022-03-24 16:32:08,Lexington Ave & E 24 St,6089,W 36 St & 9 Ave,6569,40.74025878,-73.98409214,40.75462324029105,-73.99516761302948,member
112423,54E0958D54F18A59,classic_bike,2022-03-23 11:56:27,2022-03-23 11:59:53,Hudson Blvd E & W 36 St,6611,W 36 St & 9 Ave,6569,40.75630628938069,-73.99951145061095,40.75462324029105,-73.99516761302948,casual
112439,EDA3030A45DEC6D8,classic_bike,2022-03-20 19:02:57,2022-03-20 19:21:36,Lexington Ave & E 24 St,6089,W 36 St & 9 Ave,6569,40.74025878,-73.98409214,40.75462324029105,-73.99516761302948,casual
112442,4719D28D76D702F7,classic_bike,2022-03-20 19:03:19,2022-03-20 19:21:43,Lexington Ave & E 24 St,6089,W 36 St & 9 Ave,6569,40.74025878,-73.98409214,40.75462324029105,-73.99516761302948,casual
112463,ED847F8495517E0B,electric_bike,2022-03-20 03:28:36,2022-03-20 04:12:12,W 42 St & 8 Ave,6602,W 36 St & 9 Ave,6569,40.7575699,-73.99098507,40.75462324029105,-73.99516761302948,casual
112468,AB1BDF7A1BAB7C92,electric_bike,2022-03-04 13:12:12,2022-03-04 14:11:53,8 Ave & W 16 St,6072,W 36 St & 9 Ave,6569,40.740983,-74.001702,40.75462324029105,-73.99516761302948,casual
112473,B63880DB282925D7,electric_bike,2022-03-13 12:25:10,2022-03-13 12:36:38,West End Ave & W 60 St,7059,W 36 St & 9 Ave,6569,40.77237,-73.99005,40.75462324029105,-73.99516761302948,member
112481,CEE3DF2DA5EEAFD8,classic_bike,2022-03-17 15:57:55,2022-03-17 16:10:13,8 Ave & W 16 St,6072,W 36 St & 9 Ave,6569,40.740983,-74.001702,40.75462324029105,-73.99516761302948,member
112483,CEC7CAF89AA61FB6,electric_bike,2022-03-03 08:16:47,2022-03-03 08:29:11,11 Ave & W 59 St,7059,W 36 St & 9 Ave,6569,40.77149671054441,-73.99046033620834,40.75462324029105,-73.99516761302948,member
112486,FE4CDB11907F944D,classic_bike,2022-03-16 10:58:18,2022-03-16 11:13:30,W 52 St & 11 Ave,6926,W 36 St & 9 Ave,6569,40.76727216,-73.99392888,40.75462324029105,-73.99516761302948,member
112492,1A549C53B6027028,classic_bike,2022-03-17 11:15:54,2022-03-17 11:19:24,8 Ave & W 31 St,6450,W 36 St & 9 Ave,6569,40.7505853470215,-73.9946848154068,40.75462324029105,-73.99516761302948,member
112496,C24990544C1A2A50,electric_bike,2022-03-04 15:31:44,2022-03-04 15:42:44,10 Ave & W 28 St,6459,W 36 St & 9 Ave,6569,40.75066386,-74.00176802,40.75462324029105,-73.99516761302948,member
112510,04976B38FD3DC62B,classic_bike,2022-03-03 06:55:21,2022-03-03 07:00:40,W 44 St & 11 Ave,6756,W 36 St & 9 Ave,6569,40.762009,-73.996975,40.75462324029105,-73.99516761302948,member
112511,2701433987E738AF,classic_bike,2022-03-14 06:54:14,2022-03-14 07:00:44,W 44 St & 11 Ave,6756,W 36 St & 9 Ave,6569,40.762009,-73.996975,40.75462324029105,-73.99516761302948,member
112512,46414DF0771AEB41,classic_bike,2022-03-18 13:28:12,2022-03-18 13:38:22,W 17 St & 8 Ave,6148,W 36 St & 9 Ave,6569,40.74177603,-74.00149746,40.75462324029105,-73.99516761302948,member
112514,BA1CC18D3F5725AF,electric_bike,2022-03-14 17:48:20,2022-03-14 17:55:52,E 41 St & Madison Ave (SW corner),6474,W 36 St & 9 Ave,6569,40.752165280621966,-73.97992193698882,40.75462324029105,-73.99516761302948,member
112539,88E7760AF9793763,electric_bike,2022-03-26 11:12:57,2022-03-26 11:29:15,Central Park West & W 72 St,7141,W 36 St & 9 Ave,6569,40.77579376683666,-73.9762057363987,40.75462324029105,-73.99516761302948,member
112540,13CA1423AC1CEE05,classic_bike,2022-03-21 17:33:55,2022-03-21 17:49:33,Central Park West & W 72 St,7141,W 36 St & 9 Ave,6569,40.77579376683666,-73.9762057363987,40.75462324029105,-73.99516761302948,member
112567,6F7402A941FAFFD1,electric_bike,2022-03-22 12:31:52,2022-03-22 12:34:21,W 29 St & 9 Ave,6416,W 36 St & 9 Ave,6569,40.7500727,-73.99839279,40.75462324029105,-73.99516761302948,member
112583,E32A058A3DE9D478,electric_bike,2022-03-31 16:33:51,2022-03-31 17:32:20,Lenox Ave & W 111 St,7602,W 36 St & 9 Ave,6569,40.7987859,-73.9523,40.75462324029105,-73.99516761302948,casual
112591,67F5BD4DBF94579A,classic_bike,2022-03-03 21:26:44,2022-03-03 21:28:30,W 39 St & 9 Ave,6644,W 36 St & 9 Ave,6569,40.75645824,-73.99372222,40.75462324029105,-73.99516761302948,member
112592,CC796827120A8DA4,classic_bike,2022-03-18 12:09:54,2022-03-18 12:30:08,Lafayette St & E 8 St,5788,W 36 St & 9 Ave,6569,40.73020660529954,-73.99102628231049,40.75462324029105,-73.99516761302948,member
112595,A292B0AF8CB2EB76,electric_bike,2022-03-07 12:27:27,2022-03-07 12:39:02,E 20 St & Park Ave,6055,W 36 St & 9 Ave,6569,40.73827428,-73.98751968,40.75462324029105,-73.99516761302948,member
112597,F32023C7D331C2AF,classic_bike,2022-03-16 17:51:32,2022-03-16 17:58:30,6 Ave & W 45 St,6593,W 36 St & 9 Ave,6569,40.756951,-73.982631,40.75462324029105,-73.99516761302948,member
112598,448522805D740B80,classic_bike,2022-03-06 07:02:22,2022-03-06 07:04:26,W 39 St & 9 Ave,6644,W 36 St & 9 Ave,6569,40.75645824,-73.99372222,40.75462324029105,-73.99516761302948,member
112607,418199AADA52E311,classic_bike,2022-03-04 15:59:41,2022-03-04 16:02:48,W 39 St & 9 Ave,6644,W 36 St & 9 Ave,6569,40.75645824,-73.99372222,40.75462324029105,-73.99516761302948,member
112609,A87F51E914273638,electric_bike,2022-03-21 11:11:03,2022-03-21 11:21:16,E 48 St & 3 Ave,6541,W 36 St & 9 Ave,6569,40.7546011026,-73.971878855,40.75462324029105,-73.99516761302948,member
112620,B259855F78003669,electric_bike,2022-03-24 18:22:26,2022-03-24 18:31:36,6 Ave & W 45 St,6593,W 36 St & 9 Ave,6569,40.756951,-73.982631,40.75462324029105,-73.99516761302948,member
112626,460A2F80D9802EDC,classic_bike,2022-03-21 14:38:22,2022-03-21 14:59:44,Broadway & W 36 St,6441,W 36 St & 9 Ave,6569,40.75097711,-73.98765428,40.75462324029105,-73.99516761302948,member
112630,7CE672AB78213E8D,classic_bike,2022-03-14 08:13:01,2022-03-14 08:17:04,Broadway & W 36 St,6441,W 36 St & 9 Ave,6569,40.75097711,-73.98765428,40.75462324029105,-73.99516761302948,casual
112632,554EAF33D4CD55A3,electric_bike,2022-03-03 17:46:05,2022-03-03 17:54:26,W 70 St & Amsterdam Ave,7207,W 36 St & 9 Ave,6569,40.77748046,-73.98288594,40.75462324029105,-73.99516761302948,member
112633,714DD3C4EE56CA56,classic_bike,2022-03-20 12:02:04,2022-03-20 12:13:01,W 70 St & Amsterdam Ave,7207,W 36 St & 9 Ave,6569,40.77748046,-73.98288594,40.75462324029105,-73.99516761302948,member
112635,C9E859762D8219C9,electric_bike,2022-03-04 19:50:19,2022-03-04 19:58:19,E 40 St & Park Ave,6432,W 36 St & 9 Ave,6569,40.750756,-73.978326,40.75462324029105,-73.99516761302948,casual
112638,91E70AD3E37C62F1,classic_bike,2022-03-19 17:17:13,2022-03-19 17:48:17,E 20 St & Park Ave,6055,W 36 St & 9 Ave,6569,40.73827428,-73.98751968,40.75462324029105,-73.99516761302948,member
112643,6B2C9A6E53864732,classic_bike,2022-03-16 09:16:54,2022-03-16 09:26:24,E 40 St & Park Ave,6432,W 36 St & 9 Ave,6569,40.750756,-73.978326,40.75462324029105,-73.99516761302948,casual
112659,A6D708C6352BFB06,electric_bike,2022-03-11 03:54:57,2022-03-11 03:58:56,W 50 St & 9 Ave,6854,W 36 St & 9 Ave,6569,40.76360467795863,-73.98917958140373,40.75462324029105,-73.99516761302948,member
112660,DC55EB10AC32AD02,electric_bike,2022-03-03 02:23:39,2022-03-03 02:28:01,W 50 St & 9 Ave,6854,W 36 St & 9 Ave,6569,40.76360467795863,-73.98917958140373,40.75462324029105,-73.99516761302948,member
112661,13EE5255CE497F6B,electric_bike,2022-03-02 03:02:27,2022-03-02 03:06:39,W 50 St & 9 Ave,6854,W 36 St & 9 Ave,6569,40.76360467795863,-73.98917958140373,40.75462324029105,-73.99516761302948,member
112665,4271AF66000C1CDA,classic_bike,2022-03-17 11:56:36,2022-03-17 12:32:52,Bialystoker Pl & Delancey St,5335,W 36 St & 9 Ave,6569,40.71622644,-73.98261206,40.75462324029105,-73.99516761302948,member
112673,FBFC41C5AE87117C,classic_bike,2022-03-27 10:43:43,2022-03-27 11:07:47,W 37 St & Broadway,6441,W 36 St & 9 Ave,6569,40.75227093837409,-73.98770570755005,40.75462324029105,-73.99516761302948,casual
112685,0A6D61CAE9E6B29A,electric_bike,2022-03-16 21:20:27,2022-03-16 21:35:32,E 3 St & 1 Ave,5553,W 36 St & 9 Ave,6569,40.72467721,-73.98783413,40.75462324029105,-73.99516761302948,member
112687,1AE8BC3CFCBE57D4,classic_bike,2022-03-25 18:05:12,2022-03-25 18:10:53,W 50 St & 9 Ave,6854,W 36 St & 9 Ave,6569,40.76360467795863,-73.98917958140373,40.75462324029105,-73.99516761302948,member
112688,94299857ECC7EE44,classic_bike,2022-03-24 11:38:38,2022-03-24 12:36:49,Broadway & W 36 St,6441,W 36 St & 9 Ave,6569,40.75097711,-73.98765428,40.75462324029105,-73.99516761302948,member
112725,5B055AE2568A9879,classic_bike,2022-03-16 13:08:00,2022-03-16 13:19:32,Broadway & E 21 St,6098,W 36 St & 9 Ave,6569,40.73988840858996,-73.98958593606949,40.75462324029105,-73.99516761302948,casual
112733,F340552A17894C39,classic_bike,2022-03-23 17:47:40,2022-03-23 17:49:59,8 Ave & W 33 St,6450,W 36 St & 9 Ave,6569,40.751551,-73.993934,40.75462324029105,-73.99516761302948,member
112734,891F06AB3B46ACA6,classic_bike,2022-03-23 18:08:19,2022-03-23 18:11:49,8 Ave & W 33 St,6450,W 36 St & 9 Ave,6569,40.751551,-73.993934,40.75462324029105,-73.99516761302948,member
112735,B5552447FD71EC9E,classic_bike,2022-03-23 15:06:19,2022-03-23 15:09:54,8 Ave & W 33 St,6450,W 36 St & 9 Ave,6569,40.751551,-73.993934,40.75462324029105,-73.99516761302948,member
112736,965B0EED22BEAB4E,classic_bike,2022-03-23 17:20:53,2022-03-23 17:23:08,8 Ave & W 33 St,6450,W 36 St & 9 Ave,6569,40.751551,-73.993934,40.75462324029105,-73.99516761302948,member
112744,54B9933C6D4FE4BF,electric_bike,2022-03-04 06:32:06,2022-03-04 06:36:34,W 50 St & 9 Ave,6854,W 36 St & 9 Ave,6569,40.76360467795863,-73.98917958140373,40.75462324029105,-73.99516761302948,member
112751,794DBD231D6B4228,electric_bike,2022-03-24 17:37:51,2022-03-24 17:40:18,8 Ave & W 33 St,6450,W 36 St & 9 Ave,6569,40.751551,-73.993934,40.75462324029105,-73.99516761302948,member
112754,87C9601519899609,electric_bike,2022-03-05 01:15:50,2022-03-05 01:32:38,W 54 St & 11 Ave,6955,W 36 St & 9 Ave,6569,40.768333,-73.992573,40.75462324029105,-73.99516761302948,casual
112756,F90AC8F58869B717,electric_bike,2022-03-25 09:24:42,2022-03-25 09:51:52,E 88 St & Park Ave,7293,W 36 St & 9 Ave,6569,40.781410700190015,-73.95595908164978,40.75462324029105,-73.99516761302948,member
112757,A0AE480219A3A5BA,electric_bike,2022-03-02 19:32:33,2022-03-02 19:49:33,W 54 St & 11 Ave,6955,W 36 St & 9 Ave,6569,40.768333,-73.992573,40.75462324029105,-73.99516761302948,member
112758,335ADF705E9B2870,classic_bike,2022-03-16 11:09:50,2022-03-16 11:25:56,E 68 St & Madison Ave,6932,W 36 St & 9 Ave,6569,40.7691572,-73.96703464,40.75462324029105,-73.99516761302948,member
112762,0920CDA42F8CA8F0,classic_bike,2022-03-21 19:57:48,2022-03-21 20:10:50,W 54 St & 11 Ave,6955,W 36 St & 9 Ave,6569,40.768333,-73.992573,40.75462324029105,-73.99516761302948,member
112764,86F73D9F4C2B1D95,electric_bike,2022-03-31 10:57:01,2022-03-31 11:22:51,E 88 St & Park Ave,7293,W 36 St & 9 Ave,6569,40.781410700190015,-73.95595908164978,40.75462324029105,-73.99516761302948,member
112771,BDC08981890A32EF,classic_bike,2022-03-16 20:08:42,2022-03-16 20:22:37,Broadway & W 61 St,7014,W 36 St & 9 Ave,6569,40.77003010255044,-73.9819684624672,40.75462324029105,-73.99516761302948,member
112773,7B32B2C86F1712B9,classic_bike,2022-03-02 09:34:57,2022-03-02 09:44:21,W 54 St & 11 Ave,6955,W 36 St & 9 Ave,6569,40.768333,-73.992573,40.75462324029105,-73.99516761302948,member
112774,1B5A72FFEEA544C5,electric_bike,2022-03-15 14:59:45,2022-03-15 15:09:01,W 54 St & 11 Ave,6955,W 36 St & 9 Ave,6569,40.768333,-73.992573,40.75462324029105,-73.99516761302948,member
112775,5CF8F008FA46D3F8,classic_bike,2022-03-15 09:56:35,2022-03-15 10:07:14,W 54 St & 11 Ave,6955,W 36 St & 9 Ave,6569,40.768333,-73.992573,40.75462324029105,-73.99516761302948,member
112776,4569B57DF94A07A0,electric_bike,2022-03-31 09:27:52,2022-03-31 09:35:28,W 54 St & 11 Ave,6955,W 36 St & 9 Ave,6569,40.768333,-73.992573,40.75462324029105,-73.99516761302948,member
112780,FE0634B59E4A6566,electric_bike,2022-03-17 09:29:30,2022-03-17 09:38:01,W 54 St & 11 Ave,6955,W 36 St & 9 Ave,6569,40.768333,-73.992573,40.75462324029105,-73.99516761302948,member
112782,B6176199703E07A8,classic_bike,2022-03-08 11:10:00,2022-03-08 11:33:14,E 68 St & Madison Ave,6932,W 36 St & 9 Ave,6569,40.7691572,-73.96703464,40.75462324029105,-73.99516761302948,member
112783,A0BB0968415FBFD7,classic_bike,2022-03-23 11:42:51,2022-03-23 11:51:08,W 54 St & 11 Ave,6955,W 36 St & 9 Ave,6569,40.768333,-73.992573,40.75462324029105,-73.99516761302948,member
112784,6318F17DDEE327D5,classic_bike,2022-03-14 12:43:09,2022-03-14 12:54:20,W 54 St & 11 Ave,6955,W 36 St & 9 Ave,6569,40.768333,-73.992573,40.75462324029105,-73.99516761302948,member
112785,DF1CB4E6AD9A731F,electric_bike,2022-03-29 08:38:17,2022-03-29 08:48:30,W 54 St & 11 Ave,6955,W 36 St & 9 Ave,6569,40.768333,-73.992573,40.75462324029105,-73.99516761302948,member
112786,B36901C315D28EF3,classic_bike,2022-03-26 15:34:00,2022-03-26 15:45:11,W 54 St & 11 Ave,6955,W 36 St & 9 Ave,6569,40.768333,-73.992573,40.75462324029105,-73.99516761302948,member
112793,E602A2703B7B38DF,electric_bike,2022-03-08 10:12:01,2022-03-08 10:19:52,W 54 St & 11 Ave,6955,W 36 St & 9 Ave,6569,40.768333,-73.992573,40.75462324029105,-73.99516761302948,member
112794,9F179F4B344EBDC2,classic_bike,2022-03-10 09:20:02,2022-03-10 09:32:41,W 54 St & 11 Ave,6955,W 36 St & 9 Ave,6569,40.768333,-73.992573,40.75462324029105,-73.99516761302948,member
112798,A5210D1B06599BFF,classic_bike,2022-03-20 03:04:43,2022-03-20 03:09:56,Broadway & W 41 St,6560,W 36 St & 9 Ave,6569,40.75513557,-73.98658032,40.75462324029105,-73.99516761302948,casual
112800,CE1F2C2CF94A4876,electric_bike,2022-03-26 08:18:37,2022-03-26 08:22:13,Broadway & W 41 St,6560,W 36 St & 9 Ave,6569,40.75513557,-73.98658032,40.75462324029105,-73.99516761302948,casual
112811,ECCB2586DEEB7C66,classic_bike,2022-03-23 12:05:07,2022-03-23 12:28:18,Grand Army Plaza & Central Park S,6839,W 36 St & 9 Ave,6569,40.7643971,-73.97371465,40.75462324029105,-73.99516761302948,casual
112813,E09A70ADFA5B385B,classic_bike,2022-03-25 19:54:50,2022-03-25 20:07:41,W 22 St & 8 Ave,6224,W 36 St & 9 Ave,6569,40.74475148,-73.99915362,40.75462324029105,-73.99516761302948,member
112832,157C80A3A9A42178,electric_bike,2022-03-02 18:20:17,2022-03-02 18:25:52,W 22 St & 8 Ave,6224,W 36 St & 9 Ave,6569,40.74475148,-73.99915362,40.75462324029105,-73.99516761302948,member
112843,61F6FA8A53B23F98,classic_bike,2022-03-19 17:55:58,2022-03-19 18:28:22,Broadway & W 38 St,6560,W 36 St & 9 Ave,6569,40.7529728216068,-73.98734897375107,40.75462324029105,-73.99516761302948,casual
112844,F068EFD947BB11AE,classic_bike,2022-03-10 15:26:51,2022-03-10 15:31:44,Broadway & W 38 St,6560,W 36 St & 9 Ave,6569,40.7529728216068,-73.98734897375107,40.75462324029105,-73.99516761302948,member
112845,44DD60897D03B3EB,classic_bike,2022-03-15 13:41:22,2022-03-15 13:44:37,Broadway & W 38 St,6560,W 36 St & 9 Ave,6569,40.7529728216068,-73.98734897375107,40.75462324029105,-73.99516761302948,member
112846,949B2610A8004A29,classic_bike,2022-03-08 13:29:39,2022-03-08 13:34:21,Broadway & W 38 St,6560,W 36 St & 9 Ave,6569,40.7529728216068,-73.98734897375107,40.75462324029105,-73.99516761302948,member
112848,F9352BD660186FE8,classic_bike,2022-03-10 15:10:17,2022-03-10 15:18:02,W 51 St & 6 Ave,6740,W 36 St & 9 Ave,6569,40.7606597,-73.98042047,40.75462324029105,-73.99516761302948,member
112850,61BB31047EFC2943,classic_bike,2022-03-06 13:56:29,2022-03-06 14:04:23,W 27 St & 7 Ave,6247,W 36 St & 9 Ave,6569,40.746647,-73.993915,40.75462324029105,-73.99516761302948,member
112851,01D6D86DECE9F6A6,electric_bike,2022-03-28 15:45:24,2022-03-28 15:48:31,Broadway & W 38 St,6560,W 36 St & 9 Ave,6569,40.7529728216068,-73.98734897375107,40.75462324029105,-73.99516761302948,member
112853,8FBEE539CA0B0130,classic_bike,2022-03-31 12:16:13,2022-03-31 12:23:07,Broadway & W 25 St,6173,W 36 St & 9 Ave,6569,40.74286877312112,-73.98918628692627,40.75462324029105,-73.99516761302948,member
112854,D67F9BDAFA26C393,electric_bike,2022-03-01 11:51:06,2022-03-01 12:09:32,W 16 St & The High Line,6233,W 36 St & 9 Ave,6569,40.74334935,-74.00681753,40.75462324029105,-73.99516761302948,member
112859,B6980D1DAC533C02,classic_bike,2022-03-26 12:06:42,2022-03-26 12:14:29,W 27 St & 7 Ave,6247,W 36 St & 9 Ave,6569,40.746647,-73.993915,40.75462324029105,-73.99516761302948,member
112862,E51747EAF68F2E2A,classic_bike,2022-03-17 22:26:17,2022-03-17 22:32:43,Broadway & W 38 St,6560,W 36 St & 9 Ave,6569,40.7529728216068,-73.98734897375107,40.75462324029105,-73.99516761302948,member
112866,E1986AC6F1376491,classic_bike,2022-03-20 08:29:53,2022-03-20 08:39:38,Broadway & W 25 St,6173,W 36 St & 9 Ave,6569,40.74286877312112,-73.98918628692627,40.75462324029105,-73.99516761302948,member
112867,FF3CFEFB2B92EE1A,classic_bike,2022-03-29 10:13:27,2022-03-29 10:19:25,W 22 St & 8 Ave,6224,W 36 St & 9 Ave,6569,40.74475148,-73.99915362,40.75462324029105,-73.99516761302948,member
112870,271B6AC117157E39,electric_bike,2022-03-03 19:11:05,2022-03-03 19:20:21,W 16 St & The High Line,6233,W 36 St & 9 Ave,6569,40.74334935,-74.00681753,40.75462324029105,-73.99516761302948,member
112879,8B3D898B3CD28AEF,electric_bike,2022-03-02 09:30:02,2022-03-02 09:36:51,W 27 St & 7 Ave,6247,W 36 St & 9 Ave,6569,40.746647,-73.993915,40.75462324029105,-73.99516761302948,member
112881,8257C15429B6B31C,classic_bike,2022-03-02 20:38:47,2022-03-02 20:43:42,Broadway & W 38 St,6560,W 36 St & 9 Ave,6569,40.7529728216068,-73.98734897375107,40.75462324029105,-73.99516761302948,member
112889,D80423CD75EAFBD6,classic_bike,2022-03-19 17:54:26,2022-03-19 18:21:24,Broadway & W 38 St,6560,W 36 St & 9 Ave,6569,40.7529728216068,-73.98734897375107,40.75462324029105,-73.99516761302948,casual
112895,AF1B45E88112E0C3,classic_bike,2022-03-21 13:29:44,2022-03-21 13:36:56,W 27 St & 7 Ave,6247,W 36 St & 9 Ave,6569,40.746647,-73.993915,40.75462324029105,-73.99516761302948,member
112898,8EC29F520E3D18EE,electric_bike,2022-03-22 20:20:07,2022-03-22 20:26:31,W 27 St & 7 Ave,6247,W 36 St & 9 Ave,6569,40.746647,-73.993915,40.75462324029105,-73.99516761302948,member
112899,3341BDABBE4B95D2,electric_bike,2022-03-23 19:26:41,2022-03-23 19:32:14,W 27 St & 7 Ave,6247,W 36 St & 9 Ave,6569,40.746647,-73.993915,40.75462324029105,-73.99516761302948,member
112901,231DE8F538643E9F,electric_bike,2022-03-10 13:39:28,2022-03-10 13:50:59,W 16 St & The High Line,6233,W 36 St & 9 Ave,6569,40.74334935,-74.00681753,40.75462324029105,-73.99516761302948,member
112910,7A39BEF04689175D,classic_bike,2022-03-15 11:09:39,2022-03-15 11:28:36,E 68 St & Madison Ave,6932,W 36 St & 9 Ave,6569,40.7691572,-73.96703464,40.75462324029105,-73.99516761302948,member
112916,5BDEAD08BEC7F494,classic_bike,2022-03-16 10:54:41,2022-03-16 11:02:45,W 27 St & 7 Ave,6247,W 36 St & 9 Ave,6569,40.746647,-73.993915,40.75462324029105,-73.99516761302948,member
112917,6B090DF916929F33,classic_bike,2022-03-18 10:55:55,2022-03-18 11:04:13,W 27 St & 7 Ave,6247,W 36 St & 9 Ave,6569,40.746647,-73.993915,40.75462324029105,-73.99516761302948,member
112920,A57A7432662A0428,electric_bike,2022-03-06 18:52:38,2022-03-06 18:57:27,Broadway & W 38 St,6560,W 36 St & 9 Ave,6569,40.7529728216068,-73.98734897375107,40.75462324029105,-73.99516761302948,member
112925,6FC9AFF0BD6346DD,classic_bike,2022-03-13 15:04:29,2022-03-13 15:13:20,Broadway & W 38 St,6560,W 36 St & 9 Ave,6569,40.7529728216068,-73.98734897375107,40.75462324029105,-73.99516761302948,member
112929,E6A3873D103512DB,classic_bike,2022-03-08 18:40:21,2022-03-08 18:46:06,Broadway & W 38 St,6560,W 36 St & 9 Ave,6569,40.7529728216068,-73.98734897375107,40.75462324029105,-73.99516761302948,member
112930,E0E9DB9D051B95C5,electric_bike,2022-03-03 13:20:37,2022-03-03 13:24:19,Broadway & W 38 St,6560,W 36 St & 9 Ave,6569,40.7529728216068,-73.98734897375107,40.75462324029105,-73.99516761302948,member
112938,9F61A841470E3D77,electric_bike,2022-03-18 19:43:40,2022-03-18 19:45:16,W 36 St & 9 Ave,6569,W 36 St & 9 Ave,6569,40.75462324029105,-73.99516761302948,40.75462324029105,-73.99516761302948,member
112939,0CA9BFEA94987592,classic_bike,2022-03-27 17:53:38,2022-03-27 18:10:16,W 36 St & 9 Ave,6569,W 36 St & 9 Ave,6569,40.75462324029105,-73.99516761302948,40.75462324029105,-73.99516761302948,member
112956,9014B5AC0CB79119,electric_bike,2022-03-25 18:31:58,2022-03-25 18:36:08,W 27 St & 7 Ave,6247,W 36 St & 9 Ave,6569,40.746647,-73.993915,40.75462324029105,-73.99516761302948,member
112958,8A4CCEDFEC4C6A2F,electric_bike,2022-03-11 15:12:23,2022-03-11 15:16:58,W 27 St & 7 Ave,6247,W 36 St & 9 Ave,6569,40.746647,-73.993915,40.75462324029105,-73.99516761302948,member
112962,8A8BC1A61EDEB1CD,classic_bike,2022-03-08 21:37:35,2022-03-08 21:43:05,W 27 St & 7 Ave,6247,W 36 St & 9 Ave,6569,40.746647,-73.993915,40.75462324029105,-73.99516761302948,member
112964,D31B017E97B64B12,electric_bike,2022-03-23 16:28:04,2022-03-23 16:35:08,W 16 St & The High Line,6233,W 36 St & 9 Ave,6569,40.74334935,-74.00681753,40.75462324029105,-73.99516761302948,member
112966,E51AF16D83A48D45,classic_bike,2022-03-10 00:53:37,2022-03-10 00:58:46,10 Ave & W 28 St,6459,W 36 St & 9 Ave,6569,40.75066386,-74.00176802,40.75462324029105,-73.99516761302948,member
112977,36D362A54CE5003A,electric_bike,2022-03-07 09:42:00,2022-03-07 10:05:04,E 72 St & York Ave,6889,W 36 St & 9 Ave,6569,40.76663814,-73.95348296,40.75462324029105,-73.99516761302948,member
112982,B2674A299614A647,classic_bike,2022-03-30 12:10:15,2022-03-30 12:23:21,Broadway & W 61 St,7014,W 36 St & 9 Ave,6569,40.77003010255044,-73.9819684624672,40.75462324029105,-73.99516761302948,member
112985,EC86CABFB5C7C8CF,electric_bike,2022-03-18 16:29:29,2022-03-18 16:37:26,8 Ave & W 27 St,6297,W 36 St & 9 Ave,6569,40.747968,-73.996637,40.75462324029105,-73.99516761302948,member
112989,4521187E9F81646D,classic_bike,2022-03-07 05:41:43,2022-03-07 06:02:10,6 Ave & Walker St,5430,W 36 St & 9 Ave,6569,40.7197920901383,-74.0052238852195,40.75462324029105,-73.99516761302948,member
112990,8347830243DEB53A,electric_bike,2022-03-13 14:39:58,2022-03-13 14:44:56,11 Ave & W 27 St,6425,W 36 St & 9 Ave,6569,40.751396,-74.005226,40.75462324029105,-73.99516761302948,member
112996,03D8707C12546C3B,classic_bike,2022-03-08 23:52:09,2022-03-09 00:01:51,W 4 St & 7 Ave S,5880,W 36 St & 9 Ave,6569,40.73401143,-74.00293877,40.75462324029105,-73.99516761302948,member
112997,45F193C03D6AB009,electric_bike,2022-03-11 00:04:49,2022-03-11 00:15:37,W 4 St & 7 Ave S,5880,W 36 St & 9 Ave,6569,40.73401143,-74.00293877,40.75462324029105,-73.99516761302948,member
112999,91870F114150DCA4,electric_bike,2022-03-09 21:34:39,2022-03-09 21:39:37,W 45 St & 8 Ave,6676,W 36 St & 9 Ave,6569,40.75929124,-73.98859651,40.75462324029105,-73.99516761302948,casual
113000,ADF10C36717CF6F4,classic_bike,2022-03-05 16:54:31,2022-03-05 16:59:29,W 45 St & 8 Ave,6676,W 36 St & 9 Ave,6569,40.75929124,-73.98859651,40.75462324029105,-73.99516761302948,casual
113001,501CC59939A008AF,classic_bike,2022-03-25 21:20:38,2022-03-25 21:47:34,Lafayette St & Jersey St,5561,W 36 St & 9 Ave,6569,40.72456089,-73.99565293,40.75462324029105,-73.99516761302948,casual
113002,03E2302A9BEC7509,classic_bike,2022-03-25 21:22:22,2022-03-25 21:49:23,Lafayette St & Jersey St,5561,W 36 St & 9 Ave,6569,40.72456089,-73.99565293,40.75462324029105,-73.99516761302948,casual
113003,0D652FE68A56ACFB,classic_bike,2022-03-25 09:24:15,2022-03-25 09:29:19,W 45 St & 8 Ave,6676,W 36 St & 9 Ave,6569,40.75929124,-73.98859651,40.75462324029105,-73.99516761302948,member
113007,EACD486ECA4B8F3B,classic_bike,2022-03-28 12:46:51,2022-03-28 12:56:37,W 54 St & 11 Ave,6955,W 36 St & 9 Ave,6569,40.768333,-73.992573,40.75462324029105,-73.99516761302948,member
113014,5A866D66FF89F90D,electric_bike,2022-03-21 11:33:01,2022-03-21 11:38:43,W 45 St & 8 Ave,6676,W 36 St & 9 Ave,6569,40.75929124,-73.98859651,40.75462324029105,-73.99516761302948,casual
113015,E841EF4B5F046906,classic_bike,2022-03-28 12:06:56,2022-03-28 12:12:11,W 45 St & 8 Ave,6676,W 36 St & 9 Ave,6569,40.75929124,-73.98859651,40.75462324029105,-73.99516761302948,casual
113016,89F68BD3EE31C5E6,classic_bike,2022-03-16 14:31:37,2022-03-16 14:36:18,W 45 St & 8 Ave,6676,W 36 St & 9 Ave,6569,40.75929124,-73.98859651,40.75462324029105,-73.99516761302948,member
113020,37FB224B33194024,classic_bike,2022-03-21 19:32:59,2022-03-21 19:37:59,W 45 St & 8 Ave,6676,W 36 St & 9 Ave,6569,40.75929124,-73.98859651,40.75462324029105,-73.99516761302948,member
113021,83BC8B4652F0686C,electric_bike,2022-03-07 00:44:08,2022-03-07 00:53:02,W 4 St & 7 Ave S,5880,W 36 St & 9 Ave,6569,40.73401143,-74.00293877,40.75462324029105,-73.99516761302948,member
113023,6F0C3AB4A3FDBBCE,electric_bike,2022-03-18 10:36:02,2022-03-18 10:38:28,8 Ave & W 33 St,6450,W 36 St & 9 Ave,6569,40.751551,-73.993934,40.75462324029105,-73.99516761302948,member
113025,4965B87298E3FB8F,classic_bike,2022-03-16 07:37:28,2022-03-16 07:43:20,W 45 St & 8 Ave,6676,W 36 St & 9 Ave,6569,40.75929124,-73.98859651,40.75462324029105,-73.99516761302948,casual
113029,846E6E74512F0ACB,classic_bike,2022-03-15 19:10:30,2022-03-15 19:13:20,8 Ave & W 33 St,6450,W 36 St & 9 Ave,6569,40.751551,-73.993934,40.75462324029105,-73.99516761302948,member
113030,F286391105BEAF1E,electric_bike,2022-03-24 17:59:56,2022-03-24 18:14:46,E 55 St & 2 Ave,6650,W 36 St & 9 Ave,6569,40.75797322,-73.96603308,40.75462324029105,-73.99516761302948,member
113045,CD75C73FE5BF1E8A,electric_bike,2022-03-15 17:27:27,2022-03-15 17:34:28,E 33 St & 5 Ave,6322,W 36 St & 9 Ave,6569,40.74765947,-73.98490707,40.75462324029105,-73.99516761302948,casual
113052,1E4BBCE600753881,electric_bike,2022-03-19 14:35:46,2022-03-19 14:42:57,E 33 St & 5 Ave,6322,W 36 St & 9 Ave,6569,40.74765947,-73.98490707,40.75462324029105,-73.99516761302948,casual
113056,549CBBFEBC990AB2,docked_bike,2022-03-29 15:14:19,2022-03-29 15:34:51,E 33 St & 5 Ave,6322,W 36 St & 9 Ave,6569,40.747659,-73.984907,40.754623,-73.995168,casual
113057,406E666157CC1BB4,classic_bike,2022-03-05 00:18:08,2022-03-05 01:04:20,E 11 St & 3 Ave,5788,W 36 St & 9 Ave,6569,40.73127,-73.98849,40.75462324029105,-73.99516761302948,casual
113081,0FFDA2293E3B2DC5,electric_bike,2022-03-17 18:24:25,2022-03-17 18:32:17,W 46 St & 11 Ave,6795,W 36 St & 9 Ave,6569,40.76341379,-73.99667444,40.75462324029105,-73.99516761302948,member
113085,C26E239A4CE4EB0F,classic_bike,2022-03-02 16:31:04,2022-03-02 16:40:44,W 25 St & 6 Ave,6215,W 36 St & 9 Ave,6569,40.74395411,-73.99144871,40.75462324029105,-73.99516761302948,member
113098,86BF315BCE3E1662,electric_bike,2022-03-19 18:35:48,2022-03-19 18:50:43,Spring St & Hudson St,5653,W 36 St & 9 Ave,6569,40.72583996792375,-74.0076532959938,40.75462324029105,-73.99516761302948,casual
113100,748CDF17146245BB,classic_bike,2022-03-18 19:19:23,2022-03-18 19:26:01,W 47 St & 10 Ave,6824,W 36 St & 9 Ave,6569,40.76269882,-73.99301222,40.75462324029105,-73.99516761302948,casual
113103,C8B762A4A19C856A,electric_bike,2022-03-22 16:07:45,2022-03-22 16:13:01,W 46 St & 11 Ave,6795,W 36 St & 9 Ave,6569,40.76341379,-73.99667444,40.75462324029105,-73.99516761302948,member
113104,2DEDD2DCD1660BB2,electric_bike,2022-03-07 13:16:03,2022-03-07 13:37:14,Madison St & Montgomery St,5262,W 36 St & 9 Ave,6569,40.713126,-73.984844,40.75462324029105,-73.99516761302948,casual
113110,1A27B635BCA44625,electric_bike,2022-03-10 15:02:44,2022-03-10 15:10:42,W 41 St & 8 Ave,6602,W 36 St & 9 Ave,6569,40.75640548,-73.9900262,40.75462324029105,-73.99516761302948,member
113117,E1D297E8D3928304,electric_bike,2022-03-27 17:30:47,2022-03-27 17:34:24,W 41 St & 8 Ave,6602,W 36 St & 9 Ave,6569,40.75640548,-73.9900262,40.75462324029105,-73.99516761302948,casual
113122,445CE06C2CC242B6,classic_bike,2022-03-19 14:43:51,2022-03-19 14:53:11,W 22 St & 10 Ave,6306,W 36 St & 9 Ave,6569,40.74691959,-74.00451887,40.75462324029105,-73.99516761302948,member
113144,0F5925DE346B8CD9,classic_bike,2022-03-04 08:20:04,2022-03-04 08:22:05,W 39 St & 9 Ave,6644,W 36 St & 9 Ave,6569,40.75645824,-73.99372222,40.75462324029105,-73.99516761302948,member
113148,F57D3A93FB433754,classic_bike,2022-03-10 20:37:21,2022-03-10 20:38:57,W 39 St & 9 Ave,6644,W 36 St & 9 Ave,6569,40.75645824,-73.99372222,40.75462324029105,-73.99516761302948,casual
113149,7EA1506EEEA558DD,classic_bike,2022-03-30 13:16:55,2022-03-30 14:09:56,Alexander Ave & E 134 St,7712,W 36 St & 9 Ave,6569,40.807466,-73.927107,40.75462324029105,-73.99516761302948,casual
113150,1E15DB4A49F99C21,electric_bike,2022-03-10 23:21:12,2022-03-10 23:24:02,W 39 St & 9 Ave,6644,W 36 St & 9 Ave,6569,40.75645824,-73.99372222,40.75462324029105,-73.99516761302948,casual
113180,9C7C645B9E1DA898,classic_bike,2022-03-23 16:45:28,2022-03-23 16:48:49,W 41 St & 8 Ave,6602,W 36 St & 9 Ave,6569,40.75640548,-73.9900262,40.75462324029105,-73.99516761302948,member
113299,E3338363E3E0309D,classic_bike,2022-03-23 14:55:40,2022-03-23 14:59:55,Broadway & W 38 St,6560,W 36 St & 9 Ave,6569,40.7529728216068,-73.98734897375107,40.75462324029105,-73.99516761302948,member
113361,3A61EA547B078AE6,electric_bike,2022-03-22 15:45:40,2022-03-22 15:51:20,W 27 St & 7 Ave,6247,W 36 St & 9 Ave,6569,40.746647,-73.993915,40.75462324029105,-73.99516761302948,member
113364,262D0F193595E497,classic_bike,2022-03-21 18:00:14,2022-03-21 18:09:17,W 27 St & 7 Ave,6247,W 36 St & 9 Ave,6569,40.746647,-73.993915,40.75462324029105,-73.99516761302948,member
113380,8B2B390C5EAFB559,classic_bike,2022-03-20 11:27:09,2022-03-20 11:36:42,W 27 St & 7 Ave,6247,W 36 St & 9 Ave,6569,40.746647,-73.993915,40.75462324029105,-73.99516761302948,member
113381,FDF9D8B88FC1118D,classic_bike,2022-03-31 13:48:54,2022-03-31 13:53:47,Broadway & W 38 St,6560,W 36 St & 9 Ave,6569,40.7529728216068,-73.98734897375107,40.75462324029105,-73.99516761302948,member
113402,4EE24E63BD3BB595,electric_bike,2022-03-04 11:13:46,2022-03-04 11:27:13,W 16 St & The High Line,6233,W 36 St & 9 Ave,6569,40.74334935,-74.00681753,40.75462324029105,-73.99516761302948,member
113412,775D2125220B3428,classic_bike,2022-03-19 19:01:01,2022-03-19 19:07:02,W 27 St & 7 Ave,6247,W 36 St & 9 Ave,6569,40.746647,-73.993915,40.75462324029105,-73.99516761302948,member
113414,A739A885B534C063,electric_bike,2022-03-31 10:10:33,2022-03-31 10:21:21,W 16 St & The High Line,6233,W 36 St & 9 Ave,6569,40.74334935,-74.00681753,40.75462324029105,-73.99516761302948,member
113461,E7D1CD54BBDFDCF7,classic_bike,2022-03-18 14:55:04,2022-03-18 15:15:13,W 54 St & 11 Ave,6955,W 36 St & 9 Ave,6569,40.768333,-73.992573,40.75462324029105,-73.99516761302948,member
113462,8AD81300894CB331,electric_bike,2022-03-18 09:43:57,2022-03-18 09:51:40,W 54 St & 11 Ave,6955,W 36 St & 9 Ave,6569,40.768333,-73.992573,40.75462324029105,-73.99516761302948,member
113463,91FD52C4715E2993,classic_bike,2022-03-17 14:17:50,2022-03-17 14:28:54,W 54 St & 11 Ave,6955,W 36 St & 9 Ave,6569,40.768333,-73.992573,40.75462324029105,-73.99516761302948,member
113507,D53C1512735886ED,electric_bike,2022-03-28 23:00:54,2022-03-28 23:05:07,W 50 St & 9 Ave,6854,W 36 St & 9 Ave,6569,40.76360467795863,-73.98917958140373,40.75462324029105,-73.99516761302948,member
113511,D5282AC8F0C25927,classic_bike,2022-03-17 03:29:31,2022-03-17 03:34:23,W 50 St & 9 Ave,6854,W 36 St & 9 Ave,6569,40.76360467795863,-73.98917958140373,40.75462324029105,-73.99516761302948,member
113516,89165705190B0426,electric_bike,2022-03-03 21:55:17,2022-03-03 22:01:11,W 50 St & 9 Ave,6854,W 36 St & 9 Ave,6569,40.76360467795863,-73.98917958140373,40.75462324029105,-73.99516761302948,casual
113518,61260E0963C95092,electric_bike,2022-03-31 00:02:53,2022-03-31 00:08:42,W 50 St & 9 Ave,6854,W 36 St & 9 Ave,6569,40.76360467795863,-73.98917958140373,40.75462324029105,-73.99516761302948,casual
113519,47B5F3FCBCBD7B64,classic_bike,2022-03-21 19:13:51,2022-03-21 20:13:36,Grand St & Greene St,5500,W 36 St & 9 Ave,6569,40.72170005235607,-74.00238141417502,40.75462324029105,-73.99516761302948,casual
113541,2FFB1FF258B2336B,classic_bike,2022-03-21 18:26:07,2022-03-21 18:39:03,Central Park S & 6 Ave,6876,W 36 St & 9 Ave,6569,40.76590936,-73.97634151,40.75462324029105,-73.99516761302948,casual
113560,E50AB03E0253F885,classic_bike,2022-03-10 11:42:01,2022-03-10 12:31:54,8 Ave & W 33 St,6450,W 36 St & 9 Ave,6569,40.751551,-73.993934,40.75462324029105,-73.99516761302948,member
113572,8147E8BE33EDE256,classic_bike,2022-03-28 06:31:15,2022-03-28 06:33:47,W 39 St & 9 Ave,6644,W 36 St & 9 Ave,6569,40.75645824,-73.99372222,40.75462324029105,-73.99516761302948,member
113584,9EA3918B32782D2A,electric_bike,2022-03-07 09:03:06,2022-03-07 09:29:11,Carlton Ave & Flushing Ave,4732,W 36 St & 9 Ave,6569,40.697787,-73.973736,40.75462324029105,-73.99516761302948,member
113653,C613FC95F3CF4352,electric_bike,2022-03-13 11:56:13,2022-03-13 12:05:36,W 70 St & Amsterdam Ave,7207,W 36 St & 9 Ave,6569,40.77748046,-73.98288594,40.75462324029105,-73.99516761302948,member
113655,FDD5C96C64A44619,classic_bike,2022-03-19 18:58:26,2022-03-19 19:13:29,W 70 St & Amsterdam Ave,7207,W 36 St & 9 Ave,6569,40.77748046,-73.98288594,40.75462324029105,-73.99516761302948,member
116259,370E70A110F93DC2,electric_bike,2022-03-24 19:07:13,2022-03-24 19:11:44,W 35 St & Dyer Ave,6569,8 Ave & W 38 St,6526,40.754691750226016,-73.99740189313889,40.75461,-73.99177,member
116264,910A6CE282058FE8,classic_bike,2022-03-20 12:50:02,2022-03-20 13:14:42,W 35 St & Dyer Ave,6569,8 Ave & W 38 St,6526,40.754691750226016,-73.99740189313889,40.75461,-73.99177,casual
116297,1600FC66F7DB8E14,classic_bike,2022-03-22 17:29:30,2022-03-22 17:32:34,W 35 St & Dyer Ave,6569,8 Ave & W 38 St,6526,40.754691750226016,-73.99740189313889,40.75461,-73.99177,member
116395,825B7EA444843B35,electric_bike,2022-03-21 17:09:14,2022-03-21 17:11:26,W 36 St & 9 Ave,6569,8 Ave & W 38 St,6526,40.75462324029105,-73.99516761302948,40.75461,-73.99177,member
116396,874A703B85848079,electric_bike,2022-03-25 10:18:54,2022-03-25 10:20:45,W 36 St & 9 Ave,6569,8 Ave & W 38 St,6526,40.75462324029105,-73.99516761302948,40.75461,-73.99177,member
116402,050A07A71B81ADA8,electric_bike,2022-03-23 11:17:28,2022-03-23 11:19:11,W 36 St & 9 Ave,6569,8 Ave & W 38 St,6526,40.75462324029105,-73.99516761302948,40.75461,-73.99177,member
116403,B3657B6E3D247675,classic_bike,2022-03-22 01:20:34,2022-03-22 01:43:41,W 36 St & 9 Ave,6569,8 Ave & W 38 St,6526,40.75462324029105,-73.99516761302948,40.75461,-73.99177,member
116684,56E07C1972E7B257,classic_bike,2022-03-08 11:20:42,2022-03-08 11:22:06,W 36 St & 9 Ave,6569,8 Ave & W 38 St,6526,40.75462324029105,-73.99516761302948,40.75461,-73.99177,member
116818,1DEC533D40D883D7,classic_bike,2022-03-30 12:42:49,2022-03-30 12:49:21,W 35 St & Dyer Ave,6569,8 Ave & W 38 St,6526,40.754691750226016,-73.99740189313889,40.75461,-73.99177,casual
116822,280EC35DF9CE7E91,electric_bike,2022-03-23 17:45:35,2022-03-23 17:49:17,W 35 St & Dyer Ave,6569,8 Ave & W 38 St,6526,40.754691750226016,-73.99740189313889,40.75461,-73.99177,member
116823,121956FA63352EF1,electric_bike,2022-03-23 08:52:38,2022-03-23 08:55:25,W 35 St & Dyer Ave,6569,8 Ave & W 38 St,6526,40.754691750226016,-73.99740189313889,40.75461,-73.99177,member
116834,BA35A7EA9088A1B4,classic_bike,2022-03-07 09:20:27,2022-03-07 09:23:26,W 35 St & 9 Ave,6569,8 Ave & W 38 St,6526,40.75414519263519,-73.9960889518261,40.75461,-73.99177,member
116835,C02753FB4F17817D,classic_bike,2022-03-21 09:22:28,2022-03-21 09:26:16,W 35 St & 9 Ave,6569,8 Ave & W 38 St,6526,40.75414519263519,-73.9960889518261,40.75461,-73.99177,member
116837,1F198EB7944A527E,classic_bike,2022-03-29 17:17:21,2022-03-29 17:23:18,W 35 St & 9 Ave,6569,8 Ave & W 38 St,6526,40.75414519263519,-73.9960889518261,40.75461,-73.99177,casual
116843,4A43F846FE30606C,electric_bike,2022-03-08 09:50:49,2022-03-08 09:53:44,W 35 St & Dyer Ave,6569,8 Ave & W 38 St,6526,40.754691750226016,-73.99740189313889,40.75461,-73.99177,member
116845,04325DE04625FE1E,classic_bike,2022-03-02 08:34:09,2022-03-02 08:37:42,W 35 St & Dyer Ave,6569,8 Ave & W 38 St,6526,40.754691750226016,-73.99740189313889,40.75461,-73.99177,member
116870,E2454CF3358208C8,electric_bike,2022-03-28 08:36:14,2022-03-28 08:39:23,W 35 St & Dyer Ave,6569,8 Ave & W 38 St,6526,40.754691750226016,-73.99740189313889,40.75461,-73.99177,member
116871,71EE3E03B8A8DEF9,electric_bike,2022-03-10 13:30:46,2022-03-10 13:34:19,W 35 St & Dyer Ave,6569,8 Ave & W 38 St,6526,40.754691750226016,-73.99740189313889,40.75461,-73.99177,member
116872,276FBEF3704796CD,electric_bike,2022-03-10 08:32:36,2022-03-10 08:37:29,W 35 St & Dyer Ave,6569,8 Ave & W 38 St,6526,40.754691750226016,-73.99740189313889,40.75461,-73.99177,member
116912,D6C498E021CC7D9C,electric_bike,2022-03-10 11:39:39,2022-03-10 11:51:06,W 36 St & 9 Ave,6569,Broadway & W 56 St,6847,40.75462324029105,-73.99516761302948,40.7652654,-73.98192338,member
116913,6009B635355E31BE,electric_bike,2022-03-30 18:18:15,2022-03-30 18:24:07,W 36 St & 9 Ave,6569,8 Ave & W 52 St,6816,40.75462324029105,-73.99516761302948,40.76370739,-73.9851615,member
116925,8F924A4184A5516D,classic_bike,2022-03-28 12:22:46,2022-03-28 12:38:37,W 36 St & 9 Ave,6569,W 64 St & Thelonious Monk Circle,7123,40.75462324029105,-73.99516761302948,40.77515953434235,-73.98918695747852,member
116926,A2155B5E1833ECCD,classic_bike,2022-03-23 13:31:39,2022-03-23 13:41:04,W 36 St & 9 Ave,6569,8 Ave & W 52 St,6816,40.75462324029105,-73.99516761302948,40.76370739,-73.9851615,member
116937,D4C9239EA31FDED0,electric_bike,2022-03-23 09:21:41,2022-03-23 09:30:23,W 36 St & 9 Ave,6569,W 18 St & 6 Ave,6064,40.75462324029105,-73.99516761302948,40.73971301,-73.99456405,member
116938,A659B3BC7D4D2C78,classic_bike,2022-03-19 15:51:47,2022-03-19 16:01:27,W 36 St & 9 Ave,6569,9 Ave & W 18 St,6190,40.75462324029105,-73.99516761302948,40.74317449,-74.00366443,casual
117987,C42262ECCCBE1856,docked_bike,2022-03-29 14:08:55,2022-03-29 14:24:22,W 36 St & 9 Ave,6569,E 33 St & 5 Ave,6322,40.754623,-73.995168,40.747659,-73.984907,casual
117999,4E87ED14C76D7C13,electric_bike,2022-03-01 18:49:49,2022-03-01 18:56:19,W 36 St & 9 Ave,6569,E 33 St & 5 Ave,6322,40.75462324029105,-73.99516761302948,40.74765947,-73.98490707,casual
119229,BE99BA0B831C70BB,electric_bike,2022-03-29 22:39:04,2022-03-29 22:42:43,W 36 St & 9 Ave,6569,W 31 St & 7 Ave,6331,40.75462324029105,-73.99516761302948,40.749156,-73.9916,member
119230,B25ACF14E7443081,classic_bike,2022-03-30 20:52:21,2022-03-30 21:07:08,W 36 St & 9 Ave,6569,W 31 St & 7 Ave,6331,40.75462324029105,-73.99516761302948,40.749156,-73.9916,member
120256,5547ABC804FC5AF5,electric_bike,2022-03-18 20:35:35,2022-03-18 21:02:43,W 35 St & Dyer Ave,6569,Hudson St & W 13 St,6115,40.754691750226016,-73.99740189313889,40.74005708567285,-74.0052741765976,casual
120429,50089D06858AB802,electric_bike,2022-03-13 16:30:50,2022-03-13 16:40:22,W 36 St & 9 Ave,6569,Hudson St & W 13 St,6115,40.75462324029105,-73.99516761302948,40.74005708567285,-74.0052741765976,member
120503,4F72492A3641A663,electric_bike,2022-03-07 22:13:32,2022-03-07 22:19:56,W 35 St & Dyer Ave,6569,Broadway & W 41 St,6560,40.754691750226016,-73.99740189313889,40.75513557,-73.98658032,member
120838,A95A5C8B2A1AE669,electric_bike,2022-03-25 17:00:24,2022-03-25 17:09:35,W 36 St & 9 Ave,6569,Broadway & W 41 St,6560,40.75462324029105,-73.99516761302948,40.75513557,-73.98658032,casual
121489,615C1941C67F4924,electric_bike,2022-03-02 18:30:12,2022-03-02 18:43:35,W 36 St & 9 Ave,6569,Sullivan St & Washington Sq,5721,40.75462324029105,-73.99516761302948,40.73047747,-73.99906065,member
121562,81D72B3994053334,electric_bike,2022-03-18 17:19:23,2022-03-18 17:35:34,W 35 St & Dyer Ave,6569,Sullivan St & Washington Sq,5721,40.754691750226016,-73.99740189313889,40.73047747,-73.99906065,casual
121574,C0F48699689AE3D2,classic_bike,2022-03-13 11:21:22,2022-03-13 11:38:04,W 36 St & 9 Ave,6569,Sullivan St & Washington Sq,5721,40.75462324029105,-73.99516761302948,40.73047747,-73.99906065,member
121578,14C5D01EDC8E0487,electric_bike,2022-03-12 16:06:14,2022-03-12 16:17:38,W 36 St & 9 Ave,6569,University Pl & E 8 St,5755,40.75462324029105,-73.99516761302948,40.73143724085228,-73.99490341544151,member
122447,79D11C055406D53E,electric_bike,2022-03-14 19:59:24,2022-03-14 20:18:47,W 36 St & 9 Ave,6569,Grand Army Plaza & Central Park S,6839,40.75462324029105,-73.99516761302948,40.7643971,-73.97371465,member
122465,AB23BDD181ED5AEC,electric_bike,2022-03-01 13:23:09,2022-03-01 13:42:14,W 36 St & 9 Ave,6569,Grand Army Plaza & Central Park S,6839,40.75462324029105,-73.99516761302948,40.7643971,-73.97371465,member
122506,00EC5564B6A9AEB1,electric_bike,2022-03-21 17:05:44,2022-03-21 17:16:47,W 36 St & 9 Ave,6569,Grand Army Plaza & Central Park S,6839,40.75462324029105,-73.99516761302948,40.7643971,-73.97371465,casual
122638,CB7E6B49DE7D77B0,electric_bike,2022-03-24 15:06:55,2022-03-24 15:10:39,W 35 St & Dyer Ave,6569,W 36 St & 7 Ave,6483,40.754691750226016,-73.99740189313889,40.752149,-73.989539,member
122903,62CA6A61BE51D12B,classic_bike,2022-03-23 11:54:12,2022-03-23 12:21:57,W 36 St & 9 Ave,6569,5 Ave & E 87 St,7323,40.75462324029105,-73.99516761302948,40.78232260730881,-73.95987510681152,casual
122904,DB217B8E62DD3915,classic_bike,2022-03-17 14:37:25,2022-03-17 14:40:49,W 36 St & 9 Ave,6569,W 36 St & 7 Ave,6483,40.75462324029105,-73.99516761302948,40.752149,-73.989539,member
123132,7BD7A19C35B5A3F7,electric_bike,2022-03-11 08:16:12,2022-03-11 08:20:08,W 35 St & Dyer Ave,6569,W 36 St & 7 Ave,6483,40.754691750226016,-73.99740189313889,40.752149,-73.989539,member
123412,304A423AA90E19C3,classic_bike,2022-03-05 13:21:35,2022-03-05 13:23:58,W 36 St & 9 Ave,6569,W 36 St & 7 Ave,6483,40.75462324029105,-73.99516761302948,40.752149,-73.989539,member
123413,074503473ED0AECE,classic_bike,2022-03-12 21:46:27,2022-03-12 21:48:54,W 36 St & 9 Ave,6569,W 36 St & 7 Ave,6483,40.75462324029105,-73.99516761302948,40.752149,-73.989539,member
123790,99C6D6232DAFF860,electric_bike,2022-03-02 17:10:35,2022-03-02 17:25:26,W 35 St & Dyer Ave,6569,W 51 St & 6 Ave,6740,40.754691750226016,-73.99740189313889,40.7606597,-73.98042047,member
123791,626A59ED5F4499F5,classic_bike,2022-03-31 17:33:59,2022-03-31 17:45:22,W 35 St & Dyer Ave,6569,W 51 St & 6 Ave,6740,40.754691750226016,-73.99740189313889,40.7606597,-73.98042047,casual
123937,FAC5BB69E5DD2BF2,electric_bike,2022-03-11 08:01:23,2022-03-11 08:05:27,W 35 St & Dyer Ave,6569,W 22 St & 8 Ave,6224,40.754691750226016,-73.99740189313889,40.74475148,-73.99915362,member
124218,0C59A270CEC31CC9,classic_bike,2022-03-14 17:00:27,2022-03-14 17:05:32,W 36 St & 9 Ave,6569,W 22 St & 8 Ave,6224,40.75462324029105,-73.99516761302948,40.74475148,-73.99915362,member
124219,07390CC50253964B,classic_bike,2022-03-17 03:41:45,2022-03-17 03:46:29,W 36 St & 9 Ave,6569,W 22 St & 8 Ave,6224,40.75462324029105,-73.99516761302948,40.74475148,-73.99915362,member
124222,F8B396045E279353,electric_bike,2022-03-17 16:51:26,2022-03-17 17:00:50,W 36 St & 9 Ave,6569,W 51 St & 6 Ave,6740,40.75462324029105,-73.99516761302948,40.7606597,-73.98042047,member
124250,C33B5020B9230760,classic_bike,2022-03-29 17:55:03,2022-03-29 18:03:11,W 36 St & 9 Ave,6569,W 22 St & 8 Ave,6224,40.75462324029105,-73.99516761302948,40.74475148,-73.99915362,member
124259,19BF9BDA59B8DC8B,classic_bike,2022-03-01 18:13:46,2022-03-01 18:22:13,W 36 St & 9 Ave,6569,W 22 St & 8 Ave,6224,40.75462324029105,-73.99516761302948,40.74475148,-73.99915362,member
124567,AEEDF264788DEB25,electric_bike,2022-03-01 07:47:27,2022-03-01 07:51:55,W 35 St & Dyer Ave,6569,W 22 St & 8 Ave,6224,40.754691750226016,-73.99740189313889,40.74475148,-73.99915362,member
126445,EBF96ACBDF46061A,electric_bike,2022-03-30 14:47:50,2022-03-30 14:52:00,W 36 St & 9 Ave,6569,Broadway & W 36 St,6441,40.75462324029105,-73.99516761302948,40.75097711,-73.98765428,member
127055,40DFCFB754AB37B3,electric_bike,2022-03-01 17:00:16,2022-03-01 17:06:39,W 36 St & 9 Ave,6569,8 Ave & W 27 St,6297,40.75462324029105,-73.99516761302948,40.747968,-73.996637,member
127461,BF7331F8F1F93204,electric_bike,2022-03-23 15:32:00,2022-03-23 15:37:05,W 35 St & Dyer Ave,6569,8 Ave & W 27 St,6297,40.754691750226016,-73.99740189313889,40.747968,-73.996637,member
127463,32CE8C1DABBFCAAA,classic_bike,2022-03-25 10:07:46,2022-03-25 10:13:44,W 35 St & Dyer Ave,6569,8 Ave & W 27 St,6297,40.754691750226016,-73.99740189313889,40.747968,-73.996637,casual
128212,9F89A0A0D8863AF5,classic_bike,2022-03-26 10:43:16,2022-03-26 10:53:19,W 35 St & Dyer Ave,6569,Perry St & Bleecker St,5922,40.754691750226016,-73.99740189313889,40.73535398,-74.00483091,member
128258,74BE7A40D6F9745A,electric_bike,2022-03-22 09:07:59,2022-03-22 09:15:46,W 35 St & Dyer Ave,6569,E 40 St & 5 Ave,6474,40.754691750226016,-73.99740189313889,40.752062307,-73.9816324043,member
128259,5B1155AA6E70CBC1,electric_bike,2022-03-23 09:12:22,2022-03-23 09:20:28,W 35 St & Dyer Ave,6569,E 40 St & 5 Ave,6474,40.754691750226016,-73.99740189313889,40.752062307,-73.9816324043,member
128260,2465CDB874261F1D,electric_bike,2022-03-29 08:54:56,2022-03-29 09:03:45,W 35 St & Dyer Ave,6569,E 40 St & 5 Ave,6474,40.754691750226016,-73.99740189313889,40.752062307,-73.9816324043,member
128261,58FED49C7FA328F4,classic_bike,2022-03-16 08:52:10,2022-03-16 09:03:30,W 35 St & Dyer Ave,6569,E 40 St & 5 Ave,6474,40.754691750226016,-73.99740189313889,40.752062307,-73.9816324043,member
128283,AEC68C198BB1DB09,classic_bike,2022-03-17 17:09:42,2022-03-17 17:23:26,W 35 St & Dyer Ave,6569,FDR Drive & E 35 St,6230,40.754691750226016,-73.99740189313889,40.744219,-73.97121214,member
128505,4E8119F095F71C5C,classic_bike,2022-03-01 11:54:17,2022-03-01 12:08:22,W 35 St & Dyer Ave,6569,FDR Drive & E 35 St,6230,40.754691750226016,-73.99740189313889,40.744219,-73.97121214,member
128519,5528037634C686B1,classic_bike,2022-03-05 15:20:35,2022-03-05 15:31:53,W 35 St & Dyer Ave,6569,E 40 St & 5 Ave,6474,40.754691750226016,-73.99740189313889,40.752062307,-73.9816324043,member
128555,7AB7B7C99775AC3A,classic_bike,2022-03-27 11:06:04,2022-03-27 11:20:48,W 35 St & Dyer Ave,6569,Perry St & Bleecker St,5922,40.754691750226016,-73.99740189313889,40.73535398,-74.00483091,casual
128777,CED2E11CAB994B08,classic_bike,2022-03-22 18:13:09,2022-03-22 18:23:20,W 35 St & 9 Ave,6569,Perry St & Bleecker St,5922,40.75414519263519,-73.9960889518261,40.73535398,-74.00483091,casual
129695,BBC8A56AF83E821B,electric_bike,2022-03-07 16:54:59,2022-03-07 16:59:05,W 36 St & 9 Ave,6569,W 45 St & 8 Ave,6676,40.75462324029105,-73.99516761302948,40.75929124,-73.98859651,member
129697,9A48B9CB1E32F461,classic_bike,2022-03-26 13:48:50,2022-03-26 14:20:39,W 36 St & 9 Ave,6569,E 84 St & 1 Ave,7180,40.75462324029105,-73.99516761302948,40.77565541,-73.95068615,member
129698,3D1C74DB6E48E5A3,classic_bike,2022-03-13 21:09:55,2022-03-13 21:24:12,W 36 St & 9 Ave,6569,W 4 St & 7 Ave S,5880,40.75462324029105,-73.99516761302948,40.73401143,-74.00293877,member
129976,0D6514FDE408178D,classic_bike,2022-03-01 08:32:16,2022-03-01 08:52:17,W 35 St & Dyer Ave,6569,1 Ave & E 68 St,6822,40.754691750226016,-73.99740189313889,40.76500525,-73.95818491,member
130037,E2212BD5F93B9753,electric_bike,2022-03-11 10:45:01,2022-03-11 10:54:19,W 35 St & Dyer Ave,6569,Madison Ave & E 26 St,6131,40.754691750226016,-73.99740189313889,40.742684734875695,-73.98671329021454,casual
130718,92963679C71ADEBA,electric_bike,2022-03-14 21:03:25,2022-03-14 21:13:03,W 36 St & 9 Ave,6569,W 74 St & Columbus Ave,7230,40.75462324029105,-73.99516761302948,40.7785669,-73.97754961,member
131444,A5D0B690953D8D9C,classic_bike,2022-03-30 15:18:55,2022-03-30 15:33:03,W 36 St & 9 Ave,6569,E 33 St & 1 Ave,6197,40.75462324029105,-73.99516761302948,40.74322681432173,-73.97449783980846,member
132008,80803162A5988788,classic_bike,2022-03-11 07:07:37,2022-03-11 07:14:33,W 36 St & 9 Ave,6569,W 49 St & 8 Ave,6747,40.75462324029105,-73.99516761302948,40.76227205,-73.98788205,member
132084,56897760CB14C41C,classic_bike,2022-03-14 10:04:23,2022-03-14 10:14:40,W 36 St & 9 Ave,6569,W 21 St & 6 Ave,6140,40.75462324029105,-73.99516761302948,40.74173969,-73.99415556,member
132167,DDB8A18C8BBAA6CD,classic_bike,2022-03-26 10:10:23,2022-03-26 10:16:36,W 36 St & 9 Ave,6569,W 49 St & 8 Ave,6747,40.75462324029105,-73.99516761302948,40.76227205,-73.98788205,member
132237,8176C9141B01A754,classic_bike,2022-03-29 20:20:48,2022-03-29 20:29:02,W 35 St & Dyer Ave,6569,W 49 St & 8 Ave,6747,40.754691750226016,-73.99740189313889,40.76227205,-73.98788205,member
132240,4C0A22EB6016D203,classic_bike,2022-03-20 03:08:11,2022-03-20 03:14:40,W 35 St & Dyer Ave,6569,W 49 St & 8 Ave,6747,40.754691750226016,-73.99740189313889,40.76227205,-73.98788205,member
132391,A41A72695401EBBA,electric_bike,2022-03-04 22:32:47,2022-03-04 22:53:56,W 36 St & 9 Ave,6569,W 21 St & 6 Ave,6140,40.75462324029105,-73.99516761302948,40.74173969,-73.99415556,member
132402,4C967D1A966CB6E6,classic_bike,2022-03-11 13:45:00,2022-03-11 13:49:50,W 36 St & 9 Ave,6569,W 49 St & 8 Ave,6747,40.75462324029105,-73.99516761302948,40.76227205,-73.98788205,member
132403,23386228AECB792B,classic_bike,2022-03-18 07:06:39,2022-03-18 07:12:52,W 36 St & 9 Ave,6569,W 49 St & 8 Ave,6747,40.75462324029105,-73.99516761302948,40.76227205,-73.98788205,member
132413,53FE3AD4F133E40D,electric_bike,2022-03-13 18:53:04,2022-03-13 19:00:44,W 35 St & 9 Ave,6569,W 21 St & 6 Ave,6140,40.75414519263519,-73.9960889518261,40.74173969,-73.99415556,casual
132441,F7DA5CB3A9496403,classic_bike,2022-03-17 21:13:53,2022-03-17 21:24:59,W 35 St & Dyer Ave,6569,W 21 St & 6 Ave,6140,40.754691750226016,-73.99740189313889,40.74173969,-73.99415556,casual
132466,00AF2CEB440F7551,classic_bike,2022-03-18 03:29:38,2022-03-18 03:35:41,W 35 St & Dyer Ave,6569,W 49 St & 8 Ave,6747,40.754691750226016,-73.99740189313889,40.76227205,-73.98788205,member
132508,08F360B08506E0EA,electric_bike,2022-03-30 19:36:34,2022-03-30 19:43:25,W 35 St & Dyer Ave,6569,W 49 St & 8 Ave,6747,40.754691750226016,-73.99740189313889,40.76227205,-73.98788205,member
135558,4F41E45F261667F2,electric_bike,2022-03-04 08:08:07,2022-03-04 08:13:50,W 36 St & 9 Ave,6569,9 Ave & W 45 St,6717,40.75462324029105,-73.99516761302948,40.76019252,-73.9912551,member
135894,7A7F897828D9A7AA,classic_bike,2022-03-08 18:24:10,2022-03-08 18:31:34,W 35 St & Dyer Ave,6569,W 56 St & 10 Ave,6955,40.754691750226016,-73.99740189313889,40.768254,-73.988639,member
135901,FC673306C50D1CE4,classic_bike,2022-03-30 08:58:18,2022-03-30 09:31:36,W 35 St & Dyer Ave,6569,2 Ave & E 72 St,6925,40.754691750226016,-73.99740189313889,40.7687620293096,-73.95840793848038,member
136134,B6F7CC8B31E2AF25,electric_bike,2022-03-11 11:57:33,2022-03-11 12:27:48,W 36 St & 9 Ave,6569,W 140 St & Riverside Dr,7981,40.75462324029105,-73.99516761302948,40.824013,-73.954743,casual
136136,0F0B5AC74B51383B,classic_bike,2022-03-19 10:06:24,2022-03-19 11:03:48,W 36 St & 9 Ave,6569,Broadway & W 58 St,6948,40.75462324029105,-73.99516761302948,40.76695317,-73.98169333,casual
136143,BF026EDA63165FD5,classic_bike,2022-03-21 18:26:34,2022-03-21 18:41:06,W 36 St & 9 Ave,6569,W 56 St & 10 Ave,6955,40.75462324029105,-73.99516761302948,40.768254,-73.988639,member
136145,8FA860F9926385B9,electric_bike,2022-03-21 16:39:04,2022-03-21 16:45:25,W 36 St & 9 Ave,6569,9 Ave & W 45 St,6717,40.75462324029105,-73.99516761302948,40.76019252,-73.9912551,member
136146,877EFEA97737B823,electric_bike,2022-03-01 08:11:07,2022-03-01 08:16:38,W 36 St & 9 Ave,6569,9 Ave & W 45 St,6717,40.75462324029105,-73.99516761302948,40.76019252,-73.9912551,member
136149,8410244BDA418847,electric_bike,2022-03-11 18:26:04,2022-03-11 18:39:38,W 36 St & 9 Ave,6569,E 56 St & Madison Ave,6732,40.75462324029105,-73.99516761302948,40.761573,-73.972628,member
136152,87A1ED214A3C708D,electric_bike,2022-03-07 14:06:22,2022-03-07 14:12:43,W 36 St & 9 Ave,6569,9 Ave & W 45 St,6717,40.75462324029105,-73.99516761302948,40.76019252,-73.9912551,member
136346,433D9CBE695BD05B,docked_bike,2022-03-20 12:34:46,2022-03-20 12:58:20,W 36 St & 9 Ave,6569,9 Ave & W 45 St,6717,40.754623,-73.995168,40.760193,-73.991255,casual
136455,730A0B5207A5D48A,electric_bike,2022-03-11 08:04:33,2022-03-11 08:11:06,W 36 St & 9 Ave,6569,9 Ave & W 45 St,6717,40.75462324029105,-73.99516761302948,40.76019252,-73.9912551,member
136746,EFE50438329DD917,classic_bike,2022-03-29 13:39:48,2022-03-29 13:57:27,W 35 St & Dyer Ave,6569,Broadway & W 58 St,6948,40.754691750226016,-73.99740189313889,40.76695317,-73.98169333,member
138882,24316A2CFBEEDE39,classic_bike,2022-03-16 18:53:55,2022-03-16 18:58:03,W 36 St & 9 Ave,6569,W 30 St & 8 Ave,6373,40.75462324029105,-73.99516761302948,40.74965268472847,-73.9952078461647,member
138917,7BDBD3621CF98075,docked_bike,2022-03-22 12:54:53,2022-03-22 13:05:11,W 36 St & 9 Ave,6569,Gansevoort St & Hudson St,6072,40.754623,-73.995168,40.739448,-74.00507,casual
139143,6D41681FBD7CDB80,classic_bike,2022-03-23 18:16:29,2022-03-23 18:22:02,W 36 St & 9 Ave,6569,W 30 St & 8 Ave,6373,40.75462324029105,-73.99516761302948,40.74965268472847,-73.9952078461647,member
139147,CEBC86728E14EF97,classic_bike,2022-03-30 19:27:57,2022-03-30 19:37:51,W 36 St & 9 Ave,6569,Gansevoort St & Hudson St,6072,40.75462324029105,-73.99516761302948,40.73944820130404,-74.00507032871246,member
139148,51B61A7C4D60593A,classic_bike,2022-03-20 22:09:15,2022-03-20 22:17:37,W 36 St & 9 Ave,6569,Gansevoort St & Hudson St,6072,40.75462324029105,-73.99516761302948,40.73944820130404,-74.00507032871246,member
141970,6505FE75B52042E5,classic_bike,2022-03-21 08:25:03,2022-03-21 08:27:08,W 36 St & 9 Ave,6569,8 Ave & W 33 St,6450,40.75462324029105,-73.99516761302948,40.751551,-73.993934,member
142417,676CBA7188CF6DEC,electric_bike,2022-03-01 20:04:07,2022-03-01 20:07:53,W 35 St & Dyer Ave,6569,8 Ave & W 33 St,6450,40.754691750226016,-73.99740189313889,40.751551,-73.993934,member
142418,4F4F0E0090A6C5E4,classic_bike,2022-03-22 15:28:27,2022-03-22 15:30:29,W 35 St & Dyer Ave,6569,8 Ave & W 33 St,6450,40.754691750226016,-73.99740189313889,40.751551,-73.993934,member
142419,86406D87F1903D8B,electric_bike,2022-03-30 14:29:11,2022-03-30 14:31:54,W 35 St & Dyer Ave,6569,8 Ave & W 33 St,6450,40.754691750226016,-73.99740189313889,40.751551,-73.993934,member
142426,FD7C13EB6FB043E2,classic_bike,2022-03-02 15:58:39,2022-03-02 16:01:43,W 35 St & Dyer Ave,6569,8 Ave & W 33 St,6450,40.754691750226016,-73.99740189313889,40.751551,-73.993934,member
142430,FB3A73C998D424E8,classic_bike,2022-03-23 14:51:42,2022-03-23 14:55:05,W 35 St & Dyer Ave,6569,8 Ave & W 33 St,6450,40.754691750226016,-73.99740189313889,40.751551,-73.993934,member
142441,317D7EB001978599,classic_bike,2022-03-25 14:20:13,2022-03-25 14:23:47,W 35 St & Dyer Ave,6569,8 Ave & W 33 St,6450,40.754691750226016,-73.99740189313889,40.751551,-73.993934,member
142443,5D4D67A3CCD935D4,electric_bike,2022-03-03 17:30:15,2022-03-03 17:41:11,W 35 St & Dyer Ave,6569,Thompson St & Bleecker St,5721,40.754691750226016,-73.99740189313889,40.72840059450829,-73.99968780577183,member
142499,2BBFF2A38684B664,classic_bike,2022-03-20 10:45:10,2022-03-20 10:48:16,W 35 St & Dyer Ave,6569,8 Ave & W 33 St,6450,40.754691750226016,-73.99740189313889,40.751551,-73.993934,member
142554,31FC2991CD7430D3,classic_bike,2022-03-24 17:06:28,2022-03-24 17:08:59,W 36 St & 9 Ave,6569,8 Ave & W 33 St,6450,40.75462324029105,-73.99516761302948,40.751551,-73.993934,member
142555,B33E1495F47B0CBC,electric_bike,2022-03-14 17:51:46,2022-03-14 18:03:34,W 36 St & 9 Ave,6569,Thompson St & Bleecker St,5721,40.75462324029105,-73.99516761302948,40.72840059450829,-73.99968780577183,casual
142556,81584D93B973ED00,electric_bike,2022-03-15 17:39:24,2022-03-15 17:41:49,W 36 St & 9 Ave,6569,8 Ave & W 33 St,6450,40.75462324029105,-73.99516761302948,40.751551,-73.993934,member
142572,62052781EFCF5B36,classic_bike,2022-03-18 16:36:05,2022-03-18 16:40:08,W 36 St & 9 Ave,6569,8 Ave & W 33 St,6450,40.75462324029105,-73.99516761302948,40.751551,-73.993934,member
142577,E93BF09AD3B1A190,classic_bike,2022-03-29 15:31:50,2022-03-29 15:57:07,W 36 St & 9 Ave,6569,8 Ave & W 33 St,6450,40.75462324029105,-73.99516761302948,40.751551,-73.993934,member
142897,746A4E068A346D20,electric_bike,2022-03-21 10:40:54,2022-03-21 10:42:56,W 36 St & 9 Ave,6569,8 Ave & W 33 St,6450,40.75462324029105,-73.99516761302948,40.751551,-73.993934,member
142898,F491C19165F564D5,electric_bike,2022-03-18 10:24:57,2022-03-18 10:30:15,W 36 St & 9 Ave,6569,8 Ave & W 33 St,6450,40.75462324029105,-73.99516761302948,40.751551,-73.993934,member
142910,7483BB3DA547C514,electric_bike,2022-03-11 05:48:15,2022-03-11 06:05:43,W 36 St & 9 Ave,6569,Queens Plaza North & Crescent St,6429,40.75462324029105,-73.99516761302948,40.75110165,-73.94073717,member
142917,27EFCD47023AB5F5,electric_bike,2022-03-02 06:02:38,2022-03-02 06:20:45,W 36 St & 9 Ave,6569,Queens Plaza North & Crescent St,6429,40.75462324029105,-73.99516761302948,40.75110165,-73.94073717,member
142965,EBD0B9740B40C4DE,classic_bike,2022-03-06 16:13:59,2022-03-06 16:27:15,W 35 St & Dyer Ave,6569,W 44 St & 11 Ave,6756,40.754691750226016,-73.99740189313889,40.762009,-73.996975,member
143189,6212519BAB5B667C,classic_bike,2022-03-26 09:53:35,2022-03-26 10:11:29,W 35 St & Dyer Ave,6569,Madison Av & E 51 St,6659,40.754691750226016,-73.99740189313889,40.75863,-73.97513,casual
145362,CDE460535EBFDD32,classic_bike,2022-03-05 22:44:59,2022-03-05 22:48:15,W 35 St & Dyer Ave,6569,11 Ave & W 41 St,6726,40.754691750226016,-73.99740189313889,40.76030096,-73.99884222,member
145372,E0757AE28917D0E7,classic_bike,2022-03-19 16:15:21,2022-03-19 16:19:16,W 35 St & Dyer Ave,6569,11 Ave & W 41 St,6726,40.754691750226016,-73.99740189313889,40.76030096,-73.99884222,member
145374,9586841CDBF2384A,classic_bike,2022-03-24 17:20:22,2022-03-24 17:26:35,W 35 St & Dyer Ave,6569,11 Ave & W 41 St,6726,40.754691750226016,-73.99740189313889,40.76030096,-73.99884222,member
146634,5A8BB3E2D0DDF5F9,classic_bike,2022-03-02 15:54:50,2022-03-02 16:29:20,W 35 St & Dyer Ave,6569,Centre St & Chambers St,5207,40.754691750226016,-73.99740189313889,40.71273266,-74.0046073,casual
146635,BB16FC6B9680EF36,electric_bike,2022-03-27 13:22:48,2022-03-27 13:50:47,W 35 St & Dyer Ave,6569,Stanton St & Chrystie St,5523,40.754691750226016,-73.99740189313889,40.72229346,-73.99147535,casual
147076,52F347F311373768,classic_bike,2022-03-06 07:07:48,2022-03-06 07:24:58,W 36 St & 9 Ave,6569,Bleecker St & Crosby St,5679,40.75462324029105,-73.99516761302948,40.72615604980408,-73.99510189890862,casual
147094,FA39FF3C9A6F708C,docked_bike,2022-03-25 14:35:27,2022-03-25 15:29:46,W 36 St & 9 Ave,6569,Stanton St & Chrystie St,5523,40.754623,-73.995168,40.722293,-73.991475,casual
147406,B3A78EEA7B2BDA13,classic_bike,2022-03-11 12:19:13,2022-03-11 12:43:04,W 35 St & Dyer Ave,6569,W 16 St & The High Line,6233,40.754691750226016,-73.99740189313889,40.74334935,-74.00681753,casual
147699,E325002AF09A9566,classic_bike,2022-03-06 11:24:32,2022-03-06 11:34:12,W 36 St & 9 Ave,6569,W 27 St & 7 Ave,6247,40.75462324029105,-73.99516761302948,40.746647,-73.993915,member
147704,B28EEADA69F0D00C,electric_bike,2022-03-07 10:09:21,2022-03-07 10:14:15,W 36 St & 9 Ave,6569,W 27 St & 7 Ave,6247,40.75462324029105,-73.99516761302948,40.746647,-73.993915,member
147708,46C13B3268162B60,classic_bike,2022-03-17 09:15:38,2022-03-17 09:22:31,W 36 St & 9 Ave,6569,W 27 St & 7 Ave,6247,40.75462324029105,-73.99516761302948,40.746647,-73.993915,member
147709,9660904134CF354B,classic_bike,2022-03-30 11:40:11,2022-03-30 11:49:03,W 36 St & 9 Ave,6569,W 27 St & 7 Ave,6247,40.75462324029105,-73.99516761302948,40.746647,-73.993915,member
147710,07B21E2669E2CA03,classic_bike,2022-03-23 09:19:14,2022-03-23 09:24:41,W 36 St & 9 Ave,6569,W 27 St & 7 Ave,6247,40.75462324029105,-73.99516761302948,40.746647,-73.993915,casual
147711,49C90D087CB1DBF2,classic_bike,2022-03-27 11:25:15,2022-03-27 11:32:06,W 36 St & 9 Ave,6569,W 27 St & 7 Ave,6247,40.75462324029105,-73.99516761302948,40.746647,-73.993915,member
147712,1B08FD7E1BECE336,classic_bike,2022-03-05 09:34:31,2022-03-05 09:42:52,W 36 St & 9 Ave,6569,W 27 St & 7 Ave,6247,40.75462324029105,-73.99516761302948,40.746647,-73.993915,member
147713,07E65442AA62676F,classic_bike,2022-03-26 01:14:32,2022-03-26 01:22:02,W 36 St & 9 Ave,6569,Broadway & W 25 St,6173,40.75462324029105,-73.99516761302948,40.74286877312112,-73.98918628692627,member
147715,A3C41E42769707F8,electric_bike,2022-03-01 07:42:23,2022-03-01 07:47:18,W 36 St & 9 Ave,6569,Broadway & W 38 St,6560,40.75462324029105,-73.99516761302948,40.7529728216068,-73.98734897375107,casual
147717,EACAE0B9C68808B5,electric_bike,2022-03-23 12:56:57,2022-03-23 13:09:32,W 36 St & 9 Ave,6569,Broadway & W 25 St,6173,40.75462324029105,-73.99516761302948,40.74286877312112,-73.98918628692627,member
147721,068E0325A995BE42,electric_bike,2022-03-28 09:11:33,2022-03-28 09:16:29,W 36 St & 9 Ave,6569,W 27 St & 7 Ave,6247,40.75462324029105,-73.99516761302948,40.746647,-73.993915,casual
147722,BCB650D4A9B3D4AB,classic_bike,2022-03-26 13:54:40,2022-03-26 14:04:50,W 36 St & 9 Ave,6569,Broadway & W 25 St,6173,40.75462324029105,-73.99516761302948,40.74286877312112,-73.98918628692627,casual
147724,61F9E01EDC3B9882,electric_bike,2022-03-29 07:53:16,2022-03-29 07:57:59,W 36 St & 9 Ave,6569,Broadway & W 38 St,6560,40.75462324029105,-73.99516761302948,40.7529728216068,-73.98734897375107,casual
147736,5C987F900C37F2B2,classic_bike,2022-03-13 15:22:35,2022-03-13 15:27:29,W 36 St & 9 Ave,6569,Broadway & W 38 St,6560,40.75462324029105,-73.99516761302948,40.7529728216068,-73.98734897375107,member
147739,7234C5077A9D634F,classic_bike,2022-03-16 21:06:12,2022-03-16 21:16:13,W 36 St & 9 Ave,6569,W 27 St & 7 Ave,6247,40.75462324029105,-73.99516761302948,40.746647,-73.993915,casual
147740,865C03715327DCCE,classic_bike,2022-03-08 12:49:55,2022-03-08 12:54:47,W 36 St & 9 Ave,6569,Broadway & W 38 St,6560,40.75462324029105,-73.99516761302948,40.7529728216068,-73.98734897375107,member
147742,8895C6412136A3F3,classic_bike,2022-03-19 09:33:57,2022-03-19 09:41:41,W 36 St & 9 Ave,6569,W 27 St & 7 Ave,6247,40.75462324029105,-73.99516761302948,40.746647,-73.993915,member
147743,493EEA3214B213BE,electric_bike,2022-03-09 16:43:46,2022-03-09 16:46:56,W 36 St & 9 Ave,6569,Broadway & W 38 St,6560,40.75462324029105,-73.99516761302948,40.7529728216068,-73.98734897375107,member
147758,80A6F32ED44318D8,classic_bike,2022-03-30 09:02:02,2022-03-30 09:06:58,W 36 St & 9 Ave,6569,Broadway & W 38 St,6560,40.75462324029105,-73.99516761302948,40.7529728216068,-73.98734897375107,member
147763,2C46A71A79244671,electric_bike,2022-03-03 07:52:32,2022-03-03 07:57:48,W 36 St & 9 Ave,6569,Broadway & W 38 St,6560,40.75462324029105,-73.99516761302948,40.7529728216068,-73.98734897375107,casual
147775,9515D1A99FF5C784,classic_bike,2022-03-01 14:25:17,2022-03-01 14:31:02,W 36 St & 9 Ave,6569,W 27 St & 7 Ave,6247,40.75462324029105,-73.99516761302948,40.746647,-73.993915,member
147776,C917B4D0EF2B06FC,classic_bike,2022-03-15 16:25:28,2022-03-15 16:31:02,W 36 St & 9 Ave,6569,Broadway & W 38 St,6560,40.75462324029105,-73.99516761302948,40.7529728216068,-73.98734897375107,member
147778,5B570173C3EFBEF5,classic_bike,2022-03-09 18:56:02,2022-03-09 19:02:30,W 36 St & 9 Ave,6569,Broadway & W 25 St,6173,40.75462324029105,-73.99516761302948,40.74286877312112,-73.98918628692627,member
147846,B7DBEB0DABC70D00,classic_bike,2022-03-18 10:54:41,2022-03-18 10:59:55,W 36 St & 9 Ave,6569,Broadway & W 38 St,6560,40.75462324029105,-73.99516761302948,40.7529728216068,-73.98734897375107,member
147852,DD85B3BB208BC857,classic_bike,2022-03-16 15:14:32,2022-03-16 15:23:33,W 36 St & 9 Ave,6569,Broadway & W 25 St,6173,40.75462324029105,-73.99516761302948,40.74286877312112,-73.98918628692627,casual
147853,46690752A61B47CA,classic_bike,2022-03-16 19:15:07,2022-03-16 19:19:20,W 36 St & 9 Ave,6569,Broadway & W 38 St,6560,40.75462324029105,-73.99516761302948,40.7529728216068,-73.98734897375107,casual
147854,911AACE6CC7F7349,electric_bike,2022-03-10 07:52:08,2022-03-10 07:56:09,W 36 St & 9 Ave,6569,Broadway & W 38 St,6560,40.75462324029105,-73.99516761302948,40.7529728216068,-73.98734897375107,casual
147857,E18CD82FB31C7CA8,electric_bike,2022-03-25 11:20:13,2022-03-25 11:25:44,W 36 St & 9 Ave,6569,W 27 St & 7 Ave,6247,40.75462324029105,-73.99516761302948,40.746647,-73.993915,casual
147883,D3D39AE297A7528E,classic_bike,2022-03-19 21:13:31,2022-03-19 21:19:33,W 35 St & Dyer Ave,6569,W 27 St & 7 Ave,6247,40.754691750226016,-73.99740189313889,40.746647,-73.993915,casual
147887,3A29884BA54BACBA,classic_bike,2022-03-25 14:03:25,2022-03-25 14:09:53,W 35 St & Dyer Ave,6569,Broadway & W 38 St,6560,40.754691750226016,-73.99740189313889,40.7529728216068,-73.98734897375107,casual
147907,80724E3DBF0FBC66,classic_bike,2022-03-22 06:55:19,2022-03-22 07:00:57,W 35 St & Dyer Ave,6569,W 27 St & 7 Ave,6247,40.754691750226016,-73.99740189313889,40.746647,-73.993915,member
147908,1289BB440226DAE6,classic_bike,2022-03-07 19:21:19,2022-03-07 19:31:43,W 35 St & Dyer Ave,6569,Broadway & W 25 St,6173,40.754691750226016,-73.99740189313889,40.74286877312112,-73.98918628692627,member
148385,FAEAEEEB2DD0FE29,electric_bike,2022-03-11 10:29:49,2022-03-11 10:33:53,W 35 St & 9 Ave,6569,W 27 St & 7 Ave,6247,40.75414519263519,-73.9960889518261,40.746647,-73.993915,member
149366,A3E92A43B3FC233B,electric_bike,2022-03-21 13:47:51,2022-03-21 13:59:29,W 36 St & 9 Ave,6569,Broadway & W 25 St,6173,40.75462324029105,-73.99516761302948,40.74286877312112,-73.98918628692627,member
149390,0E96A0F46EA2A79A,electric_bike,2022-03-01 18:47:10,2022-03-01 18:50:16,W 36 St & 9 Ave,6569,Broadway & W 38 St,6560,40.75462324029105,-73.99516761302948,40.7529728216068,-73.98734897375107,member
149397,D7F5998B7D1ADC27,classic_bike,2022-03-26 20:02:06,2022-03-26 20:12:36,W 36 St & 9 Ave,6569,Broadway & W 25 St,6173,40.75462324029105,-73.99516761302948,40.74286877312112,-73.98918628692627,member
149403,FE7DF88485AD7D55,electric_bike,2022-03-17 23:29:43,2022-03-17 23:40:04,W 36 St & 9 Ave,6569,W 16 St & The High Line,6233,40.75462324029105,-73.99516761302948,40.74334935,-74.00681753,member
149420,DE732FB37194BCE7,classic_bike,2022-03-31 14:17:14,2022-03-31 14:23:40,W 36 St & 9 Ave,6569,W 27 St & 7 Ave,6247,40.75462324029105,-73.99516761302948,40.746647,-73.993915,member
149422,8F96D6BC8BA3C060,electric_bike,2022-03-23 15:29:02,2022-03-23 15:42:28,W 36 St & 9 Ave,6569,W 16 St & The High Line,6233,40.75462324029105,-73.99516761302948,40.74334935,-74.00681753,member
150157,9D5D12A0228CD6F3,classic_bike,2022-03-03 10:55:26,2022-03-03 11:25:49,W 35 St & Dyer Ave,6569,Avenue D & E 10 St,5575,40.754691750226016,-73.99740189313889,40.72506551015475,-73.97515833377838,member
150358,479DB28D38F81776,classic_bike,2022-03-21 10:34:43,2022-03-21 10:50:55,W 36 St & 9 Ave,6569,E 27 St & Park Ave S,6131,40.75462324029105,-73.99516761302948,40.74275179648995,-73.9847157150507,casual
150592,F5CE875A17C50575,electric_bike,2022-03-17 22:09:12,2022-03-18 03:01:13,W 36 St & 9 Ave,6569,E 27 St & Park Ave S,6131,40.75462324029105,-73.99516761302948,40.74275179648995,-73.9847157150507,casual
150593,A0CAE1A6EBF19440,electric_bike,2022-03-05 10:07:12,2022-03-05 10:16:16,W 36 St & 9 Ave,6569,W 50 St & 10 Ave,6890,40.75462324029105,-73.99516761302948,40.76473420006519,-73.99194359779358,casual
150768,1D9BC9D85855579C,classic_bike,2022-03-01 22:32:32,2022-03-01 22:39:28,W 35 St & Dyer Ave,6569,W 50 St & 10 Ave,6890,40.754691750226016,-73.99740189313889,40.76473420006519,-73.99194359779358,member
151091,FC140B5FC183576D,classic_bike,2022-03-03 17:40:42,2022-03-03 18:12:47,W 35 St & Dyer Ave,6569,W 92 St & Broadway,7502,40.754691750226016,-73.99740189313889,40.7921,-73.9739,member
151949,66B803EADE59B1DA,classic_bike,2022-03-27 08:00:52,2022-03-27 08:11:20,W 36 St & 9 Ave,6569,E 50 St & Park Ave,6659,40.75462324029105,-73.99516761302948,40.757334,-73.974235,member
151967,255EAFE92D4E4D78,classic_bike,2022-03-08 21:04:04,2022-03-08 21:36:34,W 36 St & 9 Ave,6569,Centre St & Worth St,5279,40.75462324029105,-73.99516761302948,40.71494807,-74.00234482,casual
154509,A564CA36ED6AF52B,electric_bike,2022-03-28 09:18:48,2022-03-28 09:26:57,W 35 St & Dyer Ave,6569,6 Ave & W 45 St,6593,40.754691750226016,-73.99740189313889,40.756951,-73.982631,member
154517,FED80772F049F7DE,electric_bike,2022-03-07 14:37:57,2022-03-07 14:49:23,W 35 St & Dyer Ave,6569,E 48 St & 3 Ave,6541,40.754691750226016,-73.99740189313889,40.7546011026,-73.971878855,member
154553,1B235E05E004574B,classic_bike,2022-03-14 10:24:54,2022-03-14 10:28:18,W 35 St & Dyer Ave,6569,W 39 St & 9 Ave,6644,40.754691750226016,-73.99740189313889,40.75645824,-73.99372222,member
154554,047E3AB281DEE4A3,classic_bike,2022-03-09 11:13:41,2022-03-09 11:16:45,W 35 St & Dyer Ave,6569,W 39 St & 9 Ave,6644,40.754691750226016,-73.99740189313889,40.75645824,-73.99372222,member
154555,49AC84975DCC519F,classic_bike,2022-03-03 11:34:53,2022-03-03 11:37:29,W 35 St & Dyer Ave,6569,W 39 St & 9 Ave,6644,40.754691750226016,-73.99740189313889,40.75645824,-73.99372222,member
154556,7BC8A138285FF6FE,classic_bike,2022-03-10 15:29:47,2022-03-10 15:32:12,W 35 St & Dyer Ave,6569,W 39 St & 9 Ave,6644,40.754691750226016,-73.99740189313889,40.75645824,-73.99372222,member
154559,9F77FA125CFADA13,electric_bike,2022-03-17 20:43:20,2022-03-17 20:56:59,W 35 St & Dyer Ave,6569,1 Ave & E 6 St,5626,40.754691750226016,-73.99740189313889,40.72633085971696,-73.98616880178452,member
154562,4ACBB62BB677B2C2,electric_bike,2022-03-02 18:54:19,2022-03-02 19:01:26,W 35 St & Dyer Ave,6569,6 Ave & W 45 St,6593,40.754691750226016,-73.99740189313889,40.756951,-73.982631,member
154565,79BA23867B63763D,classic_bike,2022-03-12 13:51:52,2022-03-12 13:54:12,W 35 St & Dyer Ave,6569,W 39 St & 9 Ave,6644,40.754691750226016,-73.99740189313889,40.75645824,-73.99372222,member
155097,28A924960B3D6AA6,classic_bike,2022-03-22 07:19:50,2022-03-22 07:58:48,W 35 St & Dyer Ave,6569,Van Brunt St & Van Dyke St,4095,40.754691750226016,-73.99740189313889,40.6758329439129,-74.01472628116608,member
156043,94710D1B1889EA68,electric_bike,2022-03-31 17:56:04,2022-03-31 18:43:49,W 36 St & 9 Ave,6569,W 39 St & 9 Ave,6644,40.75462324029105,-73.99516761302948,40.75645824,-73.99372222,casual
156046,3F0F958F6DE27473,classic_bike,2022-03-01 12:36:53,2022-03-01 12:44:32,W 36 St & 9 Ave,6569,6 Ave & W 45 St,6593,40.75462324029105,-73.99516761302948,40.756951,-73.982631,member
156053,64A3EDE5CCAE97AE,electric_bike,2022-03-25 07:32:28,2022-03-25 07:39:29,W 36 St & 9 Ave,6569,6 Ave & W 45 St,6593,40.75462324029105,-73.99516761302948,40.756951,-73.982631,member
156062,6FED322AAA64D6D8,classic_bike,2022-03-02 09:05:18,2022-03-02 09:12:31,W 36 St & 9 Ave,6569,W 39 St & 9 Ave,6644,40.75462324029105,-73.99516761302948,40.75645824,-73.99372222,member
156063,852685276B578AB7,classic_bike,2022-03-29 16:45:51,2022-03-29 16:55:44,W 36 St & 9 Ave,6569,6 Ave & W 45 St,6593,40.75462324029105,-73.99516761302948,40.756951,-73.982631,member
156081,6E821619510EBEDD,classic_bike,2022-03-11 19:32:59,2022-03-11 19:34:51,W 36 St & 9 Ave,6569,W 39 St & 9 Ave,6644,40.75462324029105,-73.99516761302948,40.75645824,-73.99372222,casual
156083,C9AFC4D8180FAA23,classic_bike,2022-03-18 01:47:45,2022-03-18 01:49:08,W 36 St & 9 Ave,6569,W 39 St & 9 Ave,6644,40.75462324029105,-73.99516761302948,40.75645824,-73.99372222,casual
157295,901B5662672EFA6D,electric_bike,2022-03-04 20:50:57,2022-03-04 21:21:00,W 36 St & 9 Ave,6569,E 116 St & 2 Ave,7563,40.75462324029105,-73.99516761302948,40.796879,-73.937261,member
158805,BADFAA7803E632BE,classic_bike,2022-03-23 08:45:43,2022-03-23 09:04:12,W 36 St & 9 Ave,6569,Mercer St & Bleecker St,5679,40.75462324029105,-73.99516761302948,40.72706363348306,-73.99662137031554,casual
158809,7AD9F4C4D00861AA,classic_bike,2022-03-01 11:10:52,2022-03-01 11:23:09,W 36 St & 9 Ave,6569,Christopher St & Greenwich St,5847,40.75462324029105,-73.99516761302948,40.73291553,-74.00711384,member
158848,D7D4DAEE5EA1D1F4,electric_bike,2022-03-28 12:47:37,2022-03-28 13:02:19,W 36 St & 9 Ave,6569,E 22 St & 2 Ave,5971,40.75462324029105,-73.99516761302948,40.73716919369882,-73.98122549057007,member
159790,6D2C5284B1ADBE7D,classic_bike,2022-03-05 16:21:05,2022-03-05 16:33:30,W 36 St & 9 Ave,6569,E 26 St & 3 Ave,6089,40.75462324029105,-73.99516761302948,40.74069317733043,-73.98160636425018,member
159818,978E7043CE56A85F,electric_bike,2022-03-05 09:39:10,2022-03-05 09:54:15,W 36 St & 9 Ave,6569,Mercer St & Bleecker St,5679,40.75462324029105,-73.99516761302948,40.72706363348306,-73.99662137031554,member
159819,26DE59A84427FBC3,classic_bike,2022-03-05 13:45:26,2022-03-05 14:02:20,W 36 St & 9 Ave,6569,Mercer St & Bleecker St,5679,40.75462324029105,-73.99516761302948,40.72706363348306,-73.99662137031554,member
162217,064FF08A3EB3BF8F,electric_bike,2022-03-17 05:14:38,2022-03-17 05:17:33,W 35 St & Dyer Ave,6569,W 42 St & Dyer Ave,6644,40.754691750226016,-73.99740189313889,40.75898481399634,-73.99379968643188,member
163453,3F0EF5A983386DAB,electric_bike,2022-03-29 07:50:07,2022-03-29 08:06:25,W 36 St & 9 Ave,6569,Broadway\t& W 48 St,6708,40.75462324029105,-73.99516761302948,40.76017739537783,-73.98486793041229,casual
163477,F8D5CC484B909EE5,classic_bike,2022-03-21 19:26:52,2022-03-21 19:41:40,W 36 St & 9 Ave,6569,University Pl & E 14 St,5905,40.75462324029105,-73.99516761302948,40.734814,-73.992085,member
163478,050DA9A09325B107,classic_bike,2022-03-06 13:59:12,2022-03-06 14:03:05,W 36 St & 9 Ave,6569,W 42 St & Dyer Ave,6644,40.75462324029105,-73.99516761302948,40.75898481399634,-73.99379968643188,member
163538,41A260C3B6FBF473,classic_bike,2022-03-25 12:20:11,2022-03-25 12:58:25,W 35 St & Dyer Ave,6569,Broadway\t& W 48 St,6708,40.754691750226016,-73.99740189313889,40.76017739537783,-73.98486793041229,casual
163541,148E34A7B4499B7C,electric_bike,2022-03-22 21:39:49,2022-03-22 22:07:06,W 35 St & Dyer Ave,6569,Broadway\t& W 48 St,6708,40.754691750226016,-73.99740189313889,40.76017739537783,-73.98486793041229,casual
163563,7CDE8987A85134DB,classic_bike,2022-03-31 15:40:23,2022-03-31 15:58:25,W 35 St & Dyer Ave,6569,University Pl & E 14 St,5905,40.754691750226016,-73.99740189313889,40.734814,-73.992085,member
163836,D8834C67312B6E12,classic_bike,2022-03-26 16:17:37,2022-03-26 16:32:18,W 35 St & Dyer Ave,6569,West End Ave & W 60 St,7059,40.754691750226016,-73.99740189313889,40.77237,-73.99005,member
163837,48371ED32B6D41A4,classic_bike,2022-03-29 17:14:20,2022-03-29 17:28:52,W 35 St & Dyer Ave,6569,West End Ave & W 60 St,7059,40.754691750226016,-73.99740189313889,40.77237,-73.99005,member
167026,BBEAAE9DA1ED718A,classic_bike,2022-03-06 12:14:25,2022-03-06 12:24:27,W 36 St & 9 Ave,6569,Bank St & Hudson St,5922,40.75462324029105,-73.99516761302948,40.73652889,-74.00618026,member
167724,48279C262759FC17,electric_bike,2022-03-29 19:09:19,2022-03-29 19:42:57,W 36 St & 9 Ave,6569,Columbus Ave & W 95 St,7520,40.75462324029105,-73.99516761302948,40.7919557,-73.968087,member
168114,0920ED271EECD8D5,electric_bike,2022-03-21 17:27:12,2022-03-21 17:47:13,W 35 St & Dyer Ave,6569,Columbus Ave & W 95 St,7520,40.754691750226016,-73.99740189313889,40.7919557,-73.968087,member
168218,63473462C2DD9D2C,classic_bike,2022-03-04 12:35:18,2022-03-04 12:54:06,W 35 St & Dyer Ave,6569,Washington St & Gansevoort St,6039,40.754691750226016,-73.99740189313889,40.739323,-74.008119,casual
168424,C713BADC1F1DCA0F,electric_bike,2022-03-11 11:10:46,2022-03-11 13:12:35,W 36 St & 9 Ave,6569,Washington St & Gansevoort St,6039,40.75462324029105,-73.99516761302948,40.739323,-74.008119,casual
168427,C9239CCA6CDD6307,classic_bike,2022-03-11 11:13:56,2022-03-11 13:09:56,W 36 St & 9 Ave,6569,Washington St & Gansevoort St,6039,40.75462324029105,-73.99516761302948,40.739323,-74.008119,casual
168897,334BA0CC8657BC19,electric_bike,2022-03-28 18:48:35,2022-03-28 18:54:52,W 35 St & Dyer Ave,6569,W 20 St & 8 Ave,6224,40.754691750226016,-73.99740189313889,40.74345335,-74.00004031,member
170677,6779CAF8415D3589,classic_bike,2022-03-27 13:26:38,2022-03-27 13:42:38,W 36 St & 9 Ave,6569,E 14 St & 1 Ave,5779,40.75462324029105,-73.99516761302948,40.73139303364151,-73.98286700248718,member
172315,83FCBBEADA4C12A1,classic_bike,2022-03-18 18:35:17,2022-03-18 18:57:13,W 35 St & Dyer Ave,6569,1 Ave & E 62 St,6753,40.754691750226016,-73.99740189313889,40.7612274,-73.96094022,member
172323,357DB19A157E41A8,classic_bike,2022-03-11 17:45:41,2022-03-11 18:07:45,W 35 St & Dyer Ave,6569,1 Ave & E 62 St,6753,40.754691750226016,-73.99740189313889,40.7612274,-73.96094022,member
174527,7CEFAED2ECA9E494,classic_bike,2022-03-20 16:34:58,2022-03-20 16:45:17,W 36 St & 9 Ave,6569,Perry St & Greenwich Ave,5955,40.75462324029105,-73.99516761302948,40.735918,-74.000939,member
174533,219C04CD3514C977,classic_bike,2022-03-18 14:03:30,2022-03-18 14:11:51,W 36 St & 9 Ave,6569,W 37 St & 5 Ave,6398,40.75462324029105,-73.99516761302948,40.75038009,-73.98338988,member
174550,673233F2CF31B6E9,docked_bike,2022-03-11 05:24:57,2022-03-11 05:49:49,W 36 St & 9 Ave,6569,Grand St & Elizabeth St,5382,40.754623,-73.995168,40.718822,-73.99596,casual
175081,173CEA9CECBEE862,classic_bike,2022-03-08 18:24:43,2022-03-08 18:29:35,W 35 St & Dyer Ave,6569,6 Ave & W 33 St,6364,40.754691750226016,-73.99740189313889,40.74901271,-73.98848395,member
175091,5DDE92E1FC5D38DC,classic_bike,2022-03-10 21:55:30,2022-03-10 22:12:58,W 35 St & Dyer Ave,6569,E 5 St & Ave A,5626,40.754691750226016,-73.99740189313889,40.72479007746337,-73.98430064320564,member
175623,E5B510051FCE29B2,electric_bike,2022-03-20 19:09:10,2022-03-20 19:23:52,W 35 St & Dyer Ave,6569,E 20 St & Park Ave,6055,40.754691750226016,-73.99740189313889,40.73827428,-73.98751968,member
175682,F9856E8470B27ECA,electric_bike,2022-03-16 13:05:48,2022-03-16 13:44:08,W 36 St & 9 Ave,6569,W 70 St & Amsterdam Ave,7207,40.75462324029105,-73.99516761302948,40.77748046,-73.98288594,member
175700,06CB3C717DE56BA6,classic_bike,2022-03-11 11:53:47,2022-03-11 12:05:10,W 36 St & 9 Ave,6569,6 Ave & W 33 St,6364,40.75462324029105,-73.99516761302948,40.74901271,-73.98848395,member
175704,2A35F38335F710CB,electric_bike,2022-03-04 16:38:31,2022-03-04 17:32:53,W 36 St & 9 Ave,6569,6 Ave & W 33 St,6364,40.75462324029105,-73.99516761302948,40.74901271,-73.98848395,member
175706,5130DC34B803ECF8,classic_bike,2022-03-16 19:02:32,2022-03-16 19:13:14,W 36 St & 9 Ave,6569,E 20 St & Park Ave,6055,40.75462324029105,-73.99516761302948,40.73827428,-73.98751968,member
175707,605EC462D5B81239,electric_bike,2022-03-05 13:50:11,2022-03-05 13:55:00,W 36 St & 9 Ave,6569,6 Ave & W 33 St,6364,40.75462324029105,-73.99516761302948,40.74901271,-73.98848395,casual
176200,693E0F06FA4C3EDA,classic_bike,2022-03-14 09:34:13,2022-03-14 09:56:04,W 35 St & 9 Ave,6569,Vesey St & Church St,5216,40.75414519263519,-73.9960889518261,40.71221958009051,-74.01047229766846,member
176969,62201141AEEDAE2F,classic_bike,2022-03-26 14:23:49,2022-03-26 14:40:39,W 36 St & 9 Ave,6569,W 70 St & Amsterdam Ave,7207,40.75462324029105,-73.99516761302948,40.77748046,-73.98288594,member
177665,CDFABA44EBC05BD8,electric_bike,2022-03-28 11:07:20,2022-03-28 11:13:12,W 35 St & 9 Ave,6569,W 24 St & 7 Ave,6257,40.75414519263519,-73.9960889518261,40.74487634,-73.99529885,member
177667,2D389B04A4FCD435,electric_bike,2022-03-01 07:31:26,2022-03-01 07:39:15,W 35 St & 9 Ave,6569,E 48 St & 5 Ave,6626,40.75414519263519,-73.9960889518261,40.75724567911726,-73.97805914282799,member
178133,D6336C0E3EC5C868,classic_bike,2022-03-27 18:21:39,2022-03-27 18:38:08,W 35 St & Dyer Ave,6569,W 24 St & 7 Ave,6257,40.754691750226016,-73.99740189313889,40.74487634,-73.99529885,casual
178187,076C13C1E25E9CF9,classic_bike,2022-03-16 18:02:47,2022-03-16 18:10:57,W 35 St & Dyer Ave,6569,W 24 St & 7 Ave,6257,40.754691750226016,-73.99740189313889,40.74487634,-73.99529885,casual
180738,37B617C8D2E702CF,electric_bike,2022-03-24 18:03:13,2022-03-24 18:14:19,W 36 St & 9 Ave,6569,Lexington Ave & E 26 St,6089,40.75462324029105,-73.99516761302948,40.741459,-73.983293,member
180851,D6CE7C2FC1C11FED,electric_bike,2022-03-17 18:04:49,2022-03-17 18:15:45,W 36 St & 9 Ave,6569,Lexington Ave & E 26 St,6089,40.75462324029105,-73.99516761302948,40.741459,-73.983293,member
182142,335DB5543A336487,electric_bike,2022-03-16 06:57:29,2022-03-16 07:09:41,W 35 St & Dyer Ave,6569,E 27 St & 1 Ave,6004,40.754691750226016,-73.99740189313889,40.739445,-73.976806,member
182143,1520DE90AA09E9F1,electric_bike,2022-03-25 07:34:02,2022-03-25 07:44:30,W 35 St & Dyer Ave,6569,2 Ave & E 31 St,6197,40.754691750226016,-73.99740189313889,40.74290902,-73.97706058,member
182204,153FBD0A0EA523C7,electric_bike,2022-03-01 08:29:05,2022-03-01 08:37:01,W 35 St & Dyer Ave,6569,2 Ave & E 31 St,6197,40.754691750226016,-73.99740189313889,40.74290902,-73.97706058,member
182208,ECC873D2FB96EA1C,electric_bike,2022-03-01 07:38:59,2022-03-01 07:48:09,W 35 St & Dyer Ave,6569,2 Ave & E 31 St,6197,40.754691750226016,-73.99740189313889,40.74290902,-73.97706058,member
182334,DF5ABE3208FD0EB8,electric_bike,2022-03-03 14:56:27,2022-03-03 15:03:56,5 Ave & E 29 St,6248,W 35 St & 9 Ave,6569,40.7451677,-73.98683077,40.75414519263519,-73.9960889518261,member
182335,9509FF748F666511,electric_bike,2022-03-15 16:49:00,2022-03-15 16:54:42,5 Ave & E 29 St,6248,W 35 St & 9 Ave,6569,40.7451677,-73.98683077,40.75414519263519,-73.9960889518261,member
182336,FCC9A628F441ED3F,classic_bike,2022-03-14 20:42:20,2022-03-14 20:50:42,5 Ave & E 29 St,6248,W 35 St & 9 Ave,6569,40.7451677,-73.98683077,40.75414519263519,-73.9960889518261,member
182375,E4152453DF2522D2,classic_bike,2022-03-18 09:02:42,2022-03-18 09:22:59,Mercer St & Spring St,5532,W 35 St & 9 Ave,6569,40.72362738,-73.99949601,40.75414519263519,-73.9960889518261,member
182376,8FF94EEBD98B9178,electric_bike,2022-03-31 08:24:14,2022-03-31 09:06:37,3 St & Prospect Park West,3865,W 35 St & 9 Ave,6569,40.668132,-73.97363831,40.75414519263519,-73.9960889518261,member
182381,06D644D101AF325E,classic_bike,2022-03-11 11:40:01,2022-03-11 11:44:35,Broadway & W 36 St,6441,W 35 St & 9 Ave,6569,40.75097711,-73.98765428,40.75414519263519,-73.9960889518261,member
182390,3FC7357618F8CEBB,electric_bike,2022-03-07 17:07:26,2022-03-07 17:13:34,W 63 St & Broadway,7052,W 35 St & 9 Ave,6569,40.77163851,-73.98261428,40.75414519263519,-73.9960889518261,member
182408,42FF56E66FA3EA5F,classic_bike,2022-03-19 16:11:29,2022-03-19 16:42:43,Carmine St & 6 Ave,5763,W 35 St & 9 Ave,6569,40.73038599,-74.00214988,40.75414519263519,-73.9960889518261,casual
182430,0131A91DACF19799,electric_bike,2022-03-30 06:51:25,2022-03-30 06:58:29,E 40 St & Park Ave,6432,W 35 St & 9 Ave,6569,40.750756,-73.978326,40.75414519263519,-73.9960889518261,member
182437,70B597DEE4D3EBA1,classic_bike,2022-03-23 08:12:59,2022-03-23 08:19:07,W 36 St & 9 Ave,6569,9 Ave & W 22 St,6266,40.75462324029105,-73.99516761302948,40.7454973,-74.00197139,member
182440,144E8633DEAF948E,classic_bike,2022-03-22 17:09:51,2022-03-22 17:15:59,W 36 St & 9 Ave,6569,9 Ave & W 22 St,6266,40.75462324029105,-73.99516761302948,40.7454973,-74.00197139,member
182441,55E65DF8E47E0515,electric_bike,2022-03-04 18:23:07,2022-03-04 18:28:47,W 36 St & 9 Ave,6569,9 Ave & W 22 St,6266,40.75462324029105,-73.99516761302948,40.7454973,-74.00197139,member
182443,1BDA19FF56666D1E,classic_bike,2022-03-16 20:35:16,2022-03-16 20:40:10,W 36 St & 9 Ave,6569,9 Ave & W 22 St,6266,40.75462324029105,-73.99516761302948,40.7454973,-74.00197139,member
182444,0761E35F1D006183,classic_bike,2022-03-30 19:20:40,2022-03-30 19:26:19,W 36 St & 9 Ave,6569,9 Ave & W 22 St,6266,40.75462324029105,-73.99516761302948,40.7454973,-74.00197139,member
182446,A77416FAD4245C61,classic_bike,2022-03-02 07:57:36,2022-03-02 08:04:35,W 36 St & 9 Ave,6569,9 Ave & W 22 St,6266,40.75462324029105,-73.99516761302948,40.7454973,-74.00197139,casual
182449,3AEDBAACCCD5AEB4,classic_bike,2022-03-08 18:01:56,2022-03-08 18:02:51,W 36 St & 9 Ave,6569,W 35 St & 9 Ave,6569,40.75462324029105,-73.99516761302948,40.75414519263519,-73.9960889518261,member
182450,2903A72F9A0964A7,classic_bike,2022-03-04 13:45:50,2022-03-04 13:52:59,W 36 St & 9 Ave,6569,9 Ave & W 22 St,6266,40.75462324029105,-73.99516761302948,40.7454973,-74.00197139,member
182463,9DDF44EF82F31C1A,classic_bike,2022-03-07 19:44:12,2022-03-07 19:45:01,W 35 St & Dyer Ave,6569,W 35 St & 9 Ave,6569,40.754691750226016,-73.99740189313889,40.75414519263519,-73.9960889518261,member
182464,691D0EF92D929217,classic_bike,2022-03-23 13:25:29,2022-03-23 14:01:40,W 35 St & Dyer Ave,6569,E 97 St & Madison Ave,7393,40.754691750226016,-73.99740189313889,40.787801,-73.953559,member
182474,734B11E5CC435B34,classic_bike,2022-03-18 10:48:34,2022-03-18 11:01:40,W 48 St &  Rockefeller Plaza,6626,W 35 St & 9 Ave,6569,40.75776935448309,-73.97929430007935,40.75414519263519,-73.9960889518261,member
182476,FB823735E59727C0,classic_bike,2022-03-08 08:04:51,2022-03-08 08:15:05,W 35 St & Dyer Ave,6569,W 35 St & 9 Ave,6569,40.754691750226016,-73.99740189313889,40.75414519263519,-73.9960889518261,casual
182478,44A65396B9B36BEF,electric_bike,2022-03-03 00:55:40,2022-03-03 01:04:22,W 35 St & Dyer Ave,6569,2 Ave & E 29 St,6122,40.754691750226016,-73.99740189313889,40.74172351097472,-73.97809267044067,casual
182482,252C97505488E877,electric_bike,2022-03-26 20:07:17,2022-03-26 20:13:36,W 44 St & 11 Ave,6756,W 35 St & 9 Ave,6569,40.762009,-73.996975,40.75414519263519,-73.9960889518261,member
182494,11FBFBB98F6E2C5F,classic_bike,2022-03-02 08:25:17,2022-03-02 08:35:57,Broadway & W 61 St,7014,W 35 St & 9 Ave,6569,40.77003010255044,-73.9819684624672,40.75414519263519,-73.9960889518261,member
182504,3B2445F73251D816,classic_bike,2022-03-31 17:54:53,2022-03-31 18:00:49,Broadway & W 38 St,6560,W 35 St & 9 Ave,6569,40.7529728216068,-73.98734897375107,40.75414519263519,-73.9960889518261,member
182506,9818E2DE0A796BA1,electric_bike,2022-03-17 20:12:14,2022-03-17 20:36:15,Bus Slip & State St,4889,W 35 St & 9 Ave,6569,40.701907,-74.013942,40.75414519263519,-73.9960889518261,member
182507,C6F0575956CA2EAF,classic_bike,2022-03-18 08:21:12,2022-03-18 08:50:06,Bus Slip & State St,4889,W 35 St & 9 Ave,6569,40.701907,-74.013942,40.75414519263519,-73.9960889518261,member
182510,91B9C3A3FB92C148,classic_bike,2022-03-15 21:31:15,2022-03-15 21:36:41,W 27 St & 7 Ave,6247,W 35 St & 9 Ave,6569,40.746647,-73.993915,40.75414519263519,-73.9960889518261,member
182513,260277D98FC48C71,classic_bike,2022-03-23 11:10:24,2022-03-23 11:29:27,E 68 St & Madison Ave,6932,W 35 St & 9 Ave,6569,40.7691572,-73.96703464,40.75414519263519,-73.9960889518261,member
182515,7D2650BA817EEA5C,classic_bike,2022-03-31 14:46:27,2022-03-31 14:53:24,Broadway & W 41 St,6560,W 35 St & 9 Ave,6569,40.75513557,-73.98658032,40.75414519263519,-73.9960889518261,member
182522,111D8A38E6F32ECB,electric_bike,2022-03-13 19:36:31,2022-03-13 19:46:49,W 54 St & 11 Ave,6955,W 35 St & 9 Ave,6569,40.768333,-73.992573,40.75414519263519,-73.9960889518261,casual
182541,87C399D27430B078,classic_bike,2022-03-01 16:36:00,2022-03-01 16:47:42,Broadway & W 25 St,6173,W 35 St & 9 Ave,6569,40.74286877312112,-73.98918628692627,40.75414519263519,-73.9960889518261,member
182550,C793AF55EEF63487,classic_bike,2022-03-24 18:48:04,2022-03-24 18:56:16,W 54 St & 9 Ave,6920,W 35 St & 9 Ave,6569,40.76584941,-73.98690506,40.75414519263519,-73.9960889518261,member
182566,B72658218B540279,classic_bike,2022-03-15 20:12:16,2022-03-15 20:14:43,8 Ave & W 33 St,6450,W 35 St & 9 Ave,6569,40.751551,-73.993934,40.75414519263519,-73.9960889518261,member
182567,2915DAE7B4BE41B4,classic_bike,2022-03-15 20:05:35,2022-03-15 20:07:33,8 Ave & W 33 St,6450,W 35 St & 9 Ave,6569,40.751551,-73.993934,40.75414519263519,-73.9960889518261,member
182576,0979816EDDAB37F6,classic_bike,2022-03-21 17:37:34,2022-03-21 17:41:31,8 Ave & W 33 St,6450,W 35 St & 9 Ave,6569,40.751551,-73.993934,40.75414519263519,-73.9960889518261,member
182588,AFFCA63C941F1992,electric_bike,2022-03-05 10:57:47,2022-03-05 11:20:02,Rivington St & Chrystie St,5453,W 35 St & 9 Ave,6569,40.72110063,-73.9919254,40.75414519263519,-73.9960889518261,member
182599,D370BF7D96C72140,classic_bike,2022-03-20 07:06:44,2022-03-20 07:22:02,E 23 St & 1 Ave,5929,W 35 St & 9 Ave,6569,40.736502,-73.97809472,40.75414519263519,-73.9960889518261,member
182649,3F953323DB365FE6,classic_bike,2022-03-25 13:11:23,2022-03-25 13:25:00,10 Ave & W 14 St,6157,W 35 St & 9 Ave,6569,40.74198159994023,-74.00831580162048,40.75414519263519,-73.9960889518261,casual
182662,B4531E42C0D52AAC,electric_bike,2022-03-22 08:20:52,2022-03-22 08:41:38,2 Ave & E 72 St,6925,W 35 St & 9 Ave,6569,40.7687620293096,-73.95840793848038,40.75414519263519,-73.9960889518261,member
182676,6D4A259450202FFA,electric_bike,2022-03-10 13:36:57,2022-03-10 13:42:57,Broadway & W 41 St,6560,W 35 St & 9 Ave,6569,40.75513557,-73.98658032,40.75414519263519,-73.9960889518261,member
182678,242791D076A29962,electric_bike,2022-03-11 17:13:23,2022-03-11 17:19:31,Broadway & W 61 St,7014,W 35 St & 9 Ave,6569,40.77003010255044,-73.9819684624672,40.75414519263519,-73.9960889518261,member
182739,053A692FF8BE73A2,electric_bike,2022-03-08 21:12:36,2022-03-08 21:40:38,E 14 St & 1 Ave,5779,W 35 St & 9 Ave,6569,40.73139303364151,-73.98286700248718,40.75414519263519,-73.9960889518261,casual
182757,54BFF3E5E095A344,electric_bike,2022-03-27 13:14:08,2022-03-27 13:28:36,E 20 St & 2 Ave,5971,W 35 St & 9 Ave,6569,40.73587678,-73.98205027,40.75414519263519,-73.9960889518261,member
182770,EE8A79E4CE589EAE,classic_bike,2022-03-29 08:38:50,2022-03-29 08:55:46,Amsterdam Ave & W 73 St,7260,W 35 St & 9 Ave,6569,40.77966809007312,-73.98093044757842,40.75414519263519,-73.9960889518261,member
182771,6ABDD56177C658D8,classic_bike,2022-03-25 08:45:48,2022-03-25 09:02:36,Amsterdam Ave & W 73 St,7260,W 35 St & 9 Ave,6569,40.77966809007312,-73.98093044757842,40.75414519263519,-73.9960889518261,member
182772,4D378B72194EF16B,classic_bike,2022-03-22 08:23:15,2022-03-22 08:38:26,Amsterdam Ave & W 73 St,7260,W 35 St & 9 Ave,6569,40.77966809007312,-73.98093044757842,40.75414519263519,-73.9960889518261,member
182780,3142F2C86E142754,classic_bike,2022-03-22 07:36:00,2022-03-22 07:54:48,W 84 St & Broadway,7409,W 35 St & 9 Ave,6569,40.7867947,-73.977112,40.75414519263519,-73.9960889518261,member
182872,B0DC95E499E1D71B,classic_bike,2022-03-11 12:04:00,2022-03-11 12:47:39,Broadway & W 122 St,7783,W 35 St & 9 Ave,6569,40.8120562,-73.9612547,40.75414519263519,-73.9960889518261,casual
182920,065FE2A1DC42A4F5,electric_bike,2022-03-09 09:40:51,2022-03-09 09:59:38,Columbus Ave & W 95 St,7520,W 35 St & 9 Ave,6569,40.7919557,-73.968087,40.75414519263519,-73.9960889518261,member
182923,26E02DE212CAF647,electric_bike,2022-03-17 16:18:49,2022-03-17 16:37:00,E 55 St & 2 Ave,6650,W 35 St & 9 Ave,6569,40.75797322,-73.96603308,40.75414519263519,-73.9960889518261,member
182926,3CA678F532CAC060,electric_bike,2022-03-02 16:15:41,2022-03-02 16:40:09,Columbus Ave & W 95 St,7520,W 35 St & 9 Ave,6569,40.7919557,-73.968087,40.75414519263519,-73.9960889518261,member
182985,036A1B2829ED40C2,electric_bike,2022-03-02 16:36:15,2022-03-02 16:38:32,W 39 St & 9 Ave,6644,W 35 St & 9 Ave,6569,40.75645824,-73.99372222,40.75414519263519,-73.9960889518261,casual
183004,BE71A560B1F9B4B4,classic_bike,2022-03-02 09:09:02,2022-03-02 09:21:07,6 Ave & W 45 St,6593,W 35 St & 9 Ave,6569,40.756951,-73.982631,40.75414519263519,-73.9960889518261,member
183007,DCEAED419A3AE19F,classic_bike,2022-03-04 05:56:47,2022-03-04 05:58:42,W 39 St & 9 Ave,6644,W 35 St & 9 Ave,6569,40.75645824,-73.99372222,40.75414519263519,-73.9960889518261,member
183017,FE3771CFB9648FE1,electric_bike,2022-03-27 17:31:33,2022-03-27 17:36:30,W 22 St & 8 Ave,6224,W 35 St & 9 Ave,6569,40.74475148,-73.99915362,40.75414519263519,-73.9960889518261,member
183018,C2378899D3F40584,electric_bike,2022-03-25 08:43:16,2022-03-25 08:52:03,W 22 St & 8 Ave,6224,W 35 St & 9 Ave,6569,40.74475148,-73.99915362,40.75414519263519,-73.9960889518261,member
183031,DF78347408145073,classic_bike,2022-03-11 21:07:37,2022-03-11 21:16:07,W 22 St & 8 Ave,6224,W 35 St & 9 Ave,6569,40.74475148,-73.99915362,40.75414519263519,-73.9960889518261,member
183055,E39228A2CA3D2073,classic_bike,2022-03-18 16:12:56,2022-03-18 16:29:53,E 27 St & 1 Ave,6004,W 35 St & 9 Ave,6569,40.739445,-73.976806,40.75414519263519,-73.9960889518261,member
183065,333199FE02D3EA83,electric_bike,2022-03-05 13:44:41,2022-03-05 13:51:51,Hudson St & W 13 St,6115,W 35 St & 9 Ave,6569,40.74005708567285,-74.0052741765976,40.75414519263519,-73.9960889518261,casual
183087,2CCA0AA05738A6E5,classic_bike,2022-03-17 12:02:09,2022-03-17 12:03:09,W 35 St & Dyer Ave,6569,W 35 St & 9 Ave,6569,40.754691750226016,-73.99740189313889,40.75414519263519,-73.9960889518261,member
183088,E8807D8D89EDA135,classic_bike,2022-03-10 19:32:04,2022-03-10 19:39:56,Broadway & W 51 St,6779,W 35 St & 9 Ave,6569,40.76228826,-73.98336183,40.75414519263519,-73.9960889518261,member
183090,522C78C4D93E6AF6,classic_bike,2022-03-18 14:19:16,2022-03-18 14:20:57,W 35 St & Dyer Ave,6569,W 35 St & 9 Ave,6569,40.754691750226016,-73.99740189313889,40.75414519263519,-73.9960889518261,casual
183103,51DA801D9CCEA45B,classic_bike,2022-03-07 08:08:52,2022-03-07 08:21:48,W 35 St & Dyer Ave,6569,2 Ave & E 29 St,6122,40.754691750226016,-73.99740189313889,40.74172351097472,-73.97809267044067,member
183106,A599E7DE84033160,classic_bike,2022-03-16 18:03:26,2022-03-16 18:04:35,W 35 St & Dyer Ave,6569,W 35 St & 9 Ave,6569,40.754691750226016,-73.99740189313889,40.75414519263519,-73.9960889518261,member
183108,A7B05821C073366E,classic_bike,2022-03-16 18:18:13,2022-03-16 18:32:04,W 35 St & Dyer Ave,6569,2 Ave & E 29 St,6122,40.754691750226016,-73.99740189313889,40.74172351097472,-73.97809267044067,member
183110,40996B71428A7A93,classic_bike,2022-03-05 12:45:40,2022-03-05 12:52:31,W 35 St & Dyer Ave,6569,9 Ave & W 22 St,6266,40.754691750226016,-73.99740189313889,40.7454973,-74.00197139,member
183111,8C8FD3526990AAD0,classic_bike,2022-03-06 15:02:06,2022-03-06 15:07:52,W 35 St & Dyer Ave,6569,9 Ave & W 22 St,6266,40.754691750226016,-73.99740189313889,40.7454973,-74.00197139,member
183112,1DA66DFE0FC0273D,electric_bike,2022-03-26 10:00:49,2022-03-26 10:05:32,W 35 St & Dyer Ave,6569,9 Ave & W 22 St,6266,40.754691750226016,-73.99740189313889,40.7454973,-74.00197139,member
183128,95B18A974D34B5A4,electric_bike,2022-03-03 20:45:31,2022-03-03 20:54:47,W 16 St & The High Line,6233,W 35 St & 9 Ave,6569,40.74334935,-74.00681753,40.75414519263519,-73.9960889518261,member
183136,DE3E10EEF527AF00,classic_bike,2022-03-06 17:14:58,2022-03-06 17:30:19,8 Ave & W 31 St,6450,W 35 St & 9 Ave,6569,40.7505853470215,-73.9946848154068,40.75414519263519,-73.9960889518261,member
183141,303A92AD04F245DA,electric_bike,2022-03-01 05:08:26,2022-03-01 05:12:45,Broadway & W 38 St,6560,W 35 St & 9 Ave,6569,40.7529728216068,-73.98734897375107,40.75414519263519,-73.9960889518261,member
183145,9EB32D839605C9C0,classic_bike,2022-03-22 17:50:23,2022-03-22 18:06:53,Broadway & W 38 St,6560,W 35 St & 9 Ave,6569,40.7529728216068,-73.98734897375107,40.75414519263519,-73.9960889518261,member
183147,96BC4F1DDC3C47D0,classic_bike,2022-03-23 19:13:54,2022-03-23 19:26:31,Broadway & W 25 St,6173,W 35 St & 9 Ave,6569,40.74286877312112,-73.98918628692627,40.75414519263519,-73.9960889518261,member
183167,96853745DDE33204,classic_bike,2022-03-20 15:05:47,2022-03-20 15:11:48,W 43 St & 10 Ave,6756,W 35 St & 9 Ave,6569,40.76009437,-73.99461843,40.75414519263519,-73.9960889518261,member
183169,73264C604D027E1F,classic_bike,2022-03-15 08:55:41,2022-03-15 08:59:48,W 43 St & 10 Ave,6756,W 35 St & 9 Ave,6569,40.76009437,-73.99461843,40.75414519263519,-73.9960889518261,member
183170,AD15521AA22A9502,electric_bike,2022-03-09 08:44:12,2022-03-09 08:47:31,W 43 St & 10 Ave,6756,W 35 St & 9 Ave,6569,40.76009437,-73.99461843,40.75414519263519,-73.9960889518261,member
183171,350593969D2446CB,electric_bike,2022-03-25 08:54:20,2022-03-25 08:58:39,W 43 St & 10 Ave,6756,W 35 St & 9 Ave,6569,40.76009437,-73.99461843,40.75414519263519,-73.9960889518261,member
183177,FD214B3B078043BA,classic_bike,2022-03-15 16:40:05,2022-03-15 16:50:21,W 26 St & 10 Ave,6382,W 35 St & 9 Ave,6569,40.749717753,-74.002950346,40.75414519263519,-73.9960889518261,casual
183187,5F7CE023A2C35F8D,classic_bike,2022-03-06 11:16:18,2022-03-06 11:20:35,W 43 St & 10 Ave,6756,W 35 St & 9 Ave,6569,40.76009437,-73.99461843,40.75414519263519,-73.9960889518261,member
183188,2A471AEF77885EB7,electric_bike,2022-03-30 01:38:56,2022-03-30 01:41:48,W 43 St & 10 Ave,6756,W 35 St & 9 Ave,6569,40.76009437,-73.99461843,40.75414519263519,-73.9960889518261,member
183189,BC431D98CAE538CF,classic_bike,2022-03-27 17:45:30,2022-03-27 18:17:07,W 43 St & 10 Ave,6756,W 35 St & 9 Ave,6569,40.76009437,-73.99461843,40.75414519263519,-73.9960889518261,member
183192,C0CF55B96B10F6B4,classic_bike,2022-03-24 17:49:11,2022-03-24 17:56:17,8 Ave & W 27 St,6297,W 35 St & 9 Ave,6569,40.747968,-73.996637,40.75414519263519,-73.9960889518261,member
183196,9FCF42A4B6F9C217,classic_bike,2022-03-30 14:41:02,2022-03-30 14:41:42,W 35 St & Dyer Ave,6569,W 35 St & 9 Ave,6569,40.754691750226016,-73.99740189313889,40.75414519263519,-73.9960889518261,member
183197,531A976196D08FAE,classic_bike,2022-03-30 14:47:09,2022-03-30 14:47:56,W 35 St & Dyer Ave,6569,W 35 St & 9 Ave,6569,40.754691750226016,-73.99740189313889,40.75414519263519,-73.9960889518261,member
183198,E17677E34FF2CAE9,classic_bike,2022-03-30 14:43:26,2022-03-30 14:44:08,W 35 St & Dyer Ave,6569,W 35 St & 9 Ave,6569,40.754691750226016,-73.99740189313889,40.75414519263519,-73.9960889518261,member
183199,8532209E1866D008,classic_bike,2022-03-30 14:38:31,2022-03-30 14:39:26,W 35 St & Dyer Ave,6569,W 35 St & 9 Ave,6569,40.754691750226016,-73.99740189313889,40.75414519263519,-73.9960889518261,member
183200,BDB193E14F4F62F6,classic_bike,2022-03-17 18:51:23,2022-03-17 18:57:46,W 35 St & Dyer Ave,6569,9 Ave & W 22 St,6266,40.754691750226016,-73.99740189313889,40.7454973,-74.00197139,member
183212,EEFC397573E70CF6,electric_bike,2022-03-24 16:49:36,2022-03-24 16:55:26,W 35 St & Dyer Ave,6569,9 Ave & W 22 St,6266,40.754691750226016,-73.99740189313889,40.7454973,-74.00197139,member
183229,29E1E930010B51D6,classic_bike,2022-03-15 16:40:29,2022-03-15 16:50:38,W 26 St & 10 Ave,6382,W 35 St & 9 Ave,6569,40.749717753,-74.002950346,40.75414519263519,-73.9960889518261,casual
183240,F5D0E4C0A180356C,classic_bike,2022-03-31 13:42:46,2022-03-31 13:43:35,W 35 St & Dyer Ave,6569,W 35 St & 9 Ave,6569,40.754691750226016,-73.99740189313889,40.75414519263519,-73.9960889518261,member
183242,AD803B0B0AC5F619,classic_bike,2022-03-15 06:50:35,2022-03-15 07:06:52,Broadway & W 51 St,6779,W 35 St & 9 Ave,6569,40.76228826,-73.98336183,40.75414519263519,-73.9960889518261,casual
183256,2A78D291198B9213,classic_bike,2022-03-14 09:34:39,2022-03-14 09:38:51,W 43 St & 10 Ave,6756,W 35 St & 9 Ave,6569,40.76009437,-73.99461843,40.75414519263519,-73.9960889518261,casual
183260,37D3EFA102CCB1C6,classic_bike,2022-03-05 07:44:24,2022-03-05 07:49:20,W 43 St & 10 Ave,6756,W 35 St & 9 Ave,6569,40.76009437,-73.99461843,40.75414519263519,-73.9960889518261,member
183306,260109CEB80C58C9,electric_bike,2022-03-26 17:05:20,2022-03-26 17:19:42,E 5 St & Cooper Sq,5712,W 35 St & 9 Ave,6569,40.72769,-73.990993,40.75414519263519,-73.9960889518261,member
183324,5F7BF040F763496C,classic_bike,2022-03-01 16:07:05,2022-03-01 16:13:00,W 27 St & 7 Ave,6247,W 35 St & 9 Ave,6569,40.746647,-73.993915,40.75414519263519,-73.9960889518261,member
183337,AB6E589A40AFDABB,classic_bike,2022-03-31 09:10:16,2022-03-31 09:19:41,E 40 St & Park Ave,6432,W 35 St & 9 Ave,6569,40.750756,-73.978326,40.75414519263519,-73.9960889518261,member
183343,C50D3601EA429188,classic_bike,2022-03-10 14:27:29,2022-03-10 14:45:51,E 40 St & Park Ave,6432,W 35 St & 9 Ave,6569,40.750756,-73.978326,40.75414519263519,-73.9960889518261,casual
183378,9DE0840059DE95A6,classic_bike,2022-03-17 12:39:06,2022-03-17 12:49:37,Broadway & W 25 St,6173,W 35 St & 9 Ave,6569,40.74286877312112,-73.98918628692627,40.75414519263519,-73.9960889518261,member
183383,79A52D5DC06D1A1B,classic_bike,2022-03-24 08:17:14,2022-03-24 08:28:55,E 40 St & Park Ave,6432,W 35 St & 9 Ave,6569,40.750756,-73.978326,40.75414519263519,-73.9960889518261,member
183384,9052549EF3B3DB3F,electric_bike,2022-03-24 09:27:43,2022-03-24 09:35:30,E 40 St & Park Ave,6432,W 35 St & 9 Ave,6569,40.750756,-73.978326,40.75414519263519,-73.9960889518261,member
183392,FA049A9185BF7F0E,electric_bike,2022-03-30 10:32:34,2022-03-30 10:33:29,W 35 St & Dyer Ave,6569,W 35 St & 9 Ave,6569,40.754691750226016,-73.99740189313889,40.75414519263519,-73.9960889518261,member
183412,297ECCD0CA55A8F9,classic_bike,2022-03-08 17:26:13,2022-03-08 17:50:48,West St & Liberty St,5184,W 35 St & 9 Ave,6569,40.711444,-74.014847,40.75414519263519,-73.9960889518261,casual
183437,16A4F72630B55EE3,classic_bike,2022-03-25 10:00:18,2022-03-25 10:13:00,Greenwich Ave & Charles St,5914,W 35 St & 9 Ave,6569,40.735238,-74.000271,40.75414519263519,-73.9960889518261,member
183447,8376323BE95C49A4,classic_bike,2022-03-21 19:28:15,2022-03-21 19:35:33,E 40 St & Park Ave,6432,W 35 St & 9 Ave,6569,40.750756,-73.978326,40.75414519263519,-73.9960889518261,member
183448,912845172DEC939F,electric_bike,2022-03-29 09:03:58,2022-03-29 09:12:08,E 40 St & Park Ave,6432,W 35 St & 9 Ave,6569,40.750756,-73.978326,40.75414519263519,-73.9960889518261,member
183450,83F279DCEE55863C,electric_bike,2022-03-15 08:38:31,2022-03-15 08:45:39,E 40 St & Park Ave,6432,W 35 St & 9 Ave,6569,40.750756,-73.978326,40.75414519263519,-73.9960889518261,casual
183453,B4EF4E456B14EB1A,electric_bike,2022-03-30 17:47:22,2022-03-30 17:55:07,12 Ave & W 40 St,6765,W 35 St & 9 Ave,6569,40.76087502,-74.00277668,40.75414519263519,-73.9960889518261,member
183474,89862FA41141A557,classic_bike,2022-03-15 20:44:19,2022-03-15 20:50:35,W 24 St & 7 Ave,6257,W 35 St & 9 Ave,6569,40.74487634,-73.99529885,40.75414519263519,-73.9960889518261,member
183476,7481EBD3C1768F96,electric_bike,2022-03-15 18:14:17,2022-03-15 18:40:00,1 Ave & E 110 St,7522,W 35 St & 9 Ave,6569,40.7923272,-73.9383,40.75414519263519,-73.9960889518261,member
183481,822C9C4DB067526D,electric_bike,2022-03-23 18:09:05,2022-03-23 18:17:42,E 48 St & 5 Ave,6626,W 35 St & 9 Ave,6569,40.75724567911726,-73.97805914282799,40.75414519263519,-73.9960889518261,member
183498,0129BFC47553D5E1,classic_bike,2022-03-16 14:56:17,2022-03-16 14:59:39,8 Ave & W 38 St,6526,W 35 St & 9 Ave,6569,40.75461,-73.99177,40.75414519263519,-73.9960889518261,member
183516,0095DCDF03148516,electric_bike,2022-03-07 10:41:13,2022-03-07 10:46:13,8 Ave & W 38 St,6526,W 35 St & 9 Ave,6569,40.75461,-73.99177,40.75414519263519,-73.9960889518261,member
183528,F5A7BA5E7522B48B,classic_bike,2022-03-20 14:22:12,2022-03-20 14:41:13,8 Ave & W 38 St,6526,W 35 St & 9 Ave,6569,40.75461,-73.99177,40.75414519263519,-73.9960889518261,casual
183543,293DE1A9D015C69D,classic_bike,2022-03-16 19:45:30,2022-03-16 19:48:00,8 Ave & W 38 St,6526,W 35 St & 9 Ave,6569,40.75461,-73.99177,40.75414519263519,-73.9960889518261,member
183574,F462BE146E5BDA03,electric_bike,2022-03-16 17:53:53,2022-03-16 17:58:26,8 Ave & W 27 St,6297,W 35 St & 9 Ave,6569,40.747968,-73.996637,40.75414519263519,-73.9960889518261,member
183576,29EAE0241AB8769F,electric_bike,2022-03-30 09:04:33,2022-03-30 09:22:31,St Marks Pl & 2 Ave,5669,W 35 St & 9 Ave,6569,40.7284186,-73.98713956,40.75414519263519,-73.9960889518261,member
183584,1A66BB5AA9F61B7F,classic_bike,2022-03-08 08:55:57,2022-03-08 09:05:26,E 48 St & 5 Ave,6626,W 35 St & 9 Ave,6569,40.75724567911726,-73.97805914282799,40.75414519263519,-73.9960889518261,member
183601,4DE66C516451CB65,classic_bike,2022-03-08 23:17:24,2022-03-08 23:32:27,W 70 St & Amsterdam Ave,7207,W 35 St & 9 Ave,6569,40.77748046,-73.98288594,40.75414519263519,-73.9960889518261,member
183612,BED3C35CA5DAC5E6,classic_bike,2022-03-22 10:30:43,2022-03-22 10:51:56,Division St & Bowery,5270,W 35 St & 9 Ave,6569,40.714193,-73.996732,40.75414519263519,-73.9960889518261,member
183626,EEEC41CF9256EA64,electric_bike,2022-03-28 13:22:18,2022-03-28 13:26:50,11 Ave & W 41 St,6726,W 35 St & 9 Ave,6569,40.76030096,-73.99884222,40.75414519263519,-73.9960889518261,member
183629,BDB9EA672F4980D1,classic_bike,2022-03-11 08:37:12,2022-03-11 08:59:46,Stanton St & Norfolk St,5445,W 35 St & 9 Ave,6569,40.720747,-73.986274,40.75414519263519,-73.9960889518261,member
183634,5F75F8E9DB822B61,classic_bike,2022-03-03 23:25:06,2022-03-03 23:30:35,6 Ave & W 33 St,6364,W 35 St & 9 Ave,6569,40.74901271,-73.98848395,40.75414519263519,-73.9960889518261,member
183640,E01277F5A81C655F,electric_bike,2022-03-29 18:12:42,2022-03-29 21:12:15,11 Ave & W 41 St,6726,W 35 St & 9 Ave,6569,40.76030096,-73.99884222,40.75414519263519,-73.9960889518261,member
183643,3F04DF37FA83E6E0,electric_bike,2022-03-28 17:57:32,2022-03-28 18:59:23,11 Ave & W 41 St,6726,W 35 St & 9 Ave,6569,40.76030096,-73.99884222,40.75414519263519,-73.9960889518261,casual
183645,0D4E9389B6FF8D8F,classic_bike,2022-03-18 15:57:42,2022-03-18 16:06:43,11 Ave & W 41 St,6726,W 35 St & 9 Ave,6569,40.76030096,-73.99884222,40.75414519263519,-73.9960889518261,member
183653,E00B470E9A48B7A9,classic_bike,2022-03-26 16:34:16,2022-03-26 16:39:28,11 Ave & W 41 St,6726,W 35 St & 9 Ave,6569,40.76030096,-73.99884222,40.75414519263519,-73.9960889518261,member
183654,4B6E4CBF2E1F9EDB,classic_bike,2022-03-07 08:36:20,2022-03-07 09:01:16,Stanton St & Norfolk St,5445,W 35 St & 9 Ave,6569,40.720747,-73.986274,40.75414519263519,-73.9960889518261,member
183660,CC26C096DCB09F79,electric_bike,2022-03-24 18:07:08,2022-03-24 18:15:53,W 63 St & Broadway,7052,W 35 St & 9 Ave,6569,40.77163851,-73.98261428,40.75414519263519,-73.9960889518261,member
183680,56D6DFC581C94FC9,electric_bike,2022-03-22 19:13:09,2022-03-22 19:20:41,W 63 St & Broadway,7052,W 35 St & 9 Ave,6569,40.77163851,-73.98261428,40.75414519263519,-73.9960889518261,member
183716,D596EF44A3C2956C,electric_bike,2022-03-03 08:47:52,2022-03-03 08:53:41,W 30 St & 10 Ave,6459,W 35 St & 9 Ave,6569,40.752694,-74.002353,40.75414519263519,-73.9960889518261,member
183736,849F5931485B9F7F,classic_bike,2022-03-31 15:09:59,2022-03-31 15:28:06,Washington St & Barrow St,5847,W 35 St & 9 Ave,6569,40.73191132323174,-74.008769094944,40.75414519263519,-73.9960889518261,member
183762,221066A4BB598075,classic_bike,2022-03-11 12:17:19,2022-03-11 12:22:26,W 37 St & Broadway,6441,W 35 St & 9 Ave,6569,40.75227093837409,-73.98770570755005,40.75414519263519,-73.9960889518261,member
183769,EDEA7D09E69608B6,classic_bike,2022-03-14 08:42:47,2022-03-14 08:48:00,W 50 St & 9 Ave,6854,W 35 St & 9 Ave,6569,40.76360467795863,-73.98917958140373,40.75414519263519,-73.9960889518261,member
183770,4AF578DB18A9C987,classic_bike,2022-03-02 09:04:23,2022-03-02 09:08:52,Broadway & W 36 St,6441,W 35 St & 9 Ave,6569,40.75097711,-73.98765428,40.75414519263519,-73.9960889518261,member
183772,FFECBE527671DD06,classic_bike,2022-03-21 09:37:51,2022-03-21 09:43:28,W 37 St & Broadway,6441,W 35 St & 9 Ave,6569,40.75227093837409,-73.98770570755005,40.75414519263519,-73.9960889518261,member
183773,604D7F0EC6D1EA53,classic_bike,2022-03-31 08:45:05,2022-03-31 08:52:17,W 50 St & 9 Ave,6854,W 35 St & 9 Ave,6569,40.76360467795863,-73.98917958140373,40.75414519263519,-73.9960889518261,member
183776,B703882E4A5338AA,classic_bike,2022-03-17 19:04:21,2022-03-17 19:12:59,W 50 St & 9 Ave,6854,W 35 St & 9 Ave,6569,40.76360467795863,-73.98917958140373,40.75414519263519,-73.9960889518261,member
183788,897446DC42AD98C3,electric_bike,2022-03-06 12:43:34,2022-03-06 12:50:09,W 50 St & 9 Ave,6854,W 35 St & 9 Ave,6569,40.76360467795863,-73.98917958140373,40.75414519263519,-73.9960889518261,member
183807,84B21C361A980C0F,electric_bike,2022-03-20 23:22:45,2022-03-20 23:27:00,W 50 St & 9 Ave,6854,W 35 St & 9 Ave,6569,40.76360467795863,-73.98917958140373,40.75414519263519,-73.9960889518261,member
183809,CFF9D3D7DF601438,electric_bike,2022-03-21 18:54:47,2022-03-21 19:11:14,5 Ave & E 78 St,7161,W 35 St & 9 Ave,6569,40.77632142182271,-73.96427392959595,40.75414519263519,-73.9960889518261,member
183821,3176DE5E1A1AA508,classic_bike,2022-03-21 08:48:01,2022-03-21 08:53:47,W 50 St & 9 Ave,6854,W 35 St & 9 Ave,6569,40.76360467795863,-73.98917958140373,40.75414519263519,-73.9960889518261,member
183822,283EF17B2A1FF5E6,electric_bike,2022-03-21 09:12:22,2022-03-21 09:17:07,W 50 St & 9 Ave,6854,W 35 St & 9 Ave,6569,40.76360467795863,-73.98917958140373,40.75414519263519,-73.9960889518261,member
183824,94CE539B2172AE40,classic_bike,2022-03-30 11:37:32,2022-03-30 11:41:37,Broadway & W 36 St,6441,W 35 St & 9 Ave,6569,40.75097711,-73.98765428,40.75414519263519,-73.9960889518261,casual
183825,0959C7E91096EA94,classic_bike,2022-03-31 17:41:02,2022-03-31 17:49:27,Broadway & W 36 St,6441,W 35 St & 9 Ave,6569,40.75097711,-73.98765428,40.75414519263519,-73.9960889518261,member
183833,E85B99BEADE3FA90,classic_bike,2022-03-24 17:05:07,2022-03-24 17:08:56,Broadway & W 36 St,6441,W 35 St & 9 Ave,6569,40.75097711,-73.98765428,40.75414519263519,-73.9960889518261,member
183838,8769705244A55ADF,electric_bike,2022-03-24 09:00:53,2022-03-24 09:14:37,E 11 St & 1 Ave,5746,W 35 St & 9 Ave,6569,40.72953837,-73.98426726,40.75414519263519,-73.9960889518261,member
183845,6FEBC35CE10387AA,electric_bike,2022-03-29 09:30:46,2022-03-29 09:35:13,Broadway & W 36 St,6441,W 35 St & 9 Ave,6569,40.75097711,-73.98765428,40.75414519263519,-73.9960889518261,member
183848,4BE18EF8C71F7D82,classic_bike,2022-03-03 09:21:39,2022-03-03 09:29:38,W 50 St & 9 Ave,6854,W 35 St & 9 Ave,6569,40.76360467795863,-73.98917958140373,40.75414519263519,-73.9960889518261,member
183849,F26BC77030A2A458,electric_bike,2022-03-28 19:02:26,2022-03-28 19:12:14,W 37 St & Broadway,6441,W 35 St & 9 Ave,6569,40.75227093837409,-73.98770570755005,40.75414519263519,-73.9960889518261,casual
183850,4FFD39FFC9E90EE4,classic_bike,2022-03-24 00:15:21,2022-03-24 00:21:26,W 50 St & 9 Ave,6854,W 35 St & 9 Ave,6569,40.76360467795863,-73.98917958140373,40.75414519263519,-73.9960889518261,casual
183852,A1787858DCAE90FA,classic_bike,2022-03-16 06:41:39,2022-03-16 07:01:45,E 11 St & 1 Ave,5746,W 35 St & 9 Ave,6569,40.72953837,-73.98426726,40.75414519263519,-73.9960889518261,casual
183857,4576904DF136E290,electric_bike,2022-03-20 10:50:49,2022-03-20 11:02:55,Grand St & Greene St,5500,W 35 St & 9 Ave,6569,40.72170005235607,-74.00238141417502,40.75414519263519,-73.9960889518261,casual
183858,38949E0478A980B0,classic_bike,2022-03-18 00:49:04,2022-03-18 00:54:24,W 50 St & 9 Ave,6854,W 35 St & 9 Ave,6569,40.76360467795863,-73.98917958140373,40.75414519263519,-73.9960889518261,casual
183886,463198FA02E02696,electric_bike,2022-03-26 19:03:21,2022-03-26 19:06:14,W 31 St & 7 Ave,6331,W 35 St & 9 Ave,6569,40.749156,-73.9916,40.75414519263519,-73.9960889518261,member
183887,5ECD11F37AB1D254,classic_bike,2022-03-25 22:16:02,2022-03-25 22:20:27,W 31 St & 7 Ave,6331,W 35 St & 9 Ave,6569,40.749156,-73.9916,40.75414519263519,-73.9960889518261,member
183927,5909FA4C3639E6A2,classic_bike,2022-03-10 18:40:31,2022-03-10 18:51:54,E 39 St & 2 Ave,6345,W 35 St & 9 Ave,6569,40.74803319428767,-73.973827958107,40.75414519263519,-73.9960889518261,member
183946,04C0B0C6B2802F5F,electric_bike,2022-03-10 08:37:59,2022-03-10 08:47:42,E 39 St & 2 Ave,6345,W 35 St & 9 Ave,6569,40.74803319428767,-73.973827958107,40.75414519263519,-73.9960889518261,member
183965,F912B2496690D90B,classic_bike,2022-03-03 10:23:51,2022-03-03 10:50:32,1 Ave & E 78 St,7020,W 35 St & 9 Ave,6569,40.77140426,-73.9535166,40.75414519263519,-73.9960889518261,member
183966,D0A07726B4A8BA7A,electric_bike,2022-03-29 08:24:45,2022-03-29 08:45:04,1 Ave & E 78 St,7020,W 35 St & 9 Ave,6569,40.77140426,-73.9535166,40.75414519263519,-73.9960889518261,member
183974,8A41B19E85FAA740,electric_bike,2022-03-17 09:35:26,2022-03-17 09:47:24,Morton St & Washington St,5772,W 35 St & 9 Ave,6569,40.73115,-74.00887,40.75414519263519,-73.9960889518261,member
184007,9E5D06BC4E0A01BE,electric_bike,2022-03-17 11:34:48,2022-03-17 11:53:21,E 47 St & 2 Ave,6498,W 35 St & 9 Ave,6569,40.75323098,-73.97032517,40.75414519263519,-73.9960889518261,member
184009,0A9C79918FF29A5F,electric_bike,2022-03-17 16:39:47,2022-03-17 16:54:46,E 56 St & 3 Ave,6691,W 35 St & 9 Ave,6569,40.75934501,-73.96759673,40.75414519263519,-73.9960889518261,member
184022,D6F01A11C2D419C4,electric_bike,2022-03-16 15:14:56,2022-03-16 15:24:03,Broadway & W 36 St,6441,W 35 St & 9 Ave,6569,40.75097711,-73.98765428,40.75414519263519,-73.9960889518261,casual
184027,43CE01880444B449,classic_bike,2022-03-15 19:28:38,2022-03-15 19:58:22,3 Ave & E 72 St,7028,W 35 St & 9 Ave,6569,40.7699426,-73.96060712,40.75414519263519,-73.9960889518261,casual
184030,BDE63C62D65B7D57,classic_bike,2022-03-02 04:18:30,2022-03-02 04:25:46,W 50 St & 9 Ave,6854,W 35 St & 9 Ave,6569,40.76360467795863,-73.98917958140373,40.75414519263519,-73.9960889518261,casual
184073,E1CFF4F63AB3665D,electric_bike,2022-03-01 16:39:31,2022-03-01 16:44:26,W 50 St & 9 Ave,6854,W 35 St & 9 Ave,6569,40.76360467795863,-73.98917958140373,40.75414519263519,-73.9960889518261,member
184082,3B1D6165D8882C8C,electric_bike,2022-03-23 09:58:29,2022-03-23 10:15:50,E 84 St & Park Ave,7243,W 35 St & 9 Ave,6569,40.77862688,-73.95772073,40.75414519263519,-73.9960889518261,member
184100,BE51567AB6AF851C,classic_bike,2022-03-02 10:08:37,2022-03-02 10:29:11,Washington St & Barrow St,5847,W 35 St & 9 Ave,6569,40.73191132323174,-74.008769094944,40.75414519263519,-73.9960889518261,member
184105,FABEA94295DCCC3A,classic_bike,2022-03-03 08:38:12,2022-03-03 08:59:35,3 Ave & E 72 St,7028,W 35 St & 9 Ave,6569,40.7699426,-73.96060712,40.75414519263519,-73.9960889518261,member
184111,29ABC744C47C80E7,electric_bike,2022-03-16 17:43:47,2022-03-16 17:46:49,W 37 St & 10 Ave,6611,W 35 St & 9 Ave,6569,40.75660359,-73.9979009,40.75414519263519,-73.9960889518261,member
184116,03ABD4DD738DF9F2,classic_bike,2022-03-11 13:16:08,2022-03-11 13:19:43,W 34 St & 11 Ave,6578,W 35 St & 9 Ave,6569,40.75594159,-74.0021163,40.75414519263519,-73.9960889518261,member
184126,C580B5187E4D9D78,electric_bike,2022-03-16 09:28:56,2022-03-16 09:56:51,Clinton Ave & Flushing Ave,4762,W 35 St & 9 Ave,6569,40.69794,-73.96986848,40.75414519263519,-73.9960889518261,member
184140,A14BB2FB5691AA7D,classic_bike,2022-03-07 08:50:13,2022-03-07 09:04:33,W 63 St & Broadway,7052,W 35 St & 9 Ave,6569,40.77163851,-73.98261428,40.75414519263519,-73.9960889518261,member
184147,6DCC098219CA45F9,electric_bike,2022-03-27 16:23:48,2022-03-27 16:33:06,W 63 St & Broadway,7052,W 35 St & 9 Ave,6569,40.77163851,-73.98261428,40.75414519263519,-73.9960889518261,member
184165,1ACEB08937401BE0,classic_bike,2022-03-01 08:10:42,2022-03-01 08:11:06,W 35 St & 9 Ave,6569,W 35 St & 9 Ave,6569,40.75414519263519,-73.9960889518261,40.75414519263519,-73.9960889518261,member
184203,A115540B000E56CE,classic_bike,2022-03-16 13:44:47,2022-03-16 13:57:48,5 Ave & E 29 St,6248,W 35 St & 9 Ave,6569,40.7451677,-73.98683077,40.75414519263519,-73.9960889518261,casual
184214,E6FA0E683D779696,classic_bike,2022-03-22 16:13:25,2022-03-22 16:24:59,W 55 St & 6 Ave,6809,W 35 St & 9 Ave,6569,40.763189,-73.978434,40.75414519263519,-73.9960889518261,member
184227,D386272F74DD5821,electric_bike,2022-03-01 17:33:29,2022-03-01 17:46:29,11 Ave & W 41 St,6726,W 35 St & 9 Ave,6569,40.76030096,-73.99884222,40.75414519263519,-73.9960889518261,casual
184234,A3EA2EA15B1E5E1B,classic_bike,2022-03-22 08:53:12,2022-03-22 08:58:38,11 Ave & W 41 St,6726,W 35 St & 9 Ave,6569,40.76030096,-73.99884222,40.75414519263519,-73.9960889518261,member
184237,8457132F78E802A8,classic_bike,2022-03-22 08:23:37,2022-03-22 08:35:40,W 55 St & 6 Ave,6809,W 35 St & 9 Ave,6569,40.763189,-73.978434,40.75414519263519,-73.9960889518261,member
184241,BD253291ACDDB0E1,electric_bike,2022-03-08 15:18:41,2022-03-08 16:55:19,E 58 St & Madison Ave,6839,W 35 St & 9 Ave,6569,40.76302594280519,-73.97209525108337,40.75414519263519,-73.9960889518261,casual
184247,E976D9CF6CBCEDE2,classic_bike,2022-03-18 09:59:28,2022-03-18 10:26:12,E 89 St & York Ave,7204,W 35 St & 9 Ave,6569,40.7779453,-73.946041,40.75414519263519,-73.9960889518261,member
184263,268F15964566E589,electric_bike,2022-03-18 15:59:03,2022-03-18 16:16:39,Amsterdam Ave & W 73 St,7260,W 35 St & 9 Ave,6569,40.77966809007312,-73.98093044757842,40.75414519263519,-73.9960889518261,casual
184264,43E8078687E73295,classic_bike,2022-03-22 09:14:43,2022-03-22 09:34:26,W 84 St & Broadway,7409,W 35 St & 9 Ave,6569,40.7867947,-73.977112,40.75414519263519,-73.9960889518261,member
184267,556CA2213A49D48B,classic_bike,2022-03-04 13:43:26,2022-03-04 13:48:55,W 44 St & 11 Ave,6756,W 35 St & 9 Ave,6569,40.762009,-73.996975,40.75414519263519,-73.9960889518261,member
184273,89B0251CEAAD6A69,electric_bike,2022-03-10 10:47:43,2022-03-10 10:59:58,W 55 St & 6 Ave,6809,W 35 St & 9 Ave,6569,40.763189,-73.978434,40.75414519263519,-73.9960889518261,member
184285,41DF27D216B201F2,classic_bike,2022-03-15 09:21:31,2022-03-15 09:41:28,St Marks Pl & 2 Ave,5669,W 35 St & 9 Ave,6569,40.7284186,-73.98713956,40.75414519263519,-73.9960889518261,member
184296,7E26D9AF0B62A1D5,classic_bike,2022-03-08 18:13:18,2022-03-08 18:20:28,W 44 St & 11 Ave,6756,W 35 St & 9 Ave,6569,40.762009,-73.996975,40.75414519263519,-73.9960889518261,member
184308,4DF70BF58C1DAA8F,classic_bike,2022-03-20 14:24:46,2022-03-20 14:40:56,8 Ave & W 38 St,6526,W 35 St & 9 Ave,6569,40.75461,-73.99177,40.75414519263519,-73.9960889518261,casual
184309,415A00B024A8A292,classic_bike,2022-03-01 08:17:08,2022-03-01 08:28:47,W 55 St & 6 Ave,6809,W 35 St & 9 Ave,6569,40.763189,-73.978434,40.75414519263519,-73.9960889518261,member
184317,CB065E92EB3A09D5,classic_bike,2022-03-13 10:24:00,2022-03-13 10:31:01,Broadway & W 41 St,6560,W 35 St & 9 Ave,6569,40.75513557,-73.98658032,40.75414519263519,-73.9960889518261,casual
184326,6A7F8A2EE9EAFA0D,electric_bike,2022-03-01 08:18:52,2022-03-01 08:47:54,Flushing Ave & Vanderbilt Ave,4762,W 35 St & 9 Ave,6569,40.69795031569544,-73.97077560424805,40.75414519263519,-73.9960889518261,member
184339,B3E0EAA96630218C,classic_bike,2022-03-18 15:55:58,2022-03-18 16:03:21,W 54 St & 11 Ave,6955,W 35 St & 9 Ave,6569,40.768333,-73.992573,40.75414519263519,-73.9960889518261,member
184340,14A07DE28FE862A6,classic_bike,2022-03-19 18:45:36,2022-03-19 19:00:12,W 54 St & 11 Ave,6955,W 35 St & 9 Ave,6569,40.768333,-73.992573,40.75414519263519,-73.9960889518261,member
184432,5D4A87EED038C471,classic_bike,2022-03-03 12:51:47,2022-03-03 12:54:36,W 37 St & 10 Ave,6611,W 35 St & 9 Ave,6569,40.75660359,-73.9979009,40.75414519263519,-73.9960889518261,member
184440,B2A3621AC99439A2,electric_bike,2022-03-25 10:25:05,2022-03-25 10:30:41,W 37 St & 10 Ave,6611,W 35 St & 9 Ave,6569,40.75660359,-73.9979009,40.75414519263519,-73.9960889518261,member
184510,7F3FFF319FA380D6,electric_bike,2022-03-01 08:55:02,2022-03-01 09:10:34,W 36 St & 9 Ave,6569,Morton St & Washington St,5772,40.75462324029105,-73.99516761302948,40.73115,-74.00887,member
184531,E1C9B4F432197B02,classic_bike,2022-03-10 08:04:03,2022-03-10 08:16:54,E 39 St & 2 Ave,6345,W 35 St & 9 Ave,6569,40.74803319428767,-73.973827958107,40.75414519263519,-73.9960889518261,member
184656,52248209444C01C4,classic_bike,2022-03-16 13:00:13,2022-03-16 13:18:51,Amsterdam Ave & W 73 St,7260,W 35 St & 9 Ave,6569,40.77966809007312,-73.98093044757842,40.75414519263519,-73.9960889518261,casual
185206,CBDD47B76A447DDE,classic_bike,2022-03-24 08:09:45,2022-03-24 08:20:37,Broadway & W 61 St,7014,W 35 St & 9 Ave,6569,40.77003010255044,-73.9819684624672,40.75414519263519,-73.9960889518261,member
185209,836514D00421C6E5,classic_bike,2022-03-25 10:07:15,2022-03-25 10:17:53,Broadway & W 61 St,7014,W 35 St & 9 Ave,6569,40.77003010255044,-73.9819684624672,40.75414519263519,-73.9960889518261,member
185249,52E8BB6CE4A99FB9,electric_bike,2022-03-26 23:18:50,2022-03-26 23:23:58,6 Ave & W 33 St,6364,W 35 St & 9 Ave,6569,40.74901271,-73.98848395,40.75414519263519,-73.9960889518261,member
185251,92DA0563F4D7C766,classic_bike,2022-03-01 23:12:02,2022-03-01 23:25:43,W 70 St & Amsterdam Ave,7207,W 35 St & 9 Ave,6569,40.77748046,-73.98288594,40.75414519263519,-73.9960889518261,member
185252,D1BC21F3310C19E8,classic_bike,2022-03-03 23:25:29,2022-03-03 23:30:36,6 Ave & W 33 St,6364,W 35 St & 9 Ave,6569,40.74901271,-73.98848395,40.75414519263519,-73.9960889518261,member
185253,3B3409BBA294409E,electric_bike,2022-03-11 10:04:03,2022-03-11 10:10:01,6 Ave & W 33 St,6364,W 35 St & 9 Ave,6569,40.74901271,-73.98848395,40.75414519263519,-73.9960889518261,member
185915,B3737984FD5A9F1C,classic_bike,2022-03-14 17:18:36,2022-03-14 17:27:00,W 36 St & 9 Ave,6569,Lexington Ave & E 36 St,6313,40.75462324029105,-73.99516761302948,40.7475739589548,-73.9788007736206,member
185918,6D0978DD89012EEA,classic_bike,2022-03-30 21:04:29,2022-03-30 21:11:52,W 36 St & 9 Ave,6569,Lexington Ave & E 36 St,6313,40.75462324029105,-73.99516761302948,40.7475739589548,-73.9788007736206,member
185922,37B0029C75EB8A8D,electric_bike,2022-03-10 18:50:43,2022-03-10 18:57:05,W 36 St & 9 Ave,6569,Lexington Ave & E 36 St,6313,40.75462324029105,-73.99516761302948,40.7475739589548,-73.9788007736206,casual
185924,5426ECC0343CA05B,docked_bike,2022-03-06 05:07:44,2022-03-06 05:40:41,W 36 St & 9 Ave,6569,Lexington Ave & E 36 St,6313,40.754623,-73.995168,40.747574,-73.978801,casual
185925,CF8BEE92B8C6FEBE,electric_bike,2022-03-14 21:21:18,2022-03-14 21:29:27,W 36 St & 9 Ave,6569,Lexington Ave & E 36 St,6313,40.75462324029105,-73.99516761302948,40.7475739589548,-73.9788007736206,member
186055,7495E785B29BF5A4,classic_bike,2022-03-22 18:31:44,2022-03-22 18:42:21,W 36 St & 9 Ave,6569,Lexington Ave & E 36 St,6313,40.75462324029105,-73.99516761302948,40.7475739589548,-73.9788007736206,casual
186058,AEF2D7F36FAD946D,classic_bike,2022-03-25 09:09:31,2022-03-25 09:18:00,W 36 St & 9 Ave,6569,Lexington Ave & E 36 St,6313,40.75462324029105,-73.99516761302948,40.7475739589548,-73.9788007736206,member
186073,3C2C2356AAF8BE89,electric_bike,2022-03-25 08:01:23,2022-03-25 08:07:04,W 36 St & 9 Ave,6569,Lexington Ave & E 36 St,6313,40.75462324029105,-73.99516761302948,40.7475739589548,-73.9788007736206,member
189530,0AB461A13C3931FA,electric_bike,2022-03-06 08:37:42,2022-03-06 08:41:41,W 36 St & 9 Ave,6569,10 Ave & W 28 St,6459,40.75462324029105,-73.99516761302948,40.75066386,-74.00176802,casual
189532,6116A7EB5978A052,classic_bike,2022-03-02 19:49:00,2022-03-02 19:53:40,W 36 St & 9 Ave,6569,10 Ave & W 28 St,6459,40.75462324029105,-73.99516761302948,40.75066386,-74.00176802,member
189535,C7C4A240240B7E7D,electric_bike,2022-03-23 17:27:48,2022-03-23 17:36:55,W 36 St & 9 Ave,6569,W 52 St & 11 Ave,6926,40.75462324029105,-73.99516761302948,40.76727216,-73.99392888,member
189880,91F53A526940BF19,classic_bike,2022-03-31 10:00:49,2022-03-31 10:28:21,W 35 St & Dyer Ave,6569,West St & Chambers St,5329,40.754691750226016,-73.99740189313889,40.71754834,-74.01322069,casual
190400,A2E7D64797690342,electric_bike,2022-03-30 18:57:58,2022-03-30 19:12:41,W 35 St & Dyer Ave,6569,E 5 St & Cooper Sq,5712,40.754691750226016,-73.99740189313889,40.72769,-73.990993,member
192741,150A6E72C286D54E,electric_bike,2022-03-16 20:55:17,2022-03-16 21:41:24,W 36 St & 9 Ave,6569,Myrtle Ave & Lewis Ave,4729,40.75462324029105,-73.99516761302948,40.69681963,-73.93756926,casual
192742,DAE886A9ABE7C3F3,electric_bike,2022-03-03 09:55:37,2022-03-03 10:06:34,W 36 St & 9 Ave,6569,W 15 St & 6 Ave,5989,40.75462324029105,-73.99516761302948,40.738046142482766,-73.99642959237099,member
192763,334DFB5127BEBD80,classic_bike,2022-03-27 13:55:27,2022-03-27 14:07:36,W 36 St & 9 Ave,6569,W 12 St & Hudson St,5997,40.75462324029105,-73.99516761302948,40.73752993301071,-74.00558933615685,member
192765,02E99D32BAB8A54B,classic_bike,2022-03-02 17:44:05,2022-03-02 17:51:27,W 36 St & 9 Ave,6569,E 41 St & Madison Ave (SE corner),6432,40.75462324029105,-73.99516761302948,40.752049,-73.979635,member
194082,176AA7E9BFEC3CEE,classic_bike,2022-03-22 11:44:38,2022-03-22 11:55:09,W 35 St & 9 Ave,6569,W 15 St & 6 Ave,5989,40.75414519263519,-73.9960889518261,40.738046142482766,-73.99642959237099,member
194680,21AD448240D98D12,electric_bike,2022-03-07 06:58:05,2022-03-07 07:10:48,W 35 St & Dyer Ave,6569,E 56 St & 3 Ave,6691,40.754691750226016,-73.99740189313889,40.75934501,-73.96759673,member
194702,0D7CD955756B9EAD,electric_bike,2022-03-25 19:43:28,2022-03-25 19:59:54,W 35 St & Dyer Ave,6569,E 56 St & 3 Ave,6691,40.754691750226016,-73.99740189313889,40.75934501,-73.96759673,member
194729,9D1453E5BDE979E7,electric_bike,2022-03-11 18:26:10,2022-03-11 18:43:03,W 35 St & Dyer Ave,6569,W 84 St & Columbus Ave,7382,40.754691750226016,-73.99740189313889,40.78499979,-73.97283406,casual
194748,041BACDD6CAE39F6,electric_bike,2022-03-28 07:00:49,2022-03-28 07:13:14,W 35 St & Dyer Ave,6569,E 56 St & 3 Ave,6691,40.754691750226016,-73.99740189313889,40.75934501,-73.96759673,member
194782,81C96C38CF84D10E,electric_bike,2022-03-04 07:03:34,2022-03-04 07:17:35,W 35 St & Dyer Ave,6569,E 56 St & 3 Ave,6691,40.754691750226016,-73.99740189313889,40.75934501,-73.96759673,member
194783,F0F14DF3B648BDF2,electric_bike,2022-03-11 21:49:23,2022-03-11 22:00:45,W 35 St & Dyer Ave,6569,E 47 St & 2 Ave,6498,40.754691750226016,-73.99740189313889,40.75323098,-73.97032517,member
194865,622608A125339C75,electric_bike,2022-03-23 07:00:48,2022-03-23 07:17:37,W 35 St & Dyer Ave,6569,E 56 St & 3 Ave,6691,40.754691750226016,-73.99740189313889,40.75934501,-73.96759673,member
195149,896CD23245104955,electric_bike,2022-03-22 07:06:06,2022-03-22 07:19:00,W 35 St & Dyer Ave,6569,E 56 St & 3 Ave,6691,40.754691750226016,-73.99740189313889,40.75934501,-73.96759673,member
195176,5BE963DD2AD6C474,classic_bike,2022-03-17 11:19:10,2022-03-17 11:45:27,W 35 St & Dyer Ave,6569,E 56 St & 3 Ave,6691,40.754691750226016,-73.99740189313889,40.75934501,-73.96759673,casual
195188,18BFD9179FD3E9DE,electric_bike,2022-03-26 03:51:01,2022-03-26 04:07:11,W 35 St & Dyer Ave,6569,W 84 St & Columbus Ave,7382,40.754691750226016,-73.99740189313889,40.78499979,-73.97283406,member
196095,4A0998E13B711FC5,classic_bike,2022-03-02 09:25:03,2022-03-02 09:41:56,W 35 St & Dyer Ave,6569,E 56 St & 3 Ave,6691,40.754691750226016,-73.99740189313889,40.75934501,-73.96759673,member
197306,9E00F0DFBD8B28CD,electric_bike,2022-03-28 19:55:21,2022-03-28 20:07:10,W 35 St & Dyer Ave,6569,Greenwich Ave & Charles St,5914,40.754691750226016,-73.99740189313889,40.735238,-74.000271,member
197501,AFC92D8FF22A9378,electric_bike,2022-03-16 18:33:14,2022-03-16 18:43:04,W 36 St & 9 Ave,6569,E 40 St & Park Ave,6432,40.75462324029105,-73.99516761302948,40.750756,-73.978326,member
197502,39735E3AFCD780E3,classic_bike,2022-03-04 17:16:19,2022-03-04 17:25:27,W 36 St & 9 Ave,6569,E 40 St & Park Ave,6432,40.75462324029105,-73.99516761302948,40.750756,-73.978326,member
197507,CCF3B6513E550AA5,classic_bike,2022-03-01 15:39:28,2022-03-01 15:46:35,W 36 St & 9 Ave,6569,E 40 St & Park Ave,6432,40.75462324029105,-73.99516761302948,40.750756,-73.978326,member
197508,7FA98FD969BD7968,electric_bike,2022-03-24 14:22:49,2022-03-24 14:29:49,W 36 St & 9 Ave,6569,E 40 St & Park Ave,6432,40.75462324029105,-73.99516761302948,40.750756,-73.978326,member
197518,37892F9C3B689F0D,classic_bike,2022-03-10 18:09:25,2022-03-10 18:18:45,W 36 St & 9 Ave,6569,E 40 St & Park Ave,6432,40.75462324029105,-73.99516761302948,40.750756,-73.978326,member
197521,98075A5E4F65E970,classic_bike,2022-03-15 19:35:56,2022-03-15 19:44:16,W 36 St & 9 Ave,6569,E 40 St & Park Ave,6432,40.75462324029105,-73.99516761302948,40.750756,-73.978326,casual
197523,092CF19046767421,electric_bike,2022-03-31 07:27:13,2022-03-31 07:35:50,W 36 St & 9 Ave,6569,Greenwich Ave & Charles St,5914,40.75462324029105,-73.99516761302948,40.735238,-74.000271,member
197887,649A4E640777BF75,classic_bike,2022-03-21 16:47:10,2022-03-21 16:56:19,W 35 St & Dyer Ave,6569,E 40 St & Park Ave,6432,40.754691750226016,-73.99740189313889,40.750756,-73.978326,member
197893,27BD4782A2F537A3,classic_bike,2022-03-30 16:50:22,2022-03-30 17:00:43,W 35 St & Dyer Ave,6569,E 40 St & Park Ave,6432,40.754691750226016,-73.99740189313889,40.750756,-73.978326,member
197894,93FF483B345A98AB,classic_bike,2022-03-29 16:48:08,2022-03-29 16:58:09,W 35 St & Dyer Ave,6569,E 40 St & Park Ave,6432,40.754691750226016,-73.99740189313889,40.750756,-73.978326,member
198091,2A94C8173B1E58EE,electric_bike,2022-03-28 16:49:18,2022-03-28 16:56:25,W 35 St & Dyer Ave,6569,E 40 St & Park Ave,6432,40.754691750226016,-73.99740189313889,40.750756,-73.978326,member
200733,4925E423A4C54FD8,electric_bike,2022-03-23 08:30:25,2022-03-23 08:36:44,W 36 St & 9 Ave,6569,W 53 St & 10 Ave,6890,40.75462324029105,-73.99516761302948,40.76669671,-73.99061728,casual
200748,5117E50864E326EF,electric_bike,2022-03-08 20:27:51,2022-03-08 20:33:01,W 36 St & 9 Ave,6569,W 53 St & 10 Ave,6890,40.75462324029105,-73.99516761302948,40.76669671,-73.99061728,member
200759,1461EC056C05A7C6,electric_bike,2022-03-05 22:25:57,2022-03-05 22:32:14,W 36 St & 9 Ave,6569,W 53 St & 10 Ave,6890,40.75462324029105,-73.99516761302948,40.76669671,-73.99061728,member
201331,46F4C4E245806C1B,classic_bike,2022-03-23 14:48:58,2022-03-23 14:54:26,W 35 St & Dyer Ave,6569,W 20 St & 10 Ave,6306,40.754691750226016,-73.99740189313889,40.745686,-74.005141,member
201334,3299A6F270523A29,classic_bike,2022-03-24 11:39:19,2022-03-24 11:47:58,W 35 St & Dyer Ave,6569,W 20 St & 10 Ave,6306,40.754691750226016,-73.99740189313889,40.745686,-74.005141,member
201335,B0825483063A6F5F,classic_bike,2022-03-22 11:21:15,2022-03-22 11:22:51,W 35 St & Dyer Ave,6569,Hudson Blvd E & W 36 St,6611,40.754691750226016,-73.99740189313889,40.75630628938069,-73.99951145061095,member
201429,465A77C540A10354,classic_bike,2022-03-26 15:53:41,2022-03-26 15:56:51,W 36 St & 9 Ave,6569,Hudson Blvd E & W 36 St,6611,40.75462324029105,-73.99516761302948,40.75630628938069,-73.99951145061095,member
201435,D3B2F058BCDA6558,electric_bike,2022-03-22 09:55:46,2022-03-22 09:58:28,W 36 St & 9 Ave,6569,Hudson Blvd E & W 36 St,6611,40.75462324029105,-73.99516761302948,40.75630628938069,-73.99951145061095,member
201438,20FA5C3830DAD064,electric_bike,2022-03-25 09:55:03,2022-03-25 10:56:55,W 36 St & 9 Ave,6569,Jerome Ave & E 181 St,8478,40.75462324029105,-73.99516761302948,40.855653,-73.905528,member
201440,0788665A3B231525,classic_bike,2022-03-28 06:46:17,2022-03-28 06:53:54,W 36 St & 9 Ave,6569,W 20 St & 10 Ave,6306,40.75462324029105,-73.99516761302948,40.745686,-74.005141,casual
201442,6515A0C53614138B,electric_bike,2022-03-04 14:48:39,2022-03-04 14:55:15,W 36 St & 9 Ave,6569,W 20 St & 10 Ave,6306,40.75462324029105,-73.99516761302948,40.745686,-74.005141,casual
201450,F933CDE8635FA6E5,electric_bike,2022-03-26 12:46:39,2022-03-26 12:52:02,W 36 St & 9 Ave,6569,W 20 St & 10 Ave,6306,40.75462324029105,-73.99516761302948,40.745686,-74.005141,member
201453,56EE2DDB3A9B59B6,classic_bike,2022-03-15 06:35:18,2022-03-15 06:45:32,W 36 St & 9 Ave,6569,W 20 St & 10 Ave,6306,40.75462324029105,-73.99516761302948,40.745686,-74.005141,member
201454,BE74106D3BA6FB57,classic_bike,2022-03-22 06:37:27,2022-03-22 06:46:51,W 36 St & 9 Ave,6569,W 20 St & 10 Ave,6306,40.75462324029105,-73.99516761302948,40.745686,-74.005141,member
201459,C4E0283C0E4CD471,electric_bike,2022-03-11 15:27:46,2022-03-11 15:34:15,W 36 St & 9 Ave,6569,W 20 St & 10 Ave,6306,40.75462324029105,-73.99516761302948,40.745686,-74.005141,member
201466,3E6E0B7ABB9EA400,classic_bike,2022-03-21 16:28:51,2022-03-21 16:31:34,W 36 St & 9 Ave,6569,Hudson Blvd E & W 36 St,6611,40.75462324029105,-73.99516761302948,40.75630628938069,-73.99951145061095,member
201478,D4A2424B989F814E,electric_bike,2022-03-29 07:27:56,2022-03-29 07:39:01,W 36 St & 9 Ave,6569,5 Ave & E 63 St,6904,40.75462324029105,-73.99516761302948,40.766368,-73.971518,member
201479,AFB2D385E4AB569A,classic_bike,2022-03-11 10:07:15,2022-03-11 10:13:51,W 36 St & 9 Ave,6569,W 20 St & 10 Ave,6306,40.75462324029105,-73.99516761302948,40.745686,-74.005141,member
201480,6D498B32EC07239E,classic_bike,2022-03-27 12:38:31,2022-03-27 12:47:32,W 36 St & 9 Ave,6569,Hudson Blvd E & W 36 St,6611,40.75462324029105,-73.99516761302948,40.75630628938069,-73.99951145061095,casual
201497,5CC338DC5C0EA51A,classic_bike,2022-03-26 15:10:54,2022-03-26 15:19:35,W 36 St & 9 Ave,6569,W 20 St & 10 Ave,6306,40.75462324029105,-73.99516761302948,40.745686,-74.005141,member
201924,0890C62A7DFAF8E9,electric_bike,2022-03-25 06:20:13,2022-03-25 06:29:58,W 36 St & 9 Ave,6569,W 20 St & 10 Ave,6306,40.75462324029105,-73.99516761302948,40.745686,-74.005141,member
201925,5EBA9BC28E7FC691,classic_bike,2022-03-20 12:31:03,2022-03-20 13:01:22,W 36 St & 9 Ave,6569,5 Ave & E 63 St,6904,40.75462324029105,-73.99516761302948,40.766368,-73.971518,casual
202274,7EF4CEC93275FD59,classic_bike,2022-03-29 12:53:28,2022-03-29 13:00:53,W 36 St & 9 Ave,6569,W 20 St & 10 Ave,6306,40.75462324029105,-73.99516761302948,40.745686,-74.005141,member
202300,C876F771C990B748,classic_bike,2022-03-21 20:16:43,2022-03-21 20:34:38,W 36 St & 9 Ave,6569,W 20 St & 10 Ave,6306,40.75462324029105,-73.99516761302948,40.745686,-74.005141,member
202331,01A3CE3BEB3A974F,electric_bike,2022-03-05 19:52:35,2022-03-05 19:58:49,W 36 St & 9 Ave,6569,W 20 St & 10 Ave,6306,40.75462324029105,-73.99516761302948,40.745686,-74.005141,member
202332,B89901D711D750B5,classic_bike,2022-03-27 12:39:05,2022-03-27 12:47:38,W 36 St & 9 Ave,6569,Hudson Blvd E & W 36 St,6611,40.75462324029105,-73.99516761302948,40.75630628938069,-73.99951145061095,casual
202983,471CB23013AF208F,classic_bike,2022-03-25 10:56:14,2022-03-25 11:07:13,W 35 St & Dyer Ave,6569,W 59 St & 10 Ave,7023,40.754691750226016,-73.99740189313889,40.770513,-73.988038,member
203415,C83330FDE6A5122D,electric_bike,2022-03-10 15:57:00,2022-03-10 16:08:31,W 36 St & 9 Ave,6569,W 59 St & 10 Ave,7023,40.75462324029105,-73.99516761302948,40.770513,-73.988038,member
203491,BDC6DB59A771204C,electric_bike,2022-03-11 18:02:04,2022-03-12 12:11:01,W 35 St & Dyer Ave,6569,W 59 St & 10 Ave,7023,40.754691750226016,-73.99740189313889,40.770513,-73.988038,casual
204583,1A07FC825242E846,electric_bike,2022-03-03 19:03:52,2022-03-03 19:09:44,W 36 St & 9 Ave,6569,W 17 St & 8 Ave,6148,40.75462324029105,-73.99516761302948,40.74177603,-74.00149746,member
205121,8DF793F76D7E2437,electric_bike,2022-03-18 08:47:01,2022-03-18 08:53:51,W 35 St & Dyer Ave,6569,W 17 St & 8 Ave,6148,40.754691750226016,-73.99740189313889,40.74177603,-74.00149746,member
206465,6CAEB66E9C2ED727,electric_bike,2022-03-19 18:25:23,2022-03-19 18:33:28,W 35 St & Dyer Ave,6569,W 17 St & 8 Ave,6148,40.754691750226016,-73.99740189313889,40.74177603,-74.00149746,member
206495,6ACBF8713A8E0C3B,electric_bike,2022-03-16 08:01:23,2022-03-16 08:09:08,W 36 St & 9 Ave,6569,W 48 St &  Rockefeller Plaza,6626,40.75462324029105,-73.99516761302948,40.75776935448309,-73.97929430007935,member
207102,B48398359D3AE2A2,classic_bike,2022-03-30 12:49:31,2022-03-30 13:06:49,W 36 St & 9 Ave,6569,Central Park West & W 85 St,7354,40.75462324029105,-73.99516761302948,40.78476,-73.969862,member
207137,57B5F758844C06BE,classic_bike,2022-03-21 17:17:12,2022-03-21 17:29:56,W 36 St & 9 Ave,6569,W 48 St &  Rockefeller Plaza,6626,40.75462324029105,-73.99516761302948,40.75776935448309,-73.97929430007935,member
207987,E108A34C98DD3A52,electric_bike,2022-03-07 17:47:13,2022-03-07 18:06:22,W 35 St & Dyer Ave,6569,5 Ave & E 72 St,7100,40.754691750226016,-73.99740189313889,40.77282817,-73.96685276,casual
208460,EF75EF5ED02CF4B7,electric_bike,2022-03-25 16:48:44,2022-03-25 16:59:38,W 35 St & Dyer Ave,6569,E 16 St & 5 Ave,6022,40.754691750226016,-73.99740189313889,40.73726186,-73.99238967,member
208492,38AA7C07B14CD873,electric_bike,2022-03-18 12:54:51,2022-03-18 13:10:53,W 35 St & Dyer Ave,6569,E 16 St & 5 Ave,6022,40.754691750226016,-73.99740189313889,40.73726186,-73.99238967,member
211814,1416C6AD964E8F30,classic_bike,2022-03-27 14:08:35,2022-03-27 14:25:09,W 35 St & Dyer Ave,6569,6 Ave & Broome St,5610,40.754691750226016,-73.99740189313889,40.72431,-74.00473,member
212573,3A83C1CA764C6EAC,classic_bike,2022-03-21 15:48:17,2022-03-21 16:13:30,W 36 St & 9 Ave,6569,6 Ave & Broome St,5610,40.75462324029105,-73.99516761302948,40.72431,-74.00473,member
214376,61E3C670DD4EE5F5,classic_bike,2022-03-22 08:20:46,2022-03-22 08:36:59,W 35 St & Dyer Ave,6569,E 58 St & Madison Ave,6839,40.754691750226016,-73.99740189313889,40.76302594280519,-73.97209525108337,member
214379,7257EDA72D5FB5B7,electric_bike,2022-03-10 08:53:41,2022-03-10 09:02:52,W 35 St & Dyer Ave,6569,W 55 St & 6 Ave,6809,40.754691750226016,-73.99740189313889,40.763189,-73.978434,member
214380,3131A2F1E71A8D0B,classic_bike,2022-03-02 07:33:17,2022-03-02 07:50:45,W 35 St & Dyer Ave,6569,E 58 St & Madison Ave,6839,40.754691750226016,-73.99740189313889,40.76302594280519,-73.97209525108337,member
214382,F499846F195203F1,classic_bike,2022-03-07 08:06:43,2022-03-07 08:17:25,W 35 St & Dyer Ave,6569,W 55 St & 6 Ave,6809,40.754691750226016,-73.99740189313889,40.763189,-73.978434,member
214384,5CE258E3F97575FF,electric_bike,2022-03-28 08:52:23,2022-03-28 09:02:45,W 35 St & Dyer Ave,6569,W 55 St & 6 Ave,6809,40.754691750226016,-73.99740189313889,40.763189,-73.978434,member
214388,18CC380B85D60F22,classic_bike,2022-03-23 13:39:15,2022-03-23 13:53:54,W 35 St & Dyer Ave,6569,W 55 St & 6 Ave,6809,40.754691750226016,-73.99740189313889,40.763189,-73.978434,member
214898,5A3600E7FFF6AB37,classic_bike,2022-03-08 12:43:14,2022-03-08 12:56:35,W 35 St & Dyer Ave,6569,E 58 St & Madison Ave,6839,40.754691750226016,-73.99740189313889,40.76302594280519,-73.97209525108337,member
214946,D31BC6D2F1DD7FD9,electric_bike,2022-03-16 09:43:02,2022-03-16 09:56:55,W 35 St & Dyer Ave,6569,E 58 St & Madison Ave,6839,40.754691750226016,-73.99740189313889,40.76302594280519,-73.97209525108337,member
215921,A0ACEAADEC290A60,electric_bike,2022-03-31 09:26:15,2022-03-31 09:33:30,W 35 St & Dyer Ave,6569,5 Ave & E 29 St,6248,40.754691750226016,-73.99740189313889,40.7451677,-73.98683077,member
215947,E6B82ED97559CC25,electric_bike,2022-03-22 19:50:35,2022-03-22 19:57:16,W 35 St & Dyer Ave,6569,5 Ave & E 29 St,6248,40.754691750226016,-73.99740189313889,40.7451677,-73.98683077,member
216010,A204AE4913F6B787,classic_bike,2022-03-28 18:57:01,2022-03-28 19:18:13,W 35 St & Dyer Ave,6569,Riverside Dr & W 72 St,7288,40.754691750226016,-73.99740189313889,40.78057799010334,-73.98562431335449,member
216923,3747940DE4690F07,classic_bike,2022-03-03 21:45:57,2022-03-03 21:54:21,W 36 St & 9 Ave,6569,5 Ave & E 29 St,6248,40.75462324029105,-73.99516761302948,40.7451677,-73.98683077,casual
216932,3A83CE38E93693C2,electric_bike,2022-03-07 10:49:32,2022-03-07 11:22:32,W 36 St & 9 Ave,6569,5 Ave & E 29 St,6248,40.75462324029105,-73.99516761302948,40.7451677,-73.98683077,casual
216936,9424B34970FB07D3,electric_bike,2022-03-19 07:46:06,2022-03-19 07:51:42,W 36 St & 9 Ave,6569,5 Ave & E 29 St,6248,40.75462324029105,-73.99516761302948,40.7451677,-73.98683077,casual
218169,B57A2EC584AE8156,electric_bike,2022-03-20 10:48:01,2022-03-20 11:11:58,W 36 St & 9 Ave,6569,Mott St & Prince St,5561,40.75462324029105,-73.99516761302948,40.72317958,-73.99480012,casual
220318,BEFC99B71F0163E4,electric_bike,2022-03-31 14:39:11,2022-03-31 14:47:36,W 35 St & Dyer Ave,6569,E 30 St & Park Ave S,6206,40.754691750226016,-73.99740189313889,40.74444921,-73.98303529,member
221836,108B2D3678AD8664,classic_bike,2022-03-19 19:05:56,2022-03-19 19:12:44,W 36 St & 9 Ave,6569,12 Ave & W 40 St,6765,40.75462324029105,-73.99516761302948,40.76087502,-74.00277668,casual
221837,DB94B4A8FE0D2362,classic_bike,2022-03-25 14:16:01,2022-03-25 14:23:23,W 36 St & 9 Ave,6569,Broadway & W 37 St,6441,40.75462324029105,-73.99516761302948,40.75172632,-73.98753523,casual
221839,C035762A2C856F7B,electric_bike,2022-03-27 12:13:41,2022-03-27 12:42:02,W 36 St & 9 Ave,6569,12 Ave & W 40 St,6765,40.75462324029105,-73.99516761302948,40.76087502,-74.00277668,casual
221971,B30C17BBEC195393,electric_bike,2022-03-31 20:01:57,2022-03-31 20:09:25,W 36 St & 9 Ave,6569,W 47 St & 10 Ave,6824,40.75462324029105,-73.99516761302948,40.76269882,-73.99301222,casual
221983,1EB1A581030121FB,classic_bike,2022-03-03 11:10:48,2022-03-03 11:30:28,W 36 St & 9 Ave,6569,1 Ave & E 18 St,5854,40.75462324029105,-73.99516761302948,40.73381219196632,-73.98054420948029,member
222792,88805B795859D8B3,classic_bike,2022-03-23 18:00:28,2022-03-23 18:05:40,W 35 St & Dyer Ave,6569,W 47 St & 10 Ave,6824,40.754691750226016,-73.99740189313889,40.76269882,-73.99301222,member
222931,AEDF3EA8CA546EA3,electric_bike,2022-03-15 20:32:44,2022-03-15 20:47:02,W 36 St & 9 Ave,6569,1 Ave & E 18 St,5854,40.75462324029105,-73.99516761302948,40.73381219196632,-73.98054420948029,member
222937,A32BEF5A473FA6D4,classic_bike,2022-03-31 21:35:14,2022-03-31 21:38:36,W 36 St & 9 Ave,6569,Broadway & W 37 St,6441,40.75462324029105,-73.99516761302948,40.75172632,-73.98753523,member
223124,D3D2818BC6A7AE1E,classic_bike,2022-03-05 14:48:46,2022-03-05 14:54:45,W 35 St & Dyer Ave,6569,W 47 St & 10 Ave,6824,40.754691750226016,-73.99740189313889,40.76269882,-73.99301222,member
224915,B824B58BCDE75009,classic_bike,2022-03-14 20:04:50,2022-03-14 20:06:52,W 35 St & Dyer Ave,6569,W 34 St &\tHudson Blvd E,6535,40.754691750226016,-73.99740189313889,40.75516719072139,-74.00059908628464,member
224929,8CD68902C7F94C36,classic_bike,2022-03-26 12:54:54,2022-03-26 12:56:29,W 35 St & Dyer Ave,6569,W 34 St &\tHudson Blvd E,6535,40.754691750226016,-73.99740189313889,40.75516719072139,-74.00059908628464,member
225584,205459958C29BC5E,classic_bike,2022-03-25 17:39:49,2022-03-25 17:46:48,W 36 St & 9 Ave,6569,W 34 St & 11 Ave,6578,40.75462324029105,-73.99516761302948,40.75594159,-74.0021163,casual
225585,225E37E87C32B4CC,classic_bike,2022-03-25 17:41:00,2022-03-25 17:46:54,W 36 St & 9 Ave,6569,W 34 St & 11 Ave,6578,40.75462324029105,-73.99516761302948,40.75594159,-74.0021163,casual
225586,3127BABDAE900AEF,classic_bike,2022-03-08 17:30:19,2022-03-08 17:45:38,W 36 St & 9 Ave,6569,W 37 St & 10 Ave,6611,40.75462324029105,-73.99516761302948,40.75660359,-73.9979009,member
225611,63A9801264CFC09F,electric_bike,2022-03-19 03:52:57,2022-03-19 04:30:36,W 35 St & Dyer Ave,6569,W 37 St & 10 Ave,6611,40.754691750226016,-73.99740189313889,40.75660359,-73.9979009,member
225798,0BE6C6A10F6CD6F2,electric_bike,2022-03-08 07:46:50,2022-03-08 07:47:54,W 35 St & Dyer Ave,6569,W 37 St & 10 Ave,6611,40.754691750226016,-73.99740189313889,40.75660359,-73.9979009,member
225800,53CEE5B24C89B0FD,classic_bike,2022-03-16 15:26:32,2022-03-16 15:32:45,W 35 St & Dyer Ave,6569,W 37 St & 10 Ave,6611,40.754691750226016,-73.99740189313889,40.75660359,-73.9979009,member
225801,0736E867B51814E2,classic_bike,2022-03-20 20:52:04,2022-03-20 20:53:43,W 35 St & Dyer Ave,6569,W 37 St & 10 Ave,6611,40.754691750226016,-73.99740189313889,40.75660359,-73.9979009,member
226260,4AA7C14391E537E8,classic_bike,2022-03-29 14:41:36,2022-03-29 14:44:43,W 36 St & 9 Ave,6569,W 37 St & 10 Ave,6611,40.75462324029105,-73.99516761302948,40.75660359,-73.9979009,member
226261,A7D932A6C15EDEF8,classic_bike,2022-03-24 14:35:17,2022-03-24 14:38:52,W 36 St & 9 Ave,6569,W 34 St & 11 Ave,6578,40.75462324029105,-73.99516761302948,40.75594159,-74.0021163,member
226420,5850A5694838EBE0,classic_bike,2022-03-14 06:20:42,2022-03-14 06:28:20,Lexington Ave & E 36 St,6313,W 35 St & Dyer Ave,6569,40.7475739589548,-73.9788007736206,40.754691750226016,-73.99740189313889,member
226429,6FB449B2AA59D27F,classic_bike,2022-03-06 18:21:14,2022-03-06 18:27:22,6 Ave & W 34 St,6364,W 35 St & Dyer Ave,6569,40.74964,-73.98805,40.754691750226016,-73.99740189313889,member
226454,FEB836385F6A3EF2,electric_bike,2022-03-02 08:20:13,2022-03-02 08:39:24,W 95 St & Broadway,7541,W 35 St & Dyer Ave,6569,40.7937704,-73.971888,40.754691750226016,-73.99740189313889,member
226462,44A45A205B075CFB,classic_bike,2022-03-02 08:11:28,2022-03-02 08:46:52,E 95 St & 3 Ave,7365,W 35 St & Dyer Ave,6569,40.7849032,-73.950503,40.754691750226016,-73.99740189313889,member
226465,B37F117CDE15A2A3,electric_bike,2022-03-25 18:11:42,2022-03-25 18:24:29,E 33 St & 1 Ave,6197,W 35 St & Dyer Ave,6569,40.74322681432173,-73.97449783980846,40.754691750226016,-73.99740189313889,member
226484,C096F54E0EF810CD,classic_bike,2022-03-29 19:50:09,2022-03-29 19:52:10,W 37 St & 10 Ave,6611,W 35 St & Dyer Ave,6569,40.75660359,-73.9979009,40.754691750226016,-73.99740189313889,member
226505,4FB08FE32FD861A1,electric_bike,2022-03-28 19:01:50,2022-03-28 19:13:09,W 53 St & 10 Ave,6890,W 35 St & Dyer Ave,6569,40.76669671,-73.99061728,40.754691750226016,-73.99740189313889,member
226512,A05A46294E068EC6,classic_bike,2022-03-14 17:07:13,2022-03-14 17:26:46,1 Ave & E 68 St,6822,W 35 St & Dyer Ave,6569,40.76500525,-73.95818491,40.754691750226016,-73.99740189313889,member
226516,8D73A6E4671AE3F6,classic_bike,2022-03-25 17:56:46,2022-03-25 18:08:54,11 Ave & W 59 St,7059,W 35 St & Dyer Ave,6569,40.77149671054441,-73.99046033620834,40.754691750226016,-73.99740189313889,member
226526,C798DCB36205FABD,electric_bike,2022-03-25 18:43:55,2022-03-25 18:49:38,12 Ave & W 40 St,6765,W 35 St & Dyer Ave,6569,40.76087502,-74.00277668,40.754691750226016,-73.99740189313889,member
226594,506891666604A38A,electric_bike,2022-03-18 17:06:56,2022-03-18 17:10:45,W 34 St & 11 Ave,6578,W 35 St & Dyer Ave,6569,40.75594159,-74.0021163,40.754691750226016,-73.99740189313889,member
226612,9F2635D3EDD8A1F9,classic_bike,2022-03-30 09:26:56,2022-03-30 09:29:47,W 37 St & 10 Ave,6611,W 35 St & Dyer Ave,6569,40.75660359,-73.9979009,40.754691750226016,-73.99740189313889,member
226635,1EED6CA89CE6C2A6,classic_bike,2022-03-16 08:40:19,2022-03-16 08:46:44,W 54 St & 9 Ave,6920,W 35 St & Dyer Ave,6569,40.76584941,-73.98690506,40.754691750226016,-73.99740189313889,member
226642,4E28911ED5BD0140,electric_bike,2022-03-03 16:26:17,2022-03-03 16:45:05,Amsterdam Ave & W 73 St,7260,W 35 St & Dyer Ave,6569,40.77966809007312,-73.98093044757842,40.754691750226016,-73.99740189313889,member
226663,1FE970732FD2DA41,electric_bike,2022-03-06 20:59:42,2022-03-06 21:13:31,Greene St & Prince St,5602,W 35 St & Dyer Ave,6569,40.72511734422387,-73.99930492043495,40.754691750226016,-73.99740189313889,member
226680,EB05EC7E7B2BC325,electric_bike,2022-03-16 13:06:06,2022-03-16 13:09:18,9 Ave & W 45 St,6717,W 35 St & Dyer Ave,6569,40.76019252,-73.9912551,40.754691750226016,-73.99740189313889,member
226687,38786FA71C8B5EC8,electric_bike,2022-03-28 11:51:29,2022-03-28 11:56:54,W 36 St & 9 Ave,6569,Broadway & W 51 St,6779,40.75462324029105,-73.99516761302948,40.76228826,-73.98336183,member
226689,5B5CAD5D1C864F86,classic_bike,2022-03-16 12:53:44,2022-03-16 13:01:50,Broadway & W 29 St,6289,W 35 St & Dyer Ave,6569,40.7462009,-73.98855723,40.754691750226016,-73.99740189313889,member
226720,4FE6DEC057041F5C,classic_bike,2022-03-05 17:12:58,2022-03-05 17:37:34,Broadway & W 38 St,6560,W 35 St & Dyer Ave,6569,40.7529728216068,-73.98734897375107,40.754691750226016,-73.99740189313889,member
226727,35C4E76ABA0CF188,classic_bike,2022-03-18 18:06:09,2022-03-18 18:20:43,E 66 St & Madison Ave,6969,W 35 St & Dyer Ave,6569,40.76800889305947,-73.96845281124115,40.754691750226016,-73.99740189313889,member
226738,8F0AF60C5FAAEFC0,electric_bike,2022-03-29 09:46:53,2022-03-29 09:54:06,W 16 St & The High Line,6233,W 35 St & Dyer Ave,6569,40.74334935,-74.00681753,40.754691750226016,-73.99740189313889,member
226739,44B238B250C2C625,electric_bike,2022-03-22 10:24:26,2022-03-22 10:30:25,W 16 St & The High Line,6233,W 35 St & Dyer Ave,6569,40.74334935,-74.00681753,40.754691750226016,-73.99740189313889,member
226746,5256CF22A3EB0EA5,electric_bike,2022-03-27 11:37:49,2022-03-27 11:42:20,6 Ave & W 33 St,6364,W 35 St & Dyer Ave,6569,40.74901271,-73.98848395,40.754691750226016,-73.99740189313889,member
226750,F876092C5381D59E,classic_bike,2022-03-11 18:08:25,2022-03-11 18:26:20,E 20 St & Park Ave,6055,W 35 St & Dyer Ave,6569,40.73827428,-73.98751968,40.754691750226016,-73.99740189313889,casual
226763,932B60BD63CAC2B6,classic_bike,2022-03-28 15:38:08,2022-03-28 15:52:40,E 47 St & Park Ave,6584,W 35 St & Dyer Ave,6569,40.75510267,-73.97498696,40.754691750226016,-73.99740189313889,member
226798,ED13618953EE74B5,classic_bike,2022-03-10 17:17:13,2022-03-10 17:22:28,10 Ave & W 28 St,6459,W 35 St & Dyer Ave,6569,40.75066386,-74.00176802,40.754691750226016,-73.99740189313889,member
226805,2B3175EC8A7DBC96,electric_bike,2022-03-28 16:58:13,2022-03-28 17:05:57,W 52 St & 11 Ave,6926,W 35 St & Dyer Ave,6569,40.76727216,-73.99392888,40.754691750226016,-73.99740189313889,member
226811,4942FC5D99ABA53F,classic_bike,2022-03-24 19:45:36,2022-03-24 19:57:45,10 Ave & W 28 St,6459,W 35 St & Dyer Ave,6569,40.75066386,-74.00176802,40.754691750226016,-73.99740189313889,member
226822,ABB273181E49B20D,classic_bike,2022-03-15 17:16:38,2022-03-15 17:31:24,Washington St & Barrow St,5847,W 35 St & Dyer Ave,6569,40.73191132323174,-74.008769094944,40.754691750226016,-73.99740189313889,member
226826,4AFA4C35411F1514,classic_bike,2022-03-31 10:43:22,2022-03-31 10:48:26,10 Ave & W 28 St,6459,W 35 St & Dyer Ave,6569,40.75066386,-74.00176802,40.754691750226016,-73.99740189313889,member
226828,13C9EA2087438582,classic_bike,2022-03-01 21:11:25,2022-03-01 21:15:07,10 Ave & W 28 St,6459,W 35 St & Dyer Ave,6569,40.75066386,-74.00176802,40.754691750226016,-73.99740189313889,member
226835,592D91C37C7CAFB7,classic_bike,2022-03-05 10:36:13,2022-03-05 10:41:07,10 Ave & W 28 St,6459,W 35 St & Dyer Ave,6569,40.75066386,-74.00176802,40.754691750226016,-73.99740189313889,member
226869,972D1AEF9B2F484C,electric_bike,2022-03-16 08:04:13,2022-03-16 08:22:18,W 100 St & Broadway,7580,W 35 St & Dyer Ave,6569,40.7973721,-73.97041192,40.754691750226016,-73.99740189313889,member
226879,8A8B4A647990DE1E,electric_bike,2022-03-30 08:01:34,2022-03-30 08:19:19,W 100 St & Broadway,7580,W 35 St & Dyer Ave,6569,40.7973721,-73.97041192,40.754691750226016,-73.99740189313889,member
226880,FF60E29BF3C5DB77,electric_bike,2022-03-22 07:42:01,2022-03-22 08:00:09,W 100 St & Broadway,7580,W 35 St & Dyer Ave,6569,40.7973721,-73.97041192,40.754691750226016,-73.99740189313889,member
226925,E60656B6AD28FF51,classic_bike,2022-03-20 17:53:35,2022-03-20 17:56:16,10 Ave & W 28 St,6459,W 35 St & Dyer Ave,6569,40.75066386,-74.00176802,40.754691750226016,-73.99740189313889,member
226927,55C8F9AA5A95B4DE,classic_bike,2022-03-20 19:58:45,2022-03-20 20:09:20,Lexington Ave & E 36 St,6313,W 35 St & Dyer Ave,6569,40.7475739589548,-73.9788007736206,40.754691750226016,-73.99740189313889,member
226933,17C30A6D39A09764,classic_bike,2022-03-10 05:58:03,2022-03-10 06:04:44,Lexington Ave & E 36 St,6313,W 35 St & Dyer Ave,6569,40.7475739589548,-73.9788007736206,40.754691750226016,-73.99740189313889,member
226937,0A62A06C33B24652,classic_bike,2022-03-12 00:26:10,2022-03-12 00:33:33,Lexington Ave & E 36 St,6313,W 35 St & Dyer Ave,6569,40.7475739589548,-73.9788007736206,40.754691750226016,-73.99740189313889,member
226939,CE9388A7AD4CFEA8,classic_bike,2022-03-09 10:08:43,2022-03-09 10:19:55,Lexington Ave & E 36 St,6313,W 35 St & Dyer Ave,6569,40.7475739589548,-73.9788007736206,40.754691750226016,-73.99740189313889,member
226942,F5ADEA0ECD9652F3,classic_bike,2022-03-04 06:20:25,2022-03-04 06:29:08,Lexington Ave & E 36 St,6313,W 35 St & Dyer Ave,6569,40.7475739589548,-73.9788007736206,40.754691750226016,-73.99740189313889,member
226943,909D2AFED5CBC813,electric_bike,2022-03-01 06:45:59,2022-03-01 06:52:57,Lexington Ave & E 36 St,6313,W 35 St & Dyer Ave,6569,40.7475739589548,-73.9788007736206,40.754691750226016,-73.99740189313889,member
226944,0DF4B1963012D1FD,electric_bike,2022-03-23 07:43:37,2022-03-23 07:52:29,Lexington Ave & E 36 St,6313,W 35 St & Dyer Ave,6569,40.7475739589548,-73.9788007736206,40.754691750226016,-73.99740189313889,member
226957,C8F81446BFE2F184,classic_bike,2022-03-16 08:49:49,2022-03-16 09:10:45,Cooper Square & Astor Pl,5712,W 35 St & Dyer Ave,6569,40.72951496224949,-73.99075269699097,40.754691750226016,-73.99740189313889,member
226966,54203C2C71A27AA7,electric_bike,2022-03-30 09:31:17,2022-03-30 09:38:31,W 16 St & The High Line,6233,W 35 St & Dyer Ave,6569,40.74334935,-74.00681753,40.754691750226016,-73.99740189313889,member
226967,527820830BE542FA,electric_bike,2022-03-21 09:26:51,2022-03-21 09:33:25,W 16 St & The High Line,6233,W 35 St & Dyer Ave,6569,40.74334935,-74.00681753,40.754691750226016,-73.99740189313889,member
226995,CB14E81D00154E4C,classic_bike,2022-03-14 18:29:44,2022-03-14 19:11:38,E 7 St & Ave B,5584,W 35 St & Dyer Ave,6569,40.7251285241158,-73.98131668567657,40.754691750226016,-73.99740189313889,member
227003,56A6C6F51C459827,electric_bike,2022-03-15 17:20:11,2022-03-15 17:52:57,5 Ave & E 103 St,7511,W 35 St & Dyer Ave,6569,40.7922553,-73.95249933,40.754691750226016,-73.99740189313889,member
227041,2A8C9786BA17FA23,electric_bike,2022-03-04 09:23:03,2022-03-04 09:29:38,E 33 St & 5 Ave,6322,W 35 St & Dyer Ave,6569,40.74765947,-73.98490707,40.754691750226016,-73.99740189313889,member
227075,298D28235FCF0BFD,classic_bike,2022-03-07 19:40:16,2022-03-07 19:46:23,W 43 St & 10 Ave,6756,W 35 St & Dyer Ave,6569,40.76009437,-73.99461843,40.754691750226016,-73.99740189313889,member
227120,AC11305FCB645E42,classic_bike,2022-03-31 15:47:28,2022-03-31 15:50:36,W 34 St &\tHudson Blvd E,6535,W 35 St & Dyer Ave,6569,40.75516719072139,-74.00059908628464,40.754691750226016,-73.99740189313889,member
227123,31580A377FA59C5A,classic_bike,2022-03-23 15:45:18,2022-03-23 15:54:15,W 22 St & 8 Ave,6224,W 35 St & Dyer Ave,6569,40.74475148,-73.99915362,40.754691750226016,-73.99740189313889,member
227183,D46B88E900157123,classic_bike,2022-03-11 18:25:21,2022-03-11 18:35:04,Lexington Ave & E 36 St,6313,W 35 St & Dyer Ave,6569,40.7475739589548,-73.9788007736206,40.754691750226016,-73.99740189313889,member
227191,377632145F0F4189,classic_bike,2022-03-07 12:11:02,2022-03-07 12:12:41,W 37 St & 10 Ave,6611,W 35 St & Dyer Ave,6569,40.75660359,-73.9979009,40.754691750226016,-73.99740189313889,member
227192,79F32872BEC3AAD8,classic_bike,2022-03-07 12:06:13,2022-03-07 12:07:53,W 37 St & 10 Ave,6611,W 35 St & Dyer Ave,6569,40.75660359,-73.9979009,40.754691750226016,-73.99740189313889,member
227193,5778C6F4166D3244,classic_bike,2022-03-15 18:21:39,2022-03-15 18:23:36,W 37 St & 10 Ave,6611,W 35 St & Dyer Ave,6569,40.75660359,-73.9979009,40.754691750226016,-73.99740189313889,member
227216,E0F4419E47845CEF,classic_bike,2022-03-18 13:10:38,2022-03-18 13:29:43,Lexington Ave & E 36 St,6313,W 35 St & Dyer Ave,6569,40.7475739589548,-73.9788007736206,40.754691750226016,-73.99740189313889,casual
227307,B36083F8CFB782D8,electric_bike,2022-03-23 18:05:21,2022-03-23 18:10:42,W 44 St & 11 Ave,6756,W 35 St & Dyer Ave,6569,40.762009,-73.996975,40.754691750226016,-73.99740189313889,member
227420,9ABA25F1157106C8,classic_bike,2022-03-14 22:24:43,2022-03-14 22:27:21,W 39 St & 9 Ave,6644,W 35 St & Dyer Ave,6569,40.75645824,-73.99372222,40.754691750226016,-73.99740189313889,member
228099,D3ED0D75E3046CCF,classic_bike,2022-03-29 09:06:02,2022-03-29 09:19:55,W 36 St & 9 Ave,6569,Broadway & E 14 St,5905,40.75462324029105,-73.99516761302948,40.73454567,-73.99074142,member
228468,8B59C96C4FAC84AB,classic_bike,2022-03-26 18:16:43,2022-03-26 18:39:20,W 35 St & Dyer Ave,6569,Suffolk St & Stanton St,5445,40.754691750226016,-73.99740189313889,40.72066442,-73.98517977,member
228469,5A680914523EF100,classic_bike,2022-03-05 11:48:33,2022-03-05 11:52:11,W 35 St & Dyer Ave,6569,W 43 St & 10 Ave,6756,40.754691750226016,-73.99740189313889,40.76009437,-73.99461843,member
228473,9854810AF1DA4844,electric_bike,2022-03-01 13:09:18,2022-03-01 13:11:27,W 35 St & Dyer Ave,6569,W 43 St & 10 Ave,6756,40.754691750226016,-73.99740189313889,40.76009437,-73.99461843,member
228491,443947D423D6782D,classic_bike,2022-03-25 20:22:33,2022-03-25 20:26:35,W 35 St & Dyer Ave,6569,W 43 St & 10 Ave,6756,40.754691750226016,-73.99740189313889,40.76009437,-73.99461843,member
228592,650BF4999F9F49E5,electric_bike,2022-03-26 00:39:13,2022-03-26 00:42:24,W 36 St & 9 Ave,6569,W 43 St & 10 Ave,6756,40.75462324029105,-73.99516761302948,40.76009437,-73.99461843,member
229025,D5DEFDDCE4F28131,classic_bike,2022-03-17 13:31:38,2022-03-17 13:34:54,W 35 St & Dyer Ave,6569,W 43 St & 10 Ave,6756,40.754691750226016,-73.99740189313889,40.76009437,-73.99461843,member
229026,F6DFA1550F77FBDC,classic_bike,2022-03-06 20:25:52,2022-03-06 20:29:46,W 35 St & Dyer Ave,6569,W 43 St & 10 Ave,6756,40.754691750226016,-73.99740189313889,40.76009437,-73.99461843,member
229027,C62E5C03B52A11AD,electric_bike,2022-03-12 19:46:15,2022-03-12 19:49:28,W 35 St & Dyer Ave,6569,W 43 St & 10 Ave,6756,40.754691750226016,-73.99740189313889,40.76009437,-73.99461843,member
229028,AF5110D20AFE3736,electric_bike,2022-03-18 23:19:06,2022-03-18 23:21:45,W 35 St & Dyer Ave,6569,W 43 St & 10 Ave,6756,40.754691750226016,-73.99740189313889,40.76009437,-73.99461843,member
229029,DAFA6E12533B4E76,classic_bike,2022-03-18 17:47:59,2022-03-18 17:51:39,W 35 St & Dyer Ave,6569,W 43 St & 10 Ave,6756,40.754691750226016,-73.99740189313889,40.76009437,-73.99461843,member
229040,BF6A6E6E11082D9E,classic_bike,2022-03-26 08:32:40,2022-03-26 08:35:16,W 35 St & Dyer Ave,6569,W 43 St & 10 Ave,6756,40.754691750226016,-73.99740189313889,40.76009437,-73.99461843,member
229041,F5BFD64593A8108C,classic_bike,2022-03-26 13:53:54,2022-03-26 13:56:20,W 35 St & Dyer Ave,6569,W 43 St & 10 Ave,6756,40.754691750226016,-73.99740189313889,40.76009437,-73.99461843,member
229867,3C8DD059E0ED3509,classic_bike,2022-03-17 14:43:11,2022-03-17 14:54:38,W 36 St & 9 Ave,6569,8 Ave & W 16 St,6072,40.75462324029105,-73.99516761302948,40.740983,-74.001702,member
230215,A2CD17BF33FD5866,classic_bike,2022-03-14 12:59:00,2022-03-14 13:03:45,W 36 St & 9 Ave,6569,W 41 St & 8 Ave,6602,40.75462324029105,-73.99516761302948,40.75640548,-73.9900262,member
230217,7FF45453B6F00F1A,classic_bike,2022-03-13 13:29:17,2022-03-13 13:33:37,W 36 St & 9 Ave,6569,W 41 St & 8 Ave,6602,40.75462324029105,-73.99516761302948,40.75640548,-73.9900262,member
230295,742D991009B1CE20,classic_bike,2022-03-09 07:10:59,2022-03-09 07:14:53,W 35 St & Dyer Ave,6569,W 41 St & 8 Ave,6602,40.754691750226016,-73.99740189313889,40.75640548,-73.9900262,member
230303,CA184D6364AAB074,electric_bike,2022-03-05 13:43:28,2022-03-05 13:46:37,W 35 St & Dyer Ave,6569,W 41 St & 8 Ave,6602,40.754691750226016,-73.99740189313889,40.75640548,-73.9900262,member
231134,E59A6F548F6309C1,classic_bike,2022-03-02 09:37:23,2022-03-02 09:59:43,W 36 St & 9 Ave,6569,Pier 40 - Hudson River Park,5696,40.75462324029105,-73.99516761302948,40.7277140777778,-74.01129573583603,casual
231135,51EEA3C0D1696008,electric_bike,2022-03-24 06:52:17,2022-03-24 07:04:47,W 36 St & 9 Ave,6569,1 Ave & E 30 St,6079,40.75462324029105,-73.99516761302948,40.74144387,-73.97536082,member
231143,8CD100DA8371F941,classic_bike,2022-03-09 08:08:39,2022-03-09 08:15:10,W 36 St & 9 Ave,6569,W 44 St & 5 Ave,6551,40.75462324029105,-73.99516761302948,40.75500254,-73.98014437,member
231150,2A62840B13D0B97A,electric_bike,2022-03-22 18:22:08,2022-03-22 18:30:19,W 36 St & 9 Ave,6569,W 44 St & 5 Ave,6551,40.75462324029105,-73.99516761302948,40.75500254,-73.98014437,member
231772,9BD3A81175621C6B,classic_bike,2022-03-22 07:53:58,2022-03-22 08:01:28,W 36 St & 9 Ave,6569,W 44 St & 5 Ave,6551,40.75462324029105,-73.99516761302948,40.75500254,-73.98014437,member
231840,FFB0C457FC2B76C8,electric_bike,2022-03-02 18:09:09,2022-03-02 18:21:05,W 36 St & 9 Ave,6569,E 47 St & 1 Ave,6498,40.75462324029105,-73.99516761302948,40.75206862,-73.96784384,member
231851,EFD0E6B602F3C46E,classic_bike,2022-03-19 16:36:51,2022-03-19 16:59:23,W 36 St & 9 Ave,6569,Pier 40 - Hudson River Park,5696,40.75462324029105,-73.99516761302948,40.7277140777778,-74.01129573583603,member
231867,B8CC6D41046770C0,electric_bike,2022-03-28 15:11:59,2022-03-28 15:22:58,W 36 St & 9 Ave,6569,W 13 St & 5 Ave,5947,40.75462324029105,-73.99516761302948,40.735445,-73.99431,member
231869,B1AAD423D96DB35F,electric_bike,2022-03-03 08:56:21,2022-03-03 09:03:23,W 36 St & 9 Ave,6569,W 44 St & 5 Ave,6551,40.75462324029105,-73.99516761302948,40.75500254,-73.98014437,member
233045,51550DE45A2008BC,classic_bike,2022-03-04 09:50:20,2022-03-04 09:57:26,W 35 St & Dyer Ave,6569,6 Ave & W 34 St,6364,40.754691750226016,-73.99740189313889,40.74964,-73.98805,member
233056,B6695FCC3698CC7D,electric_bike,2022-03-05 19:01:12,2022-03-05 19:22:20,W 35 St & Dyer Ave,6569,E 12 St & 3 Ave,5788,40.754691750226016,-73.99740189313889,40.73223272,-73.98889957,member
233067,F8BC50863F550FC0,electric_bike,2022-03-11 14:36:35,2022-03-11 14:51:39,W 35 St & Dyer Ave,6569,E 12 St & 3 Ave,5788,40.754691750226016,-73.99740189313889,40.73223272,-73.98889957,member
233420,66D29DFD50436A6C,electric_bike,2022-03-04 19:21:49,2022-03-04 19:26:52,W 35 St & Dyer Ave,6569,6 Ave & W 34 St,6364,40.754691750226016,-73.99740189313889,40.74964,-73.98805,member
233422,7C2185D728FAE8BC,classic_bike,2022-03-06 12:57:52,2022-03-06 13:02:49,W 35 St & Dyer Ave,6569,6 Ave & W 34 St,6364,40.754691750226016,-73.99740189313889,40.74964,-73.98805,member
233434,157EB2B1231EDD72,classic_bike,2022-03-18 18:48:25,2022-03-18 18:54:54,W 35 St & Dyer Ave,6569,6 Ave & W 34 St,6364,40.754691750226016,-73.99740189313889,40.74964,-73.98805,member
234957,0305721AA358E469,electric_bike,2022-03-25 19:36:07,2022-03-25 19:52:31,W 35 St & Dyer Ave,6569,E 6 St & Avenue B,5584,40.754691750226016,-73.99740189313889,40.72453734,-73.98185424,member
235479,2FD0153A48629C21,electric_bike,2022-03-25 14:43:45,2022-03-25 14:56:51,W 36 St & 9 Ave,6569,E 14 St & Avenue B,5736,40.75462324029105,-73.99516761302948,40.72938685,-73.97772429,member
236172,ACE4109F730B59F6,electric_bike,2022-03-27 02:45:04,2022-03-27 02:57:22,W 36 St & 9 Ave,6569,W 42 St & 8 Ave,6602,40.75462324029105,-73.99516761302948,40.7575699,-73.99098507,member
238516,5EFE4BBAF6ACCB3C,electric_bike,2022-03-24 17:31:57,2022-03-24 17:45:44,W 35 St & Dyer Ave,6569,LaGuardia Pl & W 3 St,5721,40.754691750226016,-73.99740189313889,40.72917025,-73.99810231,member
244682,CF90F1F119C15805,classic_bike,2022-03-31 19:00:40,2022-03-31 19:25:21,W 36 St & 9 Ave,6569,E 75 St & 3 Ave,6991,40.75462324029105,-73.99516761302948,40.77112927,-73.95772297,member
244687,DA7B0184E1C713D4,electric_bike,2022-03-22 17:08:16,2022-03-22 17:20:47,W 36 St & 9 Ave,6569,Madison Av & E 51 St,6659,40.75462324029105,-73.99516761302948,40.75863,-73.97513,member
246478,3100E8A1374B9C9E,classic_bike,2022-03-26 09:53:27,2022-03-26 10:11:29,W 35 St & Dyer Ave,6569,Madison Av & E 51 St,6659,40.754691750226016,-73.99740189313889,40.75863,-73.97513,casual
246494,8DCC2D1CFBB00A00,electric_bike,2022-03-30 17:27:21,2022-03-30 17:45:54,W 35 St & Dyer Ave,6569,Madison Av & E 51 St,6659,40.754691750226016,-73.99740189313889,40.75863,-73.97513,member
247702,133386907938F330,electric_bike,2022-03-30 10:06:26,2022-03-30 10:20:37,W 35 St & 9 Ave,6569,Madison Av & E 51 St,6659,40.75414519263519,-73.9960889518261,40.75863,-73.97513,member
248329,B105F26AD6C3BAF4,classic_bike,2022-03-03 10:05:51,2022-03-03 10:20:13,W 35 St & 9 Ave,6569,Madison Av & E 51 St,6659,40.75414519263519,-73.9960889518261,40.75863,-73.97513,member
250885,C17DC72177C24A13,electric_bike,2022-03-16 08:08:36,2022-03-16 08:17:08,W 36 St & 9 Ave,6569,Madison Av & E 51 St,6659,40.75462324029105,-73.99516761302948,40.75863,-73.97513,member
253374,5E0DBFB9E5986B59,electric_bike,2022-03-10 14:49:23,2022-03-10 15:02:35,W 35 St & 9 Ave,6569,Madison Av & E 51 St,6659,40.75414519263519,-73.9960889518261,40.75863,-73.97513,member
254214,4DF516A689A68D19,electric_bike,2022-03-13 11:50:06,2022-03-13 11:53:05,W 35 St & Dyer Ave,6569,8 Ave & W 38 St,6526,40.754691750226016,-73.99740189313889,40.75461,-73.99177,member
254216,B1FEC2F4C405B58B,electric_bike,2022-03-09 08:44:58,2022-03-09 08:49:38,W 35 St & Dyer Ave,6569,8 Ave & W 38 St,6526,40.754691750226016,-73.99740189313889,40.75461,-73.99177,member
254222,58E3605046D78198,electric_bike,2022-03-07 13:30:38,2022-03-07 13:34:08,W 35 St & Dyer Ave,6569,8 Ave & W 38 St,6526,40.754691750226016,-73.99740189313889,40.75461,-73.99177,member
254223,73F2A8438D9ECBC4,electric_bike,2022-03-07 08:39:38,2022-03-07 08:43:55,W 35 St & Dyer Ave,6569,8 Ave & W 38 St,6526,40.754691750226016,-73.99740189313889,40.75461,-73.99177,member
254486,68CFAF79197D6988,electric_bike,2022-03-22 13:09:00,2022-03-22 13:13:09,W 35 St & Dyer Ave,6569,8 Ave & W 38 St,6526,40.754691750226016,-73.99740189313889,40.75461,-73.99177,member
255355,690FC74BEB7AC599,electric_bike,2022-03-21 09:11:24,2022-03-21 09:14:09,W 35 St & 9 Ave,6569,8 Ave & W 38 St,6526,40.75414519263519,-73.9960889518261,40.75461,-73.99177,member
255359,2691D800B92FF1D9,classic_bike,2022-03-22 17:13:42,2022-03-22 17:16:07,W 35 St & 9 Ave,6569,8 Ave & W 38 St,6526,40.75414519263519,-73.9960889518261,40.75461,-73.99177,member
255584,B9F8871ACB928763,classic_bike,2022-03-04 10:14:13,2022-03-04 10:30:00,W 36 St & 9 Ave,6569,8 Ave & W 38 St,6526,40.75462324029105,-73.99516761302948,40.75461,-73.99177,casual
255585,53B1146CC799E99F,electric_bike,2022-03-10 09:35:24,2022-03-10 09:38:53,W 36 St & 9 Ave,6569,8 Ave & W 38 St,6526,40.75462324029105,-73.99516761302948,40.75461,-73.99177,casual
255587,2C6DA29ADA8BE801,classic_bike,2022-03-15 12:30:11,2022-03-15 12:32:23,W 36 St & 9 Ave,6569,8 Ave & W 38 St,6526,40.75462324029105,-73.99516761302948,40.75461,-73.99177,member
255595,7871F19C3F582F1F,electric_bike,2022-03-13 17:30:38,2022-03-13 17:46:23,W 36 St & 9 Ave,6569,8 Ave & W 38 St,6526,40.75462324029105,-73.99516761302948,40.75461,-73.99177,member
255597,897C854173BA343B,electric_bike,2022-03-14 11:10:06,2022-03-14 11:12:06,W 36 St & 9 Ave,6569,8 Ave & W 38 St,6526,40.75462324029105,-73.99516761302948,40.75461,-73.99177,member
255598,146209B2EA67000C,classic_bike,2022-03-11 10:01:34,2022-03-11 10:03:46,W 36 St & 9 Ave,6569,8 Ave & W 38 St,6526,40.75462324029105,-73.99516761302948,40.75461,-73.99177,member
256354,C323F423E55658D8,classic_bike,2022-03-03 16:40:17,2022-03-03 16:43:28,W 35 St & Dyer Ave,6569,8 Ave & W 38 St,6526,40.754691750226016,-73.99740189313889,40.75461,-73.99177,member
256572,FA509E1A34F704D0,classic_bike,2022-03-17 01:20:36,2022-03-17 01:22:30,W 36 St & 9 Ave,6569,8 Ave & W 38 St,6526,40.75462324029105,-73.99516761302948,40.75461,-73.99177,member
256573,DA67E1571108A15A,electric_bike,2022-03-07 11:03:09,2022-03-07 12:04:08,W 36 St & 9 Ave,6569,8 Ave & W 38 St,6526,40.75462324029105,-73.99516761302948,40.75461,-73.99177,member
256591,756354B66843F20C,classic_bike,2022-03-16 09:49:20,2022-03-16 09:53:18,W 36 St & 9 Ave,6569,8 Ave & W 38 St,6526,40.75462324029105,-73.99516761302948,40.75461,-73.99177,member
256592,EE25C54448D49F5F,classic_bike,2022-03-18 10:30:38,2022-03-18 10:32:29,W 36 St & 9 Ave,6569,8 Ave & W 38 St,6526,40.75462324029105,-73.99516761302948,40.75461,-73.99177,member
256593,E67AF74CED4BCBBD,classic_bike,2022-03-21 04:14:16,2022-03-21 04:35:17,W 36 St & 9 Ave,6569,8 Ave & W 38 St,6526,40.75462324029105,-73.99516761302948,40.75461,-73.99177,member
256594,9E07362DD40870E6,electric_bike,2022-03-13 17:54:20,2022-03-13 18:29:53,W 36 St & 9 Ave,6569,8 Ave & W 38 St,6526,40.75462324029105,-73.99516761302948,40.75461,-73.99177,member
256755,D8B14BB191EE9D26,classic_bike,2022-03-18 17:24:58,2022-03-18 17:41:21,W 36 St & 9 Ave,6569,8 Ave & W 38 St,6526,40.75462324029105,-73.99516761302948,40.75461,-73.99177,casual
257201,C9DA88E3A2D8E448,classic_bike,2022-03-05 07:22:31,2022-03-05 07:25:11,W 35 St & Dyer Ave,6569,8 Ave & W 38 St,6526,40.754691750226016,-73.99740189313889,40.75461,-73.99177,member
257203,84795A107DE03B25,electric_bike,2022-03-21 08:42:40,2022-03-21 08:46:35,W 35 St & Dyer Ave,6569,8 Ave & W 38 St,6526,40.754691750226016,-73.99740189313889,40.75461,-73.99177,member
257282,61ECBFDE89D7AF01,classic_bike,2022-03-11 09:22:06,2022-03-11 09:24:52,W 35 St & 9 Ave,6569,8 Ave & W 38 St,6526,40.75414519263519,-73.9960889518261,40.75461,-73.99177,member
257291,14AA71CFF2AF9532,classic_bike,2022-03-18 17:30:26,2022-03-18 17:33:45,W 35 St & 9 Ave,6569,8 Ave & W 38 St,6526,40.75414519263519,-73.9960889518261,40.75461,-73.99177,member
257292,159358C4C293796A,electric_bike,2022-03-25 14:38:05,2022-03-25 14:41:20,W 35 St & 9 Ave,6569,8 Ave & W 38 St,6526,40.75414519263519,-73.9960889518261,40.75461,-73.99177,member
257568,188464AFA75EE748,classic_bike,2022-03-16 20:34:31,2022-03-16 20:37:12,W 36 St & 9 Ave,6569,8 Ave & W 38 St,6526,40.75462324029105,-73.99516761302948,40.75461,-73.99177,casual
257571,97ADA851ECFDB762,electric_bike,2022-03-31 08:55:26,2022-03-31 08:57:41,W 36 St & 9 Ave,6569,8 Ave & W 38 St,6526,40.75462324029105,-73.99516761302948,40.75461,-73.99177,member
257579,FE267B2164D3B3E8,classic_bike,2022-03-04 10:15:47,2022-03-04 10:30:56,W 36 St & 9 Ave,6569,8 Ave & W 38 St,6526,40.75462324029105,-73.99516761302948,40.75461,-73.99177,casual
257580,F77ABB51D5FCBF95,electric_bike,2022-03-09 06:54:48,2022-03-09 07:00:22,W 36 St & 9 Ave,6569,8 Ave & W 38 St,6526,40.75462324029105,-73.99516761302948,40.75461,-73.99177,member
257581,313895C0E3DD8E6D,electric_bike,2022-03-18 01:00:43,2022-03-18 01:18:07,W 36 St & 9 Ave,6569,8 Ave & W 38 St,6526,40.75462324029105,-73.99516761302948,40.75461,-73.99177,member
257585,41E5F6ACE1F7C075,electric_bike,2022-03-22 10:40:26,2022-03-22 10:43:10,W 36 St & 9 Ave,6569,8 Ave & W 38 St,6526,40.75462324029105,-73.99516761302948,40.75461,-73.99177,member
257587,51F7B1A2CCB26833,classic_bike,2022-03-17 23:42:11,2022-03-18 00:07:54,W 36 St & 9 Ave,6569,8 Ave & W 38 St,6526,40.75462324029105,-73.99516761302948,40.75461,-73.99177,member
257833,7BA506000FE7F05F,classic_bike,2022-03-18 09:36:31,2022-03-18 09:39:48,W 35 St & 9 Ave,6569,8 Ave & W 38 St,6526,40.75414519263519,-73.9960889518261,40.75461,-73.99177,member
257847,0C019D4397123A26,classic_bike,2022-03-15 09:37:40,2022-03-15 09:40:13,W 35 St & 9 Ave,6569,8 Ave & W 38 St,6526,40.75414519263519,-73.9960889518261,40.75461,-73.99177,member
258496,7C434FFDDEFEBBFC,classic_bike,2022-03-30 12:41:10,2022-03-30 12:49:04,W 35 St & Dyer Ave,6569,8 Ave & W 38 St,6526,40.754691750226016,-73.99740189313889,40.75461,-73.99177,casual
258551,C1C0E5AC6685E305,classic_bike,2022-03-14 17:16:34,2022-03-14 17:21:08,W 35 St & Dyer Ave,6569,8 Ave & W 38 St,6526,40.754691750226016,-73.99740189313889,40.75461,-73.99177,member
259173,826DB4B39D337F54,electric_bike,2022-03-28 17:43:05,2022-03-28 17:47:43,W 36 St & 9 Ave,6569,8 Ave & W 38 St,6526,40.75462324029105,-73.99516761302948,40.75461,-73.99177,member
259393,4024A5D3EF1CF10B,classic_bike,2022-03-15 07:46:04,2022-03-15 07:49:29,W 35 St & 9 Ave,6569,8 Ave & W 38 St,6526,40.75414519263519,-73.9960889518261,40.75461,-73.99177,member
259417,9B7A1C38DFE095E2,electric_bike,2022-03-24 12:25:00,2022-03-24 12:28:49,W 35 St & 9 Ave,6569,8 Ave & W 38 St,6526,40.75414519263519,-73.9960889518261,40.75461,-73.99177,member
259418,E6052B8E31B93BB4,classic_bike,2022-03-22 09:28:42,2022-03-22 09:31:32,W 35 St & 9 Ave,6569,8 Ave & W 38 St,6526,40.75414519263519,-73.9960889518261,40.75461,-73.99177,member
259419,0F4B17A79EC09560,classic_bike,2022-03-14 09:37:42,2022-03-14 09:41:18,W 35 St & 9 Ave,6569,8 Ave & W 38 St,6526,40.75414519263519,-73.9960889518261,40.75461,-73.99177,member
259420,512712466764AD04,classic_bike,2022-03-08 09:19:22,2022-03-08 09:22:01,W 35 St & 9 Ave,6569,8 Ave & W 38 St,6526,40.75414519263519,-73.9960889518261,40.75461,-73.99177,member
259421,0C0ACB49503DACEA,classic_bike,2022-03-23 09:42:06,2022-03-23 09:46:16,W 35 St & 9 Ave,6569,8 Ave & W 38 St,6526,40.75414519263519,-73.9960889518261,40.75461,-73.99177,member
259427,6CD8901561D57E08,classic_bike,2022-03-29 09:17:57,2022-03-29 09:20:44,W 35 St & 9 Ave,6569,8 Ave & W 38 St,6526,40.75414519263519,-73.9960889518261,40.75461,-73.99177,member
259428,94A132C0D0AAB739,classic_bike,2022-03-30 09:25:46,2022-03-30 09:28:54,W 35 St & 9 Ave,6569,8 Ave & W 38 St,6526,40.75414519263519,-73.9960889518261,40.75461,-73.99177,member
259448,D86997C0E2453719,electric_bike,2022-03-23 12:39:27,2022-03-23 12:43:29,W 35 St & 9 Ave,6569,8 Ave & W 38 St,6526,40.75414519263519,-73.9960889518261,40.75461,-73.99177,casual
259609,9D4B80CB79BEE946,electric_bike,2022-03-08 12:14:35,2022-03-08 12:18:30,W 35 St & 9 Ave,6569,8 Ave & W 38 St,6526,40.75414519263519,-73.9960889518261,40.75461,-73.99177,member
259787,9C869B2D7A388499,classic_bike,2022-03-19 07:55:42,2022-03-19 08:49:46,W 36 St & 9 Ave,6569,8 Ave & W 38 St,6526,40.75462324029105,-73.99516761302948,40.75461,-73.99177,casual
259935,85D1BA62DDC7112E,classic_bike,2022-03-01 16:24:41,2022-03-01 16:26:39,W 36 St & 9 Ave,6569,8 Ave & W 38 St,6526,40.75462324029105,-73.99516761302948,40.75461,-73.99177,member
259936,34F4CD2758BB3B3C,classic_bike,2022-03-01 09:14:50,2022-03-01 09:17:15,W 35 St & 9 Ave,6569,8 Ave & W 38 St,6526,40.75414519263519,-73.9960889518261,40.75461,-73.99177,member
259937,3EFFC9A3E6591029,classic_bike,2022-03-10 09:28:08,2022-03-10 09:30:57,W 35 St & 9 Ave,6569,8 Ave & W 38 St,6526,40.75414519263519,-73.9960889518261,40.75461,-73.99177,member
259955,D42B112B30EC1EBA,classic_bike,2022-03-25 09:42:43,2022-03-25 09:45:53,W 35 St & 9 Ave,6569,8 Ave & W 38 St,6526,40.75414519263519,-73.9960889518261,40.75461,-73.99177,member
259956,67FD2C5FB7B78845,classic_bike,2022-03-02 10:40:47,2022-03-02 10:44:44,W 35 St & 9 Ave,6569,8 Ave & W 38 St,6526,40.75414519263519,-73.9960889518261,40.75461,-73.99177,member
259980,A2FCE9A5934EF152,electric_bike,2022-03-25 20:34:33,2022-03-25 20:38:36,W 35 St & 9 Ave,6569,8 Ave & W 38 St,6526,40.75414519263519,-73.9960889518261,40.75461,-73.99177,member
260057,9507E4DD3F258746,classic_bike,2022-03-31 08:55:29,2022-03-31 08:59:45,W 35 St & 9 Ave,6569,8 Ave & W 38 St,6526,40.75414519263519,-73.9960889518261,40.75461,-73.99177,member
260058,DAC30492AE3664E0,classic_bike,2022-03-03 09:09:05,2022-03-03 09:13:00,W 35 St & 9 Ave,6569,8 Ave & W 38 St,6526,40.75414519263519,-73.9960889518261,40.75461,-73.99177,member
260181,CD6C85867AB718B2,electric_bike,2022-03-23 23:23:27,2022-03-23 23:52:22,W 36 St & 9 Ave,6569,8 Ave & W 38 St,6526,40.75462324029105,-73.99516761302948,40.75461,-73.99177,member
262595,6D70F101E46F7420,electric_bike,2022-03-08 18:42:12,2022-03-08 19:02:20,W 35 St & 9 Ave,6569,E 11 St & Avenue B,5659,40.75414519263519,-73.9960889518261,40.72746420692392,-73.97950418293476,member
263668,920745C993A9AD39,classic_bike,2022-03-22 17:12:42,2022-03-22 17:53:05,W 35 St & 9 Ave,6569,West End Ave & W 107 St,7650,40.75414519263519,-73.9960889518261,40.8021174,-73.9681805305,member
264906,F21B35523F0F65EB,electric_bike,2022-03-11 00:15:48,2022-03-11 00:34:33,W 35 St & 9 Ave,6569,West End Ave & W 107 St,7650,40.75414519263519,-73.9960889518261,40.8021174,-73.9681805305,member
265213,8E9A83E0126524DA,electric_bike,2022-03-15 00:11:06,2022-03-15 00:30:46,W 35 St & 9 Ave,6569,West End Ave & W 107 St,7650,40.75414519263519,-73.9960889518261,40.8021174,-73.9681805305,member
265262,EF628459759E3F78,electric_bike,2022-03-27 20:39:54,2022-03-27 21:00:39,W 35 St & 9 Ave,6569,West End Ave & W 107 St,7650,40.75414519263519,-73.9960889518261,40.8021174,-73.9681805305,member
275091,872F41E1CEE05F2C,classic_bike,2022-03-26 13:05:07,2022-03-26 13:54:12,W 35 St & Dyer Ave,6569,Cooper Square & Astor Pl,5712,40.754691750226016,-73.99740189313889,40.72951496224949,-73.99075269699097,member
275099,7D56C68C9648AF0B,classic_bike,2022-03-18 18:16:30,2022-03-18 18:56:40,W 35 St & Dyer Ave,6569,44 Dr & Jackson Ave,6352,40.754691750226016,-73.99740189313889,40.74718234,-73.9432635,casual
275933,567C404BD09BA695,classic_bike,2022-03-20 17:13:53,2022-03-20 17:38:19,W 36 St & 9 Ave,6569,E 7 St & Ave B,5584,40.75462324029105,-73.99516761302948,40.7251285241158,-73.98131668567657,member
278308,863A1C75EF9C7E74,classic_bike,2022-03-30 18:42:25,2022-03-30 19:02:42,W 35 St & 9 Ave,6569,Cooper Square & Astor Pl,5712,40.75414519263519,-73.9960889518261,40.72951496224949,-73.99075269699097,member
280122,A1A51BF2C81E9700,classic_bike,2022-03-16 12:46:01,2022-03-16 13:03:52,W 35 St & 9 Ave,6569,E 7 St & Ave B,5584,40.75414519263519,-73.9960889518261,40.7251285241158,-73.98131668567657,casual
280133,BDEA0D9B4C2A9915,classic_bike,2022-03-07 17:14:00,2022-03-07 17:34:18,W 35 St & 9 Ave,6569,Cooper Square & Astor Pl,5712,40.75414519263519,-73.9960889518261,40.72951496224949,-73.99075269699097,member
289274,BD45580FE440E7E8,electric_bike,2022-03-31 12:12:02,2022-03-31 12:57:05,W 36 St & 9 Ave,6569,Water St & Gouverneur Ln,4993,40.75462324029105,-73.99516761302948,40.70469667894968,-74.00803416967392,casual
289483,84D18E00AD240ABB,electric_bike,2022-03-25 07:34:08,2022-03-25 07:58:01,W 36 St & 9 Ave,6569,Centre St & Worth St,5279,40.75462324029105,-73.99516761302948,40.71494807,-74.00234482,member
291653,DBA27726A1E71E55,electric_bike,2022-03-01 08:50:18,2022-03-01 08:58:54,W 35 St & 9 Ave,6569,E 50 St & Park Ave,6659,40.75414519263519,-73.9960889518261,40.757334,-73.974235,member
295214,F0B24E66634789D9,classic_bike,2022-03-24 19:56:06,2022-03-24 20:59:37,W 35 St & 9 Ave,6569,Centre St & Worth St,5279,40.75414519263519,-73.9960889518261,40.71494807,-74.00234482,member
296080,74BD6797606DB893,classic_bike,2022-03-20 21:26:19,2022-03-20 21:51:26,W 35 St & 9 Ave,6569,Centre St & Worth St,5279,40.75414519263519,-73.9960889518261,40.71494807,-74.00234482,member
297609,2D21226FEE1ADE20,electric_bike,2022-03-18 20:33:57,2022-03-18 21:03:11,W 35 St & Dyer Ave,6569,Hudson St & W 13 St,6115,40.754691750226016,-73.99740189313889,40.74005708567285,-74.0052741765976,casual
297916,1A5DC41A40C94BA8,classic_bike,2022-03-11 17:09:36,2022-03-11 17:17:58,W 35 St & Dyer Ave,6569,Hudson St & W 13 St,6115,40.754691750226016,-73.99740189313889,40.74005708567285,-74.0052741765976,member
298996,38EAE0FA6D9D7DB3,classic_bike,2022-03-17 19:09:28,2022-03-17 19:17:06,W 36 St & 9 Ave,6569,Hudson St & W 13 St,6115,40.75462324029105,-73.99516761302948,40.74005708567285,-74.0052741765976,member
299297,8FF685817C5551CF,classic_bike,2022-03-26 18:05:49,2022-03-26 18:16:43,W 36 St & 9 Ave,6569,Hudson St & W 13 St,6115,40.75462324029105,-73.99516761302948,40.74005708567285,-74.0052741765976,member
300302,18A214D8B5474BBC,classic_bike,2022-03-10 15:28:05,2022-03-10 15:37:12,W 36 St & 9 Ave,6569,Hudson St & W 13 St,6115,40.75462324029105,-73.99516761302948,40.74005708567285,-74.0052741765976,member
301205,8D52E924ED53AFA2,electric_bike,2022-03-22 15:40:19,2022-03-22 15:49:19,W 35 St & Dyer Ave,6569,Hudson St & W 13 St,6115,40.754691750226016,-73.99740189313889,40.74005708567285,-74.0052741765976,casual
301733,A5076573409527F8,classic_bike,2022-03-30 21:24:19,2022-03-30 21:33:11,W 35 St & 9 Ave,6569,Hudson St & W 13 St,6115,40.75414519263519,-73.9960889518261,40.74005708567285,-74.0052741765976,member
302563,9E3829EA47101C83,classic_bike,2022-03-30 19:59:16,2022-03-30 20:29:25,W 35 St & 9 Ave,6569,Hudson St & W 13 St,6115,40.75414519263519,-73.9960889518261,40.74005708567285,-74.0052741765976,member
302578,72A0A5BCBF54EBED,classic_bike,2022-03-27 18:12:28,2022-03-27 18:22:17,W 36 St & 9 Ave,6569,Hudson St & W 13 St,6115,40.75462324029105,-73.99516761302948,40.74005708567285,-74.0052741765976,member
302579,A3FEC1965D72ADA9,classic_bike,2022-03-31 08:00:03,2022-03-31 08:07:31,W 36 St & 9 Ave,6569,Hudson St & W 13 St,6115,40.75462324029105,-73.99516761302948,40.74005708567285,-74.0052741765976,member
302586,54548EF6E55F0894,classic_bike,2022-03-15 16:16:38,2022-03-15 16:25:10,W 36 St & 9 Ave,6569,Hudson St & W 13 St,6115,40.75462324029105,-73.99516761302948,40.74005708567285,-74.0052741765976,member
302601,30F06CDAA50CCD5E,classic_bike,2022-03-04 14:00:51,2022-03-04 14:09:42,W 36 St & 9 Ave,6569,Hudson St & W 13 St,6115,40.75462324029105,-73.99516761302948,40.74005708567285,-74.0052741765976,member
302602,1424D768A2E3792C,classic_bike,2022-03-08 10:41:39,2022-03-08 10:49:05,W 36 St & 9 Ave,6569,Hudson St & W 13 St,6115,40.75462324029105,-73.99516761302948,40.74005708567285,-74.0052741765976,member
302603,B3D6F431905F15D0,classic_bike,2022-03-01 11:00:19,2022-03-01 11:09:07,W 36 St & 9 Ave,6569,Hudson St & W 13 St,6115,40.75462324029105,-73.99516761302948,40.74005708567285,-74.0052741765976,member
302604,6E7DFBB0FD9C2951,electric_bike,2022-03-18 11:51:06,2022-03-18 12:17:53,W 36 St & 9 Ave,6569,Hudson St & W 13 St,6115,40.75462324029105,-73.99516761302948,40.74005708567285,-74.0052741765976,casual
302609,9B47EE6D19DF2E49,classic_bike,2022-03-18 14:15:14,2022-03-18 14:31:08,W 36 St & 9 Ave,6569,Hudson St & W 13 St,6115,40.75462324029105,-73.99516761302948,40.74005708567285,-74.0052741765976,casual
302610,1AF07FCA56B86DB0,electric_bike,2022-03-18 11:57:13,2022-03-18 12:17:10,W 36 St & 9 Ave,6569,Hudson St & W 13 St,6115,40.75462324029105,-73.99516761302948,40.74005708567285,-74.0052741765976,casual
302613,7E180BA4C4F660CA,electric_bike,2022-03-06 18:54:51,2022-03-06 19:01:13,W 36 St & 9 Ave,6569,Hudson St & W 13 St,6115,40.75462324029105,-73.99516761302948,40.74005708567285,-74.0052741765976,member
302614,4A337CBAF74DC359,classic_bike,2022-03-11 20:07:24,2022-03-11 20:17:05,W 36 St & 9 Ave,6569,Hudson St & W 13 St,6115,40.75462324029105,-73.99516761302948,40.74005708567285,-74.0052741765976,member
303509,D988EB08521A2FD7,classic_bike,2022-03-16 18:19:58,2022-03-16 18:31:21,W 35 St & Dyer Ave,6569,Hudson St & W 13 St,6115,40.754691750226016,-73.99740189313889,40.74005708567285,-74.0052741765976,member
304096,A91F039F039E9DB2,classic_bike,2022-03-14 18:09:18,2022-03-14 18:18:52,W 35 St & Dyer Ave,6569,Hudson St & W 13 St,6115,40.754691750226016,-73.99740189313889,40.74005708567285,-74.0052741765976,member
305155,CF5C7614CDBD7929,electric_bike,2022-03-04 14:23:24,2022-03-04 14:32:16,W 35 St & 9 Ave,6569,Hudson St & W 13 St,6115,40.75414519263519,-73.9960889518261,40.74005708567285,-74.0052741765976,casual
305156,4EAEA1BB9E56FE20,classic_bike,2022-03-31 18:21:29,2022-03-31 18:29:02,W 35 St & 9 Ave,6569,Hudson St & W 13 St,6115,40.75414519263519,-73.9960889518261,40.74005708567285,-74.0052741765976,member
305158,DBC3DE7F8B1B4492,classic_bike,2022-03-30 17:18:28,2022-03-30 17:27:00,W 35 St & 9 Ave,6569,Hudson St & W 13 St,6115,40.75414519263519,-73.9960889518261,40.74005708567285,-74.0052741765976,member
305160,AA18B424F75D49A2,classic_bike,2022-03-11 12:28:40,2022-03-11 12:38:59,W 35 St & 9 Ave,6569,Hudson St & W 13 St,6115,40.75414519263519,-73.9960889518261,40.74005708567285,-74.0052741765976,member
305187,52CC89911ACD9D5F,electric_bike,2022-03-08 16:46:46,2022-03-08 16:55:08,W 35 St & 9 Ave,6569,Hudson St & W 13 St,6115,40.75414519263519,-73.9960889518261,40.74005708567285,-74.0052741765976,member
305202,AFE9259D1134B557,classic_bike,2022-03-22 19:06:59,2022-03-22 19:16:52,W 35 St & 9 Ave,6569,Hudson St & W 13 St,6115,40.75414519263519,-73.9960889518261,40.74005708567285,-74.0052741765976,casual
305231,44067052383AB2D8,electric_bike,2022-03-09 18:25:23,2022-03-09 18:33:32,W 35 St & 9 Ave,6569,Hudson St & W 13 St,6115,40.75414519263519,-73.9960889518261,40.74005708567285,-74.0052741765976,member
305232,810AA8F2A74DC6C7,classic_bike,2022-03-01 17:56:08,2022-03-01 18:03:15,W 35 St & 9 Ave,6569,Hudson St & W 13 St,6115,40.75414519263519,-73.9960889518261,40.74005708567285,-74.0052741765976,member
305414,36387FCE6AFA2F02,classic_bike,2022-03-17 15:46:14,2022-03-17 15:55:18,W 35 St & 9 Ave,6569,Hudson St & W 13 St,6115,40.75414519263519,-73.9960889518261,40.74005708567285,-74.0052741765976,casual
305480,1C5BD9EA7B71208E,electric_bike,2022-03-17 22:17:07,2022-03-17 22:25:37,W 35 St & 9 Ave,6569,Hudson St & W 13 St,6115,40.75414519263519,-73.9960889518261,40.74005708567285,-74.0052741765976,member
305994,899115C134D960BC,electric_bike,2022-03-02 07:32:37,2022-03-02 07:34:39,W 36 St & 9 Ave,6569,W 34 St &\tHudson Blvd E,6535,40.75462324029105,-73.99516761302948,40.75516719072139,-74.00059908628464,member
306424,DA7C0AE854605AA6,electric_bike,2022-03-02 13:15:10,2022-03-02 13:22:17,W 35 St & 9 Ave,6569,Hudson St & W 13 St,6115,40.75414519263519,-73.9960889518261,40.74005708567285,-74.0052741765976,casual
306429,B55192A672B73C57,classic_bike,2022-03-16 11:18:34,2022-03-16 11:26:47,W 35 St & 9 Ave,6569,Hudson St & W 13 St,6115,40.75414519263519,-73.9960889518261,40.74005708567285,-74.0052741765976,member
306647,12B221B41C345BD5,classic_bike,2022-03-20 12:54:43,2022-03-20 12:57:52,W 35 St & 9 Ave,6569,W 34 St &\tHudson Blvd E,6535,40.75414519263519,-73.9960889518261,40.75516719072139,-74.00059908628464,member
306652,AF51A41AD8620BE8,classic_bike,2022-03-23 18:18:41,2022-03-23 18:58:19,W 35 St & 9 Ave,6569,Washington Ave & Park Ave,4724,40.75414519263519,-73.9960889518261,40.69610226,-73.96751037,member
306653,F14BFD9EFB35FC03,classic_bike,2022-03-03 08:36:35,2022-03-03 08:39:01,W 35 St & 9 Ave,6569,W 34 St &\tHudson Blvd E,6535,40.75414519263519,-73.9960889518261,40.75516719072139,-74.00059908628464,casual
306664,3B3D9E253B9BC619,electric_bike,2022-03-08 11:29:07,2022-03-08 11:32:18,W 35 St & 9 Ave,6569,W 34 St &\tHudson Blvd E,6535,40.75414519263519,-73.9960889518261,40.75516719072139,-74.00059908628464,casual
308754,3395265AC5166A36,classic_bike,2022-03-10 13:49:26,2022-03-10 13:51:18,W 35 St & Dyer Ave,6569,W 34 St &\tHudson Blvd E,6535,40.754691750226016,-73.99740189313889,40.75516719072139,-74.00059908628464,member
308766,06962E86C3251F70,classic_bike,2022-03-23 20:56:40,2022-03-23 20:58:11,W 35 St & Dyer Ave,6569,W 34 St &\tHudson Blvd E,6535,40.754691750226016,-73.99740189313889,40.75516719072139,-74.00059908628464,member
308768,D21232E8DFF31395,classic_bike,2022-03-07 19:43:19,2022-03-07 20:22:30,W 35 St & Dyer Ave,6569,W 34 St &\tHudson Blvd E,6535,40.754691750226016,-73.99740189313889,40.75516719072139,-74.00059908628464,member
308776,18DD7DC5738DF664,electric_bike,2022-03-13 14:14:51,2022-03-13 14:19:34,W 35 St & Dyer Ave,6569,W 34 St &\tHudson Blvd E,6535,40.754691750226016,-73.99740189313889,40.75516719072139,-74.00059908628464,casual
308782,908D88797564BB32,classic_bike,2022-03-14 19:33:45,2022-03-14 19:44:34,W 35 St & Dyer Ave,6569,W 34 St &\tHudson Blvd E,6535,40.754691750226016,-73.99740189313889,40.75516719072139,-74.00059908628464,casual
308806,297D9FE76FCA5EB9,classic_bike,2022-03-14 19:35:12,2022-03-14 19:44:44,W 35 St & Dyer Ave,6569,W 34 St &\tHudson Blvd E,6535,40.754691750226016,-73.99740189313889,40.75516719072139,-74.00059908628464,casual
308808,AC4E5A84E4227C41,classic_bike,2022-03-15 18:19:01,2022-03-15 18:58:46,W 35 St & Dyer Ave,6569,Washington Ave & Park Ave,4724,40.754691750226016,-73.99740189313889,40.69610226,-73.96751037,member
308848,96DE65E7051BE920,classic_bike,2022-03-02 10:02:09,2022-03-02 10:04:15,W 35 St & Dyer Ave,6569,W 34 St &\tHudson Blvd E,6535,40.754691750226016,-73.99740189313889,40.75516719072139,-74.00059908628464,member
308877,F330723D4347D672,classic_bike,2022-03-31 22:13:42,2022-03-31 22:16:00,W 35 St & Dyer Ave,6569,W 34 St &\tHudson Blvd E,6535,40.754691750226016,-73.99740189313889,40.75516719072139,-74.00059908628464,member
309156,93C94D727CD95A68,classic_bike,2022-03-21 13:02:24,2022-03-21 13:05:43,W 36 St & 9 Ave,6569,W 34 St &\tHudson Blvd E,6535,40.75462324029105,-73.99516761302948,40.75516719072139,-74.00059908628464,member
309171,B3BF914D857ADF66,classic_bike,2022-03-05 10:05:26,2022-03-05 10:08:40,W 36 St & 9 Ave,6569,W 34 St &\tHudson Blvd E,6535,40.75462324029105,-73.99516761302948,40.75516719072139,-74.00059908628464,member
309178,924C2D14FF4BD13C,electric_bike,2022-03-02 09:57:25,2022-03-02 10:01:32,W 36 St & 9 Ave,6569,W 34 St &\tHudson Blvd E,6535,40.75462324029105,-73.99516761302948,40.75516719072139,-74.00059908628464,member
309182,5BD0E88A33EE62F7,classic_bike,2022-03-11 12:31:09,2022-03-11 12:37:58,W 36 St & 9 Ave,6569,W 34 St &\tHudson Blvd E,6535,40.75462324029105,-73.99516761302948,40.75516719072139,-74.00059908628464,member
313741,2F6DC44714E7EADC,electric_bike,2022-03-25 08:26:42,2022-03-25 08:29:48,W 36 St & 9 Ave,6569,W 34 St &\tHudson Blvd E,6535,40.75462324029105,-73.99516761302948,40.75516719072139,-74.00059908628464,member
313744,C92C9E29CA4DD8C9,classic_bike,2022-03-08 07:17:05,2022-03-08 07:19:58,W 36 St & 9 Ave,6569,W 34 St &\tHudson Blvd E,6535,40.75462324029105,-73.99516761302948,40.75516719072139,-74.00059908628464,member
313757,CEC7A9EE358FFD93,classic_bike,2022-03-27 07:10:12,2022-03-27 07:43:43,W 36 St & 9 Ave,6569,W 34 St &\tHudson Blvd E,6535,40.75462324029105,-73.99516761302948,40.75516719072139,-74.00059908628464,casual
313762,1031840E32514C16,electric_bike,2022-03-23 09:55:29,2022-03-23 09:58:14,W 36 St & 9 Ave,6569,W 34 St &\tHudson Blvd E,6535,40.75462324029105,-73.99516761302948,40.75516719072139,-74.00059908628464,member
314455,597EDC97754E2139,classic_bike,2022-03-31 09:01:32,2022-03-31 09:03:10,W 35 St & 9 Ave,6569,W 34 St &\tHudson Blvd E,6535,40.75414519263519,-73.9960889518261,40.75516719072139,-74.00059908628464,member
314456,6614FCD43DEBA78F,classic_bike,2022-03-10 18:29:18,2022-03-10 19:08:59,W 35 St & 9 Ave,6569,Washington Ave & Park Ave,4724,40.75414519263519,-73.9960889518261,40.69610226,-73.96751037,member
314496,2BB68349C41507A9,electric_bike,2022-03-02 17:08:54,2022-03-02 17:39:01,W 35 St & 9 Ave,6569,Washington Ave & Park Ave,4724,40.75414519263519,-73.9960889518261,40.69610226,-73.96751037,member
314498,7E6BA32A10077682,classic_bike,2022-03-22 18:27:17,2022-03-22 19:16:21,W 35 St & 9 Ave,6569,Washington Ave & Park Ave,4724,40.75414519263519,-73.9960889518261,40.69610226,-73.96751037,member
314537,3EB12B8A7CD497CB,classic_bike,2022-03-07 15:48:31,2022-03-07 15:51:04,W 35 St & 9 Ave,6569,W 34 St &\tHudson Blvd E,6535,40.75414519263519,-73.9960889518261,40.75516719072139,-74.00059908628464,member
314551,9040DBDBE602B27E,classic_bike,2022-03-18 21:23:09,2022-03-18 21:26:34,W 35 St & 9 Ave,6569,W 34 St &\tHudson Blvd E,6535,40.75414519263519,-73.9960889518261,40.75516719072139,-74.00059908628464,member
314563,7D1DC56F4979C0CB,electric_bike,2022-03-29 08:24:07,2022-03-29 08:26:53,W 35 St & 9 Ave,6569,W 34 St &\tHudson Blvd E,6535,40.75414519263519,-73.9960889518261,40.75516719072139,-74.00059908628464,casual
314591,AB455FBFF6E27033,classic_bike,2022-03-09 18:16:47,2022-03-09 18:56:50,W 35 St & 9 Ave,6569,Washington Ave & Park Ave,4724,40.75414519263519,-73.9960889518261,40.69610226,-73.96751037,member
314605,1E8592E87DBD3236,electric_bike,2022-03-01 08:36:17,2022-03-01 08:38:47,W 35 St & 9 Ave,6569,W 34 St &\tHudson Blvd E,6535,40.75414519263519,-73.9960889518261,40.75516719072139,-74.00059908628464,casual
314610,4952E92197900AD3,electric_bike,2022-03-21 03:46:13,2022-03-21 04:16:03,W 35 St & 9 Ave,6569,W 34 St &\tHudson Blvd E,6535,40.75414519263519,-73.9960889518261,40.75516719072139,-74.00059908628464,casual
314611,D8247DA48B3ABC87,electric_bike,2022-03-10 08:41:12,2022-03-10 08:43:23,W 35 St & 9 Ave,6569,W 34 St &\tHudson Blvd E,6535,40.75414519263519,-73.9960889518261,40.75516719072139,-74.00059908628464,casual
314612,7ECCC1A0CFDD437D,classic_bike,2022-03-16 10:43:57,2022-03-16 10:46:27,W 35 St & 9 Ave,6569,W 34 St &\tHudson Blvd E,6535,40.75414519263519,-73.9960889518261,40.75516719072139,-74.00059908628464,casual
314613,DB424D2F3ED88265,electric_bike,2022-03-17 08:25:09,2022-03-17 08:27:55,W 35 St & 9 Ave,6569,W 34 St &\tHudson Blvd E,6535,40.75414519263519,-73.9960889518261,40.75516719072139,-74.00059908628464,casual
315173,3116565D52E5C7B6,electric_bike,2022-03-30 08:22:12,2022-03-30 08:25:11,W 35 St & 9 Ave,6569,W 34 St &\tHudson Blvd E,6535,40.75414519263519,-73.9960889518261,40.75516719072139,-74.00059908628464,casual
315329,7E21B37528993370,electric_bike,2022-03-23 10:38:15,2022-03-23 10:41:13,W 35 St & 9 Ave,6569,W 34 St &\tHudson Blvd E,6535,40.75414519263519,-73.9960889518261,40.75516719072139,-74.00059908628464,casual
315335,7DFAD8B1ACDEC756,classic_bike,2022-03-30 18:22:17,2022-03-30 19:07:05,W 35 St & 9 Ave,6569,Washington Ave & Park Ave,4724,40.75414519263519,-73.9960889518261,40.69610226,-73.96751037,member
315338,E6F94F1551840294,classic_bike,2022-03-15 08:38:22,2022-03-15 08:41:28,W 35 St & 9 Ave,6569,W 34 St &\tHudson Blvd E,6535,40.75414519263519,-73.9960889518261,40.75516719072139,-74.00059908628464,casual
315401,F1045A768FAC244D,classic_bike,2022-03-19 18:50:08,2022-03-19 18:52:26,W 35 St & Dyer Ave,6569,W 34 St &\tHudson Blvd E,6535,40.754691750226016,-73.99740189313889,40.75516719072139,-74.00059908628464,member
315909,58374D560056FF38,classic_bike,2022-03-24 20:31:41,2022-03-24 20:33:53,W 35 St & 9 Ave,6569,W 34 St &\tHudson Blvd E,6535,40.75414519263519,-73.9960889518261,40.75516719072139,-74.00059908628464,member
315910,584664A8E7AE3606,classic_bike,2022-03-23 19:52:27,2022-03-23 19:54:42,W 35 St & 9 Ave,6569,W 34 St &\tHudson Blvd E,6535,40.75414519263519,-73.9960889518261,40.75516719072139,-74.00059908628464,member
316000,B3DDB8FC382738CF,electric_bike,2022-03-28 07:19:26,2022-03-28 07:21:24,W 35 St & 9 Ave,6569,W 34 St &\tHudson Blvd E,6535,40.75414519263519,-73.9960889518261,40.75516719072139,-74.00059908628464,member
316200,233E6F7A9829314A,classic_bike,2022-03-22 08:16:06,2022-03-22 08:18:58,W 35 St & 9 Ave,6569,W 34 St &\tHudson Blvd E,6535,40.75414519263519,-73.9960889518261,40.75516719072139,-74.00059908628464,casual
316380,7D199240880887DB,electric_bike,2022-03-08 18:31:31,2022-03-08 19:03:23,W 35 St & 9 Ave,6569,Washington Ave & Park Ave,4724,40.75414519263519,-73.9960889518261,40.69610226,-73.96751037,member
316383,8B4674C5914DAED2,electric_bike,2022-03-04 15:49:49,2022-03-04 15:51:57,W 35 St & 9 Ave,6569,W 34 St &\tHudson Blvd E,6535,40.75414519263519,-73.9960889518261,40.75516719072139,-74.00059908628464,casual
316773,C121A92877910A68,classic_bike,2022-03-24 18:22:33,2022-03-24 19:02:17,W 35 St & 9 Ave,6569,Washington Ave & Park Ave,4724,40.75414519263519,-73.9960889518261,40.69610226,-73.96751037,member
316781,EDDE67125464ABCE,classic_bike,2022-03-02 08:24:34,2022-03-02 08:27:05,W 35 St & 9 Ave,6569,W 34 St &\tHudson Blvd E,6535,40.75414519263519,-73.9960889518261,40.75516719072139,-74.00059908628464,casual
316931,D51E62745620E9A1,classic_bike,2022-03-17 11:27:43,2022-03-17 11:30:06,W 35 St & 9 Ave,6569,W 34 St &\tHudson Blvd E,6535,40.75414519263519,-73.9960889518261,40.75516719072139,-74.00059908628464,member
317324,FE581EB87FB02133,electric_bike,2022-03-03 19:22:09,2022-03-03 19:38:43,W 36 St & 9 Ave,6569,Central Park W & W 91 St,7453,40.75462324029105,-73.99516761302948,40.78866499127884,-73.96680057048798,member
317566,BF57D98ABD38EE74,classic_bike,2022-03-23 21:35:03,2022-03-23 21:55:55,W 36 St & 9 Ave,6569,Central Park W & W 91 St,7453,40.75462324029105,-73.99516761302948,40.78866499127884,-73.96680057048798,member
319921,13A74F59C218D46F,classic_bike,2022-03-26 13:56:16,2022-03-26 14:17:16,W 36 St & 9 Ave,6569,Allen St & Stanton St,5484,40.75462324029105,-73.99516761302948,40.722055,-73.989111,member
319927,E4183436CE24B06F,electric_bike,2022-03-31 21:55:11,2022-03-31 22:11:05,W 36 St & 9 Ave,6569,Central Park W & W 91 St,7453,40.75462324029105,-73.99516761302948,40.78866499127884,-73.96680057048798,member
319929,676FBB285C00CB1F,classic_bike,2022-03-21 21:50:18,2022-03-21 22:13:33,W 36 St & 9 Ave,6569,Central Park W & W 91 St,7453,40.75462324029105,-73.99516761302948,40.78866499127884,-73.96680057048798,casual
319930,717F65BF679FA219,electric_bike,2022-03-24 18:18:49,2022-03-24 18:35:40,W 36 St & 9 Ave,6569,Central Park W & W 91 St,7453,40.75462324029105,-73.99516761302948,40.78866499127884,-73.96680057048798,member
323098,60A75594BC70DC5B,electric_bike,2022-03-12 11:50:00,2022-03-12 12:09:40,W 36 St & 9 Ave,6569,Allen St & Stanton St,5484,40.75462324029105,-73.99516761302948,40.722055,-73.989111,member
323101,5AC6415031A50C91,electric_bike,2022-03-07 19:30:58,2022-03-07 19:47:13,W 36 St & 9 Ave,6569,Central Park W & W 91 St,7453,40.75462324029105,-73.99516761302948,40.78866499127884,-73.96680057048798,member
323104,FF6FC18F28A3DF68,electric_bike,2022-03-08 19:54:59,2022-03-08 20:11:25,W 36 St & 9 Ave,6569,Central Park W & W 91 St,7453,40.75462324029105,-73.99516761302948,40.78866499127884,-73.96680057048798,member
323106,9F2481BA3F659F84,electric_bike,2022-03-31 20:22:00,2022-03-31 20:36:44,W 36 St & 9 Ave,6569,Central Park W & W 91 St,7453,40.75462324029105,-73.99516761302948,40.78866499127884,-73.96680057048798,member
324291,B55AAD8D1908FA4B,electric_bike,2022-03-22 13:09:41,2022-03-22 13:44:50,W 35 St & 9 Ave,6569,Central Park W & W 91 St,7453,40.75414519263519,-73.9960889518261,40.78866499127884,-73.96680057048798,casual
327046,F85ABF16AADE3081,classic_bike,2022-03-10 14:40:42,2022-03-10 15:07:05,W 35 St & 9 Ave,6569,Allen St & Stanton St,5484,40.75414519263519,-73.9960889518261,40.722055,-73.989111,member
333155,6A75DCA54239AAA6,electric_bike,2022-03-17 17:55:00,2022-03-17 19:41:41,W 35 St & 9 Ave,6569,Amsterdam Ave & W 156 St,8104,40.75414519263519,-73.9960889518261,40.832081,-73.942386,member
334968,AF2CE871C69592F7,electric_bike,2022-03-03 11:18:53,2022-03-03 11:41:16,W 35 St & 9 Ave,6569,Murray St & Greenwich St,5288,40.75414519263519,-73.9960889518261,40.71485150526252,-74.01122331619263,member
335886,E6A4AC0B78401D0C,classic_bike,2022-03-19 15:10:36,2022-03-19 15:41:52,W 36 St & 9 Ave,6569,Murray St & Greenwich St,5288,40.75462324029105,-73.99516761302948,40.71485150526252,-74.01122331619263,member
335894,D62E9C026749C32D,electric_bike,2022-03-18 18:07:06,2022-03-18 18:26:32,W 36 St & 9 Ave,6569,Murray St & Greenwich St,5288,40.75462324029105,-73.99516761302948,40.71485150526252,-74.01122331619263,casual
337185,A62F9368E78CEC57,docked_bike,2022-03-21 10:56:55,2022-03-21 11:45:39,W 35 St & 9 Ave,6569,Murray St & Greenwich St,5288,40.754145,-73.996089,40.714852,-74.011223,casual
337192,278520C22A407DF3,docked_bike,2022-03-21 10:56:09,2022-03-21 11:47:14,W 35 St & 9 Ave,6569,Murray St & Greenwich St,5288,40.754145,-73.996089,40.714852,-74.011223,casual
337197,C551519B218A6F95,docked_bike,2022-03-21 10:56:16,2022-03-21 11:50:53,W 35 St & 9 Ave,6569,Murray St & Greenwich St,5288,40.754145,-73.996089,40.714852,-74.011223,casual
340334,8C795663C1DF09F8,classic_bike,2022-03-19 18:02:18,2022-03-19 18:38:58,W 35 St & 9 Ave,6569,Murray St & Greenwich St,5288,40.75414519263519,-73.9960889518261,40.71485150526252,-74.01122331619263,casual
341698,2A8453BD6316380E,docked_bike,2022-03-21 10:58:15,2022-03-21 11:54:49,W 35 St & 9 Ave,6569,Murray St & Greenwich St,5288,40.754145,-73.996089,40.714852,-74.011223,casual
344644,E9AEEE947C3B1C47,classic_bike,2022-03-02 12:15:16,2022-03-02 12:37:06,W 35 St & Dyer Ave,6569,1 Ave & E 62 St,6753,40.754691750226016,-73.99740189313889,40.7612274,-73.96094022,member
345791,E2842A14AC6B15DE,classic_bike,2022-03-23 14:05:09,2022-03-23 14:27:34,W 36 St & 9 Ave,6569,1 Ave & E 62 St,6753,40.75462324029105,-73.99516761302948,40.7612274,-73.96094022,member
345802,09D7175793D5952F,electric_bike,2022-03-19 17:53:04,2022-03-19 18:24:57,W 36 St & 9 Ave,6569,1 Ave & E 62 St,6753,40.75462324029105,-73.99516761302948,40.7612274,-73.96094022,member
345809,CBB3D2814858B3D4,classic_bike,2022-03-14 15:15:42,2022-03-14 16:27:46,W 36 St & 9 Ave,6569,Riverside Dr & W 91 St,7524,40.75462324029105,-73.99516761302948,40.79313480986663,-73.97700369358063,casual
346048,E1F30D02AE30C92F,electric_bike,2022-03-16 16:27:18,2022-03-16 16:45:39,W 35 St & 9 Ave,6569,Riverside Dr & W 91 St,7524,40.75414519263519,-73.9960889518261,40.79313480986663,-73.97700369358063,member
348878,288EFCCD5B5F56BB,classic_bike,2022-03-16 12:04:54,2022-03-16 12:37:27,W 35 St & 9 Ave,6569,1 Ave & E 62 St,6753,40.75414519263519,-73.9960889518261,40.7612274,-73.96094022,member
348909,E79555EAB2A5704B,classic_bike,2022-03-27 15:23:31,2022-03-27 15:50:38,W 35 St & 9 Ave,6569,Kenmare St & Elizabeth St,5453,40.75414519263519,-73.9960889518261,40.72054,-73.9949,member
348914,9CDEE77143947824,classic_bike,2022-03-14 11:08:26,2022-03-14 11:28:59,W 35 St & 9 Ave,6569,1 Ave & E 62 St,6753,40.75414519263519,-73.9960889518261,40.7612274,-73.96094022,member
349240,3742CC7B3FF1D752,electric_bike,2022-03-06 10:02:20,2022-03-06 10:19:43,W 35 St & 9 Ave,6569,1 Ave & E 62 St,6753,40.75414519263519,-73.9960889518261,40.7612274,-73.96094022,member
350446,4699791963A72934,electric_bike,2022-03-14 21:07:44,2022-03-14 21:30:09,W 36 St & 9 Ave,6569,1 Ave & E 62 St,6753,40.75462324029105,-73.99516761302948,40.7612274,-73.96094022,member
350448,68A01B492093B258,classic_bike,2022-03-23 19:41:38,2022-03-23 20:03:39,W 36 St & 9 Ave,6569,1 Ave & E 62 St,6753,40.75462324029105,-73.99516761302948,40.7612274,-73.96094022,member
350742,840F14E87EC0157E,classic_bike,2022-03-19 11:04:26,2022-03-19 11:30:14,W 36 St & 9 Ave,6569,1 Ave & E 62 St,6753,40.75462324029105,-73.99516761302948,40.7612274,-73.96094022,member
351667,23A3142E7B0E8560,electric_bike,2022-03-13 10:22:04,2022-03-13 10:39:48,W 35 St & 9 Ave,6569,1 Ave & E 62 St,6753,40.75414519263519,-73.9960889518261,40.7612274,-73.96094022,member
351677,FACA00E93C0A598D,classic_bike,2022-03-19 18:24:23,2022-03-19 18:53:15,W 35 St & 9 Ave,6569,Kenmare St & Elizabeth St,5453,40.75414519263519,-73.9960889518261,40.72054,-73.9949,member
352633,9D95BB9F04C7FB1F,classic_bike,2022-03-21 11:12:24,2022-03-21 11:59:32,W 35 St & 9 Ave,6569,Cathedral Pkwy & Broadway,7680,40.75414519263519,-73.9960889518261,40.804213,-73.96699104,member
355178,5BA021100A2B17D2,electric_bike,2022-03-22 14:37:53,2022-03-22 14:45:52,W 36 St & 9 Ave,6569,W 52 St & 6 Ave,6740,40.75462324029105,-73.99516761302948,40.76132983124814,-73.97982001304626,casual
355180,1DB3E4753D729622,electric_bike,2022-03-23 09:05:54,2022-03-23 11:30:05,W 36 St & 9 Ave,6569,3 Ave & E 62 St,6762,40.75462324029105,-73.99516761302948,40.76312584,-73.96526895,member
355182,03075794632E3020,electric_bike,2022-03-21 14:26:19,2022-03-21 14:35:05,W 36 St & 9 Ave,6569,W 52 St & 6 Ave,6740,40.75462324029105,-73.99516761302948,40.76132983124814,-73.97982001304626,member
359097,438204582CA5A538,electric_bike,2022-03-24 13:27:37,2022-03-24 14:07:12,W 36 St & 9 Ave,6569,W 52 St & 6 Ave,6740,40.75462324029105,-73.99516761302948,40.76132983124814,-73.97982001304626,member
359098,C3FCEB4DEE0A63BD,electric_bike,2022-03-07 09:24:52,2022-03-07 09:33:56,W 36 St & 9 Ave,6569,W 52 St & 6 Ave,6740,40.75462324029105,-73.99516761302948,40.76132983124814,-73.97982001304626,casual
359495,8DB577365DFBC7B4,classic_bike,2022-03-24 10:58:16,2022-03-24 11:08:47,W 36 St & 9 Ave,6569,W 52 St & 6 Ave,6740,40.75462324029105,-73.99516761302948,40.76132983124814,-73.97982001304626,casual
359900,72CA3750E9A0DC10,electric_bike,2022-03-03 07:52:41,2022-03-03 08:01:23,W 36 St & 9 Ave,6569,W 52 St & 6 Ave,6740,40.75462324029105,-73.99516761302948,40.76132983124814,-73.97982001304626,member
360505,F2EC5EDE36997F55,electric_bike,2022-03-23 08:07:44,2022-03-23 08:15:06,W 35 St & Dyer Ave,6569,5 Ave & E 29 St,6248,40.754691750226016,-73.99740189313889,40.7451677,-73.98683077,member
360527,FF26D3C56E7C7C8B,electric_bike,2022-03-30 08:44:25,2022-03-30 08:53:14,W 35 St & Dyer Ave,6569,5 Ave & E 29 St,6248,40.754691750226016,-73.99740189313889,40.7451677,-73.98683077,member
360528,8C2F92497D8D995D,electric_bike,2022-03-14 08:25:16,2022-03-14 08:33:07,W 35 St & Dyer Ave,6569,5 Ave & E 29 St,6248,40.754691750226016,-73.99740189313889,40.7451677,-73.98683077,member
360535,01BD38197DDBA0EB,electric_bike,2022-03-29 08:43:44,2022-03-29 08:51:48,W 35 St & Dyer Ave,6569,5 Ave & E 29 St,6248,40.754691750226016,-73.99740189313889,40.7451677,-73.98683077,member
360550,94D11A4C584B5C35,electric_bike,2022-03-02 09:03:35,2022-03-02 09:12:51,W 35 St & Dyer Ave,6569,5 Ave & E 29 St,6248,40.754691750226016,-73.99740189313889,40.7451677,-73.98683077,member
360572,BF39B27E15CAA26C,electric_bike,2022-03-15 08:25:54,2022-03-15 08:33:53,W 35 St & Dyer Ave,6569,5 Ave & E 29 St,6248,40.754691750226016,-73.99740189313889,40.7451677,-73.98683077,member
360588,965FF4E95AE6552C,classic_bike,2022-03-13 12:55:03,2022-03-13 13:00:56,W 35 St & Dyer Ave,6569,5 Ave & E 29 St,6248,40.754691750226016,-73.99740189313889,40.7451677,-73.98683077,member
360605,14FD108BBB325E1F,electric_bike,2022-03-10 08:17:30,2022-03-10 08:24:48,W 35 St & Dyer Ave,6569,5 Ave & E 29 St,6248,40.754691750226016,-73.99740189313889,40.7451677,-73.98683077,member
360617,E5539C15F32991AE,classic_bike,2022-03-17 13:02:45,2022-03-17 13:11:47,W 35 St & Dyer Ave,6569,5 Ave & E 29 St,6248,40.754691750226016,-73.99740189313889,40.7451677,-73.98683077,member
360618,322314E2CE7D0AF8,classic_bike,2022-03-24 10:36:11,2022-03-24 11:07:36,W 35 St & Dyer Ave,6569,Pitt St & Stanton St,5406,40.754691750226016,-73.99740189313889,40.71926081,-73.98178024,member
361311,13470DBDA9E1E155,electric_bike,2022-03-05 20:45:15,2022-03-05 20:54:33,W 35 St & Dyer Ave,6569,5 Ave & E 29 St,6248,40.754691750226016,-73.99740189313889,40.7451677,-73.98683077,member
361320,9395C40D467AE179,classic_bike,2022-03-17 10:32:34,2022-03-17 11:07:49,W 35 St & Dyer Ave,6569,Pitt St & Stanton St,5406,40.754691750226016,-73.99740189313889,40.71926081,-73.98178024,member
363236,DA192007245E9850,classic_bike,2022-03-07 18:26:57,2022-03-07 18:36:02,W 36 St & 9 Ave,6569,5 Ave & E 29 St,6248,40.75462324029105,-73.99516761302948,40.7451677,-73.98683077,member
363244,DFE103C9AA9240AF,classic_bike,2022-03-03 21:44:35,2022-03-03 21:54:21,W 36 St & 9 Ave,6569,5 Ave & E 29 St,6248,40.75462324029105,-73.99516761302948,40.7451677,-73.98683077,casual
365777,A74AD6F8CC19E0E6,electric_bike,2022-03-07 10:48:46,2022-03-07 11:10:16,W 35 St & 9 Ave,6569,Mercer St & Spring St,5532,40.75414519263519,-73.9960889518261,40.72362738,-73.99949601,member
365793,5DC824F89FEAC941,classic_bike,2022-03-18 08:40:58,2022-03-18 09:01:02,W 35 St & 9 Ave,6569,Mercer St & Spring St,5532,40.75414519263519,-73.9960889518261,40.72362738,-73.99949601,member
365807,2E957EB1BC8BC082,electric_bike,2022-03-03 09:07:02,2022-03-03 09:14:15,W 35 St & 9 Ave,6569,5 Ave & E 29 St,6248,40.75414519263519,-73.9960889518261,40.7451677,-73.98683077,member
365819,03CD5FD291F1B25F,electric_bike,2022-03-21 07:04:33,2022-03-21 07:11:31,W 35 St & 9 Ave,6569,5 Ave & E 29 St,6248,40.75414519263519,-73.9960889518261,40.7451677,-73.98683077,casual
365833,EA8AF32CA36A625A,classic_bike,2022-03-11 15:37:10,2022-03-11 15:46:18,W 35 St & 9 Ave,6569,5 Ave & E 29 St,6248,40.75414519263519,-73.9960889518261,40.7451677,-73.98683077,member
365845,63CC10578051D0CD,classic_bike,2022-03-29 07:27:32,2022-03-29 07:36:39,W 35 St & 9 Ave,6569,5 Ave & E 29 St,6248,40.75414519263519,-73.9960889518261,40.7451677,-73.98683077,member
365858,24B7D5CF2F3D2495,classic_bike,2022-03-30 07:30:27,2022-03-30 07:37:58,W 35 St & 9 Ave,6569,5 Ave & E 29 St,6248,40.75414519263519,-73.9960889518261,40.7451677,-73.98683077,member
365859,C98E5B5000F82031,classic_bike,2022-03-31 07:33:15,2022-03-31 07:41:08,W 35 St & 9 Ave,6569,5 Ave & E 29 St,6248,40.75414519263519,-73.9960889518261,40.7451677,-73.98683077,member
366602,11DF78DD63D6EEAF,classic_bike,2022-03-23 15:43:46,2022-03-23 15:53:45,W 35 St & 9 Ave,6569,5 Ave & E 29 St,6248,40.75414519263519,-73.9960889518261,40.7451677,-73.98683077,member
366680,94609E31471537F9,classic_bike,2022-03-26 11:13:49,2022-03-26 11:21:32,W 35 St & 9 Ave,6569,5 Ave & E 29 St,6248,40.75414519263519,-73.9960889518261,40.7451677,-73.98683077,casual
367220,382C7183E5575B16,classic_bike,2022-03-01 17:20:12,2022-03-01 17:30:05,W 36 St & 9 Ave,6569,5 Ave & E 29 St,6248,40.75462324029105,-73.99516761302948,40.7451677,-73.98683077,member
367226,C8AAB83A4268F2CA,electric_bike,2022-03-08 11:42:47,2022-03-08 11:52:18,W 36 St & 9 Ave,6569,5 Ave & E 29 St,6248,40.75462324029105,-73.99516761302948,40.7451677,-73.98683077,member
368058,9F2C543BF4C9BC3A,classic_bike,2022-03-06 17:31:13,2022-03-06 18:02:25,W 35 St & 9 Ave,6569,Riverside Dr & W 72 St,7288,40.75414519263519,-73.9960889518261,40.78057799010334,-73.98562431335449,member
368070,6956B94FC6141894,classic_bike,2022-03-05 20:44:29,2022-03-05 20:54:42,W 35 St & 9 Ave,6569,5 Ave & E 29 St,6248,40.75414519263519,-73.9960889518261,40.7451677,-73.98683077,member
369388,20EF6CDE227794CE,classic_bike,2022-03-11 23:14:50,2022-03-11 23:33:18,W 35 St & Dyer Ave,6569,Amsterdam Ave & W 73 St,7260,40.754691750226016,-73.99740189313889,40.77966809007312,-73.98093044757842,member
370036,F1059FA97198A518,classic_bike,2022-03-26 14:50:57,2022-03-26 15:29:24,W 36 St & 9 Ave,6569,N 12 St & Bedford Ave,5450,40.75462324029105,-73.99516761302948,40.72079821,-73.95484712,member
370794,36B4FE6779031420,classic_bike,2022-03-27 17:30:41,2022-03-27 23:38:35,W 35 St & 9 Ave,6569,Amsterdam Ave & W 73 St,7260,40.75414519263519,-73.9960889518261,40.77966809007312,-73.98093044757842,casual
372008,1389A76A4C3FED1B,classic_bike,2022-03-30 14:17:26,2022-03-30 14:35:09,W 36 St & 9 Ave,6569,4 Ave & E 12 St,5788,40.75462324029105,-73.99516761302948,40.732647,-73.99011,member
372013,5E8BA923F91E5445,classic_bike,2022-03-30 09:14:31,2022-03-30 09:34:24,W 36 St & 9 Ave,6569,Amsterdam Ave & W 73 St,7260,40.75462324029105,-73.99516761302948,40.77966809007312,-73.98093044757842,member
372986,0A1158A817C53E62,classic_bike,2022-03-23 19:25:56,2022-03-23 20:03:27,W 35 St & Dyer Ave,6569,4 Ave & E 12 St,5788,40.754691750226016,-73.99740189313889,40.732647,-73.99011,member
373003,E9C18820256EDB7E,classic_bike,2022-03-14 19:14:39,2022-03-14 20:23:38,W 35 St & Dyer Ave,6569,4 Ave & E 12 St,5788,40.754691750226016,-73.99740189313889,40.732647,-73.99011,member
378540,29879BF114C37C6F,classic_bike,2022-03-14 13:48:37,2022-03-14 14:06:54,W 35 St & 9 Ave,6569,4 Ave & E 12 St,5788,40.75414519263519,-73.9960889518261,40.732647,-73.99011,member
378804,658E98C3914B9D85,classic_bike,2022-03-14 15:34:43,2022-03-14 15:51:27,W 36 St & 9 Ave,6569,4 Ave & E 12 St,5788,40.75462324029105,-73.99516761302948,40.732647,-73.99011,member
378813,69AB7A49259A061D,classic_bike,2022-03-29 16:33:31,2022-03-29 16:50:15,W 36 St & 9 Ave,6569,4 Ave & E 12 St,5788,40.75462324029105,-73.99516761302948,40.732647,-73.99011,member
379308,F0B46B556D2A89B4,classic_bike,2022-03-27 09:31:27,2022-03-27 10:01:22,W 35 St & Dyer Ave,6569,Amsterdam Ave & W 73 St,7260,40.754691750226016,-73.99740189313889,40.77966809007312,-73.98093044757842,casual
379316,322CDCAE426767F4,classic_bike,2022-03-27 09:31:33,2022-03-27 10:01:28,W 35 St & Dyer Ave,6569,Amsterdam Ave & W 73 St,7260,40.754691750226016,-73.99740189313889,40.77966809007312,-73.98093044757842,casual
379343,9B24D4856350F0BE,classic_bike,2022-03-03 20:13:48,2022-03-03 20:28:22,W 35 St & Dyer Ave,6569,4 Ave & E 12 St,5788,40.754691750226016,-73.99740189313889,40.732647,-73.99011,member
381173,8CF7ED3C89BA14F0,classic_bike,2022-03-06 18:36:37,2022-03-06 19:44:59,W 35 St & 9 Ave,6569,Amsterdam Ave & W 73 St,7260,40.75414519263519,-73.9960889518261,40.77966809007312,-73.98093044757842,member
381190,ED8832A00B2D8751,classic_bike,2022-03-15 17:23:56,2022-03-15 17:45:23,W 35 St & 9 Ave,6569,4 Ave & E 12 St,5788,40.75414519263519,-73.9960889518261,40.732647,-73.99011,member
381204,7CC15EE4F04F1DB0,electric_bike,2022-03-31 13:58:04,2022-03-31 14:20:44,W 35 St & 9 Ave,6569,4 Ave & E 12 St,5788,40.75414519263519,-73.9960889518261,40.732647,-73.99011,member
382349,F95C43A2DD2605CA,classic_bike,2022-03-10 19:47:37,2022-03-10 19:59:11,W 35 St & 9 Ave,6569,Amsterdam Ave & W 73 St,7260,40.75414519263519,-73.9960889518261,40.77966809007312,-73.98093044757842,casual
382358,65D7A2FE2A7828F9,classic_bike,2022-03-21 09:23:40,2022-03-21 09:36:56,W 35 St & 9 Ave,6569,Amsterdam Ave & W 73 St,7260,40.75414519263519,-73.9960889518261,40.77966809007312,-73.98093044757842,member
382364,011BABAC6E79E6EC,classic_bike,2022-03-07 19:15:11,2022-03-07 19:29:25,W 35 St & 9 Ave,6569,Amsterdam Ave & W 73 St,7260,40.75414519263519,-73.9960889518261,40.77966809007312,-73.98093044757842,casual
382365,7C906CAF2395B615,classic_bike,2022-03-08 18:40:29,2022-03-08 18:55:01,W 35 St & 9 Ave,6569,Amsterdam Ave & W 73 St,7260,40.75414519263519,-73.9960889518261,40.77966809007312,-73.98093044757842,casual
382640,7FE6C88C4DAFA1DA,classic_bike,2022-03-15 12:22:52,2022-03-15 12:48:21,W 35 St & 9 Ave,6569,W 84 St & Broadway,7409,40.75414519263519,-73.9960889518261,40.7867947,-73.977112,member
384386,3F7425D93854627B,classic_bike,2022-03-16 20:49:50,2022-03-16 21:17:06,W 36 St & 9 Ave,6569,E 85 St & York Ave,7146,40.75462324029105,-73.99516761302948,40.77536905,-73.94803392,member
384391,5B3B24018CA66CA5,classic_bike,2022-03-23 13:03:54,2022-03-23 13:57:28,W 36 St & 9 Ave,6569,Bergen St & 4 Ave,4322,40.75462324029105,-73.99516761302948,40.68256425759694,-73.9798977971077,member
384392,EF8EBE09BF822B92,classic_bike,2022-03-21 15:48:20,2022-03-21 16:13:31,W 36 St & 9 Ave,6569,6 Ave & Broome St,5610,40.75462324029105,-73.99516761302948,40.72431,-74.00473,member
384393,49161EB64C831171,electric_bike,2022-03-25 14:50:42,2022-03-25 15:59:57,W 36 St & 9 Ave,6569,E 138 St & Cypress Ave,7669,40.75462324029105,-73.99516761302948,40.805559,-73.914718,member
389050,D5BA9D8B9432859B,classic_bike,2022-03-02 20:36:28,2022-03-02 21:07:06,W 36 St & 9 Ave,6569,E 85 St & York Ave,7146,40.75462324029105,-73.99516761302948,40.77536905,-73.94803392,member
389051,E99A49BD6DB60073,classic_bike,2022-03-07 22:51:26,2022-03-07 23:17:49,W 36 St & 9 Ave,6569,E 85 St & York Ave,7146,40.75462324029105,-73.99516761302948,40.77536905,-73.94803392,member
391470,3FB75656D9B5B956,classic_bike,2022-03-14 20:44:15,2022-03-14 21:31:11,W 35 St & 9 Ave,6569,Bergen St & 4 Ave,4322,40.75414519263519,-73.9960889518261,40.68256425759694,-73.9798977971077,member
391539,8A48C7FBDE6FB5D8,classic_bike,2022-03-14 13:00:02,2022-03-14 13:15:54,W 35 St & Dyer Ave,6569,6 Ave & Broome St,5610,40.754691750226016,-73.99740189313889,40.72431,-74.00473,member
392454,0589979ED71436AF,electric_bike,2022-03-18 13:12:34,2022-03-18 13:35:02,W 35 St & 9 Ave,6569,6 Ave & Broome St,5610,40.75414519263519,-73.9960889518261,40.72431,-74.00473,member
393515,9E908B38CD031FCB,classic_bike,2022-03-13 14:05:49,2022-03-13 14:19:51,W 36 St & 9 Ave,6569,Washington St & Gansevoort St,6039,40.75462324029105,-73.99516761302948,40.739323,-74.008119,member
394820,4E4971D393E05784,classic_bike,2022-03-11 11:11:28,2022-03-11 13:09:56,W 36 St & 9 Ave,6569,Washington St & Gansevoort St,6039,40.75462324029105,-73.99516761302948,40.739323,-74.008119,casual
394823,15899B2439BE2AD5,electric_bike,2022-03-25 20:49:16,2022-03-25 21:07:49,W 36 St & 9 Ave,6569,E 1 St & 1 Ave,5593,40.75462324029105,-73.99516761302948,40.72335597960796,-73.98864984512329,member
394824,BE3CDFE3369C605E,electric_bike,2022-03-07 14:20:35,2022-03-07 14:28:53,W 36 St & 9 Ave,6569,Washington St & Gansevoort St,6039,40.75462324029105,-73.99516761302948,40.739323,-74.008119,member
394826,B49219FCB96798F3,classic_bike,2022-03-03 19:01:04,2022-03-03 19:12:14,W 36 St & 9 Ave,6569,Washington St & Gansevoort St,6039,40.75462324029105,-73.99516761302948,40.739323,-74.008119,member
397236,C7893D1463CFC559,electric_bike,2022-03-02 15:36:05,2022-03-02 15:44:26,W 36 St & 9 Ave,6569,Washington St & Gansevoort St,6039,40.75462324029105,-73.99516761302948,40.739323,-74.008119,member
397267,CE51D31B555D5C9C,electric_bike,2022-03-23 10:59:16,2022-03-23 12:16:57,W 36 St & 9 Ave,6569,Washington St & Gansevoort St,6039,40.75462324029105,-73.99516761302948,40.739323,-74.008119,casual
398702,26A57091214C800B,electric_bike,2022-03-07 18:43:17,2022-03-07 19:03:29,W 35 St & Dyer Ave,6569,E 1 St & 1 Ave,5593,40.754691750226016,-73.99740189313889,40.72335597960796,-73.98864984512329,member
398719,E3B0FB87FE417809,classic_bike,2022-03-04 12:35:08,2022-03-04 12:54:10,W 35 St & Dyer Ave,6569,Washington St & Gansevoort St,6039,40.754691750226016,-73.99740189313889,40.739323,-74.008119,casual
398916,7C13532FB2AA27EC,classic_bike,2022-03-08 08:46:34,2022-03-08 08:56:38,W 36 St & 9 Ave,6569,Washington St & Gansevoort St,6039,40.75462324029105,-73.99516761302948,40.739323,-74.008119,member
401302,2DD1A333C2E91F87,classic_bike,2022-03-25 13:46:17,2022-03-25 14:12:30,W 35 St & Dyer Ave,6569,Washington St & Gansevoort St,6039,40.754691750226016,-73.99740189313889,40.739323,-74.008119,member
402786,DC210972CE341869,classic_bike,2022-03-06 09:32:21,2022-03-06 09:41:52,W 35 St & 9 Ave,6569,Washington St & Gansevoort St,6039,40.75414519263519,-73.9960889518261,40.739323,-74.008119,member
402835,B458566705907977,electric_bike,2022-03-20 12:41:41,2022-03-20 12:50:30,W 35 St & 9 Ave,6569,Washington St & Gansevoort St,6039,40.75414519263519,-73.9960889518261,40.739323,-74.008119,member
403697,60F9A093B5105B53,electric_bike,2022-03-10 12:48:45,2022-03-10 12:59:07,W 35 St & 9 Ave,6569,Washington St & Gansevoort St,6039,40.75414519263519,-73.9960889518261,40.739323,-74.008119,member
404002,AE4E4643E5AA0057,classic_bike,2022-03-23 18:09:10,2022-03-23 18:17:25,W 35 St & 9 Ave,6569,Washington St & Gansevoort St,6039,40.75414519263519,-73.9960889518261,40.739323,-74.008119,member
404009,2535286D18E16D49,classic_bike,2022-03-27 09:39:52,2022-03-27 09:48:29,W 35 St & 9 Ave,6569,Washington St & Gansevoort St,6039,40.75414519263519,-73.9960889518261,40.739323,-74.008119,member
404030,F50028589ADCF5A4,classic_bike,2022-03-26 14:42:23,2022-03-26 14:51:37,W 35 St & 9 Ave,6569,Washington St & Gansevoort St,6039,40.75414519263519,-73.9960889518261,40.739323,-74.008119,member
404031,0DD3CBF63FD01A1D,classic_bike,2022-03-03 17:35:41,2022-03-03 17:46:47,W 35 St & 9 Ave,6569,Washington St & Gansevoort St,6039,40.75414519263519,-73.9960889518261,40.739323,-74.008119,member
404068,379BB58A691140BD,electric_bike,2022-03-10 08:46:53,2022-03-10 08:54:04,W 35 St & 9 Ave,6569,Washington St & Gansevoort St,6039,40.75414519263519,-73.9960889518261,40.739323,-74.008119,member
404070,360D650DFA6789FE,classic_bike,2022-03-18 10:42:57,2022-03-18 10:52:44,W 35 St & 9 Ave,6569,Washington St & Gansevoort St,6039,40.75414519263519,-73.9960889518261,40.739323,-74.008119,member
404073,B7FC0BCBD943A941,electric_bike,2022-03-29 10:51:53,2022-03-29 11:01:02,W 35 St & 9 Ave,6569,Washington St & Gansevoort St,6039,40.75414519263519,-73.9960889518261,40.739323,-74.008119,member
404456,A5FFF88BFB8BD1B7,classic_bike,2022-03-24 08:52:34,2022-03-24 09:01:19,W 35 St & 9 Ave,6569,Washington St & Gansevoort St,6039,40.75414519263519,-73.9960889518261,40.739323,-74.008119,member
405286,1F16B405398A8723,classic_bike,2022-03-28 17:38:36,2022-03-28 18:07:34,W 36 St & 9 Ave,6569,Sullivan St & Washington Sq,5721,40.75462324029105,-73.99516761302948,40.73047747,-73.99906065,member
405295,E0E012921BBBEA4B,classic_bike,2022-03-23 08:36:47,2022-03-23 08:55:17,W 36 St & 9 Ave,6569,Sullivan St & Washington Sq,5721,40.75462324029105,-73.99516761302948,40.73047747,-73.99906065,member
405296,752B8924D1A03B2C,electric_bike,2022-03-30 08:06:32,2022-03-30 08:37:40,W 36 St & 9 Ave,6569,47 Ave & 31 St,6151,40.75462324029105,-73.99516761302948,40.743,-73.93561,member
406213,D36098D32A15F28D,electric_bike,2022-03-07 07:13:27,2022-03-07 07:39:47,W 36 St & 9 Ave,6569,47 Ave & 31 St,6151,40.75462324029105,-73.99516761302948,40.743,-73.93561,member
406527,837FB536F8EBEF23,classic_bike,2022-03-19 13:54:31,2022-03-19 14:14:40,W 35 St & Dyer Ave,6569,Sullivan St & Washington Sq,5721,40.754691750226016,-73.99740189313889,40.73047747,-73.99906065,member
411821,C6E7F663292A8BE6,electric_bike,2022-03-08 09:18:32,2022-03-08 09:32:24,W 35 St & 9 Ave,6569,University Pl & E 8 St,5755,40.75414519263519,-73.9960889518261,40.73143724085228,-73.99490341544151,member
411824,F0786705A8117581,classic_bike,2022-03-01 19:05:09,2022-03-01 19:19:39,W 35 St & 9 Ave,6569,University Pl & E 8 St,5755,40.75414519263519,-73.9960889518261,40.73143724085228,-73.99490341544151,member
411953,D64DE5A8FB73C737,docked_bike,2022-03-13 14:38:37,2022-03-13 20:33:11,W 35 St & 9 Ave,6569,Sullivan St & Washington Sq,5721,40.754145,-73.996089,40.730477,-73.999061,casual
412907,C248A310D9226233,classic_bike,2022-03-08 19:41:52,2022-03-08 19:55:32,W 36 St & 9 Ave,6569,Sullivan St & Washington Sq,5721,40.75462324029105,-73.99516761302948,40.73047747,-73.99906065,member
413222,FB658A6F5C76DA94,electric_bike,2022-03-03 17:32:38,2022-03-03 18:10:54,W 35 St & Dyer Ave,6569,Myrtle Ave & Fleet Pl,4628,40.754691750226016,-73.99740189313889,40.693534,-73.981909,member
413459,3784AF3DD68210C9,electric_bike,2022-03-06 13:19:57,2022-03-06 13:31:27,W 36 St & 9 Ave,6569,University Pl & E 8 St,5755,40.75462324029105,-73.99516761302948,40.73143724085228,-73.99490341544151,member
415408,2A8FEBA81F80EBCD,classic_bike,2022-03-02 13:13:17,2022-03-02 13:24:41,W 35 St & 9 Ave,6569,Sullivan St & Washington Sq,5721,40.75414519263519,-73.9960889518261,40.73047747,-73.99906065,member
415436,633EB073FC48B2A0,electric_bike,2022-03-14 22:49:56,2022-03-15 00:55:20,W 35 St & 9 Ave,6569,Linden St & Knickerbocker Ave,4743,40.75414519263519,-73.9960889518261,40.69714,-73.91566,casual
415438,E881CE25F4F978FE,electric_bike,2022-03-30 13:14:06,2022-03-30 13:36:40,W 35 St & 9 Ave,6569,Sullivan St & Washington Sq,5721,40.75414519263519,-73.9960889518261,40.73047747,-73.99906065,casual
415439,738DFF57C1DE985C,electric_bike,2022-03-28 12:42:56,2022-03-28 12:59:26,W 35 St & 9 Ave,6569,University Pl & E 8 St,5755,40.75414519263519,-73.9960889518261,40.73143724085228,-73.99490341544151,casual
415452,ADDD62926C3B52C7,electric_bike,2022-03-02 18:16:21,2022-03-02 18:28:30,W 35 St & 9 Ave,6569,Sullivan St & Washington Sq,5721,40.75414519263519,-73.9960889518261,40.73047747,-73.99906065,member
416668,9A30F969777516A6,electric_bike,2022-03-10 20:39:18,2022-03-10 21:10:25,W 36 St & 9 Ave,6569,Sullivan St & Washington Sq,5721,40.75462324029105,-73.99516761302948,40.73047747,-73.99906065,casual
417248,D62B534D10511FD3,classic_bike,2022-03-15 22:08:53,2022-03-15 22:40:08,W 35 St & 9 Ave,6569,E 81 St & 3 Ave,7154,40.75414519263519,-73.9960889518261,40.77573034,-73.9567526,member
417250,4EE3A47DEE43F18D,electric_bike,2022-03-30 13:14:34,2022-03-30 16:37:34,W 35 St & 9 Ave,6569,Sullivan St & Washington Sq,5721,40.75414519263519,-73.9960889518261,40.73047747,-73.99906065,casual
418527,CC496BEE1F9C1632,electric_bike,2022-03-17 16:14:39,2022-03-17 16:35:27,W 35 St & 9 Ave,6569,E 81 St & 3 Ave,7154,40.75414519263519,-73.9960889518261,40.77573034,-73.9567526,member
421848,0B74A933BE6A2C13,electric_bike,2022-03-22 17:29:49,2022-03-22 17:55:15,W 36 St & 9 Ave,6569,West Thames St,5114,40.75462324029105,-73.99516761302948,40.70834698,-74.01713445,member
421986,EF3FA9FC66895B26,classic_bike,2022-03-22 12:08:08,2022-03-22 12:34:19,W 35 St & Dyer Ave,6569,West Thames St,5114,40.754691750226016,-73.99740189313889,40.70834698,-74.01713445,member
423810,142A4D9FA77EB5BC,electric_bike,2022-03-13 10:52:04,2022-03-13 11:14:43,W 36 St & 9 Ave,6569,W 104 St & Amsterdam Ave,7610,40.75462324029105,-73.99516761302948,40.79904139288298,-73.96649479866028,member
425133,1865AE1EAD8D97D6,classic_bike,2022-03-26 02:12:24,2022-03-26 02:36:16,W 35 St & 9 Ave,6569,West Thames St,5114,40.75414519263519,-73.9960889518261,40.70834698,-74.01713445,casual
427229,816593121D5E438B,electric_bike,2022-03-31 14:25:31,2022-03-31 15:02:51,W 35 St & 9 Ave,6569,W 104 St & Amsterdam Ave,7610,40.75414519263519,-73.9960889518261,40.79904139288298,-73.96649479866028,member
430137,82E599C15A0BDCED,classic_bike,2022-03-25 19:34:56,2022-03-25 20:24:17,W 36 St & 9 Ave,6569,E 60 St & York Ave,6682,40.75462324029105,-73.99516761302948,40.759107,-73.959223,member
430138,24DB6B7A0AC7A1EC,classic_bike,2022-03-16 08:29:58,2022-03-16 08:40:58,W 36 St & 9 Ave,6569,Bank St & Hudson St,5922,40.75462324029105,-73.99516761302948,40.73652889,-74.00618026,member
430139,DED591514CFEA8CF,classic_bike,2022-03-19 19:27:08,2022-03-19 19:51:24,W 36 St & 9 Ave,6569,Bank St & Hudson St,5922,40.75462324029105,-73.99516761302948,40.73652889,-74.00618026,member
430140,F0211965B48D7227,classic_bike,2022-03-19 19:31:00,2022-03-19 19:51:34,W 36 St & 9 Ave,6569,Bank St & Hudson St,5922,40.75462324029105,-73.99516761302948,40.73652889,-74.00618026,member
430142,3956DAA9BC254A75,classic_bike,2022-03-25 14:45:32,2022-03-25 15:00:04,W 36 St & 9 Ave,6569,Bank St & Hudson St,5922,40.75462324029105,-73.99516761302948,40.73652889,-74.00618026,member
430145,AA6FF8AC12EE59F6,classic_bike,2022-03-31 18:01:05,2022-03-31 18:16:26,W 36 St & 9 Ave,6569,Bank St & Hudson St,5922,40.75462324029105,-73.99516761302948,40.73652889,-74.00618026,member
430599,8384C546041F0C39,classic_bike,2022-03-17 18:48:09,2022-03-17 19:29:03,W 35 St & Dyer Ave,6569,19 St & 24 Ave,7186,40.754691750226016,-73.99740189313889,40.7774552,-73.9225403,member
430712,701EB1D97D0EE674,classic_bike,2022-03-29 18:43:05,2022-03-29 18:57:49,W 36 St & 9 Ave,6569,Bank St & Hudson St,5922,40.75462324029105,-73.99516761302948,40.73652889,-74.00618026,member
434088,1EAB7E0EC890BFEA,electric_bike,2022-03-26 13:42:51,2022-03-26 15:00:26,W 35 St & 9 Ave,6569,E 60 St & York Ave,6682,40.75414519263519,-73.9960889518261,40.759107,-73.959223,member
434650,83D0DB141F8C7C1F,electric_bike,2022-03-21 05:33:08,2022-03-21 05:50:00,W 35 St & 9 Ave,6569,E 60 St & York Ave,6682,40.75414519263519,-73.9960889518261,40.759107,-73.959223,casual
435428,1E497EA32AB494D9,classic_bike,2022-03-25 14:45:44,2022-03-25 14:59:59,W 36 St & 9 Ave,6569,Bank St & Hudson St,5922,40.75462324029105,-73.99516761302948,40.73652889,-74.00618026,member
435440,68E4AD0E8273593E,classic_bike,2022-03-18 08:03:31,2022-03-18 08:15:28,W 36 St & 9 Ave,6569,Bank St & Hudson St,5922,40.75462324029105,-73.99516761302948,40.73652889,-74.00618026,member
435444,33E0E3AB40524CD2,classic_bike,2022-03-18 16:02:13,2022-03-18 16:17:21,W 36 St & 9 Ave,6569,Bank St & Hudson St,5922,40.75462324029105,-73.99516761302948,40.73652889,-74.00618026,member
435477,D9937FA15974C44C,electric_bike,2022-03-02 18:04:30,2022-03-02 18:13:41,W 36 St & 9 Ave,6569,Bank St & Hudson St,5922,40.75462324029105,-73.99516761302948,40.73652889,-74.00618026,member
436513,5D6BD2EF4992D314,electric_bike,2022-03-16 13:51:34,2022-03-16 14:05:13,W 35 St & 9 Ave,6569,Bank St & Hudson St,5922,40.75414519263519,-73.9960889518261,40.73652889,-74.00618026,casual
436780,A494F130108EDC77,electric_bike,2022-03-06 08:04:26,2022-03-06 08:14:35,W 36 St & 9 Ave,6569,Bank St & Hudson St,5922,40.75462324029105,-73.99516761302948,40.73652889,-74.00618026,casual
437514,D972BA5F44D82B32,classic_bike,2022-03-19 19:58:46,2022-03-19 20:02:47,W 35 St & Dyer Ave,6569,8 Ave & W 33 St,6450,40.754691750226016,-73.99740189313889,40.751551,-73.993934,member
437517,F72370AAD1932BC3,classic_bike,2022-03-14 10:50:35,2022-03-14 10:54:37,W 35 St & Dyer Ave,6569,8 Ave & W 33 St,6450,40.754691750226016,-73.99740189313889,40.751551,-73.993934,member
437518,CBC3D970CC4C8631,classic_bike,2022-03-11 19:16:16,2022-03-11 19:19:08,W 35 St & Dyer Ave,6569,8 Ave & W 33 St,6450,40.754691750226016,-73.99740189313889,40.751551,-73.993934,member
437519,7474BE083781B5FE,classic_bike,2022-03-31 15:51:11,2022-03-31 15:55:30,W 35 St & Dyer Ave,6569,8 Ave & W 33 St,6450,40.754691750226016,-73.99740189313889,40.751551,-73.993934,member
437523,0B187F303CDE6F2F,classic_bike,2022-03-03 22:20:07,2022-03-03 22:22:46,W 35 St & Dyer Ave,6569,8 Ave & W 33 St,6450,40.754691750226016,-73.99740189313889,40.751551,-73.993934,member
437528,C210E0D2D71C22A9,classic_bike,2022-03-21 07:59:54,2022-03-21 08:02:04,W 35 St & Dyer Ave,6569,8 Ave & W 33 St,6450,40.754691750226016,-73.99740189313889,40.751551,-73.993934,member
437531,6034655561E0724D,classic_bike,2022-03-25 16:37:16,2022-03-25 16:40:08,W 35 St & Dyer Ave,6569,8 Ave & W 33 St,6450,40.754691750226016,-73.99740189313889,40.751551,-73.993934,member
437964,74A2E61D9C6F0BD4,electric_bike,2022-03-31 13:20:59,2022-03-31 13:24:00,W 35 St & Dyer Ave,6569,8 Ave & W 33 St,6450,40.754691750226016,-73.99740189313889,40.751551,-73.993934,member
437980,AFD52939ED9377CB,classic_bike,2022-03-30 19:43:37,2022-03-30 19:46:07,W 35 St & Dyer Ave,6569,8 Ave & W 33 St,6450,40.754691750226016,-73.99740189313889,40.751551,-73.993934,member
437981,56B7E3C7C0B61E2D,electric_bike,2022-03-01 18:27:58,2022-03-01 18:30:08,W 35 St & Dyer Ave,6569,8 Ave & W 33 St,6450,40.754691750226016,-73.99740189313889,40.751551,-73.993934,member
438333,5773DFFBAAD37925,classic_bike,2022-03-30 14:56:12,2022-03-30 14:59:41,W 35 St & Dyer Ave,6569,8 Ave & W 33 St,6450,40.754691750226016,-73.99740189313889,40.751551,-73.993934,member
438335,290DEE6F54B50B44,electric_bike,2022-03-18 23:37:04,2022-03-18 23:42:57,W 35 St & Dyer Ave,6569,8 Ave & W 33 St,6450,40.754691750226016,-73.99740189313889,40.751551,-73.993934,casual
439545,9A0B83A49062FFE1,classic_bike,2022-03-20 06:41:51,2022-03-20 06:58:17,W 35 St & 9 Ave,6569,Thompson St & Bleecker St,5721,40.75414519263519,-73.9960889518261,40.72840059450829,-73.99968780577183,casual
439554,D98D35D6AB444D7A,classic_bike,2022-03-03 07:32:07,2022-03-03 08:14:50,W 35 St & 9 Ave,6569,8 Ave & W 33 St,6450,40.75414519263519,-73.9960889518261,40.751551,-73.993934,member
440402,3D4B459D7873AE32,classic_bike,2022-03-03 15:53:14,2022-03-03 15:56:15,W 36 St & 9 Ave,6569,8 Ave & W 33 St,6450,40.75462324029105,-73.99516761302948,40.751551,-73.993934,member
440412,9326B8D8EC5D61E4,classic_bike,2022-03-08 17:02:16,2022-03-08 17:04:38,W 36 St & 9 Ave,6569,8 Ave & W 33 St,6450,40.75462324029105,-73.99516761302948,40.751551,-73.993934,member
440413,79A33CF8AF781936,electric_bike,2022-03-05 23:14:05,2022-03-05 23:35:29,W 36 St & 9 Ave,6569,8 Ave & W 33 St,6450,40.75462324029105,-73.99516761302948,40.751551,-73.993934,member
440416,E129451F3BB1131E,electric_bike,2022-03-30 17:17:19,2022-03-30 17:26:52,W 36 St & 9 Ave,6569,8 Ave & W 33 St,6450,40.75462324029105,-73.99516761302948,40.751551,-73.993934,member
440419,D5508C698E87ACB2,electric_bike,2022-03-31 07:46:25,2022-03-31 07:48:40,W 36 St & 9 Ave,6569,8 Ave & W 33 St,6450,40.75462324029105,-73.99516761302948,40.751551,-73.993934,member
440421,B863995B34C68BB3,classic_bike,2022-03-31 11:15:34,2022-03-31 11:20:54,W 36 St & 9 Ave,6569,8 Ave & W 33 St,6450,40.75462324029105,-73.99516761302948,40.751551,-73.993934,member
440422,7CF96130B0AC4747,electric_bike,2022-03-09 08:39:31,2022-03-09 08:42:58,W 36 St & 9 Ave,6569,8 Ave & W 33 St,6450,40.75462324029105,-73.99516761302948,40.751551,-73.993934,member
440423,6D0E388C9B1EBD77,classic_bike,2022-03-18 13:26:24,2022-03-18 13:31:15,W 36 St & 9 Ave,6569,8 Ave & W 33 St,6450,40.75462324029105,-73.99516761302948,40.751551,-73.993934,member
440427,A8134664C8B4E5B5,classic_bike,2022-03-14 17:01:59,2022-03-14 17:23:52,W 36 St & 9 Ave,6569,Thompson St & Bleecker St,5721,40.75462324029105,-73.99516761302948,40.72840059450829,-73.99968780577183,casual
440430,AF48754B6220141D,classic_bike,2022-03-23 08:19:04,2022-03-23 08:22:06,W 36 St & 9 Ave,6569,8 Ave & W 33 St,6450,40.75462324029105,-73.99516761302948,40.751551,-73.993934,member
440431,8E14013F26F5D1DB,classic_bike,2022-03-24 08:41:49,2022-03-24 08:45:05,W 36 St & 9 Ave,6569,8 Ave & W 33 St,6450,40.75462324029105,-73.99516761302948,40.751551,-73.993934,member
440432,1518E6EEBB5F4805,classic_bike,2022-03-23 19:42:03,2022-03-23 19:44:39,W 36 St & 9 Ave,6569,8 Ave & W 33 St,6450,40.75462324029105,-73.99516761302948,40.751551,-73.993934,member
440436,CEE6B51507904397,classic_bike,2022-03-10 11:20:16,2022-03-10 11:22:55,W 36 St & 9 Ave,6569,8 Ave & W 33 St,6450,40.75462324029105,-73.99516761302948,40.751551,-73.993934,member
440437,6C158DB5A2C3F756,classic_bike,2022-03-03 09:10:26,2022-03-03 09:14:45,W 36 St & 9 Ave,6569,8 Ave & W 33 St,6450,40.75462324029105,-73.99516761302948,40.751551,-73.993934,member
440439,6A95DD185EE46B87,classic_bike,2022-03-07 08:50:53,2022-03-07 08:53:41,W 36 St & 9 Ave,6569,8 Ave & W 33 St,6450,40.75462324029105,-73.99516761302948,40.751551,-73.993934,member
441115,63B6A636BA3C9136,electric_bike,2022-03-15 15:25:20,2022-03-15 15:27:44,W 35 St & Dyer Ave,6569,8 Ave & W 33 St,6450,40.754691750226016,-73.99740189313889,40.751551,-73.993934,member
441121,F5CAD01B5816AE96,classic_bike,2022-03-21 09:31:31,2022-03-21 09:34:07,W 35 St & Dyer Ave,6569,8 Ave & W 33 St,6450,40.754691750226016,-73.99740189313889,40.751551,-73.993934,member
441124,9DBF0C32434F1C27,classic_bike,2022-03-21 13:19:56,2022-03-21 13:23:41,W 35 St & Dyer Ave,6569,8 Ave & W 33 St,6450,40.754691750226016,-73.99740189313889,40.751551,-73.993934,member
441130,2CAD5D5A9E38B598,classic_bike,2022-03-03 16:35:40,2022-03-03 16:38:42,W 35 St & Dyer Ave,6569,8 Ave & W 33 St,6450,40.754691750226016,-73.99740189313889,40.751551,-73.993934,member
441139,E97C929C462EEB14,classic_bike,2022-03-03 15:45:53,2022-03-03 15:49:29,W 35 St & Dyer Ave,6569,8 Ave & W 33 St,6450,40.754691750226016,-73.99740189313889,40.751551,-73.993934,member
441140,A7F27E99FD0A7992,classic_bike,2022-03-15 13:10:44,2022-03-15 13:13:45,W 35 St & Dyer Ave,6569,8 Ave & W 33 St,6450,40.754691750226016,-73.99740189313889,40.751551,-73.993934,casual
441155,20ADD64C981C1A1A,classic_bike,2022-03-15 21:37:26,2022-03-15 21:39:53,W 35 St & Dyer Ave,6569,8 Ave & W 33 St,6450,40.754691750226016,-73.99740189313889,40.751551,-73.993934,member
441156,AA4EA28832CE841A,electric_bike,2022-03-29 14:54:02,2022-03-29 14:56:16,W 35 St & Dyer Ave,6569,8 Ave & W 33 St,6450,40.754691750226016,-73.99740189313889,40.751551,-73.993934,member
441157,9C7183F1A549798F,classic_bike,2022-03-01 14:10:33,2022-03-01 16:40:16,W 35 St & Dyer Ave,6569,8 Ave & W 33 St,6450,40.754691750226016,-73.99740189313889,40.751551,-73.993934,member
441167,45E9518C4CCE8CF9,classic_bike,2022-03-31 13:21:19,2022-03-31 13:24:01,W 35 St & Dyer Ave,6569,8 Ave & W 33 St,6450,40.754691750226016,-73.99740189313889,40.751551,-73.993934,member
441614,C1F6B875C37DE56A,electric_bike,2022-03-13 08:13:44,2022-03-13 08:15:20,W 36 St & 9 Ave,6569,8 Ave & W 33 St,6450,40.75462324029105,-73.99516761302948,40.751551,-73.993934,member
441616,1DF022F9DF8C1FAE,electric_bike,2022-03-04 19:34:57,2022-03-04 19:37:30,W 36 St & 9 Ave,6569,8 Ave & W 33 St,6450,40.75462324029105,-73.99516761302948,40.751551,-73.993934,member
441694,18BA2C33FEFDF050,classic_bike,2022-03-19 21:34:19,2022-03-19 21:36:25,W 36 St & 9 Ave,6569,8 Ave & W 33 St,6450,40.75462324029105,-73.99516761302948,40.751551,-73.993934,member
442176,C51D8AA0B9212B3B,electric_bike,2022-03-10 15:54:49,2022-03-10 15:57:22,W 35 St & Dyer Ave,6569,8 Ave & W 33 St,6450,40.754691750226016,-73.99740189313889,40.751551,-73.993934,member
443498,720846D9C7F92475,classic_bike,2022-03-22 17:37:47,2022-03-22 17:40:38,W 35 St & 9 Ave,6569,8 Ave & W 33 St,6450,40.75414519263519,-73.9960889518261,40.751551,-73.993934,casual
443837,5282E4B9C84E6306,electric_bike,2022-03-24 08:38:46,2022-03-24 08:41:12,W 36 St & 9 Ave,6569,8 Ave & W 33 St,6450,40.75462324029105,-73.99516761302948,40.751551,-73.993934,member
443838,DB63FB1D9AAAEFAD,electric_bike,2022-03-30 08:24:26,2022-03-30 08:26:42,W 36 St & 9 Ave,6569,8 Ave & W 33 St,6450,40.75462324029105,-73.99516761302948,40.751551,-73.993934,member
443839,372A255E62EFF990,classic_bike,2022-03-29 18:05:09,2022-03-29 18:07:58,W 36 St & 9 Ave,6569,8 Ave & W 33 St,6450,40.75462324029105,-73.99516761302948,40.751551,-73.993934,member
443841,4CC34C40731EF90C,electric_bike,2022-03-07 12:13:24,2022-03-07 12:15:02,W 36 St & 9 Ave,6569,8 Ave & W 33 St,6450,40.75462324029105,-73.99516761302948,40.751551,-73.993934,member
443848,3813F7B4D146DCA8,classic_bike,2022-03-05 16:07:19,2022-03-05 16:09:18,W 36 St & 9 Ave,6569,8 Ave & W 33 St,6450,40.75462324029105,-73.99516761302948,40.751551,-73.993934,member
443852,371858807B0B674F,electric_bike,2022-03-02 09:50:21,2022-03-02 09:52:18,W 36 St & 9 Ave,6569,8 Ave & W 33 St,6450,40.75462324029105,-73.99516761302948,40.751551,-73.993934,member
443854,FE3A4F11B9A1677B,classic_bike,2022-03-08 14:47:15,2022-03-08 15:07:37,W 36 St & 9 Ave,6569,Thompson St & Bleecker St,5721,40.75462324029105,-73.99516761302948,40.72840059450829,-73.99968780577183,casual
444053,A0DB88B865D1C4F6,electric_bike,2022-03-05 13:18:20,2022-03-05 13:32:42,W 36 St & 9 Ave,6569,Thompson St & Bleecker St,5721,40.75462324029105,-73.99516761302948,40.72840059450829,-73.99968780577183,member
444136,651DF0B5DDD039DE,electric_bike,2022-03-23 16:14:23,2022-03-23 16:16:32,W 35 St & Dyer Ave,6569,8 Ave & W 33 St,6450,40.754691750226016,-73.99740189313889,40.751551,-73.993934,member
444146,093E9C293B90B65C,classic_bike,2022-03-11 19:53:24,2022-03-11 19:55:47,W 35 St & Dyer Ave,6569,8 Ave & W 33 St,6450,40.754691750226016,-73.99740189313889,40.751551,-73.993934,member
444177,59F32F4B7295B6B5,electric_bike,2022-03-09 07:00:43,2022-03-09 07:02:37,W 35 St & Dyer Ave,6569,8 Ave & W 33 St,6450,40.754691750226016,-73.99740189313889,40.751551,-73.993934,member
444193,0E07228FBEEA2A26,classic_bike,2022-03-18 16:17:06,2022-03-18 16:57:54,W 36 St & 9 Ave,6569,Degraw St & Smith St,4298,40.75462324029105,-73.99516761302948,40.6829151,-73.99318208,casual
444245,046AE43713E373F8,classic_bike,2022-03-01 19:11:51,2022-03-01 19:13:53,W 35 St & Dyer Ave,6569,8 Ave & W 33 St,6450,40.754691750226016,-73.99740189313889,40.751551,-73.993934,member
444373,03A6CEFFBEF466CD,classic_bike,2022-03-29 18:04:39,2022-03-29 18:31:53,W 36 St & 9 Ave,6569,Thompson St & Bleecker St,5721,40.75462324029105,-73.99516761302948,40.72840059450829,-73.99968780577183,member
444455,1A77DB6FC95DC84F,classic_bike,2022-03-25 13:17:29,2022-03-25 13:19:42,W 35 St & Dyer Ave,6569,8 Ave & W 33 St,6450,40.754691750226016,-73.99740189313889,40.751551,-73.993934,member
445256,BFBC7C6AECE0925E,classic_bike,2022-03-01 10:27:06,2022-03-01 16:40:16,W 35 St & Dyer Ave,6569,8 Ave & W 33 St,6450,40.754691750226016,-73.99740189313889,40.751551,-73.993934,member
445257,903249656BB29CFA,electric_bike,2022-03-27 11:50:06,2022-03-27 11:54:02,W 35 St & Dyer Ave,6569,8 Ave & W 33 St,6450,40.754691750226016,-73.99740189313889,40.751551,-73.993934,member
445435,9F1EBC88A113D3FE,classic_bike,2022-03-04 08:21:46,2022-03-04 08:23:42,W 35 St & 9 Ave,6569,8 Ave & W 33 St,6450,40.75414519263519,-73.9960889518261,40.751551,-73.993934,member
445443,318042E2CA44FC2D,classic_bike,2022-03-10 10:28:54,2022-03-10 10:31:11,W 35 St & 9 Ave,6569,8 Ave & W 33 St,6450,40.75414519263519,-73.9960889518261,40.751551,-73.993934,member
445446,434072023A59EAAB,electric_bike,2022-03-19 15:30:03,2022-03-19 15:31:22,W 35 St & 9 Ave,6569,8 Ave & W 33 St,6450,40.75414519263519,-73.9960889518261,40.751551,-73.993934,member
445447,7164C7AE33D08955,classic_bike,2022-03-05 12:00:07,2022-03-05 12:02:21,W 35 St & 9 Ave,6569,8 Ave & W 33 St,6450,40.75414519263519,-73.9960889518261,40.751551,-73.993934,member
445502,E1678269AEDEDEFD,classic_bike,2022-03-25 19:32:59,2022-03-25 19:50:06,W 35 St & 9 Ave,6569,Thompson St & Bleecker St,5721,40.75414519263519,-73.9960889518261,40.72840059450829,-73.99968780577183,casual
445544,72F53AED873064E7,electric_bike,2022-03-27 08:21:40,2022-03-27 08:33:13,W 35 St & 9 Ave,6569,Thompson St & Bleecker St,5721,40.75414519263519,-73.9960889518261,40.72840059450829,-73.99968780577183,member
445991,4F1457A71BE5E7D1,classic_bike,2022-03-03 16:19:25,2022-03-03 16:21:29,W 35 St & Dyer Ave,6569,8 Ave & W 33 St,6450,40.754691750226016,-73.99740189313889,40.751551,-73.993934,member
447795,A74B3FD6F0659A67,classic_bike,2022-03-30 17:27:34,2022-03-30 17:42:52,W 35 St & 9 Ave,6569,Thompson St & Bleecker St,5721,40.75414519263519,-73.9960889518261,40.72840059450829,-73.99968780577183,member
447802,159AF0023A1A44F1,classic_bike,2022-03-31 10:23:14,2022-03-31 10:38:12,W 35 St & 9 Ave,6569,8 Ave & W 33 St,6450,40.75414519263519,-73.9960889518261,40.751551,-73.993934,member
447835,6DA56F2CC7A8CC78,classic_bike,2022-03-27 15:26:14,2022-03-27 15:28:31,W 35 St & 9 Ave,6569,8 Ave & W 33 St,6450,40.75414519263519,-73.9960889518261,40.751551,-73.993934,member
447845,E80FE41C23BC89AE,electric_bike,2022-03-15 15:08:26,2022-03-15 15:22:09,W 35 St & 9 Ave,6569,Thompson St & Bleecker St,5721,40.75414519263519,-73.9960889518261,40.72840059450829,-73.99968780577183,member
447870,D718038E17F1DB95,classic_bike,2022-03-15 08:21:22,2022-03-15 08:24:04,W 35 St & 9 Ave,6569,8 Ave & W 33 St,6450,40.75414519263519,-73.9960889518261,40.751551,-73.993934,member
448584,6CDD3BA73C365478,classic_bike,2022-03-28 11:29:22,2022-03-28 11:33:19,W 35 St & 9 Ave,6569,8 Ave & W 33 St,6450,40.75414519263519,-73.9960889518261,40.751551,-73.993934,casual
448591,64FC80B3326CB51D,electric_bike,2022-03-25 11:33:57,2022-03-25 11:37:20,W 35 St & 9 Ave,6569,8 Ave & W 33 St,6450,40.75414519263519,-73.9960889518261,40.751551,-73.993934,member
448710,EA7C21DC71503E94,electric_bike,2022-03-16 09:43:58,2022-03-16 09:46:38,W 35 St & 9 Ave,6569,8 Ave & W 33 St,6450,40.75414519263519,-73.9960889518261,40.751551,-73.993934,member
448712,40AC8E8F4BD963DA,classic_bike,2022-03-15 08:06:27,2022-03-15 08:08:37,W 35 St & 9 Ave,6569,8 Ave & W 33 St,6450,40.75414519263519,-73.9960889518261,40.751551,-73.993934,casual
448800,C7988D03D64B86AC,classic_bike,2022-03-14 18:00:39,2022-03-14 18:03:05,W 35 St & 9 Ave,6569,8 Ave & W 33 St,6450,40.75414519263519,-73.9960889518261,40.751551,-73.993934,member
448806,1B5B42D0FA77D72A,electric_bike,2022-03-22 11:29:39,2022-03-22 11:31:45,W 35 St & 9 Ave,6569,8 Ave & W 33 St,6450,40.75414519263519,-73.9960889518261,40.751551,-73.993934,member
448814,3E9EB70771E1948E,classic_bike,2022-03-20 00:53:59,2022-03-20 00:56:45,W 35 St & 9 Ave,6569,8 Ave & W 33 St,6450,40.75414519263519,-73.9960889518261,40.751551,-73.993934,casual
448815,2F5C883FF0725D7B,classic_bike,2022-03-31 19:29:17,2022-03-31 19:31:54,W 35 St & 9 Ave,6569,8 Ave & W 33 St,6450,40.75414519263519,-73.9960889518261,40.751551,-73.993934,member
449053,A3774086A18E286A,electric_bike,2022-03-31 17:48:24,2022-03-31 17:51:17,W 35 St & 9 Ave,6569,8 Ave & W 33 St,6450,40.75414519263519,-73.9960889518261,40.751551,-73.993934,member
449055,4084EFFD2BB17CB0,electric_bike,2022-03-08 11:49:37,2022-03-08 11:53:36,W 35 St & 9 Ave,6569,8 Ave & W 33 St,6450,40.75414519263519,-73.9960889518261,40.751551,-73.993934,member
449176,EA9BD675D50DDAE6,electric_bike,2022-03-29 08:52:57,2022-03-29 08:55:25,W 35 St & 9 Ave,6569,8 Ave & W 33 St,6450,40.75414519263519,-73.9960889518261,40.751551,-73.993934,member
451895,70650BECEBDEEC84,electric_bike,2022-03-31 11:00:55,2022-03-31 11:03:03,W 36 St & 9 Ave,6569,W 29 St & 9 Ave,6416,40.75462324029105,-73.99516761302948,40.7500727,-73.99839279,casual
451896,D68C3C2B23138B96,electric_bike,2022-03-25 17:18:04,2022-03-25 17:44:22,W 36 St & 9 Ave,6569,E 91 St & 2 Ave,7286,40.75462324029105,-73.99516761302948,40.78115276427916,-73.94963040947914,casual
451900,F9EBE5F9708243C0,electric_bike,2022-03-17 09:45:10,2022-03-17 09:48:14,W 36 St & 9 Ave,6569,W 29 St & 9 Ave,6416,40.75462324029105,-73.99516761302948,40.7500727,-73.99839279,member
451918,9C9E7C763B804D71,classic_bike,2022-03-14 10:10:18,2022-03-14 10:48:49,W 36 St & 9 Ave,6569,W 29 St & 9 Ave,6416,40.75462324029105,-73.99516761302948,40.7500727,-73.99839279,member
451945,58C088A096A3FCAC,classic_bike,2022-03-11 07:21:17,2022-03-11 07:24:02,W 36 St & 9 Ave,6569,W 29 St & 9 Ave,6416,40.75462324029105,-73.99516761302948,40.7500727,-73.99839279,member
451987,6E6793FBB1AF5834,electric_bike,2022-03-26 17:32:22,2022-03-26 17:56:10,W 36 St & 9 Ave,6569,E 91 St & 2 Ave,7286,40.75462324029105,-73.99516761302948,40.78115276427916,-73.94963040947914,casual
452010,186ACD62A1AF033E,electric_bike,2022-03-17 11:11:35,2022-03-17 11:13:47,W 36 St & 9 Ave,6569,W 29 St & 9 Ave,6416,40.75462324029105,-73.99516761302948,40.7500727,-73.99839279,casual
452841,397D55C4BD4D3623,classic_bike,2022-03-06 16:29:48,2022-03-06 16:34:54,W 36 St & 9 Ave,6569,W 29 St & 9 Ave,6416,40.75462324029105,-73.99516761302948,40.7500727,-73.99839279,member
452854,FEC1246588145198,electric_bike,2022-03-06 17:28:34,2022-03-06 17:35:08,W 36 St & 9 Ave,6569,W 29 St & 9 Ave,6416,40.75462324029105,-73.99516761302948,40.7500727,-73.99839279,member
452959,07C8B977F9F1D3BB,classic_bike,2022-03-08 07:49:36,2022-03-08 07:53:54,W 36 St & 9 Ave,6569,W 29 St & 9 Ave,6416,40.75462324029105,-73.99516761302948,40.7500727,-73.99839279,member
452960,9E5446825648736E,classic_bike,2022-03-05 17:46:46,2022-03-05 18:18:55,W 36 St & 9 Ave,6569,E 91 St & 2 Ave,7286,40.75462324029105,-73.99516761302948,40.78115276427916,-73.94963040947914,member
454561,D9B792ED25291587,classic_bike,2022-03-06 13:39:32,2022-03-06 13:42:56,W 35 St & Dyer Ave,6569,W 29 St & 9 Ave,6416,40.754691750226016,-73.99740189313889,40.7500727,-73.99839279,member
454563,D11B53F4C6008F04,classic_bike,2022-03-30 18:34:13,2022-03-30 18:38:03,W 35 St & Dyer Ave,6569,W 29 St & 9 Ave,6416,40.754691750226016,-73.99740189313889,40.7500727,-73.99839279,member
454574,44C87752F227BB27,electric_bike,2022-03-12 21:16:43,2022-03-12 21:19:33,W 35 St & Dyer Ave,6569,W 29 St & 9 Ave,6416,40.754691750226016,-73.99740189313889,40.7500727,-73.99839279,member
454654,857A4F1C15E5DC69,electric_bike,2022-03-07 09:35:15,2022-03-07 09:38:26,W 35 St & Dyer Ave,6569,W 29 St & 9 Ave,6416,40.754691750226016,-73.99740189313889,40.7500727,-73.99839279,member
454669,923D490EDEF8EF94,classic_bike,2022-03-02 20:07:33,2022-03-02 20:26:48,W 35 St & Dyer Ave,6569,E 91 St & 2 Ave,7286,40.754691750226016,-73.99740189313889,40.78115276427916,-73.94963040947914,member
456448,DC3742585B6F334E,classic_bike,2022-03-04 19:53:42,2022-03-04 19:56:28,W 35 St & Dyer Ave,6569,W 29 St & 9 Ave,6416,40.754691750226016,-73.99740189313889,40.7500727,-73.99839279,member
456508,407945FC7342B5F9,electric_bike,2022-03-04 19:53:47,2022-03-04 19:56:17,W 35 St & Dyer Ave,6569,W 29 St & 9 Ave,6416,40.754691750226016,-73.99740189313889,40.7500727,-73.99839279,member
459268,3B9C9D1F20483B0F,classic_bike,2022-03-02 13:14:44,2022-03-02 13:17:04,W 36 St & 9 Ave,6569,W 29 St & 9 Ave,6416,40.75462324029105,-73.99516761302948,40.7500727,-73.99839279,member
459276,00B0F1D57D8F3130,classic_bike,2022-03-15 19:47:46,2022-03-15 20:05:32,W 36 St & 9 Ave,6569,West Broadway & Watts St,5569,40.75462324029105,-73.99516761302948,40.72323,-74.00314,member
459328,2F465A8BB98A2B58,classic_bike,2022-03-08 16:57:25,2022-03-08 16:59:36,W 36 St & 9 Ave,6569,W 29 St & 9 Ave,6416,40.75462324029105,-73.99516761302948,40.7500727,-73.99839279,member
460595,9E32B2E0CD8E839F,classic_bike,2022-03-13 19:01:25,2022-03-13 19:05:39,W 36 St & 9 Ave,6569,W 29 St & 9 Ave,6416,40.75462324029105,-73.99516761302948,40.7500727,-73.99839279,member
463629,E2286D990067C914,classic_bike,2022-03-15 20:41:29,2022-03-15 20:44:06,W 35 St & 9 Ave,6569,W 29 St & 9 Ave,6416,40.75414519263519,-73.9960889518261,40.7500727,-73.99839279,member
463631,6409022151F69C00,electric_bike,2022-03-11 13:49:30,2022-03-11 13:53:12,W 35 St & 9 Ave,6569,W 29 St & 9 Ave,6416,40.75414519263519,-73.9960889518261,40.7500727,-73.99839279,member
463641,1E8B2C378E15D140,electric_bike,2022-03-31 08:24:55,2022-03-31 08:38:19,W 35 St & 9 Ave,6569,1 Ave & E 39 St,6303,40.75414519263519,-73.9960889518261,40.74714,-73.97113,member
463652,E4B6D245F457775B,electric_bike,2022-03-15 13:49:48,2022-03-15 13:59:38,W 35 St & 9 Ave,6569,1 Ave & E 39 St,6303,40.75414519263519,-73.9960889518261,40.74714,-73.97113,member
463655,AA27A7347518A5C2,classic_bike,2022-03-18 18:55:41,2022-03-18 19:02:21,W 35 St & 9 Ave,6569,W 29 St & 9 Ave,6416,40.75414519263519,-73.9960889518261,40.7500727,-73.99839279,member
463668,5202350D36F52B6F,classic_bike,2022-03-02 19:30:12,2022-03-02 19:33:32,W 35 St & 9 Ave,6569,W 29 St & 9 Ave,6416,40.75414519263519,-73.9960889518261,40.7500727,-73.99839279,member
463672,F948868F6A78A319,electric_bike,2022-03-01 10:53:30,2022-03-01 11:03:57,W 35 St & 9 Ave,6569,1 Ave & E 39 St,6303,40.75414519263519,-73.9960889518261,40.74714,-73.97113,member
463688,049C15AEF593AA85,classic_bike,2022-03-21 18:14:46,2022-03-21 18:19:02,W 35 St & 9 Ave,6569,W 29 St & 9 Ave,6416,40.75414519263519,-73.9960889518261,40.7500727,-73.99839279,casual
463724,D18FEB7583B24666,electric_bike,2022-03-02 19:24:37,2022-03-02 19:45:34,W 35 St & 9 Ave,6569,E 91 St & 2 Ave,7286,40.75414519263519,-73.9960889518261,40.78115276427916,-73.94963040947914,member
463744,6BF84B423AE4FC64,classic_bike,2022-03-28 17:04:20,2022-03-28 17:07:03,W 35 St & 9 Ave,6569,W 29 St & 9 Ave,6416,40.75414519263519,-73.9960889518261,40.7500727,-73.99839279,casual
463752,F775E3B47BA00B8E,classic_bike,2022-03-15 09:29:58,2022-03-15 09:33:11,W 35 St & 9 Ave,6569,W 29 St & 9 Ave,6416,40.75414519263519,-73.9960889518261,40.7500727,-73.99839279,member
463783,1FD84D9F902A7651,electric_bike,2022-03-11 13:49:45,2022-03-11 13:53:18,W 35 St & 9 Ave,6569,W 29 St & 9 Ave,6416,40.75414519263519,-73.9960889518261,40.7500727,-73.99839279,member
463784,32EA7955D060CE16,classic_bike,2022-03-07 14:01:31,2022-03-07 14:04:40,W 35 St & 9 Ave,6569,W 29 St & 9 Ave,6416,40.75414519263519,-73.9960889518261,40.7500727,-73.99839279,member
463881,78F06A050C2CD4FF,classic_bike,2022-03-11 07:09:13,2022-03-11 07:21:37,W 35 St & 9 Ave,6569,1 Ave & E 39 St,6303,40.75414519263519,-73.9960889518261,40.74714,-73.97113,member
464615,A4707A4A96770495,classic_bike,2022-03-04 07:18:41,2022-03-04 07:21:07,W 36 St & 9 Ave,6569,W 29 St & 9 Ave,6416,40.75462324029105,-73.99516761302948,40.7500727,-73.99839279,member
464635,00DE67FA9C8151E2,electric_bike,2022-03-18 10:57:04,2022-03-18 11:00:06,W 36 St & 9 Ave,6569,W 29 St & 9 Ave,6416,40.75462324029105,-73.99516761302948,40.7500727,-73.99839279,member
464636,7E9AF6582DE15800,electric_bike,2022-03-03 14:04:50,2022-03-03 14:07:19,W 36 St & 9 Ave,6569,W 29 St & 9 Ave,6416,40.75462324029105,-73.99516761302948,40.7500727,-73.99839279,casual
464646,C869EB58EA4EF0BC,classic_bike,2022-03-22 13:28:21,2022-03-22 13:32:12,W 36 St & 9 Ave,6569,W 29 St & 9 Ave,6416,40.75462324029105,-73.99516761302948,40.7500727,-73.99839279,member
465004,A3CDB7183AAE7E63,electric_bike,2022-03-13 10:50:53,2022-03-13 10:54:35,W 35 St & 9 Ave,6569,W 29 St & 9 Ave,6416,40.75414519263519,-73.9960889518261,40.7500727,-73.99839279,casual
465050,B8F0A7AF5D974FA9,electric_bike,2022-03-23 16:49:22,2022-03-23 16:51:54,W 35 St & 9 Ave,6569,W 29 St & 9 Ave,6416,40.75414519263519,-73.9960889518261,40.7500727,-73.99839279,casual
465055,61ECEE6B367B72B9,classic_bike,2022-03-20 11:31:26,2022-03-20 11:37:55,W 35 St & 9 Ave,6569,W 29 St & 9 Ave,6416,40.75414519263519,-73.9960889518261,40.7500727,-73.99839279,casual
465058,978E4697819AE55D,electric_bike,2022-03-02 10:43:59,2022-03-02 10:47:20,W 35 St & 9 Ave,6569,W 29 St & 9 Ave,6416,40.75414519263519,-73.9960889518261,40.7500727,-73.99839279,casual
465059,4F2107E199B4140F,classic_bike,2022-03-20 21:41:43,2022-03-20 21:44:02,W 35 St & 9 Ave,6569,W 29 St & 9 Ave,6416,40.75414519263519,-73.9960889518261,40.7500727,-73.99839279,member
465083,0FA40CB3921221AF,electric_bike,2022-03-08 13:18:45,2022-03-08 13:28:12,W 35 St & 9 Ave,6569,1 Ave & E 39 St,6303,40.75414519263519,-73.9960889518261,40.74714,-73.97113,member
465098,DD55BA7270E3AE00,electric_bike,2022-03-10 07:48:29,2022-03-10 07:58:57,W 35 St & 9 Ave,6569,1 Ave & E 39 St,6303,40.75414519263519,-73.9960889518261,40.74714,-73.97113,member
465450,46BFA6ECFCAAC0F9,classic_bike,2022-03-21 20:37:48,2022-03-21 20:41:16,W 35 St & Dyer Ave,6569,W 29 St & 9 Ave,6416,40.754691750226016,-73.99740189313889,40.7500727,-73.99839279,member
465451,81D0107816D70189,classic_bike,2022-03-22 18:10:08,2022-03-22 18:13:18,W 35 St & Dyer Ave,6569,W 29 St & 9 Ave,6416,40.754691750226016,-73.99740189313889,40.7500727,-73.99839279,member
467121,50923BC69FCA74DB,classic_bike,2022-03-30 17:39:58,2022-03-30 17:42:58,W 35 St & 9 Ave,6569,W 29 St & 9 Ave,6416,40.75414519263519,-73.9960889518261,40.7500727,-73.99839279,member
467125,5CF6A973A6930001,classic_bike,2022-03-11 12:15:25,2022-03-11 12:17:59,W 35 St & 9 Ave,6569,W 29 St & 9 Ave,6416,40.75414519263519,-73.9960889518261,40.7500727,-73.99839279,member
467128,288A4DF0196702B6,electric_bike,2022-03-29 19:10:31,2022-03-29 19:12:31,W 35 St & 9 Ave,6569,W 29 St & 9 Ave,6416,40.75414519263519,-73.9960889518261,40.7500727,-73.99839279,member
467136,6419DA0782BF6947,classic_bike,2022-03-12 18:57:47,2022-03-12 18:59:55,W 35 St & 9 Ave,6569,W 29 St & 9 Ave,6416,40.75414519263519,-73.9960889518261,40.7500727,-73.99839279,member
467158,EAD2352C1C2373C9,classic_bike,2022-03-15 20:41:23,2022-03-15 20:44:07,W 35 St & 9 Ave,6569,W 29 St & 9 Ave,6416,40.75414519263519,-73.9960889518261,40.7500727,-73.99839279,member
467174,5D52F76382E92D9C,classic_bike,2022-03-03 11:41:32,2022-03-03 11:44:39,W 35 St & 9 Ave,6569,W 29 St & 9 Ave,6416,40.75414519263519,-73.9960889518261,40.7500727,-73.99839279,member
467217,F0EC6ABD4723667E,classic_bike,2022-03-23 17:13:23,2022-03-23 17:32:46,W 35 St & 9 Ave,6569,West Broadway & Watts St,5569,40.75414519263519,-73.9960889518261,40.72323,-74.00314,member
467281,594FCB52EE4A91EB,classic_bike,2022-03-25 18:08:41,2022-03-25 18:12:24,W 35 St & 9 Ave,6569,W 29 St & 9 Ave,6416,40.75414519263519,-73.9960889518261,40.7500727,-73.99839279,member
467337,57F0F6DACE6182FB,classic_bike,2022-03-20 10:23:12,2022-03-20 10:25:36,W 35 St & 9 Ave,6569,W 29 St & 9 Ave,6416,40.75414519263519,-73.9960889518261,40.7500727,-73.99839279,member
467338,D88E7B87838A4D6C,classic_bike,2022-03-20 09:51:19,2022-03-20 09:53:07,W 35 St & 9 Ave,6569,W 29 St & 9 Ave,6416,40.75414519263519,-73.9960889518261,40.7500727,-73.99839279,member
467346,4B8A04EF7B2435D8,classic_bike,2022-03-23 08:07:12,2022-03-23 08:18:49,W 35 St & 9 Ave,6569,1 Ave & E 39 St,6303,40.75414519263519,-73.9960889518261,40.74714,-73.97113,member
467495,BB9A216CA2C75583,classic_bike,2022-03-25 19:44:28,2022-03-25 20:15:13,W 35 St & 9 Ave,6569,E 91 St & 2 Ave,7286,40.75414519263519,-73.9960889518261,40.78115276427916,-73.94963040947914,member
467510,AF6E907F00D91B5A,classic_bike,2022-03-19 21:34:21,2022-03-19 21:42:10,W 35 St & 9 Ave,6569,W 29 St & 9 Ave,6416,40.75414519263519,-73.9960889518261,40.7500727,-73.99839279,casual
468611,2B2974EAB8B3FF67,classic_bike,2022-03-11 12:48:53,2022-03-11 12:50:56,W 35 St & 9 Ave,6569,W 29 St & 9 Ave,6416,40.75414519263519,-73.9960889518261,40.7500727,-73.99839279,member
468764,B09CA74769036211,classic_bike,2022-03-20 17:09:22,2022-03-20 17:13:59,W 36 St & 9 Ave,6569,11 Ave & W 41 St,6726,40.75462324029105,-73.99516761302948,40.76030096,-73.99884222,member
468906,344C6E712D677576,electric_bike,2022-03-30 22:50:18,2022-03-30 22:53:50,W 36 St & 9 Ave,6569,11 Ave & W 41 St,6726,40.75462324029105,-73.99516761302948,40.76030096,-73.99884222,member
469748,67F2A8F3A46A8901,classic_bike,2022-03-01 17:57:43,2022-03-01 18:07:20,W 35 St & 9 Ave,6569,11 Ave & W 41 St,6726,40.75414519263519,-73.9960889518261,40.76030096,-73.99884222,member
469759,B1BF1014F007A3C8,classic_bike,2022-03-10 17:38:11,2022-03-10 17:42:53,W 35 St & 9 Ave,6569,11 Ave & W 41 St,6726,40.75414519263519,-73.9960889518261,40.76030096,-73.99884222,member
469760,C1CB41A4ECA65D71,classic_bike,2022-03-09 19:16:13,2022-03-09 19:24:17,W 35 St & 9 Ave,6569,11 Ave & W 41 St,6726,40.75414519263519,-73.9960889518261,40.76030096,-73.99884222,member
469761,02A8CB41B6473CE4,classic_bike,2022-03-15 07:35:07,2022-03-15 07:39:09,W 35 St & 9 Ave,6569,11 Ave & W 41 St,6726,40.75414519263519,-73.9960889518261,40.76030096,-73.99884222,member
469762,1D6CFA348CB55883,classic_bike,2022-03-02 07:35:45,2022-03-02 07:40:19,W 35 St & 9 Ave,6569,11 Ave & W 41 St,6726,40.75414519263519,-73.9960889518261,40.76030096,-73.99884222,member
469763,FFD3556D069893DA,classic_bike,2022-03-18 07:36:26,2022-03-18 07:39:55,W 35 St & 9 Ave,6569,11 Ave & W 41 St,6726,40.75414519263519,-73.9960889518261,40.76030096,-73.99884222,member
469768,A03831BCEE57F660,classic_bike,2022-03-16 17:27:00,2022-03-16 17:33:41,W 35 St & 9 Ave,6569,11 Ave & W 41 St,6726,40.75414519263519,-73.9960889518261,40.76030096,-73.99884222,member
469797,869BF33C9E3AF46D,classic_bike,2022-03-22 08:09:28,2022-03-22 08:15:10,W 35 St & 9 Ave,6569,11 Ave & W 41 St,6726,40.75414519263519,-73.9960889518261,40.76030096,-73.99884222,member
469804,B494EAE7E0AC2C55,classic_bike,2022-03-23 18:34:41,2022-03-23 18:38:47,W 35 St & 9 Ave,6569,11 Ave & W 41 St,6726,40.75414519263519,-73.9960889518261,40.76030096,-73.99884222,member
469960,EBD8FE09272C0AE4,classic_bike,2022-03-16 07:42:45,2022-03-16 07:50:18,W 36 St & 9 Ave,6569,11 Ave & W 41 St,6726,40.75462324029105,-73.99516761302948,40.76030096,-73.99884222,casual
469966,05F8085DCF114FA1,classic_bike,2022-03-28 14:47:07,2022-03-28 14:52:33,W 36 St & 9 Ave,6569,11 Ave & W 41 St,6726,40.75462324029105,-73.99516761302948,40.76030096,-73.99884222,member
469967,A45039D4FEF63FD1,classic_bike,2022-03-09 22:02:28,2022-03-09 22:07:56,W 36 St & 9 Ave,6569,11 Ave & W 41 St,6726,40.75462324029105,-73.99516761302948,40.76030096,-73.99884222,member
469976,73E8427A8B32BA26,classic_bike,2022-03-30 21:27:57,2022-03-30 21:34:24,W 36 St & 9 Ave,6569,11 Ave & W 41 St,6726,40.75462324029105,-73.99516761302948,40.76030096,-73.99884222,member
469982,F7591D674656C6B3,classic_bike,2022-03-25 12:44:48,2022-03-25 12:48:14,W 36 St & 9 Ave,6569,11 Ave & W 41 St,6726,40.75462324029105,-73.99516761302948,40.76030096,-73.99884222,member
469985,6AF0B7093FEAFB39,classic_bike,2022-03-27 09:58:40,2022-03-27 10:03:03,W 36 St & 9 Ave,6569,11 Ave & W 41 St,6726,40.75462324029105,-73.99516761302948,40.76030096,-73.99884222,member
470524,4FFBEDC19FC656F3,classic_bike,2022-03-13 12:27:10,2022-03-13 12:31:40,W 35 St & 9 Ave,6569,11 Ave & W 41 St,6726,40.75414519263519,-73.9960889518261,40.76030096,-73.99884222,member
470529,E7FE23CF4BDF4EA5,electric_bike,2022-03-21 12:12:00,2022-03-21 12:19:09,W 35 St & 9 Ave,6569,11 Ave & W 41 St,6726,40.75414519263519,-73.9960889518261,40.76030096,-73.99884222,member
471050,EE4E54132E960FD6,electric_bike,2022-03-09 18:47:05,2022-03-09 18:52:30,W 35 St & 9 Ave,6569,11 Ave & W 41 St,6726,40.75414519263519,-73.9960889518261,40.76030096,-73.99884222,member
471961,40C08CB8867D6803,electric_bike,2022-03-23 07:53:08,2022-03-23 07:56:43,W 35 St & Dyer Ave,6569,11 Ave & W 41 St,6726,40.754691750226016,-73.99740189313889,40.76030096,-73.99884222,casual
471965,5CE69AFE8E934EB5,classic_bike,2022-03-25 20:39:48,2022-03-25 20:44:30,W 35 St & Dyer Ave,6569,11 Ave & W 41 St,6726,40.754691750226016,-73.99740189313889,40.76030096,-73.99884222,casual
471966,FA566DA8E33CA64E,classic_bike,2022-03-30 22:15:50,2022-03-30 22:19:33,W 35 St & Dyer Ave,6569,11 Ave & W 41 St,6726,40.754691750226016,-73.99740189313889,40.76030096,-73.99884222,member
471987,9C40453C9B4E6496,classic_bike,2022-03-18 15:05:47,2022-03-18 15:08:54,W 35 St & Dyer Ave,6569,11 Ave & W 41 St,6726,40.754691750226016,-73.99740189313889,40.76030096,-73.99884222,member
472720,19D789B0FACCD823,electric_bike,2022-03-26 08:58:36,2022-03-26 09:01:27,W 36 St & 9 Ave,6569,11 Ave & W 41 St,6726,40.75462324029105,-73.99516761302948,40.76030096,-73.99884222,member
472726,1B205748D80ED3C3,electric_bike,2022-03-11 05:26:41,2022-03-11 05:30:25,W 36 St & 9 Ave,6569,11 Ave & W 41 St,6726,40.75462324029105,-73.99516761302948,40.76030096,-73.99884222,member
472738,A159156C83920A81,classic_bike,2022-03-05 12:31:48,2022-03-05 12:36:04,W 36 St & 9 Ave,6569,11 Ave & W 41 St,6726,40.75462324029105,-73.99516761302948,40.76030096,-73.99884222,member
472740,62EA38FFBD76E400,classic_bike,2022-03-12 15:26:54,2022-03-12 15:33:39,W 36 St & 9 Ave,6569,11 Ave & W 41 St,6726,40.75462324029105,-73.99516761302948,40.76030096,-73.99884222,member
472750,1A0C3FE545205C90,classic_bike,2022-03-18 22:14:55,2022-03-18 22:18:49,W 36 St & 9 Ave,6569,11 Ave & W 41 St,6726,40.75462324029105,-73.99516761302948,40.76030096,-73.99884222,member
472758,97288ABFE14C0885,classic_bike,2022-03-08 21:44:21,2022-03-08 21:49:05,W 36 St & 9 Ave,6569,11 Ave & W 41 St,6726,40.75462324029105,-73.99516761302948,40.76030096,-73.99884222,member
472764,9E4A97B507300052,classic_bike,2022-03-25 15:27:13,2022-03-25 15:31:33,W 36 St & 9 Ave,6569,11 Ave & W 41 St,6726,40.75462324029105,-73.99516761302948,40.76030096,-73.99884222,member
472766,47E03FE9E7AFB3A0,classic_bike,2022-03-31 18:41:24,2022-03-31 18:47:26,W 36 St & 9 Ave,6569,11 Ave & W 41 St,6726,40.75462324029105,-73.99516761302948,40.76030096,-73.99884222,member
472781,605D56C5B1526C83,electric_bike,2022-03-26 23:27:28,2022-03-26 23:31:53,W 36 St & 9 Ave,6569,11 Ave & W 41 St,6726,40.75462324029105,-73.99516761302948,40.76030096,-73.99884222,member
472782,E531787763B0F6EF,classic_bike,2022-03-16 09:55:35,2022-03-16 10:00:16,W 36 St & 9 Ave,6569,11 Ave & W 41 St,6726,40.75462324029105,-73.99516761302948,40.76030096,-73.99884222,member
473338,7200F1716D4B76FD,classic_bike,2022-03-05 14:48:50,2022-03-05 14:52:40,W 36 St & 9 Ave,6569,11 Ave & W 41 St,6726,40.75462324029105,-73.99516761302948,40.76030096,-73.99884222,member
473603,FA6E7513E05DDAFE,electric_bike,2022-03-21 07:24:13,2022-03-21 07:28:51,W 35 St & 9 Ave,6569,11 Ave & W 41 St,6726,40.75414519263519,-73.9960889518261,40.76030096,-73.99884222,casual
473617,53D14B349817AB81,classic_bike,2022-03-31 16:54:57,2022-03-31 17:01:53,W 35 St & 9 Ave,6569,11 Ave & W 41 St,6726,40.75414519263519,-73.9960889518261,40.76030096,-73.99884222,member
473619,595F54EDBF6E2E81,electric_bike,2022-03-17 16:40:57,2022-03-17 16:48:25,W 35 St & 9 Ave,6569,11 Ave & W 41 St,6726,40.75414519263519,-73.9960889518261,40.76030096,-73.99884222,member
473624,2714EEDA8F299469,classic_bike,2022-03-28 18:32:37,2022-03-28 18:37:07,W 35 St & 9 Ave,6569,11 Ave & W 41 St,6726,40.75414519263519,-73.9960889518261,40.76030096,-73.99884222,member
473628,9854775DC44A3CD5,electric_bike,2022-03-17 14:51:33,2022-03-17 14:55:55,W 35 St & 9 Ave,6569,11 Ave & W 41 St,6726,40.75414519263519,-73.9960889518261,40.76030096,-73.99884222,member
473641,11E839701DC650B6,classic_bike,2022-03-24 18:54:52,2022-03-24 18:59:36,W 35 St & 9 Ave,6569,11 Ave & W 41 St,6726,40.75414519263519,-73.9960889518261,40.76030096,-73.99884222,member
473648,BBA20546012FB787,electric_bike,2022-03-11 23:21:21,2022-03-11 23:25:09,W 35 St & 9 Ave,6569,11 Ave & W 41 St,6726,40.75414519263519,-73.9960889518261,40.76030096,-73.99884222,member
473653,F5029EC0C5142353,electric_bike,2022-03-14 08:11:41,2022-03-14 08:15:02,W 35 St & 9 Ave,6569,11 Ave & W 41 St,6726,40.75414519263519,-73.9960889518261,40.76030096,-73.99884222,member
473658,E14BF611BA3E1B94,classic_bike,2022-03-20 00:52:27,2022-03-20 00:56:21,W 35 St & 9 Ave,6569,11 Ave & W 41 St,6726,40.75414519263519,-73.9960889518261,40.76030096,-73.99884222,member
473663,5F5EF1441968C7BB,classic_bike,2022-03-10 08:05:10,2022-03-10 08:09:47,W 35 St & 9 Ave,6569,11 Ave & W 41 St,6726,40.75414519263519,-73.9960889518261,40.76030096,-73.99884222,member
473672,D86F70F066E845D2,classic_bike,2022-03-28 17:37:01,2022-03-28 17:42:12,W 35 St & 9 Ave,6569,11 Ave & W 41 St,6726,40.75414519263519,-73.9960889518261,40.76030096,-73.99884222,member
473701,FFE18ACBF615A68A,classic_bike,2022-03-11 15:23:32,2022-03-11 15:28:19,W 36 St & 9 Ave,6569,11 Ave & W 41 St,6726,40.75462324029105,-73.99516761302948,40.76030096,-73.99884222,member
473704,03A4E207D647D1FE,electric_bike,2022-03-25 08:45:55,2022-03-25 08:53:06,W 36 St & 9 Ave,6569,11 Ave & W 41 St,6726,40.75462324029105,-73.99516761302948,40.76030096,-73.99884222,casual
473728,9336C4800157CD64,classic_bike,2022-03-13 11:38:09,2022-03-13 11:42:04,W 36 St & 9 Ave,6569,11 Ave & W 41 St,6726,40.75462324029105,-73.99516761302948,40.76030096,-73.99884222,member
473729,0AE95AF40A15F3A2,electric_bike,2022-03-07 06:07:23,2022-03-07 06:10:22,W 36 St & 9 Ave,6569,11 Ave & W 41 St,6726,40.75462324029105,-73.99516761302948,40.76030096,-73.99884222,member
473764,098CE17D39154035,classic_bike,2022-03-20 12:01:59,2022-03-20 12:06:01,W 35 St & 9 Ave,6569,11 Ave & W 41 St,6726,40.75414519263519,-73.9960889518261,40.76030096,-73.99884222,member
473850,24D760B79E9B48F2,electric_bike,2022-03-23 13:07:04,2022-03-23 13:10:53,W 35 St & 9 Ave,6569,11 Ave & W 41 St,6726,40.75414519263519,-73.9960889518261,40.76030096,-73.99884222,member
473862,E93921D40F8B44AF,electric_bike,2022-03-29 07:49:24,2022-03-29 07:53:19,W 35 St & 9 Ave,6569,11 Ave & W 41 St,6726,40.75414519263519,-73.9960889518261,40.76030096,-73.99884222,casual
474614,A4CC643997B0A9A6,classic_bike,2022-03-03 08:10:11,2022-03-03 08:15:25,W 35 St & 9 Ave,6569,11 Ave & W 41 St,6726,40.75414519263519,-73.9960889518261,40.76030096,-73.99884222,member
476242,9F452BC2911108C8,classic_bike,2022-03-06 19:27:25,2022-03-06 19:31:42,W 35 St & Dyer Ave,6569,11 Ave & W 41 St,6726,40.754691750226016,-73.99740189313889,40.76030096,-73.99884222,member
476245,8CAEC893418E3E4E,classic_bike,2022-03-27 12:42:04,2022-03-27 12:46:43,W 35 St & Dyer Ave,6569,11 Ave & W 41 St,6726,40.754691750226016,-73.99740189313889,40.76030096,-73.99884222,member
476640,12CB86A60C78A316,electric_bike,2022-03-16 06:36:41,2022-03-16 06:40:23,W 36 St & 9 Ave,6569,11 Ave & W 41 St,6726,40.75462324029105,-73.99516761302948,40.76030096,-73.99884222,member
476641,0B57D3402FAE1759,electric_bike,2022-03-29 05:23:20,2022-03-29 05:26:20,W 36 St & 9 Ave,6569,11 Ave & W 41 St,6726,40.75462324029105,-73.99516761302948,40.76030096,-73.99884222,member
476642,42C1E58BEAFCD543,electric_bike,2022-03-15 05:58:10,2022-03-15 06:01:55,W 36 St & 9 Ave,6569,11 Ave & W 41 St,6726,40.75462324029105,-73.99516761302948,40.76030096,-73.99884222,member
476645,C5D058DD4E4BF82A,classic_bike,2022-03-25 07:59:56,2022-03-25 08:04:37,W 36 St & 9 Ave,6569,11 Ave & W 41 St,6726,40.75462324029105,-73.99516761302948,40.76030096,-73.99884222,member
476649,C1DC039EBFDFAC7B,electric_bike,2022-03-17 15:51:29,2022-03-17 15:54:51,W 36 St & 9 Ave,6569,11 Ave & W 41 St,6726,40.75462324029105,-73.99516761302948,40.76030096,-73.99884222,member
476652,98FE36CDA7C729C5,classic_bike,2022-03-05 18:39:12,2022-03-05 18:46:03,W 36 St & 9 Ave,6569,11 Ave & W 41 St,6726,40.75462324029105,-73.99516761302948,40.76030096,-73.99884222,member
477037,E4D83F2CD2BC2810,electric_bike,2022-03-08 07:35:18,2022-03-08 07:39:04,W 35 St & 9 Ave,6569,11 Ave & W 41 St,6726,40.75414519263519,-73.9960889518261,40.76030096,-73.99884222,member
477049,13EB27D66EDB3D1F,electric_bike,2022-03-30 14:51:18,2022-03-30 14:55:40,W 35 St & 9 Ave,6569,11 Ave & W 41 St,6726,40.75414519263519,-73.9960889518261,40.76030096,-73.99884222,member
477064,1590A050F1237A8F,classic_bike,2022-03-14 13:00:09,2022-03-14 13:04:42,W 35 St & 9 Ave,6569,11 Ave & W 41 St,6726,40.75414519263519,-73.9960889518261,40.76030096,-73.99884222,member
477065,95CB8FAFD61DC631,electric_bike,2022-03-17 17:57:08,2022-03-17 18:03:37,W 35 St & 9 Ave,6569,11 Ave & W 41 St,6726,40.75414519263519,-73.9960889518261,40.76030096,-73.99884222,member
477074,53006DD436B0E073,electric_bike,2022-03-31 07:48:48,2022-03-31 07:53:27,W 35 St & 9 Ave,6569,11 Ave & W 41 St,6726,40.75414519263519,-73.9960889518261,40.76030096,-73.99884222,casual
477083,2096C72D2E05212E,electric_bike,2022-03-04 08:07:27,2022-03-04 08:10:39,W 35 St & 9 Ave,6569,11 Ave & W 41 St,6726,40.75414519263519,-73.9960889518261,40.76030096,-73.99884222,casual
477085,7423CDDCC8A2748B,electric_bike,2022-03-16 07:49:54,2022-03-16 07:54:19,W 35 St & 9 Ave,6569,11 Ave & W 41 St,6726,40.75414519263519,-73.9960889518261,40.76030096,-73.99884222,casual
477101,E555FE11C786920B,electric_bike,2022-03-31 07:52:09,2022-03-31 07:55:47,W 35 St & 9 Ave,6569,11 Ave & W 41 St,6726,40.75414519263519,-73.9960889518261,40.76030096,-73.99884222,member
477119,AA59FC42B29BCE5E,electric_bike,2022-03-02 09:54:23,2022-03-02 09:58:11,W 35 St & 9 Ave,6569,11 Ave & W 41 St,6726,40.75414519263519,-73.9960889518261,40.76030096,-73.99884222,member
477123,04811D151D97DB00,electric_bike,2022-03-31 07:37:49,2022-03-31 07:41:46,W 35 St & 9 Ave,6569,11 Ave & W 41 St,6726,40.75414519263519,-73.9960889518261,40.76030096,-73.99884222,member
477126,06A28A870F686145,classic_bike,2022-03-17 07:36:56,2022-03-17 07:40:43,W 35 St & 9 Ave,6569,11 Ave & W 41 St,6726,40.75414519263519,-73.9960889518261,40.76030096,-73.99884222,member
477130,007E509299E94788,electric_bike,2022-03-11 07:48:24,2022-03-11 07:52:36,W 35 St & 9 Ave,6569,11 Ave & W 41 St,6726,40.75414519263519,-73.9960889518261,40.76030096,-73.99884222,casual
477132,5B6AB1F8995C245B,classic_bike,2022-03-04 12:57:18,2022-03-04 13:03:17,W 35 St & 9 Ave,6569,11 Ave & W 41 St,6726,40.75414519263519,-73.9960889518261,40.76030096,-73.99884222,member
477146,10F4079193647076,classic_bike,2022-03-22 07:35:12,2022-03-22 07:39:14,W 35 St & 9 Ave,6569,11 Ave & W 41 St,6726,40.75414519263519,-73.9960889518261,40.76030096,-73.99884222,member
477157,5B279E1D1188A08E,electric_bike,2022-03-08 07:49:42,2022-03-08 07:54:30,W 35 St & 9 Ave,6569,11 Ave & W 41 St,6726,40.75414519263519,-73.9960889518261,40.76030096,-73.99884222,casual
477170,F0F2B1075532F900,classic_bike,2022-03-16 16:48:42,2022-03-16 16:52:09,W 35 St & 9 Ave,6569,11 Ave & W 41 St,6726,40.75414519263519,-73.9960889518261,40.76030096,-73.99884222,member
477173,F440E04832331717,electric_bike,2022-03-03 06:56:25,2022-03-03 06:59:45,W 35 St & 9 Ave,6569,11 Ave & W 41 St,6726,40.75414519263519,-73.9960889518261,40.76030096,-73.99884222,member
477175,4D9C71876FA1DAD4,classic_bike,2022-03-14 07:48:58,2022-03-14 07:52:59,W 35 St & 9 Ave,6569,11 Ave & W 41 St,6726,40.75414519263519,-73.9960889518261,40.76030096,-73.99884222,member
477222,69A6D6971E1FA263,classic_bike,2022-03-14 19:49:06,2022-03-14 19:54:23,W 35 St & 9 Ave,6569,11 Ave & W 41 St,6726,40.75414519263519,-73.9960889518261,40.76030096,-73.99884222,member
477324,92471533BCAED517,electric_bike,2022-03-03 05:51:45,2022-03-03 05:55:34,W 35 St & 9 Ave,6569,11 Ave & W 41 St,6726,40.75414519263519,-73.9960889518261,40.76030096,-73.99884222,member
477326,721F8C2BA5A46254,electric_bike,2022-03-07 07:48:33,2022-03-07 07:53:04,W 35 St & 9 Ave,6569,11 Ave & W 41 St,6726,40.75414519263519,-73.9960889518261,40.76030096,-73.99884222,casual
478158,8C19966FC40022EC,classic_bike,2022-03-05 12:31:45,2022-03-05 12:36:01,W 36 St & 9 Ave,6569,11 Ave & W 41 St,6726,40.75462324029105,-73.99516761302948,40.76030096,-73.99884222,member
478159,42A38D011CB448A8,electric_bike,2022-03-24 18:22:26,2022-03-24 18:29:14,W 36 St & 9 Ave,6569,11 Ave & W 41 St,6726,40.75462324029105,-73.99516761302948,40.76030096,-73.99884222,member
478160,56289DBC4C098AA8,classic_bike,2022-03-19 11:11:54,2022-03-19 11:15:14,W 36 St & 9 Ave,6569,11 Ave & W 41 St,6726,40.75462324029105,-73.99516761302948,40.76030096,-73.99884222,member
478161,6634EACE46CBED1E,classic_bike,2022-03-08 18:27:32,2022-03-08 18:31:52,W 36 St & 9 Ave,6569,11 Ave & W 41 St,6726,40.75462324029105,-73.99516761302948,40.76030096,-73.99884222,member
478162,3CA3B4321B337007,electric_bike,2022-03-02 06:01:27,2022-03-02 06:05:05,W 36 St & 9 Ave,6569,11 Ave & W 41 St,6726,40.75462324029105,-73.99516761302948,40.76030096,-73.99884222,member
478333,84E33CAA66A28F7A,classic_bike,2022-03-26 19:57:11,2022-03-26 20:02:38,W 35 St & 9 Ave,6569,11 Ave & W 41 St,6726,40.75414519263519,-73.9960889518261,40.76030096,-73.99884222,member
478385,25F8F6C1DBB44BA1,classic_bike,2022-03-06 00:33:25,2022-03-06 00:37:17,W 35 St & 9 Ave,6569,11 Ave & W 41 St,6726,40.75414519263519,-73.9960889518261,40.76030096,-73.99884222,member
478401,6D8DCF818AEA3D50,classic_bike,2022-03-07 08:07:32,2022-03-07 08:12:00,W 35 St & 9 Ave,6569,11 Ave & W 41 St,6726,40.75414519263519,-73.9960889518261,40.76030096,-73.99884222,member
478402,36EF3D91D2950F41,classic_bike,2022-03-31 17:51:22,2022-03-31 17:57:30,W 35 St & 9 Ave,6569,11 Ave & W 41 St,6726,40.75414519263519,-73.9960889518261,40.76030096,-73.99884222,member
478408,7EB296441FD9B82C,classic_bike,2022-03-11 17:53:04,2022-03-11 17:57:29,W 35 St & 9 Ave,6569,11 Ave & W 41 St,6726,40.75414519263519,-73.9960889518261,40.76030096,-73.99884222,member
478409,C2F444DD567D988F,electric_bike,2022-03-21 19:55:28,2022-03-21 19:58:24,W 35 St & 9 Ave,6569,11 Ave & W 41 St,6726,40.75414519263519,-73.9960889518261,40.76030096,-73.99884222,member
479010,9878C2110F0D7102,classic_bike,2022-03-23 18:46:44,2022-03-23 18:58:28,W 35 St & 9 Ave,6569,11 Ave & W 41 St,6726,40.75414519263519,-73.9960889518261,40.76030096,-73.99884222,member
479011,9FED0840CF58D507,electric_bike,2022-03-03 06:41:42,2022-03-03 06:46:00,W 35 St & 9 Ave,6569,11 Ave & W 41 St,6726,40.75414519263519,-73.9960889518261,40.76030096,-73.99884222,member
479286,33AD796C851EDC3C,classic_bike,2022-03-07 18:26:30,2022-03-07 18:32:33,W 35 St & 9 Ave,6569,11 Ave & W 41 St,6726,40.75414519263519,-73.9960889518261,40.76030096,-73.99884222,member
479287,1F11B0029B2B2FF3,electric_bike,2022-03-29 13:04:45,2022-03-29 13:08:32,W 35 St & 9 Ave,6569,11 Ave & W 41 St,6726,40.75414519263519,-73.9960889518261,40.76030096,-73.99884222,member
479291,B178D75A4AD395BD,electric_bike,2022-03-25 07:49:23,2022-03-25 07:53:24,W 35 St & 9 Ave,6569,11 Ave & W 41 St,6726,40.75414519263519,-73.9960889518261,40.76030096,-73.99884222,casual
479293,0A98D9AD936B2721,electric_bike,2022-03-10 07:50:08,2022-03-10 07:54:26,W 35 St & 9 Ave,6569,11 Ave & W 41 St,6726,40.75414519263519,-73.9960889518261,40.76030096,-73.99884222,casual
479447,9FAFC9B014AB8636,classic_bike,2022-03-16 06:43:06,2022-03-16 06:46:54,W 35 St & 9 Ave,6569,11 Ave & W 41 St,6726,40.75414519263519,-73.9960889518261,40.76030096,-73.99884222,member
479448,499B1E475FA4F07B,electric_bike,2022-03-25 07:35:20,2022-03-25 07:39:00,W 35 St & 9 Ave,6569,11 Ave & W 41 St,6726,40.75414519263519,-73.9960889518261,40.76030096,-73.99884222,member
479449,F012219F7F95B41F,classic_bike,2022-03-01 07:34:44,2022-03-01 07:38:15,W 35 St & 9 Ave,6569,11 Ave & W 41 St,6726,40.75414519263519,-73.9960889518261,40.76030096,-73.99884222,member
479452,C9737E2263641595,classic_bike,2022-03-18 12:38:45,2022-03-18 12:43:18,W 35 St & 9 Ave,6569,11 Ave & W 41 St,6726,40.75414519263519,-73.9960889518261,40.76030096,-73.99884222,member
480995,9D9D6DF507117B82,classic_bike,2022-03-05 13:10:21,2022-03-05 13:17:56,W 35 St & Dyer Ave,6569,6 Ave & W 34 St,6364,40.754691750226016,-73.99740189313889,40.74964,-73.98805,member
481009,AE835EA6698A424C,classic_bike,2022-03-20 16:39:26,2022-03-20 16:47:09,W 35 St & Dyer Ave,6569,6 Ave & W 34 St,6364,40.754691750226016,-73.99740189313889,40.74964,-73.98805,member
481133,D5D6C3619425875E,electric_bike,2022-03-04 17:43:44,2022-03-04 17:47:30,W 36 St & 9 Ave,6569,6 Ave & W 34 St,6364,40.75462324029105,-73.99516761302948,40.74964,-73.98805,member
481140,97B5AE503E503F9C,classic_bike,2022-03-29 10:02:57,2022-03-29 10:08:08,W 36 St & 9 Ave,6569,6 Ave & W 34 St,6364,40.75462324029105,-73.99516761302948,40.74964,-73.98805,member
481141,706B6EE6924CD364,classic_bike,2022-03-24 16:04:16,2022-03-24 16:08:56,W 36 St & 9 Ave,6569,6 Ave & W 34 St,6364,40.75462324029105,-73.99516761302948,40.74964,-73.98805,member
481143,B67854C7E464981F,classic_bike,2022-03-24 19:56:49,2022-03-24 20:04:03,W 36 St & 9 Ave,6569,6 Ave & W 34 St,6364,40.75462324029105,-73.99516761302948,40.74964,-73.98805,member
481180,EE83A649B447BA4E,electric_bike,2022-03-02 15:53:31,2022-03-02 16:32:26,W 36 St & 9 Ave,6569,Forsyth St\t& Grand St,5382,40.75462324029105,-73.99516761302948,40.71779817737835,-73.99316132068634,member
481182,CF5481B79A2039AF,classic_bike,2022-03-14 15:45:18,2022-03-14 16:11:35,W 36 St & 9 Ave,6569,Cleveland Pl & Spring St,5492,40.75462324029105,-73.99516761302948,40.722103786686034,-73.99724900722504,member
481185,5CACC15CDBC149F5,classic_bike,2022-03-18 17:13:50,2022-03-18 17:20:34,W 36 St & 9 Ave,6569,6 Ave & W 34 St,6364,40.75462324029105,-73.99516761302948,40.74964,-73.98805,member
481190,6E1F5614D988E63D,classic_bike,2022-03-27 21:06:49,2022-03-27 21:11:35,W 36 St & 9 Ave,6569,6 Ave & W 34 St,6364,40.75462324029105,-73.99516761302948,40.74964,-73.98805,member
481193,63C3965FA608CFCE,classic_bike,2022-03-18 13:05:43,2022-03-18 13:12:17,W 36 St & 9 Ave,6569,6 Ave & W 34 St,6364,40.75462324029105,-73.99516761302948,40.74964,-73.98805,member
481208,62A6F25E326EEBD7,classic_bike,2022-03-20 16:55:57,2022-03-20 17:00:50,W 36 St & 9 Ave,6569,6 Ave & W 34 St,6364,40.75462324029105,-73.99516761302948,40.74964,-73.98805,member
481223,AD0C77254BD8F297,classic_bike,2022-03-30 13:51:42,2022-03-30 14:16:32,W 36 St & 9 Ave,6569,Forsyth St\t& Grand St,5382,40.75462324029105,-73.99516761302948,40.71779817737835,-73.99316132068634,member
481240,6AAE5AAD02885459,electric_bike,2022-03-19 20:34:30,2022-03-19 20:49:49,W 36 St & 9 Ave,6569,E 12 St & 3 Ave,5788,40.75462324029105,-73.99516761302948,40.73223272,-73.98889957,casual
481333,3BF1758FCF8FD235,classic_bike,2022-03-31 21:37:45,2022-03-31 21:44:09,W 35 St & Dyer Ave,6569,6 Ave & W 34 St,6364,40.754691750226016,-73.99740189313889,40.74964,-73.98805,member
481341,B518E1FDFFD3A803,electric_bike,2022-03-06 14:24:39,2022-03-06 14:48:34,W 35 St & Dyer Ave,6569,Cleveland Pl & Spring St,5492,40.754691750226016,-73.99740189313889,40.722103786686034,-73.99724900722504,member
481497,D389DB3E1F94128B,classic_bike,2022-03-03 19:15:36,2022-03-03 19:33:40,W 36 St & 9 Ave,6569,Cleveland Pl & Spring St,5492,40.75462324029105,-73.99516761302948,40.722103786686034,-73.99724900722504,member
485909,6775A38E51B3A81C,classic_bike,2022-03-10 00:15:07,2022-03-10 00:33:23,W 35 St & 9 Ave,6569,6 Ave & W 34 St,6364,40.75414519263519,-73.9960889518261,40.74964,-73.98805,member
485910,105848B20D748EA9,electric_bike,2022-03-06 18:39:02,2022-03-06 19:02:02,W 35 St & 9 Ave,6569,Cleveland Pl & Spring St,5492,40.75414519263519,-73.9960889518261,40.722103786686034,-73.99724900722504,member
485916,20C7B8085B5A8523,electric_bike,2022-03-26 13:28:54,2022-03-26 14:16:50,W 35 St & 9 Ave,6569,Cleveland Pl & Spring St,5492,40.75414519263519,-73.9960889518261,40.722103786686034,-73.99724900722504,casual
485921,4F07E857C4A4C3B1,electric_bike,2022-03-06 12:54:48,2022-03-06 13:00:16,W 35 St & 9 Ave,6569,6 Ave & W 34 St,6364,40.75414519263519,-73.9960889518261,40.74964,-73.98805,casual
485926,6635FFA95F403CC6,classic_bike,2022-03-10 09:44:54,2022-03-10 09:48:16,W 35 St & 9 Ave,6569,6 Ave & W 34 St,6364,40.75414519263519,-73.9960889518261,40.74964,-73.98805,member
487286,796CD17FFDA0F939,electric_bike,2022-03-21 18:17:18,2022-03-21 18:21:50,W 36 St & 9 Ave,6569,6 Ave & W 34 St,6364,40.75462324029105,-73.99516761302948,40.74964,-73.98805,member
487287,E9907F623F58F538,classic_bike,2022-03-15 15:23:01,2022-03-15 15:46:06,W 36 St & 9 Ave,6569,Cleveland Pl & Spring St,5492,40.75462324029105,-73.99516761302948,40.722103786686034,-73.99724900722504,member
487299,7818219A1D62769A,classic_bike,2022-03-19 12:36:29,2022-03-19 12:40:32,W 36 St & 9 Ave,6569,6 Ave & W 34 St,6364,40.75462324029105,-73.99516761302948,40.74964,-73.98805,member
487300,B1399F305B7564F3,electric_bike,2022-03-06 12:34:36,2022-03-06 12:38:21,W 36 St & 9 Ave,6569,6 Ave & W 34 St,6364,40.75462324029105,-73.99516761302948,40.74964,-73.98805,member
487301,1CBC4538F66D543F,electric_bike,2022-03-04 14:58:59,2022-03-04 15:20:16,W 36 St & 9 Ave,6569,E 12 St & 3 Ave,5788,40.75462324029105,-73.99516761302948,40.73223272,-73.98889957,member
487734,A413A7B3AA43D0E7,electric_bike,2022-03-15 18:23:59,2022-03-15 18:29:03,W 35 St & Dyer Ave,6569,6 Ave & W 34 St,6364,40.754691750226016,-73.99740189313889,40.74964,-73.98805,member
487736,1074542B8454E2CD,classic_bike,2022-03-07 11:50:00,2022-03-07 11:56:07,W 35 St & Dyer Ave,6569,6 Ave & W 34 St,6364,40.754691750226016,-73.99740189313889,40.74964,-73.98805,member
487737,F92FB24DD2865147,classic_bike,2022-03-01 13:29:20,2022-03-01 13:35:11,W 35 St & Dyer Ave,6569,6 Ave & W 34 St,6364,40.754691750226016,-73.99740189313889,40.74964,-73.98805,member
488430,156A1D5EACAE0B50,classic_bike,2022-03-31 21:37:16,2022-03-31 21:44:16,W 35 St & Dyer Ave,6569,6 Ave & W 34 St,6364,40.754691750226016,-73.99740189313889,40.74964,-73.98805,casual
490731,F2FA42C4B92B8932,classic_bike,2022-03-29 16:06:58,2022-03-29 16:12:46,W 35 St & 9 Ave,6569,6 Ave & W 34 St,6364,40.75414519263519,-73.9960889518261,40.74964,-73.98805,member
490732,EF4B4CB338167717,classic_bike,2022-03-15 16:01:44,2022-03-15 16:07:15,W 35 St & 9 Ave,6569,6 Ave & W 34 St,6364,40.75414519263519,-73.9960889518261,40.74964,-73.98805,member
490736,5366BEF1C15BFA09,electric_bike,2022-03-10 16:46:16,2022-03-10 16:50:18,W 35 St & 9 Ave,6569,6 Ave & W 34 St,6364,40.75414519263519,-73.9960889518261,40.74964,-73.98805,casual
490761,FAF408BB9B513EF6,classic_bike,2022-03-25 20:06:00,2022-03-25 20:12:27,W 35 St & 9 Ave,6569,6 Ave & W 34 St,6364,40.75414519263519,-73.9960889518261,40.74964,-73.98805,member
490762,0BD60652ABDF66D4,classic_bike,2022-03-11 16:10:22,2022-03-11 16:15:13,W 35 St & 9 Ave,6569,6 Ave & W 34 St,6364,40.75414519263519,-73.9960889518261,40.74964,-73.98805,member
490766,F1CC8DC022522557,classic_bike,2022-03-28 09:21:25,2022-03-28 09:25:43,W 35 St & 9 Ave,6569,6 Ave & W 34 St,6364,40.75414519263519,-73.9960889518261,40.74964,-73.98805,member
490782,74ED30EAE9E1FDEC,electric_bike,2022-03-20 16:23:24,2022-03-20 16:28:20,W 35 St & 9 Ave,6569,6 Ave & W 34 St,6364,40.75414519263519,-73.9960889518261,40.74964,-73.98805,member
490784,58CADDF1007DC435,classic_bike,2022-03-17 16:11:58,2022-03-17 16:16:48,W 35 St & 9 Ave,6569,6 Ave & W 34 St,6364,40.75414519263519,-73.9960889518261,40.74964,-73.98805,member
490793,72EDAD51EAB19107,classic_bike,2022-03-10 18:58:36,2022-03-10 19:07:16,W 35 St & 9 Ave,6569,6 Ave & W 34 St,6364,40.75414519263519,-73.9960889518261,40.74964,-73.98805,member
490798,5F6CD762227A5AAC,classic_bike,2022-03-26 13:52:38,2022-03-26 14:03:50,W 35 St & 9 Ave,6569,6 Ave & W 34 St,6364,40.75414519263519,-73.9960889518261,40.74964,-73.98805,member
490799,19B58DD6D724FC07,classic_bike,2022-03-27 09:47:22,2022-03-27 09:53:35,W 35 St & 9 Ave,6569,6 Ave & W 34 St,6364,40.75414519263519,-73.9960889518261,40.74964,-73.98805,member
490815,92E782DE1B218C07,classic_bike,2022-03-20 13:16:16,2022-03-20 13:45:41,W 35 St & 9 Ave,6569,Cleveland Pl & Spring St,5492,40.75414519263519,-73.9960889518261,40.722103786686034,-73.99724900722504,casual
490832,999C5E31BCD60A42,classic_bike,2022-03-08 09:13:51,2022-03-08 09:18:11,W 35 St & 9 Ave,6569,6 Ave & W 34 St,6364,40.75414519263519,-73.9960889518261,40.74964,-73.98805,member
490833,4C99BFA4D11D4F49,electric_bike,2022-03-07 18:21:03,2022-03-07 18:24:03,W 35 St & 9 Ave,6569,6 Ave & W 34 St,6364,40.75414519263519,-73.9960889518261,40.74964,-73.98805,member
490837,82BD96C21D888280,docked_bike,2022-03-31 17:21:30,2022-03-31 17:48:31,W 35 St & 9 Ave,6569,Forsyth St	& Grand St,5382,40.754145,-73.996089,40.717798,-73.993161,casual
490848,A46B88843C69F882,electric_bike,2022-03-18 17:38:47,2022-03-18 17:53:11,W 35 St & 9 Ave,6569,E 12 St & 3 Ave,5788,40.75414519263519,-73.9960889518261,40.73223272,-73.98889957,member
490850,71C8C1B6D326E591,classic_bike,2022-03-18 18:25:01,2022-03-18 18:28:54,W 35 St & 9 Ave,6569,6 Ave & W 34 St,6364,40.75414519263519,-73.9960889518261,40.74964,-73.98805,member
490855,9ADFFEFF433F5B84,classic_bike,2022-03-17 12:58:43,2022-03-17 13:03:56,W 35 St & 9 Ave,6569,6 Ave & W 34 St,6364,40.75414519263519,-73.9960889518261,40.74964,-73.98805,member
490885,AE74F17074C2A4AB,electric_bike,2022-03-24 17:22:48,2022-03-24 17:32:24,W 35 St & 9 Ave,6569,6 Ave & W 34 St,6364,40.75414519263519,-73.9960889518261,40.74964,-73.98805,member
491744,02ADFC414E4025F7,classic_bike,2022-03-15 09:15:04,2022-03-15 09:23:13,W 35 St & 9 Ave,6569,6 Ave & W 34 St,6364,40.75414519263519,-73.9960889518261,40.74964,-73.98805,member
491794,B0C1B23453A5FD77,classic_bike,2022-03-28 18:18:49,2022-03-28 18:22:29,W 35 St & 9 Ave,6569,6 Ave & W 34 St,6364,40.75414519263519,-73.9960889518261,40.74964,-73.98805,member
491795,77FE0DFCD501F592,classic_bike,2022-03-16 17:43:00,2022-03-16 17:47:02,W 35 St & 9 Ave,6569,6 Ave & W 34 St,6364,40.75414519263519,-73.9960889518261,40.74964,-73.98805,member
491827,3FBEE97371755EB6,electric_bike,2022-03-27 00:01:23,2022-03-27 00:04:32,W 35 St & 9 Ave,6569,6 Ave & W 34 St,6364,40.75414519263519,-73.9960889518261,40.74964,-73.98805,casual
491828,2F6B6CEAAFDAF5A8,classic_bike,2022-03-22 18:53:57,2022-03-22 18:59:02,W 35 St & 9 Ave,6569,6 Ave & W 34 St,6364,40.75414519263519,-73.9960889518261,40.74964,-73.98805,member
491875,A9CFB64193C02CDE,docked_bike,2022-03-31 17:20:21,2022-03-31 17:48:31,W 35 St & 9 Ave,6569,Forsyth St	& Grand St,5382,40.754145,-73.996089,40.717798,-73.993161,casual
491876,B170FF34E00AE94F,classic_bike,2022-03-26 23:25:28,2022-03-26 23:29:38,W 35 St & 9 Ave,6569,6 Ave & W 34 St,6364,40.75414519263519,-73.9960889518261,40.74964,-73.98805,member
494978,F522FFDDFA35F34B,electric_bike,2022-03-27 12:06:07,2022-03-27 12:10:09,W 35 St & Dyer Ave,6569,6 Ave & W 34 St,6364,40.754691750226016,-73.99740189313889,40.74964,-73.98805,member
495535,17B377AAAEB1E270,classic_bike,2022-03-22 16:10:32,2022-03-22 16:15:37,W 35 St & 9 Ave,6569,6 Ave & W 34 St,6364,40.75414519263519,-73.9960889518261,40.74964,-73.98805,member
495536,B9A9C14951438C83,electric_bike,2022-03-06 14:23:00,2022-03-06 14:48:44,W 35 St & 9 Ave,6569,Cleveland Pl & Spring St,5492,40.75414519263519,-73.9960889518261,40.722103786686034,-73.99724900722504,member
495554,35D7F870FB7FFB08,electric_bike,2022-03-27 19:15:52,2022-03-27 19:19:21,W 35 St & Dyer Ave,6569,6 Ave & W 34 St,6364,40.754691750226016,-73.99740189313889,40.74964,-73.98805,casual
495560,23C167D9A52D51DC,classic_bike,2022-03-07 12:45:36,2022-03-07 13:11:40,W 35 St & 9 Ave,6569,Cleveland Pl & Spring St,5492,40.75414519263519,-73.9960889518261,40.722103786686034,-73.99724900722504,member
495563,91B1AF7B0E65479A,classic_bike,2022-03-21 14:45:20,2022-03-21 15:05:34,W 35 St & 9 Ave,6569,6 Ave & W 34 St,6364,40.75414519263519,-73.9960889518261,40.74964,-73.98805,casual
495578,A0FCA2270AB2921F,classic_bike,2022-03-13 16:22:44,2022-03-13 16:27:51,W 35 St & 9 Ave,6569,6 Ave & W 34 St,6364,40.75414519263519,-73.9960889518261,40.74964,-73.98805,casual
495830,24A1C32B1834C2A2,classic_bike,2022-03-18 14:44:57,2022-03-18 14:49:21,W 36 St & 9 Ave,6569,6 Ave & W 34 St,6364,40.75462324029105,-73.99516761302948,40.74964,-73.98805,member
495834,F2CEE40A19D57B89,classic_bike,2022-03-26 20:02:06,2022-03-26 20:07:37,W 36 St & 9 Ave,6569,6 Ave & W 34 St,6364,40.75462324029105,-73.99516761302948,40.74964,-73.98805,member
495835,D1CA80F6F932EFD2,classic_bike,2022-03-26 15:58:16,2022-03-26 16:23:37,W 36 St & 9 Ave,6569,E 12 St & 3 Ave,5788,40.75462324029105,-73.99516761302948,40.73223272,-73.98889957,member
495836,A66F5F22A3DBFBF1,classic_bike,2022-03-30 14:10:06,2022-03-30 14:14:12,W 36 St & 9 Ave,6569,6 Ave & W 34 St,6364,40.75462324029105,-73.99516761302948,40.74964,-73.98805,member
496445,D3636DBD68502BBE,electric_bike,2022-03-26 12:45:37,2022-03-26 12:49:37,W 35 St & 9 Ave,6569,6 Ave & W 34 St,6364,40.75414519263519,-73.9960889518261,40.74964,-73.98805,casual
496473,9EDF288D8E17C04C,classic_bike,2022-03-20 11:44:25,2022-03-20 11:49:39,W 35 St & 9 Ave,6569,6 Ave & W 34 St,6364,40.75414519263519,-73.9960889518261,40.74964,-73.98805,member
496500,BFD8D08D39A43EE1,electric_bike,2022-03-03 14:09:18,2022-03-03 14:25:33,W 35 St & 9 Ave,6569,E 12 St & 3 Ave,5788,40.75414519263519,-73.9960889518261,40.73223272,-73.98889957,member
496502,96B7DC7062375BE8,classic_bike,2022-03-11 11:51:26,2022-03-11 11:55:33,W 35 St & 9 Ave,6569,6 Ave & W 34 St,6364,40.75414519263519,-73.9960889518261,40.74964,-73.98805,member
496934,E80258920C06357E,classic_bike,2022-03-31 13:31:02,2022-03-31 13:55:27,W 36 St & 9 Ave,6569,Forsyth St\t& Grand St,5382,40.75462324029105,-73.99516761302948,40.71779817737835,-73.99316132068634,member
496980,3608F03C558693A0,classic_bike,2022-03-17 17:24:59,2022-03-17 17:47:29,W 36 St & 9 Ave,6569,Cleveland Pl & Spring St,5492,40.75462324029105,-73.99516761302948,40.722103786686034,-73.99724900722504,member
496981,758B0A7D6D662300,classic_bike,2022-03-06 22:09:17,2022-03-06 22:34:59,W 36 St & 9 Ave,6569,Cleveland Pl & Spring St,5492,40.75462324029105,-73.99516761302948,40.722103786686034,-73.99724900722504,member
498972,3CF4BF04A519799E,electric_bike,2022-03-03 22:53:53,2022-03-03 23:01:14,W 36 St & 9 Ave,6569,W 24 St & 7 Ave,6257,40.75462324029105,-73.99516761302948,40.74487634,-73.99529885,member
499003,A29D380D6A1C5644,classic_bike,2022-03-06 14:48:22,2022-03-06 14:59:58,W 36 St & 9 Ave,6569,E 48 St & 5 Ave,6626,40.75462324029105,-73.99516761302948,40.75724567911726,-73.97805914282799,member
499005,07CEBF1B26F84B0C,electric_bike,2022-03-12 13:21:24,2022-03-12 13:26:13,W 36 St & 9 Ave,6569,W 24 St & 7 Ave,6257,40.75462324029105,-73.99516761302948,40.74487634,-73.99529885,member
499006,9FBC39015EB9952D,classic_bike,2022-03-19 03:47:49,2022-03-19 04:03:13,W 36 St & 9 Ave,6569,W 24 St & 7 Ave,6257,40.75462324029105,-73.99516761302948,40.74487634,-73.99529885,member
499187,0DC7FF3A2FB717E8,classic_bike,2022-03-26 20:44:47,2022-03-26 21:04:42,W 36 St & 9 Ave,6569,E 48 St & 5 Ave,6626,40.75462324029105,-73.99516761302948,40.75724567911726,-73.97805914282799,casual
500341,9452D7E1C6B1DBE1,electric_bike,2022-03-20 16:41:04,2022-03-20 16:49:08,W 36 St & 9 Ave,6569,W 24 St & 7 Ave,6257,40.75462324029105,-73.99516761302948,40.74487634,-73.99529885,member
500342,DA7A7C2130B68EDC,classic_bike,2022-03-06 15:51:04,2022-03-06 16:50:03,W 36 St & 9 Ave,6569,Madison St & Seneca Ave,4880,40.75462324029105,-73.99516761302948,40.70183,-73.90625,casual
500345,89EF584E84656B26,electric_bike,2022-03-29 09:35:43,2022-03-29 09:41:54,W 36 St & 9 Ave,6569,W 24 St & 7 Ave,6257,40.75462324029105,-73.99516761302948,40.74487634,-73.99529885,casual
500359,48BA7B7576899013,classic_bike,2022-03-16 23:22:05,2022-03-16 23:29:31,W 36 St & 9 Ave,6569,W 24 St & 7 Ave,6257,40.75462324029105,-73.99516761302948,40.74487634,-73.99529885,casual
500382,7291F73FA96BB562,classic_bike,2022-03-18 13:35:19,2022-03-18 15:02:19,W 36 St & 9 Ave,6569,E 89 St & 3 Ave,7265,40.75462324029105,-73.99516761302948,40.7806284,-73.9521667,casual
500383,61EA843D7BC7853C,electric_bike,2022-03-19 12:46:13,2022-03-19 12:51:42,W 36 St & 9 Ave,6569,W 24 St & 7 Ave,6257,40.75462324029105,-73.99516761302948,40.74487634,-73.99529885,casual
501462,2B4E38557439EF11,classic_bike,2022-03-30 19:10:21,2022-03-30 19:19:35,W 35 St & Dyer Ave,6569,W 24 St & 7 Ave,6257,40.754691750226016,-73.99740189313889,40.74487634,-73.99529885,member
501466,28D2A64A43F9B740,classic_bike,2022-03-13 15:21:08,2022-03-13 15:27:37,W 35 St & Dyer Ave,6569,W 24 St & 7 Ave,6257,40.754691750226016,-73.99740189313889,40.74487634,-73.99529885,member
501494,7BE550CB2DA5F2BC,electric_bike,2022-03-10 17:37:18,2022-03-10 17:45:08,W 35 St & Dyer Ave,6569,W 24 St & 7 Ave,6257,40.754691750226016,-73.99740189313889,40.74487634,-73.99529885,member
501513,8BE11100453771E0,classic_bike,2022-03-18 19:34:33,2022-03-18 19:43:50,W 35 St & Dyer Ave,6569,W 24 St & 7 Ave,6257,40.754691750226016,-73.99740189313889,40.74487634,-73.99529885,member
501514,B9ACE03F74A23F71,classic_bike,2022-03-10 18:21:34,2022-03-10 18:28:38,W 35 St & Dyer Ave,6569,W 24 St & 7 Ave,6257,40.754691750226016,-73.99740189313889,40.74487634,-73.99529885,member
501518,82E9B001ADB248A1,classic_bike,2022-03-15 18:52:29,2022-03-15 18:58:32,W 35 St & Dyer Ave,6569,W 24 St & 7 Ave,6257,40.754691750226016,-73.99740189313889,40.74487634,-73.99529885,member
501523,56E93241C783A3E2,electric_bike,2022-03-05 00:00:08,2022-03-05 00:05:06,W 35 St & Dyer Ave,6569,W 24 St & 7 Ave,6257,40.754691750226016,-73.99740189313889,40.74487634,-73.99529885,member
501536,9C454CD12D8D1C9E,classic_bike,2022-03-18 19:33:51,2022-03-18 19:43:32,W 35 St & Dyer Ave,6569,W 24 St & 7 Ave,6257,40.754691750226016,-73.99740189313889,40.74487634,-73.99529885,member
501558,A46CFA238500A8DF,electric_bike,2022-03-15 17:38:39,2022-03-15 18:34:24,W 35 St & Dyer Ave,6569,E 89 St & 3 Ave,7265,40.754691750226016,-73.99740189313889,40.7806284,-73.9521667,member
501565,DB604563BCED2768,classic_bike,2022-03-11 15:32:55,2022-03-11 15:39:06,W 35 St & Dyer Ave,6569,W 24 St & 7 Ave,6257,40.754691750226016,-73.99740189313889,40.74487634,-73.99529885,member
501567,26F4CB72915813A4,electric_bike,2022-03-15 18:06:01,2022-03-15 18:12:13,W 35 St & Dyer Ave,6569,W 24 St & 7 Ave,6257,40.754691750226016,-73.99740189313889,40.74487634,-73.99529885,member
501612,B1970067FA8E6308,classic_bike,2022-03-01 19:14:18,2022-03-01 19:22:31,W 35 St & Dyer Ave,6569,W 24 St & 7 Ave,6257,40.754691750226016,-73.99740189313889,40.74487634,-73.99529885,member
503270,688D18DDF2BEFB64,classic_bike,2022-03-02 16:29:20,2022-03-02 16:38:24,W 35 St & Dyer Ave,6569,W 24 St & 7 Ave,6257,40.754691750226016,-73.99740189313889,40.74487634,-73.99529885,member
503271,E4803A52A121FC07,classic_bike,2022-03-23 19:10:44,2022-03-23 19:22:57,W 35 St & Dyer Ave,6569,W 24 St & 7 Ave,6257,40.754691750226016,-73.99740189313889,40.74487634,-73.99529885,member
503326,039C09162931ED62,classic_bike,2022-03-23 13:55:42,2022-03-23 14:03:31,W 35 St & Dyer Ave,6569,W 24 St & 7 Ave,6257,40.754691750226016,-73.99740189313889,40.74487634,-73.99529885,member
503333,08A9FB2741E3004D,electric_bike,2022-03-29 11:45:33,2022-03-29 12:04:50,W 35 St & Dyer Ave,6569,W 24 St & 7 Ave,6257,40.754691750226016,-73.99740189313889,40.74487634,-73.99529885,casual
504016,267FE2CC18C23ECB,electric_bike,2022-03-10 10:30:53,2022-03-10 10:38:31,W 36 St & 9 Ave,6569,W 24 St & 7 Ave,6257,40.75462324029105,-73.99516761302948,40.74487634,-73.99529885,member
504023,6EC9071B37BC5B36,classic_bike,2022-03-27 14:20:57,2022-03-27 14:29:11,W 36 St & 9 Ave,6569,W 24 St & 7 Ave,6257,40.75462324029105,-73.99516761302948,40.74487634,-73.99529885,member
504028,C367B7A3E1371DEA,electric_bike,2022-03-18 13:15:59,2022-03-18 15:02:22,W 36 St & 9 Ave,6569,E 89 St & 3 Ave,7265,40.75462324029105,-73.99516761302948,40.7806284,-73.9521667,casual
504031,49C1D1F9E98F4C44,classic_bike,2022-03-16 23:21:54,2022-03-16 23:29:29,W 36 St & 9 Ave,6569,W 24 St & 7 Ave,6257,40.75462324029105,-73.99516761302948,40.74487634,-73.99529885,member
504060,3B5056F990AEA3F9,classic_bike,2022-03-03 17:49:36,2022-03-03 17:56:20,W 36 St & 9 Ave,6569,W 24 St & 7 Ave,6257,40.75462324029105,-73.99516761302948,40.74487634,-73.99529885,member
504061,C74903C79E1D4994,electric_bike,2022-03-01 13:45:22,2022-03-01 13:52:17,W 36 St & 9 Ave,6569,W 24 St & 7 Ave,6257,40.75462324029105,-73.99516761302948,40.74487634,-73.99529885,member
504994,C4713B230FB769BF,classic_bike,2022-03-26 20:44:47,2022-03-26 21:04:40,W 36 St & 9 Ave,6569,E 48 St & 5 Ave,6626,40.75462324029105,-73.99516761302948,40.75724567911726,-73.97805914282799,casual
505919,D35921F59D9C539A,classic_bike,2022-03-25 21:00:23,2022-03-25 21:06:51,W 35 St & 9 Ave,6569,W 24 St & 7 Ave,6257,40.75414519263519,-73.9960889518261,40.74487634,-73.99529885,member
505948,784171337F7E87C5,classic_bike,2022-03-04 13:47:12,2022-03-04 13:55:51,W 35 St & 9 Ave,6569,W 24 St & 7 Ave,6257,40.75414519263519,-73.9960889518261,40.74487634,-73.99529885,member
505967,A56EC62AA86A3CAB,classic_bike,2022-03-11 05:57:41,2022-03-11 06:03:46,W 35 St & 9 Ave,6569,W 24 St & 7 Ave,6257,40.75414519263519,-73.9960889518261,40.74487634,-73.99529885,member
505979,B89BD055C44F2A52,classic_bike,2022-03-31 05:50:52,2022-03-31 05:57:34,W 35 St & 9 Ave,6569,W 24 St & 7 Ave,6257,40.75414519263519,-73.9960889518261,40.74487634,-73.99529885,casual
505980,B5E7BE884EDB0546,electric_bike,2022-03-10 07:52:39,2022-03-10 08:00:20,W 35 St & 9 Ave,6569,E 48 St & 5 Ave,6626,40.75414519263519,-73.9960889518261,40.75724567911726,-73.97805914282799,member
505984,DDC06C622D481FAF,classic_bike,2022-03-25 06:23:27,2022-03-25 06:30:23,W 35 St & 9 Ave,6569,W 24 St & 7 Ave,6257,40.75414519263519,-73.9960889518261,40.74487634,-73.99529885,casual
506004,8E2E88B6F288BB60,classic_bike,2022-03-01 22:18:10,2022-03-01 22:39:42,W 35 St & 9 Ave,6569,3 Ave & E 71 St,6960,40.75414519263519,-73.9960889518261,40.76873687,-73.96119945,member
506015,281D39D3483C01DF,electric_bike,2022-03-30 07:34:53,2022-03-30 07:43:35,W 35 St & 9 Ave,6569,E 48 St & 5 Ave,6626,40.75414519263519,-73.9960889518261,40.75724567911726,-73.97805914282799,member
506202,7F5A52EFCBC9D08F,classic_bike,2022-03-19 09:40:54,2022-03-19 09:49:13,W 35 St & 9 Ave,6569,W 24 St & 7 Ave,6257,40.75414519263519,-73.9960889518261,40.74487634,-73.99529885,member
506203,4A5C1E337EC8A671,classic_bike,2022-03-27 11:28:05,2022-03-27 11:36:08,W 35 St & 9 Ave,6569,W 24 St & 7 Ave,6257,40.75414519263519,-73.9960889518261,40.74487634,-73.99529885,member
506222,2CDBEC42E94B08C3,classic_bike,2022-03-14 08:20:04,2022-03-14 08:26:18,W 35 St & 9 Ave,6569,W 24 St & 7 Ave,6257,40.75414519263519,-73.9960889518261,40.74487634,-73.99529885,member
506236,C8F3FFBBCC2C28D0,electric_bike,2022-03-24 07:35:52,2022-03-24 07:45:36,W 35 St & 9 Ave,6569,E 48 St & 5 Ave,6626,40.75414519263519,-73.9960889518261,40.75724567911726,-73.97805914282799,member
506241,DBD42F20EF403E05,classic_bike,2022-03-26 07:30:41,2022-03-26 07:36:33,W 35 St & 9 Ave,6569,W 24 St & 7 Ave,6257,40.75414519263519,-73.9960889518261,40.74487634,-73.99529885,casual
506296,F35A412BA620E842,electric_bike,2022-03-14 07:31:26,2022-03-14 07:40:32,W 35 St & 9 Ave,6569,E 48 St & 5 Ave,6626,40.75414519263519,-73.9960889518261,40.75724567911726,-73.97805914282799,member
506297,210D82477F8FB943,classic_bike,2022-03-21 07:47:56,2022-03-21 07:57:00,W 35 St & 9 Ave,6569,E 48 St & 5 Ave,6626,40.75414519263519,-73.9960889518261,40.75724567911726,-73.97805914282799,member
506298,E9B4DBA72EACEEF2,electric_bike,2022-03-02 07:31:47,2022-03-02 07:40:43,W 35 St & 9 Ave,6569,E 48 St & 5 Ave,6626,40.75414519263519,-73.9960889518261,40.75724567911726,-73.97805914282799,member
506300,0B66FC73E587BB2E,classic_bike,2022-03-07 08:54:46,2022-03-07 09:00:05,W 35 St & 9 Ave,6569,W 24 St & 7 Ave,6257,40.75414519263519,-73.9960889518261,40.74487634,-73.99529885,casual
506418,F4995ABA8E70EC86,electric_bike,2022-03-15 18:07:02,2022-03-15 18:15:11,W 35 St & 9 Ave,6569,W 24 St & 7 Ave,6257,40.75414519263519,-73.9960889518261,40.74487634,-73.99529885,member
506440,DE0D42E9E8948C8E,classic_bike,2022-03-22 07:52:11,2022-03-22 08:03:30,W 35 St & Dyer Ave,6569,E 48 St & 5 Ave,6626,40.754691750226016,-73.99740189313889,40.75724567911726,-73.97805914282799,member
506442,E35824D700C96F15,electric_bike,2022-03-28 17:21:39,2022-03-28 17:48:10,W 35 St & Dyer Ave,6569,E 48 St & 5 Ave,6626,40.754691750226016,-73.99740189313889,40.75724567911726,-73.97805914282799,member
506462,71FE1378BDF3647A,electric_bike,2022-03-04 07:25:55,2022-03-04 07:34:44,W 35 St & Dyer Ave,6569,E 48 St & 5 Ave,6626,40.754691750226016,-73.99740189313889,40.75724567911726,-73.97805914282799,member
506539,3AF2CDA80CBF8972,classic_bike,2022-03-28 07:56:21,2022-03-28 08:02:45,W 36 St & 9 Ave,6569,W 24 St & 7 Ave,6257,40.75462324029105,-73.99516761302948,40.74487634,-73.99529885,member
506540,9DEB910519BFB262,electric_bike,2022-03-02 17:15:09,2022-03-02 17:21:04,W 36 St & 9 Ave,6569,W 24 St & 7 Ave,6257,40.75462324029105,-73.99516761302948,40.74487634,-73.99529885,member
507090,55DBDB3BBF229777,classic_bike,2022-03-18 10:16:44,2022-03-18 10:25:57,W 35 St & 9 Ave,6569,W 24 St & 7 Ave,6257,40.75414519263519,-73.9960889518261,40.74487634,-73.99529885,member
507139,D21BA1DFFC9F0BFE,classic_bike,2022-03-28 09:22:26,2022-03-28 09:34:05,W 35 St & 9 Ave,6569,W 24 St & 7 Ave,6257,40.75414519263519,-73.9960889518261,40.74487634,-73.99529885,member
507171,F03EF0FB60EEBB36,classic_bike,2022-03-16 06:08:26,2022-03-16 06:14:49,W 35 St & 9 Ave,6569,W 24 St & 7 Ave,6257,40.75414519263519,-73.9960889518261,40.74487634,-73.99529885,member
507172,C7056F970BC943D1,classic_bike,2022-03-19 13:04:03,2022-03-19 13:10:17,W 35 St & 9 Ave,6569,W 24 St & 7 Ave,6257,40.75414519263519,-73.9960889518261,40.74487634,-73.99529885,member
507175,91675AE6B495BFFF,electric_bike,2022-03-01 18:26:27,2022-03-01 18:51:14,W 35 St & 9 Ave,6569,E 89 St & 3 Ave,7265,40.75414519263519,-73.9960889518261,40.7806284,-73.9521667,member
507177,EB4C12062EBB7E90,electric_bike,2022-03-07 07:33:45,2022-03-07 07:42:12,W 35 St & 9 Ave,6569,E 48 St & 5 Ave,6626,40.75414519263519,-73.9960889518261,40.75724567911726,-73.97805914282799,member
507178,E21E3E69D08191E2,classic_bike,2022-03-20 21:05:10,2022-03-20 21:11:08,W 35 St & 9 Ave,6569,W 24 St & 7 Ave,6257,40.75414519263519,-73.9960889518261,40.74487634,-73.99529885,member
507267,7A5C73073BE28614,classic_bike,2022-03-23 17:34:33,2022-03-23 17:44:20,W 35 St & 9 Ave,6569,W 24 St & 7 Ave,6257,40.75414519263519,-73.9960889518261,40.74487634,-73.99529885,member
508573,3A00B9B5B905C34C,classic_bike,2022-03-18 16:03:16,2022-03-18 16:11:21,W 36 St & 9 Ave,6569,W 24 St & 7 Ave,6257,40.75462324029105,-73.99516761302948,40.74487634,-73.99529885,member
508574,1E061CF277C4E035,classic_bike,2022-03-13 13:17:54,2022-03-13 13:31:43,W 36 St & 9 Ave,6569,E 48 St & 5 Ave,6626,40.75462324029105,-73.99516761302948,40.75724567911726,-73.97805914282799,casual
508578,B52DF1A2488C7423,electric_bike,2022-03-08 03:39:18,2022-03-08 03:44:10,W 36 St & 9 Ave,6569,W 24 St & 7 Ave,6257,40.75462324029105,-73.99516761302948,40.74487634,-73.99529885,member
510520,6F43051846568DD6,electric_bike,2022-03-27 11:43:12,2022-03-27 11:49:29,W 36 St & 9 Ave,6569,W 24 St & 7 Ave,6257,40.75462324029105,-73.99516761302948,40.74487634,-73.99529885,member
510522,EFF52AE7D3280020,classic_bike,2022-03-11 17:01:40,2022-03-11 17:09:36,W 36 St & 9 Ave,6569,W 24 St & 7 Ave,6257,40.75462324029105,-73.99516761302948,40.74487634,-73.99529885,member
510523,AB1CC7979BA991BA,electric_bike,2022-03-13 15:07:32,2022-03-13 15:15:39,W 36 St & 9 Ave,6569,W 24 St & 7 Ave,6257,40.75462324029105,-73.99516761302948,40.74487634,-73.99529885,member
510597,59C9C8D6B6911D0A,classic_bike,2022-03-02 19:31:36,2022-03-02 19:38:57,W 35 St & 9 Ave,6569,W 24 St & 7 Ave,6257,40.75414519263519,-73.9960889518261,40.74487634,-73.99529885,member
510604,5DAA0BD81E73E639,electric_bike,2022-03-07 17:59:42,2022-03-07 18:07:39,W 35 St & 9 Ave,6569,W 24 St & 7 Ave,6257,40.75414519263519,-73.9960889518261,40.74487634,-73.99529885,member
510605,BB463857C35A92E7,classic_bike,2022-03-20 10:21:00,2022-03-20 10:30:28,W 35 St & 9 Ave,6569,W 24 St & 7 Ave,6257,40.75414519263519,-73.9960889518261,40.74487634,-73.99529885,member
510638,B61B735C68BDB9E0,classic_bike,2022-03-14 18:07:25,2022-03-14 18:14:11,W 35 St & 9 Ave,6569,W 24 St & 7 Ave,6257,40.75414519263519,-73.9960889518261,40.74487634,-73.99529885,member
510639,53729F376F03E92A,classic_bike,2022-03-09 05:51:30,2022-03-09 05:58:09,W 35 St & 9 Ave,6569,W 24 St & 7 Ave,6257,40.75414519263519,-73.9960889518261,40.74487634,-73.99529885,member
510715,B655627109A48E2B,electric_bike,2022-03-08 18:03:30,2022-03-08 18:10:26,W 35 St & 9 Ave,6569,W 24 St & 7 Ave,6257,40.75414519263519,-73.9960889518261,40.74487634,-73.99529885,member
510899,7EDBED46EEBBB455,classic_bike,2022-03-18 05:37:59,2022-03-18 05:44:25,W 35 St & 9 Ave,6569,W 24 St & 7 Ave,6257,40.75414519263519,-73.9960889518261,40.74487634,-73.99529885,member
510940,5120D81BD861C208,classic_bike,2022-03-01 18:05:00,2022-03-01 18:14:10,W 35 St & 9 Ave,6569,W 24 St & 7 Ave,6257,40.75414519263519,-73.9960889518261,40.74487634,-73.99529885,member
511012,4E5AC710F3B383E8,classic_bike,2022-03-10 11:32:57,2022-03-10 11:42:12,W 35 St & 9 Ave,6569,W 24 St & 7 Ave,6257,40.75414519263519,-73.9960889518261,40.74487634,-73.99529885,casual
511285,A5D6855A09A484E5,classic_bike,2022-03-05 09:01:34,2022-03-05 09:23:58,W 35 St & 9 Ave,6569,3 Ave & E 71 St,6960,40.75414519263519,-73.9960889518261,40.76873687,-73.96119945,member
511838,089303AC9F01E856,electric_bike,2022-03-28 14:04:16,2022-03-28 14:14:00,W 35 St & 9 Ave,6569,W 24 St & 7 Ave,6257,40.75414519263519,-73.9960889518261,40.74487634,-73.99529885,member
511842,E09DA013EA0B58AF,classic_bike,2022-03-20 09:10:10,2022-03-20 09:32:57,W 35 St & 9 Ave,6569,3 Ave & E 71 St,6960,40.75414519263519,-73.9960889518261,40.76873687,-73.96119945,member
511911,CF4D8FB7307A3FB2,classic_bike,2022-03-27 07:41:45,2022-03-27 07:47:16,W 35 St & 9 Ave,6569,W 24 St & 7 Ave,6257,40.75414519263519,-73.9960889518261,40.74487634,-73.99529885,casual
512632,B3B328701537BA78,electric_bike,2022-03-17 06:19:34,2022-03-17 06:37:28,W 36 St & 9 Ave,6569,Spring St & Hudson St,5653,40.75462324029105,-73.99516761302948,40.72583996792375,-74.0076532959938,member
512633,D59ADA36BBDD72A1,electric_bike,2022-03-28 13:58:46,2022-03-28 14:02:48,W 36 St & 9 Ave,6569,W 41 St & 8 Ave,6602,40.75462324029105,-73.99516761302948,40.75640548,-73.9900262,member
512636,B012F24D8912ED18,electric_bike,2022-03-10 15:48:39,2022-03-10 15:58:31,W 36 St & 9 Ave,6569,Broadway & W 53 St,6779,40.75462324029105,-73.99516761302948,40.76344058,-73.98268129,member
512639,515598CB4FAC3B64,classic_bike,2022-03-17 07:40:41,2022-03-17 07:44:13,W 36 St & 9 Ave,6569,W 41 St & 8 Ave,6602,40.75462324029105,-73.99516761302948,40.75640548,-73.9900262,member
514210,3C3735447FE82519,classic_bike,2022-03-07 06:33:13,2022-03-07 06:48:57,W 36 St & 9 Ave,6569,Spring St & Hudson St,5653,40.75462324029105,-73.99516761302948,40.72583996792375,-74.0076532959938,member
514757,FCD80C4F7C5C6A57,electric_bike,2022-03-04 18:52:58,2022-03-04 18:59:56,W 36 St & 9 Ave,6569,Broadway & W 53 St,6779,40.75462324029105,-73.99516761302948,40.76344058,-73.98268129,member
514763,9C363709E6CBCDF0,electric_bike,2022-03-07 19:16:42,2022-03-07 19:42:21,W 36 St & 9 Ave,6569,Bayard St & Baxter St,5351,40.75462324029105,-73.99516761302948,40.71602118,-73.99974372,member
515526,519DAE86EF05D9A2,electric_bike,2022-03-21 20:26:21,2022-03-21 20:51:40,W 35 St & Dyer Ave,6569,Bayard St & Baxter St,5351,40.754691750226016,-73.99740189313889,40.71602118,-73.99974372,member
515543,51B71BA64A89278F,classic_bike,2022-03-01 15:55:59,2022-03-01 16:09:04,W 35 St & Dyer Ave,6569,W 41 St & 8 Ave,6602,40.754691750226016,-73.99740189313889,40.75640548,-73.9900262,member
515560,5A7ADEEA538506A0,classic_bike,2022-03-06 15:50:46,2022-03-06 15:59:58,W 35 St & Dyer Ave,6569,Broadway & W 53 St,6779,40.754691750226016,-73.99740189313889,40.76344058,-73.98268129,casual
515618,784BE5A10352A77C,electric_bike,2022-03-30 21:00:48,2022-03-30 21:20:45,W 35 St & Dyer Ave,6569,Bayard St & Baxter St,5351,40.754691750226016,-73.99740189313889,40.71602118,-73.99974372,member
515644,37D73A3D35E4EC98,electric_bike,2022-03-06 11:45:21,2022-03-06 11:51:45,W 35 St & Dyer Ave,6569,Broadway & W 53 St,6779,40.754691750226016,-73.99740189313889,40.76344058,-73.98268129,member
515702,6FBF3C5504F193CB,classic_bike,2022-03-25 10:51:37,2022-03-25 10:56:48,W 35 St & Dyer Ave,6569,W 41 St & 8 Ave,6602,40.754691750226016,-73.99740189313889,40.75640548,-73.9900262,member
516572,3D9DBF14EB66B88E,classic_bike,2022-03-20 09:30:20,2022-03-20 09:35:18,W 35 St & 9 Ave,6569,W 41 St & 8 Ave,6602,40.75414519263519,-73.9960889518261,40.75640548,-73.9900262,casual
517010,66082EF5762D8B2D,classic_bike,2022-03-11 07:01:19,2022-03-11 07:05:42,W 35 St & Dyer Ave,6569,W 41 St & 8 Ave,6602,40.754691750226016,-73.99740189313889,40.75640548,-73.9900262,member
517013,7109DFF07C94F3E2,classic_bike,2022-03-12 07:11:41,2022-03-12 07:15:59,W 35 St & Dyer Ave,6569,W 41 St & 8 Ave,6602,40.754691750226016,-73.99740189313889,40.75640548,-73.9900262,member
517150,32A1FEB7CBE1DD48,classic_bike,2022-03-18 07:08:00,2022-03-18 07:16:30,W 35 St & Dyer Ave,6569,W 41 St & 8 Ave,6602,40.754691750226016,-73.99740189313889,40.75640548,-73.9900262,member
517183,9405B0FE3F6EDBD4,classic_bike,2022-03-30 07:20:57,2022-03-30 07:25:17,W 35 St & Dyer Ave,6569,W 41 St & 8 Ave,6602,40.754691750226016,-73.99740189313889,40.75640548,-73.9900262,member
517184,E1EC638D26C119E5,classic_bike,2022-03-26 07:14:36,2022-03-26 07:18:37,W 35 St & Dyer Ave,6569,W 41 St & 8 Ave,6602,40.754691750226016,-73.99740189313889,40.75640548,-73.9900262,member
517804,AEC6D05671604FB1,electric_bike,2022-03-25 18:43:46,2022-03-25 18:47:23,W 36 St & 9 Ave,6569,W 41 St & 8 Ave,6602,40.75462324029105,-73.99516761302948,40.75640548,-73.9900262,member
517805,F72F8C060BF639C0,classic_bike,2022-03-05 14:27:50,2022-03-05 14:35:46,W 36 St & 9 Ave,6569,W 41 St & 8 Ave,6602,40.75462324029105,-73.99516761302948,40.75640548,-73.9900262,member
519737,E76649BDBE8C048F,electric_bike,2022-03-07 01:13:11,2022-03-07 01:19:24,W 36 St & 9 Ave,6569,W 41 St & 8 Ave,6602,40.75462324029105,-73.99516761302948,40.75640548,-73.9900262,casual
519744,61CE336A77BDE291,electric_bike,2022-03-25 07:46:12,2022-03-25 08:04:33,W 36 St & 9 Ave,6569,Spring St & Hudson St,5653,40.75462324029105,-73.99516761302948,40.72583996792375,-74.0076532959938,casual
519749,09C99C923F753A55,electric_bike,2022-03-16 23:44:12,2022-03-16 23:48:52,W 36 St & 9 Ave,6569,W 41 St & 8 Ave,6602,40.75462324029105,-73.99516761302948,40.75640548,-73.9900262,casual
519762,88861028F697FC04,classic_bike,2022-03-31 14:15:22,2022-03-31 14:23:50,W 36 St & 9 Ave,6569,W 41 St & 8 Ave,6602,40.75462324029105,-73.99516761302948,40.75640548,-73.9900262,member
520232,0081D4C93A1D115A,classic_bike,2022-03-13 10:02:55,2022-03-13 10:21:54,W 35 St & 9 Ave,6569,Spring St & Hudson St,5653,40.75414519263519,-73.9960889518261,40.72583996792375,-74.0076532959938,member
520278,A134F07C0A21CAC5,electric_bike,2022-03-21 11:15:24,2022-03-21 11:22:17,W 35 St & 9 Ave,6569,W 41 St & 8 Ave,6602,40.75414519263519,-73.9960889518261,40.75640548,-73.9900262,member
520505,4431570BB1127279,electric_bike,2022-03-02 13:59:03,2022-03-02 14:02:56,W 35 St & Dyer Ave,6569,W 41 St & 8 Ave,6602,40.754691750226016,-73.99740189313889,40.75640548,-73.9900262,member
520524,4BAB9441D6B50B2A,classic_bike,2022-03-02 07:16:55,2022-03-02 07:20:44,W 35 St & Dyer Ave,6569,W 41 St & 8 Ave,6602,40.754691750226016,-73.99740189313889,40.75640548,-73.9900262,member
520530,D9B90BB9B148B073,classic_bike,2022-03-15 09:10:26,2022-03-15 09:17:47,W 35 St & Dyer Ave,6569,W 41 St & 8 Ave,6602,40.754691750226016,-73.99740189313889,40.75640548,-73.9900262,member
520705,D06426A437BB4277,classic_bike,2022-03-23 07:08:09,2022-03-23 07:12:24,W 35 St & Dyer Ave,6569,W 41 St & 8 Ave,6602,40.754691750226016,-73.99740189313889,40.75640548,-73.9900262,member
521952,15EBBBBDA709E1D4,classic_bike,2022-03-18 07:50:25,2022-03-18 07:54:38,W 36 St & 9 Ave,6569,W 41 St & 8 Ave,6602,40.75462324029105,-73.99516761302948,40.75640548,-73.9900262,member
524792,0DB96E72D57A481E,classic_bike,2022-03-30 16:39:54,2022-03-30 16:54:24,W 36 St & 9 Ave,6569,Broadway & W 53 St,6779,40.75462324029105,-73.99516761302948,40.76344058,-73.98268129,member
524796,84C934C4540F7693,electric_bike,2022-03-26 20:11:48,2022-03-26 20:39:22,W 36 St & 9 Ave,6569,Bayard St & Baxter St,5351,40.75462324029105,-73.99516761302948,40.71602118,-73.99974372,member
524808,13510716A28E4647,electric_bike,2022-03-23 20:04:54,2022-03-23 20:13:02,W 36 St & 9 Ave,6569,W 41 St & 8 Ave,6602,40.75462324029105,-73.99516761302948,40.75640548,-73.9900262,member
524809,593841C0BC594F6C,electric_bike,2022-03-15 18:49:30,2022-03-15 18:58:42,W 36 St & 9 Ave,6569,Broadway & W 53 St,6779,40.75462324029105,-73.99516761302948,40.76344058,-73.98268129,member
524810,F9DB108DF1129537,electric_bike,2022-03-16 05:39:15,2022-03-16 05:49:29,W 36 St & 9 Ave,6569,Spring St & Hudson St,5653,40.75462324029105,-73.99516761302948,40.72583996792375,-74.0076532959938,member
524815,2745D309F6BBA426,classic_bike,2022-03-15 13:01:25,2022-03-15 13:06:39,W 36 St & 9 Ave,6569,W 41 St & 8 Ave,6602,40.75462324029105,-73.99516761302948,40.75640548,-73.9900262,member
525657,2C2797074D0C72DB,classic_bike,2022-03-20 10:19:47,2022-03-20 10:46:10,W 36 St & 9 Ave,6569,Bayard St & Baxter St,5351,40.75462324029105,-73.99516761302948,40.71602118,-73.99974372,member
525687,02EDC420B5FA0C19,electric_bike,2022-03-15 18:08:56,2022-03-15 18:18:54,W 36 St & 9 Ave,6569,W 41 St & 8 Ave,6602,40.75462324029105,-73.99516761302948,40.75640548,-73.9900262,member
528021,76E3FC86D3CC37DE,electric_bike,2022-03-28 11:27:00,2022-03-28 12:07:37,W 35 St & Dyer Ave,6569,Spring St & Hudson St,5653,40.754691750226016,-73.99740189313889,40.72583996792375,-74.0076532959938,member
528334,FFCE0D6EC660C380,classic_bike,2022-03-16 07:09:06,2022-03-16 07:17:29,W 35 St & Dyer Ave,6569,W 41 St & 8 Ave,6602,40.754691750226016,-73.99740189313889,40.75640548,-73.9900262,member
529654,A634603318B8E148,classic_bike,2022-03-22 22:46:21,2022-03-22 22:56:11,W 35 St & 9 Ave,6569,Broadway & W 53 St,6779,40.75414519263519,-73.9960889518261,40.76344058,-73.98268129,member
530940,780A0BF37A8BD0E4,classic_bike,2022-03-11 13:50:10,2022-03-11 13:56:12,W 35 St & 9 Ave,6569,W 41 St & 8 Ave,6602,40.75414519263519,-73.9960889518261,40.75640548,-73.9900262,member
530952,CC55D0732C4CEE12,classic_bike,2022-03-01 18:33:28,2022-03-01 18:36:42,W 35 St & 9 Ave,6569,W 41 St & 8 Ave,6602,40.75414519263519,-73.9960889518261,40.75640548,-73.9900262,member
530967,56DE6CAD8830BE09,electric_bike,2022-03-11 13:54:21,2022-03-11 13:57:34,W 35 St & 9 Ave,6569,W 41 St & 8 Ave,6602,40.75414519263519,-73.9960889518261,40.75640548,-73.9900262,member
531436,79B4E040A94CA00D,classic_bike,2022-03-23 19:32:22,2022-03-23 19:35:32,W 36 St & 9 Ave,6569,W 37 St & 10 Ave,6611,40.75462324029105,-73.99516761302948,40.75660359,-73.9979009,member
531844,33D558159930F242,classic_bike,2022-03-30 07:44:42,2022-03-30 07:48:36,W 35 St & 9 Ave,6569,W 34 St & 11 Ave,6578,40.75414519263519,-73.9960889518261,40.75594159,-74.0021163,member
532019,4824C93D874C8DA4,electric_bike,2022-03-18 11:58:12,2022-03-18 12:09:59,W 35 St & 9 Ave,6569,W 41 St & 8 Ave,6602,40.75414519263519,-73.9960889518261,40.75640548,-73.9900262,member
532072,47BAC817675D14D0,classic_bike,2022-03-19 14:43:05,2022-03-19 14:46:59,W 35 St & 9 Ave,6569,W 41 St & 8 Ave,6602,40.75414519263519,-73.9960889518261,40.75640548,-73.9900262,member
532073,587E40E34A7A562B,classic_bike,2022-03-18 11:32:51,2022-03-18 11:39:25,W 35 St & 9 Ave,6569,W 41 St & 8 Ave,6602,40.75414519263519,-73.9960889518261,40.75640548,-73.9900262,member
532124,A8664CBC8B9B53BB,classic_bike,2022-03-21 18:00:56,2022-03-21 18:03:35,W 35 St & Dyer Ave,6569,W 34 St & 11 Ave,6578,40.754691750226016,-73.99740189313889,40.75594159,-74.0021163,member
532155,966CA6918D309A21,classic_bike,2022-03-24 17:50:27,2022-03-24 17:53:39,W 35 St & Dyer Ave,6569,W 37 St & 10 Ave,6611,40.754691750226016,-73.99740189313889,40.75660359,-73.9979009,member
532175,CAF8190A330E5B41,electric_bike,2022-03-11 10:00:01,2022-03-11 10:01:25,W 35 St & Dyer Ave,6569,W 37 St & 10 Ave,6611,40.754691750226016,-73.99740189313889,40.75660359,-73.9979009,member
532181,FB5002BF0B60C88D,electric_bike,2022-03-22 18:07:05,2022-03-22 18:08:23,W 35 St & Dyer Ave,6569,W 37 St & 10 Ave,6611,40.754691750226016,-73.99740189313889,40.75660359,-73.9979009,member
532186,D75C50463B064977,electric_bike,2022-03-28 16:30:47,2022-03-28 16:34:41,W 35 St & Dyer Ave,6569,W 34 St & 11 Ave,6578,40.754691750226016,-73.99740189313889,40.75594159,-74.0021163,member
532767,AB631936A67CF326,classic_bike,2022-03-14 15:04:56,2022-03-14 16:15:55,W 35 St & Dyer Ave,6569,W 34 St & 11 Ave,6578,40.754691750226016,-73.99740189313889,40.75594159,-74.0021163,casual
533041,E7F80A2490FBD872,classic_bike,2022-03-15 18:10:43,2022-03-15 18:14:26,W 36 St & 9 Ave,6569,W 37 St & 10 Ave,6611,40.75462324029105,-73.99516761302948,40.75660359,-73.9979009,member
533043,0385CB3CDFFF3F49,electric_bike,2022-03-31 18:02:31,2022-03-31 18:05:02,W 36 St & 9 Ave,6569,W 37 St & 10 Ave,6611,40.75462324029105,-73.99516761302948,40.75660359,-73.9979009,member
533044,B6551EA2DE5C3F74,electric_bike,2022-03-03 06:57:04,2022-03-03 06:59:17,W 36 St & 9 Ave,6569,W 37 St & 10 Ave,6611,40.75462324029105,-73.99516761302948,40.75660359,-73.9979009,member
533045,6892C6314117E94A,classic_bike,2022-03-25 17:41:00,2022-03-25 17:46:44,W 36 St & 9 Ave,6569,W 34 St & 11 Ave,6578,40.75462324029105,-73.99516761302948,40.75594159,-74.0021163,casual
533056,39DDC23F5DAA7D09,classic_bike,2022-03-17 06:52:57,2022-03-17 06:54:48,W 36 St & 9 Ave,6569,W 37 St & 10 Ave,6611,40.75462324029105,-73.99516761302948,40.75660359,-73.9979009,member
533058,8E9BAE8DBFF8B981,classic_bike,2022-03-14 19:03:14,2022-03-14 19:06:42,W 36 St & 9 Ave,6569,W 37 St & 10 Ave,6611,40.75462324029105,-73.99516761302948,40.75660359,-73.9979009,member
533059,672EE8CA43CE31E6,electric_bike,2022-03-21 20:14:23,2022-03-21 20:17:02,W 36 St & 9 Ave,6569,W 37 St & 10 Ave,6611,40.75462324029105,-73.99516761302948,40.75660359,-73.9979009,member
533075,03922BD8F90E4CF9,classic_bike,2022-03-25 08:17:48,2022-03-25 08:22:17,W 36 St & 9 Ave,6569,W 34 St & 11 Ave,6578,40.75462324029105,-73.99516761302948,40.75594159,-74.0021163,member
533077,99B3EDF98FD65FD0,electric_bike,2022-03-10 15:49:07,2022-03-10 15:56:26,W 36 St & 9 Ave,6569,W 34 St & 11 Ave,6578,40.75462324029105,-73.99516761302948,40.75594159,-74.0021163,member
533343,207750C6DBBD2DF3,classic_bike,2022-03-13 18:58:39,2022-03-13 19:01:15,W 35 St & 9 Ave,6569,W 37 St & 10 Ave,6611,40.75414519263519,-73.9960889518261,40.75660359,-73.9979009,member
533677,96256A0AEFF66FB7,electric_bike,2022-03-24 19:14:45,2022-03-24 19:16:18,W 35 St & Dyer Ave,6569,W 37 St & 10 Ave,6611,40.754691750226016,-73.99740189313889,40.75660359,-73.9979009,member
533975,32CA8A000BDA9717,classic_bike,2022-03-05 12:36:56,2022-03-05 12:47:05,W 35 St & Dyer Ave,6569,W 37 St & 10 Ave,6611,40.754691750226016,-73.99740189313889,40.75660359,-73.9979009,member
533977,31074EC8C9BF18EE,classic_bike,2022-03-24 05:31:45,2022-03-24 05:33:31,W 35 St & Dyer Ave,6569,W 37 St & 10 Ave,6611,40.754691750226016,-73.99740189313889,40.75660359,-73.9979009,casual
535922,DAA212C591C9842B,classic_bike,2022-03-15 08:20:15,2022-03-15 08:22:45,W 35 St & Dyer Ave,6569,W 34 St & 11 Ave,6578,40.754691750226016,-73.99740189313889,40.75594159,-74.0021163,member
535939,490F14BD72B6CACB,electric_bike,2022-03-21 17:45:40,2022-03-21 17:48:00,W 35 St & Dyer Ave,6569,W 34 St & 11 Ave,6578,40.754691750226016,-73.99740189313889,40.75594159,-74.0021163,member
536135,067FDA0BE4771560,classic_bike,2022-03-22 18:33:23,2022-03-22 18:36:09,W 35 St & 9 Ave,6569,W 34 St & 11 Ave,6578,40.75414519263519,-73.9960889518261,40.75594159,-74.0021163,member
536156,422D2D75F4125640,classic_bike,2022-03-30 07:53:36,2022-03-30 07:56:25,W 35 St & 9 Ave,6569,W 37 St & 10 Ave,6611,40.75414519263519,-73.9960889518261,40.75660359,-73.9979009,member
536159,7D8A184A636A839D,classic_bike,2022-03-20 11:27:37,2022-03-20 11:30:26,W 35 St & 9 Ave,6569,W 37 St & 10 Ave,6611,40.75414519263519,-73.9960889518261,40.75660359,-73.9979009,member
536160,660AFA586D58C174,classic_bike,2022-03-04 08:12:19,2022-03-04 08:14:49,W 35 St & 9 Ave,6569,W 37 St & 10 Ave,6611,40.75414519263519,-73.9960889518261,40.75660359,-73.9979009,member
536163,0801B6B549A42B44,classic_bike,2022-03-16 08:06:23,2022-03-16 08:09:11,W 35 St & 9 Ave,6569,W 37 St & 10 Ave,6611,40.75414519263519,-73.9960889518261,40.75660359,-73.9979009,member
536199,032F270009CB2DEF,classic_bike,2022-03-08 07:52:53,2022-03-08 07:55:05,W 35 St & 9 Ave,6569,W 37 St & 10 Ave,6611,40.75414519263519,-73.9960889518261,40.75660359,-73.9979009,member
536342,B9A2905FD83930EB,classic_bike,2022-03-14 15:04:01,2022-03-14 16:16:16,W 35 St & Dyer Ave,6569,W 34 St & 11 Ave,6578,40.754691750226016,-73.99740189313889,40.75594159,-74.0021163,casual
536551,DCD7047836F60604,classic_bike,2022-03-08 09:13:10,2022-03-08 09:18:51,W 35 St & 9 Ave,6569,W 34 St & 11 Ave,6578,40.75414519263519,-73.9960889518261,40.75594159,-74.0021163,member
536554,792F9B1169272963,electric_bike,2022-03-26 14:51:36,2022-03-26 14:53:19,W 35 St & 9 Ave,6569,W 37 St & 10 Ave,6611,40.75414519263519,-73.9960889518261,40.75660359,-73.9979009,member
536572,CDDDE264C618F5FF,classic_bike,2022-03-31 08:54:39,2022-03-31 08:56:51,W 35 St & 9 Ave,6569,W 34 St & 11 Ave,6578,40.75414519263519,-73.9960889518261,40.75594159,-74.0021163,member
536578,1848F37C6612E6FF,classic_bike,2022-03-03 14:16:03,2022-03-03 14:18:47,W 35 St & 9 Ave,6569,W 37 St & 10 Ave,6611,40.75414519263519,-73.9960889518261,40.75660359,-73.9979009,member
536675,50C9172ABA3A2609,classic_bike,2022-03-11 05:03:14,2022-03-11 05:04:27,W 35 St & Dyer Ave,6569,W 37 St & 10 Ave,6611,40.754691750226016,-73.99740189313889,40.75660359,-73.9979009,member
538497,8814F9D4EAFDB0CE,electric_bike,2022-03-10 06:51:43,2022-03-10 06:53:01,W 36 St & 9 Ave,6569,W 37 St & 10 Ave,6611,40.75462324029105,-73.99516761302948,40.75660359,-73.9979009,member
538500,634536C03F6A0F76,electric_bike,2022-03-30 06:57:50,2022-03-30 06:59:20,W 36 St & 9 Ave,6569,W 37 St & 10 Ave,6611,40.75462324029105,-73.99516761302948,40.75660359,-73.9979009,member
538501,D9D7F8A7E5376115,classic_bike,2022-03-31 09:04:45,2022-03-31 09:09:14,W 36 St & 9 Ave,6569,W 34 St & 11 Ave,6578,40.75462324029105,-73.99516761302948,40.75594159,-74.0021163,member
538504,04F98270B2F0282A,classic_bike,2022-03-25 15:41:58,2022-03-25 15:55:45,W 36 St & 9 Ave,6569,W 34 St & 11 Ave,6578,40.75462324029105,-73.99516761302948,40.75594159,-74.0021163,casual
538517,F80A4699B1A5274A,classic_bike,2022-03-21 06:37:49,2022-03-21 06:39:26,W 36 St & 9 Ave,6569,W 37 St & 10 Ave,6611,40.75462324029105,-73.99516761302948,40.75660359,-73.9979009,member
538518,BB6E5D93C3AFAC1E,classic_bike,2022-03-23 17:20:51,2022-03-23 17:23:53,W 36 St & 9 Ave,6569,W 37 St & 10 Ave,6611,40.75462324029105,-73.99516761302948,40.75660359,-73.9979009,member
538796,86FC390A101451CC,classic_bike,2022-03-15 08:44:21,2022-03-15 08:46:11,W 35 St & 9 Ave,6569,W 37 St & 10 Ave,6611,40.75414519263519,-73.9960889518261,40.75660359,-73.9979009,member
538799,5AE536CFBADD47AF,electric_bike,2022-03-24 16:20:18,2022-03-24 16:22:11,W 35 St & 9 Ave,6569,W 37 St & 10 Ave,6611,40.75414519263519,-73.9960889518261,40.75660359,-73.9979009,member
538806,FE1635B762FB8986,classic_bike,2022-03-15 17:36:54,2022-03-15 17:41:42,W 35 St & 9 Ave,6569,W 34 St & 11 Ave,6578,40.75414519263519,-73.9960889518261,40.75594159,-74.0021163,casual
538808,551D197BDA9D7FC6,electric_bike,2022-03-01 14:42:07,2022-03-01 14:49:32,W 35 St & 9 Ave,6569,W 34 St & 11 Ave,6578,40.75414519263519,-73.9960889518261,40.75594159,-74.0021163,casual
538810,71515B33CE216E80,classic_bike,2022-03-28 14:01:14,2022-03-28 14:03:47,W 35 St & 9 Ave,6569,W 37 St & 10 Ave,6611,40.75414519263519,-73.9960889518261,40.75660359,-73.9979009,member
538811,80D18B0EA5BAE13D,classic_bike,2022-03-31 19:25:53,2022-03-31 19:29:30,W 35 St & 9 Ave,6569,W 37 St & 10 Ave,6611,40.75414519263519,-73.9960889518261,40.75660359,-73.9979009,member
538865,593E1168E49373E1,classic_bike,2022-03-18 18:25:12,2022-03-18 18:28:04,W 35 St & 9 Ave,6569,W 37 St & 10 Ave,6611,40.75414519263519,-73.9960889518261,40.75660359,-73.9979009,member
539081,49C5594E212A9FED,electric_bike,2022-03-27 13:29:54,2022-03-27 13:32:57,W 35 St & 9 Ave,6569,W 37 St & 10 Ave,6611,40.75414519263519,-73.9960889518261,40.75660359,-73.9979009,member
539331,90C51FF22F46CE08,electric_bike,2022-03-27 07:03:50,2022-03-27 07:41:14,W 36 St & 9 Ave,6569,W 34 St & 11 Ave,6578,40.75462324029105,-73.99516761302948,40.75594159,-74.0021163,casual
540038,D950ED44B76E8E32,classic_bike,2022-03-17 07:15:43,2022-03-17 07:16:55,W 35 St & Dyer Ave,6569,W 37 St & 10 Ave,6611,40.754691750226016,-73.99740189313889,40.75660359,-73.9979009,member
540096,0E2FEA16FA0B3813,classic_bike,2022-03-08 07:18:10,2022-03-08 07:20:12,W 35 St & Dyer Ave,6569,W 34 St & 11 Ave,6578,40.754691750226016,-73.99740189313889,40.75594159,-74.0021163,member
540187,2B836062E53A829A,classic_bike,2022-03-08 07:11:06,2022-03-08 07:16:41,W 36 St & 9 Ave,6569,W 34 St & 11 Ave,6578,40.75462324029105,-73.99516761302948,40.75594159,-74.0021163,member
540188,2049ED506CB2306E,electric_bike,2022-03-04 06:53:58,2022-03-04 06:55:17,W 36 St & 9 Ave,6569,W 37 St & 10 Ave,6611,40.75462324029105,-73.99516761302948,40.75660359,-73.9979009,member
540189,4B2438894B82FE2D,classic_bike,2022-03-10 07:51:17,2022-03-10 07:55:31,W 36 St & 9 Ave,6569,W 34 St & 11 Ave,6578,40.75462324029105,-73.99516761302948,40.75594159,-74.0021163,member
540190,0EC178E1DDD1E82B,classic_bike,2022-03-25 17:40:49,2022-03-25 17:46:36,W 36 St & 9 Ave,6569,W 34 St & 11 Ave,6578,40.75462324029105,-73.99516761302948,40.75594159,-74.0021163,casual
540191,CABD0145A6DC99B8,classic_bike,2022-03-01 11:43:03,2022-03-01 12:08:40,W 36 St & 9 Ave,6569,W 37 St & 10 Ave,6611,40.75462324029105,-73.99516761302948,40.75660359,-73.9979009,member
540192,8BDB8BB926A9914A,classic_bike,2022-03-23 14:10:08,2022-03-23 15:00:35,W 36 St & 9 Ave,6569,W 37 St & 10 Ave,6611,40.75462324029105,-73.99516761302948,40.75660359,-73.9979009,casual
540195,2C24C1503065F0D7,electric_bike,2022-03-13 01:50:57,2022-03-13 01:54:38,W 36 St & 9 Ave,6569,W 37 St & 10 Ave,6611,40.75462324029105,-73.99516761302948,40.75660359,-73.9979009,member
540197,28DE55AEFA9662E7,classic_bike,2022-03-23 18:17:25,2022-03-23 18:34:40,W 36 St & 9 Ave,6569,E 68 St & 3 Ave,6896,40.75462324029105,-73.99516761302948,40.76712840349542,-73.96224617958069,member
540198,C2E3A91BBC3926C5,classic_bike,2022-03-02 14:39:16,2022-03-02 14:45:58,W 36 St & 9 Ave,6569,W 34 St & 11 Ave,6578,40.75462324029105,-73.99516761302948,40.75594159,-74.0021163,casual
540201,F69117DD61DDA858,classic_bike,2022-03-05 18:15:40,2022-03-05 18:17:36,W 36 St & 9 Ave,6569,W 37 St & 10 Ave,6611,40.75462324029105,-73.99516761302948,40.75660359,-73.9979009,member
540205,5F3D7BA159AAE1C9,classic_bike,2022-03-02 17:14:38,2022-03-02 17:17:16,W 36 St & 9 Ave,6569,W 37 St & 10 Ave,6611,40.75462324029105,-73.99516761302948,40.75660359,-73.9979009,member
540865,0C633061D2610076,classic_bike,2022-03-10 12:00:57,2022-03-10 12:02:54,W 35 St & 9 Ave,6569,W 37 St & 10 Ave,6611,40.75414519263519,-73.9960889518261,40.75660359,-73.9979009,member
540866,0753EF9C6E989765,classic_bike,2022-03-15 07:18:43,2022-03-15 07:20:56,W 35 St & 9 Ave,6569,W 37 St & 10 Ave,6611,40.75414519263519,-73.9960889518261,40.75660359,-73.9979009,member
540868,09456A3239BAC8EA,classic_bike,2022-03-30 07:50:40,2022-03-30 07:52:44,W 35 St & 9 Ave,6569,W 37 St & 10 Ave,6611,40.75414519263519,-73.9960889518261,40.75660359,-73.9979009,member
540872,6A240BAE99C7658C,classic_bike,2022-03-16 10:55:56,2022-03-16 10:58:37,W 35 St & 9 Ave,6569,W 34 St & 11 Ave,6578,40.75414519263519,-73.9960889518261,40.75594159,-74.0021163,member
540878,EB7C14929F95043C,classic_bike,2022-03-12 12:58:44,2022-03-12 13:01:19,W 35 St & 9 Ave,6569,W 37 St & 10 Ave,6611,40.75414519263519,-73.9960889518261,40.75660359,-73.9979009,member
540881,810C6D8CAAB2AE44,electric_bike,2022-03-01 17:22:58,2022-03-01 17:41:54,W 35 St & 9 Ave,6569,W 37 St & 10 Ave,6611,40.75414519263519,-73.9960889518261,40.75660359,-73.9979009,member
540882,239E009980CFA665,classic_bike,2022-03-18 13:52:41,2022-03-18 13:55:08,W 35 St & 9 Ave,6569,W 37 St & 10 Ave,6611,40.75414519263519,-73.9960889518261,40.75660359,-73.9979009,member
540885,BFE9DEA28E060E16,classic_bike,2022-03-01 07:54:27,2022-03-01 07:56:57,W 35 St & 9 Ave,6569,W 37 St & 10 Ave,6611,40.75414519263519,-73.9960889518261,40.75660359,-73.9979009,member
540887,CCD4E9CE8D3BCC10,classic_bike,2022-03-21 16:38:19,2022-03-21 16:41:24,W 35 St & 9 Ave,6569,W 37 St & 10 Ave,6611,40.75414519263519,-73.9960889518261,40.75660359,-73.9979009,member
540898,0238949190D5E39B,classic_bike,2022-03-22 08:04:34,2022-03-22 08:06:41,W 35 St & 9 Ave,6569,W 37 St & 10 Ave,6611,40.75414519263519,-73.9960889518261,40.75660359,-73.9979009,member
540901,B271125121F4E566,classic_bike,2022-03-14 08:17:59,2022-03-14 08:20:31,W 35 St & 9 Ave,6569,W 37 St & 10 Ave,6611,40.75414519263519,-73.9960889518261,40.75660359,-73.9979009,member
540908,7908F53535891967,classic_bike,2022-03-11 22:08:10,2022-03-11 22:10:29,W 35 St & 9 Ave,6569,W 37 St & 10 Ave,6611,40.75414519263519,-73.9960889518261,40.75660359,-73.9979009,member
540913,DC1B54B7C853A51D,classic_bike,2022-03-25 23:30:45,2022-03-25 23:32:32,W 35 St & 9 Ave,6569,W 37 St & 10 Ave,6611,40.75414519263519,-73.9960889518261,40.75660359,-73.9979009,member
540916,7209C59456B0AB67,classic_bike,2022-03-08 07:53:22,2022-03-08 07:56:48,W 35 St & 9 Ave,6569,W 34 St & 11 Ave,6578,40.75414519263519,-73.9960889518261,40.75594159,-74.0021163,member
540917,FE7F9CB8AA33FD37,classic_bike,2022-03-21 17:11:54,2022-03-21 17:17:49,W 35 St & 9 Ave,6569,W 34 St & 11 Ave,6578,40.75414519263519,-73.9960889518261,40.75594159,-74.0021163,member
540921,AE95F63B792B97AC,classic_bike,2022-03-31 14:02:42,2022-03-31 14:06:26,W 35 St & 9 Ave,6569,W 34 St & 11 Ave,6578,40.75414519263519,-73.9960889518261,40.75594159,-74.0021163,member
540923,0F31BBF23E064724,classic_bike,2022-03-11 16:28:45,2022-03-11 16:31:07,W 35 St & 9 Ave,6569,W 37 St & 10 Ave,6611,40.75414519263519,-73.9960889518261,40.75660359,-73.9979009,member
540928,CBC989428D5F4427,electric_bike,2022-03-02 14:52:22,2022-03-02 15:25:09,W 35 St & 9 Ave,6569,W 37 St & 10 Ave,6611,40.75414519263519,-73.9960889518261,40.75660359,-73.9979009,member
540930,FDD95D1063B98F9E,classic_bike,2022-03-04 02:48:55,2022-03-04 02:51:02,W 35 St & 9 Ave,6569,W 37 St & 10 Ave,6611,40.75414519263519,-73.9960889518261,40.75660359,-73.9979009,member
540933,DB814EEF188A92A2,electric_bike,2022-03-26 14:49:20,2022-03-26 14:51:54,W 35 St & 9 Ave,6569,W 34 St & 11 Ave,6578,40.75414519263519,-73.9960889518261,40.75594159,-74.0021163,member
541176,44125665CCF7D4A8,classic_bike,2022-03-29 13:52:17,2022-03-29 13:53:59,W 35 St & 9 Ave,6569,W 37 St & 10 Ave,6611,40.75414519263519,-73.9960889518261,40.75660359,-73.9979009,member
541181,4B317465C079B500,classic_bike,2022-03-30 11:41:09,2022-03-30 11:43:21,W 35 St & 9 Ave,6569,W 37 St & 10 Ave,6611,40.75414519263519,-73.9960889518261,40.75660359,-73.9979009,member
541278,BF3AA2F5AEA7C72F,electric_bike,2022-03-16 06:51:53,2022-03-16 06:53:10,W 36 St & 9 Ave,6569,W 37 St & 10 Ave,6611,40.75462324029105,-73.99516761302948,40.75660359,-73.9979009,member
541918,92FC33612D387177,classic_bike,2022-03-07 00:51:49,2022-03-07 00:54:16,W 36 St & 9 Ave,6569,W 37 St & 10 Ave,6611,40.75462324029105,-73.99516761302948,40.75660359,-73.9979009,member
542052,354D3F1D04643138,electric_bike,2022-03-01 19:20:14,2022-03-01 19:22:01,W 35 St & 9 Ave,6569,W 37 St & 10 Ave,6611,40.75414519263519,-73.9960889518261,40.75660359,-73.9979009,member
545083,3D389EE0CCDA9CF2,electric_bike,2022-03-17 17:13:45,2022-03-17 18:00:39,W 35 St & 9 Ave,6569,Fulton St & Waverly Ave,4345,40.75414519263519,-73.9960889518261,40.68323865460341,-73.96599590778351,member
546779,C49231AEE4BE338B,electric_bike,2022-03-16 22:28:55,2022-03-16 22:50:06,W 36 St & 9 Ave,6569,Fulton St & Broadway,5175,40.75462324029105,-73.99516761302948,40.711066,-74.009447,casual
547430,421BA970D99CA204,classic_bike,2022-03-14 22:18:20,2022-03-14 23:04:11,W 36 St & 9 Ave,6569,Driggs Ave & N 9 St,5411,40.75462324029105,-73.99516761302948,40.71816969454208,-73.95520135760307,member
548271,368762DF92D40281,electric_bike,2022-03-10 13:41:47,2022-03-10 14:42:27,W 35 St & 9 Ave,6569,Fulton St & Broadway,5175,40.75414519263519,-73.9960889518261,40.711066,-74.009447,member
550522,73EAA300E90F9B95,electric_bike,2022-03-25 10:11:10,2022-03-25 10:38:56,W 35 St & 9 Ave,6569,Driggs Ave & N 9 St,5411,40.75414519263519,-73.9960889518261,40.71816969454208,-73.95520135760307,casual
550560,B2D2B7DFF9D19CD5,electric_bike,2022-03-16 12:16:34,2022-03-16 12:46:33,W 35 St & 9 Ave,6569,Fulton St & Broadway,5175,40.75414519263519,-73.9960889518261,40.711066,-74.009447,casual
551867,85555666F78A2043,classic_bike,2022-03-08 18:28:02,2022-03-08 18:43:46,W 36 St & 9 Ave,6569,Columbus Ave & W 72 St,7175,40.75462324029105,-73.99516761302948,40.7770575,-73.97898475,member
557677,0B6E38CF4DB5A574,electric_bike,2022-03-29 18:15:49,2022-03-29 18:27:58,W 36 St & 9 Ave,6569,Columbus Ave & W 72 St,7175,40.75462324029105,-73.99516761302948,40.7770575,-73.97898475,member
557680,82D12BAAA288769F,electric_bike,2022-03-06 12:12:18,2022-03-06 12:44:41,W 36 St & 9 Ave,6569,Columbus Ave & W 72 St,7175,40.75462324029105,-73.99516761302948,40.7770575,-73.97898475,casual
559155,2C10DA97EE7B66CA,electric_bike,2022-03-30 18:31:43,2022-03-30 18:44:22,W 36 St & 9 Ave,6569,Columbus Ave & W 72 St,7175,40.75462324029105,-73.99516761302948,40.7770575,-73.97898475,member
559156,ABF8D805C3F480EA,electric_bike,2022-03-15 16:33:10,2022-03-15 16:44:14,W 36 St & 9 Ave,6569,Columbus Ave & W 72 St,7175,40.75462324029105,-73.99516761302948,40.7770575,-73.97898475,member
559192,9E0E1968A19290CB,classic_bike,2022-03-16 19:09:03,2022-03-16 19:25:22,W 36 St & 9 Ave,6569,Columbus Ave & W 72 St,7175,40.75462324029105,-73.99516761302948,40.7770575,-73.97898475,member
562881,5048335E17AF30BB,electric_bike,2022-03-15 19:41:57,2022-03-15 19:59:34,W 35 St & 9 Ave,6569,E 78 St & 2 Ave,7057,40.75414519263519,-73.9960889518261,40.7727966,-73.95577801,casual
563388,5F75FE68C55728CC,classic_bike,2022-03-14 19:43:35,2022-03-14 19:58:57,W 35 St & Dyer Ave,6569,Watts St & Greenwich St,5578,40.754691750226016,-73.99740189313889,40.72405549,-74.00965965,member
564228,2ACDCE2A10B2F59D,classic_bike,2022-03-15 15:20:29,2022-03-15 15:41:46,W 36 St & 9 Ave,6569,North Moore St & Greenwich St,5470,40.75462324029105,-73.99516761302948,40.72019521437465,-74.0103006362915,member
564229,F77C41A3CBBFD0CD,classic_bike,2022-03-28 07:46:03,2022-03-28 08:15:15,W 36 St & 9 Ave,6569,North Moore St & Greenwich St,5470,40.75462324029105,-73.99516761302948,40.72019521437465,-74.0103006362915,member
567574,799092EF9280FCC9,electric_bike,2022-03-21 13:56:41,2022-03-21 14:10:29,W 35 St & 9 Ave,6569,W 76 St & Columbus Ave,7281,40.75414519263519,-73.9960889518261,40.7801839724239,-73.97728532552719,member
567593,69CD0999947AE5A0,electric_bike,2022-03-21 17:53:23,2022-03-21 18:14:03,W 35 St & 9 Ave,6569,North Moore St & Greenwich St,5470,40.75414519263519,-73.9960889518261,40.72019521437465,-74.0103006362915,casual
568745,9DE34555E863CD2C,classic_bike,2022-03-31 18:57:43,2022-03-31 19:23:59,W 35 St & 9 Ave,6569,Ave A & E 11 St,5703,40.75414519263519,-73.9960889518261,40.72854745023944,-73.98175925016403,member
572895,8788F3A24916264B,electric_bike,2022-03-11 09:30:47,2022-03-11 09:53:38,W 35 St & 9 Ave,6569,North Moore St & Greenwich St,5470,40.75414519263519,-73.9960889518261,40.72019521437465,-74.0103006362915,member
572950,6F50A3B6AE469479,classic_bike,2022-03-20 11:25:51,2022-03-20 11:52:15,W 35 St & 9 Ave,6569,North Moore St & Greenwich St,5470,40.75414519263519,-73.9960889518261,40.72019521437465,-74.0103006362915,casual
572963,5DF73EF029164363,classic_bike,2022-03-20 11:27:36,2022-03-20 11:52:21,W 35 St & 9 Ave,6569,North Moore St & Greenwich St,5470,40.75414519263519,-73.9960889518261,40.72019521437465,-74.0103006362915,member
577352,C2000AA6B2B0DACC,classic_bike,2022-03-14 16:51:56,2022-03-14 17:10:22,W 35 St & 9 Ave,6569,Riverside Blvd & W 67 St,7183,40.75414519263519,-73.9960889518261,40.777507027547976,-73.98888587951659,casual
578024,F7AFECA120885B59,classic_bike,2022-03-25 19:46:50,2022-03-25 20:12:37,W 35 St & Dyer Ave,6569,1 Ave & E 68 St,6822,40.754691750226016,-73.99740189313889,40.76500525,-73.95818491,member
578029,830603270E1F7B9F,classic_bike,2022-03-22 08:34:56,2022-03-22 08:56:35,W 35 St & Dyer Ave,6569,1 Ave & E 68 St,6822,40.754691750226016,-73.99740189313889,40.76500525,-73.95818491,member
578041,4CCBB5FBC452583F,classic_bike,2022-03-02 12:56:45,2022-03-02 13:05:36,W 35 St & Dyer Ave,6569,Madison Ave & E 26 St,6131,40.754691750226016,-73.99740189313889,40.742684734875695,-73.98671329021454,casual
578043,4A1606058A450DA9,classic_bike,2022-03-28 08:41:26,2022-03-28 09:04:21,W 35 St & Dyer Ave,6569,1 Ave & E 68 St,6822,40.754691750226016,-73.99740189313889,40.76500525,-73.95818491,member
579431,5AE4B66ADC722FEA,classic_bike,2022-03-10 08:19:27,2022-03-10 08:40:34,W 35 St & Dyer Ave,6569,1 Ave & E 68 St,6822,40.754691750226016,-73.99740189313889,40.76500525,-73.95818491,member
579443,A8BBDACDC0EC3EBD,docked_bike,2022-03-22 12:02:13,2022-03-22 12:24:26,W 35 St & Dyer Ave,6569,1 Ave & E 68 St,6822,40.754692,-73.997402,40.765005,-73.958185,casual
579554,B9BF90FF481EF086,electric_bike,2022-03-06 14:43:02,2022-03-06 14:53:23,W 36 St & 9 Ave,6569,Madison Ave & E 26 St,6131,40.75462324029105,-73.99516761302948,40.742684734875695,-73.98671329021454,member
579573,88FA68341196F6F8,electric_bike,2022-03-11 06:43:18,2022-03-11 06:50:36,W 36 St & 9 Ave,6569,Madison Ave & E 26 St,6131,40.75462324029105,-73.99516761302948,40.742684734875695,-73.98671329021454,member
579575,F86EBB3C5E3F5716,electric_bike,2022-03-30 06:24:40,2022-03-30 06:30:59,W 36 St & 9 Ave,6569,Madison Ave & E 26 St,6131,40.75462324029105,-73.99516761302948,40.742684734875695,-73.98671329021454,member
579576,6DC3662EB822FEDF,classic_bike,2022-03-15 18:43:09,2022-03-15 18:58:06,W 36 St & 9 Ave,6569,W 74 St & Columbus Ave,7230,40.75462324029105,-73.99516761302948,40.7785669,-73.97754961,member
579578,6E2CB128BC7D26E9,electric_bike,2022-03-28 06:34:11,2022-03-28 06:43:15,W 36 St & 9 Ave,6569,Madison Ave & E 26 St,6131,40.75462324029105,-73.99516761302948,40.742684734875695,-73.98671329021454,member
579579,39BF97FC975E37BB,electric_bike,2022-03-22 06:36:05,2022-03-22 06:44:38,W 36 St & 9 Ave,6569,Madison Ave & E 26 St,6131,40.75462324029105,-73.99516761302948,40.742684734875695,-73.98671329021454,member
579589,D8B64945E3E5FB06,classic_bike,2022-03-10 18:24:10,2022-03-10 18:53:50,W 36 St & 9 Ave,6569,1 Ave & E 68 St,6822,40.75462324029105,-73.99516761302948,40.76500525,-73.95818491,member
580249,78C5C35C4E8B99DB,classic_bike,2022-03-01 15:55:25,2022-03-01 16:19:53,W 35 St & 9 Ave,6569,1 Ave & E 68 St,6822,40.75414519263519,-73.9960889518261,40.76500525,-73.95818491,member
581398,7A16D48166267A55,electric_bike,2022-03-16 06:12:04,2022-03-16 06:28:17,W 36 St & 9 Ave,6569,1 Ave & E 68 St,6822,40.75462324029105,-73.99516761302948,40.76500525,-73.95818491,member
581400,C1A1FA5A65C1E561,electric_bike,2022-03-16 06:34:33,2022-03-16 06:41:16,W 36 St & 9 Ave,6569,Madison Ave & E 26 St,6131,40.75462324029105,-73.99516761302948,40.742684734875695,-73.98671329021454,member
583499,74693539EF5A079C,classic_bike,2022-03-16 09:01:51,2022-03-16 09:24:20,W 36 St & 9 Ave,6569,W 74 St & Columbus Ave,7230,40.75462324029105,-73.99516761302948,40.7785669,-73.97754961,member
583603,E1E5783D2DB82BC1,classic_bike,2022-03-04 19:38:02,2022-03-04 19:57:32,W 36 St & 9 Ave,6569,1 Ave & E 68 St,6822,40.75462324029105,-73.99516761302948,40.76500525,-73.95818491,member
584059,4EA503D09013E1ED,classic_bike,2022-03-30 16:50:43,2022-03-30 17:03:29,W 35 St & 9 Ave,6569,Riverside Blvd & W 67 St,7183,40.75414519263519,-73.9960889518261,40.777507027547976,-73.98888587951659,member
584070,FE6F2B2236D152CF,electric_bike,2022-03-14 12:34:37,2022-03-14 12:43:25,W 35 St & 9 Ave,6569,Madison Ave & E 26 St,6131,40.75414519263519,-73.9960889518261,40.742684734875695,-73.98671329021454,member
584085,6023E8412A213520,electric_bike,2022-03-09 13:56:30,2022-03-09 14:07:38,W 35 St & 9 Ave,6569,Riverside Blvd & W 67 St,7183,40.75414519263519,-73.9960889518261,40.777507027547976,-73.98888587951659,member
584104,E8928EE8276FB710,classic_bike,2022-03-15 15:31:45,2022-03-15 15:45:39,W 35 St & 9 Ave,6569,Riverside Blvd & W 67 St,7183,40.75414519263519,-73.9960889518261,40.777507027547976,-73.98888587951659,member
584105,AE6C2B1F087C3D60,classic_bike,2022-03-16 15:25:56,2022-03-16 15:38:01,W 35 St & 9 Ave,6569,Riverside Blvd & W 67 St,7183,40.75414519263519,-73.9960889518261,40.777507027547976,-73.98888587951659,member
584109,26BC10EB7364C16B,electric_bike,2022-03-07 09:43:42,2022-03-07 10:08:27,W 35 St & 9 Ave,6569,1 Ave & E 68 St,6822,40.75414519263519,-73.9960889518261,40.76500525,-73.95818491,member
584117,0E430D5AB93D93C7,classic_bike,2022-03-08 17:09:19,2022-03-08 17:23:25,W 35 St & 9 Ave,6569,Madison Ave & E 26 St,6131,40.75414519263519,-73.9960889518261,40.742684734875695,-73.98671329021454,member
584124,62FDA874A22F6C6D,electric_bike,2022-03-21 06:34:11,2022-03-21 06:41:10,W 36 St & 9 Ave,6569,Madison Ave & E 26 St,6131,40.75462324029105,-73.99516761302948,40.742684734875695,-73.98671329021454,member
584236,9E408F975E8451B0,electric_bike,2022-03-31 06:33:10,2022-03-31 06:39:41,W 36 St & 9 Ave,6569,Madison Ave & E 26 St,6131,40.75462324029105,-73.99516761302948,40.742684734875695,-73.98671329021454,member
584237,FAA711A408B12646,classic_bike,2022-03-01 10:12:06,2022-03-01 10:21:59,W 36 St & 9 Ave,6569,Madison Ave & E 26 St,6131,40.75462324029105,-73.99516761302948,40.742684734875695,-73.98671329021454,member
586559,6DFC5A880DD5DC9B,electric_bike,2022-03-31 18:17:56,2022-03-31 18:43:05,W 35 St & Dyer Ave,6569,W 74 St & Columbus Ave,7230,40.754691750226016,-73.99740189313889,40.7785669,-73.97754961,member
586568,DAED1930EC1707E9,classic_bike,2022-03-15 08:26:56,2022-03-15 08:47:11,W 35 St & Dyer Ave,6569,1 Ave & E 68 St,6822,40.754691750226016,-73.99740189313889,40.76500525,-73.95818491,member
586608,4EAA7D25E7D01E84,electric_bike,2022-03-21 08:38:03,2022-03-21 08:56:06,W 35 St & Dyer Ave,6569,1 Ave & E 68 St,6822,40.754691750226016,-73.99740189313889,40.76500525,-73.95818491,member
586610,D57643F73A2C2854,classic_bike,2022-03-23 08:41:46,2022-03-23 09:00:54,W 35 St & Dyer Ave,6569,1 Ave & E 68 St,6822,40.754691750226016,-73.99740189313889,40.76500525,-73.95818491,member
586611,85FB6A90644A628D,classic_bike,2022-03-11 08:30:44,2022-03-11 08:51:47,W 35 St & Dyer Ave,6569,1 Ave & E 68 St,6822,40.754691750226016,-73.99740189313889,40.76500525,-73.95818491,member
586612,BC76C9CCD7B7E67C,classic_bike,2022-03-18 09:06:05,2022-03-18 09:26:41,W 35 St & Dyer Ave,6569,1 Ave & E 68 St,6822,40.754691750226016,-73.99740189313889,40.76500525,-73.95818491,member
586613,0CF90DF8708415C3,classic_bike,2022-03-31 08:37:54,2022-03-31 08:59:10,W 35 St & Dyer Ave,6569,1 Ave & E 68 St,6822,40.754691750226016,-73.99740189313889,40.76500525,-73.95818491,member
586614,733A70DCA824358E,classic_bike,2022-03-29 15:30:48,2022-03-29 15:48:58,W 35 St & Dyer Ave,6569,Riverside Blvd & W 67 St,7183,40.754691750226016,-73.99740189313889,40.777507027547976,-73.98888587951659,member
586869,9031B700167867FE,electric_bike,2022-03-11 11:25:15,2022-03-11 11:31:58,W 35 St & Dyer Ave,6569,Madison Ave & E 26 St,6131,40.754691750226016,-73.99740189313889,40.742684734875695,-73.98671329021454,casual
587112,63915BC3A7AD47F6,electric_bike,2022-03-29 08:36:17,2022-03-29 08:55:00,W 35 St & Dyer Ave,6569,1 Ave & E 68 St,6822,40.754691750226016,-73.99740189313889,40.76500525,-73.95818491,member
587113,EE7DE8ECDEB3497F,classic_bike,2022-03-07 08:43:21,2022-03-07 09:04:11,W 35 St & Dyer Ave,6569,1 Ave & E 68 St,6822,40.754691750226016,-73.99740189313889,40.76500525,-73.95818491,member
587624,85EF38C197D29A96,classic_bike,2022-03-07 08:35:09,2022-03-07 09:00:47,W 35 St & Dyer Ave,6569,1 Ave & E 68 St,6822,40.754691750226016,-73.99740189313889,40.76500525,-73.95818491,member
589372,C7ADA3C7AC8E1FA6,electric_bike,2022-03-10 09:48:45,2022-03-10 10:08:37,W 35 St & Dyer Ave,6569,1 Ave & E 68 St,6822,40.754691750226016,-73.99740189313889,40.76500525,-73.95818491,member
589375,8A66AA272C13FB9D,classic_bike,2022-03-24 08:35:16,2022-03-24 08:57:48,W 35 St & Dyer Ave,6569,1 Ave & E 68 St,6822,40.754691750226016,-73.99740189313889,40.76500525,-73.95818491,member
589376,636D84DB35213E3C,electric_bike,2022-03-31 18:17:23,2022-03-31 18:42:59,W 35 St & Dyer Ave,6569,W 74 St & Columbus Ave,7230,40.754691750226016,-73.99740189313889,40.7785669,-73.97754961,member
589680,F14E555891A2B0A2,classic_bike,2022-03-28 09:59:02,2022-03-28 10:30:05,W 35 St & Dyer Ave,6569,1 Ave & E 68 St,6822,40.754691750226016,-73.99740189313889,40.76500525,-73.95818491,member
590228,9B3EBDAD0F2660DC,electric_bike,2022-03-15 06:32:47,2022-03-15 06:41:39,W 36 St & 9 Ave,6569,Madison Ave & E 26 St,6131,40.75462324029105,-73.99516761302948,40.742684734875695,-73.98671329021454,member
590235,B28EF52D8D5195D0,electric_bike,2022-03-11 06:43:22,2022-03-11 06:50:24,W 36 St & 9 Ave,6569,Madison Ave & E 26 St,6131,40.75462324029105,-73.99516761302948,40.742684734875695,-73.98671329021454,member
593046,B070BC295ECFE2EF,electric_bike,2022-03-22 11:49:22,2022-03-22 11:56:12,W 35 St & 9 Ave,6569,Madison Ave & E 26 St,6131,40.75414519263519,-73.9960889518261,40.742684734875695,-73.98671329021454,member
593047,626F949CFD3F21B4,classic_bike,2022-03-13 17:30:04,2022-03-13 17:48:23,W 35 St & 9 Ave,6569,Riverside Blvd & W 67 St,7183,40.75414519263519,-73.9960889518261,40.777507027547976,-73.98888587951659,casual
593050,26028782C1C07238,classic_bike,2022-03-02 14:48:15,2022-03-02 15:02:57,W 35 St & 9 Ave,6569,Riverside Blvd & W 67 St,7183,40.75414519263519,-73.9960889518261,40.777507027547976,-73.98888587951659,member
593086,0BEAF57FECFF11EC,classic_bike,2022-03-23 14:32:55,2022-03-23 14:46:10,W 35 St & 9 Ave,6569,Riverside Blvd & W 67 St,7183,40.75414519263519,-73.9960889518261,40.777507027547976,-73.98888587951659,member
593090,44C96A871754E090,classic_bike,2022-03-31 13:52:27,2022-03-31 14:04:55,W 35 St & 9 Ave,6569,Riverside Blvd & W 67 St,7183,40.75414519263519,-73.9960889518261,40.777507027547976,-73.98888587951659,member
593099,4E22A4491DC28467,electric_bike,2022-03-18 10:23:08,2022-03-18 10:30:53,W 35 St & 9 Ave,6569,Madison Ave & E 26 St,6131,40.75414519263519,-73.9960889518261,40.742684734875695,-73.98671329021454,casual
593102,43A4FFEAF082F44F,classic_bike,2022-03-08 18:55:12,2022-03-08 19:12:26,W 35 St & 9 Ave,6569,Riverside Blvd & W 67 St,7183,40.75414519263519,-73.9960889518261,40.777507027547976,-73.98888587951659,member
593104,9956F562AB5A3EBB,classic_bike,2022-03-25 15:18:37,2022-03-25 15:30:05,W 35 St & 9 Ave,6569,Riverside Blvd & W 67 St,7183,40.75414519263519,-73.9960889518261,40.777507027547976,-73.98888587951659,member
593136,1B1415AD46A5BD63,classic_bike,2022-03-18 12:30:16,2022-03-18 12:43:33,W 35 St & 9 Ave,6569,Riverside Blvd & W 67 St,7183,40.75414519263519,-73.9960889518261,40.777507027547976,-73.98888587951659,member
593137,2564892212E358E4,classic_bike,2022-03-04 16:02:20,2022-03-04 16:15:10,W 35 St & 9 Ave,6569,Riverside Blvd & W 67 St,7183,40.75414519263519,-73.9960889518261,40.777507027547976,-73.98888587951659,member
593165,5DB9E3C249FB3EF9,electric_bike,2022-03-01 10:02:50,2022-03-01 10:09:46,W 35 St & 9 Ave,6569,Madison Ave & E 26 St,6131,40.75414519263519,-73.9960889518261,40.742684734875695,-73.98671329021454,member
594081,736E2F1C289AB9EE,classic_bike,2022-03-08 08:29:03,2022-03-08 08:50:01,W 35 St & Dyer Ave,6569,1 Ave & E 68 St,6822,40.754691750226016,-73.99740189313889,40.76500525,-73.95818491,member
594082,C162A0812E9EE43D,classic_bike,2022-03-25 08:31:59,2022-03-25 08:51:57,W 35 St & Dyer Ave,6569,1 Ave & E 68 St,6822,40.754691750226016,-73.99740189313889,40.76500525,-73.95818491,member
594083,8869179B87C081C2,classic_bike,2022-03-03 08:45:12,2022-03-03 09:06:15,W 35 St & Dyer Ave,6569,1 Ave & E 68 St,6822,40.754691750226016,-73.99740189313889,40.76500525,-73.95818491,member
594084,89A4D724CBF39B2A,classic_bike,2022-03-04 08:38:03,2022-03-04 08:57:51,W 35 St & Dyer Ave,6569,1 Ave & E 68 St,6822,40.754691750226016,-73.99740189313889,40.76500525,-73.95818491,member
594089,19D6BE6AD2F68256,electric_bike,2022-03-31 17:18:02,2022-03-31 17:24:54,W 35 St & Dyer Ave,6569,Madison Ave & E 26 St,6131,40.754691750226016,-73.99740189313889,40.742684734875695,-73.98671329021454,member
594251,3B7B5DD9EE26E645,electric_bike,2022-03-04 22:03:29,2022-03-04 22:11:19,W 35 St & 9 Ave,6569,Madison Ave & E 26 St,6131,40.75414519263519,-73.9960889518261,40.742684734875695,-73.98671329021454,member
594311,A77EB935F5234D61,electric_bike,2022-03-08 17:26:41,2022-03-08 17:33:43,W 35 St & 9 Ave,6569,Madison Ave & E 26 St,6131,40.75414519263519,-73.9960889518261,40.742684734875695,-73.98671329021454,member
595851,51C8C0B7B6DBAA54,classic_bike,2022-03-11 20:07:49,2022-03-11 20:22:18,W 35 St & 9 Ave,6569,Riverside Blvd & W 67 St,7183,40.75414519263519,-73.9960889518261,40.777507027547976,-73.98888587951659,member
595852,3CB6A2E17823AA2A,classic_bike,2022-03-22 15:21:39,2022-03-22 15:36:22,W 35 St & 9 Ave,6569,Riverside Blvd & W 67 St,7183,40.75414519263519,-73.9960889518261,40.777507027547976,-73.98888587951659,member
595898,611D39A55C00DBCB,electric_bike,2022-03-30 12:32:56,2022-03-30 12:47:10,W 35 St & 9 Ave,6569,W 74 St & Columbus Ave,7230,40.75414519263519,-73.9960889518261,40.7785669,-73.97754961,member
595900,3FF3CAE6E0D53023,classic_bike,2022-03-02 17:53:39,2022-03-02 18:19:45,W 35 St & 9 Ave,6569,1 Ave & E 68 St,6822,40.75414519263519,-73.9960889518261,40.76500525,-73.95818491,member
595905,408566F565984BA3,classic_bike,2022-03-04 16:39:17,2022-03-04 17:02:02,W 35 St & 9 Ave,6569,1 Ave & E 68 St,6822,40.75414519263519,-73.9960889518261,40.76500525,-73.95818491,member
595923,37EA3F02AD5543F7,classic_bike,2022-03-02 16:13:47,2022-03-02 16:39:27,W 35 St & 9 Ave,6569,1 Ave & E 68 St,6822,40.75414519263519,-73.9960889518261,40.76500525,-73.95818491,member
595985,EC4C895522A50DDB,electric_bike,2022-03-16 06:34:36,2022-03-16 06:42:50,W 36 St & 9 Ave,6569,Madison Ave & E 26 St,6131,40.75462324029105,-73.99516761302948,40.742684734875695,-73.98671329021454,member
596829,D23108AEF4F8FF29,electric_bike,2022-03-08 09:35:57,2022-03-08 09:50:24,W 36 St & 9 Ave,6569,Washington St & Barrow St,5847,40.75462324029105,-73.99516761302948,40.73191132323174,-74.008769094944,member
598801,8F57A9375D0D48B7,classic_bike,2022-03-10 19:06:03,2022-03-10 19:17:49,W 36 St & 9 Ave,6569,Washington St & Barrow St,5847,40.75462324029105,-73.99516761302948,40.73191132323174,-74.008769094944,member
600307,3B9C4FF041CAF8CC,electric_bike,2022-03-01 16:39:16,2022-03-01 17:09:51,W 35 St & 9 Ave,6569,Frost St & Meeker Ave,5371,40.75414519263519,-73.9960889518261,40.71766197083994,-73.94880026578903,member
600309,9B74A33F9A4011D2,classic_bike,2022-03-25 18:46:46,2022-03-25 18:59:25,W 35 St & 9 Ave,6569,Washington St & Barrow St,5847,40.75414519263519,-73.9960889518261,40.73191132323174,-74.008769094944,member
602069,0C6E10E2312B3F78,classic_bike,2022-03-13 19:43:43,2022-03-13 19:58:17,W 35 St & 9 Ave,6569,Washington St & Barrow St,5847,40.75414519263519,-73.9960889518261,40.73191132323174,-74.008769094944,member
602070,B470A796E7CBE7C9,classic_bike,2022-03-19 12:56:37,2022-03-19 13:07:51,W 35 St & 9 Ave,6569,Washington St & Barrow St,5847,40.75414519263519,-73.9960889518261,40.73191132323174,-74.008769094944,member
602071,6DBA8DC3EC48CED5,classic_bike,2022-03-15 17:19:55,2022-03-15 17:34:34,W 35 St & 9 Ave,6569,Washington St & Barrow St,5847,40.75414519263519,-73.9960889518261,40.73191132323174,-74.008769094944,member
602194,37CE2E88D6820885,electric_bike,2022-03-28 19:16:29,2022-03-28 19:27:24,W 35 St & 9 Ave,6569,Washington St & Barrow St,5847,40.75414519263519,-73.9960889518261,40.73191132323174,-74.008769094944,member
604074,0A34B1419F29BD8D,electric_bike,2022-03-15 20:03:56,2022-03-15 20:11:07,W 35 St & Dyer Ave,6569,W 20 St & 10 Ave,6306,40.754691750226016,-73.99740189313889,40.745686,-74.005141,member
604086,E4C87D7F69744335,classic_bike,2022-03-21 06:38:26,2022-03-21 06:39:48,W 35 St & Dyer Ave,6569,Hudson Blvd E & W 36 St,6611,40.754691750226016,-73.99740189313889,40.75630628938069,-73.99951145061095,member
604463,833DFA88306839E8,classic_bike,2022-03-14 09:01:28,2022-03-14 09:20:26,W 36 St & 9 Ave,6569,Hudson Blvd E & W 36 St,6611,40.75462324029105,-73.99516761302948,40.75630628938069,-73.99951145061095,member
605178,D8F4E507781DDDA5,classic_bike,2022-03-26 00:11:38,2022-03-26 00:19:07,W 36 St & 9 Ave,6569,W 20 St & 10 Ave,6306,40.75462324029105,-73.99516761302948,40.745686,-74.005141,casual
605179,D2A64452D93BA15F,classic_bike,2022-03-01 18:15:59,2022-03-01 18:24:08,W 36 St & 9 Ave,6569,W 20 St & 10 Ave,6306,40.75462324029105,-73.99516761302948,40.745686,-74.005141,casual
605181,000F400B21EC5341,classic_bike,2022-03-07 06:37:22,2022-03-07 06:45:13,W 36 St & 9 Ave,6569,W 20 St & 10 Ave,6306,40.75462324029105,-73.99516761302948,40.745686,-74.005141,casual
605466,95FD2FF1964F1093,classic_bike,2022-03-09 06:34:16,2022-03-09 06:43:48,W 36 St & 9 Ave,6569,W 20 St & 10 Ave,6306,40.75462324029105,-73.99516761302948,40.745686,-74.005141,member
605467,F0DA33D00004FEB1,classic_bike,2022-03-04 06:35:29,2022-03-04 06:45:25,W 36 St & 9 Ave,6569,W 20 St & 10 Ave,6306,40.75462324029105,-73.99516761302948,40.745686,-74.005141,casual
608886,CAE69C08A3E9E491,classic_bike,2022-03-03 06:25:04,2022-03-03 06:33:20,W 36 St & 9 Ave,6569,W 20 St & 10 Ave,6306,40.75462324029105,-73.99516761302948,40.745686,-74.005141,casual
608897,5D08F93C45614961,classic_bike,2022-03-18 06:33:06,2022-03-18 06:42:09,W 36 St & 9 Ave,6569,W 20 St & 10 Ave,6306,40.75462324029105,-73.99516761302948,40.745686,-74.005141,member
608914,100E3252435B83BB,classic_bike,2022-03-23 08:13:30,2022-03-23 08:16:05,W 35 St & 9 Ave,6569,Hudson Blvd E & W 36 St,6611,40.75414519263519,-73.9960889518261,40.75630628938069,-73.99951145061095,member
608944,42A067B9CAB1907C,classic_bike,2022-03-30 05:58:01,2022-03-30 05:59:57,W 35 St & 9 Ave,6569,Hudson Blvd E & W 36 St,6611,40.75414519263519,-73.9960889518261,40.75630628938069,-73.99951145061095,member
608951,0CDC7C0B832F01DA,classic_bike,2022-03-19 21:37:06,2022-03-19 21:53:59,W 35 St & 9 Ave,6569,W 20 St & 10 Ave,6306,40.75414519263519,-73.9960889518261,40.745686,-74.005141,casual
608953,7AFFF6C21E26A523,classic_bike,2022-03-18 09:19:43,2022-03-18 09:32:06,W 35 St & 9 Ave,6569,W 20 St & 10 Ave,6306,40.75414519263519,-73.9960889518261,40.745686,-74.005141,member
608955,F093DA6FC97D2701,classic_bike,2022-03-22 18:00:01,2022-03-22 18:09:04,W 35 St & 9 Ave,6569,W 20 St & 10 Ave,6306,40.75414519263519,-73.9960889518261,40.745686,-74.005141,member
608960,00B6546A0AB59EC6,classic_bike,2022-03-27 22:17:45,2022-03-27 22:26:37,W 36 St & 9 Ave,6569,W 20 St & 10 Ave,6306,40.75462324029105,-73.99516761302948,40.745686,-74.005141,member
608966,637A615992300AC3,classic_bike,2022-03-03 13:30:59,2022-03-03 14:15:50,W 35 St & 9 Ave,6569,5 Ave & E 63 St,6904,40.75414519263519,-73.9960889518261,40.766368,-73.971518,casual
608977,B29E5ACF58993D97,electric_bike,2022-03-24 18:17:07,2022-03-24 18:22:49,W 35 St & 9 Ave,6569,W 20 St & 10 Ave,6306,40.75414519263519,-73.9960889518261,40.745686,-74.005141,member
608978,3BDBE4B2F1CA1971,classic_bike,2022-03-24 15:57:25,2022-03-24 16:03:57,W 35 St & 9 Ave,6569,W 20 St & 10 Ave,6306,40.75414519263519,-73.9960889518261,40.745686,-74.005141,member
608989,2465A22022664775,electric_bike,2022-03-30 16:54:45,2022-03-30 17:00:31,W 35 St & 9 Ave,6569,W 20 St & 10 Ave,6306,40.75414519263519,-73.9960889518261,40.745686,-74.005141,member
609935,0C32A4FD5D7683D9,classic_bike,2022-03-03 06:38:37,2022-03-03 06:40:49,W 35 St & 9 Ave,6569,Hudson Blvd E & W 36 St,6611,40.75414519263519,-73.9960889518261,40.75630628938069,-73.99951145061095,member
610081,4A50CC9E3BED0780,electric_bike,2022-03-23 16:38:24,2022-03-23 16:44:21,W 35 St & 9 Ave,6569,W 20 St & 10 Ave,6306,40.75414519263519,-73.9960889518261,40.745686,-74.005141,member
610102,D161CD047CD1F007,classic_bike,2022-03-07 20:00:59,2022-03-07 20:13:42,W 35 St & 9 Ave,6569,W 20 St & 10 Ave,6306,40.75414519263519,-73.9960889518261,40.745686,-74.005141,member
610110,C7D1486BA3F6C483,classic_bike,2022-03-02 10:57:33,2022-03-02 11:25:57,W 35 St & 9 Ave,6569,Hudson Blvd E & W 36 St,6611,40.75414519263519,-73.9960889518261,40.75630628938069,-73.99951145061095,member
611759,F6A91AA12C2AF0C8,classic_bike,2022-03-11 07:17:38,2022-03-11 07:19:41,W 35 St & 9 Ave,6569,Hudson Blvd E & W 36 St,6611,40.75414519263519,-73.9960889518261,40.75630628938069,-73.99951145061095,member
611768,9D2BA2DC1FA779E4,classic_bike,2022-03-18 12:40:35,2022-03-18 12:50:06,W 35 St & 9 Ave,6569,W 20 St & 10 Ave,6306,40.75414519263519,-73.9960889518261,40.745686,-74.005141,casual
611796,F65C93494345066D,classic_bike,2022-03-04 10:06:46,2022-03-04 10:28:58,W 35 St & 9 Ave,6569,Hudson Blvd E & W 36 St,6611,40.75414519263519,-73.9960889518261,40.75630628938069,-73.99951145061095,member
611818,DD47ABA6AE6AC7BB,classic_bike,2022-03-19 21:37:38,2022-03-19 21:53:37,W 35 St & 9 Ave,6569,W 20 St & 10 Ave,6306,40.75414519263519,-73.9960889518261,40.745686,-74.005141,casual
611834,8A62AFE803DB11C9,electric_bike,2022-03-02 17:59:23,2022-03-02 18:07:06,W 35 St & 9 Ave,6569,W 20 St & 10 Ave,6306,40.75414519263519,-73.9960889518261,40.745686,-74.005141,member
611839,5E5BC368FB376F37,docked_bike,2022-03-19 21:37:50,2022-03-19 21:53:50,W 35 St & 9 Ave,6569,W 20 St & 10 Ave,6306,40.754145,-73.996089,40.745686,-74.005141,casual
611847,0091552B53F38F94,classic_bike,2022-03-07 17:42:33,2022-03-07 17:44:26,W 35 St & 9 Ave,6569,Hudson Blvd E & W 36 St,6611,40.75414519263519,-73.9960889518261,40.75630628938069,-73.99951145061095,member
612164,DEDE5A79483EEF3E,classic_bike,2022-03-09 18:50:58,2022-03-09 19:02:25,W 35 St & 9 Ave,6569,W 20 St & 10 Ave,6306,40.75414519263519,-73.9960889518261,40.745686,-74.005141,member
612165,382E2BA46BA2912D,electric_bike,2022-03-25 18:07:55,2022-03-25 18:13:46,W 35 St & 9 Ave,6569,W 20 St & 10 Ave,6306,40.75414519263519,-73.9960889518261,40.745686,-74.005141,member
612419,B9FCBB7BBA719CA1,classic_bike,2022-03-01 10:47:19,2022-03-01 11:21:58,W 35 St & 9 Ave,6569,Hudson Blvd E & W 36 St,6611,40.75414519263519,-73.9960889518261,40.75630628938069,-73.99951145061095,member
613150,6298657D9538B7F6,classic_bike,2022-03-01 18:08:46,2022-03-01 18:25:35,W 36 St & 9 Ave,6569,Central Park West & W 72 St,7141,40.75462324029105,-73.99516761302948,40.77579376683666,-73.9762057363987,member
615901,A4804DE9747A3266,classic_bike,2022-03-22 15:36:00,2022-03-22 15:49:47,W 35 St & 9 Ave,6569,Central Park West & W 72 St,7141,40.75414519263519,-73.9960889518261,40.77579376683666,-73.9762057363987,member
618699,6126A19E8F674EE9,classic_bike,2022-03-05 09:10:09,2022-03-05 09:23:20,W 35 St & Dyer Ave,6569,Central Park West & W 72 St,7141,40.754691750226016,-73.99740189313889,40.77579376683666,-73.9762057363987,member
621851,D044EC0A88140B64,classic_bike,2022-03-30 17:09:25,2022-03-30 17:25:17,W 35 St & 9 Ave,6569,Central Park West & W 72 St,7141,40.75414519263519,-73.9960889518261,40.77579376683666,-73.9762057363987,member
626357,A50C2E1C03B8BBC4,classic_bike,2022-03-23 16:24:36,2022-03-23 16:37:39,W 35 St & 9 Ave,6569,Central Park West & W 72 St,7141,40.75414519263519,-73.9960889518261,40.77579376683666,-73.9762057363987,member
627112,07B6064364F047E3,electric_bike,2022-03-24 17:14:48,2022-03-24 17:22:52,W 35 St & 9 Ave,6569,Perry St & Bleecker St,5922,40.75414519263519,-73.9960889518261,40.73535398,-74.00483091,member
627965,2302A4B2B646EA33,electric_bike,2022-03-22 19:01:44,2022-03-22 19:14:05,W 35 St & Dyer Ave,6569,E 20 St & 2 Ave,5971,40.754691750226016,-73.99740189313889,40.73587678,-73.98205027,member
627990,38614CE9791AC8D9,classic_bike,2022-03-06 14:44:32,2022-03-06 14:56:36,W 35 St & Dyer Ave,6569,Perry St & Bleecker St,5922,40.754691750226016,-73.99740189313889,40.73535398,-74.00483091,member
628004,9D72B9A4DDE60408,electric_bike,2022-03-22 19:01:45,2022-03-22 19:14:09,W 35 St & Dyer Ave,6569,E 20 St & 2 Ave,5971,40.754691750226016,-73.99740189313889,40.73587678,-73.98205027,member
628115,8061F7B34A065A68,electric_bike,2022-03-05 20:35:01,2022-03-05 20:50:30,W 35 St & 9 Ave,6569,Perry St & Bleecker St,5922,40.75414519263519,-73.9960889518261,40.73535398,-74.00483091,member
628117,D4BDF0A0D4D545CC,classic_bike,2022-03-24 17:26:45,2022-03-24 17:35:48,W 35 St & 9 Ave,6569,FDR Drive & E 35 St,6230,40.75414519263519,-73.9960889518261,40.744219,-73.97121214,member
628118,37435CDF35A5F948,electric_bike,2022-03-16 17:52:26,2022-03-16 18:20:49,W 35 St & 9 Ave,6569,Perry St & Bleecker St,5922,40.75414519263519,-73.9960889518261,40.73535398,-74.00483091,casual
628341,5EF656208AC406AF,classic_bike,2022-03-28 18:18:04,2022-03-28 18:26:02,W 36 St & 9 Ave,6569,Perry St & Bleecker St,5922,40.75462324029105,-73.99516761302948,40.73535398,-74.00483091,member
628344,CB4E57746E87A094,classic_bike,2022-03-11 17:17:02,2022-03-11 17:28:08,W 36 St & 9 Ave,6569,E 40 St & 5 Ave,6474,40.75462324029105,-73.99516761302948,40.752062307,-73.9816324043,casual
628350,EC03C0859508D432,electric_bike,2022-03-15 21:42:23,2022-03-15 21:55:51,W 36 St & 9 Ave,6569,E 20 St & 2 Ave,5971,40.75462324029105,-73.99516761302948,40.73587678,-73.98205027,member
628351,D21DF5FBD139E37C,classic_bike,2022-03-26 12:27:47,2022-03-26 12:39:31,W 36 St & 9 Ave,6569,Perry St & Bleecker St,5922,40.75462324029105,-73.99516761302948,40.73535398,-74.00483091,casual
628353,7747C583A089C7A3,classic_bike,2022-03-18 17:56:14,2022-03-18 18:09:57,W 36 St & 9 Ave,6569,Perry St & Bleecker St,5922,40.75462324029105,-73.99516761302948,40.73535398,-74.00483091,casual
628367,8C3B2C489438609E,electric_bike,2022-03-18 12:00:40,2022-03-18 12:11:05,W 36 St & 9 Ave,6569,Perry St & Bleecker St,5922,40.75462324029105,-73.99516761302948,40.73535398,-74.00483091,casual
628381,2A0971389E993271,classic_bike,2022-03-13 16:41:14,2022-03-13 16:51:39,W 36 St & 9 Ave,6569,Perry St & Bleecker St,5922,40.75462324029105,-73.99516761302948,40.73535398,-74.00483091,member
628382,BA9F7C310DE95E35,classic_bike,2022-03-05 20:05:43,2022-03-05 20:14:16,W 36 St & 9 Ave,6569,Perry St & Bleecker St,5922,40.75462324029105,-73.99516761302948,40.73535398,-74.00483091,member
630051,DC2A51D064AE6C70,classic_bike,2022-03-26 19:48:34,2022-03-26 20:03:58,W 36 St & 9 Ave,6569,E 20 St & 2 Ave,5971,40.75462324029105,-73.99516761302948,40.73587678,-73.98205027,member
630052,B70E99ED59316B71,classic_bike,2022-03-27 12:15:07,2022-03-27 12:29:11,W 36 St & 9 Ave,6569,Perry St & Bleecker St,5922,40.75462324029105,-73.99516761302948,40.73535398,-74.00483091,casual
632551,4E090B84FB128CE6,electric_bike,2022-03-31 09:04:17,2022-03-31 09:11:30,W 35 St & Dyer Ave,6569,E 40 St & 5 Ave,6474,40.754691750226016,-73.99740189313889,40.752062307,-73.9816324043,member
632552,F3EF08EE2FDF70ED,electric_bike,2022-03-24 08:59:26,2022-03-24 09:06:50,W 35 St & Dyer Ave,6569,E 40 St & 5 Ave,6474,40.754691750226016,-73.99740189313889,40.752062307,-73.9816324043,member
632555,3D36E4BBACA45B42,electric_bike,2022-03-02 19:46:36,2022-03-02 19:53:50,W 35 St & Dyer Ave,6569,FDR Drive & E 35 St,6230,40.754691750226016,-73.99740189313889,40.744219,-73.97121214,member
633243,5E9E159CB5ADC175,classic_bike,2022-03-08 21:09:26,2022-03-08 21:22:28,W 36 St & 9 Ave,6569,Perry St & Bleecker St,5922,40.75462324029105,-73.99516761302948,40.73535398,-74.00483091,member
633245,A9A00EBDA92C5772,classic_bike,2022-03-07 17:53:07,2022-03-07 18:00:49,W 36 St & 9 Ave,6569,E 40 St & 5 Ave,6474,40.75462324029105,-73.99516761302948,40.752062307,-73.9816324043,member
633246,8834FB4AFEEEDEE4,electric_bike,2022-03-08 16:42:08,2022-03-08 16:49:02,W 36 St & 9 Ave,6569,E 40 St & 5 Ave,6474,40.75462324029105,-73.99516761302948,40.752062307,-73.9816324043,member
633255,A3362C2B05A3FC79,classic_bike,2022-03-14 19:45:44,2022-03-14 19:51:49,W 36 St & 9 Ave,6569,E 40 St & 5 Ave,6474,40.75462324029105,-73.99516761302948,40.752062307,-73.9816324043,member
633256,DFEDFE79F90BAA1C,classic_bike,2022-03-19 12:52:40,2022-03-19 13:03:31,W 36 St & 9 Ave,6569,Perry St & Bleecker St,5922,40.75462324029105,-73.99516761302948,40.73535398,-74.00483091,member
633264,3C1BDB16BBEDAA4E,classic_bike,2022-03-03 14:44:53,2022-03-03 14:51:55,W 36 St & 9 Ave,6569,E 40 St & 5 Ave,6474,40.75462324029105,-73.99516761302948,40.752062307,-73.9816324043,member
634795,C154747A6992E3BA,classic_bike,2022-03-15 17:16:21,2022-03-15 17:26:22,W 35 St & 9 Ave,6569,Perry St & Bleecker St,5922,40.75414519263519,-73.9960889518261,40.73535398,-74.00483091,member
634819,CB18B7FA959E7511,classic_bike,2022-03-20 09:55:33,2022-03-20 10:05:09,W 35 St & 9 Ave,6569,Perry St & Bleecker St,5922,40.75414519263519,-73.9960889518261,40.73535398,-74.00483091,casual
634833,9AC023D80CBC0D59,classic_bike,2022-03-28 08:05:50,2022-03-28 08:21:19,W 35 St & 9 Ave,6569,E 20 St & 2 Ave,5971,40.75414519263519,-73.9960889518261,40.73587678,-73.98205027,member
634845,A949815E4800AABC,classic_bike,2022-03-16 19:09:30,2022-03-16 19:22:33,W 35 St & 9 Ave,6569,FDR Drive & E 35 St,6230,40.75414519263519,-73.9960889518261,40.744219,-73.97121214,casual
634847,B3EFD9C0A8FAF8A4,classic_bike,2022-03-02 19:12:51,2022-03-02 19:26:30,W 35 St & 9 Ave,6569,FDR Drive & E 35 St,6230,40.75414519263519,-73.9960889518261,40.744219,-73.97121214,casual
634864,2596C528276B70FD,electric_bike,2022-03-22 19:27:27,2022-03-22 19:39:46,W 35 St & 9 Ave,6569,E 20 St & 2 Ave,5971,40.75414519263519,-73.9960889518261,40.73587678,-73.98205027,member
634870,9E2B51A5B167B5FB,electric_bike,2022-03-17 08:54:18,2022-03-17 09:00:40,W 35 St & 9 Ave,6569,E 40 St & 5 Ave,6474,40.75414519263519,-73.9960889518261,40.752062307,-73.9816324043,member
634874,7E85A6FC565CCD83,electric_bike,2022-03-31 21:19:02,2022-03-31 21:28:28,W 35 St & 9 Ave,6569,E 20 St & 2 Ave,5971,40.75414519263519,-73.9960889518261,40.73587678,-73.98205027,member
634880,BB82BCEF9EAE7239,classic_bike,2022-03-19 13:32:19,2022-03-19 13:42:37,W 35 St & 9 Ave,6569,Perry St & Bleecker St,5922,40.75414519263519,-73.9960889518261,40.73535398,-74.00483091,casual
634882,DBAF307FD0E0EC50,classic_bike,2022-03-24 17:35:22,2022-03-24 17:53:20,W 35 St & 9 Ave,6569,Perry St & Bleecker St,5922,40.75414519263519,-73.9960889518261,40.73535398,-74.00483091,member
634909,E56F7ED0E7583FC7,classic_bike,2022-03-18 18:33:32,2022-03-18 18:47:12,W 36 St & 9 Ave,6569,E 20 St & 2 Ave,5971,40.75462324029105,-73.99516761302948,40.73587678,-73.98205027,member
634925,80BBCD0B4C39DD5B,classic_bike,2022-03-30 16:32:21,2022-03-30 16:39:53,W 35 St & 9 Ave,6569,E 40 St & 5 Ave,6474,40.75414519263519,-73.9960889518261,40.752062307,-73.9816324043,member
634926,9ECCD44080F109E3,electric_bike,2022-03-30 08:10:48,2022-03-30 08:22:56,W 35 St & 9 Ave,6569,E 20 St & 2 Ave,5971,40.75414519263519,-73.9960889518261,40.73587678,-73.98205027,member
634968,B68BA51FAE378B34,electric_bike,2022-03-19 16:08:49,2022-03-19 16:24:57,W 36 St & 9 Ave,6569,E 40 St & 5 Ave,6474,40.75462324029105,-73.99516761302948,40.752062307,-73.9816324043,member
636558,3CF2B1AA9550BF84,classic_bike,2022-03-03 09:51:22,2022-03-03 09:58:22,W 35 St & 9 Ave,6569,E 40 St & 5 Ave,6474,40.75414519263519,-73.9960889518261,40.752062307,-73.9816324043,member
637347,8CC2CDB774500180,classic_bike,2022-03-23 12:34:35,2022-03-23 12:54:51,W 35 St & 9 Ave,6569,E 40 St & 5 Ave,6474,40.75414519263519,-73.9960889518261,40.752062307,-73.9816324043,member
637622,0542FF76CD7AF25D,electric_bike,2022-03-28 09:47:45,2022-03-28 09:56:53,W 36 St & 9 Ave,6569,FDR Drive & E 35 St,6230,40.75462324029105,-73.99516761302948,40.744219,-73.97121214,member
637623,458DE4A1B1BFDA9D,classic_bike,2022-03-15 17:49:23,2022-03-15 17:56:20,W 36 St & 9 Ave,6569,E 40 St & 5 Ave,6474,40.75462324029105,-73.99516761302948,40.752062307,-73.9816324043,member
637639,A64F6EF45C8C9AB4,classic_bike,2022-03-16 18:00:53,2022-03-16 18:10:13,W 36 St & 9 Ave,6569,E 40 St & 5 Ave,6474,40.75462324029105,-73.99516761302948,40.752062307,-73.9816324043,member
637640,37F298DEF0D73094,classic_bike,2022-03-08 19:29:53,2022-03-08 19:36:50,W 36 St & 9 Ave,6569,E 40 St & 5 Ave,6474,40.75462324029105,-73.99516761302948,40.752062307,-73.9816324043,member
637755,86DABF5218280C87,classic_bike,2022-03-18 23:05:25,2022-03-18 23:38:12,W 35 St & 9 Ave,6569,Perry St & Bleecker St,5922,40.75414519263519,-73.9960889518261,40.73535398,-74.00483091,member
638967,0C098F91A6AB3627,electric_bike,2022-03-30 09:29:22,2022-03-30 09:35:17,W 35 St & 9 Ave,6569,E 40 St & 5 Ave,6474,40.75414519263519,-73.9960889518261,40.752062307,-73.9816324043,member
639003,34DA644AD94F26EB,electric_bike,2022-03-14 13:52:14,2022-03-14 14:05:52,W 35 St & 9 Ave,6569,E 40 St & 5 Ave,6474,40.75414519263519,-73.9960889518261,40.752062307,-73.9816324043,casual
639015,04944A813FC83AE9,classic_bike,2022-03-31 09:40:25,2022-03-31 09:51:44,W 35 St & 9 Ave,6569,E 40 St & 5 Ave,6474,40.75414519263519,-73.9960889518261,40.752062307,-73.9816324043,casual
639048,A209C9B25DA642E7,classic_bike,2022-03-31 08:12:07,2022-03-31 08:25:18,W 35 St & 9 Ave,6569,E 20 St & 2 Ave,5971,40.75414519263519,-73.9960889518261,40.73587678,-73.98205027,member
639090,0703D4192188187E,electric_bike,2022-03-07 05:56:25,2022-03-07 06:03:10,W 35 St & 9 Ave,6569,E 40 St & 5 Ave,6474,40.75414519263519,-73.9960889518261,40.752062307,-73.9816324043,member
639098,01F60AE2C94DC2B2,electric_bike,2022-03-10 17:55:27,2022-03-10 18:08:51,W 35 St & 9 Ave,6569,FDR Drive & E 35 St,6230,40.75414519263519,-73.9960889518261,40.744219,-73.97121214,casual
639101,30BAE7F84E5792FF,classic_bike,2022-03-27 12:40:21,2022-03-27 12:49:45,W 35 St & 9 Ave,6569,Perry St & Bleecker St,5922,40.75414519263519,-73.9960889518261,40.73535398,-74.00483091,member
639985,F8EB2F5308B73A07,electric_bike,2022-03-16 17:54:58,2022-03-16 18:22:03,W 35 St & 9 Ave,6569,Perry St & Bleecker St,5922,40.75414519263519,-73.9960889518261,40.73535398,-74.00483091,casual
640008,9300FDC7BCCEEF92,classic_bike,2022-03-20 11:59:02,2022-03-20 12:11:57,W 35 St & 9 Ave,6569,Perry St & Bleecker St,5922,40.75414519263519,-73.9960889518261,40.73535398,-74.00483091,member
640049,1FC241437C7838D8,classic_bike,2022-03-25 14:10:53,2022-03-25 14:17:19,W 35 St & 9 Ave,6569,E 40 St & 5 Ave,6474,40.75414519263519,-73.9960889518261,40.752062307,-73.9816324043,casual
641059,F6ADC4BDFFDECE30,electric_bike,2022-03-06 15:23:45,2022-03-06 15:31:53,W 35 St & 9 Ave,6569,Perry St & Bleecker St,5922,40.75414519263519,-73.9960889518261,40.73535398,-74.00483091,member
641599,4F153A9CD48A1898,electric_bike,2022-03-16 19:31:44,2022-03-16 19:44:08,W 36 St & 9 Ave,6569,FDR Drive & E 35 St,6230,40.75462324029105,-73.99516761302948,40.744219,-73.97121214,member
641600,FB5430879D50512E,electric_bike,2022-03-30 18:03:38,2022-03-30 18:11:29,W 36 St & 9 Ave,6569,E 40 St & 5 Ave,6474,40.75462324029105,-73.99516761302948,40.752062307,-73.9816324043,casual
642342,7CA3440D6D285D1A,classic_bike,2022-03-19 13:43:17,2022-03-19 13:53:42,W 35 St & 9 Ave,6569,Perry St & Bleecker St,5922,40.75414519263519,-73.9960889518261,40.73535398,-74.00483091,member
642970,9737EA8EE68B637C,classic_bike,2022-03-19 12:30:07,2022-03-19 12:47:57,W 36 St & 9 Ave,6569,Perry St & Bleecker St,5922,40.75462324029105,-73.99516761302948,40.73535398,-74.00483091,member
643998,2B1E3A0832E6ACDF,classic_bike,2022-03-05 14:58:21,2022-03-05 15:07:22,W 35 St & 9 Ave,6569,E 40 St & 5 Ave,6474,40.75414519263519,-73.9960889518261,40.752062307,-73.9816324043,member
644353,8AAD0A0B8499629E,electric_bike,2022-03-01 05:40:50,2022-03-01 05:46:25,W 35 St & 9 Ave,6569,E 40 St & 5 Ave,6474,40.75414519263519,-73.9960889518261,40.752062307,-73.9816324043,member
645081,D57B9B1736E55C6D,classic_bike,2022-03-18 16:36:48,2022-03-18 16:42:43,W 36 St & 9 Ave,6569,8 Ave & W 49 St,6747,40.75462324029105,-73.99516761302948,40.76171227910671,-73.98655101656914,member
645457,677435118F106ABC,classic_bike,2022-03-23 08:40:02,2022-03-23 08:49:02,W 35 St & Dyer Ave,6569,8 Ave & W 49 St,6747,40.754691750226016,-73.99740189313889,40.76171227910671,-73.98655101656914,casual
645479,0857CB2E47FA7CD3,classic_bike,2022-03-15 17:49:29,2022-03-15 17:57:56,W 35 St & Dyer Ave,6569,8 Ave & W 49 St,6747,40.754691750226016,-73.99740189313889,40.76171227910671,-73.98655101656914,member
645482,CD3B6DB969F54CF1,classic_bike,2022-03-25 08:38:43,2022-03-25 08:47:30,W 35 St & Dyer Ave,6569,8 Ave & W 49 St,6747,40.754691750226016,-73.99740189313889,40.76171227910671,-73.98655101656914,casual
647309,41B29CBC742962AA,classic_bike,2022-03-10 10:30:00,2022-03-10 10:37:07,W 35 St & Dyer Ave,6569,8 Ave & W 49 St,6747,40.754691750226016,-73.99740189313889,40.76171227910671,-73.98655101656914,member
647531,F1D048FE00DAA60C,classic_bike,2022-03-19 19:02:51,2022-03-19 19:41:58,W 36 St & 9 Ave,6569,8 Ave & W 49 St,6747,40.75462324029105,-73.99516761302948,40.76171227910671,-73.98655101656914,member
647533,E5535A22075A88A5,classic_bike,2022-03-16 18:31:24,2022-03-16 18:38:49,W 36 St & 9 Ave,6569,8 Ave & W 49 St,6747,40.75462324029105,-73.99516761302948,40.76171227910671,-73.98655101656914,member
647534,A5BBD61F16180212,classic_bike,2022-03-20 11:50:54,2022-03-20 12:55:19,W 36 St & 9 Ave,6569,Union Ave & Jackson St,5300,40.75462324029105,-73.99516761302948,40.7160751,-73.952029,casual
647539,6E4BDCBD2FD1C252,electric_bike,2022-03-09 22:34:39,2022-03-09 22:40:18,W 36 St & 9 Ave,6569,8 Ave & W 49 St,6747,40.75462324029105,-73.99516761302948,40.76171227910671,-73.98655101656914,member
647549,337B0DBEF2964AD7,classic_bike,2022-03-03 09:51:00,2022-03-03 10:00:08,W 36 St & 9 Ave,6569,8 Ave & W 49 St,6747,40.75462324029105,-73.99516761302948,40.76171227910671,-73.98655101656914,member
647550,028CFB24A30CBFE7,electric_bike,2022-03-08 17:29:06,2022-03-08 17:34:42,W 36 St & 9 Ave,6569,8 Ave & W 49 St,6747,40.75462324029105,-73.99516761302948,40.76171227910671,-73.98655101656914,member
647552,ECF8BF3DE9FAD029,classic_bike,2022-03-25 19:05:31,2022-03-25 19:10:35,W 36 St & 9 Ave,6569,8 Ave & W 49 St,6747,40.75462324029105,-73.99516761302948,40.76171227910671,-73.98655101656914,member
648694,F2EA70F2C7C9C5B6,electric_bike,2022-03-26 14:08:36,2022-03-26 14:15:01,W 35 St & 9 Ave,6569,8 Ave & W 49 St,6747,40.75414519263519,-73.9960889518261,40.76171227910671,-73.98655101656914,member
650617,946F416D5037FBB7,classic_bike,2022-03-20 14:59:08,2022-03-20 15:05:41,W 36 St & 9 Ave,6569,8 Ave & W 49 St,6747,40.75462324029105,-73.99516761302948,40.76171227910671,-73.98655101656914,member
650637,273199237BA375ED,classic_bike,2022-03-12 19:02:19,2022-03-12 19:11:20,W 36 St & 9 Ave,6569,8 Ave & W 49 St,6747,40.75462324029105,-73.99516761302948,40.76171227910671,-73.98655101656914,member
650643,3525D2EF2C2E7F59,classic_bike,2022-03-31 17:53:32,2022-03-31 18:02:51,W 36 St & 9 Ave,6569,8 Ave & W 49 St,6747,40.75462324029105,-73.99516761302948,40.76171227910671,-73.98655101656914,member
650644,879D3D49DDC7BD8A,classic_bike,2022-03-26 14:08:28,2022-03-26 14:16:09,W 36 St & 9 Ave,6569,8 Ave & W 49 St,6747,40.75462324029105,-73.99516761302948,40.76171227910671,-73.98655101656914,member
650648,9F5C5D2B0446B5FC,classic_bike,2022-03-09 17:00:29,2022-03-09 17:06:32,W 36 St & 9 Ave,6569,8 Ave & W 49 St,6747,40.75462324029105,-73.99516761302948,40.76171227910671,-73.98655101656914,member
650649,82DBE6EFD611D168,electric_bike,2022-03-05 23:09:03,2022-03-05 23:15:10,W 36 St & 9 Ave,6569,8 Ave & W 49 St,6747,40.75462324029105,-73.99516761302948,40.76171227910671,-73.98655101656914,member
650650,804309CEB6AC071D,electric_bike,2022-03-28 19:36:58,2022-03-28 19:41:26,W 36 St & 9 Ave,6569,8 Ave & W 49 St,6747,40.75462324029105,-73.99516761302948,40.76171227910671,-73.98655101656914,member
650661,23359BF41602AA99,classic_bike,2022-03-26 14:08:23,2022-03-26 14:16:16,W 36 St & 9 Ave,6569,8 Ave & W 49 St,6747,40.75462324029105,-73.99516761302948,40.76171227910671,-73.98655101656914,member
650664,17CD865D1A0E250F,electric_bike,2022-03-30 10:26:49,2022-03-30 10:33:03,W 36 St & 9 Ave,6569,8 Ave & W 49 St,6747,40.75462324029105,-73.99516761302948,40.76171227910671,-73.98655101656914,member
650678,9402F2C7DBEF3A0A,electric_bike,2022-03-29 14:39:00,2022-03-29 14:44:56,W 36 St & 9 Ave,6569,8 Ave & W 49 St,6747,40.75462324029105,-73.99516761302948,40.76171227910671,-73.98655101656914,member
650680,F9395E9203DFCAA0,electric_bike,2022-03-03 14:55:00,2022-03-03 15:00:55,W 36 St & 9 Ave,6569,8 Ave & W 49 St,6747,40.75462324029105,-73.99516761302948,40.76171227910671,-73.98655101656914,casual
650681,8028E4F41A721ADB,classic_bike,2022-03-19 10:51:02,2022-03-19 10:57:40,W 36 St & 9 Ave,6569,8 Ave & W 49 St,6747,40.75462324029105,-73.99516761302948,40.76171227910671,-73.98655101656914,member
650686,A9E1F94ADB7948BE,electric_bike,2022-03-06 14:47:14,2022-03-06 15:22:38,W 36 St & 9 Ave,6569,8 Ave & W 49 St,6747,40.75462324029105,-73.99516761302948,40.76171227910671,-73.98655101656914,member
650700,19BE733125A8F6F1,electric_bike,2022-03-23 09:11:05,2022-03-23 09:20:37,W 36 St & 9 Ave,6569,8 Ave & W 49 St,6747,40.75462324029105,-73.99516761302948,40.76171227910671,-73.98655101656914,member
650701,9CE435F957CBEAEC,electric_bike,2022-03-31 20:52:40,2022-03-31 20:56:57,W 36 St & 9 Ave,6569,8 Ave & W 49 St,6747,40.75462324029105,-73.99516761302948,40.76171227910671,-73.98655101656914,member
650710,CD4D5B4BEB634DAA,electric_bike,2022-03-22 20:01:09,2022-03-22 20:05:54,W 36 St & 9 Ave,6569,8 Ave & W 49 St,6747,40.75462324029105,-73.99516761302948,40.76171227910671,-73.98655101656914,member
650734,5C65D85A2DAFB6A0,classic_bike,2022-03-31 08:19:55,2022-03-31 08:26:49,W 36 St & 9 Ave,6569,8 Ave & W 49 St,6747,40.75462324029105,-73.99516761302948,40.76171227910671,-73.98655101656914,member
650759,11518FD3DDBBFF95,electric_bike,2022-03-21 11:58:50,2022-03-21 12:04:31,W 36 St & 9 Ave,6569,8 Ave & W 49 St,6747,40.75462324029105,-73.99516761302948,40.76171227910671,-73.98655101656914,member
651474,7504813B6CA09E1F,electric_bike,2022-03-01 23:19:10,2022-03-01 23:24:04,W 36 St & 9 Ave,6569,8 Ave & W 49 St,6747,40.75462324029105,-73.99516761302948,40.76171227910671,-73.98655101656914,casual
651546,35BA8962C6211E09,classic_bike,2022-03-28 19:03:28,2022-03-28 19:09:50,W 36 St & 9 Ave,6569,8 Ave & W 49 St,6747,40.75462324029105,-73.99516761302948,40.76171227910671,-73.98655101656914,member
652664,15CABFAC8EADD34B,classic_bike,2022-03-25 10:11:30,2022-03-25 10:20:42,W 35 St & Dyer Ave,6569,8 Ave & W 49 St,6747,40.754691750226016,-73.99740189313889,40.76171227910671,-73.98655101656914,member
652666,9DB876E62C2E084B,classic_bike,2022-03-15 17:49:38,2022-03-15 17:57:55,W 35 St & Dyer Ave,6569,8 Ave & W 49 St,6747,40.754691750226016,-73.99740189313889,40.76171227910671,-73.98655101656914,casual
652939,588839767780D388,classic_bike,2022-03-24 08:54:07,2022-03-24 09:02:17,W 35 St & Dyer Ave,6569,8 Ave & W 49 St,6747,40.754691750226016,-73.99740189313889,40.76171227910671,-73.98655101656914,casual
653503,30FFA64236CC3515,classic_bike,2022-03-22 08:28:41,2022-03-22 08:37:51,W 35 St & Dyer Ave,6569,8 Ave & W 49 St,6747,40.754691750226016,-73.99740189313889,40.76171227910671,-73.98655101656914,casual
656816,89CD28C753430BC2,classic_bike,2022-03-26 21:22:27,2022-03-26 21:30:58,W 35 St & 9 Ave,6569,8 Ave & W 49 St,6747,40.75414519263519,-73.9960889518261,40.76171227910671,-73.98655101656914,casual
656827,D74E36BA1BEC1E4B,classic_bike,2022-03-16 18:09:04,2022-03-16 18:18:09,W 35 St & 9 Ave,6569,8 Ave & W 49 St,6747,40.75414519263519,-73.9960889518261,40.76171227910671,-73.98655101656914,member
657907,4B93FD64C4D38E5D,classic_bike,2022-03-28 08:32:53,2022-03-28 09:00:12,W 35 St & 9 Ave,6569,8 Ave & W 49 St,6747,40.75414519263519,-73.9960889518261,40.76171227910671,-73.98655101656914,member
657918,FDAAAF266A6A5073,electric_bike,2022-03-02 15:46:22,2022-03-02 15:53:49,W 35 St & 9 Ave,6569,8 Ave & W 49 St,6747,40.75414519263519,-73.9960889518261,40.76171227910671,-73.98655101656914,member
658258,03233249115F5868,classic_bike,2022-03-11 17:18:45,2022-03-11 17:32:01,W 35 St & 9 Ave,6569,8 Ave & W 49 St,6747,40.75414519263519,-73.9960889518261,40.76171227910671,-73.98655101656914,casual
658292,11A796622E2C5133,classic_bike,2022-03-12 00:05:57,2022-03-12 00:13:06,W 35 St & 9 Ave,6569,8 Ave & W 49 St,6747,40.75414519263519,-73.9960889518261,40.76171227910671,-73.98655101656914,member
658320,910A4B552842C0C0,classic_bike,2022-03-21 08:52:07,2022-03-21 09:01:03,W 35 St & 9 Ave,6569,8 Ave & W 49 St,6747,40.75414519263519,-73.9960889518261,40.76171227910671,-73.98655101656914,casual
658321,00991B9803D416F5,classic_bike,2022-03-20 17:49:57,2022-03-20 18:01:34,W 35 St & 9 Ave,6569,8 Ave & W 49 St,6747,40.75414519263519,-73.9960889518261,40.76171227910671,-73.98655101656914,casual
658325,3A18D7F793EB165E,electric_bike,2022-03-17 10:09:06,2022-03-17 10:16:09,W 35 St & 9 Ave,6569,8 Ave & W 49 St,6747,40.75414519263519,-73.9960889518261,40.76171227910671,-73.98655101656914,member
658345,B227BDF435F9287B,electric_bike,2022-03-28 15:21:25,2022-03-28 15:26:31,W 35 St & 9 Ave,6569,8 Ave & W 49 St,6747,40.75414519263519,-73.9960889518261,40.76171227910671,-73.98655101656914,member
658432,34662C2AF6F9C269,classic_bike,2022-03-16 18:04:47,2022-03-16 18:12:55,W 35 St & 9 Ave,6569,8 Ave & W 49 St,6747,40.75414519263519,-73.9960889518261,40.76171227910671,-73.98655101656914,member
658435,285F5669D1224DCA,classic_bike,2022-03-23 20:15:17,2022-03-23 21:20:18,W 35 St & 9 Ave,6569,1 Ave & E 44 St,6379,40.75414519263519,-73.9960889518261,40.75001986,-73.96905301,member
660856,8CF80307E0FE2E1D,electric_bike,2022-03-22 12:21:34,2022-03-22 12:37:26,W 36 St & 9 Ave,6569,Washington Square E,5755,40.75462324029105,-73.99516761302948,40.73049393,-73.9957214,member
662694,ED1CB13E59A93337,classic_bike,2022-03-22 06:40:27,2022-03-22 06:56:15,W 35 St & 9 Ave,6569,St Marks Pl & 2 Ave,5669,40.75414519263519,-73.9960889518261,40.7284186,-73.98713956,member
663411,76A165004D92D8A6,classic_bike,2022-03-15 18:59:09,2022-03-15 19:10:59,W 35 St & Dyer Ave,6569,E 16 St & 5 Ave,6022,40.754691750226016,-73.99740189313889,40.73726186,-73.99238967,casual
664084,C4CE5A15C4CA1C78,electric_bike,2022-03-03 05:17:00,2022-03-03 05:25:51,W 35 St & Dyer Ave,6569,E 16 St & 5 Ave,6022,40.754691750226016,-73.99740189313889,40.73726186,-73.99238967,member
664719,8D534ACE329E1800,electric_bike,2022-03-05 19:06:00,2022-03-05 19:29:41,W 35 St & Dyer Ave,6569,Norfolk St & Broome St,5374,40.754691750226016,-73.99740189313889,40.7172274,-73.98802084,member
668570,A424363B962ECBCD,electric_bike,2022-03-23 12:35:01,2022-03-23 12:44:30,W 36 St & 9 Ave,6569,E 16 St & 5 Ave,6022,40.75462324029105,-73.99516761302948,40.73726186,-73.99238967,member
668609,7D0C27B018188652,electric_bike,2022-03-21 10:32:40,2022-03-21 10:41:30,W 36 St & 9 Ave,6569,E 16 St & 5 Ave,6022,40.75462324029105,-73.99516761302948,40.73726186,-73.99238967,member
668610,4A2B86D601CBEC84,electric_bike,2022-03-06 10:49:46,2022-03-06 10:57:50,W 36 St & 9 Ave,6569,E 16 St & 5 Ave,6022,40.75462324029105,-73.99516761302948,40.73726186,-73.99238967,member
678172,9D5308A8938E0B33,classic_bike,2022-03-18 14:22:03,2022-03-18 14:38:45,W 35 St & 9 Ave,6569,E 16 St & 5 Ave,6022,40.75414519263519,-73.9960889518261,40.73726186,-73.99238967,casual
678244,51EB0EA1E04DE385,classic_bike,2022-03-15 17:36:22,2022-03-15 17:55:56,W 35 St & 9 Ave,6569,St Marks Pl & 2 Ave,5669,40.75414519263519,-73.9960889518261,40.7284186,-73.98713956,member
678245,8CFFD7673F471AB6,classic_bike,2022-03-07 08:57:08,2022-03-07 09:11:52,W 35 St & 9 Ave,6569,E 16 St & 5 Ave,6022,40.75414519263519,-73.9960889518261,40.73726186,-73.99238967,member
678274,75236F1EDFF631F4,classic_bike,2022-03-06 14:07:23,2022-03-06 14:23:49,W 35 St & 9 Ave,6569,St Marks Pl & 2 Ave,5669,40.75414519263519,-73.9960889518261,40.7284186,-73.98713956,casual
678283,D360A6CB80887D5F,classic_bike,2022-03-23 18:20:47,2022-03-23 18:42:23,W 35 St & 9 Ave,6569,St Marks Pl & 2 Ave,5669,40.75414519263519,-73.9960889518261,40.7284186,-73.98713956,member
678338,72040D8F0D4EB914,electric_bike,2022-03-22 17:36:23,2022-03-22 17:55:20,W 35 St & 9 Ave,6569,Norfolk St & Broome St,5374,40.75414519263519,-73.9960889518261,40.7172274,-73.98802084,casual
678392,DC22D7FE68B81B2E,classic_bike,2022-03-05 11:39:34,2022-03-05 12:11:34,W 35 St & 9 Ave,6569,St Marks Pl & 2 Ave,5669,40.75414519263519,-73.9960889518261,40.7284186,-73.98713956,casual
678692,8F473A1C3914BBDC,classic_bike,2022-03-01 08:58:28,2022-03-01 09:13:24,W 35 St & 9 Ave,6569,Washington Square E,5755,40.75414519263519,-73.9960889518261,40.73049393,-73.9957214,member
678698,78B589FC28BC5C7B,electric_bike,2022-03-11 20:01:29,2022-03-11 20:24:00,W 35 St & 9 Ave,6569,St Marks Pl & 2 Ave,5669,40.75414519263519,-73.9960889518261,40.7284186,-73.98713956,member
678705,9B58498ACDCE109A,classic_bike,2022-03-02 13:44:17,2022-03-02 14:09:01,W 35 St & 9 Ave,6569,Washington Square E,5755,40.75414519263519,-73.9960889518261,40.73049393,-73.9957214,casual
678726,4E146057E2355DF2,classic_bike,2022-03-25 23:14:57,2022-03-25 23:48:00,W 35 St & 9 Ave,6569,E 16 St & 5 Ave,6022,40.75414519263519,-73.9960889518261,40.73726186,-73.99238967,member
678779,AA5CB7FC25CA2DD9,electric_bike,2022-03-16 08:50:49,2022-03-16 09:00:43,W 35 St & Dyer Ave,6569,E 16 St & 5 Ave,6022,40.754691750226016,-73.99740189313889,40.73726186,-73.99238967,member
678785,38A37643B5640A63,electric_bike,2022-03-07 17:26:53,2022-03-07 17:42:34,W 35 St & 9 Ave,6569,St Marks Pl & 2 Ave,5669,40.75414519263519,-73.9960889518261,40.7284186,-73.98713956,member
679880,D0EECCFA4A607812,classic_bike,2022-03-21 16:52:29,2022-03-21 17:04:26,W 35 St & 9 Ave,6569,E 16 St & 5 Ave,6022,40.75414519263519,-73.9960889518261,40.73726186,-73.99238967,casual
679925,F0676516665ECAB2,electric_bike,2022-03-10 14:18:44,2022-03-10 14:41:00,W 35 St & 9 Ave,6569,Stanton St & Norfolk St,5445,40.75414519263519,-73.9960889518261,40.720747,-73.986274,member
679949,AF2F36C693E1C19B,classic_bike,2022-03-16 12:32:16,2022-03-16 12:43:22,W 36 St & 9 Ave,6569,E 16 St & 5 Ave,6022,40.75462324029105,-73.99516761302948,40.73726186,-73.99238967,member
680243,10AC4DA46E3F56DD,electric_bike,2022-03-10 11:39:13,2022-03-10 12:17:10,W 35 St & 9 Ave,6569,Suydam St & Broadway,4689,40.75414519263519,-73.9960889518261,40.69544,-73.93223,member
680250,FF50828E8B90CE40,classic_bike,2022-03-02 10:03:09,2022-03-02 10:19:26,W 35 St & 9 Ave,6569,E 16 St & 5 Ave,6022,40.75414519263519,-73.9960889518261,40.73726186,-73.99238967,member
680273,EDC43F1A881CFA13,classic_bike,2022-03-11 09:10:34,2022-03-11 09:25:14,W 35 St & 9 Ave,6569,E 16 St & 5 Ave,6022,40.75414519263519,-73.9960889518261,40.73726186,-73.99238967,member
680277,F7AA2E39FE4C02E7,classic_bike,2022-03-29 18:32:59,2022-03-29 18:56:54,W 35 St & 9 Ave,6569,W 89 St & Columbus Ave,7432,40.75414519263519,-73.9960889518261,40.7882213,-73.97041561,member
680296,943959BC9F17C5A5,electric_bike,2022-03-18 14:41:16,2022-03-18 15:08:59,W 35 St & 9 Ave,6569,Washington Square E,5755,40.75414519263519,-73.9960889518261,40.73049393,-73.9957214,member
680329,90E84027F41F9AD1,classic_bike,2022-03-02 16:35:45,2022-03-02 17:00:03,W 35 St & 9 Ave,6569,St Marks Pl & 2 Ave,5669,40.75414519263519,-73.9960889518261,40.7284186,-73.98713956,member
680351,333A11A0CA929E8A,classic_bike,2022-03-29 17:52:29,2022-03-29 18:14:44,W 35 St & 9 Ave,6569,St Marks Pl & 2 Ave,5669,40.75414519263519,-73.9960889518261,40.7284186,-73.98713956,member
680353,637E96D10A145AED,classic_bike,2022-03-22 18:20:48,2022-03-22 18:31:33,W 35 St & 9 Ave,6569,E 16 St & 5 Ave,6022,40.75414519263519,-73.9960889518261,40.73726186,-73.99238967,member
680547,7EE1C114FCC275D8,classic_bike,2022-03-05 11:39:36,2022-03-05 12:09:31,W 35 St & 9 Ave,6569,St Marks Pl & 2 Ave,5669,40.75414519263519,-73.9960889518261,40.7284186,-73.98713956,casual
680550,FD3AB0EC7B31DF33,electric_bike,2022-03-10 09:09:43,2022-03-10 09:32:23,W 35 St & 9 Ave,6569,Stanton St & Norfolk St,5445,40.75414519263519,-73.9960889518261,40.720747,-73.986274,casual
681417,B4EE24E7734652CA,classic_bike,2022-03-01 17:15:54,2022-03-01 17:37:20,W 35 St & 9 Ave,6569,St Marks Pl & 2 Ave,5669,40.75414519263519,-73.9960889518261,40.7284186,-73.98713956,member
681448,104159925FC50F5E,electric_bike,2022-03-06 21:40:28,2022-03-06 21:57:49,W 35 St & 9 Ave,6569,W 89 St & Columbus Ave,7432,40.75414519263519,-73.9960889518261,40.7882213,-73.97041561,member
681474,361EE04843C2A3F1,classic_bike,2022-03-18 13:18:13,2022-03-18 13:32:27,W 35 St & 9 Ave,6569,E 16 St & 5 Ave,6022,40.75414519263519,-73.9960889518261,40.73726186,-73.99238967,member
681476,F50CF669BCF989E3,electric_bike,2022-03-08 16:36:54,2022-03-08 16:56:44,W 35 St & 9 Ave,6569,Stanton St & Norfolk St,5445,40.75414519263519,-73.9960889518261,40.720747,-73.986274,member
681551,5A92BF4FCF9702CC,classic_bike,2022-03-22 17:26:44,2022-03-22 17:44:44,W 35 St & 9 Ave,6569,St Marks Pl & 2 Ave,5669,40.75414519263519,-73.9960889518261,40.7284186,-73.98713956,member
681556,9D5790FF36AF28A7,classic_bike,2022-03-02 18:36:21,2022-03-02 18:53:50,W 35 St & 9 Ave,6569,Washington Square E,5755,40.75414519263519,-73.9960889518261,40.73049393,-73.9957214,casual
681660,7D330696EFE9A7C8,electric_bike,2022-03-23 10:07:56,2022-03-23 10:20:59,W 35 St & Dyer Ave,6569,Grand Army Plaza & Central Park S,6839,40.754691750226016,-73.99740189313889,40.7643971,-73.97371465,member
681661,7C1F620CB8178248,electric_bike,2022-03-10 09:29:25,2022-03-10 09:42:17,W 35 St & Dyer Ave,6569,Grand Army Plaza & Central Park S,6839,40.754691750226016,-73.99740189313889,40.7643971,-73.97371465,member
682800,6FF27B9EDDF92D8D,electric_bike,2022-03-29 10:31:04,2022-03-29 10:45:25,W 35 St & Dyer Ave,6569,Grand Army Plaza & Central Park S,6839,40.754691750226016,-73.99740189313889,40.7643971,-73.97371465,member
682805,878F577B0900F4FB,electric_bike,2022-03-17 10:12:06,2022-03-17 10:26:54,W 35 St & Dyer Ave,6569,Grand Army Plaza & Central Park S,6839,40.754691750226016,-73.99740189313889,40.7643971,-73.97371465,member
682818,365A3DDEC4AFE5BC,electric_bike,2022-03-24 10:00:12,2022-03-24 10:15:30,W 35 St & Dyer Ave,6569,Grand Army Plaza & Central Park S,6839,40.754691750226016,-73.99740189313889,40.7643971,-73.97371465,member
682819,D99B8280F188191D,electric_bike,2022-03-11 10:13:13,2022-03-11 10:25:50,W 35 St & Dyer Ave,6569,Grand Army Plaza & Central Park S,6839,40.754691750226016,-73.99740189313889,40.7643971,-73.97371465,member
682820,95E1E9DC1FCF22CB,electric_bike,2022-03-31 10:13:30,2022-03-31 10:26:58,W 35 St & Dyer Ave,6569,Grand Army Plaza & Central Park S,6839,40.754691750226016,-73.99740189313889,40.7643971,-73.97371465,member
682834,FB2289AA23D5D2A9,classic_bike,2022-03-30 08:15:26,2022-03-30 08:31:31,W 35 St & Dyer Ave,6569,Grand Army Plaza & Central Park S,6839,40.754691750226016,-73.99740189313889,40.7643971,-73.97371465,member
683271,D18507C694B71715,classic_bike,2022-03-11 08:15:45,2022-03-11 08:29:29,W 35 St & 9 Ave,6569,E 53 St & Lexington Ave,6617,40.75414519263519,-73.9960889518261,40.75828065,-73.97069431,member
683272,895EC14B9949BD30,classic_bike,2022-03-10 07:22:29,2022-03-10 07:37:18,W 35 St & 9 Ave,6569,E 53 St & Lexington Ave,6617,40.75414519263519,-73.9960889518261,40.75828065,-73.97069431,member
683469,82799ECE17AB9460,electric_bike,2022-03-14 19:59:59,2022-03-14 20:18:43,W 36 St & 9 Ave,6569,Grand Army Plaza & Central Park S,6839,40.75462324029105,-73.99516761302948,40.7643971,-73.97371465,member
685023,76F7740F8240FEDA,electric_bike,2022-03-30 10:13:42,2022-03-30 10:27:18,W 35 St & Dyer Ave,6569,Grand Army Plaza & Central Park S,6839,40.754691750226016,-73.99740189313889,40.7643971,-73.97371465,member
685024,72A1A1ACD37B2235,electric_bike,2022-03-05 10:39:06,2022-03-05 10:49:36,W 35 St & Dyer Ave,6569,Grand Army Plaza & Central Park S,6839,40.754691750226016,-73.99740189313889,40.7643971,-73.97371465,member
685030,CB9316C0E53A4C08,electric_bike,2022-03-18 10:03:28,2022-03-18 10:16:36,W 35 St & Dyer Ave,6569,Grand Army Plaza & Central Park S,6839,40.754691750226016,-73.99740189313889,40.7643971,-73.97371465,member
686062,3CE775B35EB2E543,classic_bike,2022-03-07 10:14:45,2022-03-07 10:34:27,W 36 St & 9 Ave,6569,Grand Army Plaza & Central Park S,6839,40.75462324029105,-73.99516761302948,40.7643971,-73.97371465,member
686064,F8A15A21C6466CBB,electric_bike,2022-03-21 17:05:32,2022-03-21 17:16:42,W 36 St & 9 Ave,6569,Grand Army Plaza & Central Park S,6839,40.75462324029105,-73.99516761302948,40.7643971,-73.97371465,member
686080,FF1ADC345BE32612,electric_bike,2022-03-28 09:51:48,2022-03-28 10:04:33,W 36 St & 9 Ave,6569,W 51 St & Rockefeller Plaza,6700,40.75462324029105,-73.99516761302948,40.75973805251143,-73.97811613976955,member
686094,B9A2C431328BAF01,classic_bike,2022-03-06 11:20:40,2022-03-06 11:33:30,W 36 St & 9 Ave,6569,E 53 St & Lexington Ave,6617,40.75462324029105,-73.99516761302948,40.75828065,-73.97069431,member
686121,759A705A7D6D8AE8,classic_bike,2022-03-26 10:39:59,2022-03-26 11:02:34,W 36 St & 9 Ave,6569,Forsyth St & Broome St,5453,40.75462324029105,-73.99516761302948,40.71893904,-73.99266288,member
689044,79D68A772C73BAA8,classic_bike,2022-03-29 07:56:47,2022-03-29 08:18:57,W 35 St & Dyer Ave,6569,Grand Army Plaza & Central Park S,6839,40.754691750226016,-73.99740189313889,40.7643971,-73.97371465,member
689090,E3406CE9F389EC0A,electric_bike,2022-03-23 14:13:24,2022-03-23 14:25:29,W 35 St & Dyer Ave,6569,Grand Army Plaza & Central Park S,6839,40.754691750226016,-73.99740189313889,40.7643971,-73.97371465,member
689092,F773591E52C406FA,classic_bike,2022-03-08 10:11:18,2022-03-08 10:47:38,W 35 St & Dyer Ave,6569,Grand Army Plaza & Central Park S,6839,40.754691750226016,-73.99740189313889,40.7643971,-73.97371465,casual
689607,C6C9B44D3F798807,electric_bike,2022-03-13 11:10:23,2022-03-13 11:26:30,W 35 St & Dyer Ave,6569,Grand Army Plaza & Central Park S,6839,40.754691750226016,-73.99740189313889,40.7643971,-73.97371465,member
689608,97151CE6EE023355,electric_bike,2022-03-18 10:11:45,2022-03-18 10:25:06,W 35 St & Dyer Ave,6569,Grand Army Plaza & Central Park S,6839,40.754691750226016,-73.99740189313889,40.7643971,-73.97371465,member
690046,064EE318C332F46E,electric_bike,2022-03-10 17:24:40,2022-03-10 17:45:26,W 35 St & 9 Ave,6569,Grand Army Plaza & Central Park S,6839,40.75414519263519,-73.9960889518261,40.7643971,-73.97371465,casual
690186,E4615A97F7EF839F,classic_bike,2022-03-07 07:39:38,2022-03-07 07:53:13,W 35 St & 9 Ave,6569,E 53 St & Lexington Ave,6617,40.75414519263519,-73.9960889518261,40.75828065,-73.97069431,member
690228,828CBFDBAE241018,electric_bike,2022-03-03 10:23:24,2022-03-03 10:35:46,W 35 St & 9 Ave,6569,Grand Army Plaza & Central Park S,6839,40.75414519263519,-73.9960889518261,40.7643971,-73.97371465,member
690229,5C21AF0E07A38EC1,electric_bike,2022-03-13 14:09:45,2022-03-13 14:25:23,W 35 St & 9 Ave,6569,Grand Army Plaza & Central Park S,6839,40.75414519263519,-73.9960889518261,40.7643971,-73.97371465,member
690236,782DE41377A39F88,electric_bike,2022-03-07 11:46:41,2022-03-07 12:10:17,W 35 St & 9 Ave,6569,W 51 St & Rockefeller Plaza,6700,40.75414519263519,-73.9960889518261,40.75973805251143,-73.97811613976955,casual
693446,90B614DE8E884737,classic_bike,2022-03-28 09:17:20,2022-03-28 09:32:45,W 35 St & Dyer Ave,6569,E 53 St & Lexington Ave,6617,40.754691750226016,-73.99740189313889,40.75828065,-73.97069431,member
693465,506F4EF202DDB84D,electric_bike,2022-03-22 15:57:54,2022-03-22 16:39:08,W 35 St & 9 Ave,6569,Adam Clayton Powell Blvd & W 141 St,7893,40.75414519263519,-73.9960889518261,40.819241,-73.941057,member
693483,660EFEC016FF2AE3,electric_bike,2022-03-09 19:11:07,2022-03-09 19:28:47,W 35 St & 9 Ave,6569,E 53 St & Lexington Ave,6617,40.75414519263519,-73.9960889518261,40.75828065,-73.97069431,member
693489,3D8C70D6D5330CDB,classic_bike,2022-03-15 10:08:29,2022-03-15 10:31:41,W 35 St & 9 Ave,6569,Grand Army Plaza & Central Park S,6839,40.75414519263519,-73.9960889518261,40.7643971,-73.97371465,member
693492,48BD24BDAACD8999,classic_bike,2022-03-22 18:24:38,2022-03-22 18:32:43,W 35 St & 9 Ave,6569,W 51 St & Rockefeller Plaza,6700,40.75414519263519,-73.9960889518261,40.75973805251143,-73.97811613976955,member
693525,BD6D6CF5BB5CBA32,electric_bike,2022-03-02 10:01:15,2022-03-02 10:13:31,W 35 St & 9 Ave,6569,Grand Army Plaza & Central Park S,6839,40.75414519263519,-73.9960889518261,40.7643971,-73.97371465,member
693526,46B052930CDF5379,electric_bike,2022-03-07 09:46:16,2022-03-07 10:08:49,W 35 St & 9 Ave,6569,E 53 St & Lexington Ave,6617,40.75414519263519,-73.9960889518261,40.75828065,-73.97069431,member
694616,26C195D60CAE2B12,classic_bike,2022-03-16 10:12:07,2022-03-16 10:35:50,W 36 St & 9 Ave,6569,Grand Army Plaza & Central Park S,6839,40.75462324029105,-73.99516761302948,40.7643971,-73.97371465,member
694622,ACD20B03DF9F196E,electric_bike,2022-03-07 15:08:30,2022-03-07 15:22:32,W 36 St & 9 Ave,6569,W 51 St & Rockefeller Plaza,6700,40.75462324029105,-73.99516761302948,40.75973805251143,-73.97811613976955,casual
694624,9D2B4ABAD8AE1278,electric_bike,2022-03-01 10:06:07,2022-03-01 10:17:32,W 36 St & 9 Ave,6569,Grand Army Plaza & Central Park S,6839,40.75462324029105,-73.99516761302948,40.7643971,-73.97371465,member
694628,8E72C8C4FEB25839,classic_bike,2022-03-13 07:36:01,2022-03-13 07:49:39,W 36 St & 9 Ave,6569,E 53 St & Lexington Ave,6617,40.75462324029105,-73.99516761302948,40.75828065,-73.97069431,member
695714,289617BFF2DC433A,classic_bike,2022-03-08 07:27:46,2022-03-08 07:40:47,W 35 St & 9 Ave,6569,E 53 St & Lexington Ave,6617,40.75414519263519,-73.9960889518261,40.75828065,-73.97069431,member
696754,535336B1321B51F9,electric_bike,2022-03-28 11:40:20,2022-03-28 11:52:26,W 35 St & 9 Ave,6569,Grand Army Plaza & Central Park S,6839,40.75414519263519,-73.9960889518261,40.7643971,-73.97371465,member
696760,8E018B12B29F431D,electric_bike,2022-03-28 10:55:53,2022-03-28 11:10:31,W 35 St & 9 Ave,6569,Grand Army Plaza & Central Park S,6839,40.75414519263519,-73.9960889518261,40.7643971,-73.97371465,member
696761,D7C47F4261CCE64B,electric_bike,2022-03-22 10:57:08,2022-03-22 11:07:44,W 35 St & 9 Ave,6569,Grand Army Plaza & Central Park S,6839,40.75414519263519,-73.9960889518261,40.7643971,-73.97371465,member
696768,6579CBB4884A52DA,electric_bike,2022-03-09 11:54:01,2022-03-09 12:01:36,W 35 St & 9 Ave,6569,W 51 St & Rockefeller Plaza,6700,40.75414519263519,-73.9960889518261,40.75973805251143,-73.97811613976955,member
696794,2BEEE900BCBD5460,classic_bike,2022-03-31 17:10:58,2022-03-31 17:27:01,W 35 St & 9 Ave,6569,W 51 St & Rockefeller Plaza,6700,40.75414519263519,-73.9960889518261,40.75973805251143,-73.97811613976955,casual
696798,362FA1938F86156E,electric_bike,2022-03-14 10:04:46,2022-03-14 10:16:25,W 35 St & 9 Ave,6569,Grand Army Plaza & Central Park S,6839,40.75414519263519,-73.9960889518261,40.7643971,-73.97371465,member
697100,8D1275DF416129FF,classic_bike,2022-03-31 08:18:17,2022-03-31 08:31:03,W 35 St & 9 Ave,6569,E 53 St & Lexington Ave,6617,40.75414519263519,-73.9960889518261,40.75828065,-73.97069431,member
697127,E8E3DE06532474C7,electric_bike,2022-03-10 17:24:49,2022-03-10 17:45:15,W 35 St & 9 Ave,6569,Grand Army Plaza & Central Park S,6839,40.75414519263519,-73.9960889518261,40.7643971,-73.97371465,casual
697383,7E739AC80287021A,docked_bike,2022-03-07 11:53:18,2022-03-07 12:10:02,W 35 St & 9 Ave,6569,W 51 St & Rockefeller Plaza,6700,40.754145,-73.996089,40.759738,-73.978116,casual
697408,7CB53CD19BD03D6F,classic_bike,2022-03-17 08:11:46,2022-03-17 08:26:11,W 35 St & 9 Ave,6569,E 53 St & Lexington Ave,6617,40.75414519263519,-73.9960889518261,40.75828065,-73.97069431,member
698037,0F79C01A5D388D3E,classic_bike,2022-03-11 08:58:59,2022-03-11 09:14:18,W 36 St & 9 Ave,6569,Washington Pl & 6 Ave,5838,40.75462324029105,-73.99516761302948,40.73224119,-74.00026394,member
698048,E9AF68A76D3DA6C9,classic_bike,2022-03-10 17:24:20,2022-03-10 17:45:11,W 35 St & 9 Ave,6569,Grand Army Plaza & Central Park S,6839,40.75414519263519,-73.9960889518261,40.7643971,-73.97371465,member
702676,3A7FDD4EE1956568,classic_bike,2022-03-11 14:45:57,2022-03-11 15:21:56,W 35 St & Dyer Ave,6569,1 Ave & E 78 St,7020,40.754691750226016,-73.99740189313889,40.77140426,-73.9535166,casual
704861,2F28E0FB5C2902B2,classic_bike,2022-03-25 18:04:28,2022-03-25 18:19:52,W 36 St & 9 Ave,6569,E 25 St & 2 Ave,6046,40.75462324029105,-73.99516761302948,40.73912601,-73.97973776,member
704862,8B64848DA47CC41C,classic_bike,2022-03-17 21:08:36,2022-03-17 21:18:18,W 36 St & 9 Ave,6569,E 25 St & 2 Ave,6046,40.75462324029105,-73.99516761302948,40.73912601,-73.97973776,member
704898,DD109A1232915E67,classic_bike,2022-03-22 09:21:40,2022-03-22 09:52:59,W 36 St & 9 Ave,6569,E 3 St & 1 Ave,5553,40.75462324029105,-73.99516761302948,40.72467721,-73.98783413,casual
704947,CB54A0EF62DCB88C,classic_bike,2022-03-02 19:21:04,2022-03-02 19:32:59,W 36 St & 9 Ave,6569,E 25 St & 2 Ave,6046,40.75462324029105,-73.99516761302948,40.73912601,-73.97973776,member
704960,81F6AFE17C9B4AF1,classic_bike,2022-03-14 17:07:39,2022-03-14 17:48:24,W 36 St & 9 Ave,6569,Henry St & Remsen St,4645,40.75462324029105,-73.99516761302948,40.69400964865994,-73.99465128779411,casual
705007,8539A8AD54C2EA5E,docked_bike,2022-03-01 11:35:29,2022-03-01 12:00:31,W 36 St & 9 Ave,6569,Washington Pl & 6 Ave,5838,40.754623,-73.995168,40.732241,-74.000264,casual
708555,C0B4C0A9991B91CE,classic_bike,2022-03-26 08:53:03,2022-03-26 09:04:53,W 35 St & 9 Ave,6569,Washington Pl & 6 Ave,5838,40.75414519263519,-73.9960889518261,40.73224119,-74.00026394,member
709569,5E63A1945E792422,classic_bike,2022-03-05 20:13:20,2022-03-05 20:28:49,W 36 St & 9 Ave,6569,E 25 St & 2 Ave,6046,40.75462324029105,-73.99516761302948,40.73912601,-73.97973776,member
709573,EB45EADC1A66E888,electric_bike,2022-03-11 19:56:54,2022-03-11 20:07:52,W 36 St & 9 Ave,6569,Washington Pl & 6 Ave,5838,40.75462324029105,-73.99516761302948,40.73224119,-74.00026394,member
709606,6522A85E3A10ACDC,electric_bike,2022-03-04 21:22:35,2022-03-04 22:18:30,W 36 St & 9 Ave,6569,Washington Pl & 6 Ave,5838,40.75462324029105,-73.99516761302948,40.73224119,-74.00026394,casual
709607,FA7C229AA25EB018,electric_bike,2022-03-10 10:02:31,2022-03-10 10:16:46,W 36 St & 9 Ave,6569,Washington Pl & 6 Ave,5838,40.75462324029105,-73.99516761302948,40.73224119,-74.00026394,casual
709608,EBFA3BCB7A613853,classic_bike,2022-03-15 15:38:43,2022-03-15 16:15:08,W 36 St & 9 Ave,6569,Henry St & Remsen St,4645,40.75462324029105,-73.99516761302948,40.69400964865994,-73.99465128779411,casual
710968,FBFF8F4479EC51C2,electric_bike,2022-03-21 20:24:52,2022-03-21 20:36:08,W 36 St & 9 Ave,6569,E 25 St & 2 Ave,6046,40.75462324029105,-73.99516761302948,40.73912601,-73.97973776,member
712938,73235B992A0BB86C,classic_bike,2022-03-18 15:14:33,2022-03-18 15:28:45,W 35 St & 9 Ave,6569,E 25 St & 2 Ave,6046,40.75414519263519,-73.9960889518261,40.73912601,-73.97973776,casual
714135,398D7CD4EE6A3FB1,electric_bike,2022-03-15 09:31:23,2022-03-15 09:51:24,W 35 St & 9 Ave,6569,1 Ave & E 78 St,7020,40.75414519263519,-73.9960889518261,40.77140426,-73.9535166,member
714136,6FE2A0F1F9386F36,classic_bike,2022-03-31 16:25:49,2022-03-31 16:47:14,W 35 St & 9 Ave,6569,1 Ave & E 78 St,7020,40.75414519263519,-73.9960889518261,40.77140426,-73.9535166,member
714623,7E45FB37613D6D84,classic_bike,2022-03-11 12:37:48,2022-03-11 12:57:57,W 35 St & 9 Ave,6569,Washington Pl & 6 Ave,5838,40.75414519263519,-73.9960889518261,40.73224119,-74.00026394,casual
714654,B92FEA14154A9E94,electric_bike,2022-03-21 13:08:48,2022-03-21 13:18:51,W 35 St & 9 Ave,6569,E 25 St & 2 Ave,6046,40.75414519263519,-73.9960889518261,40.73912601,-73.97973776,member
715247,53055A0A85E8EA75,electric_bike,2022-03-18 13:52:04,2022-03-18 14:16:03,W 35 St & 9 Ave,6569,1 Ave & E 78 St,7020,40.75414519263519,-73.9960889518261,40.77140426,-73.9535166,member
715750,2ECA38FBCFB7308F,electric_bike,2022-03-26 17:06:43,2022-03-26 17:19:55,W 35 St & Dyer Ave,6569,2 Ave & E 31 St,6197,40.754691750226016,-73.99740189313889,40.74290902,-73.97706058,member
715774,9EC0C31FFF3126BD,electric_bike,2022-03-28 14:19:11,2022-03-28 14:30:51,W 35 St & Dyer Ave,6569,Lexington Ave & E 26 St,6089,40.754691750226016,-73.99740189313889,40.741459,-73.983293,member
715846,734221EA89A559CB,electric_bike,2022-03-24 10:19:07,2022-03-24 10:29:14,W 35 St & Dyer Ave,6569,Lexington Ave & E 26 St,6089,40.754691750226016,-73.99740189313889,40.741459,-73.983293,member
716454,B0E8DD76C2359D4F,classic_bike,2022-03-22 06:37:26,2022-03-22 06:51:41,W 36 St & 9 Ave,6569,E 27 St & 1 Ave,6004,40.75462324029105,-73.99516761302948,40.739445,-73.976806,member
716466,2883727A6704A5A5,electric_bike,2022-03-16 18:05:26,2022-03-16 18:15:47,W 36 St & 9 Ave,6569,Lexington Ave & E 26 St,6089,40.75462324029105,-73.99516761302948,40.741459,-73.983293,member
717517,9C12F85C35D1522E,classic_bike,2022-03-24 06:51:19,2022-03-24 07:08:06,W 35 St & 9 Ave,6569,E 27 St & 1 Ave,6004,40.75414519263519,-73.9960889518261,40.739445,-73.976806,member
717518,0F06E0B4D594070A,classic_bike,2022-03-17 06:47:42,2022-03-17 07:02:23,W 35 St & 9 Ave,6569,E 27 St & 1 Ave,6004,40.75414519263519,-73.9960889518261,40.739445,-73.976806,member
717540,E79233883A3476EC,electric_bike,2022-03-27 16:04:11,2022-03-27 16:11:42,W 35 St & 9 Ave,6569,2 Ave & E 31 St,6197,40.75414519263519,-73.9960889518261,40.74290902,-73.97706058,casual
717541,25FFEB24E25D646A,electric_bike,2022-03-22 15:11:57,2022-03-22 15:38:25,W 35 St & 9 Ave,6569,E 47 St & Park Ave,6584,40.75414519263519,-73.9960889518261,40.75510267,-73.97498696,casual
718485,D4627015DDB14E6F,classic_bike,2022-03-16 19:50:13,2022-03-16 20:03:45,W 35 St & Dyer Ave,6569,Lexington Ave & E 26 St,6089,40.754691750226016,-73.99740189313889,40.741459,-73.983293,member
718486,8C3E7C997E340067,classic_bike,2022-03-02 20:26:59,2022-03-02 20:39:25,W 35 St & Dyer Ave,6569,Lexington Ave & E 26 St,6089,40.754691750226016,-73.99740189313889,40.741459,-73.983293,member
720010,A537E9C8C465248A,electric_bike,2022-03-11 06:37:55,2022-03-11 06:50:48,W 36 St & 9 Ave,6569,E 27 St & 1 Ave,6004,40.75462324029105,-73.99516761302948,40.739445,-73.976806,member
720012,22E7DA79F3D1DA3E,electric_bike,2022-03-23 07:19:38,2022-03-23 07:31:05,W 36 St & 9 Ave,6569,E 27 St & 1 Ave,6004,40.75462324029105,-73.99516761302948,40.739445,-73.976806,member
720013,32587413ECEA42F8,electric_bike,2022-03-30 08:05:44,2022-03-30 08:17:43,W 36 St & 9 Ave,6569,E 27 St & 1 Ave,6004,40.75462324029105,-73.99516761302948,40.739445,-73.976806,casual
720754,B598559C7DADF381,electric_bike,2022-03-16 11:31:01,2022-03-16 11:45:14,W 36 St & 9 Ave,6569,E 47 St & Park Ave,6584,40.75462324029105,-73.99516761302948,40.75510267,-73.97498696,member
721720,E796EBC10C97FDA2,classic_bike,2022-03-15 08:16:11,2022-03-15 08:29:55,W 35 St & 9 Ave,6569,E 27 St & 1 Ave,6004,40.75414519263519,-73.9960889518261,40.739445,-73.976806,member
721730,57D1C3C64CBB2742,electric_bike,2022-03-17 20:07:24,2022-03-17 20:56:21,W 35 St & 9 Ave,6569,E 27 St & 1 Ave,6004,40.75414519263519,-73.9960889518261,40.739445,-73.976806,member
722483,CDC349B0947F4E39,electric_bike,2022-03-15 09:03:00,2022-03-15 09:11:39,W 35 St & Dyer Ave,6569,2 Ave & E 31 St,6197,40.754691750226016,-73.99740189313889,40.74290902,-73.97706058,member
731113,98166206BD39ACA9,classic_bike,2022-03-01 18:16:34,2022-03-01 18:30:05,W 35 St & Dyer Ave,6569,2 Ave & E 31 St,6197,40.754691750226016,-73.99740189313889,40.74290902,-73.97706058,member
731135,2F136F8BE7E75172,electric_bike,2022-03-17 08:51:07,2022-03-17 09:08:43,W 35 St & Dyer Ave,6569,West End Ave & W 78 St,7340,40.754691750226016,-73.99740189313889,40.783786,-73.981687,member
731146,B35C778760AE2B93,electric_bike,2022-03-24 07:43:55,2022-03-24 07:54:35,W 35 St & Dyer Ave,6569,2 Ave & E 31 St,6197,40.754691750226016,-73.99740189313889,40.74290902,-73.97706058,member
732009,CF088195E76C209D,electric_bike,2022-03-28 06:52:15,2022-03-28 07:03:00,W 35 St & 9 Ave,6569,E 27 St & 1 Ave,6004,40.75414519263519,-73.9960889518261,40.739445,-73.976806,member
732029,61E89271EB4A44DA,electric_bike,2022-03-08 06:42:54,2022-03-08 06:54:12,W 35 St & 9 Ave,6569,E 27 St & 1 Ave,6004,40.75414519263519,-73.9960889518261,40.739445,-73.976806,member
732076,168E2E234B82758C,electric_bike,2022-03-23 08:27:20,2022-03-23 08:40:18,W 35 St & 9 Ave,6569,E 27 St & 1 Ave,6004,40.75414519263519,-73.9960889518261,40.739445,-73.976806,member
732077,59F28B24C3A48C0A,electric_bike,2022-03-07 07:28:40,2022-03-07 07:40:49,W 35 St & 9 Ave,6569,E 27 St & 1 Ave,6004,40.75414519263519,-73.9960889518261,40.739445,-73.976806,member
732120,B66B7D91B0EE769A,classic_bike,2022-03-20 18:11:13,2022-03-20 18:24:55,W 35 St & Dyer Ave,6569,Lexington Ave & E 26 St,6089,40.754691750226016,-73.99740189313889,40.741459,-73.983293,member
732236,446C94E5E7922B1F,electric_bike,2022-03-22 21:52:17,2022-03-22 22:00:29,W 35 St & 9 Ave,6569,Lexington Ave & E 26 St,6089,40.75414519263519,-73.9960889518261,40.741459,-73.983293,member
733596,25295ABF0B6DD36F,electric_bike,2022-03-29 18:13:08,2022-03-29 18:24:34,W 35 St & 9 Ave,6569,Lexington Ave & E 26 St,6089,40.75414519263519,-73.9960889518261,40.741459,-73.983293,member
733600,CE981D33CA24AF7B,electric_bike,2022-03-14 07:22:05,2022-03-14 07:35:59,W 35 St & 9 Ave,6569,E 27 St & 1 Ave,6004,40.75414519263519,-73.9960889518261,40.739445,-73.976806,member
734895,71D870A727F44EE2,classic_bike,2022-03-22 08:48:37,2022-03-22 08:59:00,W 35 St & Dyer Ave,6569,2 Ave & E 31 St,6197,40.754691750226016,-73.99740189313889,40.74290902,-73.97706058,member
735452,3CE8C494D3237517,electric_bike,2022-03-28 07:31:59,2022-03-28 07:43:19,W 35 St & 9 Ave,6569,E 27 St & 1 Ave,6004,40.75414519263519,-73.9960889518261,40.739445,-73.976806,member
735457,5E280529767C3738,classic_bike,2022-03-03 16:36:46,2022-03-03 16:55:51,W 35 St & 9 Ave,6569,E 47 St & Park Ave,6584,40.75414519263519,-73.9960889518261,40.75510267,-73.97498696,casual
735495,EBD9525F419C9A0C,electric_bike,2022-03-08 08:03:34,2022-03-08 08:17:46,W 35 St & 9 Ave,6569,E 27 St & 1 Ave,6004,40.75414519263519,-73.9960889518261,40.739445,-73.976806,member
735497,2BE3A6D887A64859,electric_bike,2022-03-02 08:15:40,2022-03-02 08:29:55,W 35 St & 9 Ave,6569,E 27 St & 1 Ave,6004,40.75414519263519,-73.9960889518261,40.739445,-73.976806,member
735498,FF1E8E7CF435B7ED,electric_bike,2022-03-15 18:40:43,2022-03-15 18:54:31,W 35 St & 9 Ave,6569,E 27 St & 1 Ave,6004,40.75414519263519,-73.9960889518261,40.739445,-73.976806,member
735538,25771ED5CC192E11,classic_bike,2022-03-29 17:22:37,2022-03-29 17:37:10,W 35 St & 9 Ave,6569,E 27 St & 1 Ave,6004,40.75414519263519,-73.9960889518261,40.739445,-73.976806,member
735543,C4E3C2FF0D3122B3,electric_bike,2022-03-31 08:31:31,2022-03-31 08:41:47,W 35 St & 9 Ave,6569,E 47 St & Park Ave,6584,40.75414519263519,-73.9960889518261,40.75510267,-73.97498696,member
735564,7C58BEC668756DD5,electric_bike,2022-03-15 09:49:26,2022-03-15 10:00:15,W 35 St & 9 Ave,6569,Lexington Ave & E 26 St,6089,40.75414519263519,-73.9960889518261,40.741459,-73.983293,member
735568,0E3C0B3FBA304329,electric_bike,2022-03-13 11:39:43,2022-03-13 11:47:10,W 35 St & 9 Ave,6569,Lexington Ave & E 26 St,6089,40.75414519263519,-73.9960889518261,40.741459,-73.983293,member
735637,3DA33026AB141EEE,classic_bike,2022-03-04 08:10:55,2022-03-04 08:26:38,W 35 St & 9 Ave,6569,E 27 St & 1 Ave,6004,40.75414519263519,-73.9960889518261,40.739445,-73.976806,member
735641,AF065EA86FF2E578,classic_bike,2022-03-10 16:42:38,2022-03-10 16:58:45,W 35 St & 9 Ave,6569,E 47 St & Park Ave,6584,40.75414519263519,-73.9960889518261,40.75510267,-73.97498696,member
735642,61461AE0AC24DDD8,electric_bike,2022-03-22 08:44:37,2022-03-22 08:56:18,W 35 St & 9 Ave,6569,Lexington Ave & E 26 St,6089,40.75414519263519,-73.9960889518261,40.741459,-73.983293,member
736631,240DCB4AD4F7B49E,classic_bike,2022-03-08 18:11:53,2022-03-08 18:37:48,W 35 St & 9 Ave,6569,West End Ave & W 78 St,7340,40.75414519263519,-73.9960889518261,40.783786,-73.981687,member
736634,18EAC217BAF1F53F,classic_bike,2022-03-10 11:57:54,2022-03-10 12:11:22,W 35 St & 9 Ave,6569,Lexington Ave & E 26 St,6089,40.75414519263519,-73.9960889518261,40.741459,-73.983293,member
736720,FE0DBF3DF32415A8,classic_bike,2022-03-30 11:28:45,2022-03-30 11:41:44,W 35 St & 9 Ave,6569,E 27 St & 1 Ave,6004,40.75414519263519,-73.9960889518261,40.739445,-73.976806,member
736772,072B89F5426B50D6,classic_bike,2022-03-22 06:51:15,2022-03-22 07:05:54,W 35 St & 9 Ave,6569,E 27 St & 1 Ave,6004,40.75414519263519,-73.9960889518261,40.739445,-73.976806,member
736945,E492DA70487E0814,classic_bike,2022-03-18 15:55:46,2022-03-18 16:12:01,W 35 St & 9 Ave,6569,Lexington Ave & E 26 St,6089,40.75414519263519,-73.9960889518261,40.741459,-73.983293,member
737008,839EB20A26DB14E3,classic_bike,2022-03-19 09:16:30,2022-03-19 09:28:28,W 36 St & 9 Ave,6569,E 47 St & Park Ave,6584,40.75462324029105,-73.99516761302948,40.75510267,-73.97498696,member
737031,A72E5F384A8EDC42,electric_bike,2022-03-25 20:56:49,2022-03-25 21:05:01,W 36 St & 9 Ave,6569,E 47 St & Park Ave,6584,40.75462324029105,-73.99516761302948,40.75510267,-73.97498696,member
737415,1E74DA9F14449366,classic_bike,2022-03-10 14:05:48,2022-03-10 14:17:33,W 35 St & Dyer Ave,6569,Lexington Ave & E 26 St,6089,40.754691750226016,-73.99740189313889,40.741459,-73.983293,member
737499,9C4A9274131E36B8,electric_bike,2022-03-10 06:58:55,2022-03-10 07:11:41,W 35 St & 9 Ave,6569,E 27 St & 1 Ave,6004,40.75414519263519,-73.9960889518261,40.739445,-73.976806,member
744153,31290128F2810B9A,electric_bike,2022-03-02 19:45:23,2022-03-02 19:58:39,W 35 St & Dyer Ave,6569,E 10 St & 2 Ave,5746,40.754691750226016,-73.99740189313889,40.72970805644994,-73.9865979552269,member
744156,4C423CE352DB4A30,electric_bike,2022-03-07 07:42:30,2022-03-07 07:55:16,W 35 St & Dyer Ave,6569,E 25 St & 1 Ave,6004,40.754691750226016,-73.99740189313889,40.7381765,-73.97738662,member
747612,06395226351C1B43,classic_bike,2022-03-15 16:49:54,2022-03-15 17:05:28,W 35 St & 9 Ave,6569,Mott St & Prince St,5561,40.75414519263519,-73.9960889518261,40.72317958,-73.99480012,member
747745,5F8696F853452843,classic_bike,2022-03-03 16:44:42,2022-03-03 17:01:01,W 35 St & 9 Ave,6569,Mott St & Prince St,5561,40.75414519263519,-73.9960889518261,40.72317958,-73.99480012,member
747750,58492F91913D8B30,classic_bike,2022-03-08 18:53:59,2022-03-08 19:12:19,W 35 St & 9 Ave,6569,Mott St & Prince St,5561,40.75414519263519,-73.9960889518261,40.72317958,-73.99480012,member
747758,839A22FFCADDA0FC,classic_bike,2022-03-08 17:52:32,2022-03-08 18:08:28,W 35 St & 9 Ave,6569,Mott St & Prince St,5561,40.75414519263519,-73.9960889518261,40.72317958,-73.99480012,member
747786,34EC69CF885E5350,classic_bike,2022-03-21 15:18:05,2022-03-21 15:33:56,W 35 St & 9 Ave,6569,Mott St & Prince St,5561,40.75414519263519,-73.9960889518261,40.72317958,-73.99480012,member
747824,B825D5467B89ECDC,classic_bike,2022-03-16 16:31:41,2022-03-16 16:47:37,W 35 St & 9 Ave,6569,Mott St & Prince St,5561,40.75414519263519,-73.9960889518261,40.72317958,-73.99480012,member
747962,E1D8B4646D7CB99E,classic_bike,2022-03-15 20:30:14,2022-03-15 20:53:25,W 35 St & 9 Ave,6569,Mott St & Prince St,5561,40.75414519263519,-73.9960889518261,40.72317958,-73.99480012,member
747989,1A6D75C1D9F650E9,electric_bike,2022-03-17 21:40:08,2022-03-17 21:58:31,W 35 St & 9 Ave,6569,Mott St & Prince St,5561,40.75414519263519,-73.9960889518261,40.72317958,-73.99480012,member
748000,164C902C0B056DE2,classic_bike,2022-03-31 14:14:33,2022-03-31 14:30:57,W 35 St & 9 Ave,6569,Mott St & Prince St,5561,40.75414519263519,-73.9960889518261,40.72317958,-73.99480012,member
748001,691687A6DA98D0B8,classic_bike,2022-03-22 16:26:42,2022-03-22 16:43:38,W 35 St & 9 Ave,6569,Mott St & Prince St,5561,40.75414519263519,-73.9960889518261,40.72317958,-73.99480012,member
748047,D4FE580B751B583D,classic_bike,2022-03-24 15:24:18,2022-03-24 15:45:01,W 35 St & 9 Ave,6569,Mott St & Prince St,5561,40.75414519263519,-73.9960889518261,40.72317958,-73.99480012,member
748252,9E38896CE6AD6B5E,electric_bike,2022-03-18 12:16:35,2022-03-18 12:37:54,W 35 St & 9 Ave,6569,E 10 St & 2 Ave,5746,40.75414519263519,-73.9960889518261,40.72970805644994,-73.9865979552269,member
748887,69EC583D28569DE6,electric_bike,2022-03-11 09:50:03,2022-03-11 09:58:34,W 36 St & 9 Ave,6569,Broadway & E 21 St,6098,40.75462324029105,-73.99516761302948,40.73988840858996,-73.98958593606949,member
748899,21649885FC090E05,electric_bike,2022-03-23 07:36:56,2022-03-23 07:46:24,W 36 St & 9 Ave,6569,Broadway & E 21 St,6098,40.75462324029105,-73.99516761302948,40.73988840858996,-73.98958593606949,member
749007,356B4865D9FD2D8B,classic_bike,2022-03-15 18:25:17,2022-03-15 18:42:27,W 35 St & 9 Ave,6569,E 10 St & 2 Ave,5746,40.75414519263519,-73.9960889518261,40.72970805644994,-73.9865979552269,casual
749052,2A4349EE27522521,electric_bike,2022-03-22 08:33:45,2022-03-22 09:00:03,W 35 St & Dyer Ave,6569,Broadway & E 21 St,6098,40.754691750226016,-73.99740189313889,40.73988840858996,-73.98958593606949,member
749182,0A39CC420683E80C,classic_bike,2022-03-25 17:57:22,2022-03-25 18:08:53,W 35 St & Dyer Ave,6569,Broadway & E 21 St,6098,40.754691750226016,-73.99740189313889,40.73988840858996,-73.98958593606949,casual
749963,DA87F91196C54D92,docked_bike,2022-03-25 14:36:02,2022-03-25 15:35:04,W 36 St & 9 Ave,6569,Rivington St & Chrystie St,5453,40.754623,-73.995168,40.721101,-73.991925,casual
749971,3DE197CA837B7854,electric_bike,2022-03-26 11:32:20,2022-03-26 11:40:32,W 36 St & 9 Ave,6569,Broadway & E 21 St,6098,40.75462324029105,-73.99516761302948,40.73988840858996,-73.98958593606949,member
749976,AE160C17262F0251,electric_bike,2022-03-25 17:39:20,2022-03-25 17:47:57,W 36 St & 9 Ave,6569,Broadway & E 21 St,6098,40.75462324029105,-73.99516761302948,40.73988840858996,-73.98958593606949,member
749977,83B5459A97A3E27F,classic_bike,2022-03-16 08:40:30,2022-03-16 08:51:53,W 36 St & 9 Ave,6569,Broadway & E 21 St,6098,40.75462324029105,-73.99516761302948,40.73988840858996,-73.98958593606949,member
749984,337D93DAE9DCC50E,docked_bike,2022-03-25 14:35:46,2022-03-25 15:32:18,W 36 St & 9 Ave,6569,Rivington St & Chrystie St,5453,40.754623,-73.995168,40.721101,-73.991925,casual
750007,4C96424070320950,electric_bike,2022-03-19 11:42:26,2022-03-19 11:53:30,W 36 St & 9 Ave,6569,Broadway & E 21 St,6098,40.75462324029105,-73.99516761302948,40.73988840858996,-73.98958593606949,member
750391,75895E2C5944A71F,classic_bike,2022-03-17 19:03:51,2022-03-17 19:21:48,W 36 St & 9 Ave,6569,Central Park S & 6 Ave,6876,40.75462324029105,-73.99516761302948,40.76590936,-73.97634151,member
750600,C2D9264C523D7E22,classic_bike,2022-03-08 16:58:56,2022-03-08 17:11:20,W 35 St & Dyer Ave,6569,Broadway & E 21 St,6098,40.754691750226016,-73.99740189313889,40.73988840858996,-73.98958593606949,member
750625,C022E7221DF8BD37,electric_bike,2022-03-23 18:04:56,2022-03-23 18:12:52,W 35 St & Dyer Ave,6569,Broadway & E 21 St,6098,40.754691750226016,-73.99740189313889,40.73988840858996,-73.98958593606949,member
750638,61B2FABCDA75FC71,electric_bike,2022-03-26 20:49:22,2022-03-26 20:58:17,W 35 St & Dyer Ave,6569,Broadway & E 21 St,6098,40.754691750226016,-73.99740189313889,40.73988840858996,-73.98958593606949,member
750953,15AFFA7352A8BFD9,classic_bike,2022-03-29 17:56:50,2022-03-29 18:08:03,W 35 St & Dyer Ave,6569,Broadway & E 21 St,6098,40.754691750226016,-73.99740189313889,40.73988840858996,-73.98958593606949,member
751529,D6BD253765FC4ADA,docked_bike,2022-03-22 10:41:13,2022-03-22 11:05:38,W 36 St & 9 Ave,6569,Central Park S & 6 Ave,6876,40.754623,-73.995168,40.765909,-73.976342,casual
751573,2331DDD44C3C8774,electric_bike,2022-03-07 17:59:15,2022-03-07 18:09:14,W 36 St & 9 Ave,6569,Broadway & E 21 St,6098,40.75462324029105,-73.99516761302948,40.73988840858996,-73.98958593606949,member
752160,635A66C83DDFA020,electric_bike,2022-03-31 08:45:28,2022-03-31 09:13:30,W 36 St & 9 Ave,6569,31 St & Thomson Ave,6227,40.75462324029105,-73.99516761302948,40.74469738,-73.93540375,member
752172,A884E8EF278D7955,docked_bike,2022-03-22 10:41:43,2022-03-22 11:04:48,W 36 St & 9 Ave,6569,Central Park S & 6 Ave,6876,40.754623,-73.995168,40.765909,-73.976342,casual
753225,A91D6FBC7F892353,electric_bike,2022-03-02 13:35:54,2022-03-02 13:44:44,W 36 St & 9 Ave,6569,Broadway & E 21 St,6098,40.75462324029105,-73.99516761302948,40.73988840858996,-73.98958593606949,member
754547,23DABB6F4BA1DF62,electric_bike,2022-03-29 16:23:37,2022-03-29 16:31:20,W 35 St & 9 Ave,6569,Broadway & E 21 St,6098,40.75414519263519,-73.9960889518261,40.73988840858996,-73.98958593606949,member
754553,033EA3A82C3AFEC2,electric_bike,2022-03-10 18:26:19,2022-03-10 18:37:04,W 35 St & 9 Ave,6569,Broadway & E 21 St,6098,40.75414519263519,-73.9960889518261,40.73988840858996,-73.98958593606949,member
754560,4C913F4324A83250,electric_bike,2022-03-22 17:09:41,2022-03-22 17:19:38,W 35 St & 9 Ave,6569,Broadway & E 21 St,6098,40.75414519263519,-73.9960889518261,40.73988840858996,-73.98958593606949,member
756349,F02E0017F3AA486C,classic_bike,2022-03-07 18:55:50,2022-03-07 19:07:14,W 36 St & 9 Ave,6569,Broadway & E 21 St,6098,40.75462324029105,-73.99516761302948,40.73988840858996,-73.98958593606949,casual
756356,1D01E96BFA634027,classic_bike,2022-03-21 19:10:59,2022-03-21 19:24:27,W 36 St & 9 Ave,6569,Broadway & E 21 St,6098,40.75462324029105,-73.99516761302948,40.73988840858996,-73.98958593606949,casual
756381,FE7D62281A589433,electric_bike,2022-03-14 14:44:17,2022-03-14 14:51:56,W 36 St & 9 Ave,6569,Broadway & E 21 St,6098,40.75462324029105,-73.99516761302948,40.73988840858996,-73.98958593606949,member
756383,756018FBBBA6EABE,classic_bike,2022-03-21 18:47:26,2022-03-21 18:58:31,W 36 St & 9 Ave,6569,Broadway & E 21 St,6098,40.75462324029105,-73.99516761302948,40.73988840858996,-73.98958593606949,casual
756392,751AAB8699E5654B,classic_bike,2022-03-27 19:15:40,2022-03-27 19:28:38,W 36 St & 9 Ave,6569,Broadway & E 21 St,6098,40.75462324029105,-73.99516761302948,40.73988840858996,-73.98958593606949,member
756394,5F5B49151F0D507B,classic_bike,2022-03-10 19:08:58,2022-03-10 19:26:44,W 36 St & 9 Ave,6569,Broadway & E 21 St,6098,40.75462324029105,-73.99516761302948,40.73988840858996,-73.98958593606949,member
756405,B706AAACA4E56A72,classic_bike,2022-03-22 08:47:17,2022-03-22 08:58:58,W 36 St & 9 Ave,6569,Broadway & E 21 St,6098,40.75462324029105,-73.99516761302948,40.73988840858996,-73.98958593606949,member
756516,4990B6093AEA52DF,classic_bike,2022-03-14 18:47:32,2022-03-14 18:58:37,W 36 St & 9 Ave,6569,Broadway & E 21 St,6098,40.75462324029105,-73.99516761302948,40.73988840858996,-73.98958593606949,casual
756863,1E72C3B18EFE894D,electric_bike,2022-03-03 07:58:06,2022-03-03 08:05:14,W 36 St & 9 Ave,6569,Broadway & E 21 St,6098,40.75462324029105,-73.99516761302948,40.73988840858996,-73.98958593606949,member
756934,FA5B48DC693BCD1C,classic_bike,2022-03-27 16:37:15,2022-03-27 16:46:13,W 35 St & Dyer Ave,6569,Broadway & E 21 St,6098,40.754691750226016,-73.99740189313889,40.73988840858996,-73.98958593606949,member
756935,3829B7346C003DEA,classic_bike,2022-03-20 16:39:38,2022-03-20 16:49:05,W 35 St & Dyer Ave,6569,Broadway & E 21 St,6098,40.754691750226016,-73.99740189313889,40.73988840858996,-73.98958593606949,member
756977,0E5F364DE8A587DA,electric_bike,2022-03-19 08:49:27,2022-03-19 08:58:47,W 35 St & Dyer Ave,6569,Broadway & E 21 St,6098,40.754691750226016,-73.99740189313889,40.73988840858996,-73.98958593606949,member
756985,64DBB6619C421252,classic_bike,2022-03-08 08:08:59,2022-03-08 08:26:17,W 35 St & Dyer Ave,6569,Broadway & E 21 St,6098,40.754691750226016,-73.99740189313889,40.73988840858996,-73.98958593606949,member
756986,76164DBF10014176,classic_bike,2022-03-26 19:08:41,2022-03-26 19:22:26,W 35 St & Dyer Ave,6569,Broadway & E 21 St,6098,40.754691750226016,-73.99740189313889,40.73988840858996,-73.98958593606949,member
756993,0FC6FB3C72C390A5,electric_bike,2022-03-21 15:00:40,2022-03-21 15:20:29,W 35 St & Dyer Ave,6569,Rivington St & Chrystie St,5453,40.754691750226016,-73.99740189313889,40.72110063,-73.9919254,member
757000,EA0247F19EE984EA,electric_bike,2022-03-02 17:58:55,2022-03-02 18:08:36,W 35 St & Dyer Ave,6569,Broadway & E 21 St,6098,40.754691750226016,-73.99740189313889,40.73988840858996,-73.98958593606949,member
757006,F844627744F9B442,electric_bike,2022-03-24 10:15:23,2022-03-24 10:25:47,W 35 St & Dyer Ave,6569,Broadway & E 21 St,6098,40.754691750226016,-73.99740189313889,40.73988840858996,-73.98958593606949,member
757059,C64D82B4AEAE4780,classic_bike,2022-03-25 17:09:38,2022-03-25 17:21:14,W 35 St & Dyer Ave,6569,Broadway & E 21 St,6098,40.754691750226016,-73.99740189313889,40.73988840858996,-73.98958593606949,member
757065,AB4F252F8928725E,electric_bike,2022-03-16 17:57:14,2022-03-16 18:05:50,W 35 St & Dyer Ave,6569,Broadway & E 21 St,6098,40.754691750226016,-73.99740189313889,40.73988840858996,-73.98958593606949,member
757080,F26603BF0F46D067,electric_bike,2022-03-31 18:49:25,2022-03-31 18:59:25,W 35 St & Dyer Ave,6569,Broadway & E 21 St,6098,40.754691750226016,-73.99740189313889,40.73988840858996,-73.98958593606949,member
757105,316A60C313B1645D,electric_bike,2022-03-23 12:04:19,2022-03-23 12:13:41,W 35 St & Dyer Ave,6569,Broadway & E 21 St,6098,40.754691750226016,-73.99740189313889,40.73988840858996,-73.98958593606949,member
758561,06036EC6CA471218,electric_bike,2022-03-23 18:40:27,2022-03-23 18:48:26,W 35 St & Dyer Ave,6569,Broadway & E 21 St,6098,40.754691750226016,-73.99740189313889,40.73988840858996,-73.98958593606949,member
758634,A3E5080261D209DB,classic_bike,2022-03-25 16:09:46,2022-03-25 16:21:11,W 35 St & Dyer Ave,6569,Broadway & E 21 St,6098,40.754691750226016,-73.99740189313889,40.73988840858996,-73.98958593606949,member
763294,81092C23DEE34689,electric_bike,2022-03-25 16:23:47,2022-03-25 16:31:39,W 35 St & 9 Ave,6569,Broadway & E 21 St,6098,40.75414519263519,-73.9960889518261,40.73988840858996,-73.98958593606949,member
764817,0129D75C2FC9F514,electric_bike,2022-03-30 17:58:02,2022-03-30 18:07:05,W 35 St & 9 Ave,6569,Broadway & E 21 St,6098,40.75414519263519,-73.9960889518261,40.73988840858996,-73.98958593606949,member
768034,40444658E910D230,electric_bike,2022-03-14 11:49:38,2022-03-14 12:00:39,W 35 St & 9 Ave,6569,Broadway & E 21 St,6098,40.75414519263519,-73.9960889518261,40.73988840858996,-73.98958593606949,member
768048,44C663C898404C1F,classic_bike,2022-03-15 18:02:01,2022-03-15 18:10:28,W 35 St & 9 Ave,6569,Broadway & E 21 St,6098,40.75414519263519,-73.9960889518261,40.73988840858996,-73.98958593606949,member
768757,97D5031CE9650186,electric_bike,2022-03-26 14:50:47,2022-03-26 14:59:32,W 35 St & 9 Ave,6569,Broadway & E 21 St,6098,40.75414519263519,-73.9960889518261,40.73988840858996,-73.98958593606949,member
769712,B6549E42F6CE54DC,classic_bike,2022-03-10 10:17:12,2022-03-10 10:29:28,W 35 St & 9 Ave,6569,Broadway & E 21 St,6098,40.75414519263519,-73.9960889518261,40.73988840858996,-73.98958593606949,member
769733,2569D1194D61ADED,classic_bike,2022-03-04 08:10:13,2022-03-04 08:19:12,W 35 St & 9 Ave,6569,Broadway & E 21 St,6098,40.75414519263519,-73.9960889518261,40.73988840858996,-73.98958593606949,member
770169,C83C3F37A6ED9F52,electric_bike,2022-03-09 17:52:08,2022-03-09 18:01:14,W 35 St & 9 Ave,6569,Broadway & E 21 St,6098,40.75414519263519,-73.9960889518261,40.73988840858996,-73.98958593606949,member
770193,C7B9075CEFA54057,classic_bike,2022-03-26 15:22:07,2022-03-26 15:35:37,W 35 St & 9 Ave,6569,Broadway & E 21 St,6098,40.75414519263519,-73.9960889518261,40.73988840858996,-73.98958593606949,casual
770195,9EE14DCBD9BB2B6C,electric_bike,2022-03-15 08:45:02,2022-03-15 09:12:02,W 35 St & 9 Ave,6569,31 St & Thomson Ave,6227,40.75414519263519,-73.9960889518261,40.74469738,-73.93540375,member
770434,3A32BCDCA7C3E8B2,electric_bike,2022-03-10 16:51:11,2022-03-10 17:06:24,W 35 St & Dyer Ave,6569,Broadway & E 21 St,6098,40.754691750226016,-73.99740189313889,40.73988840858996,-73.98958593606949,member
770656,BCA25A6848B28253,classic_bike,2022-03-26 09:52:53,2022-03-26 10:03:24,W 35 St & 9 Ave,6569,Broadway & E 21 St,6098,40.75414519263519,-73.9960889518261,40.73988840858996,-73.98958593606949,member
771031,3BFE0890C3F32267,electric_bike,2022-03-30 14:19:17,2022-03-30 14:28:36,W 35 St & 9 Ave,6569,Broadway & E 21 St,6098,40.75414519263519,-73.9960889518261,40.73988840858996,-73.98958593606949,member
771804,8C2AE8807AA093B9,electric_bike,2022-03-28 17:42:34,2022-03-28 17:51:15,W 35 St & 9 Ave,6569,Broadway & E 21 St,6098,40.75414519263519,-73.9960889518261,40.73988840858996,-73.98958593606949,member
771814,965AE5BDFAD0B8C8,classic_bike,2022-03-16 18:30:26,2022-03-16 18:40:08,W 35 St & 9 Ave,6569,Broadway & E 21 St,6098,40.75414519263519,-73.9960889518261,40.73988840858996,-73.98958593606949,member
771821,70022A1FA95E916F,classic_bike,2022-03-26 15:22:48,2022-03-26 15:35:35,W 35 St & 9 Ave,6569,Broadway & E 21 St,6098,40.75414519263519,-73.9960889518261,40.73988840858996,-73.98958593606949,casual
771937,D0F241712CB93490,classic_bike,2022-03-06 16:55:52,2022-03-06 17:05:15,W 36 St & 9 Ave,6569,8 Ave & W 16 St,6072,40.75462324029105,-73.99516761302948,40.740983,-74.001702,member
771938,D68ADE9CBB5BEE42,electric_bike,2022-03-04 23:37:45,2022-03-04 23:50:18,W 36 St & 9 Ave,6569,1 Ave & E 16 St,5779,40.75462324029105,-73.99516761302948,40.73221853,-73.98165557,member
771939,30D25A88648670AC,classic_bike,2022-03-31 14:56:30,2022-03-31 15:04:54,W 36 St & 9 Ave,6569,8 Ave & W 16 St,6072,40.75462324029105,-73.99516761302948,40.740983,-74.001702,member
771947,0FDFC6B4257BEF91,electric_bike,2022-03-29 17:47:07,2022-03-29 17:53:31,W 36 St & 9 Ave,6569,8 Ave & W 16 St,6072,40.75462324029105,-73.99516761302948,40.740983,-74.001702,member
772421,D2546A5F85FD3BE0,electric_bike,2022-03-23 17:49:55,2022-03-23 17:58:06,W 35 St & 9 Ave,6569,Broadway & E 21 St,6098,40.75414519263519,-73.9960889518261,40.73988840858996,-73.98958593606949,member
773747,8D92139A8F1F223D,classic_bike,2022-03-08 15:42:32,2022-03-08 15:56:42,W 35 St & Dyer Ave,6569,11 Ave & W 59 St,7059,40.754691750226016,-73.99740189313889,40.77149671054441,-73.99046033620834,member
773754,74C523CE09A98BA8,electric_bike,2022-03-02 17:12:57,2022-03-02 17:20:35,W 35 St & Dyer Ave,6569,8 Ave & W 16 St,6072,40.754691750226016,-73.99740189313889,40.740983,-74.001702,member
773765,8CBDDCCE5384C6BB,classic_bike,2022-03-16 17:12:06,2022-03-16 17:19:42,W 35 St & Dyer Ave,6569,8 Ave & W 16 St,6072,40.754691750226016,-73.99740189313889,40.740983,-74.001702,member
773886,345242B14287945E,classic_bike,2022-03-31 10:13:25,2022-03-31 10:24:54,W 36 St & 9 Ave,6569,8 Ave & W 16 St,6072,40.75462324029105,-73.99516761302948,40.740983,-74.001702,member
773892,DEAC5364A1829548,classic_bike,2022-03-12 20:14:27,2022-03-12 20:21:58,W 36 St & 9 Ave,6569,8 Ave & W 16 St,6072,40.75462324029105,-73.99516761302948,40.740983,-74.001702,member
773893,DCC630730B7447E2,classic_bike,2022-03-13 11:16:41,2022-03-13 11:25:33,W 36 St & 9 Ave,6569,8 Ave & W 16 St,6072,40.75462324029105,-73.99516761302948,40.740983,-74.001702,member
773917,C98E1759E1D1E77D,classic_bike,2022-03-06 12:48:16,2022-03-06 12:55:08,W 36 St & 9 Ave,6569,8 Ave & W 16 St,6072,40.75462324029105,-73.99516761302948,40.740983,-74.001702,member
774919,52014CB25822FC0E,classic_bike,2022-03-25 17:28:13,2022-03-25 17:38:01,W 36 St & 9 Ave,6569,8 Ave & W 16 St,6072,40.75462324029105,-73.99516761302948,40.740983,-74.001702,member
774990,4B7647BD96071734,classic_bike,2022-03-05 12:04:02,2022-03-05 12:18:13,W 36 St & 9 Ave,6569,8 Ave & W 16 St,6072,40.75462324029105,-73.99516761302948,40.740983,-74.001702,member
776957,EAD52A926D2BA56C,classic_bike,2022-03-15 12:18:56,2022-03-15 12:28:31,W 35 St & Dyer Ave,6569,11 Ave & W 59 St,7059,40.754691750226016,-73.99740189313889,40.77149671054441,-73.99046033620834,member
776959,19FDC2C2700A4ABD,classic_bike,2022-03-07 10:26:04,2022-03-07 10:38:19,W 35 St & Dyer Ave,6569,8 Ave & W 16 St,6072,40.754691750226016,-73.99740189313889,40.740983,-74.001702,member
776963,78D8B66D4CB5EE8B,electric_bike,2022-03-27 09:46:37,2022-03-27 10:18:11,W 35 St & Dyer Ave,6569,Adam Clayton Powell Blvd & W 138 St,7855,40.754691750226016,-73.99740189313889,40.81695971032464,-73.9422959089279,member
776990,93DAF1B97E10353B,electric_bike,2022-03-29 16:41:50,2022-03-29 16:48:50,W 35 St & Dyer Ave,6569,8 Ave & W 16 St,6072,40.754691750226016,-73.99740189313889,40.740983,-74.001702,member
776991,EA3C910A5A45DE4F,electric_bike,2022-03-30 17:12:23,2022-03-30 17:20:19,W 35 St & Dyer Ave,6569,8 Ave & W 16 St,6072,40.754691750226016,-73.99740189313889,40.740983,-74.001702,member
776996,40793F74892562BB,electric_bike,2022-03-18 17:00:10,2022-03-18 17:06:56,W 35 St & Dyer Ave,6569,8 Ave & W 16 St,6072,40.754691750226016,-73.99740189313889,40.740983,-74.001702,member
776998,6C5D9DDF9CCE809D,electric_bike,2022-03-01 17:08:26,2022-03-01 17:15:58,W 35 St & Dyer Ave,6569,8 Ave & W 16 St,6072,40.754691750226016,-73.99740189313889,40.740983,-74.001702,member
777012,11EB8A15DF63BDE6,electric_bike,2022-03-31 16:39:15,2022-03-31 16:46:29,W 35 St & Dyer Ave,6569,8 Ave & W 16 St,6072,40.754691750226016,-73.99740189313889,40.740983,-74.001702,member
777018,E79BFB3D67C05282,classic_bike,2022-03-02 10:43:51,2022-03-02 10:52:45,W 35 St & Dyer Ave,6569,11 Ave & W 59 St,7059,40.754691750226016,-73.99740189313889,40.77149671054441,-73.99046033620834,casual
777034,FE9EF9BC18435371,classic_bike,2022-03-23 20:50:08,2022-03-23 20:59:32,W 35 St & Dyer Ave,6569,8 Ave & W 16 St,6072,40.754691750226016,-73.99740189313889,40.740983,-74.001702,member
778480,ADEEA86F3AB57E54,electric_bike,2022-03-26 18:19:28,2022-03-26 18:30:59,W 35 St & Dyer Ave,6569,8 Ave & W 16 St,6072,40.754691750226016,-73.99740189313889,40.740983,-74.001702,member
778501,BCB21B55B6336CC8,classic_bike,2022-03-15 16:27:31,2022-03-15 16:38:01,W 35 St & Dyer Ave,6569,11 Ave & W 59 St,7059,40.754691750226016,-73.99740189313889,40.77149671054441,-73.99046033620834,member
778570,B777D80C0511A3A6,electric_bike,2022-03-21 08:36:08,2022-03-21 08:46:46,W 35 St & Dyer Ave,6569,11 Ave & W 59 St,7059,40.754691750226016,-73.99740189313889,40.77149671054441,-73.99046033620834,member
778573,CC52384FF0142FAE,classic_bike,2022-03-16 11:32:46,2022-03-16 11:38:27,W 35 St & Dyer Ave,6569,8 Ave & W 16 St,6072,40.754691750226016,-73.99740189313889,40.740983,-74.001702,member
778574,CE4D1369AF3A54BA,electric_bike,2022-03-04 11:53:33,2022-03-04 11:59:46,W 35 St & Dyer Ave,6569,8 Ave & W 16 St,6072,40.754691750226016,-73.99740189313889,40.740983,-74.001702,member
780608,75AB36A60DAB9667,electric_bike,2022-03-27 01:31:25,2022-03-27 01:55:57,W 35 St & Dyer Ave,6569,11 Ave & W 59 St,7059,40.754691750226016,-73.99740189313889,40.77149671054441,-73.99046033620834,member
781911,683C268455672D3D,classic_bike,2022-03-07 14:46:39,2022-03-07 14:56:37,W 35 St & 9 Ave,6569,8 Ave & W 16 St,6072,40.75414519263519,-73.9960889518261,40.740983,-74.001702,member
781912,6F6F5EF6A0537454,classic_bike,2022-03-20 11:31:58,2022-03-20 11:42:37,W 35 St & 9 Ave,6569,8 Ave & W 16 St,6072,40.75414519263519,-73.9960889518261,40.740983,-74.001702,member
781954,B1FAC5A6808B5B05,electric_bike,2022-03-16 23:42:03,2022-03-17 00:33:38,W 35 St & 9 Ave,6569,E 158 St & Melrose Ave,7957,40.75414519263519,-73.9960889518261,40.822215,-73.914688,member
782262,653AE9924A26155C,classic_bike,2022-03-21 18:01:36,2022-03-21 18:20:06,W 35 St & 9 Ave,6569,8 Ave & W 16 St,6072,40.75414519263519,-73.9960889518261,40.740983,-74.001702,member
782741,DA3A9DD055BC0607,classic_bike,2022-03-21 16:59:15,2022-03-21 17:11:22,W 35 St & 9 Ave,6569,8 Ave & W 16 St,6072,40.75414519263519,-73.9960889518261,40.740983,-74.001702,member
782784,8A974CBD1DDFA4A8,classic_bike,2022-03-17 17:48:35,2022-03-17 18:04:49,W 35 St & 9 Ave,6569,11 Ave & W 59 St,7059,40.75414519263519,-73.9960889518261,40.77149671054441,-73.99046033620834,casual
782815,D99B3C05728C65D9,electric_bike,2022-03-26 22:01:49,2022-03-26 22:26:22,W 35 St & 9 Ave,6569,11 Ave & W 59 St,7059,40.75414519263519,-73.9960889518261,40.77149671054441,-73.99046033620834,member
784211,6C16FC34D831372F,electric_bike,2022-03-04 20:35:59,2022-03-04 20:50:10,W 36 St & 9 Ave,6569,1 Ave & E 16 St,5779,40.75462324029105,-73.99516761302948,40.73221853,-73.98165557,member
784219,CCB1E180E338C0BB,electric_bike,2022-03-14 06:53:58,2022-03-14 07:08:44,W 36 St & 9 Ave,6569,11 Ave & W 59 St,7059,40.75462324029105,-73.99516761302948,40.77149671054441,-73.99046033620834,casual
784220,4654857345F1C744,electric_bike,2022-03-31 16:04:27,2022-03-31 16:37:58,W 36 St & 9 Ave,6569,Adam Clayton Powell Blvd & W 138 St,7855,40.75462324029105,-73.99516761302948,40.81695971032464,-73.9422959089279,casual
784231,7C0ADC7580AE0295,classic_bike,2022-03-05 12:04:07,2022-03-05 12:17:59,W 36 St & 9 Ave,6569,8 Ave & W 16 St,6072,40.75462324029105,-73.99516761302948,40.740983,-74.001702,member
784233,EB5F739107652977,classic_bike,2022-03-26 12:09:14,2022-03-26 12:19:14,W 36 St & 9 Ave,6569,8 Ave & W 16 St,6072,40.75462324029105,-73.99516761302948,40.740983,-74.001702,member
784234,A4715F67332D6407,classic_bike,2022-03-13 19:46:52,2022-03-13 19:57:23,W 36 St & 9 Ave,6569,8 Ave & W 16 St,6072,40.75462324029105,-73.99516761302948,40.740983,-74.001702,member
784235,C19188826BA6E4DE,classic_bike,2022-03-06 19:21:56,2022-03-06 19:31:28,W 36 St & 9 Ave,6569,8 Ave & W 16 St,6072,40.75462324029105,-73.99516761302948,40.740983,-74.001702,member
784238,B5AF80EC309A6811,classic_bike,2022-03-08 20:04:39,2022-03-08 20:11:41,W 36 St & 9 Ave,6569,8 Ave & W 16 St,6072,40.75462324029105,-73.99516761302948,40.740983,-74.001702,member
784263,FF82003CE8481797,electric_bike,2022-03-08 19:59:14,2022-03-08 20:05:52,W 36 St & 9 Ave,6569,11 Ave & W 59 St,7059,40.75462324029105,-73.99516761302948,40.77149671054441,-73.99046033620834,member
785678,1EF58989DE2365F2,classic_bike,2022-03-14 11:29:29,2022-03-14 11:45:23,W 36 St & 9 Ave,6569,11 Ave & W 59 St,7059,40.75462324029105,-73.99516761302948,40.77149671054441,-73.99046033620834,member
785699,69633D98D5214ED0,electric_bike,2022-03-30 17:39:26,2022-03-30 17:50:15,W 36 St & 9 Ave,6569,8 Ave & W 16 St,6072,40.75462324029105,-73.99516761302948,40.740983,-74.001702,casual
789255,F813413E5A9222E8,classic_bike,2022-03-11 15:24:29,2022-03-11 15:33:40,W 36 St & 9 Ave,6569,8 Ave & W 16 St,6072,40.75462324029105,-73.99516761302948,40.740983,-74.001702,member
789551,B468A7B45D37D8A7,electric_bike,2022-03-29 17:10:50,2022-03-29 17:19:53,W 35 St & Dyer Ave,6569,8 Ave & W 16 St,6072,40.754691750226016,-73.99740189313889,40.740983,-74.001702,member
789613,B9424C22D42BA161,electric_bike,2022-03-08 17:12:02,2022-03-08 17:18:49,W 35 St & Dyer Ave,6569,8 Ave & W 16 St,6072,40.754691750226016,-73.99740189313889,40.740983,-74.001702,member
789615,F66555D1566B827B,electric_bike,2022-03-25 13:22:42,2022-03-25 13:30:32,W 35 St & Dyer Ave,6569,11 Ave & W 59 St,7059,40.754691750226016,-73.99740189313889,40.77149671054441,-73.99046033620834,member
790475,A8C332CDEBA52553,electric_bike,2022-03-17 10:44:27,2022-03-17 10:50:23,W 35 St & 9 Ave,6569,8 Ave & W 16 St,6072,40.75414519263519,-73.9960889518261,40.740983,-74.001702,member
790494,4AD16CB2E85AE716,classic_bike,2022-03-26 19:50:27,2022-03-26 20:20:08,W 35 St & 9 Ave,6569,8 Ave & W 16 St,6072,40.75414519263519,-73.9960889518261,40.740983,-74.001702,member
790509,E34A41A0C617DA31,classic_bike,2022-03-08 14:44:46,2022-03-08 14:52:39,W 35 St & 9 Ave,6569,8 Ave & W 16 St,6072,40.75414519263519,-73.9960889518261,40.740983,-74.001702,member
790517,3715DD093131255D,electric_bike,2022-03-18 17:41:00,2022-03-18 18:22:41,W 35 St & 9 Ave,6569,Central Park W & W 103 St,7577,40.75414519263519,-73.9960889518261,40.79558954105342,-73.96188408136368,member
790547,487433D2DE0D3D69,classic_bike,2022-03-27 10:50:26,2022-03-27 11:07:51,W 35 St & 9 Ave,6569,8 Ave & W 16 St,6072,40.75414519263519,-73.9960889518261,40.740983,-74.001702,casual
791125,82D8C3743C416D7C,classic_bike,2022-03-25 16:53:55,2022-03-25 17:02:23,W 35 St & 9 Ave,6569,11 Ave & W 59 St,7059,40.75414519263519,-73.9960889518261,40.77149671054441,-73.99046033620834,casual
791418,C8CF7518C2B20F11,electric_bike,2022-03-15 12:16:01,2022-03-15 12:24:30,W 35 St & 9 Ave,6569,8 Ave & W 16 St,6072,40.75414519263519,-73.9960889518261,40.740983,-74.001702,member
791422,F8A5690BC3781F50,classic_bike,2022-03-27 10:50:58,2022-03-27 11:08:16,W 35 St & 9 Ave,6569,8 Ave & W 16 St,6072,40.75414519263519,-73.9960889518261,40.740983,-74.001702,casual
791425,7FED1DB5F5E001FB,electric_bike,2022-03-31 12:06:07,2022-03-31 12:19:19,W 35 St & 9 Ave,6569,8 Ave & W 16 St,6072,40.75414519263519,-73.9960889518261,40.740983,-74.001702,member
791451,CCE68A60C7CED3AF,electric_bike,2022-03-10 14:28:29,2022-03-10 14:39:59,W 35 St & 9 Ave,6569,11 Ave & W 59 St,7059,40.75414519263519,-73.9960889518261,40.77149671054441,-73.99046033620834,member
791659,DEE8B26DD8872FA0,classic_bike,2022-03-07 19:33:33,2022-03-07 19:42:51,W 35 St & 9 Ave,6569,8 Ave & W 16 St,6072,40.75414519263519,-73.9960889518261,40.740983,-74.001702,member
791662,63889DDCF754AED3,electric_bike,2022-03-12 02:13:20,2022-03-12 02:26:37,W 35 St & 9 Ave,6569,1 Ave & E 16 St,5779,40.75414519263519,-73.9960889518261,40.73221853,-73.98165557,member
791698,E1EFC07B30BFE0CE,classic_bike,2022-03-04 17:48:01,2022-03-04 18:01:38,W 35 St & 9 Ave,6569,11 Ave & W 59 St,7059,40.75414519263519,-73.9960889518261,40.77149671054441,-73.99046033620834,member
791707,394B93D98F6C01CD,classic_bike,2022-03-18 12:07:25,2022-03-18 12:16:20,W 35 St & 9 Ave,6569,8 Ave & W 16 St,6072,40.75414519263519,-73.9960889518261,40.740983,-74.001702,member
791794,8347498643EC7698,docked_bike,2022-03-22 21:34:05,2022-03-22 21:51:20,W 35 St & 9 Ave,6569,11 Ave & W 59 St,7059,40.754145,-73.996089,40.771497,-73.99046,casual
791807,F19A5BCBDAD412FB,docked_bike,2022-03-22 21:34:22,2022-03-22 21:51:09,W 35 St & 9 Ave,6569,11 Ave & W 59 St,7059,40.754145,-73.996089,40.771497,-73.99046,casual
791957,BE0EB04140FF6267,electric_bike,2022-03-07 17:09:44,2022-03-07 17:16:53,W 35 St & 9 Ave,6569,8 Ave & W 16 St,6072,40.75414519263519,-73.9960889518261,40.740983,-74.001702,member
791977,CAF0E312F3FCA996,electric_bike,2022-03-17 16:57:01,2022-03-17 17:04:55,W 35 St & 9 Ave,6569,8 Ave & W 16 St,6072,40.75414519263519,-73.9960889518261,40.740983,-74.001702,member
791989,E982728B32E1CFC8,classic_bike,2022-03-10 17:06:51,2022-03-10 17:22:26,W 35 St & 9 Ave,6569,11 Ave & W 59 St,7059,40.75414519263519,-73.9960889518261,40.77149671054441,-73.99046033620834,member
792039,A7C495F7CC12995D,electric_bike,2022-03-07 09:33:27,2022-03-07 09:42:46,W 35 St & 9 Ave,6569,11 Ave & W 59 St,7059,40.75414519263519,-73.9960889518261,40.77149671054441,-73.99046033620834,member
792463,C79B401DEAD6B9AF,classic_bike,2022-03-28 08:45:08,2022-03-28 09:12:09,W 35 St & 9 Ave,6569,1 Ave & E 16 St,5779,40.75414519263519,-73.9960889518261,40.73221853,-73.98165557,member
792474,F8B6D2A8C4F456E4,classic_bike,2022-03-31 12:05:53,2022-03-31 12:20:25,W 35 St & 9 Ave,6569,8 Ave & W 16 St,6072,40.75414519263519,-73.9960889518261,40.740983,-74.001702,member
792658,9A58AF78AFFE5E48,classic_bike,2022-03-31 22:06:52,2022-03-31 22:16:35,W 35 St & 9 Ave,6569,11 Ave & W 59 St,7059,40.75414519263519,-73.9960889518261,40.77149671054441,-73.99046033620834,member
792744,82D2A0B5A3867335,electric_bike,2022-03-20 15:21:43,2022-03-20 15:38:52,W 35 St & 9 Ave,6569,1 Ave & E 16 St,5779,40.75414519263519,-73.9960889518261,40.73221853,-73.98165557,casual
793074,7C7222CACA2507A6,classic_bike,2022-03-15 13:28:25,2022-03-15 13:30:27,W 35 St & Dyer Ave,6569,W 39 St & 9 Ave,6644,40.754691750226016,-73.99740189313889,40.75645824,-73.99372222,member
793075,385CD55BC2090078,classic_bike,2022-03-16 21:05:18,2022-03-16 21:08:02,W 35 St & Dyer Ave,6569,W 39 St & 9 Ave,6644,40.754691750226016,-73.99740189313889,40.75645824,-73.99372222,member
793076,D71D1DF52ADEAED4,classic_bike,2022-03-13 13:47:02,2022-03-13 13:49:45,W 35 St & Dyer Ave,6569,W 39 St & 9 Ave,6644,40.754691750226016,-73.99740189313889,40.75645824,-73.99372222,member
793077,DE3ACC808FF21F80,classic_bike,2022-03-04 12:42:01,2022-03-04 12:44:32,W 35 St & Dyer Ave,6569,W 39 St & 9 Ave,6644,40.754691750226016,-73.99740189313889,40.75645824,-73.99372222,member
793078,484E5DD6C5B52231,classic_bike,2022-03-30 18:48:54,2022-03-30 18:52:10,W 35 St & Dyer Ave,6569,W 39 St & 9 Ave,6644,40.754691750226016,-73.99740189313889,40.75645824,-73.99372222,member
793155,4D95A9FC5A6A667E,classic_bike,2022-03-07 11:38:35,2022-03-07 11:41:13,W 35 St & Dyer Ave,6569,W 39 St & 9 Ave,6644,40.754691750226016,-73.99740189313889,40.75645824,-73.99372222,member
793209,14ADCCF9D4B2003E,classic_bike,2022-03-10 16:03:01,2022-03-10 16:24:17,W 35 St & Dyer Ave,6569,11 Ave & W 59 St,7059,40.754691750226016,-73.99740189313889,40.77149671054441,-73.99046033620834,casual
794202,E3381438FF8D609A,electric_bike,2022-03-15 17:13:37,2022-03-15 17:20:33,W 35 St & 9 Ave,6569,8 Ave & W 16 St,6072,40.75414519263519,-73.9960889518261,40.740983,-74.001702,member
794207,8F516F1A93CAA8B1,classic_bike,2022-03-31 17:14:29,2022-03-31 17:27:20,W 35 St & 9 Ave,6569,8 Ave & W 16 St,6072,40.75414519263519,-73.9960889518261,40.740983,-74.001702,casual
798074,CC6370E6EB5B850D,classic_bike,2022-03-11 18:05:57,2022-03-11 18:07:10,W 36 St & 9 Ave,6569,W 39 St & 9 Ave,6644,40.75462324029105,-73.99516761302948,40.75645824,-73.99372222,member
798075,D7967E6B3D07149D,docked_bike,2022-03-29 15:46:55,2022-03-29 15:50:25,W 36 St & 9 Ave,6569,W 39 St & 9 Ave,6644,40.754623,-73.995168,40.756458,-73.993722,casual
798093,525EAED7A1F2365C,docked_bike,2022-03-18 13:38:36,2022-03-18 14:23:41,W 36 St & 9 Ave,6569,6 Ave & W 45 St,6593,40.754623,-73.995168,40.756951,-73.982631,casual
798106,FD58BE2429E74054,classic_bike,2022-03-05 15:56:08,2022-03-05 16:05:43,W 36 St & 9 Ave,6569,6 Ave & W 45 St,6593,40.75462324029105,-73.99516761302948,40.756951,-73.982631,member
798107,B336D1741A46FD36,classic_bike,2022-03-20 12:33:31,2022-03-20 12:57:16,W 36 St & 9 Ave,6569,Market St & Henry St,5270,40.75462324029105,-73.99516761302948,40.71310702305908,-73.99446353316307,member
798111,A614620A93F53543,classic_bike,2022-03-21 23:59:59,2022-03-22 00:13:13,W 36 St & 9 Ave,6569,W 39 St & 9 Ave,6644,40.75462324029105,-73.99516761302948,40.75645824,-73.99372222,member
798127,7CC1EB7EDB61DB99,classic_bike,2022-03-22 17:22:21,2022-03-22 17:34:36,W 36 St & 9 Ave,6569,E 48 St & 3 Ave,6541,40.75462324029105,-73.99516761302948,40.7546011026,-73.971878855,member
798132,078A9464444D1322,classic_bike,2022-03-10 15:25:45,2022-03-10 15:32:29,W 36 St & 9 Ave,6569,6 Ave & W 45 St,6593,40.75462324029105,-73.99516761302948,40.756951,-73.982631,member
798138,92A28EB09735A23C,classic_bike,2022-03-20 21:50:03,2022-03-20 21:52:40,W 36 St & 9 Ave,6569,W 39 St & 9 Ave,6644,40.75462324029105,-73.99516761302948,40.75645824,-73.99372222,member
798139,F5B417EF02D0CE72,electric_bike,2022-03-23 17:03:21,2022-03-23 17:13:46,W 36 St & 9 Ave,6569,E 48 St & 3 Ave,6541,40.75462324029105,-73.99516761302948,40.7546011026,-73.971878855,member
798149,16DF3E791D492104,classic_bike,2022-03-17 14:53:05,2022-03-17 15:01:10,W 36 St & 9 Ave,6569,E 39 St & Lexington Ave,6389,40.75462324029105,-73.99516761302948,40.7494985460252,-73.97729203113158,casual
798150,D4D8FB28E3C78678,electric_bike,2022-03-26 10:07:00,2022-03-26 10:19:38,W 36 St & 9 Ave,6569,W 39 St & 9 Ave,6644,40.75462324029105,-73.99516761302948,40.75645824,-73.99372222,casual
798153,FB0DDE795C4F08C3,classic_bike,2022-03-23 20:31:25,2022-03-23 20:53:52,W 36 St & 9 Ave,6569,Lafayette St & E 8 St,5788,40.75462324029105,-73.99516761302948,40.73020660529954,-73.99102628231049,member
798173,B797DE7796A45009,electric_bike,2022-03-06 19:12:58,2022-03-06 19:18:48,W 36 St & 9 Ave,6569,6 Ave & W 45 St,6593,40.75462324029105,-73.99516761302948,40.756951,-73.982631,casual
798175,4562F6D2F2AD2781,electric_bike,2022-03-23 10:51:58,2022-03-23 11:04:01,W 36 St & 9 Ave,6569,6 Ave & W 45 St,6593,40.75462324029105,-73.99516761302948,40.756951,-73.982631,casual
798182,1C26B77BD7E9A26E,electric_bike,2022-03-23 16:10:14,2022-03-23 16:15:49,W 36 St & 9 Ave,6569,6 Ave & W 45 St,6593,40.75462324029105,-73.99516761302948,40.756951,-73.982631,member
799596,FC02E8DAEF1B38B2,classic_bike,2022-03-10 12:19:20,2022-03-10 12:37:12,W 36 St & 9 Ave,6569,Lafayette St & E 8 St,5788,40.75462324029105,-73.99516761302948,40.73020660529954,-73.99102628231049,member
801209,4C25DA5DE5F15C97,classic_bike,2022-03-02 07:32:25,2022-03-02 07:41:41,W 35 St & 9 Ave,6569,6 Ave & W 45 St,6593,40.75414519263519,-73.9960889518261,40.756951,-73.982631,member
801210,F704C8C46E556AF6,classic_bike,2022-03-17 17:16:32,2022-03-17 17:26:28,W 35 St & 9 Ave,6569,6 Ave & W 45 St,6593,40.75414519263519,-73.9960889518261,40.756951,-73.982631,member
801212,80C3C0C896E0B8C1,electric_bike,2022-03-21 09:26:45,2022-03-21 09:33:30,W 35 St & 9 Ave,6569,6 Ave & W 45 St,6593,40.75414519263519,-73.9960889518261,40.756951,-73.982631,member
801259,2BD1B2A54EE1E628,electric_bike,2022-03-24 21:02:23,2022-03-24 21:04:08,W 35 St & 9 Ave,6569,W 39 St & 9 Ave,6644,40.75414519263519,-73.9960889518261,40.75645824,-73.99372222,member
801263,C232ADCE9C33032B,classic_bike,2022-03-08 10:11:43,2022-03-08 10:27:11,W 35 St & 9 Ave,6569,E 48 St & 3 Ave,6541,40.75414519263519,-73.9960889518261,40.7546011026,-73.971878855,member
801264,6F452B16C0D4D946,classic_bike,2022-03-15 10:32:48,2022-03-15 10:48:33,W 35 St & 9 Ave,6569,E 48 St & 3 Ave,6541,40.75414519263519,-73.9960889518261,40.7546011026,-73.971878855,member
801269,EE5F2D08D469383B,electric_bike,2022-03-15 12:11:40,2022-03-15 12:13:58,W 35 St & 9 Ave,6569,W 39 St & 9 Ave,6644,40.75414519263519,-73.9960889518261,40.75645824,-73.99372222,member
805587,8C84A951E633DF09,classic_bike,2022-03-16 07:14:08,2022-03-16 07:56:39,W 35 St & Dyer Ave,6569,Van Brunt St & Van Dyke St,4095,40.754691750226016,-73.99740189313889,40.6758329439129,-74.01472628116608,member
805611,6FDC8479CB94D6E2,classic_bike,2022-03-27 20:59:27,2022-03-27 21:02:38,W 35 St & Dyer Ave,6569,W 39 St & 9 Ave,6644,40.754691750226016,-73.99740189313889,40.75645824,-73.99372222,member
805617,F188253FCCAFE5C7,classic_bike,2022-03-31 07:14:50,2022-03-31 07:53:24,W 35 St & Dyer Ave,6569,Van Brunt St & Van Dyke St,4095,40.754691750226016,-73.99740189313889,40.6758329439129,-74.01472628116608,member
805619,7C953BF217EF58F2,classic_bike,2022-03-02 10:43:37,2022-03-02 10:45:50,W 35 St & Dyer Ave,6569,W 39 St & 9 Ave,6644,40.754691750226016,-73.99740189313889,40.75645824,-73.99372222,member
805625,F8644670CCFFB969,classic_bike,2022-03-27 20:59:38,2022-03-27 21:02:43,W 35 St & Dyer Ave,6569,W 39 St & 9 Ave,6644,40.754691750226016,-73.99740189313889,40.75645824,-73.99372222,member
805640,2ED702E710E9EC73,classic_bike,2022-03-23 11:20:26,2022-03-23 11:23:19,W 35 St & Dyer Ave,6569,W 39 St & 9 Ave,6644,40.754691750226016,-73.99740189313889,40.75645824,-73.99372222,member
805690,D262AEB1EBDDBE0B,classic_bike,2022-03-21 07:26:40,2022-03-21 08:09:00,W 35 St & Dyer Ave,6569,Van Brunt St & Van Dyke St,4095,40.754691750226016,-73.99740189313889,40.6758329439129,-74.01472628116608,member
806329,E4838F5FC8C2C079,classic_bike,2022-03-22 15:56:21,2022-03-22 15:59:22,W 35 St & Dyer Ave,6569,W 39 St & 9 Ave,6644,40.754691750226016,-73.99740189313889,40.75645824,-73.99372222,member
806331,2A0A71496A03E439,classic_bike,2022-03-28 07:15:37,2022-03-28 08:00:22,W 35 St & Dyer Ave,6569,Van Brunt St & Van Dyke St,4095,40.754691750226016,-73.99740189313889,40.6758329439129,-74.01472628116608,member
806503,CBF55652EA1001F5,classic_bike,2022-03-17 18:26:41,2022-03-17 18:34:09,W 35 St & Dyer Ave,6569,6 Ave & W 45 St,6593,40.754691750226016,-73.99740189313889,40.756951,-73.982631,member
806510,3DEF4A5760305BA1,classic_bike,2022-03-16 16:03:00,2022-03-16 16:15:58,W 35 St & Dyer Ave,6569,6 Ave & W 45 St,6593,40.754691750226016,-73.99740189313889,40.756951,-73.982631,member
807346,3A63DA843E9CF869,classic_bike,2022-03-23 19:14:57,2022-03-23 19:17:42,W 35 St & Dyer Ave,6569,W 39 St & 9 Ave,6644,40.754691750226016,-73.99740189313889,40.75645824,-73.99372222,casual
807399,509AC5873E4DA4C0,classic_bike,2022-03-30 07:13:55,2022-03-30 07:52:22,W 35 St & Dyer Ave,6569,Van Brunt St & Van Dyke St,4095,40.754691750226016,-73.99740189313889,40.6758329439129,-74.01472628116608,member
807402,7C4495287B419EB6,electric_bike,2022-03-01 15:36:01,2022-03-01 15:39:47,W 35 St & Dyer Ave,6569,W 39 St & 9 Ave,6644,40.754691750226016,-73.99740189313889,40.75645824,-73.99372222,member
811716,2F9C14E5B344CD70,electric_bike,2022-03-07 15:40:21,2022-03-07 15:42:01,W 35 St & 9 Ave,6569,W 39 St & 9 Ave,6644,40.75414519263519,-73.9960889518261,40.75645824,-73.99372222,member
811725,F955956AAE5B99FA,classic_bike,2022-03-21 12:56:39,2022-03-21 13:15:39,W 35 St & 9 Ave,6569,E 48 St & 3 Ave,6541,40.75414519263519,-73.9960889518261,40.7546011026,-73.971878855,casual
811743,11E5F536C05E65DC,classic_bike,2022-03-30 18:41:00,2022-03-30 18:44:18,W 35 St & 9 Ave,6569,W 39 St & 9 Ave,6644,40.75414519263519,-73.9960889518261,40.75645824,-73.99372222,casual
811744,7EE1FB529D8A63A1,electric_bike,2022-03-03 21:11:21,2022-03-03 21:24:32,W 35 St & 9 Ave,6569,Lafayette St & E 8 St,5788,40.75414519263519,-73.9960889518261,40.73020660529954,-73.99102628231049,casual
811761,0ED4CDB195E2BFC6,classic_bike,2022-03-03 19:56:32,2022-03-03 20:05:19,W 35 St & 9 Ave,6569,6 Ave & W 45 St,6593,40.75414519263519,-73.9960889518261,40.756951,-73.982631,member
811772,9267487E8D155D02,classic_bike,2022-03-25 18:18:14,2022-03-25 18:31:17,W 35 St & 9 Ave,6569,E 48 St & 3 Ave,6541,40.75414519263519,-73.9960889518261,40.7546011026,-73.971878855,member
811773,FE1D7CF214C34A9B,classic_bike,2022-03-21 20:15:44,2022-03-21 20:30:56,W 35 St & 9 Ave,6569,Lafayette St & E 8 St,5788,40.75414519263519,-73.9960889518261,40.73020660529954,-73.99102628231049,member
811784,A31C34D6B00EA94D,docked_bike,2022-03-07 20:02:48,2022-03-07 20:14:46,W 35 St & 9 Ave,6569,E 39 St & Lexington Ave,6389,40.754145,-73.996089,40.749499,-73.977292,casual
811787,EFF0567EF73A8822,classic_bike,2022-03-16 18:03:45,2022-03-16 18:18:05,W 35 St & 9 Ave,6569,E 39 St & Lexington Ave,6389,40.75414519263519,-73.9960889518261,40.7494985460252,-73.97729203113158,member
811802,8C2F81B69126FA71,electric_bike,2022-03-29 11:16:22,2022-03-29 11:28:07,W 35 St & 9 Ave,6569,E 48 St & 3 Ave,6541,40.75414519263519,-73.9960889518261,40.7546011026,-73.971878855,member
811819,C98555F3B788AC0A,classic_bike,2022-03-13 16:04:22,2022-03-13 16:07:42,W 35 St & 9 Ave,6569,W 39 St & 9 Ave,6644,40.75414519263519,-73.9960889518261,40.75645824,-73.99372222,member
811834,FA81BF7EC7889D41,classic_bike,2022-03-17 19:39:45,2022-03-17 19:53:48,W 35 St & 9 Ave,6569,6 Ave & W 45 St,6593,40.75414519263519,-73.9960889518261,40.756951,-73.982631,casual
811835,B13256E9C26E828F,classic_bike,2022-03-16 14:14:42,2022-03-16 14:59:40,W 35 St & 9 Ave,6569,6 Ave & W 45 St,6593,40.75414519263519,-73.9960889518261,40.756951,-73.982631,casual
811837,41A389648D79FC35,classic_bike,2022-03-16 13:20:44,2022-03-16 13:35:01,W 35 St & 9 Ave,6569,6 Ave & W 45 St,6593,40.75414519263519,-73.9960889518261,40.756951,-73.982631,casual
811858,65495E66B64A3118,classic_bike,2022-03-29 13:01:44,2022-03-29 13:31:02,W 35 St & 9 Ave,6569,E 39 St & Lexington Ave,6389,40.75414519263519,-73.9960889518261,40.7494985460252,-73.97729203113158,member
811859,0BACCD83788A65C2,classic_bike,2022-03-28 17:59:16,2022-03-28 18:01:57,W 35 St & 9 Ave,6569,W 39 St & 9 Ave,6644,40.75414519263519,-73.9960889518261,40.75645824,-73.99372222,member
811862,C7279085E13BBF4F,electric_bike,2022-03-25 11:18:00,2022-03-25 11:40:58,W 35 St & 9 Ave,6569,E 81 St & 2 Ave,7121,40.75414519263519,-73.9960889518261,40.77477944895728,-73.95427465438843,member
811863,B90970B765FE5E0D,electric_bike,2022-03-19 18:17:50,2022-03-19 18:19:43,W 35 St & 9 Ave,6569,W 39 St & 9 Ave,6644,40.75414519263519,-73.9960889518261,40.75645824,-73.99372222,member
811887,923C483A5DB23FDF,classic_bike,2022-03-24 18:57:19,2022-03-24 19:17:40,W 35 St & 9 Ave,6569,Lafayette St & E 8 St,5788,40.75414519263519,-73.9960889518261,40.73020660529954,-73.99102628231049,member
811893,0F749F412DAB82BA,electric_bike,2022-03-31 13:44:04,2022-03-31 13:50:59,W 35 St & 9 Ave,6569,6 Ave & W 45 St,6593,40.75414519263519,-73.9960889518261,40.756951,-73.982631,member
811899,D2888472D29BB3DA,classic_bike,2022-03-21 10:36:55,2022-03-21 10:39:30,W 35 St & 9 Ave,6569,W 39 St & 9 Ave,6644,40.75414519263519,-73.9960889518261,40.75645824,-73.99372222,member
813189,84E294817A76BDF9,electric_bike,2022-03-01 18:25:38,2022-03-01 18:42:11,W 35 St & 9 Ave,6569,Lafayette St & E 8 St,5788,40.75414519263519,-73.9960889518261,40.73020660529954,-73.99102628231049,member
813212,546EB0AD18850827,electric_bike,2022-03-30 15:13:02,2022-03-30 15:20:06,W 35 St & 9 Ave,6569,6 Ave & W 45 St,6593,40.75414519263519,-73.9960889518261,40.756951,-73.982631,member
813247,F59E8C19AB584494,classic_bike,2022-03-18 12:07:47,2022-03-18 12:24:31,W 35 St & 9 Ave,6569,6 Ave & W 45 St,6593,40.75414519263519,-73.9960889518261,40.756951,-73.982631,casual
813249,24BEB6711B3DAECD,classic_bike,2022-03-20 15:11:24,2022-03-20 15:33:22,W 35 St & 9 Ave,6569,E 39 St & Lexington Ave,6389,40.75414519263519,-73.9960889518261,40.7494985460252,-73.97729203113158,casual
813299,769F2613DF841AB0,classic_bike,2022-03-18 12:58:45,2022-03-18 13:10:12,W 35 St & 9 Ave,6569,6 Ave & W 45 St,6593,40.75414519263519,-73.9960889518261,40.756951,-73.982631,member
813982,DC9ECECD0F258647,classic_bike,2022-03-21 20:15:16,2022-03-21 20:30:53,W 35 St & 9 Ave,6569,Lafayette St & E 8 St,5788,40.75414519263519,-73.9960889518261,40.73020660529954,-73.99102628231049,member
813985,0A923DB34D4ACADD,classic_bike,2022-03-05 18:17:42,2022-03-05 18:28:44,W 35 St & 9 Ave,6569,E 39 St & Lexington Ave,6389,40.75414519263519,-73.9960889518261,40.7494985460252,-73.97729203113158,member
816714,FA1DE9C94C125D42,classic_bike,2022-03-27 12:40:40,2022-03-27 12:54:06,W 36 St & 9 Ave,6569,E 39 St & Lexington Ave,6389,40.75462324029105,-73.99516761302948,40.7494985460252,-73.97729203113158,member
816778,76C0243663C1CC89,classic_bike,2022-03-21 23:59:54,2022-03-22 00:13:12,W 36 St & 9 Ave,6569,W 39 St & 9 Ave,6644,40.75462324029105,-73.99516761302948,40.75645824,-73.99372222,member
816796,AD950960A1B8EFE6,classic_bike,2022-03-23 18:12:03,2022-03-23 18:22:15,W 36 St & 9 Ave,6569,6 Ave & W 45 St,6593,40.75462324029105,-73.99516761302948,40.756951,-73.982631,casual
816800,B79EAD4B3E988501,classic_bike,2022-03-10 12:04:59,2022-03-10 12:11:53,W 36 St & 9 Ave,6569,6 Ave & W 45 St,6593,40.75462324029105,-73.99516761302948,40.756951,-73.982631,member
816980,CE4AEED54EE26B7F,classic_bike,2022-03-29 07:15:44,2022-03-29 07:56:22,W 35 St & Dyer Ave,6569,Van Brunt St & Van Dyke St,4095,40.754691750226016,-73.99740189313889,40.6758329439129,-74.01472628116608,member
817371,9E72962C276FAE96,classic_bike,2022-03-08 12:29:26,2022-03-08 12:51:03,W 36 St & 9 Ave,6569,6 Ave & W 45 St,6593,40.75462324029105,-73.99516761302948,40.756951,-73.982631,casual
817372,22F5DAA106F3B9A3,classic_bike,2022-03-14 15:44:59,2022-03-14 16:18:42,W 36 St & 9 Ave,6569,Lafayette St & E 8 St,5788,40.75462324029105,-73.99516761302948,40.73020660529954,-73.99102628231049,member
819520,161EF191531FD52B,electric_bike,2022-03-08 18:42:33,2022-03-08 18:59:18,W 35 St & 9 Ave,6569,Lafayette St & E 8 St,5788,40.75414519263519,-73.9960889518261,40.73020660529954,-73.99102628231049,member
819522,8A7DF520FF816A2F,electric_bike,2022-03-03 09:24:54,2022-03-03 09:32:42,W 35 St & 9 Ave,6569,6 Ave & W 45 St,6593,40.75414519263519,-73.9960889518261,40.756951,-73.982631,member
819542,6FBDB6DFC65CA556,classic_bike,2022-03-31 15:38:47,2022-03-31 15:40:52,W 35 St & 9 Ave,6569,W 39 St & 9 Ave,6644,40.75414519263519,-73.9960889518261,40.75645824,-73.99372222,member
819553,BA7B3F6162C408CB,classic_bike,2022-03-20 15:11:56,2022-03-20 15:33:42,W 35 St & 9 Ave,6569,E 39 St & Lexington Ave,6389,40.75414519263519,-73.9960889518261,40.7494985460252,-73.97729203113158,casual
819584,75E2AD338A581DF2,classic_bike,2022-03-03 15:46:52,2022-03-03 15:49:13,W 35 St & 9 Ave,6569,W 39 St & 9 Ave,6644,40.75414519263519,-73.9960889518261,40.75645824,-73.99372222,member
819615,C269E4596ADDD8E2,classic_bike,2022-03-19 19:06:01,2022-03-19 19:19:52,W 35 St & 9 Ave,6569,E 39 St & Lexington Ave,6389,40.75414519263519,-73.9960889518261,40.7494985460252,-73.97729203113158,casual
819639,954EC0E9B669565C,electric_bike,2022-03-03 21:11:29,2022-03-03 21:24:34,W 35 St & 9 Ave,6569,Lafayette St & E 8 St,5788,40.75414519263519,-73.9960889518261,40.73020660529954,-73.99102628231049,member
819641,EAECBE3AC772FA23,classic_bike,2022-03-25 17:36:41,2022-03-25 17:49:29,W 35 St & 9 Ave,6569,6 Ave & W 45 St,6593,40.75414519263519,-73.9960889518261,40.756951,-73.982631,member
819714,7B4944B10006D073,electric_bike,2022-03-10 10:48:51,2022-03-10 10:52:36,W 35 St & 9 Ave,6569,W 39 St & 9 Ave,6644,40.75414519263519,-73.9960889518261,40.75645824,-73.99372222,member
819718,DF59419E2BD5916E,classic_bike,2022-03-22 17:56:46,2022-03-22 18:05:24,W 35 St & 9 Ave,6569,6 Ave & W 45 St,6593,40.75414519263519,-73.9960889518261,40.756951,-73.982631,member
821133,B707DD65749B74D7,electric_bike,2022-03-03 18:41:13,2022-03-03 18:49:34,W 35 St & 9 Ave,6569,E 39 St & Lexington Ave,6389,40.75414519263519,-73.9960889518261,40.7494985460252,-73.97729203113158,member
821189,BEDE869C2451BE9D,classic_bike,2022-03-30 15:37:07,2022-03-30 15:43:35,W 36 St & 9 Ave,6569,6 Ave & W 45 St,6593,40.75462324029105,-73.99516761302948,40.756951,-73.982631,member
821192,652EE5F9FEF2DEFC,electric_bike,2022-03-04 16:18:38,2022-03-04 16:33:14,W 36 St & 9 Ave,6569,Lafayette St & E 8 St,5788,40.75462324029105,-73.99516761302948,40.73020660529954,-73.99102628231049,member
822012,4C14651C4EC34A80,electric_bike,2022-03-07 23:53:12,2022-03-07 23:54:33,W 36 St & 9 Ave,6569,W 39 St & 9 Ave,6644,40.75462324029105,-73.99516761302948,40.75645824,-73.99372222,member
824059,F7844A76E60D4E9E,electric_bike,2022-03-09 19:07:04,2022-03-09 19:26:25,W 36 St & 9 Ave,6569,Columbus Ave & W 95 St,7520,40.75462324029105,-73.99516761302948,40.7919557,-73.968087,member
824255,960E866F6CE6A036,classic_bike,2022-03-14 08:22:14,2022-03-14 08:43:01,W 35 St & 9 Ave,6569,Harrison St & Hudson St,5400,40.75414519263519,-73.9960889518261,40.71870987,-74.0090009,member
826662,B417D110412D8589,classic_bike,2022-03-20 08:47:28,2022-03-20 09:12:26,W 36 St & 9 Ave,6569,Harrison St & Hudson St,5400,40.75462324029105,-73.99516761302948,40.71870987,-74.0090009,member
828516,B6FCED2C9E3E8C2A,classic_bike,2022-03-16 11:31:20,2022-03-16 11:56:29,W 35 St & 9 Ave,6569,E 81 St & Park Ave,7188,40.75414519263519,-73.9960889518261,40.77677702,-73.9590097,member
828529,594A4621B9A66B05,classic_bike,2022-03-04 10:59:36,2022-03-04 11:28:09,W 35 St & 9 Ave,6569,E 81 St & Park Ave,7188,40.75414519263519,-73.9960889518261,40.77677702,-73.9590097,member
828791,AEE0F20965CF710C,classic_bike,2022-03-03 09:15:06,2022-03-03 09:39:33,W 35 St & 9 Ave,6569,E 81 St & Park Ave,7188,40.75414519263519,-73.9960889518261,40.77677702,-73.9590097,member
828798,1B729B1C328A11D4,electric_bike,2022-03-11 09:52:40,2022-03-11 10:12:50,W 35 St & 9 Ave,6569,Harrison St & Hudson St,5400,40.75414519263519,-73.9960889518261,40.71870987,-74.0090009,casual
828897,8E41579A6D1D59D7,electric_bike,2022-03-16 18:39:01,2022-03-16 18:54:47,W 35 St & 9 Ave,6569,Harrison St & Hudson St,5400,40.75414519263519,-73.9960889518261,40.71870987,-74.0090009,member
829568,36C04D8AA2440806,electric_bike,2022-03-04 15:02:20,2022-03-04 15:07:30,W 36 St & 9 Ave,6569,W 47 St & 10 Ave,6824,40.75462324029105,-73.99516761302948,40.76269882,-73.99301222,member
829582,4F42C98E365FB80E,electric_bike,2022-03-22 15:22:38,2022-03-22 15:25:57,W 36 St & 9 Ave,6569,Broadway & W 37 St,6441,40.75462324029105,-73.99516761302948,40.75172632,-73.98753523,member
829584,D58628C28D36A104,electric_bike,2022-03-16 23:43:13,2022-03-16 23:48:43,W 36 St & 9 Ave,6569,W 47 St & 10 Ave,6824,40.75462324029105,-73.99516761302948,40.76269882,-73.99301222,member
829587,BC6F846206ADCD7E,classic_bike,2022-03-31 16:52:31,2022-03-31 16:57:26,W 36 St & 9 Ave,6569,W 47 St & 10 Ave,6824,40.75462324029105,-73.99516761302948,40.76269882,-73.99301222,member
829588,8A7C1C7130E7F905,classic_bike,2022-03-19 14:43:14,2022-03-19 15:00:03,W 36 St & 9 Ave,6569,E 16 St & Irving Pl,5938,40.75462324029105,-73.99516761302948,40.735367055605394,-73.98797392845154,casual
829707,5E3DF6107F67157A,electric_bike,2022-03-03 08:45:33,2022-03-03 08:49:49,W 35 St & Dyer Ave,6569,W 47 St & 10 Ave,6824,40.754691750226016,-73.99740189313889,40.76269882,-73.99301222,member
829710,94420845C7F11E7B,electric_bike,2022-03-06 19:36:15,2022-03-06 19:40:30,W 35 St & Dyer Ave,6569,W 47 St & 10 Ave,6824,40.754691750226016,-73.99740189313889,40.76269882,-73.99301222,member
830628,B72ADCEA998AA742,electric_bike,2022-03-08 22:04:53,2022-03-08 22:12:09,W 36 St & 9 Ave,6569,W 47 St & 10 Ave,6824,40.75462324029105,-73.99516761302948,40.76269882,-73.99301222,member
830763,F0E4EA8F1380521C,classic_bike,2022-03-16 21:12:58,2022-03-16 21:17:24,W 35 St & Dyer Ave,6569,W 47 St & 10 Ave,6824,40.754691750226016,-73.99740189313889,40.76269882,-73.99301222,member
831333,11B46B1A0AECD42E,classic_bike,2022-03-02 12:25:55,2022-03-02 12:32:18,W 35 St & Dyer Ave,6569,Broadway & W 37 St,6441,40.754691750226016,-73.99740189313889,40.75172632,-73.98753523,member
832413,DBAF60C287F83FDE,classic_bike,2022-03-30 18:08:47,2022-03-30 18:13:39,W 35 St & 9 Ave,6569,W 47 St & 10 Ave,6824,40.75414519263519,-73.9960889518261,40.76269882,-73.99301222,member
833084,60C80B0A03AD3FB6,classic_bike,2022-03-31 14:55:21,2022-03-31 15:03:10,W 36 St & 9 Ave,6569,W 47 St & 10 Ave,6824,40.75462324029105,-73.99516761302948,40.76269882,-73.99301222,member
833089,7C250ABF6DC4C5B4,classic_bike,2022-03-27 11:39:18,2022-03-27 11:46:36,W 36 St & 9 Ave,6569,12 Ave & W 40 St,6765,40.75462324029105,-73.99516761302948,40.76087502,-74.00277668,member
833092,D5ACE346706704A9,electric_bike,2022-03-03 16:34:33,2022-03-03 16:40:06,W 36 St & 9 Ave,6569,W 47 St & 10 Ave,6824,40.75462324029105,-73.99516761302948,40.76269882,-73.99301222,member
833093,477A3BAA508131D1,classic_bike,2022-03-19 19:05:45,2022-03-19 19:10:44,W 36 St & 9 Ave,6569,12 Ave & W 40 St,6765,40.75462324029105,-73.99516761302948,40.76087502,-74.00277668,casual
833111,85C2AAA1FA4F380D,classic_bike,2022-03-27 12:15:30,2022-03-27 12:42:29,W 36 St & 9 Ave,6569,12 Ave & W 40 St,6765,40.75462324029105,-73.99516761302948,40.76087502,-74.00277668,casual
833755,AF1C9E9D4A071250,classic_bike,2022-03-10 16:02:54,2022-03-10 16:19:49,W 36 St & 9 Ave,6569,1 Ave & E 18 St,5854,40.75462324029105,-73.99516761302948,40.73381219196632,-73.98054420948029,member
833756,A70AFC30FA170277,electric_bike,2022-03-30 17:27:51,2022-03-30 17:33:12,W 36 St & 9 Ave,6569,W 47 St & 10 Ave,6824,40.75462324029105,-73.99516761302948,40.76269882,-73.99301222,casual
833762,85E6143D0DBB7439,classic_bike,2022-03-30 15:22:57,2022-03-30 15:34:50,W 36 St & 9 Ave,6569,W 47 St & 10 Ave,6824,40.75462324029105,-73.99516761302948,40.76269882,-73.99301222,member
833769,FBA1C9B9D734A2A0,classic_bike,2022-03-22 00:06:17,2022-03-22 00:12:08,W 36 St & 9 Ave,6569,W 47 St & 10 Ave,6824,40.75462324029105,-73.99516761302948,40.76269882,-73.99301222,member
833770,734F0937F84D70C8,classic_bike,2022-03-16 19:39:05,2022-03-16 19:44:01,W 36 St & 9 Ave,6569,W 47 St & 10 Ave,6824,40.75462324029105,-73.99516761302948,40.76269882,-73.99301222,member
835522,1BF9EBBF44DE8DAC,classic_bike,2022-03-29 15:48:04,2022-03-29 15:54:54,W 35 St & 9 Ave,6569,12 Ave & W 40 St,6765,40.75414519263519,-73.9960889518261,40.76087502,-74.00277668,member
835523,475C48BFCC7D6132,electric_bike,2022-03-21 19:22:08,2022-03-21 19:40:43,W 35 St & 9 Ave,6569,W 47 St & 10 Ave,6824,40.75414519263519,-73.9960889518261,40.76269882,-73.99301222,member
836518,5A375DB3E748D41B,electric_bike,2022-03-08 17:25:19,2022-03-08 17:29:41,W 35 St & 9 Ave,6569,W 47 St & 10 Ave,6824,40.75414519263519,-73.9960889518261,40.76269882,-73.99301222,member
838050,71AA84E75AC9DA6F,classic_bike,2022-03-08 11:44:24,2022-03-08 11:51:12,W 35 St & Dyer Ave,6569,W 47 St & 10 Ave,6824,40.754691750226016,-73.99740189313889,40.76269882,-73.99301222,member
838058,7EBBDC720D9F81AA,electric_bike,2022-03-19 20:26:39,2022-03-19 20:33:14,W 35 St & Dyer Ave,6569,W 47 St & 10 Ave,6824,40.754691750226016,-73.99740189313889,40.76269882,-73.99301222,member
838061,4BE33DE2BE8A94CA,classic_bike,2022-03-03 13:52:49,2022-03-03 14:22:44,W 35 St & Dyer Ave,6569,W 47 St & 10 Ave,6824,40.754691750226016,-73.99740189313889,40.76269882,-73.99301222,member
838079,BF99CFD6F394BE55,classic_bike,2022-03-25 19:01:09,2022-03-25 19:05:34,W 35 St & Dyer Ave,6569,W 47 St & 10 Ave,6824,40.754691750226016,-73.99740189313889,40.76269882,-73.99301222,member
838104,EBCAD57B99623D83,classic_bike,2022-03-05 14:27:57,2022-03-05 14:33:20,W 35 St & Dyer Ave,6569,W 47 St & 10 Ave,6824,40.754691750226016,-73.99740189313889,40.76269882,-73.99301222,member
838126,699E59B69EB44A6F,classic_bike,2022-03-05 14:27:39,2022-03-05 14:33:22,W 35 St & Dyer Ave,6569,W 47 St & 10 Ave,6824,40.754691750226016,-73.99740189313889,40.76269882,-73.99301222,member
838232,8962B2C125B5CEA4,electric_bike,2022-03-29 20:21:52,2022-03-29 20:25:27,W 35 St & Dyer Ave,6569,W 47 St & 10 Ave,6824,40.754691750226016,-73.99740189313889,40.76269882,-73.99301222,member
838893,FD8781124C8E0409,electric_bike,2022-03-20 00:45:01,2022-03-20 00:48:55,W 35 St & Dyer Ave,6569,W 47 St & 10 Ave,6824,40.754691750226016,-73.99740189313889,40.76269882,-73.99301222,member
838938,4A1DC36F5249C7F4,classic_bike,2022-03-14 17:25:39,2022-03-14 17:31:11,W 35 St & Dyer Ave,6569,W 47 St & 10 Ave,6824,40.754691750226016,-73.99740189313889,40.76269882,-73.99301222,member
839390,4FB0276E8BB5FFCB,classic_bike,2022-03-05 14:31:53,2022-03-05 14:37:06,W 35 St & Dyer Ave,6569,W 47 St & 10 Ave,6824,40.754691750226016,-73.99740189313889,40.76269882,-73.99301222,member
839587,6035081794664FCD,classic_bike,2022-03-24 18:37:58,2022-03-24 18:45:12,W 36 St & 9 Ave,6569,W 47 St & 10 Ave,6824,40.75462324029105,-73.99516761302948,40.76269882,-73.99301222,member
839588,2B1E8A17B030F5A5,electric_bike,2022-03-07 18:36:58,2022-03-07 18:43:46,W 36 St & 9 Ave,6569,W 47 St & 10 Ave,6824,40.75462324029105,-73.99516761302948,40.76269882,-73.99301222,member
839591,6D66B85ECFD3ADB4,classic_bike,2022-03-19 19:05:53,2022-03-19 19:12:08,W 36 St & 9 Ave,6569,12 Ave & W 40 St,6765,40.75462324029105,-73.99516761302948,40.76087502,-74.00277668,casual
839594,5C47A6E6BA30D6D2,classic_bike,2022-03-04 23:38:10,2022-03-05 00:07:41,W 36 St & 9 Ave,6569,1 Ave & E 18 St,5854,40.75462324029105,-73.99516761302948,40.73381219196632,-73.98054420948029,casual
839608,646973F7E516116A,classic_bike,2022-03-03 16:03:07,2022-03-03 16:11:03,W 36 St & 9 Ave,6569,12 Ave & W 40 St,6765,40.75462324029105,-73.99516761302948,40.76087502,-74.00277668,member
839623,7F38A3AF94BCD4BA,classic_bike,2022-03-19 14:22:56,2022-03-19 14:30:28,W 36 St & 9 Ave,6569,W 47 St & 10 Ave,6824,40.75462324029105,-73.99516761302948,40.76269882,-73.99301222,member
839624,14391BE88509B5F9,classic_bike,2022-03-05 11:43:39,2022-03-05 11:48:26,W 36 St & 9 Ave,6569,W 47 St & 10 Ave,6824,40.75462324029105,-73.99516761302948,40.76269882,-73.99301222,member
839640,50E71B9BEFAD0695,classic_bike,2022-03-09 19:34:13,2022-03-09 19:39:24,W 36 St & 9 Ave,6569,W 47 St & 10 Ave,6824,40.75462324029105,-73.99516761302948,40.76269882,-73.99301222,member
839987,1F5A7872BB6B308F,classic_bike,2022-03-06 12:37:39,2022-03-06 12:55:41,W 35 St & Dyer Ave,6569,1 Ave & E 18 St,5854,40.754691750226016,-73.99740189313889,40.73381219196632,-73.98054420948029,member
840575,4D189F120F7E96BC,classic_bike,2022-03-19 19:06:05,2022-03-19 19:10:49,W 36 St & 9 Ave,6569,12 Ave & W 40 St,6765,40.75462324029105,-73.99516761302948,40.76087502,-74.00277668,casual
840576,9AE7EEEF4458FD07,classic_bike,2022-03-19 19:05:24,2022-03-19 19:10:53,W 36 St & 9 Ave,6569,12 Ave & W 40 St,6765,40.75462324029105,-73.99516761302948,40.76087502,-74.00277668,casual
840821,69D84E98058F1A2A,electric_bike,2022-03-22 18:35:41,2022-03-22 18:42:01,W 36 St & 9 Ave,6569,W 47 St & 10 Ave,6824,40.75462324029105,-73.99516761302948,40.76269882,-73.99301222,member
840822,84E2A1F582A96CE8,classic_bike,2022-03-21 18:34:49,2022-03-21 18:42:26,W 36 St & 9 Ave,6569,W 47 St & 10 Ave,6824,40.75462324029105,-73.99516761302948,40.76269882,-73.99301222,member
840823,CD2D9EF69AF1A151,classic_bike,2022-03-11 14:19:08,2022-03-11 14:28:53,W 36 St & 9 Ave,6569,12 Ave & W 40 St,6765,40.75462324029105,-73.99516761302948,40.76087502,-74.00277668,casual
845237,AD13934B30F45524,classic_bike,2022-03-14 16:52:38,2022-03-14 16:59:38,W 36 St & 9 Ave,6569,W 47 St & 10 Ave,6824,40.75462324029105,-73.99516761302948,40.76269882,-73.99301222,member
845298,0D0B213E87E82F81,electric_bike,2022-03-28 14:24:19,2022-03-28 14:30:12,W 36 St & 9 Ave,6569,W 47 St & 10 Ave,6824,40.75462324029105,-73.99516761302948,40.76269882,-73.99301222,member
845299,238C094249FDEEFA,classic_bike,2022-03-20 11:49:30,2022-03-20 12:03:11,W 36 St & 9 Ave,6569,E 16 St & Irving Pl,5938,40.75462324029105,-73.99516761302948,40.735367055605394,-73.98797392845154,member
846149,50295AFFED2F8E7C,electric_bike,2022-03-25 15:38:23,2022-03-25 15:43:53,W 35 St & Dyer Ave,6569,W 47 St & 10 Ave,6824,40.754691750226016,-73.99740189313889,40.76269882,-73.99301222,member
847382,06B6384766D7E648,classic_bike,2022-03-10 19:09:11,2022-03-10 19:17:13,W 35 St & 9 Ave,6569,12 Ave & W 40 St,6765,40.75414519263519,-73.9960889518261,40.76087502,-74.00277668,member
847385,1A4482F1AEA99F98,electric_bike,2022-03-10 17:31:08,2022-03-10 17:46:36,W 35 St & 9 Ave,6569,1 Ave & E 18 St,5854,40.75414519263519,-73.9960889518261,40.73381219196632,-73.98054420948029,member
847390,BEEA58946B6EE0D3,classic_bike,2022-03-31 18:11:05,2022-03-31 18:16:46,W 35 St & 9 Ave,6569,W 47 St & 10 Ave,6824,40.75414519263519,-73.9960889518261,40.76269882,-73.99301222,member
847407,A9F34999588A8974,electric_bike,2022-03-03 10:00:54,2022-03-03 10:05:54,W 35 St & 9 Ave,6569,W 47 St & 10 Ave,6824,40.75414519263519,-73.9960889518261,40.76269882,-73.99301222,member
847413,35BB8E82C35299F5,classic_bike,2022-03-25 12:11:14,2022-03-25 12:17:14,W 35 St & 9 Ave,6569,W 47 St & 10 Ave,6824,40.75414519263519,-73.9960889518261,40.76269882,-73.99301222,member
847417,D24922C86BBD0A3D,electric_bike,2022-03-07 10:24:53,2022-03-07 10:29:48,W 35 St & 9 Ave,6569,W 47 St & 10 Ave,6824,40.75414519263519,-73.9960889518261,40.76269882,-73.99301222,member
847419,0B74CC51F36D001E,classic_bike,2022-03-19 17:47:53,2022-03-19 17:57:03,W 35 St & 9 Ave,6569,12 Ave & W 40 St,6765,40.75414519263519,-73.9960889518261,40.76087502,-74.00277668,casual
847425,021BE554B63E02ED,classic_bike,2022-03-30 20:18:12,2022-03-30 20:25:08,W 35 St & 9 Ave,6569,12 Ave & W 40 St,6765,40.75414519263519,-73.9960889518261,40.76087502,-74.00277668,member
847426,C8CE87CF3CA798C1,classic_bike,2022-03-28 19:24:09,2022-03-28 19:30:04,W 35 St & 9 Ave,6569,12 Ave & W 40 St,6765,40.75414519263519,-73.9960889518261,40.76087502,-74.00277668,member
847432,51919993B995E745,electric_bike,2022-03-13 15:41:39,2022-03-13 15:47:23,W 35 St & 9 Ave,6569,W 47 St & 10 Ave,6824,40.75414519263519,-73.9960889518261,40.76269882,-73.99301222,member
847448,D738E275659A6060,electric_bike,2022-03-20 00:42:48,2022-03-20 00:48:57,W 35 St & 9 Ave,6569,W 47 St & 10 Ave,6824,40.75414519263519,-73.9960889518261,40.76269882,-73.99301222,casual
847754,46C6D048480CB593,electric_bike,2022-03-24 17:13:44,2022-03-24 17:18:30,W 35 St & 9 Ave,6569,W 47 St & 10 Ave,6824,40.75414519263519,-73.9960889518261,40.76269882,-73.99301222,member
847757,EA02975BD7D5510F,electric_bike,2022-03-15 18:45:53,2022-03-15 18:50:07,W 35 St & 9 Ave,6569,W 47 St & 10 Ave,6824,40.75414519263519,-73.9960889518261,40.76269882,-73.99301222,member
847760,430069A75BE393BA,classic_bike,2022-03-22 17:12:45,2022-03-22 17:17:39,W 35 St & 9 Ave,6569,Broadway & W 37 St,6441,40.75414519263519,-73.9960889518261,40.75172632,-73.98753523,member
847761,6256CB4434E908E9,classic_bike,2022-03-02 16:52:41,2022-03-02 16:59:42,W 35 St & 9 Ave,6569,W 47 St & 10 Ave,6824,40.75414519263519,-73.9960889518261,40.76269882,-73.99301222,member
847765,D0D14085229891F0,electric_bike,2022-03-29 10:50:27,2022-03-29 10:54:00,W 35 St & 9 Ave,6569,W 47 St & 10 Ave,6824,40.75414519263519,-73.9960889518261,40.76269882,-73.99301222,member
847850,FCDB0CA7B1DE11B9,electric_bike,2022-03-05 14:56:47,2022-03-05 15:27:00,W 35 St & 9 Ave,6569,E 16 St & Irving Pl,5938,40.75414519263519,-73.9960889518261,40.735367055605394,-73.98797392845154,casual
847867,A66B12656AB7D01C,classic_bike,2022-03-27 10:50:05,2022-03-27 11:03:32,W 35 St & 9 Ave,6569,E 16 St & Irving Pl,5938,40.75414519263519,-73.9960889518261,40.735367055605394,-73.98797392845154,member
849970,20234A5E3CC8BD16,classic_bike,2022-03-16 09:38:50,2022-03-16 09:47:07,W 35 St & Dyer Ave,6569,W 47 St & 10 Ave,6824,40.754691750226016,-73.99740189313889,40.76269882,-73.99301222,member
850861,1773EE5683068827,classic_bike,2022-03-10 19:58:19,2022-03-10 20:03:16,W 35 St & 9 Ave,6569,W 47 St & 10 Ave,6824,40.75414519263519,-73.9960889518261,40.76269882,-73.99301222,member
850862,9546CF242205E078,classic_bike,2022-03-13 21:07:30,2022-03-13 21:21:33,W 35 St & 9 Ave,6569,W 47 St & 10 Ave,6824,40.75414519263519,-73.9960889518261,40.76269882,-73.99301222,casual
850866,7D804717A15C3752,classic_bike,2022-03-31 20:02:12,2022-03-31 20:07:50,W 35 St & 9 Ave,6569,W 47 St & 10 Ave,6824,40.75414519263519,-73.9960889518261,40.76269882,-73.99301222,member
850921,F832DD849CCA107C,classic_bike,2022-03-06 18:21:58,2022-03-06 18:27:15,W 35 St & 9 Ave,6569,W 47 St & 10 Ave,6824,40.75414519263519,-73.9960889518261,40.76269882,-73.99301222,member
850927,6E2CC176CF8AF8B8,classic_bike,2022-03-05 13:24:03,2022-03-05 13:43:51,W 35 St & 9 Ave,6569,12 Ave & W 40 St,6765,40.75414519263519,-73.9960889518261,40.76087502,-74.00277668,casual
850949,A34841645F54ED08,classic_bike,2022-03-31 12:53:22,2022-03-31 13:27:10,W 35 St & 9 Ave,6569,1 Ave & E 18 St,5854,40.75414519263519,-73.9960889518261,40.73381219196632,-73.98054420948029,member
851061,A7ADD99657815541,electric_bike,2022-03-01 17:51:05,2022-03-01 17:55:46,W 35 St & 9 Ave,6569,W 47 St & 10 Ave,6824,40.75414519263519,-73.9960889518261,40.76269882,-73.99301222,member
851063,89C4F5C4DA0AB29B,electric_bike,2022-03-11 17:47:54,2022-03-11 17:53:21,W 35 St & 9 Ave,6569,W 47 St & 10 Ave,6824,40.75414519263519,-73.9960889518261,40.76269882,-73.99301222,member
851106,35DE828BB889374E,electric_bike,2022-03-25 14:18:06,2022-03-25 14:21:47,W 35 St & 9 Ave,6569,W 47 St & 10 Ave,6824,40.75414519263519,-73.9960889518261,40.76269882,-73.99301222,member
851115,01C745B76727E4D1,classic_bike,2022-03-08 18:24:56,2022-03-08 18:41:44,W 35 St & 9 Ave,6569,1 Ave & E 18 St,5854,40.75414519263519,-73.9960889518261,40.73381219196632,-73.98054420948029,member
851127,126D89401E7ED04B,classic_bike,2022-03-10 10:18:20,2022-03-10 10:31:04,W 35 St & 9 Ave,6569,E 16 St & Irving Pl,5938,40.75414519263519,-73.9960889518261,40.735367055605394,-73.98797392845154,member
851128,C186649367898D18,classic_bike,2022-03-25 15:29:00,2022-03-25 15:36:03,W 35 St & 9 Ave,6569,W 47 St & 10 Ave,6824,40.75414519263519,-73.9960889518261,40.76269882,-73.99301222,member
851526,EA2379358B273D66,electric_bike,2022-03-26 22:58:04,2022-03-26 23:02:53,W 35 St & 9 Ave,6569,W 47 St & 10 Ave,6824,40.75414519263519,-73.9960889518261,40.76269882,-73.99301222,member
851545,B2078673F3AB0A82,electric_bike,2022-03-11 10:26:33,2022-03-11 10:31:31,W 35 St & 9 Ave,6569,W 47 St & 10 Ave,6824,40.75414519263519,-73.9960889518261,40.76269882,-73.99301222,member
852017,D196E5AFA6808534,electric_bike,2022-03-28 13:29:29,2022-03-28 13:33:25,W 35 St & 9 Ave,6569,W 47 St & 10 Ave,6824,40.75414519263519,-73.9960889518261,40.76269882,-73.99301222,member
852018,FDC3A0DDAA0A7A42,electric_bike,2022-03-02 06:54:59,2022-03-02 06:59:39,W 35 St & 9 Ave,6569,12 Ave & W 40 St,6765,40.75414519263519,-73.9960889518261,40.76087502,-74.00277668,member
852168,8DEBA20D8A3FDEFD,classic_bike,2022-03-31 11:33:05,2022-03-31 12:07:53,W 35 St & Dyer Ave,6569,7 Ave & Central Park South,6912,40.754691750226016,-73.99740189313889,40.7667405590595,-73.9790689945221,casual
852193,FC9E0A368ACA31A5,classic_bike,2022-03-04 18:06:23,2022-03-04 18:25:05,W 35 St & Dyer Ave,6569,King St & Varick St,5687,40.754691750226016,-73.99740189313889,40.72789701409023,-74.00536268949507,member
852652,CFFD1719723974C0,electric_bike,2022-03-10 10:13:22,2022-03-10 10:26:03,W 35 St & 9 Ave,6569,King St & Varick St,5687,40.75414519263519,-73.9960889518261,40.72789701409023,-74.00536268949507,casual
852989,D94852B04F2B5FB1,classic_bike,2022-03-29 09:02:22,2022-03-29 09:16:35,W 36 St & 9 Ave,6569,Broadway & E 14 St,5905,40.75462324029105,-73.99516761302948,40.73454567,-73.99074142,member
852990,2D8195095439193B,classic_bike,2022-03-16 09:06:04,2022-03-16 09:21:28,W 36 St & 9 Ave,6569,King St & Varick St,5687,40.75462324029105,-73.99516761302948,40.72789701409023,-74.00536268949507,casual
852998,4D0FDB5772A8F71E,electric_bike,2022-03-11 04:54:18,2022-03-11 05:14:29,W 36 St & 9 Ave,6569,Lispenard St & Broadway,5391,40.75462324029105,-73.99516761302948,40.71939226,-74.00247214,casual
853815,0A9AC232591CDF30,electric_bike,2022-03-13 11:22:15,2022-03-13 11:35:49,W 35 St & Dyer Ave,6569,Broadway & E 14 St,5905,40.754691750226016,-73.99740189313889,40.73454567,-73.99074142,casual
855525,AC6E9ABD13D24376,electric_bike,2022-03-16 14:04:51,2022-03-16 14:13:58,W 36 St & 9 Ave,6569,Broadway & E 14 St,5905,40.75462324029105,-73.99516761302948,40.73454567,-73.99074142,member
856886,F5AD07723F42C31B,classic_bike,2022-03-06 16:43:37,2022-03-06 17:02:41,W 35 St & Dyer Ave,6569,King St & Varick St,5687,40.754691750226016,-73.99740189313889,40.72789701409023,-74.00536268949507,member
857189,8B264D9F2B3F7573,classic_bike,2022-03-27 09:56:40,2022-03-27 10:19:10,W 35 St & Dyer Ave,6569,7 Ave & Central Park South,6912,40.754691750226016,-73.99740189313889,40.7667405590595,-73.9790689945221,casual
857936,1089C4DEDC6EE8A5,classic_bike,2022-03-05 18:20:00,2022-03-05 18:35:32,W 35 St & 9 Ave,6569,Broadway & E 14 St,5905,40.75414519263519,-73.9960889518261,40.73454567,-73.99074142,member
862617,5A0302FC05F3864F,classic_bike,2022-03-21 14:53:44,2022-03-21 15:13:32,W 35 St & 9 Ave,6569,7 Ave & Central Park South,6912,40.75414519263519,-73.9960889518261,40.7667405590595,-73.9790689945221,casual
862694,CF3F8C821EB9EE85,electric_bike,2022-03-06 09:17:03,2022-03-06 09:28:29,W 35 St & 9 Ave,6569,7 Ave & Central Park South,6912,40.75414519263519,-73.9960889518261,40.7667405590595,-73.9790689945221,casual
865920,5DF1D7A5D304B1F8,classic_bike,2022-03-31 11:35:03,2022-03-31 12:07:23,W 35 St & Dyer Ave,6569,7 Ave & Central Park South,6912,40.754691750226016,-73.99740189313889,40.7667405590595,-73.9790689945221,casual
865927,01FE3490BB3E7A6F,classic_bike,2022-03-07 13:18:56,2022-03-07 13:34:02,W 35 St & Dyer Ave,6569,Broadway & E 14 St,5905,40.754691750226016,-73.99740189313889,40.73454567,-73.99074142,member
865928,E23746701A107DA1,classic_bike,2022-03-11 12:58:02,2022-03-11 13:15:36,W 35 St & Dyer Ave,6569,Broadway & E 14 St,5905,40.754691750226016,-73.99740189313889,40.73454567,-73.99074142,member
865929,0E76B428A93C3FFD,classic_bike,2022-03-25 11:18:09,2022-03-25 11:31:32,W 35 St & Dyer Ave,6569,Broadway & E 14 St,5905,40.754691750226016,-73.99740189313889,40.73454567,-73.99074142,member
865964,23545C7B32910E21,classic_bike,2022-03-31 11:34:56,2022-03-31 12:07:29,W 35 St & Dyer Ave,6569,7 Ave & Central Park South,6912,40.754691750226016,-73.99740189313889,40.7667405590595,-73.9790689945221,casual
865981,EFDFBED666F2B990,classic_bike,2022-03-27 09:56:38,2022-03-27 10:18:46,W 35 St & Dyer Ave,6569,7 Ave & Central Park South,6912,40.754691750226016,-73.99740189313889,40.7667405590595,-73.9790689945221,casual
865991,F75911EC313D4FF0,electric_bike,2022-03-27 09:20:50,2022-03-27 09:32:57,W 35 St & Dyer Ave,6569,Broadway & E 14 St,5905,40.754691750226016,-73.99740189313889,40.73454567,-73.99074142,member
866219,A169D571A50C3576,classic_bike,2022-03-26 14:43:14,2022-03-26 15:14:41,W 36 St & 9 Ave,6569,7 Ave & Central Park South,6912,40.75462324029105,-73.99516761302948,40.7667405590595,-73.9790689945221,casual
866222,E0509273ED8EDD3D,electric_bike,2022-03-08 20:14:33,2022-03-08 20:25:33,W 36 St & 9 Ave,6569,King St & Varick St,5687,40.75462324029105,-73.99516761302948,40.72789701409023,-74.00536268949507,member
866254,379FE5575282F410,classic_bike,2022-03-11 08:52:10,2022-03-11 09:08:22,W 36 St & 9 Ave,6569,7 Ave & Central Park South,6912,40.75462324029105,-73.99516761302948,40.7667405590595,-73.9790689945221,member
866280,B6B37B02B644F77C,electric_bike,2022-03-04 14:34:00,2022-03-04 14:45:22,W 36 St & 9 Ave,6569,Broadway & E 14 St,5905,40.75462324029105,-73.99516761302948,40.73454567,-73.99074142,member
866281,1EF677979E576AEF,classic_bike,2022-03-15 11:12:05,2022-03-15 11:31:26,W 36 St & 9 Ave,6569,Broadway & E 14 St,5905,40.75462324029105,-73.99516761302948,40.73454567,-73.99074142,casual
866695,89C48D4A508C6838,classic_bike,2022-03-01 18:38:04,2022-03-01 18:54:28,W 36 St & 9 Ave,6569,King St & Varick St,5687,40.75462324029105,-73.99516761302948,40.72789701409023,-74.00536268949507,member
866749,3F463D711463AD1B,electric_bike,2022-03-22 15:07:22,2022-03-22 15:31:52,W 36 St & 9 Ave,6569,Lispenard St & Broadway,5391,40.75462324029105,-73.99516761302948,40.71939226,-74.00247214,member
866981,37FFDCCC4FD98659,classic_bike,2022-03-27 12:18:40,2022-03-27 12:31:52,W 35 St & Dyer Ave,6569,Broadway & E 14 St,5905,40.754691750226016,-73.99740189313889,40.73454567,-73.99074142,member
867276,52756F71013772F4,classic_bike,2022-03-26 14:49:48,2022-03-26 15:15:02,W 35 St & 9 Ave,6569,7 Ave & Central Park South,6912,40.75414519263519,-73.9960889518261,40.7667405590595,-73.9790689945221,casual
869689,D9AB28386C6C44FB,classic_bike,2022-03-07 20:59:52,2022-03-07 21:32:33,W 35 St & 9 Ave,6569,St Nicholas Ave & Manhattan Ave,7723,40.75414519263519,-73.9960889518261,40.809725,-73.953149,member
870629,423AC169E9095090,classic_bike,2022-03-22 18:15:15,2022-03-22 18:27:40,W 35 St & 9 Ave,6569,Broadway & E 14 St,5905,40.75414519263519,-73.9960889518261,40.73454567,-73.99074142,member
870637,60CD568CF88E5D6D,classic_bike,2022-03-07 08:01:51,2022-03-07 08:14:52,W 35 St & 9 Ave,6569,King St & Varick St,5687,40.75414519263519,-73.9960889518261,40.72789701409023,-74.00536268949507,member
870643,238C6FE3F9CEA5C4,electric_bike,2022-03-21 14:53:28,2022-03-21 15:13:30,W 35 St & 9 Ave,6569,7 Ave & Central Park South,6912,40.75414519263519,-73.9960889518261,40.7667405590595,-73.9790689945221,casual
870653,A98D91AF70B0FF83,classic_bike,2022-03-26 14:51:02,2022-03-26 15:15:32,W 35 St & 9 Ave,6569,7 Ave & Central Park South,6912,40.75414519263519,-73.9960889518261,40.7667405590595,-73.9790689945221,casual
870677,AE4D053DEB343D1C,classic_bike,2022-03-21 14:53:02,2022-03-21 15:13:15,W 35 St & 9 Ave,6569,7 Ave & Central Park South,6912,40.75414519263519,-73.9960889518261,40.7667405590595,-73.9790689945221,member
870726,B73DA28FCAD04BFA,classic_bike,2022-03-20 16:47:08,2022-03-20 17:06:43,W 35 St & 9 Ave,6569,Broadway & E 14 St,5905,40.75414519263519,-73.9960889518261,40.73454567,-73.99074142,casual
870778,6663FA6641AB7EBB,classic_bike,2022-03-24 08:10:57,2022-03-24 08:24:19,W 35 St & 9 Ave,6569,Broadway & E 14 St,5905,40.75414519263519,-73.9960889518261,40.73454567,-73.99074142,member
870898,9FEB56597D926A4D,classic_bike,2022-03-04 08:57:48,2022-03-04 09:13:13,W 35 St & 9 Ave,6569,Broadway & E 14 St,5905,40.75414519263519,-73.9960889518261,40.73454567,-73.99074142,member
870899,CB3656FE18E0375F,classic_bike,2022-03-21 08:30:28,2022-03-21 08:45:25,W 35 St & 9 Ave,6569,Broadway & E 14 St,5905,40.75414519263519,-73.9960889518261,40.73454567,-73.99074142,member
870942,9F35ADC04116A5EE,electric_bike,2022-03-16 08:45:36,2022-03-16 08:56:56,W 35 St & 9 Ave,6569,Broadway & E 14 St,5905,40.75414519263519,-73.9960889518261,40.73454567,-73.99074142,member
870978,6917525D3DFF62AE,classic_bike,2022-03-31 18:53:19,2022-03-31 19:07:41,W 35 St & 9 Ave,6569,Broadway & E 14 St,5905,40.75414519263519,-73.9960889518261,40.73454567,-73.99074142,member
871343,D21D26959A179642,classic_bike,2022-03-26 14:47:40,2022-03-26 15:15:29,W 35 St & 9 Ave,6569,7 Ave & Central Park South,6912,40.75414519263519,-73.9960889518261,40.7667405590595,-73.9790689945221,casual
871525,F9956318D294E85C,classic_bike,2022-03-05 15:01:12,2022-03-05 15:11:52,W 36 St & 9 Ave,6569,6 Ave & W 33 St,6364,40.75462324029105,-73.99516761302948,40.74901271,-73.98848395,member
871527,BD5C18BBE953243D,electric_bike,2022-03-19 14:45:55,2022-03-19 14:51:10,W 36 St & 9 Ave,6569,6 Ave & W 33 St,6364,40.75462324029105,-73.99516761302948,40.74901271,-73.98848395,member
871637,99C2D758119FE76E,classic_bike,2022-03-22 20:24:07,2022-03-22 20:29:41,W 36 St & 9 Ave,6569,6 Ave & W 33 St,6364,40.75462324029105,-73.99516761302948,40.74901271,-73.98848395,casual
871715,997BE3B3378FF6F6,classic_bike,2022-03-18 18:03:12,2022-03-18 18:08:42,W 36 St & 9 Ave,6569,6 Ave & W 33 St,6364,40.75462324029105,-73.99516761302948,40.74901271,-73.98848395,member
871954,CA3AFC8CB6E1664C,electric_bike,2022-03-18 22:23:03,2022-03-18 22:59:44,W 35 St & Dyer Ave,6569,6 Ave & W 33 St,6364,40.754691750226016,-73.99740189313889,40.74901271,-73.98848395,member
871984,E422B4ABE24B91D8,electric_bike,2022-03-03 02:14:58,2022-03-03 02:20:58,W 35 St & Dyer Ave,6569,6 Ave & W 33 St,6364,40.754691750226016,-73.99740189313889,40.74901271,-73.98848395,casual
871988,6623FE6236C2310F,electric_bike,2022-03-27 16:39:47,2022-03-27 16:50:51,W 35 St & Dyer Ave,6569,E 20 St & Park Ave,6055,40.754691750226016,-73.99740189313889,40.73827428,-73.98751968,casual
872018,18B01E14BC409904,classic_bike,2022-03-18 15:43:22,2022-03-18 15:52:36,W 35 St & Dyer Ave,6569,6 Ave & W 33 St,6364,40.754691750226016,-73.99740189313889,40.74901271,-73.98848395,casual
872019,44AFC983B5A4AA81,electric_bike,2022-03-07 00:11:25,2022-03-07 00:19:55,W 35 St & Dyer Ave,6569,6 Ave & W 33 St,6364,40.754691750226016,-73.99740189313889,40.74901271,-73.98848395,casual
872035,78BD5AC196EA8A6E,electric_bike,2022-03-08 18:27:08,2022-03-08 18:32:15,W 35 St & Dyer Ave,6569,6 Ave & W 33 St,6364,40.754691750226016,-73.99740189313889,40.74901271,-73.98848395,member
872042,D3E2460C2AA22AE4,electric_bike,2022-03-11 10:55:47,2022-03-11 11:00:05,W 35 St & Dyer Ave,6569,6 Ave & W 33 St,6364,40.754691750226016,-73.99740189313889,40.74901271,-73.98848395,casual
872088,FA700C1705CFF275,electric_bike,2022-03-08 15:00:25,2022-03-08 15:05:25,W 35 St & Dyer Ave,6569,6 Ave & W 33 St,6364,40.754691750226016,-73.99740189313889,40.74901271,-73.98848395,member
873136,813DF559BBC34488,classic_bike,2022-03-02 00:41:04,2022-03-02 00:46:28,W 36 St & 9 Ave,6569,6 Ave & W 33 St,6364,40.75462324029105,-73.99516761302948,40.74901271,-73.98848395,casual
873137,F60A2F5ED328AE82,classic_bike,2022-03-08 14:45:17,2022-03-08 15:01:39,W 36 St & 9 Ave,6569,W 70 St & Amsterdam Ave,7207,40.75462324029105,-73.99516761302948,40.77748046,-73.98288594,member
873178,7616DDBAA99FB4DC,classic_bike,2022-03-19 20:56:40,2022-03-19 21:02:51,W 36 St & 9 Ave,6569,6 Ave & W 33 St,6364,40.75462324029105,-73.99516761302948,40.74901271,-73.98848395,casual
873842,8385B6850044A7C4,classic_bike,2022-03-03 20:52:41,2022-03-03 21:13:05,W 36 St & 9 Ave,6569,W 70 St & Amsterdam Ave,7207,40.75462324029105,-73.99516761302948,40.77748046,-73.98288594,member
873856,50B64AFF820A8B62,classic_bike,2022-03-18 17:39:12,2022-03-18 17:43:50,W 36 St & 9 Ave,6569,6 Ave & W 33 St,6364,40.75462324029105,-73.99516761302948,40.74901271,-73.98848395,member
874503,EBFF5AD30349C487,electric_bike,2022-03-14 23:20:20,2022-03-14 23:23:53,W 35 St & Dyer Ave,6569,6 Ave & W 33 St,6364,40.754691750226016,-73.99740189313889,40.74901271,-73.98848395,member
875019,48B55627B4D8A1CA,electric_bike,2022-03-15 17:04:13,2022-03-15 17:21:56,W 35 St & 9 Ave,6569,Lispenard St & Broadway,5391,40.75414519263519,-73.9960889518261,40.71939226,-74.00247214,member
877366,095F2CAC6A937E8B,electric_bike,2022-03-19 18:10:47,2022-03-19 18:32:15,W 36 St & 9 Ave,6569,6 Ave & W 33 St,6364,40.75462324029105,-73.99516761302948,40.74901271,-73.98848395,casual
877384,A44FB36C583E20B7,classic_bike,2022-03-16 14:20:41,2022-03-16 14:26:08,W 36 St & 9 Ave,6569,6 Ave & W 33 St,6364,40.75462324029105,-73.99516761302948,40.74901271,-73.98848395,member
877388,AF625F1ADC716033,electric_bike,2022-03-20 02:02:27,2022-03-20 02:06:12,W 36 St & 9 Ave,6569,6 Ave & W 33 St,6364,40.75462324029105,-73.99516761302948,40.74901271,-73.98848395,member
877391,DCF5D7AD44F98AFD,classic_bike,2022-03-21 22:01:40,2022-03-21 22:24:00,W 36 St & 9 Ave,6569,E 20 St & Park Ave,6055,40.75462324029105,-73.99516761302948,40.73827428,-73.98751968,member
877397,FF7926E14EA7B11A,classic_bike,2022-03-25 20:26:26,2022-03-25 20:33:12,W 36 St & 9 Ave,6569,6 Ave & W 33 St,6364,40.75462324029105,-73.99516761302948,40.74901271,-73.98848395,casual
877413,5027188F1AC0A5EE,electric_bike,2022-03-08 20:41:45,2022-03-08 20:50:10,W 36 St & 9 Ave,6569,W 70 St & Amsterdam Ave,7207,40.75462324029105,-73.99516761302948,40.77748046,-73.98288594,member
877418,B9EA036D3FED3251,electric_bike,2022-03-17 18:52:19,2022-03-17 19:13:16,W 36 St & 9 Ave,6569,E 5 St & Ave A,5626,40.75462324029105,-73.99516761302948,40.72479007746337,-73.98430064320564,member
877423,B57BC149CD933EBB,classic_bike,2022-03-18 21:37:50,2022-03-18 21:45:29,W 36 St & 9 Ave,6569,6 Ave & W 33 St,6364,40.75462324029105,-73.99516761302948,40.74901271,-73.98848395,casual
877545,BC640329D7D2FBEA,classic_bike,2022-03-05 00:31:50,2022-03-05 00:37:14,W 36 St & 9 Ave,6569,6 Ave & W 33 St,6364,40.75462324029105,-73.99516761302948,40.74901271,-73.98848395,member
877656,B92304A56ECE8F50,classic_bike,2022-03-14 21:59:24,2022-03-14 22:11:13,W 36 St & 9 Ave,6569,6 Ave & W 33 St,6364,40.75462324029105,-73.99516761302948,40.74901271,-73.98848395,member
879254,CC55A153CCE1B444,electric_bike,2022-03-14 04:44:15,2022-03-14 04:52:18,W 36 St & 9 Ave,6569,E 20 St & Park Ave,6055,40.75462324029105,-73.99516761302948,40.73827428,-73.98751968,member
879323,2807B5011C25CCDD,electric_bike,2022-03-30 19:14:27,2022-03-30 19:18:09,W 36 St & 9 Ave,6569,6 Ave & W 33 St,6364,40.75462324029105,-73.99516761302948,40.74901271,-73.98848395,member
879324,7E04E8AF5D7300DA,classic_bike,2022-03-30 18:58:38,2022-03-30 19:09:05,W 36 St & 9 Ave,6569,E 20 St & Park Ave,6055,40.75462324029105,-73.99516761302948,40.73827428,-73.98751968,member
880616,DFB360C665661CF9,electric_bike,2022-03-03 02:13:32,2022-03-03 02:21:34,W 35 St & Dyer Ave,6569,6 Ave & W 33 St,6364,40.754691750226016,-73.99740189313889,40.74901271,-73.98848395,casual
880632,4A9807F5DBD2A8E3,classic_bike,2022-03-17 11:45:26,2022-03-17 11:58:19,W 35 St & Dyer Ave,6569,E 20 St & Park Ave,6055,40.754691750226016,-73.99740189313889,40.73827428,-73.98751968,member
880680,254D25CFB0DCED7C,electric_bike,2022-03-31 16:16:30,2022-03-31 16:23:27,W 35 St & Dyer Ave,6569,6 Ave & W 33 St,6364,40.754691750226016,-73.99740189313889,40.74901271,-73.98848395,casual
880687,7DE93FB0A17077C8,electric_bike,2022-03-05 05:44:59,2022-03-05 05:49:04,W 35 St & Dyer Ave,6569,6 Ave & W 33 St,6364,40.754691750226016,-73.99740189313889,40.74901271,-73.98848395,casual
880690,5E31AC30D78E71FF,electric_bike,2022-03-27 13:11:38,2022-03-27 13:20:45,W 35 St & Dyer Ave,6569,E 20 St & Park Ave,6055,40.754691750226016,-73.99740189313889,40.73827428,-73.98751968,member
880711,7CF076157416E6A9,classic_bike,2022-03-04 23:07:52,2022-03-04 23:18:21,W 35 St & Dyer Ave,6569,6 Ave & W 33 St,6364,40.754691750226016,-73.99740189313889,40.74901271,-73.98848395,member
880732,944D9DAE63582228,electric_bike,2022-03-12 00:27:56,2022-03-12 00:34:42,W 35 St & Dyer Ave,6569,6 Ave & W 33 St,6364,40.754691750226016,-73.99740189313889,40.74901271,-73.98848395,member
880839,1802B2449631F081,classic_bike,2022-03-01 18:03:30,2022-03-01 18:09:27,W 35 St & Dyer Ave,6569,6 Ave & W 33 St,6364,40.754691750226016,-73.99740189313889,40.74901271,-73.98848395,member
882232,C1F538A0C7F75C70,classic_bike,2022-03-08 19:34:24,2022-03-08 19:43:30,W 35 St & Dyer Ave,6569,6 Ave & W 33 St,6364,40.754691750226016,-73.99740189313889,40.74901271,-73.98848395,member
882239,081B5EFC2ED09702,classic_bike,2022-03-18 10:16:23,2022-03-18 10:23:41,W 35 St & Dyer Ave,6569,6 Ave & W 33 St,6364,40.754691750226016,-73.99740189313889,40.74901271,-73.98848395,casual
886333,B083265933088835,classic_bike,2022-03-24 18:00:34,2022-03-24 18:07:27,W 36 St & 9 Ave,6569,6 Ave & W 33 St,6364,40.75462324029105,-73.99516761302948,40.74901271,-73.98848395,casual
886353,BB1167FFD519190A,classic_bike,2022-03-03 15:55:56,2022-03-03 16:02:46,W 36 St & 9 Ave,6569,6 Ave & W 33 St,6364,40.75462324029105,-73.99516761302948,40.74901271,-73.98848395,casual
886354,AB3FC0B323FA4C50,electric_bike,2022-03-23 01:25:25,2022-03-23 01:31:07,W 36 St & 9 Ave,6569,6 Ave & W 33 St,6364,40.75462324029105,-73.99516761302948,40.74901271,-73.98848395,casual
886426,725907B5C5764E95,classic_bike,2022-03-18 18:10:47,2022-03-18 18:16:10,W 35 St & 9 Ave,6569,6 Ave & W 33 St,6364,40.75414519263519,-73.9960889518261,40.74901271,-73.98848395,member
886451,DCB111652FA8AB7C,electric_bike,2022-03-06 17:32:41,2022-03-06 17:44:42,W 35 St & 9 Ave,6569,E 20 St & Park Ave,6055,40.75414519263519,-73.9960889518261,40.73827428,-73.98751968,casual
886455,CF24E765CFA21767,electric_bike,2022-03-04 11:54:24,2022-03-04 12:06:05,W 35 St & 9 Ave,6569,E 20 St & Park Ave,6055,40.75414519263519,-73.9960889518261,40.73827428,-73.98751968,member
888371,8B09D7F2F4ABCFF9,classic_bike,2022-03-27 15:15:58,2022-03-27 16:27:58,W 36 St & 9 Ave,6569,Vesey St & Church St,5216,40.75462324029105,-73.99516761302948,40.71221958009051,-74.01047229766846,casual
888374,B43EE1C7AF7DE849,classic_bike,2022-03-27 15:15:17,2022-03-27 16:28:45,W 36 St & 9 Ave,6569,Vesey St & Church St,5216,40.75462324029105,-73.99516761302948,40.71221958009051,-74.01047229766846,casual
888376,CBF551B4D3C9D0CA,classic_bike,2022-03-08 19:39:04,2022-03-08 19:49:37,W 36 St & 9 Ave,6569,E 20 St & Park Ave,6055,40.75462324029105,-73.99516761302948,40.73827428,-73.98751968,member
888648,543FE1412A9B0E07,classic_bike,2022-03-06 17:25:21,2022-03-06 17:33:33,W 35 St & 9 Ave,6569,6 Ave & W 33 St,6364,40.75414519263519,-73.9960889518261,40.74901271,-73.98848395,casual
888649,EDCFED65EFCC6997,classic_bike,2022-03-19 10:07:36,2022-03-19 10:12:52,W 35 St & 9 Ave,6569,6 Ave & W 33 St,6364,40.75414519263519,-73.9960889518261,40.74901271,-73.98848395,casual
888651,5289F3EAE20788A5,electric_bike,2022-03-16 01:15:18,2022-03-16 01:19:52,W 35 St & 9 Ave,6569,6 Ave & W 33 St,6364,40.75414519263519,-73.9960889518261,40.74901271,-73.98848395,casual
888672,C6499E278E70696B,classic_bike,2022-03-29 08:32:12,2022-03-29 08:36:59,W 35 St & 9 Ave,6569,6 Ave & W 33 St,6364,40.75414519263519,-73.9960889518261,40.74901271,-73.98848395,member
890662,C2F9DD44BFDCDFCC,classic_bike,2022-03-08 12:15:40,2022-03-08 12:44:02,W 35 St & 9 Ave,6569,E 82 St & East End Ave,7049,40.75414519263519,-73.9960889518261,40.7724607,-73.9468208,member
892514,4C5C2E83989C41D6,classic_bike,2022-03-24 17:42:15,2022-03-24 18:08:41,W 35 St & 9 Ave,6569,E 82 St & East End Ave,7049,40.75414519263519,-73.9960889518261,40.7724607,-73.9468208,member
894827,54E2189D1F6E2314,classic_bike,2022-03-26 15:09:14,2022-03-26 15:16:23,W 35 St & 9 Ave,6569,6 Ave & W 33 St,6364,40.75414519263519,-73.9960889518261,40.74901271,-73.98848395,member
895708,5646880202F2408C,electric_bike,2022-03-07 11:36:08,2022-03-07 11:46:40,W 35 St & 9 Ave,6569,E 20 St & Park Ave,6055,40.75414519263519,-73.9960889518261,40.73827428,-73.98751968,member
896639,9285208494CE07F4,electric_bike,2022-03-22 17:59:08,2022-03-22 18:05:29,W 35 St & 9 Ave,6569,6 Ave & W 33 St,6364,40.75414519263519,-73.9960889518261,40.74901271,-73.98848395,member
896640,F80F768B8326AF72,classic_bike,2022-03-10 19:53:12,2022-03-10 20:04:30,W 35 St & 9 Ave,6569,6 Ave & W 33 St,6364,40.75414519263519,-73.9960889518261,40.74901271,-73.98848395,member
896644,97B923C1446A3137,classic_bike,2022-03-18 11:41:44,2022-03-18 11:50:23,W 35 St & 9 Ave,6569,6 Ave & W 33 St,6364,40.75414519263519,-73.9960889518261,40.74901271,-73.98848395,member
896646,AD9F08D3C27BF60D,classic_bike,2022-03-11 11:13:54,2022-03-11 11:19:15,W 35 St & 9 Ave,6569,6 Ave & W 33 St,6364,40.75414519263519,-73.9960889518261,40.74901271,-73.98848395,member
896674,2ECC0FEA6C4FED68,classic_bike,2022-03-19 17:47:02,2022-03-19 18:02:54,W 35 St & 9 Ave,6569,W 70 St & Amsterdam Ave,7207,40.75414519263519,-73.9960889518261,40.77748046,-73.98288594,member
897589,1F1FFD9F0B1E1EF6,classic_bike,2022-03-07 14:39:41,2022-03-07 14:51:43,W 35 St & 9 Ave,6569,W 70 St & Amsterdam Ave,7207,40.75414519263519,-73.9960889518261,40.77748046,-73.98288594,member
897626,08F6F901DAA7C75B,electric_bike,2022-03-19 18:16:51,2022-03-19 18:21:58,W 35 St & 9 Ave,6569,6 Ave & W 33 St,6364,40.75414519263519,-73.9960889518261,40.74901271,-73.98848395,member
897658,01458F69755D9395,classic_bike,2022-03-01 14:47:24,2022-03-01 15:04:27,W 35 St & 9 Ave,6569,W 70 St & Amsterdam Ave,7207,40.75414519263519,-73.9960889518261,40.77748046,-73.98288594,member
897680,DAD175F12D8FC527,electric_bike,2022-03-02 21:10:35,2022-03-02 21:15:16,W 35 St & 9 Ave,6569,6 Ave & W 33 St,6364,40.75414519263519,-73.9960889518261,40.74901271,-73.98848395,member
897685,39258A1B030CBB2F,electric_bike,2022-03-16 01:15:10,2022-03-16 01:20:11,W 35 St & 9 Ave,6569,6 Ave & W 33 St,6364,40.75414519263519,-73.9960889518261,40.74901271,-73.98848395,casual
897842,81BA9444DFC94182,electric_bike,2022-03-07 00:14:38,2022-03-07 00:20:09,W 35 St & 9 Ave,6569,6 Ave & W 33 St,6364,40.75414519263519,-73.9960889518261,40.74901271,-73.98848395,casual
898013,45DB20D1D449CA74,electric_bike,2022-03-13 16:31:23,2022-03-13 16:41:49,W 35 St & 9 Ave,6569,W 70 St & Amsterdam Ave,7207,40.75414519263519,-73.9960889518261,40.77748046,-73.98288594,member
899205,BF46536D0246E963,classic_bike,2022-03-10 19:53:14,2022-03-10 20:33:09,W 35 St & 9 Ave,6569,6 Ave & W 33 St,6364,40.75414519263519,-73.9960889518261,40.74901271,-73.98848395,member
899224,BD3182F7A8FF8FD2,classic_bike,2022-03-31 08:32:19,2022-03-31 08:36:30,W 35 St & 9 Ave,6569,6 Ave & W 33 St,6364,40.75414519263519,-73.9960889518261,40.74901271,-73.98848395,member
900081,26746AC1E807A2CE,electric_bike,2022-03-18 18:58:09,2022-03-18 19:07:59,W 35 St & Dyer Ave,6569,Carmine St & 6 Ave,5763,40.754691750226016,-73.99740189313889,40.73038599,-74.00214988,member
900086,78A459C85593DC9F,classic_bike,2022-03-22 19:30:08,2022-03-22 19:43:46,W 35 St & Dyer Ave,6569,Carmine St & 6 Ave,5763,40.754691750226016,-73.99740189313889,40.73038599,-74.00214988,member
900119,3317A8BA0856DD75,electric_bike,2022-03-19 16:47:31,2022-03-19 17:34:05,W 35 St & Dyer Ave,6569,Carmine St & 6 Ave,5763,40.754691750226016,-73.99740189313889,40.73038599,-74.00214988,member
900294,2FA6DB827F3AC1FA,electric_bike,2022-03-06 15:34:55,2022-03-06 15:42:34,W 36 St & 9 Ave,6569,W 30 St & 10 Ave,6459,40.75462324029105,-73.99516761302948,40.752694,-74.002353,member
900296,A65916D10ECB7A30,classic_bike,2022-03-10 07:49:12,2022-03-10 08:28:55,W 36 St & 9 Ave,6569,31 Ave & 34 St,6819,40.75462324029105,-73.99516761302948,40.763154,-73.920827,member
902064,0126767F6E8402F6,electric_bike,2022-03-21 12:17:26,2022-03-21 12:27:08,W 36 St & 9 Ave,6569,Carmine St & 6 Ave,5763,40.75462324029105,-73.99516761302948,40.73038599,-74.00214988,member
902065,E563A9AB20DEC9D6,electric_bike,2022-03-07 11:12:22,2022-03-07 11:18:37,W 36 St & 9 Ave,6569,W 30 St & 10 Ave,6459,40.75462324029105,-73.99516761302948,40.752694,-74.002353,member
903535,B176C5E7B127E603,classic_bike,2022-03-11 09:53:40,2022-03-11 10:11:50,W 36 St & 9 Ave,6569,W 30 St & 10 Ave,6459,40.75462324029105,-73.99516761302948,40.752694,-74.002353,member
903995,182F8DA533DFC82B,classic_bike,2022-03-25 14:25:50,2022-03-25 14:41:19,W 35 St & Dyer Ave,6569,Carmine St & 6 Ave,5763,40.754691750226016,-73.99740189313889,40.73038599,-74.00214988,member
907358,EA0BC3CD235D61D5,classic_bike,2022-03-25 15:27:52,2022-03-25 15:43:08,W 35 St & 9 Ave,6569,Carmine St & 6 Ave,5763,40.75414519263519,-73.9960889518261,40.73038599,-74.00214988,casual
907374,08D8B55210AF7A03,electric_bike,2022-03-20 15:45:41,2022-03-20 15:48:36,W 35 St & 9 Ave,6569,W 30 St & 10 Ave,6459,40.75414519263519,-73.9960889518261,40.752694,-74.002353,casual
907614,C50661A475461BF7,classic_bike,2022-03-15 17:36:53,2022-03-15 17:50:38,W 36 St & 9 Ave,6569,Carmine St & 6 Ave,5763,40.75462324029105,-73.99516761302948,40.73038599,-74.00214988,member
907616,EB8834067117A51B,electric_bike,2022-03-26 02:38:58,2022-03-26 07:47:31,W 36 St & 9 Ave,6569,Carmine St & 6 Ave,5763,40.75462324029105,-73.99516761302948,40.73038599,-74.00214988,member
907634,2410830DAED50E86,electric_bike,2022-03-22 10:34:12,2022-03-22 10:44:24,W 36 St & 9 Ave,6569,W 30 St & 10 Ave,6459,40.75462324029105,-73.99516761302948,40.752694,-74.002353,casual
907659,5D947D786098FAF2,electric_bike,2022-03-21 18:15:22,2022-03-21 18:28:09,W 36 St & 9 Ave,6569,W 30 St & 10 Ave,6459,40.75462324029105,-73.99516761302948,40.752694,-74.002353,casual
907667,0CC909582CFAE727,electric_bike,2022-03-01 06:03:46,2022-03-01 06:14:38,W 36 St & 9 Ave,6569,W 63 St & Broadway,7052,40.75462324029105,-73.99516761302948,40.77163851,-73.98261428,casual
907669,1115473E279003DE,classic_bike,2022-03-21 15:53:50,2022-03-21 16:01:48,W 36 St & 9 Ave,6569,W 30 St & 10 Ave,6459,40.75462324029105,-73.99516761302948,40.752694,-74.002353,member
907671,D002A5B58022ED02,electric_bike,2022-03-08 06:01:06,2022-03-08 06:09:22,W 36 St & 9 Ave,6569,W 63 St & Broadway,7052,40.75462324029105,-73.99516761302948,40.77163851,-73.98261428,casual
907672,1FAFFAC8DD7B5020,electric_bike,2022-03-17 06:05:09,2022-03-17 06:12:44,W 36 St & 9 Ave,6569,W 63 St & Broadway,7052,40.75462324029105,-73.99516761302948,40.77163851,-73.98261428,casual
908853,1EF8EA387020F6A5,classic_bike,2022-03-31 17:48:00,2022-03-31 17:51:33,W 36 St & 9 Ave,6569,W 30 St & 10 Ave,6459,40.75462324029105,-73.99516761302948,40.752694,-74.002353,member
909563,AACDEED048CA03A6,electric_bike,2022-03-22 16:21:22,2022-03-22 16:26:50,W 36 St & 9 Ave,6569,W 30 St & 10 Ave,6459,40.75462324029105,-73.99516761302948,40.752694,-74.002353,member
909566,EB34E26D035A0C02,classic_bike,2022-03-02 10:20:11,2022-03-02 10:36:25,W 36 St & 9 Ave,6569,Carmine St & 6 Ave,5763,40.75462324029105,-73.99516761302948,40.73038599,-74.00214988,casual
909625,C50E3CA132594D75,electric_bike,2022-03-26 10:09:12,2022-03-26 10:19:54,W 35 St & Dyer Ave,6569,W 63 St & Broadway,7052,40.754691750226016,-73.99740189313889,40.77163851,-73.98261428,member
910039,D077817F61F73D7D,classic_bike,2022-03-30 11:52:13,2022-03-30 12:11:26,W 36 St & 9 Ave,6569,Carmine St & 6 Ave,5763,40.75462324029105,-73.99516761302948,40.73038599,-74.00214988,member
911450,F18B59C9520ABE26,electric_bike,2022-03-18 14:02:54,2022-03-18 14:16:18,W 36 St & 9 Ave,6569,Carmine St & 6 Ave,5763,40.75462324029105,-73.99516761302948,40.73038599,-74.00214988,member
913590,E8DDEB123EB027F0,electric_bike,2022-03-07 06:01:52,2022-03-07 06:10:42,W 36 St & 9 Ave,6569,W 63 St & Broadway,7052,40.75462324029105,-73.99516761302948,40.77163851,-73.98261428,casual
913602,5086F83D94D4C98B,classic_bike,2022-03-17 22:58:06,2022-03-17 23:06:22,W 36 St & 9 Ave,6569,W 30 St & 10 Ave,6459,40.75462324029105,-73.99516761302948,40.752694,-74.002353,casual
913606,10BB859FB93641C8,classic_bike,2022-03-20 19:32:51,2022-03-20 19:36:43,W 36 St & 9 Ave,6569,W 30 St & 10 Ave,6459,40.75462324029105,-73.99516761302948,40.752694,-74.002353,member
913607,A7293A86E0B1F7AB,classic_bike,2022-03-20 12:36:02,2022-03-20 12:51:54,W 36 St & 9 Ave,6569,W 63 St & Broadway,7052,40.75462324029105,-73.99516761302948,40.77163851,-73.98261428,member
913611,8BF6FCC246BA0FF5,electric_bike,2022-03-21 23:31:54,2022-03-21 23:37:47,W 36 St & 9 Ave,6569,W 30 St & 10 Ave,6459,40.75462324029105,-73.99516761302948,40.752694,-74.002353,member
913614,A1FE46A955865DC5,classic_bike,2022-03-18 17:37:57,2022-03-18 17:44:26,W 36 St & 9 Ave,6569,W 30 St & 10 Ave,6459,40.75462324029105,-73.99516761302948,40.752694,-74.002353,member
913635,A85DAB1B27D003DE,electric_bike,2022-03-15 06:03:25,2022-03-15 06:11:25,W 36 St & 9 Ave,6569,W 63 St & Broadway,7052,40.75462324029105,-73.99516761302948,40.77163851,-73.98261428,casual
913636,9457E2C6665C9D14,electric_bike,2022-03-06 08:25:57,2022-03-06 08:47:04,W 36 St & 9 Ave,6569,Carmine St & 6 Ave,5763,40.75462324029105,-73.99516761302948,40.73038599,-74.00214988,casual
915214,70FD39743F0E3E98,classic_bike,2022-03-26 21:07:01,2022-03-26 21:16:29,W 35 St & Dyer Ave,6569,W 30 St & 10 Ave,6459,40.754691750226016,-73.99740189313889,40.752694,-74.002353,member
917469,5069439409CB9D0F,classic_bike,2022-03-27 13:01:31,2022-03-27 13:18:03,W 35 St & 9 Ave,6569,Carmine St & 6 Ave,5763,40.75414519263519,-73.9960889518261,40.73038599,-74.00214988,casual
917488,2AA5AD70907CF03C,classic_bike,2022-03-16 16:59:40,2022-03-16 17:40:27,W 35 St & 9 Ave,6569,Montague St & Clinton St,4677,40.75414519263519,-73.9960889518261,40.6942715,-73.9923272,casual
917516,0D74A2CA9186CD59,electric_bike,2022-03-26 13:35:59,2022-03-26 13:48:00,W 35 St & 9 Ave,6569,Carmine St & 6 Ave,5763,40.75414519263519,-73.9960889518261,40.73038599,-74.00214988,member
917554,6E7E776FC2CACC90,electric_bike,2022-03-21 15:27:22,2022-03-21 15:39:08,W 35 St & 9 Ave,6569,Carmine St & 6 Ave,5763,40.75414519263519,-73.9960889518261,40.73038599,-74.00214988,member
921304,71FB5CCC4094D830,electric_bike,2022-03-18 16:58:34,2022-03-18 17:16:14,W 35 St & 9 Ave,6569,W 63 St & Broadway,7052,40.75414519263519,-73.9960889518261,40.77163851,-73.98261428,member
921306,2B00058113CC0D96,classic_bike,2022-03-16 12:55:03,2022-03-16 13:08:03,W 35 St & 9 Ave,6569,W 30 St & 10 Ave,6459,40.75414519263519,-73.9960889518261,40.752694,-74.002353,casual
921323,297D0BAD9FA6F951,classic_bike,2022-03-06 16:03:17,2022-03-06 16:07:32,W 35 St & 9 Ave,6569,W 30 St & 10 Ave,6459,40.75414519263519,-73.9960889518261,40.752694,-74.002353,member
921328,2F812325A683C14B,classic_bike,2022-03-18 19:42:17,2022-03-18 20:27:32,W 35 St & 9 Ave,6569,W 30 St & 10 Ave,6459,40.75414519263519,-73.9960889518261,40.752694,-74.002353,member
922294,FCE415D6D2C9B69B,electric_bike,2022-03-07 18:58:13,2022-03-07 19:02:02,W 35 St & 9 Ave,6569,W 30 St & 10 Ave,6459,40.75414519263519,-73.9960889518261,40.752694,-74.002353,casual
922295,C86001200DE6E6E6,electric_bike,2022-03-16 12:55:14,2022-03-16 13:08:19,W 35 St & 9 Ave,6569,W 30 St & 10 Ave,6459,40.75414519263519,-73.9960889518261,40.752694,-74.002353,casual
922311,9C1CF4F1037AB0AD,classic_bike,2022-03-14 12:02:04,2022-03-14 12:05:54,W 35 St & 9 Ave,6569,W 30 St & 10 Ave,6459,40.75414519263519,-73.9960889518261,40.752694,-74.002353,member
922316,918FB620E5F59571,electric_bike,2022-03-18 15:31:01,2022-03-18 15:46:39,W 35 St & 9 Ave,6569,Carmine St & 6 Ave,5763,40.75414519263519,-73.9960889518261,40.73038599,-74.00214988,casual
922341,4CD76760A7ADA3F7,classic_bike,2022-03-19 20:40:20,2022-03-19 20:45:17,W 35 St & 9 Ave,6569,W 30 St & 10 Ave,6459,40.75414519263519,-73.9960889518261,40.752694,-74.002353,member
922351,B040CC7E5F3883AA,electric_bike,2022-03-22 14:50:51,2022-03-22 14:53:32,W 35 St & 9 Ave,6569,W 30 St & 10 Ave,6459,40.75414519263519,-73.9960889518261,40.752694,-74.002353,member
922357,B14F71DE91145749,classic_bike,2022-03-18 16:02:01,2022-03-18 16:18:26,W 35 St & 9 Ave,6569,Carmine St & 6 Ave,5763,40.75414519263519,-73.9960889518261,40.73038599,-74.00214988,member
923029,B2874A45576D6BC4,classic_bike,2022-03-25 13:52:33,2022-03-25 14:01:17,W 35 St & 9 Ave,6569,W 30 St & 10 Ave,6459,40.75414519263519,-73.9960889518261,40.752694,-74.002353,member
923148,AEE4376B9805D0BE,electric_bike,2022-03-15 11:40:42,2022-03-15 12:00:48,W 35 St & 9 Ave,6569,E 76 St & Park Ave,7128,40.75414519263519,-73.9960889518261,40.773763,-73.96222088,member
923231,222DB17602381E1A,electric_bike,2022-03-03 09:26:19,2022-03-03 09:31:49,W 35 St & 9 Ave,6569,W 30 St & 10 Ave,6459,40.75414519263519,-73.9960889518261,40.752694,-74.002353,member
923234,4A93798DDF8DBB9F,classic_bike,2022-03-08 19:20:59,2022-03-08 19:32:44,W 35 St & 9 Ave,6569,Carmine St & 6 Ave,5763,40.75414519263519,-73.9960889518261,40.73038599,-74.00214988,member
923540,6AF078B800F5F359,electric_bike,2022-03-14 17:15:47,2022-03-14 17:24:55,W 35 St & Dyer Ave,6569,Lexington Ave & E 36 St,6313,40.754691750226016,-73.99740189313889,40.7475739589548,-73.9788007736206,member
923550,F5C97E7AF019261A,classic_bike,2022-03-10 20:36:37,2022-03-10 20:47:11,W 35 St & Dyer Ave,6569,Lexington Ave & E 36 St,6313,40.754691750226016,-73.99740189313889,40.7475739589548,-73.9788007736206,member
923551,DBE1B6B46509226E,classic_bike,2022-03-11 18:49:39,2022-03-11 19:00:26,W 35 St & Dyer Ave,6569,Lexington Ave & E 36 St,6313,40.754691750226016,-73.99740189313889,40.7475739589548,-73.9788007736206,member
923552,6AA8F4CECDE04D48,classic_bike,2022-03-17 18:38:01,2022-03-17 18:48:26,W 35 St & Dyer Ave,6569,Lexington Ave & E 36 St,6313,40.754691750226016,-73.99740189313889,40.7475739589548,-73.9788007736206,member
923584,74D7A73E456606D2,electric_bike,2022-03-10 08:52:44,2022-03-10 09:01:33,W 35 St & Dyer Ave,6569,Lexington Ave & E 36 St,6313,40.754691750226016,-73.99740189313889,40.7475739589548,-73.9788007736206,member
923593,001F95D070E20187,classic_bike,2022-03-08 21:34:04,2022-03-08 21:44:13,W 35 St & Dyer Ave,6569,Lexington Ave & E 36 St,6313,40.754691750226016,-73.99740189313889,40.7475739589548,-73.9788007736206,member
923600,9B5A590D351657DA,classic_bike,2022-03-04 17:56:41,2022-03-04 18:08:00,W 35 St & Dyer Ave,6569,Lexington Ave & E 36 St,6313,40.754691750226016,-73.99740189313889,40.7475739589548,-73.9788007736206,member
923601,9FFFD481EDCB3F16,classic_bike,2022-03-14 17:55:42,2022-03-14 18:08:11,W 35 St & Dyer Ave,6569,Lexington Ave & E 36 St,6313,40.754691750226016,-73.99740189313889,40.7475739589548,-73.9788007736206,member
923614,98DC042A29F319A7,electric_bike,2022-03-22 14:15:43,2022-03-22 14:29:44,W 35 St & Dyer Ave,6569,Lexington Ave & E 36 St,6313,40.754691750226016,-73.99740189313889,40.7475739589548,-73.9788007736206,member
923618,67D1C86D2747A4AC,classic_bike,2022-03-21 10:17:38,2022-03-21 10:31:01,W 35 St & Dyer Ave,6569,Lexington Ave & E 36 St,6313,40.754691750226016,-73.99740189313889,40.7475739589548,-73.9788007736206,member
923620,617F80C5A22F7904,classic_bike,2022-03-03 09:15:46,2022-03-03 09:28:25,W 35 St & Dyer Ave,6569,Lexington Ave & E 36 St,6313,40.754691750226016,-73.99740189313889,40.7475739589548,-73.9788007736206,member
924024,7336E405B4728A59,electric_bike,2022-03-28 08:17:26,2022-03-28 08:29:43,W 35 St & Dyer Ave,6569,Lexington Ave & E 36 St,6313,40.754691750226016,-73.99740189313889,40.7475739589548,-73.9788007736206,member
924060,AF2C1CD50FD8236B,electric_bike,2022-03-01 09:03:18,2022-03-01 09:11:57,W 35 St & Dyer Ave,6569,Lexington Ave & E 36 St,6313,40.754691750226016,-73.99740189313889,40.7475739589548,-73.9788007736206,member
925162,8A354AD55D48E4FB,electric_bike,2022-03-29 08:06:01,2022-03-29 08:14:38,W 35 St & 9 Ave,6569,Lexington Ave & E 36 St,6313,40.75414519263519,-73.9960889518261,40.7475739589548,-73.9788007736206,member
926184,AAED9990C819D917,classic_bike,2022-03-31 18:26:27,2022-03-31 18:37:50,W 35 St & Dyer Ave,6569,Lexington Ave & E 36 St,6313,40.754691750226016,-73.99740189313889,40.7475739589548,-73.9788007736206,member
926191,1964FE279D0DC578,classic_bike,2022-03-30 17:32:28,2022-03-30 17:45:20,W 35 St & Dyer Ave,6569,Lexington Ave & E 36 St,6313,40.754691750226016,-73.99740189313889,40.7475739589548,-73.9788007736206,member
926968,F3479C3EAC6B8C70,classic_bike,2022-03-02 17:48:41,2022-03-02 18:00:39,W 35 St & Dyer Ave,6569,Lexington Ave & E 36 St,6313,40.754691750226016,-73.99740189313889,40.7475739589548,-73.9788007736206,member
928618,19479C3FBD985DCA,classic_bike,2022-03-31 21:40:53,2022-03-31 21:49:11,W 36 St & 9 Ave,6569,Lexington Ave & E 36 St,6313,40.75462324029105,-73.99516761302948,40.7475739589548,-73.9788007736206,member
928987,65E0DADE625A9908,electric_bike,2022-03-20 10:44:47,2022-03-20 10:52:22,W 36 St & 9 Ave,6569,Lexington Ave & E 36 St,6313,40.75462324029105,-73.99516761302948,40.7475739589548,-73.9788007736206,member
929451,EE309857DD2F1A76,classic_bike,2022-03-18 17:21:36,2022-03-18 17:32:25,W 35 St & Dyer Ave,6569,Lexington Ave & E 36 St,6313,40.754691750226016,-73.99740189313889,40.7475739589548,-73.9788007736206,member
930413,277123DBA9EF5937,classic_bike,2022-03-15 19:36:31,2022-03-15 19:46:20,W 35 St & 9 Ave,6569,Lexington Ave & E 36 St,6313,40.75414519263519,-73.9960889518261,40.7475739589548,-73.9788007736206,member
930445,1AD798E55EDADA56,classic_bike,2022-03-15 13:05:14,2022-03-15 13:18:04,W 35 St & 9 Ave,6569,Lexington Ave & E 36 St,6313,40.75414519263519,-73.9960889518261,40.7475739589548,-73.9788007736206,member
930483,B9D873BBFDEAA939,electric_bike,2022-03-29 18:01:23,2022-03-29 18:13:21,W 35 St & 9 Ave,6569,Lexington Ave & E 36 St,6313,40.75414519263519,-73.9960889518261,40.7475739589548,-73.9788007736206,member
930484,5C282BF2C4864EED,classic_bike,2022-03-11 16:09:03,2022-03-11 16:19:19,W 35 St & 9 Ave,6569,Lexington Ave & E 36 St,6313,40.75414519263519,-73.9960889518261,40.7475739589548,-73.9788007736206,casual
930510,C96E9833B3EB4CB6,electric_bike,2022-03-05 00:47:00,2022-03-05 00:52:14,W 35 St & 9 Ave,6569,Lexington Ave & E 36 St,6313,40.75414519263519,-73.9960889518261,40.7475739589548,-73.9788007736206,member
930517,3E76675017CAA556,electric_bike,2022-03-07 11:50:36,2022-03-07 12:01:18,W 35 St & 9 Ave,6569,Lexington Ave & E 36 St,6313,40.75414519263519,-73.9960889518261,40.7475739589548,-73.9788007736206,member
930981,4A476FEC690926F4,classic_bike,2022-03-02 19:03:12,2022-03-02 19:11:53,W 36 St & 9 Ave,6569,Lexington Ave & E 36 St,6313,40.75462324029105,-73.99516761302948,40.7475739589548,-73.9788007736206,casual
930997,50F18A7B11418105,classic_bike,2022-03-15 18:00:16,2022-03-15 18:09:30,W 36 St & 9 Ave,6569,Lexington Ave & E 36 St,6313,40.75462324029105,-73.99516761302948,40.7475739589548,-73.9788007736206,member
930999,66FCD95C79E3ED86,electric_bike,2022-03-29 10:43:25,2022-03-29 11:15:04,W 36 St & 9 Ave,6569,E Houston St & Columbia St,5436,40.75462324029105,-73.99516761302948,40.71978635452822,-73.97871628403664,member
931180,936369CD58844617,electric_bike,2022-03-04 09:48:43,2022-03-04 10:02:55,W 35 St & Dyer Ave,6569,Lexington Ave & E 36 St,6313,40.754691750226016,-73.99740189313889,40.7475739589548,-73.9788007736206,member
931313,CB0AD7705F043A53,electric_bike,2022-03-15 14:02:22,2022-03-15 14:14:40,W 35 St & 9 Ave,6569,Lexington Ave & E 36 St,6313,40.75414519263519,-73.9960889518261,40.7475739589548,-73.9788007736206,member
931341,D9A063C6BE9E46AE,classic_bike,2022-03-26 11:06:29,2022-03-26 11:34:50,W 35 St & 9 Ave,6569,Central Park North & Adam Clayton Powell Blvd,7617,40.75414519263519,-73.9960889518261,40.799484,-73.955613,member
931363,5BEDC5D7B7054A70,classic_bike,2022-03-07 19:45:37,2022-03-07 19:55:54,W 35 St & 9 Ave,6569,Lexington Ave & E 36 St,6313,40.75414519263519,-73.9960889518261,40.7475739589548,-73.9788007736206,member
931518,776F24F89B7F9261,electric_bike,2022-03-11 11:15:25,2022-03-11 11:22:26,W 36 St & 9 Ave,6569,Lexington Ave & E 36 St,6313,40.75462324029105,-73.99516761302948,40.7475739589548,-73.9788007736206,member
931671,D3DEEE87CCB5B5BA,electric_bike,2022-03-01 17:00:18,2022-03-01 17:08:29,W 35 St & 9 Ave,6569,Lexington Ave & E 36 St,6313,40.75414519263519,-73.9960889518261,40.7475739589548,-73.9788007736206,member
939749,32DE6392BBFE931D,electric_bike,2022-03-01 06:51:34,2022-03-01 07:06:52,W 35 St & Dyer Ave,6569,E 56 St & 3 Ave,6691,40.754691750226016,-73.99740189313889,40.75934501,-73.96759673,member
939765,60CB0AB63FCA1463,classic_bike,2022-03-14 10:05:49,2022-03-14 10:25:50,W 35 St & Dyer Ave,6569,E 56 St & 3 Ave,6691,40.754691750226016,-73.99740189313889,40.75934501,-73.96759673,casual
940134,44637DD26716940E,classic_bike,2022-03-10 16:54:48,2022-03-10 17:28:16,W 36 St & 9 Ave,6569,E 85 St & 3 Ave,7212,40.75462324029105,-73.99516761302948,40.77801203,-73.95407149,member
940152,4299DBF11D4D5A3D,electric_bike,2022-03-21 19:55:31,2022-03-21 20:14:28,W 36 St & 9 Ave,6569,E 47 St & 2 Ave,6498,40.75462324029105,-73.99516761302948,40.75323098,-73.97032517,member
940387,5E1AEC254CEA603F,electric_bike,2022-03-29 07:12:40,2022-03-29 07:26:34,W 35 St & Dyer Ave,6569,E 56 St & 3 Ave,6691,40.754691750226016,-73.99740189313889,40.75934501,-73.96759673,member
943440,2372BE273C81AAC0,electric_bike,2022-03-30 14:08:29,2022-03-30 14:40:58,W 35 St & 9 Ave,6569,W 84 St & Columbus Ave,7382,40.75414519263519,-73.9960889518261,40.78499979,-73.97283406,member
945361,578B658DB7F3BCDA,electric_bike,2022-03-04 12:40:30,2022-03-04 12:50:52,W 35 St & 9 Ave,6569,E 47 St & 2 Ave,6498,40.75414519263519,-73.9960889518261,40.75323098,-73.97032517,member
945484,ACECDDBFD7CAA5C0,electric_bike,2022-03-16 14:47:26,2022-03-16 15:03:18,W 35 St & Dyer Ave,6569,E 56 St & 3 Ave,6691,40.754691750226016,-73.99740189313889,40.75934501,-73.96759673,member
945744,7E3E27611C5CB6F3,electric_bike,2022-03-31 07:12:57,2022-03-31 07:22:23,W 36 St & 9 Ave,6569,E 56 St & 3 Ave,6691,40.75462324029105,-73.99516761302948,40.75934501,-73.96759673,member
945920,AE600951FBF4DE39,electric_bike,2022-03-02 06:57:18,2022-03-02 07:10:12,W 35 St & 9 Ave,6569,E 56 St & 3 Ave,6691,40.75414519263519,-73.9960889518261,40.75934501,-73.96759673,member
945923,5A702390E9C52D72,classic_bike,2022-03-16 11:05:47,2022-03-16 11:25:51,W 35 St & 9 Ave,6569,E 56 St & 3 Ave,6691,40.75414519263519,-73.9960889518261,40.75934501,-73.96759673,member
949967,2711BC75A2387812,electric_bike,2022-03-10 18:33:47,2022-03-10 19:08:36,W 36 St & 9 Ave,6569,Union Ave & Wallabout St,4818,40.75462324029105,-73.99516761302948,40.70029511,-73.95032283,member
950021,9ECA5B226F7CF40E,electric_bike,2022-03-29 08:58:39,2022-03-29 09:07:17,W 36 St & 9 Ave,6569,W 55 St & 6 Ave,6809,40.75462324029105,-73.99516761302948,40.763189,-73.978434,member
950102,24C3D7F7DA723E06,classic_bike,2022-03-17 08:28:42,2022-03-17 08:41:37,W 36 St & 9 Ave,6569,W 55 St & 6 Ave,6809,40.75462324029105,-73.99516761302948,40.763189,-73.978434,member
950619,3A35C49039AF6848,electric_bike,2022-03-07 17:53:10,2022-03-07 18:04:38,W 36 St & 9 Ave,6569,E 58 St & Madison Ave,6839,40.75462324029105,-73.99516761302948,40.76302594280519,-73.97209525108337,member
950642,937774B7DC93F439,classic_bike,2022-03-15 17:57:46,2022-03-15 18:15:19,W 36 St & 9 Ave,6569,E 51 St & 2 Ave,6575,40.75462324029105,-73.99516761302948,40.755293,-73.967641,member
953295,B81293030C913384,electric_bike,2022-03-28 08:53:31,2022-03-28 09:05:25,W 35 St & Dyer Ave,6569,E 58 St & Madison Ave,6839,40.754691750226016,-73.99740189313889,40.76302594280519,-73.97209525108337,member
954431,2B676FC9836AD4CD,electric_bike,2022-03-30 09:37:33,2022-03-30 09:47:44,W 35 St & Dyer Ave,6569,W 55 St & 6 Ave,6809,40.754691750226016,-73.99740189313889,40.763189,-73.978434,member
954434,3A1D981792DA5E07,classic_bike,2022-03-29 15:56:55,2022-03-29 16:24:58,W 35 St & 9 Ave,6569,W 87 St & West End Ave,7484,40.75414519263519,-73.9960889518261,40.789622,-73.97757,member
954435,04618279AD9F6543,classic_bike,2022-03-21 21:18:25,2022-03-21 21:31:26,W 35 St & 9 Ave,6569,E 51 St & 2 Ave,6575,40.75414519263519,-73.9960889518261,40.755293,-73.967641,member
954442,B37B1879F2EC6F2F,electric_bike,2022-03-31 15:04:16,2022-03-31 15:18:37,W 35 St & 9 Ave,6569,E 51 St & 2 Ave,6575,40.75414519263519,-73.9960889518261,40.755293,-73.967641,member
954452,15FB807AB3780D2B,electric_bike,2022-03-14 14:10:14,2022-03-14 14:32:09,W 35 St & 9 Ave,6569,E 89 St & York Ave,7204,40.75414519263519,-73.9960889518261,40.7779453,-73.946041,member
954485,6631C676D45E4E49,classic_bike,2022-03-22 12:08:48,2022-03-22 12:22:17,W 35 St & 9 Ave,6569,W 55 St & 6 Ave,6809,40.75414519263519,-73.9960889518261,40.763189,-73.978434,member
954488,E2F8EFD415910312,classic_bike,2022-03-17 16:09:46,2022-03-17 16:22:25,W 36 St & 9 Ave,6569,W 55 St & 6 Ave,6809,40.75462324029105,-73.99516761302948,40.763189,-73.978434,member
954577,0FF34EFB7BDDF49B,electric_bike,2022-03-24 09:59:14,2022-03-24 10:10:25,W 35 St & Dyer Ave,6569,E 58 St & Madison Ave,6839,40.754691750226016,-73.99740189313889,40.76302594280519,-73.97209525108337,member
954722,7EFE25F3F885CD63,classic_bike,2022-03-31 09:14:08,2022-03-31 09:34:42,W 35 St & 9 Ave,6569,E 58 St & Madison Ave,6839,40.75414519263519,-73.9960889518261,40.76302594280519,-73.97209525108337,member
955521,0E564340A75C9794,classic_bike,2022-03-30 18:00:10,2022-03-30 18:13:25,W 35 St & 9 Ave,6569,W 55 St & 6 Ave,6809,40.75414519263519,-73.9960889518261,40.763189,-73.978434,member
956350,2F4399C695C17A1A,electric_bike,2022-03-24 18:18:37,2022-03-24 18:49:37,W 35 St & 9 Ave,6569,Lorimer St & Broadway,4965,40.75414519263519,-73.9960889518261,40.70411791,-73.94818595,member
956351,A98951CEAEFDEF24,electric_bike,2022-03-08 08:43:15,2022-03-08 08:52:17,W 35 St & 9 Ave,6569,W 55 St & 6 Ave,6809,40.75414519263519,-73.9960889518261,40.763189,-73.978434,member
956357,1BC9E9587A6B9623,electric_bike,2022-03-23 13:35:59,2022-03-23 13:46:04,W 35 St & 9 Ave,6569,W 55 St & 6 Ave,6809,40.75414519263519,-73.9960889518261,40.763189,-73.978434,member
956397,9241945140726172,classic_bike,2022-03-07 07:06:26,2022-03-07 07:19:32,W 35 St & 9 Ave,6569,E 58 St & Madison Ave,6839,40.75414519263519,-73.9960889518261,40.76302594280519,-73.97209525108337,member
956889,9169ABBEC85F2AB5,electric_bike,2022-03-10 21:46:56,2022-03-10 21:58:56,W 36 St & 9 Ave,6569,E 58 St & Madison Ave,6839,40.75462324029105,-73.99516761302948,40.76302594280519,-73.97209525108337,casual
957159,52480590F6583DC1,electric_bike,2022-03-18 17:16:59,2022-03-18 17:26:05,W 36 St & 9 Ave,6569,W 55 St & 6 Ave,6809,40.75462324029105,-73.99516761302948,40.763189,-73.978434,member
957287,D99FABC07707CC95,electric_bike,2022-03-16 16:41:28,2022-03-16 17:19:56,W 35 St & 9 Ave,6569,Lorimer St & Broadway,4965,40.75414519263519,-73.9960889518261,40.70411791,-73.94818595,member
957289,2660CAE8906F1A54,classic_bike,2022-03-20 12:14:33,2022-03-20 12:33:12,W 35 St & 9 Ave,6569,W 55 St & 6 Ave,6809,40.75414519263519,-73.9960889518261,40.763189,-73.978434,member
957296,30621A8D6655175F,classic_bike,2022-03-07 12:00:08,2022-03-07 12:12:40,W 35 St & 9 Ave,6569,W 55 St & 6 Ave,6809,40.75414519263519,-73.9960889518261,40.763189,-73.978434,member
957309,C688C0C3AB1E70FF,classic_bike,2022-03-21 15:57:54,2022-03-21 16:21:46,W 35 St & 9 Ave,6569,Washington St & Laight St,5509,40.75414519263519,-73.9960889518261,40.72231,-74.0106,member
957760,5B23AC92B255E51B,classic_bike,2022-03-05 19:32:56,2022-03-05 20:07:43,W 36 St & 9 Ave,6569,Orchard St & Grand St,5343,40.75462324029105,-73.99516761302948,40.717318403855785,-73.99067759513855,member
957764,2256F1C5C19CC1A8,electric_bike,2022-03-31 10:56:47,2022-03-31 11:20:08,W 36 St & 9 Ave,6569,5 Ave & E 103 St,7511,40.75462324029105,-73.99516761302948,40.7922553,-73.95249933,member
958762,8C276A4D68F2046E,electric_bike,2022-03-29 11:04:12,2022-03-29 11:28:11,W 36 St & 9 Ave,6569,5 Ave & E 103 St,7511,40.75462324029105,-73.99516761302948,40.7922553,-73.95249933,member
959301,B113962F63E1D158,electric_bike,2022-03-11 08:24:53,2022-03-11 08:50:38,W 35 St & Dyer Ave,6569,5 Ave & E 103 St,7511,40.754691750226016,-73.99740189313889,40.7922553,-73.95249933,member
961287,0DA1D857142F37BB,classic_bike,2022-03-07 08:54:12,2022-03-07 09:55:16,W 36 St & 9 Ave,6569,Front St & Washington St,4936,40.75462324029105,-73.99516761302948,40.70255088,-73.98940236,casual
963005,DE5DC38606E3C9D8,classic_bike,2022-03-07 08:54:30,2022-03-07 09:54:56,W 36 St & 9 Ave,6569,Front St & Washington St,4936,40.75462324029105,-73.99516761302948,40.70255088,-73.98940236,casual
963806,B1FB00683B724DBC,electric_bike,2022-03-28 11:10:28,2022-03-28 11:33:49,W 36 St & 9 Ave,6569,5 Ave & E 103 St,7511,40.75462324029105,-73.99516761302948,40.7922553,-73.95249933,member
964146,BCBEEC19DDC638C1,docked_bike,2022-03-16 13:52:46,2022-03-16 14:19:13,W 35 St & 9 Ave,6569,Stuyvesant Walk & 1 Av Loop,5854,40.754145,-73.996089,40.73234,-73.978984,casual
967108,FAAA92F0BC3B0DB4,classic_bike,2022-03-16 13:51:16,2022-03-16 14:19:20,W 35 St & 9 Ave,6569,Stuyvesant Walk & 1 Av Loop,5854,40.75414519263519,-73.9960889518261,40.732339777151054,-73.97898383438587,casual
968479,038230C7F2D0EEEE,classic_bike,2022-03-25 14:17:32,2022-03-25 14:23:07,W 35 St & Dyer Ave,6569,W 42 St & 8 Ave,6602,40.754691750226016,-73.99740189313889,40.7575699,-73.99098507,member
968480,67A74DDECD959D4E,classic_bike,2022-03-29 21:33:31,2022-03-29 21:38:10,W 35 St & Dyer Ave,6569,W 42 St & 8 Ave,6602,40.754691750226016,-73.99740189313889,40.7575699,-73.99098507,member
969998,5BBB28E2AD3D5E11,electric_bike,2022-03-20 14:23:02,2022-03-20 14:38:57,W 36 St & 9 Ave,6569,E 14 St & Avenue B,5736,40.75462324029105,-73.99516761302948,40.72938685,-73.97772429,member
970023,A86C1AF9666EBC94,electric_bike,2022-03-16 19:11:32,2022-03-16 19:18:56,W 36 St & 9 Ave,6569,W 42 St & 8 Ave,6602,40.75462324029105,-73.99516761302948,40.7575699,-73.99098507,member
970025,378BC31E4FE8D657,classic_bike,2022-03-14 19:21:46,2022-03-14 19:31:00,W 36 St & 9 Ave,6569,W 42 St & 8 Ave,6602,40.75462324029105,-73.99516761302948,40.7575699,-73.99098507,casual
970140,FEDB8431685EB6D5,electric_bike,2022-03-28 10:29:55,2022-03-28 10:47:37,W 36 St & 9 Ave,6569,E 14 St & Avenue B,5736,40.75462324029105,-73.99516761302948,40.72938685,-73.97772429,member
970472,60B6AE72AC5A2165,electric_bike,2022-03-08 19:04:36,2022-03-08 19:13:53,W 35 St & Dyer Ave,6569,W 42 St & 8 Ave,6602,40.754691750226016,-73.99740189313889,40.7575699,-73.99098507,casual
974622,8E017A596DC3CFFF,electric_bike,2022-03-21 21:19:49,2022-03-21 21:22:49,W 36 St & 9 Ave,6569,W 42 St & 8 Ave,6602,40.75462324029105,-73.99516761302948,40.7575699,-73.99098507,member
974630,FFB92C59724569C0,electric_bike,2022-03-16 03:20:20,2022-03-16 03:27:24,W 36 St & 9 Ave,6569,W 42 St & 8 Ave,6602,40.75462324029105,-73.99516761302948,40.7575699,-73.99098507,casual
975036,BCEA2A69DEAEE076,electric_bike,2022-03-28 16:18:19,2022-03-28 16:22:22,W 36 St & 9 Ave,6569,W 42 St & 8 Ave,6602,40.75462324029105,-73.99516761302948,40.7575699,-73.99098507,member
975157,AD12090CF952EF14,electric_bike,2022-03-08 23:55:36,2022-03-09 00:03:17,W 35 St & Dyer Ave,6569,W 42 St & 8 Ave,6602,40.754691750226016,-73.99740189313889,40.7575699,-73.99098507,member
975158,E3200707DECAAAC7,classic_bike,2022-03-06 15:57:24,2022-03-06 16:02:51,W 35 St & Dyer Ave,6569,W 42 St & 8 Ave,6602,40.754691750226016,-73.99740189313889,40.7575699,-73.99098507,member
975178,82BB1B4F0893B8CB,classic_bike,2022-03-18 18:33:44,2022-03-18 19:01:15,W 35 St & Dyer Ave,6569,E 10 St & Avenue A,5659,40.754691750226016,-73.99740189313889,40.72740794,-73.98142006,member
975207,4A2C807AAC7C29DE,electric_bike,2022-03-27 07:28:15,2022-03-27 07:41:01,W 35 St & Dyer Ave,6569,E 14 St & Avenue B,5736,40.754691750226016,-73.99740189313889,40.72938685,-73.97772429,member
975226,21418DF1EF072253,classic_bike,2022-03-31 21:18:33,2022-03-31 21:22:10,W 35 St & Dyer Ave,6569,W 42 St & 8 Ave,6602,40.754691750226016,-73.99740189313889,40.7575699,-73.99098507,member
975228,7B90AB9FE0B9FFD2,classic_bike,2022-03-23 14:15:25,2022-03-23 14:20:02,W 35 St & Dyer Ave,6569,W 42 St & 8 Ave,6602,40.754691750226016,-73.99740189313889,40.7575699,-73.99098507,member
975229,9F119AA81230E5A5,electric_bike,2022-03-08 19:05:59,2022-03-08 19:13:00,W 35 St & Dyer Ave,6569,W 42 St & 8 Ave,6602,40.754691750226016,-73.99740189313889,40.7575699,-73.99098507,member
977102,0384036416A8067E,classic_bike,2022-03-11 15:11:48,2022-03-11 15:33:36,W 35 St & Dyer Ave,6569,E 14 St & Avenue B,5736,40.754691750226016,-73.99740189313889,40.72938685,-73.97772429,casual
977111,675BA8CB18EE3F93,electric_bike,2022-03-11 15:11:50,2022-03-11 15:33:42,W 35 St & Dyer Ave,6569,E 14 St & Avenue B,5736,40.754691750226016,-73.99740189313889,40.72938685,-73.97772429,casual
979770,517DEFFF2B850834,electric_bike,2022-03-21 19:38:56,2022-03-21 19:58:31,W 35 St & 9 Ave,6569,E 6 St & Avenue D,5506,40.75414519263519,-73.9960889518261,40.72228087,-73.97668709,member
980931,68CEF1675DB8CBD8,electric_bike,2022-03-13 13:07:20,2022-03-13 13:23:23,W 35 St & Dyer Ave,6569,E 14 St & Avenue B,5736,40.754691750226016,-73.99740189313889,40.72938685,-73.97772429,member
982144,0E39C87EEA7EFD57,electric_bike,2022-03-08 14:43:18,2022-03-08 14:46:25,W 35 St & 9 Ave,6569,W 42 St & 8 Ave,6602,40.75414519263519,-73.9960889518261,40.7575699,-73.99098507,member
982194,119E7BE0772C7A9A,electric_bike,2022-03-06 18:18:24,2022-03-06 18:35:47,W 35 St & 9 Ave,6569,E 14 St & Avenue B,5736,40.75414519263519,-73.9960889518261,40.72938685,-73.97772429,member
982197,457556A2619732E7,classic_bike,2022-03-02 11:57:27,2022-03-02 12:26:21,W 35 St & 9 Ave,6569,E 14 St & Avenue B,5736,40.75414519263519,-73.9960889518261,40.72938685,-73.97772429,member
982218,6A9997B63044AA43,classic_bike,2022-03-04 16:18:29,2022-03-04 16:37:18,W 35 St & Dyer Ave,6569,E 14 St & Avenue B,5736,40.754691750226016,-73.99740189313889,40.72938685,-73.97772429,member
982239,704929AC232691AC,electric_bike,2022-03-08 14:07:36,2022-03-08 14:12:23,W 35 St & 9 Ave,6569,W 42 St & 8 Ave,6602,40.75414519263519,-73.9960889518261,40.7575699,-73.99098507,member
982810,675807AA542E8055,classic_bike,2022-03-04 09:52:30,2022-03-04 09:57:10,W 35 St & Dyer Ave,6569,W 42 St & 8 Ave,6602,40.754691750226016,-73.99740189313889,40.7575699,-73.99098507,member
983525,1269ECA23B863345,classic_bike,2022-03-11 15:08:03,2022-03-11 15:14:53,W 35 St & 9 Ave,6569,W 42 St & 8 Ave,6602,40.75414519263519,-73.9960889518261,40.7575699,-73.99098507,member
983526,0FD9C8A12A87523D,electric_bike,2022-03-26 22:08:47,2022-03-26 22:24:12,W 35 St & 9 Ave,6569,E 14 St & Avenue B,5736,40.75414519263519,-73.9960889518261,40.72938685,-73.97772429,member
986328,FA096DB8C3E71437,classic_bike,2022-03-05 07:57:37,2022-03-05 08:26:31,W 36 St & 9 Ave,6569,E 2 St & Avenue A,5553,40.75462324029105,-73.99516761302948,40.72307749068673,-73.98583620786667,casual
986330,55448452D54700A5,classic_bike,2022-03-11 19:24:43,2022-03-11 19:42:58,W 36 St & 9 Ave,6569,E 10 St & Avenue A,5659,40.75462324029105,-73.99516761302948,40.72740794,-73.98142006,member
987271,5F3C0535830913DC,classic_bike,2022-03-16 23:54:43,2022-03-16 23:58:58,W 35 St & 9 Ave,6569,W 42 St & 8 Ave,6602,40.75414519263519,-73.9960889518261,40.7575699,-73.99098507,member
987305,A8482E39BCC7195F,classic_bike,2022-03-21 19:49:54,2022-03-21 20:25:12,W 35 St & 9 Ave,6569,Broadway & Roebling St,5125,40.75414519263519,-73.9960889518261,40.70924826276157,-73.96063148975372,member
988005,5C271BFD3DF2813D,classic_bike,2022-03-10 17:42:11,2022-03-10 17:48:39,W 35 St & 9 Ave,6569,W 42 St & 8 Ave,6602,40.75414519263519,-73.9960889518261,40.7575699,-73.99098507,member
988290,7D6A294059BA1BB9,classic_bike,2022-03-19 19:44:22,2022-03-19 20:13:11,W 36 St & 9 Ave,6569,E 2 St & Avenue A,5553,40.75462324029105,-73.99516761302948,40.72307749068673,-73.98583620786667,member
989245,700F3BADDF8CEFFC,electric_bike,2022-03-18 14:39:05,2022-03-18 15:06:40,W 35 St & 9 Ave,6569,E 10 St & Avenue A,5659,40.75414519263519,-73.9960889518261,40.72740794,-73.98142006,member
989262,638DEED614280FD4,electric_bike,2022-03-09 00:37:51,2022-03-09 00:51:35,W 35 St & 9 Ave,6569,E 14 St & Avenue B,5736,40.75414519263519,-73.9960889518261,40.72938685,-73.97772429,member
989264,5789193370514B54,electric_bike,2022-03-03 10:21:44,2022-03-03 10:26:36,W 35 St & 9 Ave,6569,W 42 St & 8 Ave,6602,40.75414519263519,-73.9960889518261,40.7575699,-73.99098507,member
990157,3C5E7FA9863AB9A6,classic_bike,2022-03-25 13:46:10,2022-03-25 13:54:28,W 35 St & Dyer Ave,6569,W 26 St & 8 Ave,6297,40.754691750226016,-73.99740189313889,40.74734825,-73.99723551,member
990167,8ACB6A2004D29740,classic_bike,2022-03-16 13:53:15,2022-03-16 14:05:33,W 35 St & Dyer Ave,6569,W 22 St & 10 Ave,6306,40.754691750226016,-73.99740189313889,40.74691959,-74.00451887,member
990168,2605F224EEB36987,classic_bike,2022-03-16 08:31:06,2022-03-16 08:46:56,W 35 St & Dyer Ave,6569,Greenwich St & W Houston St,5730,40.754691750226016,-73.99740189313889,40.728846,-74.008591,member
990970,B0B9ED28EE43A2D4,classic_bike,2022-03-16 22:02:56,2022-03-16 22:21:07,W 35 St & Dyer Ave,6569,Greenwich St & W Houston St,5730,40.754691750226016,-73.99740189313889,40.728846,-74.008591,member
991582,6C5805288AF10D01,classic_bike,2022-03-16 22:13:26,2022-03-16 22:17:45,W 36 St & 9 Ave,6569,W 26 St & 8 Ave,6297,40.75462324029105,-73.99516761302948,40.74734825,-73.99723551,casual
991601,2A1E93D6421F39EF,classic_bike,2022-03-18 18:10:38,2022-03-18 18:16:58,W 36 St & 9 Ave,6569,W 26 St & 8 Ave,6297,40.75462324029105,-73.99516761302948,40.74734825,-73.99723551,member
991611,0569C34DE146C42F,electric_bike,2022-03-30 17:31:18,2022-03-30 17:40:45,W 36 St & 9 Ave,6569,W 47 St & 6 Ave,6667,40.75462324029105,-73.99516761302948,40.758397,-73.98255,member
991627,E5B7963B07B3C8EB,classic_bike,2022-03-05 15:59:51,2022-03-05 16:06:32,W 36 St & 9 Ave,6569,W 26 St & 8 Ave,6297,40.75462324029105,-73.99516761302948,40.74734825,-73.99723551,member
991641,F5C519CAE58292A1,electric_bike,2022-03-15 14:19:45,2022-03-15 14:23:13,W 36 St & 9 Ave,6569,W 26 St & 8 Ave,6297,40.75462324029105,-73.99516761302948,40.74734825,-73.99723551,casual
991644,B30F3E2B7274DA73,classic_bike,2022-03-10 16:54:36,2022-03-10 16:59:49,W 36 St & 9 Ave,6569,W 26 St & 8 Ave,6297,40.75462324029105,-73.99516761302948,40.74734825,-73.99723551,member
991647,FC791AAA49BC572F,electric_bike,2022-03-02 19:37:37,2022-03-02 19:45:40,W 36 St & 9 Ave,6569,W 26 St & 8 Ave,6297,40.75462324029105,-73.99516761302948,40.74734825,-73.99723551,member
991649,6592348D742D727E,classic_bike,2022-03-31 14:39:50,2022-03-31 14:44:17,W 36 St & 9 Ave,6569,W 26 St & 8 Ave,6297,40.75462324029105,-73.99516761302948,40.74734825,-73.99723551,member
991869,3203068F3BC2AB50,classic_bike,2022-03-30 11:23:38,2022-03-30 11:29:50,W 36 St & 9 Ave,6569,W 26 St & 8 Ave,6297,40.75462324029105,-73.99516761302948,40.74734825,-73.99723551,member
991875,A61B1B4ADDDC39CE,electric_bike,2022-03-12 10:33:47,2022-03-12 10:38:51,W 36 St & 9 Ave,6569,W 26 St & 8 Ave,6297,40.75462324029105,-73.99516761302948,40.74734825,-73.99723551,casual
991876,E4873A791099707F,classic_bike,2022-03-22 21:36:35,2022-03-22 21:41:20,W 36 St & 9 Ave,6569,W 22 St & 10 Ave,6306,40.75462324029105,-73.99516761302948,40.74691959,-74.00451887,casual
991879,E18F8D929D48B53B,electric_bike,2022-03-14 23:42:50,2022-03-14 23:52:32,W 36 St & 9 Ave,6569,W 26 St & 8 Ave,6297,40.75462324029105,-73.99516761302948,40.74734825,-73.99723551,casual
992890,8F8643F1CBEE6BBB,classic_bike,2022-03-11 21:51:12,2022-03-11 21:56:23,W 36 St & 9 Ave,6569,W 26 St & 8 Ave,6297,40.75462324029105,-73.99516761302948,40.74734825,-73.99723551,member
993045,CF929AD2513D46B2,classic_bike,2022-03-14 18:33:59,2022-03-14 18:51:11,W 36 St & 9 Ave,6569,Greenwich St & W Houston St,5730,40.75462324029105,-73.99516761302948,40.728846,-74.008591,casual
993615,5EEA621E7908CE02,classic_bike,2022-03-25 16:22:33,2022-03-25 16:34:17,W 35 St & 9 Ave,6569,W 22 St & 10 Ave,6306,40.75414519263519,-73.9960889518261,40.74691959,-74.00451887,member
994630,E8059C4B8EDA7BE0,classic_bike,2022-03-19 18:00:39,2022-03-19 18:05:10,W 35 St & 9 Ave,6569,W 26 St & 8 Ave,6297,40.75414519263519,-73.9960889518261,40.74734825,-73.99723551,casual
995233,C881C2D448F85C09,classic_bike,2022-03-27 08:41:27,2022-03-27 08:50:08,W 35 St & Dyer Ave,6569,W 22 St & 10 Ave,6306,40.754691750226016,-73.99740189313889,40.74691959,-74.00451887,member
995234,2CA2D8F6979BED85,classic_bike,2022-03-31 15:04:38,2022-03-31 15:11:48,W 35 St & Dyer Ave,6569,W 26 St & 8 Ave,6297,40.754691750226016,-73.99740189313889,40.74734825,-73.99723551,member
995261,28CFDD6B8FD85FEC,electric_bike,2022-03-14 09:36:54,2022-03-14 09:44:39,W 35 St & Dyer Ave,6569,W 47 St & 6 Ave,6667,40.754691750226016,-73.99740189313889,40.758397,-73.98255,member
995262,5A7FB6884ECB9B53,electric_bike,2022-03-29 09:19:00,2022-03-29 09:28:06,W 35 St & Dyer Ave,6569,W 47 St & 6 Ave,6667,40.754691750226016,-73.99740189313889,40.758397,-73.98255,member
995300,B381229496368880,classic_bike,2022-03-04 08:30:29,2022-03-04 08:44:45,W 35 St & Dyer Ave,6569,Greenwich St & W Houston St,5730,40.754691750226016,-73.99740189313889,40.728846,-74.008591,member
995302,9A2242FCDC68C6BC,classic_bike,2022-03-14 20:56:09,2022-03-14 21:06:34,W 35 St & Dyer Ave,6569,W 22 St & 10 Ave,6306,40.754691750226016,-73.99740189313889,40.74691959,-74.00451887,member
995303,025810F66C92AC06,classic_bike,2022-03-14 12:17:29,2022-03-14 12:24:54,W 35 St & Dyer Ave,6569,W 26 St & 8 Ave,6297,40.754691750226016,-73.99740189313889,40.74734825,-73.99723551,member
995306,4A3CFBDDF5535EF8,electric_bike,2022-03-21 18:01:32,2022-03-21 18:05:43,W 35 St & Dyer Ave,6569,W 26 St & 8 Ave,6297,40.754691750226016,-73.99740189313889,40.74734825,-73.99723551,member
995313,9CFD4D64BFA7B757,electric_bike,2022-03-24 19:05:36,2022-03-24 19:10:20,W 35 St & Dyer Ave,6569,W 26 St & 8 Ave,6297,40.754691750226016,-73.99740189313889,40.74734825,-73.99723551,member
995319,C866670D92556779,classic_bike,2022-03-15 14:18:53,2022-03-15 14:24:22,W 35 St & Dyer Ave,6569,W 26 St & 8 Ave,6297,40.754691750226016,-73.99740189313889,40.74734825,-73.99723551,member
995320,4DD498C1D95B5557,electric_bike,2022-03-15 15:53:13,2022-03-15 15:57:44,W 35 St & Dyer Ave,6569,W 26 St & 8 Ave,6297,40.754691750226016,-73.99740189313889,40.74734825,-73.99723551,member
995323,216A8D873D784F1D,electric_bike,2022-03-17 19:22:50,2022-03-17 19:27:36,W 35 St & Dyer Ave,6569,W 26 St & 8 Ave,6297,40.754691750226016,-73.99740189313889,40.74734825,-73.99723551,member
995334,420B8A59C7844AB5,classic_bike,2022-03-07 08:06:53,2022-03-07 08:20:40,W 35 St & Dyer Ave,6569,Greenwich St & W Houston St,5730,40.754691750226016,-73.99740189313889,40.728846,-74.008591,member
996023,5BA4D5ED0304AF7C,classic_bike,2022-03-01 16:28:26,2022-03-01 16:44:37,W 35 St & Dyer Ave,6569,Greenwich St & W Houston St,5730,40.754691750226016,-73.99740189313889,40.728846,-74.008591,member
996027,3C2B6277FE53A645,classic_bike,2022-03-28 19:28:26,2022-03-28 19:42:20,W 35 St & Dyer Ave,6569,Greenwich St & W Houston St,5730,40.754691750226016,-73.99740189313889,40.728846,-74.008591,member
996029,C3C075A323C65C7E,electric_bike,2022-03-13 14:53:27,2022-03-13 14:56:56,W 35 St & Dyer Ave,6569,W 26 St & 8 Ave,6297,40.754691750226016,-73.99740189313889,40.74734825,-73.99723551,member
996650,586C402807410952,electric_bike,2022-03-23 08:06:39,2022-03-23 08:11:12,W 36 St & 9 Ave,6569,W 22 St & 10 Ave,6306,40.75462324029105,-73.99516761302948,40.74691959,-74.00451887,member
996651,3AB8A90D8528A597,electric_bike,2022-03-10 08:13:57,2022-03-10 08:18:26,W 36 St & 9 Ave,6569,W 22 St & 10 Ave,6306,40.75462324029105,-73.99516761302948,40.74691959,-74.00451887,member
996652,1DBF9DA24BC1AF38,classic_bike,2022-03-04 08:04:39,2022-03-04 08:10:08,W 36 St & 9 Ave,6569,W 22 St & 10 Ave,6306,40.75462324029105,-73.99516761302948,40.74691959,-74.00451887,member
996660,8B8B97F15F15C218,classic_bike,2022-03-14 01:08:25,2022-03-14 01:12:30,W 36 St & 9 Ave,6569,W 26 St & 8 Ave,6297,40.75462324029105,-73.99516761302948,40.74734825,-73.99723551,member
996661,361FB938E536DAFF,classic_bike,2022-03-25 20:20:01,2022-03-25 20:28:44,W 36 St & 9 Ave,6569,W 22 St & 10 Ave,6306,40.75462324029105,-73.99516761302948,40.74691959,-74.00451887,member
996673,76956AA6F723A086,classic_bike,2022-03-05 17:18:10,2022-03-05 17:27:57,W 36 St & 9 Ave,6569,W 22 St & 10 Ave,6306,40.75462324029105,-73.99516761302948,40.74691959,-74.00451887,member
996676,8A3D2FBA19517534,electric_bike,2022-03-24 18:33:21,2022-03-24 18:38:37,W 36 St & 9 Ave,6569,W 26 St & 8 Ave,6297,40.75462324029105,-73.99516761302948,40.74734825,-73.99723551,member
996685,5B42C23F1EC5DF7A,electric_bike,2022-03-11 07:38:10,2022-03-11 07:43:53,W 36 St & 9 Ave,6569,W 22 St & 10 Ave,6306,40.75462324029105,-73.99516761302948,40.74691959,-74.00451887,member
996687,250456DFC7A33FD3,classic_bike,2022-03-21 18:43:16,2022-03-21 18:49:05,W 36 St & 9 Ave,6569,W 26 St & 8 Ave,6297,40.75462324029105,-73.99516761302948,40.74734825,-73.99723551,casual
996688,23746200CE88B346,electric_bike,2022-03-14 09:52:26,2022-03-14 10:01:54,W 36 St & 9 Ave,6569,W 22 St & 10 Ave,6306,40.75462324029105,-73.99516761302948,40.74691959,-74.00451887,member
996783,61974058EFFE19BA,electric_bike,2022-03-26 13:59:36,2022-03-26 14:03:09,W 36 St & 9 Ave,6569,W 26 St & 8 Ave,6297,40.75462324029105,-73.99516761302948,40.74734825,-73.99723551,member
996784,77CFBCFC3ADCA85F,classic_bike,2022-03-01 13:56:48,2022-03-01 14:17:27,W 36 St & 9 Ave,6569,Greenwich St & W Houston St,5730,40.75462324029105,-73.99516761302948,40.728846,-74.008591,member
996793,116DDC5603A030F6,classic_bike,2022-03-11 21:08:12,2022-03-11 21:13:08,W 36 St & 9 Ave,6569,W 26 St & 8 Ave,6297,40.75462324029105,-73.99516761302948,40.74734825,-73.99723551,member
996794,7BE85510A0EF592C,classic_bike,2022-03-09 19:38:04,2022-03-09 19:45:25,W 36 St & 9 Ave,6569,W 26 St & 8 Ave,6297,40.75462324029105,-73.99516761302948,40.74734825,-73.99723551,member
997136,9013A9CCFDFA15A6,electric_bike,2022-03-24 18:09:33,2022-03-24 18:26:26,W 35 St & Dyer Ave,6569,Washington Pl & Broadway,5755,40.754691750226016,-73.99740189313889,40.72903917,-73.99404649,member
997170,C71EE132BA7A0CF9,electric_bike,2022-03-17 15:20:32,2022-03-17 15:24:27,W 35 St & Dyer Ave,6569,W 26 St & 8 Ave,6297,40.754691750226016,-73.99740189313889,40.74734825,-73.99723551,member
997500,F244A7A8E611BCD6,classic_bike,2022-03-26 14:06:31,2022-03-26 14:12:38,W 35 St & Dyer Ave,6569,W 26 St & 8 Ave,6297,40.754691750226016,-73.99740189313889,40.74734825,-73.99723551,member
998191,F74F4AB22EF743BC,electric_bike,2022-03-04 10:59:00,2022-03-04 11:02:42,W 36 St & 9 Ave,6569,W 26 St & 8 Ave,6297,40.75462324029105,-73.99516761302948,40.74734825,-73.99723551,casual
1001100,684C2B866E24B562,classic_bike,2022-03-07 19:33:16,2022-03-07 19:50:20,W 35 St & Dyer Ave,6569,Greenwich St & W Houston St,5730,40.754691750226016,-73.99740189313889,40.728846,-74.008591,member
1001107,256AD051596749C1,classic_bike,2022-03-25 08:20:39,2022-03-25 08:25:17,W 35 St & Dyer Ave,6569,W 26 St & 8 Ave,6297,40.754691750226016,-73.99740189313889,40.74734825,-73.99723551,member
1001113,E3EECB7C841A04C5,classic_bike,2022-03-31 10:41:26,2022-03-31 10:59:03,W 35 St & Dyer Ave,6569,W 26 St & 8 Ave,6297,40.754691750226016,-73.99740189313889,40.74734825,-73.99723551,member
1001114,74294E4D3240540B,classic_bike,2022-03-09 08:34:08,2022-03-09 08:51:16,W 35 St & Dyer Ave,6569,Greenwich St & W Houston St,5730,40.754691750226016,-73.99740189313889,40.728846,-74.008591,member
1001746,3F88FBF16A4CB5A1,electric_bike,2022-03-24 11:02:40,2022-03-24 11:11:28,W 35 St & Dyer Ave,6569,W 47 St & 6 Ave,6667,40.754691750226016,-73.99740189313889,40.758397,-73.98255,member
1003444,090DE5F2B5A2320F,classic_bike,2022-03-06 10:33:23,2022-03-06 10:37:12,W 35 St & 9 Ave,6569,W 26 St & 8 Ave,6297,40.75414519263519,-73.9960889518261,40.74734825,-73.99723551,member
1003445,5940035696E8B755,classic_bike,2022-03-20 09:22:51,2022-03-20 09:27:01,W 35 St & 9 Ave,6569,W 26 St & 8 Ave,6297,40.75414519263519,-73.9960889518261,40.74734825,-73.99723551,member
1003446,264B0F2381F12D65,classic_bike,2022-03-15 17:21:42,2022-03-15 17:25:31,W 35 St & 9 Ave,6569,W 26 St & 8 Ave,6297,40.75414519263519,-73.9960889518261,40.74734825,-73.99723551,member
1003452,B2880D6FBBFDC2BB,classic_bike,2022-03-23 09:33:46,2022-03-23 09:39:04,W 35 St & 9 Ave,6569,W 22 St & 10 Ave,6306,40.75414519263519,-73.9960889518261,40.74691959,-74.00451887,member
1003457,5DDEB7EA1AE21379,electric_bike,2022-03-14 07:59:53,2022-03-14 08:04:12,W 35 St & 9 Ave,6569,W 22 St & 10 Ave,6306,40.75414519263519,-73.9960889518261,40.74691959,-74.00451887,member
1003468,9F4CB9B77D7E39C3,classic_bike,2022-03-27 11:00:47,2022-03-27 11:10:43,W 35 St & 9 Ave,6569,W 47 St & 6 Ave,6667,40.75414519263519,-73.9960889518261,40.758397,-73.98255,member
1003534,EDE60C1853FAA20F,classic_bike,2022-03-28 11:19:45,2022-03-28 11:27:50,W 35 St & 9 Ave,6569,W 22 St & 10 Ave,6306,40.75414519263519,-73.9960889518261,40.74691959,-74.00451887,member
1005220,1F2894C8B95BE0D5,classic_bike,2022-03-29 11:21:05,2022-03-29 11:27:38,W 35 St & 9 Ave,6569,W 26 St & 8 Ave,6297,40.75414519263519,-73.9960889518261,40.74734825,-73.99723551,member
1005746,7039EA92B50BAB57,electric_bike,2022-03-31 16:41:16,2022-03-31 16:52:52,W 35 St & Dyer Ave,6569,W 22 St & 10 Ave,6306,40.754691750226016,-73.99740189313889,40.74691959,-74.00451887,member
1005752,90A0CDDFAEF4D639,electric_bike,2022-03-14 19:59:31,2022-03-14 20:03:34,W 35 St & Dyer Ave,6569,W 26 St & 8 Ave,6297,40.754691750226016,-73.99740189313889,40.74734825,-73.99723551,member
1005771,BF5A4CC83B7D2027,classic_bike,2022-03-02 08:28:06,2022-03-02 08:41:28,W 35 St & Dyer Ave,6569,Greenwich St & W Houston St,5730,40.754691750226016,-73.99740189313889,40.728846,-74.008591,member
1005772,5C4388C843142A59,classic_bike,2022-03-18 08:31:57,2022-03-18 08:46:09,W 35 St & Dyer Ave,6569,Greenwich St & W Houston St,5730,40.754691750226016,-73.99740189313889,40.728846,-74.008591,member
1005773,7FD392223CA87F29,electric_bike,2022-03-03 15:42:28,2022-03-03 15:46:27,W 35 St & Dyer Ave,6569,W 26 St & 8 Ave,6297,40.754691750226016,-73.99740189313889,40.74734825,-73.99723551,member
1005792,756DD3AAC94A5F89,classic_bike,2022-03-21 18:30:48,2022-03-21 18:40:20,W 35 St & Dyer Ave,6569,W 22 St & 10 Ave,6306,40.754691750226016,-73.99740189313889,40.74691959,-74.00451887,member
1005867,F1A12B866B573A7F,classic_bike,2022-03-31 13:15:46,2022-03-31 13:26:22,W 35 St & Dyer Ave,6569,W 22 St & 10 Ave,6306,40.754691750226016,-73.99740189313889,40.74691959,-74.00451887,member
1008809,C99F4F000DD801BB,classic_bike,2022-03-22 19:12:05,2022-03-22 19:16:21,W 35 St & 9 Ave,6569,W 26 St & 8 Ave,6297,40.75414519263519,-73.9960889518261,40.74734825,-73.99723551,member
1008824,437A245A77A80B8F,electric_bike,2022-03-07 09:20:50,2022-03-07 09:30:44,W 35 St & 9 Ave,6569,W 47 St & 6 Ave,6667,40.75414519263519,-73.9960889518261,40.758397,-73.98255,member
1008828,2AFAA5A2F4A8879A,classic_bike,2022-03-02 17:49:40,2022-03-02 17:55:29,W 35 St & 9 Ave,6569,W 22 St & 10 Ave,6306,40.75414519263519,-73.9960889518261,40.74691959,-74.00451887,member
1008854,E143989EA922A387,classic_bike,2022-03-17 21:48:51,2022-03-17 21:53:42,W 35 St & 9 Ave,6569,W 22 St & 10 Ave,6306,40.75414519263519,-73.9960889518261,40.74691959,-74.00451887,member
1008855,4EE994577163AF6E,electric_bike,2022-03-14 10:56:29,2022-03-14 11:01:21,W 35 St & 9 Ave,6569,W 26 St & 8 Ave,6297,40.75414519263519,-73.9960889518261,40.74734825,-73.99723551,casual
1008857,1D01E49DE6F02471,classic_bike,2022-03-16 08:21:03,2022-03-16 08:44:23,W 35 St & 9 Ave,6569,Greenwich St & W Houston St,5730,40.75414519263519,-73.9960889518261,40.728846,-74.008591,casual
1008869,ECB773DB545391F0,classic_bike,2022-03-21 10:58:16,2022-03-21 11:01:54,W 35 St & 9 Ave,6569,W 26 St & 8 Ave,6297,40.75414519263519,-73.9960889518261,40.74734825,-73.99723551,member
1008873,0E42541BBF8034EC,electric_bike,2022-03-08 15:40:53,2022-03-08 15:50:38,W 35 St & 9 Ave,6569,W 47 St & 6 Ave,6667,40.75414519263519,-73.9960889518261,40.758397,-73.98255,casual
1008885,B3DEF706CF4A32EE,classic_bike,2022-03-06 19:31:44,2022-03-06 19:38:07,W 35 St & 9 Ave,6569,W 22 St & 10 Ave,6306,40.75414519263519,-73.9960889518261,40.74691959,-74.00451887,casual
1008886,2C9AC41B37A2AA46,electric_bike,2022-03-14 12:29:03,2022-03-14 12:33:03,W 35 St & 9 Ave,6569,W 26 St & 8 Ave,6297,40.75414519263519,-73.9960889518261,40.74734825,-73.99723551,casual
1008887,5CF2771C0046B252,classic_bike,2022-03-15 18:58:07,2022-03-15 19:03:13,W 35 St & 9 Ave,6569,W 22 St & 10 Ave,6306,40.75414519263519,-73.9960889518261,40.74691959,-74.00451887,member
1008888,10970F7A972053C7,classic_bike,2022-03-27 12:44:47,2022-03-27 12:48:21,W 35 St & 9 Ave,6569,W 26 St & 8 Ave,6297,40.75414519263519,-73.9960889518261,40.74734825,-73.99723551,member
1008890,D29E1E0B9E6E5C33,electric_bike,2022-03-21 10:57:11,2022-03-21 11:02:03,W 35 St & 9 Ave,6569,W 26 St & 8 Ave,6297,40.75414519263519,-73.9960889518261,40.74734825,-73.99723551,casual
1008891,97C5FBAD2FF6ABCB,classic_bike,2022-03-18 08:15:00,2022-03-18 08:32:57,W 35 St & 9 Ave,6569,Greenwich St & W Houston St,5730,40.75414519263519,-73.9960889518261,40.728846,-74.008591,casual
1008892,8A77675F43B7CE63,electric_bike,2022-03-02 06:45:08,2022-03-02 06:48:09,W 35 St & 9 Ave,6569,W 26 St & 8 Ave,6297,40.75414519263519,-73.9960889518261,40.74734825,-73.99723551,casual
1008893,14EC6B812496D7D8,classic_bike,2022-03-18 18:17:37,2022-03-18 18:23:50,W 35 St & 9 Ave,6569,W 26 St & 8 Ave,6297,40.75414519263519,-73.9960889518261,40.74734825,-73.99723551,casual
1008895,787FBA75157997A3,electric_bike,2022-03-06 13:27:38,2022-03-06 13:30:46,W 35 St & 9 Ave,6569,W 26 St & 8 Ave,6297,40.75414519263519,-73.9960889518261,40.74734825,-73.99723551,member
1008903,CF03705E212F3FC8,electric_bike,2022-03-23 21:34:00,2022-03-23 21:45:48,W 35 St & 9 Ave,6569,Greenwich St & W Houston St,5730,40.75414519263519,-73.9960889518261,40.728846,-74.008591,member
1008908,919786A407DCCE52,electric_bike,2022-03-31 09:47:23,2022-03-31 09:53:23,W 35 St & 9 Ave,6569,W 22 St & 10 Ave,6306,40.75414519263519,-73.9960889518261,40.74691959,-74.00451887,member
1008913,4DD630CA277F5244,classic_bike,2022-03-24 13:09:33,2022-03-24 13:14:28,W 35 St & 9 Ave,6569,W 26 St & 8 Ave,6297,40.75414519263519,-73.9960889518261,40.74734825,-73.99723551,member
1008914,992DE20FAEAA02E5,classic_bike,2022-03-20 11:30:28,2022-03-20 11:37:49,W 35 St & 9 Ave,6569,W 22 St & 10 Ave,6306,40.75414519263519,-73.9960889518261,40.74691959,-74.00451887,member
1008915,4EA341AE177B96BC,classic_bike,2022-03-27 15:50:38,2022-03-27 15:55:36,W 35 St & 9 Ave,6569,W 26 St & 8 Ave,6297,40.75414519263519,-73.9960889518261,40.74734825,-73.99723551,member
1008916,0DEC98F5599A58F9,classic_bike,2022-03-24 18:31:54,2022-03-24 18:38:57,W 35 St & 9 Ave,6569,W 22 St & 10 Ave,6306,40.75414519263519,-73.9960889518261,40.74691959,-74.00451887,member
1008921,01D12DF7FD503F7C,classic_bike,2022-03-22 08:07:59,2022-03-22 08:13:08,W 35 St & 9 Ave,6569,W 22 St & 10 Ave,6306,40.75414519263519,-73.9960889518261,40.74691959,-74.00451887,member
1008932,18936E1767D39505,classic_bike,2022-03-28 18:08:00,2022-03-28 18:12:10,W 35 St & 9 Ave,6569,W 26 St & 8 Ave,6297,40.75414519263519,-73.9960889518261,40.74734825,-73.99723551,member
1008933,ADCFD3B19B43C56E,classic_bike,2022-03-02 16:56:17,2022-03-02 17:02:30,W 35 St & 9 Ave,6569,W 26 St & 8 Ave,6297,40.75414519263519,-73.9960889518261,40.74734825,-73.99723551,member
1008938,5DC431AA3A380E1C,classic_bike,2022-03-07 08:25:03,2022-03-07 08:28:51,W 35 St & 9 Ave,6569,W 26 St & 8 Ave,6297,40.75414519263519,-73.9960889518261,40.74734825,-73.99723551,member
1008939,C05A9B3926BCE328,classic_bike,2022-03-20 17:32:18,2022-03-20 17:35:45,W 35 St & 9 Ave,6569,W 26 St & 8 Ave,6297,40.75414519263519,-73.9960889518261,40.74734825,-73.99723551,member
1008940,8D525ABA9708557D,electric_bike,2022-03-04 18:23:47,2022-03-04 18:27:32,W 35 St & 9 Ave,6569,W 26 St & 8 Ave,6297,40.75414519263519,-73.9960889518261,40.74734825,-73.99723551,member
1008941,E59B7062C93F320E,electric_bike,2022-03-25 10:07:56,2022-03-25 10:16:32,W 35 St & 9 Ave,6569,W 47 St & 6 Ave,6667,40.75414519263519,-73.9960889518261,40.758397,-73.98255,casual
1009810,17A481425C0BAAC4,classic_bike,2022-03-03 06:38:40,2022-03-03 06:51:54,W 36 St & 9 Ave,6569,Greenwich St & W Houston St,5730,40.75462324029105,-73.99516761302948,40.728846,-74.008591,member
1009811,C209A957F0F52BC5,classic_bike,2022-03-10 16:31:18,2022-03-10 16:36:00,W 36 St & 9 Ave,6569,W 26 St & 8 Ave,6297,40.75462324029105,-73.99516761302948,40.74734825,-73.99723551,casual
1009816,393512633B6C8018,classic_bike,2022-03-26 15:53:27,2022-03-26 15:58:36,W 36 St & 9 Ave,6569,W 26 St & 8 Ave,6297,40.75462324029105,-73.99516761302948,40.74734825,-73.99723551,member
1009828,2756B20A6077C2EA,electric_bike,2022-03-07 00:27:28,2022-03-07 00:32:23,W 36 St & 9 Ave,6569,W 26 St & 8 Ave,6297,40.75462324029105,-73.99516761302948,40.74734825,-73.99723551,casual
1009829,FB9C6E0107DF1F73,electric_bike,2022-03-21 08:10:09,2022-03-21 08:14:18,W 36 St & 9 Ave,6569,W 22 St & 10 Ave,6306,40.75462324029105,-73.99516761302948,40.74691959,-74.00451887,member
1009830,0C8B8B3407B27D63,electric_bike,2022-03-24 08:15:35,2022-03-24 08:20:56,W 36 St & 9 Ave,6569,W 22 St & 10 Ave,6306,40.75462324029105,-73.99516761302948,40.74691959,-74.00451887,member
1009842,74B96E0762E7CD54,electric_bike,2022-03-24 03:28:37,2022-03-24 03:33:08,W 36 St & 9 Ave,6569,W 22 St & 10 Ave,6306,40.75462324029105,-73.99516761302948,40.74691959,-74.00451887,member
1009843,46F947FEACCB0593,classic_bike,2022-03-21 19:55:58,2022-03-21 20:00:04,W 36 St & 9 Ave,6569,W 26 St & 8 Ave,6297,40.75462324029105,-73.99516761302948,40.74734825,-73.99723551,member
1009844,CAB28A2511D71390,electric_bike,2022-03-09 12:25:13,2022-03-09 12:29:58,W 36 St & 9 Ave,6569,W 26 St & 8 Ave,6297,40.75462324029105,-73.99516761302948,40.74734825,-73.99723551,casual
1009851,E9F926C924EB935D,classic_bike,2022-03-16 02:39:21,2022-03-16 02:53:07,W 36 St & 9 Ave,6569,W 22 St & 10 Ave,6306,40.75462324029105,-73.99516761302948,40.74691959,-74.00451887,casual
1009857,FDEBA8AE81B6A49A,classic_bike,2022-03-17 21:37:08,2022-03-17 21:43:18,W 36 St & 9 Ave,6569,W 22 St & 10 Ave,6306,40.75462324029105,-73.99516761302948,40.74691959,-74.00451887,casual
1009868,4FA688EB7F1A3127,classic_bike,2022-03-03 08:11:42,2022-03-03 08:16:37,W 36 St & 9 Ave,6569,W 22 St & 10 Ave,6306,40.75462324029105,-73.99516761302948,40.74691959,-74.00451887,member
1009869,61D6A017B03957B3,electric_bike,2022-03-09 08:14:22,2022-03-09 08:19:23,W 36 St & 9 Ave,6569,W 22 St & 10 Ave,6306,40.75462324029105,-73.99516761302948,40.74691959,-74.00451887,member
1009870,A023952F629787D3,electric_bike,2022-03-07 11:13:31,2022-03-07 11:22:10,W 36 St & 9 Ave,6569,W 26 St & 8 Ave,6297,40.75462324029105,-73.99516761302948,40.74734825,-73.99723551,member
1009871,5E9437234BCE019C,classic_bike,2022-03-13 16:19:11,2022-03-13 16:27:09,W 36 St & 9 Ave,6569,W 26 St & 8 Ave,6297,40.75462324029105,-73.99516761302948,40.74734825,-73.99723551,member
1009876,15F85F7C302131CA,classic_bike,2022-03-28 07:51:55,2022-03-28 07:58:15,W 36 St & 9 Ave,6569,W 22 St & 10 Ave,6306,40.75462324029105,-73.99516761302948,40.74691959,-74.00451887,member
1009878,D4C1B0345A5BE2B0,classic_bike,2022-03-02 17:25:14,2022-03-02 17:31:01,W 36 St & 9 Ave,6569,W 26 St & 8 Ave,6297,40.75462324029105,-73.99516761302948,40.74734825,-73.99723551,member
1010071,5A76CD0EDC2B1904,classic_bike,2022-03-23 22:49:52,2022-03-23 23:07:45,W 35 St & 9 Ave,6569,Greenwich St & W Houston St,5730,40.75414519263519,-73.9960889518261,40.728846,-74.008591,member
1010104,0ECA7A533433EB4E,classic_bike,2022-03-23 12:20:57,2022-03-23 12:24:21,W 35 St & 9 Ave,6569,W 26 St & 8 Ave,6297,40.75414519263519,-73.9960889518261,40.74734825,-73.99723551,member
1010520,40C1A23ABA5B4D0A,electric_bike,2022-03-05 22:33:21,2022-03-05 22:40:37,W 35 St & Dyer Ave,6569,W 22 St & 10 Ave,6306,40.754691750226016,-73.99740189313889,40.74691959,-74.00451887,member
1010639,0C94AD7FFE080C65,classic_bike,2022-03-22 09:20:41,2022-03-22 09:26:23,W 35 St & 9 Ave,6569,W 22 St & 10 Ave,6306,40.75414519263519,-73.9960889518261,40.74691959,-74.00451887,member
1010643,CEE4FC46016DEBA5,electric_bike,2022-03-25 19:10:22,2022-03-25 19:15:22,W 35 St & 9 Ave,6569,W 26 St & 8 Ave,6297,40.75414519263519,-73.9960889518261,40.74734825,-73.99723551,member
1011292,AF4454D085C4BF45,electric_bike,2022-03-31 18:31:43,2022-03-31 18:41:11,W 36 St & 9 Ave,6569,W 22 St & 10 Ave,6306,40.75462324029105,-73.99516761302948,40.74691959,-74.00451887,member
1011294,4831AAE8E81A184B,classic_bike,2022-03-10 19:29:51,2022-03-10 19:35:13,W 36 St & 9 Ave,6569,W 26 St & 8 Ave,6297,40.75462324029105,-73.99516761302948,40.74734825,-73.99723551,member
1011307,0E413D905ACC1AC1,electric_bike,2022-03-25 12:00:25,2022-03-25 12:24:15,W 36 St & 9 Ave,6569,W 22 St & 10 Ave,6306,40.75462324029105,-73.99516761302948,40.74691959,-74.00451887,casual
1011310,96B94CAA70C2F46F,classic_bike,2022-03-17 21:37:12,2022-03-17 21:43:22,W 36 St & 9 Ave,6569,W 22 St & 10 Ave,6306,40.75462324029105,-73.99516761302948,40.74691959,-74.00451887,casual
1012035,E7492A16A7CC8DE2,electric_bike,2022-03-18 11:02:02,2022-03-18 11:10:09,W 35 St & 9 Ave,6569,W 47 St & 6 Ave,6667,40.75414519263519,-73.9960889518261,40.758397,-73.98255,member
1012375,CC942B6A41B9DCF9,classic_bike,2022-03-27 09:44:29,2022-03-27 09:47:55,W 35 St & 9 Ave,6569,W 26 St & 8 Ave,6297,40.75414519263519,-73.9960889518261,40.74734825,-73.99723551,member
1012376,AE768DEE12560FBA,electric_bike,2022-03-07 14:01:28,2022-03-07 14:06:13,W 35 St & 9 Ave,6569,W 26 St & 8 Ave,6297,40.75414519263519,-73.9960889518261,40.74734825,-73.99723551,casual
1012382,20D6B393A525D12F,electric_bike,2022-03-11 13:50:08,2022-03-11 14:06:50,W 35 St & 9 Ave,6569,Greenwich St & W Houston St,5730,40.75414519263519,-73.9960889518261,40.728846,-74.008591,member
1012393,851B1EEF1645DC9E,classic_bike,2022-03-05 18:16:43,2022-03-05 18:25:51,W 35 St & 9 Ave,6569,W 22 St & 10 Ave,6306,40.75414519263519,-73.9960889518261,40.74691959,-74.00451887,member
1012445,CD290C4BD1D1F311,classic_bike,2022-03-10 20:00:58,2022-03-10 20:06:16,W 35 St & 9 Ave,6569,W 26 St & 8 Ave,6297,40.75414519263519,-73.9960889518261,40.74734825,-73.99723551,member
1012447,1979C5B023D180B4,classic_bike,2022-03-29 18:24:17,2022-03-29 18:28:13,W 35 St & 9 Ave,6569,W 26 St & 8 Ave,6297,40.75414519263519,-73.9960889518261,40.74734825,-73.99723551,member
1012449,DE8B5A09C1EB9353,classic_bike,2022-03-21 13:34:32,2022-03-21 13:50:32,W 35 St & 9 Ave,6569,Washington Pl & Broadway,5755,40.75414519263519,-73.9960889518261,40.72903917,-73.99404649,casual
1012466,26B0F2CFBB1EBFC9,electric_bike,2022-03-14 12:15:52,2022-03-14 12:23:01,W 35 St & 9 Ave,6569,W 26 St & 8 Ave,6297,40.75414519263519,-73.9960889518261,40.74734825,-73.99723551,member
1012474,0AD93DBD585C55CC,electric_bike,2022-03-27 15:43:28,2022-03-27 15:48:33,W 35 St & 9 Ave,6569,W 26 St & 8 Ave,6297,40.75414519263519,-73.9960889518261,40.74734825,-73.99723551,member
1012480,5F7C9B303D0078E7,classic_bike,2022-03-03 10:39:40,2022-03-03 10:45:07,W 35 St & 9 Ave,6569,W 26 St & 8 Ave,6297,40.75414519263519,-73.9960889518261,40.74734825,-73.99723551,member
1013153,FAC7BCF1628EFECE,classic_bike,2022-03-22 16:35:37,2022-03-22 16:40:59,W 35 St & 9 Ave,6569,W 22 St & 10 Ave,6306,40.75414519263519,-73.9960889518261,40.74691959,-74.00451887,member
1013157,66746BC48FA26366,classic_bike,2022-03-05 16:29:21,2022-03-05 16:33:16,W 35 St & 9 Ave,6569,W 26 St & 8 Ave,6297,40.75414519263519,-73.9960889518261,40.74734825,-73.99723551,member
1013166,6882B3BC23C76456,classic_bike,2022-03-18 10:02:21,2022-03-18 10:07:32,W 35 St & 9 Ave,6569,W 22 St & 10 Ave,6306,40.75414519263519,-73.9960889518261,40.74691959,-74.00451887,member
1013185,63E6996FC42C1418,classic_bike,2022-03-27 12:11:17,2022-03-27 12:15:12,W 35 St & 9 Ave,6569,W 26 St & 8 Ave,6297,40.75414519263519,-73.9960889518261,40.74734825,-73.99723551,member
1013303,99EB7A2669983840,electric_bike,2022-03-17 08:00:15,2022-03-17 08:03:49,W 35 St & 9 Ave,6569,W 22 St & 10 Ave,6306,40.75414519263519,-73.9960889518261,40.74691959,-74.00451887,member
1013328,36A635FC82E8F3C0,classic_bike,2022-03-09 17:31:23,2022-03-09 17:35:06,W 35 St & 9 Ave,6569,W 26 St & 8 Ave,6297,40.75414519263519,-73.9960889518261,40.74734825,-73.99723551,member
1013331,1DD4DEFB7F9871B2,classic_bike,2022-03-15 06:48:06,2022-03-15 06:58:59,W 35 St & 9 Ave,6569,Greenwich St & W Houston St,5730,40.75414519263519,-73.9960889518261,40.728846,-74.008591,member
1014004,8B011DFCF8008E01,classic_bike,2022-03-14 14:11:38,2022-03-14 14:14:47,W 35 St & 9 Ave,6569,W 26 St & 8 Ave,6297,40.75414519263519,-73.9960889518261,40.74734825,-73.99723551,member
1014009,C8FFEDA8C2FE0D1E,classic_bike,2022-03-01 18:26:41,2022-03-01 18:33:07,W 35 St & 9 Ave,6569,W 22 St & 10 Ave,6306,40.75414519263519,-73.9960889518261,40.74691959,-74.00451887,member
1014036,10FB0D306501226B,classic_bike,2022-03-30 09:20:28,2022-03-30 09:23:45,W 35 St & 9 Ave,6569,W 26 St & 8 Ave,6297,40.75414519263519,-73.9960889518261,40.74734825,-73.99723551,member
1014071,F1C79C6A6AFD8CA8,classic_bike,2022-03-24 17:14:52,2022-03-24 17:18:50,W 35 St & 9 Ave,6569,W 26 St & 8 Ave,6297,40.75414519263519,-73.9960889518261,40.74734825,-73.99723551,member
1014072,D9E5B29D56D31493,classic_bike,2022-03-08 07:53:15,2022-03-08 07:58:30,W 35 St & 9 Ave,6569,W 22 St & 10 Ave,6306,40.75414519263519,-73.9960889518261,40.74691959,-74.00451887,member
1014074,0179CB6CF2CAE3F6,classic_bike,2022-03-21 11:10:09,2022-03-21 11:16:28,W 35 St & 9 Ave,6569,W 26 St & 8 Ave,6297,40.75414519263519,-73.9960889518261,40.74734825,-73.99723551,member
1014081,3990EA0EF5602656,electric_bike,2022-03-30 09:16:31,2022-03-30 09:34:03,W 35 St & 9 Ave,6569,Washington Pl & Broadway,5755,40.75414519263519,-73.9960889518261,40.72903917,-73.99404649,member
1014295,532E1E76E7F01589,classic_bike,2022-03-22 18:11:48,2022-03-22 18:18:09,W 35 St & 9 Ave,6569,W 22 St & 10 Ave,6306,40.75414519263519,-73.9960889518261,40.74691959,-74.00451887,member
1014296,E5C0FB560960471C,classic_bike,2022-03-30 20:42:41,2022-03-30 20:46:47,W 35 St & 9 Ave,6569,W 26 St & 8 Ave,6297,40.75414519263519,-73.9960889518261,40.74734825,-73.99723551,member
1015023,F4DF41F62AC734EF,electric_bike,2022-03-22 15:29:58,2022-03-22 15:41:23,W 36 St & 9 Ave,6569,W 59 St & 10 Ave,7023,40.75462324029105,-73.99516761302948,40.770513,-73.988038,member
1015976,66417BB6F7A383ED,classic_bike,2022-03-10 10:18:07,2022-03-10 10:32:53,W 36 St & 9 Ave,6569,Barrow St & Hudson St,5805,40.75462324029105,-73.99516761302948,40.73172428,-74.00674436,member
1017645,1010FE6756577DBC,classic_bike,2022-03-30 13:08:06,2022-03-30 13:18:34,W 36 St & 9 Ave,6569,W 59 St & 10 Ave,7023,40.75462324029105,-73.99516761302948,40.770513,-73.988038,member
1017646,35E9E6B6F8852AB3,electric_bike,2022-03-30 19:17:53,2022-03-30 19:30:32,W 36 St & 9 Ave,6569,Barrow St & Hudson St,5805,40.75462324029105,-73.99516761302948,40.73172428,-74.00674436,casual
1017960,2519B41D86A6AC1F,electric_bike,2022-03-02 22:52:57,2022-03-02 23:01:01,W 35 St & Dyer Ave,6569,W 59 St & 10 Ave,7023,40.754691750226016,-73.99740189313889,40.770513,-73.988038,member
1019357,147B6F2F924CB892,classic_bike,2022-03-22 08:15:02,2022-03-22 08:31:42,W 35 St & 9 Ave,6569,Barrow St & Hudson St,5805,40.75414519263519,-73.9960889518261,40.73172428,-74.00674436,casual
1019580,8FEC2E7ED4909B00,classic_bike,2022-03-30 20:43:52,2022-03-30 20:53:30,W 35 St & 9 Ave,6569,W 59 St & 10 Ave,7023,40.75414519263519,-73.9960889518261,40.770513,-73.988038,member
1019583,7F08BB41A41EDEF8,classic_bike,2022-03-31 19:31:38,2022-03-31 19:47:29,W 35 St & 9 Ave,6569,Barrow St & Hudson St,5805,40.75414519263519,-73.9960889518261,40.73172428,-74.00674436,member
1022241,A68ECE71B0E89849,electric_bike,2022-03-26 20:45:25,2022-03-26 20:55:07,W 35 St & Dyer Ave,6569,W 59 St & 10 Ave,7023,40.754691750226016,-73.99740189313889,40.770513,-73.988038,member
1024046,C02E78B952AE0336,electric_bike,2022-03-23 18:02:54,2022-03-23 18:20:48,W 36 St & 9 Ave,6569,W 106 St & Central Park West,7606,40.75462324029105,-73.99516761302948,40.7981856,-73.9605909006,member
1024188,AF45D1FBA6B46A6C,electric_bike,2022-03-14 09:11:04,2022-03-14 09:21:48,W 36 St & 9 Ave,6569,W 59 St & 10 Ave,7023,40.75462324029105,-73.99516761302948,40.770513,-73.988038,member
1024446,A18FAAEE254B85BE,classic_bike,2022-03-19 19:19:55,2022-03-19 19:37:34,W 36 St & 9 Ave,6569,W 59 St & 10 Ave,7023,40.75462324029105,-73.99516761302948,40.770513,-73.988038,member
1027028,A003C9D67DA6B4E1,classic_bike,2022-03-19 08:00:42,2022-03-19 08:11:18,W 35 St & 9 Ave,6569,W 59 St & 10 Ave,7023,40.75414519263519,-73.9960889518261,40.770513,-73.988038,member
1027031,1AC2B133E48C7180,electric_bike,2022-03-26 21:54:21,2022-03-26 22:40:06,W 35 St & 9 Ave,6569,Delancey St & Eldridge St,5414,40.75414519263519,-73.9960889518261,40.719383,-73.991479,member
1027041,3E4942A2B4E27380,classic_bike,2022-03-11 16:21:33,2022-03-11 16:50:34,W 35 St & 9 Ave,6569,Delancey St & Eldridge St,5414,40.75414519263519,-73.9960889518261,40.719383,-73.991479,member
1028800,FCFCB3F958EFC308,electric_bike,2022-03-07 12:54:11,2022-03-07 13:05:41,W 35 St & 9 Ave,6569,W 59 St & 10 Ave,7023,40.75414519263519,-73.9960889518261,40.770513,-73.988038,casual
1028852,8D1460E916C4BABD,classic_bike,2022-03-07 15:24:30,2022-03-07 15:53:24,W 35 St & 9 Ave,6569,Delancey St & Eldridge St,5414,40.75414519263519,-73.9960889518261,40.719383,-73.991479,casual
1028867,06A4EEF6B0B5440F,classic_bike,2022-03-22 16:59:35,2022-03-22 17:12:46,W 35 St & 9 Ave,6569,Barrow St & Hudson St,5805,40.75414519263519,-73.9960889518261,40.73172428,-74.00674436,member
1028874,9FE645B9E78550DB,classic_bike,2022-03-18 11:13:20,2022-03-18 11:26:05,W 35 St & 9 Ave,6569,Barrow St & Hudson St,5805,40.75414519263519,-73.9960889518261,40.73172428,-74.00674436,member
1029311,22EA39D52CC2594F,electric_bike,2022-03-01 09:25:30,2022-03-01 09:34:14,W 35 St & 9 Ave,6569,W 59 St & 10 Ave,7023,40.75414519263519,-73.9960889518261,40.770513,-73.988038,member
1029395,EFAEF0ED79AAD207,electric_bike,2022-03-28 20:34:33,2022-03-28 20:44:43,W 35 St & 9 Ave,6569,W 59 St & 10 Ave,7023,40.75414519263519,-73.9960889518261,40.770513,-73.988038,member
1029755,A651A5BD633D673F,classic_bike,2022-03-21 08:36:42,2022-03-21 08:59:37,W 35 St & 9 Ave,6569,Barrow St & Hudson St,5805,40.75414519263519,-73.9960889518261,40.73172428,-74.00674436,casual
1029771,B9071FCCC3D292B6,classic_bike,2022-03-29 21:20:59,2022-03-29 21:34:21,W 35 St & 9 Ave,6569,W 59 St & 10 Ave,7023,40.75414519263519,-73.9960889518261,40.770513,-73.988038,member
1029772,1DB9D58C3583EA6A,classic_bike,2022-03-30 18:23:42,2022-03-30 18:44:32,W 35 St & 9 Ave,6569,W 59 St & 10 Ave,7023,40.75414519263519,-73.9960889518261,40.770513,-73.988038,member
1030688,C5900CBAFFCC404C,classic_bike,2022-03-31 14:01:55,2022-03-31 14:17:52,W 35 St & 9 Ave,6569,W 59 St & 10 Ave,7023,40.75414519263519,-73.9960889518261,40.770513,-73.988038,member
1030728,7585313473B6B803,electric_bike,2022-03-20 12:54:49,2022-03-20 13:07:42,W 35 St & 9 Ave,6569,Barrow St & Hudson St,5805,40.75414519263519,-73.9960889518261,40.73172428,-74.00674436,member
1031072,DBA4C13661770BDF,classic_bike,2022-03-25 16:34:16,2022-03-25 16:49:19,W 35 St & 9 Ave,6569,W 59 St & 10 Ave,7023,40.75414519263519,-73.9960889518261,40.770513,-73.988038,member
1032816,4BD82334DC344105,classic_bike,2022-03-22 11:35:54,2022-03-22 11:41:52,W 35 St & Dyer Ave,6569,,nan,40.754766464,-73.997623324,40.75,-74.0,member
1039750,62D4FDCD4FEB5701,classic_bike,2022-03-02 18:52:14,2022-03-02 19:08:04,W 35 St & 9 Ave,6569,W 10 St & Washington St,5847,40.75414519263519,-73.9960889518261,40.73342399437081,-74.00851495563984,casual
1045388,6C712F21894965AD,classic_bike,2022-03-29 06:22:13,2022-03-29 06:49:51,W 36 St & 9 Ave,6569,Murray St & West St,5329,40.75462324029105,-73.99516761302948,40.7149787,-74.013012,member
1045389,1FF783B0D9BA44EA,electric_bike,2022-03-29 15:31:27,2022-03-29 16:04:33,W 36 St & 9 Ave,6569,Fulton St & William St,5137,40.75462324029105,-73.99516761302948,40.70960089363537,-74.00655090808868,member
1045391,8CA284F889051CEB,classic_bike,2022-03-08 06:23:00,2022-03-08 06:44:03,W 36 St & 9 Ave,6569,Murray St & West St,5329,40.75462324029105,-73.99516761302948,40.7149787,-74.013012,member
1045392,AB8C82947C482BA0,classic_bike,2022-03-03 06:22:12,2022-03-03 06:44:16,W 36 St & 9 Ave,6569,Murray St & West St,5329,40.75462324029105,-73.99516761302948,40.7149787,-74.013012,member
1045393,11D49AA2DBD2C6C7,classic_bike,2022-03-07 06:20:14,2022-03-07 06:44:13,W 36 St & 9 Ave,6569,Murray St & West St,5329,40.75462324029105,-73.99516761302948,40.7149787,-74.013012,member
1045435,0119C1C9D3C3B308,classic_bike,2022-03-23 06:18:35,2022-03-23 06:41:49,W 36 St & 9 Ave,6569,Murray St & West St,5329,40.75462324029105,-73.99516761302948,40.7149787,-74.013012,member
1045436,9B71C60A90A45D44,classic_bike,2022-03-14 06:22:29,2022-03-14 06:48:15,W 36 St & 9 Ave,6569,Murray St & West St,5329,40.75462324029105,-73.99516761302948,40.7149787,-74.013012,member
1045438,E32B51475B01515F,classic_bike,2022-03-01 06:20:09,2022-03-01 06:43:15,W 36 St & 9 Ave,6569,Murray St & West St,5329,40.75462324029105,-73.99516761302948,40.7149787,-74.013012,member
1045444,46DDFD26579C60CC,classic_bike,2022-03-15 06:21:26,2022-03-15 06:45:42,W 36 St & 9 Ave,6569,Murray St & West St,5329,40.75462324029105,-73.99516761302948,40.7149787,-74.013012,member
1045456,F3CBC16BA2CB4FD6,classic_bike,2022-03-17 06:23:24,2022-03-17 06:45:31,W 36 St & 9 Ave,6569,Murray St & West St,5329,40.75462324029105,-73.99516761302948,40.7149787,-74.013012,member
1045461,8B946CDA7A3FA742,classic_bike,2022-03-22 06:21:23,2022-03-22 06:49:19,W 36 St & 9 Ave,6569,Murray St & West St,5329,40.75462324029105,-73.99516761302948,40.7149787,-74.013012,member
1045481,70C81537FAB952B1,classic_bike,2022-03-31 06:22:11,2022-03-31 06:45:02,W 36 St & 9 Ave,6569,Murray St & West St,5329,40.75462324029105,-73.99516761302948,40.7149787,-74.013012,member
1045489,25AE04E7E05325B1,classic_bike,2022-03-23 10:30:02,2022-03-23 11:04:28,W 36 St & 9 Ave,6569,Allen St & Rivington St,5414,40.75462324029105,-73.99516761302948,40.72019576,-73.98997825,casual
1045898,076BF61DD7825B03,classic_bike,2022-03-11 06:19:11,2022-03-11 06:41:44,W 36 St & 9 Ave,6569,Murray St & West St,5329,40.75462324029105,-73.99516761302948,40.7149787,-74.013012,member
1045899,D89E3AC443AC826A,classic_bike,2022-03-16 06:22:52,2022-03-16 06:44:32,W 36 St & 9 Ave,6569,Murray St & West St,5329,40.75462324029105,-73.99516761302948,40.7149787,-74.013012,member
1045914,52F2E425949DC0BF,electric_bike,2022-03-26 15:01:38,2022-03-26 15:23:02,W 36 St & 9 Ave,6569,Allen St & Rivington St,5414,40.75462324029105,-73.99516761302948,40.72019576,-73.98997825,member
1045960,C27E50647552FDE5,classic_bike,2022-03-10 06:21:14,2022-03-10 06:44:27,W 36 St & 9 Ave,6569,Murray St & West St,5329,40.75462324029105,-73.99516761302948,40.7149787,-74.013012,member
1045973,7389F5D21632D07C,electric_bike,2022-03-01 09:44:29,2022-03-01 10:22:04,W 36 St & 9 Ave,6569,Fulton St & William St,5137,40.75462324029105,-73.99516761302948,40.70960089363537,-74.00655090808868,casual
1045990,294361D85B7B5435,classic_bike,2022-03-02 06:26:15,2022-03-02 06:51:50,W 36 St & 9 Ave,6569,Murray St & West St,5329,40.75462324029105,-73.99516761302948,40.7149787,-74.013012,member
1049537,0E3677F6B43A0CEB,classic_bike,2022-03-21 06:24:57,2022-03-21 06:45:17,W 35 St & Dyer Ave,6569,Murray St & West St,5329,40.754691750226016,-73.99740189313889,40.7149787,-74.013012,member
1059430,052126EB43A93D75,classic_bike,2022-03-21 09:59:30,2022-03-21 10:11:44,W 35 St & 9 Ave,6569,E 45 St & 3 Ave,6464,40.75414519263519,-73.9960889518261,40.75255434,-73.97282625,member
1059449,558895BFCCEF2CE4,classic_bike,2022-03-07 19:24:13,2022-03-07 20:03:42,W 35 St & 9 Ave,6569,Broadway & Berry St,5164,40.75414519263519,-73.9960889518261,40.71044554,-73.96525063,member
1059450,2532EC2A67B34BFC,classic_bike,2022-03-08 17:37:30,2022-03-08 18:13:37,W 35 St & 9 Ave,6569,Broadway & Berry St,5164,40.75414519263519,-73.9960889518261,40.71044554,-73.96525063,member
1059451,D375949CF7C7EFAE,classic_bike,2022-03-29 17:43:33,2022-03-29 18:21:14,W 35 St & 9 Ave,6569,Broadway & Berry St,5164,40.75414519263519,-73.9960889518261,40.71044554,-73.96525063,member
1059452,D851F0F9A7858BF1,classic_bike,2022-03-23 19:12:08,2022-03-23 19:48:51,W 35 St & 9 Ave,6569,Broadway & Berry St,5164,40.75414519263519,-73.9960889518261,40.71044554,-73.96525063,member
1059493,A5BC085974246DCC,classic_bike,2022-03-30 18:27:44,2022-03-30 19:05:25,W 35 St & 9 Ave,6569,Broadway & Berry St,5164,40.75414519263519,-73.9960889518261,40.71044554,-73.96525063,member
1059501,0D019D97FC15FE39,classic_bike,2022-03-15 10:15:30,2022-03-15 10:32:56,W 35 St & 9 Ave,6569,Murray St & West St,5329,40.75414519263519,-73.9960889518261,40.7149787,-74.013012,member
1059503,FCF6183BF323EDCF,electric_bike,2022-03-15 19:30:36,2022-03-15 19:59:20,W 35 St & 9 Ave,6569,Broadway & Berry St,5164,40.75414519263519,-73.9960889518261,40.71044554,-73.96525063,member
1059525,332D27B869BC190E,classic_bike,2022-03-02 19:23:27,2022-03-02 20:01:46,W 35 St & 9 Ave,6569,Broadway & Berry St,5164,40.75414519263519,-73.9960889518261,40.71044554,-73.96525063,member
1059533,950C911F4E71E605,classic_bike,2022-03-24 19:06:49,2022-03-24 19:41:49,W 35 St & 9 Ave,6569,Broadway & Berry St,5164,40.75414519263519,-73.9960889518261,40.71044554,-73.96525063,member
1059540,F57412F7FC62DFAE,classic_bike,2022-03-01 18:37:31,2022-03-01 19:13:49,W 35 St & 9 Ave,6569,Broadway & Berry St,5164,40.75414519263519,-73.9960889518261,40.71044554,-73.96525063,member
1059555,A2822CF043BDE214,classic_bike,2022-03-11 10:03:50,2022-03-11 10:21:12,W 35 St & 9 Ave,6569,Murray St & West St,5329,40.75414519263519,-73.9960889518261,40.7149787,-74.013012,member
1059606,1538563E4F427253,classic_bike,2022-03-24 12:13:32,2022-03-24 12:26:27,W 35 St & 9 Ave,6569,E 45 St & 3 Ave,6464,40.75414519263519,-73.9960889518261,40.75255434,-73.97282625,member
1059631,BB9C299061A8BD0C,classic_bike,2022-03-20 12:03:51,2022-03-20 12:23:59,W 35 St & 9 Ave,6569,E 45 St & 3 Ave,6464,40.75414519263519,-73.9960889518261,40.75255434,-73.97282625,member
1060836,F8D1FAD39D30F9CF,classic_bike,2022-03-16 17:11:48,2022-03-16 17:51:41,W 35 St & 9 Ave,6569,Broadway & Berry St,5164,40.75414519263519,-73.9960889518261,40.71044554,-73.96525063,member
1061070,6F591776B53A2B02,classic_bike,2022-03-10 19:44:37,2022-03-10 20:23:07,W 35 St & 9 Ave,6569,Broadway & Berry St,5164,40.75414519263519,-73.9960889518261,40.71044554,-73.96525063,member
1061071,6A1A9B37A7A982A6,classic_bike,2022-03-14 13:45:51,2022-03-14 14:21:27,W 35 St & 9 Ave,6569,Broadway & Berry St,5164,40.75414519263519,-73.9960889518261,40.71044554,-73.96525063,member
1061072,589E223B41466A75,classic_bike,2022-03-09 19:11:30,2022-03-09 19:49:55,W 35 St & 9 Ave,6569,Broadway & Berry St,5164,40.75414519263519,-73.9960889518261,40.71044554,-73.96525063,member
1061958,D726B846A7736B2D,classic_bike,2022-03-03 07:58:27,2022-03-03 08:05:48,W 36 St & 9 Ave,6569,E 40 St & Park Ave,6432,40.75462324029105,-73.99516761302948,40.750756,-73.978326,member
1062018,382C2D40002C6976,classic_bike,2022-03-05 15:01:01,2022-03-05 15:13:38,W 36 St & 9 Ave,6569,Greenwich Ave & Charles St,5914,40.75462324029105,-73.99516761302948,40.735238,-74.000271,member
1066779,B63FE0EFE2ED4BC3,electric_bike,2022-03-20 11:22:13,2022-03-20 11:32:27,W 36 St & 9 Ave,6569,E 40 St & Park Ave,6432,40.75462324029105,-73.99516761302948,40.750756,-73.978326,member
1066786,196EBC6370163C1D,electric_bike,2022-03-22 14:24:13,2022-03-22 14:31:03,W 36 St & 9 Ave,6569,E 40 St & Park Ave,6432,40.75462324029105,-73.99516761302948,40.750756,-73.978326,member
1066788,CAE6A23B0AE28331,electric_bike,2022-03-28 15:42:53,2022-03-28 15:49:26,W 36 St & 9 Ave,6569,E 40 St & Park Ave,6432,40.75462324029105,-73.99516761302948,40.750756,-73.978326,member
1066789,1FCA3A45DEAE1A5F,classic_bike,2022-03-18 17:29:08,2022-03-18 17:38:31,W 36 St & 9 Ave,6569,E 40 St & Park Ave,6432,40.75462324029105,-73.99516761302948,40.750756,-73.978326,casual
1066791,31DFD0DC89F1EDB8,classic_bike,2022-03-16 16:09:24,2022-03-16 16:17:10,W 36 St & 9 Ave,6569,E 40 St & Park Ave,6432,40.75462324029105,-73.99516761302948,40.750756,-73.978326,casual
1067227,2C93117C08FC528C,classic_bike,2022-03-08 20:32:56,2022-03-08 20:41:07,W 35 St & 9 Ave,6569,E 40 St & Park Ave,6432,40.75414519263519,-73.9960889518261,40.750756,-73.978326,casual
1067232,5C38500E91EE0692,classic_bike,2022-03-11 17:34:20,2022-03-11 17:47:43,W 35 St & 9 Ave,6569,Greenwich Ave & Charles St,5914,40.75414519263519,-73.9960889518261,40.735238,-74.000271,member
1067246,408A6386CC6638FC,classic_bike,2022-03-24 16:42:05,2022-03-24 16:55:03,W 35 St & 9 Ave,6569,E 40 St & Park Ave,6432,40.75414519263519,-73.9960889518261,40.750756,-73.978326,member
1067259,F6A07517ED7C6A22,classic_bike,2022-03-21 16:08:02,2022-03-21 16:17:58,W 35 St & 9 Ave,6569,E 40 St & Park Ave,6432,40.75414519263519,-73.9960889518261,40.750756,-73.978326,casual
1067277,51FEB7C8850805FA,classic_bike,2022-03-01 19:37:01,2022-03-01 19:46:10,W 35 St & 9 Ave,6569,E 40 St & Park Ave,6432,40.75414519263519,-73.9960889518261,40.750756,-73.978326,casual
1067303,7992BEA7AFB3AC8A,electric_bike,2022-03-29 15:40:58,2022-03-29 15:50:43,W 35 St & 9 Ave,6569,Greenwich Ave & Charles St,5914,40.75414519263519,-73.9960889518261,40.735238,-74.000271,member
1067308,320A251FA9C3FC3C,classic_bike,2022-03-17 18:28:35,2022-03-17 18:38:16,W 35 St & 9 Ave,6569,E 40 St & Park Ave,6432,40.75414519263519,-73.9960889518261,40.750756,-73.978326,member
1067314,2170F1FF3B8E48F3,electric_bike,2022-03-08 17:13:31,2022-03-08 17:21:01,W 35 St & 9 Ave,6569,E 40 St & Park Ave,6432,40.75414519263519,-73.9960889518261,40.750756,-73.978326,casual
1067328,C0B05433DCD4FC6D,classic_bike,2022-03-03 18:06:09,2022-03-03 18:18:50,W 35 St & 9 Ave,6569,E 40 St & Park Ave,6432,40.75414519263519,-73.9960889518261,40.750756,-73.978326,member
1067329,34E2E97A9B02CC1F,classic_bike,2022-03-30 17:02:40,2022-03-30 17:11:11,W 35 St & 9 Ave,6569,E 40 St & Park Ave,6432,40.75414519263519,-73.9960889518261,40.750756,-73.978326,member
1067334,9E96D1AD935D4924,classic_bike,2022-03-31 17:27:53,2022-03-31 17:39:01,W 35 St & 9 Ave,6569,E 40 St & Park Ave,6432,40.75414519263519,-73.9960889518261,40.750756,-73.978326,casual
1067350,A4E165EEF14936FD,classic_bike,2022-03-29 18:29:32,2022-03-29 18:39:44,W 35 St & 9 Ave,6569,E 40 St & Park Ave,6432,40.75414519263519,-73.9960889518261,40.750756,-73.978326,member
1067368,D108C82964BD1B6E,classic_bike,2022-03-21 20:02:47,2022-03-21 20:11:07,W 35 St & 9 Ave,6569,E 40 St & Park Ave,6432,40.75414519263519,-73.9960889518261,40.750756,-73.978326,casual
1067807,65D95F291A0DB3D6,classic_bike,2022-03-18 08:40:18,2022-03-18 08:49:23,W 35 St & 9 Ave,6569,E 40 St & Park Ave,6432,40.75414519263519,-73.9960889518261,40.750756,-73.978326,casual
1067867,EF72F15034C5B668,classic_bike,2022-03-16 18:12:04,2022-03-16 18:23:26,W 35 St & 9 Ave,6569,E 40 St & Park Ave,6432,40.75414519263519,-73.9960889518261,40.750756,-73.978326,member
1067872,3DF1C65F9049673D,docked_bike,2022-03-22 13:48:11,2022-03-22 14:01:56,W 35 St & 9 Ave,6569,Greenwich Ave & Charles St,5914,40.754145,-73.996089,40.735238,-74.000271,casual
1068443,4931F39942F7CE36,classic_bike,2022-03-25 16:14:32,2022-03-25 16:30:50,W 35 St & 9 Ave,6569,Greenwich Ave & Charles St,5914,40.75414519263519,-73.9960889518261,40.735238,-74.000271,member
1068462,FF4D0C61F4A682AF,classic_bike,2022-03-31 21:31:38,2022-03-31 21:40:01,W 35 St & 9 Ave,6569,E 40 St & Park Ave,6432,40.75414519263519,-73.9960889518261,40.750756,-73.978326,casual
1068463,04DE72CA3AD73903,classic_bike,2022-03-08 14:53:40,2022-03-08 15:05:48,W 35 St & 9 Ave,6569,E 40 St & Park Ave,6432,40.75414519263519,-73.9960889518261,40.750756,-73.978326,casual
1068468,67AC2529BDB61381,classic_bike,2022-03-29 21:02:24,2022-03-29 21:11:15,W 35 St & 9 Ave,6569,E 40 St & Park Ave,6432,40.75414519263519,-73.9960889518261,40.750756,-73.978326,casual
1068580,E58D1D43984FA658,classic_bike,2022-03-15 18:31:02,2022-03-15 18:39:36,W 35 St & 9 Ave,6569,E 40 St & Park Ave,6432,40.75414519263519,-73.9960889518261,40.750756,-73.978326,member
1068584,CDABC04B616ADAA3,electric_bike,2022-03-01 16:48:04,2022-03-01 16:55:56,W 35 St & 9 Ave,6569,E 40 St & Park Ave,6432,40.75414519263519,-73.9960889518261,40.750756,-73.978326,casual
1072153,16CABF5388E40AD3,classic_bike,2022-03-14 15:37:21,2022-03-14 15:50:58,W 35 St & 9 Ave,6569,E 40 St & Park Ave,6432,40.75414519263519,-73.9960889518261,40.750756,-73.978326,member
1072184,BF5A8D3CCC12950C,classic_bike,2022-03-31 17:41:13,2022-03-31 17:50:33,W 35 St & 9 Ave,6569,E 40 St & Park Ave,6432,40.75414519263519,-73.9960889518261,40.750756,-73.978326,member
1072195,912E67C2205A5B7C,classic_bike,2022-03-03 16:11:30,2022-03-03 16:21:12,W 35 St & 9 Ave,6569,E 40 St & Park Ave,6432,40.75414519263519,-73.9960889518261,40.750756,-73.978326,member
1072196,FE47BD6B8945282B,classic_bike,2022-03-28 18:29:24,2022-03-28 18:40:58,W 35 St & 9 Ave,6569,E 40 St & Park Ave,6432,40.75414519263519,-73.9960889518261,40.750756,-73.978326,member
1072211,70DAE78C635355DE,classic_bike,2022-03-08 18:03:22,2022-03-08 18:16:49,W 35 St & 9 Ave,6569,E 40 St & Park Ave,6432,40.75414519263519,-73.9960889518261,40.750756,-73.978326,member
1072212,2641FD516866E4ED,electric_bike,2022-03-10 16:23:15,2022-03-10 16:33:10,W 35 St & 9 Ave,6569,E 40 St & Park Ave,6432,40.75414519263519,-73.9960889518261,40.750756,-73.978326,member
1072217,2D293E248F939599,classic_bike,2022-03-18 16:16:07,2022-03-18 16:30:47,W 35 St & 9 Ave,6569,Greenwich Ave & Charles St,5914,40.75414519263519,-73.9960889518261,40.735238,-74.000271,member
1072233,9D4A07A29A07C665,electric_bike,2022-03-07 17:42:30,2022-03-07 17:51:00,W 35 St & 9 Ave,6569,E 40 St & Park Ave,6432,40.75414519263519,-73.9960889518261,40.750756,-73.978326,casual
1072240,A9881A4DA5958B1C,classic_bike,2022-03-09 19:59:57,2022-03-09 20:08:15,W 35 St & 9 Ave,6569,E 40 St & Park Ave,6432,40.75414519263519,-73.9960889518261,40.750756,-73.978326,casual
1072244,FC0767FFE8C0DEB7,electric_bike,2022-03-28 16:48:00,2022-03-28 16:55:21,W 35 St & 9 Ave,6569,E 40 St & Park Ave,6432,40.75414519263519,-73.9960889518261,40.750756,-73.978326,casual
1072251,626B17660D1F864E,classic_bike,2022-03-07 18:45:20,2022-03-07 18:58:04,W 35 St & 9 Ave,6569,Greenwich Ave & Charles St,5914,40.75414519263519,-73.9960889518261,40.735238,-74.000271,member
1072254,36D9427E7B77DCAD,classic_bike,2022-03-18 16:05:21,2022-03-18 16:17:45,W 35 St & 9 Ave,6569,Greenwich Ave & Charles St,5914,40.75414519263519,-73.9960889518261,40.735238,-74.000271,member
1072258,C63632D48F8649DE,classic_bike,2022-03-06 13:34:36,2022-03-06 13:46:28,W 35 St & 9 Ave,6569,E 40 St & Park Ave,6432,40.75414519263519,-73.9960889518261,40.750756,-73.978326,member
1072261,0F9D3B3FAB09DFAD,electric_bike,2022-03-17 13:59:58,2022-03-17 14:08:19,W 35 St & 9 Ave,6569,E 40 St & Park Ave,6432,40.75414519263519,-73.9960889518261,40.750756,-73.978326,member
1072989,B2311B8D7ED6D5DA,classic_bike,2022-03-10 10:44:59,2022-03-10 10:56:10,W 35 St & 9 Ave,6569,E 40 St & Park Ave,6432,40.75414519263519,-73.9960889518261,40.750756,-73.978326,member
1072992,2833E4120497F5F6,electric_bike,2022-03-22 16:10:34,2022-03-22 16:17:55,W 35 St & 9 Ave,6569,E 40 St & Park Ave,6432,40.75414519263519,-73.9960889518261,40.750756,-73.978326,casual
1073004,3C9D8CF5237A2663,classic_bike,2022-03-16 16:57:30,2022-03-16 17:09:13,W 35 St & 9 Ave,6569,E 40 St & Park Ave,6432,40.75414519263519,-73.9960889518261,40.750756,-73.978326,member
1073005,99FA1D6D2BF54084,electric_bike,2022-03-22 17:17:04,2022-03-22 17:25:31,W 35 St & 9 Ave,6569,E 40 St & Park Ave,6432,40.75414519263519,-73.9960889518261,40.750756,-73.978326,member
1073010,B0A726223E61E2CC,classic_bike,2022-03-14 19:41:16,2022-03-14 19:50:04,W 35 St & 9 Ave,6569,E 40 St & Park Ave,6432,40.75414519263519,-73.9960889518261,40.750756,-73.978326,casual
1073403,8CC14C2C157D9C97,electric_bike,2022-03-23 17:18:56,2022-03-23 17:37:41,W 35 St & Dyer Ave,6569,Greene St & Prince St,5602,40.754691750226016,-73.99740189313889,40.72511734422387,-73.99930492043495,casual
1073460,F6CF5CC68A34BCD6,classic_bike,2022-03-18 12:44:16,2022-03-18 13:04:56,W 36 St & 9 Ave,6569,Park Pl & Church St,5288,40.75462324029105,-73.99516761302948,40.71334184275907,-74.00935515761375,member
1076095,C4FF4E1245AC78D2,electric_bike,2022-03-21 17:30:14,2022-03-21 18:00:33,W 35 St & Dyer Ave,6569,3 Ave & E 112 St,7543,40.754691750226016,-73.99740189313889,40.795508,-73.941606,casual
1077205,2FD7EA2D5C09F1E7,electric_bike,2022-03-26 11:35:41,2022-03-26 11:53:43,W 36 St & 9 Ave,6569,Greene St & Prince St,5602,40.75462324029105,-73.99516761302948,40.72511734422387,-73.99930492043495,member
1080418,A31E3A9914BEEE82,classic_bike,2022-03-26 17:58:54,2022-03-26 18:32:55,W 35 St & 9 Ave,6569,W 133 St & 12 Ave,7925,40.75414519263519,-73.9960889518261,40.820003,-73.959089,casual
1082090,EC70EBE2D8600969,classic_bike,2022-03-18 14:27:19,2022-03-18 14:35:30,W 36 St & 9 Ave,6569,W 54 St & 9 Ave,6920,40.75462324029105,-73.99516761302948,40.76584941,-73.98690506,member
1082107,1CEBE4DF28F0FF7F,electric_bike,2022-03-25 18:03:24,2022-03-25 18:10:45,W 36 St & 9 Ave,6569,W 54 St & 9 Ave,6920,40.75462324029105,-73.99516761302948,40.76584941,-73.98690506,casual
1082111,8308A3F9C62EE4A2,electric_bike,2022-03-27 23:45:37,2022-03-27 23:58:17,W 36 St & 9 Ave,6569,W 54 St & 9 Ave,6920,40.75462324029105,-73.99516761302948,40.76584941,-73.98690506,member
1082170,F4111A5A2F532F20,classic_bike,2022-03-22 18:42:17,2022-03-22 18:54:45,W 36 St & 9 Ave,6569,W 54 St & 9 Ave,6920,40.75462324029105,-73.99516761302948,40.76584941,-73.98690506,casual
1082195,097F167C6EB9C13E,electric_bike,2022-03-30 12:49:15,2022-03-30 12:57:10,W 36 St & 9 Ave,6569,W 54 St & 9 Ave,6920,40.75462324029105,-73.99516761302948,40.76584941,-73.98690506,member
1082200,D5851E32B50A2518,classic_bike,2022-03-13 13:49:52,2022-03-13 13:58:02,W 36 St & 9 Ave,6569,W 54 St & 9 Ave,6920,40.75462324029105,-73.99516761302948,40.76584941,-73.98690506,member
1082204,D4DF8F2649E37363,classic_bike,2022-03-26 20:27:52,2022-03-26 20:41:15,W 36 St & 9 Ave,6569,W 54 St & 9 Ave,6920,40.75462324029105,-73.99516761302948,40.76584941,-73.98690506,member
1082250,C69610CC29A919AB,electric_bike,2022-03-04 01:38:18,2022-03-04 01:48:43,W 36 St & 9 Ave,6569,E 30 St & Park Ave S,6206,40.75462324029105,-73.99516761302948,40.74444921,-73.98303529,member
1082267,F352516BD40814CD,classic_bike,2022-03-05 12:48:58,2022-03-05 12:58:53,W 36 St & 9 Ave,6569,W 54 St & 9 Ave,6920,40.75462324029105,-73.99516761302948,40.76584941,-73.98690506,member
1082288,60EFD66B82A4585B,classic_bike,2022-03-22 12:18:58,2022-03-22 12:37:00,W 36 St & 9 Ave,6569,W 54 St & 9 Ave,6920,40.75462324029105,-73.99516761302948,40.76584941,-73.98690506,member
1082454,954B6603D5F9F7DB,electric_bike,2022-03-02 14:29:46,2022-03-02 14:36:37,W 36 St & 9 Ave,6569,W 54 St & 9 Ave,6920,40.75462324029105,-73.99516761302948,40.76584941,-73.98690506,member
1083395,2AA3723ACA041CCD,classic_bike,2022-03-22 21:16:37,2022-03-22 21:28:19,W 36 St & 9 Ave,6569,W 54 St & 9 Ave,6920,40.75462324029105,-73.99516761302948,40.76584941,-73.98690506,member
1083499,3159A61A4C1EB62B,classic_bike,2022-03-18 18:20:17,2022-03-18 18:31:24,W 36 St & 9 Ave,6569,W 54 St & 9 Ave,6920,40.75462324029105,-73.99516761302948,40.76584941,-73.98690506,casual
1087053,E64B618D8045DF13,classic_bike,2022-03-11 15:28:32,2022-03-11 15:41:27,W 36 St & 9 Ave,6569,E 30 St & Park Ave S,6206,40.75462324029105,-73.99516761302948,40.74444921,-73.98303529,casual
1088026,8B95A473634382B4,classic_bike,2022-03-01 17:17:17,2022-03-01 17:25:56,W 36 St & 9 Ave,6569,W 54 St & 9 Ave,6920,40.75462324029105,-73.99516761302948,40.76584941,-73.98690506,member
1090049,677B230EAFFC8E8D,classic_bike,2022-03-14 17:20:14,2022-03-14 17:29:16,W 35 St & Dyer Ave,6569,E 30 St & Park Ave S,6206,40.754691750226016,-73.99740189313889,40.74444921,-73.98303529,member
1090061,1626D97FF5489493,classic_bike,2022-03-30 11:55:11,2022-03-30 12:07:30,W 35 St & Dyer Ave,6569,E 30 St & Park Ave S,6206,40.754691750226016,-73.99740189313889,40.74444921,-73.98303529,member
1090072,25FF4B1593441049,electric_bike,2022-03-20 18:08:11,2022-03-20 18:16:39,W 35 St & Dyer Ave,6569,W 54 St & 9 Ave,6920,40.754691750226016,-73.99740189313889,40.76584941,-73.98690506,member
1090121,96761DE648751817,classic_bike,2022-03-14 08:48:26,2022-03-14 09:02:46,W 35 St & Dyer Ave,6569,E 30 St & Park Ave S,6206,40.754691750226016,-73.99740189313889,40.74444921,-73.98303529,member
1090166,0F331A3F7484DD33,electric_bike,2022-03-23 14:11:33,2022-03-23 14:18:34,W 35 St & Dyer Ave,6569,W 54 St & 9 Ave,6920,40.754691750226016,-73.99740189313889,40.76584941,-73.98690506,member
1090606,BC259A9C6CCA71E4,electric_bike,2022-03-24 17:20:49,2022-03-24 17:30:57,W 35 St & Dyer Ave,6569,E 30 St & Park Ave S,6206,40.754691750226016,-73.99740189313889,40.74444921,-73.98303529,member
1090671,D8382EC39B5B216B,electric_bike,2022-03-11 20:16:51,2022-03-11 20:28:22,W 35 St & Dyer Ave,6569,W 54 St & 9 Ave,6920,40.754691750226016,-73.99740189313889,40.76584941,-73.98690506,member
1090897,A202F1FBD22B9882,classic_bike,2022-03-22 08:36:23,2022-03-22 08:47:27,W 35 St & Dyer Ave,6569,E 30 St & Park Ave S,6206,40.754691750226016,-73.99740189313889,40.74444921,-73.98303529,member
1091230,145C9D0FAFF1F47A,classic_bike,2022-03-07 16:18:13,2022-03-07 16:30:52,W 35 St & 9 Ave,6569,E 30 St & Park Ave S,6206,40.75414519263519,-73.9960889518261,40.74444921,-73.98303529,member
1091239,EE67100DFBCD3628,electric_bike,2022-03-25 14:12:41,2022-03-25 14:20:15,W 35 St & 9 Ave,6569,W 54 St & 9 Ave,6920,40.75414519263519,-73.9960889518261,40.76584941,-73.98690506,member
1091311,A76962ECC04027D1,electric_bike,2022-03-18 16:13:54,2022-03-18 17:00:05,W 35 St & 9 Ave,6569,3 St & 7 Ave,3905,40.75414519263519,-73.9960889518261,40.6703837,-73.97839676,member
1091313,2B2798BC06C95CDA,electric_bike,2022-03-27 16:22:35,2022-03-27 16:31:02,W 35 St & 9 Ave,6569,W 54 St & 9 Ave,6920,40.75414519263519,-73.9960889518261,40.76584941,-73.98690506,member
1091397,D3332BB7B013B0BA,electric_bike,2022-03-03 20:43:22,2022-03-03 20:54:49,W 35 St & 9 Ave,6569,W 54 St & 9 Ave,6920,40.75414519263519,-73.9960889518261,40.76584941,-73.98690506,casual
1091846,42BF8E6FC1CDF608,classic_bike,2022-03-16 08:19:30,2022-03-16 08:27:50,W 35 St & Dyer Ave,6569,E 30 St & Park Ave S,6206,40.754691750226016,-73.99740189313889,40.74444921,-73.98303529,member
1091879,E294A8E484D911D3,classic_bike,2022-03-10 18:34:43,2022-03-10 18:46:12,W 35 St & 9 Ave,6569,W 54 St & 9 Ave,6920,40.75414519263519,-73.9960889518261,40.76584941,-73.98690506,member
1091881,73ED4C02790709FE,electric_bike,2022-03-15 09:56:25,2022-03-15 10:03:46,W 35 St & 9 Ave,6569,E 30 St & Park Ave S,6206,40.75414519263519,-73.9960889518261,40.74444921,-73.98303529,member
1091891,F6213CA21BF13316,electric_bike,2022-03-26 11:29:36,2022-03-26 11:36:53,W 35 St & 9 Ave,6569,E 30 St & Park Ave S,6206,40.75414519263519,-73.9960889518261,40.74444921,-73.98303529,member
1091908,C86D5078FC4EAF33,electric_bike,2022-03-10 14:15:05,2022-03-10 14:25:10,W 35 St & 9 Ave,6569,E 30 St & Park Ave S,6206,40.75414519263519,-73.9960889518261,40.74444921,-73.98303529,member
1091915,F9C8673F7FF509F9,electric_bike,2022-03-18 19:18:54,2022-03-18 19:30:55,W 35 St & 9 Ave,6569,W 54 St & 9 Ave,6920,40.75414519263519,-73.9960889518261,40.76584941,-73.98690506,casual
1092458,3E2FD29322CBA44A,classic_bike,2022-03-25 20:42:16,2022-03-25 20:55:02,W 35 St & 9 Ave,6569,W 54 St & 9 Ave,6920,40.75414519263519,-73.9960889518261,40.76584941,-73.98690506,member
1093159,CC6FC33E5561E028,electric_bike,2022-03-29 22:10:07,2022-03-29 22:17:10,W 35 St & Dyer Ave,6569,W 54 St & 9 Ave,6920,40.754691750226016,-73.99740189313889,40.76584941,-73.98690506,member
1093241,CDADD36D894BE322,electric_bike,2022-03-24 19:58:57,2022-03-24 20:08:38,W 35 St & 9 Ave,6569,W 54 St & 9 Ave,6920,40.75414519263519,-73.9960889518261,40.76584941,-73.98690506,member
1093280,870DC57D5A2F5D68,electric_bike,2022-03-20 18:22:29,2022-03-20 18:31:23,W 35 St & 9 Ave,6569,W 54 St & 9 Ave,6920,40.75414519263519,-73.9960889518261,40.76584941,-73.98690506,member
1093289,E4CE3A84F0EE6D8B,classic_bike,2022-03-24 17:26:21,2022-03-24 17:37:58,W 35 St & 9 Ave,6569,W 54 St & 9 Ave,6920,40.75414519263519,-73.9960889518261,40.76584941,-73.98690506,member
1093290,21E2C9736C22B19D,electric_bike,2022-03-11 19:05:10,2022-03-11 19:12:35,W 35 St & 9 Ave,6569,W 54 St & 9 Ave,6920,40.75414519263519,-73.9960889518261,40.76584941,-73.98690506,member
1093306,270A48FC0C4E895A,classic_bike,2022-03-14 17:33:14,2022-03-14 17:44:20,W 35 St & 9 Ave,6569,E 30 St & Park Ave S,6206,40.75414519263519,-73.9960889518261,40.74444921,-73.98303529,member
1093315,BE2862CE0379BE38,electric_bike,2022-03-09 06:56:08,2022-03-09 07:05:20,W 35 St & 9 Ave,6569,E 30 St & Park Ave S,6206,40.75414519263519,-73.9960889518261,40.74444921,-73.98303529,member
1094452,2E7E0DA4AE7E3007,electric_bike,2022-03-29 15:17:01,2022-03-29 15:28:00,W 35 St & 9 Ave,6569,W 54 St & 9 Ave,6920,40.75414519263519,-73.9960889518261,40.76584941,-73.98690506,casual
1094455,EDC0FD0DB5713760,classic_bike,2022-03-08 19:17:12,2022-03-08 19:29:19,W 35 St & 9 Ave,6569,E 30 St & Park Ave S,6206,40.75414519263519,-73.9960889518261,40.74444921,-73.98303529,casual
1099336,5E5E3B00805F294B,electric_bike,2022-03-18 16:57:02,2022-03-18 17:18:52,W 35 St & 9 Ave,6569,10 Ave & W 14 St,6157,40.75414519263519,-73.9960889518261,40.74198159994023,-74.00831580162048,casual
1100316,708FC53A9C949147,classic_bike,2022-03-15 07:48:27,2022-03-15 08:00:38,W 36 St & 9 Ave,6569,10 Ave & W 14 St,6157,40.75462324029105,-73.99516761302948,40.74198159994023,-74.00831580162048,member
1100335,BF1A57DF111EDFA5,electric_bike,2022-03-10 16:42:54,2022-03-10 16:58:21,W 36 St & 9 Ave,6569,E 51 St & Lexington Ave,6659,40.75462324029105,-73.99516761302948,40.75714758,-73.97207836,member
1100365,3E0DED0E6E11DDB7,electric_bike,2022-03-31 14:24:19,2022-03-31 14:34:28,W 36 St & 9 Ave,6569,10 Ave & W 14 St,6157,40.75462324029105,-73.99516761302948,40.74198159994023,-74.00831580162048,member
1100378,A481B980167189E2,classic_bike,2022-03-30 14:02:49,2022-03-30 14:13:02,W 36 St & 9 Ave,6569,10 Ave & W 14 St,6157,40.75462324029105,-73.99516761302948,40.74198159994023,-74.00831580162048,member
1100386,2EEC6EE73DFC8D23,electric_bike,2022-03-25 09:33:40,2022-03-25 09:41:58,W 36 St & 9 Ave,6569,10 Ave & W 14 St,6157,40.75462324029105,-73.99516761302948,40.74198159994023,-74.00831580162048,member
1100387,F06203AA66DEC83A,classic_bike,2022-03-20 11:53:44,2022-03-20 12:10:45,W 36 St & 9 Ave,6569,LaGuardia Pl & W 3 St,5721,40.75462324029105,-73.99516761302948,40.72917025,-73.99810231,member
1102860,1410A31B55126669,electric_bike,2022-03-13 10:46:01,2022-03-13 10:53:49,W 35 St & 9 Ave,6569,Amsterdam Ave & W 66 St,7149,40.75414519263519,-73.9960889518261,40.7746671,-73.98470567,member
1102864,0030B210606C9202,electric_bike,2022-03-22 21:19:10,2022-03-22 21:29:40,W 35 St & 9 Ave,6569,LaGuardia Pl & W 3 St,5721,40.75414519263519,-73.9960889518261,40.72917025,-73.99810231,member
1102873,A0F4C0DBCCE30A1B,classic_bike,2022-03-18 21:58:39,2022-03-18 22:14:09,W 35 St & 9 Ave,6569,10 Ave & W 14 St,6157,40.75414519263519,-73.9960889518261,40.74198159994023,-74.00831580162048,casual
1104302,B38FFACEF9E9ECDE,electric_bike,2022-03-01 19:30:21,2022-03-01 19:51:29,W 35 St & 9 Ave,6569,Clinton St & Grand St,5303,40.75414519263519,-73.9960889518261,40.71559509,-73.9870295,member
1104324,839A0D07F56FA098,electric_bike,2022-03-01 18:55:30,2022-03-01 19:05:42,W 35 St & 9 Ave,6569,Amsterdam Ave & W 66 St,7149,40.75414519263519,-73.9960889518261,40.7746671,-73.98470567,member
1106632,4D68F39EFB4E7B1C,classic_bike,2022-03-25 17:22:51,2022-03-25 17:38:55,W 35 St & Dyer Ave,6569,E 51 St & Lexington Ave,6659,40.754691750226016,-73.99740189313889,40.75714758,-73.97207836,casual
1107634,6C1F0416E3C4A2A3,classic_bike,2022-03-28 16:04:47,2022-03-28 16:23:23,W 35 St & Dyer Ave,6569,LaGuardia Pl & W 3 St,5721,40.754691750226016,-73.99740189313889,40.72917025,-73.99810231,member
1108769,47136E702BA69C78,classic_bike,2022-03-14 18:23:38,2022-03-14 18:35:50,W 35 St & 9 Ave,6569,Amsterdam Ave & W 66 St,7149,40.75414519263519,-73.9960889518261,40.7746671,-73.98470567,member
1108782,E79788DEA8C66A08,classic_bike,2022-03-06 17:00:34,2022-03-06 17:23:57,W 35 St & 9 Ave,6569,E 65 St & 2 Ave,6860,40.75414519263519,-73.9960889518261,40.76471851944339,-73.96222069859505,member
1108785,3603DE9B6A47ECAD,electric_bike,2022-03-28 13:29:57,2022-03-28 13:51:35,W 35 St & 9 Ave,6569,E 51 St & Lexington Ave,6659,40.75414519263519,-73.9960889518261,40.75714758,-73.97207836,member
1108959,7DC5337F82667581,classic_bike,2022-03-31 17:51:33,2022-03-31 18:11:27,W 35 St & 9 Ave,6569,10 Ave & W 14 St,6157,40.75414519263519,-73.9960889518261,40.74198159994023,-74.00831580162048,member
1109573,D2E4EB51CAD251ED,electric_bike,2022-03-11 12:24:53,2022-03-11 13:10:36,W 36 St & 9 Ave,6569,E 65 St & 2 Ave,6860,40.75462324029105,-73.99516761302948,40.76471851944339,-73.96222069859505,member
1109594,39CA88C37ECC0501,classic_bike,2022-03-25 12:00:06,2022-03-25 12:14:54,W 36 St & 9 Ave,6569,10 Ave & W 14 St,6157,40.75462324029105,-73.99516761302948,40.74198159994023,-74.00831580162048,casual
1109602,561A17B95BA82BAF,classic_bike,2022-03-07 11:36:47,2022-03-07 12:11:55,W 36 St & 9 Ave,6569,Clinton St & Grand St,5303,40.75462324029105,-73.99516761302948,40.71559509,-73.9870295,member
1109605,B351371609542835,classic_bike,2022-03-07 08:23:07,2022-03-07 08:38:54,W 36 St & 9 Ave,6569,LaGuardia Pl & W 3 St,5721,40.75462324029105,-73.99516761302948,40.72917025,-73.99810231,member
1112598,3C050C3A535601A5,classic_bike,2022-03-20 11:34:52,2022-03-20 11:45:21,W 35 St & Dyer Ave,6569,Amsterdam Ave & W 66 St,7149,40.754691750226016,-73.99740189313889,40.7746671,-73.98470567,member
1114715,4BA96175D5765B8B,classic_bike,2022-03-25 12:00:19,2022-03-25 12:14:52,W 36 St & 9 Ave,6569,10 Ave & W 14 St,6157,40.75462324029105,-73.99516761302948,40.74198159994023,-74.00831580162048,casual
1114844,093B3CD5A7B62346,classic_bike,2022-03-16 17:54:11,2022-03-16 18:06:11,W 35 St & 9 Ave,6569,Amsterdam Ave & W 66 St,7149,40.75414519263519,-73.9960889518261,40.7746671,-73.98470567,member
1114867,839231E0B6C0752F,classic_bike,2022-03-02 17:39:33,2022-03-02 17:52:36,W 35 St & 9 Ave,6569,Amsterdam Ave & W 66 St,7149,40.75414519263519,-73.9960889518261,40.7746671,-73.98470567,member
1114874,E88B81238BD589A0,classic_bike,2022-03-17 17:58:19,2022-03-17 18:31:30,W 35 St & 9 Ave,6569,Clinton St & Grand St,5303,40.75414519263519,-73.9960889518261,40.71559509,-73.9870295,member
1114897,5E0E1F9FE2DD51F6,electric_bike,2022-03-18 22:00:30,2022-03-18 22:13:02,W 35 St & 9 Ave,6569,10 Ave & W 14 St,6157,40.75414519263519,-73.9960889518261,40.74198159994023,-74.00831580162048,casual
1114944,7F897F629E85F7B1,classic_bike,2022-03-18 21:58:42,2022-03-18 22:13:10,W 35 St & 9 Ave,6569,10 Ave & W 14 St,6157,40.75414519263519,-73.9960889518261,40.74198159994023,-74.00831580162048,casual
1115237,CE54625832151170,electric_bike,2022-03-05 17:49:00,2022-03-05 17:56:24,W 36 St & 9 Ave,6569,10 Ave & W 14 St,6157,40.75462324029105,-73.99516761302948,40.74198159994023,-74.00831580162048,member
1116383,7762C39EB8088FE5,electric_bike,2022-03-29 18:11:23,2022-03-29 18:21:11,W 35 St & 9 Ave,6569,10 Ave & W 14 St,6157,40.75414519263519,-73.9960889518261,40.74198159994023,-74.00831580162048,member
1116387,A81BA7432A89BA02,classic_bike,2022-03-22 10:16:33,2022-03-22 10:33:09,W 35 St & 9 Ave,6569,LaGuardia Pl & W 3 St,5721,40.75414519263519,-73.9960889518261,40.72917025,-73.99810231,member
1116395,5E0F3D9C70D2A8B3,electric_bike,2022-03-11 17:43:35,2022-03-11 17:51:51,W 35 St & 9 Ave,6569,10 Ave & W 14 St,6157,40.75414519263519,-73.9960889518261,40.74198159994023,-74.00831580162048,casual
1116426,171173904DEF4673,classic_bike,2022-03-18 16:55:33,2022-03-18 17:17:13,W 35 St & 9 Ave,6569,10 Ave & W 14 St,6157,40.75414519263519,-73.9960889518261,40.74198159994023,-74.00831580162048,casual
1118019,7EE610664CAA72C4,classic_bike,2022-03-29 14:40:34,2022-03-29 14:47:45,W 35 St & Dyer Ave,6569,W 46 St & 11 Ave,6795,40.754691750226016,-73.99740189313889,40.76341379,-73.99667444,member
1118215,30CB7D31DC7FE835,electric_bike,2022-03-30 12:12:10,2022-03-30 12:22:22,W 35 St & Dyer Ave,6569,W 46 St & 11 Ave,6795,40.754691750226016,-73.99740189313889,40.76341379,-73.99667444,member
1118352,0306A10FB1693694,classic_bike,2022-03-18 07:43:33,2022-03-18 07:49:02,W 36 St & 9 Ave,6569,W 18 St & 9 Ave,6190,40.75462324029105,-73.99516761302948,40.7435337324616,-74.00367558002472,member
1118353,22F1643406F770D0,electric_bike,2022-03-02 17:58:00,2022-03-02 18:05:30,W 36 St & 9 Ave,6569,W 25 St & 6 Ave,6215,40.75462324029105,-73.99516761302948,40.74395411,-73.99144871,member
1118835,994532B3887E1BDB,classic_bike,2022-03-17 07:46:55,2022-03-17 07:53:43,W 36 St & 9 Ave,6569,W 18 St & 9 Ave,6190,40.75462324029105,-73.99516761302948,40.7435337324616,-74.00367558002472,member
1118861,38AA97E361D8E3D2,electric_bike,2022-03-14 08:49:30,2022-03-14 08:55:13,W 36 St & 9 Ave,6569,W 25 St & 6 Ave,6215,40.75462324029105,-73.99516761302948,40.74395411,-73.99144871,member
1120485,FA05C8BD3BFF8942,electric_bike,2022-03-11 06:37:39,2022-03-11 06:42:02,W 35 St & Dyer Ave,6569,W 18 St & 9 Ave,6190,40.754691750226016,-73.99740189313889,40.7435337324616,-74.00367558002472,member
1120486,83EA7FC477EFB359,electric_bike,2022-03-01 06:15:17,2022-03-01 06:19:44,W 35 St & Dyer Ave,6569,W 18 St & 9 Ave,6190,40.754691750226016,-73.99740189313889,40.7435337324616,-74.00367558002472,member
1120488,0EC51CAE808454B2,classic_bike,2022-03-29 11:15:58,2022-03-29 11:22:19,W 35 St & Dyer Ave,6569,W 46 St & 11 Ave,6795,40.754691750226016,-73.99740189313889,40.76341379,-73.99667444,member
1123520,BCB280846FEFCADA,electric_bike,2022-03-03 15:14:49,2022-03-03 15:28:17,W 35 St & 9 Ave,6569,W 46 St & 11 Ave,6795,40.75414519263519,-73.9960889518261,40.76341379,-73.99667444,casual
1123526,7A12C2E449D5F29F,classic_bike,2022-03-11 07:15:57,2022-03-11 07:22:20,W 35 St & 9 Ave,6569,W 46 St & 11 Ave,6795,40.75414519263519,-73.9960889518261,40.76341379,-73.99667444,casual
1123528,019E05DC5E12079D,classic_bike,2022-03-24 11:43:35,2022-03-24 13:08:21,W 35 St & 9 Ave,6569,Clark St & Henry St,4789,40.75414519263519,-73.9960889518261,40.69760127,-73.99344559,casual
1123529,37A77FA6BE0D4FC2,electric_bike,2022-03-16 14:55:17,2022-03-16 15:01:17,W 35 St & 9 Ave,6569,W 46 St & 11 Ave,6795,40.75414519263519,-73.9960889518261,40.76341379,-73.99667444,casual
1123729,BB592CB8E648219D,electric_bike,2022-03-16 07:58:19,2022-03-16 08:07:21,W 36 St & 9 Ave,6569,W 25 St & 6 Ave,6215,40.75462324029105,-73.99516761302948,40.74395411,-73.99144871,member
1123732,94D0E74762C7CF16,electric_bike,2022-03-11 14:23:08,2022-03-11 14:30:21,W 36 St & 9 Ave,6569,W 46 St & 11 Ave,6795,40.75462324029105,-73.99516761302948,40.76341379,-73.99667444,casual
1123733,46094501C0DDE534,electric_bike,2022-03-22 16:42:01,2022-03-22 16:47:51,W 36 St & 9 Ave,6569,W 46 St & 11 Ave,6795,40.75462324029105,-73.99516761302948,40.76341379,-73.99667444,member
1123747,E7691A0A68CEC7CF,classic_bike,2022-03-05 15:02:16,2022-03-05 15:33:42,W 36 St & 9 Ave,6569,5 Ave & E 93 St,7372,40.75462324029105,-73.99516761302948,40.7857851,-73.957481,casual
1123749,9B714A9F32584E57,classic_bike,2022-03-03 12:24:48,2022-03-03 12:40:05,W 36 St & 9 Ave,6569,W 25 St & 6 Ave,6215,40.75462324029105,-73.99516761302948,40.74395411,-73.99144871,member
1123756,4D2CBC913905B0F4,classic_bike,2022-03-16 07:49:54,2022-03-16 07:55:46,W 36 St & 9 Ave,6569,W 18 St & 9 Ave,6190,40.75462324029105,-73.99516761302948,40.7435337324616,-74.00367558002472,member
1123761,6757CEDB66918C14,electric_bike,2022-03-20 16:21:39,2022-03-20 16:28:35,W 36 St & 9 Ave,6569,W 25 St & 6 Ave,6215,40.75462324029105,-73.99516761302948,40.74395411,-73.99144871,member
1123767,281B9966577A07EA,electric_bike,2022-03-26 11:01:34,2022-03-26 11:24:08,W 36 St & 9 Ave,6569,W 46 St & 11 Ave,6795,40.75462324029105,-73.99516761302948,40.76341379,-73.99667444,member
1123930,CE45D617F0569E2F,electric_bike,2022-03-31 06:45:35,2022-03-31 06:51:40,W 36 St & 9 Ave,6569,W 25 St & 6 Ave,6215,40.75462324029105,-73.99516761302948,40.74395411,-73.99144871,member
1124662,B4D340DD0091B436,electric_bike,2022-03-10 08:31:03,2022-03-10 08:37:12,W 36 St & 9 Ave,6569,W 25 St & 6 Ave,6215,40.75462324029105,-73.99516761302948,40.74395411,-73.99144871,member
1124663,A59251DB2E814666,classic_bike,2022-03-22 18:22:31,2022-03-22 18:28:32,W 36 St & 9 Ave,6569,W 25 St & 6 Ave,6215,40.75462324029105,-73.99516761302948,40.74395411,-73.99144871,member
1124664,679D96C713FF3B50,classic_bike,2022-03-08 18:19:13,2022-03-08 18:26:50,W 36 St & 9 Ave,6569,W 25 St & 6 Ave,6215,40.75462324029105,-73.99516761302948,40.74395411,-73.99144871,member
1125562,97774F3699B6EEAA,electric_bike,2022-03-24 07:53:23,2022-03-24 08:00:00,W 35 St & 9 Ave,6569,W 25 St & 6 Ave,6215,40.75414519263519,-73.9960889518261,40.74395411,-73.99144871,member
1125563,C682CA45058B7CAD,electric_bike,2022-03-01 08:55:28,2022-03-01 09:01:57,W 35 St & 9 Ave,6569,W 25 St & 6 Ave,6215,40.75414519263519,-73.9960889518261,40.74395411,-73.99144871,member
1125564,B0795C7140213311,electric_bike,2022-03-13 11:09:04,2022-03-13 11:15:01,W 35 St & 9 Ave,6569,W 25 St & 6 Ave,6215,40.75414519263519,-73.9960889518261,40.74395411,-73.99144871,member
1126698,1F2D2DB17125972D,electric_bike,2022-03-21 08:27:24,2022-03-21 08:32:44,W 35 St & 9 Ave,6569,W 25 St & 6 Ave,6215,40.75414519263519,-73.9960889518261,40.74395411,-73.99144871,member
1126703,6E7746C9E92DF05C,classic_bike,2022-03-15 06:13:59,2022-03-15 06:18:21,W 35 St & 9 Ave,6569,W 18 St & 9 Ave,6190,40.75414519263519,-73.9960889518261,40.7435337324616,-74.00367558002472,member
1126707,211E29ADF95AE048,electric_bike,2022-03-14 08:25:14,2022-03-14 08:31:05,W 35 St & 9 Ave,6569,W 25 St & 6 Ave,6215,40.75414519263519,-73.9960889518261,40.74395411,-73.99144871,member
1126715,E1D4ABEDB7436196,electric_bike,2022-03-27 11:03:54,2022-03-27 11:12:12,W 35 St & 9 Ave,6569,W 25 St & 6 Ave,6215,40.75414519263519,-73.9960889518261,40.74395411,-73.99144871,member
1126747,A470A6BDAE614D43,classic_bike,2022-03-05 18:03:13,2022-03-05 18:08:44,W 35 St & 9 Ave,6569,W 18 St & 9 Ave,6190,40.75414519263519,-73.9960889518261,40.7435337324616,-74.00367558002472,member
1126748,1736A31050A1B3D2,electric_bike,2022-03-22 07:20:50,2022-03-22 07:26:18,W 35 St & 9 Ave,6569,W 46 St & 11 Ave,6795,40.75414519263519,-73.9960889518261,40.76341379,-73.99667444,member
1126851,1FF536037ED009EC,classic_bike,2022-03-20 20:45:08,2022-03-20 20:57:06,W 35 St & Dyer Ave,6569,W 25 St & 6 Ave,6215,40.754691750226016,-73.99740189313889,40.74395411,-73.99144871,member
1126897,7BFB76C9ADBFE783,classic_bike,2022-03-27 17:21:22,2022-03-27 17:29:33,W 35 St & 9 Ave,6569,W 25 St & 6 Ave,6215,40.75414519263519,-73.9960889518261,40.74395411,-73.99144871,member
1126900,B8AC1A4B00932A61,electric_bike,2022-03-16 08:22:18,2022-03-16 08:28:21,W 35 St & 9 Ave,6569,W 25 St & 6 Ave,6215,40.75414519263519,-73.9960889518261,40.74395411,-73.99144871,member
1127071,40D0314835C776CC,classic_bike,2022-03-14 21:40:22,2022-03-14 21:46:48,W 36 St & 9 Ave,6569,W 18 St & 9 Ave,6190,40.75462324029105,-73.99516761302948,40.7435337324616,-74.00367558002472,member
1127074,C7097CE8A7029890,electric_bike,2022-03-11 23:19:33,2022-03-11 23:28:55,W 36 St & 9 Ave,6569,W 25 St & 6 Ave,6215,40.75462324029105,-73.99516761302948,40.74395411,-73.99144871,casual
1127075,FF9B25A7EBF4B7F5,classic_bike,2022-03-07 11:55:55,2022-03-07 12:01:45,W 36 St & 9 Ave,6569,W 18 St & 9 Ave,6190,40.75462324029105,-73.99516761302948,40.7435337324616,-74.00367558002472,member
1127077,53321F63CFBCC64F,classic_bike,2022-03-30 16:49:34,2022-03-30 16:58:26,W 36 St & 9 Ave,6569,W 46 St & 11 Ave,6795,40.75462324029105,-73.99516761302948,40.76341379,-73.99667444,member
1127078,5BDF7E1CA597243D,classic_bike,2022-03-07 07:53:51,2022-03-07 07:58:55,W 36 St & 9 Ave,6569,W 18 St & 9 Ave,6190,40.75462324029105,-73.99516761302948,40.7435337324616,-74.00367558002472,member
1127299,C5433CC90FDD143A,classic_bike,2022-03-18 17:21:22,2022-03-18 17:29:03,W 36 St & 9 Ave,6569,W 18 St & 9 Ave,6190,40.75462324029105,-73.99516761302948,40.7435337324616,-74.00367558002472,member
1127745,6E3337BBA34606FB,electric_bike,2022-03-25 17:53:47,2022-03-25 18:00:07,W 35 St & 9 Ave,6569,W 25 St & 6 Ave,6215,40.75414519263519,-73.9960889518261,40.74395411,-73.99144871,member
1127750,3F9043FA5657D4AD,electric_bike,2022-03-18 06:42:54,2022-03-18 06:46:47,W 35 St & 9 Ave,6569,W 18 St & 9 Ave,6190,40.75414519263519,-73.9960889518261,40.7435337324616,-74.00367558002472,member
1127802,4069FB09AF5ED48D,classic_bike,2022-03-15 16:28:35,2022-03-15 16:42:55,W 35 St & 9 Ave,6569,W 18 St & 9 Ave,6190,40.75414519263519,-73.9960889518261,40.7435337324616,-74.00367558002472,member
1127806,9C027086B7B306D4,electric_bike,2022-03-08 07:53:44,2022-03-08 08:00:01,W 35 St & 9 Ave,6569,W 25 St & 6 Ave,6215,40.75414519263519,-73.9960889518261,40.74395411,-73.99144871,member
1127807,D336C02353F92F92,electric_bike,2022-03-06 10:09:00,2022-03-06 10:14:55,W 35 St & 9 Ave,6569,W 25 St & 6 Ave,6215,40.75414519263519,-73.9960889518261,40.74395411,-73.99144871,member
1127834,D8326724FB73745A,classic_bike,2022-03-24 11:43:06,2022-03-24 13:08:14,W 35 St & 9 Ave,6569,Clark St & Henry St,4789,40.75414519263519,-73.9960889518261,40.69760127,-73.99344559,casual
1129325,F5238FC726225931,electric_bike,2022-03-25 11:41:20,2022-03-25 11:47:47,W 35 St & 9 Ave,6569,W 46 St & 11 Ave,6795,40.75414519263519,-73.9960889518261,40.76341379,-73.99667444,member
1129327,44D66EAC7EAF324B,classic_bike,2022-03-19 14:46:00,2022-03-19 14:54:10,W 35 St & 9 Ave,6569,W 25 St & 6 Ave,6215,40.75414519263519,-73.9960889518261,40.74395411,-73.99144871,member
1129349,F320D90BAD1F3719,classic_bike,2022-03-07 09:52:26,2022-03-07 10:02:13,W 35 St & 9 Ave,6569,W 25 St & 6 Ave,6215,40.75414519263519,-73.9960889518261,40.74395411,-73.99144871,casual
1129350,1675149EB80C8A7D,classic_bike,2022-03-31 18:21:59,2022-03-31 18:35:33,W 35 St & 9 Ave,6569,W 25 St & 6 Ave,6215,40.75414519263519,-73.9960889518261,40.74395411,-73.99144871,member
1129359,859C3D44C293F7E4,electric_bike,2022-03-25 08:03:40,2022-03-25 08:10:25,W 35 St & 9 Ave,6569,W 25 St & 6 Ave,6215,40.75414519263519,-73.9960889518261,40.74395411,-73.99144871,member
1129360,807E44B4ABF156D5,classic_bike,2022-03-04 08:10:11,2022-03-04 08:18:19,W 35 St & 9 Ave,6569,W 25 St & 6 Ave,6215,40.75414519263519,-73.9960889518261,40.74395411,-73.99144871,member
1129362,D5BB71979439CF66,electric_bike,2022-03-20 11:07:52,2022-03-20 11:13:14,W 35 St & 9 Ave,6569,W 25 St & 6 Ave,6215,40.75414519263519,-73.9960889518261,40.74395411,-73.99144871,member
1129551,83A8C42BB701A3D8,electric_bike,2022-03-07 07:24:27,2022-03-07 07:29:38,W 35 St & 9 Ave,6569,W 25 St & 6 Ave,6215,40.75414519263519,-73.9960889518261,40.74395411,-73.99144871,member
1129591,0F302B67F249E753,electric_bike,2022-03-03 07:51:48,2022-03-03 07:58:33,W 35 St & 9 Ave,6569,W 25 St & 6 Ave,6215,40.75414519263519,-73.9960889518261,40.74395411,-73.99144871,member
1129648,832C8B95E2A7426A,classic_bike,2022-03-09 07:17:17,2022-03-09 07:24:53,W 35 St & 9 Ave,6569,W 25 St & 6 Ave,6215,40.75414519263519,-73.9960889518261,40.74395411,-73.99144871,member
1130823,FF4D39715F298C9F,classic_bike,2022-03-06 12:55:52,2022-03-06 13:04:02,W 35 St & Dyer Ave,6569,W 25 St & 6 Ave,6215,40.754691750226016,-73.99740189313889,40.74395411,-73.99144871,member
1131591,4CCFFC6A81F27DD9,electric_bike,2022-03-20 15:52:21,2022-03-20 15:58:32,W 35 St & 9 Ave,6569,W 25 St & 6 Ave,6215,40.75414519263519,-73.9960889518261,40.74395411,-73.99144871,member
1131603,8A1C28FFE63659B1,classic_bike,2022-03-07 14:32:09,2022-03-07 14:38:45,W 35 St & 9 Ave,6569,W 46 St & 11 Ave,6795,40.75414519263519,-73.9960889518261,40.76341379,-73.99667444,member
1131626,1DCAAE3E451E793D,electric_bike,2022-03-29 08:56:40,2022-03-29 09:02:58,W 35 St & 9 Ave,6569,W 25 St & 6 Ave,6215,40.75414519263519,-73.9960889518261,40.74395411,-73.99144871,member
1131850,E0F299E18E1B4999,electric_bike,2022-03-05 22:32:52,2022-03-05 22:46:30,W 36 St & 9 Ave,6569,W 25 St & 6 Ave,6215,40.75462324029105,-73.99516761302948,40.74395411,-73.99144871,casual
1132391,D5E771D9AC318D14,classic_bike,2022-03-17 23:33:07,2022-03-17 23:43:43,W 35 St & 9 Ave,6569,W 46 St & 11 Ave,6795,40.75414519263519,-73.9960889518261,40.76341379,-73.99667444,member
1132418,39F393856FB123EF,classic_bike,2022-03-15 08:37:27,2022-03-15 08:42:41,W 35 St & 9 Ave,6569,W 18 St & 9 Ave,6190,40.75414519263519,-73.9960889518261,40.7435337324616,-74.00367558002472,member
1132419,ADAB742CDDCA00BD,electric_bike,2022-03-08 06:17:26,2022-03-08 06:21:20,W 35 St & 9 Ave,6569,W 18 St & 9 Ave,6190,40.75414519263519,-73.9960889518261,40.7435337324616,-74.00367558002472,member
1132883,3FB59C371E9377C9,classic_bike,2022-03-21 17:42:08,2022-03-21 18:18:31,W 35 St & 9 Ave,6569,Clark St & Henry St,4789,40.75414519263519,-73.9960889518261,40.69760127,-73.99344559,member
1132893,632E6B836BAA7AAC,electric_bike,2022-03-25 11:17:13,2022-03-25 11:22:42,W 35 St & 9 Ave,6569,W 18 St & 9 Ave,6190,40.75414519263519,-73.9960889518261,40.7435337324616,-74.00367558002472,member
1132903,EF3A806815727F29,electric_bike,2022-03-30 06:20:27,2022-03-30 06:27:00,W 35 St & 9 Ave,6569,W 25 St & 6 Ave,6215,40.75414519263519,-73.9960889518261,40.74395411,-73.99144871,member
1132904,0CEA56774307D2DE,electric_bike,2022-03-11 08:14:33,2022-03-11 08:20:47,W 35 St & 9 Ave,6569,W 25 St & 6 Ave,6215,40.75414519263519,-73.9960889518261,40.74395411,-73.99144871,member
1132906,72DB52FE1B8E993C,classic_bike,2022-03-23 08:14:19,2022-03-23 08:21:15,W 35 St & 9 Ave,6569,W 25 St & 6 Ave,6215,40.75414519263519,-73.9960889518261,40.74395411,-73.99144871,member
1132914,7D6C4F1E984AED91,classic_bike,2022-03-21 17:22:02,2022-03-21 17:32:29,W 35 St & 9 Ave,6569,W 25 St & 6 Ave,6215,40.75414519263519,-73.9960889518261,40.74395411,-73.99144871,member
1132927,446FCFB62F44C566,classic_bike,2022-03-10 07:17:30,2022-03-10 07:26:47,W 35 St & 9 Ave,6569,W 46 St & 11 Ave,6795,40.75414519263519,-73.9960889518261,40.76341379,-73.99667444,casual
1133450,131B53409B921B1D,electric_bike,2022-03-25 06:42:39,2022-03-25 06:46:36,W 35 St & 9 Ave,6569,W 18 St & 9 Ave,6190,40.75414519263519,-73.9960889518261,40.7435337324616,-74.00367558002472,member
1133744,265ECB471776CA70,electric_bike,2022-03-18 09:17:45,2022-03-18 09:26:27,W 35 St & Dyer Ave,6569,E 33 St & 5 Ave,6322,40.754691750226016,-73.99740189313889,40.74765947,-73.98490707,member
1133778,933075159D42C2A4,classic_bike,2022-03-11 15:56:41,2022-03-11 16:03:25,W 35 St & Dyer Ave,6569,E 33 St & 5 Ave,6322,40.754691750226016,-73.99740189313889,40.74765947,-73.98490707,member
1134929,320D49C31A6BCBED,classic_bike,2022-03-24 09:08:51,2022-03-24 10:12:35,W 35 St & Dyer Ave,6569,E 33 St & 5 Ave,6322,40.754691750226016,-73.99740189313889,40.74765947,-73.98490707,member
1134930,160F44E56720E525,electric_bike,2022-03-15 08:52:11,2022-03-15 08:59:07,W 35 St & Dyer Ave,6569,E 33 St & 5 Ave,6322,40.754691750226016,-73.99740189313889,40.74765947,-73.98490707,member
1134935,CAD6507EB58F95F5,classic_bike,2022-03-23 08:08:50,2022-03-23 08:19:25,W 35 St & Dyer Ave,6569,E 33 St & 5 Ave,6322,40.754691750226016,-73.99740189313889,40.74765947,-73.98490707,member
1135478,E054FC3EA3B36315,electric_bike,2022-03-04 21:11:05,2022-03-04 21:18:02,W 36 St & 9 Ave,6569,E 33 St & 5 Ave,6322,40.75462324029105,-73.99516761302948,40.74765947,-73.98490707,casual
1135479,014F1A423338F06C,electric_bike,2022-03-16 19:08:57,2022-03-16 19:13:22,W 36 St & 9 Ave,6569,E 33 St & 5 Ave,6322,40.75462324029105,-73.99516761302948,40.74765947,-73.98490707,member
1135483,45E23F07C64F8B9B,electric_bike,2022-03-15 18:03:37,2022-03-15 18:09:40,W 36 St & 9 Ave,6569,E 33 St & 5 Ave,6322,40.75462324029105,-73.99516761302948,40.74765947,-73.98490707,casual
1136465,F30381EC9B29BC1C,electric_bike,2022-03-10 18:28:09,2022-03-10 18:33:29,W 35 St & Dyer Ave,6569,E 33 St & 5 Ave,6322,40.754691750226016,-73.99740189313889,40.74765947,-73.98490707,member
1136479,E1C5DE7DD30CC315,electric_bike,2022-03-29 19:04:55,2022-03-29 19:10:28,W 35 St & Dyer Ave,6569,E 33 St & 5 Ave,6322,40.754691750226016,-73.99740189313889,40.74765947,-73.98490707,member
1136493,66BC45395585F32E,electric_bike,2022-03-18 16:26:51,2022-03-18 16:33:19,W 35 St & Dyer Ave,6569,E 33 St & 5 Ave,6322,40.754691750226016,-73.99740189313889,40.74765947,-73.98490707,member
1136504,553FCA09CAFE5DC7,classic_bike,2022-03-15 18:49:50,2022-03-15 19:00:44,W 35 St & Dyer Ave,6569,E 33 St & 5 Ave,6322,40.754691750226016,-73.99740189313889,40.74765947,-73.98490707,member
1136517,923B9A236717B4CC,electric_bike,2022-03-22 17:00:12,2022-03-22 17:05:48,W 35 St & Dyer Ave,6569,E 33 St & 5 Ave,6322,40.754691750226016,-73.99740189313889,40.74765947,-73.98490707,member
1136518,5CA888AC29724EE9,classic_bike,2022-03-03 16:02:38,2022-03-03 16:10:34,W 35 St & Dyer Ave,6569,E 33 St & 5 Ave,6322,40.754691750226016,-73.99740189313889,40.74765947,-73.98490707,member
1136552,D19548052975686B,classic_bike,2022-03-04 16:36:09,2022-03-04 16:42:08,W 35 St & Dyer Ave,6569,E 33 St & 5 Ave,6322,40.754691750226016,-73.99740189313889,40.74765947,-73.98490707,member
1136568,A04E905A56CE5E83,electric_bike,2022-03-30 18:37:40,2022-03-30 18:43:24,W 35 St & Dyer Ave,6569,E 33 St & 5 Ave,6322,40.754691750226016,-73.99740189313889,40.74765947,-73.98490707,member
1136584,1A7E848EF75EA74C,classic_bike,2022-03-16 17:50:26,2022-03-16 17:58:51,W 35 St & Dyer Ave,6569,E 33 St & 5 Ave,6322,40.754691750226016,-73.99740189313889,40.74765947,-73.98490707,member
1136588,8CA7A738492B3A30,classic_bike,2022-03-07 16:21:13,2022-03-07 16:27:24,W 35 St & Dyer Ave,6569,E 33 St & 5 Ave,6322,40.754691750226016,-73.99740189313889,40.74765947,-73.98490707,casual
1136948,A7934FECEAC629E8,electric_bike,2022-03-24 17:23:57,2022-03-24 17:30:29,W 35 St & Dyer Ave,6569,E 33 St & 5 Ave,6322,40.754691750226016,-73.99740189313889,40.74765947,-73.98490707,member
1137196,82D81BD3C908BF7D,electric_bike,2022-03-30 17:11:20,2022-03-30 17:20:20,W 35 St & 9 Ave,6569,E 33 St & 5 Ave,6322,40.75414519263519,-73.9960889518261,40.74765947,-73.98490707,casual
1137197,A76ABAEDC15D5B9A,electric_bike,2022-03-09 12:09:05,2022-03-09 12:20:11,W 35 St & 9 Ave,6569,E 33 St & 5 Ave,6322,40.75414519263519,-73.9960889518261,40.74765947,-73.98490707,casual
1137203,F1A933CFB3377941,classic_bike,2022-03-25 11:55:24,2022-03-25 12:19:22,W 35 St & 9 Ave,6569,E 11 St & 3 Ave,5788,40.75414519263519,-73.9960889518261,40.73127,-73.98849,member
1137204,2F874196988560A5,electric_bike,2022-03-01 09:05:50,2022-03-01 09:13:39,W 35 St & 9 Ave,6569,E 33 St & 5 Ave,6322,40.75414519263519,-73.9960889518261,40.74765947,-73.98490707,member
1137766,6354A23722DC5565,classic_bike,2022-03-22 12:43:59,2022-03-22 12:50:29,W 35 St & 9 Ave,6569,E 33 St & 5 Ave,6322,40.75414519263519,-73.9960889518261,40.74765947,-73.98490707,member
1138021,0151A0AB4FBFD1F8,classic_bike,2022-03-16 22:13:40,2022-03-16 22:19:50,W 35 St & 9 Ave,6569,E 33 St & 5 Ave,6322,40.75414519263519,-73.9960889518261,40.74765947,-73.98490707,member
1139654,476E5ECAF625D097,classic_bike,2022-03-05 14:28:12,2022-03-05 14:40:44,W 36 St & 9 Ave,6569,E 33 St & 5 Ave,6322,40.75462324029105,-73.99516761302948,40.74765947,-73.98490707,member
1139655,AB7B70FBFA1C613A,electric_bike,2022-03-27 12:52:58,2022-03-27 13:06:09,W 36 St & 9 Ave,6569,E 33 St & 5 Ave,6322,40.75462324029105,-73.99516761302948,40.74765947,-73.98490707,member
1139689,E4059A9195E5C5B4,electric_bike,2022-03-14 19:55:29,2022-03-14 20:03:43,W 36 St & 9 Ave,6569,E 33 St & 5 Ave,6322,40.75462324029105,-73.99516761302948,40.74765947,-73.98490707,member
1140522,707BA0ECEC686857,electric_bike,2022-03-07 14:36:27,2022-03-07 14:47:43,W 36 St & 9 Ave,6569,E 33 St & 5 Ave,6322,40.75462324029105,-73.99516761302948,40.74765947,-73.98490707,member
1141175,96376D665FE268FC,electric_bike,2022-03-10 20:03:29,2022-03-10 20:24:54,W 35 St & 9 Ave,6569,E 11 St & 3 Ave,5788,40.75414519263519,-73.9960889518261,40.73127,-73.98849,member
1141178,17397F72B933A788,electric_bike,2022-03-14 09:05:55,2022-03-14 09:12:00,W 35 St & 9 Ave,6569,E 33 St & 5 Ave,6322,40.75414519263519,-73.9960889518261,40.74765947,-73.98490707,casual
1141181,3904EFEF16320E5C,electric_bike,2022-03-21 11:11:46,2022-03-21 11:16:04,W 35 St & 9 Ave,6569,E 33 St & 5 Ave,6322,40.75414519263519,-73.9960889518261,40.74765947,-73.98490707,member
1141185,8E2FD6DA6F78C553,classic_bike,2022-03-22 09:07:44,2022-03-22 09:13:39,W 35 St & 9 Ave,6569,E 33 St & 5 Ave,6322,40.75414519263519,-73.9960889518261,40.74765947,-73.98490707,casual
1141187,1C7DDEBA69A8E87D,classic_bike,2022-03-22 17:46:59,2022-03-22 17:56:07,W 35 St & 9 Ave,6569,E 33 St & 5 Ave,6322,40.75414519263519,-73.9960889518261,40.74765947,-73.98490707,member
1141193,A2BCCA5CD93AFBC9,classic_bike,2022-03-27 11:48:37,2022-03-27 11:55:25,W 35 St & 9 Ave,6569,E 33 St & 5 Ave,6322,40.75414519263519,-73.9960889518261,40.74765947,-73.98490707,member
1141195,23EF4B3BE26582A8,electric_bike,2022-03-15 08:54:39,2022-03-15 08:59:56,W 35 St & 9 Ave,6569,E 33 St & 5 Ave,6322,40.75414519263519,-73.9960889518261,40.74765947,-73.98490707,casual
1141199,1E572E036DAC2A35,classic_bike,2022-03-23 14:33:45,2022-03-23 14:42:04,W 35 St & 9 Ave,6569,E 33 St & 5 Ave,6322,40.75414519263519,-73.9960889518261,40.74765947,-73.98490707,casual
1141994,1D0AC6C685EBDC6E,classic_bike,2022-03-31 12:33:31,2022-03-31 12:54:48,W 35 St & 9 Ave,6569,E 11 St & 3 Ave,5788,40.75414519263519,-73.9960889518261,40.73127,-73.98849,member
1142838,5C7C12829ACA89E2,docked_bike,2022-03-30 13:40:22,2022-03-30 13:51:19,W 36 St & 9 Ave,6569,E 33 St & 5 Ave,6322,40.754623,-73.995168,40.747659,-73.984907,casual
1143412,0A273FF564D5657C,classic_bike,2022-03-14 18:41:22,2022-03-14 18:48:05,W 35 St & Dyer Ave,6569,E 33 St & 5 Ave,6322,40.754691750226016,-73.99740189313889,40.74765947,-73.98490707,member
1143424,38618D2A36FF5C4D,electric_bike,2022-03-13 09:51:29,2022-03-13 09:56:46,W 35 St & Dyer Ave,6569,E 33 St & 5 Ave,6322,40.754691750226016,-73.99740189313889,40.74765947,-73.98490707,member
1143425,395DFF0A92B178F6,classic_bike,2022-03-11 07:47:18,2022-03-11 07:52:53,W 35 St & Dyer Ave,6569,E 33 St & 5 Ave,6322,40.754691750226016,-73.99740189313889,40.74765947,-73.98490707,casual
1143900,ECCE94DE00D16FA1,electric_bike,2022-03-31 20:47:56,2022-03-31 20:54:43,W 35 St & Dyer Ave,6569,E 33 St & 5 Ave,6322,40.754691750226016,-73.99740189313889,40.74765947,-73.98490707,member
1143957,E0B0EC50C58E3125,electric_bike,2022-03-02 08:14:49,2022-03-02 08:21:09,W 35 St & Dyer Ave,6569,E 33 St & 5 Ave,6322,40.754691750226016,-73.99740189313889,40.74765947,-73.98490707,member
1144340,D5ACB4AF3EE06692,classic_bike,2022-03-08 08:44:01,2022-03-08 08:49:52,W 35 St & 9 Ave,6569,E 33 St & 5 Ave,6322,40.75414519263519,-73.9960889518261,40.74765947,-73.98490707,casual
1144349,2ADE78ACA8E3A1B0,classic_bike,2022-03-27 11:48:42,2022-03-27 11:55:50,W 35 St & 9 Ave,6569,E 33 St & 5 Ave,6322,40.75414519263519,-73.9960889518261,40.74765947,-73.98490707,casual
1144362,F923BDC56D4D62D9,classic_bike,2022-03-30 08:51:15,2022-03-30 08:59:22,W 35 St & 9 Ave,6569,E 33 St & 5 Ave,6322,40.75414519263519,-73.9960889518261,40.74765947,-73.98490707,member
1144384,C4DE354AEDD8FC74,classic_bike,2022-03-20 17:58:14,2022-03-20 18:14:08,W 35 St & 9 Ave,6569,E 33 St & 5 Ave,6322,40.75414519263519,-73.9960889518261,40.74765947,-73.98490707,member
1144387,9D275FB5B446461F,electric_bike,2022-03-01 17:24:49,2022-03-01 17:32:08,W 35 St & 9 Ave,6569,E 33 St & 5 Ave,6322,40.75414519263519,-73.9960889518261,40.74765947,-73.98490707,member
1145468,1C0018E4FC93D160,electric_bike,2022-03-18 17:07:08,2022-03-18 17:16:49,W 35 St & 9 Ave,6569,E 33 St & 5 Ave,6322,40.75414519263519,-73.9960889518261,40.74765947,-73.98490707,member
1145644,175199F81AED8292,electric_bike,2022-03-15 11:04:18,2022-03-15 11:14:21,W 35 St & 9 Ave,6569,E 33 St & 5 Ave,6322,40.75414519263519,-73.9960889518261,40.74765947,-73.98490707,casual
1145650,33983AA68F0FABED,electric_bike,2022-03-01 21:35:59,2022-03-01 21:40:37,W 35 St & 9 Ave,6569,E 33 St & 5 Ave,6322,40.75414519263519,-73.9960889518261,40.74765947,-73.98490707,member
1145666,33641615F2C57222,electric_bike,2022-03-15 14:56:29,2022-03-15 15:01:33,W 35 St & 9 Ave,6569,E 33 St & 5 Ave,6322,40.75414519263519,-73.9960889518261,40.74765947,-73.98490707,member
1146485,0F536CE8B0F67144,classic_bike,2022-03-27 13:50:53,2022-03-27 13:59:07,W 35 St & 9 Ave,6569,E 33 St & 5 Ave,6322,40.75414519263519,-73.9960889518261,40.74765947,-73.98490707,member
1146487,C8C3AFF533F0EA25,electric_bike,2022-03-24 19:08:02,2022-03-24 19:14:42,W 35 St & 9 Ave,6569,E 33 St & 5 Ave,6322,40.75414519263519,-73.9960889518261,40.74765947,-73.98490707,member
1146543,F19D4173FDF8F06E,electric_bike,2022-03-29 12:24:50,2022-03-29 12:34:19,W 35 St & 9 Ave,6569,E 33 St & 5 Ave,6322,40.75414519263519,-73.9960889518261,40.74765947,-73.98490707,member
1147125,1B313F0E932A6FEB,electric_bike,2022-03-17 09:30:28,2022-03-17 09:38:17,W 35 St & 9 Ave,6569,E 33 St & 5 Ave,6322,40.75414519263519,-73.9960889518261,40.74765947,-73.98490707,member
1147150,7D2F6521FC45B4D5,classic_bike,2022-03-31 18:41:41,2022-03-31 18:48:45,W 35 St & Dyer Ave,6569,W 45 St & 8 Ave,6676,40.754691750226016,-73.99740189313889,40.75929124,-73.98859651,member
1147757,AA087C45EE1C30B9,classic_bike,2022-03-16 09:00:50,2022-03-16 09:17:15,W 36 St & 9 Ave,6569,Lafayette St & Jersey St,5561,40.75462324029105,-73.99516761302948,40.72456089,-73.99565293,casual
1147762,4D59029875BD046A,classic_bike,2022-03-06 16:25:40,2022-03-06 16:37:45,W 36 St & 9 Ave,6569,W 4 St & 7 Ave S,5880,40.75462324029105,-73.99516761302948,40.73401143,-74.00293877,member
1147770,FB649D182AA26732,classic_bike,2022-03-08 21:09:44,2022-03-08 21:21:04,W 36 St & 9 Ave,6569,W 4 St & 7 Ave S,5880,40.75462324029105,-73.99516761302948,40.73401143,-74.00293877,member
1147773,45ECF964F4090AF0,classic_bike,2022-03-20 19:36:26,2022-03-20 20:05:31,W 36 St & 9 Ave,6569,E 84 St & 1 Ave,7180,40.75462324029105,-73.99516761302948,40.77565541,-73.95068615,member
1148009,B53AB7408BE77392,classic_bike,2022-03-23 17:32:42,2022-03-23 17:46:54,W 35 St & Dyer Ave,6569,W 4 St & 7 Ave S,5880,40.754691750226016,-73.99740189313889,40.73401143,-74.00293877,casual
1149046,E36EDD435500B5A9,docked_bike,2022-03-18 17:16:27,2022-03-18 17:24:15,W 36 St & 9 Ave,6569,W 45 St & 8 Ave,6676,40.754623,-73.995168,40.759291,-73.988597,casual
1149048,069508113FDC3269,electric_bike,2022-03-06 12:49:44,2022-03-06 12:59:43,W 36 St & 9 Ave,6569,W 4 St & 7 Ave S,5880,40.75462324029105,-73.99516761302948,40.73401143,-74.00293877,member
1150364,9C2DAE2F5C128F4E,classic_bike,2022-03-21 16:35:57,2022-03-21 16:41:55,W 35 St & Dyer Ave,6569,W 45 St & 8 Ave,6676,40.754691750226016,-73.99740189313889,40.75929124,-73.98859651,member
1150372,C4BBF5D1A18411FB,classic_bike,2022-03-14 20:16:09,2022-03-14 20:28:59,W 35 St & Dyer Ave,6569,W 4 St & 7 Ave S,5880,40.754691750226016,-73.99740189313889,40.73401143,-74.00293877,member
1152712,3DA6301C85F5DE9F,electric_bike,2022-03-05 20:05:48,2022-03-05 20:14:53,W 35 St & Dyer Ave,6569,W 4 St & 7 Ave S,5880,40.754691750226016,-73.99740189313889,40.73401143,-74.00293877,member
1152733,1C135FAAA620D873,electric_bike,2022-03-29 08:18:24,2022-03-29 08:28:03,W 35 St & Dyer Ave,6569,W 4 St & 7 Ave S,5880,40.754691750226016,-73.99740189313889,40.73401143,-74.00293877,member
1155745,911325AD70274574,classic_bike,2022-03-05 21:43:21,2022-03-05 21:57:51,W 35 St & Dyer Ave,6569,W 4 St & 7 Ave S,5880,40.754691750226016,-73.99740189313889,40.73401143,-74.00293877,member
1155803,740E58A085B53625,electric_bike,2022-03-22 09:23:58,2022-03-22 09:30:42,W 35 St & Dyer Ave,6569,W 45 St & 8 Ave,6676,40.754691750226016,-73.99740189313889,40.75929124,-73.98859651,member
1155808,2E527D8640039A36,classic_bike,2022-03-02 17:43:56,2022-03-02 18:19:08,W 35 St & Dyer Ave,6569,E 84 St & 1 Ave,7180,40.754691750226016,-73.99740189313889,40.77565541,-73.95068615,member
1155827,BBB8E4E483131A2F,classic_bike,2022-03-14 16:37:21,2022-03-14 16:43:48,W 35 St & Dyer Ave,6569,W 45 St & 8 Ave,6676,40.754691750226016,-73.99740189313889,40.75929124,-73.98859651,member
1155830,C90987AD4EF7D7FB,electric_bike,2022-03-21 19:39:54,2022-03-21 19:46:50,W 35 St & Dyer Ave,6569,W 45 St & 8 Ave,6676,40.754691750226016,-73.99740189313889,40.75929124,-73.98859651,member
1155832,34E06E7D2BE75074,electric_bike,2022-03-16 13:44:57,2022-03-16 13:51:46,W 35 St & Dyer Ave,6569,W 45 St & 8 Ave,6676,40.754691750226016,-73.99740189313889,40.75929124,-73.98859651,member
1155868,FAC5115FA006A0AE,classic_bike,2022-03-15 17:40:33,2022-03-15 18:17:22,W 35 St & Dyer Ave,6569,E 84 St & 1 Ave,7180,40.754691750226016,-73.99740189313889,40.77565541,-73.95068615,member
1155875,2D4B9AAB3CE64025,classic_bike,2022-03-31 18:41:43,2022-03-31 18:48:45,W 35 St & Dyer Ave,6569,W 45 St & 8 Ave,6676,40.754691750226016,-73.99740189313889,40.75929124,-73.98859651,member
1156200,138681C2B6EC6309,classic_bike,2022-03-21 17:42:13,2022-03-21 18:15:54,W 35 St & Dyer Ave,6569,E 84 St & 1 Ave,7180,40.754691750226016,-73.99740189313889,40.77565541,-73.95068615,member
1156203,CFB7A5CE8C43D9DE,classic_bike,2022-03-27 11:51:00,2022-03-27 12:06:42,W 35 St & Dyer Ave,6569,W 4 St & 7 Ave S,5880,40.754691750226016,-73.99740189313889,40.73401143,-74.00293877,member
1156269,E75122A88519E853,classic_bike,2022-03-10 14:21:34,2022-03-10 14:38:22,W 35 St & Dyer Ave,6569,W 4 St & 7 Ave S,5880,40.754691750226016,-73.99740189313889,40.73401143,-74.00293877,casual
1156942,0B18F2A8CAF809B1,classic_bike,2022-03-16 16:07:54,2022-03-16 16:14:29,W 36 St & 9 Ave,6569,W 45 St & 8 Ave,6676,40.75462324029105,-73.99516761302948,40.75929124,-73.98859651,member
1156962,AA3E8F8AB977F4FA,electric_bike,2022-03-10 10:23:53,2022-03-10 10:34:05,W 36 St & 9 Ave,6569,W 4 St & 7 Ave S,5880,40.75462324029105,-73.99516761302948,40.73401143,-74.00293877,member
1156963,3CB6CB233EF3A42C,classic_bike,2022-03-11 17:20:55,2022-03-11 17:36:17,W 36 St & 9 Ave,6569,W 4 St & 7 Ave S,5880,40.75462324029105,-73.99516761302948,40.73401143,-74.00293877,member
1156965,FCCFD7A6C25601A2,classic_bike,2022-03-27 20:24:25,2022-03-27 20:32:16,W 36 St & 9 Ave,6569,W 45 St & 8 Ave,6676,40.75462324029105,-73.99516761302948,40.75929124,-73.98859651,member
1156985,1A1A0A17409781DD,electric_bike,2022-03-13 12:57:43,2022-03-13 13:06:42,W 36 St & 9 Ave,6569,W 4 St & 7 Ave S,5880,40.75462324029105,-73.99516761302948,40.73401143,-74.00293877,member
1157030,676A416AF15F81D7,docked_bike,2022-03-18 17:16:26,2022-03-18 17:24:04,W 36 St & 9 Ave,6569,W 45 St & 8 Ave,6676,40.754623,-73.995168,40.759291,-73.988597,casual
1157037,E6C51635487AA16D,electric_bike,2022-03-26 12:55:03,2022-03-26 13:04:37,W 36 St & 9 Ave,6569,W 4 St & 7 Ave S,5880,40.75462324029105,-73.99516761302948,40.73401143,-74.00293877,casual
1157039,1241C27979BDD1B5,electric_bike,2022-03-24 11:41:23,2022-03-24 11:50:57,W 36 St & 9 Ave,6569,W 4 St & 7 Ave S,5880,40.75462324029105,-73.99516761302948,40.73401143,-74.00293877,casual
1157045,D310A551F58E875A,classic_bike,2022-03-24 13:09:25,2022-03-24 13:15:09,W 36 St & 9 Ave,6569,W 45 St & 8 Ave,6676,40.75462324029105,-73.99516761302948,40.75929124,-73.98859651,casual
1157066,FD3AB5FD70DB29C1,classic_bike,2022-03-16 15:19:42,2022-03-16 15:25:42,W 36 St & 9 Ave,6569,W 45 St & 8 Ave,6676,40.75462324029105,-73.99516761302948,40.75929124,-73.98859651,member
1157077,1F4B27D4206D708E,classic_bike,2022-03-11 17:37:00,2022-03-11 17:48:04,W 36 St & 9 Ave,6569,W 4 St & 7 Ave S,5880,40.75462324029105,-73.99516761302948,40.73401143,-74.00293877,member
1157557,BF8E6264F874A412,classic_bike,2022-03-18 16:41:56,2022-03-18 16:54:02,W 35 St & Dyer Ave,6569,W 4 St & 7 Ave S,5880,40.754691750226016,-73.99740189313889,40.73401143,-74.00293877,member
1158309,337F05840632C1AE,classic_bike,2022-03-25 10:30:34,2022-03-25 10:36:51,W 36 St & 9 Ave,6569,W 45 St & 8 Ave,6676,40.75462324029105,-73.99516761302948,40.75929124,-73.98859651,member
1158446,93E2054B577D4F51,classic_bike,2022-03-11 17:22:35,2022-03-11 17:36:24,W 36 St & 9 Ave,6569,W 4 St & 7 Ave S,5880,40.75462324029105,-73.99516761302948,40.73401143,-74.00293877,casual
1158524,BC58C54FC90DA202,electric_bike,2022-03-05 12:17:21,2022-03-05 12:26:21,W 36 St & 9 Ave,6569,W 4 St & 7 Ave S,5880,40.75462324029105,-73.99516761302948,40.73401143,-74.00293877,member
1170360,F8233AF46D0D4B17,classic_bike,2022-03-16 17:10:22,2022-03-16 17:22:14,W 35 St & 9 Ave,6569,W 4 St & 7 Ave S,5880,40.75414519263519,-73.9960889518261,40.73401143,-74.00293877,member
1170416,FBFD03C7EDE266CC,electric_bike,2022-03-07 16:30:51,2022-03-07 16:49:56,W 35 St & 9 Ave,6569,Lafayette St & Jersey St,5561,40.75414519263519,-73.9960889518261,40.72456089,-73.99565293,casual
1170514,070E36EA65EAA4D0,classic_bike,2022-03-18 16:41:32,2022-03-18 16:56:34,W 35 St & 9 Ave,6569,W 4 St & 7 Ave S,5880,40.75414519263519,-73.9960889518261,40.73401143,-74.00293877,member
1170535,D65B4D08D036BF10,classic_bike,2022-03-14 16:18:26,2022-03-14 16:23:20,W 35 St & 9 Ave,6569,W 45 St & 8 Ave,6676,40.75414519263519,-73.9960889518261,40.75929124,-73.98859651,member
1170538,C001C3D66D6AD0D7,classic_bike,2022-03-19 22:28:14,2022-03-19 22:34:13,W 35 St & 9 Ave,6569,W 45 St & 8 Ave,6676,40.75414519263519,-73.9960889518261,40.75929124,-73.98859651,member
1171770,DD1DF7B85AAB638E,classic_bike,2022-03-23 17:18:40,2022-03-23 17:24:30,W 35 St & 9 Ave,6569,W 45 St & 8 Ave,6676,40.75414519263519,-73.9960889518261,40.75929124,-73.98859651,member
1171840,E050245741F4C1D2,classic_bike,2022-03-23 16:14:11,2022-03-23 16:31:32,W 35 St & 9 Ave,6569,Lafayette St & Jersey St,5561,40.75414519263519,-73.9960889518261,40.72456089,-73.99565293,member
1172720,5B317354F22ABCA0,classic_bike,2022-03-19 20:46:06,2022-03-19 20:52:16,W 35 St & 9 Ave,6569,W 45 St & 8 Ave,6676,40.75414519263519,-73.9960889518261,40.75929124,-73.98859651,member
1172736,27198ACB30134A73,classic_bike,2022-03-16 17:27:07,2022-03-16 17:41:41,W 35 St & 9 Ave,6569,W 4 St & 7 Ave S,5880,40.75414519263519,-73.9960889518261,40.73401143,-74.00293877,member
1172766,1078BFB98FB9478A,classic_bike,2022-03-19 20:46:11,2022-03-19 20:52:07,W 35 St & 9 Ave,6569,W 45 St & 8 Ave,6676,40.75414519263519,-73.9960889518261,40.75929124,-73.98859651,member
1172788,B876276C0990E4FB,electric_bike,2022-03-30 12:22:28,2022-03-30 12:31:48,W 35 St & 9 Ave,6569,W 4 St & 7 Ave S,5880,40.75414519263519,-73.9960889518261,40.73401143,-74.00293877,member
1172887,654BD9B4FC29A565,electric_bike,2022-03-15 10:01:27,2022-03-15 10:06:32,W 35 St & 9 Ave,6569,W 45 St & 8 Ave,6676,40.75414519263519,-73.9960889518261,40.75929124,-73.98859651,member
1172916,BF3A7DF505C55662,classic_bike,2022-03-25 18:02:25,2022-03-25 18:08:29,W 35 St & 9 Ave,6569,W 45 St & 8 Ave,6676,40.75414519263519,-73.9960889518261,40.75929124,-73.98859651,member
1173624,F5234572B5232074,classic_bike,2022-03-21 18:16:49,2022-03-21 18:35:21,W 35 St & 9 Ave,6569,W 45 St & 8 Ave,6676,40.75414519263519,-73.9960889518261,40.75929124,-73.98859651,casual
1173631,47CA49E02B2DE63A,electric_bike,2022-03-31 13:27:12,2022-03-31 13:37:12,W 35 St & 9 Ave,6569,W 4 St & 7 Ave S,5880,40.75414519263519,-73.9960889518261,40.73401143,-74.00293877,member
1173822,7AB3301DDA8E2258,electric_bike,2022-03-21 14:14:58,2022-03-21 14:32:10,W 35 St & Dyer Ave,6569,Lafayette St & Jersey St,5561,40.754691750226016,-73.99740189313889,40.72456089,-73.99565293,casual
1173826,807230AB1BF9D015,classic_bike,2022-03-23 12:44:48,2022-03-23 12:51:51,W 35 St & Dyer Ave,6569,W 45 St & 8 Ave,6676,40.754691750226016,-73.99740189313889,40.75929124,-73.98859651,member
1174672,871DE7F01BA25C7C,classic_bike,2022-03-30 15:03:41,2022-03-30 15:20:45,W 35 St & 9 Ave,6569,Lafayette St & Jersey St,5561,40.75414519263519,-73.9960889518261,40.72456089,-73.99565293,member
1174713,10DF677227F10A97,electric_bike,2022-03-31 09:07:24,2022-03-31 09:22:53,W 35 St & 9 Ave,6569,Lafayette St & Jersey St,5561,40.75414519263519,-73.9960889518261,40.72456089,-73.99565293,member
1174750,F1FFEA64D6ACC8C9,classic_bike,2022-03-22 18:31:08,2022-03-22 18:47:26,Greene St & Prince St,5602,W 35 St & 9 Ave,6569,40.72511734422387,-73.99930492043495,40.75414519263519,-73.9960889518261,member
1174756,8AB5C0FF4A30D656,classic_bike,2022-03-02 08:49:11,2022-03-02 08:58:27,W 54 St & 11 Ave,6955,W 35 St & 9 Ave,6569,40.768333,-73.992573,40.75414519263519,-73.9960889518261,member
1174758,35C0742B98E2DCB8,classic_bike,2022-03-22 22:09:52,2022-03-22 22:22:42,W 54 St & 11 Ave,6955,W 35 St & 9 Ave,6569,40.768333,-73.992573,40.75414519263519,-73.9960889518261,member
1174760,CF5E48708A5386E5,classic_bike,2022-03-10 08:05:37,2022-03-10 08:16:01,Broadway & W 61 St,7014,W 35 St & 9 Ave,6569,40.77003010255044,-73.9819684624672,40.75414519263519,-73.9960889518261,member
1174774,83B6FEDF2F475AE9,classic_bike,2022-03-31 09:23:11,2022-03-31 09:45:02,Park Pl & Church St,5288,W 35 St & 9 Ave,6569,40.71334184275907,-74.00935515761375,40.75414519263519,-73.9960889518261,member
1174780,6C530A53EEA72200,electric_bike,2022-03-03 20:16:17,2022-03-03 20:18:38,8 Ave & W 38 St,6526,W 35 St & 9 Ave,6569,40.75461,-73.99177,40.75414519263519,-73.9960889518261,member
1174805,8894088FB10A308F,classic_bike,2022-03-15 08:48:28,2022-03-15 08:53:46,W 24 St & 7 Ave,6257,W 35 St & 9 Ave,6569,40.74487634,-73.99529885,40.75414519263519,-73.9960889518261,member
1174828,A4DEE9FBF91E5BD8,classic_bike,2022-03-08 11:39:19,2022-03-08 11:48:32,E 48 St & 5 Ave,6626,W 35 St & 9 Ave,6569,40.75724567911726,-73.97805914282799,40.75414519263519,-73.9960889518261,member
1174836,D3242CEA1F9485DB,classic_bike,2022-03-21 10:54:08,2022-03-21 11:03:58,W 48 St &  Rockefeller Plaza,6626,W 35 St & 9 Ave,6569,40.75776935448309,-73.97929430007935,40.75414519263519,-73.9960889518261,member
1174847,BC2648EFDA0CD617,classic_bike,2022-03-21 08:10:38,2022-03-21 08:20:07,W 54 St & 9 Ave,6920,W 35 St & 9 Ave,6569,40.76584941,-73.98690506,40.75414519263519,-73.9960889518261,member
1174888,EB67BABD78D939FD,classic_bike,2022-03-15 18:54:37,2022-03-15 19:04:10,W 54 St & 9 Ave,6920,W 35 St & 9 Ave,6569,40.76584941,-73.98690506,40.75414519263519,-73.9960889518261,casual
1174894,D5BFD397D1DD2B21,classic_bike,2022-03-07 19:28:06,2022-03-07 19:34:15,W 54 St & 9 Ave,6920,W 35 St & 9 Ave,6569,40.76584941,-73.98690506,40.75414519263519,-73.9960889518261,casual
1174900,85BC3F7847C3F13C,classic_bike,2022-03-22 12:17:18,2022-03-22 12:31:11,E 40 St & Park Ave,6432,W 35 St & 9 Ave,6569,40.750756,-73.978326,40.75414519263519,-73.9960889518261,member
1174908,CC9ABA0843CF2E7A,electric_bike,2022-03-10 09:02:33,2022-03-10 09:10:12,E 40 St & Park Ave,6432,W 35 St & 9 Ave,6569,40.750756,-73.978326,40.75414519263519,-73.9960889518261,member
1174909,43ECF333185820F1,classic_bike,2022-03-31 10:23:52,2022-03-31 10:35:04,E 40 St & Park Ave,6432,W 35 St & 9 Ave,6569,40.750756,-73.978326,40.75414519263519,-73.9960889518261,member
1174920,34FB341C0632FB6B,electric_bike,2022-03-22 10:55:29,2022-03-22 11:02:33,W 54 St & 9 Ave,6920,W 35 St & 9 Ave,6569,40.76584941,-73.98690506,40.75414519263519,-73.9960889518261,member
1174934,A8F2AAF8EFEB3815,classic_bike,2022-03-05 14:34:08,2022-03-05 14:37:04,8 Ave & W 33 St,6450,W 35 St & 9 Ave,6569,40.751551,-73.993934,40.75414519263519,-73.9960889518261,member
1174949,31D0CFF5D98CD97A,electric_bike,2022-03-02 09:51:46,2022-03-02 09:54:07,8 Ave & W 33 St,6450,W 35 St & 9 Ave,6569,40.751551,-73.993934,40.75414519263519,-73.9960889518261,member
1174950,EBDC657979858851,classic_bike,2022-03-04 19:52:26,2022-03-04 19:54:50,8 Ave & W 33 St,6450,W 35 St & 9 Ave,6569,40.751551,-73.993934,40.75414519263519,-73.9960889518261,member
1174951,231D3BB105C0D2B6,classic_bike,2022-03-04 19:59:55,2022-03-04 20:02:28,8 Ave & W 33 St,6450,W 35 St & 9 Ave,6569,40.751551,-73.993934,40.75414519263519,-73.9960889518261,member
1174952,50CA26C7C4545F37,classic_bike,2022-03-04 19:44:31,2022-03-04 19:47:12,8 Ave & W 33 St,6450,W 35 St & 9 Ave,6569,40.751551,-73.993934,40.75414519263519,-73.9960889518261,member
1174953,C9E495274426784C,classic_bike,2022-03-04 19:37:01,2022-03-04 19:39:28,8 Ave & W 33 St,6450,W 35 St & 9 Ave,6569,40.751551,-73.993934,40.75414519263519,-73.9960889518261,member
1174989,E4A1E718B96F9A93,classic_bike,2022-03-11 09:54:15,2022-03-11 09:56:25,8 Ave & W 33 St,6450,W 35 St & 9 Ave,6569,40.751551,-73.993934,40.75414519263519,-73.9960889518261,member
1174990,9FEE603A161787E7,classic_bike,2022-03-25 18:43:23,2022-03-25 18:46:11,8 Ave & W 33 St,6450,W 35 St & 9 Ave,6569,40.751551,-73.993934,40.75414519263519,-73.9960889518261,member
1174991,9451855BFFDF05F4,classic_bike,2022-03-07 17:08:55,2022-03-07 17:11:12,8 Ave & W 33 St,6450,W 35 St & 9 Ave,6569,40.751551,-73.993934,40.75414519263519,-73.9960889518261,member
1175011,BC44CCC41BC3A761,classic_bike,2022-03-04 09:17:29,2022-03-04 09:34:05,E 44 St & Lexington Ave,6464,W 35 St & 9 Ave,6569,40.752643,-73.974996,40.75414519263519,-73.9960889518261,casual
1175050,FD11B30B1247AC55,electric_bike,2022-03-08 09:45:26,2022-03-08 10:06:57,Henry St & Grand St,5294,W 35 St & 9 Ave,6569,40.714211,-73.981095,40.75414519263519,-73.9960889518261,member
1175057,7F2B70F909891233,classic_bike,2022-03-20 19:09:27,2022-03-20 19:14:56,W 43 St & 10 Ave,6756,W 35 St & 9 Ave,6569,40.76009437,-73.99461843,40.75414519263519,-73.9960889518261,member
1175062,6E1B4C505496A325,classic_bike,2022-03-19 20:43:07,2022-03-19 20:47:26,W 43 St & 10 Ave,6756,W 35 St & 9 Ave,6569,40.76009437,-73.99461843,40.75414519263519,-73.9960889518261,member
1175068,4C3E5D02934687A6,classic_bike,2022-03-18 15:10:21,2022-03-18 15:20:19,W 26 St & 10 Ave,6382,W 35 St & 9 Ave,6569,40.749717753,-74.002950346,40.75414519263519,-73.9960889518261,casual
1175075,6923A00318802FF8,classic_bike,2022-03-31 21:53:07,2022-03-31 21:58:38,W 43 St & 10 Ave,6756,W 35 St & 9 Ave,6569,40.76009437,-73.99461843,40.75414519263519,-73.9960889518261,member
1175087,6A9AB5C322A12DC0,electric_bike,2022-03-31 10:16:54,2022-03-31 10:31:48,1 Ave & E 16 St,5779,W 35 St & 9 Ave,6569,40.73221853,-73.98165557,40.75414519263519,-73.9960889518261,member
1175094,4276FBF00704B605,classic_bike,2022-03-10 23:14:19,2022-03-10 23:21:58,8 Ave & W 16 St,6072,W 35 St & 9 Ave,6569,40.740983,-74.001702,40.75414519263519,-73.9960889518261,member
1175115,36725B8290B47A04,classic_bike,2022-03-18 11:47:59,2022-03-18 11:57:54,8 Ave & W 16 St,6072,W 35 St & 9 Ave,6569,40.740983,-74.001702,40.75414519263519,-73.9960889518261,member
1175125,D91D760FD23C1001,electric_bike,2022-03-22 10:47:20,2022-03-22 11:01:11,1 Ave & E 16 St,5779,W 35 St & 9 Ave,6569,40.73221853,-73.98165557,40.75414519263519,-73.9960889518261,member
1175186,2481BC06B659538A,electric_bike,2022-03-22 14:25:43,2022-03-22 14:45:47,Central Park W & W 103 St,7577,W 35 St & 9 Ave,6569,40.79558954105342,-73.96188408136368,40.75414519263519,-73.9960889518261,member
1175197,55191CA83BD79BA5,classic_bike,2022-03-17 08:32:11,2022-03-17 08:50:32,Cooper Square & Astor Pl,5712,W 35 St & 9 Ave,6569,40.72951496224949,-73.99075269699097,40.75414519263519,-73.9960889518261,member
1175209,75EFE5B510BA95C6,classic_bike,2022-03-03 08:07:34,2022-03-03 08:29:39,Cooper Square & Astor Pl,5712,W 35 St & 9 Ave,6569,40.72951496224949,-73.99075269699097,40.75414519263519,-73.9960889518261,member
1175234,AF2D66FF79A894CA,classic_bike,2022-03-15 06:56:18,2022-03-15 06:59:13,8 Ave & W 33 St,6450,W 35 St & 9 Ave,6569,40.751551,-73.993934,40.75414519263519,-73.9960889518261,casual
1175251,FAB4F332C148F6DD,electric_bike,2022-03-31 17:54:33,2022-03-31 18:07:31,Grand Army Plaza & Central Park S,6839,W 35 St & 9 Ave,6569,40.7643971,-73.97371465,40.75414519263519,-73.9960889518261,member
1175254,35B79883E2CE6B48,classic_bike,2022-03-24 08:20:17,2022-03-24 08:41:49,Cooper Square & Astor Pl,5712,W 35 St & 9 Ave,6569,40.72951496224949,-73.99075269699097,40.75414519263519,-73.9960889518261,member
1175260,5F2B4182AF8CF885,classic_bike,2022-03-21 08:37:57,2022-03-21 08:44:29,W 50 St & 10 Ave,6890,W 35 St & 9 Ave,6569,40.76473420006519,-73.99194359779358,40.75414519263519,-73.9960889518261,member
1175270,39CBFCA69922CF98,electric_bike,2022-03-18 17:38:45,2022-03-18 17:40:26,8 Ave & W 33 St,6450,W 35 St & 9 Ave,6569,40.751551,-73.993934,40.75414519263519,-73.9960889518261,member
1175271,E6240545DF325D18,electric_bike,2022-03-03 08:53:46,2022-03-03 09:38:21,Fulton St & Waverly Ave,4345,W 35 St & 9 Ave,6569,40.68323865460341,-73.96599590778351,40.75414519263519,-73.9960889518261,member
1175298,D369F0678E44CB13,classic_bike,2022-03-10 17:11:49,2022-03-10 17:18:49,W 44 St & 5 Ave,6551,W 35 St & 9 Ave,6569,40.75500254,-73.98014437,40.75414519263519,-73.9960889518261,member
1175312,C026D3CD2F4A5CA5,electric_bike,2022-03-24 17:03:23,2022-03-24 17:33:35,Crescent St & 34 Ave,6759,W 35 St & 9 Ave,6569,40.76108,-73.930562,40.75414519263519,-73.9960889518261,member
1175340,3D6DBD9797618619,classic_bike,2022-03-11 16:20:49,2022-03-11 16:34:18,W 18 St & 6 Ave,6064,W 35 St & 9 Ave,6569,40.73971301,-73.99456405,40.75414519263519,-73.9960889518261,member
1175341,4822006E4F4F7D32,classic_bike,2022-03-31 08:41:52,2022-03-31 09:00:11,Cooper Square & Astor Pl,5712,W 35 St & 9 Ave,6569,40.72951496224949,-73.99075269699097,40.75414519263519,-73.9960889518261,member
1175349,A72AA7E3F829B584,electric_bike,2022-03-14 09:50:09,2022-03-14 10:01:23,Central Park S & 6 Ave,6876,W 35 St & 9 Ave,6569,40.76590936,-73.97634151,40.75414519263519,-73.9960889518261,member
1175359,C0EEAC7C39193A31,electric_bike,2022-03-08 10:16:43,2022-03-08 10:32:54,Rivington St & Chrystie St,5453,W 35 St & 9 Ave,6569,40.72110063,-73.9919254,40.75414519263519,-73.9960889518261,member
1175365,345D2A020E362166,classic_bike,2022-03-18 17:39:32,2022-03-18 17:50:38,Broadway & E 21 St,6098,W 35 St & 9 Ave,6569,40.73988840858996,-73.98958593606949,40.75414519263519,-73.9960889518261,member
1175369,6502CA06A78C9D2D,electric_bike,2022-03-19 15:30:37,2022-03-19 15:45:56,W 55 St & 6 Ave,6809,W 35 St & 9 Ave,6569,40.763189,-73.978434,40.75414519263519,-73.9960889518261,member
1175371,E5B0E07FB6A0441B,electric_bike,2022-03-02 11:44:39,2022-03-02 11:55:33,W 18 St & 6 Ave,6064,W 35 St & 9 Ave,6569,40.73971301,-73.99456405,40.75414519263519,-73.9960889518261,member
1175382,F2F6E04EF23AB5FE,electric_bike,2022-03-22 11:20:35,2022-03-22 11:28:19,Broadway & E 21 St,6098,W 35 St & 9 Ave,6569,40.73988840858996,-73.98958593606949,40.75414519263519,-73.9960889518261,member
1175389,F56D0694AD771CE2,electric_bike,2022-03-08 13:13:26,2022-03-08 13:21:45,5 Ave & E 29 St,6248,W 35 St & 9 Ave,6569,40.7451677,-73.98683077,40.75414519263519,-73.9960889518261,member
1175403,EC31A9A2BE479D8B,classic_bike,2022-03-14 18:29:07,2022-03-14 18:35:11,W 44 St & 5 Ave,6551,W 35 St & 9 Ave,6569,40.75500254,-73.98014437,40.75414519263519,-73.9960889518261,member
1175406,7C3F60B899F78EBD,classic_bike,2022-03-17 17:03:50,2022-03-17 17:22:15,W 13 St & 5 Ave,5947,W 35 St & 9 Ave,6569,40.735445,-73.99431,40.75414519263519,-73.9960889518261,member
1175432,ECFBF1DAF78339A3,electric_bike,2022-03-21 09:50:33,2022-03-21 10:09:23,Broadway & W 58 St,6948,W 35 St & 9 Ave,6569,40.76695317,-73.98169333,40.75414519263519,-73.9960889518261,member
1175433,4D75D510F818F406,classic_bike,2022-03-14 12:54:27,2022-03-14 13:08:32,Broadway & W 58 St,6948,W 35 St & 9 Ave,6569,40.76695317,-73.98169333,40.75414519263519,-73.9960889518261,member
1175444,6CCC8DCF63489792,classic_bike,2022-03-14 17:03:28,2022-03-14 17:20:38,W 13 St & 5 Ave,5947,W 35 St & 9 Ave,6569,40.735445,-73.99431,40.75414519263519,-73.9960889518261,member
1175446,A5F000C213E75C11,classic_bike,2022-03-08 18:31:23,2022-03-08 18:38:28,W 44 St & 5 Ave,6551,W 35 St & 9 Ave,6569,40.75500254,-73.98014437,40.75414519263519,-73.9960889518261,member
1175447,0212D634FE049EBC,classic_bike,2022-03-23 18:26:04,2022-03-23 18:32:18,W 44 St & 5 Ave,6551,W 35 St & 9 Ave,6569,40.75500254,-73.98014437,40.75414519263519,-73.9960889518261,member
1175454,7B13320D38DC1640,classic_bike,2022-03-21 18:05:08,2022-03-21 18:11:12,W 44 St & 5 Ave,6551,W 35 St & 9 Ave,6569,40.75500254,-73.98014437,40.75414519263519,-73.9960889518261,member
1175480,BFF39C32E05B4687,electric_bike,2022-03-28 18:44:44,2022-03-28 18:54:58,Broadway & E 21 St,6098,W 35 St & 9 Ave,6569,40.73988840858996,-73.98958593606949,40.75414519263519,-73.9960889518261,member
1175483,F7FFD9FF1E7802F8,classic_bike,2022-03-06 14:28:03,2022-03-06 14:32:36,9 Ave & W 45 St,6717,W 35 St & 9 Ave,6569,40.76019252,-73.9912551,40.75414519263519,-73.9960889518261,member
1175485,455D1D2763F65048,classic_bike,2022-03-16 17:48:48,2022-03-16 17:53:57,9 Ave & W 45 St,6717,W 35 St & 9 Ave,6569,40.76019252,-73.9912551,40.75414519263519,-73.9960889518261,member
1175493,0BE27BC12FAEF933,classic_bike,2022-03-20 13:44:54,2022-03-20 14:03:15,Broadway & W 58 St,6948,W 35 St & 9 Ave,6569,40.76695317,-73.98169333,40.75414519263519,-73.9960889518261,casual
1175496,170B78A170677D6B,classic_bike,2022-03-03 08:41:01,2022-03-03 08:44:33,9 Ave & W 45 St,6717,W 35 St & 9 Ave,6569,40.76019252,-73.9912551,40.75414519263519,-73.9960889518261,member
1175507,C2F6C54D43CC017B,classic_bike,2022-03-14 14:49:17,2022-03-14 14:51:53,8 Ave & W 33 St,6450,W 35 St & 9 Ave,6569,40.751551,-73.993934,40.75414519263519,-73.9960889518261,member
1175508,787BB100D1F05767,classic_bike,2022-03-03 17:43:28,2022-03-03 17:46:11,8 Ave & W 33 St,6450,W 35 St & 9 Ave,6569,40.751551,-73.993934,40.75414519263519,-73.9960889518261,member
1175511,3779EED42269BA9D,classic_bike,2022-03-31 17:27:34,2022-03-31 17:29:21,8 Ave & W 33 St,6450,W 35 St & 9 Ave,6569,40.751551,-73.993934,40.75414519263519,-73.9960889518261,member
1175512,1A0945C439530636,classic_bike,2022-03-31 16:55:55,2022-03-31 16:58:04,8 Ave & W 33 St,6450,W 35 St & 9 Ave,6569,40.751551,-73.993934,40.75414519263519,-73.9960889518261,member
1175513,9131A1423DBC5006,classic_bike,2022-03-31 17:11:26,2022-03-31 17:13:29,8 Ave & W 33 St,6450,W 35 St & 9 Ave,6569,40.751551,-73.993934,40.75414519263519,-73.9960889518261,member
1175514,018EF99114202B77,classic_bike,2022-03-31 17:01:18,2022-03-31 17:03:13,8 Ave & W 33 St,6450,W 35 St & 9 Ave,6569,40.751551,-73.993934,40.75414519263519,-73.9960889518261,member
1175515,5DE7F0207BD9ECA5,classic_bike,2022-03-31 17:06:23,2022-03-31 17:08:15,8 Ave & W 33 St,6450,W 35 St & 9 Ave,6569,40.751551,-73.993934,40.75414519263519,-73.9960889518261,member
1175516,278FD71CB8BFE766,classic_bike,2022-03-31 17:22:35,2022-03-31 17:24:28,8 Ave & W 33 St,6450,W 35 St & 9 Ave,6569,40.751551,-73.993934,40.75414519263519,-73.9960889518261,member
1175517,8D54382E1974EEB9,classic_bike,2022-03-31 16:51:07,2022-03-31 16:52:59,8 Ave & W 33 St,6450,W 35 St & 9 Ave,6569,40.751551,-73.993934,40.75414519263519,-73.9960889518261,member
1175518,E4C9C13D8AED4078,classic_bike,2022-03-31 17:17:24,2022-03-31 17:19:22,8 Ave & W 33 St,6450,W 35 St & 9 Ave,6569,40.751551,-73.993934,40.75414519263519,-73.9960889518261,member
1175537,C15D72D7B4EBBE91,classic_bike,2022-03-18 10:49:58,2022-03-18 10:56:04,9 Ave & W 45 St,6717,W 35 St & 9 Ave,6569,40.76019252,-73.9912551,40.75414519263519,-73.9960889518261,member
1175538,2C19346C9F555C1D,electric_bike,2022-03-21 09:13:13,2022-03-21 09:44:12,Union Ave & Wallabout St,4818,W 35 St & 9 Ave,6569,40.70029511,-73.95032283,40.75414519263519,-73.9960889518261,member
1175540,5D5BA23FE54B86C3,electric_bike,2022-03-01 14:51:35,2022-03-01 15:02:33,E 58 St & Madison Ave,6839,W 35 St & 9 Ave,6569,40.76302594280519,-73.97209525108337,40.75414519263519,-73.9960889518261,member
1175543,5D71D66A08A745A6,classic_bike,2022-03-29 14:04:07,2022-03-29 14:11:55,9 Ave & W 45 St,6717,W 35 St & 9 Ave,6569,40.76019252,-73.9912551,40.75414519263519,-73.9960889518261,member
1175544,EBD3DA3977E44B6E,electric_bike,2022-03-16 16:01:54,2022-03-16 16:09:50,Broadway & W 58 St,6948,W 35 St & 9 Ave,6569,40.76695317,-73.98169333,40.75414519263519,-73.9960889518261,member
1175550,E3EC6017DD908A74,classic_bike,2022-03-18 23:42:20,2022-03-18 23:58:14,W 56 St & 10 Ave,6955,W 35 St & 9 Ave,6569,40.768254,-73.988639,40.75414519263519,-73.9960889518261,member
1175551,72BDE1A7A0D32E07,classic_bike,2022-03-16 13:19:13,2022-03-16 13:21:14,W 37 St & 10 Ave,6611,W 35 St & 9 Ave,6569,40.75660359,-73.9979009,40.75414519263519,-73.9960889518261,member
1175556,08ADA4ECD87B20EE,classic_bike,2022-03-10 17:49:08,2022-03-10 18:08:41,E 58 St & Madison Ave,6839,W 35 St & 9 Ave,6569,40.76302594280519,-73.97209525108337,40.75414519263519,-73.9960889518261,member
1175557,6A5561CEFC2D0AC6,electric_bike,2022-03-14 09:15:05,2022-03-14 09:46:06,Union Ave & Wallabout St,4818,W 35 St & 9 Ave,6569,40.70029511,-73.95032283,40.75414519263519,-73.9960889518261,member
1175562,C66E7DA901EB4B51,classic_bike,2022-03-25 22:26:50,2022-03-25 22:33:47,W 37 St & 10 Ave,6611,W 35 St & 9 Ave,6569,40.75660359,-73.9979009,40.75414519263519,-73.9960889518261,member
1175608,D0FBADA3B637D1FE,classic_bike,2022-03-22 09:58:21,2022-03-22 10:02:37,W 30 St & 8 Ave,6373,W 35 St & 9 Ave,6569,40.74965268472847,-73.9952078461647,40.75414519263519,-73.9960889518261,member
1175614,E64E6AE23AE48F29,classic_bike,2022-03-25 17:24:37,2022-03-25 17:26:25,8 Ave & W 33 St,6450,W 35 St & 9 Ave,6569,40.751551,-73.993934,40.75414519263519,-73.9960889518261,member
1175615,8A4ED2D91589412F,classic_bike,2022-03-25 17:32:02,2022-03-25 17:33:52,8 Ave & W 33 St,6450,W 35 St & 9 Ave,6569,40.751551,-73.993934,40.75414519263519,-73.9960889518261,member
1175647,42EA8709FD3802DE,electric_bike,2022-03-17 17:34:30,2022-03-17 17:59:28,Stanton St & Chrystie St,5523,W 35 St & 9 Ave,6569,40.72229346,-73.99147535,40.75414519263519,-73.9960889518261,member
1175670,C0C37478D468C4E8,classic_bike,2022-03-15 17:19:42,2022-03-15 17:30:54,Washington St & Gansevoort St,6039,W 35 St & 9 Ave,6569,40.739323,-74.008119,40.75414519263519,-73.9960889518261,member
1175686,44FE20F8DBA2A625,classic_bike,2022-03-06 12:23:54,2022-03-06 13:00:03,E 1 St & 1 Ave,5593,W 35 St & 9 Ave,6569,40.72335597960796,-73.98864984512329,40.75414519263519,-73.9960889518261,member
1175759,9555ED1F9BE25921,classic_bike,2022-03-22 18:09:13,2022-03-22 18:24:45,E 51 St & Lexington Ave,6659,W 35 St & 9 Ave,6569,40.75714758,-73.97207836,40.75414519263519,-73.9960889518261,member
1175786,AA5AAF51BFF340A0,electric_bike,2022-03-01 18:25:02,2022-03-01 18:28:18,10 Ave & W 28 St,6459,W 35 St & 9 Ave,6569,40.75066386,-74.00176802,40.75414519263519,-73.9960889518261,member
1175788,354B160A417C60B1,electric_bike,2022-03-31 09:55:59,2022-03-31 09:59:48,10 Ave & W 28 St,6459,W 35 St & 9 Ave,6569,40.75066386,-74.00176802,40.75414519263519,-73.9960889518261,member
1175840,8E1E103EE8468963,electric_bike,2022-03-31 08:43:41,2022-03-31 08:48:24,10 Ave & W 28 St,6459,W 35 St & 9 Ave,6569,40.75066386,-74.00176802,40.75414519263519,-73.9960889518261,member
1175866,6F63740D029985D0,electric_bike,2022-03-21 10:03:56,2022-03-21 10:08:52,10 Ave & W 28 St,6459,W 35 St & 9 Ave,6569,40.75066386,-74.00176802,40.75414519263519,-73.9960889518261,member
1175867,187355DC269F1D97,electric_bike,2022-03-28 13:14:51,2022-03-28 13:17:51,10 Ave & W 28 St,6459,W 35 St & 9 Ave,6569,40.75066386,-74.00176802,40.75414519263519,-73.9960889518261,member
1175868,0D0FAF9D8C6BB69E,classic_bike,2022-03-02 09:24:23,2022-03-02 09:28:37,10 Ave & W 28 St,6459,W 35 St & 9 Ave,6569,40.75066386,-74.00176802,40.75414519263519,-73.9960889518261,member
1175876,C16EEED6732B8B39,classic_bike,2022-03-14 12:55:43,2022-03-14 13:14:42,7 Ave S & Bleecker St,5805,W 35 St & 9 Ave,6569,40.73213896287381,-74.00363802909851,40.75414519263519,-73.9960889518261,member
1175884,8A483C1ACA774ACD,classic_bike,2022-03-06 18:32:41,2022-03-06 18:54:36,W Broadway & W Houston St,5644,W 35 St & 9 Ave,6569,40.726378,-74.000472,40.75414519263519,-73.9960889518261,member
1175887,8C76C57925E4C763,classic_bike,2022-03-16 17:10:54,2022-03-16 17:16:04,10 Ave & W 28 St,6459,W 35 St & 9 Ave,6569,40.75066386,-74.00176802,40.75414519263519,-73.9960889518261,member
1175891,C30ABE862D456A16,classic_bike,2022-03-27 13:24:44,2022-03-27 13:45:24,Hudson St & Reade St,5359,W 35 St & 9 Ave,6569,40.71625008,-74.0091059,40.75414519263519,-73.9960889518261,member
1175906,4BDE965F2DBADE46,classic_bike,2022-03-28 16:52:57,2022-03-28 16:58:48,W 35 St & 9 Ave,6569,W 45 St & 8 Ave,6676,40.75414519263519,-73.9960889518261,40.75929124,-73.98859651,member
1176049,F69B64AFCFE1FA4D,electric_bike,2022-03-16 00:05:19,2022-03-16 00:13:00,E 33 St & 1 Ave,6197,W 35 St & 9 Ave,6569,40.74322681432173,-73.97449783980846,40.75414519263519,-73.9960889518261,member
1176055,E1B57CDD1C244F40,classic_bike,2022-03-06 14:54:26,2022-03-06 15:03:37,W 20 St & 7 Ave,6182,W 35 St & 9 Ave,6569,40.74238787,-73.99726235,40.75414519263519,-73.9960889518261,member
1176072,0CADE26687112F11,classic_bike,2022-03-10 09:23:52,2022-03-10 09:34:24,W 20 St & 7 Ave,6182,W 35 St & 9 Ave,6569,40.74238787,-73.99726235,40.75414519263519,-73.9960889518261,member
1176138,A1C9A260D264335A,classic_bike,2022-03-13 23:42:09,2022-03-13 23:53:20,W 4 St & 7 Ave S,5880,W 35 St & 9 Ave,6569,40.73401143,-74.00293877,40.75414519263519,-73.9960889518261,member
1176155,D8A460CF32D8D25F,electric_bike,2022-03-03 16:10:41,2022-03-03 16:22:14,W 4 St & 7 Ave S,5880,W 35 St & 9 Ave,6569,40.73401143,-74.00293877,40.75414519263519,-73.9960889518261,member
1176157,BEE803037FA4B1E6,classic_bike,2022-03-20 10:56:36,2022-03-20 11:07:04,Broadway & W 58 St,6948,W 35 St & 9 Ave,6569,40.76695317,-73.98169333,40.75414519263519,-73.9960889518261,member
1176205,C795B025E0853642,classic_bike,2022-03-14 16:51:27,2022-03-14 16:56:31,W 45 St & 8 Ave,6676,W 35 St & 9 Ave,6569,40.75929124,-73.98859651,40.75414519263519,-73.9960889518261,member
1176229,D7D10EE218638006,classic_bike,2022-03-21 08:44:24,2022-03-21 08:56:34,W 56 St & 10 Ave,6955,W 35 St & 9 Ave,6569,40.768254,-73.988639,40.75414519263519,-73.9960889518261,casual
1176252,12F45DBF0E291016,electric_bike,2022-03-01 10:33:33,2022-03-01 10:42:07,Broadway & E 21 St,6098,W 35 St & 9 Ave,6569,40.73988840858996,-73.98958593606949,40.75414519263519,-73.9960889518261,member
1176274,A089FED9258DE3FA,classic_bike,2022-03-30 09:30:26,2022-03-30 09:44:52,West End Ave & W 60 St,7059,W 35 St & 9 Ave,6569,40.77237,-73.99005,40.75414519263519,-73.9960889518261,member
1176289,69A2C1EC5C61EF48,classic_bike,2022-03-07 14:16:09,2022-03-07 14:28:01,Lexington Ave & E 24 St,6089,W 35 St & 9 Ave,6569,40.74025878,-73.98409214,40.75414519263519,-73.9960889518261,member
1176295,32506ACE24614312,classic_bike,2022-03-27 12:27:57,2022-03-27 12:40:42,Lexington Ave & E 24 St,6089,W 35 St & 9 Ave,6569,40.74025878,-73.98409214,40.75414519263519,-73.9960889518261,casual
1176311,16893F2BC2B38DFC,electric_bike,2022-03-11 10:06:16,2022-03-11 10:20:38,FDR Drive & E 35 St,6230,W 35 St & 9 Ave,6569,40.744219,-73.97121214,40.75414519263519,-73.9960889518261,casual
1176320,AAF94C9D1DAD58AC,electric_bike,2022-03-31 08:42:15,2022-03-31 08:47:44,W 20 St & 8 Ave,6224,W 35 St & 9 Ave,6569,40.74345335,-74.00004031,40.75414519263519,-73.9960889518261,casual
1176323,2D36F395379F86AC,electric_bike,2022-03-16 18:35:56,2022-03-16 18:45:51,Perry St & Bleecker St,5922,W 35 St & 9 Ave,6569,40.73535398,-74.00483091,40.75414519263519,-73.9960889518261,member
1176328,87E1D0B23C6B84FF,electric_bike,2022-03-13 22:37:13,2022-03-13 22:47:34,Perry St & Bleecker St,5922,W 35 St & 9 Ave,6569,40.73535398,-74.00483091,40.75414519263519,-73.9960889518261,member
1176329,2EB844F464761C1D,classic_bike,2022-03-25 07:15:06,2022-03-25 07:20:38,E 40 St & 5 Ave,6474,W 35 St & 9 Ave,6569,40.752062307,-73.9816324043,40.75414519263519,-73.9960889518261,member
1176335,E224B5CBE95D7E61,electric_bike,2022-03-30 20:56:30,2022-03-30 21:08:57,E 20 St & 2 Ave,5971,W 35 St & 9 Ave,6569,40.73587678,-73.98205027,40.75414519263519,-73.9960889518261,member
1176336,B1F96F726FF386D1,electric_bike,2022-03-04 14:13:20,2022-03-04 14:22:03,FDR Drive & E 35 St,6230,W 35 St & 9 Ave,6569,40.744219,-73.97121214,40.75414519263519,-73.9960889518261,casual
1176340,D4E1899965C9FB5E,classic_bike,2022-03-01 07:55:07,2022-03-01 08:00:06,W 36 St & 9 Ave,6569,9 Ave & W 22 St,6266,40.75462324029105,-73.99516761302948,40.7454973,-74.00197139,member
1176347,E5505487EAA78A9C,classic_bike,2022-03-30 14:05:40,2022-03-30 14:13:08,9 Ave & W 45 St,6717,W 35 St & 9 Ave,6569,40.76019252,-73.9912551,40.75414519263519,-73.9960889518261,member
1176352,2BA298924F59A2C8,classic_bike,2022-03-11 21:22:06,2022-03-11 21:27:50,W 36 St & 9 Ave,6569,9 Ave & W 22 St,6266,40.75462324029105,-73.99516761302948,40.7454973,-74.00197139,member
1176368,8695A22B4D2863AB,classic_bike,2022-03-26 17:11:06,2022-03-26 17:17:37,W 36 St & 9 Ave,6569,9 Ave & W 22 St,6266,40.75462324029105,-73.99516761302948,40.7454973,-74.00197139,member
1176369,C0B822C073AF8E77,electric_bike,2022-03-21 00:27:28,2022-03-21 00:28:30,W 36 St & 9 Ave,6569,W 35 St & 9 Ave,6569,40.75462324029105,-73.99516761302948,40.75414519263519,-73.9960889518261,member
1176370,94EA4D58EC9EDA5C,classic_bike,2022-03-25 13:41:38,2022-03-25 13:52:00,Broadway & W 29 St,6289,W 35 St & 9 Ave,6569,40.7462009,-73.98855723,40.75414519263519,-73.9960889518261,member
1176371,39F93107515AE157,classic_bike,2022-03-05 15:25:37,2022-03-05 15:31:55,W 36 St & 9 Ave,6569,9 Ave & W 22 St,6266,40.75462324029105,-73.99516761302948,40.7454973,-74.00197139,member
1176380,23A46D3BD914D1DB,electric_bike,2022-03-31 10:33:38,2022-03-31 10:43:43,W 13 St & 5 Ave,5947,W 35 St & 9 Ave,6569,40.735445,-73.99431,40.75414519263519,-73.9960889518261,member
1176392,53A3C7394A47CCCD,electric_bike,2022-03-24 16:05:54,2022-03-24 16:29:10,W 36 St & 9 Ave,6569,9 Ave & W 22 St,6266,40.75462324029105,-73.99516761302948,40.7454973,-74.00197139,member
1176393,E9CCEABF287BDC3D,electric_bike,2022-03-23 10:39:44,2022-03-23 10:44:52,W 36 St & 9 Ave,6569,9 Ave & W 22 St,6266,40.75462324029105,-73.99516761302948,40.7454973,-74.00197139,member
1176396,222CD2C6ACF43D23,classic_bike,2022-03-26 07:56:55,2022-03-26 08:02:48,W 36 St & 9 Ave,6569,9 Ave & W 22 St,6266,40.75462324029105,-73.99516761302948,40.7454973,-74.00197139,member
1176402,2E9A2A158E09E38F,electric_bike,2022-03-21 11:37:08,2022-03-21 11:40:49,W 36 St & 9 Ave,6569,9 Ave & W 22 St,6266,40.75462324029105,-73.99516761302948,40.7454973,-74.00197139,member
1176403,97F8EF27F37CBEE3,electric_bike,2022-03-07 09:00:01,2022-03-07 09:01:26,W 36 St & 9 Ave,6569,W 35 St & 9 Ave,6569,40.75462324029105,-73.99516761302948,40.75414519263519,-73.9960889518261,member
1176412,44E12EFB02DB792F,electric_bike,2022-03-21 18:33:18,2022-03-21 18:48:42,W 36 St & 9 Ave,6569,E 67 St & Park Ave,6932,40.75462324029105,-73.99516761302948,40.76780080148132,-73.96592080593109,member
1176413,CDBEA177039C0ECC,classic_bike,2022-03-15 14:43:04,2022-03-15 14:57:04,W 36 St & 9 Ave,6569,W 15 St & 7 Ave,6030,40.75462324029105,-73.99516761302948,40.73935542,-73.99931783,member
1176414,E4A4D208CC9A96B3,classic_bike,2022-03-23 12:47:18,2022-03-23 12:52:56,W 36 St & 9 Ave,6569,9 Ave & W 22 St,6266,40.75462324029105,-73.99516761302948,40.7454973,-74.00197139,member
1176416,E9ACDDBD47A5542D,classic_bike,2022-03-01 14:59:04,2022-03-01 15:04:09,W 36 St & 9 Ave,6569,9 Ave & W 22 St,6266,40.75462324029105,-73.99516761302948,40.7454973,-74.00197139,member
1176417,8BE0C752EBB443E4,classic_bike,2022-03-31 14:12:38,2022-03-31 14:20:07,W 36 St & 9 Ave,6569,9 Ave & W 22 St,6266,40.75462324029105,-73.99516761302948,40.7454973,-74.00197139,member
1176420,7785C661F0E2E96D,electric_bike,2022-03-22 11:59:47,2022-03-22 12:05:09,W 36 St & 9 Ave,6569,9 Ave & W 22 St,6266,40.75462324029105,-73.99516761302948,40.7454973,-74.00197139,casual
1176442,2F648F7F44152388,electric_bike,2022-03-06 12:25:39,2022-03-06 12:47:02,1 Ave & E 62 St,6753,W 35 St & 9 Ave,6569,40.7612274,-73.96094022,40.75414519263519,-73.9960889518261,member
1176445,677055711E684B56,classic_bike,2022-03-23 19:27:50,2022-03-23 19:42:51,E 53 St & Lexington Ave,6617,W 35 St & 9 Ave,6569,40.75828065,-73.97069431,40.75414519263519,-73.9960889518261,member
1176457,003A3A1C2A619897,electric_bike,2022-03-05 00:32:56,2022-03-05 00:37:14,E 33 St & 5 Ave,6322,W 35 St & 9 Ave,6569,40.74765947,-73.98490707,40.75414519263519,-73.9960889518261,member
1176458,888DB7D5B958E24A,electric_bike,2022-03-20 12:18:58,2022-03-20 12:37:47,E 33 St & 5 Ave,6322,W 35 St & 9 Ave,6569,40.74765947,-73.98490707,40.75414519263519,-73.9960889518261,casual
1176470,086D5D74DCED724D,electric_bike,2022-03-15 09:20:17,2022-03-15 09:26:19,E 33 St & 5 Ave,6322,W 35 St & 9 Ave,6569,40.74765947,-73.98490707,40.75414519263519,-73.9960889518261,member
1176473,0383B574D027E078,electric_bike,2022-03-24 14:54:44,2022-03-24 15:02:55,E 33 St & 5 Ave,6322,W 35 St & 9 Ave,6569,40.74765947,-73.98490707,40.75414519263519,-73.9960889518261,member
1176483,98EF8F3C0777C40B,classic_bike,2022-03-29 09:52:26,2022-03-29 09:58:43,E 33 St & 5 Ave,6322,W 35 St & 9 Ave,6569,40.74765947,-73.98490707,40.75414519263519,-73.9960889518261,member
1176510,60C966FAD6943D8E,electric_bike,2022-03-28 09:03:00,2022-03-28 09:22:43,Allen St & Stanton St,5484,W 35 St & 9 Ave,6569,40.722055,-73.989111,40.75414519263519,-73.9960889518261,casual
1176515,40F83CC0EE49ECBC,classic_bike,2022-03-11 09:54:03,2022-03-11 10:13:21,3 Ave & E 62 St,6762,W 35 St & 9 Ave,6569,40.76312584,-73.96526895,40.75414519263519,-73.9960889518261,member
1176574,A72B6715BAEA6239,electric_bike,2022-03-18 14:32:07,2022-03-18 14:38:28,W 37 St & 5 Ave,6398,W 35 St & 9 Ave,6569,40.75038009,-73.98338988,40.75414519263519,-73.9960889518261,member
1176595,89B321E90E215E77,electric_bike,2022-03-15 16:54:53,2022-03-15 17:19:31,Grand St & Elizabeth St,5382,W 35 St & 9 Ave,6569,40.718822,-73.99596,40.75414519263519,-73.9960889518261,casual
1176619,228BB64F8A409EA9,electric_bike,2022-03-23 17:32:22,2022-03-23 17:36:39,W 34 St &\tHudson Blvd E,6535,W 35 St & 9 Ave,6569,40.75516719072139,-74.00059908628464,40.75414519263519,-73.9960889518261,casual
1176621,6F4D6EACA970927C,electric_bike,2022-03-29 17:18:17,2022-03-29 17:20:54,W 34 St &\tHudson Blvd E,6535,W 35 St & 9 Ave,6569,40.75516719072139,-74.00059908628464,40.75414519263519,-73.9960889518261,casual
1176644,085C903030BBF2A1,classic_bike,2022-03-30 14:34:26,2022-03-30 14:36:48,W 34 St &\tHudson Blvd E,6535,W 35 St & 9 Ave,6569,40.75516719072139,-74.00059908628464,40.75414519263519,-73.9960889518261,member
1176645,C7C6774B6B1D4FFB,electric_bike,2022-03-25 09:33:00,2022-03-25 09:39:46,W 34 St &\tHudson Blvd E,6535,W 35 St & 9 Ave,6569,40.75516719072139,-74.00059908628464,40.75414519263519,-73.9960889518261,member
1176654,4CF7A8D4A1BF7325,classic_bike,2022-03-27 14:19:08,2022-03-27 14:24:00,W 34 St &\tHudson Blvd E,6535,W 35 St & 9 Ave,6569,40.75516719072139,-74.00059908628464,40.75414519263519,-73.9960889518261,member
1176689,DB5FAC32FF5E1857,classic_bike,2022-03-30 20:28:08,2022-03-30 20:42:26,Spring St & Hudson St,5653,W 35 St & 9 Ave,6569,40.72583996792375,-74.0076532959938,40.75414519263519,-73.9960889518261,member
1176696,9B876A2DA1E8705D,electric_bike,2022-03-06 11:59:19,2022-03-06 12:09:29,Perry St & Greenwich Ave,5955,W 35 St & 9 Ave,6569,40.735918,-74.000939,40.75414519263519,-73.9960889518261,member
1176698,B84ACD4941E5EAFD,classic_bike,2022-03-16 17:54:55,2022-03-16 17:59:42,W 41 St & 8 Ave,6602,W 35 St & 9 Ave,6569,40.75640548,-73.9900262,40.75414519263519,-73.9960889518261,member
1176699,194A60E60AFB78FE,electric_bike,2022-03-09 20:04:09,2022-03-09 20:08:01,W 41 St & 8 Ave,6602,W 35 St & 9 Ave,6569,40.75640548,-73.9900262,40.75414519263519,-73.9960889518261,member
1176750,B92E0FE5DEF4C66A,electric_bike,2022-03-02 19:40:33,2022-03-02 19:44:27,W 41 St & 8 Ave,6602,W 35 St & 9 Ave,6569,40.75640548,-73.9900262,40.75414519263519,-73.9960889518261,member
1176780,C474EF42F8523478,classic_bike,2022-03-26 16:12:58,2022-03-26 16:48:13,Bayard St & Baxter St,5351,W 35 St & 9 Ave,6569,40.71602118,-73.99974372,40.75414519263519,-73.9960889518261,casual
1176785,891652D43230E2D5,classic_bike,2022-03-21 08:09:27,2022-03-21 08:30:32,W 59 St & 10 Ave,7023,W 35 St & 9 Ave,6569,40.770513,-73.988038,40.75414519263519,-73.9960889518261,member
1176816,8336BEB57E212A3C,electric_bike,2022-03-26 00:16:51,2022-03-26 00:30:00,Barrow St & Hudson St,5805,W 35 St & 9 Ave,6569,40.73172428,-74.00674436,40.75414519263519,-73.9960889518261,member
1176817,80D06E84D071BE8C,classic_bike,2022-03-28 08:28:37,2022-03-28 08:43:48,W 59 St & 10 Ave,7023,W 35 St & 9 Ave,6569,40.770513,-73.988038,40.75414519263519,-73.9960889518261,member
1176819,34CCC9AC5413C2CD,classic_bike,2022-03-23 08:02:46,2022-03-23 08:14:35,W 59 St & 10 Ave,7023,W 35 St & 9 Ave,6569,40.770513,-73.988038,40.75414519263519,-73.9960889518261,member
1176823,DEE9055AE58F4F4C,classic_bike,2022-03-30 08:07:49,2022-03-30 08:19:54,W 59 St & 10 Ave,7023,W 35 St & 9 Ave,6569,40.770513,-73.988038,40.75414519263519,-73.9960889518261,member
1176832,4A75AD0B0C99CD50,classic_bike,2022-03-30 08:38:08,2022-03-30 08:51:27,7 Ave & Central Park South,6912,W 35 St & 9 Ave,6569,40.7667405590595,-73.9790689945221,40.75414519263519,-73.9960889518261,member
1176851,5A05B4C5AC32EE67,electric_bike,2022-03-13 11:55:27,2022-03-13 12:07:39,7 Ave & Central Park South,6912,W 35 St & 9 Ave,6569,40.7667405590595,-73.9790689945221,40.75414519263519,-73.9960889518261,casual
1176852,1A9C17E069CFBFE4,electric_bike,2022-03-10 16:43:15,2022-03-10 17:12:00,King St & Varick St,5687,W 35 St & 9 Ave,6569,40.72789701409023,-74.00536268949507,40.75414519263519,-73.9960889518261,casual
1176872,8CBF74D18E918D46,electric_bike,2022-03-28 15:09:13,2022-03-28 15:13:03,W 36 St & 9 Ave,6569,9 Ave & W 22 St,6266,40.75462324029105,-73.99516761302948,40.7454973,-74.00197139,member
1176873,4425E5C01D4A85A7,classic_bike,2022-03-18 08:08:36,2022-03-18 08:10:15,W 36 St & 9 Ave,6569,W 35 St & 9 Ave,6569,40.75462324029105,-73.99516761302948,40.75414519263519,-73.9960889518261,member
1176891,CFA70D222A69F3E6,classic_bike,2022-03-31 09:30:28,2022-03-31 09:43:55,7 Ave & Central Park South,6912,W 35 St & 9 Ave,6569,40.7667405590595,-73.9790689945221,40.75414519263519,-73.9960889518261,member
1176933,E3243A4EC42FE9A5,classic_bike,2022-03-16 19:51:45,2022-03-16 20:07:11,West End Ave & W 60 St,7059,W 35 St & 9 Ave,6569,40.77237,-73.99005,40.75414519263519,-73.9960889518261,member
1176967,CE5AB9893AEB5D07,classic_bike,2022-03-18 15:00:42,2022-03-18 15:05:10,9 Ave & W 45 St,6717,W 35 St & 9 Ave,6569,40.76019252,-73.9912551,40.75414519263519,-73.9960889518261,member
1176968,B74899B133B909EE,classic_bike,2022-03-31 07:35:35,2022-03-31 07:39:45,9 Ave & W 45 St,6717,W 35 St & 9 Ave,6569,40.76019252,-73.9912551,40.75414519263519,-73.9960889518261,member
1176969,EA35AA80BAEE5AB7,classic_bike,2022-03-04 19:50:56,2022-03-04 19:54:54,9 Ave & W 45 St,6717,W 35 St & 9 Ave,6569,40.76019252,-73.9912551,40.75414519263519,-73.9960889518261,member
1176975,7F9841266EA63D92,electric_bike,2022-03-07 20:36:04,2022-03-07 20:40:18,9 Ave & W 45 St,6717,W 35 St & 9 Ave,6569,40.76019252,-73.9912551,40.75414519263519,-73.9960889518261,casual
1177006,85C4AC12B8992003,classic_bike,2022-03-27 15:53:44,2022-03-27 16:01:47,W 22 St & 8 Ave,6224,W 35 St & 9 Ave,6569,40.74475148,-73.99915362,40.75414519263519,-73.9960889518261,casual
1177010,A0225808F089194D,classic_bike,2022-03-02 18:08:25,2022-03-02 18:13:47,W 22 St & 8 Ave,6224,W 35 St & 9 Ave,6569,40.74475148,-73.99915362,40.75414519263519,-73.9960889518261,member
1177011,D9E346D0A043664B,classic_bike,2022-03-10 14:50:24,2022-03-10 15:01:17,W 51 St & 6 Ave,6740,W 35 St & 9 Ave,6569,40.7606597,-73.98042047,40.75414519263519,-73.9960889518261,casual
1177017,5358DF5E503613ED,classic_bike,2022-03-30 18:30:53,2022-03-30 19:14:55,W 45 St & 8 Ave,6676,W 35 St & 9 Ave,6569,40.75929124,-73.98859651,40.75414519263519,-73.9960889518261,casual
1177019,61E49E6FA863B196,classic_bike,2022-03-20 15:45:07,2022-03-20 15:54:54,W 45 St & 8 Ave,6676,W 35 St & 9 Ave,6569,40.75929124,-73.98859651,40.75414519263519,-73.9960889518261,casual
1177039,100B8A82BD85E05A,classic_bike,2022-03-10 16:52:21,2022-03-10 17:02:23,W 51 St & 6 Ave,6740,W 35 St & 9 Ave,6569,40.7606597,-73.98042047,40.75414519263519,-73.9960889518261,member
1177057,1C1B022C10A936B7,classic_bike,2022-03-26 04:06:05,2022-03-26 04:13:34,W 45 St & 8 Ave,6676,W 35 St & 9 Ave,6569,40.75929124,-73.98859651,40.75414519263519,-73.9960889518261,member
1177067,30F9A67F4EEE40DD,electric_bike,2022-03-29 18:33:23,2022-03-29 18:47:28,Lexington Ave & E 29 St,6164,W 35 St & 9 Ave,6569,40.74311555376486,-73.98215353488922,40.75414519263519,-73.9960889518261,member
1177068,86416655569C9E2E,classic_bike,2022-03-10 17:21:27,2022-03-10 17:33:14,Lexington Ave & E 29 St,6164,W 35 St & 9 Ave,6569,40.74311555376486,-73.98215353488922,40.75414519263519,-73.9960889518261,member
1177108,5A10D940EF14F487,classic_bike,2022-03-19 11:51:26,2022-03-19 12:04:19,Lexington Ave & E 29 St,6164,W 35 St & 9 Ave,6569,40.74311555376486,-73.98215353488922,40.75414519263519,-73.9960889518261,member
1177129,A9D9930AB2B0E141,electric_bike,2022-03-10 10:18:26,2022-03-10 10:33:54,Morton St & Washington St,5772,W 35 St & 9 Ave,6569,40.73115,-74.00887,40.75414519263519,-73.9960889518261,member
1177144,A8795CD4F8BF11D3,electric_bike,2022-03-21 06:37:52,2022-03-21 06:49:59,Mott St & Prince St,5561,W 35 St & 9 Ave,6569,40.72317958,-73.99480012,40.75414519263519,-73.9960889518261,casual
1177157,19B2733AD53A9F7D,electric_bike,2022-03-16 08:40:03,2022-03-16 08:54:40,Central Park W & W 91 St,7453,W 35 St & 9 Ave,6569,40.78866499127884,-73.96680057048798,40.75414519263519,-73.9960889518261,member
1177161,CC1299F027B9F120,classic_bike,2022-03-21 10:09:43,2022-03-21 10:27:42,Mott St & Prince St,5561,W 35 St & 9 Ave,6569,40.72317958,-73.99480012,40.75414519263519,-73.9960889518261,member
1177164,EA46311684FCC363,classic_bike,2022-03-15 11:42:47,2022-03-15 12:00:58,Mott St & Prince St,5561,W 35 St & 9 Ave,6569,40.72317958,-73.99480012,40.75414519263519,-73.9960889518261,member
1177171,1CD2311C8D1DC1FC,classic_bike,2022-03-08 10:36:47,2022-03-08 10:42:55,W 42 St & Dyer Ave,6644,W 35 St & 9 Ave,6569,40.75898481399634,-73.99379968643188,40.75414519263519,-73.9960889518261,casual
1177174,D963977597B27EF9,classic_bike,2022-03-25 12:02:29,2022-03-25 12:23:38,E 17 St & Broadway,5980,W 35 St & 9 Ave,6569,40.73704984,-73.99009296,40.75414519263519,-73.9960889518261,casual
1177183,7BEBD8D66593D402,classic_bike,2022-03-15 13:57:55,2022-03-15 14:19:20,Hudson St & Reade St,5359,W 35 St & 9 Ave,6569,40.71625008,-74.0091059,40.75414519263519,-73.9960889518261,member
1177200,8A135FFA2A1AA17F,electric_bike,2022-03-15 18:55:29,2022-03-15 19:27:49,24 St & 41 Ave,6505,W 35 St & 9 Ave,6569,40.752474,-73.939991,40.75414519263519,-73.9960889518261,member
1177202,2CAAC3930C88DCF8,classic_bike,2022-03-24 18:05:42,2022-03-24 18:11:13,W 42 St & Dyer Ave,6644,W 35 St & 9 Ave,6569,40.75898481399634,-73.99379968643188,40.75414519263519,-73.9960889518261,member
1177210,D32E49C1D71264AB,electric_bike,2022-03-10 16:31:43,2022-03-10 16:41:48,E 31 St & 3 Ave,6239,W 35 St & 9 Ave,6569,40.74394314,-73.97966069,40.75414519263519,-73.9960889518261,member
1177212,205E11344655F58A,classic_bike,2022-03-05 19:53:19,2022-03-05 19:53:56,W 35 St & Dyer Ave,6569,W 35 St & 9 Ave,6569,40.754691750226016,-73.99740189313889,40.75414519263519,-73.9960889518261,member
1177214,3AFC7AC536C61021,classic_bike,2022-03-22 11:49:07,2022-03-22 11:56:17,W 35 St & Dyer Ave,6569,9 Ave & W 22 St,6266,40.754691750226016,-73.99740189313889,40.7454973,-74.00197139,casual
1177223,7E171C085D900418,classic_bike,2022-03-11 08:36:20,2022-03-11 08:42:17,W 35 St & Dyer Ave,6569,9 Ave & W 22 St,6266,40.754691750226016,-73.99740189313889,40.7454973,-74.00197139,member
1177227,FF0C352DAEFC79F2,classic_bike,2022-03-23 12:22:01,2022-03-23 12:27:40,W 35 St & Dyer Ave,6569,9 Ave & W 22 St,6266,40.754691750226016,-73.99740189313889,40.7454973,-74.00197139,member
1177231,6621FAADDE5E3630,classic_bike,2022-03-25 13:21:43,2022-03-25 13:22:29,W 35 St & Dyer Ave,6569,W 35 St & 9 Ave,6569,40.754691750226016,-73.99740189313889,40.75414519263519,-73.9960889518261,member
1177232,38EE542BEC5283AC,classic_bike,2022-03-25 13:24:02,2022-03-25 13:24:39,W 35 St & Dyer Ave,6569,W 35 St & 9 Ave,6569,40.754691750226016,-73.99740189313889,40.75414519263519,-73.9960889518261,member
1177233,F576474B52CF2909,classic_bike,2022-03-25 13:28:37,2022-03-25 13:29:14,W 35 St & Dyer Ave,6569,W 35 St & 9 Ave,6569,40.754691750226016,-73.99740189313889,40.75414519263519,-73.9960889518261,member
1177234,285A584671901F1A,classic_bike,2022-03-25 13:26:11,2022-03-25 13:26:47,W 35 St & Dyer Ave,6569,W 35 St & 9 Ave,6569,40.754691750226016,-73.99740189313889,40.75414519263519,-73.9960889518261,member
1177235,D38BDE8999773450,classic_bike,2022-03-25 13:31:05,2022-03-25 13:31:52,W 35 St & Dyer Ave,6569,W 35 St & 9 Ave,6569,40.754691750226016,-73.99740189313889,40.75414519263519,-73.9960889518261,member
1177236,3C049DDAE390736D,classic_bike,2022-03-09 19:24:28,2022-03-09 19:29:48,W 35 St & Dyer Ave,6569,9 Ave & W 22 St,6266,40.754691750226016,-73.99740189313889,40.7454973,-74.00197139,member
1177237,A2EDD95B248E77EF,electric_bike,2022-03-07 07:40:36,2022-03-07 07:41:35,W 35 St & Dyer Ave,6569,W 35 St & 9 Ave,6569,40.754691750226016,-73.99740189313889,40.75414519263519,-73.9960889518261,member
1177238,17C08CA14446C874,electric_bike,2022-03-09 17:51:12,2022-03-09 17:51:46,W 35 St & Dyer Ave,6569,W 35 St & 9 Ave,6569,40.754691750226016,-73.99740189313889,40.75414519263519,-73.9960889518261,member
1177239,4E54E59B612B48FB,classic_bike,2022-03-24 17:47:20,2022-03-24 17:48:38,W 35 St & Dyer Ave,6569,W 35 St & 9 Ave,6569,40.754691750226016,-73.99740189313889,40.75414519263519,-73.9960889518261,member
1177240,B1907350CEB9C909,classic_bike,2022-03-25 09:25:31,2022-03-25 09:27:24,W 35 St & Dyer Ave,6569,W 35 St & 9 Ave,6569,40.754691750226016,-73.99740189313889,40.75414519263519,-73.9960889518261,member
1177243,468930E53395BF6F,classic_bike,2022-03-22 18:13:55,2022-03-22 18:15:02,W 35 St & Dyer Ave,6569,W 35 St & 9 Ave,6569,40.754691750226016,-73.99740189313889,40.75414519263519,-73.9960889518261,member
1177247,788C53C6969EC334,classic_bike,2022-03-27 14:16:59,2022-03-27 14:25:50,8 Ave & W 49 St,6747,W 35 St & 9 Ave,6569,40.76171227910671,-73.98655101656914,40.75414519263519,-73.9960889518261,casual
1177251,7FE5B9394981440B,electric_bike,2022-03-09 22:39:16,2022-03-09 22:44:47,8 Ave & W 49 St,6747,W 35 St & 9 Ave,6569,40.76171227910671,-73.98655101656914,40.75414519263519,-73.9960889518261,member
1177252,0EC698138CDD96F5,classic_bike,2022-03-21 14:58:46,2022-03-21 15:05:11,8 Ave & W 49 St,6747,W 35 St & 9 Ave,6569,40.76171227910671,-73.98655101656914,40.75414519263519,-73.9960889518261,member
1177256,F4B05AB483959839,classic_bike,2022-03-13 09:46:33,2022-03-13 10:05:40,1 Ave & E 44 St,6379,W 35 St & 9 Ave,6569,40.75001986,-73.96905301,40.75414519263519,-73.9960889518261,casual
1177278,AACFA17BF63A5F1C,electric_bike,2022-03-29 09:29:38,2022-03-29 09:40:53,1 Ave & E 44 St,6379,W 35 St & 9 Ave,6569,40.75001986,-73.96905301,40.75414519263519,-73.9960889518261,member
1177282,E4442DF7709FEE7C,classic_bike,2022-03-17 14:18:03,2022-03-17 14:24:56,8 Ave & W 49 St,6747,W 35 St & 9 Ave,6569,40.76171227910671,-73.98655101656914,40.75414519263519,-73.9960889518261,casual
1177298,56E988B4F9AD04DA,classic_bike,2022-03-21 20:01:28,2022-03-21 20:06:44,8 Ave & W 49 St,6747,W 35 St & 9 Ave,6569,40.76171227910671,-73.98655101656914,40.75414519263519,-73.9960889518261,member
1177304,F0CBE806FBDC1D5F,electric_bike,2022-03-08 08:49:33,2022-03-08 08:54:48,8 Ave & W 49 St,6747,W 35 St & 9 Ave,6569,40.76171227910671,-73.98655101656914,40.75414519263519,-73.9960889518261,member
1177346,9CFFA8BDE85185A9,electric_bike,2022-03-08 08:36:39,2022-03-08 08:48:09,W 35 St & Dyer Ave,6569,W 15 St & 7 Ave,6030,40.754691750226016,-73.99740189313889,40.73935542,-73.99931783,casual
1177349,FA96B2A7A532DA71,classic_bike,2022-03-21 20:46:58,2022-03-21 21:02:42,E 27 St & 1 Ave,6004,W 35 St & 9 Ave,6569,40.739445,-73.976806,40.75414519263519,-73.9960889518261,member
1177378,A025A24618DE30FE,classic_bike,2022-03-21 18:02:10,2022-03-21 18:09:24,Broadway & W 51 St,6779,W 35 St & 9 Ave,6569,40.76228826,-73.98336183,40.75414519263519,-73.9960889518261,member
1177418,AC0C842FD53E4029,classic_bike,2022-03-31 19:04:35,2022-03-31 19:09:27,W 35 St & Dyer Ave,6569,9 Ave & W 22 St,6266,40.754691750226016,-73.99740189313889,40.7454973,-74.00197139,member
1177427,466752C365F00885,classic_bike,2022-03-03 10:21:57,2022-03-03 10:22:58,W 35 St & Dyer Ave,6569,W 35 St & 9 Ave,6569,40.754691750226016,-73.99740189313889,40.75414519263519,-73.9960889518261,member
1177457,8D465176F73766FB,classic_bike,2022-03-10 17:42:58,2022-03-10 17:52:31,W 29 St & 9 Ave,6416,W 35 St & 9 Ave,6569,40.7500727,-73.99839279,40.75414519263519,-73.9960889518261,member
1177464,171496A0D6F4E3B3,electric_bike,2022-03-06 18:09:08,2022-03-06 18:15:53,Broadway & W 51 St,6779,W 35 St & 9 Ave,6569,40.76228826,-73.98336183,40.75414519263519,-73.9960889518261,casual
1177510,319A37F61CF5AC41,classic_bike,2022-03-30 10:35:10,2022-03-30 10:39:07,8 Ave & W 27 St,6297,W 35 St & 9 Ave,6569,40.747968,-73.996637,40.75414519263519,-73.9960889518261,member
1177518,864B705CE1062971,classic_bike,2022-03-28 17:39:32,2022-03-28 17:48:50,W 27 St & 7 Ave,6247,W 35 St & 9 Ave,6569,40.746647,-73.993915,40.75414519263519,-73.9960889518261,member
1177520,E66C6479E39307E4,classic_bike,2022-03-10 15:19:18,2022-03-10 15:26:26,W 27 St & 7 Ave,6247,W 35 St & 9 Ave,6569,40.746647,-73.993915,40.75414519263519,-73.9960889518261,member
1177526,8E24D16DF4CB5D4E,electric_bike,2022-03-12 12:30:34,2022-03-12 12:39:29,W 16 St & The High Line,6233,W 35 St & 9 Ave,6569,40.74334935,-74.00681753,40.75414519263519,-73.9960889518261,member
1177527,317F85A5DB6856A2,electric_bike,2022-03-08 16:38:44,2022-03-08 17:17:58,Wyckoff Av & Stanhope St,4931,W 35 St & 9 Ave,6569,40.703545,-73.917775,40.75414519263519,-73.9960889518261,member
1177534,F7AA3CF614AF2224,classic_bike,2022-03-27 12:44:24,2022-03-27 12:49:51,W 27 St & 7 Ave,6247,W 35 St & 9 Ave,6569,40.746647,-73.993915,40.75414519263519,-73.9960889518261,member
1177554,3DEAA344A9E64D56,classic_bike,2022-03-23 17:20:41,2022-03-23 17:25:11,Broadway & W 38 St,6560,W 35 St & 9 Ave,6569,40.7529728216068,-73.98734897375107,40.75414519263519,-73.9960889518261,member
1177563,4984D176A70FAC2F,classic_bike,2022-03-21 19:16:53,2022-03-21 19:21:28,W 41 St & 8 Ave,6602,W 35 St & 9 Ave,6569,40.75640548,-73.9900262,40.75414519263519,-73.9960889518261,member
1177573,0A7BFBC1163240F3,classic_bike,2022-03-10 09:59:24,2022-03-10 10:07:23,Broadway & W 25 St,6173,W 35 St & 9 Ave,6569,40.74286877312112,-73.98918628692627,40.75414519263519,-73.9960889518261,member
1177574,AD8867BC3C7F389A,electric_bike,2022-03-28 19:47:48,2022-03-28 19:52:49,Broadway & W 38 St,6560,W 35 St & 9 Ave,6569,40.7529728216068,-73.98734897375107,40.75414519263519,-73.9960889518261,member
1177589,513EFE3CD68ED50E,classic_bike,2022-03-10 19:42:39,2022-03-10 19:50:18,W 16 St & The High Line,6233,W 35 St & 9 Ave,6569,40.74334935,-74.00681753,40.75414519263519,-73.9960889518261,member
1177590,46C4C1E857CD64AC,classic_bike,2022-03-07 09:19:31,2022-03-07 09:26:49,W 27 St & 7 Ave,6247,W 35 St & 9 Ave,6569,40.746647,-73.993915,40.75414519263519,-73.9960889518261,member
1177631,218EF87FE9807464,classic_bike,2022-03-03 09:27:03,2022-03-03 09:41:37,Lexington Ave & E 29 St,6164,W 35 St & 9 Ave,6569,40.74311555376486,-73.98215353488922,40.75414519263519,-73.9960889518261,member
1177636,2C22CD01DBE6DEE4,classic_bike,2022-03-23 09:21:02,2022-03-23 09:37:50,E 26 St & 3 Ave,6089,W 35 St & 9 Ave,6569,40.74069317733043,-73.98160636425018,40.75414519263519,-73.9960889518261,casual
1177666,5112CE0879A5DDE1,classic_bike,2022-03-20 16:57:20,2022-03-20 17:14:39,Christopher St & Greenwich St,5847,W 35 St & 9 Ave,6569,40.73291553,-74.00711384,40.75414519263519,-73.9960889518261,casual
1177719,246A63366E344CF8,electric_bike,2022-03-02 18:14:54,2022-03-02 18:28:05,Washington Square E,5755,W 35 St & 9 Ave,6569,40.73049393,-73.9957214,40.75414519263519,-73.9960889518261,casual
1177779,35CFC01CD1B78E10,electric_bike,2022-03-26 23:19:10,2022-03-26 23:23:44,6 Ave & W 33 St,6364,W 35 St & 9 Ave,6569,40.74901271,-73.98848395,40.75414519263519,-73.9960889518261,casual
1177795,4A20DD18FA8354F0,electric_bike,2022-03-08 14:58:08,2022-03-08 15:06:31,W 51 St & 6 Ave,6740,W 35 St & 9 Ave,6569,40.7606597,-73.98042047,40.75414519263519,-73.9960889518261,member
1177815,7D583842DB5544E1,classic_bike,2022-03-18 22:12:36,2022-03-18 22:16:24,6 Ave & W 33 St,6364,W 35 St & 9 Ave,6569,40.74901271,-73.98848395,40.75414519263519,-73.9960889518261,member
1177818,14ECAE9616B7A79C,electric_bike,2022-03-30 12:23:21,2022-03-30 12:28:24,6 Ave & W 33 St,6364,W 35 St & 9 Ave,6569,40.74901271,-73.98848395,40.75414519263519,-73.9960889518261,member
1177832,2240049DD44B15D9,electric_bike,2022-03-23 12:27:01,2022-03-23 12:31:22,8 Ave & W 38 St,6526,W 35 St & 9 Ave,6569,40.75461,-73.99177,40.75414519263519,-73.9960889518261,casual
1177863,0ADACEEE11B45EA2,electric_bike,2022-03-18 17:19:08,2022-03-18 17:38:23,3 Ave & E 71 St,6960,W 35 St & 9 Ave,6569,40.76873687,-73.96119945,40.75414519263519,-73.9960889518261,member
1177879,1D04155A6F0C0B8C,electric_bike,2022-03-22 09:11:47,2022-03-22 09:19:05,E 33 St & 5 Ave,6322,W 35 St & 9 Ave,6569,40.74765947,-73.98490707,40.75414519263519,-73.9960889518261,member
1177880,7BE7BB402EBF8E8C,electric_bike,2022-03-03 10:05:48,2022-03-03 10:16:54,E 33 St & 5 Ave,6322,W 35 St & 9 Ave,6569,40.74765947,-73.98490707,40.75414519263519,-73.9960889518261,member
1177906,ACC432B15EFEDC6B,classic_bike,2022-03-13 20:40:31,2022-03-13 20:54:59,E 48 St & 5 Ave,6626,W 35 St & 9 Ave,6569,40.75724567911726,-73.97805914282799,40.75414519263519,-73.9960889518261,member
1177909,4EA279B6EE125691,classic_bike,2022-03-20 16:51:54,2022-03-20 17:13:02,3 Ave & E 71 St,6960,W 35 St & 9 Ave,6569,40.76873687,-73.96119945,40.75414519263519,-73.9960889518261,member
1177932,FC510E9F69669B13,electric_bike,2022-03-22 10:27:27,2022-03-22 10:48:05,E 89 St & 3 Ave,7265,W 35 St & 9 Ave,6569,40.7806284,-73.9521667,40.75414519263519,-73.9960889518261,member
1177934,C35A9B15D94CEC2B,classic_bike,2022-03-01 19:34:29,2022-03-01 19:54:52,3 Ave & E 71 St,6960,W 35 St & 9 Ave,6569,40.76873687,-73.96119945,40.75414519263519,-73.9960889518261,member
1177940,D7715E7A754D1840,electric_bike,2022-03-20 13:46:35,2022-03-20 14:18:05,Crescent St & Broadway,6827,W 35 St & 9 Ave,6569,40.7633589,-73.9286471,40.75414519263519,-73.9960889518261,casual
1177952,ACC3CCA2D93C7978,classic_bike,2022-03-28 15:23:49,2022-03-28 15:31:29,Lexington Ave & E 36 St,6313,W 35 St & 9 Ave,6569,40.7475739589548,-73.9788007736206,40.75414519263519,-73.9960889518261,member
1177956,63B95449631B5E69,classic_bike,2022-03-10 08:48:26,2022-03-10 09:04:08,W 63 St & Broadway,7052,W 35 St & 9 Ave,6569,40.77163851,-73.98261428,40.75414519263519,-73.9960889518261,member
1177960,6EC1F697AA09E1A9,classic_bike,2022-03-16 08:21:17,2022-03-16 08:35:35,W 63 St & Broadway,7052,W 35 St & 9 Ave,6569,40.77163851,-73.98261428,40.75414519263519,-73.9960889518261,member
1177961,41D44D9D0058829C,classic_bike,2022-03-22 15:50:36,2022-03-22 15:56:21,W 30 St & 10 Ave,6459,W 35 St & 9 Ave,6569,40.752694,-74.002353,40.75414519263519,-73.9960889518261,member
1177964,3BF710D4753D99E1,classic_bike,2022-03-10 15:32:32,2022-03-10 15:43:55,W 63 St & Broadway,7052,W 35 St & 9 Ave,6569,40.77163851,-73.98261428,40.75414519263519,-73.9960889518261,member
1177994,53E184EE1AC64E28,classic_bike,2022-03-01 09:16:01,2022-03-01 09:26:35,W 63 St & Broadway,7052,W 35 St & 9 Ave,6569,40.77163851,-73.98261428,40.75414519263519,-73.9960889518261,member
1177995,569E18FF5E58C10C,classic_bike,2022-03-31 08:47:35,2022-03-31 08:58:48,W 63 St & Broadway,7052,W 35 St & 9 Ave,6569,40.77163851,-73.98261428,40.75414519263519,-73.9960889518261,member
1177997,6923D3D30C36BE4E,classic_bike,2022-03-14 19:03:04,2022-03-14 19:29:20,W 63 St & Broadway,7052,W 35 St & 9 Ave,6569,40.77163851,-73.98261428,40.75414519263519,-73.9960889518261,casual
1178005,36EE7692E6BD8F1C,classic_bike,2022-03-28 08:14:53,2022-03-28 08:22:18,W 36 St & 9 Ave,6569,9 Ave & W 22 St,6266,40.75462324029105,-73.99516761302948,40.7454973,-74.00197139,member
1178007,19481F212368D18C,classic_bike,2022-03-29 17:34:32,2022-03-29 17:40:56,W 36 St & 9 Ave,6569,9 Ave & W 22 St,6266,40.75462324029105,-73.99516761302948,40.7454973,-74.00197139,member
1178010,A3DD83E857C16DFB,classic_bike,2022-03-21 12:20:43,2022-03-21 12:25:28,W 36 St & 9 Ave,6569,9 Ave & W 22 St,6266,40.75462324029105,-73.99516761302948,40.7454973,-74.00197139,member
1178013,47BD194456DEB31C,classic_bike,2022-03-06 13:26:35,2022-03-06 13:31:16,W 36 St & 9 Ave,6569,9 Ave & W 22 St,6266,40.75462324029105,-73.99516761302948,40.7454973,-74.00197139,member
1178017,2595E3241E522CD3,classic_bike,2022-03-14 19:03:26,2022-03-14 19:28:35,W 63 St & Broadway,7052,W 35 St & 9 Ave,6569,40.77163851,-73.98261428,40.75414519263519,-73.9960889518261,casual
1178024,086FA38A4D2C3EDF,electric_bike,2022-03-25 17:41:08,2022-03-25 17:48:48,W 63 St & Broadway,7052,W 35 St & 9 Ave,6569,40.77163851,-73.98261428,40.75414519263519,-73.9960889518261,member
1178036,763EB973FCB9F8EC,electric_bike,2022-03-26 12:31:32,2022-03-26 12:35:14,W 36 St & 9 Ave,6569,9 Ave & W 22 St,6266,40.75462324029105,-73.99516761302948,40.7454973,-74.00197139,member
1178037,E72CADFF6CD00E72,classic_bike,2022-03-18 18:53:49,2022-03-18 18:58:49,W 36 St & 9 Ave,6569,9 Ave & W 22 St,6266,40.75462324029105,-73.99516761302948,40.7454973,-74.00197139,member
1178042,5E05DBFDBBC0EAE6,electric_bike,2022-03-17 19:44:18,2022-03-17 19:50:31,Lexington Ave & E 36 St,6313,W 35 St & 9 Ave,6569,40.7475739589548,-73.9788007736206,40.75414519263519,-73.9960889518261,member
1178061,A6A2A73F4CBA6872,classic_bike,2022-03-14 18:12:26,2022-03-14 18:32:20,E 13 St & Avenue A,5779,W 35 St & 9 Ave,6569,40.72966729392978,-73.98067966103554,40.75414519263519,-73.9960889518261,member
1178064,2D3D34D6F5AC5668,classic_bike,2022-03-22 10:20:23,2022-03-22 10:47:51,E 13 St & Avenue A,5779,W 35 St & 9 Ave,6569,40.72966729392978,-73.98067966103554,40.75414519263519,-73.9960889518261,member
1178081,C93E65F353FF91BE,classic_bike,2022-03-02 11:08:43,2022-03-02 11:14:35,W 47 St & 10 Ave,6824,W 35 St & 9 Ave,6569,40.76269882,-73.99301222,40.75414519263519,-73.9960889518261,casual
1178089,303D1791CA6CCD4A,classic_bike,2022-03-15 22:29:56,2022-03-15 22:45:53,Broadway & E 14 St,5905,W 35 St & 9 Ave,6569,40.73454567,-73.99074142,40.75414519263519,-73.9960889518261,member
1178092,4FB4C948885FEF51,classic_bike,2022-03-23 09:13:56,2022-03-23 09:25:30,7 Ave & Central Park South,6912,W 35 St & 9 Ave,6569,40.7667405590595,-73.9790689945221,40.75414519263519,-73.9960889518261,member
1178093,DD8D7EFA0E6119D2,classic_bike,2022-03-02 08:48:30,2022-03-02 09:00:56,7 Ave & Central Park South,6912,W 35 St & 9 Ave,6569,40.7667405590595,-73.9790689945221,40.75414519263519,-73.9960889518261,member
1178115,5C90D1F5CADD153F,electric_bike,2022-03-06 10:46:30,2022-03-06 10:58:06,7 Ave & Central Park South,6912,W 35 St & 9 Ave,6569,40.7667405590595,-73.9790689945221,40.75414519263519,-73.9960889518261,casual
1178118,ED418511EB8C757B,electric_bike,2022-03-28 15:50:51,2022-03-28 16:02:14,Lexington Ave & E 24 St,6089,W 35 St & 9 Ave,6569,40.74025878,-73.98409214,40.75414519263519,-73.9960889518261,member
1178123,8AD176276EAA2BE0,electric_bike,2022-03-14 23:35:11,2022-03-14 23:43:03,E 39 St & Lexington Ave,6389,W 35 St & 9 Ave,6569,40.7494985460252,-73.97729203113158,40.75414519263519,-73.9960889518261,casual
1178142,87841527F1FA0CB1,classic_bike,2022-03-08 18:58:04,2022-03-08 19:10:42,E 39 St & Lexington Ave,6389,W 35 St & 9 Ave,6569,40.7494985460252,-73.97729203113158,40.75414519263519,-73.9960889518261,member
1178154,893E1AB46D428F67,classic_bike,2022-03-25 05:58:37,2022-03-25 06:01:23,W 39 St & 9 Ave,6644,W 35 St & 9 Ave,6569,40.75645824,-73.99372222,40.75414519263519,-73.9960889518261,member
1178155,25228B41AF0368C9,classic_bike,2022-03-21 21:22:35,2022-03-21 21:46:10,Lafayette St & E 8 St,5788,W 35 St & 9 Ave,6569,40.73020660529954,-73.99102628231049,40.75414519263519,-73.9960889518261,member
1178162,5D03CADE174C5ED2,electric_bike,2022-03-22 13:29:03,2022-03-22 13:41:23,6 Ave & W 45 St,6593,W 35 St & 9 Ave,6569,40.756951,-73.982631,40.75414519263519,-73.9960889518261,member
1178170,62852AB31EAC4BB1,electric_bike,2022-03-15 11:34:16,2022-03-15 11:47:39,E 48 St & 3 Ave,6541,W 35 St & 9 Ave,6569,40.7546011026,-73.971878855,40.75414519263519,-73.9960889518261,member
1178175,F46007AC3376A38D,electric_bike,2022-03-21 23:28:55,2022-03-21 23:48:03,1 Ave & E 6 St,5626,W 35 St & 9 Ave,6569,40.72633085971696,-73.98616880178452,40.75414519263519,-73.9960889518261,member
1178176,4D013F44A9C08535,electric_bike,2022-03-14 12:04:29,2022-03-14 12:29:58,E 88 St & 1 Ave,7235,W 35 St & 9 Ave,6569,40.778301,-73.9488134,40.75414519263519,-73.9960889518261,member
1178216,4EDFEE1411DA9107,classic_bike,2022-03-24 07:58:30,2022-03-24 08:12:01,W 59 St & 10 Ave,7023,W 35 St & 9 Ave,6569,40.770513,-73.988038,40.75414519263519,-73.9960889518261,member
1178255,FB33A91FB84D90F5,electric_bike,2022-03-27 12:27:36,2022-03-27 12:49:32,Columbus Ave & W 95 St,7520,W 35 St & 9 Ave,6569,40.7919557,-73.968087,40.75414519263519,-73.9960889518261,member
1178264,55E652B1534D84B4,classic_bike,2022-03-11 05:32:15,2022-03-11 05:35:46,W 41 St & 8 Ave,6602,W 35 St & 9 Ave,6569,40.75640548,-73.9900262,40.75414519263519,-73.9960889518261,member
1178276,C0A7B6CEC0A0DCCE,electric_bike,2022-03-08 18:44:32,2022-03-08 18:50:26,Lexington Ave & E 36 St,6313,W 35 St & 9 Ave,6569,40.7475739589548,-73.9788007736206,40.75414519263519,-73.9960889518261,member
1178323,6496AAE5A8C75096,electric_bike,2022-03-29 17:35:39,2022-03-29 17:43:27,Hudson St & W 13 St,6115,W 35 St & 9 Ave,6569,40.74005708567285,-74.0052741765976,40.75414519263519,-73.9960889518261,member
1178368,59010D3C698282D7,classic_bike,2022-03-27 07:59:38,2022-03-27 08:04:49,W 31 St & 7 Ave,6331,W 35 St & 9 Ave,6569,40.749156,-73.9916,40.75414519263519,-73.9960889518261,casual
1178382,24DB2D3E69723E63,electric_bike,2022-03-23 21:12:11,2022-03-23 21:26:30,2 Ave & E 29 St,6122,W 35 St & 9 Ave,6569,40.74172351097472,-73.97809267044067,40.75414519263519,-73.9960889518261,member
1178391,7A14EDDA027A18EC,classic_bike,2022-03-13 19:48:16,2022-03-13 19:48:39,W 35 St & 9 Ave,6569,W 35 St & 9 Ave,6569,40.75414519263519,-73.9960889518261,40.75414519263519,-73.9960889518261,casual
1178400,AC7789EFC274BF54,electric_bike,2022-03-24 08:35:11,2022-03-24 08:44:47,E 39 St & 2 Ave,6345,W 35 St & 9 Ave,6569,40.74803319428767,-73.973827958107,40.75414519263519,-73.9960889518261,member
1178401,6DF227CA29A4C2BD,classic_bike,2022-03-03 08:51:03,2022-03-03 09:01:08,E 39 St & 2 Ave,6345,W 35 St & 9 Ave,6569,40.74803319428767,-73.973827958107,40.75414519263519,-73.9960889518261,member
1178490,28598DC5DA9E7118,classic_bike,2022-03-04 11:08:11,2022-03-04 11:10:13,W 39 St & 9 Ave,6644,W 35 St & 9 Ave,6569,40.75645824,-73.99372222,40.75414519263519,-73.9960889518261,member
1178494,D954F0C66B9DCEF1,classic_bike,2022-03-26 14:29:37,2022-03-26 14:51:14,Lafayette St & E 8 St,5788,W 35 St & 9 Ave,6569,40.73020660529954,-73.99102628231049,40.75414519263519,-73.9960889518261,member
1178503,BBB3C788ED90DC6E,electric_bike,2022-03-30 14:14:01,2022-03-30 14:27:02,Washington Square E,5755,W 35 St & 9 Ave,6569,40.73049393,-73.9957214,40.75414519263519,-73.9960889518261,member
1178525,75476B1FDE4CC1C3,classic_bike,2022-03-18 13:04:45,2022-03-18 13:16:00,6 Ave & W 45 St,6593,W 35 St & 9 Ave,6569,40.756951,-73.982631,40.75414519263519,-73.9960889518261,casual
1178529,8F4002AF5CD6B85E,classic_bike,2022-03-30 18:21:04,2022-03-30 18:23:17,W 39 St & 9 Ave,6644,W 35 St & 9 Ave,6569,40.75645824,-73.99372222,40.75414519263519,-73.9960889518261,casual
1178531,8E606ADF0F8688E0,electric_bike,2022-03-23 17:51:39,2022-03-23 17:58:12,6 Ave & W 45 St,6593,W 35 St & 9 Ave,6569,40.756951,-73.982631,40.75414519263519,-73.9960889518261,casual
1178538,60AADE3FF703CBC6,classic_bike,2022-03-22 14:22:05,2022-03-22 14:34:03,W 25 St & 6 Ave,6215,W 35 St & 9 Ave,6569,40.74395411,-73.99144871,40.75414519263519,-73.9960889518261,member
1178555,0E2752A76BC20531,classic_bike,2022-03-21 16:53:57,2022-03-21 17:05:37,W 25 St & 6 Ave,6215,W 35 St & 9 Ave,6569,40.74395411,-73.99144871,40.75414519263519,-73.9960889518261,member
1178565,0FCF7B9FDBC0E59E,classic_bike,2022-03-25 15:21:07,2022-03-25 15:29:24,W 25 St & 6 Ave,6215,W 35 St & 9 Ave,6569,40.74395411,-73.99144871,40.75414519263519,-73.9960889518261,member
1178585,846D93F33A32FC0D,classic_bike,2022-03-25 13:50:21,2022-03-25 14:21:55,5 Ave & E 93 St,7372,W 35 St & 9 Ave,6569,40.7857851,-73.957481,40.75414519263519,-73.9960889518261,member
1178588,B63DC92F03E81B54,classic_bike,2022-03-15 09:23:14,2022-03-15 09:34:05,W 63 St & Broadway,7052,W 35 St & 9 Ave,6569,40.77163851,-73.98261428,40.75414519263519,-73.9960889518261,member
1178611,1E971884ED095CD7,classic_bike,2022-03-25 12:11:14,2022-03-25 12:19:41,W 46 St & 11 Ave,6795,W 35 St & 9 Ave,6569,40.76341379,-73.99667444,40.75414519263519,-73.9960889518261,member
1178628,39DB43384D14408E,classic_bike,2022-03-24 14:08:10,2022-03-24 14:33:21,Riverside Dr & W 82 St,7388,W 35 St & 9 Ave,6569,40.78720869,-73.98128127,40.75414519263519,-73.9960889518261,member
1178657,ADAA5FF865C8413F,classic_bike,2022-03-15 16:01:36,2022-03-15 16:04:40,8 Ave & W 38 St,6526,W 35 St & 9 Ave,6569,40.75461,-73.99177,40.75414519263519,-73.9960889518261,member
1178680,36684ED9717EAACE,classic_bike,2022-03-29 19:41:57,2022-03-29 19:48:02,Broadway & W 38 St,6560,W 35 St & 9 Ave,6569,40.7529728216068,-73.98734897375107,40.75414519263519,-73.9960889518261,member
1178724,99E26F2F2403A6ED,classic_bike,2022-03-25 21:44:25,2022-03-25 22:00:58,E 17 St & Broadway,5980,W 35 St & 9 Ave,6569,40.73704984,-73.99009296,40.75414519263519,-73.9960889518261,member
1178748,83A5864E68D2C5B1,classic_bike,2022-03-27 15:57:59,2022-03-27 16:04:55,6 Ave & W 33 St,6364,W 35 St & 9 Ave,6569,40.74901271,-73.98848395,40.75414519263519,-73.9960889518261,casual
1178754,90879A591FBE2B0B,classic_bike,2022-03-26 17:32:21,2022-03-26 17:53:55,5 Ave & E 87 St,7323,W 35 St & 9 Ave,6569,40.78232260730881,-73.95987510681152,40.75414519263519,-73.9960889518261,member
1178757,2B07D131234EA3D8,electric_bike,2022-03-15 19:32:11,2022-03-15 19:37:27,W 36 St & 7 Ave,6483,W 35 St & 9 Ave,6569,40.752149,-73.989539,40.75414519263519,-73.9960889518261,casual
1178763,85E82C59167E92A7,classic_bike,2022-03-31 07:20:54,2022-03-31 07:30:17,6 Ave & W 33 St,6364,W 35 St & 9 Ave,6569,40.74901271,-73.98848395,40.75414519263519,-73.9960889518261,member
1178765,27B1485FF6A1C7F2,classic_bike,2022-03-22 09:07:40,2022-03-22 09:13:32,6 Ave & W 33 St,6364,W 35 St & 9 Ave,6569,40.74901271,-73.98848395,40.75414519263519,-73.9960889518261,member
1178784,FFDBBAA6076E555F,classic_bike,2022-03-28 09:29:50,2022-03-28 09:43:50,Bank St & Hudson St,5922,W 35 St & 9 Ave,6569,40.73652889,-74.00618026,40.75414519263519,-73.9960889518261,member
1178801,45D65074D4471983,classic_bike,2022-03-24 08:53:35,2022-03-24 08:56:19,W 37 St & 10 Ave,6611,W 35 St & 9 Ave,6569,40.75660359,-73.9979009,40.75414519263519,-73.9960889518261,member
1178803,CD31B9B4F716567A,classic_bike,2022-03-25 20:51:18,2022-03-25 20:53:23,W 37 St & 10 Ave,6611,W 35 St & 9 Ave,6569,40.75660359,-73.9979009,40.75414519263519,-73.9960889518261,member
1178823,AB690CCF2D2A1071,classic_bike,2022-03-18 08:27:50,2022-03-18 08:55:42,E 74 St & 1 Ave,6953,W 35 St & 9 Ave,6569,40.7689738,-73.95482273,40.75414519263519,-73.9960889518261,member
1178827,DAAD04407364BC17,classic_bike,2022-03-17 20:49:38,2022-03-17 20:51:24,W 37 St & 10 Ave,6611,W 35 St & 9 Ave,6569,40.75660359,-73.9979009,40.75414519263519,-73.9960889518261,member
1178840,5025F21BDD84D388,electric_bike,2022-03-01 08:46:53,2022-03-01 08:56:53,W 10 St & Washington St,5847,W 35 St & 9 Ave,6569,40.73342399437081,-74.00851495563984,40.75414519263519,-73.9960889518261,member
1178850,47A0083393E741E1,classic_bike,2022-03-01 17:19:49,2022-03-01 17:22:40,W 37 St & 10 Ave,6611,W 35 St & 9 Ave,6569,40.75660359,-73.9979009,40.75414519263519,-73.9960889518261,member
1178889,B9A1D8E809304B4B,classic_bike,2022-03-03 09:50:15,2022-03-03 09:59:24,Broadway & W 38 St,6560,W 35 St & 9 Ave,6569,40.7529728216068,-73.98734897375107,40.75414519263519,-73.9960889518261,member
1178890,CC8AFD19C0B08D39,electric_bike,2022-03-24 19:31:10,2022-03-24 19:36:45,W 27 St & 7 Ave,6247,W 35 St & 9 Ave,6569,40.746647,-73.993915,40.75414519263519,-73.9960889518261,member
1178918,B019CF5166B99601,classic_bike,2022-03-18 09:16:59,2022-03-18 09:28:20,Madison Ave & E 26 St,6131,W 35 St & 9 Ave,6569,40.742684734875695,-73.98671329021454,40.75414519263519,-73.9960889518261,member
1178927,925BAD82E73928E1,classic_bike,2022-03-10 15:46:28,2022-03-10 15:48:52,W 37 St & 10 Ave,6611,W 35 St & 9 Ave,6569,40.75660359,-73.9979009,40.75414519263519,-73.9960889518261,member
1178931,6D903488A902E734,classic_bike,2022-03-08 07:59:43,2022-03-08 08:17:27,1 Ave & E 68 St,6822,W 35 St & 9 Ave,6569,40.76500525,-73.95818491,40.75414519263519,-73.9960889518261,member
1178941,01E561967534A2AA,electric_bike,2022-03-30 17:28:08,2022-03-30 17:40:24,E 51 St & 2 Ave,6575,W 35 St & 9 Ave,6569,40.755293,-73.967641,40.75414519263519,-73.9960889518261,member
1178942,E9FB464F58C1A651,electric_bike,2022-03-01 13:59:36,2022-03-01 14:08:26,W 55 St & 6 Ave,6809,W 35 St & 9 Ave,6569,40.763189,-73.978434,40.75414519263519,-73.9960889518261,member
1178950,24CCF3B8B225954A,electric_bike,2022-03-29 17:07:04,2022-03-29 17:17:27,W 55 St & 6 Ave,6809,W 35 St & 9 Ave,6569,40.763189,-73.978434,40.75414519263519,-73.9960889518261,casual
1178958,D27DFBE25179FD5F,classic_bike,2022-03-30 08:49:20,2022-03-30 08:59:26,W 55 St & 6 Ave,6809,W 35 St & 9 Ave,6569,40.763189,-73.978434,40.75414519263519,-73.9960889518261,member
1178970,179DB9BEF1953778,classic_bike,2022-03-26 15:08:15,2022-03-26 15:16:34,W 16 St & The High Line,6233,W 35 St & 9 Ave,6569,40.74334935,-74.00681753,40.75414519263519,-73.9960889518261,member
1178998,2A2284E2E329140C,electric_bike,2022-03-17 17:54:47,2022-03-17 18:03:54,5 Ave & E 29 St,6248,W 35 St & 9 Ave,6569,40.7451677,-73.98683077,40.75414519263519,-73.9960889518261,member
1179002,1F471B7204F8CA99,electric_bike,2022-03-11 18:11:22,2022-03-11 19:29:30,5 Ave & E 29 St,6248,W 35 St & 9 Ave,6569,40.7451677,-73.98683077,40.75414519263519,-73.9960889518261,member
1179031,A17C55AC9FF2B72D,classic_bike,2022-03-07 07:27:02,2022-03-07 07:38:17,E 47 St & Park Ave,6584,W 35 St & 9 Ave,6569,40.75510267,-73.97498696,40.75414519263519,-73.9960889518261,member
1179032,CDA41468BB2510A1,classic_bike,2022-03-02 07:56:52,2022-03-02 08:08:28,E 47 St & Park Ave,6584,W 35 St & 9 Ave,6569,40.75510267,-73.97498696,40.75414519263519,-73.9960889518261,member
1179068,7388B3B6FE3BACF9,classic_bike,2022-03-04 17:43:02,2022-03-04 17:45:37,8 Ave & W 33 St,6450,W 35 St & 9 Ave,6569,40.751551,-73.993934,40.75414519263519,-73.9960889518261,member
1179070,4A14A51E9D1105A3,classic_bike,2022-03-03 17:35:55,2022-03-03 17:38:36,8 Ave & W 33 St,6450,W 35 St & 9 Ave,6569,40.751551,-73.993934,40.75414519263519,-73.9960889518261,member
1179071,2EE63DF08819069F,classic_bike,2022-03-03 17:44:02,2022-03-03 17:46:25,8 Ave & W 33 St,6450,W 35 St & 9 Ave,6569,40.751551,-73.993934,40.75414519263519,-73.9960889518261,member
1179077,313567F4D8FA3891,classic_bike,2022-03-24 09:16:53,2022-03-24 09:20:42,8 Ave & W 33 St,6450,W 35 St & 9 Ave,6569,40.751551,-73.993934,40.75414519263519,-73.9960889518261,member
1179082,9ECD8305069F0174,classic_bike,2022-03-11 13:25:17,2022-03-11 13:27:21,8 Ave & W 33 St,6450,W 35 St & 9 Ave,6569,40.751551,-73.993934,40.75414519263519,-73.9960889518261,member
1179083,0AF208135B642D75,classic_bike,2022-03-11 13:32:48,2022-03-11 13:35:24,8 Ave & W 33 St,6450,W 35 St & 9 Ave,6569,40.751551,-73.993934,40.75414519263519,-73.9960889518261,member
1179084,9B7BD6D875937B7D,classic_bike,2022-03-11 12:25:12,2022-03-11 12:27:17,8 Ave & W 33 St,6450,W 35 St & 9 Ave,6569,40.751551,-73.993934,40.75414519263519,-73.9960889518261,member
1179085,3449FD11255E70B6,classic_bike,2022-03-11 13:40:15,2022-03-11 13:42:35,8 Ave & W 33 St,6450,W 35 St & 9 Ave,6569,40.751551,-73.993934,40.75414519263519,-73.9960889518261,member
1179086,0EBC72707AC6D3C4,classic_bike,2022-03-11 12:40:10,2022-03-11 12:42:53,8 Ave & W 33 St,6450,W 35 St & 9 Ave,6569,40.751551,-73.993934,40.75414519263519,-73.9960889518261,member
1179087,FF5FB8E646FBF335,classic_bike,2022-03-11 12:32:26,2022-03-11 12:35:10,8 Ave & W 33 St,6450,W 35 St & 9 Ave,6569,40.751551,-73.993934,40.75414519263519,-73.9960889518261,member
1179089,CD72D8218CD45F4A,electric_bike,2022-03-08 06:33:25,2022-03-08 06:35:41,8 Ave & W 33 St,6450,W 35 St & 9 Ave,6569,40.751551,-73.993934,40.75414519263519,-73.9960889518261,member
1179090,ECADDC47C31523F7,classic_bike,2022-03-31 17:21:48,2022-03-31 17:26:48,8 Ave & W 33 St,6450,W 35 St & 9 Ave,6569,40.751551,-73.993934,40.75414519263519,-73.9960889518261,member
1179100,5F02BCC57D8DBFC0,classic_bike,2022-03-07 17:41:30,2022-03-07 18:15:59,Frederick Douglass Blvd & W 117 St,7688,W 35 St & 9 Ave,6569,40.805159,-73.954692,40.75414519263519,-73.9960889518261,member
1179107,0A6C43C2D8BE3EB6,classic_bike,2022-03-21 08:07:57,2022-03-21 08:19:27,W 55 St & 6 Ave,6809,W 35 St & 9 Ave,6569,40.763189,-73.978434,40.75414519263519,-73.9960889518261,member
1179109,E1204BF44EB1A122,classic_bike,2022-03-25 15:31:27,2022-03-25 15:47:13,W 55 St & 6 Ave,6809,W 35 St & 9 Ave,6569,40.763189,-73.978434,40.75414519263519,-73.9960889518261,member
1179112,6BA167923048CD89,electric_bike,2022-03-02 08:48:22,2022-03-02 09:05:46,E 51 St & 2 Ave,6575,W 35 St & 9 Ave,6569,40.755293,-73.967641,40.75414519263519,-73.9960889518261,member
1179133,AF15BC3930113313,classic_bike,2022-03-16 17:45:43,2022-03-16 18:02:21,Broadway & W 38 St,6560,W 35 St & 9 Ave,6569,40.7529728216068,-73.98734897375107,40.75414519263519,-73.9960889518261,member
1179137,14D4A7888943A616,classic_bike,2022-03-04 16:09:15,2022-03-04 16:14:02,W 27 St & 7 Ave,6247,W 35 St & 9 Ave,6569,40.746647,-73.993915,40.75414519263519,-73.9960889518261,member
1179140,328CD8F0587A5F33,classic_bike,2022-03-27 12:38:03,2022-03-27 12:43:38,W 27 St & 7 Ave,6247,W 35 St & 9 Ave,6569,40.746647,-73.993915,40.75414519263519,-73.9960889518261,member
1179147,B114FF886326E269,classic_bike,2022-03-24 17:13:52,2022-03-24 17:22:45,W 27 St & 7 Ave,6247,W 35 St & 9 Ave,6569,40.746647,-73.993915,40.75414519263519,-73.9960889518261,member
1179169,08A9F65D1F4C1679,classic_bike,2022-03-11 16:03:15,2022-03-11 16:05:28,8 Ave & W 33 St,6450,W 35 St & 9 Ave,6569,40.751551,-73.993934,40.75414519263519,-73.9960889518261,member
1179170,5781D47C19F67C67,classic_bike,2022-03-11 15:50:04,2022-03-11 15:52:03,8 Ave & W 33 St,6450,W 35 St & 9 Ave,6569,40.751551,-73.993934,40.75414519263519,-73.9960889518261,member
1179171,650851BA2C41B7EB,classic_bike,2022-03-11 16:10:12,2022-03-11 16:12:47,8 Ave & W 33 St,6450,W 35 St & 9 Ave,6569,40.751551,-73.993934,40.75414519263519,-73.9960889518261,member
1179172,6D636BCB45357405,classic_bike,2022-03-11 16:30:30,2022-03-11 16:32:22,8 Ave & W 33 St,6450,W 35 St & 9 Ave,6569,40.751551,-73.993934,40.75414519263519,-73.9960889518261,member
1179173,C57AD36E9CD57382,classic_bike,2022-03-11 15:56:28,2022-03-11 15:59:04,8 Ave & W 33 St,6450,W 35 St & 9 Ave,6569,40.751551,-73.993934,40.75414519263519,-73.9960889518261,member
1179174,A88D9E656F9BA849,classic_bike,2022-03-11 16:16:55,2022-03-11 16:19:12,8 Ave & W 33 St,6450,W 35 St & 9 Ave,6569,40.751551,-73.993934,40.75414519263519,-73.9960889518261,member
1179175,2745E99173E23E93,classic_bike,2022-03-11 16:23:52,2022-03-11 16:26:02,8 Ave & W 33 St,6450,W 35 St & 9 Ave,6569,40.751551,-73.993934,40.75414519263519,-73.9960889518261,member
1179177,51A1F135E5526619,classic_bike,2022-03-03 08:26:38,2022-03-03 08:31:12,6 Ave & W 34 St,6364,W 35 St & 9 Ave,6569,40.74964,-73.98805,40.75414519263519,-73.9960889518261,member
1179179,07E50D91FFEBA204,electric_bike,2022-03-20 15:33:18,2022-03-20 15:35:29,8 Ave & W 33 St,6450,W 35 St & 9 Ave,6569,40.751551,-73.993934,40.75414519263519,-73.9960889518261,member
1179184,36C1F09F9E24E870,classic_bike,2022-03-22 22:19:40,2022-03-22 22:23:58,8 Ave & W 33 St,6450,W 35 St & 9 Ave,6569,40.751551,-73.993934,40.75414519263519,-73.9960889518261,casual
1179216,5534B12B055B71E0,classic_bike,2022-03-31 23:04:23,2022-03-31 23:09:44,6 Ave & W 34 St,6364,W 35 St & 9 Ave,6569,40.74964,-73.98805,40.75414519263519,-73.9960889518261,member
1179222,92737B22EA78250D,classic_bike,2022-03-23 17:57:42,2022-03-23 18:17:42,1 Ave & E 68 St,6822,W 35 St & 9 Ave,6569,40.76500525,-73.95818491,40.75414519263519,-73.9960889518261,member
1179226,A9F78B009ED35F35,classic_bike,2022-03-29 08:53:33,2022-03-29 09:00:44,W 50 St & 10 Ave,6890,W 35 St & 9 Ave,6569,40.76473420006519,-73.99194359779358,40.75414519263519,-73.9960889518261,member
1179252,71F73D167AA52E37,classic_bike,2022-03-27 21:03:08,2022-03-27 21:10:42,Madison Ave & E 26 St,6131,W 35 St & 9 Ave,6569,40.742684734875695,-73.98671329021454,40.75414519263519,-73.9960889518261,casual
1179260,C5BABAD018ED402D,electric_bike,2022-03-31 09:27:41,2022-03-31 09:33:35,6 Ave & W 34 St,6364,W 35 St & 9 Ave,6569,40.74964,-73.98805,40.75414519263519,-73.9960889518261,member
1179269,2E3BB9962BB32986,classic_bike,2022-03-29 07:26:06,2022-03-29 07:33:08,6 Ave & W 34 St,6364,W 35 St & 9 Ave,6569,40.74964,-73.98805,40.75414519263519,-73.9960889518261,member
1179270,4CC5D5434C2BFF50,classic_bike,2022-03-09 07:24:13,2022-03-09 07:28:30,6 Ave & W 34 St,6364,W 35 St & 9 Ave,6569,40.74964,-73.98805,40.75414519263519,-73.9960889518261,member
1179307,8A51767C69F0950A,electric_bike,2022-03-31 09:45:01,2022-03-31 09:54:54,Greenwich Ave & 8 Ave,6072,W 35 St & 9 Ave,6569,40.7390169121,-74.0026376103,40.75414519263519,-73.9960889518261,member
1179318,AE55E68221046BDE,electric_bike,2022-03-07 17:18:41,2022-03-07 17:27:37,11 Ave & W 59 St,7059,W 35 St & 9 Ave,6569,40.77149671054441,-73.99046033620834,40.75414519263519,-73.9960889518261,member
1179322,506A9FDF116ADAAA,classic_bike,2022-03-19 16:38:15,2022-03-19 16:47:52,Madison Ave & E 26 St,6131,W 35 St & 9 Ave,6569,40.742684734875695,-73.98671329021454,40.75414519263519,-73.9960889518261,member
1179331,B299622EA4FB56F1,electric_bike,2022-03-16 16:27:07,2022-03-16 16:33:58,Greenwich Ave & 8 Ave,6072,W 35 St & 9 Ave,6569,40.7390169121,-74.0026376103,40.75414519263519,-73.9960889518261,member
1179335,2C0A83E4F8C1CBC6,electric_bike,2022-03-02 09:24:56,2022-03-02 09:32:02,Greenwich Ave & 8 Ave,6072,W 35 St & 9 Ave,6569,40.7390169121,-74.0026376103,40.75414519263519,-73.9960889518261,member
1179339,131B40B8C0750F53,classic_bike,2022-03-04 16:13:56,2022-03-04 16:15:56,W 37 St & 10 Ave,6611,W 35 St & 9 Ave,6569,40.75660359,-73.9979009,40.75414519263519,-73.9960889518261,member
1179342,B7E2D4D8DAC65994,electric_bike,2022-03-29 22:17:09,2022-03-29 22:24:32,8 Ave & W 16 St,6072,W 35 St & 9 Ave,6569,40.740983,-74.001702,40.75414519263519,-73.9960889518261,member
1179355,4C41C78570DBBCA6,electric_bike,2022-03-20 16:49:28,2022-03-20 16:56:05,8 Ave & W 16 St,6072,W 35 St & 9 Ave,6569,40.740983,-74.001702,40.75414519263519,-73.9960889518261,member
1179373,261661C86F177F35,electric_bike,2022-03-01 22:09:34,2022-03-01 22:17:31,8 Ave & W 16 St,6072,W 35 St & 9 Ave,6569,40.740983,-74.001702,40.75414519263519,-73.9960889518261,member
1179380,227E0B90915ED3CD,classic_bike,2022-03-08 08:43:59,2022-03-08 08:50:27,W 50 St & 10 Ave,6890,W 35 St & 9 Ave,6569,40.76473420006519,-73.99194359779358,40.75414519263519,-73.9960889518261,member
1179381,13A5B5DBEAE08900,classic_bike,2022-03-07 08:20:39,2022-03-07 08:26:41,W 50 St & 10 Ave,6890,W 35 St & 9 Ave,6569,40.76473420006519,-73.99194359779358,40.75414519263519,-73.9960889518261,member
1179392,2F041E8C8B83E00A,classic_bike,2022-03-19 10:14:24,2022-03-19 10:22:11,W 50 St & 10 Ave,6890,W 35 St & 9 Ave,6569,40.76473420006519,-73.99194359779358,40.75414519263519,-73.9960889518261,member
1179400,9690778C6F58E380,classic_bike,2022-03-27 13:32:16,2022-03-27 13:35:10,8 Ave & W 31 St,6450,W 35 St & 9 Ave,6569,40.7505853470215,-73.9946848154068,40.75414519263519,-73.9960889518261,member
1179403,0DEA5DC4A9836B0B,classic_bike,2022-03-10 09:49:27,2022-03-10 09:57:30,W 17 St & 8 Ave,6148,W 35 St & 9 Ave,6569,40.74177603,-74.00149746,40.75414519263519,-73.9960889518261,member
1179411,3AB3DFEC39DA5366,classic_bike,2022-03-08 08:07:06,2022-03-08 08:15:26,W 17 St & 8 Ave,6148,W 35 St & 9 Ave,6569,40.74177603,-74.00149746,40.75414519263519,-73.9960889518261,member
1179414,EAC4EDC18028A0E0,electric_bike,2022-03-29 08:37:10,2022-03-29 08:44:05,E 41 St & Madison Ave (SW corner),6474,W 35 St & 9 Ave,6569,40.752165280621966,-73.97992193698882,40.75414519263519,-73.9960889518261,member
1179422,C119F3DB22B3CC00,classic_bike,2022-03-07 12:18:07,2022-03-07 13:00:27,Murray St & Greenwich St,5288,W 35 St & 9 Ave,6569,40.71485150526252,-74.01122331619263,40.75414519263519,-73.9960889518261,casual
1179429,E7F2D96427478E0F,classic_bike,2022-03-03 08:35:20,2022-03-03 08:41:47,E 41 St & Madison Ave (SW corner),6474,W 35 St & 9 Ave,6569,40.752165280621966,-73.97992193698882,40.75414519263519,-73.9960889518261,member
1179432,76F59932E8AEA87C,classic_bike,2022-03-14 08:25:49,2022-03-14 08:29:19,8 Ave & W 31 St,6450,W 35 St & 9 Ave,6569,40.7505853470215,-73.9946848154068,40.75414519263519,-73.9960889518261,member
1179438,AD3F8E82C80C274A,classic_bike,2022-03-15 07:13:06,2022-03-15 07:19:14,E 41 St & Madison Ave (SW corner),6474,W 35 St & 9 Ave,6569,40.752165280621966,-73.97992193698882,40.75414519263519,-73.9960889518261,member
1179445,4B5688A51EFC988C,classic_bike,2022-03-23 07:12:56,2022-03-23 07:20:38,E 41 St & Madison Ave (SW corner),6474,W 35 St & 9 Ave,6569,40.752165280621966,-73.97992193698882,40.75414519263519,-73.9960889518261,member
1179451,2C051889F0AB244C,classic_bike,2022-03-21 14:12:26,2022-03-21 14:25:38,W 74 St & Columbus Ave,7230,W 35 St & 9 Ave,6569,40.7785669,-73.97754961,40.75414519263519,-73.9960889518261,member
1179481,3C08CE0FC5FDF2A8,electric_bike,2022-03-03 05:05:09,2022-03-03 05:12:32,11 Ave & W 59 St,7059,W 35 St & 9 Ave,6569,40.77149671054441,-73.99046033620834,40.75414519263519,-73.9960889518261,member
1179504,F792D30F9F324B7C,electric_bike,2022-03-02 00:35:00,2022-03-02 00:42:02,8 Ave & W 16 St,6072,W 35 St & 9 Ave,6569,40.740983,-74.001702,40.75414519263519,-73.9960889518261,member
1179505,B41C4694BCE3516F,electric_bike,2022-03-21 16:34:05,2022-03-21 16:50:13,1 Ave & E 16 St,5779,W 35 St & 9 Ave,6569,40.73221853,-73.98165557,40.75414519263519,-73.9960889518261,member
1179509,0E0AACB9B2352B0B,electric_bike,2022-03-30 18:56:10,2022-03-30 19:12:35,1 Ave & E 16 St,5779,W 35 St & 9 Ave,6569,40.73221853,-73.98165557,40.75414519263519,-73.9960889518261,member
1179554,A9B95D41E7426F06,classic_bike,2022-03-07 07:11:24,2022-03-07 07:19:33,E 41 St & Madison Ave (SW corner),6474,W 35 St & 9 Ave,6569,40.752165280621966,-73.97992193698882,40.75414519263519,-73.9960889518261,member
1179555,CB40A5D87962C2A8,classic_bike,2022-03-01 07:11:26,2022-03-01 07:19:29,E 41 St & Madison Ave (SW corner),6474,W 35 St & 9 Ave,6569,40.752165280621966,-73.97992193698882,40.75414519263519,-73.9960889518261,member
1179556,D179A05325DB64CA,classic_bike,2022-03-04 07:11:56,2022-03-04 07:19:12,E 41 St & Madison Ave (SW corner),6474,W 35 St & 9 Ave,6569,40.752165280621966,-73.97992193698882,40.75414519263519,-73.9960889518261,member
1179559,AE61F7C3B63107BB,electric_bike,2022-03-30 13:49:23,2022-03-30 13:56:24,W 17 St & 8 Ave,6148,W 35 St & 9 Ave,6569,40.74177603,-74.00149746,40.75414519263519,-73.9960889518261,member
1179563,2F93977FCC7A1392,electric_bike,2022-03-02 20:19:55,2022-03-02 20:32:21,W 11 St & 6 Ave,5914,W 35 St & 9 Ave,6569,40.73532427,-73.99800419,40.75414519263519,-73.9960889518261,member
1179581,447C1A925B8708D9,classic_bike,2022-03-30 08:24:14,2022-03-30 08:33:18,W 25 St & 6 Ave,6215,W 35 St & 9 Ave,6569,40.74395411,-73.99144871,40.75414519263519,-73.9960889518261,member
1179588,875B6F9DEAAFF9AB,electric_bike,2022-03-25 08:49:08,2022-03-25 08:56:35,E 41 St & Madison Ave (SW corner),6474,W 35 St & 9 Ave,6569,40.752165280621966,-73.97992193698882,40.75414519263519,-73.9960889518261,member
1179606,D7D3F26DE38E43B0,electric_bike,2022-03-02 09:08:37,2022-03-02 09:22:16,E 47 St & 1 Ave,6498,W 35 St & 9 Ave,6569,40.75206862,-73.96784384,40.75414519263519,-73.9960889518261,member
1179624,A9DDC7068F3548D2,classic_bike,2022-03-29 18:03:34,2022-03-29 18:09:40,W 44 St & 5 Ave,6551,W 35 St & 9 Ave,6569,40.75500254,-73.98014437,40.75414519263519,-73.9960889518261,member
1179625,EEA4CA7B2490887D,classic_bike,2022-03-14 18:04:31,2022-03-14 18:14:26,W 44 St & 5 Ave,6551,W 35 St & 9 Ave,6569,40.75500254,-73.98014437,40.75414519263519,-73.9960889518261,member
1179647,85629523DBBC4F7C,electric_bike,2022-03-31 13:26:48,2022-03-31 13:34:13,6 Ave & W 34 St,6364,W 35 St & 9 Ave,6569,40.74964,-73.98805,40.75414519263519,-73.9960889518261,member
1179656,E8758E7619CEA18C,classic_bike,2022-03-22 07:16:55,2022-03-22 07:20:38,8 Ave & W 31 St,6450,W 35 St & 9 Ave,6569,40.7505853470215,-73.9946848154068,40.75414519263519,-73.9960889518261,member
1179657,17138E260114D387,classic_bike,2022-03-01 16:24:06,2022-03-01 16:28:04,8 Ave & W 31 St,6450,W 35 St & 9 Ave,6569,40.7505853470215,-73.9946848154068,40.75414519263519,-73.9960889518261,member
1179670,1D6FC71774CFC41E,classic_bike,2022-03-09 07:11:21,2022-03-09 07:18:03,E 41 St & Madison Ave (SW corner),6474,W 35 St & 9 Ave,6569,40.752165280621966,-73.97992193698882,40.75414519263519,-73.9960889518261,member
1179679,A8F8B42BB893592C,electric_bike,2022-03-10 09:44:24,2022-03-10 09:53:34,W 44 St & 5 Ave,6551,W 35 St & 9 Ave,6569,40.75500254,-73.98014437,40.75414519263519,-73.9960889518261,member
1179681,B809BD81AA69ED36,classic_bike,2022-03-30 17:35:26,2022-03-30 17:49:42,E 53 St & Lexington Ave,6617,W 35 St & 9 Ave,6569,40.75828065,-73.97069431,40.75414519263519,-73.9960889518261,member
1179692,026494643DA70DB3,docked_bike,2022-03-27 10:59:54,2022-03-27 11:40:29,Grand Army Plaza & Central Park S,6839,W 35 St & 9 Ave,6569,40.764397,-73.973715,40.754145,-73.996089,casual
1179696,7DAE10A6CFA41D17,classic_bike,2022-03-07 08:35:12,2022-03-07 08:53:31,E 53 St & Lexington Ave,6617,W 35 St & 9 Ave,6569,40.75828065,-73.97069431,40.75414519263519,-73.9960889518261,member
1179704,3BD73293F4375EF6,classic_bike,2022-03-07 18:58:11,2022-03-07 19:11:15,E 53 St & Lexington Ave,6617,W 35 St & 9 Ave,6569,40.75828065,-73.97069431,40.75414519263519,-73.9960889518261,member
1179720,3F213D2296535FCB,electric_bike,2022-03-30 22:30:42,2022-03-30 22:37:31,8 Ave & W 16 St,6072,W 35 St & 9 Ave,6569,40.740983,-74.001702,40.75414519263519,-73.9960889518261,member
1179732,9D2E1D209BCFA18D,classic_bike,2022-03-10 14:58:26,2022-03-10 15:14:30,W 13 St & 5 Ave,5947,W 35 St & 9 Ave,6569,40.735445,-73.99431,40.75414519263519,-73.9960889518261,member
1179746,7BE4A83697F9859C,electric_bike,2022-03-15 16:27:25,2022-03-15 17:02:38,Madison Ave & E 120 St,7667,W 35 St & 9 Ave,6569,40.80295,-73.942954,40.75414519263519,-73.9960889518261,casual
1179749,3136F5AB685A1FD6,classic_bike,2022-03-21 08:38:14,2022-03-21 08:45:51,E 41 St & Madison Ave (SW corner),6474,W 35 St & 9 Ave,6569,40.752165280621966,-73.97992193698882,40.75414519263519,-73.9960889518261,member
1179756,1D3E51BE82128AEC,classic_bike,2022-03-27 14:12:59,2022-03-27 14:26:14,W 12 St & Hudson St,5997,W 35 St & 9 Ave,6569,40.73752993301071,-74.00558933615685,40.75414519263519,-73.9960889518261,member
1179757,9817B743CE34A8C6,electric_bike,2022-03-11 18:30:44,2022-03-11 18:41:21,E 41 St & Madison Ave (SE corner),6432,W 35 St & 9 Ave,6569,40.752049,-73.979635,40.75414519263519,-73.9960889518261,member
1179760,58BD4E0525582260,electric_bike,2022-03-06 18:06:49,2022-03-06 18:14:50,W 12 St & Hudson St,5997,W 35 St & 9 Ave,6569,40.73752993301071,-74.00558933615685,40.75414519263519,-73.9960889518261,member
1179775,E8C793B42C54A9CC,docked_bike,2022-03-27 11:00:13,2022-03-27 11:40:04,Grand Army Plaza & Central Park S,6839,W 35 St & 9 Ave,6569,40.764397,-73.973715,40.754145,-73.996089,casual
1179781,4E814C05625D1646,classic_bike,2022-03-29 17:41:17,2022-03-29 17:55:41,E 53 St & Lexington Ave,6617,W 35 St & 9 Ave,6569,40.75828065,-73.97069431,40.75414519263519,-73.9960889518261,member
1179783,33E2D294F68CF24F,classic_bike,2022-03-15 11:03:23,2022-03-15 11:16:35,E 53 St & Lexington Ave,6617,W 35 St & 9 Ave,6569,40.75828065,-73.97069431,40.75414519263519,-73.9960889518261,member
1179800,371F9EE064D5547A,electric_bike,2022-03-26 14:04:22,2022-03-26 14:17:22,Broadway & W 56 St,6847,W 35 St & 9 Ave,6569,40.7652654,-73.98192338,40.75414519263519,-73.9960889518261,member
1179822,5A03B7BD410F2A47,classic_bike,2022-03-02 18:19:25,2022-03-02 18:31:12,W 51 St & Rockefeller Plaza,6700,W 35 St & 9 Ave,6569,40.75973805251143,-73.97811613976955,40.75414519263519,-73.9960889518261,member
1179829,0C6EBD3042BBCA5B,classic_bike,2022-03-18 17:28:12,2022-03-18 17:28:15,W 35 St & 9 Ave,6569,W 35 St & 9 Ave,6569,40.75414519263519,-73.9960889518261,40.75414519263519,-73.9960889518261,member
1179858,BFC420D5261C3D66,classic_bike,2022-03-11 17:09:49,2022-03-11 18:43:10,W 35 St & 9 Ave,6569,W 35 St & 9 Ave,6569,40.75414519263519,-73.9960889518261,40.75414519263519,-73.9960889518261,casual
1179861,A4F15877493C84CB,electric_bike,2022-03-22 23:24:07,2022-03-22 23:24:41,W 35 St & 9 Ave,6569,W 35 St & 9 Ave,6569,40.75414519263519,-73.9960889518261,40.75414519263519,-73.9960889518261,casual
1179862,786A484C198C97F8,electric_bike,2022-03-22 23:25:03,2022-03-22 23:33:17,W 35 St & 9 Ave,6569,2 Ave & E 29 St,6122,40.75414519263519,-73.9960889518261,40.74172351097472,-73.97809267044067,casual
1179875,781440F7D472A756,electric_bike,2022-03-26 20:40:39,2022-03-26 20:43:51,W 35 St & 9 Ave,6569,W 35 St & 9 Ave,6569,40.75414519263519,-73.9960889518261,40.75414519263519,-73.9960889518261,member
1179903,A94B04D67F757BD7,classic_bike,2022-03-25 09:20:03,2022-03-25 09:39:48,Amsterdam Ave & W 82 St,7360,W 35 St & 9 Ave,6569,40.78524672,-73.97667321,40.75414519263519,-73.9960889518261,member
1179918,BC8FAC7842861031,classic_bike,2022-03-05 21:47:31,2022-03-05 21:55:01,W 20 St & 8 Ave,6224,W 35 St & 9 Ave,6569,40.74345335,-74.00004031,40.75414519263519,-73.9960889518261,member
1179919,0900FF20F0450891,classic_bike,2022-03-23 12:39:05,2022-03-23 13:01:04,Amsterdam Ave & W 82 St,7360,W 35 St & 9 Ave,6569,40.78524672,-73.97667321,40.75414519263519,-73.9960889518261,member
1179926,69DEF3C95E61FBD8,classic_bike,2022-03-20 10:17:33,2022-03-20 10:26:45,W 20 St & 8 Ave,6224,W 35 St & 9 Ave,6569,40.74345335,-74.00004031,40.75414519263519,-73.9960889518261,member
1179936,7C93D3CCD5DC7216,docked_bike,2022-03-25 14:02:07,2022-03-25 14:12:51,E 39 St & 2 Ave,6345,W 35 St & 9 Ave,6569,40.748033,-73.973828,40.754145,-73.996089,casual
1179971,F4E9C1BA4D841575,electric_bike,2022-03-22 10:40:10,2022-03-22 10:45:33,W 20 St & 8 Ave,6224,W 35 St & 9 Ave,6569,40.74345335,-74.00004031,40.75414519263519,-73.9960889518261,member
1180016,B0C334A7870D40E6,classic_bike,2022-03-18 07:12:41,2022-03-18 07:23:31,W 20 St & 8 Ave,6224,W 35 St & 9 Ave,6569,40.74345335,-74.00004031,40.75414519263519,-73.9960889518261,member
1180045,EC756B7B8485FAF2,electric_bike,2022-03-06 09:20:00,2022-03-06 09:25:45,W 20 St & 8 Ave,6224,W 35 St & 9 Ave,6569,40.74345335,-74.00004031,40.75414519263519,-73.9960889518261,member
1180049,8501AE0326292B0B,classic_bike,2022-03-08 12:49:04,2022-03-08 13:15:58,Broadway & W 56 St,6847,W 35 St & 9 Ave,6569,40.7652654,-73.98192338,40.75414519263519,-73.9960889518261,casual
1180053,77EB36DD441439D1,electric_bike,2022-03-18 09:24:13,2022-03-18 09:35:24,Broadway & W 56 St,6847,W 35 St & 9 Ave,6569,40.7652654,-73.98192338,40.75414519263519,-73.9960889518261,casual
1180063,503A707C79519C1E,classic_bike,2022-03-31 13:59:10,2022-03-31 14:06:55,9 Ave & W 45 St,6717,W 35 St & 9 Ave,6569,40.76019252,-73.9912551,40.75414519263519,-73.9960889518261,member
1180066,8AE4187A81C7B19F,electric_bike,2022-03-18 17:00:18,2022-03-18 17:03:49,9 Ave & W 45 St,6717,W 35 St & 9 Ave,6569,40.76019252,-73.9912551,40.75414519263519,-73.9960889518261,member
1180067,6A5062DAECE82F4A,classic_bike,2022-03-22 10:39:13,2022-03-22 10:44:01,9 Ave & W 45 St,6717,W 35 St & 9 Ave,6569,40.76019252,-73.9912551,40.75414519263519,-73.9960889518261,member
1180072,7B23B781093EE03D,classic_bike,2022-03-22 08:37:30,2022-03-22 08:41:28,9 Ave & W 45 St,6717,W 35 St & 9 Ave,6569,40.76019252,-73.9912551,40.75414519263519,-73.9960889518261,member
1180099,E4D60705A016BED6,classic_bike,2022-03-07 08:12:59,2022-03-07 08:23:34,Broadway & W 58 St,6948,W 35 St & 9 Ave,6569,40.76695317,-73.98169333,40.75414519263519,-73.9960889518261,member
1180100,ED043FE52311AA8A,electric_bike,2022-03-09 23:19:08,2022-03-09 23:22:04,9 Ave & W 45 St,6717,W 35 St & 9 Ave,6569,40.76019252,-73.9912551,40.75414519263519,-73.9960889518261,member
1180116,F08511E2DDAAB570,classic_bike,2022-03-14 17:28:07,2022-03-14 17:36:51,W 56 St & 10 Ave,6955,W 35 St & 9 Ave,6569,40.768254,-73.988639,40.75414519263519,-73.9960889518261,member
1180118,8CAF9BA71DA332F6,electric_bike,2022-03-23 08:08:51,2022-03-23 08:16:11,Broadway & W 56 St,6847,W 35 St & 9 Ave,6569,40.7652654,-73.98192338,40.75414519263519,-73.9960889518261,member
1180140,14F08865F60B2802,electric_bike,2022-03-10 08:35:46,2022-03-10 08:55:15,2 Ave & E 72 St,6925,W 35 St & 9 Ave,6569,40.7687620293096,-73.95840793848038,40.75414519263519,-73.9960889518261,member
1180147,6BCB4C4F0AB20C6E,classic_bike,2022-03-26 12:56:48,2022-03-26 13:15:32,Broadway & W 58 St,6948,W 35 St & 9 Ave,6569,40.76695317,-73.98169333,40.75414519263519,-73.9960889518261,casual
1180219,0EA094CCACB07D66,classic_bike,2022-03-16 14:20:11,2022-03-16 14:34:31,W 52 St & 6 Ave,6740,W 35 St & 9 Ave,6569,40.76132983124814,-73.97982001304626,40.75414519263519,-73.9960889518261,member
1180221,61C55B0484A925CD,docked_bike,2022-03-27 10:59:41,2022-03-27 11:40:33,Grand Army Plaza & Central Park S,6839,W 35 St & 9 Ave,6569,40.764397,-73.973715,40.754145,-73.996089,casual
1180222,9F54AD6D3ED82A33,classic_bike,2022-03-31 15:38:08,2022-03-31 15:51:27,Grand Army Plaza & Central Park S,6839,W 35 St & 9 Ave,6569,40.7643971,-73.97371465,40.75414519263519,-73.9960889518261,casual
1180231,05E6546974CA2405,classic_bike,2022-03-21 17:19:38,2022-03-21 17:32:33,W 51 St & Rockefeller Plaza,6700,W 35 St & 9 Ave,6569,40.75973805251143,-73.97811613976955,40.75414519263519,-73.9960889518261,member
1180240,389C00BB55FA25DD,classic_bike,2022-03-21 19:50:37,2022-03-21 20:18:48,St Marks Pl & 1 Ave,5626,W 35 St & 9 Ave,6569,40.72779126,-73.98564945,40.75414519263519,-73.9960889518261,casual
1180244,E20F56DDD16887CB,electric_bike,2022-03-04 13:51:54,2022-03-04 14:02:21,Grand Army Plaza & Central Park S,6839,W 35 St & 9 Ave,6569,40.7643971,-73.97371465,40.75414519263519,-73.9960889518261,member
1180247,26B2B946CF5116EE,electric_bike,2022-03-30 08:29:17,2022-03-30 08:40:42,W 51 St & Rockefeller Plaza,6700,W 35 St & 9 Ave,6569,40.75973805251143,-73.97811613976955,40.75414519263519,-73.9960889518261,casual
1180273,3A54E7E35C22FAB7,classic_bike,2022-03-31 16:38:07,2022-03-31 17:04:04,E 6 St & Avenue D,5506,W 35 St & 9 Ave,6569,40.72228087,-73.97668709,40.75414519263519,-73.9960889518261,member
1180277,048EB7BE226D95D1,classic_bike,2022-03-02 17:03:30,2022-03-02 17:26:52,E 10 St & Avenue A,5659,W 35 St & 9 Ave,6569,40.72740794,-73.98142006,40.75414519263519,-73.9960889518261,member
1180321,053016022B082D88,classic_bike,2022-03-14 09:39:14,2022-03-14 10:17:12,Broadway & Roebling St,5125,W 35 St & 9 Ave,6569,40.70924826276157,-73.96063148975372,40.75414519263519,-73.9960889518261,member
1180322,C09E817666F4F3C1,classic_bike,2022-03-10 10:24:50,2022-03-10 11:02:32,Broadway & Roebling St,5125,W 35 St & 9 Ave,6569,40.70924826276157,-73.96063148975372,40.75414519263519,-73.9960889518261,member
1180351,146C5A84504B62AC,docked_bike,2022-03-27 10:59:30,2022-03-27 11:40:39,Grand Army Plaza & Central Park S,6839,W 35 St & 9 Ave,6569,40.764397,-73.973715,40.754145,-73.996089,casual
1180362,67B69C5F66922F64,classic_bike,2022-03-02 18:06:11,2022-03-02 18:12:44,W 44 St & 5 Ave,6551,W 35 St & 9 Ave,6569,40.75500254,-73.98014437,40.75414519263519,-73.9960889518261,member
1180365,0C602AB01E4405C8,classic_bike,2022-03-03 16:57:33,2022-03-03 17:16:14,W 13 St & 5 Ave,5947,W 35 St & 9 Ave,6569,40.735445,-73.99431,40.75414519263519,-73.9960889518261,member
1180392,7D72C8FAE929E2D4,classic_bike,2022-03-09 17:54:35,2022-03-09 18:17:41,E 14 St & Avenue B,5736,W 35 St & 9 Ave,6569,40.72938685,-73.97772429,40.75414519263519,-73.9960889518261,member
1180437,5B9B637150CB31C2,classic_bike,2022-03-30 10:24:13,2022-03-30 10:43:38,E 41 St & Madison Ave (SE corner),6432,W 35 St & 9 Ave,6569,40.752049,-73.979635,40.75414519263519,-73.9960889518261,member
1180439,EE8BC121CFFA46F2,electric_bike,2022-03-10 12:43:09,2022-03-10 12:50:41,E 41 St & Madison Ave (SE corner),6432,W 35 St & 9 Ave,6569,40.752049,-73.979635,40.75414519263519,-73.9960889518261,casual
1180447,FE23533C63FD7184,classic_bike,2022-03-15 08:47:16,2022-03-15 08:55:06,E 41 St & Madison Ave (SE corner),6432,W 35 St & 9 Ave,6569,40.752049,-73.979635,40.75414519263519,-73.9960889518261,member
1180458,654D8C262EDA8044,classic_bike,2022-03-03 10:04:39,2022-03-03 10:42:44,Broadway & Roebling St,5125,W 35 St & 9 Ave,6569,40.70924826276157,-73.96063148975372,40.75414519263519,-73.9960889518261,member
1180488,7E1D93D5BD879163,classic_bike,2022-03-02 08:18:56,2022-03-02 08:45:25,11 Ave & W 59 St,7059,W 35 St & 9 Ave,6569,40.77149671054441,-73.99046033620834,40.75414519263519,-73.9960889518261,member
1180494,96A7617B731652F3,electric_bike,2022-03-31 22:15:47,2022-03-31 22:23:41,8 Ave & W 16 St,6072,W 35 St & 9 Ave,6569,40.740983,-74.001702,40.75414519263519,-73.9960889518261,member
1180498,3DAC44CAC365D015,electric_bike,2022-03-07 19:13:03,2022-03-07 19:20:54,Greenwich Ave & 8 Ave,6072,W 35 St & 9 Ave,6569,40.7390169121,-74.0026376103,40.75414519263519,-73.9960889518261,member
1180508,4E8C2F5838274DF7,classic_bike,2022-03-18 15:50:04,2022-03-18 15:58:04,W 50 St & 10 Ave,6890,W 35 St & 9 Ave,6569,40.76473420006519,-73.99194359779358,40.75414519263519,-73.9960889518261,member
1180556,0F63DD30AE1407D3,classic_bike,2022-03-31 08:59:02,2022-03-31 09:21:18,1 Ave & E 68 St,6822,W 35 St & 9 Ave,6569,40.76500525,-73.95818491,40.75414519263519,-73.9960889518261,member
1180570,3A2748EA39177AF3,electric_bike,2022-03-15 19:15:53,2022-03-15 19:53:57,Congress St & Clinton St,4455,W 35 St & 9 Ave,6569,40.68825516598005,-73.99545192718506,40.75414519263519,-73.9960889518261,member
1180588,1DE59E3BCB01F389,electric_bike,2022-03-08 17:18:04,2022-03-08 17:25:24,W 54 St & 9 Ave,6920,W 35 St & 9 Ave,6569,40.76584941,-73.98690506,40.75414519263519,-73.9960889518261,member
1180596,A491AA68EF8BF913,electric_bike,2022-03-26 17:54:21,2022-03-26 18:11:18,Columbus Ave & W 72 St,7175,W 35 St & 9 Ave,6569,40.7770575,-73.97898475,40.75414519263519,-73.9960889518261,member
1180601,A216D9499159DA3A,classic_bike,2022-03-03 21:33:30,2022-03-03 21:44:38,E 50 St & Park Ave,6659,W 35 St & 9 Ave,6569,40.757334,-73.974235,40.75414519263519,-73.9960889518261,member
1180634,B79A917F101473FE,classic_bike,2022-03-14 08:35:03,2022-03-14 08:49:01,Columbus Ave & W 72 St,7175,W 35 St & 9 Ave,6569,40.7770575,-73.97898475,40.75414519263519,-73.9960889518261,member
1180636,4311E90323C721A1,classic_bike,2022-03-13 14:05:44,2022-03-13 14:25:10,Columbus Ave & W 72 St,7175,W 35 St & 9 Ave,6569,40.7770575,-73.97898475,40.75414519263519,-73.9960889518261,member
1180653,3E9DA744F45CA48A,electric_bike,2022-03-26 18:48:09,2022-03-26 18:49:53,8 Ave & W 33 St,6450,W 35 St & 9 Ave,6569,40.751551,-73.993934,40.75414519263519,-73.9960889518261,member
1180656,5C3020FD4BBC2A51,classic_bike,2022-03-23 17:35:49,2022-03-23 17:38:23,8 Ave & W 33 St,6450,W 35 St & 9 Ave,6569,40.751551,-73.993934,40.75414519263519,-73.9960889518261,member
1180657,2B176D011FBE071C,classic_bike,2022-03-23 17:59:47,2022-03-23 18:02:22,8 Ave & W 33 St,6450,W 35 St & 9 Ave,6569,40.751551,-73.993934,40.75414519263519,-73.9960889518261,member
1180692,EA944881879A6388,electric_bike,2022-03-05 13:38:17,2022-03-05 13:57:50,E 40 St & 5 Ave,6474,W 35 St & 9 Ave,6569,40.752062307,-73.9816324043,40.75414519263519,-73.9960889518261,casual
1180709,416421B16873C7F7,classic_bike,2022-03-03 08:40:52,2022-03-03 08:47:36,W 50 St & 10 Ave,6890,W 35 St & 9 Ave,6569,40.76473420006519,-73.99194359779358,40.75414519263519,-73.9960889518261,member
1180711,EC978E794BFEB6FB,classic_bike,2022-03-15 08:38:26,2022-03-15 08:44:40,W 50 St & 10 Ave,6890,W 35 St & 9 Ave,6569,40.76473420006519,-73.99194359779358,40.75414519263519,-73.9960889518261,member
1180714,15591B1F1DBE78BF,classic_bike,2022-03-31 09:00:37,2022-03-31 09:07:03,W 50 St & 10 Ave,6890,W 35 St & 9 Ave,6569,40.76473420006519,-73.99194359779358,40.75414519263519,-73.9960889518261,member
1180715,D6576E8211F2BA2B,classic_bike,2022-03-30 15:45:56,2022-03-30 15:54:50,W 50 St & 10 Ave,6890,W 35 St & 9 Ave,6569,40.76473420006519,-73.99194359779358,40.75414519263519,-73.9960889518261,member
1180717,1944E8CE597F6887,electric_bike,2022-03-24 15:39:19,2022-03-24 15:56:34,Avenue D & E 10 St,5575,W 35 St & 9 Ave,6569,40.72506551015475,-73.97515833377838,40.75414519263519,-73.9960889518261,casual
1180723,FA63CB02F857A1F2,electric_bike,2022-03-06 21:49:31,2022-03-06 21:57:19,8 Ave & W 16 St,6072,W 35 St & 9 Ave,6569,40.740983,-74.001702,40.75414519263519,-73.9960889518261,member
1180727,735077560D5669C0,classic_bike,2022-03-06 00:25:42,2022-03-06 00:34:37,8 Ave & W 16 St,6072,W 35 St & 9 Ave,6569,40.740983,-74.001702,40.75414519263519,-73.9960889518261,casual
1180735,20F23196F9C725AB,electric_bike,2022-03-22 16:57:22,2022-03-22 17:00:53,W 42 St & 8 Ave,6602,W 35 St & 9 Ave,6569,40.7575699,-73.99098507,40.75414519263519,-73.9960889518261,member
1180737,27CC1C5067ECC344,classic_bike,2022-03-28 08:15:47,2022-03-28 08:19:33,6 Ave & W 34 St,6364,W 35 St & 9 Ave,6569,40.74964,-73.98805,40.75414519263519,-73.9960889518261,member
1180738,7E446D8E3E346BA7,classic_bike,2022-03-14 07:24:05,2022-03-14 07:30:42,6 Ave & W 34 St,6364,W 35 St & 9 Ave,6569,40.74964,-73.98805,40.75414519263519,-73.9960889518261,member
1180740,0D12AD3B317DB1A6,classic_bike,2022-03-11 07:51:28,2022-03-11 07:55:31,6 Ave & W 34 St,6364,W 35 St & 9 Ave,6569,40.74964,-73.98805,40.75414519263519,-73.9960889518261,member
1180757,4A49F2A47ED9ADB5,classic_bike,2022-03-31 08:53:21,2022-03-31 09:08:31,Riverside Blvd & W 67 St,7183,W 35 St & 9 Ave,6569,40.777507027547976,-73.98888587951659,40.75414519263519,-73.9960889518261,member
1180766,4EC8F7F35730AEF7,electric_bike,2022-03-21 07:45:14,2022-03-21 07:49:35,6 Ave & W 34 St,6364,W 35 St & 9 Ave,6569,40.74964,-73.98805,40.75414519263519,-73.9960889518261,member
1180780,E74922206BF1F335,classic_bike,2022-03-08 07:20:42,2022-03-08 07:26:24,6 Ave & W 34 St,6364,W 35 St & 9 Ave,6569,40.74964,-73.98805,40.75414519263519,-73.9960889518261,member
1180792,9BDCBDBDC47A69A9,classic_bike,2022-03-16 07:31:10,2022-03-16 07:49:42,W 84 St & Broadway,7409,W 35 St & 9 Ave,6569,40.7867947,-73.977112,40.75414519263519,-73.9960889518261,member
1180795,3E0D4754239846EA,electric_bike,2022-03-08 08:21:23,2022-03-08 08:32:23,Greenwich Ave & 8 Ave,6072,W 35 St & 9 Ave,6569,40.7390169121,-74.0026376103,40.75414519263519,-73.9960889518261,member
1180797,96F35AEC8A669C23,classic_bike,2022-03-18 08:46:06,2022-03-18 09:02:43,Amsterdam Ave & W 73 St,7260,W 35 St & 9 Ave,6569,40.77966809007312,-73.98093044757842,40.75414519263519,-73.9960889518261,member
1180812,55CFD6CE0D240FB0,classic_bike,2022-03-09 06:51:04,2022-03-09 06:54:32,6 Ave & W 34 St,6364,W 35 St & 9 Ave,6569,40.74964,-73.98805,40.75414519263519,-73.9960889518261,casual
1180816,F7CCCC74497CF335,classic_bike,2022-03-04 06:57:53,2022-03-04 07:01:42,6 Ave & W 34 St,6364,W 35 St & 9 Ave,6569,40.74964,-73.98805,40.75414519263519,-73.9960889518261,casual
1180818,71E074B9AA3C616E,electric_bike,2022-03-24 07:01:50,2022-03-24 07:05:12,6 Ave & W 34 St,6364,W 35 St & 9 Ave,6569,40.74964,-73.98805,40.75414519263519,-73.9960889518261,casual
1180824,F71F1D81CE0F2294,classic_bike,2022-03-17 08:43:43,2022-03-17 08:50:01,W 50 St & 10 Ave,6890,W 35 St & 9 Ave,6569,40.76473420006519,-73.99194359779358,40.75414519263519,-73.9960889518261,member
1180825,623B3F771AD071F1,classic_bike,2022-03-01 08:27:38,2022-03-01 08:34:39,W 50 St & 10 Ave,6890,W 35 St & 9 Ave,6569,40.76473420006519,-73.99194359779358,40.75414519263519,-73.9960889518261,member
1180826,B049C93B70ED3FD4,classic_bike,2022-03-15 21:00:24,2022-03-15 21:10:50,E 27 St & Park Ave S,6131,W 35 St & 9 Ave,6569,40.74275179648995,-73.9847157150507,40.75414519263519,-73.9960889518261,member
1180827,2A5CE39ECEB74118,classic_bike,2022-03-15 09:52:46,2022-03-15 10:05:35,E 27 St & Park Ave S,6131,W 35 St & 9 Ave,6569,40.74275179648995,-73.9847157150507,40.75414519263519,-73.9960889518261,member
1180830,B6BC1F97F744E4FB,classic_bike,2022-03-03 17:49:22,2022-03-03 17:51:56,8 Ave & W 33 St,6450,W 35 St & 9 Ave,6569,40.751551,-73.993934,40.75414519263519,-73.9960889518261,member
1180833,42D4E05157CEEC59,classic_bike,2022-03-21 15:48:56,2022-03-21 15:51:56,8 Ave & W 33 St,6450,W 35 St & 9 Ave,6569,40.751551,-73.993934,40.75414519263519,-73.9960889518261,member
1180840,AB22833A48DCF2F0,classic_bike,2022-03-01 12:39:07,2022-03-01 12:53:19,W 55 St & 6 Ave,6809,W 35 St & 9 Ave,6569,40.763189,-73.978434,40.75414519263519,-73.9960889518261,member
1180854,6FED5554F9F8F81B,classic_bike,2022-03-04 09:39:57,2022-03-04 10:06:32,Hudson Blvd E & W 36 St,6611,W 35 St & 9 Ave,6569,40.75630628938069,-73.99951145061095,40.75414519263519,-73.9960889518261,member
1180857,16B87582EF31BB85,classic_bike,2022-03-31 16:01:18,2022-03-31 16:04:36,Hudson Blvd E & W 36 St,6611,W 35 St & 9 Ave,6569,40.75630628938069,-73.99951145061095,40.75414519263519,-73.9960889518261,member
1180860,7C1EFAB35C49CB48,classic_bike,2022-03-04 17:14:04,2022-03-04 17:15:49,8 Ave & W 33 St,6450,W 35 St & 9 Ave,6569,40.751551,-73.993934,40.75414519263519,-73.9960889518261,member
1180861,E52F9DE02125E17F,classic_bike,2022-03-04 17:26:05,2022-03-04 17:27:57,8 Ave & W 33 St,6450,W 35 St & 9 Ave,6569,40.751551,-73.993934,40.75414519263519,-73.9960889518261,member
1180862,669F97674F174DC9,classic_bike,2022-03-04 17:19:38,2022-03-04 17:21:44,8 Ave & W 33 St,6450,W 35 St & 9 Ave,6569,40.751551,-73.993934,40.75414519263519,-73.9960889518261,member
1180873,D6A4B197EC75AB57,electric_bike,2022-03-31 08:09:47,2022-03-31 08:18:45,Columbus Ave & W 72 St,7175,W 35 St & 9 Ave,6569,40.7770575,-73.97898475,40.75414519263519,-73.9960889518261,member
1180874,01C7BE6DBAE2D36A,electric_bike,2022-03-02 09:16:27,2022-03-02 09:21:10,Hudson Blvd E & W 36 St,6611,W 35 St & 9 Ave,6569,40.75630628938069,-73.99951145061095,40.75414519263519,-73.9960889518261,member
1180925,CA67571D45155E91,classic_bike,2022-03-11 23:25:51,2022-03-11 23:35:33,8 Ave & W 16 St,6072,W 35 St & 9 Ave,6569,40.740983,-74.001702,40.75414519263519,-73.9960889518261,casual
1180939,D637EC34C888F452,classic_bike,2022-03-16 08:47:54,2022-03-16 08:58:33,W 56 St & 6 Ave,6809,W 35 St & 9 Ave,6569,40.76340613,-73.97722479,40.75414519263519,-73.9960889518261,member
1180966,58E5C6ADCC66D8AE,electric_bike,2022-03-10 14:04:49,2022-03-10 14:37:27,31 St & Hoyt Ave N,7018,W 35 St & 9 Ave,6569,40.7711528,-73.9170074,40.75414519263519,-73.9960889518261,member
1180982,EEA69821BDB5A824,electric_bike,2022-03-30 08:30:53,2022-03-30 08:51:29,1 Ave & E 78 St,7020,W 35 St & 9 Ave,6569,40.77140426,-73.9535166,40.75414519263519,-73.9960889518261,member
1180983,70D0728C614489FE,classic_bike,2022-03-23 08:24:12,2022-03-23 08:45:06,1 Ave & E 78 St,7020,W 35 St & 9 Ave,6569,40.77140426,-73.9535166,40.75414519263519,-73.9960889518261,member
1180992,4FD820333CE52F06,classic_bike,2022-03-20 16:20:12,2022-03-20 17:06:13,1 Ave & E 78 St,7020,W 35 St & 9 Ave,6569,40.77140426,-73.9535166,40.75414519263519,-73.9960889518261,casual
1181023,C2A92F103A803335,classic_bike,2022-03-22 11:34:13,2022-03-22 11:44:29,Perry St & Greenwich Ave,5955,W 35 St & 9 Ave,6569,40.735918,-74.000939,40.75414519263519,-73.9960889518261,member
1181027,A043A7BB1DDC0BFF,classic_bike,2022-03-30 08:35:48,2022-03-30 08:54:23,4 Ave & E 12 St,5788,W 35 St & 9 Ave,6569,40.732647,-73.99011,40.75414519263519,-73.9960889518261,member
1181028,5B77AD4EF8C948F1,classic_bike,2022-03-15 08:13:48,2022-03-15 08:29:36,Amsterdam Ave & W 73 St,7260,W 35 St & 9 Ave,6569,40.77966809007312,-73.98093044757842,40.75414519263519,-73.9960889518261,member
1181033,1BCE3723D42FD824,classic_bike,2022-03-07 17:35:48,2022-03-07 17:38:38,Hudson Blvd E & W 36 St,6611,W 35 St & 9 Ave,6569,40.75630628938069,-73.99951145061095,40.75414519263519,-73.9960889518261,member
1181040,281C250D447E1E52,electric_bike,2022-03-22 11:43:34,2022-03-22 12:03:07,Grand St & Elizabeth St,5382,W 35 St & 9 Ave,6569,40.718822,-73.99596,40.75414519263519,-73.9960889518261,member
1181048,AFF1EE25B3331C64,classic_bike,2022-03-04 15:41:17,2022-03-04 15:53:55,E 40 St & 5 Ave,6474,W 35 St & 9 Ave,6569,40.752062307,-73.9816324043,40.75414519263519,-73.9960889518261,member
1181054,7D9A91A52A82E611,electric_bike,2022-03-30 11:36:56,2022-03-30 11:48:00,Perry St & Greenwich Ave,5955,W 35 St & 9 Ave,6569,40.735918,-74.000939,40.75414519263519,-73.9960889518261,member
1181057,EAC2DECDEDBBB318,classic_bike,2022-03-01 07:12:39,2022-03-01 07:51:30,South St & Pike St,5159,W 35 St & 9 Ave,6569,40.70991806921533,-73.99161100387573,40.75414519263519,-73.9960889518261,casual
1181061,240E16E2E64750F0,classic_bike,2022-03-06 19:57:31,2022-03-06 20:13:02,W 37 St & 5 Ave,6398,W 35 St & 9 Ave,6569,40.75038009,-73.98338988,40.75414519263519,-73.9960889518261,casual
1181098,FA19435F3335D5BA,classic_bike,2022-03-08 08:25:49,2022-03-08 08:47:14,Columbus Ave & W 72 St,7175,W 35 St & 9 Ave,6569,40.7770575,-73.97898475,40.75414519263519,-73.9960889518261,member
1181100,CCB88A4280D7B7B8,classic_bike,2022-03-30 07:28:27,2022-03-30 07:45:42,W 84 St & Broadway,7409,W 35 St & 9 Ave,6569,40.7867947,-73.977112,40.75414519263519,-73.9960889518261,member
1181103,707251D08A881676,classic_bike,2022-03-15 23:39:47,2022-03-15 23:46:13,W 50 St & 9 Ave,6854,W 35 St & 9 Ave,6569,40.76360467795863,-73.98917958140373,40.75414519263519,-73.9960889518261,member
1181105,996D7B8E9AF22BCA,electric_bike,2022-03-17 17:02:01,2022-03-17 17:10:17,W 37 St & 5 Ave,6398,W 35 St & 9 Ave,6569,40.75038009,-73.98338988,40.75414519263519,-73.9960889518261,member
1181116,06CF820FBB777D59,classic_bike,2022-03-02 07:23:19,2022-03-02 07:27:45,Broadway & W 36 St,6441,W 35 St & 9 Ave,6569,40.75097711,-73.98765428,40.75414519263519,-73.9960889518261,member
1181122,EDDD2982EB71EF97,classic_bike,2022-03-20 13:46:56,2022-03-20 14:39:41,W 106 St & Amsterdam Ave,7634,W 35 St & 9 Ave,6569,40.8008363,-73.9664492472,40.75414519263519,-73.9960889518261,casual
1181123,23DC22149F106401,electric_bike,2022-03-16 22:46:38,2022-03-16 22:50:31,Broadway & W 36 St,6441,W 35 St & 9 Ave,6569,40.75097711,-73.98765428,40.75414519263519,-73.9960889518261,casual
1181125,C8DA9593F91EDEBF,electric_bike,2022-03-01 17:48:49,2022-03-01 17:52:00,Broadway & W 36 St,6441,W 35 St & 9 Ave,6569,40.75097711,-73.98765428,40.75414519263519,-73.9960889518261,member
1181127,DF615A4CF197E831,electric_bike,2022-03-02 16:43:48,2022-03-02 16:48:57,W 50 St & 9 Ave,6854,W 35 St & 9 Ave,6569,40.76360467795863,-73.98917958140373,40.75414519263519,-73.9960889518261,member
1181130,900180362B5A5BAF,electric_bike,2022-03-08 18:16:48,2022-03-08 18:32:11,E 11 St & 1 Ave,5746,W 35 St & 9 Ave,6569,40.72953837,-73.98426726,40.75414519263519,-73.9960889518261,member
1181141,0CBEB0C0A316720E,classic_bike,2022-03-06 19:51:00,2022-03-06 19:55:32,W 37 St & Broadway,6441,W 35 St & 9 Ave,6569,40.75227093837409,-73.98770570755005,40.75414519263519,-73.9960889518261,member
1181142,EF34D64BA562C583,classic_bike,2022-03-28 07:24:41,2022-03-28 07:29:59,Broadway & W 36 St,6441,W 35 St & 9 Ave,6569,40.75097711,-73.98765428,40.75414519263519,-73.9960889518261,member
1181143,0A6E72EEE05C24B7,electric_bike,2022-03-24 08:53:50,2022-03-24 08:57:52,W 50 St & 9 Ave,6854,W 35 St & 9 Ave,6569,40.76360467795863,-73.98917958140373,40.75414519263519,-73.9960889518261,member
1181149,787C6C20CD2E2479,classic_bike,2022-03-13 16:28:40,2022-03-13 16:32:30,Broadway & W 36 St,6441,W 35 St & 9 Ave,6569,40.75097711,-73.98765428,40.75414519263519,-73.9960889518261,member
1181158,2E26B3130DBDE097,classic_bike,2022-03-31 13:08:47,2022-03-31 13:12:52,Broadway & W 36 St,6441,W 35 St & 9 Ave,6569,40.75097711,-73.98765428,40.75414519263519,-73.9960889518261,member
1181172,0206EF9D1B2AB389,classic_bike,2022-03-12 00:09:31,2022-03-12 00:13:27,Broadway & W 36 St,6441,W 35 St & 9 Ave,6569,40.75097711,-73.98765428,40.75414519263519,-73.9960889518261,member
1181176,E08A904831CDDCE7,classic_bike,2022-03-01 08:49:59,2022-03-01 08:53:42,Broadway & W 36 St,6441,W 35 St & 9 Ave,6569,40.75097711,-73.98765428,40.75414519263519,-73.9960889518261,member
1181177,A7B56ECD28976F63,classic_bike,2022-03-01 08:46:42,2022-03-01 08:51:57,W 50 St & 9 Ave,6854,W 35 St & 9 Ave,6569,40.76360467795863,-73.98917958140373,40.75414519263519,-73.9960889518261,member
1181181,01DEA8D3F4BDD428,classic_bike,2022-03-06 17:51:22,2022-03-06 18:05:45,W 54 St & 11 Ave,6955,W 35 St & 9 Ave,6569,40.768333,-73.992573,40.75414519263519,-73.9960889518261,member
1181203,79359D98F73475C8,classic_bike,2022-03-18 00:11:53,2022-03-18 00:22:01,E 25 St & 2 Ave,6046,W 35 St & 9 Ave,6569,40.73912601,-73.97973776,40.75414519263519,-73.9960889518261,member
1181207,BDE302ED3CE7EA0C,classic_bike,2022-03-05 14:41:24,2022-03-05 15:13:33,E 78 St & 2 Ave,7057,W 35 St & 9 Ave,6569,40.7727966,-73.95577801,40.75414519263519,-73.9960889518261,member
1181213,022FF60D68311E7E,classic_bike,2022-03-26 15:02:33,2022-03-26 15:18:11,Columbus Ave & W 72 St,7175,W 35 St & 9 Ave,6569,40.7770575,-73.97898475,40.75414519263519,-73.9960889518261,casual
1181216,4D32A9FFBC7080A1,classic_bike,2022-03-25 09:06:57,2022-03-25 09:13:01,W 50 St & 9 Ave,6854,W 35 St & 9 Ave,6569,40.76360467795863,-73.98917958140373,40.75414519263519,-73.9960889518261,member
1181226,D407225AD0DE9CAF,electric_bike,2022-03-18 18:35:04,2022-03-18 18:39:25,11 Ave & W 41 St,6726,W 35 St & 9 Ave,6569,40.76030096,-73.99884222,40.75414519263519,-73.9960889518261,casual
1181233,DC3A866CC1C318D5,electric_bike,2022-03-02 14:19:28,2022-03-02 14:51:47,11 Ave & W 41 St,6726,W 35 St & 9 Ave,6569,40.76030096,-73.99884222,40.75414519263519,-73.9960889518261,member
1181237,2D630D72E99DD630,classic_bike,2022-03-30 17:37:45,2022-03-30 17:42:47,W 50 St & 9 Ave,6854,W 35 St & 9 Ave,6569,40.76360467795863,-73.98917958140373,40.75414519263519,-73.9960889518261,member
1181246,A4AAA1B7155CD54B,electric_bike,2022-03-03 14:00:04,2022-03-03 14:05:26,11 Ave & W 41 St,6726,W 35 St & 9 Ave,6569,40.76030096,-73.99884222,40.75414519263519,-73.9960889518261,member
1181248,82FD2C10BCFED8E6,classic_bike,2022-03-31 08:57:27,2022-03-31 09:03:05,11 Ave & W 41 St,6726,W 35 St & 9 Ave,6569,40.76030096,-73.99884222,40.75414519263519,-73.9960889518261,member
1181252,59C1C14F0CED1553,classic_bike,2022-03-15 07:46:47,2022-03-15 07:53:36,11 Ave & W 41 St,6726,W 35 St & 9 Ave,6569,40.76030096,-73.99884222,40.75414519263519,-73.9960889518261,member
1181255,A82B2FD61F04E5E7,classic_bike,2022-03-06 12:20:43,2022-03-06 12:27:34,11 Ave & W 41 St,6726,W 35 St & 9 Ave,6569,40.76030096,-73.99884222,40.75414519263519,-73.9960889518261,member
1181257,8D1F38076E1993FB,electric_bike,2022-03-08 16:45:00,2022-03-08 16:48:37,11 Ave & W 41 St,6726,W 35 St & 9 Ave,6569,40.76030096,-73.99884222,40.75414519263519,-73.9960889518261,member
1181265,DEAB831D28CEE39C,electric_bike,2022-03-25 12:11:22,2022-03-25 12:23:35,FDR Drive & E 35 St,6230,W 35 St & 9 Ave,6569,40.744219,-73.97121214,40.75414519263519,-73.9960889518261,casual
1181300,CCA7194D285F4C37,electric_bike,2022-03-20 15:12:05,2022-03-20 15:20:42,11 Ave & W 41 St,6726,W 35 St & 9 Ave,6569,40.76030096,-73.99884222,40.75414519263519,-73.9960889518261,member
1181311,C38BA9F8B7B03788,electric_bike,2022-03-24 12:06:12,2022-03-24 12:10:43,11 Ave & W 41 St,6726,W 35 St & 9 Ave,6569,40.76030096,-73.99884222,40.75414519263519,-73.9960889518261,member
1181317,5F2F9D245454586B,electric_bike,2022-03-19 18:11:19,2022-03-19 18:16:14,11 Ave & W 41 St,6726,W 35 St & 9 Ave,6569,40.76030096,-73.99884222,40.75414519263519,-73.9960889518261,member
1181319,4397822BA3092E14,electric_bike,2022-03-30 15:49:49,2022-03-30 15:56:46,11 Ave & W 41 St,6726,W 35 St & 9 Ave,6569,40.76030096,-73.99884222,40.75414519263519,-73.9960889518261,member
1181325,F5458F567E0CFA70,electric_bike,2022-03-20 13:54:05,2022-03-20 14:01:40,11 Ave & W 41 St,6726,W 35 St & 9 Ave,6569,40.76030096,-73.99884222,40.75414519263519,-73.9960889518261,member
1181326,069526D0567F3E30,electric_bike,2022-03-17 12:39:30,2022-03-17 12:43:46,11 Ave & W 41 St,6726,W 35 St & 9 Ave,6569,40.76030096,-73.99884222,40.75414519263519,-73.9960889518261,member
1181340,BC278A5D8009DDD3,electric_bike,2022-03-04 12:21:46,2022-03-04 12:25:23,11 Ave & W 41 St,6726,W 35 St & 9 Ave,6569,40.76030096,-73.99884222,40.75414519263519,-73.9960889518261,casual
1181349,CB0D2B8F8C06D3A4,classic_bike,2022-03-19 22:23:19,2022-03-19 22:42:00,E 14 St & 1 Ave,5779,W 35 St & 9 Ave,6569,40.73139303364151,-73.98286700248718,40.75414519263519,-73.9960889518261,member
1181357,7232C5D899E169AA,electric_bike,2022-03-11 20:07:11,2022-03-11 20:26:16,E 14 St & 1 Ave,5779,W 35 St & 9 Ave,6569,40.73139303364151,-73.98286700248718,40.75414519263519,-73.9960889518261,member
1181364,43D451ED0C637B8E,classic_bike,2022-03-28 16:37:28,2022-03-28 17:02:42,W Broadway & Spring St,5569,W 35 St & 9 Ave,6569,40.72494672359416,-74.00165855884552,40.75414519263519,-73.9960889518261,member
1181380,A557501659F752D9,classic_bike,2022-03-26 19:01:58,2022-03-26 19:40:09,W 26 St & 8 Ave,6297,W 35 St & 9 Ave,6569,40.74734825,-73.99723551,40.75414519263519,-73.9960889518261,member
1181391,808D54A7FF2F3D78,classic_bike,2022-03-02 12:31:37,2022-03-02 12:37:12,W 26 St & 8 Ave,6297,W 35 St & 9 Ave,6569,40.74734825,-73.99723551,40.75414519263519,-73.9960889518261,member
1181403,8F150897D70713D0,classic_bike,2022-03-01 11:22:36,2022-03-01 11:28:08,W 22 St & 10 Ave,6306,W 35 St & 9 Ave,6569,40.74691959,-74.00451887,40.75414519263519,-73.9960889518261,member
1181405,3CDDA9750975618A,classic_bike,2022-03-02 21:52:10,2022-03-02 21:58:48,W 26 St & 8 Ave,6297,W 35 St & 9 Ave,6569,40.74734825,-73.99723551,40.75414519263519,-73.9960889518261,member
1181407,3ABDB4CBF0057549,classic_bike,2022-03-20 10:50:49,2022-03-20 10:54:46,W 26 St & 8 Ave,6297,W 35 St & 9 Ave,6569,40.74734825,-73.99723551,40.75414519263519,-73.9960889518261,member
1181469,FE62897441D3C971,electric_bike,2022-03-16 17:28:46,2022-03-16 17:32:04,W 41 St & 8 Ave,6602,W 35 St & 9 Ave,6569,40.75640548,-73.9900262,40.75414519263519,-73.9960889518261,member
1181470,7E36D1B957CF95A4,classic_bike,2022-03-15 05:24:44,2022-03-15 05:29:07,W 41 St & 8 Ave,6602,W 35 St & 9 Ave,6569,40.75640548,-73.9900262,40.75414519263519,-73.9960889518261,member
1181473,A61731468D66F5BF,classic_bike,2022-03-26 14:12:08,2022-03-26 14:23:15,Broadway & W 53 St,6779,W 35 St & 9 Ave,6569,40.76344058,-73.98268129,40.75414519263519,-73.9960889518261,member
1181481,3333F485C49180A7,classic_bike,2022-03-30 22:46:49,2022-03-30 22:50:24,W 41 St & 8 Ave,6602,W 35 St & 9 Ave,6569,40.75640548,-73.9900262,40.75414519263519,-73.9960889518261,member
1181487,6C60020BD3CCA486,electric_bike,2022-03-29 00:17:27,2022-03-29 00:20:37,W 41 St & 8 Ave,6602,W 35 St & 9 Ave,6569,40.75640548,-73.9900262,40.75414519263519,-73.9960889518261,member
1181497,CE09FE0D040F8799,classic_bike,2022-03-20 03:01:26,2022-03-20 04:00:15,Columbus Ave & W 72 St,7175,W 35 St & 9 Ave,6569,40.7770575,-73.97898475,40.75414519263519,-73.9960889518261,casual
1181498,174BA0EA3866DA7E,electric_bike,2022-03-31 10:03:11,2022-03-31 10:35:20,W 41 St & 8 Ave,6602,W 35 St & 9 Ave,6569,40.75640548,-73.9900262,40.75414519263519,-73.9960889518261,member
1181501,CC8AD84C48390257,classic_bike,2022-03-07 17:55:49,2022-03-07 18:01:19,W 41 St & 8 Ave,6602,W 35 St & 9 Ave,6569,40.75640548,-73.9900262,40.75414519263519,-73.9960889518261,member
1181511,CA0C56F381FEFFFA,classic_bike,2022-03-05 12:32:04,2022-03-05 13:38:07,E 77 St & 3 Ave,7092,W 35 St & 9 Ave,6569,40.77314236,-73.95856158,40.75414519263519,-73.9960889518261,member
1181513,FF21175096145BA1,electric_bike,2022-03-18 12:12:15,2022-03-18 12:18:57,W 56 St & 10 Ave,6955,W 35 St & 9 Ave,6569,40.768254,-73.988639,40.75414519263519,-73.9960889518261,member
1181514,398B131E794D0A93,classic_bike,2022-03-23 14:01:41,2022-03-23 14:08:31,9 Ave & W 45 St,6717,W 35 St & 9 Ave,6569,40.76019252,-73.9912551,40.75414519263519,-73.9960889518261,member
1181520,3976B62595E58FD4,electric_bike,2022-03-26 13:37:21,2022-03-26 13:42:10,W 41 St & 8 Ave,6602,W 35 St & 9 Ave,6569,40.75640548,-73.9900262,40.75414519263519,-73.9960889518261,member
1181540,5736C1D15ABADE95,classic_bike,2022-03-20 17:44:56,2022-03-20 17:53:53,W 41 St & 8 Ave,6602,W 35 St & 9 Ave,6569,40.75640548,-73.9900262,40.75414519263519,-73.9960889518261,member
1181542,FA17A28C4F52F9F1,classic_bike,2022-03-09 23:05:52,2022-03-09 23:09:31,W 41 St & 8 Ave,6602,W 35 St & 9 Ave,6569,40.75640548,-73.9900262,40.75414519263519,-73.9960889518261,member
1181566,E0C6528EFDBCBEF4,classic_bike,2022-03-15 18:13:54,2022-03-15 18:19:28,W 41 St & 8 Ave,6602,W 35 St & 9 Ave,6569,40.75640548,-73.9900262,40.75414519263519,-73.9960889518261,member
1181598,6C9EF415DE65384D,electric_bike,2022-03-18 12:35:27,2022-03-18 12:47:20,E 47 St & 2 Ave,6498,W 35 St & 9 Ave,6569,40.75323098,-73.97032517,40.75414519263519,-73.9960889518261,member
1181625,D474CB9F219E798E,electric_bike,2022-03-31 09:30:00,2022-03-31 09:49:43,E 56 St & 3 Ave,6691,W 35 St & 9 Ave,6569,40.75934501,-73.96759673,40.75414519263519,-73.9960889518261,member
1181633,684CAD07CA6CA57F,classic_bike,2022-03-10 14:36:27,2022-03-10 14:48:59,Broadway & E 21 St,6098,W 35 St & 9 Ave,6569,40.73988840858996,-73.98958593606949,40.75414519263519,-73.9960889518261,member
1181634,D306A59FF2841C99,electric_bike,2022-03-24 13:50:22,2022-03-24 14:06:50,Leonard St & Church St,5359,W 35 St & 9 Ave,6569,40.717571,-74.005549,40.75414519263519,-73.9960889518261,member
1181639,A7A137AEC7A505BD,electric_bike,2022-03-05 01:17:13,2022-03-05 01:28:25,E 56 St & 3 Ave,6691,W 35 St & 9 Ave,6569,40.75934501,-73.96759673,40.75414519263519,-73.9960889518261,member
1181647,CA2162EAE1CDDD59,electric_bike,2022-03-07 19:19:31,2022-03-07 19:34:42,E 56 St & 3 Ave,6691,W 35 St & 9 Ave,6569,40.75934501,-73.96759673,40.75414519263519,-73.9960889518261,member
1181693,61B9353367603F2C,docked_bike,2022-03-02 13:29:13,2022-03-02 13:46:12,Broadway & W 53 St,6779,W 35 St & 9 Ave,6569,40.763441,-73.982681,40.754145,-73.996089,casual
1181698,A3D1F8D2A0E5DED9,electric_bike,2022-03-24 15:27:41,2022-03-24 15:36:12,W 59 St & 10 Ave,7023,W 35 St & 9 Ave,6569,40.770513,-73.988038,40.75414519263519,-73.9960889518261,member
1181707,8AC5B1795B2A7456,classic_bike,2022-03-22 08:25:08,2022-03-22 08:38:36,W 59 St & 10 Ave,7023,W 35 St & 9 Ave,6569,40.770513,-73.988038,40.75414519263519,-73.9960889518261,member
1181708,D4FC5195F62C23DA,classic_bike,2022-03-31 08:34:03,2022-03-31 08:47:04,W 59 St & 10 Ave,7023,W 35 St & 9 Ave,6569,40.770513,-73.988038,40.75414519263519,-73.9960889518261,member
1181714,331DCA63E8E0F5EB,electric_bike,2022-03-07 16:02:41,2022-03-07 16:20:56,Barrow St & Hudson St,5805,W 35 St & 9 Ave,6569,40.73172428,-74.00674436,40.75414519263519,-73.9960889518261,member
1181755,3CCB161BBC3C0FCA,classic_bike,2022-03-26 12:29:25,2022-03-26 12:55:38,W 104 St & Amsterdam Ave,7610,W 35 St & 9 Ave,6569,40.79904139288298,-73.96649479866028,40.75414519263519,-73.9960889518261,member
1181807,4E9DDDDFCA1D594F,electric_bike,2022-03-30 17:35:23,2022-03-30 18:20:20,Central Park West & W 72 St,7141,W 35 St & 9 Ave,6569,40.77579376683666,-73.9762057363987,40.75414519263519,-73.9960889518261,member
1181822,30630A24D3EC2792,classic_bike,2022-03-14 12:32:33,2022-03-14 12:38:26,W 26 St & 8 Ave,6297,W 35 St & 9 Ave,6569,40.74734825,-73.99723551,40.75414519263519,-73.9960889518261,member
1181823,2DF31686319CD80D,electric_bike,2022-03-29 18:47:28,2022-03-29 18:55:03,W 47 St & 6 Ave,6667,W 35 St & 9 Ave,6569,40.758397,-73.98255,40.75414519263519,-73.9960889518261,member
1181857,8E3A21ACCB2FB7E5,electric_bike,2022-03-18 08:53:10,2022-03-18 08:56:39,W 43 St & 10 Ave,6756,W 35 St & 9 Ave,6569,40.76009437,-73.99461843,40.75414519263519,-73.9960889518261,member
1181866,25334122C0929890,electric_bike,2022-03-21 09:01:03,2022-03-21 09:11:43,Broadway & W 58 St,6948,W 35 St & 9 Ave,6569,40.76695317,-73.98169333,40.75414519263519,-73.9960889518261,member
1181868,8B1515729DB0E3B2,electric_bike,2022-03-07 10:09:14,2022-03-07 10:20:40,Broadway & W 58 St,6948,W 35 St & 9 Ave,6569,40.76695317,-73.98169333,40.75414519263519,-73.9960889518261,member
1181869,777D94528BE103AD,electric_bike,2022-03-09 23:19:09,2022-03-09 23:22:04,9 Ave & W 45 St,6717,W 35 St & 9 Ave,6569,40.76019252,-73.9912551,40.75414519263519,-73.9960889518261,member
1181882,520091C03FC6A8AE,electric_bike,2022-03-13 15:04:20,2022-03-13 15:10:24,W 43 St & 10 Ave,6756,W 35 St & 9 Ave,6569,40.76009437,-73.99461843,40.75414519263519,-73.9960889518261,member
1181883,15B37226F922A61E,classic_bike,2022-03-13 14:53:17,2022-03-13 14:59:16,W 43 St & 10 Ave,6756,W 35 St & 9 Ave,6569,40.76009437,-73.99461843,40.75414519263519,-73.9960889518261,member
1181904,267C25611131AE0E,classic_bike,2022-03-22 09:08:02,2022-03-22 09:11:55,W 43 St & 10 Ave,6756,W 35 St & 9 Ave,6569,40.76009437,-73.99461843,40.75414519263519,-73.9960889518261,member
1181923,229904A251E1CF33,classic_bike,2022-03-08 08:52:16,2022-03-08 09:01:24,W 43 St & 10 Ave,6756,W 35 St & 9 Ave,6569,40.76009437,-73.99461843,40.75414519263519,-73.9960889518261,member
1181924,0CF4214493606C86,classic_bike,2022-03-14 08:49:52,2022-03-14 08:56:47,W 43 St & 10 Ave,6756,W 35 St & 9 Ave,6569,40.76009437,-73.99461843,40.75414519263519,-73.9960889518261,member
1181940,794423EC1EAC7F3F,classic_bike,2022-03-26 17:31:05,2022-03-26 17:36:25,W 43 St & 10 Ave,6756,W 35 St & 9 Ave,6569,40.76009437,-73.99461843,40.75414519263519,-73.9960889518261,member
1181974,0B951B5E7ACFD0CC,classic_bike,2022-03-22 14:01:56,2022-03-22 14:10:41,9 Ave & W 45 St,6717,W 35 St & 9 Ave,6569,40.76019252,-73.9912551,40.75414519263519,-73.9960889518261,member
1181975,7125868F92924F96,classic_bike,2022-03-22 14:05:31,2022-03-22 14:15:49,Broadway & W 58 St,6948,W 35 St & 9 Ave,6569,40.76695317,-73.98169333,40.75414519263519,-73.9960889518261,member
1181981,6F75282F0AD90E71,electric_bike,2022-03-05 20:26:33,2022-03-05 20:30:01,11 Ave & W 41 St,6726,W 35 St & 9 Ave,6569,40.76030096,-73.99884222,40.75414519263519,-73.9960889518261,member
1181983,D2707178FFAF9F89,electric_bike,2022-03-25 19:07:15,2022-03-25 19:10:54,11 Ave & W 41 St,6726,W 35 St & 9 Ave,6569,40.76030096,-73.99884222,40.75414519263519,-73.9960889518261,casual
1181998,48E02475640A131D,classic_bike,2022-03-10 12:41:39,2022-03-10 12:46:36,W 49 St & 8 Ave,6747,W 35 St & 9 Ave,6569,40.76227205,-73.98788205,40.75414519263519,-73.9960889518261,member
1181999,FDEFDE22AEDB1120,electric_bike,2022-03-26 14:53:43,2022-03-26 14:59:51,W 49 St & 8 Ave,6747,W 35 St & 9 Ave,6569,40.76227205,-73.98788205,40.75414519263519,-73.9960889518261,member
1182000,355E36FD9024F0D3,classic_bike,2022-03-22 19:48:11,2022-03-22 20:01:04,W 21 St & 6 Ave,6140,W 35 St & 9 Ave,6569,40.74173969,-73.99415556,40.75414519263519,-73.9960889518261,member
1182001,AA4D561FF38DCB81,electric_bike,2022-03-24 18:09:09,2022-03-24 18:15:59,W 21 St & 6 Ave,6140,W 35 St & 9 Ave,6569,40.74173969,-73.99415556,40.75414519263519,-73.9960889518261,member
1182027,B77CDB77F81C960B,electric_bike,2022-03-04 20:04:02,2022-03-04 20:20:26,W 43 St & 10 Ave,6756,W 35 St & 9 Ave,6569,40.76009437,-73.99461843,40.75414519263519,-73.9960889518261,member
1182028,E1B05E152763D845,classic_bike,2022-03-20 14:06:34,2022-03-20 14:31:12,W 95 St & Broadway,7541,W 35 St & 9 Ave,6569,40.7937704,-73.971888,40.75414519263519,-73.9960889518261,member
1182081,E3E68614FCFD8407,classic_bike,2022-03-07 09:44:35,2022-03-07 09:45:51,W 35 St & Dyer Ave,6569,W 35 St & 9 Ave,6569,40.754691750226016,-73.99740189313889,40.75414519263519,-73.9960889518261,member
1182083,BE5DD4AACE05BAAE,classic_bike,2022-03-31 19:06:39,2022-03-31 19:11:31,9 Ave & W 45 St,6717,W 35 St & 9 Ave,6569,40.76019252,-73.9912551,40.75414519263519,-73.9960889518261,member
1182086,5FABC4290082CCF3,classic_bike,2022-03-10 08:36:10,2022-03-10 08:39:30,9 Ave & W 45 St,6717,W 35 St & 9 Ave,6569,40.76019252,-73.9912551,40.75414519263519,-73.9960889518261,member
1182113,98697030CC64CD13,classic_bike,2022-03-13 16:41:46,2022-03-13 16:47:44,W 49 St & 8 Ave,6747,W 35 St & 9 Ave,6569,40.76227205,-73.98788205,40.75414519263519,-73.9960889518261,member
1182147,45F30CE3D0958D08,electric_bike,2022-03-09 20:39:22,2022-03-09 20:43:02,11 Ave & W 41 St,6726,W 35 St & 9 Ave,6569,40.76030096,-73.99884222,40.75414519263519,-73.9960889518261,member
1182155,D2A398B07402B4C9,classic_bike,2022-03-09 13:50:43,2022-03-09 14:02:54,E 31 St & 3 Ave,6239,W 35 St & 9 Ave,6569,40.74394314,-73.97966069,40.75414519263519,-73.9960889518261,member
1182162,8FC8A1E8F28D5429,classic_bike,2022-03-17 20:45:51,2022-03-17 20:57:55,E 17 St & Broadway,5980,W 35 St & 9 Ave,6569,40.73704984,-73.99009296,40.75414519263519,-73.9960889518261,member
1182164,F8C5B5B4CF5DC6C3,classic_bike,2022-03-15 16:23:41,2022-03-15 16:32:53,W 42 St & Dyer Ave,6644,W 35 St & 9 Ave,6569,40.75898481399634,-73.99379968643188,40.75414519263519,-73.9960889518261,member
1182173,174499B051A201A8,electric_bike,2022-03-21 14:57:40,2022-03-21 15:06:13,W 21 St & 6 Ave,6140,W 35 St & 9 Ave,6569,40.74173969,-73.99415556,40.75414519263519,-73.9960889518261,member
1182174,EB73147623924137,classic_bike,2022-03-25 11:13:04,2022-03-25 11:19:01,W 49 St & 8 Ave,6747,W 35 St & 9 Ave,6569,40.76227205,-73.98788205,40.75414519263519,-73.9960889518261,member
1182196,47AF29E9C83B1AA4,electric_bike,2022-03-15 10:45:39,2022-03-15 10:52:20,W 21 St & 6 Ave,6140,W 35 St & 9 Ave,6569,40.74173969,-73.99415556,40.75414519263519,-73.9960889518261,member
1182200,329C8FB5CD7EA367,classic_bike,2022-03-22 09:50:58,2022-03-22 09:57:59,Broadway & W 41 St,6560,W 35 St & 9 Ave,6569,40.75513557,-73.98658032,40.75414519263519,-73.9960889518261,member
1182205,BBC16303BF0D4247,electric_bike,2022-03-16 13:36:40,2022-03-16 13:43:19,W 42 St & Dyer Ave,6644,W 35 St & 9 Ave,6569,40.75898481399634,-73.99379968643188,40.75414519263519,-73.9960889518261,member
1182222,43CD3947C63E095C,electric_bike,2022-03-10 10:14:15,2022-03-10 10:20:29,11 Ave & W 41 St,6726,W 35 St & 9 Ave,6569,40.76030096,-73.99884222,40.75414519263519,-73.9960889518261,member
1182225,17B8E31969DF734B,classic_bike,2022-03-21 09:45:36,2022-03-21 09:50:47,W 50 St & 9 Ave,6854,W 35 St & 9 Ave,6569,40.76360467795863,-73.98917958140373,40.75414519263519,-73.9960889518261,member
1182226,704C51D49EBA5D3F,electric_bike,2022-03-16 12:49:22,2022-03-16 12:55:39,W 50 St & 9 Ave,6854,W 35 St & 9 Ave,6569,40.76360467795863,-73.98917958140373,40.75414519263519,-73.9960889518261,member
1182229,EB4B6EE7CF2234BC,classic_bike,2022-03-30 09:44:30,2022-03-30 09:48:22,Broadway & W 36 St,6441,W 35 St & 9 Ave,6569,40.75097711,-73.98765428,40.75414519263519,-73.9960889518261,member
1182234,24BF06F65CD52881,classic_bike,2022-03-14 19:21:02,2022-03-14 19:25:40,W 37 St & Broadway,6441,W 35 St & 9 Ave,6569,40.75227093837409,-73.98770570755005,40.75414519263519,-73.9960889518261,casual
1182238,3CF2A0E117CEEBF2,electric_bike,2022-03-08 15:40:14,2022-03-08 15:44:16,W 42 St & Dyer Ave,6644,W 35 St & 9 Ave,6569,40.75898481399634,-73.99379968643188,40.75414519263519,-73.9960889518261,member
1182243,2B407E1970BB33D5,classic_bike,2022-03-22 20:13:26,2022-03-22 20:26:19,University Pl & E 14 St,5905,W 35 St & 9 Ave,6569,40.734814,-73.992085,40.75414519263519,-73.9960889518261,member
1182275,F1125DFAD35A4448,electric_bike,2022-03-17 19:18:38,2022-03-17 20:02:24,E 51 St & 1 Ave,6532,W 35 St & 9 Ave,6569,40.75455731,-73.96592976,40.75414519263519,-73.9960889518261,member
1182276,8D464A001B8A54D5,electric_bike,2022-03-24 18:07:47,2022-03-24 18:15:03,W 21 St & 6 Ave,6140,W 35 St & 9 Ave,6569,40.74173969,-73.99415556,40.75414519263519,-73.9960889518261,member
1182279,1D18079EEC3615F3,classic_bike,2022-03-02 19:37:08,2022-03-02 19:44:45,W 49 St & 8 Ave,6747,W 35 St & 9 Ave,6569,40.76227205,-73.98788205,40.75414519263519,-73.9960889518261,member
1182282,6C01F39B9BE577A4,classic_bike,2022-03-18 17:07:02,2022-03-18 17:21:33,W 21 St & 6 Ave,6140,W 35 St & 9 Ave,6569,40.74173969,-73.99415556,40.75414519263519,-73.9960889518261,member
1182285,CAB755FA29C3239D,electric_bike,2022-03-03 17:57:41,2022-03-03 18:08:44,E 17 St & Broadway,5980,W 35 St & 9 Ave,6569,40.73704984,-73.99009296,40.75414519263519,-73.9960889518261,member
1182292,CE1F4B539F20E56A,classic_bike,2022-03-25 18:28:35,2022-03-25 18:40:46,E 17 St & Broadway,5980,W 35 St & 9 Ave,6569,40.73704984,-73.99009296,40.75414519263519,-73.9960889518261,member
1182294,8F7101AF802FB6A2,electric_bike,2022-03-08 13:04:42,2022-03-08 13:11:17,Broadway\t& W 48 St,6708,W 35 St & 9 Ave,6569,40.76017739537783,-73.98486793041229,40.75414519263519,-73.9960889518261,member
1182309,9FFC4CA031862A75,electric_bike,2022-03-23 16:54:15,2022-03-23 17:15:36,W 49 St & 8 Ave,6747,W 35 St & 9 Ave,6569,40.76227205,-73.98788205,40.75414519263519,-73.9960889518261,member
1182336,399883F1C3458587,classic_bike,2022-03-26 17:31:05,2022-03-26 17:36:19,W 43 St & 10 Ave,6756,W 35 St & 9 Ave,6569,40.76009437,-73.99461843,40.75414519263519,-73.9960889518261,member
1182342,9E64A00D838247DD,classic_bike,2022-03-08 15:40:43,2022-03-08 15:47:39,W 42 St & Dyer Ave,6644,W 35 St & 9 Ave,6569,40.75898481399634,-73.99379968643188,40.75414519263519,-73.9960889518261,member
1182362,7AC596EABEB3BBC0,classic_bike,2022-03-22 17:22:44,2022-03-22 17:48:39,West St & Liberty St,5184,W 35 St & 9 Ave,6569,40.711444,-74.014847,40.75414519263519,-73.9960889518261,casual
1182369,9AFAD31550BC640A,classic_bike,2022-03-31 19:34:05,2022-03-31 19:47:36,E 17 St & Broadway,5980,W 35 St & 9 Ave,6569,40.73704984,-73.99009296,40.75414519263519,-73.9960889518261,casual
1182374,D0DD3A322FA0473A,electric_bike,2022-03-10 09:02:59,2022-03-10 09:08:56,W 42 St & Dyer Ave,6644,W 35 St & 9 Ave,6569,40.75898481399634,-73.99379968643188,40.75414519263519,-73.9960889518261,casual
1182396,534F31B94040F7C9,classic_bike,2022-03-15 17:24:37,2022-03-15 17:54:18,West St & Liberty St,5184,W 35 St & 9 Ave,6569,40.711444,-74.014847,40.75414519263519,-73.9960889518261,casual
1182397,91629068429EA425,classic_bike,2022-03-02 09:00:42,2022-03-02 09:05:57,Broadway & W 36 St,6441,W 35 St & 9 Ave,6569,40.75097711,-73.98765428,40.75414519263519,-73.9960889518261,member
1182398,C6C2786F253F3F2F,classic_bike,2022-03-16 14:58:43,2022-03-16 15:03:02,Broadway & W 36 St,6441,W 35 St & 9 Ave,6569,40.75097711,-73.98765428,40.75414519263519,-73.9960889518261,member
1182402,FA9104D67842FAC5,classic_bike,2022-03-15 07:35:16,2022-03-15 07:39:37,Broadway & W 36 St,6441,W 35 St & 9 Ave,6569,40.75097711,-73.98765428,40.75414519263519,-73.9960889518261,member
1182405,EBAD36D7C26C5F7D,electric_bike,2022-03-04 19:34:48,2022-03-04 19:52:01,5 Ave & E 78 St,7161,W 35 St & 9 Ave,6569,40.77632142182271,-73.96427392959595,40.75414519263519,-73.9960889518261,member
1182406,B68239EC175CDDDC,electric_bike,2022-03-20 22:59:51,2022-03-20 23:45:10,W 37 St & Broadway,6441,W 35 St & 9 Ave,6569,40.75227093837409,-73.98770570755005,40.75414519263519,-73.9960889518261,member
1182415,E7B33695EDC3B6C8,electric_bike,2022-03-03 18:28:09,2022-03-03 18:34:33,W 50 St & 9 Ave,6854,W 35 St & 9 Ave,6569,40.76360467795863,-73.98917958140373,40.75414519263519,-73.9960889518261,casual
1182420,A65FC421E9991669,classic_bike,2022-03-26 11:55:12,2022-03-26 12:01:45,W 50 St & 9 Ave,6854,W 35 St & 9 Ave,6569,40.76360467795863,-73.98917958140373,40.75414519263519,-73.9960889518261,member
1182426,49268F02CC9CFC83,electric_bike,2022-03-21 14:39:39,2022-03-21 14:47:13,E 32 St & Park Ave,6280,W 35 St & 9 Ave,6569,40.7457121,-73.98194829,40.75414519263519,-73.9960889518261,member
1182432,DAEFE0EF96E61CDA,electric_bike,2022-03-15 12:09:49,2022-03-15 12:10:33,W 35 St & Dyer Ave,6569,W 35 St & 9 Ave,6569,40.754691750226016,-73.99740189313889,40.75414519263519,-73.9960889518261,member
1182438,7E70C713AD078572,electric_bike,2022-03-15 22:39:25,2022-03-15 22:47:54,W 35 St & Dyer Ave,6569,2 Ave & E 29 St,6122,40.754691750226016,-73.99740189313889,40.74172351097472,-73.97809267044067,casual
1182440,C880A83D3034106A,classic_bike,2022-03-31 08:48:08,2022-03-31 08:58:14,W 35 St & Dyer Ave,6569,9 Ave & W 22 St,6266,40.754691750226016,-73.99740189313889,40.7454973,-74.00197139,casual
1182448,E9B23094A32B6CE1,classic_bike,2022-03-03 12:45:23,2022-03-03 12:56:28,Central Park West & W 68 St,7079,W 35 St & 9 Ave,6569,40.7734066,-73.97782542,40.75414519263519,-73.9960889518261,member
1182450,EEFEB4FA211B6E1D,electric_bike,2022-03-18 09:50:26,2022-03-18 10:09:56,Madison Ave & E 82 St,7188,W 35 St & 9 Ave,6569,40.7781314,-73.96069399,40.75414519263519,-73.9960889518261,member
1182473,17A2D7D0FAA0AEA0,electric_bike,2022-03-07 10:15:15,2022-03-07 10:20:52,W 50 St & 9 Ave,6854,W 35 St & 9 Ave,6569,40.76360467795863,-73.98917958140373,40.75414519263519,-73.9960889518261,casual
1182500,ECFE007108BCAC8D,electric_bike,2022-03-27 18:05:06,2022-03-27 18:18:13,E 17 St & Broadway,5980,W 35 St & 9 Ave,6569,40.73704984,-73.99009296,40.75414519263519,-73.9960889518261,member
1182502,42908943ED98B5E4,classic_bike,2022-03-05 07:13:39,2022-03-05 07:18:06,W 42 St & Dyer Ave,6644,W 35 St & 9 Ave,6569,40.75898481399634,-73.99379968643188,40.75414519263519,-73.9960889518261,member
1182505,4247738AAF93B0B5,classic_bike,2022-03-23 16:57:11,2022-03-23 17:05:33,W 50 St & 9 Ave,6854,W 35 St & 9 Ave,6569,40.76360467795863,-73.98917958140373,40.75414519263519,-73.9960889518261,member
1182516,08B964D890F8C318,classic_bike,2022-03-28 18:05:46,2022-03-28 18:11:47,Broadway\t& W 48 St,6708,W 35 St & 9 Ave,6569,40.76017739537783,-73.98486793041229,40.75414519263519,-73.9960889518261,member
1182528,B1638C84D4B2987B,classic_bike,2022-03-06 14:49:29,2022-03-06 14:54:53,W 42 St & Dyer Ave,6644,W 35 St & 9 Ave,6569,40.75898481399634,-73.99379968643188,40.75414519263519,-73.9960889518261,member
1182545,6ECC739D8F6E4F0E,classic_bike,2022-03-06 00:57:30,2022-03-06 01:22:41,Rivington St & Ridge St,5406,W 35 St & 9 Ave,6569,40.71850211,-73.98329859,40.75414519263519,-73.9960889518261,member
1182555,68E438D3FDDEC55D,classic_bike,2022-03-03 09:31:28,2022-03-03 09:44:21,E 44 St & Lexington Ave,6464,W 35 St & 9 Ave,6569,40.752643,-73.974996,40.75414519263519,-73.9960889518261,casual
1182556,B513FA505A8CEA90,classic_bike,2022-03-02 09:02:51,2022-03-02 09:16:05,W 13 St & 7 Ave,6030,W 35 St & 9 Ave,6569,40.73781509,-73.99994661,40.75414519263519,-73.9960889518261,casual
1182559,7FC1321FE82074D4,classic_bike,2022-03-18 08:58:36,2022-03-18 09:09:41,W 35 St & Dyer Ave,6569,2 Ave & E 29 St,6122,40.754691750226016,-73.99740189313889,40.74172351097472,-73.97809267044067,member
1182562,FEE7E1AD405329C6,classic_bike,2022-03-02 09:59:46,2022-03-02 10:00:41,W 35 St & Dyer Ave,6569,W 35 St & 9 Ave,6569,40.754691750226016,-73.99740189313889,40.75414519263519,-73.9960889518261,member
1182736,AB98DF4D56E28908,classic_bike,2022-03-16 14:24:13,2022-03-16 14:31:10,W 37 St & 5 Ave,6398,W 35 St & 9 Ave,6569,40.75038009,-73.98338988,40.75414519263519,-73.9960889518261,member
1182742,EA9D6CCBE117ECD4,classic_bike,2022-03-23 08:18:08,2022-03-23 08:35:19,West End Ave & W 78 St,7340,W 35 St & 9 Ave,6569,40.783786,-73.981687,40.75414519263519,-73.9960889518261,member
1182749,A0C557C84E7E7989,classic_bike,2022-03-03 23:28:58,2022-03-03 23:53:48,E 47 St & Park Ave,6584,W 35 St & 9 Ave,6569,40.75510267,-73.97498696,40.75414519263519,-73.9960889518261,casual
1182755,F8054F5C2F60F440,electric_bike,2022-03-31 08:12:26,2022-03-31 08:21:47,E 40 St & Park Ave,6432,W 35 St & 9 Ave,6569,40.750756,-73.978326,40.75414519263519,-73.9960889518261,casual
1182773,62B28CF4F9CFEAA3,classic_bike,2022-03-22 08:58:57,2022-03-22 09:07:04,E 40 St & Park Ave,6432,W 35 St & 9 Ave,6569,40.750756,-73.978326,40.75414519263519,-73.9960889518261,member
1182775,CBD9CEF1A365505A,electric_bike,2022-03-03 19:55:18,2022-03-03 20:02:25,E 40 St & Park Ave,6432,W 35 St & 9 Ave,6569,40.750756,-73.978326,40.75414519263519,-73.9960889518261,member
1182810,C30AE5724EAF7AF0,electric_bike,2022-03-17 08:26:17,2022-03-17 08:43:34,1 Ave & E 78 St,7020,W 35 St & 9 Ave,6569,40.77140426,-73.9535166,40.75414519263519,-73.9960889518261,member
1182811,BCF4D5EAC406F574,classic_bike,2022-03-16 08:29:03,2022-03-16 08:48:54,1 Ave & E 78 St,7020,W 35 St & 9 Ave,6569,40.77140426,-73.9535166,40.75414519263519,-73.9960889518261,member
1182855,76C4221A26AAE460,classic_bike,2022-03-13 20:30:00,2022-03-13 20:39:17,W 29 St & 9 Ave,6416,W 35 St & 9 Ave,6569,40.7500727,-73.99839279,40.75414519263519,-73.9960889518261,member
1182930,4830966909C55990,classic_bike,2022-03-08 08:47:41,2022-03-08 08:57:41,W 20 St & 10 Ave,6306,W 35 St & 9 Ave,6569,40.745686,-74.005141,40.75414519263519,-73.9960889518261,member
1182944,AB1F80D1DE6C1E9E,electric_bike,2022-03-26 12:35:20,2022-03-26 13:07:49,Schermerhorn St & Bond St,4479,W 35 St & 9 Ave,6569,40.688417427540834,-73.98451656103134,40.75414519263519,-73.9960889518261,member
1182951,DD3B1F390A870264,classic_bike,2022-03-22 09:07:20,2022-03-22 09:27:55,St Marks Pl & 2 Ave,5669,W 35 St & 9 Ave,6569,40.7284186,-73.98713956,40.75414519263519,-73.9960889518261,member
1183010,ACDFF4C729B4125B,electric_bike,2022-03-09 08:56:35,2022-03-09 09:18:47,Stanton St & Norfolk St,5445,W 35 St & 9 Ave,6569,40.720747,-73.986274,40.75414519263519,-73.9960889518261,member
1183097,21EA88BF43611078,electric_bike,2022-03-20 15:25:22,2022-03-20 15:42:03,E 20 St & FDR Dr,5886,W 35 St & 9 Ave,6569,40.733208626522426,-73.9756813647,40.75414519263519,-73.9960889518261,casual
1183099,FAE554E5A0F2D3B8,electric_bike,2022-03-21 13:40:19,2022-03-21 13:51:44,Christopher St & Greenwich St,5847,W 35 St & 9 Ave,6569,40.73291553,-74.00711384,40.75414519263519,-73.9960889518261,casual
1183144,B7C22F417F36CF8C,electric_bike,2022-03-29 06:57:46,2022-03-29 07:03:54,E 40 St & Park Ave,6432,W 35 St & 9 Ave,6569,40.750756,-73.978326,40.75414519263519,-73.9960889518261,member
1183146,B3C7C53FCBA5AED3,electric_bike,2022-03-03 09:06:48,2022-03-03 09:21:47,Riverside Dr & W 82 St,7388,W 35 St & 9 Ave,6569,40.78720869,-73.98128127,40.75414519263519,-73.9960889518261,member
1183177,E441DA31C1F005D7,classic_bike,2022-03-14 11:57:39,2022-03-14 12:01:28,W 36 St & 7 Ave,6483,W 35 St & 9 Ave,6569,40.752149,-73.989539,40.75414519263519,-73.9960889518261,member
1183196,21EC132C96ACAB6D,classic_bike,2022-03-29 08:43:18,2022-03-29 08:52:41,E 40 St & Park Ave,6432,W 35 St & 9 Ave,6569,40.750756,-73.978326,40.75414519263519,-73.9960889518261,member
1183200,69A411D2976455D1,electric_bike,2022-03-18 18:32:27,2022-03-18 18:39:57,E 40 St & Park Ave,6432,W 35 St & 9 Ave,6569,40.750756,-73.978326,40.75414519263519,-73.9960889518261,member
1183229,CE6F1146F80D85ED,classic_bike,2022-03-21 12:16:13,2022-03-21 12:19:14,W 36 St & 7 Ave,6483,W 35 St & 9 Ave,6569,40.752149,-73.989539,40.75414519263519,-73.9960889518261,member
1183233,75C60E019EAC80CC,electric_bike,2022-03-29 06:40:08,2022-03-29 06:46:49,E 40 St & Park Ave,6432,W 35 St & 9 Ave,6569,40.750756,-73.978326,40.75414519263519,-73.9960889518261,member
1183234,1AD6979AA7868599,classic_bike,2022-03-03 08:36:50,2022-03-03 08:48:07,E 40 St & Park Ave,6432,W 35 St & 9 Ave,6569,40.750756,-73.978326,40.75414519263519,-73.9960889518261,member
1183248,058685C72011FF68,electric_bike,2022-03-09 08:07:29,2022-03-09 08:37:20,Henry St & Degraw St,4380,W 35 St & 9 Ave,6569,40.6847514,-73.99917254,40.75414519263519,-73.9960889518261,member
1183253,6895C8E316E4A2A9,electric_bike,2022-03-01 20:22:23,2022-03-01 20:36:39,11 Ave & W 41 St,6726,W 35 St & 9 Ave,6569,40.76030096,-73.99884222,40.75414519263519,-73.9960889518261,member
1183264,67E0FCF79C5692C1,classic_bike,2022-03-19 13:02:20,2022-03-19 13:10:23,11 Ave & W 41 St,6726,W 35 St & 9 Ave,6569,40.76030096,-73.99884222,40.75414519263519,-73.9960889518261,member
1183288,565D8058739E0EC9,classic_bike,2022-03-08 18:05:00,2022-03-08 18:19:17,E 19 St & 3 Ave,5938,W 35 St & 9 Ave,6569,40.73624527,-73.98473765,40.75414519263519,-73.9960889518261,member
1183291,88BEE606291D8DE5,classic_bike,2022-03-21 17:35:37,2022-03-21 17:41:22,W 36 St & 7 Ave,6483,W 35 St & 9 Ave,6569,40.752149,-73.989539,40.75414519263519,-73.9960889518261,member
1183295,E9C233D2F9B3DCC8,electric_bike,2022-03-08 09:49:40,2022-03-08 10:07:24,5 Ave & E 87 St,7323,W 35 St & 9 Ave,6569,40.78232260730881,-73.95987510681152,40.75414519263519,-73.9960889518261,member
1183302,6416ACE4B97C64B4,classic_bike,2022-03-22 19:47:21,2022-03-22 19:56:19,W 47 St & 10 Ave,6824,W 35 St & 9 Ave,6569,40.76269882,-73.99301222,40.75414519263519,-73.9960889518261,member
1183317,AF8A0FCFB4169C59,electric_bike,2022-03-30 17:41:13,2022-03-30 17:56:32,E 13 St & Avenue A,5779,W 35 St & 9 Ave,6569,40.72966729392978,-73.98067966103554,40.75414519263519,-73.9960889518261,member
1183338,D388E1AFC1D516A8,electric_bike,2022-03-28 12:28:51,2022-03-28 12:32:08,W 47 St & 10 Ave,6824,W 35 St & 9 Ave,6569,40.76269882,-73.99301222,40.75414519263519,-73.9960889518261,member
1183354,786F4237F047A975,classic_bike,2022-03-22 13:38:45,2022-03-22 13:46:37,W 54 St & 11 Ave,6955,W 35 St & 9 Ave,6569,40.768333,-73.992573,40.75414519263519,-73.9960889518261,member
1183369,4A88C63FDB6BCE65,electric_bike,2022-03-20 15:36:56,2022-03-20 15:56:32,1 Ave & E 18 St,5854,W 35 St & 9 Ave,6569,40.73381219196632,-73.98054420948029,40.75414519263519,-73.9960889518261,member
1183373,F063B3CDA97AD9C2,electric_bike,2022-03-13 15:51:41,2022-03-13 16:13:23,Mott St & Prince St,5561,W 35 St & 9 Ave,6569,40.72317958,-73.99480012,40.75414519263519,-73.9960889518261,casual
1183405,DBB3B8CE636825C6,classic_bike,2022-03-02 09:27:41,2022-03-02 09:42:35,E 44 St & Lexington Ave,6464,W 35 St & 9 Ave,6569,40.752643,-73.974996,40.75414519263519,-73.9960889518261,casual
1183413,251E289A5A0D149D,electric_bike,2022-03-01 14:41:59,2022-03-01 14:53:01,W 47 St & 10 Ave,6824,W 35 St & 9 Ave,6569,40.76269882,-73.99301222,40.75414519263519,-73.9960889518261,member
1183416,E1FE11C632107138,electric_bike,2022-03-25 18:50:42,2022-03-25 19:06:58,1 Ave & E 18 St,5854,W 35 St & 9 Ave,6569,40.73381219196632,-73.98054420948029,40.75414519263519,-73.9960889518261,member
1183424,AA67886EB389671B,classic_bike,2022-03-31 11:56:00,2022-03-31 12:14:18,Mott St & Prince St,5561,W 35 St & 9 Ave,6569,40.72317958,-73.99480012,40.75414519263519,-73.9960889518261,member
1183440,121618F415582278,electric_bike,2022-03-25 06:47:29,2022-03-25 07:00:06,Mott St & Prince St,5561,W 35 St & 9 Ave,6569,40.72317958,-73.99480012,40.75414519263519,-73.9960889518261,casual
1183447,13FD59C5B67EB897,classic_bike,2022-03-16 10:50:51,2022-03-16 11:08:18,Mott St & Prince St,5561,W 35 St & 9 Ave,6569,40.72317958,-73.99480012,40.75414519263519,-73.9960889518261,member
1183461,9B16440FD3D12387,classic_bike,2022-03-22 11:42:28,2022-03-22 12:02:30,Mott St & Prince St,5561,W 35 St & 9 Ave,6569,40.72317958,-73.99480012,40.75414519263519,-73.9960889518261,member
1183462,329FA416A85D4127,classic_bike,2022-03-07 10:26:50,2022-03-07 10:41:55,Mott St & Prince St,5561,W 35 St & 9 Ave,6569,40.72317958,-73.99480012,40.75414519263519,-73.9960889518261,member
1183463,F72637B614400E85,classic_bike,2022-03-08 11:34:07,2022-03-08 11:53:25,Mott St & Prince St,5561,W 35 St & 9 Ave,6569,40.72317958,-73.99480012,40.75414519263519,-73.9960889518261,member
1183488,7B111D267696B11D,classic_bike,2022-03-18 18:55:09,2022-03-18 19:07:44,W 22 St & 8 Ave,6224,W 35 St & 9 Ave,6569,40.74475148,-73.99915362,40.75414519263519,-73.9960889518261,member
1183500,F5EDD1CFD28383BB,classic_bike,2022-03-09 23:17:30,2022-03-09 23:23:05,W 50 St & 9 Ave,6854,W 35 St & 9 Ave,6569,40.76360467795863,-73.98917958140373,40.75414519263519,-73.9960889518261,member
1183504,19304FEBAA1E9B53,classic_bike,2022-03-25 13:03:40,2022-03-25 13:09:57,W 22 St & 8 Ave,6224,W 35 St & 9 Ave,6569,40.74475148,-73.99915362,40.75414519263519,-73.9960889518261,member
1183511,E2832961B1936C4F,electric_bike,2022-03-01 17:24:55,2022-03-01 17:33:54,E 44 St & Lexington Ave,6464,W 35 St & 9 Ave,6569,40.752643,-73.974996,40.75414519263519,-73.9960889518261,member
1183513,44EE9B2149A27A28,electric_bike,2022-03-18 19:20:29,2022-03-18 19:28:04,W 22 St & 8 Ave,6224,W 35 St & 9 Ave,6569,40.74475148,-73.99915362,40.75414519263519,-73.9960889518261,member
1183541,166A5ECA914D16EC,classic_bike,2022-03-18 13:19:01,2022-03-18 13:26:14,W 22 St & 8 Ave,6224,W 35 St & 9 Ave,6569,40.74475148,-73.99915362,40.75414519263519,-73.9960889518261,member
1183542,BC73362D24326F09,classic_bike,2022-03-10 17:28:55,2022-03-10 17:59:28,Spruce St & Gold St,5137,W 35 St & 9 Ave,6569,40.7103231,-74.0043228,40.75414519263519,-73.9960889518261,member
1183579,205E98BCBF8FCF78,electric_bike,2022-03-22 17:41:27,2022-03-22 17:47:33,8 Ave & W 49 St,6747,W 35 St & 9 Ave,6569,40.76171227910671,-73.98655101656914,40.75414519263519,-73.9960889518261,casual
1183607,11CCD2E1196DAF54,classic_bike,2022-03-06 15:18:42,2022-03-06 15:34:04,E 17 St & Broadway,5980,W 35 St & 9 Ave,6569,40.73704984,-73.99009296,40.75414519263519,-73.9960889518261,member
1183611,3D257F0109C3D4BA,classic_bike,2022-03-07 11:15:29,2022-03-07 11:23:34,8 Ave & W 49 St,6747,W 35 St & 9 Ave,6569,40.76171227910671,-73.98655101656914,40.75414519263519,-73.9960889518261,member
1183641,7AD6F70CF04FFC75,classic_bike,2022-03-16 20:01:52,2022-03-16 20:17:16,University Pl & E 14 St,5905,W 35 St & 9 Ave,6569,40.734814,-73.992085,40.75414519263519,-73.9960889518261,member
1183647,80D9AE3899963475,electric_bike,2022-03-18 21:17:24,2022-03-18 21:25:30,W 63 St & Broadway,7052,W 35 St & 9 Ave,6569,40.77163851,-73.98261428,40.75414519263519,-73.9960889518261,member
1183648,40725ED64F91B7D8,electric_bike,2022-03-19 17:10:36,2022-03-19 17:20:40,W 63 St & Broadway,7052,W 35 St & 9 Ave,6569,40.77163851,-73.98261428,40.75414519263519,-73.9960889518261,member
1183649,8CDA2720CD8A3B28,electric_bike,2022-03-23 15:32:41,2022-03-23 15:40:34,W 63 St & Broadway,7052,W 35 St & 9 Ave,6569,40.77163851,-73.98261428,40.75414519263519,-73.9960889518261,member
1183660,954CD1865151FB3A,classic_bike,2022-03-23 08:29:09,2022-03-23 08:40:03,W 63 St & Broadway,7052,W 35 St & 9 Ave,6569,40.77163851,-73.98261428,40.75414519263519,-73.9960889518261,member
1183682,2B98263EDD1DC60E,electric_bike,2022-03-25 12:19:20,2022-03-25 12:22:54,W 30 St & 10 Ave,6459,W 35 St & 9 Ave,6569,40.752694,-74.002353,40.75414519263519,-73.9960889518261,casual
1183691,804188DAAE4731FA,classic_bike,2022-03-17 14:52:48,2022-03-17 15:02:19,W 63 St & Broadway,7052,W 35 St & 9 Ave,6569,40.77163851,-73.98261428,40.75414519263519,-73.9960889518261,member
1183692,23B01544688F4238,classic_bike,2022-03-16 21:15:40,2022-03-16 21:24:51,W 63 St & Broadway,7052,W 35 St & 9 Ave,6569,40.77163851,-73.98261428,40.75414519263519,-73.9960889518261,member
1183701,A2F2E7F0CD26F752,electric_bike,2022-03-05 23:46:02,2022-03-05 23:57:27,W 63 St & Broadway,7052,W 35 St & 9 Ave,6569,40.77163851,-73.98261428,40.75414519263519,-73.9960889518261,casual
1183702,228027B90DBE67F1,classic_bike,2022-03-28 16:02:15,2022-03-28 16:07:08,W 30 St & 10 Ave,6459,W 35 St & 9 Ave,6569,40.752694,-74.002353,40.75414519263519,-73.9960889518261,casual
1183730,298E7B82F42D6CB1,classic_bike,2022-03-23 08:14:16,2022-03-23 08:42:57,Carmine St & 6 Ave,5763,W 35 St & 9 Ave,6569,40.73038599,-74.00214988,40.75414519263519,-73.9960889518261,member
1183733,67F07EDF163B5705,electric_bike,2022-03-04 17:08:03,2022-03-04 17:15:26,W 63 St & Broadway,7052,W 35 St & 9 Ave,6569,40.77163851,-73.98261428,40.75414519263519,-73.9960889518261,member
1183734,09F5628F5F9FA201,electric_bike,2022-03-15 17:04:24,2022-03-15 17:09:45,W 63 St & Broadway,7052,W 35 St & 9 Ave,6569,40.77163851,-73.98261428,40.75414519263519,-73.9960889518261,member
1183735,879DE6FAC62E6224,electric_bike,2022-03-23 17:09:52,2022-03-23 17:15:51,W 63 St & Broadway,7052,W 35 St & 9 Ave,6569,40.77163851,-73.98261428,40.75414519263519,-73.9960889518261,member
1183737,C177D0AD4BEB232C,classic_bike,2022-03-24 07:26:48,2022-03-24 07:32:31,W 35 St & 9 Ave,6569,9 Ave & W 22 St,6266,40.75414519263519,-73.9960889518261,40.7454973,-74.00197139,member
1183740,4E44640273BF2DB6,electric_bike,2022-03-08 14:04:55,2022-03-08 14:05:51,W 35 St & 9 Ave,6569,W 35 St & 9 Ave,6569,40.75414519263519,-73.9960889518261,40.75414519263519,-73.9960889518261,member
1183741,C052B0EC8043DD0B,electric_bike,2022-03-24 07:34:40,2022-03-24 07:35:19,W 35 St & 9 Ave,6569,W 35 St & 9 Ave,6569,40.75414519263519,-73.9960889518261,40.75414519263519,-73.9960889518261,member
1183742,4CCA30051232BE24,classic_bike,2022-03-15 08:02:56,2022-03-15 08:15:51,W 35 St & 9 Ave,6569,2 Ave & E 29 St,6122,40.75414519263519,-73.9960889518261,40.74172351097472,-73.97809267044067,member
1183745,A640EB0B405A7062,electric_bike,2022-03-17 18:07:40,2022-03-17 18:08:11,W 35 St & 9 Ave,6569,W 35 St & 9 Ave,6569,40.75414519263519,-73.9960889518261,40.75414519263519,-73.9960889518261,member
1183748,E44CE847578FF7CC,electric_bike,2022-03-03 11:18:10,2022-03-03 11:18:22,W 35 St & 9 Ave,6569,W 35 St & 9 Ave,6569,40.75414519263519,-73.9960889518261,40.75414519263519,-73.9960889518261,member
1183764,51C9022DEE09169A,classic_bike,2022-03-02 14:53:14,2022-03-02 14:59:13,W 35 St & 9 Ave,6569,9 Ave & W 22 St,6266,40.75414519263519,-73.9960889518261,40.7454973,-74.00197139,casual
1183766,73569184DE49AAA2,electric_bike,2022-03-26 00:03:14,2022-03-26 00:11:25,W 35 St & 9 Ave,6569,2 Ave & E 29 St,6122,40.75414519263519,-73.9960889518261,40.74172351097472,-73.97809267044067,casual
1183781,7082170D1F8AC2B0,electric_bike,2022-03-07 09:18:42,2022-03-07 09:19:38,W 35 St & 9 Ave,6569,W 35 St & 9 Ave,6569,40.75414519263519,-73.9960889518261,40.75414519263519,-73.9960889518261,member
1183786,85A50116440EDA6D,docked_bike,2022-03-21 10:52:49,2022-03-21 10:55:10,W 35 St & 9 Ave,6569,W 35 St & 9 Ave,6569,40.754145,-73.996089,40.754145,-73.996089,casual
1183789,70207CBC1E059E8C,electric_bike,2022-03-11 07:44:25,2022-03-11 07:54:31,W 35 St & 9 Ave,6569,2 Ave & E 29 St,6122,40.75414519263519,-73.9960889518261,40.74172351097472,-73.97809267044067,member
1183794,CFBBB1524EC3050C,electric_bike,2022-03-02 22:36:43,2022-03-02 22:45:48,2 Ave & E 29 St,6122,W 35 St & 9 Ave,6569,40.74172351097472,-73.97809267044067,40.75414519263519,-73.9960889518261,member
1183795,F9C530687DCC0254,electric_bike,2022-03-13 13:13:38,2022-03-13 13:13:57,W 35 St & 9 Ave,6569,W 35 St & 9 Ave,6569,40.75414519263519,-73.9960889518261,40.75414519263519,-73.9960889518261,member
1183797,49D9BB2F67752199,classic_bike,2022-03-23 17:19:36,2022-03-23 17:31:58,W 35 St & 9 Ave,6569,2 Ave & E 29 St,6122,40.75414519263519,-73.9960889518261,40.74172351097472,-73.97809267044067,member
1183801,860A1E054149A310,classic_bike,2022-03-02 17:50:56,2022-03-02 17:51:07,W 35 St & 9 Ave,6569,W 35 St & 9 Ave,6569,40.75414519263519,-73.9960889518261,40.75414519263519,-73.9960889518261,member
1183803,3DDEC9AFEF2AC005,electric_bike,2022-03-06 18:06:17,2022-03-06 18:06:18,W 35 St & 9 Ave,6569,W 35 St & 9 Ave,6569,40.75414519263519,-73.9960889518261,40.75414519263519,-73.9960889518261,member
1183820,7280C1AD52F36191,electric_bike,2022-03-22 15:56:49,2022-03-22 15:57:05,W 35 St & 9 Ave,6569,W 35 St & 9 Ave,6569,40.75414519263519,-73.9960889518261,40.75414519263519,-73.9960889518261,member
1183827,D2414814D39A4A63,classic_bike,2022-03-15 13:08:03,2022-03-15 13:08:17,W 35 St & 9 Ave,6569,W 35 St & 9 Ave,6569,40.75414519263519,-73.9960889518261,40.75414519263519,-73.9960889518261,member
1183845,63184062BBEFE800,electric_bike,2022-03-07 10:40:26,2022-03-07 10:47:04,9 Ave & W 22 St,6266,W 35 St & 9 Ave,6569,40.7454973,-74.00197139,40.75414519263519,-73.9960889518261,member
1183853,1F5DCF1809DEFBBD,classic_bike,2022-03-20 13:05:43,2022-03-20 13:17:43,E 31 St & 3 Ave,6239,W 35 St & 9 Ave,6569,40.74394314,-73.97966069,40.75414519263519,-73.9960889518261,casual
1183890,CF817004C3346DB4,classic_bike,2022-03-31 05:57:39,2022-03-31 06:00:00,W 39 St & 9 Ave,6644,W 35 St & 9 Ave,6569,40.75645824,-73.99372222,40.75414519263519,-73.9960889518261,member
1183908,BD6D777F2BF69D5D,classic_bike,2022-03-19 14:07:20,2022-03-19 14:14:08,W 35 St & Dyer Ave,6569,9 Ave & W 22 St,6266,40.754691750226016,-73.99740189313889,40.7454973,-74.00197139,member
1183912,53DFD946144BAC16,classic_bike,2022-03-05 18:31:55,2022-03-05 18:41:27,E 39 St & Lexington Ave,6389,W 35 St & 9 Ave,6569,40.7494985460252,-73.97729203113158,40.75414519263519,-73.9960889518261,member
1183934,2FE07DBFD1972FBB,classic_bike,2022-03-22 12:34:14,2022-03-22 12:49:57,E 39 St & Lexington Ave,6389,W 35 St & 9 Ave,6569,40.7494985460252,-73.97729203113158,40.75414519263519,-73.9960889518261,casual
1183988,FAE4A4D27AB0F089,classic_bike,2022-03-22 09:33:36,2022-03-22 09:48:43,E 39 St & 2 Ave,6345,W 35 St & 9 Ave,6569,40.74803319428767,-73.973827958107,40.75414519263519,-73.9960889518261,casual
1184031,802E960614F66515,electric_bike,2022-03-05 23:35:33,2022-03-05 23:43:20,E 39 St & 2 Ave,6345,W 35 St & 9 Ave,6569,40.74803319428767,-73.973827958107,40.75414519263519,-73.9960889518261,casual
1184104,F4C217C5413027F5,classic_bike,2022-03-02 08:45:53,2022-03-02 08:59:27,E 39 St & 2 Ave,6345,W 35 St & 9 Ave,6569,40.74803319428767,-73.973827958107,40.75414519263519,-73.9960889518261,member
1184124,C21CA7EA9B2FC219,electric_bike,2022-03-09 09:50:07,2022-03-09 09:59:58,E 39 St & 2 Ave,6345,W 35 St & 9 Ave,6569,40.74803319428767,-73.973827958107,40.75414519263519,-73.9960889518261,member
1184164,8D55C8925D30A6E0,electric_bike,2022-03-19 21:56:41,2022-03-19 22:38:52,Broadway & W 185 St,8416,W 35 St & 9 Ave,6569,40.852538,-73.93441,40.75414519263519,-73.9960889518261,member
1184220,20DE98B7D723E5E3,electric_bike,2022-03-24 18:26:16,2022-03-24 18:46:09,Fulton St & William St,5137,W 35 St & 9 Ave,6569,40.70960089363537,-74.00655090808868,40.75414519263519,-73.9960889518261,casual
1184231,E782B55E3EA2A417,classic_bike,2022-03-16 21:46:06,2022-03-16 22:00:12,E 44 St & 2 Ave,6422,W 35 St & 9 Ave,6569,40.75118387463277,-73.97138714790344,40.75414519263519,-73.9960889518261,member
1184232,4E351E827C80E16E,electric_bike,2022-03-23 13:07:25,2022-03-23 13:10:12,W 43 St & 10 Ave,6756,W 35 St & 9 Ave,6569,40.76009437,-73.99461843,40.75414519263519,-73.9960889518261,member
1184233,D9A94A69E75E7341,classic_bike,2022-03-10 09:05:13,2022-03-10 09:09:51,W 43 St & 10 Ave,6756,W 35 St & 9 Ave,6569,40.76009437,-73.99461843,40.75414519263519,-73.9960889518261,member
1184235,E0A61DDE5E42B088,classic_bike,2022-03-21 10:40:17,2022-03-21 10:46:03,W 43 St & 10 Ave,6756,W 35 St & 9 Ave,6569,40.76009437,-73.99461843,40.75414519263519,-73.9960889518261,member
1184245,AA68EC3A01884CD2,classic_bike,2022-03-13 12:40:05,2022-03-13 12:49:55,E 45 St & 3 Ave,6464,W 35 St & 9 Ave,6569,40.75255434,-73.97282625,40.75414519263519,-73.9960889518261,member
1184281,789B8E5F82BFFF61,classic_bike,2022-03-28 11:24:34,2022-03-28 11:32:34,Broadway & W 25 St,6173,W 35 St & 9 Ave,6569,40.74286877312112,-73.98918628692627,40.75414519263519,-73.9960889518261,member
1184284,37E0844CF11138A2,classic_bike,2022-03-02 14:49:48,2022-03-02 14:56:49,Broadway & W 38 St,6560,W 35 St & 9 Ave,6569,40.7529728216068,-73.98734897375107,40.75414519263519,-73.9960889518261,member
1184290,1D645A4D7AC37E4E,classic_bike,2022-03-18 09:03:35,2022-03-18 09:24:02,Suffolk St & Stanton St,5445,W 35 St & 9 Ave,6569,40.72066442,-73.98517977,40.75414519263519,-73.9960889518261,member
1184291,8FDC2883AD3DF6E8,classic_bike,2022-03-21 09:43:22,2022-03-21 09:48:56,W 43 St & 10 Ave,6756,W 35 St & 9 Ave,6569,40.76009437,-73.99461843,40.75414519263519,-73.9960889518261,member
1184304,B30720E619FB6AAD,electric_bike,2022-03-15 16:18:43,2022-03-15 16:23:07,W 27 St & 7 Ave,6247,W 35 St & 9 Ave,6569,40.746647,-73.993915,40.75414519263519,-73.9960889518261,member
1184307,AD669A1688EE3B5C,classic_bike,2022-03-15 17:32:21,2022-03-15 17:49:10,Broadway & W 38 St,6560,W 35 St & 9 Ave,6569,40.7529728216068,-73.98734897375107,40.75414519263519,-73.9960889518261,member
1184308,DB8D7D187B7C92EA,classic_bike,2022-03-19 13:38:43,2022-03-19 13:47:10,Broadway & W 25 St,6173,W 35 St & 9 Ave,6569,40.74286877312112,-73.98918628692627,40.75414519263519,-73.9960889518261,member
1184339,6035B37AD8FA75CA,electric_bike,2022-03-18 15:04:12,2022-03-18 15:09:20,W 43 St & 10 Ave,6756,W 35 St & 9 Ave,6569,40.76009437,-73.99461843,40.75414519263519,-73.9960889518261,member
1184340,379E5C23DEEA1F13,classic_bike,2022-03-19 18:38:15,2022-03-19 18:43:17,W 43 St & 10 Ave,6756,W 35 St & 9 Ave,6569,40.76009437,-73.99461843,40.75414519263519,-73.9960889518261,member
1184344,8C5C2009E0C9F083,classic_bike,2022-03-15 09:35:09,2022-03-15 09:39:59,W 27 St & 7 Ave,6247,W 35 St & 9 Ave,6569,40.746647,-73.993915,40.75414519263519,-73.9960889518261,member
1184359,BA6126205E896CC1,electric_bike,2022-03-21 18:53:51,2022-03-21 19:01:16,W 27 St & 7 Ave,6247,W 35 St & 9 Ave,6569,40.746647,-73.993915,40.75414519263519,-73.9960889518261,member
1184373,E72DC643DFB933FE,classic_bike,2022-03-31 08:35:40,2022-03-31 08:40:43,Broadway & W 38 St,6560,W 35 St & 9 Ave,6569,40.7529728216068,-73.98734897375107,40.75414519263519,-73.9960889518261,member
1184385,52A5F50F2277AB1E,classic_bike,2022-03-28 08:43:03,2022-03-28 08:49:01,Broadway & W 38 St,6560,W 35 St & 9 Ave,6569,40.7529728216068,-73.98734897375107,40.75414519263519,-73.9960889518261,casual
1184386,DAB835495E09DC77,electric_bike,2022-03-03 15:44:00,2022-03-03 15:51:29,Broadway & W 38 St,6560,W 35 St & 9 Ave,6569,40.7529728216068,-73.98734897375107,40.75414519263519,-73.9960889518261,casual
1184407,3E35780EA71F1228,electric_bike,2022-03-01 13:39:27,2022-03-01 13:49:17,1 Ave & E 39 St,6303,W 35 St & 9 Ave,6569,40.74714,-73.97113,40.75414519263519,-73.9960889518261,member
1184421,633AED707FAA7329,classic_bike,2022-03-21 17:47:32,2022-03-21 17:56:31,W 29 St & 9 Ave,6416,W 35 St & 9 Ave,6569,40.7500727,-73.99839279,40.75414519263519,-73.9960889518261,member
1184422,D0E9AEDC4DF25FEC,electric_bike,2022-03-13 14:49:28,2022-03-13 15:02:36,Broadway & E 14 St,5905,W 35 St & 9 Ave,6569,40.73454567,-73.99074142,40.75414519263519,-73.9960889518261,member
1184453,2DE92E8E638754FF,classic_bike,2022-03-03 09:10:22,2022-03-03 09:23:32,7 Ave & Central Park South,6912,W 35 St & 9 Ave,6569,40.7667405590595,-73.9790689945221,40.75414519263519,-73.9960889518261,member
1184485,67857DE8003FC33B,classic_bike,2022-03-10 08:51:39,2022-03-10 09:03:51,7 Ave & Central Park South,6912,W 35 St & 9 Ave,6569,40.7667405590595,-73.9790689945221,40.75414519263519,-73.9960889518261,member
1184503,D455DCD2D28DDD17,classic_bike,2022-03-22 09:03:14,2022-03-22 09:16:10,7 Ave & Central Park South,6912,W 35 St & 9 Ave,6569,40.7667405590595,-73.9790689945221,40.75414519263519,-73.9960889518261,member
1184510,927AB366C5B195CA,classic_bike,2022-03-30 08:43:19,2022-03-30 08:51:14,E 40 St & Park Ave,6432,W 35 St & 9 Ave,6569,40.750756,-73.978326,40.75414519263519,-73.9960889518261,member
1184531,34BD102FBEB33673,classic_bike,2022-03-10 17:54:25,2022-03-10 18:08:44,Madison Av & E 51 St,6659,W 35 St & 9 Ave,6569,40.75863,-73.97513,40.75414519263519,-73.9960889518261,member
1184532,1972EC2DC3C1EAFF,electric_bike,2022-03-03 20:54:17,2022-03-03 21:03:18,2 Ave & E 31 St,6197,W 35 St & 9 Ave,6569,40.74290902,-73.97706058,40.75414519263519,-73.9960889518261,member
1184533,F6AC201E62772F69,electric_bike,2022-03-04 16:54:12,2022-03-04 17:04:55,E 27 St & 1 Ave,6004,W 35 St & 9 Ave,6569,40.739445,-73.976806,40.75414519263519,-73.9960889518261,member
1184557,FE05F058B1BC878B,classic_bike,2022-03-25 19:37:28,2022-03-25 19:51:17,Broadway & E 14 St,5905,W 35 St & 9 Ave,6569,40.73454567,-73.99074142,40.75414519263519,-73.9960889518261,member
1184579,C11DCF73880938A7,electric_bike,2022-03-22 14:33:57,2022-03-22 14:44:53,E 47 St & Park Ave,6584,W 35 St & 9 Ave,6569,40.75510267,-73.97498696,40.75414519263519,-73.9960889518261,casual
1184606,631BD08CF12ABBC2,classic_bike,2022-03-14 13:23:38,2022-03-14 13:38:16,Barrow St & Hudson St,5805,W 35 St & 9 Ave,6569,40.73172428,-74.00674436,40.75414519263519,-73.9960889518261,member
1184611,5AB53C5AEDCB3E02,classic_bike,2022-03-18 10:51:37,2022-03-18 11:05:25,Barrow St & Hudson St,5805,W 35 St & 9 Ave,6569,40.73172428,-74.00674436,40.75414519263519,-73.9960889518261,member
1184629,939652807D06D9F2,electric_bike,2022-03-23 08:10:41,2022-03-23 08:27:16,Washington St & Barrow St,5847,W 35 St & 9 Ave,6569,40.73191132323174,-74.008769094944,40.75414519263519,-73.9960889518261,member
1184692,93B4FFF96247ACCB,electric_bike,2022-03-02 08:52:17,2022-03-02 08:56:31,W 43 St & 10 Ave,6756,W 35 St & 9 Ave,6569,40.76009437,-73.99461843,40.75414519263519,-73.9960889518261,member
1184700,B065D69387545F45,electric_bike,2022-03-31 17:24:33,2022-03-31 17:37:27,W 59 St & 10 Ave,7023,W 35 St & 9 Ave,6569,40.770513,-73.988038,40.75414519263519,-73.9960889518261,member
1184708,3F6FE615425C14BC,electric_bike,2022-03-09 13:47:26,2022-03-09 13:55:26,E 33 St & 5 Ave,6322,W 35 St & 9 Ave,6569,40.74765947,-73.98490707,40.75414519263519,-73.9960889518261,casual
1184711,7288188BD2E5D6B5,electric_bike,2022-03-21 11:55:12,2022-03-21 12:01:06,Lexington Ave & E 36 St,6313,W 35 St & 9 Ave,6569,40.7475739589548,-73.9788007736206,40.75414519263519,-73.9960889518261,member
1184721,B234276EA0BCD4AC,electric_bike,2022-03-18 16:33:19,2022-03-18 16:40:23,E 33 St & 5 Ave,6322,W 35 St & 9 Ave,6569,40.74765947,-73.98490707,40.75414519263519,-73.9960889518261,member
1184729,B74C51E8A438C8BA,classic_bike,2022-03-10 08:59:08,2022-03-10 09:08:36,E 33 St & 5 Ave,6322,W 35 St & 9 Ave,6569,40.74765947,-73.98490707,40.75414519263519,-73.9960889518261,member
1184732,E2DE3168DD7C0F32,electric_bike,2022-03-04 14:49:11,2022-03-04 14:56:00,E 33 St & 5 Ave,6322,W 35 St & 9 Ave,6569,40.74765947,-73.98490707,40.75414519263519,-73.9960889518261,member
1184749,E30B47A35FF56D55,electric_bike,2022-03-02 11:08:07,2022-03-02 11:16:20,E 33 St & 5 Ave,6322,W 35 St & 9 Ave,6569,40.74765947,-73.98490707,40.75414519263519,-73.9960889518261,casual
1184799,880E826DC538C9BD,classic_bike,2022-03-16 14:20:13,2022-03-16 14:30:49,Broadway & W 51 St,6779,W 35 St & 9 Ave,6569,40.76228826,-73.98336183,40.75414519263519,-73.9960889518261,member
1184829,FEB250B0BD4AD0F4,electric_bike,2022-03-16 08:07:21,2022-03-16 08:24:46,E 74 St & 1 Ave,6953,W 35 St & 9 Ave,6569,40.7689738,-73.95482273,40.75414519263519,-73.9960889518261,casual
1184839,D525FA333108D204,electric_bike,2022-03-11 15:38:14,2022-03-11 15:48:13,W 10 St & Washington St,5847,W 35 St & 9 Ave,6569,40.73342399437081,-74.00851495563984,40.75414519263519,-73.9960889518261,member
1184851,FF69196967C9571A,electric_bike,2022-03-29 09:11:55,2022-03-29 09:18:13,E 33 St & 5 Ave,6322,W 35 St & 9 Ave,6569,40.74765947,-73.98490707,40.75414519263519,-73.9960889518261,member
1184858,8B35C01852D7C61D,classic_bike,2022-03-19 13:15:31,2022-03-19 13:30:00,West End Ave & W 60 St,7059,W 35 St & 9 Ave,6569,40.77237,-73.99005,40.75414519263519,-73.9960889518261,member
1184905,BE1FC79268BC364F,classic_bike,2022-03-14 09:25:23,2022-03-14 09:39:50,West End Ave & W 60 St,7059,W 35 St & 9 Ave,6569,40.77237,-73.99005,40.75414519263519,-73.9960889518261,member
1184911,72E04BE6094A2E60,electric_bike,2022-03-03 09:27:09,2022-03-03 09:52:30,Nassau St & Navy St,4812,W 35 St & 9 Ave,6569,40.69839895,-73.98068914,40.75414519263519,-73.9960889518261,member
1184917,37DFA86111EF4520,classic_bike,2022-03-24 09:02:29,2022-03-24 09:16:06,Lexington Ave & E 24 St,6089,W 35 St & 9 Ave,6569,40.74025878,-73.98409214,40.75414519263519,-73.9960889518261,member
1184933,97D9F3F841DA093D,classic_bike,2022-03-07 09:18:57,2022-03-07 09:31:35,West End Ave & W 60 St,7059,W 35 St & 9 Ave,6569,40.77237,-73.99005,40.75414519263519,-73.9960889518261,member
1184935,8C5E521B827D7E3B,electric_bike,2022-03-14 09:06:18,2022-03-14 09:14:20,Lexington Ave & E 24 St,6089,W 35 St & 9 Ave,6569,40.74025878,-73.98409214,40.75414519263519,-73.9960889518261,member
1184944,F947F5589BDB0AB0,classic_bike,2022-03-02 09:17:53,2022-03-02 09:31:11,Barrow St & Hudson St,5805,W 35 St & 9 Ave,6569,40.73172428,-74.00674436,40.75414519263519,-73.9960889518261,member
1184945,C38B4638582F2A62,classic_bike,2022-03-16 09:32:55,2022-03-16 09:46:03,Barrow St & Hudson St,5805,W 35 St & 9 Ave,6569,40.73172428,-74.00674436,40.75414519263519,-73.9960889518261,member
1184950,5AFEDD3115E05F27,classic_bike,2022-03-06 16:53:18,2022-03-06 16:55:25,W 37 St & 10 Ave,6611,W 35 St & 9 Ave,6569,40.75660359,-73.9979009,40.75414519263519,-73.9960889518261,member
1184954,0CAD6456D6FE0F94,electric_bike,2022-03-01 17:28:23,2022-03-01 17:40:10,Madison Av & E 51 St,6659,W 35 St & 9 Ave,6569,40.75863,-73.97513,40.75414519263519,-73.9960889518261,member
1184960,3B9DC9B9D6021962,electric_bike,2022-03-19 08:56:19,2022-03-19 08:59:27,W 37 St & 10 Ave,6611,W 35 St & 9 Ave,6569,40.75660359,-73.9979009,40.75414519263519,-73.9960889518261,member
1184961,5FCAD28337500E97,electric_bike,2022-03-19 15:54:43,2022-03-19 15:58:14,W 37 St & 10 Ave,6611,W 35 St & 9 Ave,6569,40.75660359,-73.9979009,40.75414519263519,-73.9960889518261,member
1184971,4C5C671696A4ED07,classic_bike,2022-03-03 11:26:43,2022-03-03 11:29:22,W 37 St & 10 Ave,6611,W 35 St & 9 Ave,6569,40.75660359,-73.9979009,40.75414519263519,-73.9960889518261,member
1184977,522604F1C7AA0849,electric_bike,2022-03-25 12:39:31,2022-03-25 13:16:15,W 37 St & 10 Ave,6611,W 35 St & 9 Ave,6569,40.75660359,-73.9979009,40.75414519263519,-73.9960889518261,member
1184987,FBD43601FC5B3AE1,classic_bike,2022-03-24 11:55:25,2022-03-24 12:06:09,E 45 St & 3 Ave,6464,W 35 St & 9 Ave,6569,40.75255434,-73.97282625,40.75414519263519,-73.9960889518261,member
1185034,AF414D729D7C2C2E,classic_bike,2022-03-29 09:56:46,2022-03-29 10:07:21,Bank St & Hudson St,5922,W 35 St & 9 Ave,6569,40.73652889,-74.00618026,40.75414519263519,-73.9960889518261,member
1185036,90AB7EF005533AE5,classic_bike,2022-03-14 03:17:30,2022-03-14 03:19:36,W 39 St & 9 Ave,6644,W 35 St & 9 Ave,6569,40.75645824,-73.99372222,40.75414519263519,-73.9960889518261,member
1185043,C06C1E048F86D6C8,electric_bike,2022-03-10 19:03:16,2022-03-10 19:16:51,W 36 St & 9 Ave,6569,E 67 St & Park Ave,6932,40.75462324029105,-73.99516761302948,40.76780080148132,-73.96592080593109,member
1185047,AF9286C740A2279A,classic_bike,2022-03-07 10:13:51,2022-03-07 10:20:28,W 36 St & 9 Ave,6569,9 Ave & W 22 St,6266,40.75462324029105,-73.99516761302948,40.7454973,-74.00197139,member
1185049,B4FAB83DC1B2DCE4,classic_bike,2022-03-02 09:51:07,2022-03-02 09:57:06,W 36 St & 9 Ave,6569,9 Ave & W 22 St,6266,40.75462324029105,-73.99516761302948,40.7454973,-74.00197139,member
1185050,673CC9FE25FBD272,classic_bike,2022-03-14 07:55:31,2022-03-14 08:06:40,W 36 St & 9 Ave,6569,2 Ave & E 29 St,6122,40.75462324029105,-73.99516761302948,40.74172351097472,-73.97809267044067,member
1185066,E45C20594DACC752,classic_bike,2022-03-15 16:40:14,2022-03-15 16:50:22,W 26 St & 10 Ave,6382,W 35 St & 9 Ave,6569,40.749717753,-74.002950346,40.75414519263519,-73.9960889518261,casual
1185073,FA8A9E9AAC77471D,electric_bike,2022-03-03 18:59:06,2022-03-03 19:03:26,W 36 St & 9 Ave,6569,9 Ave & W 22 St,6266,40.75462324029105,-73.99516761302948,40.7454973,-74.00197139,member
1185074,E153A2E77B0B1D75,classic_bike,2022-03-04 11:44:05,2022-03-04 11:48:26,W 36 St & 9 Ave,6569,9 Ave & W 22 St,6266,40.75462324029105,-73.99516761302948,40.7454973,-74.00197139,member
1185076,4ADB32A24FFD23AD,classic_bike,2022-03-11 14:59:37,2022-03-11 15:13:17,W 36 St & 9 Ave,6569,2 Ave & E 29 St,6122,40.75462324029105,-73.99516761302948,40.74172351097472,-73.97809267044067,member
1185082,9D5D1FD1F81CE80C,classic_bike,2022-03-24 19:33:09,2022-03-24 19:38:05,W 36 St & 9 Ave,6569,9 Ave & W 22 St,6266,40.75462324029105,-73.99516761302948,40.7454973,-74.00197139,member
1185091,9CECD99FF8EB0DDE,classic_bike,2022-03-06 15:59:52,2022-03-06 16:06:02,W 36 St & 9 Ave,6569,9 Ave & W 22 St,6266,40.75462324029105,-73.99516761302948,40.7454973,-74.00197139,member
1185093,6827D5627FB71443,classic_bike,2022-03-21 19:27:35,2022-03-21 19:44:46,W 36 St & 9 Ave,6569,9 Ave & W 22 St,6266,40.75462324029105,-73.99516761302948,40.7454973,-74.00197139,casual
1185094,5FE81567786BA4BA,classic_bike,2022-03-16 11:20:03,2022-03-16 11:26:00,W 36 St & 9 Ave,6569,9 Ave & W 22 St,6266,40.75462324029105,-73.99516761302948,40.7454973,-74.00197139,member
1185101,424BD2E3ECF32F5E,classic_bike,2022-03-05 07:52:58,2022-03-05 07:58:00,W 36 St & 9 Ave,6569,9 Ave & W 22 St,6266,40.75462324029105,-73.99516761302948,40.7454973,-74.00197139,member
1185103,09A9425BD33AB25A,classic_bike,2022-03-01 18:00:17,2022-03-01 18:07:01,W 36 St & 9 Ave,6569,9 Ave & W 22 St,6266,40.75462324029105,-73.99516761302948,40.7454973,-74.00197139,member
1185114,524DB4E50ACF427B,electric_bike,2022-03-22 21:12:45,2022-03-22 21:23:15,W 36 St & 9 Ave,6569,2 Ave & E 29 St,6122,40.75462324029105,-73.99516761302948,40.74172351097472,-73.97809267044067,member
1185115,716D82F55C649643,classic_bike,2022-03-05 11:34:48,2022-03-05 11:41:22,W 36 St & 9 Ave,6569,9 Ave & W 22 St,6266,40.75462324029105,-73.99516761302948,40.7454973,-74.00197139,member
1185126,890BA22B76C01F61,classic_bike,2022-03-15 08:25:21,2022-03-15 08:30:56,W 36 St & 9 Ave,6569,9 Ave & W 22 St,6266,40.75462324029105,-73.99516761302948,40.7454973,-74.00197139,member
1185127,9A5B168922DF3E0B,classic_bike,2022-03-30 17:23:38,2022-03-30 17:29:42,W 36 St & 9 Ave,6569,9 Ave & W 22 St,6266,40.75462324029105,-73.99516761302948,40.7454973,-74.00197139,member
1185128,DFB3153EF3CF4757,electric_bike,2022-03-30 09:58:10,2022-03-30 10:05:16,Broadway & W 29 St,6289,W 35 St & 9 Ave,6569,40.7462009,-73.98855723,40.75414519263519,-73.9960889518261,member
1185129,AE8F1E5E0B3B50D1,classic_bike,2022-03-11 08:52:31,2022-03-11 09:00:24,W 36 St & 9 Ave,6569,9 Ave & W 22 St,6266,40.75462324029105,-73.99516761302948,40.7454973,-74.00197139,member
1185156,9689CC32FCE92348,classic_bike,2022-03-10 14:43:19,2022-03-10 14:49:09,W 36 St & 9 Ave,6569,9 Ave & W 22 St,6266,40.75462324029105,-73.99516761302948,40.7454973,-74.00197139,member
1185158,6F7CA9755C57D88D,electric_bike,2022-03-18 10:59:35,2022-03-18 11:03:44,W 36 St & 9 Ave,6569,9 Ave & W 22 St,6266,40.75462324029105,-73.99516761302948,40.7454973,-74.00197139,member
1185176,F172482864966E3B,classic_bike,2022-03-30 17:13:20,2022-03-30 17:24:14,W 35 St & 9 Ave,6569,2 Ave & E 29 St,6122,40.75414519263519,-73.9960889518261,40.74172351097472,-73.97809267044067,member
1185177,9F420F3FA8F44355,electric_bike,2022-03-01 18:54:44,2022-03-01 18:55:10,W 35 St & 9 Ave,6569,W 35 St & 9 Ave,6569,40.75414519263519,-73.9960889518261,40.75414519263519,-73.9960889518261,member
1185178,6470D449E75AD2FE,electric_bike,2022-03-21 09:56:18,2022-03-21 09:59:43,W 35 St & 9 Ave,6569,9 Ave & W 22 St,6266,40.75414519263519,-73.9960889518261,40.7454973,-74.00197139,member
1185181,507ADC43D8502860,classic_bike,2022-03-30 09:12:03,2022-03-30 09:30:04,W 35 St & 9 Ave,6569,9 Ave & W 22 St,6266,40.75414519263519,-73.9960889518261,40.7454973,-74.00197139,member
1185183,3F70F16F19C217C0,classic_bike,2022-03-04 07:23:39,2022-03-04 07:29:21,W 35 St & 9 Ave,6569,9 Ave & W 22 St,6266,40.75414519263519,-73.9960889518261,40.7454973,-74.00197139,member
1185188,099301D0D6325FD8,classic_bike,2022-03-06 20:38:53,2022-03-06 20:43:30,W 35 St & 9 Ave,6569,9 Ave & W 22 St,6266,40.75414519263519,-73.9960889518261,40.7454973,-74.00197139,member
1185197,D58EEA9248FED2C9,classic_bike,2022-03-30 17:22:08,2022-03-30 17:26:07,W 36 St & 9 Ave,6569,9 Ave & W 22 St,6266,40.75462324029105,-73.99516761302948,40.7454973,-74.00197139,member
1185199,D606FC980DCEB651,classic_bike,2022-03-29 10:38:34,2022-03-29 10:43:33,W 36 St & 9 Ave,6569,9 Ave & W 22 St,6266,40.75462324029105,-73.99516761302948,40.7454973,-74.00197139,member
1185208,60189BEDC2591C7C,classic_bike,2022-03-21 19:27:29,2022-03-21 19:33:27,W 36 St & 9 Ave,6569,9 Ave & W 22 St,6266,40.75462324029105,-73.99516761302948,40.7454973,-74.00197139,casual
1185209,56AF657E2EEA69BA,electric_bike,2022-03-11 18:35:33,2022-03-11 18:40:20,W 36 St & 9 Ave,6569,9 Ave & W 22 St,6266,40.75462324029105,-73.99516761302948,40.7454973,-74.00197139,casual
1185210,43B5B8BB6D2440BB,classic_bike,2022-03-14 17:06:56,2022-03-14 17:13:50,W 36 St & 9 Ave,6569,9 Ave & W 22 St,6266,40.75462324029105,-73.99516761302948,40.7454973,-74.00197139,casual
1185212,C33F182D96DDA8DA,classic_bike,2022-03-14 10:34:51,2022-03-14 10:41:36,W 27 St & 7 Ave,6247,W 35 St & 9 Ave,6569,40.746647,-73.993915,40.75414519263519,-73.9960889518261,member
1185216,EE5C30831C183FEA,classic_bike,2022-03-31 09:08:15,2022-03-31 09:13:45,Broadway & W 38 St,6560,W 35 St & 9 Ave,6569,40.7529728216068,-73.98734897375107,40.75414519263519,-73.9960889518261,member
1185226,EA6DF0806A05576D,classic_bike,2022-03-05 13:40:13,2022-03-05 13:55:24,Broadway & W 38 St,6560,W 35 St & 9 Ave,6569,40.7529728216068,-73.98734897375107,40.75414519263519,-73.9960889518261,casual
1185233,3265F4EDCD1143D6,classic_bike,2022-03-20 13:15:16,2022-03-20 13:21:28,W 36 St & 9 Ave,6569,9 Ave & W 22 St,6266,40.75462324029105,-73.99516761302948,40.7454973,-74.00197139,casual
1185247,CA3D0809412E4048,classic_bike,2022-03-26 12:26:39,2022-03-26 12:34:41,W 45 St & 8 Ave,6676,W 35 St & 9 Ave,6569,40.75929124,-73.98859651,40.75414519263519,-73.9960889518261,member
1185252,FE43E66EFD9AD1EA,classic_bike,2022-03-10 09:45:11,2022-03-10 09:53:23,W 36 St & 9 Ave,6569,9 Ave & W 22 St,6266,40.75462324029105,-73.99516761302948,40.7454973,-74.00197139,member
1185266,E52F3DCC378DBB9E,classic_bike,2022-03-17 09:48:45,2022-03-17 09:54:54,W 27 St & 7 Ave,6247,W 35 St & 9 Ave,6569,40.746647,-73.993915,40.75414519263519,-73.9960889518261,member
1185270,BC08493DB6745E30,electric_bike,2022-03-28 12:19:26,2022-03-28 12:23:19,W 27 St & 7 Ave,6247,W 35 St & 9 Ave,6569,40.746647,-73.993915,40.75414519263519,-73.9960889518261,member
1185290,D7E14F8D1C028871,classic_bike,2022-03-23 19:14:17,2022-03-23 19:26:39,Broadway & W 25 St,6173,W 35 St & 9 Ave,6569,40.74286877312112,-73.98918628692627,40.75414519263519,-73.9960889518261,member
1185298,B57ACF44E8A72CE3,electric_bike,2022-03-14 20:55:02,2022-03-14 20:59:26,Broadway & W 38 St,6560,W 35 St & 9 Ave,6569,40.7529728216068,-73.98734897375107,40.75414519263519,-73.9960889518261,casual
1185299,EE04DEDF999ECB3D,classic_bike,2022-03-03 13:03:38,2022-03-03 13:13:14,W 27 St & 7 Ave,6247,W 35 St & 9 Ave,6569,40.746647,-73.993915,40.75414519263519,-73.9960889518261,casual
1185302,18C7E159D83D6F53,classic_bike,2022-03-21 14:46:32,2022-03-21 14:55:14,W 27 St & 7 Ave,6247,W 35 St & 9 Ave,6569,40.746647,-73.993915,40.75414519263519,-73.9960889518261,casual
1185307,2DF3A9AB2BAFECDD,electric_bike,2022-03-01 19:03:19,2022-03-01 19:11:50,Broadway & W 25 St,6173,W 35 St & 9 Ave,6569,40.74286877312112,-73.98918628692627,40.75414519263519,-73.9960889518261,casual
1185329,863C8CA1563789A0,classic_bike,2022-03-04 07:43:36,2022-03-04 07:49:11,W 36 St & 9 Ave,6569,9 Ave & W 22 St,6266,40.75462324029105,-73.99516761302948,40.7454973,-74.00197139,member
1185330,7C22854E3B7E556B,electric_bike,2022-03-31 22:01:20,2022-03-31 22:03:58,W 36 St & 9 Ave,6569,W 35 St & 9 Ave,6569,40.75462324029105,-73.99516761302948,40.75414519263519,-73.9960889518261,member
1185331,BD1F8833EFE65026,classic_bike,2022-03-02 14:29:24,2022-03-02 14:35:34,W 36 St & 9 Ave,6569,9 Ave & W 22 St,6266,40.75462324029105,-73.99516761302948,40.7454973,-74.00197139,member
1185338,9A6BCC255AC2ED04,classic_bike,2022-03-16 10:04:21,2022-03-16 10:11:36,W 36 St & 9 Ave,6569,9 Ave & W 22 St,6266,40.75462324029105,-73.99516761302948,40.7454973,-74.00197139,member
1185340,5794CE0393362C92,electric_bike,2022-03-07 15:08:08,2022-03-07 15:22:03,W 4 St & 7 Ave S,5880,W 35 St & 9 Ave,6569,40.73401143,-74.00293877,40.75414519263519,-73.9960889518261,member
1185346,A3BE93C53FAF875B,electric_bike,2022-03-15 06:38:44,2022-03-15 06:50:30,Lafayette St & Jersey St,5561,W 35 St & 9 Ave,6569,40.72456089,-73.99565293,40.75414519263519,-73.9960889518261,casual
1185349,15BFA753094B2772,electric_bike,2022-03-15 21:06:57,2022-03-15 21:10:06,W 36 St & 9 Ave,6569,W 35 St & 9 Ave,6569,40.75462324029105,-73.99516761302948,40.75414519263519,-73.9960889518261,member
1185350,FC379B42EDFF4753,electric_bike,2022-03-17 19:45:02,2022-03-17 19:49:48,W 36 St & 9 Ave,6569,9 Ave & W 22 St,6266,40.75462324029105,-73.99516761302948,40.7454973,-74.00197139,member
1185363,335F358B33ACC2A5,electric_bike,2022-03-05 22:47:42,2022-03-05 22:55:02,5 Ave & E 29 St,6248,W 35 St & 9 Ave,6569,40.7451677,-73.98683077,40.75414519263519,-73.9960889518261,member
1185365,A1B1769B242FBAAE,classic_bike,2022-03-22 20:57:10,2022-03-22 21:07:04,5 Ave & E 29 St,6248,W 35 St & 9 Ave,6569,40.7451677,-73.98683077,40.75414519263519,-73.9960889518261,member
1185415,90CE888399758EB0,classic_bike,2022-03-23 18:03:38,2022-03-23 18:06:26,W 37 St & 10 Ave,6611,W 35 St & 9 Ave,6569,40.75660359,-73.9979009,40.75414519263519,-73.9960889518261,member
1185416,833114096DEC22B6,classic_bike,2022-03-18 14:36:13,2022-03-18 14:38:22,W 37 St & 10 Ave,6611,W 35 St & 9 Ave,6569,40.75660359,-73.9979009,40.75414519263519,-73.9960889518261,member
1185434,F18F1BF8047C22D9,classic_bike,2022-03-02 14:45:42,2022-03-02 14:54:37,5 Ave & E 29 St,6248,W 35 St & 9 Ave,6569,40.7451677,-73.98683077,40.75414519263519,-73.9960889518261,member
1185435,E54F5811C7961E99,electric_bike,2022-03-19 01:50:08,2022-03-19 01:51:21,8 Ave & W 33 St,6450,W 35 St & 9 Ave,6569,40.751551,-73.993934,40.75414519263519,-73.9960889518261,member
1185450,17D8A56FFC5DB11E,classic_bike,2022-03-31 16:38:31,2022-03-31 16:41:20,8 Ave & W 33 St,6450,W 35 St & 9 Ave,6569,40.751551,-73.993934,40.75414519263519,-73.9960889518261,member
1185451,8AF039251B29D61E,classic_bike,2022-03-31 17:19:01,2022-03-31 17:21:52,8 Ave & W 33 St,6450,W 35 St & 9 Ave,6569,40.751551,-73.993934,40.75414519263519,-73.9960889518261,member
1185452,6FF38955DCDE6F8F,classic_bike,2022-03-31 16:48:06,2022-03-31 16:50:15,8 Ave & W 33 St,6450,W 35 St & 9 Ave,6569,40.751551,-73.993934,40.75414519263519,-73.9960889518261,member
1185453,62A1B1A963032E1D,classic_bike,2022-03-31 16:55:33,2022-03-31 16:57:43,8 Ave & W 33 St,6450,W 35 St & 9 Ave,6569,40.751551,-73.993934,40.75414519263519,-73.9960889518261,member
1185454,13AA8ACB42D24F27,classic_bike,2022-03-31 17:02:20,2022-03-31 17:05:19,8 Ave & W 33 St,6450,W 35 St & 9 Ave,6569,40.751551,-73.993934,40.75414519263519,-73.9960889518261,member
1185459,9235AC988D2A9A08,electric_bike,2022-03-14 12:14:21,2022-03-14 12:15:40,8 Ave & W 33 St,6450,W 35 St & 9 Ave,6569,40.751551,-73.993934,40.75414519263519,-73.9960889518261,member
1185460,DD89AD63A723C47C,classic_bike,2022-03-31 12:29:55,2022-03-31 12:34:13,8 Ave & W 33 St,6450,W 35 St & 9 Ave,6569,40.751551,-73.993934,40.75414519263519,-73.9960889518261,member
1185461,13516BE6B6B39D29,classic_bike,2022-03-15 19:52:04,2022-03-15 19:54:31,8 Ave & W 33 St,6450,W 35 St & 9 Ave,6569,40.751551,-73.993934,40.75414519263519,-73.9960889518261,member
1185462,22D21C1D7511C2E2,classic_bike,2022-03-15 19:58:48,2022-03-15 20:00:42,8 Ave & W 33 St,6450,W 35 St & 9 Ave,6569,40.751551,-73.993934,40.75414519263519,-73.9960889518261,member
1185464,A3223054EFEF35EE,classic_bike,2022-03-15 16:41:17,2022-03-15 16:44:14,8 Ave & W 33 St,6450,W 35 St & 9 Ave,6569,40.751551,-73.993934,40.75414519263519,-73.9960889518261,member
1185465,DD0A58C84EF1FCC7,classic_bike,2022-03-07 17:35:38,2022-03-07 17:38:18,8 Ave & W 33 St,6450,W 35 St & 9 Ave,6569,40.751551,-73.993934,40.75414519263519,-73.9960889518261,member
1185466,F1AFFC245D56D13C,classic_bike,2022-03-07 17:42:18,2022-03-07 17:44:20,8 Ave & W 33 St,6450,W 35 St & 9 Ave,6569,40.751551,-73.993934,40.75414519263519,-73.9960889518261,member
1185469,61514D21E53211D8,classic_bike,2022-03-08 15:25:13,2022-03-08 15:27:52,8 Ave & W 33 St,6450,W 35 St & 9 Ave,6569,40.751551,-73.993934,40.75414519263519,-73.9960889518261,member
1185497,DA2DE7200E3A1E89,classic_bike,2022-03-23 11:40:25,2022-03-23 11:58:33,Mott St & Prince St,5561,W 35 St & 9 Ave,6569,40.72317958,-73.99480012,40.75414519263519,-73.9960889518261,member
1185517,1321A8B53A100AB0,classic_bike,2022-03-05 17:27:53,2022-03-05 17:30:36,8 Ave & W 33 St,6450,W 35 St & 9 Ave,6569,40.751551,-73.993934,40.75414519263519,-73.9960889518261,member
1185518,EFD6B5563C69DA6C,classic_bike,2022-03-29 16:29:16,2022-03-29 16:32:10,8 Ave & W 33 St,6450,W 35 St & 9 Ave,6569,40.751551,-73.993934,40.75414519263519,-73.9960889518261,member
1185519,1E09B31823FCAEBE,electric_bike,2022-03-29 16:13:21,2022-03-29 16:15:12,8 Ave & W 33 St,6450,W 35 St & 9 Ave,6569,40.751551,-73.993934,40.75414519263519,-73.9960889518261,member
1185520,78E7B23894694317,electric_bike,2022-03-29 17:01:36,2022-03-29 17:04:08,8 Ave & W 33 St,6450,W 35 St & 9 Ave,6569,40.751551,-73.993934,40.75414519263519,-73.9960889518261,member
1185521,BA85AD3848128318,classic_bike,2022-03-29 16:45:07,2022-03-29 16:47:24,8 Ave & W 33 St,6450,W 35 St & 9 Ave,6569,40.751551,-73.993934,40.75414519263519,-73.9960889518261,member
1185522,DD3FBFDE1800ED60,classic_bike,2022-03-29 16:52:29,2022-03-29 16:55:11,8 Ave & W 33 St,6450,W 35 St & 9 Ave,6569,40.751551,-73.993934,40.75414519263519,-73.9960889518261,member
1185523,38FC51322EE0E655,classic_bike,2022-03-29 17:17:03,2022-03-29 17:19:20,8 Ave & W 33 St,6450,W 35 St & 9 Ave,6569,40.751551,-73.993934,40.75414519263519,-73.9960889518261,member
1185524,5534E94D3A110774,classic_bike,2022-03-29 17:24:51,2022-03-29 17:27:45,8 Ave & W 33 St,6450,W 35 St & 9 Ave,6569,40.751551,-73.993934,40.75414519263519,-73.9960889518261,member
1185525,B77013779B7551DF,classic_bike,2022-03-29 16:37:18,2022-03-29 16:39:40,8 Ave & W 33 St,6450,W 35 St & 9 Ave,6569,40.751551,-73.993934,40.75414519263519,-73.9960889518261,member
1185526,2B5C78F3FBC43ED1,classic_bike,2022-03-29 16:21:48,2022-03-29 16:23:33,8 Ave & W 33 St,6450,W 35 St & 9 Ave,6569,40.751551,-73.993934,40.75414519263519,-73.9960889518261,member
1185532,2353627CB222FD23,classic_bike,2022-03-16 21:08:31,2022-03-16 21:16:08,5 Ave & E 29 St,6248,W 35 St & 9 Ave,6569,40.7451677,-73.98683077,40.75414519263519,-73.9960889518261,member
1185533,E8BBB7D683A56B94,classic_bike,2022-03-21 13:53:08,2022-03-21 13:55:11,8 Ave & W 33 St,6450,W 35 St & 9 Ave,6569,40.751551,-73.993934,40.75414519263519,-73.9960889518261,member
1185539,933F42395CEE34B0,classic_bike,2022-03-29 10:56:22,2022-03-29 10:58:57,W 37 St & 10 Ave,6611,W 35 St & 9 Ave,6569,40.75660359,-73.9979009,40.75414519263519,-73.9960889518261,member
1185540,E42E2D0587831E0C,electric_bike,2022-03-31 16:29:58,2022-03-31 16:31:47,W 37 St & 10 Ave,6611,W 35 St & 9 Ave,6569,40.75660359,-73.9979009,40.75414519263519,-73.9960889518261,member
1185559,1694546FCC03A4B1,classic_bike,2022-03-07 09:05:30,2022-03-07 09:25:06,Allen St & Stanton St,5484,W 35 St & 9 Ave,6569,40.722055,-73.989111,40.75414519263519,-73.9960889518261,member
1185563,C374EC0BF0098BCF,electric_bike,2022-03-14 20:32:49,2022-03-14 20:54:30,Allen St & Stanton St,5484,W 35 St & 9 Ave,6569,40.722055,-73.989111,40.75414519263519,-73.9960889518261,member
1185565,FE362FAB716EE026,electric_bike,2022-03-31 12:50:27,2022-03-31 13:06:49,Central Park W & W 91 St,7453,W 35 St & 9 Ave,6569,40.78866499127884,-73.96680057048798,40.75414519263519,-73.9960889518261,member
1185578,FB7B50472DA77D61,classic_bike,2022-03-20 11:23:39,2022-03-20 11:24:05,W 35 St & 9 Ave,6569,W 35 St & 9 Ave,6569,40.75414519263519,-73.9960889518261,40.75414519263519,-73.9960889518261,member
1185579,68AC9E15731A38F0,classic_bike,2022-03-23 11:24:46,2022-03-23 11:28:10,W 35 St & 9 Ave,6569,9 Ave & W 22 St,6266,40.75414519263519,-73.9960889518261,40.7454973,-74.00197139,member
1185580,423E2804E754BAF7,classic_bike,2022-03-24 19:20:55,2022-03-24 19:25:50,W 35 St & 9 Ave,6569,9 Ave & W 22 St,6266,40.75414519263519,-73.9960889518261,40.7454973,-74.00197139,member
1185608,5E81AE5782A0926A,electric_bike,2022-03-29 18:40:09,2022-03-29 18:47:30,W 63 St & Broadway,7052,W 35 St & 9 Ave,6569,40.77163851,-73.98261428,40.75414519263519,-73.9960889518261,member
1185609,4362A7948D82FC0A,electric_bike,2022-03-13 17:17:00,2022-03-13 17:24:59,W 63 St & Broadway,7052,W 35 St & 9 Ave,6569,40.77163851,-73.98261428,40.75414519263519,-73.9960889518261,member
1185612,E7C43E95E90F1339,electric_bike,2022-03-31 09:29:44,2022-03-31 09:33:35,W 30 St & 10 Ave,6459,W 35 St & 9 Ave,6569,40.752694,-74.002353,40.75414519263519,-73.9960889518261,member
1185621,8F792FD0FCE3092C,electric_bike,2022-03-24 11:53:16,2022-03-24 12:09:52,Central Park W & W 91 St,7453,W 35 St & 9 Ave,6569,40.78866499127884,-73.96680057048798,40.75414519263519,-73.9960889518261,member
1185631,CD568332522765C4,electric_bike,2022-03-22 18:37:06,2022-03-22 18:42:53,Broadway\t& W 48 St,6708,W 35 St & 9 Ave,6569,40.76017739537783,-73.98486793041229,40.75414519263519,-73.9960889518261,member
1185663,D55131A321D865ED,classic_bike,2022-03-15 09:35:01,2022-03-15 09:49:04,W 4 St & 7 Ave S,5880,W 35 St & 9 Ave,6569,40.73401143,-74.00293877,40.75414519263519,-73.9960889518261,member
1185673,E7A2C1CED9D7165F,classic_bike,2022-03-27 14:11:36,2022-03-27 14:19:39,10 Ave & W 28 St,6459,W 35 St & 9 Ave,6569,40.75066386,-74.00176802,40.75414519263519,-73.9960889518261,member
1185675,9F7848E8C4B86CFC,classic_bike,2022-03-16 17:10:49,2022-03-16 17:16:01,10 Ave & W 28 St,6459,W 35 St & 9 Ave,6569,40.75066386,-74.00176802,40.75414519263519,-73.9960889518261,member
1185701,6BE865AD6C562588,classic_bike,2022-03-28 12:54:33,2022-03-28 13:07:04,7 Ave S & Bleecker St,5805,W 35 St & 9 Ave,6569,40.73213896287381,-74.00363802909851,40.75414519263519,-73.9960889518261,member
1185703,3A3E30809B69D374,classic_bike,2022-03-21 12:54:22,2022-03-21 13:09:49,7 Ave S & Bleecker St,5805,W 35 St & 9 Ave,6569,40.73213896287381,-74.00363802909851,40.75414519263519,-73.9960889518261,member
1185705,631A2911E02BC8CD,classic_bike,2022-03-21 15:15:47,2022-03-21 15:22:17,10 Ave & W 28 St,6459,W 35 St & 9 Ave,6569,40.75066386,-74.00176802,40.75414519263519,-73.9960889518261,member
1185710,8D766F95C58D7464,classic_bike,2022-03-08 16:31:03,2022-03-08 17:05:07,Lafayette St & Jersey St,5561,W 35 St & 9 Ave,6569,40.72456089,-73.99565293,40.75414519263519,-73.9960889518261,member
1185725,1B3759565C0A5138,docked_bike,2022-03-02 19:00:48,2022-03-02 19:05:51,W 45 St & 8 Ave,6676,W 35 St & 9 Ave,6569,40.759291,-73.988597,40.754145,-73.996089,casual
1185727,D3E133D1A4A558A7,electric_bike,2022-03-02 18:12:08,2022-03-02 18:16:05,W 45 St & 8 Ave,6676,W 35 St & 9 Ave,6569,40.75929124,-73.98859651,40.75414519263519,-73.9960889518261,member
1185731,8A012657692C7AB4,classic_bike,2022-03-23 18:23:52,2022-03-23 18:30:49,10 Ave & W 28 St,6459,W 35 St & 9 Ave,6569,40.75066386,-74.00176802,40.75414519263519,-73.9960889518261,member
1185745,DFC25E5C72D143ED,classic_bike,2022-03-22 10:54:07,2022-03-22 11:08:34,W 4 St & 7 Ave S,5880,W 35 St & 9 Ave,6569,40.73401143,-74.00293877,40.75414519263519,-73.9960889518261,member
1185766,147418BF27FE3337,classic_bike,2022-03-08 10:38:35,2022-03-08 10:43:22,10 Ave & W 28 St,6459,W 35 St & 9 Ave,6569,40.75066386,-74.00176802,40.75414519263519,-73.9960889518261,member
1185776,0E68ADC7E8A4AB26,classic_bike,2022-03-16 17:20:11,2022-03-16 17:34:27,W Broadway & W Houston St,5644,W 35 St & 9 Ave,6569,40.726378,-74.000472,40.75414519263519,-73.9960889518261,member
1185788,CC09949B1984DB1E,electric_bike,2022-03-26 17:01:27,2022-03-26 17:16:52,E 23 St & 1 Ave,5929,W 35 St & 9 Ave,6569,40.736502,-73.97809472,40.75414519263519,-73.9960889518261,member
1185817,B410ED39273277E5,classic_bike,2022-03-31 09:20:18,2022-03-31 09:24:55,10 Ave & W 28 St,6459,W 35 St & 9 Ave,6569,40.75066386,-74.00176802,40.75414519263519,-73.9960889518261,member
1185825,B6186A8E8BBBC934,classic_bike,2022-03-04 18:17:37,2022-03-04 18:28:02,Gansevoort St & Hudson St,6072,W 35 St & 9 Ave,6569,40.73944820130404,-74.00507032871246,40.75414519263519,-73.9960889518261,member
1185947,23843E2442E5F9E9,classic_bike,2022-03-10 22:04:17,2022-03-10 22:14:33,W 17 St & 8 Ave,6148,W 35 St & 9 Ave,6569,40.74177603,-74.00149746,40.75414519263519,-73.9960889518261,casual
1185951,018B26BC325B7690,classic_bike,2022-03-17 18:48:55,2022-03-17 18:52:21,8 Ave & W 33 St,6450,W 35 St & 9 Ave,6569,40.751551,-73.993934,40.75414519263519,-73.9960889518261,member
1185974,201CB987B1462326,classic_bike,2022-03-21 09:24:01,2022-03-21 09:34:46,E 41 St & Madison Ave (SW corner),6474,W 35 St & 9 Ave,6569,40.752165280621966,-73.97992193698882,40.75414519263519,-73.9960889518261,member
1185976,1E53C7C50B92B4D8,classic_bike,2022-03-11 07:10:12,2022-03-11 07:17:27,E 41 St & Madison Ave (SW corner),6474,W 35 St & 9 Ave,6569,40.752165280621966,-73.97992193698882,40.75414519263519,-73.9960889518261,member
1185997,FA694F888A028805,classic_bike,2022-03-23 16:56:38,2022-03-23 17:11:32,E 53 St & Madison Ave,6659,W 35 St & 9 Ave,6569,40.7597108,-73.97402311,40.75414519263519,-73.9960889518261,member
1186011,34D672B7C223280E,classic_bike,2022-03-08 10:20:32,2022-03-08 10:27:18,W 17 St & 8 Ave,6148,W 35 St & 9 Ave,6569,40.74177603,-74.00149746,40.75414519263519,-73.9960889518261,member
1186017,895436870CBED7BF,classic_bike,2022-03-18 11:36:02,2022-03-18 11:44:26,W 17 St & 8 Ave,6148,W 35 St & 9 Ave,6569,40.74177603,-74.00149746,40.75414519263519,-73.9960889518261,member
1186021,21007D03BD72B738,classic_bike,2022-03-11 09:37:37,2022-03-11 09:45:50,W 17 St & 8 Ave,6148,W 35 St & 9 Ave,6569,40.74177603,-74.00149746,40.75414519263519,-73.9960889518261,member
1186025,D4719F084764E8A1,classic_bike,2022-03-03 05:47:40,2022-03-03 05:51:26,8 Ave & W 33 St,6450,W 35 St & 9 Ave,6569,40.751551,-73.993934,40.75414519263519,-73.9960889518261,member
1186055,55BCD865FCC1FBA4,classic_bike,2022-03-02 08:36:15,2022-03-02 08:47:39,E 41 St & Madison Ave (SW corner),6474,W 35 St & 9 Ave,6569,40.752165280621966,-73.97992193698882,40.75414519263519,-73.9960889518261,member
1186088,9F4548F6550389A6,classic_bike,2022-03-11 13:38:14,2022-03-11 13:43:33,8 Ave & W 31 St,6450,W 35 St & 9 Ave,6569,40.7505853470215,-73.9946848154068,40.75414519263519,-73.9960889518261,member
1186103,47677175B5407911,classic_bike,2022-03-17 18:52:10,2022-03-17 19:18:01,Bleecker St & Crosby St,5679,W 35 St & 9 Ave,6569,40.72615604980408,-73.99510189890862,40.75414519263519,-73.9960889518261,member
1186109,4F5D08A0C888E5BF,classic_bike,2022-03-09 00:13:55,2022-03-09 00:24:09,Greenwich St & Perry St,5922,W 35 St & 9 Ave,6569,40.73498,-74.00697,40.75414519263519,-73.9960889518261,member
1186152,8F5D80F7FB057E0A,classic_bike,2022-03-19 22:17:30,2022-03-19 23:42:33,Cadman Plaza E & Tillary St,4677,W 35 St & 9 Ave,6569,40.69597683,-73.99014892,40.75414519263519,-73.9960889518261,casual
1186176,E3995CF3BB3C1865,classic_bike,2022-03-31 16:37:16,2022-03-31 16:47:44,Gansevoort St & Hudson St,6072,W 35 St & 9 Ave,6569,40.73944820130404,-74.00507032871246,40.75414519263519,-73.9960889518261,member
1186183,8265B74C42EC14E7,classic_bike,2022-03-17 22:44:36,2022-03-17 22:45:44,W 36 St & 9 Ave,6569,W 35 St & 9 Ave,6569,40.75462324029105,-73.99516761302948,40.75414519263519,-73.9960889518261,member
1186184,416D7ED22E783668,electric_bike,2022-03-08 19:37:22,2022-03-08 19:42:25,W 36 St & 9 Ave,6569,9 Ave & W 22 St,6266,40.75462324029105,-73.99516761302948,40.7454973,-74.00197139,member
1186223,C28C144107ACF6AB,electric_bike,2022-03-17 13:34:06,2022-03-17 13:44:29,W 15 St & 6 Ave,5989,W 35 St & 9 Ave,6569,40.738046142482766,-73.99642959237099,40.75414519263519,-73.9960889518261,member
1186242,0FE916F23E14A1D1,classic_bike,2022-03-21 19:03:44,2022-03-21 19:19:55,8 Ave & W 33 St,6450,W 35 St & 9 Ave,6569,40.751551,-73.993934,40.75414519263519,-73.9960889518261,member
1186243,3A363F1BF3D92CBE,electric_bike,2022-03-01 18:17:11,2022-03-01 18:18:53,8 Ave & W 33 St,6450,W 35 St & 9 Ave,6569,40.751551,-73.993934,40.75414519263519,-73.9960889518261,member
1186244,4DF7CBACD4FE451E,electric_bike,2022-03-01 18:06:13,2022-03-01 18:07:43,8 Ave & W 33 St,6450,W 35 St & 9 Ave,6569,40.751551,-73.993934,40.75414519263519,-73.9960889518261,member
1186245,E2C893CA8B388E35,classic_bike,2022-03-01 18:32:16,2022-03-01 18:34:12,8 Ave & W 33 St,6450,W 35 St & 9 Ave,6569,40.751551,-73.993934,40.75414519263519,-73.9960889518261,member
1186246,70069881E610BB4B,electric_bike,2022-03-01 18:25:00,2022-03-01 18:27:01,8 Ave & W 33 St,6450,W 35 St & 9 Ave,6569,40.751551,-73.993934,40.75414519263519,-73.9960889518261,member
1186252,2A40C050A86E4F69,electric_bike,2022-03-24 13:07:10,2022-03-24 13:17:29,W 15 St & 6 Ave,5989,W 35 St & 9 Ave,6569,40.738046142482766,-73.99642959237099,40.75414519263519,-73.9960889518261,member
1186267,AC016E708BEE3E31,electric_bike,2022-03-27 15:25:16,2022-03-27 15:34:42,E 41 St & Madison Ave (SE corner),6432,W 35 St & 9 Ave,6569,40.752049,-73.979635,40.75414519263519,-73.9960889518261,member
1186341,3221131FCC52FF93,electric_bike,2022-03-26 14:15:33,2022-03-26 14:27:33,Bleecker St & Crosby St,5679,W 35 St & 9 Ave,6569,40.72615604980408,-73.99510189890862,40.75414519263519,-73.9960889518261,member
1186348,5F86E8545D366D8E,classic_bike,2022-03-16 19:54:44,2022-03-16 20:02:23,E 41 St & Madison Ave (SE corner),6432,W 35 St & 9 Ave,6569,40.752049,-73.979635,40.75414519263519,-73.9960889518261,member
1186386,1557054833A77CCD,classic_bike,2022-03-31 14:17:12,2022-03-31 14:28:16,W 12 St & Hudson St,5997,W 35 St & 9 Ave,6569,40.73752993301071,-74.00558933615685,40.75414519263519,-73.9960889518261,member
1186423,89D4C2464A91B58F,classic_bike,2022-03-31 09:42:41,2022-03-31 09:58:50,W 51 St & Rockefeller Plaza,6700,W 35 St & 9 Ave,6569,40.75973805251143,-73.97811613976955,40.75414519263519,-73.9960889518261,member
1186433,8E367DDD5DBB65E1,classic_bike,2022-03-22 10:29:10,2022-03-22 10:40:03,W 15 St & 6 Ave,5989,W 35 St & 9 Ave,6569,40.738046142482766,-73.99642959237099,40.75414519263519,-73.9960889518261,member
1186435,21C71A4EC493B645,classic_bike,2022-03-30 09:00:56,2022-03-30 09:15:31,Grand Army Plaza & Central Park S,6839,W 35 St & 9 Ave,6569,40.7643971,-73.97371465,40.75414519263519,-73.9960889518261,member
1186463,0B690797381F7234,classic_bike,2022-03-31 19:30:46,2022-03-31 19:43:23,E 53 St & Lexington Ave,6617,W 35 St & 9 Ave,6569,40.75828065,-73.97069431,40.75414519263519,-73.9960889518261,member
1186466,8B02FD0956A346E1,classic_bike,2022-03-11 16:51:23,2022-03-11 17:03:51,E 53 St & Lexington Ave,6617,W 35 St & 9 Ave,6569,40.75828065,-73.97069431,40.75414519263519,-73.9960889518261,member
1186467,D2E44DF5590F683C,electric_bike,2022-03-30 17:23:56,2022-03-30 17:34:55,W 51 St & Rockefeller Plaza,6700,W 35 St & 9 Ave,6569,40.75973805251143,-73.97811613976955,40.75414519263519,-73.9960889518261,member
1186483,FAC5065199ED87D1,electric_bike,2022-03-30 17:47:53,2022-03-30 17:50:10,8 Ave & W 31 St,6450,W 35 St & 9 Ave,6569,40.7505853470215,-73.9946848154068,40.75414519263519,-73.9960889518261,member
1186492,1B072BBB28F44007,electric_bike,2022-03-18 12:03:29,2022-03-18 12:06:04,W 36 St & 9 Ave,6569,W 35 St & 9 Ave,6569,40.75462324029105,-73.99516761302948,40.75414519263519,-73.9960889518261,member
1186493,EF8741A40385E4AF,classic_bike,2022-03-21 19:29:03,2022-03-21 19:29:50,W 36 St & 9 Ave,6569,W 35 St & 9 Ave,6569,40.75462324029105,-73.99516761302948,40.75414519263519,-73.9960889518261,member
1186496,5D22C9F6C24AA47B,classic_bike,2022-03-07 16:07:19,2022-03-07 16:14:14,W 36 St & 9 Ave,6569,9 Ave & W 22 St,6266,40.75462324029105,-73.99516761302948,40.7454973,-74.00197139,member
1186499,87F92FCA05F439CD,classic_bike,2022-03-08 18:51:20,2022-03-08 18:55:48,W 36 St & 9 Ave,6569,9 Ave & W 22 St,6266,40.75462324029105,-73.99516761302948,40.7454973,-74.00197139,member
1186500,36B4C2F9A0789E03,classic_bike,2022-03-22 10:53:25,2022-03-22 10:59:37,W 36 St & 9 Ave,6569,9 Ave & W 22 St,6266,40.75462324029105,-73.99516761302948,40.7454973,-74.00197139,member
1186503,72225F311D4A36F9,electric_bike,2022-03-27 10:13:12,2022-03-27 10:19:30,Broadway & W 29 St,6289,W 35 St & 9 Ave,6569,40.7462009,-73.98855723,40.75414519263519,-73.9960889518261,casual
1186516,B319D1DB580323AD,electric_bike,2022-03-21 12:49:02,2022-03-21 13:19:42,Central Park S & 6 Ave,6876,W 35 St & 9 Ave,6569,40.76590936,-73.97634151,40.75414519263519,-73.9960889518261,casual
1186604,6FE3FE0D0EED242E,classic_bike,2022-03-08 09:00:10,2022-03-08 09:19:00,Bleecker St & Crosby St,5679,W 35 St & 9 Ave,6569,40.72615604980408,-73.99510189890862,40.75414519263519,-73.9960889518261,member
1186613,49C397522ACE6728,classic_bike,2022-03-31 15:02:27,2022-03-31 15:05:58,8 Ave & W 31 St,6450,W 35 St & 9 Ave,6569,40.7505853470215,-73.9946848154068,40.75414519263519,-73.9960889518261,member
1186616,A4E88DDA5DB599FC,electric_bike,2022-03-31 06:57:00,2022-03-31 07:03:09,E 41 St & Madison Ave (SW corner),6474,W 35 St & 9 Ave,6569,40.752165280621966,-73.97992193698882,40.75414519263519,-73.9960889518261,member
1186619,61A73B532745BACC,classic_bike,2022-03-24 07:12:19,2022-03-24 07:19:28,E 41 St & Madison Ave (SW corner),6474,W 35 St & 9 Ave,6569,40.752165280621966,-73.97992193698882,40.75414519263519,-73.9960889518261,member
1186638,75120790150DB37B,classic_bike,2022-03-02 09:46:20,2022-03-02 09:55:03,W 17 St & 8 Ave,6148,W 35 St & 9 Ave,6569,40.74177603,-74.00149746,40.75414519263519,-73.9960889518261,member
1186652,6D3224FAF92A5D80,classic_bike,2022-03-05 14:27:41,2022-03-05 14:40:05,W 12 St & Hudson St,5997,W 35 St & 9 Ave,6569,40.73752993301071,-74.00558933615685,40.75414519263519,-73.9960889518261,member
1186660,502B425433A4F684,classic_bike,2022-03-25 17:31:09,2022-03-25 17:41:18,W 15 St & 6 Ave,5989,W 35 St & 9 Ave,6569,40.738046142482766,-73.99642959237099,40.75414519263519,-73.9960889518261,member
1186670,00787152AC96B3FF,classic_bike,2022-03-07 08:36:56,2022-03-07 08:45:51,E 41 St & Madison Ave (SE corner),6432,W 35 St & 9 Ave,6569,40.752049,-73.979635,40.75414519263519,-73.9960889518261,member
1186681,371695C36BD69842,electric_bike,2022-03-16 07:46:37,2022-03-16 08:02:43,Amsterdam Ave & W 79 St,7311,W 35 St & 9 Ave,6569,40.7829391,-73.9786517,40.75414519263519,-73.9960889518261,member
1186748,AA7134D27300CCC3,classic_bike,2022-03-14 19:32:29,2022-03-14 19:44:50,10 Ave & W 14 St,6157,W 35 St & 9 Ave,6569,40.74198159994023,-74.00831580162048,40.75414519263519,-73.9960889518261,member
1186756,162F1D0D3F8329D9,classic_bike,2022-03-25 18:13:08,2022-03-25 18:27:46,10 Ave & W 14 St,6157,W 35 St & 9 Ave,6569,40.74198159994023,-74.00831580162048,40.75414519263519,-73.9960889518261,casual
1186783,DB77662F99A3FF20,electric_bike,2022-03-02 14:36:05,2022-03-02 14:47:43,E 51 St & Lexington Ave,6659,W 35 St & 9 Ave,6569,40.75714758,-73.97207836,40.75414519263519,-73.9960889518261,member
1186790,BFC3C726A47C59B8,classic_bike,2022-03-10 17:29:29,2022-03-10 17:41:11,10 Ave & W 14 St,6157,W 35 St & 9 Ave,6569,40.74198159994023,-74.00831580162048,40.75414519263519,-73.9960889518261,casual
1186876,5CE2936452548D57,classic_bike,2022-03-26 15:37:34,2022-03-26 15:48:45,5 Ave & E 29 St,6248,W 35 St & 9 Ave,6569,40.7451677,-73.98683077,40.75414519263519,-73.9960889518261,member
1186901,16B50887C114B8AC,electric_bike,2022-03-18 16:11:27,2022-03-18 16:16:37,W 27 St & 7 Ave,6247,W 35 St & 9 Ave,6569,40.746647,-73.993915,40.75414519263519,-73.9960889518261,casual
1186903,3210DF8F5CB1C430,classic_bike,2022-03-02 20:45:15,2022-03-02 20:52:38,W 27 St & 7 Ave,6247,W 35 St & 9 Ave,6569,40.746647,-73.993915,40.75414519263519,-73.9960889518261,casual
1186909,17B7AA02CA5A5636,electric_bike,2022-03-16 17:10:45,2022-03-16 17:29:28,1 Ave & E 68 St,6822,W 35 St & 9 Ave,6569,40.76500525,-73.95818491,40.75414519263519,-73.9960889518261,member
1186935,C0561E6B4D8A9EC2,classic_bike,2022-03-29 09:43:59,2022-03-29 10:05:23,1 Ave & E 68 St,6822,W 35 St & 9 Ave,6569,40.76500525,-73.95818491,40.75414519263519,-73.9960889518261,member
1186949,8367E702EE3C24B9,classic_bike,2022-03-24 17:57:23,2022-03-24 18:14:27,E 13 St & 2 Ave,5820,W 35 St & 9 Ave,6569,40.73153937464073,-73.9853024482727,40.75414519263519,-73.9960889518261,member
1186954,6A36B591C39A74F5,classic_bike,2022-03-14 16:14:29,2022-03-14 16:26:35,Lexington Ave & E 24 St,6089,W 35 St & 9 Ave,6569,40.74025878,-73.98409214,40.75414519263519,-73.9960889518261,member
1186961,09214186E839E428,classic_bike,2022-03-10 08:37:47,2022-03-10 08:44:25,W 50 St & 10 Ave,6890,W 35 St & 9 Ave,6569,40.76473420006519,-73.99194359779358,40.75414519263519,-73.9960889518261,member
1186981,B1A6E373EA5C9972,classic_bike,2022-03-14 08:06:18,2022-03-14 08:12:52,W 50 St & 10 Ave,6890,W 35 St & 9 Ave,6569,40.76473420006519,-73.99194359779358,40.75414519263519,-73.9960889518261,member
1186986,AF8E5719217B6152,classic_bike,2022-03-25 15:51:34,2022-03-25 16:00:52,W 50 St & 10 Ave,6890,W 35 St & 9 Ave,6569,40.76473420006519,-73.99194359779358,40.75414519263519,-73.9960889518261,member
1186987,86033A6CAC4D13F6,electric_bike,2022-03-11 22:35:36,2022-03-11 22:44:37,W 50 St & 10 Ave,6890,W 35 St & 9 Ave,6569,40.76473420006519,-73.99194359779358,40.75414519263519,-73.9960889518261,casual
1186995,30317C4BF4BBDB2C,electric_bike,2022-03-15 23:30:00,2022-03-15 23:47:03,Forsyth St & Broome St,5453,W 35 St & 9 Ave,6569,40.71893904,-73.99266288,40.75414519263519,-73.9960889518261,member
1187000,466FD9FEB6C9B51E,classic_bike,2022-03-21 10:36:51,2022-03-21 10:44:41,W 50 St & 10 Ave,6890,W 35 St & 9 Ave,6569,40.76473420006519,-73.99194359779358,40.75414519263519,-73.9960889518261,member
1187016,305A68C382097BB7,classic_bike,2022-03-31 09:16:17,2022-03-31 09:41:07,Canal St & Rutgers St,5303,W 35 St & 9 Ave,6569,40.71427487,-73.98990025,40.75414519263519,-73.9960889518261,member
1187031,23DD5980FA311080,electric_bike,2022-03-11 13:07:34,2022-03-11 13:12:12,W 36 St & 9 Ave,6569,9 Ave & W 22 St,6266,40.75462324029105,-73.99516761302948,40.7454973,-74.00197139,member
1187044,18BF70C92698371A,classic_bike,2022-03-07 08:23:36,2022-03-07 08:31:00,W 50 St & 10 Ave,6890,W 35 St & 9 Ave,6569,40.76473420006519,-73.99194359779358,40.75414519263519,-73.9960889518261,member
1187054,3C3836A4A2A20E14,classic_bike,2022-03-18 22:07:37,2022-03-18 22:23:16,Cooper Square & Astor Pl,5712,W 35 St & 9 Ave,6569,40.72951496224949,-73.99075269699097,40.75414519263519,-73.9960889518261,member
1187057,B2D1E7BF0833ED95,classic_bike,2022-03-01 19:51:16,2022-03-01 19:54:08,8 Ave & W 31 St,6450,W 35 St & 9 Ave,6569,40.7505853470215,-73.9946848154068,40.75414519263519,-73.9960889518261,member
1187062,26B00FD894B85033,electric_bike,2022-03-17 08:33:13,2022-03-17 08:41:00,Broadway & E 21 St,6098,W 35 St & 9 Ave,6569,40.73988840858996,-73.98958593606949,40.75414519263519,-73.9960889518261,member
1187082,9A5FA77DE25DBFA5,classic_bike,2022-03-06 16:57:00,2022-03-06 17:08:08,W 36 St & 9 Ave,6569,W 15 St & 7 Ave,6030,40.75462324029105,-73.99516761302948,40.73935542,-73.99931783,member
1187089,20C730270226DB85,classic_bike,2022-03-31 12:53:30,2022-03-31 12:58:00,W 36 St & 9 Ave,6569,9 Ave & W 22 St,6266,40.75462324029105,-73.99516761302948,40.7454973,-74.00197139,casual
1187107,F48FEF6C1BB7DE0B,classic_bike,2022-03-08 19:34:53,2022-03-08 19:48:43,Central Park S & 6 Ave,6876,W 35 St & 9 Ave,6569,40.76590936,-73.97634151,40.75414519263519,-73.9960889518261,member
1187126,EBDA27B88FFF5E0B,electric_bike,2022-03-15 18:28:45,2022-03-15 18:42:45,Central Park S & 6 Ave,6876,W 35 St & 9 Ave,6569,40.76590936,-73.97634151,40.75414519263519,-73.9960889518261,member
1187160,9A9F9D34D5481937,electric_bike,2022-03-17 22:55:23,2022-03-17 23:04:24,Bank St & Hudson St,5922,W 35 St & 9 Ave,6569,40.73652889,-74.00618026,40.75414519263519,-73.9960889518261,member
1187163,105EA7A3F5EC0C14,classic_bike,2022-03-15 08:10:50,2022-03-15 08:41:39,E 95 St & 3 Ave,7365,W 35 St & 9 Ave,6569,40.7849032,-73.950503,40.75414519263519,-73.9960889518261,member
1187177,E0D9F8531C2C8E83,classic_bike,2022-03-21 17:58:29,2022-03-21 18:11:32,E 33 St & 1 Ave,6197,W 35 St & 9 Ave,6569,40.74322681432173,-73.97449783980846,40.75414519263519,-73.9960889518261,member
1187201,4D1BC246FE45892F,classic_bike,2022-03-03 12:11:33,2022-03-03 12:22:02,W 20 St & 7 Ave,6182,W 35 St & 9 Ave,6569,40.74238787,-73.99726235,40.75414519263519,-73.9960889518261,casual
1187213,EC02407164337710,classic_bike,2022-03-13 14:04:06,2022-03-13 14:07:40,W 37 St & 10 Ave,6611,W 35 St & 9 Ave,6569,40.75660359,-73.9979009,40.75414519263519,-73.9960889518261,member
1187226,9424E4D0F423E388,classic_bike,2022-03-14 12:42:09,2022-03-14 12:56:31,E 33 St & 1 Ave,6197,W 35 St & 9 Ave,6569,40.74322681432173,-73.97449783980846,40.75414519263519,-73.9960889518261,casual
1187230,EA8F67A238F3A104,electric_bike,2022-03-16 09:24:47,2022-03-16 09:31:17,Greenwich Ave & 8 Ave,6072,W 35 St & 9 Ave,6569,40.7390169121,-74.0026376103,40.75414519263519,-73.9960889518261,member
1187238,0C05D4593E6A278F,electric_bike,2022-03-01 16:35:08,2022-03-01 16:38:33,W 37 St & 10 Ave,6611,W 35 St & 9 Ave,6569,40.75660359,-73.9979009,40.75414519263519,-73.9960889518261,member
1187246,AB97A6FD04817BB4,classic_bike,2022-03-23 13:24:22,2022-03-23 16:26:48,E 33 St & 1 Ave,6197,W 35 St & 9 Ave,6569,40.74322681432173,-73.97449783980846,40.75414519263519,-73.9960889518261,member
1187266,B985FEC322E876CF,electric_bike,2022-03-02 09:38:31,2022-03-02 09:50:14,Morton St & Washington St,5772,W 35 St & 9 Ave,6569,40.73115,-74.00887,40.75414519263519,-73.9960889518261,member
1187268,850AE89D468B48F9,classic_bike,2022-03-30 14:47:43,2022-03-30 14:59:32,Lexington Ave & E 29 St,6164,W 35 St & 9 Ave,6569,40.74311555376486,-73.98215353488922,40.75414519263519,-73.9960889518261,member
1187273,8532E0D34F9D0E0A,classic_bike,2022-03-10 12:25:26,2022-03-10 12:38:30,Lexington Ave & E 29 St,6164,W 35 St & 9 Ave,6569,40.74311555376486,-73.98215353488922,40.75414519263519,-73.9960889518261,member
1187304,43BE58E8B6624C7E,classic_bike,2022-03-22 08:38:06,2022-03-22 08:53:32,Morton St & Washington St,5772,W 35 St & 9 Ave,6569,40.73115,-74.00887,40.75414519263519,-73.9960889518261,member
1187306,E30FAB0DE8FBF628,classic_bike,2022-03-16 21:26:18,2022-03-16 21:33:48,Lexington Ave & E 29 St,6164,W 35 St & 9 Ave,6569,40.74311555376486,-73.98215353488922,40.75414519263519,-73.9960889518261,member
1187319,9107795052D486B3,classic_bike,2022-03-06 21:01:58,2022-03-06 21:05:51,9 Ave & W 45 St,6717,W 35 St & 9 Ave,6569,40.76019252,-73.9912551,40.75414519263519,-73.9960889518261,member
1187321,74240F30C74C44F6,classic_bike,2022-03-05 12:31:23,2022-03-05 13:38:28,E 77 St & 3 Ave,7092,W 35 St & 9 Ave,6569,40.77314236,-73.95856158,40.75414519263519,-73.9960889518261,member
1187322,2B49B79DAB37E9E7,electric_bike,2022-03-01 17:30:22,2022-03-01 17:36:53,W 56 St & 10 Ave,6955,W 35 St & 9 Ave,6569,40.768254,-73.988639,40.75414519263519,-73.9960889518261,member
1187337,9C0C73DDAF7422FA,electric_bike,2022-03-02 17:28:45,2022-03-02 17:35:16,W 56 St & 10 Ave,6955,W 35 St & 9 Ave,6569,40.768254,-73.988639,40.75414519263519,-73.9960889518261,member
1187342,C5E2EBE0D99AD94B,electric_bike,2022-03-17 17:25:29,2022-03-17 17:32:31,W 56 St & 10 Ave,6955,W 35 St & 9 Ave,6569,40.768254,-73.988639,40.75414519263519,-73.9960889518261,member
1187346,035DC05270B9BF73,classic_bike,2022-03-18 19:18:41,2022-03-18 19:34:15,Broadway & W 58 St,6948,W 35 St & 9 Ave,6569,40.76695317,-73.98169333,40.75414519263519,-73.9960889518261,member
1187352,39B06DAABAEA5274,electric_bike,2022-03-30 19:01:59,2022-03-30 19:08:27,9 Ave & W 45 St,6717,W 35 St & 9 Ave,6569,40.76019252,-73.9912551,40.75414519263519,-73.9960889518261,member
1187359,A2ABCD0E89D2556B,classic_bike,2022-03-17 15:30:45,2022-03-17 15:35:41,9 Ave & W 45 St,6717,W 35 St & 9 Ave,6569,40.76019252,-73.9912551,40.75414519263519,-73.9960889518261,member
1187369,81CDF039EC9607BD,classic_bike,2022-03-08 10:10:35,2022-03-08 10:20:51,W 56 St & 10 Ave,6955,W 35 St & 9 Ave,6569,40.768254,-73.988639,40.75414519263519,-73.9960889518261,casual
1187374,B2F2455C9D087B1A,classic_bike,2022-03-06 22:09:04,2022-03-06 22:20:14,Lexington Ave & E 29 St,6164,W 35 St & 9 Ave,6569,40.74311555376486,-73.98215353488922,40.75414519263519,-73.9960889518261,member
1187379,C954DA293119421D,classic_bike,2022-03-25 07:39:37,2022-03-25 07:43:46,9 Ave & W 45 St,6717,W 35 St & 9 Ave,6569,40.76019252,-73.9912551,40.75414519263519,-73.9960889518261,member
1187391,8E9A06E629084E8F,classic_bike,2022-03-01 08:06:55,2022-03-01 08:26:11,Cooper Square & Astor Pl,5712,W 35 St & 9 Ave,6569,40.72951496224949,-73.99075269699097,40.75414519263519,-73.9960889518261,member
1187397,780B885B7DB19E24,classic_bike,2022-03-27 19:34:54,2022-03-27 19:37:39,8 Ave & W 33 St,6450,W 35 St & 9 Ave,6569,40.751551,-73.993934,40.75414519263519,-73.9960889518261,member
1187416,55F1D314465E3093,electric_bike,2022-03-15 08:39:15,2022-03-15 08:52:15,Broadway & W 58 St,6948,W 35 St & 9 Ave,6569,40.76695317,-73.98169333,40.75414519263519,-73.9960889518261,member
1187418,C95E9031CCA43E74,electric_bike,2022-03-01 14:02:54,2022-03-01 14:06:50,9 Ave & W 45 St,6717,W 35 St & 9 Ave,6569,40.76019252,-73.9912551,40.75414519263519,-73.9960889518261,member
1187421,8591945D747DECE9,classic_bike,2022-03-14 20:04:08,2022-03-14 20:19:23,E 56 St & Madison Ave,6732,W 35 St & 9 Ave,6569,40.761573,-73.972628,40.75414519263519,-73.9960889518261,member
1187437,9C2333DDAD9D3028,classic_bike,2022-03-04 11:59:13,2022-03-04 12:03:57,9 Ave & W 45 St,6717,W 35 St & 9 Ave,6569,40.76019252,-73.9912551,40.75414519263519,-73.9960889518261,member
1187440,6F2587DD58F2D2DB,electric_bike,2022-03-13 18:08:21,2022-03-13 18:14:30,9 Ave & W 45 St,6717,W 35 St & 9 Ave,6569,40.76019252,-73.9912551,40.75414519263519,-73.9960889518261,member
1187442,653CA663EAF2F6D8,electric_bike,2022-03-04 17:24:59,2022-03-04 17:33:36,W 56 St & 10 Ave,6955,W 35 St & 9 Ave,6569,40.768254,-73.988639,40.75414519263519,-73.9960889518261,member
1187468,71144D59EDDBD353,classic_bike,2022-03-16 08:31:11,2022-03-16 08:37:26,W 50 St & 10 Ave,6890,W 35 St & 9 Ave,6569,40.76473420006519,-73.99194359779358,40.75414519263519,-73.9960889518261,member
1187478,D411D73C30C275F5,classic_bike,2022-03-09 08:43:34,2022-03-09 08:50:37,W 50 St & 10 Ave,6890,W 35 St & 9 Ave,6569,40.76473420006519,-73.99194359779358,40.75414519263519,-73.9960889518261,member
1187484,724590A067A8E787,classic_bike,2022-03-20 13:08:20,2022-03-20 13:14:43,W 42 St & 8 Ave,6602,W 35 St & 9 Ave,6569,40.7575699,-73.99098507,40.75414519263519,-73.9960889518261,member
1187502,F9FFD3C314E56CB9,electric_bike,2022-03-25 06:51:25,2022-03-25 06:53:41,W 42 St & 8 Ave,6602,W 35 St & 9 Ave,6569,40.7575699,-73.99098507,40.75414519263519,-73.9960889518261,member
1187542,84E7B28E05C14E21,electric_bike,2022-03-15 19:16:09,2022-03-15 19:53:53,Congress St & Clinton St,4455,W 35 St & 9 Ave,6569,40.68825516598005,-73.99545192718506,40.75414519263519,-73.9960889518261,member
1187618,89222D7F7BE370D4,electric_bike,2022-03-01 12:08:32,2022-03-01 12:18:51,W 50 St & 10 Ave,6890,W 35 St & 9 Ave,6569,40.76473420006519,-73.99194359779358,40.75414519263519,-73.9960889518261,casual
1187646,B33BE65D909DCE00,classic_bike,2022-03-13 14:58:11,2022-03-13 15:08:57,W 56 St & 10 Ave,6955,W 35 St & 9 Ave,6569,40.768254,-73.988639,40.75414519263519,-73.9960889518261,member
1187653,F5C187B5CBE1258B,classic_bike,2022-03-25 18:58:31,2022-03-25 19:02:15,9 Ave & W 45 St,6717,W 35 St & 9 Ave,6569,40.76019252,-73.9912551,40.75414519263519,-73.9960889518261,member
1187679,1DAE8AB870B97255,classic_bike,2022-03-18 14:59:52,2022-03-18 15:08:18,W 50 St & 10 Ave,6890,W 35 St & 9 Ave,6569,40.76473420006519,-73.99194359779358,40.75414519263519,-73.9960889518261,member
1187681,C8AE74B856E8F168,electric_bike,2022-03-30 12:36:32,2022-03-30 12:43:00,W 50 St & 10 Ave,6890,W 35 St & 9 Ave,6569,40.76473420006519,-73.99194359779358,40.75414519263519,-73.9960889518261,member
1187741,03D89E50C8CFDB71,electric_bike,2022-03-21 20:35:01,2022-03-21 20:42:58,8 Ave & W 16 St,6072,W 35 St & 9 Ave,6569,40.740983,-74.001702,40.75414519263519,-73.9960889518261,member
1187754,971D8E7FDF913540,classic_bike,2022-03-19 17:46:03,2022-03-19 17:57:59,8 Ave & W 16 St,6072,W 35 St & 9 Ave,6569,40.740983,-74.001702,40.75414519263519,-73.9960889518261,member
1187763,9E39D1203FAD23AE,electric_bike,2022-03-22 14:02:56,2022-03-22 14:09:38,8 Ave & W 16 St,6072,W 35 St & 9 Ave,6569,40.740983,-74.001702,40.75414519263519,-73.9960889518261,member
1187765,18D4CE6D3CE1905A,classic_bike,2022-03-31 09:54:42,2022-03-31 10:11:23,11 Ave & W 59 St,7059,W 35 St & 9 Ave,6569,40.77149671054441,-73.99046033620834,40.75414519263519,-73.9960889518261,member
1187766,78AFA82F2169A721,electric_bike,2022-03-13 04:04:37,2022-03-13 04:10:24,8 Ave & W 16 St,6072,W 35 St & 9 Ave,6569,40.740983,-74.001702,40.75414519263519,-73.9960889518261,member
1187776,E3E0F22D1437B8F4,classic_bike,2022-03-01 07:42:55,2022-03-01 08:00:13,1 Ave & E 16 St,5779,W 35 St & 9 Ave,6569,40.73221853,-73.98165557,40.75414519263519,-73.9960889518261,member
1187784,D433F85CE5110AA2,electric_bike,2022-03-23 09:24:15,2022-03-23 09:42:05,1 Ave & E 16 St,5779,W 35 St & 9 Ave,6569,40.73221853,-73.98165557,40.75414519263519,-73.9960889518261,casual
1187787,BE60E5AAD1585D9F,electric_bike,2022-03-01 19:02:06,2022-03-01 19:11:23,Madison Ave & E 26 St,6131,W 35 St & 9 Ave,6569,40.742684734875695,-73.98671329021454,40.75414519263519,-73.9960889518261,member
1187803,CB585E4736ECD012,classic_bike,2022-03-31 08:13:11,2022-03-31 08:30:25,1 Ave & E 16 St,5779,W 35 St & 9 Ave,6569,40.73221853,-73.98165557,40.75414519263519,-73.9960889518261,member
1187804,52E6E92A5DA7F0ED,classic_bike,2022-03-11 08:54:09,2022-03-11 09:11:09,1 Ave & E 16 St,5779,W 35 St & 9 Ave,6569,40.73221853,-73.98165557,40.75414519263519,-73.9960889518261,member
1187824,B4095D23AE5B88C8,classic_bike,2022-03-08 08:48:29,2022-03-08 09:07:26,1 Ave & E 16 St,5779,W 35 St & 9 Ave,6569,40.73221853,-73.98165557,40.75414519263519,-73.9960889518261,member
1187861,A4B5CE5A5737F54E,classic_bike,2022-03-25 18:12:49,2022-03-25 18:27:43,10 Ave & W 14 St,6157,W 35 St & 9 Ave,6569,40.74198159994023,-74.00831580162048,40.75414519263519,-73.9960889518261,member
1187892,87B719C60A54A6D4,electric_bike,2022-03-25 12:05:06,2022-03-25 12:41:31,31 Ave & 30 St,6857,W 35 St & 9 Ave,6569,40.7647,-73.9240312,40.75414519263519,-73.9960889518261,member
1187901,74C64350DCBA085E,classic_bike,2022-03-16 12:53:07,2022-03-16 13:09:37,7 Ave S & Bleecker St,5805,W 35 St & 9 Ave,6569,40.73213896287381,-74.00363802909851,40.75414519263519,-73.9960889518261,member
1187934,E8AE3CC61DAE8A24,classic_bike,2022-03-31 16:41:19,2022-03-31 17:02:33,Stuyvesant Walk & 1 Av Loop,5854,W 35 St & 9 Ave,6569,40.732339777151054,-73.97898383438587,40.75414519263519,-73.9960889518261,member
1187940,0816E8EBC60B3805,electric_bike,2022-03-10 16:39:07,2022-03-10 16:44:29,W 42 St & 8 Ave,6602,W 35 St & 9 Ave,6569,40.7575699,-73.99098507,40.75414519263519,-73.9960889518261,member
1187945,C9C10EF87D266689,electric_bike,2022-03-13 20:39:04,2022-03-13 20:57:08,Amsterdam Ave & W 66 St,7149,W 35 St & 9 Ave,6569,40.7746671,-73.98470567,40.75414519263519,-73.9960889518261,casual
1187948,3C954E72155CA2BE,classic_bike,2022-03-25 18:12:50,2022-03-25 18:27:44,10 Ave & W 14 St,6157,W 35 St & 9 Ave,6569,40.74198159994023,-74.00831580162048,40.75414519263519,-73.9960889518261,casual
1187979,8AC70E1DC1A25506,classic_bike,2022-03-20 14:05:52,2022-03-20 14:26:49,E 3 St & 1 Ave,5553,W 35 St & 9 Ave,6569,40.72467721,-73.98783413,40.75414519263519,-73.9960889518261,casual
1187987,1F26F081227B0F2A,electric_bike,2022-03-02 08:05:25,2022-03-02 08:37:00,1 Ave & E 78 St,7020,W 35 St & 9 Ave,6569,40.77140426,-73.9535166,40.75414519263519,-73.9960889518261,casual
1187988,054FC91BCA54E578,classic_bike,2022-03-18 08:09:45,2022-03-18 08:13:09,9 Ave & W 45 St,6717,W 35 St & 9 Ave,6569,40.76019252,-73.9912551,40.75414519263519,-73.9960889518261,member
1187993,C3D97A3775A2B160,electric_bike,2022-03-16 13:38:18,2022-03-16 13:50:31,E 56 St & Madison Ave,6732,W 35 St & 9 Ave,6569,40.761573,-73.972628,40.75414519263519,-73.9960889518261,member
1188003,1B4228FFFB54BEC4,classic_bike,2022-03-10 14:55:00,2022-03-10 15:03:32,8 Ave & W 16 St,6072,W 35 St & 9 Ave,6569,40.740983,-74.001702,40.75414519263519,-73.9960889518261,member
1188028,4E841EB8DE660938,electric_bike,2022-03-06 08:11:04,2022-03-06 08:23:29,1 Ave & E 16 St,5779,W 35 St & 9 Ave,6569,40.73221853,-73.98165557,40.75414519263519,-73.9960889518261,member
1188033,32CDA7D7A82AC3BF,electric_bike,2022-03-23 16:40:04,2022-03-23 16:47:21,W 55 St & 6 Ave,6809,W 35 St & 9 Ave,6569,40.763189,-73.978434,40.75414519263519,-73.9960889518261,member
1188034,9F1FE4EA51882C08,electric_bike,2022-03-08 15:19:49,2022-03-08 16:53:48,E 58 St & Madison Ave,6839,W 35 St & 9 Ave,6569,40.76302594280519,-73.97209525108337,40.75414519263519,-73.9960889518261,casual
1188047,F52440D174EE3C98,electric_bike,2022-03-08 15:18:34,2022-03-08 16:54:48,E 58 St & Madison Ave,6839,W 35 St & 9 Ave,6569,40.76302594280519,-73.97209525108337,40.75414519263519,-73.9960889518261,casual
1188050,4F9BF79B3EAF0A4B,classic_bike,2022-03-07 12:00:30,2022-03-07 12:45:43,Adam Clayton Powell Blvd & W 141 St,7893,W 35 St & 9 Ave,6569,40.819241,-73.941057,40.75414519263519,-73.9960889518261,member
1188072,14BADCB83E95000E,electric_bike,2022-03-22 16:03:34,2022-03-22 16:17:34,W 55 St & 6 Ave,6809,W 35 St & 9 Ave,6569,40.763189,-73.978434,40.75414519263519,-73.9960889518261,casual
1188083,9BD821BEFC0BFF2D,classic_bike,2022-03-08 11:29:19,2022-03-08 11:39:54,8 Ave & W 16 St,6072,W 35 St & 9 Ave,6569,40.740983,-74.001702,40.75414519263519,-73.9960889518261,casual
1188093,0CBAF1930B5ECB12,classic_bike,2022-03-08 10:09:55,2022-03-08 10:20:28,W 55 St & 6 Ave,6809,W 35 St & 9 Ave,6569,40.763189,-73.978434,40.75414519263519,-73.9960889518261,member
1188112,0275B30BD5ADF149,electric_bike,2022-03-11 15:00:56,2022-03-11 15:14:27,Madison Ave & E 26 St,6131,W 35 St & 9 Ave,6569,40.742684734875695,-73.98671329021454,40.75414519263519,-73.9960889518261,casual
1188117,97B8E7CA18BC6955,electric_bike,2022-03-15 09:31:27,2022-03-15 09:55:14,S 4 St & Rodney St,5156,W 35 St & 9 Ave,6569,40.70934,-73.95608,40.75414519263519,-73.9960889518261,member
1188148,71FF88F26B98417F,electric_bike,2022-03-23 11:31:32,2022-03-23 11:46:27,E 51 St & Lexington Ave,6659,W 35 St & 9 Ave,6569,40.75714758,-73.97207836,40.75414519263519,-73.9960889518261,member
1188193,3092637C50792C01,classic_bike,2022-03-21 13:03:41,2022-03-21 13:08:28,W 42 St & 8 Ave,6602,W 35 St & 9 Ave,6569,40.7575699,-73.99098507,40.75414519263519,-73.9960889518261,member
1188200,A5E4E5074E177F83,classic_bike,2022-03-30 08:33:39,2022-03-30 08:51:36,1 Ave & E 16 St,5779,W 35 St & 9 Ave,6569,40.73221853,-73.98165557,40.75414519263519,-73.9960889518261,member
1188238,352AF00E511E16D6,electric_bike,2022-03-15 18:22:15,2022-03-15 18:33:56,Perry St & Bleecker St,5922,W 35 St & 9 Ave,6569,40.73535398,-74.00483091,40.75414519263519,-73.9960889518261,member
1188243,086F500867E03B3C,classic_bike,2022-03-10 18:42:54,2022-03-10 19:15:02,FDR Drive & E 35 St,6230,W 35 St & 9 Ave,6569,40.744219,-73.97121214,40.75414519263519,-73.9960889518261,casual
1188259,E53C1D94EAA7ADDE,electric_bike,2022-03-13 12:49:47,2022-03-13 13:16:18,1 Ave & E 62 St,6753,W 35 St & 9 Ave,6569,40.7612274,-73.96094022,40.75414519263519,-73.9960889518261,member
1188261,93860D4E7078162A,electric_bike,2022-03-06 14:36:41,2022-03-06 14:59:37,Kenmare St & Elizabeth St,5453,W 35 St & 9 Ave,6569,40.72054,-73.9949,40.75414519263519,-73.9960889518261,casual
1188292,EED1EE960FDAFEAB,classic_bike,2022-03-26 10:46:24,2022-03-26 11:25:15,2 Ave & E 96 St,7338,W 35 St & 9 Ave,6569,40.7839636,-73.9471673,40.75414519263519,-73.9960889518261,casual
1188298,0D0D5C475A9C85DC,electric_bike,2022-03-31 17:54:23,2022-03-31 18:05:28,Perry St & Bleecker St,5922,W 35 St & 9 Ave,6569,40.73535398,-74.00483091,40.75414519263519,-73.9960889518261,member
1188299,6EE5005746EA19F5,electric_bike,2022-03-17 08:04:17,2022-03-17 08:09:57,E 40 St & 5 Ave,6474,W 35 St & 9 Ave,6569,40.752062307,-73.9816324043,40.75414519263519,-73.9960889518261,member
1188304,2C4A04159F053007,classic_bike,2022-03-16 09:38:40,2022-03-16 10:16:05,Broadway & Roebling St,5125,W 35 St & 9 Ave,6569,40.70924826276157,-73.96063148975372,40.75414519263519,-73.9960889518261,member
1188328,3405BF3FDC917438,electric_bike,2022-03-25 18:16:17,2022-03-25 18:35:25,E 11 St & 1 Ave,5746,W 35 St & 9 Ave,6569,40.72953837,-73.98426726,40.75414519263519,-73.9960889518261,casual
1188338,EA9F9991A01FA87B,classic_bike,2022-03-02 18:04:10,2022-03-02 18:08:31,W 37 St & Broadway,6441,W 35 St & 9 Ave,6569,40.75227093837409,-73.98770570755005,40.75414519263519,-73.9960889518261,member
1188367,2861E3CE44153C8A,classic_bike,2022-03-16 08:56:33,2022-03-16 09:02:27,W 50 St & 9 Ave,6854,W 35 St & 9 Ave,6569,40.76360467795863,-73.98917958140373,40.75414519263519,-73.9960889518261,member
1188368,89899ADE2EC4F97C,electric_bike,2022-03-02 08:42:37,2022-03-02 08:56:39,E 11 St & 1 Ave,5746,W 35 St & 9 Ave,6569,40.72953837,-73.98426726,40.75414519263519,-73.9960889518261,member
1188369,BAF3BEEF60F3655D,classic_bike,2022-03-31 09:59:19,2022-03-31 10:19:48,E 11 St & 1 Ave,5746,W 35 St & 9 Ave,6569,40.72953837,-73.98426726,40.75414519263519,-73.9960889518261,member
1188401,6974DC1A2B8802CC,electric_bike,2022-03-24 09:12:19,2022-03-24 09:40:42,Lorimer St & Broadway,4965,W 35 St & 9 Ave,6569,40.70411791,-73.94818595,40.75414519263519,-73.9960889518261,member
1188402,04E528DC86FE9085,electric_bike,2022-03-31 09:09:50,2022-03-31 09:40:33,Lorimer St & Broadway,4965,W 35 St & 9 Ave,6569,40.70411791,-73.94818595,40.75414519263519,-73.9960889518261,member
1188434,14FC5E1B6E8ECB95,electric_bike,2022-03-26 19:49:29,2022-03-26 20:33:48,W 56 St & 10 Ave,6955,W 35 St & 9 Ave,6569,40.768254,-73.988639,40.75414519263519,-73.9960889518261,member
1188440,68565D21CCBB5D73,electric_bike,2022-03-29 10:03:21,2022-03-29 10:09:17,W 44 St & 11 Ave,6756,W 35 St & 9 Ave,6569,40.762009,-73.996975,40.75414519263519,-73.9960889518261,member
1188443,2D81F153ADF210A1,classic_bike,2022-03-29 10:44:28,2022-03-29 10:50:53,W 44 St & 11 Ave,6756,W 35 St & 9 Ave,6569,40.762009,-73.996975,40.75414519263519,-73.9960889518261,member
1188458,CE8438813177E1E8,classic_bike,2022-03-07 15:41:21,2022-03-07 15:48:59,W 44 St & 11 Ave,6756,W 35 St & 9 Ave,6569,40.762009,-73.996975,40.75414519263519,-73.9960889518261,member
1188461,EC399F51126A9A2A,classic_bike,2022-03-28 10:27:52,2022-03-28 10:34:35,W 44 St & 11 Ave,6756,W 35 St & 9 Ave,6569,40.762009,-73.996975,40.75414519263519,-73.9960889518261,member
1188493,18D64134F2B1B9A2,classic_bike,2022-03-20 13:47:46,2022-03-20 14:03:17,Broadway & W 58 St,6948,W 35 St & 9 Ave,6569,40.76695317,-73.98169333,40.75414519263519,-73.9960889518261,casual
1188494,1BE5FE9A98432688,classic_bike,2022-03-02 13:19:27,2022-03-02 13:46:02,Broadway & W 58 St,6948,W 35 St & 9 Ave,6569,40.76695317,-73.98169333,40.75414519263519,-73.9960889518261,casual
1188502,3EF3EE718E246612,classic_bike,2022-03-16 18:39:19,2022-03-16 18:58:03,Broadway & W 58 St,6948,W 35 St & 9 Ave,6569,40.76695317,-73.98169333,40.75414519263519,-73.9960889518261,casual
1188505,B711099AF5A5F078,electric_bike,2022-03-09 09:10:56,2022-03-09 09:13:30,9 Ave & W 45 St,6717,W 35 St & 9 Ave,6569,40.76019252,-73.9912551,40.75414519263519,-73.9960889518261,casual
1188533,75AA19C8659ADA7A,electric_bike,2022-03-11 13:20:55,2022-03-11 13:44:27,Adam Clayton Powell Blvd & W 115 St,7643,W 35 St & 9 Ave,6569,40.802535,-73.9532423,40.75414519263519,-73.9960889518261,member
1188541,04CBADB16D3252D2,classic_bike,2022-03-31 15:38:06,2022-03-31 15:42:04,11 Ave & W 41 St,6726,W 35 St & 9 Ave,6569,40.76030096,-73.99884222,40.75414519263519,-73.9960889518261,member
1188542,8BD859564CF3E2F9,classic_bike,2022-03-20 12:42:04,2022-03-20 12:48:02,11 Ave & W 41 St,6726,W 35 St & 9 Ave,6569,40.76030096,-73.99884222,40.75414519263519,-73.9960889518261,member
1188551,EE2321BF6E54D846,electric_bike,2022-03-18 12:00:23,2022-03-18 12:04:25,11 Ave & W 41 St,6726,W 35 St & 9 Ave,6569,40.76030096,-73.99884222,40.75414519263519,-73.9960889518261,member
1188571,549A23B9940D6C81,electric_bike,2022-03-22 10:39:19,2022-03-22 10:43:38,11 Ave & W 41 St,6726,W 35 St & 9 Ave,6569,40.76030096,-73.99884222,40.75414519263519,-73.9960889518261,member
1188576,46981B10EFAB8D49,electric_bike,2022-03-30 22:30:44,2022-03-30 22:37:32,8 Ave & W 16 St,6072,W 35 St & 9 Ave,6569,40.740983,-74.001702,40.75414519263519,-73.9960889518261,member
1188593,FE891079263B5729,electric_bike,2022-03-15 09:25:54,2022-03-15 09:35:07,E 47 St & 2 Ave,6498,W 35 St & 9 Ave,6569,40.75323098,-73.97032517,40.75414519263519,-73.9960889518261,member
1188605,94C817D49E939440,electric_bike,2022-03-01 09:45:21,2022-03-01 10:05:27,E 85 St & 3 Ave,7212,W 35 St & 9 Ave,6569,40.77801203,-73.95407149,40.75414519263519,-73.9960889518261,member
1188617,30D46F76792734B7,classic_bike,2022-03-31 07:34:21,2022-03-31 07:44:50,E 33 St & 1 Ave,6197,W 35 St & 9 Ave,6569,40.74322681432173,-73.97449783980846,40.75414519263519,-73.9960889518261,member
1188627,00C31E6C7AFFC2B0,classic_bike,2022-03-02 00:09:19,2022-03-02 00:17:58,W 20 St & 7 Ave,6182,W 35 St & 9 Ave,6569,40.74238787,-73.99726235,40.75414519263519,-73.9960889518261,member
1188660,D6097D622BAE74F7,electric_bike,2022-03-31 15:38:15,2022-03-31 15:49:01,W 55 St & 6 Ave,6809,W 35 St & 9 Ave,6569,40.763189,-73.978434,40.75414519263519,-73.9960889518261,casual
1188675,FBD8B5525A4B9A21,electric_bike,2022-03-25 16:02:57,2022-03-25 16:15:52,E 56 St & 3 Ave,6691,W 35 St & 9 Ave,6569,40.75934501,-73.96759673,40.75414519263519,-73.9960889518261,member
1188680,5C1F7D253D74CD9A,classic_bike,2022-03-16 11:29:42,2022-03-16 12:02:17,E 85 St & 3 Ave,7212,W 35 St & 9 Ave,6569,40.77801203,-73.95407149,40.75414519263519,-73.9960889518261,member
1188687,71B1DF7E9423F552,classic_bike,2022-03-08 16:36:49,2022-03-08 16:53:24,E 47 St & 2 Ave,6498,W 35 St & 9 Ave,6569,40.75323098,-73.97032517,40.75414519263519,-73.9960889518261,member
1188704,4768799B40466160,classic_bike,2022-03-21 08:33:46,2022-03-21 08:46:20,E 47 St & 2 Ave,6498,W 35 St & 9 Ave,6569,40.75323098,-73.97032517,40.75414519263519,-73.9960889518261,member
1188711,9B99DA07F805A58E,docked_bike,2022-03-22 13:35:16,2022-03-22 14:06:07,1 Ave & E 68 St,6822,W 35 St & 9 Ave,6569,40.765005,-73.958185,40.754145,-73.996089,casual
1188740,208D324E866246B6,classic_bike,2022-03-13 18:05:30,2022-03-13 18:10:26,W 43 St & 10 Ave,6756,W 35 St & 9 Ave,6569,40.76009437,-73.99461843,40.75414519263519,-73.9960889518261,member
1188747,C90432198A6375D6,classic_bike,2022-03-28 08:42:21,2022-03-28 08:48:28,W 43 St & 10 Ave,6756,W 35 St & 9 Ave,6569,40.76009437,-73.99461843,40.75414519263519,-73.9960889518261,member
1188763,389607279D896195,classic_bike,2022-03-11 09:47:45,2022-03-11 09:52:27,W 43 St & 10 Ave,6756,W 35 St & 9 Ave,6569,40.76009437,-73.99461843,40.75414519263519,-73.9960889518261,member
1188764,91BE362397535253,classic_bike,2022-03-25 20:31:14,2022-03-25 20:34:17,W 34 St &\tHudson Blvd E,6535,W 35 St & 9 Ave,6569,40.75516719072139,-74.00059908628464,40.75414519263519,-73.9960889518261,member
1188765,522CA1E635A567E8,classic_bike,2022-03-10 09:09:18,2022-03-10 09:21:16,W 26 St & 10 Ave,6382,W 35 St & 9 Ave,6569,40.749717753,-74.002950346,40.75414519263519,-73.9960889518261,member
1188790,59028E8B6FA2EE72,electric_bike,2022-03-26 13:24:06,2022-03-26 13:28:55,11 Ave & W 41 St,6726,W 35 St & 9 Ave,6569,40.76030096,-73.99884222,40.75414519263519,-73.9960889518261,member
1188791,47678D625579F0E1,classic_bike,2022-03-17 11:59:09,2022-03-17 12:06:13,11 Ave & W 41 St,6726,W 35 St & 9 Ave,6569,40.76030096,-73.99884222,40.75414519263519,-73.9960889518261,member
1188793,9583E3F7B56581AD,electric_bike,2022-03-11 18:08:11,2022-03-11 18:15:31,11 Ave & W 41 St,6726,W 35 St & 9 Ave,6569,40.76030096,-73.99884222,40.75414519263519,-73.9960889518261,casual
1188805,D4725E68676E8870,electric_bike,2022-03-17 17:32:52,2022-03-17 17:35:07,W 34 St &\tHudson Blvd E,6535,W 35 St & 9 Ave,6569,40.75516719072139,-74.00059908628464,40.75414519263519,-73.9960889518261,casual
1188822,CE3167D4D14103D3,classic_bike,2022-03-02 17:51:05,2022-03-02 17:54:38,W 34 St &\tHudson Blvd E,6535,W 35 St & 9 Ave,6569,40.75516719072139,-74.00059908628464,40.75414519263519,-73.9960889518261,casual
1188835,6D50B103DE7303DA,classic_bike,2022-03-04 21:54:39,2022-03-04 22:20:09,E 85 St & York Ave,7146,W 35 St & 9 Ave,6569,40.77536905,-73.94803392,40.75414519263519,-73.9960889518261,member
1188836,AC98CCB7AD8C1E53,classic_bike,2022-03-14 11:57:04,2022-03-14 12:01:03,W 34 St &\tHudson Blvd E,6535,W 35 St & 9 Ave,6569,40.75516719072139,-74.00059908628464,40.75414519263519,-73.9960889518261,member
1188844,E5F1B74208A6E744,classic_bike,2022-03-31 20:59:34,2022-03-31 21:20:17,W 34 St &\tHudson Blvd E,6535,W 35 St & 9 Ave,6569,40.75516719072139,-74.00059908628464,40.75414519263519,-73.9960889518261,member
1188845,8FD5FBFE6E5008F7,electric_bike,2022-03-31 08:59:17,2022-03-31 09:01:06,W 34 St &\tHudson Blvd E,6535,W 35 St & 9 Ave,6569,40.75516719072139,-74.00059908628464,40.75414519263519,-73.9960889518261,member
1188858,B9C7166615B89D32,electric_bike,2022-03-25 15:32:18,2022-03-25 15:47:13,W 55 St & 6 Ave,6809,W 35 St & 9 Ave,6569,40.763189,-73.978434,40.75414519263519,-73.9960889518261,casual
1188859,462291ADD2BB0228,electric_bike,2022-03-30 17:25:35,2022-03-30 17:38:27,E 58 St & Madison Ave,6839,W 35 St & 9 Ave,6569,40.76302594280519,-73.97209525108337,40.75414519263519,-73.9960889518261,casual
1188863,69167EBA9C2BC63F,classic_bike,2022-03-31 12:17:40,2022-03-31 12:29:29,W 59 St & 10 Ave,7023,W 35 St & 9 Ave,6569,40.770513,-73.988038,40.75414519263519,-73.9960889518261,member
1188882,598E94B8082F23BA,classic_bike,2022-03-16 12:01:25,2022-03-16 12:17:12,Barrow St & Hudson St,5805,W 35 St & 9 Ave,6569,40.73172428,-74.00674436,40.75414519263519,-73.9960889518261,member
1188889,39B18175AC3D438D,classic_bike,2022-03-21 09:14:33,2022-03-21 09:31:34,E 58 St & Madison Ave,6839,W 35 St & 9 Ave,6569,40.76302594280519,-73.97209525108337,40.75414519263519,-73.9960889518261,member
1188902,52228380B781F8D1,classic_bike,2022-03-29 10:59:45,2022-03-29 11:14:34,Barrow St & Hudson St,5805,W 35 St & 9 Ave,6569,40.73172428,-74.00674436,40.75414519263519,-73.9960889518261,member
1188910,6508B177DAAC7094,classic_bike,2022-03-25 08:26:27,2022-03-25 08:40:16,W 59 St & 10 Ave,7023,W 35 St & 9 Ave,6569,40.770513,-73.988038,40.75414519263519,-73.9960889518261,member
1188911,946165F12969EBAC,classic_bike,2022-03-25 17:41:07,2022-03-25 17:55:06,W 59 St & 10 Ave,7023,W 35 St & 9 Ave,6569,40.770513,-73.988038,40.75414519263519,-73.9960889518261,member
1188927,667EA52D286CEE66,electric_bike,2022-03-25 15:27:51,2022-03-25 15:36:41,W 59 St & 10 Ave,7023,W 35 St & 9 Ave,6569,40.770513,-73.988038,40.75414519263519,-73.9960889518261,member
1188935,020856E091DAE44E,electric_bike,2022-03-23 14:30:50,2022-03-23 14:41:59,Barrow St & Hudson St,5805,W 35 St & 9 Ave,6569,40.73172428,-74.00674436,40.75414519263519,-73.9960889518261,casual
1188947,69ED74361E74CB48,classic_bike,2022-03-05 10:18:46,2022-03-05 10:31:30,Broadway & W 58 St,6948,W 35 St & 9 Ave,6569,40.76695317,-73.98169333,40.75414519263519,-73.9960889518261,member
1188948,42D66605D080179E,electric_bike,2022-03-20 21:20:16,2022-03-20 21:24:21,9 Ave & W 45 St,6717,W 35 St & 9 Ave,6569,40.76019252,-73.9912551,40.75414519263519,-73.9960889518261,member
1188951,748E9D1E6FD02BCA,electric_bike,2022-03-28 15:05:30,2022-03-28 15:11:33,W 56 St & 10 Ave,6955,W 35 St & 9 Ave,6569,40.768254,-73.988639,40.75414519263519,-73.9960889518261,member
1188952,2691C98F5655D980,classic_bike,2022-03-02 17:01:02,2022-03-02 17:14:43,Broadway & W 58 St,6948,W 35 St & 9 Ave,6569,40.76695317,-73.98169333,40.75414519263519,-73.9960889518261,member
1188999,21E3E8FE50AB0B7F,classic_bike,2022-03-11 15:34:37,2022-03-11 15:44:35,W 44 St & 11 Ave,6756,W 35 St & 9 Ave,6569,40.762009,-73.996975,40.75414519263519,-73.9960889518261,casual
1189010,944FFADE4684512E,classic_bike,2022-03-03 07:22:45,2022-03-03 07:27:33,Broadway & W 36 St,6441,W 35 St & 9 Ave,6569,40.75097711,-73.98765428,40.75414519263519,-73.9960889518261,member
1189011,C16C5E5DA3F232DD,classic_bike,2022-03-17 16:54:02,2022-03-17 17:00:22,W 50 St & 9 Ave,6854,W 35 St & 9 Ave,6569,40.76360467795863,-73.98917958140373,40.75414519263519,-73.9960889518261,member
1189015,0E72B07E4566974A,classic_bike,2022-03-31 08:51:10,2022-03-31 08:55:53,Broadway & W 36 St,6441,W 35 St & 9 Ave,6569,40.75097711,-73.98765428,40.75414519263519,-73.9960889518261,member
1189019,E55CF1E2DE53AC87,classic_bike,2022-03-17 05:34:31,2022-03-17 05:40:08,W 50 St & 9 Ave,6854,W 35 St & 9 Ave,6569,40.76360467795863,-73.98917958140373,40.75414519263519,-73.9960889518261,casual
1189042,C06BFD987E148AC6,classic_bike,2022-03-14 10:02:58,2022-03-14 10:04:25,W 35 St & Dyer Ave,6569,W 35 St & 9 Ave,6569,40.754691750226016,-73.99740189313889,40.75414519263519,-73.9960889518261,member
1189044,31A912F150FA26A8,classic_bike,2022-03-21 19:40:41,2022-03-21 19:45:04,W 35 St & Dyer Ave,6569,9 Ave & W 22 St,6266,40.754691750226016,-73.99740189313889,40.7454973,-74.00197139,member
1189064,529EA7E2AE8D17F5,electric_bike,2022-03-07 07:59:58,2022-03-07 08:01:26,W 35 St & Dyer Ave,6569,W 35 St & 9 Ave,6569,40.754691750226016,-73.99740189313889,40.75414519263519,-73.9960889518261,member
1189066,4E5DFD922B1D047F,classic_bike,2022-03-12 21:04:04,2022-03-12 21:23:18,Great Jones St,5636,W 35 St & 9 Ave,6569,40.72743423,-73.99379025,40.75414519263519,-73.9960889518261,member
1189068,2DAD16C5F4A9598C,electric_bike,2022-03-02 06:55:56,2022-03-02 06:57:02,W 35 St & Dyer Ave,6569,W 35 St & 9 Ave,6569,40.754691750226016,-73.99740189313889,40.75414519263519,-73.9960889518261,member
1189070,2DBE825768616EA1,classic_bike,2022-03-12 09:56:41,2022-03-12 10:02:46,W 35 St & Dyer Ave,6569,9 Ave & W 22 St,6266,40.754691750226016,-73.99740189313889,40.7454973,-74.00197139,member
1189072,0039EA43D0AE62F4,classic_bike,2022-03-22 08:43:22,2022-03-22 08:44:05,W 35 St & Dyer Ave,6569,W 35 St & 9 Ave,6569,40.754691750226016,-73.99740189313889,40.75414519263519,-73.9960889518261,member
1189079,155C09D590CB7C8F,classic_bike,2022-03-24 18:01:04,2022-03-24 18:10:00,Broadway & W 51 St,6779,W 35 St & 9 Ave,6569,40.76228826,-73.98336183,40.75414519263519,-73.9960889518261,casual
1189089,4DA4BCDA7E4C66CC,classic_bike,2022-03-31 08:37:27,2022-03-31 08:58:41,Riverside Dr & W 91 St,7524,W 35 St & 9 Ave,6569,40.79313480986663,-73.97700369358063,40.75414519263519,-73.9960889518261,member
1189094,E116A0AA044868AD,electric_bike,2022-03-12 00:42:54,2022-03-12 00:54:40,W 35 St & Dyer Ave,6569,2 Ave & E 29 St,6122,40.754691750226016,-73.99740189313889,40.74172351097472,-73.97809267044067,casual
1189097,C977FD4B73908AC2,electric_bike,2022-03-27 14:41:09,2022-03-27 14:49:24,W 35 St & Dyer Ave,6569,W 15 St & 7 Ave,6030,40.754691750226016,-73.99740189313889,40.73935542,-73.99931783,member
1189100,D1BBC088D07A9023,classic_bike,2022-03-01 15:12:34,2022-03-01 15:13:16,W 35 St & Dyer Ave,6569,W 35 St & 9 Ave,6569,40.754691750226016,-73.99740189313889,40.75414519263519,-73.9960889518261,member
1189103,6F60F9DFE7FC493F,classic_bike,2022-03-31 08:52:29,2022-03-31 08:53:40,W 35 St & Dyer Ave,6569,W 35 St & 9 Ave,6569,40.754691750226016,-73.99740189313889,40.75414519263519,-73.9960889518261,member
1189132,5DF162553513DF2E,electric_bike,2022-03-07 16:08:45,2022-03-07 16:19:14,E 48 St & 5 Ave,6626,W 35 St & 9 Ave,6569,40.75724567911726,-73.97805914282799,40.75414519263519,-73.9960889518261,casual
1189141,0B55468AF8216638,classic_bike,2022-03-31 13:08:17,2022-03-31 13:17:09,W 35 St & Dyer Ave,6569,9 Ave & W 22 St,6266,40.754691750226016,-73.99740189313889,40.7454973,-74.00197139,member
1189152,59E13EE54FC18098,classic_bike,2022-03-05 13:30:28,2022-03-05 13:55:15,3 Ave & E 71 St,6960,W 35 St & 9 Ave,6569,40.76873687,-73.96119945,40.75414519263519,-73.9960889518261,member
1189197,D26C7927ED63E65D,classic_bike,2022-03-02 11:02:36,2022-03-02 11:10:17,W 24 St & 7 Ave,6257,W 35 St & 9 Ave,6569,40.74487634,-73.99529885,40.75414519263519,-73.9960889518261,member
1189210,E490F4E8C63C089C,classic_bike,2022-03-31 11:52:21,2022-03-31 11:59:32,W 24 St & 7 Ave,6257,W 35 St & 9 Ave,6569,40.74487634,-73.99529885,40.75414519263519,-73.9960889518261,member
1189212,CAF9FB7B06CF1A56,electric_bike,2022-03-18 15:01:53,2022-03-18 15:09:35,E 48 St & 5 Ave,6626,W 35 St & 9 Ave,6569,40.75724567911726,-73.97805914282799,40.75414519263519,-73.9960889518261,member
1189216,29ECBE4127315CDD,electric_bike,2022-03-13 14:39:03,2022-03-13 14:43:51,W 35 St & Dyer Ave,6569,9 Ave & W 22 St,6266,40.754691750226016,-73.99740189313889,40.7454973,-74.00197139,member
1189230,0A80C7A224F1B533,classic_bike,2022-03-11 22:13:13,2022-03-11 22:32:21,E 48 St & 5 Ave,6626,W 35 St & 9 Ave,6569,40.75724567911726,-73.97805914282799,40.75414519263519,-73.9960889518261,member
1189246,6C896EB23D13AF24,electric_bike,2022-03-16 10:04:21,2022-03-16 10:10:57,W 24 St & 7 Ave,6257,W 35 St & 9 Ave,6569,40.74487634,-73.99529885,40.75414519263519,-73.9960889518261,casual
1189251,CE16A511B0C44C1C,classic_bike,2022-03-25 21:46:21,2022-03-25 21:53:13,W 24 St & 7 Ave,6257,W 35 St & 9 Ave,6569,40.74487634,-73.99529885,40.75414519263519,-73.9960889518261,member
1189294,42D96DB2EBACC0BC,classic_bike,2022-03-01 08:52:04,2022-03-01 09:29:27,S 5 Pl & S 5 St,5125,W 35 St & 9 Ave,6569,40.710451,-73.960876,40.75414519263519,-73.9960889518261,member
1189304,ED669895440CCCAB,classic_bike,2022-03-31 19:39:44,2022-03-31 19:50:15,E 44 St & Lexington Ave,6464,W 35 St & 9 Ave,6569,40.752643,-73.974996,40.75414519263519,-73.9960889518261,member
1189305,56EA612AAD44C183,classic_bike,2022-03-03 23:07:54,2022-03-03 23:21:39,E 44 St & Lexington Ave,6464,W 35 St & 9 Ave,6569,40.752643,-73.974996,40.75414519263519,-73.9960889518261,member
1189316,676A4A198BDF409C,classic_bike,2022-03-02 17:47:22,2022-03-02 18:08:17,E 5 St & Cooper Sq,5712,W 35 St & 9 Ave,6569,40.72769,-73.990993,40.75414519263519,-73.9960889518261,member
1189321,012A65073F31FF9A,electric_bike,2022-03-02 11:16:41,2022-03-02 11:47:28,DeKalb Ave & S Portland Ave,4546,W 35 St & 9 Ave,6569,40.68981035,-73.97493121,40.75414519263519,-73.9960889518261,member
1189391,01D43FC649250D8A,classic_bike,2022-03-15 06:59:58,2022-03-15 07:07:06,E 40 St & Park Ave,6432,W 35 St & 9 Ave,6569,40.750756,-73.978326,40.75414519263519,-73.9960889518261,member
1189396,C264C89EE25DC7AB,classic_bike,2022-03-19 19:14:52,2022-03-19 19:53:46,E 40 St & Park Ave,6432,W 35 St & 9 Ave,6569,40.750756,-73.978326,40.75414519263519,-73.9960889518261,casual
1189397,F3D59986BCEEAD39,electric_bike,2022-03-01 08:01:17,2022-03-01 09:06:29,E 40 St & Park Ave,6432,W 35 St & 9 Ave,6569,40.750756,-73.978326,40.75414519263519,-73.9960889518261,casual
1189422,EBB632D20CBF3395,electric_bike,2022-03-28 09:04:34,2022-03-28 09:11:36,E 40 St & Park Ave,6432,W 35 St & 9 Ave,6569,40.750756,-73.978326,40.75414519263519,-73.9960889518261,member
1189441,79758B12A1849D0D,electric_bike,2022-03-22 07:02:20,2022-03-22 07:12:07,E 40 St & Park Ave,6432,W 35 St & 9 Ave,6569,40.750756,-73.978326,40.75414519263519,-73.9960889518261,casual
1189446,2B7997230A1EFAEB,classic_bike,2022-03-19 19:26:06,2022-03-19 19:47:28,E 40 St & Park Ave,6432,W 35 St & 9 Ave,6569,40.750756,-73.978326,40.75414519263519,-73.9960889518261,casual
1189447,6DAD95FDCF941204,electric_bike,2022-03-16 08:38:32,2022-03-16 08:46:22,E 40 St & Park Ave,6432,W 35 St & 9 Ave,6569,40.750756,-73.978326,40.75414519263519,-73.9960889518261,casual
1189448,B8A6813C85C6A684,classic_bike,2022-03-28 08:19:58,2022-03-28 08:33:10,E 40 St & Park Ave,6432,W 35 St & 9 Ave,6569,40.750756,-73.978326,40.75414519263519,-73.9960889518261,member
1189480,F62F3BF033AB4596,classic_bike,2022-03-02 17:21:07,2022-03-02 17:35:53,E 58 St & Madison Ave,6839,W 35 St & 9 Ave,6569,40.76302594280519,-73.97209525108337,40.75414519263519,-73.9960889518261,member
1189497,F3DE60AD129CC88D,classic_bike,2022-03-13 18:08:48,2022-03-13 18:13:24,6 Ave & W 33 St,6364,W 35 St & 9 Ave,6569,40.74901271,-73.98848395,40.75414519263519,-73.9960889518261,member
1189523,0F998DAAF9ECACF6,classic_bike,2022-03-20 16:20:05,2022-03-20 17:06:12,1 Ave & E 78 St,7020,W 35 St & 9 Ave,6569,40.77140426,-73.9535166,40.75414519263519,-73.9960889518261,casual
1189534,5AF49620B304D217,classic_bike,2022-03-26 22:41:15,2022-03-26 22:46:54,6 Ave & W 33 St,6364,W 35 St & 9 Ave,6569,40.74901271,-73.98848395,40.75414519263519,-73.9960889518261,member
1189543,048A4471ECE86816,electric_bike,2022-03-13 15:30:19,2022-03-13 15:40:18,W 70 St & Amsterdam Ave,7207,W 35 St & 9 Ave,6569,40.77748046,-73.98288594,40.75414519263519,-73.9960889518261,member
1189553,6E2428D37DA777D9,classic_bike,2022-03-21 10:47:46,2022-03-21 10:53:50,6 Ave & W 33 St,6364,W 35 St & 9 Ave,6569,40.74901271,-73.98848395,40.75414519263519,-73.9960889518261,member
1189576,EF0C973E98B9F934,classic_bike,2022-03-07 23:21:24,2022-03-07 23:35:03,W 70 St & Amsterdam Ave,7207,W 35 St & 9 Ave,6569,40.77748046,-73.98288594,40.75414519263519,-73.9960889518261,member
1189616,64C02922AC1A5193,electric_bike,2022-03-06 14:19:55,2022-03-06 14:25:12,6 Ave & W 33 St,6364,W 35 St & 9 Ave,6569,40.74901271,-73.98848395,40.75414519263519,-73.9960889518261,casual
1189625,2E54C081F6D69EE3,electric_bike,2022-03-08 17:12:47,2022-03-08 17:47:54,E 72 St & York Ave,6889,W 35 St & 9 Ave,6569,40.76663814,-73.95348296,40.75414519263519,-73.9960889518261,casual
1189627,E6987B7CA963E87B,classic_bike,2022-03-22 15:59:18,2022-03-22 16:04:14,6 Ave & W 33 St,6364,W 35 St & 9 Ave,6569,40.74901271,-73.98848395,40.75414519263519,-73.9960889518261,member
1189629,472B687F8753F840,classic_bike,2022-03-07 18:40:24,2022-03-07 18:58:18,8 Ave & W 27 St,6297,W 35 St & 9 Ave,6569,40.747968,-73.996637,40.75414519263519,-73.9960889518261,casual
1189641,7CE6456124619841,electric_bike,2022-03-09 12:10:03,2022-03-09 12:14:27,8 Ave & W 27 St,6297,W 35 St & 9 Ave,6569,40.747968,-73.996637,40.75414519263519,-73.9960889518261,member
1189642,73F6FF41829D8FFC,electric_bike,2022-03-23 16:49:40,2022-03-23 16:52:53,8 Ave & W 27 St,6297,W 35 St & 9 Ave,6569,40.747968,-73.996637,40.75414519263519,-73.9960889518261,member
1189650,079158514A582C8E,classic_bike,2022-03-15 15:40:21,2022-03-15 15:46:44,9 Ave & W 45 St,6717,W 35 St & 9 Ave,6569,40.76019252,-73.9912551,40.75414519263519,-73.9960889518261,member
1189652,6DD6BDC67B07B6AE,electric_bike,2022-03-18 18:44:56,2022-03-18 19:06:48,E 81 St & York Ave,7084,W 35 St & 9 Ave,6569,40.7728384,-73.94989233,40.75414519263519,-73.9960889518261,member
1189654,7E50FA555A37DE82,classic_bike,2022-03-21 11:44:41,2022-03-21 12:20:22,21 St & 43 Ave,6395,W 35 St & 9 Ave,6569,40.75052534,-73.94594845,40.75414519263519,-73.9960889518261,member
1189668,9DB31C9B815D8AB1,classic_bike,2022-03-02 16:02:21,2022-03-02 16:10:46,11 Ave & W 27 St,6425,W 35 St & 9 Ave,6569,40.751396,-74.005226,40.75414519263519,-73.9960889518261,member
1189679,F01A3024AE9F542D,classic_bike,2022-03-23 21:11:11,2022-03-23 21:14:16,8 Ave & W 27 St,6297,W 35 St & 9 Ave,6569,40.747968,-73.996637,40.75414519263519,-73.9960889518261,member
1189682,FEEED6409FB8BEF3,classic_bike,2022-03-27 16:43:13,2022-03-27 16:48:10,8 Ave & W 27 St,6297,W 35 St & 9 Ave,6569,40.747968,-73.996637,40.75414519263519,-73.9960889518261,casual
1189683,5FAC0A2E46DC84A3,electric_bike,2022-03-01 08:25:16,2022-03-01 08:29:10,6 Ave & W 33 St,6364,W 35 St & 9 Ave,6569,40.74901271,-73.98848395,40.75414519263519,-73.9960889518261,member
1189686,8BAC0E45CEA5632D,electric_bike,2022-03-29 10:03:21,2022-03-29 10:07:51,6 Ave & W 33 St,6364,W 35 St & 9 Ave,6569,40.74901271,-73.98848395,40.75414519263519,-73.9960889518261,member
1189709,3E515DBE3E102E5B,classic_bike,2022-03-13 14:56:43,2022-03-13 15:02:30,8 Ave & W 27 St,6297,W 35 St & 9 Ave,6569,40.747968,-73.996637,40.75414519263519,-73.9960889518261,member
1189713,5A0A6A1AAF399170,classic_bike,2022-03-07 08:40:32,2022-03-07 08:47:34,W 50 St & 9 Ave,6854,W 35 St & 9 Ave,6569,40.76360467795863,-73.98917958140373,40.75414519263519,-73.9960889518261,member
1189716,F372213DD0827338,electric_bike,2022-03-22 16:32:53,2022-03-22 16:36:41,W 50 St & 9 Ave,6854,W 35 St & 9 Ave,6569,40.76360467795863,-73.98917958140373,40.75414519263519,-73.9960889518261,member
1189717,405C9EA457A7A3AA,classic_bike,2022-03-29 09:24:00,2022-03-29 09:28:44,Broadway & W 36 St,6441,W 35 St & 9 Ave,6569,40.75097711,-73.98765428,40.75414519263519,-73.9960889518261,member
1189723,F50A3FEF651A3623,electric_bike,2022-03-07 09:20:30,2022-03-07 09:31:53,E 40 St & Park Ave,6432,W 35 St & 9 Ave,6569,40.750756,-73.978326,40.75414519263519,-73.9960889518261,member
1189729,D62F5289CC481198,electric_bike,2022-03-24 08:38:53,2022-03-24 08:45:56,E 40 St & Park Ave,6432,W 35 St & 9 Ave,6569,40.750756,-73.978326,40.75414519263519,-73.9960889518261,casual
1189731,6DA7B4DF2659CD85,classic_bike,2022-03-29 22:24:55,2022-03-29 22:37:12,E 25 St & 2 Ave,6046,W 35 St & 9 Ave,6569,40.73912601,-73.97973776,40.75414519263519,-73.9960889518261,member
1189751,5AFB00E7940776EB,electric_bike,2022-03-27 16:42:57,2022-03-27 16:48:14,8 Ave & W 27 St,6297,W 35 St & 9 Ave,6569,40.747968,-73.996637,40.75414519263519,-73.9960889518261,casual
1189760,4B5F06287BB1458F,classic_bike,2022-03-31 00:12:25,2022-03-31 00:20:03,E 40 St & Park Ave,6432,W 35 St & 9 Ave,6569,40.750756,-73.978326,40.75414519263519,-73.9960889518261,member
1189788,7A75DBA31C150535,electric_bike,2022-03-07 08:58:49,2022-03-07 09:05:06,E 40 St & Park Ave,6432,W 35 St & 9 Ave,6569,40.750756,-73.978326,40.75414519263519,-73.9960889518261,member
1189789,17023F35BAE02E34,electric_bike,2022-03-14 09:26:14,2022-03-14 09:33:55,E 40 St & Park Ave,6432,W 35 St & 9 Ave,6569,40.750756,-73.978326,40.75414519263519,-73.9960889518261,member
1189824,5DE52A287A9FDEA4,electric_bike,2022-03-27 16:58:16,2022-03-27 17:32:30,W 36 St & 7 Ave,6483,W 35 St & 9 Ave,6569,40.752149,-73.989539,40.75414519263519,-73.9960889518261,member
1189826,533625009A2FB4CC,electric_bike,2022-03-20 14:59:47,2022-03-20 15:13:53,Perry St & Bleecker St,5922,W 35 St & 9 Ave,6569,40.73535398,-74.00483091,40.75414519263519,-73.9960889518261,casual
1189833,D048DBA161571D90,classic_bike,2022-03-28 14:02:46,2022-03-28 14:20:21,E 44 St & Lexington Ave,6464,W 35 St & 9 Ave,6569,40.752643,-73.974996,40.75414519263519,-73.9960889518261,member
1189840,78FD220E80E9A631,electric_bike,2022-03-29 09:09:18,2022-03-29 09:20:43,W 13 St & 7 Ave,6030,W 35 St & 9 Ave,6569,40.73781509,-73.99994661,40.75414519263519,-73.9960889518261,member
1189847,55D7DBC71B237DDC,classic_bike,2022-03-01 09:39:59,2022-03-01 10:01:15,E 44 St & Lexington Ave,6464,W 35 St & 9 Ave,6569,40.752643,-73.974996,40.75414519263519,-73.9960889518261,casual
1189852,C9CCCCB3BC59C92E,classic_bike,2022-03-03 02:18:33,2022-03-03 02:27:19,E 44 St & Lexington Ave,6464,W 35 St & 9 Ave,6569,40.752643,-73.974996,40.75414519263519,-73.9960889518261,casual
1189872,526FA54E220FF320,electric_bike,2022-03-31 13:37:08,2022-03-31 13:39:48,W 36 St & 7 Ave,6483,W 35 St & 9 Ave,6569,40.752149,-73.989539,40.75414519263519,-73.9960889518261,casual
1189885,B6527A7E2585CC37,electric_bike,2022-03-17 16:35:27,2022-03-17 16:40:16,W 36 St & 7 Ave,6483,W 35 St & 9 Ave,6569,40.752149,-73.989539,40.75414519263519,-73.9960889518261,member
1189903,7DF73490634739EA,classic_bike,2022-03-18 15:29:12,2022-03-18 15:34:13,W 36 St & 7 Ave,6483,W 35 St & 9 Ave,6569,40.752149,-73.989539,40.75414519263519,-73.9960889518261,member
1189942,CE8CD3A5A81A4C5F,electric_bike,2022-03-10 08:39:01,2022-03-10 08:59:41,Stanton St & Norfolk St,5445,W 35 St & 9 Ave,6569,40.720747,-73.986274,40.75414519263519,-73.9960889518261,member
1189943,A10AB04EDE11AD57,classic_bike,2022-03-27 12:42:57,2022-03-27 13:15:34,St Marks Pl & 2 Ave,5669,W 35 St & 9 Ave,6569,40.7284186,-73.98713956,40.75414519263519,-73.9960889518261,member
1189955,D00846E51162AD33,electric_bike,2022-03-29 09:41:00,2022-03-29 10:01:40,E 81 St & Park Ave,7188,W 35 St & 9 Ave,6569,40.77677702,-73.9590097,40.75414519263519,-73.9960889518261,member
1189981,464991B899991F11,electric_bike,2022-03-03 15:14:51,2022-03-03 15:23:25,E 40 St & 5 Ave,6474,W 35 St & 9 Ave,6569,40.752062307,-73.9816324043,40.75414519263519,-73.9960889518261,member
1189994,F7DC1F0A70C88DC0,electric_bike,2022-03-27 10:39:07,2022-03-27 10:57:09,Columbus Ave & W 95 St,7520,W 35 St & 9 Ave,6569,40.7919557,-73.968087,40.75414519263519,-73.9960889518261,member
1189998,AF89CA73896A8ECE,classic_bike,2022-03-22 07:19:55,2022-03-22 07:45:09,Columbus Ave & W 95 St,7520,W 35 St & 9 Ave,6569,40.7919557,-73.968087,40.75414519263519,-73.9960889518261,member
1190017,12465462E943AF7E,classic_bike,2022-03-24 12:03:03,2022-03-24 12:08:40,W 24 St & 7 Ave,6257,W 35 St & 9 Ave,6569,40.74487634,-73.99529885,40.75414519263519,-73.9960889518261,casual
1190028,EECDCD26D7AB66F4,classic_bike,2022-03-07 19:43:06,2022-03-07 19:52:00,W 29 St & 9 Ave,6416,W 35 St & 9 Ave,6569,40.7500727,-73.99839279,40.75414519263519,-73.9960889518261,member
1190089,B9CA9E3767A4759A,electric_bike,2022-03-21 06:38:04,2022-03-21 06:40:30,W 29 St & 9 Ave,6416,W 35 St & 9 Ave,6569,40.7500727,-73.99839279,40.75414519263519,-73.9960889518261,member
1190099,BF7C3A8735190948,electric_bike,2022-03-02 08:25:42,2022-03-02 08:47:37,E 91 St & 2 Ave,7286,W 35 St & 9 Ave,6569,40.78115276427916,-73.94963040947914,40.75414519263519,-73.9960889518261,member
1190136,F8DB2D9372C0B39A,classic_bike,2022-03-23 21:36:32,2022-03-23 21:42:25,W 22 St & 8 Ave,6224,W 35 St & 9 Ave,6569,40.74475148,-73.99915362,40.75414519263519,-73.9960889518261,member
1190153,75CC6863BEF4EF20,classic_bike,2022-03-11 19:12:16,2022-03-11 19:24:16,W 51 St & 6 Ave,6740,W 35 St & 9 Ave,6569,40.7606597,-73.98042047,40.75414519263519,-73.9960889518261,member
1190158,4E8CB086469DA63C,classic_bike,2022-03-08 18:45:33,2022-03-08 18:53:42,W 22 St & 8 Ave,6224,W 35 St & 9 Ave,6569,40.74475148,-73.99915362,40.75414519263519,-73.9960889518261,casual
1190159,229601D5D41837F4,electric_bike,2022-03-31 09:58:12,2022-03-31 10:15:13,Hudson St & W 13 St,6115,W 35 St & 9 Ave,6569,40.74005708567285,-74.0052741765976,40.75414519263519,-73.9960889518261,member
1190192,991F423A62ECE787,electric_bike,2022-03-21 08:13:54,2022-03-21 08:16:06,8 Ave & W 38 St,6526,W 35 St & 9 Ave,6569,40.75461,-73.99177,40.75414519263519,-73.9960889518261,casual
1190201,AD11D2D6FD1881E3,electric_bike,2022-03-08 17:05:28,2022-03-08 17:11:59,W 63 St & Broadway,7052,W 35 St & 9 Ave,6569,40.77163851,-73.98261428,40.75414519263519,-73.9960889518261,member
1190214,88CF1F1757996905,electric_bike,2022-03-12 17:03:46,2022-03-12 17:11:03,W 63 St & Broadway,7052,W 35 St & 9 Ave,6569,40.77163851,-73.98261428,40.75414519263519,-73.9960889518261,member
1190218,CA68FE9C573B0F33,classic_bike,2022-03-31 22:27:12,2022-03-31 22:34:54,W 30 St & 10 Ave,6459,W 35 St & 9 Ave,6569,40.752694,-74.002353,40.75414519263519,-73.9960889518261,member
1190219,AA1A59039198D63C,classic_bike,2022-03-29 09:13:44,2022-03-29 09:24:58,W 63 St & Broadway,7052,W 35 St & 9 Ave,6569,40.77163851,-73.98261428,40.75414519263519,-73.9960889518261,member
1190224,E0EAA240B5263664,electric_bike,2022-03-01 17:08:21,2022-03-01 17:14:36,W 63 St & Broadway,7052,W 35 St & 9 Ave,6569,40.77163851,-73.98261428,40.75414519263519,-73.9960889518261,member
1190227,A22849FE4A27030E,classic_bike,2022-03-18 08:50:24,2022-03-18 09:03:01,W 63 St & Broadway,7052,W 35 St & 9 Ave,6569,40.77163851,-73.98261428,40.75414519263519,-73.9960889518261,member
1190229,7D7223D88B99D6A2,electric_bike,2022-03-18 12:11:04,2022-03-18 12:13:40,W 30 St & 10 Ave,6459,W 35 St & 9 Ave,6569,40.752694,-74.002353,40.75414519263519,-73.9960889518261,casual
1190233,A0DAFC22BA7A07A8,classic_bike,2022-03-18 08:10:19,2022-03-18 08:23:10,Barrow St & Hudson St,5805,W 35 St & 9 Ave,6569,40.73172428,-74.00674436,40.75414519263519,-73.9960889518261,member
1190255,916F42EF4B853FD3,classic_bike,2022-03-26 14:16:27,2022-03-26 14:30:08,W 70 St & Amsterdam Ave,7207,W 35 St & 9 Ave,6569,40.77748046,-73.98288594,40.75414519263519,-73.9960889518261,member
1190264,D8A66F9CBF739A73,electric_bike,2022-03-03 09:01:49,2022-03-03 09:10:21,8 Ave & W 49 St,6747,W 35 St & 9 Ave,6569,40.76171227910671,-73.98655101656914,40.75414519263519,-73.9960889518261,casual
1190282,98E5CDC4C5D14D43,classic_bike,2022-03-29 17:22:44,2022-03-29 17:51:07,West St & Liberty St,5184,W 35 St & 9 Ave,6569,40.711444,-74.014847,40.75414519263519,-73.9960889518261,member
1190294,53E44484D9529D60,classic_bike,2022-03-01 17:29:43,2022-03-01 17:55:58,West St & Liberty St,5184,W 35 St & 9 Ave,6569,40.711444,-74.014847,40.75414519263519,-73.9960889518261,casual
1190295,50866430C0F579E7,electric_bike,2022-03-22 08:02:13,2022-03-22 08:11:04,Central Park West & W 68 St,7079,W 35 St & 9 Ave,6569,40.7734066,-73.97782542,40.75414519263519,-73.9960889518261,member
1190315,0D41F1667554B629,classic_bike,2022-03-30 08:25:09,2022-03-30 08:34:44,W 53 St & 10 Ave,6890,W 35 St & 9 Ave,6569,40.76669671,-73.99061728,40.75414519263519,-73.9960889518261,member
1190316,CBD23467BF0CF1AC,classic_bike,2022-03-14 09:03:54,2022-03-14 09:13:44,W 53 St & 10 Ave,6890,W 35 St & 9 Ave,6569,40.76669671,-73.99061728,40.75414519263519,-73.9960889518261,member
1190323,DB5F7D8099102F94,classic_bike,2022-03-02 07:17:28,2022-03-02 07:37:14,Central Park West & W 68 St,7079,W 35 St & 9 Ave,6569,40.7734066,-73.97782542,40.75414519263519,-73.9960889518261,member
1190334,837993E681C6AC8D,classic_bike,2022-03-08 08:36:49,2022-03-08 08:46:08,E 40 St & Park Ave,6432,W 35 St & 9 Ave,6569,40.750756,-73.978326,40.75414519263519,-73.9960889518261,casual
1190348,738A67E2983CD6FC,classic_bike,2022-03-27 13:27:06,2022-03-27 13:29:05,W 34 St &\tHudson Blvd E,6535,W 35 St & 9 Ave,6569,40.75516719072139,-74.00059908628464,40.75414519263519,-73.9960889518261,member
1190349,18F4A15931B676E9,electric_bike,2022-03-19 18:52:44,2022-03-19 19:37:54,W 34 St &\tHudson Blvd E,6535,W 35 St & 9 Ave,6569,40.75516719072139,-74.00059908628464,40.75414519263519,-73.9960889518261,member
1190353,B2FD3572931E9A8F,electric_bike,2022-03-22 17:31:50,2022-03-22 17:34:26,W 34 St &\tHudson Blvd E,6535,W 35 St & 9 Ave,6569,40.75516719072139,-74.00059908628464,40.75414519263519,-73.9960889518261,casual
1190355,32E19FA6B1FAB8D3,electric_bike,2022-03-03 17:27:53,2022-03-03 17:30:29,W 34 St &\tHudson Blvd E,6535,W 35 St & 9 Ave,6569,40.75516719072139,-74.00059908628464,40.75414519263519,-73.9960889518261,casual
1190368,03777223DF94F4CC,electric_bike,2022-03-07 07:17:57,2022-03-07 07:25:26,W 67 St & Broadway,7116,W 35 St & 9 Ave,6569,40.77492513,-73.98266566,40.75414519263519,-73.9960889518261,member
1190382,9656B0DEF3924216,classic_bike,2022-03-15 18:51:41,2022-03-15 19:03:00,W 53 St & 10 Ave,6890,W 35 St & 9 Ave,6569,40.76669671,-73.99061728,40.75414519263519,-73.9960889518261,member
1190383,EAB6BA87145C6816,electric_bike,2022-03-24 15:33:52,2022-03-24 15:42:18,W 53 St & 10 Ave,6890,W 35 St & 9 Ave,6569,40.76669671,-73.99061728,40.75414519263519,-73.9960889518261,member
1190402,D5308530CE4F7805,classic_bike,2022-03-21 19:21:19,2022-03-21 19:32:34,W 53 St & 10 Ave,6890,W 35 St & 9 Ave,6569,40.76669671,-73.99061728,40.75414519263519,-73.9960889518261,member
1190412,84E894C59E6933B5,classic_bike,2022-03-28 08:39:37,2022-03-28 08:47:27,W 53 St & 10 Ave,6890,W 35 St & 9 Ave,6569,40.76669671,-73.99061728,40.75414519263519,-73.9960889518261,member
1190425,AF6E15D41C1FF39B,classic_bike,2022-03-31 10:16:05,2022-03-31 10:41:39,E 89 St & York Ave,7204,W 35 St & 9 Ave,6569,40.7779453,-73.946041,40.75414519263519,-73.9960889518261,member
1190463,9E1A8081BE06CBF4,electric_bike,2022-03-16 07:26:49,2022-03-16 07:35:19,Central Park West & W 68 St,7079,W 35 St & 9 Ave,6569,40.7734066,-73.97782542,40.75414519263519,-73.9960889518261,member
1190486,FEBA3239FE1C1BBC,electric_bike,2022-03-15 09:55:02,2022-03-15 10:16:21,Madison Ave & E 82 St,7188,W 35 St & 9 Ave,6569,40.7781314,-73.96069399,40.75414519263519,-73.9960889518261,member
1190507,33BFF5051CDF1E1E,classic_bike,2022-03-10 13:56:57,2022-03-10 14:11:35,Christopher St & Greenwich St,5847,W 35 St & 9 Ave,6569,40.73291553,-74.00711384,40.75414519263519,-73.9960889518261,member
1190516,C24C1EF24C74B1FE,classic_bike,2022-03-18 09:05:20,2022-03-18 09:26:14,E 20 St & FDR Dr,5886,W 35 St & 9 Ave,6569,40.733208626522426,-73.9756813647,40.75414519263519,-73.9960889518261,member
1190542,9A2E8CE4C8E9812B,electric_bike,2022-03-07 07:46:16,2022-03-07 07:55:30,E 40 St & Park Ave,6432,W 35 St & 9 Ave,6569,40.750756,-73.978326,40.75414519263519,-73.9960889518261,casual
1190553,D1D1BD433828F7C0,classic_bike,2022-03-15 08:21:05,2022-03-15 08:32:27,E 26 St & 3 Ave,6089,W 35 St & 9 Ave,6569,40.74069317733043,-73.98160636425018,40.75414519263519,-73.9960889518261,member
1190560,82B16453520AB0D1,electric_bike,2022-03-11 17:54:57,2022-03-11 18:09:15,E 20 St & FDR Dr,5886,W 35 St & 9 Ave,6569,40.733208626522426,-73.9756813647,40.75414519263519,-73.9960889518261,member
1190585,2A8F1C53B7A1708A,electric_bike,2022-03-19 00:11:32,2022-03-19 00:39:44,Frederick Douglass Blvd & W 115 St,7658,W 35 St & 9 Ave,6569,40.8038654,-73.9559308,40.75414519263519,-73.9960889518261,member
1190590,DC90E5E1183908BB,classic_bike,2022-03-19 19:14:21,2022-03-19 19:50:47,E 40 St & Park Ave,6432,W 35 St & 9 Ave,6569,40.750756,-73.978326,40.75414519263519,-73.9960889518261,casual
1190596,49CB1E9E2A38F2A9,electric_bike,2022-03-28 08:11:20,2022-03-28 08:20:55,E 40 St & Park Ave,6432,W 35 St & 9 Ave,6569,40.750756,-73.978326,40.75414519263519,-73.9960889518261,casual
1190597,989BD489D53A3B74,classic_bike,2022-03-30 08:42:11,2022-03-30 08:57:20,E 39 St & 2 Ave,6345,W 35 St & 9 Ave,6569,40.74803319428767,-73.973827958107,40.75414519263519,-73.9960889518261,member
1190629,CF8FFB29A1EA3A0B,classic_bike,2022-03-02 08:14:22,2022-03-02 08:25:01,W 67 St & Broadway,7116,W 35 St & 9 Ave,6569,40.77492513,-73.98266566,40.75414519263519,-73.9960889518261,member
1190669,1A54B68CFDAB4E9F,electric_bike,2022-03-31 13:20:35,2022-03-31 13:23:59,W 31 St & 7 Ave,6331,W 35 St & 9 Ave,6569,40.749156,-73.9916,40.75414519263519,-73.9960889518261,member
1190675,0ADAFAEA0D0F76AC,electric_bike,2022-03-07 08:12:56,2022-03-07 08:22:03,E 39 St & 2 Ave,6345,W 35 St & 9 Ave,6569,40.74803319428767,-73.973827958107,40.75414519263519,-73.9960889518261,member
1190712,4685C821BE41BCB7,classic_bike,2022-03-20 15:23:37,2022-03-20 15:34:39,W 21 St & 6 Ave,6140,W 35 St & 9 Ave,6569,40.74173969,-73.99415556,40.75414519263519,-73.9960889518261,casual
1190725,0E98AAA122FC02F9,classic_bike,2022-03-19 12:24:40,2022-03-19 12:35:15,W 21 St & 6 Ave,6140,W 35 St & 9 Ave,6569,40.74173969,-73.99415556,40.75414519263519,-73.9960889518261,member
1190762,6A9EB0E7EA003C52,electric_bike,2022-03-28 10:38:25,2022-03-28 10:45:05,W 21 St & 6 Ave,6140,W 35 St & 9 Ave,6569,40.74173969,-73.99415556,40.75414519263519,-73.9960889518261,member
1190775,3C14BF35EAE3BA13,classic_bike,2022-03-03 09:38:48,2022-03-03 09:53:38,Barrow St & Hudson St,5805,W 35 St & 9 Ave,6569,40.73172428,-74.00674436,40.75414519263519,-73.9960889518261,member
1190808,DE6739438B55D397,classic_bike,2022-03-17 00:59:29,2022-03-17 01:10:14,W 21 St & 6 Ave,6140,W 35 St & 9 Ave,6569,40.74173969,-73.99415556,40.75414519263519,-73.9960889518261,member
1190815,0CC91AFA3C6D2E17,classic_bike,2022-03-21 11:39:00,2022-03-21 11:52:12,W 21 St & 6 Ave,6140,W 35 St & 9 Ave,6569,40.74173969,-73.99415556,40.75414519263519,-73.9960889518261,member
1190830,068A643CCE3F9473,classic_bike,2022-03-22 19:47:31,2022-03-22 20:01:16,W 21 St & 6 Ave,6140,W 35 St & 9 Ave,6569,40.74173969,-73.99415556,40.75414519263519,-73.9960889518261,member
1190836,D50CB4839F54F38B,electric_bike,2022-03-17 12:02:46,2022-03-17 12:09:24,W 21 St & 6 Ave,6140,W 35 St & 9 Ave,6569,40.74173969,-73.99415556,40.75414519263519,-73.9960889518261,member
1190850,096B27BCBAA38C7D,classic_bike,2022-03-17 15:10:22,2022-03-17 15:15:14,W 49 St & 8 Ave,6747,W 35 St & 9 Ave,6569,40.76227205,-73.98788205,40.75414519263519,-73.9960889518261,member
1190890,884326769881D449,classic_bike,2022-03-01 18:19:10,2022-03-01 18:29:29,W 21 St & 6 Ave,6140,W 35 St & 9 Ave,6569,40.74173969,-73.99415556,40.75414519263519,-73.9960889518261,member
1190937,2B115F12463AF5FA,classic_bike,2022-03-16 14:20:58,2022-03-16 14:29:38,W 49 St & 8 Ave,6747,W 35 St & 9 Ave,6569,40.76227205,-73.98788205,40.75414519263519,-73.9960889518261,member
1190974,D869743C719A8B84,electric_bike,2022-03-23 16:00:24,2022-03-23 16:06:30,W 21 St & 6 Ave,6140,W 35 St & 9 Ave,6569,40.74173969,-73.99415556,40.75414519263519,-73.9960889518261,casual
1190984,F4587F4F72038086,electric_bike,2022-03-21 10:42:20,2022-03-21 10:48:23,W 21 St & 6 Ave,6140,W 35 St & 9 Ave,6569,40.74173969,-73.99415556,40.75414519263519,-73.9960889518261,member
1191016,EFB4B760B8ACA1EF,classic_bike,2022-03-07 14:45:28,2022-03-07 15:17:48,Allen St & Rivington St,5414,W 35 St & 9 Ave,6569,40.72019576,-73.98997825,40.75414519263519,-73.9960889518261,member
1191023,1EBAFD17DF15616C,classic_bike,2022-03-15 14:11:52,2022-03-15 14:31:27,E 10 St & 2 Ave,5746,W 35 St & 9 Ave,6569,40.72970805644994,-73.9865979552269,40.75414519263519,-73.9960889518261,member
1191038,DA6F5846AEF6BD99,electric_bike,2022-03-10 13:16:01,2022-03-10 13:24:39,W 21 St & 6 Ave,6140,W 35 St & 9 Ave,6569,40.74173969,-73.99415556,40.75414519263519,-73.9960889518261,casual
1191155,38962C8032547B48,electric_bike,2022-03-10 09:17:12,2022-03-10 09:57:32,West Thames St,5114,W 35 St & 9 Ave,6569,40.70834698,-74.01713445,40.75414519263519,-73.9960889518261,member
1191158,6C637F58195264C4,electric_bike,2022-03-17 11:29:57,2022-03-17 11:45:54,Columbus Ave & W 95 St,7520,W 35 St & 9 Ave,6569,40.7919557,-73.968087,40.75414519263519,-73.9960889518261,member
1191185,8A1CFED7349759D9,classic_bike,2022-03-23 12:36:15,2022-03-23 12:56:49,W 16 St & The High Line,6233,W 35 St & 9 Ave,6569,40.74334935,-74.00681753,40.75414519263519,-73.9960889518261,member
1191188,6CE9743EFFF1D4DA,electric_bike,2022-03-09 19:14:32,2022-03-09 19:19:29,Broadway & W 38 St,6560,W 35 St & 9 Ave,6569,40.7529728216068,-73.98734897375107,40.75414519263519,-73.9960889518261,member
1191191,7365797CC1C6AD99,classic_bike,2022-03-08 08:56:10,2022-03-08 09:00:37,Broadway & W 38 St,6560,W 35 St & 9 Ave,6569,40.7529728216068,-73.98734897375107,40.75414519263519,-73.9960889518261,member
1191192,9C17E5C59B6EE8D4,classic_bike,2022-03-06 13:46:16,2022-03-06 13:57:55,Broadway & W 38 St,6560,W 35 St & 9 Ave,6569,40.7529728216068,-73.98734897375107,40.75414519263519,-73.9960889518261,member
1191216,B6AC555A930DD794,classic_bike,2022-03-11 08:42:30,2022-03-11 08:52:06,W 53 St & 10 Ave,6890,W 35 St & 9 Ave,6569,40.76669671,-73.99061728,40.75414519263519,-73.9960889518261,member
1191222,1998F6EE53C61B74,classic_bike,2022-03-10 17:25:58,2022-03-10 17:51:10,West St & Liberty St,5184,W 35 St & 9 Ave,6569,40.711444,-74.014847,40.75414519263519,-73.9960889518261,casual
1191227,85F9FF40379B92BD,electric_bike,2022-03-15 13:47:20,2022-03-15 13:51:58,W 27 St & 7 Ave,6247,W 35 St & 9 Ave,6569,40.746647,-73.993915,40.75414519263519,-73.9960889518261,member
1191244,E1F3EF1E18F626F5,electric_bike,2022-03-16 12:09:04,2022-03-16 12:19:05,W 27 St & 7 Ave,6247,W 35 St & 9 Ave,6569,40.746647,-73.993915,40.75414519263519,-73.9960889518261,casual
1191252,CA241F7731C8BFD6,electric_bike,2022-03-14 11:15:41,2022-03-14 11:20:34,Broadway & W 38 St,6560,W 35 St & 9 Ave,6569,40.7529728216068,-73.98734897375107,40.75414519263519,-73.9960889518261,casual
1191290,EFCBD846CDF0C635,classic_bike,2022-03-21 14:56:03,2022-03-21 15:03:39,W 34 St &\tHudson Blvd E,6535,W 35 St & 9 Ave,6569,40.75516719072139,-74.00059908628464,40.75414519263519,-73.9960889518261,member
1191297,9B8D466D5D6355CA,electric_bike,2022-03-15 17:59:37,2022-03-15 18:02:14,W 34 St &\tHudson Blvd E,6535,W 35 St & 9 Ave,6569,40.75516719072139,-74.00059908628464,40.75414519263519,-73.9960889518261,casual
1191319,F0DEE17F0E6B5B93,electric_bike,2022-03-19 15:08:04,2022-03-19 15:16:25,Central Park West & W 72 St,7141,W 35 St & 9 Ave,6569,40.77579376683666,-73.9762057363987,40.75414519263519,-73.9960889518261,member
1191339,6C60FC7AB54B7A36,electric_bike,2022-03-03 14:59:28,2022-03-03 15:08:31,E 53 St & Madison Ave,6659,W 35 St & 9 Ave,6569,40.7597108,-73.97402311,40.75414519263519,-73.9960889518261,member
1191345,3DA78CF0B9978EDD,classic_bike,2022-03-18 15:47:48,2022-03-18 16:02:20,Central Park West & W 72 St,7141,W 35 St & 9 Ave,6569,40.77579376683666,-73.9762057363987,40.75414519263519,-73.9960889518261,member
1191353,D56061E6C1B021A1,electric_bike,2022-03-22 09:52:03,2022-03-22 10:02:34,Central Park West & W 72 St,7141,W 35 St & 9 Ave,6569,40.77579376683666,-73.9762057363987,40.75414519263519,-73.9960889518261,member
1191390,E268C5BE0E9C3400,classic_bike,2022-03-19 13:45:13,2022-03-19 14:04:20,Carmine St & 6 Ave,5763,W 35 St & 9 Ave,6569,40.73038599,-74.00214988,40.75414519263519,-73.9960889518261,casual
1191393,757074790A9D1048,electric_bike,2022-03-18 14:26:59,2022-03-18 14:32:28,Broadway & W 41 St,6560,W 35 St & 9 Ave,6569,40.75513557,-73.98658032,40.75414519263519,-73.9960889518261,member
1191401,34FD342FAB30E0BD,classic_bike,2022-03-14 08:38:28,2022-03-14 08:49:04,Broadway & W 61 St,7014,W 35 St & 9 Ave,6569,40.77003010255044,-73.9819684624672,40.75414519263519,-73.9960889518261,member
1191402,AA948448FFFEBDC7,electric_bike,2022-03-30 15:33:17,2022-03-30 15:42:08,W 54 St & 11 Ave,6955,W 35 St & 9 Ave,6569,40.768333,-73.992573,40.75414519263519,-73.9960889518261,member
1191424,2BFBD18D8414B578,electric_bike,2022-03-24 21:18:35,2022-03-24 21:27:55,2 Ave & E 31 St,6197,W 35 St & 9 Ave,6569,40.74290902,-73.97706058,40.75414519263519,-73.9960889518261,member
1191426,55EBFBB15DBDE02A,classic_bike,2022-03-08 19:29:56,2022-03-08 19:44:33,E 27 St & 1 Ave,6004,W 35 St & 9 Ave,6569,40.739445,-73.976806,40.75414519263519,-73.9960889518261,member
1191432,117C4F9C3BEE5881,classic_bike,2022-03-07 16:22:17,2022-03-07 16:34:01,E 47 St & Park Ave,6584,W 35 St & 9 Ave,6569,40.75510267,-73.97498696,40.75414519263519,-73.9960889518261,member
1191453,C8A88DAB5A77BB49,classic_bike,2022-03-10 10:19:56,2022-03-10 10:26:41,Broadway & W 41 St,6560,W 35 St & 9 Ave,6569,40.75513557,-73.98658032,40.75414519263519,-73.9960889518261,member
1191463,D3CA4BB1DEFA3012,classic_bike,2022-03-15 21:08:30,2022-03-15 21:15:12,W 22 St & 8 Ave,6224,W 35 St & 9 Ave,6569,40.74475148,-73.99915362,40.75414519263519,-73.9960889518261,member
1191475,720D8630C0324DF0,electric_bike,2022-03-08 11:50:04,2022-03-08 11:54:52,Broadway & W 41 St,6560,W 35 St & 9 Ave,6569,40.75513557,-73.98658032,40.75414519263519,-73.9960889518261,member
1191476,9BA52FB4D4E081D9,classic_bike,2022-03-30 08:38:11,2022-03-30 08:49:50,Broadway & W 61 St,7014,W 35 St & 9 Ave,6569,40.77003010255044,-73.9819684624672,40.75414519263519,-73.9960889518261,member
1191478,082216176132CCF4,classic_bike,2022-03-25 15:16:26,2022-03-25 15:24:30,Broadway & W 41 St,6560,W 35 St & 9 Ave,6569,40.75513557,-73.98658032,40.75414519263519,-73.9960889518261,member
1191479,8EB0418AA8E9BC25,classic_bike,2022-03-04 18:29:32,2022-03-04 18:45:19,W 54 St & 11 Ave,6955,W 35 St & 9 Ave,6569,40.768333,-73.992573,40.75414519263519,-73.9960889518261,member
1191488,C1EB526186C68749,classic_bike,2022-03-16 09:37:54,2022-03-16 09:50:57,Broadway & W 61 St,7014,W 35 St & 9 Ave,6569,40.77003010255044,-73.9819684624672,40.75414519263519,-73.9960889518261,member
1191508,0368E275F9F6777C,classic_bike,2022-03-20 23:48:01,2022-03-21 00:00:28,W 54 St & 11 Ave,6955,W 35 St & 9 Ave,6569,40.768333,-73.992573,40.75414519263519,-73.9960889518261,member
1191509,C09B1924F8EA2E67,classic_bike,2022-03-05 17:51:36,2022-03-05 18:06:06,W 54 St & 11 Ave,6955,W 35 St & 9 Ave,6569,40.768333,-73.992573,40.75414519263519,-73.9960889518261,member
1191513,940D07B4278E4CC2,electric_bike,2022-03-23 21:13:49,2022-03-23 21:16:53,8 Ave & W 27 St,6297,W 35 St & 9 Ave,6569,40.747968,-73.996637,40.75414519263519,-73.9960889518261,member
1191514,04F232724FA077A7,electric_bike,2022-03-01 17:05:25,2022-03-01 17:09:00,8 Ave & W 27 St,6297,W 35 St & 9 Ave,6569,40.747968,-73.996637,40.75414519263519,-73.9960889518261,member
1191519,B881E32943AC462F,electric_bike,2022-03-11 14:00:44,2022-03-11 14:29:27,E 106 St & Lexington Ave,7504,W 35 St & 9 Ave,6569,40.791976,-73.945993,40.75414519263519,-73.9960889518261,member
1191537,F847D5934C7AB2A6,electric_bike,2022-03-29 17:30:12,2022-03-29 17:35:24,Broadway & W 41 St,6560,W 35 St & 9 Ave,6569,40.75513557,-73.98658032,40.75414519263519,-73.9960889518261,casual
1191540,59ECE8E781F20B10,electric_bike,2022-03-02 12:47:43,2022-03-02 13:10:00,E 88 St & Park Ave,7293,W 35 St & 9 Ave,6569,40.781410700190015,-73.95595908164978,40.75414519263519,-73.9960889518261,member
1191541,DC46CB24B502CA45,classic_bike,2022-03-29 22:12:40,2022-03-29 22:27:08,W 54 St & 11 Ave,6955,W 35 St & 9 Ave,6569,40.768333,-73.992573,40.75414519263519,-73.9960889518261,member
1191542,A35F8EDDDAF463AA,electric_bike,2022-03-03 17:05:29,2022-03-03 17:15:49,Broadway & W 61 St,7014,W 35 St & 9 Ave,6569,40.77003010255044,-73.9819684624672,40.75414519263519,-73.9960889518261,member
1191545,B2B84BEA4100D05E,electric_bike,2022-03-10 08:38:00,2022-03-10 08:41:40,6 Ave & W 33 St,6364,W 35 St & 9 Ave,6569,40.74901271,-73.98848395,40.75414519263519,-73.9960889518261,member
1191546,EDE624F178B7C96C,electric_bike,2022-03-25 09:27:14,2022-03-25 09:32:34,6 Ave & W 33 St,6364,W 35 St & 9 Ave,6569,40.74901271,-73.98848395,40.75414519263519,-73.9960889518261,member
1191547,1E57003A229FA4EE,electric_bike,2022-03-27 12:37:51,2022-03-27 12:38:58,W 35 St & Dyer Ave,6569,W 35 St & 9 Ave,6569,40.754691750226016,-73.99740189313889,40.75414519263519,-73.9960889518261,member
1191552,DBFE8A6B503DB592,classic_bike,2022-03-03 08:36:07,2022-03-03 08:42:13,Broadway & W 41 St,6560,W 35 St & 9 Ave,6569,40.75513557,-73.98658032,40.75414519263519,-73.9960889518261,member
1191559,D478E08C4FA5D40F,electric_bike,2022-03-29 15:57:03,2022-03-29 16:09:10,E 17 St & Broadway,5980,W 35 St & 9 Ave,6569,40.73704984,-73.99009296,40.75414519263519,-73.9960889518261,member
1191569,849DA32287836BD1,electric_bike,2022-03-30 19:53:16,2022-03-30 20:02:00,E 17 St & Broadway,5980,W 35 St & 9 Ave,6569,40.73704984,-73.99009296,40.75414519263519,-73.9960889518261,member
1191595,97E083E8E13B6714,electric_bike,2022-03-25 12:05:47,2022-03-25 12:23:35,E 17 St & Broadway,5980,W 35 St & 9 Ave,6569,40.73704984,-73.99009296,40.75414519263519,-73.9960889518261,casual
1191606,752AB375A0D338C7,electric_bike,2022-03-22 09:58:15,2022-03-22 10:02:43,6 Ave & W 33 St,6364,W 35 St & 9 Ave,6569,40.74901271,-73.98848395,40.75414519263519,-73.9960889518261,member
1191623,92F3B9D8A88A0DF6,classic_bike,2022-03-31 08:26:09,2022-03-31 08:53:58,E 91 St & 2 Ave,7286,W 35 St & 9 Ave,6569,40.78115276427916,-73.94963040947914,40.75414519263519,-73.9960889518261,member
1191654,124893E9DA088353,classic_bike,2022-03-22 18:27:14,2022-03-22 18:31:17,W 42 St & Dyer Ave,6644,W 35 St & 9 Ave,6569,40.75898481399634,-73.99379968643188,40.75414519263519,-73.9960889518261,member
1191663,06B8C49653C3F315,classic_bike,2022-03-25 14:39:44,2022-03-25 14:42:53,W 42 St & Dyer Ave,6644,W 35 St & 9 Ave,6569,40.75898481399634,-73.99379968643188,40.75414519263519,-73.9960889518261,member
1191688,7BC1E6D8F24BCD19,electric_bike,2022-03-24 20:02:24,2022-03-24 20:15:59,University Pl & E 14 St,5905,W 35 St & 9 Ave,6569,40.734814,-73.992085,40.75414519263519,-73.9960889518261,member
1191689,66A811159E0A176F,electric_bike,2022-03-25 14:18:30,2022-03-25 14:31:59,University Pl & E 14 St,5905,W 35 St & 9 Ave,6569,40.734814,-73.992085,40.75414519263519,-73.9960889518261,member
1191691,38FF067A5F2E637C,classic_bike,2022-03-29 17:46:48,2022-03-29 18:02:34,E 17 St & Broadway,5980,W 35 St & 9 Ave,6569,40.73704984,-73.99009296,40.75414519263519,-73.9960889518261,member
1191697,36DCD15E9291ADCA,classic_bike,2022-03-11 14:17:35,2022-03-11 14:21:10,8 Ave & W 27 St,6297,W 35 St & 9 Ave,6569,40.747968,-73.996637,40.75414519263519,-73.9960889518261,member
1191701,B689D9F96EB87342,classic_bike,2022-03-07 19:21:44,2022-03-07 19:35:20,E 17 St & Broadway,5980,W 35 St & 9 Ave,6569,40.73704984,-73.99009296,40.75414519263519,-73.9960889518261,member
1191711,0BD6E0CA5AEB6E5C,classic_bike,2022-03-10 10:05:55,2022-03-10 10:18:17,Broadway\t& W 48 St,6708,W 35 St & 9 Ave,6569,40.76017739537783,-73.98486793041229,40.75414519263519,-73.9960889518261,member
1191760,544EF4B4C2E1A534,classic_bike,2022-03-27 11:21:44,2022-03-27 11:34:52,E 17 St & Broadway,5980,W 35 St & 9 Ave,6569,40.73704984,-73.99009296,40.75414519263519,-73.9960889518261,member
1191785,B214A268EEF60E08,electric_bike,2022-03-20 12:10:22,2022-03-20 12:16:15,W 37 St & 5 Ave,6398,W 35 St & 9 Ave,6569,40.75038009,-73.98338988,40.75414519263519,-73.9960889518261,member
1191842,047922981A9CE83F,classic_bike,2022-03-01 14:56:18,2022-03-01 15:05:28,W 24 St & 7 Ave,6257,W 35 St & 9 Ave,6569,40.74487634,-73.99529885,40.75414519263519,-73.9960889518261,member
1191843,C7AC4A55BC4ADCF1,electric_bike,2022-03-15 14:57:51,2022-03-15 15:05:07,Broadway & W 41 St,6560,W 35 St & 9 Ave,6569,40.75513557,-73.98658032,40.75414519263519,-73.9960889518261,member
1191848,47F2F95BA86B3AF4,classic_bike,2022-03-11 18:28:53,2022-03-11 18:45:16,W 54 St & 11 Ave,6955,W 35 St & 9 Ave,6569,40.768333,-73.992573,40.75414519263519,-73.9960889518261,member
1191850,BD008C54D53E1CD0,classic_bike,2022-03-26 18:13:54,2022-03-26 18:28:10,W 54 St & 11 Ave,6955,W 35 St & 9 Ave,6569,40.768333,-73.992573,40.75414519263519,-73.9960889518261,member
1191851,C058DCD52D102681,classic_bike,2022-03-25 23:39:28,2022-03-25 23:53:39,W 54 St & 11 Ave,6955,W 35 St & 9 Ave,6569,40.768333,-73.992573,40.75414519263519,-73.9960889518261,member
1191852,1CDE86B9E363CEF0,classic_bike,2022-03-20 19:43:17,2022-03-20 19:53:35,W 54 St & 11 Ave,6955,W 35 St & 9 Ave,6569,40.768333,-73.992573,40.75414519263519,-73.9960889518261,member
1191854,96845A597417E8A7,classic_bike,2022-03-18 11:35:02,2022-03-18 12:04:27,Adam Clayton Powell Blvd & W 126 St,7738,W 35 St & 9 Ave,6569,40.80949534777948,-73.94776493310928,40.75414519263519,-73.9960889518261,member
1191878,2989EC8DA43555ED,classic_bike,2022-03-02 10:41:59,2022-03-02 10:57:20,Hudson Blvd E & W 36 St,6611,W 35 St & 9 Ave,6569,40.75630628938069,-73.99951145061095,40.75414519263519,-73.9960889518261,member
1191888,E903C8B899D51873,classic_bike,2022-03-31 08:38:28,2022-03-31 08:49:47,Broadway & W 61 St,7014,W 35 St & 9 Ave,6569,40.77003010255044,-73.9819684624672,40.75414519263519,-73.9960889518261,member
1191890,3AF9EA7432F3E21C,classic_bike,2022-03-27 18:44:31,2022-03-27 18:57:30,W 54 St & 11 Ave,6955,W 35 St & 9 Ave,6569,40.768333,-73.992573,40.75414519263519,-73.9960889518261,member
1191899,C0EF94AA52FD15DD,classic_bike,2022-03-05 11:12:49,2022-03-05 11:18:04,W 20 St & 10 Ave,6306,W 35 St & 9 Ave,6569,40.745686,-74.005141,40.75414519263519,-73.9960889518261,member
1191908,4E9734A5D0377114,electric_bike,2022-03-09 08:53:46,2022-03-09 08:59:16,W 20 St & 10 Ave,6306,W 35 St & 9 Ave,6569,40.745686,-74.005141,40.75414519263519,-73.9960889518261,casual
1191915,4D8A9E600C5E35D7,classic_bike,2022-03-20 18:05:33,2022-03-20 18:23:59,5 Ave & E 63 St,6904,W 35 St & 9 Ave,6569,40.766368,-73.971518,40.75414519263519,-73.9960889518261,casual
1191921,921E5B341D953373,classic_bike,2022-03-08 08:48:53,2022-03-08 08:55:02,W 20 St & 10 Ave,6306,W 35 St & 9 Ave,6569,40.745686,-74.005141,40.75414519263519,-73.9960889518261,casual
1191938,E18A75D452503D03,electric_bike,2022-03-10 14:14:31,2022-03-10 14:23:20,W 54 St & 11 Ave,6955,W 35 St & 9 Ave,6569,40.768333,-73.992573,40.75414519263519,-73.9960889518261,member
1191939,CB49189CC87D8718,electric_bike,2022-03-04 16:57:21,2022-03-04 17:05:21,W 54 St & 11 Ave,6955,W 35 St & 9 Ave,6569,40.768333,-73.992573,40.75414519263519,-73.9960889518261,member
1191944,6F8FD1CDB0226FF0,classic_bike,2022-03-31 09:42:34,2022-03-31 10:22:54,Hudson Blvd E & W 36 St,6611,W 35 St & 9 Ave,6569,40.75630628938069,-73.99951145061095,40.75414519263519,-73.9960889518261,member
1191990,C77627757840D693,classic_bike,2022-03-01 23:13:18,2022-03-01 23:15:34,Hudson Blvd E & W 36 St,6611,W 35 St & 9 Ave,6569,40.75630628938069,-73.99951145061095,40.75414519263519,-73.9960889518261,member
1192023,DEF91AABC40F0B7A,classic_bike,2022-03-26 21:59:41,2022-03-26 22:01:33,W 37 St & 10 Ave,6611,W 35 St & 9 Ave,6569,40.75660359,-73.9979009,40.75414519263519,-73.9960889518261,member
1192027,7BF374F1AEEBB8C2,classic_bike,2022-03-13 18:35:39,2022-03-13 18:37:54,W 37 St & 10 Ave,6611,W 35 St & 9 Ave,6569,40.75660359,-73.9979009,40.75414519263519,-73.9960889518261,member
1192029,90B24F254A191B91,classic_bike,2022-03-29 08:46:44,2022-03-29 08:50:09,W 37 St & 10 Ave,6611,W 35 St & 9 Ave,6569,40.75660359,-73.9979009,40.75414519263519,-73.9960889518261,member
1192051,1332A00E87D479F0,electric_bike,2022-03-13 11:37:42,2022-03-13 11:39:21,W 37 St & 10 Ave,6611,W 35 St & 9 Ave,6569,40.75660359,-73.9979009,40.75414519263519,-73.9960889518261,member
1192080,8E37EF81C1ACBAD3,electric_bike,2022-03-25 09:30:15,2022-03-25 09:38:38,W 36 St & 9 Ave,6569,9 Ave & W 22 St,6266,40.75462324029105,-73.99516761302948,40.7454973,-74.00197139,member
1192087,D05C029F102D7EDA,classic_bike,2022-03-21 13:06:39,2022-03-21 13:10:39,W 36 St & 9 Ave,6569,9 Ave & W 22 St,6266,40.75462324029105,-73.99516761302948,40.7454973,-74.00197139,member
1192088,575A9AA5B8B5F08E,classic_bike,2022-03-16 12:03:43,2022-03-16 12:29:42,E 81 St & Park Ave,7188,W 35 St & 9 Ave,6569,40.77677702,-73.9590097,40.75414519263519,-73.9960889518261,member
1192089,889798B1CC0D9073,classic_bike,2022-03-31 09:54:37,2022-03-31 10:06:16,W 36 St & 9 Ave,6569,9 Ave & W 22 St,6266,40.75462324029105,-73.99516761302948,40.7454973,-74.00197139,member
1192090,4C6E4F1DEFDAFA8B,electric_bike,2022-03-22 10:34:22,2022-03-22 10:40:28,W 36 St & 9 Ave,6569,9 Ave & W 22 St,6266,40.75462324029105,-73.99516761302948,40.7454973,-74.00197139,member
1192092,DB2394F65D8B350C,electric_bike,2022-03-05 14:09:05,2022-03-05 14:14:27,W 36 St & 9 Ave,6569,9 Ave & W 22 St,6266,40.75462324029105,-73.99516761302948,40.7454973,-74.00197139,member
1192109,38C65947B0219140,classic_bike,2022-03-23 10:11:28,2022-03-23 10:17:57,W 27 St & 7 Ave,6247,W 35 St & 9 Ave,6569,40.746647,-73.993915,40.75414519263519,-73.9960889518261,member
1192126,8ABEFF9F7EBCACDD,classic_bike,2022-03-16 11:41:05,2022-03-16 11:56:49,Broadway & W 25 St,6173,W 35 St & 9 Ave,6569,40.74286877312112,-73.98918628692627,40.75414519263519,-73.9960889518261,member
1192135,0FBB75B499089F78,classic_bike,2022-03-13 15:09:38,2022-03-13 15:16:33,W 36 St & 9 Ave,6569,9 Ave & W 22 St,6266,40.75462324029105,-73.99516761302948,40.7454973,-74.00197139,member
1192140,2CF32E4B38439032,classic_bike,2022-03-26 14:59:31,2022-03-26 15:09:09,W 36 St & 9 Ave,6569,W 15 St & 7 Ave,6030,40.75462324029105,-73.99516761302948,40.73935542,-73.99931783,member
1192141,75ABB84E25D7FA9F,electric_bike,2022-03-04 06:55:34,2022-03-04 06:59:57,W 36 St & 9 Ave,6569,9 Ave & W 22 St,6266,40.75462324029105,-73.99516761302948,40.7454973,-74.00197139,member
1192143,7A64D456B1CDB823,classic_bike,2022-03-20 13:32:00,2022-03-20 13:38:47,W 36 St & 9 Ave,6569,9 Ave & W 22 St,6266,40.75462324029105,-73.99516761302948,40.7454973,-74.00197139,member
1192144,B977AB66E38ADBF5,electric_bike,2022-03-03 09:46:41,2022-03-03 09:51:05,W 36 St & 9 Ave,6569,9 Ave & W 22 St,6266,40.75462324029105,-73.99516761302948,40.7454973,-74.00197139,member
1192145,FFD1E601EDABAFBB,classic_bike,2022-03-25 11:52:25,2022-03-25 12:01:06,Broadway & W 29 St,6289,W 35 St & 9 Ave,6569,40.7462009,-73.98855723,40.75414519263519,-73.9960889518261,member
1192146,36CA6FFF61D81FBC,classic_bike,2022-03-05 13:53:36,2022-03-05 13:58:02,W 36 St & 9 Ave,6569,9 Ave & W 22 St,6266,40.75462324029105,-73.99516761302948,40.7454973,-74.00197139,member
1192149,649482DFD65874A6,electric_bike,2022-03-16 16:31:15,2022-03-16 16:34:34,W 36 St & 9 Ave,6569,9 Ave & W 22 St,6266,40.75462324029105,-73.99516761302948,40.7454973,-74.00197139,member
1192150,AC8AD453AADEB111,classic_bike,2022-03-17 18:06:23,2022-03-17 18:13:48,W 36 St & 9 Ave,6569,9 Ave & W 22 St,6266,40.75462324029105,-73.99516761302948,40.7454973,-74.00197139,member
1192152,E559B0F3B7B91123,classic_bike,2022-03-19 12:48:14,2022-03-19 12:58:35,W 36 St & 9 Ave,6569,W 15 St & 7 Ave,6030,40.75462324029105,-73.99516761302948,40.73935542,-73.99931783,member
1192155,10BE69519150D718,electric_bike,2022-03-07 13:05:58,2022-03-07 13:08:29,W 36 St & 9 Ave,6569,W 35 St & 9 Ave,6569,40.75462324029105,-73.99516761302948,40.75414519263519,-73.9960889518261,casual
1192157,0AD1FC1498336E91,classic_bike,2022-03-08 18:40:33,2022-03-08 18:48:31,Broadway & W 29 St,6289,W 35 St & 9 Ave,6569,40.7462009,-73.98855723,40.75414519263519,-73.9960889518261,member
1192161,1E34AE94E9DABD85,classic_bike,2022-03-19 19:02:30,2022-03-19 19:07:52,W 36 St & 9 Ave,6569,9 Ave & W 22 St,6266,40.75462324029105,-73.99516761302948,40.7454973,-74.00197139,member
1192162,F396A866EFF9E675,electric_bike,2022-03-08 12:01:06,2022-03-08 12:06:28,W 36 St & 9 Ave,6569,9 Ave & W 22 St,6266,40.75462324029105,-73.99516761302948,40.7454973,-74.00197139,member
1192166,7A4D0B56A4FA4EB5,electric_bike,2022-03-11 17:58:27,2022-03-11 18:05:17,Broadway & W 29 St,6289,W 35 St & 9 Ave,6569,40.7462009,-73.98855723,40.75414519263519,-73.9960889518261,member
1192168,861DDC87977E5543,classic_bike,2022-03-20 18:13:23,2022-03-20 18:25:06,W 36 St & 9 Ave,6569,W 15 St & 7 Ave,6030,40.75462324029105,-73.99516761302948,40.73935542,-73.99931783,member
1192173,72CD5120C2CE1F41,classic_bike,2022-03-30 08:55:52,2022-03-30 09:03:33,W 36 St & 9 Ave,6569,9 Ave & W 22 St,6266,40.75462324029105,-73.99516761302948,40.7454973,-74.00197139,member
1192174,98CAAA21F4D08EA0,classic_bike,2022-03-16 16:58:33,2022-03-16 17:04:17,W 36 St & 9 Ave,6569,9 Ave & W 22 St,6266,40.75462324029105,-73.99516761302948,40.7454973,-74.00197139,member
1192176,0EF5D44633511565,classic_bike,2022-03-07 09:01:08,2022-03-07 09:10:47,W 36 St & 9 Ave,6569,9 Ave & W 22 St,6266,40.75462324029105,-73.99516761302948,40.7454973,-74.00197139,member
1192184,8CC585ECBF0BCD1B,classic_bike,2022-03-25 12:21:53,2022-03-25 12:29:22,Broadway & W 29 St,6289,W 35 St & 9 Ave,6569,40.7462009,-73.98855723,40.75414519263519,-73.9960889518261,member
1192190,557898A6441C39C1,classic_bike,2022-03-16 18:52:25,2022-03-16 18:57:34,W 26 St & 8 Ave,6297,W 35 St & 9 Ave,6569,40.74734825,-73.99723551,40.75414519263519,-73.9960889518261,member
1192225,445A299F3FA5F3EA,classic_bike,2022-03-25 20:05:58,2022-03-25 20:19:22,Greenwich St & W Houston St,5730,W 35 St & 9 Ave,6569,40.728846,-74.008591,40.75414519263519,-73.9960889518261,member
1192226,3FE2329165AE30F2,classic_bike,2022-03-19 14:25:10,2022-03-19 14:36:00,W 47 St & 6 Ave,6667,W 35 St & 9 Ave,6569,40.758397,-73.98255,40.75414519263519,-73.9960889518261,member
1192240,6AF377594F9CB7F4,classic_bike,2022-03-31 21:59:22,2022-03-31 22:05:24,W 26 St & 8 Ave,6297,W 35 St & 9 Ave,6569,40.74734825,-73.99723551,40.75414519263519,-73.9960889518261,member
1192271,CC9781AC6BB5D563,classic_bike,2022-03-11 13:29:22,2022-03-11 13:36:53,W 26 St & 8 Ave,6297,W 35 St & 9 Ave,6569,40.74734825,-73.99723551,40.75414519263519,-73.9960889518261,member
1192277,659A152AB0DF2AB9,classic_bike,2022-03-23 17:45:44,2022-03-23 17:50:08,W 26 St & 8 Ave,6297,W 35 St & 9 Ave,6569,40.74734825,-73.99723551,40.75414519263519,-73.9960889518261,member
1192297,A31B548B21EE134A,classic_bike,2022-03-15 11:32:38,2022-03-15 11:41:35,W 47 St & 6 Ave,6667,W 35 St & 9 Ave,6569,40.758397,-73.98255,40.75414519263519,-73.9960889518261,member
1192305,B7391A8F1E219155,classic_bike,2022-03-30 10:31:53,2022-03-30 11:03:57,Broadway & Berry St,5164,W 35 St & 9 Ave,6569,40.71044554,-73.96525063,40.75414519263519,-73.9960889518261,member
1192313,E695E3FFAD9AB4DE,electric_bike,2022-03-14 06:39:15,2022-03-14 06:51:48,Mott St & Prince St,5561,W 35 St & 9 Ave,6569,40.72317958,-73.99480012,40.75414519263519,-73.9960889518261,casual
1192339,8533C3692E298ADA,classic_bike,2022-03-13 14:55:37,2022-03-13 15:02:32,W 26 St & 8 Ave,6297,W 35 St & 9 Ave,6569,40.74734825,-73.99723551,40.75414519263519,-73.9960889518261,member
1192353,B86F60902681BE9B,electric_bike,2022-03-25 19:32:04,2022-03-25 19:37:24,W 22 St & 10 Ave,6306,W 35 St & 9 Ave,6569,40.74691959,-74.00451887,40.75414519263519,-73.9960889518261,member
1192359,E5E92CBBDCE595FA,classic_bike,2022-03-17 10:47:30,2022-03-17 10:58:18,W 47 St & 6 Ave,6667,W 35 St & 9 Ave,6569,40.758397,-73.98255,40.75414519263519,-73.9960889518261,member
1192365,48F6C2040AD4219A,classic_bike,2022-03-09 19:07:42,2022-03-09 19:12:18,W 26 St & 8 Ave,6297,W 35 St & 9 Ave,6569,40.74734825,-73.99723551,40.75414519263519,-73.9960889518261,member
1192368,32CDFA103F156214,classic_bike,2022-03-28 19:33:05,2022-03-28 19:37:25,W 26 St & 8 Ave,6297,W 35 St & 9 Ave,6569,40.74734825,-73.99723551,40.75414519263519,-73.9960889518261,member
1192369,FB9E4062E73F118E,classic_bike,2022-03-10 17:19:20,2022-03-10 17:26:15,W 47 St & 6 Ave,6667,W 35 St & 9 Ave,6569,40.758397,-73.98255,40.75414519263519,-73.9960889518261,member
1192380,6B4CC298AE384DE6,electric_bike,2022-03-03 01:23:22,2022-03-03 01:31:20,W 49 St & 8 Ave,6747,W 35 St & 9 Ave,6569,40.76227205,-73.98788205,40.75414519263519,-73.9960889518261,member
1192417,3156A50FCB30A719,classic_bike,2022-03-14 16:28:11,2022-03-14 16:37:47,E 33 St & 5 Ave,6322,W 35 St & 9 Ave,6569,40.74765947,-73.98490707,40.75414519263519,-73.9960889518261,member
1192422,D63EADB1BA910182,classic_bike,2022-03-22 15:48:58,2022-03-22 16:06:39,E 12 St & Ave C,5616,W 35 St & 9 Ave,6569,40.727243,-73.976831,40.75414519263519,-73.9960889518261,casual
1192426,7B95C88611BAAB21,classic_bike,2022-03-19 21:10:17,2022-03-19 22:18:03,W 21 St & 6 Ave,6140,W 35 St & 9 Ave,6569,40.74173969,-73.99415556,40.75414519263519,-73.9960889518261,casual
1192427,554F884A571F4797,classic_bike,2022-03-21 18:48:12,2022-03-21 18:53:25,W 49 St & 8 Ave,6747,W 35 St & 9 Ave,6569,40.76227205,-73.98788205,40.75414519263519,-73.9960889518261,casual
1192429,A0D2BD6CB302AAC1,electric_bike,2022-03-07 16:56:59,2022-03-07 17:06:51,W 21 St & 6 Ave,6140,W 35 St & 9 Ave,6569,40.74173969,-73.99415556,40.75414519263519,-73.9960889518261,casual
1192438,8CC9D248A8EA33E0,classic_bike,2022-03-05 19:37:45,2022-03-05 19:49:22,W 49 St & 8 Ave,6747,W 35 St & 9 Ave,6569,40.76227205,-73.98788205,40.75414519263519,-73.9960889518261,member
1192445,830B5E2204FE4ED3,electric_bike,2022-03-18 15:40:32,2022-03-18 15:46:31,W 49 St & 8 Ave,6747,W 35 St & 9 Ave,6569,40.76227205,-73.98788205,40.75414519263519,-73.9960889518261,member
1192454,B93E3AC50ED3865D,electric_bike,2022-03-15 10:53:46,2022-03-15 11:08:30,E 11 St & 3 Ave,5788,W 35 St & 9 Ave,6569,40.73127,-73.98849,40.75414519263519,-73.9960889518261,member
1192468,2747DBA573589245,electric_bike,2022-03-17 15:48:54,2022-03-17 16:03:55,E 12 St & Ave C,5616,W 35 St & 9 Ave,6569,40.727243,-73.976831,40.75414519263519,-73.9960889518261,casual
1192469,D89E8689FE011098,electric_bike,2022-03-19 21:11:03,2022-03-19 22:18:05,W 21 St & 6 Ave,6140,W 35 St & 9 Ave,6569,40.74173969,-73.99415556,40.75414519263519,-73.9960889518261,casual
1192474,53DB6E8B65EC13F3,electric_bike,2022-03-29 13:51:02,2022-03-29 13:57:29,E 33 St & 5 Ave,6322,W 35 St & 9 Ave,6569,40.74765947,-73.98490707,40.75414519263519,-73.9960889518261,member
1192477,26DD804141132C4E,electric_bike,2022-03-18 12:46:00,2022-03-18 12:53:50,Lexington Ave & E 36 St,6313,W 35 St & 9 Ave,6569,40.7475739589548,-73.9788007736206,40.75414519263519,-73.9960889518261,member
1192479,8D08F39E38535908,classic_bike,2022-03-03 09:02:38,2022-03-03 09:11:43,Lexington Ave & E 36 St,6313,W 35 St & 9 Ave,6569,40.7475739589548,-73.9788007736206,40.75414519263519,-73.9960889518261,member
1192493,3D1E706FEFC8BC45,electric_bike,2022-03-28 13:36:44,2022-03-28 13:41:19,W 49 St & 8 Ave,6747,W 35 St & 9 Ave,6569,40.76227205,-73.98788205,40.75414519263519,-73.9960889518261,member
1192509,6824DD01F7811E62,classic_bike,2022-03-16 11:27:48,2022-03-16 11:36:55,Lexington Ave & E 36 St,6313,W 35 St & 9 Ave,6569,40.7475739589548,-73.9788007736206,40.75414519263519,-73.9960889518261,member
1192549,EFFAE307977EDE81,classic_bike,2022-03-25 21:42:52,2022-03-25 22:01:15,E 17 St & Broadway,5980,W 35 St & 9 Ave,6569,40.73704984,-73.99009296,40.75414519263519,-73.9960889518261,member
1192559,5E77E0B21D70CA07,classic_bike,2022-03-07 19:59:15,2022-03-07 20:13:37,W 54 St & 11 Ave,6955,W 35 St & 9 Ave,6569,40.768333,-73.992573,40.75414519263519,-73.9960889518261,member
1192560,1213C10DD3C25965,classic_bike,2022-03-14 20:03:12,2022-03-14 20:15:10,W 54 St & 11 Ave,6955,W 35 St & 9 Ave,6569,40.768333,-73.992573,40.75414519263519,-73.9960889518261,member
1192562,F734F587A790A000,classic_bike,2022-03-22 22:20:49,2022-03-22 22:23:48,8 Ave & W 33 St,6450,W 35 St & 9 Ave,6569,40.751551,-73.993934,40.75414519263519,-73.9960889518261,casual
1192605,CC9455DE881715DD,classic_bike,2022-03-24 18:32:46,2022-03-24 18:41:52,W 49 St & 8 Ave,6747,W 35 St & 9 Ave,6569,40.76227205,-73.98788205,40.75414519263519,-73.9960889518261,member
1192606,0D1AA0129D18C0A5,classic_bike,2022-03-24 16:27:09,2022-03-24 16:35:46,W 49 St & 8 Ave,6747,W 35 St & 9 Ave,6569,40.76227205,-73.98788205,40.75414519263519,-73.9960889518261,member
1192609,4D173CD9B3DF2EBF,electric_bike,2022-03-05 22:47:34,2022-03-05 22:55:04,5 Ave & E 29 St,6248,W 35 St & 9 Ave,6569,40.7451677,-73.98683077,40.75414519263519,-73.9960889518261,member
1192617,634525E04D683889,classic_bike,2022-03-08 16:40:25,2022-03-08 16:42:20,8 Ave & W 33 St,6450,W 35 St & 9 Ave,6569,40.751551,-73.993934,40.75414519263519,-73.9960889518261,member
1192618,599B49C2B91C6E19,classic_bike,2022-03-08 16:46:26,2022-03-08 16:48:44,8 Ave & W 33 St,6450,W 35 St & 9 Ave,6569,40.751551,-73.993934,40.75414519263519,-73.9960889518261,member
1192632,D7EEE2D794EAD81B,classic_bike,2022-03-07 21:19:28,2022-03-07 21:30:06,W 63 St & Broadway,7052,W 35 St & 9 Ave,6569,40.77163851,-73.98261428,40.75414519263519,-73.9960889518261,member
1192635,09C58E754709963D,electric_bike,2022-03-24 17:09:13,2022-03-24 17:15:20,W 63 St & Broadway,7052,W 35 St & 9 Ave,6569,40.77163851,-73.98261428,40.75414519263519,-73.9960889518261,member
1192636,F19D171E8CC311AA,electric_bike,2022-03-09 17:07:41,2022-03-09 17:14:39,W 63 St & Broadway,7052,W 35 St & 9 Ave,6569,40.77163851,-73.98261428,40.75414519263519,-73.9960889518261,member
1192643,BAC5D85FB027C3F9,classic_bike,2022-03-02 09:27:26,2022-03-02 09:39:39,West End Ave & W 60 St,7059,W 35 St & 9 Ave,6569,40.77237,-73.99005,40.75414519263519,-73.9960889518261,member
1192653,0193266459040D42,electric_bike,2022-03-18 07:50:54,2022-03-18 08:00:03,West End Ave & W 60 St,7059,W 35 St & 9 Ave,6569,40.77237,-73.99005,40.75414519263519,-73.9960889518261,member
1192668,0CED673BD21AADD1,classic_bike,2022-03-24 17:19:52,2022-03-24 17:50:46,West St & Liberty St,5184,W 35 St & 9 Ave,6569,40.711444,-74.014847,40.75414519263519,-73.9960889518261,member
1192695,76FAE445E3BFE7A6,classic_bike,2022-03-16 12:21:48,2022-03-16 12:53:33,5 Ave & E 87 St,7323,W 35 St & 9 Ave,6569,40.78232260730881,-73.95987510681152,40.75414519263519,-73.9960889518261,member
1192714,08BE086606CFEB75,classic_bike,2022-03-20 13:23:13,2022-03-20 13:50:39,Schermerhorn St & Court St,4565,W 35 St & 9 Ave,6569,40.69102925677968,-73.99183362722397,40.75414519263519,-73.9960889518261,member
1192715,B463A8394C077332,electric_bike,2022-03-01 16:57:58,2022-03-01 17:08:28,E 53 St & Madison Ave,6659,W 35 St & 9 Ave,6569,40.7597108,-73.97402311,40.75414519263519,-73.9960889518261,member
1192724,D5D998695C5AF9F3,electric_bike,2022-03-26 11:11:34,2022-03-26 11:39:06,5 Ave & E 87 St,7323,W 35 St & 9 Ave,6569,40.78232260730881,-73.95987510681152,40.75414519263519,-73.9960889518261,casual
1192725,DC13E2EDB8959EEB,electric_bike,2022-03-26 12:50:33,2022-03-26 13:28:01,5 Ave & E 93 St,7372,W 35 St & 9 Ave,6569,40.7857851,-73.957481,40.75414519263519,-73.9960889518261,casual
1192787,8C92A22DDE7AA34D,electric_bike,2022-03-26 12:50:01,2022-03-26 13:27:57,5 Ave & E 93 St,7372,W 35 St & 9 Ave,6569,40.7857851,-73.957481,40.75414519263519,-73.9960889518261,casual
1192824,42869B3CE2DEDE87,classic_bike,2022-03-21 17:26:23,2022-03-21 17:53:54,West St & Liberty St,5184,W 35 St & 9 Ave,6569,40.711444,-74.014847,40.75414519263519,-73.9960889518261,casual
1192826,1BBFAF481DC31CAD,electric_bike,2022-03-20 12:24:20,2022-03-20 12:34:52,Washington St & Gansevoort St,6039,W 35 St & 9 Ave,6569,40.739323,-74.008119,40.75414519263519,-73.9960889518261,member
1192886,42D3E21B7FF64E9D,classic_bike,2022-03-07 18:56:14,2022-03-07 19:03:47,W 27 St & 7 Ave,6247,W 35 St & 9 Ave,6569,40.746647,-73.993915,40.75414519263519,-73.9960889518261,member
1192888,6E80E5DA2CD27E10,classic_bike,2022-03-11 13:09:30,2022-03-11 13:19:03,W 27 St & 7 Ave,6247,W 35 St & 9 Ave,6569,40.746647,-73.993915,40.75414519263519,-73.9960889518261,member
1192892,B02737B9F6065980,classic_bike,2022-03-05 18:25:25,2022-03-05 18:31:28,6 Ave & W 34 St,6364,W 35 St & 9 Ave,6569,40.74964,-73.98805,40.75414519263519,-73.9960889518261,member
1192904,D5DD9D7039538816,classic_bike,2022-03-04 07:29:29,2022-03-04 07:35:08,6 Ave & W 34 St,6364,W 35 St & 9 Ave,6569,40.74964,-73.98805,40.75414519263519,-73.9960889518261,member
1192906,A92234AB3CFDB9D6,classic_bike,2022-03-20 17:48:24,2022-03-20 17:58:26,6 Ave & W 34 St,6364,W 35 St & 9 Ave,6569,40.74964,-73.98805,40.75414519263519,-73.9960889518261,member
1192912,B6B73216FDB3C384,classic_bike,2022-03-23 11:27:14,2022-03-23 11:37:27,6 Ave & W 34 St,6364,W 35 St & 9 Ave,6569,40.74964,-73.98805,40.75414519263519,-73.9960889518261,member
1192913,2BF8E45B53F5AD5D,classic_bike,2022-03-18 07:28:36,2022-03-18 07:33:30,6 Ave & W 34 St,6364,W 35 St & 9 Ave,6569,40.74964,-73.98805,40.75414519263519,-73.9960889518261,member
1192977,F0482F4968C2DDD7,classic_bike,2022-03-24 20:12:24,2022-03-24 20:19:34,6 Ave & W 34 St,6364,W 35 St & 9 Ave,6569,40.74964,-73.98805,40.75414519263519,-73.9960889518261,member
1192983,3F7DD24677A0F53F,classic_bike,2022-03-24 07:27:14,2022-03-24 07:31:46,6 Ave & W 34 St,6364,W 35 St & 9 Ave,6569,40.74964,-73.98805,40.75414519263519,-73.9960889518261,member
1192988,8F7B89E4BB8C4521,electric_bike,2022-03-22 11:00:26,2022-03-22 11:04:07,6 Ave & W 34 St,6364,W 35 St & 9 Ave,6569,40.74964,-73.98805,40.75414519263519,-73.9960889518261,member
1193003,026746B59CAC3C6E,electric_bike,2022-03-11 07:03:42,2022-03-11 07:06:29,6 Ave & W 34 St,6364,W 35 St & 9 Ave,6569,40.74964,-73.98805,40.75414519263519,-73.9960889518261,casual
1193005,55C7685240360385,classic_bike,2022-03-09 23:34:44,2022-03-10 00:05:15,6 Ave & W 34 St,6364,W 35 St & 9 Ave,6569,40.74964,-73.98805,40.75414519263519,-73.9960889518261,member
1193014,46DEE89DEC6B2385,electric_bike,2022-03-21 09:40:01,2022-03-21 09:43:16,6 Ave & W 34 St,6364,W 35 St & 9 Ave,6569,40.74964,-73.98805,40.75414519263519,-73.9960889518261,member
1193015,B48E53D215E864EC,classic_bike,2022-03-20 19:06:33,2022-03-20 19:20:46,6 Ave & W 34 St,6364,W 35 St & 9 Ave,6569,40.74964,-73.98805,40.75414519263519,-73.9960889518261,member
1193019,FC116CCE16B074C2,classic_bike,2022-03-07 18:06:48,2022-03-07 18:17:41,W 21 St & 6 Ave,6140,W 35 St & 9 Ave,6569,40.74173969,-73.99415556,40.75414519263519,-73.9960889518261,member
1193020,82723145F0D57687,classic_bike,2022-03-23 20:24:13,2022-03-23 20:34:05,W 21 St & 6 Ave,6140,W 35 St & 9 Ave,6569,40.74173969,-73.99415556,40.75414519263519,-73.9960889518261,member
1193046,23D788761F04BC8E,classic_bike,2022-03-17 18:48:25,2022-03-17 19:20:53,Central Park W & W 91 St,7453,W 35 St & 9 Ave,6569,40.78866499127884,-73.96680057048798,40.75414519263519,-73.9960889518261,member
1193057,4241CB96FFAC939B,electric_bike,2022-03-28 12:00:38,2022-03-28 12:07:03,E 33 St & 5 Ave,6322,W 35 St & 9 Ave,6569,40.74765947,-73.98490707,40.75414519263519,-73.9960889518261,member
1193071,AFE43FE4FD3B2C32,classic_bike,2022-03-23 19:57:05,2022-03-23 20:04:08,W 30 St & 8 Ave,6373,W 35 St & 9 Ave,6569,40.74965268472847,-73.9952078461647,40.75414519263519,-73.9960889518261,member
1193075,A154B352CE15294F,classic_bike,2022-03-24 14:17:08,2022-03-24 14:22:14,W 30 St & 8 Ave,6373,W 35 St & 9 Ave,6569,40.74965268472847,-73.9952078461647,40.75414519263519,-73.9960889518261,member
1193083,4B1E77727A33CB50,classic_bike,2022-03-18 18:57:03,2022-03-18 19:07:24,W 22 St & 8 Ave,6224,W 35 St & 9 Ave,6569,40.74475148,-73.99915362,40.75414519263519,-73.9960889518261,casual
1193099,39300276936D7CF7,classic_bike,2022-03-03 15:07:54,2022-03-03 15:17:04,Gansevoort St & Hudson St,6072,W 35 St & 9 Ave,6569,40.73944820130404,-74.00507032871246,40.75414519263519,-73.9960889518261,member
1193102,B79B7AC6737F7A1E,electric_bike,2022-03-01 09:12:58,2022-03-01 09:19:10,E 33 St & 5 Ave,6322,W 35 St & 9 Ave,6569,40.74765947,-73.98490707,40.75414519263519,-73.9960889518261,member
1193144,FD804CAD4C93941C,electric_bike,2022-03-07 15:32:53,2022-03-07 15:38:29,W 26 St & 8 Ave,6297,W 35 St & 9 Ave,6569,40.74734825,-73.99723551,40.75414519263519,-73.9960889518261,casual
1193155,B72561CADC70BC73,classic_bike,2022-03-05 17:38:05,2022-03-05 17:49:14,W 21 St & 6 Ave,6140,W 35 St & 9 Ave,6569,40.74173969,-73.99415556,40.75414519263519,-73.9960889518261,member
1193164,301C3BB95CD799C5,electric_bike,2022-03-07 12:36:22,2022-03-07 12:44:19,W 21 St & 6 Ave,6140,W 35 St & 9 Ave,6569,40.74173969,-73.99415556,40.75414519263519,-73.9960889518261,member
1193195,28E557320CFC44C2,classic_bike,2022-03-11 13:27:16,2022-03-11 13:30:50,W 30 St & 8 Ave,6373,W 35 St & 9 Ave,6569,40.74965268472847,-73.9952078461647,40.75414519263519,-73.9960889518261,member
1193220,27320E30626D5DF1,electric_bike,2022-03-13 17:05:25,2022-03-13 17:11:28,W 49 St & 8 Ave,6747,W 35 St & 9 Ave,6569,40.76227205,-73.98788205,40.75414519263519,-73.9960889518261,casual
1193227,69E782679F74CE90,classic_bike,2022-03-31 18:07:56,2022-03-31 18:16:40,W 47 St & 6 Ave,6667,W 35 St & 9 Ave,6569,40.758397,-73.98255,40.75414519263519,-73.9960889518261,member
1193234,8093776A176799F7,electric_bike,2022-03-22 14:43:34,2022-03-22 14:50:30,W 51 St & 6 Ave,6740,W 35 St & 9 Ave,6569,40.7606597,-73.98042047,40.75414519263519,-73.9960889518261,member
1193266,2872310694EFCD10,classic_bike,2022-03-07 22:59:00,2022-03-07 23:02:58,W 26 St & 8 Ave,6297,W 35 St & 9 Ave,6569,40.74734825,-73.99723551,40.75414519263519,-73.9960889518261,member
1193281,19D905EC079F29AB,classic_bike,2022-03-30 20:43:18,2022-03-30 20:50:18,W 20 St & 8 Ave,6224,W 35 St & 9 Ave,6569,40.74345335,-74.00004031,40.75414519263519,-73.9960889518261,member
1193285,434FC3655D6B77BD,classic_bike,2022-03-25 15:53:50,2022-03-25 16:01:07,W 20 St & 8 Ave,6224,W 35 St & 9 Ave,6569,40.74345335,-74.00004031,40.75414519263519,-73.9960889518261,member
1193287,8651E9A5BFCF0652,classic_bike,2022-03-16 07:24:25,2022-03-16 07:30:26,W 20 St & 8 Ave,6224,W 35 St & 9 Ave,6569,40.74345335,-74.00004031,40.75414519263519,-73.9960889518261,casual
1193303,08C8749FE3CBAD87,classic_bike,2022-03-29 21:22:58,2022-03-29 21:29:01,W 20 St & 8 Ave,6224,W 35 St & 9 Ave,6569,40.74345335,-74.00004031,40.75414519263519,-73.9960889518261,member
1193304,9B06BB2D9D1E85B2,classic_bike,2022-03-06 19:07:19,2022-03-06 19:14:23,W 20 St & 8 Ave,6224,W 35 St & 9 Ave,6569,40.74345335,-74.00004031,40.75414519263519,-73.9960889518261,member
1193314,55728940D535E43F,classic_bike,2022-03-03 08:57:08,2022-03-03 09:02:59,W 20 St & 8 Ave,6224,W 35 St & 9 Ave,6569,40.74345335,-74.00004031,40.75414519263519,-73.9960889518261,casual
1193315,059820F1A7B355C6,electric_bike,2022-03-31 17:20:25,2022-03-31 17:30:31,W 20 St & 8 Ave,6224,W 35 St & 9 Ave,6569,40.74345335,-74.00004031,40.75414519263519,-73.9960889518261,casual
1193316,5B0958A2DD259338,classic_bike,2022-03-23 07:32:05,2022-03-23 07:38:41,W 20 St & 8 Ave,6224,W 35 St & 9 Ave,6569,40.74345335,-74.00004031,40.75414519263519,-73.9960889518261,casual
1193319,A5C34434038EC6ED,classic_bike,2022-03-05 18:56:49,2022-03-05 19:05:31,W 20 St & 8 Ave,6224,W 35 St & 9 Ave,6569,40.74345335,-74.00004031,40.75414519263519,-73.9960889518261,member
1193322,B5ACBEAC10F94ECD,classic_bike,2022-03-07 22:36:47,2022-03-07 22:44:03,W 20 St & 8 Ave,6224,W 35 St & 9 Ave,6569,40.74345335,-74.00004031,40.75414519263519,-73.9960889518261,member
1193334,3ECAFFDC395DC515,electric_bike,2022-03-02 22:56:53,2022-03-02 23:08:37,W 20 St & 8 Ave,6224,W 35 St & 9 Ave,6569,40.74345335,-74.00004031,40.75414519263519,-73.9960889518261,casual
1193344,640AF0D828E97EFB,electric_bike,2022-03-28 06:50:28,2022-03-28 06:51:33,W 36 St & 9 Ave,6569,W 35 St & 9 Ave,6569,40.75462324029105,-73.99516761302948,40.75414519263519,-73.9960889518261,member
1193345,6FD9706266B24A8B,classic_bike,2022-03-02 08:45:16,2022-03-02 08:59:29,W 36 St & 9 Ave,6569,W 15 St & 7 Ave,6030,40.75462324029105,-73.99516761302948,40.73935542,-73.99931783,member
1193387,BD11E17465ADBD10,electric_bike,2022-03-16 13:01:14,2022-03-16 13:46:12,Broadway & Morris St,5033,W 35 St & 9 Ave,6569,40.705945132708806,-74.01321887969969,40.75414519263519,-73.9960889518261,casual
1193430,C4791CBE76C2A4D1,electric_bike,2022-03-01 18:20:56,2022-03-01 18:25:01,W 37 St & 10 Ave,6611,W 35 St & 9 Ave,6569,40.75660359,-73.9979009,40.75414519263519,-73.9960889518261,member
1193438,92DEBAB040560A30,electric_bike,2022-03-01 21:19:56,2022-03-01 21:22:13,8 Ave & W 31 St,6450,W 35 St & 9 Ave,6569,40.7505853470215,-73.9946848154068,40.75414519263519,-73.9960889518261,member
1193468,9E4DB0B42F85AC41,classic_bike,2022-03-17 07:11:41,2022-03-17 07:18:53,E 41 St & Madison Ave (SW corner),6474,W 35 St & 9 Ave,6569,40.752165280621966,-73.97992193698882,40.75414519263519,-73.9960889518261,member
1193469,3B89587F8EE40D76,classic_bike,2022-03-21 07:12:13,2022-03-21 07:19:46,E 41 St & Madison Ave (SW corner),6474,W 35 St & 9 Ave,6569,40.752165280621966,-73.97992193698882,40.75414519263519,-73.9960889518261,member
1193470,572869EBD2723A2E,classic_bike,2022-03-22 07:10:44,2022-03-22 07:17:29,E 41 St & Madison Ave (SW corner),6474,W 35 St & 9 Ave,6569,40.752165280621966,-73.97992193698882,40.75414519263519,-73.9960889518261,member
1193484,4E306CCD849FBFD3,classic_bike,2022-03-29 17:51:31,2022-03-29 17:59:24,E 41 St & Madison Ave (SW corner),6474,W 35 St & 9 Ave,6569,40.752165280621966,-73.97992193698882,40.75414519263519,-73.9960889518261,member
1193495,69E4C30F0450FA64,classic_bike,2022-03-05 11:57:44,2022-03-05 12:00:56,8 Ave & W 31 St,6450,W 35 St & 9 Ave,6569,40.7505853470215,-73.9946848154068,40.75414519263519,-73.9960889518261,member
1193498,070C66A33D994794,classic_bike,2022-03-30 07:10:11,2022-03-30 07:17:39,E 41 St & Madison Ave (SW corner),6474,W 35 St & 9 Ave,6569,40.752165280621966,-73.97992193698882,40.75414519263519,-73.9960889518261,member
1193507,431A964D3ECA96E2,classic_bike,2022-03-30 22:25:18,2022-03-30 22:28:03,8 Ave & W 31 St,6450,W 35 St & 9 Ave,6569,40.7505853470215,-73.9946848154068,40.75414519263519,-73.9960889518261,member
1193508,F4C390A5EF407D60,classic_bike,2022-03-01 19:02:09,2022-03-01 19:05:31,8 Ave & W 31 St,6450,W 35 St & 9 Ave,6569,40.7505853470215,-73.9946848154068,40.75414519263519,-73.9960889518261,member
1193520,F4E06C551E2B9A27,classic_bike,2022-03-16 07:17:00,2022-03-16 07:23:36,E 41 St & Madison Ave (SW corner),6474,W 35 St & 9 Ave,6569,40.752165280621966,-73.97992193698882,40.75414519263519,-73.9960889518261,member
1193525,F72EE6E4FA47A3A4,electric_bike,2022-03-22 08:37:58,2022-03-22 08:45:45,E 41 St & Madison Ave (SW corner),6474,W 35 St & 9 Ave,6569,40.752165280621966,-73.97992193698882,40.75414519263519,-73.9960889518261,member
1193532,7569126142578017,classic_bike,2022-03-15 08:57:49,2022-03-15 09:04:36,W 20 St & 10 Ave,6306,W 35 St & 9 Ave,6569,40.745686,-74.005141,40.75414519263519,-73.9960889518261,casual
1193535,0D88E2AC67383F54,classic_bike,2022-03-29 15:46:20,2022-03-29 15:48:26,Hudson Blvd E & W 36 St,6611,W 35 St & 9 Ave,6569,40.75630628938069,-73.99951145061095,40.75414519263519,-73.9960889518261,member
1193539,915D1423459974EC,classic_bike,2022-03-01 21:02:05,2022-03-01 21:12:50,W 11 St & 6 Ave,5914,W 35 St & 9 Ave,6569,40.73532427,-73.99800419,40.75414519263519,-73.9960889518261,member
1193541,4F16DD2BD28D2B3C,electric_bike,2022-03-28 08:41:02,2022-03-28 08:47:08,E 41 St & Madison Ave (SW corner),6474,W 35 St & 9 Ave,6569,40.752165280621966,-73.97992193698882,40.75414519263519,-73.9960889518261,member
1193545,30021B355457FAC0,electric_bike,2022-03-31 06:51:13,2022-03-31 07:01:48,W 51 St & Rockefeller Plaza,6700,W 35 St & 9 Ave,6569,40.75973805251143,-73.97811613976955,40.75414519263519,-73.9960889518261,casual
1193561,99837E718B357AAD,classic_bike,2022-03-10 08:28:19,2022-03-10 08:42:09,W 17 St & 8 Ave,6148,W 35 St & 9 Ave,6569,40.74177603,-74.00149746,40.75414519263519,-73.9960889518261,member
1193562,E24EE9ABE4782F7D,classic_bike,2022-03-26 17:28:43,2022-03-26 17:32:19,8 Ave & W 31 St,6450,W 35 St & 9 Ave,6569,40.7505853470215,-73.9946848154068,40.75414519263519,-73.9960889518261,member
1193567,67B6CB496DC8EA24,classic_bike,2022-03-04 17:06:38,2022-03-04 17:19:14,W 17 St & 8 Ave,6148,W 35 St & 9 Ave,6569,40.74177603,-74.00149746,40.75414519263519,-73.9960889518261,casual
1193635,37D3FB37E578187A,electric_bike,2022-03-28 09:06:59,2022-03-28 09:18:09,E 47 St & 1 Ave,6498,W 35 St & 9 Ave,6569,40.75206862,-73.96784384,40.75414519263519,-73.9960889518261,member
1193636,2982F914F6D1A68D,electric_bike,2022-03-04 09:11:06,2022-03-04 09:21:51,E 47 St & 1 Ave,6498,W 35 St & 9 Ave,6569,40.75206862,-73.96784384,40.75414519263519,-73.9960889518261,member
1193638,E5BE6FEA422C2FB0,electric_bike,2022-03-10 09:16:27,2022-03-10 09:27:32,E 47 St & 1 Ave,6498,W 35 St & 9 Ave,6569,40.75206862,-73.96784384,40.75414519263519,-73.9960889518261,member
1193639,A27CFC04153F381B,electric_bike,2022-03-25 09:16:40,2022-03-25 09:27:34,E 47 St & 1 Ave,6498,W 35 St & 9 Ave,6569,40.75206862,-73.96784384,40.75414519263519,-73.9960889518261,member
1193657,96DE20FCCD10DB8B,classic_bike,2022-03-24 18:14:29,2022-03-24 18:20:20,W 44 St & 5 Ave,6551,W 35 St & 9 Ave,6569,40.75500254,-73.98014437,40.75414519263519,-73.9960889518261,member
1193658,639FC55ABC3AB61E,classic_bike,2022-03-03 18:04:13,2022-03-03 18:11:28,W 44 St & 5 Ave,6551,W 35 St & 9 Ave,6569,40.75500254,-73.98014437,40.75414519263519,-73.9960889518261,member
1193671,7D11F202DE924341,classic_bike,2022-03-18 17:29:55,2022-03-18 17:51:41,Pier 40 - Hudson River Park,5696,W 35 St & 9 Ave,6569,40.7277140777778,-74.01129573583603,40.75414519263519,-73.9960889518261,member
1193711,00668217F4911A69,classic_bike,2022-03-24 14:24:21,2022-03-24 14:30:45,W 20 St & 10 Ave,6306,W 35 St & 9 Ave,6569,40.745686,-74.005141,40.75414519263519,-73.9960889518261,member
1193714,EA85044CF04EB568,classic_bike,2022-03-01 10:44:30,2022-03-01 10:46:48,Hudson Blvd E & W 36 St,6611,W 35 St & 9 Ave,6569,40.75630628938069,-73.99951145061095,40.75414519263519,-73.9960889518261,member
1193719,70DF244500F00958,classic_bike,2022-03-15 15:48:57,2022-03-15 16:04:09,W 13 St & 5 Ave,5947,W 35 St & 9 Ave,6569,40.735445,-73.99431,40.75414519263519,-73.9960889518261,member
1193720,05851EC59978262A,classic_bike,2022-03-01 17:26:56,2022-03-01 17:46:10,W 13 St & 5 Ave,5947,W 35 St & 9 Ave,6569,40.735445,-73.99431,40.75414519263519,-73.9960889518261,member
1193722,79D73F793FBDA383,classic_bike,2022-03-08 17:12:47,2022-03-08 17:22:25,Broadway & W 61 St,7014,W 35 St & 9 Ave,6569,40.77003010255044,-73.9819684624672,40.75414519263519,-73.9960889518261,member
1193724,16E59E76A29A50D9,electric_bike,2022-03-31 08:35:34,2022-03-31 08:40:05,Broadway & W 41 St,6560,W 35 St & 9 Ave,6569,40.75513557,-73.98658032,40.75414519263519,-73.9960889518261,member
1193725,DE9109CC22CE125F,electric_bike,2022-03-21 11:28:04,2022-03-21 12:06:32,W 135 St & Lenox Terrace Pl,7832,W 35 St & 9 Ave,6569,40.813619,-73.939336,40.75414519263519,-73.9960889518261,member
1193727,0FAE164C2EC196F0,classic_bike,2022-03-19 11:01:13,2022-03-19 11:05:32,Broadway & W 41 St,6560,W 35 St & 9 Ave,6569,40.75513557,-73.98658032,40.75414519263519,-73.9960889518261,member
1193729,9659F23BE245D96D,electric_bike,2022-03-08 07:45:10,2022-03-08 07:53:35,W 44 St & 5 Ave,6551,W 35 St & 9 Ave,6569,40.75500254,-73.98014437,40.75414519263519,-73.9960889518261,member
1193734,7F57CD0AB2F6CD9A,classic_bike,2022-03-15 18:19:03,2022-03-15 18:24:44,W 44 St & 5 Ave,6551,W 35 St & 9 Ave,6569,40.75500254,-73.98014437,40.75414519263519,-73.9960889518261,member
1193746,AAD229ED5704A2B2,electric_bike,2022-03-30 18:38:07,2022-03-30 18:43:09,W 20 St & 10 Ave,6306,W 35 St & 9 Ave,6569,40.745686,-74.005141,40.75414519263519,-73.9960889518261,member
1193761,865213C55B481EE9,electric_bike,2022-03-25 13:50:33,2022-03-25 14:00:48,W 13 St & 5 Ave,5947,W 35 St & 9 Ave,6569,40.735445,-73.99431,40.75414519263519,-73.9960889518261,member
1193768,44063906054EE255,classic_bike,2022-03-12 20:43:51,2022-03-12 21:01:25,W 44 St & 5 Ave,6551,W 35 St & 9 Ave,6569,40.75500254,-73.98014437,40.75414519263519,-73.9960889518261,member
1193811,5D362C5C849AB0AA,classic_bike,2022-03-09 18:02:32,2022-03-09 18:09:48,W 44 St & 5 Ave,6551,W 35 St & 9 Ave,6569,40.75500254,-73.98014437,40.75414519263519,-73.9960889518261,member
1193812,1C08ED160E4DCFF5,classic_bike,2022-03-07 18:09:25,2022-03-07 18:15:47,W 44 St & 5 Ave,6551,W 35 St & 9 Ave,6569,40.75500254,-73.98014437,40.75414519263519,-73.9960889518261,member
1193814,577C791C2CB658E9,classic_bike,2022-03-20 15:53:54,2022-03-20 16:04:38,W 44 St & 5 Ave,6551,W 35 St & 9 Ave,6569,40.75500254,-73.98014437,40.75414519263519,-73.9960889518261,casual
1193818,47449DDA225CB60A,classic_bike,2022-03-16 20:22:10,2022-03-16 20:33:46,E 17 St & Broadway,5980,W 35 St & 9 Ave,6569,40.73704984,-73.99009296,40.75414519263519,-73.9960889518261,member
1193822,07B695F14D3B223D,classic_bike,2022-03-15 19:21:09,2022-03-15 19:35:10,E 17 St & Broadway,5980,W 35 St & 9 Ave,6569,40.73704984,-73.99009296,40.75414519263519,-73.9960889518261,member
1193823,22A2E5DDC34554C4,electric_bike,2022-03-14 20:32:48,2022-03-14 20:43:27,University Pl & E 14 St,5905,W 35 St & 9 Ave,6569,40.734814,-73.992085,40.75414519263519,-73.9960889518261,member
1193869,87D9E8683BA2E545,electric_bike,2022-03-21 12:50:27,2022-03-21 12:57:25,5 Ave & E 29 St,6248,W 35 St & 9 Ave,6569,40.7451677,-73.98683077,40.75414519263519,-73.9960889518261,member
1193871,275E4DA1888C8B44,electric_bike,2022-03-27 18:59:38,2022-03-27 19:06:19,5 Ave & E 29 St,6248,W 35 St & 9 Ave,6569,40.7451677,-73.98683077,40.75414519263519,-73.9960889518261,member
1193872,E998BE029480C32E,electric_bike,2022-03-28 20:47:09,2022-03-28 20:53:54,5 Ave & E 29 St,6248,W 35 St & 9 Ave,6569,40.7451677,-73.98683077,40.75414519263519,-73.9960889518261,member
1193897,E41637FAC633C095,electric_bike,2022-03-06 09:42:37,2022-03-06 09:54:10,E 59 St & Madison Ave,6801,W 35 St & 9 Ave,6569,40.76350532,-73.97109243,40.75414519263519,-73.9960889518261,member
1193939,2BEB8AA8FC28258F,electric_bike,2022-03-24 17:15:46,2022-03-24 17:32:29,E 33 St & 1 Ave,6197,W 35 St & 9 Ave,6569,40.74322681432173,-73.97449783980846,40.75414519263519,-73.9960889518261,casual
1193947,D522215EA2D63766,electric_bike,2022-03-17 17:30:38,2022-03-17 17:41:17,W 20 St & 7 Ave,6182,W 35 St & 9 Ave,6569,40.74238787,-73.99726235,40.75414519263519,-73.9960889518261,member
1193987,1C45BCCFB05022F4,electric_bike,2022-03-15 08:47:55,2022-03-15 08:58:57,Morton St & Washington St,5772,W 35 St & 9 Ave,6569,40.73115,-74.00887,40.75414519263519,-73.9960889518261,member
1193988,B83F7419CE61F2C5,electric_bike,2022-03-21 09:25:50,2022-03-21 09:36:56,Morton St & Washington St,5772,W 35 St & 9 Ave,6569,40.73115,-74.00887,40.75414519263519,-73.9960889518261,member
1193989,80430D1B261C681E,electric_bike,2022-03-03 09:43:29,2022-03-03 09:55:02,Morton St & Washington St,5772,W 35 St & 9 Ave,6569,40.73115,-74.00887,40.75414519263519,-73.9960889518261,member
1194042,005B8ED2274A9217,classic_bike,2022-03-21 12:10:27,2022-03-21 12:14:48,9 Ave & W 45 St,6717,W 35 St & 9 Ave,6569,40.76019252,-73.9912551,40.75414519263519,-73.9960889518261,member
1194046,C3C74849876F76E3,electric_bike,2022-03-18 16:58:51,2022-03-18 17:03:48,9 Ave & W 45 St,6717,W 35 St & 9 Ave,6569,40.76019252,-73.9912551,40.75414519263519,-73.9960889518261,casual
1194059,05D55B8E11DF0787,classic_bike,2022-03-18 16:27:37,2022-03-18 16:32:12,9 Ave & W 45 St,6717,W 35 St & 9 Ave,6569,40.76019252,-73.9912551,40.75414519263519,-73.9960889518261,casual
1194061,1862C8683D077EC0,classic_bike,2022-03-02 13:19:22,2022-03-02 13:45:48,Broadway & W 58 St,6948,W 35 St & 9 Ave,6569,40.76695317,-73.98169333,40.75414519263519,-73.9960889518261,casual
1194063,D34CE440265F2CFF,classic_bike,2022-03-25 13:45:18,2022-03-25 13:48:51,9 Ave & W 45 St,6717,W 35 St & 9 Ave,6569,40.76019252,-73.9912551,40.75414519263519,-73.9960889518261,member
1194067,3CFB3C58F6C37E44,electric_bike,2022-03-25 19:41:14,2022-03-25 19:45:16,9 Ave & W 45 St,6717,W 35 St & 9 Ave,6569,40.76019252,-73.9912551,40.75414519263519,-73.9960889518261,member
1194071,A273BF45584E6883,classic_bike,2022-03-19 19:44:01,2022-03-19 19:47:52,9 Ave & W 45 St,6717,W 35 St & 9 Ave,6569,40.76019252,-73.9912551,40.75414519263519,-73.9960889518261,member
1194072,E4951FAB93947BCE,electric_bike,2022-03-31 08:18:34,2022-03-31 08:27:14,W 56 St & 10 Ave,6955,W 35 St & 9 Ave,6569,40.768254,-73.988639,40.75414519263519,-73.9960889518261,member
1194076,073CCA0A3F4C3DC1,classic_bike,2022-03-17 07:50:57,2022-03-17 07:54:19,9 Ave & W 45 St,6717,W 35 St & 9 Ave,6569,40.76019252,-73.9912551,40.75414519263519,-73.9960889518261,member
1194085,8754945C7B9BA045,classic_bike,2022-03-25 10:00:20,2022-03-25 10:04:17,9 Ave & W 45 St,6717,W 35 St & 9 Ave,6569,40.76019252,-73.9912551,40.75414519263519,-73.9960889518261,member
1194091,28B39E25848E4E1B,classic_bike,2022-03-31 09:24:24,2022-03-31 09:28:53,9 Ave & W 45 St,6717,W 35 St & 9 Ave,6569,40.76019252,-73.9912551,40.75414519263519,-73.9960889518261,member
1194092,EFE8EE02D4C9A2F9,electric_bike,2022-03-14 11:47:28,2022-03-14 11:56:52,Broadway & W 58 St,6948,W 35 St & 9 Ave,6569,40.76695317,-73.98169333,40.75414519263519,-73.9960889518261,member
1194093,83BD2E728D4EB202,electric_bike,2022-03-21 16:07:23,2022-03-21 16:25:59,Broadway & W 58 St,6948,W 35 St & 9 Ave,6569,40.76695317,-73.98169333,40.75414519263519,-73.9960889518261,member
1194112,C024FBB2F1C8960D,electric_bike,2022-03-10 09:30:05,2022-03-10 09:47:28,E 77 St & 3 Ave,7092,W 35 St & 9 Ave,6569,40.77314236,-73.95856158,40.75414519263519,-73.9960889518261,casual
1194126,3687105BB5D701DA,classic_bike,2022-03-08 18:09:50,2022-03-08 18:28:14,W 13 St & 5 Ave,5947,W 35 St & 9 Ave,6569,40.735445,-73.99431,40.75414519263519,-73.9960889518261,member
1194171,5DF708B7ABA85EE2,classic_bike,2022-03-11 17:12:40,2022-03-11 17:26:18,W 13 St & 5 Ave,5947,W 35 St & 9 Ave,6569,40.735445,-73.99431,40.75414519263519,-73.9960889518261,member
1194184,B9F850E4F1FD572C,electric_bike,2022-03-21 22:09:45,2022-03-21 22:53:12,Broadway & E 21 St,6098,W 35 St & 9 Ave,6569,40.73988840858996,-73.98958593606949,40.75414519263519,-73.9960889518261,member
1194187,EE25F06DE045269B,classic_bike,2022-03-08 10:33:02,2022-03-08 10:42:08,Broadway & E 21 St,6098,W 35 St & 9 Ave,6569,40.73988840858996,-73.98958593606949,40.75414519263519,-73.9960889518261,member
1194211,882D51A53CD1B6C9,classic_bike,2022-03-29 11:06:52,2022-03-29 11:14:27,E 33 St & 5 Ave,6322,W 35 St & 9 Ave,6569,40.74765947,-73.98490707,40.75414519263519,-73.9960889518261,member
1194218,BD8E5BCA466E5A6C,electric_bike,2022-03-07 11:28:56,2022-03-07 11:40:24,Central Park S & 6 Ave,6876,W 35 St & 9 Ave,6569,40.76590936,-73.97634151,40.75414519263519,-73.9960889518261,member
1194219,4BADADE8BCFE263A,docked_bike,2022-03-30 16:27:46,2022-03-30 16:42:36,Broadway & E 21 St,6098,W 35 St & 9 Ave,6569,40.739888,-73.989586,40.754145,-73.996089,casual
1194240,EF720C3EB87AE674,electric_bike,2022-03-29 08:18:34,2022-03-29 08:29:59,W 51 St & Rockefeller Plaza,6700,W 35 St & 9 Ave,6569,40.75973805251143,-73.97811613976955,40.75414519263519,-73.9960889518261,casual
1194271,41E358612D4F72B7,electric_bike,2022-03-08 15:20:08,2022-03-08 16:56:12,E 58 St & Madison Ave,6839,W 35 St & 9 Ave,6569,40.76302594280519,-73.97209525108337,40.75414519263519,-73.9960889518261,casual
1194278,4CF6087669BBD5D6,classic_bike,2022-03-06 17:06:42,2022-03-06 17:31:24,W Broadway & Spring St,5569,W 35 St & 9 Ave,6569,40.72494672359416,-74.00165855884552,40.75414519263519,-73.9960889518261,casual
1194300,C8ACEEEB52AB4604,electric_bike,2022-03-04 13:46:54,2022-03-04 13:56:28,W 55 St & 6 Ave,6809,W 35 St & 9 Ave,6569,40.763189,-73.978434,40.75414519263519,-73.9960889518261,member
1194305,88C3C43E303D87BA,classic_bike,2022-03-18 19:20:36,2022-03-18 19:49:13,Riverside Dr & W 91 St,7524,W 35 St & 9 Ave,6569,40.79313480986663,-73.97700369358063,40.75414519263519,-73.9960889518261,member
1194317,F73481393AF64747,classic_bike,2022-03-17 00:05:29,2022-03-17 00:26:56,Greenwich St & W Houston St,5730,W 35 St & 9 Ave,6569,40.728846,-74.008591,40.75414519263519,-73.9960889518261,member
1194323,D4A11A3EFF283AC8,electric_bike,2022-03-09 13:38:41,2022-03-09 13:44:36,W 26 St & 8 Ave,6297,W 35 St & 9 Ave,6569,40.74734825,-73.99723551,40.75414519263519,-73.9960889518261,casual
1194336,045848F179DC3CE5,electric_bike,2022-03-29 13:03:10,2022-03-29 13:06:20,W 26 St & 8 Ave,6297,W 35 St & 9 Ave,6569,40.74734825,-73.99723551,40.75414519263519,-73.9960889518261,casual
1194338,95F647CC8D4A2EAE,electric_bike,2022-03-22 20:53:44,2022-03-22 21:09:42,E 53 St & Lexington Ave,6617,W 35 St & 9 Ave,6569,40.75828065,-73.97069431,40.75414519263519,-73.9960889518261,member
1194340,91DDC3BF60F95A6A,electric_bike,2022-03-13 16:45:26,2022-03-13 17:01:28,Grand Army Plaza & Central Park S,6839,W 35 St & 9 Ave,6569,40.7643971,-73.97371465,40.75414519263519,-73.9960889518261,member
1194360,B363B99D620ECC7F,electric_bike,2022-03-15 08:45:24,2022-03-15 08:52:21,E 41 St & Madison Ave (SW corner),6474,W 35 St & 9 Ave,6569,40.752165280621966,-73.97992193698882,40.75414519263519,-73.9960889518261,member
1194362,F170BD9B05230C1F,classic_bike,2022-03-31 07:11:40,2022-03-31 07:19:43,E 41 St & Madison Ave (SW corner),6474,W 35 St & 9 Ave,6569,40.752165280621966,-73.97992193698882,40.75414519263519,-73.9960889518261,member
1194370,EBFB6E2F3B5801FD,electric_bike,2022-03-08 10:08:07,2022-03-08 10:15:39,W 12 St & Hudson St,5997,W 35 St & 9 Ave,6569,40.73752993301071,-74.00558933615685,40.75414519263519,-73.9960889518261,member
1194389,BC3A031A2C146E47,electric_bike,2022-03-08 12:56:43,2022-03-08 13:01:40,W 36 St & 9 Ave,6569,9 Ave & W 22 St,6266,40.75462324029105,-73.99516761302948,40.7454973,-74.00197139,member
1194390,AA79858873B93A60,electric_bike,2022-03-01 12:53:29,2022-03-01 12:57:53,W 36 St & 9 Ave,6569,9 Ave & W 22 St,6266,40.75462324029105,-73.99516761302948,40.7454973,-74.00197139,member
1194392,F6F9A8B8F8D71E63,classic_bike,2022-03-07 13:19:34,2022-03-07 13:24:29,W 36 St & 9 Ave,6569,9 Ave & W 22 St,6266,40.75462324029105,-73.99516761302948,40.7454973,-74.00197139,member
1194393,375090B1B3FF2848,classic_bike,2022-03-14 15:40:37,2022-03-14 15:46:44,W 36 St & 9 Ave,6569,9 Ave & W 22 St,6266,40.75462324029105,-73.99516761302948,40.7454973,-74.00197139,member
1194395,5D8D3247762052EC,electric_bike,2022-03-08 18:58:45,2022-03-08 19:03:23,W 36 St & 9 Ave,6569,9 Ave & W 22 St,6266,40.75462324029105,-73.99516761302948,40.7454973,-74.00197139,casual
1194421,FCAEEDEE2B573F1E,classic_bike,2022-03-01 18:00:03,2022-03-01 18:12:20,E 41 St & Madison Ave (SE corner),6432,W 35 St & 9 Ave,6569,40.752049,-73.979635,40.75414519263519,-73.9960889518261,casual
1194422,CD1D7158DC2C33B2,electric_bike,2022-03-14 12:30:14,2022-03-14 12:37:31,W 15 St & 6 Ave,5989,W 35 St & 9 Ave,6569,40.738046142482766,-73.99642959237099,40.75414519263519,-73.9960889518261,casual
1194430,C08F6B984AB718E4,classic_bike,2022-03-08 14:08:50,2022-03-08 14:15:59,E 40 St & 5 Ave,6474,W 35 St & 9 Ave,6569,40.752062307,-73.9816324043,40.75414519263519,-73.9960889518261,member
1194434,7F36EB4D7A12BF1E,electric_bike,2022-03-08 18:04:17,2022-03-08 18:11:27,E 40 St & 5 Ave,6474,W 35 St & 9 Ave,6569,40.752062307,-73.9816324043,40.75414519263519,-73.9960889518261,member
1194436,2EF345BC8AC9A54E,electric_bike,2022-03-07 20:10:02,2022-03-07 20:25:56,E 63 St & 3 Ave,6830,W 35 St & 9 Ave,6569,40.763954,-73.9646,40.75414519263519,-73.9960889518261,member
1194465,F8907A6912309D82,classic_bike,2022-03-04 15:41:13,2022-03-04 15:54:05,E 40 St & 5 Ave,6474,W 35 St & 9 Ave,6569,40.752062307,-73.9816324043,40.75414519263519,-73.9960889518261,member
1194468,3B7522E7BB63888F,classic_bike,2022-03-01 09:03:46,2022-03-01 09:10:12,E 40 St & 5 Ave,6474,W 35 St & 9 Ave,6569,40.752062307,-73.9816324043,40.75414519263519,-73.9960889518261,member
1194479,43855CEC9F086752,classic_bike,2022-03-31 18:53:50,2022-03-31 19:01:03,Broadway & W 38 St,6560,W 35 St & 9 Ave,6569,40.7529728216068,-73.98734897375107,40.75414519263519,-73.9960889518261,member
1194498,9AF57792471DB7C1,electric_bike,2022-03-16 13:02:09,2022-03-16 13:46:03,Broadway & Morris St,5033,W 35 St & 9 Ave,6569,40.705945132708806,-74.01321887969969,40.75414519263519,-73.9960889518261,casual
1194501,36FD42DE0703802B,electric_bike,2022-03-22 11:46:36,2022-03-22 11:53:21,E 40 St & 5 Ave,6474,W 35 St & 9 Ave,6569,40.752062307,-73.9816324043,40.75414519263519,-73.9960889518261,member
1194516,415CD8B0BF3552D3,electric_bike,2022-03-10 18:06:25,2022-03-10 18:15:03,E 40 St & 5 Ave,6474,W 35 St & 9 Ave,6569,40.752062307,-73.9816324043,40.75414519263519,-73.9960889518261,member
1194528,546447ABC9DCB9C8,electric_bike,2022-03-01 18:47:28,2022-03-01 18:55:57,E 40 St & 5 Ave,6474,W 35 St & 9 Ave,6569,40.752062307,-73.9816324043,40.75414519263519,-73.9960889518261,member
1194544,448B72CE38636F29,classic_bike,2022-03-21 17:30:30,2022-03-21 17:37:01,E 40 St & 5 Ave,6474,W 35 St & 9 Ave,6569,40.752062307,-73.9816324043,40.75414519263519,-73.9960889518261,member
1194568,975D1538633786DD,electric_bike,2022-03-24 18:18:26,2022-03-24 18:35:33,Perry St & Bleecker St,5922,W 35 St & 9 Ave,6569,40.73535398,-74.00483091,40.75414519263519,-73.9960889518261,member
1194604,A1AD436CB2B1AE40,classic_bike,2022-03-20 12:30:22,2022-03-20 12:48:31,University Pl & E 8 St,5755,W 35 St & 9 Ave,6569,40.73143724085228,-73.99490341544151,40.75414519263519,-73.9960889518261,member
1194609,00538670931F5683,classic_bike,2022-03-15 22:14:48,2022-03-15 22:29:49,Sullivan St & Washington Sq,5721,W 35 St & 9 Ave,6569,40.73047747,-73.99906065,40.75414519263519,-73.9960889518261,member
1194620,07C31CCCA70383B9,electric_bike,2022-03-07 12:50:07,2022-03-07 13:04:31,FDR Drive & E 35 St,6230,W 35 St & 9 Ave,6569,40.744219,-73.97121214,40.75414519263519,-73.9960889518261,member
1194628,7015AF8D06397FFF,classic_bike,2022-03-14 08:19:45,2022-03-14 08:37:40,11 Ave & W 59 St,7059,W 35 St & 9 Ave,6569,40.77149671054441,-73.99046033620834,40.75414519263519,-73.9960889518261,member
1194629,94B0DDA4AB5FA2FA,electric_bike,2022-03-08 05:24:59,2022-03-08 05:32:51,11 Ave & W 59 St,7059,W 35 St & 9 Ave,6569,40.77149671054441,-73.99046033620834,40.75414519263519,-73.9960889518261,member
1194634,06FFD381430A02B6,electric_bike,2022-03-22 22:09:22,2022-03-22 22:19:12,8 Ave & W 16 St,6072,W 35 St & 9 Ave,6569,40.740983,-74.001702,40.75414519263519,-73.9960889518261,member
1194635,4A1A4CE8EBC69492,electric_bike,2022-03-10 13:07:28,2022-03-10 13:14:19,8 Ave & W 16 St,6072,W 35 St & 9 Ave,6569,40.740983,-74.001702,40.75414519263519,-73.9960889518261,member
1194644,BE16D124FE3B29CB,electric_bike,2022-03-14 09:52:16,2022-03-14 10:14:19,E 81 St & 3 Ave,7154,W 35 St & 9 Ave,6569,40.77573034,-73.9567526,40.75414519263519,-73.9960889518261,member
1194656,382EF22DF7974EEC,electric_bike,2022-03-31 18:04:44,2022-03-31 18:08:39,Broadway & W 36 St,6441,W 35 St & 9 Ave,6569,40.75097711,-73.98765428,40.75414519263519,-73.9960889518261,member
1194658,776341DFB3BDE395,classic_bike,2022-03-01 07:18:16,2022-03-01 07:23:13,Broadway & W 36 St,6441,W 35 St & 9 Ave,6569,40.75097711,-73.98765428,40.75414519263519,-73.9960889518261,member
1194676,4B6D80A4CEFC7457,classic_bike,2022-03-29 09:16:18,2022-03-29 09:21:24,Broadway & W 36 St,6441,W 35 St & 9 Ave,6569,40.75097711,-73.98765428,40.75414519263519,-73.9960889518261,member
1194686,0134BFF8E3CD65BF,classic_bike,2022-03-10 07:15:49,2022-03-10 07:21:13,Broadway & W 36 St,6441,W 35 St & 9 Ave,6569,40.75097711,-73.98765428,40.75414519263519,-73.9960889518261,member
1194687,402881FEA0B788DB,classic_bike,2022-03-25 07:32:37,2022-03-25 07:38:51,Broadway & W 36 St,6441,W 35 St & 9 Ave,6569,40.75097711,-73.98765428,40.75414519263519,-73.9960889518261,member
1194689,153E84401F440203,electric_bike,2022-03-21 19:53:32,2022-03-21 19:57:13,W 37 St & Broadway,6441,W 35 St & 9 Ave,6569,40.75227093837409,-73.98770570755005,40.75414519263519,-73.9960889518261,member
1194695,49BF492101280BAB,electric_bike,2022-03-18 19:56:29,2022-03-18 20:00:50,W 50 St & 9 Ave,6854,W 35 St & 9 Ave,6569,40.76360467795863,-73.98917958140373,40.75414519263519,-73.9960889518261,member
1194702,D15B3DC6415FAB6E,classic_bike,2022-03-29 20:06:05,2022-03-29 20:14:43,Broadway & W 36 St,6441,W 35 St & 9 Ave,6569,40.75097711,-73.98765428,40.75414519263519,-73.9960889518261,member
1194703,D45AC547ACF6E904,classic_bike,2022-03-30 07:32:30,2022-03-30 07:40:03,Broadway & W 36 St,6441,W 35 St & 9 Ave,6569,40.75097711,-73.98765428,40.75414519263519,-73.9960889518261,member
1194713,5F53AF36FFC57536,electric_bike,2022-03-06 23:41:41,2022-03-06 23:46:20,W 50 St & 9 Ave,6854,W 35 St & 9 Ave,6569,40.76360467795863,-73.98917958140373,40.75414519263519,-73.9960889518261,casual
1194723,0FE3C0C78ADF5800,electric_bike,2022-03-12 05:09:43,2022-03-12 05:17:01,W 26 St & 8 Ave,6297,W 35 St & 9 Ave,6569,40.74734825,-73.99723551,40.75414519263519,-73.9960889518261,member
1194727,94404D96D73B9A7B,electric_bike,2022-03-29 11:27:07,2022-03-29 11:35:21,W 12 St & Hudson St,5997,W 35 St & 9 Ave,6569,40.73752993301071,-74.00558933615685,40.75414519263519,-73.9960889518261,member
1194731,F6869511E1DC0B5D,electric_bike,2022-03-02 08:36:41,2022-03-02 08:42:49,E 41 St & Madison Ave (SE corner),6432,W 35 St & 9 Ave,6569,40.752049,-73.979635,40.75414519263519,-73.9960889518261,member
1194765,194CF730766200E8,electric_bike,2022-03-27 15:29:34,2022-03-27 15:38:05,W 56 St & 6 Ave,6809,W 35 St & 9 Ave,6569,40.76340613,-73.97722479,40.75414519263519,-73.9960889518261,member
1194802,F8456AF925E29369,classic_bike,2022-03-27 12:42:29,2022-03-27 12:45:44,W 30 St & 8 Ave,6373,W 35 St & 9 Ave,6569,40.74965268472847,-73.9952078461647,40.75414519263519,-73.9960889518261,member
1194811,5ACDAF72EA674A1C,electric_bike,2022-03-06 15:21:02,2022-03-06 15:59:30,Central Park West & W 85 St,7354,W 35 St & 9 Ave,6569,40.78476,-73.969862,40.75414519263519,-73.9960889518261,casual
1194823,4C45A542CE6B32AF,classic_bike,2022-03-30 19:54:22,2022-03-30 20:00:59,W 30 St & 8 Ave,6373,W 35 St & 9 Ave,6569,40.74965268472847,-73.9952078461647,40.75414519263519,-73.9960889518261,member
1194835,20CB8B71EF4F9519,electric_bike,2022-03-10 17:29:55,2022-03-10 17:43:24,E 11 St & 3 Ave,5788,W 35 St & 9 Ave,6569,40.73127,-73.98849,40.75414519263519,-73.9960889518261,casual
1194837,24C2D072D38C59FB,electric_bike,2022-03-12 13:46:21,2022-03-12 14:02:40,Avenue D & E 12 St,5575,W 35 St & 9 Ave,6569,40.72580614,-73.97422494,40.75414519263519,-73.9960889518261,casual
1194856,31FD4780684C5574,electric_bike,2022-03-10 09:19:14,2022-03-10 09:40:02,E 56 St & 3 Ave,6691,W 35 St & 9 Ave,6569,40.75934501,-73.96759673,40.75414519263519,-73.9960889518261,member
1194889,535991950A04FEA5,classic_bike,2022-03-09 11:45:42,2022-03-09 11:58:24,7 Ave & Central Park South,6912,W 35 St & 9 Ave,6569,40.7667405590595,-73.9790689945221,40.75414519263519,-73.9960889518261,member
1194907,C0AC635F37A987DF,electric_bike,2022-03-21 12:43:59,2022-03-21 13:19:36,7 Ave & Central Park South,6912,W 35 St & 9 Ave,6569,40.7667405590595,-73.9790689945221,40.75414519263519,-73.9960889518261,casual
1194940,01731909038B4A25,classic_bike,2022-03-01 19:08:58,2022-03-01 19:19:51,Madison Av & E 51 St,6659,W 35 St & 9 Ave,6569,40.75863,-73.97513,40.75414519263519,-73.9960889518261,member
1194946,DE053CE21E89952A,classic_bike,2022-03-22 18:16:24,2022-03-22 18:19:03,8 Ave & W 33 St,6450,W 35 St & 9 Ave,6569,40.751551,-73.993934,40.75414519263519,-73.9960889518261,member
1194960,D6F2EF6D81AE1A4B,electric_bike,2022-03-04 17:28:10,2022-03-04 17:38:18,Madison Av & E 51 St,6659,W 35 St & 9 Ave,6569,40.75863,-73.97513,40.75414519263519,-73.9960889518261,member
1194980,C56499103869FFFA,classic_bike,2022-03-07 19:46:41,2022-03-07 19:57:18,Madison Av & E 51 St,6659,W 35 St & 9 Ave,6569,40.75863,-73.97513,40.75414519263519,-73.9960889518261,member
1195029,445C9D1460FA291F,electric_bike,2022-03-07 17:46:32,2022-03-07 17:56:26,W 44 St & 5 Ave,6551,W 35 St & 9 Ave,6569,40.75500254,-73.98014437,40.75414519263519,-73.9960889518261,casual
1195043,1FA9E2223F29CD3C,classic_bike,2022-03-27 16:05:02,2022-03-27 16:11:02,6 Ave & W 34 St,6364,W 35 St & 9 Ave,6569,40.74964,-73.98805,40.75414519263519,-73.9960889518261,member
1195057,83310ABA569E3C31,classic_bike,2022-03-29 08:34:51,2022-03-29 08:48:16,W 59 St & 10 Ave,7023,W 35 St & 9 Ave,6569,40.770513,-73.988038,40.75414519263519,-73.9960889518261,member
1195088,1C84F36E7F9332CE,classic_bike,2022-03-24 17:42:37,2022-03-24 17:51:59,W 54 St & 9 Ave,6920,W 35 St & 9 Ave,6569,40.76584941,-73.98690506,40.75414519263519,-73.9960889518261,member
1195104,9293B22BC63A123A,electric_bike,2022-03-14 10:36:14,2022-03-14 10:43:42,W 54 St & 9 Ave,6920,W 35 St & 9 Ave,6569,40.76584941,-73.98690506,40.75414519263519,-73.9960889518261,member
1195115,5D92F49449F39A7D,electric_bike,2022-03-18 11:11:45,2022-03-18 11:57:53,E 59 St & Madison Ave,6801,W 35 St & 9 Ave,6569,40.76350532,-73.97109243,40.75414519263519,-73.9960889518261,member
1195122,1AF9913AEFB8EEC2,classic_bike,2022-03-23 07:22:25,2022-03-23 07:30:12,W 54 St & 9 Ave,6920,W 35 St & 9 Ave,6569,40.76584941,-73.98690506,40.75414519263519,-73.9960889518261,member
1195149,0D762CC2C2B11695,classic_bike,2022-03-17 10:32:23,2022-03-17 10:43:02,W 54 St & 9 Ave,6920,W 35 St & 9 Ave,6569,40.76584941,-73.98690506,40.75414519263519,-73.9960889518261,member
1195151,C7FCB56CBEF036B4,classic_bike,2022-03-06 11:34:33,2022-03-06 11:44:36,W 54 St & 9 Ave,6920,W 35 St & 9 Ave,6569,40.76584941,-73.98690506,40.75414519263519,-73.9960889518261,member
1195194,C8F1A97DBB6566B7,electric_bike,2022-03-29 13:53:00,2022-03-29 13:59:25,W 54 St & 9 Ave,6920,W 35 St & 9 Ave,6569,40.76584941,-73.98690506,40.75414519263519,-73.9960889518261,member
1195218,73BC7BCC7FD049EA,classic_bike,2022-03-25 08:18:48,2022-03-25 08:26:49,W 54 St & 9 Ave,6920,W 35 St & 9 Ave,6569,40.76584941,-73.98690506,40.75414519263519,-73.9960889518261,member
1195228,C49DB6E71BDA5EFC,electric_bike,2022-03-02 13:20:57,2022-03-02 13:26:56,W 54 St & 9 Ave,6920,W 35 St & 9 Ave,6569,40.76584941,-73.98690506,40.75414519263519,-73.9960889518261,member
1195252,9B8E20545E248E07,electric_bike,2022-03-04 08:00:41,2022-03-04 08:06:35,W 54 St & 9 Ave,6920,W 35 St & 9 Ave,6569,40.76584941,-73.98690506,40.75414519263519,-73.9960889518261,member
1195292,B30E994C9E65FF96,electric_bike,2022-03-02 08:58:02,2022-03-02 09:02:58,W 24 St & 7 Ave,6257,W 35 St & 9 Ave,6569,40.74487634,-73.99529885,40.75414519263519,-73.9960889518261,member
1195293,8FEF654D14DD4ACF,electric_bike,2022-03-31 16:57:43,2022-03-31 17:28:09,Crescent St & Broadway,6827,W 35 St & 9 Ave,6569,40.7633589,-73.9286471,40.75414519263519,-73.9960889518261,member
1195297,F77459C1DC750E64,electric_bike,2022-03-14 15:57:19,2022-03-14 16:08:26,E 48 St & 5 Ave,6626,W 35 St & 9 Ave,6569,40.75724567911726,-73.97805914282799,40.75414519263519,-73.9960889518261,member
1195328,36DC7C4B55C7E56E,classic_bike,2022-03-26 00:26:54,2022-03-26 00:38:02,Hudson St & W 13 St,6115,W 35 St & 9 Ave,6569,40.74005708567285,-74.0052741765976,40.75414519263519,-73.9960889518261,member
1195336,8EBA0C1D0AB0620E,classic_bike,2022-03-18 18:11:28,2022-03-18 18:22:01,6 Ave & W 33 St,6364,W 35 St & 9 Ave,6569,40.74901271,-73.98848395,40.75414519263519,-73.9960889518261,casual
1195345,DB36CA99292FA7D7,classic_bike,2022-03-02 11:44:11,2022-03-02 11:53:36,E 41 St & Madison Ave (SW corner),6474,W 35 St & 9 Ave,6569,40.752165280621966,-73.97992193698882,40.75414519263519,-73.9960889518261,member
1195394,1351CBF929C8927F,electric_bike,2022-03-08 10:17:07,2022-03-08 10:21:54,6 Ave & W 33 St,6364,W 35 St & 9 Ave,6569,40.74901271,-73.98848395,40.75414519263519,-73.9960889518261,member
1195395,C563A892467977E9,electric_bike,2022-03-03 10:17:28,2022-03-03 10:22:06,6 Ave & W 33 St,6364,W 35 St & 9 Ave,6569,40.74901271,-73.98848395,40.75414519263519,-73.9960889518261,member
1195398,897C392CDEF020BC,classic_bike,2022-03-17 07:28:19,2022-03-17 07:34:50,6 Ave & W 33 St,6364,W 35 St & 9 Ave,6569,40.74901271,-73.98848395,40.75414519263519,-73.9960889518261,member
1195409,F2AA07A067F5167A,electric_bike,2022-03-04 08:21:20,2022-03-04 08:25:18,6 Ave & W 34 St,6364,W 35 St & 9 Ave,6569,40.74964,-73.98805,40.75414519263519,-73.9960889518261,member
1195433,3B524B168F3D72B6,electric_bike,2022-03-30 09:22:00,2022-03-30 09:46:56,S 5 Pl & S 5 St,5125,W 35 St & 9 Ave,6569,40.710451,-73.960876,40.75414519263519,-73.9960889518261,member
1195483,6EAC020F2CF1B258,classic_bike,2022-03-22 15:33:24,2022-03-22 15:36:50,8 Ave & W 27 St,6297,W 35 St & 9 Ave,6569,40.747968,-73.996637,40.75414519263519,-73.9960889518261,member
1195492,02DE947C6EA5BB0A,classic_bike,2022-03-29 09:05:08,2022-03-29 09:20:40,7 Ave & Central Park South,6912,W 35 St & 9 Ave,6569,40.7667405590595,-73.9790689945221,40.75414519263519,-73.9960889518261,member
1195502,4A318293C162FE56,classic_bike,2022-03-30 07:20:58,2022-03-30 07:27:27,W 20 St & 8 Ave,6224,W 35 St & 9 Ave,6569,40.74345335,-74.00004031,40.75414519263519,-73.9960889518261,casual
1195508,D6AC97C7F4683DB0,classic_bike,2022-03-10 08:16:12,2022-03-10 08:27:54,E 39 St & Lexington Ave,6389,W 35 St & 9 Ave,6569,40.7494985460252,-73.97729203113158,40.75414519263519,-73.9960889518261,member
1195520,31371002819BF889,electric_bike,2022-03-01 07:54:18,2022-03-01 08:06:45,E 39 St & Lexington Ave,6389,W 35 St & 9 Ave,6569,40.7494985460252,-73.97729203113158,40.75414519263519,-73.9960889518261,member
1195523,A05A87E0FD3912FA,classic_bike,2022-03-16 10:34:54,2022-03-16 10:56:39,Amsterdam Ave & W 82 St,7360,W 35 St & 9 Ave,6569,40.78524672,-73.97667321,40.75414519263519,-73.9960889518261,member
1195527,A7BDFD0E60F8B44D,electric_bike,2022-03-22 11:25:19,2022-03-22 11:35:05,6 Ave & W 45 St,6593,W 35 St & 9 Ave,6569,40.756951,-73.982631,40.75414519263519,-73.9960889518261,member
1195531,B6D51F97546755A6,electric_bike,2022-03-01 15:01:43,2022-03-01 15:03:47,W 39 St & 9 Ave,6644,W 35 St & 9 Ave,6569,40.75645824,-73.99372222,40.75414519263519,-73.9960889518261,member
1195532,B60218172990A9B6,classic_bike,2022-03-03 07:59:02,2022-03-03 08:10:13,E 39 St & Lexington Ave,6389,W 35 St & 9 Ave,6569,40.7494985460252,-73.97729203113158,40.75414519263519,-73.9960889518261,member
1195544,76D6D5FF193C8BCA,classic_bike,2022-03-22 12:35:16,2022-03-22 12:49:40,E 39 St & Lexington Ave,6389,W 35 St & 9 Ave,6569,40.7494985460252,-73.97729203113158,40.75414519263519,-73.9960889518261,casual
1195556,8D75CE931285C642,classic_bike,2022-03-15 13:12:48,2022-03-15 13:26:31,Broadway & E 14 St,5905,W 35 St & 9 Ave,6569,40.73454567,-73.99074142,40.75414519263519,-73.9960889518261,member
1195571,79801E5A69962E5B,electric_bike,2022-03-08 11:13:37,2022-03-08 11:19:48,6 Ave & W 45 St,6593,W 35 St & 9 Ave,6569,40.756951,-73.982631,40.75414519263519,-73.9960889518261,member
1195584,C6447B9B82B31440,electric_bike,2022-03-25 15:20:56,2022-03-25 15:33:19,W 39 St & 9 Ave,6644,W 35 St & 9 Ave,6569,40.75645824,-73.99372222,40.75414519263519,-73.9960889518261,casual
1195599,767967D83A71591A,classic_bike,2022-03-22 16:15:57,2022-03-22 16:32:21,E 47 St & 2 Ave,6498,W 35 St & 9 Ave,6569,40.75323098,-73.97032517,40.75414519263519,-73.9960889518261,member
1195631,363A40BCA6F1340D,electric_bike,2022-03-11 22:47:34,2022-03-11 23:02:18,Lafayette St & E 8 St,5788,W 35 St & 9 Ave,6569,40.73020660529954,-73.99102628231049,40.75414519263519,-73.9960889518261,member
1195640,ECE51A21EBFA1C58,classic_bike,2022-03-18 14:30:09,2022-03-18 14:41:05,6 Ave & W 45 St,6593,W 35 St & 9 Ave,6569,40.756951,-73.982631,40.75414519263519,-73.9960889518261,member
1195642,DDC2986A96E001CF,classic_bike,2022-03-05 15:01:06,2022-03-05 15:11:59,E 39 St & Lexington Ave,6389,W 35 St & 9 Ave,6569,40.7494985460252,-73.97729203113158,40.75414519263519,-73.9960889518261,member
1195646,5FC160C382BAD8FC,electric_bike,2022-03-01 09:00:16,2022-03-01 09:09:56,E 48 St & 3 Ave,6541,W 35 St & 9 Ave,6569,40.7546011026,-73.971878855,40.75414519263519,-73.9960889518261,member
1195664,0420DEC68BBC8333,classic_bike,2022-03-11 13:45:23,2022-03-11 13:48:30,W 39 St & 9 Ave,6644,W 35 St & 9 Ave,6569,40.75645824,-73.99372222,40.75414519263519,-73.9960889518261,member
1195671,179E86D3B9F7D736,classic_bike,2022-03-27 17:05:42,2022-03-27 17:21:06,E 48 St & 3 Ave,6541,W 35 St & 9 Ave,6569,40.7546011026,-73.971878855,40.75414519263519,-73.9960889518261,casual
1195675,51A41D05724DC552,electric_bike,2022-03-29 08:59:44,2022-03-29 09:01:38,W 39 St & 9 Ave,6644,W 35 St & 9 Ave,6569,40.75645824,-73.99372222,40.75414519263519,-73.9960889518261,member
1195677,DAD87CF4C0419E74,classic_bike,2022-03-21 21:23:20,2022-03-21 21:46:06,Lafayette St & E 8 St,5788,W 35 St & 9 Ave,6569,40.73020660529954,-73.99102628231049,40.75414519263519,-73.9960889518261,member
1195696,ADAE55A7E84014A7,electric_bike,2022-03-30 16:41:35,2022-03-30 16:47:31,6 Ave & W 45 St,6593,W 35 St & 9 Ave,6569,40.756951,-73.982631,40.75414519263519,-73.9960889518261,member
1195699,BB2FCF74C6645B9A,electric_bike,2022-03-11 23:01:25,2022-03-11 23:44:52,W 39 St & 9 Ave,6644,W 35 St & 9 Ave,6569,40.75645824,-73.99372222,40.75414519263519,-73.9960889518261,casual
1195714,8EF38AB9017C447A,classic_bike,2022-03-23 19:57:32,2022-03-23 20:04:09,W 30 St & 8 Ave,6373,W 35 St & 9 Ave,6569,40.74965268472847,-73.9952078461647,40.75414519263519,-73.9960889518261,member
1195720,AFC80739A230025C,classic_bike,2022-03-21 08:25:06,2022-03-21 09:04:02,W 100 St & Manhattan Ave,7538,W 35 St & 9 Ave,6569,40.795,-73.9645,40.75414519263519,-73.9960889518261,member
1195721,E0DE23DF5EB04EB3,classic_bike,2022-03-15 08:29:56,2022-03-15 09:07:06,W 100 St & Manhattan Ave,7538,W 35 St & 9 Ave,6569,40.795,-73.9645,40.75414519263519,-73.9960889518261,member
1195724,D8B475C376214667,classic_bike,2022-03-03 08:19:21,2022-03-03 08:32:44,Columbus Ave & W 72 St,7175,W 35 St & 9 Ave,6569,40.7770575,-73.97898475,40.75414519263519,-73.9960889518261,member
1195728,DA51BEE6F1EF432F,electric_bike,2022-03-09 19:21:51,2022-03-09 19:32:30,Columbus Ave & W 72 St,7175,W 35 St & 9 Ave,6569,40.7770575,-73.97898475,40.75414519263519,-73.9960889518261,casual
1195736,4A86D6A1AFD6CEF0,electric_bike,2022-03-30 09:48:16,2022-03-30 10:27:37,10 St & 5 Ave,3842,W 35 St & 9 Ave,6569,40.6686273,-73.98700053,40.75414519263519,-73.9960889518261,member
1195773,8F2D7843077547E3,electric_bike,2022-03-25 08:54:37,2022-03-25 09:19:01,W 100 St & Manhattan Ave,7538,W 35 St & 9 Ave,6569,40.795,-73.9645,40.75414519263519,-73.9960889518261,member
1195794,0E3595A55B231459,electric_bike,2022-03-15 11:44:32,2022-03-15 11:56:10,E 20 St & 2 Ave,5971,W 35 St & 9 Ave,6569,40.73587678,-73.98205027,40.75414519263519,-73.9960889518261,member
1195797,DBEB09E4F877FE00,classic_bike,2022-03-16 11:24:26,2022-03-16 11:31:58,8 Ave & W 52 St,6816,W 35 St & 9 Ave,6569,40.76370739,-73.9851615,40.75414519263519,-73.9960889518261,member
1195808,582DACE6C0A2E20C,electric_bike,2022-03-09 20:40:24,2022-03-09 21:24:45,Broadway & W 56 St,6847,W 35 St & 9 Ave,6569,40.7652654,-73.98192338,40.75414519263519,-73.9960889518261,member
1195851,CE087F27AFE24773,classic_bike,2022-03-18 17:24:08,2022-03-18 18:01:14,Little West St & 1 Pl,5001,W 35 St & 9 Ave,6569,40.70569254,-74.01677685,40.75414519263519,-73.9960889518261,member
1195852,2F5EF51619531250,classic_bike,2022-03-15 18:38:37,2022-03-15 18:47:50,8 Ave & W 52 St,6816,W 35 St & 9 Ave,6569,40.76370739,-73.9851615,40.75414519263519,-73.9960889518261,member
1195853,F527E4B7ECE10BA3,electric_bike,2022-03-18 13:41:14,2022-03-18 13:48:59,W 18 St & 6 Ave,6064,W 35 St & 9 Ave,6569,40.73971301,-73.99456405,40.75414519263519,-73.9960889518261,member
1195872,F2A1A20D73B87124,classic_bike,2022-03-23 12:24:58,2022-03-23 12:32:32,8 Ave & W 52 St,6816,W 35 St & 9 Ave,6569,40.76370739,-73.9851615,40.75414519263519,-73.9960889518261,member
1195881,BA7329897CF32881,electric_bike,2022-03-09 18:52:59,2022-03-09 19:05:35,Perry St & Bleecker St,5922,W 35 St & 9 Ave,6569,40.73535398,-74.00483091,40.75414519263519,-73.9960889518261,member
1195890,0D49A7F9BEFB4E78,classic_bike,2022-03-25 13:58:00,2022-03-25 14:10:05,Broadway & W 56 St,6847,W 35 St & 9 Ave,6569,40.7652654,-73.98192338,40.75414519263519,-73.9960889518261,member
1195895,F2FC6A5F194983E8,electric_bike,2022-03-05 13:42:58,2022-03-05 13:58:53,E 40 St & 5 Ave,6474,W 35 St & 9 Ave,6569,40.752062307,-73.9816324043,40.75414519263519,-73.9960889518261,casual
1195896,8BCD89DEC05BEA48,electric_bike,2022-03-28 17:29:56,2022-03-28 17:41:23,Perry St & Bleecker St,5922,W 35 St & 9 Ave,6569,40.73535398,-74.00483091,40.75414519263519,-73.9960889518261,member
1195925,05E52311B27F428A,classic_bike,2022-03-02 10:42:17,2022-03-02 10:43:46,W 35 St & 9 Ave,6569,W 35 St & 9 Ave,6569,40.75414519263519,-73.9960889518261,40.75414519263519,-73.9960889518261,member
1195934,9675E23F870606B0,electric_bike,2022-03-06 08:04:35,2022-03-06 08:08:57,W 35 St & 9 Ave,6569,9 Ave & W 22 St,6266,40.75414519263519,-73.9960889518261,40.7454973,-74.00197139,member
1195940,62F3974598377D96,classic_bike,2022-03-10 18:24:18,2022-03-10 18:24:39,W 35 St & 9 Ave,6569,W 35 St & 9 Ave,6569,40.75414519263519,-73.9960889518261,40.75414519263519,-73.9960889518261,member
1195941,B14DB59A3AB5E5C1,classic_bike,2022-03-10 18:25:26,2022-03-10 18:25:41,W 35 St & 9 Ave,6569,W 35 St & 9 Ave,6569,40.75414519263519,-73.9960889518261,40.75414519263519,-73.9960889518261,member
1195956,99522B208A7A3E69,classic_bike,2022-03-27 12:37:33,2022-03-27 12:38:19,W 35 St & 9 Ave,6569,W 35 St & 9 Ave,6569,40.75414519263519,-73.9960889518261,40.75414519263519,-73.9960889518261,member
1195977,AA5E3DA26A8F8D9D,classic_bike,2022-03-16 15:21:16,2022-03-16 15:32:13,W 35 St & 9 Ave,6569,9 Ave & W 22 St,6266,40.75414519263519,-73.9960889518261,40.7454973,-74.00197139,member
1195988,B20C1AB0EF5C5E6A,classic_bike,2022-03-29 18:26:45,2022-03-29 18:33:36,W 35 St & 9 Ave,6569,9 Ave & W 22 St,6266,40.75414519263519,-73.9960889518261,40.7454973,-74.00197139,member
1196003,791C9C12B30F9B02,electric_bike,2022-03-29 17:23:51,2022-03-29 17:24:06,W 35 St & 9 Ave,6569,W 35 St & 9 Ave,6569,40.75414519263519,-73.9960889518261,40.75414519263519,-73.9960889518261,member
1196004,DFDB433ACFC6FF5B,classic_bike,2022-03-19 07:58:48,2022-03-19 08:00:03,W 35 St & 9 Ave,6569,W 35 St & 9 Ave,6569,40.75414519263519,-73.9960889518261,40.75414519263519,-73.9960889518261,member
1196037,54DD1F8D1A09DC88,classic_bike,2022-03-13 12:37:54,2022-03-13 12:37:55,W 35 St & 9 Ave,6569,W 35 St & 9 Ave,6569,40.75414519263519,-73.9960889518261,40.75414519263519,-73.9960889518261,member
1196063,A3AE1AAE0267959E,electric_bike,2022-03-10 11:29:55,2022-03-10 11:30:49,W 35 St & 9 Ave,6569,W 35 St & 9 Ave,6569,40.75414519263519,-73.9960889518261,40.75414519263519,-73.9960889518261,member
1196070,75F293466AB7E633,classic_bike,2022-03-21 17:07:07,2022-03-21 17:07:11,W 35 St & 9 Ave,6569,W 35 St & 9 Ave,6569,40.75414519263519,-73.9960889518261,40.75414519263519,-73.9960889518261,member
1196084,70FC3EC8ADB3947E,electric_bike,2022-03-03 12:26:01,2022-03-03 12:26:16,W 35 St & 9 Ave,6569,W 35 St & 9 Ave,6569,40.75414519263519,-73.9960889518261,40.75414519263519,-73.9960889518261,member
1196085,76062708B48D7133,classic_bike,2022-03-05 07:39:10,2022-03-05 07:44:51,W 35 St & 9 Ave,6569,9 Ave & W 22 St,6266,40.75414519263519,-73.9960889518261,40.7454973,-74.00197139,member
1196088,4C588BFCDF39088D,classic_bike,2022-03-18 16:34:39,2022-03-18 16:35:06,W 35 St & 9 Ave,6569,W 35 St & 9 Ave,6569,40.75414519263519,-73.9960889518261,40.75414519263519,-73.9960889518261,member
1196093,32A884D5CA8CF654,electric_bike,2022-03-15 12:25:19,2022-03-15 12:30:44,W 35 St & 9 Ave,6569,9 Ave & W 22 St,6266,40.75414519263519,-73.9960889518261,40.7454973,-74.00197139,casual
1196100,C8A97F7473C1E6DB,classic_bike,2022-03-05 12:51:26,2022-03-05 12:55:23,W 35 St & 9 Ave,6569,9 Ave & W 22 St,6266,40.75414519263519,-73.9960889518261,40.7454973,-74.00197139,member
1196120,51130EDAD932F8FC,classic_bike,2022-03-21 09:36:10,2022-03-21 09:53:30,W 35 St & 9 Ave,6569,9 Ave & W 22 St,6266,40.75414519263519,-73.9960889518261,40.7454973,-74.00197139,casual
1196121,E08746F1D3CC9C76,classic_bike,2022-03-21 09:35:42,2022-03-21 09:35:48,W 35 St & 9 Ave,6569,W 35 St & 9 Ave,6569,40.75414519263519,-73.9960889518261,40.75414519263519,-73.9960889518261,casual
1196128,94D791B8551181D4,electric_bike,2022-03-15 11:13:21,2022-03-15 11:21:49,W 15 St & 7 Ave,6030,W 35 St & 9 Ave,6569,40.73935542,-73.99931783,40.75414519263519,-73.9960889518261,member
1196135,FEEE975D14DECFDD,electric_bike,2022-03-14 07:29:35,2022-03-14 07:30:49,W 35 St & 9 Ave,6569,W 35 St & 9 Ave,6569,40.75414519263519,-73.9960889518261,40.75414519263519,-73.9960889518261,member
1196136,38D8F6A68A4F5D43,electric_bike,2022-03-02 07:30:19,2022-03-02 07:31:11,W 35 St & 9 Ave,6569,W 35 St & 9 Ave,6569,40.75414519263519,-73.9960889518261,40.75414519263519,-73.9960889518261,member
1196154,A5BF626C1DE7AF9C,electric_bike,2022-03-25 14:21:29,2022-03-25 14:27:22,W 35 St & 9 Ave,6569,9 Ave & W 22 St,6266,40.75414519263519,-73.9960889518261,40.7454973,-74.00197139,member
1196160,C1E0E184649D458A,classic_bike,2022-03-18 19:48:21,2022-03-18 19:48:30,W 35 St & 9 Ave,6569,W 35 St & 9 Ave,6569,40.75414519263519,-73.9960889518261,40.75414519263519,-73.9960889518261,member
1196163,ED77BEE46C9C7AAF,electric_bike,2022-03-28 19:10:28,2022-03-28 19:21:47,2 Ave & E 29 St,6122,W 35 St & 9 Ave,6569,40.74172351097472,-73.97809267044067,40.75414519263519,-73.9960889518261,member
1196167,879E285440980BD3,electric_bike,2022-03-21 00:30:53,2022-03-21 01:01:28,W 35 St & 9 Ave,6569,W 35 St & 9 Ave,6569,40.75414519263519,-73.9960889518261,40.75414519263519,-73.9960889518261,member
1196168,A4AE37224F0090D6,electric_bike,2022-03-20 23:46:07,2022-03-21 00:24:28,W 35 St & 9 Ave,6569,W 35 St & 9 Ave,6569,40.75414519263519,-73.9960889518261,40.75414519263519,-73.9960889518261,member
1196194,FCFCE5CFDBD6F330,electric_bike,2022-03-29 10:24:08,2022-03-29 10:32:35,Broadway & E 21 St,6098,W 35 St & 9 Ave,6569,40.73988840858996,-73.98958593606949,40.75414519263519,-73.9960889518261,member
1196205,41D60E8D821C256E,electric_bike,2022-03-14 13:53:42,2022-03-14 13:54:18,W 35 St & 9 Ave,6569,W 35 St & 9 Ave,6569,40.75414519263519,-73.9960889518261,40.75414519263519,-73.9960889518261,member
1196207,CDC83BD24C1269FA,electric_bike,2022-03-21 17:11:06,2022-03-21 17:11:18,W 35 St & 9 Ave,6569,W 35 St & 9 Ave,6569,40.75414519263519,-73.9960889518261,40.75414519263519,-73.9960889518261,member
1196215,AC57CD43470A0A37,electric_bike,2022-03-21 05:47:23,2022-03-21 05:51:30,W 35 St & 9 Ave,6569,9 Ave & W 22 St,6266,40.75414519263519,-73.9960889518261,40.7454973,-74.00197139,member
1196222,34DB77E2B8A98393,electric_bike,2022-03-21 08:58:55,2022-03-21 08:59:27,W 35 St & 9 Ave,6569,W 35 St & 9 Ave,6569,40.75414519263519,-73.9960889518261,40.75414519263519,-73.9960889518261,member
1196231,DD375A362D303C21,classic_bike,2022-03-18 16:25:41,2022-03-18 16:28:06,W 35 St & 9 Ave,6569,W 35 St & 9 Ave,6569,40.75414519263519,-73.9960889518261,40.75414519263519,-73.9960889518261,member
1196250,4B2861FE61ECF7FD,classic_bike,2022-03-22 17:42:25,2022-03-22 17:53:45,W 35 St & 9 Ave,6569,2 Ave & E 29 St,6122,40.75414519263519,-73.9960889518261,40.74172351097472,-73.97809267044067,member
1196252,EAB17A24726C288E,classic_bike,2022-03-24 16:54:19,2022-03-24 17:05:42,W 35 St & 9 Ave,6569,2 Ave & E 29 St,6122,40.75414519263519,-73.9960889518261,40.74172351097472,-73.97809267044067,member
1196263,7DE69CF56CD8759C,electric_bike,2022-03-27 13:20:26,2022-03-27 13:27:30,W 35 St & 9 Ave,6569,9 Ave & W 22 St,6266,40.75414519263519,-73.9960889518261,40.7454973,-74.00197139,casual
1196272,EBC883789C35DEB9,classic_bike,2022-03-26 12:35:12,2022-03-26 12:41:38,W 35 St & 9 Ave,6569,9 Ave & W 22 St,6266,40.75414519263519,-73.9960889518261,40.7454973,-74.00197139,member
1196277,803B6027F0F32449,electric_bike,2022-03-22 19:51:28,2022-03-22 20:03:48,2 Ave & E 29 St,6122,W 35 St & 9 Ave,6569,40.74172351097472,-73.97809267044067,40.75414519263519,-73.9960889518261,member
1196295,9D76012F3E160319,electric_bike,2022-03-29 13:03:55,2022-03-29 13:09:11,W 35 St & 9 Ave,6569,9 Ave & W 22 St,6266,40.75414519263519,-73.9960889518261,40.7454973,-74.00197139,casual
1196311,D9A9B5E6CF4D4DDB,electric_bike,2022-03-08 13:40:02,2022-03-08 13:44:24,W 35 St & 9 Ave,6569,9 Ave & W 22 St,6266,40.75414519263519,-73.9960889518261,40.7454973,-74.00197139,casual
1196328,0D9CE021A874F5E6,classic_bike,2022-03-07 18:31:52,2022-03-07 18:39:51,W 35 St & 9 Ave,6569,9 Ave & W 22 St,6266,40.75414519263519,-73.9960889518261,40.7454973,-74.00197139,casual
1196341,1894F7764A78F49F,classic_bike,2022-03-11 16:53:42,2022-03-11 16:59:05,W 35 St & 9 Ave,6569,9 Ave & W 22 St,6266,40.75414519263519,-73.9960889518261,40.7454973,-74.00197139,member
1196342,83D9B16A08F39E0E,classic_bike,2022-03-21 11:25:49,2022-03-21 11:34:34,W 35 St & 9 Ave,6569,9 Ave & W 22 St,6266,40.75414519263519,-73.9960889518261,40.7454973,-74.00197139,member
1196346,2BBF5A41B846325B,electric_bike,2022-03-15 18:16:49,2022-03-15 18:27:57,2 Ave & E 29 St,6122,W 35 St & 9 Ave,6569,40.74172351097472,-73.97809267044067,40.75414519263519,-73.9960889518261,casual
1196347,8E5FAA8BF00D837B,electric_bike,2022-03-06 16:29:10,2022-03-06 16:29:12,W 35 St & 9 Ave,6569,W 35 St & 9 Ave,6569,40.75414519263519,-73.9960889518261,40.75414519263519,-73.9960889518261,casual
1196348,4D5CF3526E460611,electric_bike,2022-03-06 16:29:41,2022-03-06 16:30:24,W 35 St & 9 Ave,6569,W 35 St & 9 Ave,6569,40.75414519263519,-73.9960889518261,40.75414519263519,-73.9960889518261,casual
1196351,5A66A5400FFEA8DA,electric_bike,2022-03-19 09:36:09,2022-03-19 09:40:10,W 35 St & 9 Ave,6569,9 Ave & W 22 St,6266,40.75414519263519,-73.9960889518261,40.7454973,-74.00197139,casual
1196360,9E98926338926C2D,electric_bike,2022-03-06 01:26:40,2022-03-06 01:40:58,Broadway & E 21 St,6098,W 35 St & 9 Ave,6569,40.73988840858996,-73.98958593606949,40.75414519263519,-73.9960889518261,member
1196403,7BD9C91281B6714A,classic_bike,2022-03-18 12:25:37,2022-03-18 13:38:02,W 35 St & 9 Ave,6569,W 35 St & 9 Ave,6569,40.75414519263519,-73.9960889518261,40.75414519263519,-73.9960889518261,member
1196424,8560286C62E5C31A,electric_bike,2022-03-03 11:10:58,2022-03-03 11:28:14,5 Ave & E 87 St,7323,W 35 St & 9 Ave,6569,40.78232260730881,-73.95987510681152,40.75414519263519,-73.9960889518261,casual
1196436,27104DA675188D99,classic_bike,2022-03-19 06:52:07,2022-03-19 07:01:43,MacDougal St & Washington Sq,5797,W 35 St & 9 Ave,6569,40.73226398,-73.99852205,40.75414519263519,-73.9960889518261,member
1196444,9F8FFFDB2EDC1D20,electric_bike,2022-03-03 07:03:21,2022-03-03 07:10:29,W 56 St & 10 Ave,6955,W 35 St & 9 Ave,6569,40.768254,-73.988639,40.75414519263519,-73.9960889518261,member
1196446,D7A189FCE22E9801,electric_bike,2022-03-16 08:08:38,2022-03-16 08:26:59,2 Ave & E 72 St,6925,W 35 St & 9 Ave,6569,40.7687620293096,-73.95840793848038,40.75414519263519,-73.9960889518261,member
1196462,ED7F669B0346F84B,classic_bike,2022-03-10 13:06:08,2022-03-10 13:23:24,West End Ave & W 78 St,7340,W 35 St & 9 Ave,6569,40.783786,-73.981687,40.75414519263519,-73.9960889518261,casual
1196489,36EFA5962678CB31,electric_bike,2022-03-20 17:57:07,2022-03-20 18:15:36,7 Ave S & Bleecker St,5805,W 35 St & 9 Ave,6569,40.73213896287381,-74.00363802909851,40.75414519263519,-73.9960889518261,member
1196500,A74463399CD28411,classic_bike,2022-03-17 16:30:00,2022-03-17 16:46:08,E 47 St & Park Ave,6584,W 35 St & 9 Ave,6569,40.75510267,-73.97498696,40.75414519263519,-73.9960889518261,member
1196613,B3B359DCEA15392C,electric_bike,2022-03-24 16:14:55,2022-03-24 16:26:44,W 51 St & 6 Ave,6740,W 35 St & 9 Ave,6569,40.7606597,-73.98042047,40.75414519263519,-73.9960889518261,casual
1196622,CD149F35FF085F2A,classic_bike,2022-03-08 18:44:22,2022-03-08 18:53:37,W 22 St & 8 Ave,6224,W 35 St & 9 Ave,6569,40.74475148,-73.99915362,40.75414519263519,-73.9960889518261,member
1196636,B2EE4D521BECFF11,classic_bike,2022-03-22 16:52:15,2022-03-22 16:56:23,8 Ave & W 38 St,6526,W 35 St & 9 Ave,6569,40.75461,-73.99177,40.75414519263519,-73.9960889518261,member
1196637,B4806B1E1DC540D3,electric_bike,2022-03-25 11:51:46,2022-03-25 11:56:33,8 Ave & W 38 St,6526,W 35 St & 9 Ave,6569,40.75461,-73.99177,40.75414519263519,-73.9960889518261,casual
1196639,14B6900875337A04,electric_bike,2022-03-11 01:04:06,2022-03-11 01:34:40,8 Ave & W 38 St,6526,W 35 St & 9 Ave,6569,40.75461,-73.99177,40.75414519263519,-73.9960889518261,member
1196641,84F4134CCCA12AD6,classic_bike,2022-03-28 19:14:49,2022-03-28 19:17:56,8 Ave & W 38 St,6526,W 35 St & 9 Ave,6569,40.75461,-73.99177,40.75414519263519,-73.9960889518261,casual
1196658,8D56BC1FEA419F64,electric_bike,2022-03-24 15:45:48,2022-03-24 16:02:33,Broadway & W 37 St,6441,W 35 St & 9 Ave,6569,40.75172632,-73.98753523,40.75414519263519,-73.9960889518261,casual
1196665,3D25BE192A573007,classic_bike,2022-03-18 20:44:44,2022-03-18 21:02:46,1 Ave & E 18 St,5854,W 35 St & 9 Ave,6569,40.73381219196632,-73.98054420948029,40.75414519263519,-73.9960889518261,member
1196683,925EB1F4A4B18136,electric_bike,2022-03-10 19:09:17,2022-03-10 19:23:16,1 Ave & E 18 St,5854,W 35 St & 9 Ave,6569,40.73381219196632,-73.98054420948029,40.75414519263519,-73.9960889518261,member
1196690,A2AC7A12E3C2BDE1,electric_bike,2022-03-08 11:08:39,2022-03-08 11:20:22,1 Ave & E 18 St,5854,W 35 St & 9 Ave,6569,40.73381219196632,-73.98054420948029,40.75414519263519,-73.9960889518261,member
1196691,05D5007B45EA9974,classic_bike,2022-03-30 08:50:19,2022-03-30 08:56:11,12 Ave & W 40 St,6765,W 35 St & 9 Ave,6569,40.76087502,-74.00277668,40.75414519263519,-73.9960889518261,member
1196712,5A1B4402FBD1DF98,classic_bike,2022-03-13 21:48:11,2022-03-13 21:57:25,W 47 St & 10 Ave,6824,W 35 St & 9 Ave,6569,40.76269882,-73.99301222,40.75414519263519,-73.9960889518261,casual
1196733,790859978B96F5E6,classic_bike,2022-03-26 15:19:38,2022-03-26 15:24:07,W 47 St & 10 Ave,6824,W 35 St & 9 Ave,6569,40.76269882,-73.99301222,40.75414519263519,-73.9960889518261,casual
1196765,BDEB6ED5F3A12FE7,electric_bike,2022-03-24 08:37:31,2022-03-24 08:44:23,12 Ave & W 40 St,6765,W 35 St & 9 Ave,6569,40.76087502,-74.00277668,40.75414519263519,-73.9960889518261,member
1196789,7A8DB4DF9C04CF1F,electric_bike,2022-03-24 15:43:56,2022-03-24 16:00:17,Broadway & W 37 St,6441,W 35 St & 9 Ave,6569,40.75172632,-73.98753523,40.75414519263519,-73.9960889518261,casual
1196802,98F212C700B0AD92,classic_bike,2022-03-12 01:17:39,2022-03-12 01:23:13,W 47 St & 10 Ave,6824,W 35 St & 9 Ave,6569,40.76269882,-73.99301222,40.75414519263519,-73.9960889518261,member
1196827,7169B29C3DD3C66B,classic_bike,2022-03-25 21:12:15,2022-03-25 21:19:34,W 53 St & 10 Ave,6890,W 35 St & 9 Ave,6569,40.76669671,-73.99061728,40.75414519263519,-73.9960889518261,member
1196831,701AC65459C3CB36,classic_bike,2022-03-18 18:32:40,2022-03-18 18:46:05,E 32 St & Park Ave,6280,W 35 St & 9 Ave,6569,40.7457121,-73.98194829,40.75414519263519,-73.9960889518261,member
1196836,7A34FD512005EB8B,classic_bike,2022-03-03 09:30:23,2022-03-03 09:34:16,W 36 St & 7 Ave,6483,W 35 St & 9 Ave,6569,40.752149,-73.989539,40.75414519263519,-73.9960889518261,member
1196851,39D0E0B048B3CB14,classic_bike,2022-03-20 05:19:24,2022-03-20 05:25:41,W 53 St & 10 Ave,6890,W 35 St & 9 Ave,6569,40.76669671,-73.99061728,40.75414519263519,-73.9960889518261,member
1196863,6E189DED2153BBE3,electric_bike,2022-03-13 10:23:08,2022-03-13 10:30:28,E 32 St & Park Ave,6280,W 35 St & 9 Ave,6569,40.7457121,-73.98194829,40.75414519263519,-73.9960889518261,member
1196884,06D97004C272030A,electric_bike,2022-03-06 14:46:00,2022-03-06 14:58:24,W 67 St & Broadway,7116,W 35 St & 9 Ave,6569,40.77492513,-73.98266566,40.75414519263519,-73.9960889518261,casual
1196889,92A366A99457C9BB,electric_bike,2022-03-02 15:17:54,2022-03-02 15:23:16,W 53 St & 10 Ave,6890,W 35 St & 9 Ave,6569,40.76669671,-73.99061728,40.75414519263519,-73.9960889518261,member
1196892,AF34C5CFC3AC99FF,electric_bike,2022-03-07 17:24:10,2022-03-07 17:36:50,W 67 St & Broadway,7116,W 35 St & 9 Ave,6569,40.77492513,-73.98266566,40.75414519263519,-73.9960889518261,member
1196921,32F37B86E9CD1A19,classic_bike,2022-03-17 07:55:52,2022-03-17 08:05:51,E 26 St & 3 Ave,6089,W 35 St & 9 Ave,6569,40.74069317733043,-73.98160636425018,40.75414519263519,-73.9960889518261,member
1196948,A3B733D721804807,electric_bike,2022-03-17 22:13:17,2022-03-17 22:37:06,Broad St & Bridge St,4962,W 35 St & 9 Ave,6569,40.70365182,-74.01167797,40.75414519263519,-73.9960889518261,member
1196973,5698A80A9FB84718,electric_bike,2022-03-26 14:49:31,2022-03-26 14:50:22,W 35 St & 9 Ave,6569,W 35 St & 9 Ave,6569,40.75414519263519,-73.9960889518261,40.75414519263519,-73.9960889518261,casual
1196982,C5398F0D5A8070BC,electric_bike,2022-03-14 08:50:55,2022-03-14 08:51:26,W 35 St & 9 Ave,6569,W 35 St & 9 Ave,6569,40.75414519263519,-73.9960889518261,40.75414519263519,-73.9960889518261,member
1196992,3BB2F23C2055BF0A,classic_bike,2022-03-09 18:16:25,2022-03-09 18:16:33,W 35 St & 9 Ave,6569,W 35 St & 9 Ave,6569,40.75414519263519,-73.9960889518261,40.75414519263519,-73.9960889518261,member
1197012,4512FB266C7C808F,classic_bike,2022-03-15 19:25:28,2022-03-15 19:38:34,W 15 St & 7 Ave,6030,W 35 St & 9 Ave,6569,40.73935542,-73.99931783,40.75414519263519,-73.9960889518261,member
1197013,AB50A3DF77FAA066,classic_bike,2022-03-02 19:01:01,2022-03-02 19:07:11,W 35 St & 9 Ave,6569,9 Ave & W 22 St,6266,40.75414519263519,-73.9960889518261,40.7454973,-74.00197139,member
1197017,6CF1B5CF6FB74128,classic_bike,2022-03-20 15:26:44,2022-03-20 15:26:46,W 35 St & 9 Ave,6569,W 35 St & 9 Ave,6569,40.75414519263519,-73.9960889518261,40.75414519263519,-73.9960889518261,member
1197020,E5FA8AE12C26F38D,electric_bike,2022-03-10 13:40:25,2022-03-10 13:40:44,W 35 St & 9 Ave,6569,W 35 St & 9 Ave,6569,40.75414519263519,-73.9960889518261,40.75414519263519,-73.9960889518261,member
1197021,1E730A540EB81329,electric_bike,2022-03-07 18:12:46,2022-03-07 18:13:43,W 35 St & 9 Ave,6569,W 35 St & 9 Ave,6569,40.75414519263519,-73.9960889518261,40.75414519263519,-73.9960889518261,member
1197036,9C8F7F061103703A,classic_bike,2022-03-07 18:31:43,2022-03-07 18:39:53,W 35 St & 9 Ave,6569,9 Ave & W 22 St,6266,40.75414519263519,-73.9960889518261,40.7454973,-74.00197139,member
1197048,F8F0F15B76134D25,electric_bike,2022-03-03 10:38:31,2022-03-03 10:38:57,W 35 St & 9 Ave,6569,W 35 St & 9 Ave,6569,40.75414519263519,-73.9960889518261,40.75414519263519,-73.9960889518261,member
1197049,D9BB36D2B7A64BB3,classic_bike,2022-03-25 20:13:24,2022-03-25 20:26:36,9 Ave & W 22 St,6266,W 35 St & 9 Ave,6569,40.7454973,-74.00197139,40.75414519263519,-73.9960889518261,member
1197057,E1C63478EE69C4ED,electric_bike,2022-03-14 11:54:23,2022-03-14 11:59:15,W 27 St & 7 Ave,6247,W 35 St & 9 Ave,6569,40.746647,-73.993915,40.75414519263519,-73.9960889518261,member
1197060,A2FFCDB9F357AE7A,classic_bike,2022-03-03 20:28:38,2022-03-03 20:38:19,Broadway & W 25 St,6173,W 35 St & 9 Ave,6569,40.74286877312112,-73.98918628692627,40.75414519263519,-73.9960889518261,member
1197069,35ABBB9A2D31A1B8,classic_bike,2022-03-08 07:11:08,2022-03-08 07:18:07,E 41 St & Madison Ave (SE corner),6432,W 35 St & 9 Ave,6569,40.752049,-73.979635,40.75414519263519,-73.9960889518261,member
1197070,0A83FA2688CCE5AD,electric_bike,2022-03-09 08:34:57,2022-03-09 08:42:52,E 41 St & Madison Ave (SE corner),6432,W 35 St & 9 Ave,6569,40.752049,-73.979635,40.75414519263519,-73.9960889518261,member
1197078,C87C8D9FAA90E91C,classic_bike,2022-03-31 13:45:58,2022-03-31 13:54:23,W 35 St & 9 Ave,6569,9 Ave & W 22 St,6266,40.75414519263519,-73.9960889518261,40.7454973,-74.00197139,member
1197092,4337B628A4347645,classic_bike,2022-03-02 17:33:09,2022-03-02 17:37:26,W 41 St & 8 Ave,6602,W 35 St & 9 Ave,6569,40.75640548,-73.9900262,40.75414519263519,-73.9960889518261,member
1197126,BA0BB64CB13EAD10,classic_bike,2022-03-01 18:05:15,2022-03-01 18:13:14,W 41 St & 8 Ave,6602,W 35 St & 9 Ave,6569,40.75640548,-73.9900262,40.75414519263519,-73.9960889518261,member
1197140,7E47068B024B5A13,electric_bike,2022-03-06 14:23:12,2022-03-06 14:31:01,8 Ave & W 52 St,6816,W 35 St & 9 Ave,6569,40.76370739,-73.9851615,40.75414519263519,-73.9960889518261,member
1197151,82DF814C7D966261,classic_bike,2022-03-01 19:16:28,2022-03-01 19:20:38,W 41 St & 8 Ave,6602,W 35 St & 9 Ave,6569,40.75640548,-73.9900262,40.75414519263519,-73.9960889518261,member
1197174,74F3DDCD161CB53D,classic_bike,2022-03-15 18:05:34,2022-03-15 18:23:28,E 17 St & Broadway,5980,W 35 St & 9 Ave,6569,40.73704984,-73.99009296,40.75414519263519,-73.9960889518261,member
1197181,D8FF29F913C912CC,classic_bike,2022-03-09 19:55:13,2022-03-09 20:07:31,E 17 St & Broadway,5980,W 35 St & 9 Ave,6569,40.73704984,-73.99009296,40.75414519263519,-73.9960889518261,member
1197212,F84982469303C355,classic_bike,2022-03-12 02:20:31,2022-03-12 02:26:53,Broadway\t& W 48 St,6708,W 35 St & 9 Ave,6569,40.76017739537783,-73.98486793041229,40.75414519263519,-73.9960889518261,member
1197224,FFC28DBFAAF5C5BB,classic_bike,2022-03-19 09:28:37,2022-03-19 09:34:52,W 42 St & Dyer Ave,6644,W 35 St & 9 Ave,6569,40.75898481399634,-73.99379968643188,40.75414519263519,-73.9960889518261,casual
1197225,68D2B5AE186A069B,electric_bike,2022-03-16 11:42:30,2022-03-16 11:51:42,Broadway\t& W 48 St,6708,W 35 St & 9 Ave,6569,40.76017739537783,-73.98486793041229,40.75414519263519,-73.9960889518261,casual
1197236,CE5F7E51369BD78D,electric_bike,2022-03-08 10:34:58,2022-03-08 10:41:56,9 Ave & W 18 St,6190,W 35 St & 9 Ave,6569,40.74317449,-74.00366443,40.75414519263519,-73.9960889518261,member
1197245,2A314F4D81B19FA8,electric_bike,2022-03-02 19:11:46,2022-03-02 19:23:29,University Pl & E 14 St,5905,W 35 St & 9 Ave,6569,40.734814,-73.992085,40.75414519263519,-73.9960889518261,member
1197249,702D2F1288BC5E8E,classic_bike,2022-03-25 17:38:07,2022-03-25 17:50:47,E 17 St & Broadway,5980,W 35 St & 9 Ave,6569,40.73704984,-73.99009296,40.75414519263519,-73.9960889518261,member
1197289,13DC68439D1BE90D,electric_bike,2022-03-30 06:59:28,2022-03-30 07:05:58,E 40 St & Park Ave,6432,W 35 St & 9 Ave,6569,40.750756,-73.978326,40.75414519263519,-73.9960889518261,member
1197297,A1FCCED39104D712,classic_bike,2022-03-13 14:04:51,2022-03-13 14:25:00,Columbus Ave & W 72 St,7175,W 35 St & 9 Ave,6569,40.7770575,-73.97898475,40.75414519263519,-73.9960889518261,member
1197312,15DA5E4A567C0AA7,classic_bike,2022-03-19 19:13:57,2022-03-19 19:49:42,E 40 St & Park Ave,6432,W 35 St & 9 Ave,6569,40.750756,-73.978326,40.75414519263519,-73.9960889518261,casual
1197313,82EF8D2334A8AE5E,classic_bike,2022-03-19 19:19:04,2022-03-19 19:50:41,E 40 St & Park Ave,6432,W 35 St & 9 Ave,6569,40.750756,-73.978326,40.75414519263519,-73.9960889518261,casual
1197314,7A0368E80E1C5894,classic_bike,2022-03-19 19:15:06,2022-03-19 19:50:24,E 40 St & Park Ave,6432,W 35 St & 9 Ave,6569,40.750756,-73.978326,40.75414519263519,-73.9960889518261,casual
1197317,F61AF8433131DCDA,classic_bike,2022-03-02 20:00:36,2022-03-02 20:12:46,E 17 St & Broadway,5980,W 35 St & 9 Ave,6569,40.73704984,-73.99009296,40.75414519263519,-73.9960889518261,member
1197333,CA4B1BA66FEED1DF,electric_bike,2022-03-08 14:56:24,2022-03-08 15:06:32,E 40 St & Park Ave,6432,W 35 St & 9 Ave,6569,40.750756,-73.978326,40.75414519263519,-73.9960889518261,member
1197335,FFCFB976CB0B016B,electric_bike,2022-03-21 07:07:03,2022-03-21 07:15:09,E 40 St & Park Ave,6432,W 35 St & 9 Ave,6569,40.750756,-73.978326,40.75414519263519,-73.9960889518261,casual
1197347,C5297A332197374C,electric_bike,2022-03-02 17:48:42,2022-03-02 17:55:09,W 37 St & 5 Ave,6398,W 35 St & 9 Ave,6569,40.75038009,-73.98338988,40.75414519263519,-73.9960889518261,casual
1197353,493858AC78E88B0B,classic_bike,2022-03-23 16:23:35,2022-03-23 16:48:18,E 44 St & Lexington Ave,6464,W 35 St & 9 Ave,6569,40.752643,-73.974996,40.75414519263519,-73.9960889518261,casual
1197378,15E89E6966618CD6,classic_bike,2022-03-03 09:06:54,2022-03-03 09:19:29,W 13 St & 7 Ave,6030,W 35 St & 9 Ave,6569,40.73781509,-73.99994661,40.75414519263519,-73.9960889518261,casual
1197383,63019161257D8FD6,classic_bike,2022-03-21 18:50:05,2022-03-21 19:08:53,E 5 St & Cooper Sq,5712,W 35 St & 9 Ave,6569,40.72769,-73.990993,40.75414519263519,-73.9960889518261,member
1197390,406184C7FD031E3D,classic_bike,2022-03-08 09:17:19,2022-03-08 09:29:40,E 44 St & Lexington Ave,6464,W 35 St & 9 Ave,6569,40.752643,-73.974996,40.75414519263519,-73.9960889518261,casual
1197404,92142AF4489AF18F,classic_bike,2022-03-21 17:29:44,2022-03-21 17:49:00,2 Ave & E 55 St,6650,W 35 St & 9 Ave,6569,40.757920208794026,-73.96638214588165,40.75414519263519,-73.9960889518261,member
1197411,AE686D081AFE7991,electric_bike,2022-03-23 11:48:03,2022-03-23 11:56:35,E 44 St & Lexington Ave,6464,W 35 St & 9 Ave,6569,40.752643,-73.974996,40.75414519263519,-73.9960889518261,member
1197413,C5F4407AB10293BA,electric_bike,2022-03-26 11:12:26,2022-03-26 11:22:46,E 44 St & Lexington Ave,6464,W 35 St & 9 Ave,6569,40.752643,-73.974996,40.75414519263519,-73.9960889518261,member
1197421,879C18258E232A83,electric_bike,2022-03-14 08:18:56,2022-03-14 08:29:23,E 44 St & Lexington Ave,6464,W 35 St & 9 Ave,6569,40.752643,-73.974996,40.75414519263519,-73.9960889518261,casual
1197424,0AC08ED20E5E5607,electric_bike,2022-03-08 15:37:36,2022-03-08 15:48:59,W 13 St & 7 Ave,6030,W 35 St & 9 Ave,6569,40.73781509,-73.99994661,40.75414519263519,-73.9960889518261,casual
1197438,2606739CFA3EEDC1,electric_bike,2022-03-15 14:07:41,2022-03-15 14:37:24,Rivington St & Ridge St,5406,W 35 St & 9 Ave,6569,40.71850211,-73.98329859,40.75414519263519,-73.9960889518261,member
1197439,2C5E9C897F2D9168,electric_bike,2022-03-28 11:04:28,2022-03-28 11:19:28,E 15 St & 3 Ave,5863,W 35 St & 9 Ave,6569,40.734232,-73.986923,40.75414519263519,-73.9960889518261,member
1197450,60163ACCE5F59577,classic_bike,2022-03-11 13:22:36,2022-03-11 13:38:21,Columbus Ave & W 72 St,7175,W 35 St & 9 Ave,6569,40.7770575,-73.97898475,40.75414519263519,-73.9960889518261,member
1197472,73E79840658AE36E,electric_bike,2022-03-24 19:58:01,2022-03-24 20:05:13,W 20 St & 10 Ave,6306,W 35 St & 9 Ave,6569,40.745686,-74.005141,40.75414519263519,-73.9960889518261,member
1197474,8BAB4E675E9669C6,classic_bike,2022-03-21 20:30:50,2022-03-21 20:41:21,W 20 St & 10 Ave,6306,W 35 St & 9 Ave,6569,40.745686,-74.005141,40.75414519263519,-73.9960889518261,member
1197503,FB8573FEFBFC646A,classic_bike,2022-03-15 21:30:01,2022-03-15 21:36:00,Broadway & W 29 St,6289,W 35 St & 9 Ave,6569,40.7462009,-73.98855723,40.75414519263519,-73.9960889518261,member
1197505,A41D1B52375F3F4C,classic_bike,2022-03-02 08:45:13,2022-03-02 08:59:35,W 36 St & 9 Ave,6569,W 15 St & 7 Ave,6030,40.75462324029105,-73.99516761302948,40.73935542,-73.99931783,member
1197506,12285CBD7B8A361C,classic_bike,2022-03-03 10:39:36,2022-03-03 10:48:28,W 36 St & 9 Ave,6569,9 Ave & W 22 St,6266,40.75462324029105,-73.99516761302948,40.7454973,-74.00197139,member
1197525,A49F221DD251636E,electric_bike,2022-03-19 17:45:06,2022-03-19 18:16:19,S 3 St & Bedford Ave,5235,W 35 St & 9 Ave,6569,40.71260486,-73.96264403,40.75414519263519,-73.9960889518261,casual
1197535,E282763A0E80946A,electric_bike,2022-03-21 23:28:57,2022-03-21 23:48:14,1 Ave & E 6 St,5626,W 35 St & 9 Ave,6569,40.72633085971696,-73.98616880178452,40.75414519263519,-73.9960889518261,member
1197542,64A11C567423A769,electric_bike,2022-03-01 09:19:51,2022-03-01 09:38:30,E 56 St & 3 Ave,6691,W 35 St & 9 Ave,6569,40.75934501,-73.96759673,40.75414519263519,-73.9960889518261,member
1197558,DA193E40C1A23B79,electric_bike,2022-03-23 12:38:27,2022-03-23 12:48:58,Central Park West & W 72 St,7141,W 35 St & 9 Ave,6569,40.77579376683666,-73.9762057363987,40.75414519263519,-73.9960889518261,member
1197580,A91EE2218035A8D9,electric_bike,2022-03-15 08:41:32,2022-03-15 08:44:40,W 39 St & 9 Ave,6644,W 35 St & 9 Ave,6569,40.75645824,-73.99372222,40.75414519263519,-73.9960889518261,member
1197581,7D76DF070C6F555F,classic_bike,2022-03-28 11:22:26,2022-03-28 11:25:03,W 39 St & 9 Ave,6644,W 35 St & 9 Ave,6569,40.75645824,-73.99372222,40.75414519263519,-73.9960889518261,member
1197588,B03B784C73D93965,classic_bike,2022-03-15 08:27:14,2022-03-15 08:40:46,Central Park West & W 76 St,7253,W 35 St & 9 Ave,6569,40.77896784,-73.97374737,40.75414519263519,-73.9960889518261,member
1197599,7B8401C509555C81,electric_bike,2022-03-14 16:50:53,2022-03-14 16:56:25,W 43 St & 10 Ave,6756,W 35 St & 9 Ave,6569,40.76009437,-73.99461843,40.75414519263519,-73.9960889518261,casual
1197601,49521F6334D8916C,electric_bike,2022-03-18 17:19:44,2022-03-18 17:24:37,W 43 St & 10 Ave,6756,W 35 St & 9 Ave,6569,40.76009437,-73.99461843,40.75414519263519,-73.9960889518261,member
1197605,C147D8192B51E171,electric_bike,2022-03-30 08:58:42,2022-03-30 09:01:46,W 43 St & 10 Ave,6756,W 35 St & 9 Ave,6569,40.76009437,-73.99461843,40.75414519263519,-73.9960889518261,member
1197606,003BD0E9C781ACE2,classic_bike,2022-03-21 08:51:52,2022-03-21 08:56:26,W 43 St & 10 Ave,6756,W 35 St & 9 Ave,6569,40.76009437,-73.99461843,40.75414519263519,-73.9960889518261,member
1197612,9834EB3AD4DD9375,classic_bike,2022-03-10 09:27:05,2022-03-10 10:04:45,Suffolk St & Stanton St,5445,W 35 St & 9 Ave,6569,40.72066442,-73.98517977,40.75414519263519,-73.9960889518261,member
1197634,370F1F8AFD0B38B7,classic_bike,2022-03-24 11:07:38,2022-03-24 11:14:46,W 43 St & 10 Ave,6756,W 35 St & 9 Ave,6569,40.76009437,-73.99461843,40.75414519263519,-73.9960889518261,member
1197651,EA0F5835B32874E7,classic_bike,2022-03-22 22:19:24,2022-03-22 22:22:17,8 Ave & W 33 St,6450,W 35 St & 9 Ave,6569,40.751551,-73.993934,40.75414519263519,-73.9960889518261,casual
1197652,E39A67BDA3325E3A,classic_bike,2022-03-08 14:55:13,2022-03-08 14:57:38,8 Ave & W 33 St,6450,W 35 St & 9 Ave,6569,40.751551,-73.993934,40.75414519263519,-73.9960889518261,member
1197656,BE65F66CD370C22F,classic_bike,2022-03-25 13:37:18,2022-03-25 13:39:44,8 Ave & W 33 St,6450,W 35 St & 9 Ave,6569,40.751551,-73.993934,40.75414519263519,-73.9960889518261,member
1197684,1C049B90B6B3709C,electric_bike,2022-03-21 11:34:55,2022-03-21 11:38:11,6 Ave & W 33 St,6364,W 35 St & 9 Ave,6569,40.74901271,-73.98848395,40.75414519263519,-73.9960889518261,member
1197689,0B69F3B300570741,classic_bike,2022-03-18 21:04:37,2022-03-18 21:08:15,6 Ave & W 33 St,6364,W 35 St & 9 Ave,6569,40.74901271,-73.98848395,40.75414519263519,-73.9960889518261,member
1197699,86102FE2E64E9DB1,classic_bike,2022-03-19 06:32:41,2022-03-19 06:37:26,6 Ave & W 33 St,6364,W 35 St & 9 Ave,6569,40.74901271,-73.98848395,40.75414519263519,-73.9960889518261,member
1197700,D4BF65BAE3AFBC5D,electric_bike,2022-03-31 08:41:18,2022-03-31 08:45:09,6 Ave & W 33 St,6364,W 35 St & 9 Ave,6569,40.74901271,-73.98848395,40.75414519263519,-73.9960889518261,member
1197733,B569AF42545707C6,classic_bike,2022-03-21 20:41:55,2022-03-21 20:54:33,Broadway & W 53 St,6779,W 35 St & 9 Ave,6569,40.76344058,-73.98268129,40.75414519263519,-73.9960889518261,member
1197771,43DF796C7CD7BD7C,docked_bike,2022-03-27 13:03:27,2022-03-27 13:10:07,W 35 St & 9 Ave,6569,9 Ave & W 22 St,6266,40.754145,-73.996089,40.745497,-74.001971,casual
1197796,7B4DFA6CFEC4419C,electric_bike,2022-03-21 21:14:46,2022-03-21 21:19:32,W 54 St & 9 Ave,6920,W 35 St & 9 Ave,6569,40.76584941,-73.98690506,40.75414519263519,-73.9960889518261,member
1197800,360A959EC8CEEE76,electric_bike,2022-03-07 18:58:53,2022-03-07 19:05:54,5 Ave & E 29 St,6248,W 35 St & 9 Ave,6569,40.7451677,-73.98683077,40.75414519263519,-73.9960889518261,member
1197826,F76F963D1578F8EC,electric_bike,2022-03-18 19:24:58,2022-03-18 19:40:37,Carmine St & 6 Ave,5763,W 35 St & 9 Ave,6569,40.73038599,-74.00214988,40.75414519263519,-73.9960889518261,casual
1197834,A9DC2892C80C5D03,classic_bike,2022-03-18 15:21:22,2022-03-18 15:35:55,W 63 St & Broadway,7052,W 35 St & 9 Ave,6569,40.77163851,-73.98261428,40.75414519263519,-73.9960889518261,member
1197883,6112CAE4179E015A,electric_bike,2022-03-01 17:51:30,2022-03-01 18:04:06,Central Park West & W 68 St,7079,W 35 St & 9 Ave,6569,40.7734066,-73.97782542,40.75414519263519,-73.9960889518261,member
1197894,3B49DA751415536E,classic_bike,2022-03-18 10:16:25,2022-03-18 10:40:24,1 Ave & E 78 St,7020,W 35 St & 9 Ave,6569,40.77140426,-73.9535166,40.75414519263519,-73.9960889518261,member
1197898,8F38CBAE3DF21374,classic_bike,2022-03-20 14:05:00,2022-03-20 14:26:43,E 3 St & 1 Ave,5553,W 35 St & 9 Ave,6569,40.72467721,-73.98783413,40.75414519263519,-73.9960889518261,casual
1197928,1BB933E2447A91CF,classic_bike,2022-03-21 08:23:50,2022-03-21 08:28:35,6 Ave & W 34 St,6364,W 35 St & 9 Ave,6569,40.74964,-73.98805,40.75414519263519,-73.9960889518261,member
1197945,67E76834B682B7D4,electric_bike,2022-03-30 09:31:52,2022-03-30 09:36:14,6 Ave & W 34 St,6364,W 35 St & 9 Ave,6569,40.74964,-73.98805,40.75414519263519,-73.9960889518261,member
1197959,5D2A73F1E6937F51,electric_bike,2022-03-05 16:15:17,2022-03-05 16:19:09,6 Ave & W 34 St,6364,W 35 St & 9 Ave,6569,40.74964,-73.98805,40.75414519263519,-73.9960889518261,member
1197965,E22D82CAAAAC8ED1,classic_bike,2022-03-29 08:06:24,2022-03-29 08:10:14,6 Ave & W 34 St,6364,W 35 St & 9 Ave,6569,40.74964,-73.98805,40.75414519263519,-73.9960889518261,member
1197987,B7E36762E6204C02,classic_bike,2022-03-10 10:05:04,2022-03-10 10:09:06,6 Ave & W 34 St,6364,W 35 St & 9 Ave,6569,40.74964,-73.98805,40.75414519263519,-73.9960889518261,member
1197992,F5C5E2C3A025F4A7,classic_bike,2022-03-21 07:22:07,2022-03-21 07:28:44,6 Ave & W 34 St,6364,W 35 St & 9 Ave,6569,40.74964,-73.98805,40.75414519263519,-73.9960889518261,member
1197993,B6AC23101C536259,classic_bike,2022-03-22 07:27:33,2022-03-22 07:33:51,6 Ave & W 34 St,6364,W 35 St & 9 Ave,6569,40.74964,-73.98805,40.75414519263519,-73.9960889518261,member
1197995,7E74F2CBD14F659E,electric_bike,2022-03-22 21:52:55,2022-03-22 21:56:46,6 Ave & W 34 St,6364,W 35 St & 9 Ave,6569,40.74964,-73.98805,40.75414519263519,-73.9960889518261,member
1198010,CFA62CCEF7D9A202,electric_bike,2022-03-07 17:32:54,2022-03-07 17:38:25,6 Ave & W 34 St,6364,W 35 St & 9 Ave,6569,40.74964,-73.98805,40.75414519263519,-73.9960889518261,member
1198024,7904589C278C4A9E,electric_bike,2022-03-23 09:08:30,2022-03-23 09:13:09,6 Ave & W 34 St,6364,W 35 St & 9 Ave,6569,40.74964,-73.98805,40.75414519263519,-73.9960889518261,member
1198033,A49528B85A353743,classic_bike,2022-03-19 19:44:13,2022-03-19 20:05:36,Cleveland Pl & Spring St,5492,W 35 St & 9 Ave,6569,40.722103786686034,-73.99724900722504,40.75414519263519,-73.9960889518261,casual
1198055,442C2FC2B5A6883E,electric_bike,2022-03-02 12:28:42,2022-03-02 12:32:49,6 Ave & W 34 St,6364,W 35 St & 9 Ave,6569,40.74964,-73.98805,40.75414519263519,-73.9960889518261,member
1198080,9E013C5F1B8E20AA,electric_bike,2022-03-16 17:42:28,2022-03-16 17:50:00,8 Ave & W 27 St,6297,W 35 St & 9 Ave,6569,40.747968,-73.996637,40.75414519263519,-73.9960889518261,casual
1198097,E0D7EA8C003467BE,classic_bike,2022-03-02 10:30:12,2022-03-02 11:13:01,Broadway & Roebling St,5125,W 35 St & 9 Ave,6569,40.70924826276157,-73.96063148975372,40.75414519263519,-73.9960889518261,member
1198132,5E90AC1C269F7BBA,classic_bike,2022-03-06 20:03:58,2022-03-06 20:08:56,W 43 St & 10 Ave,6756,W 35 St & 9 Ave,6569,40.76009437,-73.99461843,40.75414519263519,-73.9960889518261,member
1198133,306269523B992B61,classic_bike,2022-03-18 15:11:01,2022-03-18 15:20:11,W 26 St & 10 Ave,6382,W 35 St & 9 Ave,6569,40.749717753,-74.002950346,40.75414519263519,-73.9960889518261,casual
1198154,B6B75BE7EBAA3EC1,classic_bike,2022-03-23 06:16:11,2022-03-23 06:20:28,W 42 St & 8 Ave,6602,W 35 St & 9 Ave,6569,40.7575699,-73.99098507,40.75414519263519,-73.9960889518261,member
1198164,DA6EDE772124BBD3,electric_bike,2022-03-21 14:39:32,2022-03-21 14:42:56,W 42 St & 8 Ave,6602,W 35 St & 9 Ave,6569,40.7575699,-73.99098507,40.75414519263519,-73.9960889518261,member
1198169,BE40EEEFAF14C29B,classic_bike,2022-03-22 10:18:01,2022-03-22 10:53:07,Broadway & Roebling St,5125,W 35 St & 9 Ave,6569,40.70924826276157,-73.96063148975372,40.75414519263519,-73.9960889518261,member
1198170,2690AE5ED6708DB8,classic_bike,2022-03-15 09:58:15,2022-03-15 10:35:13,Broadway & Roebling St,5125,W 35 St & 9 Ave,6569,40.70924826276157,-73.96063148975372,40.75414519263519,-73.9960889518261,member
1198182,73F2B7A36CD8B338,classic_bike,2022-03-07 09:15:49,2022-03-07 09:51:42,Broadway & Roebling St,5125,W 35 St & 9 Ave,6569,40.70924826276157,-73.96063148975372,40.75414519263519,-73.9960889518261,member
1198183,66BBA56CC336079D,classic_bike,2022-03-08 09:37:55,2022-03-08 10:15:32,Broadway & Roebling St,5125,W 35 St & 9 Ave,6569,40.70924826276157,-73.96063148975372,40.75414519263519,-73.9960889518261,member
1198184,E3E069FADE2E24A5,classic_bike,2022-03-29 09:03:48,2022-03-29 09:40:57,Broadway & Roebling St,5125,W 35 St & 9 Ave,6569,40.70924826276157,-73.96063148975372,40.75414519263519,-73.9960889518261,member
1198189,EC7876F3B6813861,electric_bike,2022-03-31 20:09:12,2022-03-31 20:20:53,E 39 St & Lexington Ave,6389,W 35 St & 9 Ave,6569,40.7494985460252,-73.97729203113158,40.75414519263519,-73.9960889518261,member
1198221,A2CB41596B800B2D,classic_bike,2022-03-23 11:30:09,2022-03-23 11:35:25,W 35 St & 9 Ave,6569,9 Ave & W 22 St,6266,40.75414519263519,-73.9960889518261,40.7454973,-74.00197139,member
1198227,53FF2B44F9658142,electric_bike,2022-03-12 18:17:01,2022-03-12 18:38:59,W 35 St & 9 Ave,6569,W 35 St & 9 Ave,6569,40.75414519263519,-73.9960889518261,40.75414519263519,-73.9960889518261,member
1198240,568175F198539FAE,electric_bike,2022-03-07 11:30:51,2022-03-07 11:41:45,W 15 St & 7 Ave,6030,W 35 St & 9 Ave,6569,40.73935542,-73.99931783,40.75414519263519,-73.9960889518261,member
1198249,5FD7F0BED0DBD0A6,electric_bike,2022-03-04 18:23:09,2022-03-04 18:23:22,W 35 St & 9 Ave,6569,W 35 St & 9 Ave,6569,40.75414519263519,-73.9960889518261,40.75414519263519,-73.9960889518261,member
1198258,B74824CA42BDC530,classic_bike,2022-03-04 13:21:35,2022-03-04 13:22:30,W 35 St & 9 Ave,6569,W 35 St & 9 Ave,6569,40.75414519263519,-73.9960889518261,40.75414519263519,-73.9960889518261,casual
1198259,C001520BB85D88AF,classic_bike,2022-03-04 13:19:07,2022-03-04 13:19:43,W 35 St & 9 Ave,6569,W 35 St & 9 Ave,6569,40.75414519263519,-73.9960889518261,40.75414519263519,-73.9960889518261,casual
1198267,BFF3568978BF63E9,classic_bike,2022-03-06 17:08:30,2022-03-06 17:08:33,W 35 St & 9 Ave,6569,W 35 St & 9 Ave,6569,40.75414519263519,-73.9960889518261,40.75414519263519,-73.9960889518261,casual
1198271,DD153B6ACD956541,electric_bike,2022-03-16 12:13:53,2022-03-16 12:23:57,W 35 St & 9 Ave,6569,2 Ave & E 29 St,6122,40.75414519263519,-73.9960889518261,40.74172351097472,-73.97809267044067,casual
1198272,8515CD627F3B49E3,classic_bike,2022-03-08 14:11:20,2022-03-08 14:12:14,W 35 St & 9 Ave,6569,W 35 St & 9 Ave,6569,40.75414519263519,-73.9960889518261,40.75414519263519,-73.9960889518261,casual
1198273,6F0209D63125172E,electric_bike,2022-03-08 11:25:48,2022-03-08 12:24:58,W 35 St & 9 Ave,6569,W 35 St & 9 Ave,6569,40.75414519263519,-73.9960889518261,40.75414519263519,-73.9960889518261,casual
1198277,753A05F9996BAD79,electric_bike,2022-03-21 14:12:50,2022-03-21 14:12:57,W 35 St & 9 Ave,6569,W 35 St & 9 Ave,6569,40.75414519263519,-73.9960889518261,40.75414519263519,-73.9960889518261,casual
1198293,16E6CBECAC8983FE,electric_bike,2022-03-28 10:27:16,2022-03-28 10:30:06,W 42 St & 8 Ave,6602,W 35 St & 9 Ave,6569,40.7575699,-73.99098507,40.75414519263519,-73.9960889518261,member
1198296,357F1C4258C5F273,classic_bike,2022-03-10 09:14:10,2022-03-10 09:36:54,E 2 St & Avenue A,5553,W 35 St & 9 Ave,6569,40.72307749068673,-73.98583620786667,40.75414519263519,-73.9960889518261,member
1198341,A0F61A93BC9BDBA0,classic_bike,2022-03-25 16:41:26,2022-03-25 16:54:17,W 35 St & 9 Ave,6569,2 Ave & E 29 St,6122,40.75414519263519,-73.9960889518261,40.74172351097472,-73.97809267044067,member
1198343,D84247D6B89AE467,classic_bike,2022-03-31 17:23:43,2022-03-31 17:37:26,W 35 St & 9 Ave,6569,2 Ave & E 29 St,6122,40.75414519263519,-73.9960889518261,40.74172351097472,-73.97809267044067,member
1198344,00D458A690CFAC28,electric_bike,2022-03-12 18:17:46,2022-03-12 18:38:55,W 35 St & 9 Ave,6569,W 35 St & 9 Ave,6569,40.75414519263519,-73.9960889518261,40.75414519263519,-73.9960889518261,member
1198345,BEEE9D329C87864D,electric_bike,2022-03-12 18:17:02,2022-03-12 18:17:30,W 35 St & 9 Ave,6569,W 35 St & 9 Ave,6569,40.75414519263519,-73.9960889518261,40.75414519263519,-73.9960889518261,member
1198366,5CED1332197250C3,classic_bike,2022-03-30 11:20:52,2022-03-30 11:34:21,W 13 St & 7 Ave,6030,W 35 St & 9 Ave,6569,40.73781509,-73.99994661,40.75414519263519,-73.9960889518261,member
1198377,AC6E8E6C1499D575,classic_bike,2022-03-01 08:00:47,2022-03-01 09:19:09,W 20 St & 10 Ave,6306,W 35 St & 9 Ave,6569,40.745686,-74.005141,40.75414519263519,-73.9960889518261,member
1198382,DEDB408A7760CEF3,electric_bike,2022-03-10 12:47:03,2022-03-10 13:40:03,Ave A & E 11 St,5703,W 35 St & 9 Ave,6569,40.72854745023944,-73.98175925016403,40.75414519263519,-73.9960889518261,member
1198404,9DC18625A27C04A8,classic_bike,2022-03-25 20:25:07,2022-03-25 20:25:44,W 35 St & 9 Ave,6569,W 35 St & 9 Ave,6569,40.75414519263519,-73.9960889518261,40.75414519263519,-73.9960889518261,casual
1198406,DCF37F5B8372266A,electric_bike,2022-03-11 18:06:58,2022-03-11 18:23:30,Ave A & E 11 St,5703,W 35 St & 9 Ave,6569,40.72854745023944,-73.98175925016403,40.75414519263519,-73.9960889518261,member
1198407,B53AC46FDF2174D4,electric_bike,2022-03-01 18:07:14,2022-03-01 18:22:38,Ave A & E 11 St,5703,W 35 St & 9 Ave,6569,40.72854745023944,-73.98175925016403,40.75414519263519,-73.9960889518261,member
1198409,76936354E9904210,electric_bike,2022-03-25 18:38:14,2022-03-25 18:54:56,Ave A & E 11 St,5703,W 35 St & 9 Ave,6569,40.72854745023944,-73.98175925016403,40.75414519263519,-73.9960889518261,member
1198423,2DAAA52865FC6EC0,classic_bike,2022-03-07 14:17:48,2022-03-07 14:32:58,Greenwich Ave & 8 Ave,6072,W 35 St & 9 Ave,6569,40.7390169121,-74.0026376103,40.75414519263519,-73.9960889518261,member
1198426,132914A714F94F77,electric_bike,2022-03-15 09:28:19,2022-03-15 09:37:09,Greenwich Ave & 8 Ave,6072,W 35 St & 9 Ave,6569,40.7390169121,-74.0026376103,40.75414519263519,-73.9960889518261,member
1198436,296BDCC1668B4104,classic_bike,2022-03-05 19:23:18,2022-03-05 19:31:09,W 50 St & 10 Ave,6890,W 35 St & 9 Ave,6569,40.76473420006519,-73.99194359779358,40.75414519263519,-73.9960889518261,member
1198449,15E026D11FCD7FEB,classic_bike,2022-03-17 20:24:04,2022-03-17 20:33:33,E 27 St & Park Ave S,6131,W 35 St & 9 Ave,6569,40.74275179648995,-73.9847157150507,40.75414519263519,-73.9960889518261,member
1198452,2779D31382967111,classic_bike,2022-03-01 08:37:16,2022-03-01 08:45:07,W 50 St & 10 Ave,6890,W 35 St & 9 Ave,6569,40.76473420006519,-73.99194359779358,40.75414519263519,-73.9960889518261,member
1198458,59546DBE316F9529,classic_bike,2022-03-15 17:30:01,2022-03-15 17:41:15,E 27 St & Park Ave S,6131,W 35 St & 9 Ave,6569,40.74275179648995,-73.9847157150507,40.75414519263519,-73.9960889518261,member
1198473,3C24EF6C720C4D54,classic_bike,2022-03-02 15:43:30,2022-03-02 15:56:42,W 50 St & 10 Ave,6890,W 35 St & 9 Ave,6569,40.76473420006519,-73.99194359779358,40.75414519263519,-73.9960889518261,member
1198477,C98E7890D57AADE0,classic_bike,2022-03-08 07:28:14,2022-03-08 07:35:20,W 50 St & 10 Ave,6890,W 35 St & 9 Ave,6569,40.76473420006519,-73.99194359779358,40.75414519263519,-73.9960889518261,member
1198478,A1D6A47D95CBBD2D,classic_bike,2022-03-10 08:44:21,2022-03-10 08:51:15,W 50 St & 10 Ave,6890,W 35 St & 9 Ave,6569,40.76473420006519,-73.99194359779358,40.75414519263519,-73.9960889518261,member
1198481,42EB9976F8D1B9EF,electric_bike,2022-03-15 12:15:22,2022-03-15 12:29:50,E 27 St & Park Ave S,6131,W 35 St & 9 Ave,6569,40.74275179648995,-73.9847157150507,40.75414519263519,-73.9960889518261,casual
1198489,38218F4B1B37E744,classic_bike,2022-03-22 18:54:10,2022-03-22 19:05:32,Greenwich Ave & 8 Ave,6072,W 35 St & 9 Ave,6569,40.7390169121,-74.0026376103,40.75414519263519,-73.9960889518261,member
1198491,6CF1267564445C38,electric_bike,2022-03-25 11:54:35,2022-03-25 12:00:55,Greenwich Ave & 8 Ave,6072,W 35 St & 9 Ave,6569,40.7390169121,-74.0026376103,40.75414519263519,-73.9960889518261,member
1198492,DEF4A49630FFA4C1,classic_bike,2022-03-24 09:03:49,2022-03-24 09:09:51,W 50 St & 10 Ave,6890,W 35 St & 9 Ave,6569,40.76473420006519,-73.99194359779358,40.75414519263519,-73.9960889518261,member
1198509,37F826B23B499295,classic_bike,2022-03-30 08:44:26,2022-03-30 08:50:22,W 50 St & 10 Ave,6890,W 35 St & 9 Ave,6569,40.76473420006519,-73.99194359779358,40.75414519263519,-73.9960889518261,member
1198534,A814D4124EF24020,classic_bike,2022-03-17 19:06:50,2022-03-17 19:14:35,Broadway\t& W 48 St,6708,W 35 St & 9 Ave,6569,40.76017739537783,-73.98486793041229,40.75414519263519,-73.9960889518261,member
1198539,10648D0F7F197715,classic_bike,2022-03-22 08:41:32,2022-03-22 08:47:41,W 50 St & 10 Ave,6890,W 35 St & 9 Ave,6569,40.76473420006519,-73.99194359779358,40.75414519263519,-73.9960889518261,member
1198540,D86A22AEB6FD5399,electric_bike,2022-03-07 11:10:24,2022-03-07 11:17:29,Greenwich Ave & 8 Ave,6072,W 35 St & 9 Ave,6569,40.7390169121,-74.0026376103,40.75414519263519,-73.9960889518261,member
1198548,97749084D2C2990C,classic_bike,2022-03-23 08:43:43,2022-03-23 08:50:32,W 50 St & 10 Ave,6890,W 35 St & 9 Ave,6569,40.76473420006519,-73.99194359779358,40.75414519263519,-73.9960889518261,member
1198550,963CF1BFE5FB2F08,classic_bike,2022-03-17 18:43:07,2022-03-17 18:55:07,Greenwich Ave & 8 Ave,6072,W 35 St & 9 Ave,6569,40.7390169121,-74.0026376103,40.75414519263519,-73.9960889518261,member
1198552,FAE9606147351699,classic_bike,2022-03-15 12:43:17,2022-03-15 12:53:02,Greenwich Ave & 8 Ave,6072,W 35 St & 9 Ave,6569,40.7390169121,-74.0026376103,40.75414519263519,-73.9960889518261,casual
1198561,B50F394ADDCF6334,electric_bike,2022-03-21 09:32:30,2022-03-21 09:41:16,Greenwich Ave & 8 Ave,6072,W 35 St & 9 Ave,6569,40.7390169121,-74.0026376103,40.75414519263519,-73.9960889518261,member
1198565,E89F9368997C0637,classic_bike,2022-03-08 17:56:25,2022-03-08 18:08:41,Greenwich Ave & 8 Ave,6072,W 35 St & 9 Ave,6569,40.7390169121,-74.0026376103,40.75414519263519,-73.9960889518261,member
1198585,EDD5A60BADF5945F,electric_bike,2022-03-21 19:24:43,2022-03-21 19:36:51,University Pl & E 14 St,5905,W 35 St & 9 Ave,6569,40.734814,-73.992085,40.75414519263519,-73.9960889518261,member
1198588,C0C9EB7F1BDDD0ED,electric_bike,2022-03-22 09:38:28,2022-03-22 10:03:48,E 92 St & Park Ave,7344,W 35 St & 9 Ave,6569,40.78385,-73.95416,40.75414519263519,-73.9960889518261,member
1198608,9F2E83066AC1E4B1,electric_bike,2022-03-01 14:51:19,2022-03-01 14:54:36,W 34 St &\tHudson Blvd E,6535,W 35 St & 9 Ave,6569,40.75516719072139,-74.00059908628464,40.75414519263519,-73.9960889518261,member
1198614,DB5332D3107F562F,electric_bike,2022-03-18 11:26:16,2022-03-18 11:38:16,Spring St & Hudson St,5653,W 35 St & 9 Ave,6569,40.72583996792375,-74.0076532959938,40.75414519263519,-73.9960889518261,member
1198618,08BF4AE76A28FF77,classic_bike,2022-03-01 17:43:34,2022-03-01 17:47:11,W 34 St &\tHudson Blvd E,6535,W 35 St & 9 Ave,6569,40.75516719072139,-74.00059908628464,40.75414519263519,-73.9960889518261,casual
1198629,5EA35006E1C0F2A3,classic_bike,2022-03-23 17:11:07,2022-03-23 17:23:12,W 18 St & 6 Ave,6064,W 35 St & 9 Ave,6569,40.73971301,-73.99456405,40.75414519263519,-73.9960889518261,member
1198645,61F92B4EF4172B27,classic_bike,2022-03-22 14:20:20,2022-03-22 14:26:03,W 35 St & 9 Ave,6569,9 Ave & W 22 St,6266,40.75414519263519,-73.9960889518261,40.7454973,-74.00197139,member
1198676,B2EAAF572C392DC6,classic_bike,2022-03-24 20:43:08,2022-03-24 20:45:53,W 34 St &\tHudson Blvd E,6535,W 35 St & 9 Ave,6569,40.75516719072139,-74.00059908628464,40.75414519263519,-73.9960889518261,member
1198681,C1D01B480981453A,classic_bike,2022-03-02 08:21:14,2022-03-02 08:33:59,W 35 St & Dyer Ave,6569,2 Ave & E 29 St,6122,40.754691750226016,-73.99740189313889,40.74172351097472,-73.97809267044067,member
1198683,8CA5B1B5CA19170C,classic_bike,2022-03-18 17:47:31,2022-03-18 17:52:56,W 35 St & Dyer Ave,6569,9 Ave & W 22 St,6266,40.754691750226016,-73.99740189313889,40.7454973,-74.00197139,member
1198693,932C4FCA15026FAB,electric_bike,2022-03-31 14:00:27,2022-03-31 14:11:31,W 41 St & 8 Ave,6602,W 35 St & 9 Ave,6569,40.75640548,-73.9900262,40.75414519263519,-73.9960889518261,member
1198698,BCEC26497B126A78,classic_bike,2022-03-25 17:19:43,2022-03-25 17:27:48,Broadway & W 53 St,6779,W 35 St & 9 Ave,6569,40.76344058,-73.98268129,40.75414519263519,-73.9960889518261,member
1198703,0C556EF7435B29CE,classic_bike,2022-03-02 05:29:25,2022-03-02 05:34:01,W 41 St & 8 Ave,6602,W 35 St & 9 Ave,6569,40.75640548,-73.9900262,40.75414519263519,-73.9960889518261,member
1198712,4F222D379E584DB3,classic_bike,2022-03-17 15:10:11,2022-03-17 15:16:28,Broadway & W 38 St,6560,W 35 St & 9 Ave,6569,40.7529728216068,-73.98734897375107,40.75414519263519,-73.9960889518261,member
1198726,00178BA40D29CA09,electric_bike,2022-03-11 06:55:04,2022-03-11 07:11:50,Riverside Blvd & W 67 St,7183,W 35 St & 9 Ave,6569,40.777507027547976,-73.98888587951659,40.75414519263519,-73.9960889518261,member
1198730,DD6A4861BC68722A,classic_bike,2022-03-11 14:05:35,2022-03-11 14:14:19,Greenwich Ave & 8 Ave,6072,W 35 St & 9 Ave,6569,40.7390169121,-74.0026376103,40.75414519263519,-73.9960889518261,member
1198759,BCBD1E1560ACD09E,classic_bike,2022-03-23 16:23:13,2022-03-23 16:48:21,E 44 St & Lexington Ave,6464,W 35 St & 9 Ave,6569,40.752643,-73.974996,40.75414519263519,-73.9960889518261,casual
1198779,3A7432C3AAEE330D,electric_bike,2022-03-18 11:14:42,2022-03-18 11:26:33,Madison Ave & E 26 St,6131,W 35 St & 9 Ave,6569,40.742684734875695,-73.98671329021454,40.75414519263519,-73.9960889518261,casual
1198785,15A140CE5FD9D545,classic_bike,2022-03-16 11:19:33,2022-03-16 11:32:44,Madison Ave & E 26 St,6131,W 35 St & 9 Ave,6569,40.742684734875695,-73.98671329021454,40.75414519263519,-73.9960889518261,member
1198791,76C3C5EC824541B7,electric_bike,2022-03-10 06:10:54,2022-03-10 06:14:57,Broadway & W 38 St,6560,W 35 St & 9 Ave,6569,40.7529728216068,-73.98734897375107,40.75414519263519,-73.9960889518261,member
1198811,068EA7193D79B788,classic_bike,2022-03-30 13:45:15,2022-03-30 13:56:27,E 45 St & 3 Ave,6464,W 35 St & 9 Ave,6569,40.75255434,-73.97282625,40.75414519263519,-73.9960889518261,member
1198844,7A6DDEC6E3D4D139,classic_bike,2022-03-01 11:20:40,2022-03-01 11:51:58,Division Ave & Marcy Ave,5084,W 35 St & 9 Ave,6569,40.70708701,-73.95796783,40.75414519263519,-73.9960889518261,member
1198846,89AE49F3AC795641,classic_bike,2022-03-20 20:57:02,2022-03-20 21:05:29,Greenwich Ave & 8 Ave,6072,W 35 St & 9 Ave,6569,40.7390169121,-74.0026376103,40.75414519263519,-73.9960889518261,member
1198850,22C92535C80EA955,classic_bike,2022-03-02 09:18:34,2022-03-02 09:27:08,W 50 St & 10 Ave,6890,W 35 St & 9 Ave,6569,40.76473420006519,-73.99194359779358,40.75414519263519,-73.9960889518261,member
1198865,0F533E22403C5F69,classic_bike,2022-03-24 19:11:31,2022-03-24 19:51:58,North Moore St & Greenwich St,5470,W 35 St & 9 Ave,6569,40.72019521437465,-74.0103006362915,40.75414519263519,-73.9960889518261,member
1198879,14217CF19CDBC497,electric_bike,2022-03-30 07:48:24,2022-03-30 08:03:53,Columbus Ave & W 95 St,7520,W 35 St & 9 Ave,6569,40.7919557,-73.968087,40.75414519263519,-73.9960889518261,member
1198880,555B7BE2D0B3BD7B,classic_bike,2022-03-07 10:49:06,2022-03-07 11:08:06,Columbus Ave & W 95 St,7520,W 35 St & 9 Ave,6569,40.7919557,-73.968087,40.75414519263519,-73.9960889518261,member
1198902,81628D2EAAA00859,classic_bike,2022-03-10 14:04:34,2022-03-10 14:43:24,Maiden Ln & Pearl St,5065,W 35 St & 9 Ave,6569,40.70706456,-74.00731853,40.75414519263519,-73.9960889518261,casual
1198907,7A848503BE2DEC99,electric_bike,2022-03-25 16:07:31,2022-03-25 16:17:25,E 47 St & Park Ave,6584,W 35 St & 9 Ave,6569,40.75510267,-73.97498696,40.75414519263519,-73.9960889518261,member
1198916,B79FF14CA22BDBA8,electric_bike,2022-03-17 10:32:12,2022-03-17 10:41:59,W 13 St & 5 Ave,5947,W 35 St & 9 Ave,6569,40.735445,-73.99431,40.75414519263519,-73.9960889518261,member
1198929,37D4D198389049AE,classic_bike,2022-03-02 17:30:50,2022-03-02 17:47:43,W 13 St & 5 Ave,5947,W 35 St & 9 Ave,6569,40.735445,-73.99431,40.75414519263519,-73.9960889518261,member
1198948,7CC65BFEB4CF29E0,classic_bike,2022-03-07 18:07:11,2022-03-07 18:20:31,W 44 St & 5 Ave,6551,W 35 St & 9 Ave,6569,40.75500254,-73.98014437,40.75414519263519,-73.9960889518261,member
1198949,8FF578B221D41CA2,electric_bike,2022-03-22 12:58:02,2022-03-22 13:09:54,W 13 St & 5 Ave,5947,W 35 St & 9 Ave,6569,40.735445,-73.99431,40.75414519263519,-73.9960889518261,member
1198970,1612322F65FBB969,electric_bike,2022-03-30 09:32:49,2022-03-30 09:43:43,E 47 St & 1 Ave,6498,W 35 St & 9 Ave,6569,40.75206862,-73.96784384,40.75414519263519,-73.9960889518261,member
1198971,7176E3D53578117E,electric_bike,2022-03-11 09:13:57,2022-03-11 09:24:49,E 47 St & 1 Ave,6498,W 35 St & 9 Ave,6569,40.75206862,-73.96784384,40.75414519263519,-73.9960889518261,member
1198976,F3D0BED82C97544F,classic_bike,2022-03-24 18:27:15,2022-03-24 18:51:43,Pier 40 - Hudson River Park,5696,W 35 St & 9 Ave,6569,40.7277140777778,-74.01129573583603,40.75414519263519,-73.9960889518261,casual
1198977,7CCFC161535F811F,classic_bike,2022-03-29 15:32:04,2022-03-29 15:41:27,W 44 St & 5 Ave,6551,W 35 St & 9 Ave,6569,40.75500254,-73.98014437,40.75414519263519,-73.9960889518261,member
1198978,A6B96F97C36FA317,electric_bike,2022-03-23 15:38:09,2022-03-23 16:03:41,Riverside Dr & W 104 St,7623,W 35 St & 9 Ave,6569,40.8013434,-73.9711457439,40.75414519263519,-73.9960889518261,casual
1198985,FD4A8CDB7443F4FB,classic_bike,2022-03-18 17:11:03,2022-03-18 17:29:12,1 Ave & E 30 St,6079,W 35 St & 9 Ave,6569,40.74144387,-73.97536082,40.75414519263519,-73.9960889518261,member
1199007,E9E8DCE0899F2558,classic_bike,2022-03-22 18:26:21,2022-03-22 18:32:52,W 44 St & 5 Ave,6551,W 35 St & 9 Ave,6569,40.75500254,-73.98014437,40.75414519263519,-73.9960889518261,member
1199008,4068F49424340E78,classic_bike,2022-03-30 18:10:42,2022-03-30 18:17:17,W 44 St & 5 Ave,6551,W 35 St & 9 Ave,6569,40.75500254,-73.98014437,40.75414519263519,-73.9960889518261,member
1199016,EDEEABB1B5C20B0A,classic_bike,2022-03-24 08:55:27,2022-03-24 09:03:13,W 47 St & 10 Ave,6824,W 35 St & 9 Ave,6569,40.76269882,-73.99301222,40.75414519263519,-73.9960889518261,member
1199046,04F90C51C687C7C6,electric_bike,2022-03-14 09:13:48,2022-03-14 09:24:51,E 47 St & 1 Ave,6498,W 35 St & 9 Ave,6569,40.75206862,-73.96784384,40.75414519263519,-73.9960889518261,member
1199050,D01F1B0E66DE5B3A,classic_bike,2022-03-04 17:03:43,2022-03-04 17:10:57,W 44 St & 5 Ave,6551,W 35 St & 9 Ave,6569,40.75500254,-73.98014437,40.75414519263519,-73.9960889518261,member
1199065,2A8D55182E3FE9F1,classic_bike,2022-03-14 20:49:54,2022-03-14 20:53:52,8 Ave & W 38 St,6526,W 35 St & 9 Ave,6569,40.75461,-73.99177,40.75414519263519,-73.9960889518261,member
1199077,2964125C44E6F74E,classic_bike,2022-03-10 18:00:31,2022-03-10 18:16:25,W 13 St & 5 Ave,5947,W 35 St & 9 Ave,6569,40.735445,-73.99431,40.75414519263519,-73.9960889518261,member
1199081,C2DAB23368D9CA7E,classic_bike,2022-03-19 11:59:45,2022-03-19 12:13:03,Lexington Ave & E 29 St,6164,W 35 St & 9 Ave,6569,40.74311555376486,-73.98215353488922,40.75414519263519,-73.9960889518261,member
1199084,E8AF7EFA3AB336D5,electric_bike,2022-03-24 09:23:36,2022-03-24 09:34:27,Morton St & Washington St,5772,W 35 St & 9 Ave,6569,40.73115,-74.00887,40.75414519263519,-73.9960889518261,member
1199101,B5E6D708DC764906,classic_bike,2022-03-03 19:30:00,2022-03-03 19:34:19,9 Ave & W 45 St,6717,W 35 St & 9 Ave,6569,40.76019252,-73.9912551,40.75414519263519,-73.9960889518261,member
1199110,2F3A7D6F7844067E,classic_bike,2022-03-04 18:17:26,2022-03-04 18:21:29,9 Ave & W 45 St,6717,W 35 St & 9 Ave,6569,40.76019252,-73.9912551,40.75414519263519,-73.9960889518261,member
1199117,B365B7726B996F40,classic_bike,2022-03-30 08:42:19,2022-03-30 08:46:49,9 Ave & W 45 St,6717,W 35 St & 9 Ave,6569,40.76019252,-73.9912551,40.75414519263519,-73.9960889518261,member
1199124,CA181A56A0648FC1,electric_bike,2022-03-10 08:16:47,2022-03-10 08:24:18,W 56 St & 10 Ave,6955,W 35 St & 9 Ave,6569,40.768254,-73.988639,40.75414519263519,-73.9960889518261,member
1199131,D2E98F5BE3531C81,electric_bike,2022-03-29 15:26:50,2022-03-29 15:36:03,Broadway & W 58 St,6948,W 35 St & 9 Ave,6569,40.76695317,-73.98169333,40.75414519263519,-73.9960889518261,member
1199139,B8DA85B893DDD025,classic_bike,2022-03-02 08:12:00,2022-03-02 08:29:37,Cooper Square & Astor Pl,5712,W 35 St & 9 Ave,6569,40.72951496224949,-73.99075269699097,40.75414519263519,-73.9960889518261,member
1199157,16B9B31AC4653564,classic_bike,2022-03-15 08:24:32,2022-03-15 08:47:25,Cooper Square & Astor Pl,5712,W 35 St & 9 Ave,6569,40.72951496224949,-73.99075269699097,40.75414519263519,-73.9960889518261,member
1199177,E6D926F9AB0507AF,electric_bike,2022-03-12 03:27:57,2022-03-12 03:46:34,E 44 St & 2 Ave,6422,W 35 St & 9 Ave,6569,40.75118387463277,-73.97138714790344,40.75414519263519,-73.9960889518261,casual
1199179,2F82DA1C21A283CB,electric_bike,2022-03-03 19:44:19,2022-03-03 19:48:53,W 43 St & 10 Ave,6756,W 35 St & 9 Ave,6569,40.76009437,-73.99461843,40.75414519263519,-73.9960889518261,casual
1199195,DADB282847682C21,electric_bike,2022-03-21 17:44:36,2022-03-21 17:52:24,W 45 St & 8 Ave,6676,W 35 St & 9 Ave,6569,40.75929124,-73.98859651,40.75414519263519,-73.9960889518261,member
1199206,F96B11E5F6712C77,classic_bike,2022-03-10 17:33:30,2022-03-10 17:48:54,1 Ave & E 30 St,6079,W 35 St & 9 Ave,6569,40.74144387,-73.97536082,40.75414519263519,-73.9960889518261,member
1199208,A56B010CA8EE5FC2,electric_bike,2022-03-15 16:50:54,2022-03-15 16:57:54,W 44 St & 5 Ave,6551,W 35 St & 9 Ave,6569,40.75500254,-73.98014437,40.75414519263519,-73.9960889518261,member
1199211,ABD6E9C04069E742,classic_bike,2022-03-10 09:36:56,2022-03-10 09:46:00,W 44 St & 5 Ave,6551,W 35 St & 9 Ave,6569,40.75500254,-73.98014437,40.75414519263519,-73.9960889518261,member
1199219,D1B16A9F18EE7CC6,electric_bike,2022-03-21 16:01:50,2022-03-21 16:59:50,E 84 St & 1 Ave,7180,W 35 St & 9 Ave,6569,40.77565541,-73.95068615,40.75414519263519,-73.9960889518261,casual
1199237,293FB37611E50F85,electric_bike,2022-03-24 12:08:17,2022-03-24 12:34:00,Crescent St & 34 Ave,6759,W 35 St & 9 Ave,6569,40.76108,-73.930562,40.75414519263519,-73.9960889518261,member
1199246,1378FB3F1CBDB1A5,classic_bike,2022-03-26 12:27:02,2022-03-26 12:34:44,W 45 St & 8 Ave,6676,W 35 St & 9 Ave,6569,40.75929124,-73.98859651,40.75414519263519,-73.9960889518261,member
1199247,F5C981EDD543E548,classic_bike,2022-03-08 13:32:25,2022-03-08 13:59:25,E 84 St & 1 Ave,7180,W 35 St & 9 Ave,6569,40.77565541,-73.95068615,40.75414519263519,-73.9960889518261,member
1199260,277CB3A327F52DFE,electric_bike,2022-03-28 17:39:45,2022-03-28 17:48:37,W 44 St & 5 Ave,6551,W 35 St & 9 Ave,6569,40.75500254,-73.98014437,40.75414519263519,-73.9960889518261,casual
1199266,667199C1F9A5DE0B,electric_bike,2022-03-30 18:49:10,2022-03-30 19:11:21,E 5 St & Avenue C,5545,W 35 St & 9 Ave,6569,40.72299208,-73.97995466,40.75414519263519,-73.9960889518261,member
1199281,91F5519D058B1B1C,classic_bike,2022-03-12 20:46:07,2022-03-12 21:01:24,W 44 St & 5 Ave,6551,W 35 St & 9 Ave,6569,40.75500254,-73.98014437,40.75414519263519,-73.9960889518261,member
1199301,492944DB08F109FC,classic_bike,2022-03-22 22:58:06,2022-03-22 23:02:35,W 45 St & 8 Ave,6676,W 35 St & 9 Ave,6569,40.75929124,-73.98859651,40.75414519263519,-73.9960889518261,member
1199306,1CCEA4CE6D9238C7,classic_bike,2022-03-19 17:28:05,2022-03-19 17:39:58,W 4 St & 7 Ave S,5880,W 35 St & 9 Ave,6569,40.73401143,-74.00293877,40.75414519263519,-73.9960889518261,casual
1199307,EFD543A5ABFAC6E1,classic_bike,2022-03-30 18:30:19,2022-03-30 19:14:55,W 45 St & 8 Ave,6676,W 35 St & 9 Ave,6569,40.75929124,-73.98859651,40.75414519263519,-73.9960889518261,casual
1199309,B924DD299B5C3C86,classic_bike,2022-03-22 18:53:21,2022-03-22 19:11:30,Lafayette St & Jersey St,5561,W 35 St & 9 Ave,6569,40.72456089,-73.99565293,40.75414519263519,-73.9960889518261,member
1199346,D08783B6F71D5233,electric_bike,2022-03-31 20:17:42,2022-03-31 20:28:26,W 4 St & 7 Ave S,5880,W 35 St & 9 Ave,6569,40.73401143,-74.00293877,40.75414519263519,-73.9960889518261,member
1199388,79EBF39E29C44972,classic_bike,2022-03-16 07:24:23,2022-03-16 07:28:41,Broadway & W 36 St,6441,W 35 St & 9 Ave,6569,40.75097711,-73.98765428,40.75414519263519,-73.9960889518261,member
1199398,F77E23274EB3EE79,classic_bike,2022-03-15 09:12:06,2022-03-15 09:17:43,Broadway & W 36 St,6441,W 35 St & 9 Ave,6569,40.75097711,-73.98765428,40.75414519263519,-73.9960889518261,member
1199399,B83718AB70E4C318,electric_bike,2022-03-25 18:16:31,2022-03-25 18:35:22,E 11 St & 1 Ave,5746,W 35 St & 9 Ave,6569,40.72953837,-73.98426726,40.75414519263519,-73.9960889518261,casual
1199403,C632B8CAF0E2CA08,classic_bike,2022-03-10 09:24:03,2022-03-10 09:35:38,Madison Ave & E 26 St,6131,W 35 St & 9 Ave,6569,40.742684734875695,-73.98671329021454,40.75414519263519,-73.9960889518261,member
1199410,67F332D0DEF89F49,electric_bike,2022-03-21 16:03:16,2022-03-21 16:59:48,E 84 St & 1 Ave,7180,W 35 St & 9 Ave,6569,40.77565541,-73.95068615,40.75414519263519,-73.9960889518261,casual
1199413,C5172F4413CBC3C8,electric_bike,2022-03-27 23:54:12,2022-03-28 00:06:34,E 20 St & 2 Ave,5971,W 35 St & 9 Ave,6569,40.73587678,-73.98205027,40.75414519263519,-73.9960889518261,member
1199425,248EFD1201BEBA01,electric_bike,2022-03-07 17:34:32,2022-03-07 17:56:23,1 Ave & E 68 St,6822,W 35 St & 9 Ave,6569,40.76500525,-73.95818491,40.75414519263519,-73.9960889518261,member
1199426,B37B761DEA657399,classic_bike,2022-03-11 19:19:39,2022-03-11 19:39:47,1 Ave & E 68 St,6822,W 35 St & 9 Ave,6569,40.76500525,-73.95818491,40.75414519263519,-73.9960889518261,member
1199457,1142CE17D542D6D4,electric_bike,2022-03-30 09:05:25,2022-03-30 09:14:03,W 15 St & 6 Ave,5989,W 35 St & 9 Ave,6569,40.738046142482766,-73.99642959237099,40.75414519263519,-73.9960889518261,member
1199468,3C3DFC610B151DC8,classic_bike,2022-03-16 14:11:01,2022-03-16 14:24:59,W 12 St & Hudson St,5997,W 35 St & 9 Ave,6569,40.73752993301071,-74.00558933615685,40.75414519263519,-73.9960889518261,member
1199476,757AFACB398824EB,classic_bike,2022-03-23 10:51:32,2022-03-23 10:56:18,W 34 St &\tHudson Blvd E,6535,W 35 St & 9 Ave,6569,40.75516719072139,-74.00059908628464,40.75414519263519,-73.9960889518261,member
1199478,83E4B45A24C86DDB,classic_bike,2022-03-25 21:20:44,2022-03-25 21:24:45,W 34 St &\tHudson Blvd E,6535,W 35 St & 9 Ave,6569,40.75516719072139,-74.00059908628464,40.75414519263519,-73.9960889518261,member
1199479,23DD371BAF37DC4D,classic_bike,2022-03-25 18:31:11,2022-03-25 18:34:19,W 34 St &\tHudson Blvd E,6535,W 35 St & 9 Ave,6569,40.75516719072139,-74.00059908628464,40.75414519263519,-73.9960889518261,member
1199480,A6D66FA6B9A43CE8,electric_bike,2022-03-07 08:39:51,2022-03-07 09:08:01,Washington Ave & Park Ave,4724,W 35 St & 9 Ave,6569,40.69610226,-73.96751037,40.75414519263519,-73.9960889518261,member
1199487,C1EC50EC83A163D3,classic_bike,2022-03-14 17:45:10,2022-03-14 18:08:31,E 58 St & 3 Ave,6762,W 35 St & 9 Ave,6569,40.76095756,-73.96724467,40.75414519263519,-73.9960889518261,member
1199498,0FFB038982BFE78E,classic_bike,2022-03-25 08:24:42,2022-03-25 08:56:25,1 Ave & E 78 St,7020,W 35 St & 9 Ave,6569,40.77140426,-73.9535166,40.75414519263519,-73.9960889518261,member
1199502,7654A6771DFF62BC,classic_bike,2022-03-20 16:20:01,2022-03-20 17:04:30,1 Ave & E 78 St,7020,W 35 St & 9 Ave,6569,40.77140426,-73.9535166,40.75414519263519,-73.9960889518261,casual
1199514,7E34E916949C09E8,classic_bike,2022-03-30 12:08:44,2022-03-30 12:31:02,E 58 St & 3 Ave,6762,W 35 St & 9 Ave,6569,40.76095756,-73.96724467,40.75414519263519,-73.9960889518261,member
1199517,4F6B46960C31F9CF,classic_bike,2022-03-31 16:03:05,2022-03-31 16:05:09,W 34 St &\tHudson Blvd E,6535,W 35 St & 9 Ave,6569,40.75516719072139,-74.00059908628464,40.75414519263519,-73.9960889518261,member
1199535,9344963E5B031294,classic_bike,2022-03-29 08:26:24,2022-03-29 08:41:06,Riverside Blvd & W 67 St,7183,W 35 St & 9 Ave,6569,40.777507027547976,-73.98888587951659,40.75414519263519,-73.9960889518261,member
1199537,99BCF3C8E8D1D0EB,classic_bike,2022-03-11 15:35:41,2022-03-11 15:44:56,W 44 St & 11 Ave,6756,W 35 St & 9 Ave,6569,40.762009,-73.996975,40.75414519263519,-73.9960889518261,casual
1199539,2BF2B623EBA59625,electric_bike,2022-03-22 10:10:42,2022-03-22 10:23:43,E 47 St & 2 Ave,6498,W 35 St & 9 Ave,6569,40.75323098,-73.97032517,40.75414519263519,-73.9960889518261,member
1199547,1C72CC1DC26D4041,electric_bike,2022-03-10 18:22:19,2022-03-10 18:25:46,W 34 St &\tHudson Blvd E,6535,W 35 St & 9 Ave,6569,40.75516719072139,-74.00059908628464,40.75414519263519,-73.9960889518261,casual
1199548,ADE93413FFE661A1,classic_bike,2022-03-16 17:27:01,2022-03-16 17:30:22,W 34 St &\tHudson Blvd E,6535,W 35 St & 9 Ave,6569,40.75516719072139,-74.00059908628464,40.75414519263519,-73.9960889518261,casual
1199549,E14D4D149C34F2B2,classic_bike,2022-03-06 10:50:25,2022-03-06 11:16:07,E 85 St & 3 Ave,7212,W 35 St & 9 Ave,6569,40.77801203,-73.95407149,40.75414519263519,-73.9960889518261,member
1199556,BCB79147E170D463,classic_bike,2022-03-17 19:06:54,2022-03-17 19:19:03,Madison Av & E 51 St,6659,W 35 St & 9 Ave,6569,40.75863,-73.97513,40.75414519263519,-73.9960889518261,member
1199605,547F941ED9F608C3,classic_bike,2022-03-20 15:13:09,2022-03-20 15:29:08,E 13 St & 2 Ave,5820,W 35 St & 9 Ave,6569,40.73153937464073,-73.9853024482727,40.75414519263519,-73.9960889518261,member
1199610,43D98C776F3D0FB3,classic_bike,2022-03-05 17:55:02,2022-03-05 18:07:37,Lexington Ave & E 24 St,6089,W 35 St & 9 Ave,6569,40.74025878,-73.98409214,40.75414519263519,-73.9960889518261,casual
1199619,C359CB751E5E56B0,classic_bike,2022-03-25 08:59:34,2022-03-25 09:05:54,W 50 St & 10 Ave,6890,W 35 St & 9 Ave,6569,40.76473420006519,-73.99194359779358,40.75414519263519,-73.9960889518261,member
1199620,465421BB83B32C00,classic_bike,2022-03-19 09:56:34,2022-03-19 10:03:52,W 50 St & 10 Ave,6890,W 35 St & 9 Ave,6569,40.76473420006519,-73.99194359779358,40.75414519263519,-73.9960889518261,member
1199645,1221536F9B72AF14,classic_bike,2022-03-28 08:53:01,2022-03-28 09:06:32,Lexington Ave & E 24 St,6089,W 35 St & 9 Ave,6569,40.74025878,-73.98409214,40.75414519263519,-73.9960889518261,member
1199652,8004E98EA5271483,electric_bike,2022-03-02 08:18:44,2022-03-02 08:49:23,Clinton Ave & Myrtle Ave,4651,W 35 St & 9 Ave,6569,40.693261,-73.968896,40.75414519263519,-73.9960889518261,member
1199659,C136FC964243B79E,classic_bike,2022-03-02 08:25:23,2022-03-02 08:32:23,W 50 St & 10 Ave,6890,W 35 St & 9 Ave,6569,40.76473420006519,-73.99194359779358,40.75414519263519,-73.9960889518261,member
1199661,A5CF8E67E8536A23,electric_bike,2022-03-29 16:49:59,2022-03-29 16:55:57,Greenwich Ave & 8 Ave,6072,W 35 St & 9 Ave,6569,40.7390169121,-74.0026376103,40.75414519263519,-73.9960889518261,member
1199662,8BAABC2B79AEEDF9,classic_bike,2022-03-29 11:29:26,2022-03-29 11:36:15,W 50 St & 10 Ave,6890,W 35 St & 9 Ave,6569,40.76473420006519,-73.99194359779358,40.75414519263519,-73.9960889518261,member
1199681,B4789B8C65A5D49D,classic_bike,2022-03-06 17:13:25,2022-03-06 18:17:42,10 Ave & W 14 St,6157,W 35 St & 9 Ave,6569,40.74198159994023,-74.00831580162048,40.75414519263519,-73.9960889518261,casual
1199706,F9C689446082F4C4,classic_bike,2022-03-07 19:47:25,2022-03-07 19:59:31,E 51 St & Lexington Ave,6659,W 35 St & 9 Ave,6569,40.75714758,-73.97207836,40.75414519263519,-73.9960889518261,member
1199731,6DE29BD12B47024B,classic_bike,2022-03-25 18:13:08,2022-03-25 18:27:47,10 Ave & W 14 St,6157,W 35 St & 9 Ave,6569,40.74198159994023,-74.00831580162048,40.75414519263519,-73.9960889518261,casual
1199736,D7DB01DEA4581A41,classic_bike,2022-03-30 13:14:01,2022-03-30 13:21:33,W 50 St & 10 Ave,6890,W 35 St & 9 Ave,6569,40.76473420006519,-73.99194359779358,40.75414519263519,-73.9960889518261,member
1199739,70833C6DE2A8EB87,classic_bike,2022-03-10 12:41:15,2022-03-10 12:59:55,E 51 St & Lexington Ave,6659,W 35 St & 9 Ave,6569,40.75714758,-73.97207836,40.75414519263519,-73.9960889518261,member
1199740,764CBF026AD655FE,electric_bike,2022-03-10 17:57:07,2022-03-10 18:08:40,Amsterdam Ave & W 66 St,7149,W 35 St & 9 Ave,6569,40.7746671,-73.98470567,40.75414519263519,-73.9960889518261,member
1199818,C4CB87A054A3747C,electric_bike,2022-03-17 14:37:59,2022-03-17 14:45:27,E 27 St & Park Ave S,6131,W 35 St & 9 Ave,6569,40.74275179648995,-73.9847157150507,40.75414519263519,-73.9960889518261,member
1199820,6EF8595A6328CB95,classic_bike,2022-03-15 08:22:23,2022-03-15 08:29:24,W 50 St & 10 Ave,6890,W 35 St & 9 Ave,6569,40.76473420006519,-73.99194359779358,40.75414519263519,-73.9960889518261,member
1199824,F6D924590F744AF2,classic_bike,2022-03-26 13:52:54,2022-03-26 14:02:28,W 46 St & 11 Ave,6795,W 35 St & 9 Ave,6569,40.76341379,-73.99667444,40.75414519263519,-73.9960889518261,member
1199859,561366242048354F,classic_bike,2022-03-07 14:45:29,2022-03-07 14:56:17,W 25 St & 6 Ave,6215,W 35 St & 9 Ave,6569,40.74395411,-73.99144871,40.75414519263519,-73.9960889518261,member
1199864,6A9119671782294D,classic_bike,2022-03-09 13:47:58,2022-03-09 13:56:46,W 46 St & 11 Ave,6795,W 35 St & 9 Ave,6569,40.76341379,-73.99667444,40.75414519263519,-73.9960889518261,member
1199867,585FFE5EFE0FF944,electric_bike,2022-03-11 12:59:34,2022-03-11 13:19:01,5 Ave & E 93 St,7372,W 35 St & 9 Ave,6569,40.7857851,-73.957481,40.75414519263519,-73.9960889518261,member
1199895,A2EE0A307ECCF56B,classic_bike,2022-03-14 17:28:09,2022-03-14 17:30:39,8 Ave & W 33 St,6450,W 35 St & 9 Ave,6569,40.751551,-73.993934,40.75414519263519,-73.9960889518261,member
1199896,F6AC9710527F6A9C,classic_bike,2022-03-14 16:32:05,2022-03-14 16:33:47,8 Ave & W 33 St,6450,W 35 St & 9 Ave,6569,40.751551,-73.993934,40.75414519263519,-73.9960889518261,member
1199899,422891236BE69D5A,classic_bike,2022-03-22 16:09:52,2022-03-22 16:13:02,8 Ave & W 33 St,6450,W 35 St & 9 Ave,6569,40.751551,-73.993934,40.75414519263519,-73.9960889518261,member
1199916,9FD54F501BBF6DBF,electric_bike,2022-03-02 07:59:24,2022-03-02 08:08:29,W 25 St & 6 Ave,6215,W 35 St & 9 Ave,6569,40.74395411,-73.99144871,40.75414519263519,-73.9960889518261,member
1199920,55C70DB623D76A77,classic_bike,2022-03-29 08:50:39,2022-03-29 09:00:21,W 25 St & 6 Ave,6215,W 35 St & 9 Ave,6569,40.74395411,-73.99144871,40.75414519263519,-73.9960889518261,member
1199922,808A0F25F234E7F5,electric_bike,2022-03-20 15:10:47,2022-03-20 15:17:10,W 25 St & 6 Ave,6215,W 35 St & 9 Ave,6569,40.74395411,-73.99144871,40.75414519263519,-73.9960889518261,member
1199930,943006A2F45A93BF,classic_bike,2022-03-14 19:37:58,2022-03-14 19:40:30,8 Ave & W 31 St,6450,W 35 St & 9 Ave,6569,40.7505853470215,-73.9946848154068,40.75414519263519,-73.9960889518261,member
1199938,D5DC1591FCA5B4E9,classic_bike,2022-03-28 13:26:50,2022-03-28 13:31:29,W 30 St & 8 Ave,6373,W 35 St & 9 Ave,6569,40.74965268472847,-73.9952078461647,40.75414519263519,-73.9960889518261,member
1199948,FE53C0750FD7E758,classic_bike,2022-03-14 17:26:26,2022-03-14 17:31:24,8 Ave & W 31 St,6450,W 35 St & 9 Ave,6569,40.7505853470215,-73.9946848154068,40.75414519263519,-73.9960889518261,member
1199950,99C377E3CB24CF65,electric_bike,2022-03-03 10:45:29,2022-03-03 10:49:08,W 42 St & 8 Ave,6602,W 35 St & 9 Ave,6569,40.7575699,-73.99098507,40.75414519263519,-73.9960889518261,member
1199952,914BE3A889CD31A2,classic_bike,2022-03-10 23:38:19,2022-03-10 23:42:41,W 42 St & 8 Ave,6602,W 35 St & 9 Ave,6569,40.7575699,-73.99098507,40.75414519263519,-73.9960889518261,member
1199955,65A108E5DF1E706B,classic_bike,2022-03-14 17:22:29,2022-03-14 17:30:59,8 Ave & W 31 St,6450,W 35 St & 9 Ave,6569,40.7505853470215,-73.9946848154068,40.75414519263519,-73.9960889518261,member
1199975,7A434063211C1979,classic_bike,2022-03-11 12:17:25,2022-03-11 12:20:23,8 Ave & W 31 St,6450,W 35 St & 9 Ave,6569,40.7505853470215,-73.9946848154068,40.75414519263519,-73.9960889518261,member
1199976,2A2DC74A0EA8E33A,classic_bike,2022-03-14 07:11:50,2022-03-14 07:19:32,E 41 St & Madison Ave (SW corner),6474,W 35 St & 9 Ave,6569,40.752165280621966,-73.97992193698882,40.75414519263519,-73.9960889518261,member
1199996,B2DE450986BDD386,classic_bike,2022-03-20 10:16:13,2022-03-20 10:19:03,8 Ave & W 31 St,6450,W 35 St & 9 Ave,6569,40.7505853470215,-73.9946848154068,40.75414519263519,-73.9960889518261,member
1199997,A732B9C83B43A3C7,classic_bike,2022-03-01 18:18:07,2022-03-01 18:28:02,W 17 St & 8 Ave,6148,W 35 St & 9 Ave,6569,40.74177603,-74.00149746,40.75414519263519,-73.9960889518261,member
1200022,041D5B93238565B7,electric_bike,2022-03-01 20:54:39,2022-03-01 21:10:36,E 2 St & Avenue A,5553,W 35 St & 9 Ave,6569,40.72307749068673,-73.98583620786667,40.75414519263519,-73.9960889518261,member
1200024,59264E83D6FCEAD9,electric_bike,2022-03-23 17:41:51,2022-03-23 17:59:29,E 10 St & Avenue A,5659,W 35 St & 9 Ave,6569,40.72740794,-73.98142006,40.75414519263519,-73.9960889518261,casual
1200055,AB03A239F00F5E50,classic_bike,2022-03-20 20:39:24,2022-03-20 20:41:25,W 35 St & 9 Ave,6569,W 35 St & 9 Ave,6569,40.75414519263519,-73.9960889518261,40.75414519263519,-73.9960889518261,member
1200067,0E053E1B3CFB2E89,electric_bike,2022-03-05 19:54:20,2022-03-05 19:58:12,W 35 St & 9 Ave,6569,9 Ave & W 22 St,6266,40.75414519263519,-73.9960889518261,40.7454973,-74.00197139,member
1200070,51DF08170D3718D5,electric_bike,2022-03-02 21:18:06,2022-03-02 21:22:46,9 Ave & W 22 St,6266,W 35 St & 9 Ave,6569,40.7454973,-74.00197139,40.75414519263519,-73.9960889518261,member
1200073,277082B706C87F0B,classic_bike,2022-03-01 08:06:15,2022-03-01 08:17:15,W 35 St & 9 Ave,6569,2 Ave & E 29 St,6122,40.75414519263519,-73.9960889518261,40.74172351097472,-73.97809267044067,member
1200095,3CB95B71A1C09DC6,electric_bike,2022-03-08 06:36:24,2022-03-08 06:36:40,W 35 St & 9 Ave,6569,W 35 St & 9 Ave,6569,40.75414519263519,-73.9960889518261,40.75414519263519,-73.9960889518261,member
1200102,84701A1B29BA3287,classic_bike,2022-03-18 11:40:55,2022-03-18 11:46:50,W 35 St & 9 Ave,6569,9 Ave & W 22 St,6266,40.75414519263519,-73.9960889518261,40.7454973,-74.00197139,member
1200103,E3CFEC37EB4B6AFD,classic_bike,2022-03-24 18:06:39,2022-03-24 18:14:14,W 35 St & 9 Ave,6569,9 Ave & W 22 St,6266,40.75414519263519,-73.9960889518261,40.7454973,-74.00197139,member
1200109,7717048A904A2699,docked_bike,2022-03-15 17:11:11,2022-03-15 17:31:32,E 67 St & Park Ave,6932,W 35 St & 9 Ave,6569,40.767801,-73.965921,40.754145,-73.996089,casual
1200124,5DB87A033293C60A,classic_bike,2022-03-15 22:06:50,2022-03-15 22:07:29,W 35 St & 9 Ave,6569,W 35 St & 9 Ave,6569,40.75414519263519,-73.9960889518261,40.75414519263519,-73.9960889518261,member
1200133,D9FDCDF877124B6E,classic_bike,2022-03-02 17:51:05,2022-03-02 17:51:20,W 35 St & 9 Ave,6569,W 35 St & 9 Ave,6569,40.75414519263519,-73.9960889518261,40.75414519263519,-73.9960889518261,member
1200148,B7A6945FDEAAFB8A,classic_bike,2022-03-27 10:43:53,2022-03-27 10:52:23,W 35 St & 9 Ave,6569,9 Ave & W 22 St,6266,40.75414519263519,-73.9960889518261,40.7454973,-74.00197139,member
1200149,69659A211AB4D5A7,classic_bike,2022-03-14 17:52:37,2022-03-14 17:59:06,W 35 St & 9 Ave,6569,9 Ave & W 22 St,6266,40.75414519263519,-73.9960889518261,40.7454973,-74.00197139,member
1200150,2E086E52179A7409,classic_bike,2022-03-04 17:38:38,2022-03-04 17:46:28,W 35 St & 9 Ave,6569,9 Ave & W 22 St,6266,40.75414519263519,-73.9960889518261,40.7454973,-74.00197139,member
1200151,B56C4C33DC3F8BB9,classic_bike,2022-03-14 18:34:48,2022-03-14 18:41:25,W 35 St & 9 Ave,6569,9 Ave & W 22 St,6266,40.75414519263519,-73.9960889518261,40.7454973,-74.00197139,member
1200153,5B4CEEF0F6C54349,classic_bike,2022-03-06 12:32:18,2022-03-06 12:32:23,W 35 St & 9 Ave,6569,W 35 St & 9 Ave,6569,40.75414519263519,-73.9960889518261,40.75414519263519,-73.9960889518261,member
1200163,6100E24CAC1FD951,electric_bike,2022-03-15 10:04:05,2022-03-15 10:10:36,W 35 St & 9 Ave,6569,9 Ave & W 22 St,6266,40.75414519263519,-73.9960889518261,40.7454973,-74.00197139,member
1200199,D129FCAC3EE8E2C0,classic_bike,2022-03-05 00:38:10,2022-03-05 00:44:18,W 35 St & 9 Ave,6569,W 35 St & 9 Ave,6569,40.75414519263519,-73.9960889518261,40.75414519263519,-73.9960889518261,member
1200219,EA4C66DE2A6ECEBB,classic_bike,2022-03-22 20:13:11,2022-03-22 20:24:56,W 35 St & 9 Ave,6569,W 35 St & 9 Ave,6569,40.75414519263519,-73.9960889518261,40.75414519263519,-73.9960889518261,member
1200236,2E7320C1B7FE7AEC,electric_bike,2022-03-04 17:17:27,2022-03-04 17:22:47,W 35 St & 9 Ave,6569,9 Ave & W 22 St,6266,40.75414519263519,-73.9960889518261,40.7454973,-74.00197139,member
1200240,117D8B5A0E162944,classic_bike,2022-03-30 20:00:15,2022-03-30 20:00:35,W 35 St & 9 Ave,6569,W 35 St & 9 Ave,6569,40.75414519263519,-73.9960889518261,40.75414519263519,-73.9960889518261,member
1200258,92D9A3917E61EC5E,electric_bike,2022-03-13 15:28:43,2022-03-13 15:29:18,W 35 St & 9 Ave,6569,W 35 St & 9 Ave,6569,40.75414519263519,-73.9960889518261,40.75414519263519,-73.9960889518261,casual
1200259,765DFDDDD8C4089E,electric_bike,2022-03-14 16:59:46,2022-03-14 17:00:30,W 35 St & 9 Ave,6569,W 35 St & 9 Ave,6569,40.75414519263519,-73.9960889518261,40.75414519263519,-73.9960889518261,casual
1200263,7F3C888DDA35D472,electric_bike,2022-03-21 11:48:01,2022-03-21 11:57:29,MacDougal St & Washington Sq,5797,W 35 St & 9 Ave,6569,40.73226398,-73.99852205,40.75414519263519,-73.9960889518261,member
1200273,A10C92098147E59B,electric_bike,2022-03-07 09:34:45,2022-03-07 09:53:15,5 Ave & E 87 St,7323,W 35 St & 9 Ave,6569,40.78232260730881,-73.95987510681152,40.75414519263519,-73.9960889518261,member
1200289,E3A243C18E051609,classic_bike,2022-03-03 07:10:49,2022-03-03 07:19:50,E 41 St & Madison Ave (SW corner),6474,W 35 St & 9 Ave,6569,40.752165280621966,-73.97992193698882,40.75414519263519,-73.9960889518261,member
1200290,045563C2FB90AF26,classic_bike,2022-03-18 07:10:22,2022-03-18 07:18:01,E 41 St & Madison Ave (SW corner),6474,W 35 St & 9 Ave,6569,40.752165280621966,-73.97992193698882,40.75414519263519,-73.9960889518261,member
1200334,99CB51AD0D085111,electric_bike,2022-03-03 09:11:57,2022-03-03 09:25:31,E 11 St & 3 Ave,5788,W 35 St & 9 Ave,6569,40.73127,-73.98849,40.75414519263519,-73.9960889518261,member
1200347,0E49357F4DBE3687,classic_bike,2022-03-08 17:56:24,2022-03-08 18:00:57,Broadway & W 37 St,6441,W 35 St & 9 Ave,6569,40.75172632,-73.98753523,40.75414519263519,-73.9960889518261,member
1200362,84C7EFBFEBE2998C,electric_bike,2022-03-26 21:40:47,2022-03-26 22:22:54,Milton St & Franklin St,5752,W 35 St & 9 Ave,6569,40.72906,-73.95779,40.75414519263519,-73.9960889518261,member
1200369,B1AC5A28EE6DA0D2,electric_bike,2022-03-26 12:50:13,2022-03-26 13:27:50,5 Ave & E 93 St,7372,W 35 St & 9 Ave,6569,40.7857851,-73.957481,40.75414519263519,-73.9960889518261,member
1200370,948CC1EF26DAC3DF,classic_bike,2022-03-25 18:44:04,2022-03-25 18:52:25,W 25 St & 6 Ave,6215,W 35 St & 9 Ave,6569,40.74395411,-73.99144871,40.75414519263519,-73.9960889518261,member
1200397,5227B17693E1791C,classic_bike,2022-03-20 20:54:19,2022-03-20 20:59:56,W 26 St & 8 Ave,6297,W 35 St & 9 Ave,6569,40.74734825,-73.99723551,40.75414519263519,-73.9960889518261,member
1200427,F1CF3E93B6990C57,electric_bike,2022-03-17 07:38:05,2022-03-17 07:55:01,1 Ave & E 78 St,7020,W 35 St & 9 Ave,6569,40.77140426,-73.9535166,40.75414519263519,-73.9960889518261,casual
1200429,73357A17A2EF0FB3,electric_bike,2022-03-11 08:10:57,2022-03-11 08:31:39,1 Ave & E 78 St,7020,W 35 St & 9 Ave,6569,40.77140426,-73.9535166,40.75414519263519,-73.9960889518261,casual
1200437,7557F46B61785539,classic_bike,2022-03-13 14:32:27,2022-03-13 14:36:58,W 26 St & 8 Ave,6297,W 35 St & 9 Ave,6569,40.74734825,-73.99723551,40.75414519263519,-73.9960889518261,member
1200439,F5F5DC8121CEE38B,classic_bike,2022-03-14 15:20:25,2022-03-14 15:26:16,W 26 St & 8 Ave,6297,W 35 St & 9 Ave,6569,40.74734825,-73.99723551,40.75414519263519,-73.9960889518261,member
1200440,90196BBA5969827E,classic_bike,2022-03-14 12:07:27,2022-03-14 12:35:20,East End Ave & E 86 St,7113,W 35 St & 9 Ave,6569,40.77518615,-73.94446054,40.75414519263519,-73.9960889518261,member
1200446,C19CCD89B5855973,classic_bike,2022-03-22 20:06:08,2022-03-22 20:10:27,W 26 St & 8 Ave,6297,W 35 St & 9 Ave,6569,40.74734825,-73.99723551,40.75414519263519,-73.9960889518261,member
1200447,7CB765B6F5F6EDE3,classic_bike,2022-03-15 18:53:54,2022-03-15 18:57:45,W 26 St & 8 Ave,6297,W 35 St & 9 Ave,6569,40.74734825,-73.99723551,40.75414519263519,-73.9960889518261,member
1200460,A2C28E62923DCEF1,electric_bike,2022-03-14 16:31:22,2022-03-14 16:36:10,W 26 St & 8 Ave,6297,W 35 St & 9 Ave,6569,40.74734825,-73.99723551,40.75414519263519,-73.9960889518261,member
1200502,EC768DD0ED6ADF4F,classic_bike,2022-03-22 18:50:12,2022-03-22 18:59:17,W 47 St & 6 Ave,6667,W 35 St & 9 Ave,6569,40.758397,-73.98255,40.75414519263519,-73.9960889518261,member
1200530,C283EC516F61FA53,electric_bike,2022-03-11 17:35:09,2022-03-11 17:39:48,W 54 St & 9 Ave,6920,W 35 St & 9 Ave,6569,40.76584941,-73.98690506,40.75414519263519,-73.9960889518261,member
1200531,F3B76DE4682EB68D,classic_bike,2022-03-24 18:34:37,2022-03-24 18:39:44,W 26 St & 8 Ave,6297,W 35 St & 9 Ave,6569,40.74734825,-73.99723551,40.75414519263519,-73.9960889518261,member
1200534,E03B6E405FEB2197,electric_bike,2022-03-08 11:48:05,2022-03-08 12:03:58,Greenwich St & W Houston St,5730,W 35 St & 9 Ave,6569,40.728846,-74.008591,40.75414519263519,-73.9960889518261,member
1200539,5E75E774F865EEF0,electric_bike,2022-03-24 07:46:04,2022-03-24 08:12:16,34 St & 35 Ave,6605,W 35 St & 9 Ave,6569,40.7569332,-73.9262231,40.75414519263519,-73.9960889518261,member
1200540,6F44EF14C613AA1F,classic_bike,2022-03-10 18:44:38,2022-03-10 18:59:26,Greenwich St & W Houston St,5730,W 35 St & 9 Ave,6569,40.728846,-74.008591,40.75414519263519,-73.9960889518261,member
1200554,AC1524F8947DCD0A,electric_bike,2022-03-02 11:55:21,2022-03-02 12:02:55,W 47 St & 6 Ave,6667,W 35 St & 9 Ave,6569,40.758397,-73.98255,40.75414519263519,-73.9960889518261,casual
1200563,E6BEFD444216206B,electric_bike,2022-03-17 07:00:56,2022-03-17 07:12:47,Washington Pl & Broadway,5755,W 35 St & 9 Ave,6569,40.72903917,-73.99404649,40.75414519263519,-73.9960889518261,casual
1200565,440688F5CA26A507,classic_bike,2022-03-03 12:11:00,2022-03-03 12:29:22,Mott St & Prince St,5561,W 35 St & 9 Ave,6569,40.72317958,-73.99480012,40.75414519263519,-73.9960889518261,member
1200594,70A7A9EBD047C9B1,classic_bike,2022-03-19 17:41:07,2022-03-19 18:02:44,Mott St & Prince St,5561,W 35 St & 9 Ave,6569,40.72317958,-73.99480012,40.75414519263519,-73.9960889518261,member
1200636,E3A2CEDA2AD16982,classic_bike,2022-03-28 20:41:57,2022-03-28 20:47:25,W 26 St & 8 Ave,6297,W 35 St & 9 Ave,6569,40.74734825,-73.99723551,40.75414519263519,-73.9960889518261,member
1200641,5E804FA5E40FD17C,classic_bike,2022-03-18 20:37:39,2022-03-18 20:42:47,W 22 St & 10 Ave,6306,W 35 St & 9 Ave,6569,40.74691959,-74.00451887,40.75414519263519,-73.9960889518261,member
1200678,672A7EAAFD7ACCFF,classic_bike,2022-03-13 16:42:40,2022-03-13 16:49:58,W 31 St & 7 Ave,6331,W 35 St & 9 Ave,6569,40.749156,-73.9916,40.75414519263519,-73.9960889518261,member
1200687,620B888642030C69,electric_bike,2022-03-10 08:36:18,2022-03-10 08:55:37,W 90 St & Amsterdam Ave,7432,W 35 St & 9 Ave,6569,40.79017948095081,-73.97288918495178,40.75414519263519,-73.9960889518261,member
1200704,2595F849EC167194,classic_bike,2022-03-15 18:41:11,2022-03-15 18:47:18,W 22 St & 10 Ave,6306,W 35 St & 9 Ave,6569,40.74691959,-74.00451887,40.75414519263519,-73.9960889518261,member
1200715,21434E171A6443D6,electric_bike,2022-03-31 16:30:51,2022-03-31 16:44:18,W 54 St & 11 Ave,6955,W 35 St & 9 Ave,6569,40.768333,-73.992573,40.75414519263519,-73.9960889518261,member
1200736,707D710B586ADE8E,classic_bike,2022-03-05 11:57:40,2022-03-05 12:06:03,W 54 St & 11 Ave,6955,W 35 St & 9 Ave,6569,40.768333,-73.992573,40.75414519263519,-73.9960889518261,member
1200737,A182273B4478757D,classic_bike,2022-03-13 12:55:43,2022-03-13 13:03:10,W 54 St & 11 Ave,6955,W 35 St & 9 Ave,6569,40.768333,-73.992573,40.75414519263519,-73.9960889518261,member
1200742,EBBE1ED349E67B18,electric_bike,2022-03-11 15:18:17,2022-03-11 15:26:39,W 47 St & 10 Ave,6824,W 35 St & 9 Ave,6569,40.76269882,-73.99301222,40.75414519263519,-73.9960889518261,member
1200748,442D0C62947D9B6F,classic_bike,2022-03-23 09:32:10,2022-03-23 09:43:21,W 54 St & 11 Ave,6955,W 35 St & 9 Ave,6569,40.768333,-73.992573,40.75414519263519,-73.9960889518261,member
1200749,651238631BB79D52,classic_bike,2022-03-13 11:33:03,2022-03-13 11:43:45,Broadway & W 61 St,7014,W 35 St & 9 Ave,6569,40.77003010255044,-73.9819684624672,40.75414519263519,-73.9960889518261,member
1200752,991678E644CC5270,classic_bike,2022-03-01 11:10:49,2022-03-01 11:33:04,E 68 St & Madison Ave,6932,W 35 St & 9 Ave,6569,40.7691572,-73.96703464,40.75414519263519,-73.9960889518261,member
1200768,396C91B92F8D2585,classic_bike,2022-03-19 22:10:52,2022-03-19 22:14:44,W 41 St & 8 Ave,6602,W 35 St & 9 Ave,6569,40.75640548,-73.9900262,40.75414519263519,-73.9960889518261,member
1200769,0053CB0FDBF733F9,electric_bike,2022-03-22 21:43:21,2022-03-22 21:45:55,W 41 St & 8 Ave,6602,W 35 St & 9 Ave,6569,40.75640548,-73.9900262,40.75414519263519,-73.9960889518261,member
1200770,A8372F9CF72ECAD8,electric_bike,2022-03-23 19:30:09,2022-03-23 19:33:20,W 41 St & 8 Ave,6602,W 35 St & 9 Ave,6569,40.75640548,-73.9900262,40.75414519263519,-73.9960889518261,member
1200771,4E8417D2A206A9DF,electric_bike,2022-03-08 18:26:02,2022-03-08 18:29:19,W 41 St & 8 Ave,6602,W 35 St & 9 Ave,6569,40.75640548,-73.9900262,40.75414519263519,-73.9960889518261,member
1200772,95BB31AA75EC1291,classic_bike,2022-03-07 17:00:15,2022-03-07 17:03:54,W 41 St & 8 Ave,6602,W 35 St & 9 Ave,6569,40.75640548,-73.9900262,40.75414519263519,-73.9960889518261,member
1200777,138B69224565F869,classic_bike,2022-03-28 11:25:25,2022-03-28 11:26:20,W 35 St & 9 Ave,6569,W 35 St & 9 Ave,6569,40.75414519263519,-73.9960889518261,40.75414519263519,-73.9960889518261,member
1200791,EA94173381386646,classic_bike,2022-03-02 19:28:32,2022-03-02 19:33:49,W 35 St & 9 Ave,6569,9 Ave & W 22 St,6266,40.75414519263519,-73.9960889518261,40.7454973,-74.00197139,member
1200793,753B715624FB22CC,classic_bike,2022-03-02 17:09:43,2022-03-02 17:45:47,W 35 St & 9 Ave,6569,E 97 St & Madison Ave,7393,40.75414519263519,-73.9960889518261,40.787801,-73.953559,member
1200817,DFAC06B666DE3C12,electric_bike,2022-03-15 08:24:03,2022-03-15 08:44:16,1 Ave & E 78 St,7020,W 35 St & 9 Ave,6569,40.77140426,-73.9535166,40.75414519263519,-73.9960889518261,member
1200818,88E24336AB54D779,electric_bike,2022-03-31 08:24:16,2022-03-31 08:42:02,1 Ave & E 78 St,7020,W 35 St & 9 Ave,6569,40.77140426,-73.9535166,40.75414519263519,-73.9960889518261,member
1200825,172B0DB98C4386A8,classic_bike,2022-03-25 12:18:16,2022-03-25 13:12:27,W 39 St & 9 Ave,6644,W 35 St & 9 Ave,6569,40.75645824,-73.99372222,40.75414519263519,-73.9960889518261,member
1200837,96C89B9FBE7D8D9E,classic_bike,2022-03-29 14:30:03,2022-03-29 14:39:47,W 17 St & 8 Ave,6148,W 35 St & 9 Ave,6569,40.74177603,-74.00149746,40.75414519263519,-73.9960889518261,member
1200844,70874A287865F969,electric_bike,2022-03-25 14:23:46,2022-03-25 14:34:11,6 Ave & W 45 St,6593,W 35 St & 9 Ave,6569,40.756951,-73.982631,40.75414519263519,-73.9960889518261,casual
1200853,CF28E9760CAFF79B,classic_bike,2022-03-08 07:22:10,2022-03-08 07:33:04,E 47 St & Park Ave,6584,W 35 St & 9 Ave,6569,40.75510267,-73.97498696,40.75414519263519,-73.9960889518261,member
1200951,0A08A0892F50221F,classic_bike,2022-03-09 19:01:37,2022-03-09 19:17:32,E 27 St & 1 Ave,6004,W 35 St & 9 Ave,6569,40.739445,-73.976806,40.75414519263519,-73.9960889518261,member
1200967,7E21FDC7FE8DF0A2,classic_bike,2022-03-31 17:46:20,2022-03-31 17:49:23,8 Ave & W 31 St,6450,W 35 St & 9 Ave,6569,40.7505853470215,-73.9946848154068,40.75414519263519,-73.9960889518261,member
1200975,C704105D9859C834,classic_bike,2022-03-31 09:19:07,2022-03-31 09:28:54,E 41 St & Madison Ave (SW corner),6474,W 35 St & 9 Ave,6569,40.752165280621966,-73.97992193698882,40.75414519263519,-73.9960889518261,casual
1200988,3250BE48211AA9E7,classic_bike,2022-03-20 13:20:53,2022-03-20 13:29:26,W 49 St & 8 Ave,6747,W 35 St & 9 Ave,6569,40.76227205,-73.98788205,40.75414519263519,-73.9960889518261,member
1200992,5CC024560E1FD1B2,electric_bike,2022-03-07 10:32:25,2022-03-07 10:38:47,W 21 St & 6 Ave,6140,W 35 St & 9 Ave,6569,40.74173969,-73.99415556,40.75414519263519,-73.9960889518261,member
1201004,5BF51BE3700A7C8E,electric_bike,2022-03-25 11:51:40,2022-03-25 12:10:03,E 54 St & 1 Ave,6608,W 35 St & 9 Ave,6569,40.756265,-73.964179,40.75414519263519,-73.9960889518261,member
1201009,01EEBB3ED3FFB539,classic_bike,2022-03-15 10:42:12,2022-03-15 10:49:48,W 49 St & 8 Ave,6747,W 35 St & 9 Ave,6569,40.76227205,-73.98788205,40.75414519263519,-73.9960889518261,member
1201020,096FE1EDCA09C5BD,classic_bike,2022-03-04 17:28:33,2022-03-04 17:43:22,W 21 St & 6 Ave,6140,W 35 St & 9 Ave,6569,40.74173969,-73.99415556,40.75414519263519,-73.9960889518261,member
1201021,017A08D4A83220EE,electric_bike,2022-03-15 19:40:56,2022-03-15 19:45:46,W 49 St & 8 Ave,6747,W 35 St & 9 Ave,6569,40.76227205,-73.98788205,40.75414519263519,-73.9960889518261,member
1201024,92FF142AB47CB7DB,electric_bike,2022-03-27 14:18:17,2022-03-27 14:25:34,W 21 St & 6 Ave,6140,W 35 St & 9 Ave,6569,40.74173969,-73.99415556,40.75414519263519,-73.9960889518261,member
1201027,2FBB1F1963238F88,electric_bike,2022-03-13 11:15:35,2022-03-13 11:24:31,W 21 St & 6 Ave,6140,W 35 St & 9 Ave,6569,40.74173969,-73.99415556,40.75414519263519,-73.9960889518261,member
1201082,95933B968F146ABC,electric_bike,2022-03-02 08:56:02,2022-03-02 09:00:44,W 49 St & 8 Ave,6747,W 35 St & 9 Ave,6569,40.76227205,-73.98788205,40.75414519263519,-73.9960889518261,member
1201101,89555FB244ED44D8,classic_bike,2022-03-06 19:12:10,2022-03-06 19:35:06,W 18 St & 9 Ave,6190,W 35 St & 9 Ave,6569,40.7435337324616,-74.00367558002472,40.75414519263519,-73.9960889518261,casual
1201111,9ED0A0043BC896D8,electric_bike,2022-03-31 06:17:39,2022-03-31 06:22:35,W 54 St & 9 Ave,6920,W 35 St & 9 Ave,6569,40.76584941,-73.98690506,40.75414519263519,-73.9960889518261,member
1201112,ED435E43AA9EB9E4,electric_bike,2022-03-02 06:23:34,2022-03-02 06:27:55,W 54 St & 9 Ave,6920,W 35 St & 9 Ave,6569,40.76584941,-73.98690506,40.75414519263519,-73.9960889518261,member
1201118,3C84444183804479,classic_bike,2022-03-09 10:17:33,2022-03-09 10:26:04,W 54 St & 9 Ave,6920,W 35 St & 9 Ave,6569,40.76584941,-73.98690506,40.75414519263519,-73.9960889518261,member
1201146,10A88ED106F43C9D,classic_bike,2022-03-13 18:08:55,2022-03-13 18:14:38,9 Ave & W 45 St,6717,W 35 St & 9 Ave,6569,40.76019252,-73.9912551,40.75414519263519,-73.9960889518261,member
1201150,88E371F910410A7F,classic_bike,2022-03-31 12:46:54,2022-03-31 12:50:26,9 Ave & W 45 St,6717,W 35 St & 9 Ave,6569,40.76019252,-73.9912551,40.75414519263519,-73.9960889518261,member
1201156,212D8484E9282929,classic_bike,2022-03-20 15:18:27,2022-03-20 15:25:52,W 54 St & 9 Ave,6920,W 35 St & 9 Ave,6569,40.76584941,-73.98690506,40.75414519263519,-73.9960889518261,member
1201189,5D199B1BE3777C0D,classic_bike,2022-03-14 18:20:21,2022-03-14 18:30:56,W 48 St &  Rockefeller Plaza,6626,W 35 St & 9 Ave,6569,40.75776935448309,-73.97929430007935,40.75414519263519,-73.9960889518261,member
1201208,538425369082EBA6,docked_bike,2022-03-10 21:04:52,2022-03-10 21:22:26,10 Ave & W 14 St,6157,W 35 St & 9 Ave,6569,40.741982,-74.008316,40.754145,-73.996089,casual
1201257,7863E7AB8B97B340,electric_bike,2022-03-30 08:26:40,2022-03-30 08:34:39,Broadway & W 56 St,6847,W 35 St & 9 Ave,6569,40.7652654,-73.98192338,40.75414519263519,-73.9960889518261,member
1201287,7DF6FE85D129BFE9,electric_bike,2022-03-10 08:37:23,2022-03-10 08:42:31,W 24 St & 7 Ave,6257,W 35 St & 9 Ave,6569,40.74487634,-73.99529885,40.75414519263519,-73.9960889518261,member
1201331,1A3381F67F6AE693,classic_bike,2022-03-05 16:33:29,2022-03-05 16:38:31,W 45 St & 8 Ave,6676,W 35 St & 9 Ave,6569,40.75929124,-73.98859651,40.75414519263519,-73.9960889518261,member
1201340,064D10468B425BA1,classic_bike,2022-03-31 13:39:18,2022-03-31 13:50:26,E 41 St & Madison Ave (SE corner),6432,W 35 St & 9 Ave,6569,40.752049,-73.979635,40.75414519263519,-73.9960889518261,member
1201350,65DA9C5FC7D2A408,electric_bike,2022-03-22 12:30:09,2022-03-22 12:37:14,E 41 St & Madison Ave (SE corner),6432,W 35 St & 9 Ave,6569,40.752049,-73.979635,40.75414519263519,-73.9960889518261,casual
1201389,735BBF52F348693D,classic_bike,2022-03-17 21:21:13,2022-03-17 21:29:51,E 31 St & 3 Ave,6239,W 35 St & 9 Ave,6569,40.74394314,-73.97966069,40.75414519263519,-73.9960889518261,member
1201391,A2CE6536D7FC6D3E,electric_bike,2022-03-11 13:48:24,2022-03-11 13:49:24,W 35 St & Dyer Ave,6569,W 35 St & 9 Ave,6569,40.754691750226016,-73.99740189313889,40.75414519263519,-73.9960889518261,member
1201393,98BD7A76B8B5E1DE,classic_bike,2022-03-10 11:27:49,2022-03-10 11:28:51,W 35 St & Dyer Ave,6569,W 35 St & 9 Ave,6569,40.754691750226016,-73.99740189313889,40.75414519263519,-73.9960889518261,member
1201401,97CEA924EDC30C80,electric_bike,2022-03-04 19:00:27,2022-03-04 19:07:07,E 41 St & Madison Ave (SE corner),6432,W 35 St & 9 Ave,6569,40.752049,-73.979635,40.75414519263519,-73.9960889518261,member
1201418,C6703C0206013993,classic_bike,2022-03-16 07:25:14,2022-03-16 07:33:01,E 41 St & Madison Ave (SE corner),6432,W 35 St & 9 Ave,6569,40.752049,-73.979635,40.75414519263519,-73.9960889518261,member
1201419,D5D4EA62F3E82407,electric_bike,2022-03-25 08:51:42,2022-03-25 08:59:54,W 12 St & Hudson St,5997,W 35 St & 9 Ave,6569,40.73752993301071,-74.00558933615685,40.75414519263519,-73.9960889518261,member
1201435,C98678F2340D661A,electric_bike,2022-03-31 19:07:39,2022-03-31 19:16:12,E 41 St & Madison Ave (SE corner),6432,W 35 St & 9 Ave,6569,40.752049,-73.979635,40.75414519263519,-73.9960889518261,member
1201447,9C4DB7FE3E1EC3F0,classic_bike,2022-03-01 10:43:34,2022-03-01 10:57:00,W 76 St & Columbus Ave,7281,W 35 St & 9 Ave,6569,40.7801839724239,-73.97728532552719,40.75414519263519,-73.9960889518261,member
1201448,4EBFCF17477742E0,classic_bike,2022-03-15 10:43:26,2022-03-15 10:57:39,W 76 St & Columbus Ave,7281,W 35 St & 9 Ave,6569,40.7801839724239,-73.97728532552719,40.75414519263519,-73.9960889518261,member
1201453,6BBCC591C24D0697,classic_bike,2022-03-16 08:24:41,2022-03-16 08:39:57,W 76 St & Columbus Ave,7281,W 35 St & 9 Ave,6569,40.7801839724239,-73.97728532552719,40.75414519263519,-73.9960889518261,member
1201476,62A445FD266D3FB8,classic_bike,2022-03-23 19:35:39,2022-03-23 20:11:44,W 15 St & 6 Ave,5989,W 35 St & 9 Ave,6569,40.738046142482766,-73.99642959237099,40.75414519263519,-73.9960889518261,member
1201482,44C374A0C8F49D1D,classic_bike,2022-03-07 16:33:43,2022-03-07 16:36:58,Broadway & W 38 St,6560,W 35 St & 9 Ave,6569,40.7529728216068,-73.98734897375107,40.75414519263519,-73.9960889518261,member
1201491,EA05FE554D4C3513,classic_bike,2022-03-05 18:17:08,2022-03-05 18:25:52,Broadway & W 25 St,6173,W 35 St & 9 Ave,6569,40.74286877312112,-73.98918628692627,40.75414519263519,-73.9960889518261,casual
1201493,6A239B69F674A4FE,classic_bike,2022-03-22 09:12:30,2022-03-22 09:17:22,Broadway & W 38 St,6560,W 35 St & 9 Ave,6569,40.7529728216068,-73.98734897375107,40.75414519263519,-73.9960889518261,casual
1201498,B4254C96B0C20141,classic_bike,2022-03-27 15:30:41,2022-03-27 15:57:20,E 51 St & 2 Ave,6575,W 35 St & 9 Ave,6569,40.755293,-73.967641,40.75414519263519,-73.9960889518261,member
1201515,6766055499BF942D,classic_bike,2022-03-23 08:18:33,2022-03-23 08:28:55,W 55 St & 6 Ave,6809,W 35 St & 9 Ave,6569,40.763189,-73.978434,40.75414519263519,-73.9960889518261,member
1201519,04269D2950695505,electric_bike,2022-03-10 09:33:22,2022-03-10 10:04:41,Union Ave & Wallabout St,4818,W 35 St & 9 Ave,6569,40.70029511,-73.95032283,40.75414519263519,-73.9960889518261,member
1201552,89DCC9145DA23641,electric_bike,2022-03-25 14:06:47,2022-03-25 14:16:10,W 44 St & 5 Ave,6551,W 35 St & 9 Ave,6569,40.75500254,-73.98014437,40.75414519263519,-73.9960889518261,member
1201574,42DCF5444C4F51CD,classic_bike,2022-03-17 18:06:32,2022-03-17 18:07:16,W 35 St & Dyer Ave,6569,W 35 St & 9 Ave,6569,40.754691750226016,-73.99740189313889,40.75414519263519,-73.9960889518261,member
1201578,595F900D891CD932,classic_bike,2022-03-21 19:00:52,2022-03-21 19:07:58,W 35 St & Dyer Ave,6569,9 Ave & W 22 St,6266,40.754691750226016,-73.99740189313889,40.7454973,-74.00197139,member
1201584,BC4B7285DB032A07,electric_bike,2022-03-30 09:31:21,2022-03-30 09:40:48,W 13 St & 7 Ave,6030,W 35 St & 9 Ave,6569,40.73781509,-73.99994661,40.75414519263519,-73.9960889518261,member
1201585,04381DD5F65D3068,electric_bike,2022-03-14 09:35:27,2022-03-14 09:44:21,W 13 St & 7 Ave,6030,W 35 St & 9 Ave,6569,40.73781509,-73.99994661,40.75414519263519,-73.9960889518261,member
1201612,5D0F1325EAB4B09B,classic_bike,2022-03-11 08:27:11,2022-03-11 08:31:06,6 Ave & W 33 St,6364,W 35 St & 9 Ave,6569,40.74901271,-73.98848395,40.75414519263519,-73.9960889518261,member
1201613,B8CFA81A6CD6911E,electric_bike,2022-03-07 08:23:09,2022-03-07 08:26:29,6 Ave & W 33 St,6364,W 35 St & 9 Ave,6569,40.74901271,-73.98848395,40.75414519263519,-73.9960889518261,member
1201615,27703E68B991922C,electric_bike,2022-03-04 10:14:52,2022-03-04 10:20:42,6 Ave & W 33 St,6364,W 35 St & 9 Ave,6569,40.74901271,-73.98848395,40.75414519263519,-73.9960889518261,member
1201621,B4A5711F37572644,electric_bike,2022-03-07 19:56:03,2022-03-07 20:09:35,E 16 St & Irving Pl,5938,W 35 St & 9 Ave,6569,40.735367055605394,-73.98797392845154,40.75414519263519,-73.9960889518261,member
1201647,53A0B920F8F941E6,electric_bike,2022-03-31 15:44:59,2022-03-31 16:00:46,E 9 St & Avenue C,5616,W 35 St & 9 Ave,6569,40.72521311,-73.97768752,40.75414519263519,-73.9960889518261,casual
1201664,B00D15A4F0C3CFB5,classic_bike,2022-03-27 11:57:48,2022-03-27 12:03:07,Broadway & W 41 St,6560,W 35 St & 9 Ave,6569,40.75513557,-73.98658032,40.75414519263519,-73.9960889518261,member
1201666,35F287F62FEB573D,classic_bike,2022-03-16 23:06:34,2022-03-16 23:11:46,Broadway & W 41 St,6560,W 35 St & 9 Ave,6569,40.75513557,-73.98658032,40.75414519263519,-73.9960889518261,casual
1201682,83A2264E9FBB7689,classic_bike,2022-03-25 16:11:39,2022-03-25 16:17:16,8 Ave & W 52 St,6816,W 35 St & 9 Ave,6569,40.76370739,-73.9851615,40.75414519263519,-73.9960889518261,member
1201688,A4A814BFC4956471,classic_bike,2022-03-23 14:41:29,2022-03-23 14:52:10,W 18 St & 6 Ave,6064,W 35 St & 9 Ave,6569,40.73971301,-73.99456405,40.75414519263519,-73.9960889518261,member
1201706,AD1B85BB71930ABF,electric_bike,2022-03-10 14:25:14,2022-03-10 14:46:30,Kenmare St & Elizabeth St,5453,W 35 St & 9 Ave,6569,40.72054,-73.9949,40.75414519263519,-73.9960889518261,casual
1201714,42170AE49E95124B,electric_bike,2022-03-08 22:10:33,2022-03-08 22:18:47,9 Ave & W 18 St,6190,W 35 St & 9 Ave,6569,40.74317449,-74.00366443,40.75414519263519,-73.9960889518261,member
1201716,C3DE33954CAE29A0,electric_bike,2022-03-25 11:02:41,2022-03-25 11:22:30,Broadway & W 56 St,6847,W 35 St & 9 Ave,6569,40.7652654,-73.98192338,40.75414519263519,-73.9960889518261,member
1201766,5EF01C0A85FCDA1B,classic_bike,2022-03-05 21:17:59,2022-03-05 21:26:02,W 45 St & 8 Ave,6676,W 35 St & 9 Ave,6569,40.75929124,-73.98859651,40.75414519263519,-73.9960889518261,member
1201776,F5016D8FD70233D0,electric_bike,2022-03-09 10:27:09,2022-03-09 10:33:01,6 Ave & W 33 St,6364,W 35 St & 9 Ave,6569,40.74901271,-73.98848395,40.75414519263519,-73.9960889518261,member
1201816,1DC4A379269757F8,electric_bike,2022-03-31 11:29:50,2022-03-31 11:46:02,E 9 St & 5 Ave,5872,W 35 St & 9 Ave,6569,40.73275887045087,-73.99581670761108,40.75414519263519,-73.9960889518261,member
1201834,FA48B81ED9329DF8,electric_bike,2022-03-31 22:06:11,2022-03-31 22:06:33,W 35 St & 9 Ave,6569,W 35 St & 9 Ave,6569,40.75414519263519,-73.9960889518261,40.75414519263519,-73.9960889518261,member
1201844,CA086A366E1CE1E9,electric_bike,2022-03-24 17:49:02,2022-03-24 17:58:00,W 63 St & Broadway,7052,W 35 St & 9 Ave,6569,40.77163851,-73.98261428,40.75414519263519,-73.9960889518261,member
1201865,994D88A07BED8BC4,classic_bike,2022-03-21 18:08:56,2022-03-21 18:09:12,W 35 St & 9 Ave,6569,W 35 St & 9 Ave,6569,40.75414519263519,-73.9960889518261,40.75414519263519,-73.9960889518261,member
1201895,556B6B9E6374AD18,classic_bike,2022-03-13 18:16:31,2022-03-13 18:21:54,W 35 St & 9 Ave,6569,9 Ave & W 22 St,6266,40.75414519263519,-73.9960889518261,40.7454973,-74.00197139,member
1201902,9B9254D4711435EA,electric_bike,2022-03-08 09:17:33,2022-03-08 09:50:52,Union Ave & Wallabout St,4818,W 35 St & 9 Ave,6569,40.70029511,-73.95032283,40.75414519263519,-73.9960889518261,member
1201909,AA82DE13D8BA98BA,electric_bike,2022-03-10 06:43:23,2022-03-10 06:54:31,W 35 St & 9 Ave,6569,W 35 St & 9 Ave,6569,40.75414519263519,-73.9960889518261,40.75414519263519,-73.9960889518261,member
1201910,EA4784D20DDFA32A,classic_bike,2022-03-28 12:11:13,2022-03-28 12:23:34,W 35 St & 9 Ave,6569,9 Ave & W 22 St,6266,40.75414519263519,-73.9960889518261,40.7454973,-74.00197139,member
1201918,D612109BFBD07501,classic_bike,2022-03-28 17:06:04,2022-03-28 17:18:14,W 35 St & 9 Ave,6569,2 Ave & E 29 St,6122,40.75414519263519,-73.9960889518261,40.74172351097472,-73.97809267044067,member
1201938,7D848530249445D1,classic_bike,2022-03-23 18:29:49,2022-03-23 19:17:19,W 42 St & 6 Ave,6517,W 35 St & 9 Ave,6569,40.75492,-73.98455,40.75414519263519,-73.9960889518261,member
1201947,0E7C08900D8CE0C4,classic_bike,2022-03-10 16:57:39,2022-03-10 17:05:33,8 Ave & W 52 St,6816,W 35 St & 9 Ave,6569,40.76370739,-73.9851615,40.75414519263519,-73.9960889518261,member
1201952,4983037869E26571,electric_bike,2022-03-23 04:22:50,2022-03-23 04:29:13,Broadway & W 56 St,6847,W 35 St & 9 Ave,6569,40.7652654,-73.98192338,40.75414519263519,-73.9960889518261,member
1201960,97AF40355356724B,classic_bike,2022-03-26 08:54:27,2022-03-26 09:10:23,W 42 St & 6 Ave,6517,W 35 St & 9 Ave,6569,40.75492,-73.98455,40.75414519263519,-73.9960889518261,casual
1202002,F786C3AFC413BFFE,classic_bike,2022-03-26 12:38:08,2022-03-26 12:45:16,9 Ave & W 22 St,6266,W 35 St & 9 Ave,6569,40.7454973,-74.00197139,40.75414519263519,-73.9960889518261,member
1202007,48536DAF86A3FA09,electric_bike,2022-03-03 16:10:25,2022-03-03 16:10:53,W 35 St & 9 Ave,6569,W 35 St & 9 Ave,6569,40.75414519263519,-73.9960889518261,40.75414519263519,-73.9960889518261,member
1202016,688F9AE31601D14C,classic_bike,2022-03-15 07:42:13,2022-03-15 07:47:28,W 35 St & 9 Ave,6569,9 Ave & W 22 St,6266,40.75414519263519,-73.9960889518261,40.7454973,-74.00197139,member
1202034,B5749CB8D29F0096,classic_bike,2022-03-20 13:39:28,2022-03-20 13:53:57,W 35 St & 9 Ave,6569,9 Ave & W 22 St,6266,40.75414519263519,-73.9960889518261,40.7454973,-74.00197139,member
1202035,80DFB7EC0CFD3ED9,electric_bike,2022-03-31 12:26:19,2022-03-31 12:33:42,W 35 St & 9 Ave,6569,9 Ave & W 22 St,6266,40.75414519263519,-73.9960889518261,40.7454973,-74.00197139,member
1202036,1AE6B07333148051,electric_bike,2022-03-31 12:39:47,2022-03-31 12:53:29,9 Ave & W 22 St,6266,W 35 St & 9 Ave,6569,40.7454973,-74.00197139,40.75414519263519,-73.9960889518261,member
1202055,ECBE26A078C22816,electric_bike,2022-03-11 18:04:12,2022-03-11 18:14:20,Madison Av & E 51 St,6659,W 35 St & 9 Ave,6569,40.75863,-73.97513,40.75414519263519,-73.9960889518261,member
1202060,689A8BB724F6424D,classic_bike,2022-03-25 18:41:29,2022-03-25 18:56:14,Madison Av & E 51 St,6659,W 35 St & 9 Ave,6569,40.75863,-73.97513,40.75414519263519,-73.9960889518261,member
1202095,616759AB1678C502,classic_bike,2022-03-15 09:04:17,2022-03-15 09:11:37,8 Ave & W 52 St,6816,W 35 St & 9 Ave,6569,40.76370739,-73.9851615,40.75414519263519,-73.9960889518261,member
1202100,99D0215C755EFA87,classic_bike,2022-03-19 12:26:23,2022-03-19 12:56:28,Little West St & 1 Pl,5001,W 35 St & 9 Ave,6569,40.70569254,-74.01677685,40.75414519263519,-73.9960889518261,member
1202113,8EC795FCF613FA6D,classic_bike,2022-03-26 08:55:06,2022-03-26 09:10:15,W 42 St & 6 Ave,6517,W 35 St & 9 Ave,6569,40.75492,-73.98455,40.75414519263519,-73.9960889518261,casual
1202119,7989BCCA7E319B22,classic_bike,2022-03-03 18:26:45,2022-03-03 18:44:38,W 64 St & Thelonious Monk Circle,7123,W 35 St & 9 Ave,6569,40.77515953434235,-73.98918695747852,40.75414519263519,-73.9960889518261,member
1202130,BCD111ADA4938DCC,electric_bike,2022-03-19 14:22:59,2022-03-19 14:34:01,Broadway & W 58 St,6948,W 35 St & 9 Ave,6569,40.76695317,-73.98169333,40.75414519263519,-73.9960889518261,member
1202133,5C4498E969F73D8F,electric_bike,2022-03-11 13:37:18,2022-03-11 13:41:30,9 Ave & W 45 St,6717,W 35 St & 9 Ave,6569,40.76019252,-73.9912551,40.75414519263519,-73.9960889518261,member
1202135,5C35419C4429A45B,classic_bike,2022-03-01 16:19:15,2022-03-01 16:25:08,9 Ave & W 45 St,6717,W 35 St & 9 Ave,6569,40.76019252,-73.9912551,40.75414519263519,-73.9960889518261,member
1202148,F71C4634A5600775,electric_bike,2022-03-30 14:45:08,2022-03-30 14:51:49,8 Ave & W 52 St,6816,W 35 St & 9 Ave,6569,40.76370739,-73.9851615,40.75414519263519,-73.9960889518261,member
1202177,BD5B4FBFD3C943E2,classic_bike,2022-03-23 10:26:50,2022-03-23 10:44:35,W 64 St & Thelonious Monk Circle,7123,W 35 St & 9 Ave,6569,40.77515953434235,-73.98918695747852,40.75414519263519,-73.9960889518261,member
1202180,FBB28FE109D55015,electric_bike,2022-03-27 15:39:15,2022-03-27 15:46:43,8 Ave & W 52 St,6816,W 35 St & 9 Ave,6569,40.76370739,-73.9851615,40.75414519263519,-73.9960889518261,member
1202191,27FE359CE31482DA,classic_bike,2022-03-25 22:39:48,2022-03-25 22:48:55,8 Ave & W 52 St,6816,W 35 St & 9 Ave,6569,40.76370739,-73.9851615,40.75414519263519,-73.9960889518261,casual
1202198,C2C18F96F049130E,classic_bike,2022-03-06 18:03:28,2022-03-06 18:13:05,W 18 St & 6 Ave,6064,W 35 St & 9 Ave,6569,40.73971301,-73.99456405,40.75414519263519,-73.9960889518261,casual
1202201,F7791EF2A5C73244,classic_bike,2022-03-02 08:52:29,2022-03-02 09:04:02,Broadway & W 56 St,6847,W 35 St & 9 Ave,6569,40.7652654,-73.98192338,40.75414519263519,-73.9960889518261,casual
1202215,634DFE2221BB29E9,classic_bike,2022-03-29 16:08:48,2022-03-29 16:20:27,Broadway & W 56 St,6847,W 35 St & 9 Ave,6569,40.7652654,-73.98192338,40.75414519263519,-73.9960889518261,member
1202231,E25256BCF0ABCE3F,electric_bike,2022-03-25 22:52:39,2022-03-25 23:01:33,Broadway & W 56 St,6847,W 35 St & 9 Ave,6569,40.7652654,-73.98192338,40.75414519263519,-73.9960889518261,member
1202232,8A1D79871EBAB3C6,classic_bike,2022-03-06 18:12:46,2022-03-06 18:33:47,W 18 St & 6 Ave,6064,W 35 St & 9 Ave,6569,40.73971301,-73.99456405,40.75414519263519,-73.9960889518261,member
1202250,0FBAD0042D2B1312,electric_bike,2022-03-26 20:14:17,2022-03-26 20:22:38,Broadway & W 56 St,6847,W 35 St & 9 Ave,6569,40.7652654,-73.98192338,40.75414519263519,-73.9960889518261,member
1202263,8E8FE5A85DC043A9,classic_bike,2022-03-03 15:16:41,2022-03-03 15:23:17,8 Ave & W 52 St,6816,W 35 St & 9 Ave,6569,40.76370739,-73.9851615,40.75414519263519,-73.9960889518261,member
1202275,42086DADBD98443B,classic_bike,2022-03-06 17:59:29,2022-03-06 18:08:41,W 42 St & 6 Ave,6517,W 35 St & 9 Ave,6569,40.75492,-73.98455,40.75414519263519,-73.9960889518261,casual
1202279,2BBE9F54193F338E,classic_bike,2022-03-24 18:59:43,2022-03-24 19:07:01,8 Ave & W 52 St,6816,W 35 St & 9 Ave,6569,40.76370739,-73.9851615,40.75414519263519,-73.9960889518261,member
1202292,BF5E79A7C8927E6B,classic_bike,2022-03-08 12:50:46,2022-03-08 13:15:49,Broadway & W 56 St,6847,W 35 St & 9 Ave,6569,40.7652654,-73.98192338,40.75414519263519,-73.9960889518261,casual
1202308,AE656420E0477D44,electric_bike,2022-03-01 08:40:06,2022-03-01 08:57:46,E 77 St & 3 Ave,7092,W 35 St & 9 Ave,6569,40.77314236,-73.95856158,40.75414519263519,-73.9960889518261,member
1202309,97CA50456CBC99B9,electric_bike,2022-03-25 08:37:13,2022-03-25 08:53:04,E 77 St & 3 Ave,7092,W 35 St & 9 Ave,6569,40.77314236,-73.95856158,40.75414519263519,-73.9960889518261,member
1202312,DE1B8AEF582017C6,electric_bike,2022-03-30 17:37:31,2022-03-30 17:40:27,W 34 St &\tHudson Blvd E,6535,W 35 St & 9 Ave,6569,40.75516719072139,-74.00059908628464,40.75414519263519,-73.9960889518261,casual
1202313,C47CB7F6596674D2,classic_bike,2022-03-08 18:44:00,2022-03-08 18:48:21,W 34 St &\tHudson Blvd E,6535,W 35 St & 9 Ave,6569,40.75516719072139,-74.00059908628464,40.75414519263519,-73.9960889518261,casual
1202320,A16D4435A207F0A8,classic_bike,2022-03-24 15:52:31,2022-03-24 15:56:09,W 34 St &\tHudson Blvd E,6535,W 35 St & 9 Ave,6569,40.75516719072139,-74.00059908628464,40.75414519263519,-73.9960889518261,member
1202344,D494BC6D94CFCFC3,classic_bike,2022-03-17 13:17:04,2022-03-17 13:25:15,W 54 St & 9 Ave,6920,W 35 St & 9 Ave,6569,40.76584941,-73.98690506,40.75414519263519,-73.9960889518261,member
1202351,A0D87CC2BBA5BDCF,classic_bike,2022-03-02 16:50:56,2022-03-02 16:59:56,W 54 St & 9 Ave,6920,W 35 St & 9 Ave,6569,40.76584941,-73.98690506,40.75414519263519,-73.9960889518261,member
1202362,277FE15F239B7A2F,classic_bike,2022-03-02 13:34:32,2022-03-02 13:41:15,W 49 St & 8 Ave,6747,W 35 St & 9 Ave,6569,40.76227205,-73.98788205,40.75414519263519,-73.9960889518261,member
1202366,DA3C0D3C6942C44C,electric_bike,2022-03-11 07:09:40,2022-03-11 07:13:44,W 49 St & 8 Ave,6747,W 35 St & 9 Ave,6569,40.76227205,-73.98788205,40.75414519263519,-73.9960889518261,member
1202414,F791DFA6C1E05C93,classic_bike,2022-03-22 17:13:09,2022-03-22 17:22:30,E 47 St & Park Ave,6584,W 35 St & 9 Ave,6569,40.75510267,-73.97498696,40.75414519263519,-73.9960889518261,member
1202420,942E456A6A452F18,classic_bike,2022-03-11 19:05:07,2022-03-11 19:20:35,E 27 St & 1 Ave,6004,W 35 St & 9 Ave,6569,40.739445,-73.976806,40.75414519263519,-73.9960889518261,member
1202427,0BA64EA8392A049F,electric_bike,2022-03-18 10:39:28,2022-03-18 10:52:13,2 Ave & E 31 St,6197,W 35 St & 9 Ave,6569,40.74290902,-73.97706058,40.75414519263519,-73.9960889518261,member
1202430,E3F944AEF8BB31C4,classic_bike,2022-03-26 18:00:38,2022-03-26 18:14:09,W 21 St & 6 Ave,6140,W 35 St & 9 Ave,6569,40.74173969,-73.99415556,40.75414519263519,-73.9960889518261,member
1202445,6545A2B886C90E7F,classic_bike,2022-03-16 06:40:38,2022-03-16 06:41:37,W 35 St & 9 Ave,6569,W 35 St & 9 Ave,6569,40.75414519263519,-73.9960889518261,40.75414519263519,-73.9960889518261,member
1202446,C5B612766C3274D7,electric_bike,2022-03-03 12:04:08,2022-03-03 12:04:31,W 35 St & 9 Ave,6569,W 35 St & 9 Ave,6569,40.75414519263519,-73.9960889518261,40.75414519263519,-73.9960889518261,member
1202447,9821D0ADBCA9F69E,classic_bike,2022-03-20 12:50:09,2022-03-20 12:58:25,W 35 St & 9 Ave,6569,9 Ave & W 22 St,6266,40.75414519263519,-73.9960889518261,40.7454973,-74.00197139,member
1202473,6FF9472BDA63A5E0,classic_bike,2022-03-24 15:40:32,2022-03-24 16:17:20,W 35 St & 9 Ave,6569,W 35 St & 9 Ave,6569,40.75414519263519,-73.9960889518261,40.75414519263519,-73.9960889518261,casual
1202496,856985B5F8E885E4,electric_bike,2022-03-03 11:40:22,2022-03-03 11:40:43,W 35 St & 9 Ave,6569,W 35 St & 9 Ave,6569,40.75414519263519,-73.9960889518261,40.75414519263519,-73.9960889518261,member
1202509,E037036035224C68,classic_bike,2022-03-21 20:02:52,2022-03-21 20:10:03,9 Ave & W 22 St,6266,W 35 St & 9 Ave,6569,40.7454973,-74.00197139,40.75414519263519,-73.9960889518261,member
1202513,3221E9CD82C430FD,electric_bike,2022-03-29 20:42:05,2022-03-29 20:48:50,E 33 St & 5 Ave,6322,W 35 St & 9 Ave,6569,40.74765947,-73.98490707,40.75414519263519,-73.9960889518261,member
1202514,AE549DE464DCD6C5,electric_bike,2022-03-25 17:18:51,2022-03-25 17:33:51,E 27 St & 1 Ave,6004,W 35 St & 9 Ave,6569,40.739445,-73.976806,40.75414519263519,-73.9960889518261,member
1202516,82A9E19AC11410AB,classic_bike,2022-03-03 17:44:04,2022-03-03 17:59:39,E 27 St & 1 Ave,6004,W 35 St & 9 Ave,6569,40.739445,-73.976806,40.75414519263519,-73.9960889518261,member
1202561,6DF53E57833E251B,classic_bike,2022-03-28 19:56:46,2022-03-28 20:10:44,W 54 St & 11 Ave,6955,W 35 St & 9 Ave,6569,40.768333,-73.992573,40.75414519263519,-73.9960889518261,member
1202567,F3337DCA56DD9B56,electric_bike,2022-03-26 11:09:48,2022-03-26 11:14:01,Broadway & W 41 St,6560,W 35 St & 9 Ave,6569,40.75513557,-73.98658032,40.75414519263519,-73.9960889518261,member
1202577,695E1DE3C5F636B6,classic_bike,2022-03-22 16:22:31,2022-03-22 16:28:01,W 43 St & 10 Ave,6756,W 35 St & 9 Ave,6569,40.76009437,-73.99461843,40.75414519263519,-73.9960889518261,member
1202583,E4FAD33FB6499B51,electric_bike,2022-03-10 12:26:23,2022-03-10 12:30:58,W 26 St & 8 Ave,6297,W 35 St & 9 Ave,6569,40.74734825,-73.99723551,40.75414519263519,-73.9960889518261,member
1202589,97F1EF9B6CE23514,electric_bike,2022-03-18 15:58:29,2022-03-18 16:03:11,W 22 St & 10 Ave,6306,W 35 St & 9 Ave,6569,40.74691959,-74.00451887,40.75414519263519,-73.9960889518261,member
1202592,57FD718D2E286591,classic_bike,2022-03-03 13:09:03,2022-03-03 13:19:25,W 54 St & 11 Ave,6955,W 35 St & 9 Ave,6569,40.768333,-73.992573,40.75414519263519,-73.9960889518261,member
1202630,BCFB813F45204F7A,electric_bike,2022-03-25 08:45:01,2022-03-25 08:53:16,Broadway & W 56 St,6847,W 35 St & 9 Ave,6569,40.7652654,-73.98192338,40.75414519263519,-73.9960889518261,member
1202632,8B8428739EC45358,electric_bike,2022-03-02 18:57:47,2022-03-02 19:13:28,W 64 St & Thelonious Monk Circle,7123,W 35 St & 9 Ave,6569,40.77515953434235,-73.98918695747852,40.75414519263519,-73.9960889518261,member
1202645,9EB0F24068BD8D62,electric_bike,2022-03-21 09:29:57,2022-03-21 09:38:23,Broadway & W 56 St,6847,W 35 St & 9 Ave,6569,40.7652654,-73.98192338,40.75414519263519,-73.9960889518261,member
1202655,5AA5C025CC9E1EBB,classic_bike,2022-03-25 12:10:00,2022-03-25 12:19:11,9 Ave & W 18 St,6190,W 35 St & 9 Ave,6569,40.74317449,-74.00366443,40.75414519263519,-73.9960889518261,member
1202661,CD7CE1E84A8AF9FD,classic_bike,2022-03-19 17:45:25,2022-03-19 17:52:16,9 Ave & W 18 St,6190,W 35 St & 9 Ave,6569,40.74317449,-74.00366443,40.75414519263519,-73.9960889518261,casual
1202667,88AF023C4C4393F0,classic_bike,2022-03-08 12:47:57,2022-03-08 13:16:11,Broadway & W 56 St,6847,W 35 St & 9 Ave,6569,40.7652654,-73.98192338,40.75414519263519,-73.9960889518261,casual
1202671,0074E9D2EE73DB9B,classic_bike,2022-03-05 01:56:52,2022-03-05 02:05:58,Broadway & W 56 St,6847,W 35 St & 9 Ave,6569,40.7652654,-73.98192338,40.75414519263519,-73.9960889518261,member
1202701,07BB0087320BC229,classic_bike,2022-03-15 07:56:39,2022-03-15 08:08:24,W 64 St & Thelonious Monk Circle,7123,W 35 St & 9 Ave,6569,40.77515953434235,-73.98918695747852,40.75414519263519,-73.9960889518261,member
1202715,7D66DE9310C2D4D8,electric_bike,2022-03-29 15:14:05,2022-03-29 15:24:54,1 Ave & E 39 St,6303,W 35 St & 9 Ave,6569,40.74714,-73.97113,40.75414519263519,-73.9960889518261,member
1202731,104E2776A2BC8D0F,classic_bike,2022-03-02 07:06:42,2022-03-02 07:09:29,W 29 St & 9 Ave,6416,W 35 St & 9 Ave,6569,40.7500727,-73.99839279,40.75414519263519,-73.9960889518261,member
1202741,0AE364993B1AAE09,classic_bike,2022-03-08 20:41:46,2022-03-08 20:47:59,6 Ave & W 33 St,6364,W 35 St & 9 Ave,6569,40.74901271,-73.98848395,40.75414519263519,-73.9960889518261,member
1202759,B2FACAC84549D47B,electric_bike,2022-03-10 08:38:03,2022-03-10 08:45:45,Broadway & W 56 St,6847,W 35 St & 9 Ave,6569,40.7652654,-73.98192338,40.75414519263519,-73.9960889518261,member
1202783,4E6E460AC637D66B,classic_bike,2022-03-29 09:14:04,2022-03-29 09:30:18,W 64 St & Thelonious Monk Circle,7123,W 35 St & 9 Ave,6569,40.77515953434235,-73.98918695747852,40.75414519263519,-73.9960889518261,member
1203763,89AC834175C8A6A7,classic_bike,2022-03-13 19:48:48,2022-03-13 19:56:17,Broadway & W 41 St,6560,W 35 St & 9 Ave,6569,40.75513557,-73.98658032,40.75414519263519,-73.9960889518261,casual
1203769,F58952A86E4EFCAB,electric_bike,2022-03-16 13:53:56,2022-03-16 14:03:13,W 54 St & 11 Ave,6955,W 35 St & 9 Ave,6569,40.768333,-73.992573,40.75414519263519,-73.9960889518261,member
1203824,70A65E58E9C76D8B,classic_bike,2022-03-23 08:20:14,2022-03-23 08:33:32,E 39 St & 2 Ave,6345,W 35 St & 9 Ave,6569,40.74803319428767,-73.973827958107,40.75414519263519,-73.9960889518261,member
1203866,47848DB2208FC666,classic_bike,2022-03-21 13:31:31,2022-03-21 13:45:58,W 22 St & 10 Ave,6306,W 35 St & 9 Ave,6569,40.74691959,-74.00451887,40.75414519263519,-73.9960889518261,member
1203952,A870134EDF8E6675,electric_bike,2022-03-19 21:46:07,2022-03-19 22:00:49,E 3 St & 1 Ave,5553,W 35 St & 9 Ave,6569,40.72467721,-73.98783413,40.75414519263519,-73.9960889518261,member
1204117,25C60D11FED8E138,electric_bike,2022-03-27 13:47:31,2022-03-27 13:51:46,W 22 St & 10 Ave,6306,W 35 St & 9 Ave,6569,40.74691959,-74.00451887,40.75414519263519,-73.9960889518261,casual
1204135,E1C76A5AB6BB1A99,classic_bike,2022-03-16 21:53:09,2022-03-16 21:58:07,W 26 St & 8 Ave,6297,W 35 St & 9 Ave,6569,40.74734825,-73.99723551,40.75414519263519,-73.9960889518261,member
1204136,F02555258B59D920,classic_bike,2022-03-01 21:50:54,2022-03-01 21:56:26,W 26 St & 8 Ave,6297,W 35 St & 9 Ave,6569,40.74734825,-73.99723551,40.75414519263519,-73.9960889518261,member
1204298,6FD584884872991A,classic_bike,2022-03-03 09:20:15,2022-03-03 09:26:57,W 35 St & 9 Ave,6569,9 Ave & W 22 St,6266,40.75414519263519,-73.9960889518261,40.7454973,-74.00197139,member
1204303,F2432A388E58FC59,classic_bike,2022-03-15 17:12:14,2022-03-15 17:20:03,W 35 St & 9 Ave,6569,9 Ave & W 22 St,6266,40.75414519263519,-73.9960889518261,40.7454973,-74.00197139,member
1204304,626C42E02E9E5385,electric_bike,2022-03-05 19:24:13,2022-03-05 19:35:18,W 15 St & 7 Ave,6030,W 35 St & 9 Ave,6569,40.73935542,-73.99931783,40.75414519263519,-73.9960889518261,member
1204309,74053F37020950F8,classic_bike,2022-03-11 11:57:59,2022-03-11 12:01:48,W 35 St & 9 Ave,6569,W 35 St & 9 Ave,6569,40.75414519263519,-73.9960889518261,40.75414519263519,-73.9960889518261,casual
1204973,80244B10D7E7C865,classic_bike,2022-03-08 13:06:52,2022-03-08 13:32:29,Amsterdam Ave & W 79 St,7311,W 35 St & 9 Ave,6569,40.7829391,-73.9786517,40.75414519263519,-73.9960889518261,member
1205097,D1E5E993551FA830,classic_bike,2022-03-29 17:36:07,2022-03-29 17:48:11,E 27 St & Park Ave S,6131,W 35 St & 9 Ave,6569,40.74275179648995,-73.9847157150507,40.75414519263519,-73.9960889518261,member
1205102,54CA4F3BB022CB94,electric_bike,2022-03-01 10:17:07,2022-03-01 10:24:43,Greenwich Ave & 8 Ave,6072,W 35 St & 9 Ave,6569,40.7390169121,-74.0026376103,40.75414519263519,-73.9960889518261,member
1205256,F3243D97B162DD08,classic_bike,2022-03-11 17:10:40,2022-03-11 18:43:22,W 35 St & 9 Ave,6569,W 35 St & 9 Ave,6569,40.75414519263519,-73.9960889518261,40.75414519263519,-73.9960889518261,casual
1205297,804A1F735E147DEA,classic_bike,2022-03-08 09:39:17,2022-03-08 09:44:47,W 35 St & 9 Ave,6569,9 Ave & W 22 St,6266,40.75414519263519,-73.9960889518261,40.7454973,-74.00197139,member
1205510,BAA76A1D09E108A7,classic_bike,2022-03-19 17:18:55,2022-03-19 17:32:32,E 44 St & Lexington Ave,6464,W 35 St & 9 Ave,6569,40.752643,-73.974996,40.75414519263519,-73.9960889518261,member
1207607,8CD760E825BFBDC3,electric_bike,2022-03-26 19:22:30,2022-03-26 19:36:51,W 36 St & 9 Ave,6569,E 15 St & 3 Ave,5863,40.75462324029105,-73.99516761302948,40.734232,-73.986923,member
1212280,BB50535A4D10FE83,classic_bike,2022-03-16 09:50:04,2022-03-16 10:08:35,W 35 St & 9 Ave,6569,E 15 St & 3 Ave,5863,40.75414519263519,-73.9960889518261,40.734232,-73.986923,member
1214389,33E14EA8E239018D,classic_bike,2022-03-23 09:11:44,2022-03-23 09:33:19,W 35 St & Dyer Ave,6569,E 44 St & Lexington Ave,6464,40.754691750226016,-73.99740189313889,40.752643,-73.974996,casual
1214392,AD3A0A80083FB842,classic_bike,2022-03-24 09:22:59,2022-03-24 09:42:15,W 35 St & Dyer Ave,6569,E 44 St & Lexington Ave,6464,40.754691750226016,-73.99740189313889,40.752643,-73.974996,casual
1214394,8F223562C7EF1FD2,classic_bike,2022-03-10 10:39:52,2022-03-10 10:58:47,W 35 St & Dyer Ave,6569,W 13 St & 7 Ave,6030,40.754691750226016,-73.99740189313889,40.73781509,-73.99994661,member
1214417,0ECED9BF3D520B3B,electric_bike,2022-03-02 06:39:26,2022-03-02 06:48:41,W 35 St & Dyer Ave,6569,E 44 St & Lexington Ave,6464,40.754691750226016,-73.99740189313889,40.752643,-73.974996,member
1214447,28747A2A9C9CA44C,electric_bike,2022-03-09 06:39:20,2022-03-09 06:48:41,W 35 St & Dyer Ave,6569,E 44 St & Lexington Ave,6464,40.754691750226016,-73.99740189313889,40.752643,-73.974996,member
1221243,169E3BF10F38F0C5,electric_bike,2022-03-04 14:53:57,2022-03-04 15:02:16,W 35 St & Dyer Ave,6569,E 44 St & Lexington Ave,6464,40.754691750226016,-73.99740189313889,40.752643,-73.974996,casual
1221248,76BD85031E222482,classic_bike,2022-03-25 09:01:18,2022-03-25 09:21:13,W 35 St & Dyer Ave,6569,E 44 St & Lexington Ave,6464,40.754691750226016,-73.99740189313889,40.752643,-73.974996,casual
1221740,2A7A61D7538C88A7,electric_bike,2022-03-27 17:45:10,2022-03-27 17:56:29,W 36 St & 9 Ave,6569,E 15 St & 3 Ave,5863,40.75462324029105,-73.99516761302948,40.734232,-73.986923,member
1222423,264D09FEB96E631E,classic_bike,2022-03-20 13:53:35,2022-03-20 14:17:24,W 35 St & 9 Ave,6569,Rivington St & Ridge St,5406,40.75414519263519,-73.9960889518261,40.71850211,-73.98329859,member
1222472,EC59E0C424F5836D,classic_bike,2022-03-20 14:18:27,2022-03-20 14:29:50,W 35 St & 9 Ave,6569,W 13 St & 7 Ave,6030,40.75414519263519,-73.9960889518261,40.73781509,-73.99994661,member
1224087,54CEE16451C1CCC4,classic_bike,2022-03-22 16:55:04,2022-03-22 17:08:19,W 36 St & 9 Ave,6569,E 44 St & Lexington Ave,6464,40.75462324029105,-73.99516761302948,40.752643,-73.974996,casual
1224883,ED66C80F14D9BEC1,classic_bike,2022-03-25 21:03:32,2022-03-25 21:17:10,W 35 St & 9 Ave,6569,E 44 St & Lexington Ave,6464,40.75414519263519,-73.9960889518261,40.752643,-73.974996,member
1224891,F2EB4CC774B0399B,classic_bike,2022-03-31 19:09:40,2022-03-31 19:19:21,W 35 St & 9 Ave,6569,E 44 St & Lexington Ave,6464,40.75414519263519,-73.9960889518261,40.752643,-73.974996,member
1224958,AEE3A851493AD7A3,electric_bike,2022-03-01 17:20:02,2022-03-01 17:39:39,W 35 St & 9 Ave,6569,2 Ave & E 55 St,6650,40.75414519263519,-73.9960889518261,40.757920208794026,-73.96638214588165,member
1226561,D62AB1AD7F60F84A,electric_bike,2022-03-02 18:24:27,2022-03-02 18:42:51,W 35 St & 9 Ave,6569,2 Ave & E 55 St,6650,40.75414519263519,-73.9960889518261,40.757920208794026,-73.96638214588165,member
1226572,3A2D8CB4355B288D,electric_bike,2022-03-04 19:09:11,2022-03-04 19:28:01,W 35 St & 9 Ave,6569,E 5 St & Cooper Sq,5712,40.75414519263519,-73.9960889518261,40.72769,-73.990993,casual
1226577,CB579AECE913DC78,classic_bike,2022-03-02 18:06:10,2022-03-02 18:19:37,W 35 St & 9 Ave,6569,E 44 St & Lexington Ave,6464,40.75414519263519,-73.9960889518261,40.752643,-73.974996,member
1226619,C1ABD58247CA1EF5,classic_bike,2022-03-02 12:12:09,2022-03-02 12:26:45,W 35 St & 9 Ave,6569,W 13 St & 7 Ave,6030,40.75414519263519,-73.9960889518261,40.73781509,-73.99994661,member
1226704,1FC77ABD4FB3E9A2,classic_bike,2022-03-21 19:15:35,2022-03-21 19:36:11,W 35 St & 9 Ave,6569,E 5 St & Cooper Sq,5712,40.75414519263519,-73.9960889518261,40.72769,-73.990993,member
1226753,D59BA594B34C0C54,classic_bike,2022-03-20 14:18:17,2022-03-20 14:30:01,W 35 St & 9 Ave,6569,W 13 St & 7 Ave,6030,40.75414519263519,-73.9960889518261,40.73781509,-73.99994661,member
1226761,AAD987FB2F4605FE,electric_bike,2022-03-26 11:21:25,2022-03-26 11:38:41,W 35 St & 9 Ave,6569,E 5 St & Cooper Sq,5712,40.75414519263519,-73.9960889518261,40.72769,-73.990993,casual
1228671,A95D51B0CE470C8B,classic_bike,2022-03-17 17:57:55,2022-03-17 18:10:28,W 35 St & 9 Ave,6569,W 13 St & 7 Ave,6030,40.75414519263519,-73.9960889518261,40.73781509,-73.99994661,member
1228676,F89FBBE8441BAF59,electric_bike,2022-03-16 17:47:25,2022-03-16 18:01:38,W 35 St & 9 Ave,6569,E 5 St & Cooper Sq,5712,40.75414519263519,-73.9960889518261,40.72769,-73.990993,member
1228677,22A11AC667D6208C,electric_bike,2022-03-15 07:11:21,2022-03-15 07:21:42,W 35 St & 9 Ave,6569,E 44 St & Lexington Ave,6464,40.75414519263519,-73.9960889518261,40.752643,-73.974996,member
1228717,5E7F87D3D03E51F4,classic_bike,2022-03-18 12:07:34,2022-03-18 12:17:44,W 35 St & 9 Ave,6569,W 13 St & 7 Ave,6030,40.75414519263519,-73.9960889518261,40.73781509,-73.99994661,member
1229218,3DC7C6E2EC09B1A1,classic_bike,2022-03-30 15:18:00,2022-03-30 15:35:54,W 35 St & 9 Ave,6569,E 15 St & 3 Ave,5863,40.75414519263519,-73.9960889518261,40.734232,-73.986923,member
1229507,B685234A66EEB282,electric_bike,2022-03-30 17:33:57,2022-03-30 17:44:14,W 36 St & 9 Ave,6569,W 53 St & 10 Ave,6890,40.75462324029105,-73.99516761302948,40.76669671,-73.99061728,member
1232630,6AB3093C3CFAC55C,electric_bike,2022-03-01 16:57:27,2022-03-01 17:03:48,W 36 St & 9 Ave,6569,W 53 St & 10 Ave,6890,40.75462324029105,-73.99516761302948,40.76669671,-73.99061728,member
1232668,CDB2AB236072D20F,electric_bike,2022-03-14 15:51:07,2022-03-14 16:14:44,W 36 St & 9 Ave,6569,West St & Liberty St,5184,40.75462324029105,-73.99516761302948,40.711444,-74.014847,member
1232670,738872EF6F0A4BAC,classic_bike,2022-03-27 09:59:07,2022-03-27 10:36:52,W 36 St & 9 Ave,6569,West St & Liberty St,5184,40.75462324029105,-73.99516761302948,40.711444,-74.014847,casual
1232676,41418A3C7BD3D964,electric_bike,2022-03-18 21:43:03,2022-03-18 21:48:15,W 36 St & 9 Ave,6569,W 53 St & 10 Ave,6890,40.75462324029105,-73.99516761302948,40.76669671,-73.99061728,member
1232678,0E2B1769A36F50E1,classic_bike,2022-03-22 09:34:13,2022-03-22 09:50:04,W 36 St & 9 Ave,6569,Central Park West & W 68 St,7079,40.75462324029105,-73.99516761302948,40.7734066,-73.97782542,casual
1232679,72060CF940C9A276,electric_bike,2022-03-16 04:45:02,2022-03-16 04:50:10,W 36 St & 9 Ave,6569,E 32 St & Park Ave,6280,40.75462324029105,-73.99516761302948,40.7457121,-73.98194829,member
1232680,30FB64376385A4B6,electric_bike,2022-03-07 17:16:40,2022-03-07 17:23:04,W 36 St & 9 Ave,6569,W 53 St & 10 Ave,6890,40.75462324029105,-73.99516761302948,40.76669671,-73.99061728,member
1232682,9D7452808A563CD8,classic_bike,2022-03-28 17:18:34,2022-03-28 17:27:08,W 36 St & 9 Ave,6569,W 53 St & 10 Ave,6890,40.75462324029105,-73.99516761302948,40.76669671,-73.99061728,member
1232683,339185E503DAEAD4,classic_bike,2022-03-17 19:51:51,2022-03-17 20:29:48,W 36 St & 9 Ave,6569,West St & Liberty St,5184,40.75462324029105,-73.99516761302948,40.711444,-74.014847,casual
1232690,351688E39C890643,electric_bike,2022-03-04 22:35:27,2022-03-04 22:56:10,W 36 St & 9 Ave,6569,Madison Ave & E 82 St,7188,40.75462324029105,-73.99516761302948,40.7781314,-73.96069399,member
1233089,228A33311F6B9238,classic_bike,2022-03-10 10:11:11,2022-03-10 10:21:49,W 36 St & 9 Ave,6569,E 32 St & Park Ave,6280,40.75462324029105,-73.99516761302948,40.7457121,-73.98194829,member
1233123,D78D4CD195B2EF82,classic_bike,2022-03-13 00:20:06,2022-03-13 00:27:51,W 36 St & 9 Ave,6569,W 53 St & 10 Ave,6890,40.75462324029105,-73.99516761302948,40.76669671,-73.99061728,member
1236194,195152870CB243E0,electric_bike,2022-03-31 10:01:46,2022-03-31 10:15:00,W 35 St & 9 Ave,6569,E 32 St & Park Ave,6280,40.75414519263519,-73.9960889518261,40.7457121,-73.98194829,member
1236203,631B4B1F649F85EC,electric_bike,2022-03-29 17:24:29,2022-03-29 17:31:01,W 35 St & 9 Ave,6569,W 53 St & 10 Ave,6890,40.75414519263519,-73.9960889518261,40.76669671,-73.99061728,member
1236226,FB5AF9AEE401F6E3,classic_bike,2022-03-23 18:40:40,2022-03-23 18:47:08,W 35 St & 9 Ave,6569,W 53 St & 10 Ave,6890,40.75414519263519,-73.9960889518261,40.76669671,-73.99061728,member
1236689,033C3533C2884464,electric_bike,2022-03-08 17:20:56,2022-03-08 17:27:23,W 35 St & 9 Ave,6569,W 53 St & 10 Ave,6890,40.75414519263519,-73.9960889518261,40.76669671,-73.99061728,member
1236690,47F6F5C56677AFFB,classic_bike,2022-03-10 17:18:04,2022-03-10 17:26:40,W 35 St & 9 Ave,6569,E 32 St & Park Ave,6280,40.75414519263519,-73.9960889518261,40.7457121,-73.98194829,member
1236691,596CBF8D2F948A44,electric_bike,2022-03-24 17:22:06,2022-03-24 17:28:39,W 35 St & 9 Ave,6569,W 53 St & 10 Ave,6890,40.75414519263519,-73.9960889518261,40.76669671,-73.99061728,member
1236703,4C50879D43B1E51F,electric_bike,2022-03-24 17:29:18,2022-03-24 17:52:13,W 35 St & 9 Ave,6569,West St & Liberty St,5184,40.75414519263519,-73.9960889518261,40.711444,-74.014847,member
1238017,D78FC110856905A4,docked_bike,2022-03-25 16:05:56,2022-03-25 16:28:14,W 35 St & Dyer Ave,6569,Central Park West & W 68 St,7079,40.754692,-73.997402,40.773407,-73.977825,casual
1238103,CA34C5AF69AA6736,electric_bike,2022-03-07 17:17:02,2022-03-07 17:26:15,W 35 St & Dyer Ave,6569,E 32 St & Park Ave,6280,40.754691750226016,-73.99740189313889,40.7457121,-73.98194829,member
1238121,BFF88E70C6DDFC48,electric_bike,2022-03-24 11:51:12,2022-03-24 11:58:01,W 35 St & Dyer Ave,6569,E 32 St & Park Ave,6280,40.754691750226016,-73.99740189313889,40.7457121,-73.98194829,member
1238122,34E1B80691C5E368,classic_bike,2022-03-30 15:57:53,2022-03-30 16:06:52,W 35 St & Dyer Ave,6569,W 53 St & 10 Ave,6890,40.754691750226016,-73.99740189313889,40.76669671,-73.99061728,member
1240049,A1EEE0B7A665AB84,classic_bike,2022-03-10 11:50:17,2022-03-10 11:58:22,W 35 St & Dyer Ave,6569,E 32 St & Park Ave,6280,40.754691750226016,-73.99740189313889,40.7457121,-73.98194829,member
1240127,B4077B9A983E07E6,classic_bike,2022-03-20 20:41:13,2022-03-20 20:46:57,W 35 St & Dyer Ave,6569,W 53 St & 10 Ave,6890,40.754691750226016,-73.99740189313889,40.76669671,-73.99061728,member
1240152,1C8E190781403FFB,classic_bike,2022-03-11 14:19:32,2022-03-11 14:25:45,W 35 St & Dyer Ave,6569,W 53 St & 10 Ave,6890,40.754691750226016,-73.99740189313889,40.76669671,-73.99061728,member
1240269,C97DBB6E1CCEBA54,classic_bike,2022-03-05 19:25:01,2022-03-05 19:35:11,W 35 St & Dyer Ave,6569,E 32 St & Park Ave,6280,40.754691750226016,-73.99740189313889,40.7457121,-73.98194829,casual
1240339,879D2B4A84E82102,electric_bike,2022-03-16 08:37:57,2022-03-16 08:43:27,W 36 St & 9 Ave,6569,W 53 St & 10 Ave,6890,40.75462324029105,-73.99516761302948,40.76669671,-73.99061728,casual
1240350,40DA3323250180D9,electric_bike,2022-03-07 15:50:38,2022-03-07 16:03:25,W 36 St & 9 Ave,6569,Central Park West & W 68 St,7079,40.75462324029105,-73.99516761302948,40.7734066,-73.97782542,member
1240353,D0014EF55BBCCD89,electric_bike,2022-03-10 17:32:16,2022-03-10 17:42:48,W 36 St & 9 Ave,6569,W 53 St & 10 Ave,6890,40.75462324029105,-73.99516761302948,40.76669671,-73.99061728,member
1240354,289E1AF638479BD6,classic_bike,2022-03-02 16:28:57,2022-03-02 16:37:30,W 36 St & 9 Ave,6569,W 53 St & 10 Ave,6890,40.75462324029105,-73.99516761302948,40.76669671,-73.99061728,casual
1240355,FF5A0DF28FB1829F,classic_bike,2022-03-16 17:25:36,2022-03-16 17:50:41,W 36 St & 9 Ave,6569,Central Park West & W 68 St,7079,40.75462324029105,-73.99516761302948,40.7734066,-73.97782542,member
1240383,9A0A563736A287BF,classic_bike,2022-03-18 17:53:54,2022-03-18 18:02:11,W 36 St & 9 Ave,6569,W 53 St & 10 Ave,6890,40.75462324029105,-73.99516761302948,40.76669671,-73.99061728,member
1240384,F475709DD769D7C3,classic_bike,2022-03-22 10:05:24,2022-03-22 10:25:54,W 36 St & 9 Ave,6569,Central Park West & W 68 St,7079,40.75462324029105,-73.99516761302948,40.7734066,-73.97782542,casual
1240391,249ED8FD88FA91E9,classic_bike,2022-03-07 09:07:28,2022-03-07 09:16:12,W 36 St & 9 Ave,6569,E 32 St & Park Ave,6280,40.75462324029105,-73.99516761302948,40.7457121,-73.98194829,member
1240392,BBAD85FCA51022B8,electric_bike,2022-03-09 20:36:22,2022-03-09 20:43:14,W 36 St & 9 Ave,6569,W 53 St & 10 Ave,6890,40.75462324029105,-73.99516761302948,40.76669671,-73.99061728,member
1240395,09A6DED2AA23B9A2,classic_bike,2022-03-27 10:06:52,2022-03-27 10:37:03,W 36 St & 9 Ave,6569,West St & Liberty St,5184,40.75462324029105,-73.99516761302948,40.711444,-74.014847,casual
1240407,ED011DFFB59DBF53,classic_bike,2022-03-28 12:45:07,2022-03-28 13:02:41,W 36 St & 9 Ave,6569,W 53 St & 10 Ave,6890,40.75462324029105,-73.99516761302948,40.76669671,-73.99061728,member
1240408,B8AB466D7F9E9841,classic_bike,2022-03-19 01:54:49,2022-03-19 02:02:47,W 36 St & 9 Ave,6569,E 32 St & Park Ave,6280,40.75462324029105,-73.99516761302948,40.7457121,-73.98194829,member
1240474,7CEEE4930BFBC574,electric_bike,2022-03-14 20:37:35,2022-03-14 20:43:00,W 36 St & 9 Ave,6569,W 53 St & 10 Ave,6890,40.75462324029105,-73.99516761302948,40.76669671,-73.99061728,member
1240826,C832FE58C0026F38,classic_bike,2022-03-22 10:06:48,2022-03-22 10:26:07,W 36 St & 9 Ave,6569,Central Park West & W 68 St,7079,40.75462324029105,-73.99516761302948,40.7734066,-73.97782542,casual
1240827,D5FC32AB07ACC50A,electric_bike,2022-03-31 09:41:37,2022-03-31 09:53:21,W 36 St & 9 Ave,6569,E 32 St & Park Ave,6280,40.75462324029105,-73.99516761302948,40.7457121,-73.98194829,casual
1240828,80454E2645D7ED03,electric_bike,2022-03-26 14:23:42,2022-03-26 14:38:35,W 36 St & 9 Ave,6569,MacDougal St & Prince St,5687,40.75462324029105,-73.99516761302948,40.72710258,-74.00297088,member
1242173,16BCF70D85F41966,electric_bike,2022-03-08 16:07:24,2022-03-08 16:14:24,W 36 St & 9 Ave,6569,E 32 St & Park Ave,6280,40.75462324029105,-73.99516761302948,40.7457121,-73.98194829,member
1242175,A1755379495982D3,electric_bike,2022-03-30 17:21:41,2022-03-30 17:30:13,W 36 St & 9 Ave,6569,W 53 St & 10 Ave,6890,40.75462324029105,-73.99516761302948,40.76669671,-73.99061728,member
1242176,C1A6CD660A0F61F6,classic_bike,2022-03-10 08:58:22,2022-03-10 09:08:30,W 36 St & 9 Ave,6569,E 32 St & Park Ave,6280,40.75462324029105,-73.99516761302948,40.7457121,-73.98194829,member
1242618,3F5FCD25C0AB63C2,classic_bike,2022-03-27 10:02:47,2022-03-27 10:36:52,W 36 St & 9 Ave,6569,West St & Liberty St,5184,40.75462324029105,-73.99516761302948,40.711444,-74.014847,casual
1246071,45777E19172686FF,classic_bike,2022-03-14 17:28:18,2022-03-14 17:40:25,W 35 St & 9 Ave,6569,W 53 St & 10 Ave,6890,40.75414519263519,-73.9960889518261,40.76669671,-73.99061728,member
1246115,FC180F42E95FE877,electric_bike,2022-03-18 19:49:24,2022-03-18 20:32:23,W 35 St & 9 Ave,6569,W 53 St & 10 Ave,6890,40.75414519263519,-73.9960889518261,40.76669671,-73.99061728,member
1246118,DA8C788A096FE002,electric_bike,2022-03-31 19:22:37,2022-03-31 19:29:42,W 35 St & 9 Ave,6569,W 53 St & 10 Ave,6890,40.75414519263519,-73.9960889518261,40.76669671,-73.99061728,member
1246145,9E82140E09C73623,classic_bike,2022-03-11 17:31:59,2022-03-11 17:40:56,W 35 St & 9 Ave,6569,W 53 St & 10 Ave,6890,40.75414519263519,-73.9960889518261,40.76669671,-73.99061728,member
1246156,3111142C79F48A99,electric_bike,2022-03-13 08:46:35,2022-03-13 08:51:48,W 35 St & 9 Ave,6569,E 32 St & Park Ave,6280,40.75414519263519,-73.9960889518261,40.7457121,-73.98194829,member
1246187,2222B661B0BE7286,electric_bike,2022-03-22 11:25:07,2022-03-22 11:33:51,W 35 St & 9 Ave,6569,W 53 St & 10 Ave,6890,40.75414519263519,-73.9960889518261,40.76669671,-73.99061728,member
1246201,2039E8B08788A78A,electric_bike,2022-03-25 15:19:18,2022-03-25 15:25:14,W 35 St & 9 Ave,6569,E 32 St & Park Ave,6280,40.75414519263519,-73.9960889518261,40.7457121,-73.98194829,member
1246890,966F71A04E6EEE2C,classic_bike,2022-03-11 16:49:50,2022-03-11 17:10:29,W 35 St & Dyer Ave,6569,West St & Liberty St,5184,40.754691750226016,-73.99740189313889,40.711444,-74.014847,member
1246908,498A8DEEBF3FE955,classic_bike,2022-03-15 21:24:42,2022-03-15 21:30:26,W 35 St & Dyer Ave,6569,W 53 St & 10 Ave,6890,40.754691750226016,-73.99740189313889,40.76669671,-73.99061728,member
1246910,94509271BFF91033,electric_bike,2022-03-03 12:58:55,2022-03-03 13:10:07,W 35 St & Dyer Ave,6569,Central Park West & W 68 St,7079,40.754691750226016,-73.99740189313889,40.7734066,-73.97782542,member
1246913,F5D97D7D0DCB3147,electric_bike,2022-03-31 19:21:37,2022-03-31 19:28:18,W 35 St & Dyer Ave,6569,W 53 St & 10 Ave,6890,40.754691750226016,-73.99740189313889,40.76669671,-73.99061728,casual
1246919,88B201EC0FD5CF36,classic_bike,2022-03-03 11:53:59,2022-03-03 12:01:19,W 35 St & Dyer Ave,6569,E 32 St & Park Ave,6280,40.754691750226016,-73.99740189313889,40.7457121,-73.98194829,member
1246927,40FC34FF1B501D7E,electric_bike,2022-03-16 15:20:14,2022-03-16 15:25:23,W 35 St & Dyer Ave,6569,W 53 St & 10 Ave,6890,40.754691750226016,-73.99740189313889,40.76669671,-73.99061728,member
1246928,F5B52E23BBF614BB,electric_bike,2022-03-14 19:58:33,2022-03-14 20:03:14,W 35 St & Dyer Ave,6569,W 53 St & 10 Ave,6890,40.754691750226016,-73.99740189313889,40.76669671,-73.99061728,member
1247059,314CAE5E6FA24DBA,docked_bike,2022-03-25 16:05:56,2022-03-25 16:28:19,W 35 St & Dyer Ave,6569,Central Park West & W 68 St,7079,40.754692,-73.997402,40.773407,-73.977825,casual
1247077,67FD6ED48EC4ECDF,electric_bike,2022-03-24 16:38:23,2022-03-24 16:46:40,W 35 St & Dyer Ave,6569,W 53 St & 10 Ave,6890,40.754691750226016,-73.99740189313889,40.76669671,-73.99061728,member
1247089,3249B2C0811E2D53,electric_bike,2022-03-16 17:19:58,2022-03-16 17:25:18,W 35 St & Dyer Ave,6569,W 53 St & 10 Ave,6890,40.754691750226016,-73.99740189313889,40.76669671,-73.99061728,member
1247105,491D1ED1C166FAF0,electric_bike,2022-03-23 14:24:09,2022-03-23 14:59:16,W 35 St & Dyer Ave,6569,Boerum St & Broadway,5004,40.754691750226016,-73.99740189313889,40.70538077,-73.94976519,member
1249924,448D88521CCB78B9,classic_bike,2022-03-16 08:23:50,2022-03-16 08:48:22,W 35 St & 9 Ave,6569,West St & Liberty St,5184,40.75414519263519,-73.9960889518261,40.711444,-74.014847,member
1249925,B9FA5FF5BEEDD440,classic_bike,2022-03-26 18:29:09,2022-03-26 18:51:50,W 35 St & 9 Ave,6569,Madison Ave & E 82 St,7188,40.75414519263519,-73.9960889518261,40.7781314,-73.96069399,member
1249927,B809DCE774177660,electric_bike,2022-03-22 18:55:17,2022-03-22 19:10:07,W 35 St & 9 Ave,6569,W 67 St & Broadway,7116,40.75414519263519,-73.9960889518261,40.77492513,-73.98266566,member
1249932,852BB1377B4D9FDC,electric_bike,2022-03-24 17:40:47,2022-03-24 17:48:33,W 35 St & 9 Ave,6569,W 53 St & 10 Ave,6890,40.75414519263519,-73.9960889518261,40.76669671,-73.99061728,member
1249933,C3F230136A5BE851,electric_bike,2022-03-02 16:26:32,2022-03-02 16:41:48,W 35 St & 9 Ave,6569,MacDougal St & Prince St,5687,40.75414519263519,-73.9960889518261,40.72710258,-74.00297088,member
1249996,8CA2498BFBB3CAD5,electric_bike,2022-03-24 21:23:11,2022-03-24 21:34:27,W 36 St & 9 Ave,6569,Central Park West & W 68 St,7079,40.75462324029105,-73.99516761302948,40.7734066,-73.97782542,casual
1250128,D4F0A83A418CA559,classic_bike,2022-03-30 14:20:31,2022-03-30 14:42:50,W 36 St & 9 Ave,6569,MacDougal St & Prince St,5687,40.75462324029105,-73.99516761302948,40.72710258,-74.00297088,member
1250627,2E60C5C3938C7ADC,electric_bike,2022-03-25 11:03:46,2022-03-25 11:23:02,W 35 St & Dyer Ave,6569,Madison Ave & E 82 St,7188,40.754691750226016,-73.99740189313889,40.7781314,-73.96069399,member
1250834,8FBA1D2E994744EB,classic_bike,2022-03-23 17:42:10,2022-03-23 18:03:53,W 35 St & Dyer Ave,6569,West St & Liberty St,5184,40.754691750226016,-73.99740189313889,40.711444,-74.014847,casual
1252771,1AC9031F11E74784,classic_bike,2022-03-08 08:02:03,2022-03-08 08:09:32,W 36 St & 9 Ave,6569,W 53 St & 10 Ave,6890,40.75462324029105,-73.99516761302948,40.76669671,-73.99061728,member
1252775,0B4F75B536C59772,electric_bike,2022-03-16 17:58:38,2022-03-16 18:08:14,W 36 St & 9 Ave,6569,E 32 St & Park Ave,6280,40.75462324029105,-73.99516761302948,40.7457121,-73.98194829,casual
1255562,62C68145273897E8,electric_bike,2022-03-27 17:32:41,2022-03-27 17:45:59,W 35 St & 9 Ave,6569,E 32 St & Park Ave,6280,40.75414519263519,-73.9960889518261,40.7457121,-73.98194829,member
1255570,B08AC36E4BE595A5,classic_bike,2022-03-15 08:06:29,2022-03-15 08:39:50,W 35 St & 9 Ave,6569,Madison Ave & E 82 St,7188,40.75414519263519,-73.9960889518261,40.7781314,-73.96069399,member
1255576,3B4E010D5A442D01,electric_bike,2022-03-24 18:36:02,2022-03-24 18:49:50,W 35 St & 9 Ave,6569,MacDougal St & Prince St,5687,40.75414519263519,-73.9960889518261,40.72710258,-74.00297088,member
1255606,59E51643FAE71184,classic_bike,2022-03-23 08:11:48,2022-03-23 08:40:02,W 35 St & 9 Ave,6569,West St & Liberty St,5184,40.75414519263519,-73.9960889518261,40.711444,-74.014847,member
1255621,B88838ED9D3AA6F3,electric_bike,2022-03-17 11:54:38,2022-03-17 12:00:36,W 35 St & 9 Ave,6569,E 32 St & Park Ave,6280,40.75414519263519,-73.9960889518261,40.7457121,-73.98194829,member
1255623,8A75F37F6A5A44D7,electric_bike,2022-03-23 04:47:24,2022-03-23 04:52:55,W 35 St & 9 Ave,6569,E 32 St & Park Ave,6280,40.75414519263519,-73.9960889518261,40.7457121,-73.98194829,member
1257441,207EAD32AF829EC9,electric_bike,2022-03-26 19:19:36,2022-03-26 19:53:57,W 35 St & 9 Ave,6569,MacDougal St & Prince St,5687,40.75414519263519,-73.9960889518261,40.72710258,-74.00297088,casual
1257516,E64A942ADE42553E,classic_bike,2022-03-06 11:25:05,2022-03-06 11:39:59,W 35 St & 9 Ave,6569,MacDougal St & Prince St,5687,40.75414519263519,-73.9960889518261,40.72710258,-74.00297088,member
1258505,923CF51A1A8D0069,classic_bike,2022-03-24 18:56:13,2022-03-24 19:23:50,W 35 St & 9 Ave,6569,West St & Liberty St,5184,40.75414519263519,-73.9960889518261,40.711444,-74.014847,member
1258506,DC846DBC134D865D,electric_bike,2022-03-11 06:20:07,2022-03-11 06:26:03,W 35 St & 9 Ave,6569,W 53 St & 10 Ave,6890,40.75414519263519,-73.9960889518261,40.76669671,-73.99061728,member
1258767,93B348B6EE6CDBB2,electric_bike,2022-03-02 17:28:46,2022-03-02 17:36:10,W 35 St & 9 Ave,6569,W 53 St & 10 Ave,6890,40.75414519263519,-73.9960889518261,40.76669671,-73.99061728,member
1258786,EEBD0BC18D914FDB,electric_bike,2022-03-07 06:55:24,2022-03-07 07:01:17,W 35 St & 9 Ave,6569,W 53 St & 10 Ave,6890,40.75414519263519,-73.9960889518261,40.76669671,-73.99061728,member
1258832,BC043B79B4D29F43,classic_bike,2022-03-25 18:51:12,2022-03-25 19:08:37,W 35 St & 9 Ave,6569,W 67 St & Broadway,7116,40.75414519263519,-73.9960889518261,40.77492513,-73.98266566,member
1259550,23C762732753A864,electric_bike,2022-03-30 18:48:31,2022-03-30 18:54:33,W 35 St & 9 Ave,6569,W 53 St & 10 Ave,6890,40.75414519263519,-73.9960889518261,40.76669671,-73.99061728,member
1259716,54513E29A24280A1,electric_bike,2022-03-31 11:51:23,2022-03-31 11:59:12,W 35 St & 9 Ave,6569,E 32 St & Park Ave,6280,40.75414519263519,-73.9960889518261,40.7457121,-73.98194829,member
1259735,369683B9BD77D77E,classic_bike,2022-03-13 12:43:57,2022-03-13 12:56:19,W 35 St & 9 Ave,6569,MacDougal St & Prince St,5687,40.75414519263519,-73.9960889518261,40.72710258,-74.00297088,member
1259740,14C98448D92B332D,electric_bike,2022-03-21 18:51:30,2022-03-21 19:19:28,W 35 St & 9 Ave,6569,Boerum St & Broadway,5004,40.75414519263519,-73.9960889518261,40.70538077,-73.94976519,member
1259750,0DA532F120470051,electric_bike,2022-03-17 10:08:54,2022-03-17 10:17:42,W 35 St & 9 Ave,6569,E 32 St & Park Ave,6280,40.75414519263519,-73.9960889518261,40.7457121,-73.98194829,member
1259905,B06ECBBF447D6370,electric_bike,2022-03-02 16:03:36,2022-03-02 16:09:02,W 35 St & 9 Ave,6569,W 53 St & 10 Ave,6890,40.75414519263519,-73.9960889518261,40.76669671,-73.99061728,member
1259936,9F21C6B430AEB74E,classic_bike,2022-03-17 07:11:53,2022-03-17 07:34:13,W 35 St & 9 Ave,6569,West St & Liberty St,5184,40.75414519263519,-73.9960889518261,40.711444,-74.014847,member
1259937,6163999DF451EA91,classic_bike,2022-03-22 07:21:03,2022-03-22 07:46:13,W 35 St & 9 Ave,6569,West St & Liberty St,5184,40.75414519263519,-73.9960889518261,40.711444,-74.014847,member
1259959,63D3F19B833F7C94,classic_bike,2022-03-03 08:01:06,2022-03-03 08:08:09,W 35 St & 9 Ave,6569,W 53 St & 10 Ave,6890,40.75414519263519,-73.9960889518261,40.76669671,-73.99061728,member
1260605,7F6E17002B87FE85,electric_bike,2022-03-07 20:50:53,2022-03-07 20:55:40,W 35 St & 9 Ave,6569,W 53 St & 10 Ave,6890,40.75414519263519,-73.9960889518261,40.76669671,-73.99061728,member
1260610,6E3C8476B87847B6,electric_bike,2022-03-02 09:15:43,2022-03-02 09:21:31,W 35 St & 9 Ave,6569,W 53 St & 10 Ave,6890,40.75414519263519,-73.9960889518261,40.76669671,-73.99061728,member
1260681,24256394E5BBE511,classic_bike,2022-03-31 17:11:43,2022-03-31 17:20:10,W 35 St & Dyer Ave,6569,E 32 St & Park Ave,6280,40.754691750226016,-73.99740189313889,40.7457121,-73.98194829,member
1260684,3209DA9F81DB16EC,electric_bike,2022-03-02 16:47:27,2022-03-02 16:59:25,W 35 St & Dyer Ave,6569,W 53 St & 10 Ave,6890,40.754691750226016,-73.99740189313889,40.76669671,-73.99061728,member
1261313,AE77A78E30CB2764,electric_bike,2022-03-26 20:30:27,2022-03-26 20:42:52,W 35 St & Dyer Ave,6569,W 56 St & 6 Ave,6809,40.754691750226016,-73.99740189313889,40.76340613,-73.97722479,member
1261374,69B114D628D6457F,electric_bike,2022-03-08 08:38:21,2022-03-08 08:48:11,W 35 St & Dyer Ave,6569,W 48 St &  Rockefeller Plaza,6626,40.754691750226016,-73.99740189313889,40.75776935448309,-73.97929430007935,member
1262639,CB1EA0BB7A397BCB,electric_bike,2022-03-16 06:54:22,2022-03-16 07:22:14,W 36 St & 9 Ave,6569,Broadway & W 133 St,7903,40.75462324029105,-73.99516761302948,40.8190344,-73.956156,member
1262664,9BB1CCAE16301769,classic_bike,2022-03-09 14:14:11,2022-03-09 14:58:38,W 36 St & 9 Ave,6569,W 56 St & 6 Ave,6809,40.75462324029105,-73.99516761302948,40.76340613,-73.97722479,member
1262665,8007A8ABDB7D946F,electric_bike,2022-03-02 14:49:41,2022-03-02 15:01:41,W 36 St & 9 Ave,6569,Amsterdam Ave & W 79 St,7311,40.75462324029105,-73.99516761302948,40.7829391,-73.9786517,member
1262939,3A0E053BCD5D9A98,classic_bike,2022-03-20 11:56:42,2022-03-20 12:25:34,W 36 St & 9 Ave,6569,St James Pl & Pearl St,5167,40.75462324029105,-73.99516761302948,40.71117416,-74.00016545,member
1264504,05588CCC6AC517E2,classic_bike,2022-03-07 09:06:06,2022-03-07 09:21:20,W 35 St & 9 Ave,6569,W 56 St & 6 Ave,6809,40.75414519263519,-73.9960889518261,40.76340613,-73.97722479,member
1264505,B4A032FD4BEC04C7,classic_bike,2022-03-25 17:40:54,2022-03-25 18:05:26,W 35 St & 9 Ave,6569,Central Park West & W 85 St,7354,40.75414519263519,-73.9960889518261,40.78476,-73.969862,member
1264516,FA018F3AF8CC51AF,docked_bike,2022-03-02 09:52:58,2022-03-02 10:20:41,W 35 St & 9 Ave,6569,5 Ave & E 72 St,7100,40.754145,-73.996089,40.772828,-73.966853,casual
1264528,5238D89AC699ACA7,electric_bike,2022-03-29 08:10:24,2022-03-29 08:17:20,W 35 St & 9 Ave,6569,W 48 St &  Rockefeller Plaza,6626,40.75414519263519,-73.9960889518261,40.75776935448309,-73.97929430007935,member
1265426,DB3E22FDA9D19E49,classic_bike,2022-03-15 07:53:53,2022-03-15 08:04:59,W 35 St & Dyer Ave,6569,W 48 St &  Rockefeller Plaza,6626,40.754691750226016,-73.99740189313889,40.75776935448309,-73.97929430007935,member
1265436,D6B7E71320DF094D,electric_bike,2022-03-23 08:29:21,2022-03-23 08:37:46,W 35 St & Dyer Ave,6569,W 48 St &  Rockefeller Plaza,6626,40.754691750226016,-73.99740189313889,40.75776935448309,-73.97929430007935,member
1267167,46AD55AAB2594ACD,electric_bike,2022-03-25 14:39:26,2022-03-25 14:52:44,W 36 St & 9 Ave,6569,Amsterdam Ave & W 79 St,7311,40.75462324029105,-73.99516761302948,40.7829391,-73.9786517,member
1267168,5CE4FE3B6F1911E3,classic_bike,2022-03-15 17:48:22,2022-03-15 17:59:44,W 36 St & 9 Ave,6569,W 48 St &  Rockefeller Plaza,6626,40.75462324029105,-73.99516761302948,40.75776935448309,-73.97929430007935,member
1267169,0522B75D81C73322,electric_bike,2022-03-13 12:46:29,2022-03-13 12:55:48,W 36 St & 9 Ave,6569,W 48 St &  Rockefeller Plaza,6626,40.75462324029105,-73.99516761302948,40.75776935448309,-73.97929430007935,member
1267173,B4902A6785AB70DC,classic_bike,2022-03-14 13:15:37,2022-03-14 13:25:01,W 36 St & 9 Ave,6569,W 56 St & 6 Ave,6809,40.75462324029105,-73.99516761302948,40.76340613,-73.97722479,member
1267176,873E72377ADB5C72,classic_bike,2022-03-15 18:53:22,2022-03-15 19:01:49,W 36 St & 9 Ave,6569,W 56 St & 6 Ave,6809,40.75462324029105,-73.99516761302948,40.76340613,-73.97722479,member
1267191,87D6526AC6C5C580,classic_bike,2022-03-11 13:17:32,2022-03-11 13:31:11,W 36 St & 9 Ave,6569,W 48 St &  Rockefeller Plaza,6626,40.75462324029105,-73.99516761302948,40.75776935448309,-73.97929430007935,member
1269110,7E93327916E8B56F,classic_bike,2022-03-07 09:48:34,2022-03-07 10:02:24,W 35 St & 9 Ave,6569,W 48 St &  Rockefeller Plaza,6626,40.75414519263519,-73.9960889518261,40.75776935448309,-73.97929430007935,member
1269666,556533C167C47335,classic_bike,2022-03-15 18:26:31,2022-03-15 18:45:13,W 35 St & Dyer Ave,6569,Amsterdam Ave & W 79 St,7311,40.754691750226016,-73.99740189313889,40.7829391,-73.9786517,member
1269683,BD8A207864997F5C,classic_bike,2022-03-19 13:38:20,2022-03-19 13:53:08,W 35 St & Dyer Ave,6569,W 56 St & 6 Ave,6809,40.754691750226016,-73.99740189313889,40.76340613,-73.97722479,member
1270036,BC5CD8182FEC30CA,electric_bike,2022-03-23 11:50:23,2022-03-23 11:58:59,W 35 St & Dyer Ave,6569,W 48 St &  Rockefeller Plaza,6626,40.754691750226016,-73.99740189313889,40.75776935448309,-73.97929430007935,member
1270852,9F4605EC5DB91E90,electric_bike,2022-03-15 09:39:21,2022-03-15 09:48:15,W 35 St & Dyer Ave,6569,W 56 St & 6 Ave,6809,40.754691750226016,-73.99740189313889,40.76340613,-73.97722479,member
1270853,1EEA33B7DAAAFE09,electric_bike,2022-03-22 08:18:08,2022-03-22 08:30:32,W 35 St & Dyer Ave,6569,W 48 St &  Rockefeller Plaza,6626,40.754691750226016,-73.99740189313889,40.75776935448309,-73.97929430007935,member
1272691,7B1F61C53826DF34,electric_bike,2022-03-30 18:07:07,2022-03-30 18:36:24,W 35 St & 9 Ave,6569,Kane St & Clinton St,4455,40.75414519263519,-73.9960889518261,40.6861758,-73.99645295,member
1272908,84B0D2FC73093D90,electric_bike,2022-03-07 18:14:28,2022-03-07 18:27:41,W 35 St & 9 Ave,6569,Amsterdam Ave & W 79 St,7311,40.75414519263519,-73.9960889518261,40.7829391,-73.9786517,member
1272966,6C7FF05823E836EE,classic_bike,2022-03-10 17:06:09,2022-03-10 17:27:17,W 35 St & 9 Ave,6569,Central Park West & W 85 St,7354,40.75414519263519,-73.9960889518261,40.78476,-73.969862,member
1274346,979D08091D771E0C,electric_bike,2022-03-28 14:04:44,2022-03-28 14:14:12,W 36 St & 9 Ave,6569,W 56 St & 6 Ave,6809,40.75462324029105,-73.99516761302948,40.76340613,-73.97722479,member
1274349,D4259D15B81C0D66,classic_bike,2022-03-05 17:54:17,2022-03-05 18:05:38,W 36 St & 9 Ave,6569,W 48 St &  Rockefeller Plaza,6626,40.75462324029105,-73.99516761302948,40.75776935448309,-73.97929430007935,member
1274350,067198CEEDAFDB69,classic_bike,2022-03-11 13:17:16,2022-03-11 13:30:52,W 36 St & 9 Ave,6569,W 48 St &  Rockefeller Plaza,6626,40.75462324029105,-73.99516761302948,40.75776935448309,-73.97929430007935,member
1274692,D25DABD5D9365737,electric_bike,2022-03-31 09:36:41,2022-03-31 09:45:52,W 35 St & Dyer Ave,6569,W 48 St &  Rockefeller Plaza,6626,40.754691750226016,-73.99740189313889,40.75776935448309,-73.97929430007935,member
1276458,674CB263DB90D176,electric_bike,2022-03-09 17:52:21,2022-03-09 18:25:47,W 35 St & 9 Ave,6569,Kane St & Clinton St,4455,40.75414519263519,-73.9960889518261,40.6861758,-73.99645295,member
1276471,B52B1438BA82F4B7,electric_bike,2022-03-25 15:27:06,2022-03-25 15:37:21,W 35 St & 9 Ave,6569,W 56 St & 6 Ave,6809,40.75414519263519,-73.9960889518261,40.76340613,-73.97722479,member
1276474,AA111EE0EB670241,classic_bike,2022-03-29 14:48:24,2022-03-29 14:56:20,W 35 St & 9 Ave,6569,W 48 St &  Rockefeller Plaza,6626,40.75414519263519,-73.9960889518261,40.75776935448309,-73.97929430007935,member
1276492,AE03CE4285106B33,electric_bike,2022-03-02 09:40:23,2022-03-02 09:52:50,W 35 St & 9 Ave,6569,W 48 St &  Rockefeller Plaza,6626,40.75414519263519,-73.9960889518261,40.75776935448309,-73.97929430007935,member
1276501,9DD38D38687C4DF0,electric_bike,2022-03-24 09:29:52,2022-03-24 09:37:05,W 35 St & 9 Ave,6569,W 48 St &  Rockefeller Plaza,6626,40.75414519263519,-73.9960889518261,40.75776935448309,-73.97929430007935,member
1276510,E168811D78239029,docked_bike,2022-03-02 09:52:32,2022-03-02 10:20:41,W 35 St & 9 Ave,6569,5 Ave & E 72 St,7100,40.754145,-73.996089,40.772828,-73.966853,casual
1276516,22216DA655FB3CFC,electric_bike,2022-03-24 17:24:33,2022-03-24 17:54:29,W 35 St & 9 Ave,6569,Kane St & Clinton St,4455,40.75414519263519,-73.9960889518261,40.6861758,-73.99645295,member
1276527,9F74417B189A25C4,classic_bike,2022-03-31 18:05:50,2022-03-31 18:28:49,W 35 St & 9 Ave,6569,Central Park West & W 85 St,7354,40.75414519263519,-73.9960889518261,40.78476,-73.969862,member
1276533,7E83FF479702306E,classic_bike,2022-03-18 17:23:56,2022-03-18 17:45:20,W 35 St & 9 Ave,6569,Central Park West & W 85 St,7354,40.75414519263519,-73.9960889518261,40.78476,-73.969862,member
1277094,D8AE97E424C9259D,classic_bike,2022-03-01 12:09:16,2022-03-01 12:25:52,W 35 St & 9 Ave,6569,W 56 St & 6 Ave,6809,40.75414519263519,-73.9960889518261,40.76340613,-73.97722479,member
1277988,B546DA6AD79114F4,electric_bike,2022-03-22 13:36:45,2022-03-22 13:49:52,W 35 St & 9 Ave,6569,E 19 St & 3 Ave,5938,40.75414519263519,-73.9960889518261,40.73624527,-73.98473765,member
1278000,47D6B3D2D1FA7ACF,classic_bike,2022-03-05 16:24:47,2022-03-05 16:33:06,W 35 St & 9 Ave,6569,W 36 St & 7 Ave,6483,40.75414519263519,-73.9960889518261,40.752149,-73.989539,casual
1278011,79E45CD853075385,electric_bike,2022-03-10 08:27:08,2022-03-10 08:31:47,W 35 St & Dyer Ave,6569,W 36 St & 7 Ave,6483,40.754691750226016,-73.99740189313889,40.752149,-73.989539,member
1278044,667A9071A95E5A1E,electric_bike,2022-03-25 08:52:10,2022-03-25 08:57:18,W 36 St & 9 Ave,6569,W 36 St & 7 Ave,6483,40.75462324029105,-73.99516761302948,40.752149,-73.989539,member
1278060,CA3A94BB5A761384,electric_bike,2022-03-01 14:19:08,2022-03-01 14:21:44,W 36 St & 9 Ave,6569,W 36 St & 7 Ave,6483,40.75462324029105,-73.99516761302948,40.752149,-73.989539,member
1278067,2F36B26AE4AA786A,classic_bike,2022-03-21 14:48:14,2022-03-21 14:51:10,W 36 St & 9 Ave,6569,W 36 St & 7 Ave,6483,40.75462324029105,-73.99516761302948,40.752149,-73.989539,member
1278663,6272E2B95615BB9F,classic_bike,2022-03-22 07:41:15,2022-03-22 07:46:55,W 35 St & Dyer Ave,6569,W 36 St & 7 Ave,6483,40.754691750226016,-73.99740189313889,40.752149,-73.989539,member
1280075,F3F4CDF93C3C5AA4,classic_bike,2022-03-23 11:30:35,2022-03-23 11:37:52,W 35 St & Dyer Ave,6569,W 36 St & 7 Ave,6483,40.754691750226016,-73.99740189313889,40.752149,-73.989539,member
1280089,10C6D08C865208D6,classic_bike,2022-03-31 22:58:27,2022-03-31 23:00:45,W 36 St & 9 Ave,6569,W 36 St & 7 Ave,6483,40.75462324029105,-73.99516761302948,40.752149,-73.989539,member
1280092,553E5BB49DE9880C,classic_bike,2022-03-05 14:45:39,2022-03-05 14:49:22,W 36 St & 9 Ave,6569,W 36 St & 7 Ave,6483,40.75462324029105,-73.99516761302948,40.752149,-73.989539,member
1280094,8DFF07FEB866CFD6,electric_bike,2022-03-18 08:48:34,2022-03-18 08:52:49,W 36 St & 9 Ave,6569,W 36 St & 7 Ave,6483,40.75462324029105,-73.99516761302948,40.752149,-73.989539,member
1280095,5EECB32B30DA41E6,electric_bike,2022-03-04 08:49:03,2022-03-04 08:52:00,W 36 St & 9 Ave,6569,W 36 St & 7 Ave,6483,40.75462324029105,-73.99516761302948,40.752149,-73.989539,member
1280111,5DFEA87745B2BD28,electric_bike,2022-03-30 14:20:54,2022-03-30 14:31:24,W 36 St & 9 Ave,6569,E 19 St & 3 Ave,5938,40.75462324029105,-73.99516761302948,40.73624527,-73.98473765,member
1280112,CA455424DB56BD28,classic_bike,2022-03-08 09:25:02,2022-03-08 09:29:16,W 36 St & 9 Ave,6569,W 36 St & 7 Ave,6483,40.75462324029105,-73.99516761302948,40.752149,-73.989539,member
1280149,FDAB68FFE4319603,electric_bike,2022-03-02 19:29:39,2022-03-02 19:32:24,W 36 St & 9 Ave,6569,W 36 St & 7 Ave,6483,40.75462324029105,-73.99516761302948,40.752149,-73.989539,member
1280168,63972ADB377E5080,electric_bike,2022-03-15 14:05:13,2022-03-15 14:07:47,W 36 St & 9 Ave,6569,W 36 St & 7 Ave,6483,40.75462324029105,-73.99516761302948,40.752149,-73.989539,member
1282541,C6C61025AAEA1844,electric_bike,2022-03-04 09:36:35,2022-03-04 09:40:34,W 35 St & Dyer Ave,6569,W 36 St & 7 Ave,6483,40.754691750226016,-73.99740189313889,40.752149,-73.989539,member
1282556,B3A0A4741C676C85,classic_bike,2022-03-11 12:03:38,2022-03-11 12:28:44,W 35 St & Dyer Ave,6569,MacDougal St & Washington Sq,5797,40.754691750226016,-73.99740189313889,40.73226398,-73.99852205,member
1282579,7DCB8747B279FBE8,classic_bike,2022-03-15 18:26:37,2022-03-15 18:36:49,W 35 St & Dyer Ave,6569,E 53 St & Madison Ave,6659,40.754691750226016,-73.99740189313889,40.7597108,-73.97402311,member
1286002,C83C63D619A6E1D5,classic_bike,2022-03-31 13:05:18,2022-03-31 13:45:47,W 36 St & 9 Ave,6569,5 Ave & E 87 St,7323,40.75462324029105,-73.99516761302948,40.78232260730881,-73.95987510681152,casual
1286005,67EBC1141F107D0E,classic_bike,2022-03-08 12:23:12,2022-03-08 12:38:52,W 36 St & 9 Ave,6569,E 53 St & Madison Ave,6659,40.75462324029105,-73.99516761302948,40.7597108,-73.97402311,member
1286008,4167C634DCF98857,classic_bike,2022-03-22 09:49:00,2022-03-22 10:08:28,W 36 St & 9 Ave,6569,MacDougal St & Washington Sq,5797,40.75462324029105,-73.99516761302948,40.73226398,-73.99852205,casual
1286012,CBF0A3487A9E935E,electric_bike,2022-03-25 16:59:16,2022-03-25 17:02:21,W 36 St & 9 Ave,6569,W 36 St & 7 Ave,6483,40.75462324029105,-73.99516761302948,40.752149,-73.989539,casual
1286015,9A8AF3F163837134,classic_bike,2022-03-14 15:28:13,2022-03-14 15:31:41,W 36 St & 9 Ave,6569,W 36 St & 7 Ave,6483,40.75462324029105,-73.99516761302948,40.752149,-73.989539,member
1286016,D45384A5261CC30F,electric_bike,2022-03-21 13:49:46,2022-03-21 13:52:03,W 36 St & 9 Ave,6569,W 36 St & 7 Ave,6483,40.75462324029105,-73.99516761302948,40.752149,-73.989539,member
1286022,B4F5352449C8F89D,classic_bike,2022-03-20 16:27:33,2022-03-20 16:30:26,W 36 St & 9 Ave,6569,W 36 St & 7 Ave,6483,40.75462324029105,-73.99516761302948,40.752149,-73.989539,member
1286024,2D8E2FDB33933AD3,classic_bike,2022-03-20 13:01:05,2022-03-20 13:06:14,W 36 St & 9 Ave,6569,W 36 St & 7 Ave,6483,40.75462324029105,-73.99516761302948,40.752149,-73.989539,member
1286142,0149609FC47D7731,classic_bike,2022-03-19 20:02:28,2022-03-19 20:07:12,W 36 St & 9 Ave,6569,W 36 St & 7 Ave,6483,40.75462324029105,-73.99516761302948,40.752149,-73.989539,member
1286144,8C90451FB52F7614,classic_bike,2022-03-17 19:03:06,2022-03-17 19:09:43,W 36 St & 9 Ave,6569,W 36 St & 7 Ave,6483,40.75462324029105,-73.99516761302948,40.752149,-73.989539,member
1286164,0BDE58D913B0E8E7,classic_bike,2022-03-03 18:27:31,2022-03-03 18:41:25,W 36 St & 9 Ave,6569,E 53 St & Madison Ave,6659,40.75462324029105,-73.99516761302948,40.7597108,-73.97402311,member
1286166,21DEFBCD07B469E0,docked_bike,2022-03-22 09:48:06,2022-03-22 10:08:28,W 36 St & 9 Ave,6569,MacDougal St & Washington Sq,5797,40.754623,-73.995168,40.732264,-73.998522,casual
1286530,52B87237E565E0E7,electric_bike,2022-03-02 09:15:14,2022-03-02 09:20:23,W 35 St & Dyer Ave,6569,W 36 St & 7 Ave,6483,40.754691750226016,-73.99740189313889,40.752149,-73.989539,member
1286535,9C27D5A53D119431,classic_bike,2022-03-25 19:19:46,2022-03-25 19:36:17,W 35 St & Dyer Ave,6569,E 19 St & 3 Ave,5938,40.754691750226016,-73.99740189313889,40.73624527,-73.98473765,casual
1286560,775043475E7FF1E8,electric_bike,2022-03-09 08:28:29,2022-03-09 08:34:43,W 35 St & Dyer Ave,6569,W 36 St & 7 Ave,6483,40.754691750226016,-73.99740189313889,40.752149,-73.989539,member
1286570,8A7D5429F8A79810,classic_bike,2022-03-25 13:53:02,2022-03-25 14:19:30,W 35 St & Dyer Ave,6569,E 53 St & Madison Ave,6659,40.754691750226016,-73.99740189313889,40.7597108,-73.97402311,casual
1286574,5EB6ED3ACB500CA8,classic_bike,2022-03-25 13:43:58,2022-03-25 14:19:52,W 35 St & Dyer Ave,6569,E 53 St & Madison Ave,6659,40.754691750226016,-73.99740189313889,40.7597108,-73.97402311,casual
1287216,3166243B3C0FADCB,classic_bike,2022-03-25 10:39:13,2022-03-25 10:55:24,W 35 St & Dyer Ave,6569,MacDougal St & Washington Sq,5797,40.754691750226016,-73.99740189313889,40.73226398,-73.99852205,member
1287218,F09AC39CC52F1C04,electric_bike,2022-03-30 08:58:48,2022-03-30 09:03:23,W 35 St & Dyer Ave,6569,W 36 St & 7 Ave,6483,40.754691750226016,-73.99740189313889,40.752149,-73.989539,member
1287382,F9F180D343A8A4F1,classic_bike,2022-03-22 08:50:48,2022-03-22 08:57:21,W 35 St & Dyer Ave,6569,W 36 St & 7 Ave,6483,40.754691750226016,-73.99740189313889,40.752149,-73.989539,member
1290166,3CB1DA155EC65697,electric_bike,2022-03-04 14:04:55,2022-03-04 14:11:05,W 35 St & 9 Ave,6569,W 36 St & 7 Ave,6483,40.75414519263519,-73.9960889518261,40.752149,-73.989539,casual
1290501,B81A96911408AB3A,classic_bike,2022-03-21 12:02:40,2022-03-21 12:06:49,W 36 St & 9 Ave,6569,W 36 St & 7 Ave,6483,40.75462324029105,-73.99516761302948,40.752149,-73.989539,casual
1290503,5DD61FAB639F6665,classic_bike,2022-03-14 15:54:36,2022-03-14 16:12:25,W 36 St & 9 Ave,6569,W 36 St & 7 Ave,6483,40.75462324029105,-73.99516761302948,40.752149,-73.989539,casual
1290537,8975352A48CA1CCB,electric_bike,2022-03-15 18:28:29,2022-03-15 18:37:57,W 36 St & 9 Ave,6569,E 53 St & Madison Ave,6659,40.75462324029105,-73.99516761302948,40.7597108,-73.97402311,member
1290538,8696C81BEB91088A,classic_bike,2022-03-18 17:43:36,2022-03-18 17:47:03,W 36 St & 9 Ave,6569,W 36 St & 7 Ave,6483,40.75462324029105,-73.99516761302948,40.752149,-73.989539,member
1290546,5A507A7BB3F940BE,electric_bike,2022-03-04 11:10:08,2022-03-04 11:22:17,W 36 St & 9 Ave,6569,E 53 St & Madison Ave,6659,40.75462324029105,-73.99516761302948,40.7597108,-73.97402311,casual
1290549,EFEEB4BCD674B61B,classic_bike,2022-03-04 17:50:00,2022-03-04 17:53:50,W 36 St & 9 Ave,6569,W 36 St & 7 Ave,6483,40.75462324029105,-73.99516761302948,40.752149,-73.989539,member
1290550,6463FE24077FE11A,classic_bike,2022-03-26 02:29:41,2022-03-26 04:23:47,W 36 St & 9 Ave,6569,W 36 St & 7 Ave,6483,40.75462324029105,-73.99516761302948,40.752149,-73.989539,casual
1290553,1C96EDB1650B66F3,electric_bike,2022-03-17 17:48:27,2022-03-17 17:54:21,W 36 St & 9 Ave,6569,W 36 St & 7 Ave,6483,40.75462324029105,-73.99516761302948,40.752149,-73.989539,casual
1290557,9894972362E8DFA7,classic_bike,2022-03-21 10:01:52,2022-03-21 10:18:02,W 36 St & 9 Ave,6569,E 53 St & Madison Ave,6659,40.75462324029105,-73.99516761302948,40.7597108,-73.97402311,member
1291390,F75A63F0A7C78E85,classic_bike,2022-03-11 16:33:09,2022-03-11 16:39:26,W 35 St & Dyer Ave,6569,W 36 St & 7 Ave,6483,40.754691750226016,-73.99740189313889,40.752149,-73.989539,member
1291728,84ED934B3E7876CA,classic_bike,2022-03-24 20:24:47,2022-03-24 21:13:58,W 36 St & 9 Ave,6569,MacDougal St & Washington Sq,5797,40.75462324029105,-73.99516761302948,40.73226398,-73.99852205,member
1292133,A3A93C6ACE4ADD51,classic_bike,2022-03-19 13:43:48,2022-03-19 13:46:54,W 36 St & 9 Ave,6569,W 36 St & 7 Ave,6483,40.75462324029105,-73.99516761302948,40.752149,-73.989539,member
1292135,31C4DFEB8C94B619,classic_bike,2022-03-26 02:32:01,2022-03-26 04:25:18,W 36 St & 9 Ave,6569,W 36 St & 7 Ave,6483,40.75462324029105,-73.99516761302948,40.752149,-73.989539,casual
1293183,22E844E4729676E3,classic_bike,2022-03-31 20:48:32,2022-03-31 20:53:21,W 35 St & 9 Ave,6569,W 36 St & 7 Ave,6483,40.75414519263519,-73.9960889518261,40.752149,-73.989539,casual
1293192,AB71B30BAF22B934,classic_bike,2022-03-31 20:47:45,2022-03-31 20:53:00,W 35 St & 9 Ave,6569,W 36 St & 7 Ave,6483,40.75414519263519,-73.9960889518261,40.752149,-73.989539,casual
1293198,1171AE65FD7AF45B,electric_bike,2022-03-10 11:12:14,2022-03-10 11:59:41,W 35 St & 9 Ave,6569,5 Ave & E 87 St,7323,40.75414519263519,-73.9960889518261,40.78232260730881,-73.95987510681152,casual
1293231,6A0502A7DD6C520B,electric_bike,2022-03-10 11:11:14,2022-03-10 11:59:32,W 35 St & 9 Ave,6569,5 Ave & E 87 St,7323,40.75414519263519,-73.9960889518261,40.78232260730881,-73.95987510681152,casual
1293239,376A3CB64C7DB591,classic_bike,2022-03-21 12:01:42,2022-03-21 12:06:45,W 35 St & 9 Ave,6569,W 36 St & 7 Ave,6483,40.75414519263519,-73.9960889518261,40.752149,-73.989539,casual
1294376,D95715D08569DAE6,electric_bike,2022-03-26 15:15:59,2022-03-26 15:21:20,W 35 St & 9 Ave,6569,W 36 St & 7 Ave,6483,40.75414519263519,-73.9960889518261,40.752149,-73.989539,member
1294404,DA8D5EFD7EA51EB0,classic_bike,2022-03-07 14:48:11,2022-03-07 14:51:19,W 35 St & 9 Ave,6569,W 36 St & 7 Ave,6483,40.75414519263519,-73.9960889518261,40.752149,-73.989539,member
1294467,C8AAEADCFE3E086D,electric_bike,2022-03-10 18:22:34,2022-03-10 18:34:25,W 35 St & 9 Ave,6569,E 19 St & 3 Ave,5938,40.75414519263519,-73.9960889518261,40.73624527,-73.98473765,casual
1296332,6491E79B0255998E,classic_bike,2022-03-11 11:21:08,2022-03-11 11:24:26,W 35 St & 9 Ave,6569,W 36 St & 7 Ave,6483,40.75414519263519,-73.9960889518261,40.752149,-73.989539,member
1296371,349F5C93ADFA5C90,classic_bike,2022-03-30 18:16:37,2022-03-30 18:33:29,W 35 St & 9 Ave,6569,E 19 St & 3 Ave,5938,40.75414519263519,-73.9960889518261,40.73624527,-73.98473765,member
1296372,06ACADDF78A006AD,electric_bike,2022-03-05 09:38:16,2022-03-05 10:00:46,W 35 St & 9 Ave,6569,5 Ave & E 87 St,7323,40.75414519263519,-73.9960889518261,40.78232260730881,-73.95987510681152,member
1296974,AF76236DCE82925E,electric_bike,2022-03-31 13:31:34,2022-03-31 13:33:47,W 35 St & 9 Ave,6569,W 36 St & 7 Ave,6483,40.75414519263519,-73.9960889518261,40.752149,-73.989539,casual
1297415,C2EC4322F17D49DE,electric_bike,2022-03-22 11:23:00,2022-03-22 11:43:22,W 35 St & 9 Ave,6569,E 19 St & 3 Ave,5938,40.75414519263519,-73.9960889518261,40.73624527,-73.98473765,member
1300611,F008CDF08A6E3B99,classic_bike,2022-03-19 15:41:32,2022-03-19 15:52:40,W 36 St & 9 Ave,6569,E 17 St & Broadway,5980,40.75462324029105,-73.99516761302948,40.73704984,-73.99009296,member
1300614,D846A302EBBBB727,classic_bike,2022-03-16 07:27:57,2022-03-16 07:33:51,W 36 St & 9 Ave,6569,W 42 St & Dyer Ave,6644,40.75462324029105,-73.99516761302948,40.75898481399634,-73.99379968643188,member
1300628,39F1EE485121681C,electric_bike,2022-03-29 19:56:16,2022-03-29 20:12:19,W 36 St & 9 Ave,6569,E 51 St & 1 Ave,6532,40.75462324029105,-73.99516761302948,40.75455731,-73.96592976,member
1301324,1AB36990D3822C06,classic_bike,2022-03-01 07:20:13,2022-03-01 07:33:53,W 36 St & 9 Ave,6569,E 17 St & Broadway,5980,40.75462324029105,-73.99516761302948,40.73704984,-73.99009296,member
1301611,3B0612E5D7E92797,classic_bike,2022-03-28 16:16:33,2022-03-28 16:19:47,W 36 St & 9 Ave,6569,W 42 St & Dyer Ave,6644,40.75462324029105,-73.99516761302948,40.75898481399634,-73.99379968643188,member
1301613,C6F0A904AD4620C2,classic_bike,2022-03-16 11:45:33,2022-03-16 11:58:22,W 36 St & 9 Ave,6569,University Pl & E 14 St,5905,40.75462324029105,-73.99516761302948,40.734814,-73.992085,member
1301714,D8F44B444EAFC08F,electric_bike,2022-03-24 21:42:07,2022-03-24 21:46:20,W 36 St & 9 Ave,6569,W 42 St & Dyer Ave,6644,40.75462324029105,-73.99516761302948,40.75898481399634,-73.99379968643188,member
1301716,99764AB4D778DCE3,classic_bike,2022-03-23 07:26:09,2022-03-23 07:40:42,W 36 St & 9 Ave,6569,E 17 St & Broadway,5980,40.75462324029105,-73.99516761302948,40.73704984,-73.99009296,member
1301779,BE01845061CBF656,classic_bike,2022-03-10 09:53:40,2022-03-10 10:10:47,W 35 St & 9 Ave,6569,University Pl & E 14 St,5905,40.75414519263519,-73.9960889518261,40.734814,-73.992085,member
1303428,164B7AF1CDE90957,classic_bike,2022-03-15 09:18:19,2022-03-15 09:25:28,W 35 St & Dyer Ave,6569,Broadway\t& W 48 St,6708,40.754691750226016,-73.99740189313889,40.76017739537783,-73.98486793041229,member
1303449,B51ED85FB58994DD,classic_bike,2022-03-18 23:24:06,2022-03-18 23:33:47,W 35 St & Dyer Ave,6569,W 42 St & Dyer Ave,6644,40.754691750226016,-73.99740189313889,40.75898481399634,-73.99379968643188,member
1303510,7F4A4BD2EEBEA5D0,classic_bike,2022-03-25 08:51:25,2022-03-25 08:58:29,W 35 St & Dyer Ave,6569,Broadway\t& W 48 St,6708,40.754691750226016,-73.99740189313889,40.76017739537783,-73.98486793041229,member
1303537,4C054EBE6000C7B1,classic_bike,2022-03-25 15:15:57,2022-03-25 15:33:21,W 35 St & Dyer Ave,6569,University Pl & E 14 St,5905,40.754691750226016,-73.99740189313889,40.734814,-73.992085,casual
1305578,53E45D6293D13195,electric_bike,2022-03-02 15:48:15,2022-03-02 16:03:09,W 36 St & 9 Ave,6569,E 51 St & 1 Ave,6532,40.75462324029105,-73.99516761302948,40.75455731,-73.96592976,member
1305599,37B6EFB3DA897755,classic_bike,2022-03-17 19:06:49,2022-03-17 21:22:18,W 36 St & 9 Ave,6569,W 42 St & Dyer Ave,6644,40.75462324029105,-73.99516761302948,40.75898481399634,-73.99379968643188,member
1305601,274019111D8EB3DA,electric_bike,2022-03-25 21:09:40,2022-03-25 21:15:40,W 36 St & 9 Ave,6569,Broadway\t& W 48 St,6708,40.75462324029105,-73.99516761302948,40.76017739537783,-73.98486793041229,member
1305616,3CBF040B714A6C57,electric_bike,2022-03-26 21:08:38,2022-03-26 21:19:15,W 36 St & 9 Ave,6569,E 51 St & 1 Ave,6532,40.75462324029105,-73.99516761302948,40.75455731,-73.96592976,member
1305626,7308B0BACB598BFB,electric_bike,2022-03-01 17:25:26,2022-03-01 17:38:45,W 36 St & 9 Ave,6569,E 51 St & 1 Ave,6532,40.75462324029105,-73.99516761302948,40.75455731,-73.96592976,casual
1305629,A4FF3E88AFAECE82,electric_bike,2022-03-30 18:49:54,2022-03-30 19:01:51,W 36 St & 9 Ave,6569,E 17 St & Broadway,5980,40.75462324029105,-73.99516761302948,40.73704984,-73.99009296,member
1305630,EB5146C9ED57DB37,classic_bike,2022-03-22 18:42:59,2022-03-22 18:56:54,W 36 St & 9 Ave,6569,E 17 St & Broadway,5980,40.75462324029105,-73.99516761302948,40.73704984,-73.99009296,member
1305635,64EF91940C91B1D1,classic_bike,2022-03-17 23:59:59,2022-03-18 00:02:43,W 36 St & 9 Ave,6569,W 42 St & Dyer Ave,6644,40.75462324029105,-73.99516761302948,40.75898481399634,-73.99379968643188,member
1305644,DA4720A0D20E7AFC,electric_bike,2022-03-24 17:53:43,2022-03-24 18:08:06,W 36 St & 9 Ave,6569,E 17 St & Broadway,5980,40.75462324029105,-73.99516761302948,40.73704984,-73.99009296,member
1305797,C51F5615F32077B1,electric_bike,2022-03-21 08:51:33,2022-03-21 08:56:53,W 35 St & Dyer Ave,6569,Broadway\t& W 48 St,6708,40.754691750226016,-73.99740189313889,40.76017739537783,-73.98486793041229,member
1305832,10EF965ADF5E8E81,electric_bike,2022-03-19 16:20:10,2022-03-19 16:23:38,W 35 St & Dyer Ave,6569,W 42 St & Dyer Ave,6644,40.754691750226016,-73.99740189313889,40.75898481399634,-73.99379968643188,member
1306620,178A17F50F58F780,classic_bike,2022-03-06 12:12:28,2022-03-06 12:25:01,W 35 St & Dyer Ave,6569,E 17 St & Broadway,5980,40.754691750226016,-73.99740189313889,40.73704984,-73.99009296,member
1307315,9CAE705A53021719,electric_bike,2022-03-05 17:16:57,2022-03-05 17:34:13,W 36 St & 9 Ave,6569,E 6 St & 2 Ave,5669,40.75462324029105,-73.99516761302948,40.72737869323223,-73.98840844631195,member
1308298,8B5188FE635D1F05,electric_bike,2022-03-23 09:27:20,2022-03-23 09:38:50,W 35 St & 9 Ave,6569,University Pl & E 14 St,5905,40.75414519263519,-73.9960889518261,40.734814,-73.992085,member
1308300,8C16CC55C9718D78,electric_bike,2022-03-30 17:55:39,2022-03-30 18:14:18,W 35 St & 9 Ave,6569,E 51 St & 1 Ave,6532,40.75414519263519,-73.9960889518261,40.75455731,-73.96592976,member
1312964,038130A8AA0E79B7,classic_bike,2022-03-24 10:25:31,2022-03-24 10:32:51,W 36 St & 9 Ave,6569,Broadway\t& W 48 St,6708,40.75462324029105,-73.99516761302948,40.76017739537783,-73.98486793041229,casual
1312983,9FC94438FCBCA3CC,electric_bike,2022-03-18 10:51:53,2022-03-18 11:36:45,W 36 St & 9 Ave,6569,E 17 St & Broadway,5980,40.75462324029105,-73.99516761302948,40.73704984,-73.99009296,casual
1313015,B50E56BE4C3438F0,classic_bike,2022-03-20 19:20:12,2022-03-20 19:48:45,W 36 St & 9 Ave,6569,E 6 St & 2 Ave,5669,40.75462324029105,-73.99516761302948,40.72737869323223,-73.98840844631195,casual
1313051,3D61B8089DF1FD24,classic_bike,2022-03-15 16:21:42,2022-03-15 16:48:20,W 36 St & 9 Ave,6569,E 17 St & Broadway,5980,40.75462324029105,-73.99516761302948,40.73704984,-73.99009296,member
1313624,21F49D00F0C9A3CA,electric_bike,2022-03-20 19:21:48,2022-03-20 19:27:47,W 35 St & Dyer Ave,6569,W 42 St & Dyer Ave,6644,40.754691750226016,-73.99740189313889,40.75898481399634,-73.99379968643188,member
1313629,221DBA77CA191F2D,classic_bike,2022-03-22 21:28:33,2022-03-22 22:06:58,W 35 St & Dyer Ave,6569,Broadway\t& W 48 St,6708,40.754691750226016,-73.99740189313889,40.76017739537783,-73.98486793041229,casual
1313674,D4FA2F110F6161A2,classic_bike,2022-03-14 18:50:04,2022-03-14 18:54:23,W 35 St & Dyer Ave,6569,W 42 St & Dyer Ave,6644,40.754691750226016,-73.99740189313889,40.75898481399634,-73.99379968643188,member
1313675,C1E4FD1E41911B18,electric_bike,2022-03-17 12:49:40,2022-03-17 12:57:39,W 35 St & Dyer Ave,6569,Broadway\t& W 48 St,6708,40.754691750226016,-73.99740189313889,40.76017739537783,-73.98486793041229,member
1313688,BC51836BC8A5036F,electric_bike,2022-03-18 20:05:26,2022-03-18 20:08:25,W 35 St & Dyer Ave,6569,W 42 St & Dyer Ave,6644,40.754691750226016,-73.99740189313889,40.75898481399634,-73.99379968643188,casual
1313690,429C87DD79DAB2D9,classic_bike,2022-03-25 12:06:12,2022-03-25 12:58:22,W 35 St & Dyer Ave,6569,Broadway\t& W 48 St,6708,40.754691750226016,-73.99740189313889,40.76017739537783,-73.98486793041229,casual
1313717,EFCA9D05B3D8033A,electric_bike,2022-03-10 11:16:37,2022-03-10 11:24:27,W 35 St & Dyer Ave,6569,Broadway\t& W 48 St,6708,40.754691750226016,-73.99740189313889,40.76017739537783,-73.98486793041229,member
1313727,B2DBAD7AFCFD889A,electric_bike,2022-03-22 21:35:49,2022-03-22 22:06:52,W 35 St & Dyer Ave,6569,Broadway\t& W 48 St,6708,40.754691750226016,-73.99740189313889,40.76017739537783,-73.98486793041229,casual
1313916,6A6DEC9465E0AA37,classic_bike,2022-03-19 12:47:14,2022-03-19 13:02:22,W 36 St & 9 Ave,6569,University Pl & E 14 St,5905,40.75462324029105,-73.99516761302948,40.734814,-73.992085,member
1313978,68B83948741789AA,classic_bike,2022-03-16 11:46:38,2022-03-16 11:57:19,W 36 St & 9 Ave,6569,E 17 St & Broadway,5980,40.75462324029105,-73.99516761302948,40.73704984,-73.99009296,casual
1314038,F4CB818F70A319C5,electric_bike,2022-03-10 08:22:35,2022-03-10 08:29:14,W 36 St & 9 Ave,6569,Broadway\t& W 48 St,6708,40.75462324029105,-73.99516761302948,40.76017739537783,-73.98486793041229,member
1315417,6C3E68C07E4D7AE4,electric_bike,2022-03-27 17:00:33,2022-03-27 17:12:47,W 36 St & 9 Ave,6569,University Pl & E 14 St,5905,40.75462324029105,-73.99516761302948,40.734814,-73.992085,member
1315418,276A6369786C7DE8,classic_bike,2022-03-23 14:41:45,2022-03-23 15:07:46,W 36 St & 9 Ave,6569,E 17 St & Broadway,5980,40.75462324029105,-73.99516761302948,40.73704984,-73.99009296,casual
1315624,274B8DB2481D6538,classic_bike,2022-03-08 12:36:44,2022-03-08 13:00:23,W 36 St & 9 Ave,6569,Broadway\t& W 48 St,6708,40.75462324029105,-73.99516761302948,40.76017739537783,-73.98486793041229,casual
1315876,C7A013B1609A9A42,electric_bike,2022-03-08 18:23:29,2022-03-08 18:39:22,W 35 St & 9 Ave,6569,E 51 St & 1 Ave,6532,40.75414519263519,-73.9960889518261,40.75455731,-73.96592976,casual
1315911,2D9E2D1EB6DE1682,classic_bike,2022-03-30 17:19:59,2022-03-30 17:34:06,W 35 St & 9 Ave,6569,E 17 St & Broadway,5980,40.75414519263519,-73.9960889518261,40.73704984,-73.99009296,member
1315922,A44A145B4A9761A5,classic_bike,2022-03-03 07:36:02,2022-03-03 07:56:08,W 35 St & 9 Ave,6569,E 6 St & 2 Ave,5669,40.75414519263519,-73.9960889518261,40.72737869323223,-73.98840844631195,member
1315930,8B979FA127480C69,electric_bike,2022-03-30 12:18:10,2022-03-30 12:26:45,W 35 St & 9 Ave,6569,E 17 St & Broadway,5980,40.75414519263519,-73.9960889518261,40.73704984,-73.99009296,member
1315935,F39DC8CACC573DB4,docked_bike,2022-03-20 12:33:14,2022-03-20 12:42:57,W 35 St & 9 Ave,6569,Broadway	& W 48 St,6708,40.754145,-73.996089,40.760177,-73.984868,casual
1315941,FE278F578F178D54,electric_bike,2022-03-30 21:16:48,2022-03-30 21:36:04,W 35 St & 9 Ave,6569,Broadway\t& W 48 St,6708,40.75414519263519,-73.9960889518261,40.76017739537783,-73.98486793041229,casual
1315948,EA138E42E6956912,electric_bike,2022-03-15 17:01:15,2022-03-15 17:15:00,W 35 St & 9 Ave,6569,E 51 St & 1 Ave,6532,40.75414519263519,-73.9960889518261,40.75455731,-73.96592976,casual
1316663,9EB9F616C242896B,classic_bike,2022-03-25 19:19:23,2022-03-25 19:34:20,W 35 St & 9 Ave,6569,E 17 St & Broadway,5980,40.75414519263519,-73.9960889518261,40.73704984,-73.99009296,member
1316664,0EDCEE5AB83EC26B,electric_bike,2022-03-16 18:58:39,2022-03-16 19:16:17,W 35 St & 9 Ave,6569,E 51 St & 1 Ave,6532,40.75414519263519,-73.9960889518261,40.75455731,-73.96592976,member
1323515,D034D42A62238C58,electric_bike,2022-03-16 13:52:27,2022-03-16 13:58:07,W 35 St & 9 Ave,6569,Broadway\t& W 48 St,6708,40.75414519263519,-73.9960889518261,40.76017739537783,-73.98486793041229,casual
1323538,3A59D98D58A65A78,classic_bike,2022-03-22 18:07:23,2022-03-22 18:18:31,W 35 St & 9 Ave,6569,University Pl & E 14 St,5905,40.75414519263519,-73.9960889518261,40.734814,-73.992085,member
1323550,FD7F4DEC5EC7B701,classic_bike,2022-03-14 14:44:04,2022-03-14 14:47:20,W 35 St & 9 Ave,6569,W 42 St & Dyer Ave,6644,40.75414519263519,-73.9960889518261,40.75898481399634,-73.99379968643188,member
1323560,E91D0FFE692B5256,electric_bike,2022-03-30 21:15:40,2022-03-30 21:35:26,W 35 St & 9 Ave,6569,Broadway\t& W 48 St,6708,40.75414519263519,-73.9960889518261,40.76017739537783,-73.98486793041229,casual
1323566,A4C08EE9A9C5EDA3,classic_bike,2022-03-15 09:03:01,2022-03-15 09:17:35,W 35 St & 9 Ave,6569,University Pl & E 14 St,5905,40.75414519263519,-73.9960889518261,40.734814,-73.992085,member
1323567,3932608F7E126603,classic_bike,2022-03-01 08:54:01,2022-03-01 09:15:58,W 35 St & 9 Ave,6569,University Pl & E 14 St,5905,40.75414519263519,-73.9960889518261,40.734814,-73.992085,member
1323638,A0C3D927576CEE20,electric_bike,2022-03-22 11:17:21,2022-03-22 11:28:08,W 35 St & 9 Ave,6569,University Pl & E 14 St,5905,40.75414519263519,-73.9960889518261,40.734814,-73.992085,casual
1326619,1ACE579F8249F3B6,classic_bike,2022-03-22 21:29:40,2022-03-22 22:07:03,W 35 St & Dyer Ave,6569,Broadway\t& W 48 St,6708,40.754691750226016,-73.99740189313889,40.76017739537783,-73.98486793041229,casual
1326659,FEB6D3E0F6BA2041,electric_bike,2022-03-15 11:33:28,2022-03-15 11:45:52,W 35 St & 9 Ave,6569,E 17 St & Broadway,5980,40.75414519263519,-73.9960889518261,40.73704984,-73.99009296,member
1326665,9B57174EC6713968,classic_bike,2022-03-14 09:27:49,2022-03-14 09:46:06,W 35 St & 9 Ave,6569,University Pl & E 14 St,5905,40.75414519263519,-73.9960889518261,40.734814,-73.992085,member
1326672,088DE9CE93867E05,electric_bike,2022-03-14 14:35:00,2022-03-14 14:47:42,W 35 St & 9 Ave,6569,University Pl & E 14 St,5905,40.75414519263519,-73.9960889518261,40.734814,-73.992085,member
1326679,03DEEE5A27985322,electric_bike,2022-03-02 09:14:35,2022-03-02 09:26:25,W 35 St & 9 Ave,6569,University Pl & E 14 St,5905,40.75414519263519,-73.9960889518261,40.734814,-73.992085,member
1326680,BFA816E690E197F5,classic_bike,2022-03-25 19:19:09,2022-03-25 19:34:21,W 35 St & 9 Ave,6569,E 17 St & Broadway,5980,40.75414519263519,-73.9960889518261,40.73704984,-73.99009296,member
1326689,D4428AC093377F62,electric_bike,2022-03-03 18:23:56,2022-03-03 18:33:58,W 35 St & 9 Ave,6569,E 17 St & Broadway,5980,40.75414519263519,-73.9960889518261,40.73704984,-73.99009296,member
1326731,C1A349E8B9DE585A,classic_bike,2022-03-25 13:20:17,2022-03-25 13:43:33,W 35 St & 9 Ave,6569,E 17 St & Broadway,5980,40.75414519263519,-73.9960889518261,40.73704984,-73.99009296,member
1326763,E902A47BF4A68C8D,electric_bike,2022-03-27 17:40:17,2022-03-27 17:51:41,W 35 St & 9 Ave,6569,E 17 St & Broadway,5980,40.75414519263519,-73.9960889518261,40.73704984,-73.99009296,member
1328380,E19CCEDF2293D0DF,classic_bike,2022-03-03 09:53:44,2022-03-03 10:04:54,W 35 St & 9 Ave,6569,Broadway\t& W 48 St,6708,40.75414519263519,-73.9960889518261,40.76017739537783,-73.98486793041229,member
1328406,D85452D971DEB7C5,classic_bike,2022-03-10 14:00:33,2022-03-10 14:13:56,W 35 St & 9 Ave,6569,University Pl & E 14 St,5905,40.75414519263519,-73.9960889518261,40.734814,-73.992085,member
1328428,C2B241830A7F015B,electric_bike,2022-03-10 16:58:29,2022-03-10 17:08:03,W 35 St & 9 Ave,6569,E 17 St & Broadway,5980,40.75414519263519,-73.9960889518261,40.73704984,-73.99009296,member
1328633,E495EC987468A068,classic_bike,2022-03-03 10:50:56,2022-03-03 10:58:25,W 35 St & Dyer Ave,6569,Broadway\t& W 48 St,6708,40.754691750226016,-73.99740189313889,40.76017739537783,-73.98486793041229,member
1329455,2547931008B61BA3,classic_bike,2022-03-19 13:50:26,2022-03-19 14:02:20,W 35 St & 9 Ave,6569,E 17 St & Broadway,5980,40.75414519263519,-73.9960889518261,40.73704984,-73.99009296,member
1329456,4F87F175AA1FA775,classic_bike,2022-03-22 08:39:27,2022-03-22 08:53:40,W 35 St & 9 Ave,6569,University Pl & E 14 St,5905,40.75414519263519,-73.9960889518261,40.734814,-73.992085,member
1329458,06853A44430F1498,electric_bike,2022-03-14 08:31:35,2022-03-14 08:41:23,W 35 St & 9 Ave,6569,University Pl & E 14 St,5905,40.75414519263519,-73.9960889518261,40.734814,-73.992085,member
1329461,E3F32AF3438C4F54,classic_bike,2022-03-16 22:06:36,2022-03-16 22:12:21,W 35 St & 9 Ave,6569,W 42 St & Dyer Ave,6644,40.75414519263519,-73.9960889518261,40.75898481399634,-73.99379968643188,member
1329482,04121B6ED0DB0FF2,electric_bike,2022-03-11 16:13:34,2022-03-11 16:24:37,W 35 St & 9 Ave,6569,E 17 St & Broadway,5980,40.75414519263519,-73.9960889518261,40.73704984,-73.99009296,member
1329484,918BCF93713FE69E,classic_bike,2022-03-23 11:27:47,2022-03-23 11:44:18,W 35 St & 9 Ave,6569,E 17 St & Broadway,5980,40.75414519263519,-73.9960889518261,40.73704984,-73.99009296,member
1330576,4D8D337313EE9335,classic_bike,2022-03-15 18:21:26,2022-03-15 18:44:04,W 35 St & 9 Ave,6569,E 6 St & 2 Ave,5669,40.75414519263519,-73.9960889518261,40.72737869323223,-73.98840844631195,member
1330582,6910F7816117CBC5,electric_bike,2022-03-25 09:32:41,2022-03-25 09:45:25,W 35 St & 9 Ave,6569,University Pl & E 14 St,5905,40.75414519263519,-73.9960889518261,40.734814,-73.992085,member
1330583,90517C7F096C1F7A,classic_bike,2022-03-22 19:03:12,2022-03-22 19:55:52,W 35 St & 9 Ave,6569,E 6 St & 2 Ave,5669,40.75414519263519,-73.9960889518261,40.72737869323223,-73.98840844631195,member
1330584,A9E938384075F039,classic_bike,2022-03-07 08:05:56,2022-03-07 08:19:08,W 35 St & 9 Ave,6569,University Pl & E 14 St,5905,40.75414519263519,-73.9960889518261,40.734814,-73.992085,member
1330587,04E19E1204A43EF5,classic_bike,2022-03-23 11:29:18,2022-03-23 11:39:06,W 35 St & 9 Ave,6569,W 42 St & Dyer Ave,6644,40.75414519263519,-73.9960889518261,40.75898481399634,-73.99379968643188,member
1330885,FA29F1EFF3085C2E,classic_bike,2022-03-23 13:51:26,2022-03-23 14:02:47,W 36 St & 9 Ave,6569,W 20 St & 7 Ave,6182,40.75462324029105,-73.99516761302948,40.74238787,-73.99726235,member
1330886,65AD489004208C3F,classic_bike,2022-03-19 11:20:11,2022-03-19 11:29:51,W 36 St & 9 Ave,6569,E 33 St & 1 Ave,6197,40.75462324029105,-73.99516761302948,40.74322681432173,-73.97449783980846,member
1330893,FDD1EABD035FFBB5,electric_bike,2022-03-13 16:11:07,2022-03-13 16:18:56,W 36 St & 9 Ave,6569,W 20 St & 7 Ave,6182,40.75462324029105,-73.99516761302948,40.74238787,-73.99726235,member
1331092,AA8491CA04898AD0,classic_bike,2022-03-18 05:53:23,2022-03-18 06:01:50,W 35 St & 9 Ave,6569,W 20 St & 7 Ave,6182,40.75414519263519,-73.9960889518261,40.74238787,-73.99726235,member
1331095,EBC9B2D360F0D6E9,classic_bike,2022-03-08 23:06:25,2022-03-08 23:17:12,W 35 St & 9 Ave,6569,W 20 St & 7 Ave,6182,40.75414519263519,-73.9960889518261,40.74238787,-73.99726235,member
1331096,A99D483DA853FC6E,electric_bike,2022-03-28 20:36:25,2022-03-28 20:45:17,W 35 St & 9 Ave,6569,W 20 St & 7 Ave,6182,40.75414519263519,-73.9960889518261,40.74238787,-73.99726235,member
1331097,8180EC84C63A6F76,electric_bike,2022-03-14 09:30:21,2022-03-14 09:40:43,W 35 St & 9 Ave,6569,E 33 St & 1 Ave,6197,40.75414519263519,-73.9960889518261,40.74322681432173,-73.97449783980846,casual
1331461,7498152A909F181C,electric_bike,2022-03-06 14:11:56,2022-03-06 14:18:03,W 35 St & Dyer Ave,6569,W 20 St & 7 Ave,6182,40.754691750226016,-73.99740189313889,40.74238787,-73.99726235,member
1332846,CF494FAF2FE859D8,classic_bike,2022-03-09 07:30:22,2022-03-09 07:45:49,W 35 St & 9 Ave,6569,E 33 St & 1 Ave,6197,40.75414519263519,-73.9960889518261,40.74322681432173,-73.97449783980846,member
1332848,096C6A0F709FDBB3,classic_bike,2022-03-27 11:51:54,2022-03-27 12:01:40,W 35 St & 9 Ave,6569,W 20 St & 7 Ave,6182,40.75414519263519,-73.9960889518261,40.74238787,-73.99726235,member
1333267,456DDB13DFA9DD16,classic_bike,2022-03-29 13:48:47,2022-03-29 13:58:25,W 35 St & Dyer Ave,6569,W 20 St & 7 Ave,6182,40.754691750226016,-73.99740189313889,40.74238787,-73.99726235,casual
1333294,1CB312B9B17768F1,electric_bike,2022-03-30 18:41:25,2022-03-30 18:52:37,W 35 St & Dyer Ave,6569,E 33 St & 1 Ave,6197,40.754691750226016,-73.99740189313889,40.74322681432173,-73.97449783980846,member
1333313,9D05B7DA1ECADEF8,classic_bike,2022-03-18 09:30:34,2022-03-18 10:06:56,W 35 St & Dyer Ave,6569,Greenwich St & Rector St,5073,40.754691750226016,-73.99740189313889,40.70806582380646,-74.0135595202446,member
1333331,EE6C5269761EEEB1,classic_bike,2022-03-22 17:44:00,2022-03-22 17:59:50,W 35 St & Dyer Ave,6569,E 33 St & 1 Ave,6197,40.754691750226016,-73.99740189313889,40.74322681432173,-73.97449783980846,member
1333332,796CC1B74FB87168,classic_bike,2022-03-25 15:41:13,2022-03-25 16:03:02,W 35 St & Dyer Ave,6569,W 20 St & 7 Ave,6182,40.754691750226016,-73.99740189313889,40.74238787,-73.99726235,member
1333333,F1D9104E72BD2670,classic_bike,2022-03-25 17:06:44,2022-03-25 17:16:37,W 35 St & Dyer Ave,6569,W 20 St & 7 Ave,6182,40.754691750226016,-73.99740189313889,40.74238787,-73.99726235,member
1334402,5DBEAA8449EADE9E,electric_bike,2022-03-15 19:35:44,2022-03-15 19:42:53,W 36 St & 9 Ave,6569,W 20 St & 7 Ave,6182,40.75462324029105,-73.99516761302948,40.74238787,-73.99726235,member
1334411,25A83729B734AD3A,electric_bike,2022-03-14 19:44:39,2022-03-14 19:52:21,W 36 St & 9 Ave,6569,W 20 St & 7 Ave,6182,40.75462324029105,-73.99516761302948,40.74238787,-73.99726235,member
1334427,CAE975DC39B20CB8,electric_bike,2022-03-13 10:15:14,2022-03-13 10:20:53,W 36 St & 9 Ave,6569,W 20 St & 7 Ave,6182,40.75462324029105,-73.99516761302948,40.74238787,-73.99726235,member
1334440,86D835CC172C53F8,electric_bike,2022-03-01 19:42:51,2022-03-01 19:49:16,W 36 St & 9 Ave,6569,W 20 St & 7 Ave,6182,40.75462324029105,-73.99516761302948,40.74238787,-73.99726235,member
1334442,39642B244445E193,classic_bike,2022-03-25 08:47:30,2022-03-25 08:55:49,W 36 St & 9 Ave,6569,W 20 St & 7 Ave,6182,40.75462324029105,-73.99516761302948,40.74238787,-73.99726235,member
1334443,21CAE2EF70E4802E,classic_bike,2022-03-23 08:14:43,2022-03-23 08:28:38,W 36 St & 9 Ave,6569,E 33 St & 1 Ave,6197,40.75462324029105,-73.99516761302948,40.74322681432173,-73.97449783980846,casual
1334446,177D762CA9A35CED,classic_bike,2022-03-15 15:25:36,2022-03-15 15:39:14,W 36 St & 9 Ave,6569,E 33 St & 1 Ave,6197,40.75462324029105,-73.99516761302948,40.74322681432173,-73.97449783980846,member
1335160,4A896048DA3E5424,electric_bike,2022-03-17 19:35:00,2022-03-17 19:41:09,W 36 St & 9 Ave,6569,W 20 St & 7 Ave,6182,40.75462324029105,-73.99516761302948,40.74238787,-73.99726235,member
1335168,F2C2144B75E6E9B9,classic_bike,2022-03-12 10:12:33,2022-03-12 10:19:40,W 36 St & 9 Ave,6569,W 20 St & 7 Ave,6182,40.75462324029105,-73.99516761302948,40.74238787,-73.99726235,member
1335175,FDDCE07715F31029,electric_bike,2022-03-29 12:09:20,2022-03-29 12:16:04,W 36 St & 9 Ave,6569,W 20 St & 7 Ave,6182,40.75462324029105,-73.99516761302948,40.74238787,-73.99726235,member
1340163,5901283F585128C5,classic_bike,2022-03-07 19:47:07,2022-03-07 19:53:53,W 36 St & 9 Ave,6569,W 20 St & 7 Ave,6182,40.75462324029105,-73.99516761302948,40.74238787,-73.99726235,member
1340164,54C583138241C281,classic_bike,2022-03-01 10:23:00,2022-03-01 10:33:37,W 36 St & 9 Ave,6569,W 20 St & 7 Ave,6182,40.75462324029105,-73.99516761302948,40.74238787,-73.99726235,member
1340179,057EBE969073B91B,electric_bike,2022-03-06 10:58:19,2022-03-06 11:20:05,W 36 St & 9 Ave,6569,St James Pl & Oliver St,5238,40.75462324029105,-73.99516761302948,40.71307916,-73.99851193,member
1340190,9CCA3356D4BDF47C,electric_bike,2022-03-20 03:02:10,2022-03-20 03:49:49,W 36 St & 9 Ave,6569,Knickerbocker Ave & George St,4979,40.75462324029105,-73.99516761302948,40.704425,-73.92836,member
1340205,A6E8F2A9CE6BFA6D,classic_bike,2022-03-02 15:18:24,2022-03-02 15:33:13,W 36 St & 9 Ave,6569,E 33 St & 1 Ave,6197,40.75462324029105,-73.99516761302948,40.74322681432173,-73.97449783980846,member
1340207,155D1813FD97CD88,electric_bike,2022-03-16 21:03:47,2022-03-16 22:09:17,W 36 St & 9 Ave,6569,Amsterdam Ave & W 186 St,8394,40.75462324029105,-73.99516761302948,40.851113,-73.928808,member
1340216,419BC39F36827CA8,classic_bike,2022-03-31 15:11:52,2022-03-31 15:25:32,W 36 St & 9 Ave,6569,E 33 St & 1 Ave,6197,40.75462324029105,-73.99516761302948,40.74322681432173,-73.97449783980846,member
1340241,68B9275821D73965,electric_bike,2022-03-25 07:00:15,2022-03-25 07:06:01,W 36 St & 9 Ave,6569,W 20 St & 7 Ave,6182,40.75462324029105,-73.99516761302948,40.74238787,-73.99726235,member
1340247,25789569B0C5D858,classic_bike,2022-03-09 12:14:39,2022-03-09 12:27:23,W 36 St & 9 Ave,6569,E 33 St & 1 Ave,6197,40.75462324029105,-73.99516761302948,40.74322681432173,-73.97449783980846,member
1340261,04064AFF0C67DAB6,classic_bike,2022-03-03 09:12:18,2022-03-03 09:22:29,W 36 St & 9 Ave,6569,W 20 St & 7 Ave,6182,40.75462324029105,-73.99516761302948,40.74238787,-73.99726235,casual
1340294,90153902EF8D9691,electric_bike,2022-03-27 05:52:29,2022-03-27 06:00:31,W 36 St & 9 Ave,6569,E 33 St & 1 Ave,6197,40.75462324029105,-73.99516761302948,40.74322681432173,-73.97449783980846,member
1342521,7AC029551E43F7B7,classic_bike,2022-03-17 18:47:53,2022-03-17 18:59:02,W 35 St & 9 Ave,6569,E 33 St & 1 Ave,6197,40.75414519263519,-73.9960889518261,40.74322681432173,-73.97449783980846,member
1342525,64EDB72184FB8AEA,electric_bike,2022-03-13 08:28:07,2022-03-13 08:35:48,W 35 St & 9 Ave,6569,W 20 St & 7 Ave,6182,40.75414519263519,-73.9960889518261,40.74238787,-73.99726235,member
1342643,546588E1B81D06A9,classic_bike,2022-03-18 06:24:34,2022-03-18 06:33:45,W 35 St & 9 Ave,6569,W 20 St & 7 Ave,6182,40.75414519263519,-73.9960889518261,40.74238787,-73.99726235,member
1342645,7D532BF391F797E2,electric_bike,2022-03-29 11:14:13,2022-03-29 11:22:44,W 35 St & 9 Ave,6569,E 33 St & 1 Ave,6197,40.75414519263519,-73.9960889518261,40.74322681432173,-73.97449783980846,casual
1343337,19B32C48709FEB58,electric_bike,2022-03-31 00:21:34,2022-03-31 00:31:24,W 35 St & 9 Ave,6569,E 33 St & 1 Ave,6197,40.75414519263519,-73.9960889518261,40.74322681432173,-73.97449783980846,member
1343542,8F0BD3AE85559E58,electric_bike,2022-03-21 12:01:07,2022-03-21 12:10:37,W 35 St & 9 Ave,6569,E 33 St & 1 Ave,6197,40.75414519263519,-73.9960889518261,40.74322681432173,-73.97449783980846,casual
1343543,7B14B7D3C91FEEB1,electric_bike,2022-03-18 15:22:57,2022-03-18 15:43:14,W 35 St & 9 Ave,6569,Columbia St & Rivington St,5365,40.75414519263519,-73.9960889518261,40.71739973,-73.98016555,casual
1347464,F22B160D34CF18DC,electric_bike,2022-03-08 09:35:12,2022-03-08 09:50:24,W 35 St & Dyer Ave,6569,E 59 St & Madison Ave,6801,40.754691750226016,-73.99740189313889,40.76350532,-73.97109243,member
1347487,AF0E1A201C1F0569,classic_bike,2022-03-29 20:27:37,2022-03-29 20:38:27,W 35 St & Dyer Ave,6569,E 33 St & 1 Ave,6197,40.754691750226016,-73.99740189313889,40.74322681432173,-73.97449783980846,member
1347524,3702AC0986D8F311,electric_bike,2022-03-23 08:51:08,2022-03-23 09:00:31,W 35 St & Dyer Ave,6569,E 33 St & 1 Ave,6197,40.754691750226016,-73.99740189313889,40.74322681432173,-73.97449783980846,casual
1347540,E633845DE7BA9D6E,electric_bike,2022-03-16 18:50:55,2022-03-16 19:00:12,W 35 St & Dyer Ave,6569,E 33 St & 1 Ave,6197,40.754691750226016,-73.99740189313889,40.74322681432173,-73.97449783980846,member
1347559,F8B9E009B9CC1143,classic_bike,2022-03-28 18:23:14,2022-03-28 18:36:40,W 35 St & Dyer Ave,6569,E 33 St & 1 Ave,6197,40.754691750226016,-73.99740189313889,40.74322681432173,-73.97449783980846,member
1348614,5121CC72283A59E4,classic_bike,2022-03-24 19:45:55,2022-03-24 19:55:38,W 35 St & Dyer Ave,6569,W 20 St & 7 Ave,6182,40.754691750226016,-73.99740189313889,40.74238787,-73.99726235,member
1349864,AFBF6B3CDDB91AFA,electric_bike,2022-03-18 12:07:46,2022-03-19 08:38:18,W 35 St & 9 Ave,6569,W 20 St & 7 Ave,6182,40.75414519263519,-73.9960889518261,40.74238787,-73.99726235,member
1349906,A50B4D817A5418F0,electric_bike,2022-03-10 11:53:27,2022-03-10 12:03:04,W 35 St & 9 Ave,6569,E 33 St & 1 Ave,6197,40.75414519263519,-73.9960889518261,40.74322681432173,-73.97449783980846,casual
1349907,8E7AC2D31FC603C7,electric_bike,2022-03-25 11:39:18,2022-03-25 11:48:13,W 35 St & 9 Ave,6569,E 33 St & 1 Ave,6197,40.75414519263519,-73.9960889518261,40.74322681432173,-73.97449783980846,casual
1349915,42FB72E76AA6D897,electric_bike,2022-03-20 13:57:46,2022-03-20 14:02:58,W 35 St & 9 Ave,6569,W 20 St & 7 Ave,6182,40.75414519263519,-73.9960889518261,40.74238787,-73.99726235,member
1349919,3AD727E2FF749711,electric_bike,2022-03-25 11:43:56,2022-03-25 11:52:18,W 35 St & 9 Ave,6569,W 20 St & 7 Ave,6182,40.75414519263519,-73.9960889518261,40.74238787,-73.99726235,member
1349949,92DADB3A48FB5A0B,electric_bike,2022-03-30 10:53:48,2022-03-30 11:03:21,W 35 St & 9 Ave,6569,E 33 St & 1 Ave,6197,40.75414519263519,-73.9960889518261,40.74322681432173,-73.97449783980846,casual
1350059,855051841AF260BA,electric_bike,2022-03-18 12:09:43,2022-03-18 12:18:22,W 35 St & 9 Ave,6569,E 33 St & 1 Ave,6197,40.75414519263519,-73.9960889518261,40.74322681432173,-73.97449783980846,casual
1354907,32FCC472E5DC3DE0,classic_bike,2022-03-13 16:16:30,2022-03-13 16:28:33,W 35 St & 9 Ave,6569,W 20 St & 7 Ave,6182,40.75414519263519,-73.9960889518261,40.74238787,-73.99726235,member
1354908,C079E2151F49947C,classic_bike,2022-03-22 12:53:57,2022-03-22 13:18:45,W 35 St & 9 Ave,6569,E 33 St & 1 Ave,6197,40.75414519263519,-73.9960889518261,40.74322681432173,-73.97449783980846,casual
1354913,C3619F35D93CAF7D,classic_bike,2022-03-08 09:21:13,2022-03-08 09:29:14,W 35 St & 9 Ave,6569,W 20 St & 7 Ave,6182,40.75414519263519,-73.9960889518261,40.74238787,-73.99726235,casual
1354921,7E0973858B7C9045,classic_bike,2022-03-22 12:53:19,2022-03-22 13:18:39,W 35 St & 9 Ave,6569,E 33 St & 1 Ave,6197,40.75414519263519,-73.9960889518261,40.74322681432173,-73.97449783980846,casual
1354928,60DC1900DACACB07,classic_bike,2022-03-22 12:54:24,2022-03-22 13:18:46,W 35 St & 9 Ave,6569,E 33 St & 1 Ave,6197,40.75414519263519,-73.9960889518261,40.74322681432173,-73.97449783980846,casual
1354932,9F48727490CF1EE3,classic_bike,2022-03-22 12:53:39,2022-03-22 13:18:44,W 35 St & 9 Ave,6569,E 33 St & 1 Ave,6197,40.75414519263519,-73.9960889518261,40.74322681432173,-73.97449783980846,casual
1354934,717B6C62BEA5938B,classic_bike,2022-03-10 20:30:17,2022-03-10 20:41:51,W 35 St & 9 Ave,6569,W 20 St & 7 Ave,6182,40.75414519263519,-73.9960889518261,40.74238787,-73.99726235,member
1354939,9EB820A9B8F74D58,electric_bike,2022-03-15 08:53:34,2022-03-15 09:01:38,W 35 St & 9 Ave,6569,E 33 St & 1 Ave,6197,40.75414519263519,-73.9960889518261,40.74322681432173,-73.97449783980846,casual
1354941,B89B5DEF9220AC9D,electric_bike,2022-03-04 08:37:29,2022-03-04 08:46:38,W 35 St & 9 Ave,6569,E 33 St & 1 Ave,6197,40.75414519263519,-73.9960889518261,40.74322681432173,-73.97449783980846,casual
1354986,D80F7DE963C1D03E,electric_bike,2022-03-28 08:57:39,2022-03-28 09:06:08,W 35 St & 9 Ave,6569,E 33 St & 1 Ave,6197,40.75414519263519,-73.9960889518261,40.74322681432173,-73.97449783980846,casual
1354988,56DFAEB36683DCD9,electric_bike,2022-03-24 18:05:10,2022-03-24 18:20:36,W 35 St & 9 Ave,6569,E 59 St & Madison Ave,6801,40.75414519263519,-73.9960889518261,40.76350532,-73.97109243,member
1355005,DE26C604D4643D4D,electric_bike,2022-03-21 10:14:38,2022-03-21 10:28:41,W 35 St & 9 Ave,6569,E 59 St & Madison Ave,6801,40.75414519263519,-73.9960889518261,40.76350532,-73.97109243,member
1355006,A605252D56CD0CD4,electric_bike,2022-03-02 12:05:20,2022-03-02 12:13:37,W 35 St & 9 Ave,6569,W 20 St & 7 Ave,6182,40.75414519263519,-73.9960889518261,40.74238787,-73.99726235,member
1355961,4E82C120984F2476,classic_bike,2022-03-25 17:30:53,2022-03-25 17:38:57,W 35 St & Dyer Ave,6569,W 20 St & 7 Ave,6182,40.754691750226016,-73.99740189313889,40.74238787,-73.99726235,member
1355982,6F7A6DD6410C21AF,classic_bike,2022-03-11 16:14:47,2022-03-11 16:22:59,W 35 St & Dyer Ave,6569,W 20 St & 7 Ave,6182,40.754691750226016,-73.99740189313889,40.74238787,-73.99726235,member
1356001,7334B98E635A528D,electric_bike,2022-03-11 18:44:43,2022-03-11 18:55:49,W 35 St & Dyer Ave,6569,E 33 St & 1 Ave,6197,40.754691750226016,-73.99740189313889,40.74322681432173,-73.97449783980846,member
1356024,58A2DD1B64DF986D,electric_bike,2022-03-23 15:24:55,2022-03-23 15:45:23,W 35 St & Dyer Ave,6569,Columbia St & Rivington St,5365,40.754691750226016,-73.99740189313889,40.71739973,-73.98016555,casual
1356026,138496C63E15592D,electric_bike,2022-03-24 11:20:00,2022-03-24 11:28:45,W 35 St & Dyer Ave,6569,E 33 St & 1 Ave,6197,40.754691750226016,-73.99740189313889,40.74322681432173,-73.97449783980846,casual
1356068,EBA3E942A8D9F5BB,classic_bike,2022-03-31 18:49:43,2022-03-31 19:00:32,W 35 St & Dyer Ave,6569,E 33 St & 1 Ave,6197,40.754691750226016,-73.99740189313889,40.74322681432173,-73.97449783980846,member
1356069,3BE90A94647037DF,electric_bike,2022-03-18 18:40:16,2022-03-18 18:49:51,W 35 St & Dyer Ave,6569,E 33 St & 1 Ave,6197,40.754691750226016,-73.99740189313889,40.74322681432173,-73.97449783980846,member
1356199,FFD0ED597A745547,classic_bike,2022-03-16 13:08:16,2022-03-16 13:16:53,W 35 St & 9 Ave,6569,E 33 St & 1 Ave,6197,40.75414519263519,-73.9960889518261,40.74322681432173,-73.97449783980846,casual
1356211,5F470E12011126AF,classic_bike,2022-03-14 15:24:09,2022-03-14 15:52:41,W 35 St & 9 Ave,6569,Columbia St & Rivington St,5365,40.75414519263519,-73.9960889518261,40.71739973,-73.98016555,casual
1356248,F58568255DA7519C,classic_bike,2022-03-06 07:45:50,2022-03-06 07:54:26,W 35 St & 9 Ave,6569,W 20 St & 7 Ave,6182,40.75414519263519,-73.9960889518261,40.74238787,-73.99726235,member
1356381,1960E0F300B71B33,electric_bike,2022-03-10 17:36:53,2022-03-10 17:46:37,W 35 St & 9 Ave,6569,E 59 St & Madison Ave,6801,40.75414519263519,-73.9960889518261,40.76350532,-73.97109243,casual
1356387,D11E71DD987B9FF9,electric_bike,2022-03-16 10:41:53,2022-03-16 10:50:13,W 35 St & 9 Ave,6569,E 33 St & 1 Ave,6197,40.75414519263519,-73.9960889518261,40.74322681432173,-73.97449783980846,member
1356404,803C01D12D371E0A,electric_bike,2022-03-05 16:38:58,2022-03-05 16:45:21,W 35 St & 9 Ave,6569,W 20 St & 7 Ave,6182,40.75414519263519,-73.9960889518261,40.74238787,-73.99726235,member
1356405,307BB77BC62E2732,classic_bike,2022-03-10 07:54:20,2022-03-10 08:05:11,W 35 St & 9 Ave,6569,W 20 St & 7 Ave,6182,40.75414519263519,-73.9960889518261,40.74238787,-73.99726235,member
1356409,85788B7CDD4C75EF,electric_bike,2022-03-01 09:27:11,2022-03-01 09:34:48,W 35 St & 9 Ave,6569,E 33 St & 1 Ave,6197,40.75414519263519,-73.9960889518261,40.74322681432173,-73.97449783980846,casual
1356489,E8EE025F85585162,classic_bike,2022-03-14 18:05:09,2022-03-14 18:13:12,W 35 St & 9 Ave,6569,W 20 St & 7 Ave,6182,40.75414519263519,-73.9960889518261,40.74238787,-73.99726235,member
1356515,3E474CCC97202327,classic_bike,2022-03-16 15:13:18,2022-03-16 15:24:09,W 35 St & 9 Ave,6569,W 20 St & 7 Ave,6182,40.75414519263519,-73.9960889518261,40.74238787,-73.99726235,member
1356840,22F1BB975B1AC70E,electric_bike,2022-03-21 21:45:22,2022-03-21 21:54:14,W 35 St & 9 Ave,6569,E 33 St & 1 Ave,6197,40.75414519263519,-73.9960889518261,40.74322681432173,-73.97449783980846,casual
1356978,4B43934FCB3AE164,classic_bike,2022-03-22 15:23:29,2022-03-22 15:36:24,W 35 St & 9 Ave,6569,W 20 St & 7 Ave,6182,40.75414519263519,-73.9960889518261,40.74238787,-73.99726235,member
1357033,7F6A2A37E54FA2DC,electric_bike,2022-03-07 10:57:47,2022-03-07 11:06:46,W 35 St & 9 Ave,6569,W 20 St & 7 Ave,6182,40.75414519263519,-73.9960889518261,40.74238787,-73.99726235,member
1357074,58B750A62D3EDDDB,electric_bike,2022-03-22 11:34:45,2022-03-22 11:48:10,W 35 St & 9 Ave,6569,E 33 St & 1 Ave,6197,40.75414519263519,-73.9960889518261,40.74322681432173,-73.97449783980846,casual
1357075,8FE5FD7BFDF63B3B,electric_bike,2022-03-21 21:44:07,2022-03-21 21:54:11,W 35 St & 9 Ave,6569,E 33 St & 1 Ave,6197,40.75414519263519,-73.9960889518261,40.74322681432173,-73.97449783980846,casual
1357502,A4BA2014990C25E7,electric_bike,2022-03-01 19:21:13,2022-03-01 19:28:50,W 36 St & 9 Ave,6569,E 27 St & Park Ave S,6131,40.75462324029105,-73.99516761302948,40.74275179648995,-73.9847157150507,member
1358171,CDB6DFEFCB3C00AA,electric_bike,2022-03-31 20:00:07,2022-03-31 20:05:12,W 36 St & 9 Ave,6569,W 50 St & 10 Ave,6890,40.75462324029105,-73.99516761302948,40.76473420006519,-73.99194359779358,member
1358681,95156A2006334CA7,classic_bike,2022-03-03 21:11:12,2022-03-03 21:19:41,W 36 St & 9 Ave,6569,Greenwich Ave & 8 Ave,6072,40.75462324029105,-73.99516761302948,40.7390169121,-74.0026376103,member
1359243,B75D7C8F8803D116,electric_bike,2022-03-23 18:11:39,2022-03-23 18:17:09,W 36 St & 9 Ave,6569,W 50 St & 10 Ave,6890,40.75462324029105,-73.99516761302948,40.76473420006519,-73.99194359779358,member
1359260,2CDF51D4DB90C9EB,classic_bike,2022-03-27 12:21:21,2022-03-27 12:32:36,W 36 St & 9 Ave,6569,Greenwich Ave & 8 Ave,6072,40.75462324029105,-73.99516761302948,40.7390169121,-74.0026376103,member
1359284,F5B72757440B1EF9,classic_bike,2022-03-06 14:45:45,2022-03-06 14:58:53,W 36 St & 9 Ave,6569,Greenwich Ave & 8 Ave,6072,40.75462324029105,-73.99516761302948,40.7390169121,-74.0026376103,member
1359658,7AA694ED103B0669,classic_bike,2022-03-24 10:36:41,2022-03-24 11:04:51,W 35 St & Dyer Ave,6569,Avenue D & E 10 St,5575,40.754691750226016,-73.99740189313889,40.72506551015475,-73.97515833377838,member
1359685,915E127188B67ABD,classic_bike,2022-03-14 17:18:24,2022-03-14 17:33:04,W 35 St & Dyer Ave,6569,Greenwich Ave & 8 Ave,6072,40.754691750226016,-73.99740189313889,40.7390169121,-74.0026376103,member
1359695,5FA5D1DC019F59EA,classic_bike,2022-03-05 13:15:40,2022-03-05 13:27:24,W 35 St & Dyer Ave,6569,Greenwich Ave & 8 Ave,6072,40.754691750226016,-73.99740189313889,40.7390169121,-74.0026376103,member
1359698,C3DE6202CA3E6F11,electric_bike,2022-03-14 10:45:08,2022-03-14 10:53:27,W 35 St & Dyer Ave,6569,E 27 St & Park Ave S,6131,40.754691750226016,-73.99740189313889,40.74275179648995,-73.9847157150507,member
1359729,5B1B7FC096B4BD8C,classic_bike,2022-03-05 18:29:59,2022-03-05 18:39:30,W 35 St & Dyer Ave,6569,Greenwich Ave & 8 Ave,6072,40.754691750226016,-73.99740189313889,40.7390169121,-74.0026376103,member
1359733,A38169F7804E75B1,classic_bike,2022-03-31 07:04:41,2022-03-31 07:13:39,W 35 St & Dyer Ave,6569,E 27 St & Park Ave S,6131,40.754691750226016,-73.99740189313889,40.74275179648995,-73.9847157150507,casual
1359735,F82FE3433D555C3D,electric_bike,2022-03-20 09:10:26,2022-03-20 09:16:48,W 35 St & Dyer Ave,6569,W 50 St & 10 Ave,6890,40.754691750226016,-73.99740189313889,40.76473420006519,-73.99194359779358,member
1360103,7028AB8DF2872036,electric_bike,2022-03-14 18:26:58,2022-03-14 18:33:46,W 36 St & 9 Ave,6569,W 50 St & 10 Ave,6890,40.75462324029105,-73.99516761302948,40.76473420006519,-73.99194359779358,member
1360547,64A41C43F9C8183A,classic_bike,2022-03-02 07:08:11,2022-03-02 07:16:37,W 35 St & Dyer Ave,6569,Greenwich Ave & 8 Ave,6072,40.754691750226016,-73.99740189313889,40.7390169121,-74.0026376103,member
1360768,7E1C37C8D66992E7,electric_bike,2022-03-30 09:37:12,2022-03-30 09:45:45,W 35 St & Dyer Ave,6569,E 27 St & Park Ave S,6131,40.754691750226016,-73.99740189313889,40.74275179648995,-73.9847157150507,member
1360857,AF6D8CED8C5F5739,electric_bike,2022-03-30 12:31:04,2022-03-30 12:35:52,W 35 St & 9 Ave,6569,W 50 St & 10 Ave,6890,40.75414519263519,-73.9960889518261,40.76473420006519,-73.99194359779358,casual
1361650,DC8EFDFED856515D,classic_bike,2022-03-18 10:39:41,2022-03-18 11:02:04,W 35 St & Dyer Ave,6569,E 27 St & Park Ave S,6131,40.754691750226016,-73.99740189313889,40.74275179648995,-73.9847157150507,casual
1363296,8C2B073A1F5BB1F1,electric_bike,2022-03-09 19:58:16,2022-03-09 20:04:09,W 36 St & 9 Ave,6569,W 50 St & 10 Ave,6890,40.75462324029105,-73.99516761302948,40.76473420006519,-73.99194359779358,member
1363301,D4F6CCDBADC0ECCA,electric_bike,2022-03-27 07:49:51,2022-03-27 07:58:03,W 36 St & 9 Ave,6569,Greenwich Ave & 8 Ave,6072,40.75462324029105,-73.99516761302948,40.7390169121,-74.0026376103,casual
1363310,DA1EF66468331DAE,electric_bike,2022-03-24 12:24:29,2022-03-24 12:30:39,W 36 St & 9 Ave,6569,W 50 St & 10 Ave,6890,40.75462324029105,-73.99516761302948,40.76473420006519,-73.99194359779358,member
1363316,EA3D2871C7A79998,electric_bike,2022-03-06 22:15:43,2022-03-06 22:22:48,W 36 St & 9 Ave,6569,Greenwich Ave & 8 Ave,6072,40.75462324029105,-73.99516761302948,40.7390169121,-74.0026376103,member
1363336,ADBC546EED7FBE9A,classic_bike,2022-03-25 18:03:05,2022-03-25 18:12:21,W 36 St & 9 Ave,6569,W 50 St & 10 Ave,6890,40.75462324029105,-73.99516761302948,40.76473420006519,-73.99194359779358,member
1363340,D31BBF5320CCEADF,classic_bike,2022-03-05 15:21:44,2022-03-05 15:33:36,W 36 St & 9 Ave,6569,W 50 St & 10 Ave,6890,40.75462324029105,-73.99516761302948,40.76473420006519,-73.99194359779358,member
1363341,81808B7721C5686C,classic_bike,2022-03-11 15:10:52,2022-03-11 15:41:09,W 36 St & 9 Ave,6569,Avenue D & E 10 St,5575,40.75462324029105,-73.99516761302948,40.72506551015475,-73.97515833377838,member
1363348,AB193106E9B90940,classic_bike,2022-03-29 20:47:50,2022-03-29 21:17:43,W 36 St & 9 Ave,6569,Greenwich Ave & 8 Ave,6072,40.75462324029105,-73.99516761302948,40.7390169121,-74.0026376103,member
1363640,DE016F31A27F9A41,electric_bike,2022-03-16 06:04:58,2022-03-16 06:10:22,W 36 St & 9 Ave,6569,W 50 St & 10 Ave,6890,40.75462324029105,-73.99516761302948,40.76473420006519,-73.99194359779358,member
1366390,210E2F6265A17EA5,classic_bike,2022-03-09 07:08:00,2022-03-09 07:16:27,W 35 St & Dyer Ave,6569,Greenwich Ave & 8 Ave,6072,40.754691750226016,-73.99740189313889,40.7390169121,-74.0026376103,member
1366397,B012F055B65B60E3,classic_bike,2022-03-20 13:18:39,2022-03-20 13:27:15,W 35 St & Dyer Ave,6569,Greenwich Ave & 8 Ave,6072,40.754691750226016,-73.99740189313889,40.7390169121,-74.0026376103,member
1366410,D35DB9E4E7EAE1D9,electric_bike,2022-03-21 21:20:52,2022-03-21 21:28:58,W 35 St & Dyer Ave,6569,W 50 St & 10 Ave,6890,40.754691750226016,-73.99740189313889,40.76473420006519,-73.99194359779358,casual
1366413,0FBE6450D4D1187A,classic_bike,2022-03-17 10:32:43,2022-03-17 11:03:45,W 35 St & Dyer Ave,6569,Avenue D & E 10 St,5575,40.754691750226016,-73.99740189313889,40.72506551015475,-73.97515833377838,member
1366421,75A9BEDEC4F31DF5,electric_bike,2022-03-16 08:43:59,2022-03-16 08:54:10,W 35 St & Dyer Ave,6569,E 27 St & Park Ave S,6131,40.754691750226016,-73.99740189313889,40.74275179648995,-73.9847157150507,member
1366427,F5058DB8AFA8E34F,classic_bike,2022-03-01 17:49:22,2022-03-01 18:00:42,W 35 St & Dyer Ave,6569,Greenwich Ave & 8 Ave,6072,40.754691750226016,-73.99740189313889,40.7390169121,-74.0026376103,member
1366434,9C0ED1F9B78811AB,electric_bike,2022-03-08 08:21:45,2022-03-08 08:31:39,W 35 St & Dyer Ave,6569,E 27 St & Park Ave S,6131,40.754691750226016,-73.99740189313889,40.74275179648995,-73.9847157150507,member
1366443,BA8E77CFF7EC7B49,classic_bike,2022-03-30 15:54:56,2022-03-30 16:03:26,W 35 St & Dyer Ave,6569,E 27 St & Park Ave S,6131,40.754691750226016,-73.99740189313889,40.74275179648995,-73.9847157150507,casual
1366444,C2F9FC412B996DF0,classic_bike,2022-03-18 10:38:36,2022-03-18 11:01:52,W 35 St & Dyer Ave,6569,E 27 St & Park Ave S,6131,40.754691750226016,-73.99740189313889,40.74275179648995,-73.9847157150507,casual
1366476,35876C442031564F,electric_bike,2022-03-16 07:12:40,2022-03-16 07:19:22,W 35 St & Dyer Ave,6569,Greenwich Ave & 8 Ave,6072,40.754691750226016,-73.99740189313889,40.7390169121,-74.0026376103,member
1366483,C9EF37DBCD19606F,classic_bike,2022-03-10 10:19:47,2022-03-10 10:49:34,W 35 St & Dyer Ave,6569,Avenue D & E 10 St,5575,40.754691750226016,-73.99740189313889,40.72506551015475,-73.97515833377838,member
1366485,403D8E36FBE706C6,classic_bike,2022-03-18 06:42:40,2022-03-18 06:50:15,W 35 St & Dyer Ave,6569,Greenwich Ave & 8 Ave,6072,40.754691750226016,-73.99740189313889,40.7390169121,-74.0026376103,member
1366489,10950EAD1EF20CF3,classic_bike,2022-03-17 16:58:52,2022-03-17 17:11:23,W 35 St & 9 Ave,6569,E 27 St & Park Ave S,6131,40.75414519263519,-73.9960889518261,40.74275179648995,-73.9847157150507,member
1366495,B52A899B8D84D7BC,classic_bike,2022-03-01 17:26:55,2022-03-01 17:31:55,W 35 St & 9 Ave,6569,W 50 St & 10 Ave,6890,40.75414519263519,-73.9960889518261,40.76473420006519,-73.99194359779358,member
1366497,FFDDB031A5A4EB0A,electric_bike,2022-03-30 07:10:21,2022-03-30 07:16:19,W 35 St & 9 Ave,6569,Greenwich Ave & 8 Ave,6072,40.75414519263519,-73.9960889518261,40.7390169121,-74.0026376103,member
1366501,924517C385CBAE1E,electric_bike,2022-03-31 15:05:55,2022-03-31 15:12:27,W 35 St & 9 Ave,6569,W 50 St & 10 Ave,6890,40.75414519263519,-73.9960889518261,40.76473420006519,-73.99194359779358,member
1366518,9B459A6778B5D9F0,classic_bike,2022-03-04 07:49:40,2022-03-04 08:03:09,W 35 St & 9 Ave,6569,W 50 St & 10 Ave,6890,40.75414519263519,-73.9960889518261,40.76473420006519,-73.99194359779358,member
1366539,F9A8E8C2C8B55B48,classic_bike,2022-03-31 16:02:06,2022-03-31 16:11:16,W 35 St & 9 Ave,6569,W 50 St & 10 Ave,6890,40.75414519263519,-73.9960889518261,40.76473420006519,-73.99194359779358,member
1366548,E1F8B51746BA4E53,classic_bike,2022-03-05 18:35:10,2022-03-05 18:42:11,W 35 St & 9 Ave,6569,W 50 St & 10 Ave,6890,40.75414519263519,-73.9960889518261,40.76473420006519,-73.99194359779358,member
1366555,13C7928B5F84EBC0,classic_bike,2022-03-01 14:35:32,2022-03-01 14:40:24,W 35 St & 9 Ave,6569,W 50 St & 10 Ave,6890,40.75414519263519,-73.9960889518261,40.76473420006519,-73.99194359779358,member
1366574,7D58942C93E60B9A,classic_bike,2022-03-16 07:46:31,2022-03-16 08:00:14,W 35 St & 9 Ave,6569,W 50 St & 10 Ave,6890,40.75414519263519,-73.9960889518261,40.76473420006519,-73.99194359779358,member
1366576,DEAF827B3BD4FE7B,classic_bike,2022-03-11 11:49:01,2022-03-11 11:57:41,W 35 St & 9 Ave,6569,Greenwich Ave & 8 Ave,6072,40.75414519263519,-73.9960889518261,40.7390169121,-74.0026376103,member
1366578,0AA39B5754C814CD,electric_bike,2022-03-05 13:01:34,2022-03-05 13:07:11,W 35 St & Dyer Ave,6569,W 50 St & 10 Ave,6890,40.754691750226016,-73.99740189313889,40.76473420006519,-73.99194359779358,member
1366582,764B965DC03BAB84,classic_bike,2022-03-16 17:05:14,2022-03-16 17:12:52,W 35 St & Dyer Ave,6569,Greenwich Ave & 8 Ave,6072,40.754691750226016,-73.99740189313889,40.7390169121,-74.0026376103,member
1366595,29EF07572615E866,electric_bike,2022-03-28 22:29:06,2022-03-28 22:34:07,W 35 St & 9 Ave,6569,W 50 St & 10 Ave,6890,40.75414519263519,-73.9960889518261,40.76473420006519,-73.99194359779358,member
1366601,A28AB07A423E4734,classic_bike,2022-03-16 11:45:58,2022-03-16 11:59:26,W 35 St & 9 Ave,6569,E 27 St & Park Ave S,6131,40.75414519263519,-73.9960889518261,40.74275179648995,-73.9847157150507,member
1366602,80B3EAD96EB27E46,classic_bike,2022-03-03 18:12:20,2022-03-03 18:42:24,W 35 St & 9 Ave,6569,Division Ave & Marcy Ave,5084,40.75414519263519,-73.9960889518261,40.70708701,-73.95796783,member
1366603,ACCD24D2AE8EAD51,classic_bike,2022-03-10 18:34:24,2022-03-10 19:06:01,W 35 St & 9 Ave,6569,Division Ave & Marcy Ave,5084,40.75414519263519,-73.9960889518261,40.70708701,-73.95796783,member
1366609,4B862DB8A17CC26D,classic_bike,2022-03-27 00:57:25,2022-03-27 01:06:31,W 35 St & 9 Ave,6569,Greenwich Ave & 8 Ave,6072,40.75414519263519,-73.9960889518261,40.7390169121,-74.0026376103,member
1366621,71FB2BDE89ECEEC2,classic_bike,2022-03-17 07:50:03,2022-03-17 08:08:58,W 35 St & 9 Ave,6569,W 50 St & 10 Ave,6890,40.75414519263519,-73.9960889518261,40.76473420006519,-73.99194359779358,member
1366623,44871D495D649AF9,classic_bike,2022-03-23 07:48:07,2022-03-23 07:59:50,W 35 St & 9 Ave,6569,W 50 St & 10 Ave,6890,40.75414519263519,-73.9960889518261,40.76473420006519,-73.99194359779358,member
1366645,68ACA6569A5E67D4,classic_bike,2022-03-29 18:16:38,2022-03-29 18:53:27,W 35 St & 9 Ave,6569,Division Ave & Marcy Ave,5084,40.75414519263519,-73.9960889518261,40.70708701,-73.95796783,member
1366649,DFA47665A13D6DD7,classic_bike,2022-03-26 10:24:03,2022-03-26 10:50:33,W 35 St & 9 Ave,6569,E 27 St & Park Ave S,6131,40.75414519263519,-73.9960889518261,40.74275179648995,-73.9847157150507,member
1366653,BCBDBB30278A837E,classic_bike,2022-03-25 17:53:50,2022-03-25 17:58:45,W 35 St & 9 Ave,6569,W 50 St & 10 Ave,6890,40.75414519263519,-73.9960889518261,40.76473420006519,-73.99194359779358,casual
1366654,252692FF889E2F02,classic_bike,2022-03-11 07:45:22,2022-03-11 07:57:33,W 35 St & 9 Ave,6569,W 50 St & 10 Ave,6890,40.75414519263519,-73.9960889518261,40.76473420006519,-73.99194359779358,member
1366655,5CD110226BA5D4D2,classic_bike,2022-03-21 07:46:21,2022-03-21 08:00:31,W 35 St & 9 Ave,6569,W 50 St & 10 Ave,6890,40.75414519263519,-73.9960889518261,40.76473420006519,-73.99194359779358,member
1366728,470C916217ACBFE7,classic_bike,2022-03-08 18:28:14,2022-03-08 19:02:35,W 35 St & 9 Ave,6569,Division Ave & Marcy Ave,5084,40.75414519263519,-73.9960889518261,40.70708701,-73.95796783,member
1366736,12E2CDF637F2F2C4,classic_bike,2022-03-03 07:44:42,2022-03-03 07:58:33,W 35 St & 9 Ave,6569,W 50 St & 10 Ave,6890,40.75414519263519,-73.9960889518261,40.76473420006519,-73.99194359779358,member
1367688,BB6B0E32141039CC,classic_bike,2022-03-05 15:48:45,2022-03-05 15:58:34,W 36 St & 9 Ave,6569,Greenwich Ave & 8 Ave,6072,40.75462324029105,-73.99516761302948,40.7390169121,-74.0026376103,member
1367707,30EFE7855EB1CA2D,electric_bike,2022-03-29 21:13:05,2022-03-29 21:20:09,W 36 St & 9 Ave,6569,W 50 St & 10 Ave,6890,40.75462324029105,-73.99516761302948,40.76473420006519,-73.99194359779358,member
1367758,2877883649B689CB,classic_bike,2022-03-07 07:47:56,2022-03-07 08:00:11,W 35 St & 9 Ave,6569,W 50 St & 10 Ave,6890,40.75414519263519,-73.9960889518261,40.76473420006519,-73.99194359779358,member
1367807,FDAFE05C9655CE05,classic_bike,2022-03-30 17:28:37,2022-03-30 17:36:45,W 35 St & 9 Ave,6569,W 50 St & 10 Ave,6890,40.75414519263519,-73.9960889518261,40.76473420006519,-73.99194359779358,member
1367808,05FA3E022D2B45C6,electric_bike,2022-03-17 18:08:23,2022-03-17 18:15:18,W 35 St & 9 Ave,6569,E 27 St & Park Ave S,6131,40.75414519263519,-73.9960889518261,40.74275179648995,-73.9847157150507,member
1367812,09D0A9EEA1DB1F57,classic_bike,2022-03-02 07:46:03,2022-03-02 08:00:10,W 35 St & 9 Ave,6569,W 50 St & 10 Ave,6890,40.75414519263519,-73.9960889518261,40.76473420006519,-73.99194359779358,member
1367828,20B8C32C8581ACCF,classic_bike,2022-03-15 07:55:38,2022-03-15 08:11:19,W 35 St & Dyer Ave,6569,Greenwich Ave & 8 Ave,6072,40.754691750226016,-73.99740189313889,40.7390169121,-74.0026376103,casual
1367961,574219162E6DE0C8,classic_bike,2022-03-20 02:57:48,2022-03-20 03:05:30,W 36 St & 9 Ave,6569,W 50 St & 10 Ave,6890,40.75462324029105,-73.99516761302948,40.76473420006519,-73.99194359779358,member
1368515,5D09A13E79DCB522,classic_bike,2022-03-11 16:52:02,2022-03-11 17:00:45,W 36 St & 9 Ave,6569,Greenwich Ave & 8 Ave,6072,40.75462324029105,-73.99516761302948,40.7390169121,-74.0026376103,member
1368516,A134B1221047F606,electric_bike,2022-03-15 21:54:21,2022-03-15 22:00:04,W 36 St & 9 Ave,6569,W 50 St & 10 Ave,6890,40.75462324029105,-73.99516761302948,40.76473420006519,-73.99194359779358,member
1368683,CA150D15E2555F4F,electric_bike,2022-03-26 12:56:50,2022-03-26 13:25:25,W 36 St & 9 Ave,6569,South St & Gouverneur Ln,4953,40.75462324029105,-73.99516761302948,40.70355377,-74.00670227,member
1375307,130F9BB087E81549,classic_bike,2022-03-15 12:10:37,2022-03-15 12:19:47,W 35 St & 9 Ave,6569,Greenwich Ave & 8 Ave,6072,40.75414519263519,-73.9960889518261,40.7390169121,-74.0026376103,casual
1375324,6E993489C58E7C92,classic_bike,2022-03-24 18:18:14,2022-03-24 18:48:48,W 35 St & 9 Ave,6569,Division Ave & Marcy Ave,5084,40.75414519263519,-73.9960889518261,40.70708701,-73.95796783,member
1375341,433267866CBE7BCC,classic_bike,2022-03-02 18:24:29,2022-03-02 18:57:34,W 35 St & 9 Ave,6569,Division Ave & Marcy Ave,5084,40.75414519263519,-73.9960889518261,40.70708701,-73.95796783,member
1375354,44EF956706BB0E92,classic_bike,2022-03-25 07:45:19,2022-03-25 07:58:01,W 35 St & 9 Ave,6569,W 50 St & 10 Ave,6890,40.75414519263519,-73.9960889518261,40.76473420006519,-73.99194359779358,member
1375385,92564A90260EF481,classic_bike,2022-03-29 07:51:43,2022-03-29 08:05:19,W 35 St & 9 Ave,6569,W 50 St & 10 Ave,6890,40.75414519263519,-73.9960889518261,40.76473420006519,-73.99194359779358,member
1375391,4802FFD1E1D06C71,classic_bike,2022-03-01 07:45:45,2022-03-01 08:00:24,W 35 St & 9 Ave,6569,W 50 St & 10 Ave,6890,40.75414519263519,-73.9960889518261,40.76473420006519,-73.99194359779358,member
1375406,10B7D98486376CB3,electric_bike,2022-03-18 16:40:03,2022-03-18 16:48:09,W 35 St & 9 Ave,6569,Greenwich Ave & 8 Ave,6072,40.75414519263519,-73.9960889518261,40.7390169121,-74.0026376103,member
1375409,11EFA1CF65DBA52F,electric_bike,2022-03-17 18:19:18,2022-03-17 18:25:59,W 35 St & 9 Ave,6569,W 50 St & 10 Ave,6890,40.75414519263519,-73.9960889518261,40.76473420006519,-73.99194359779358,member
1375410,D57B3187B211667B,classic_bike,2022-03-28 18:15:50,2022-03-28 18:47:16,W 35 St & 9 Ave,6569,Division Ave & Marcy Ave,5084,40.75414519263519,-73.9960889518261,40.70708701,-73.95796783,member
1375411,A7274F94F55915F6,classic_bike,2022-03-14 18:11:05,2022-03-14 18:41:49,W 35 St & 9 Ave,6569,Division Ave & Marcy Ave,5084,40.75414519263519,-73.9960889518261,40.70708701,-73.95796783,member
1375417,8F2FC7F6BAB176FA,classic_bike,2022-03-01 19:14:05,2022-03-01 19:22:39,W 35 St & 9 Ave,6569,Greenwich Ave & 8 Ave,6072,40.75414519263519,-73.9960889518261,40.7390169121,-74.0026376103,member
1375418,43B4A4DAE4DD8534,classic_bike,2022-03-02 15:49:22,2022-03-02 15:57:21,W 35 St & 9 Ave,6569,Greenwich Ave & 8 Ave,6072,40.75414519263519,-73.9960889518261,40.7390169121,-74.0026376103,member
1375431,E401DCA2A926A518,electric_bike,2022-03-26 23:33:25,2022-03-26 23:44:51,W 35 St & 9 Ave,6569,E 27 St & Park Ave S,6131,40.75414519263519,-73.9960889518261,40.74275179648995,-73.9847157150507,casual
1375432,689D5EC70461CFC5,electric_bike,2022-03-07 13:09:05,2022-03-07 13:15:20,W 35 St & 9 Ave,6569,W 50 St & 10 Ave,6890,40.75414519263519,-73.9960889518261,40.76473420006519,-73.99194359779358,casual
1375434,6309926F5752D867,classic_bike,2022-03-22 17:28:09,2022-03-22 17:40:23,W 35 St & 9 Ave,6569,E 27 St & Park Ave S,6131,40.75414519263519,-73.9960889518261,40.74275179648995,-73.9847157150507,member
1375437,40CADBB7647E13B0,classic_bike,2022-03-31 18:03:39,2022-03-31 18:36:49,W 35 St & 9 Ave,6569,Division Ave & Marcy Ave,5084,40.75414519263519,-73.9960889518261,40.70708701,-73.95796783,member
1375439,E95922E8C328FC68,classic_bike,2022-03-26 11:21:50,2022-03-26 11:38:43,W 35 St & 9 Ave,6569,E 27 St & Park Ave S,6131,40.75414519263519,-73.9960889518261,40.74275179648995,-73.9847157150507,casual
1375444,511B42AFD906E649,classic_bike,2022-03-03 12:47:31,2022-03-03 12:55:45,W 35 St & 9 Ave,6569,Greenwich Ave & 8 Ave,6072,40.75414519263519,-73.9960889518261,40.7390169121,-74.0026376103,member
1375450,97BDFC73F776CE9D,electric_bike,2022-03-26 23:35:16,2022-03-26 23:45:00,W 35 St & 9 Ave,6569,E 27 St & Park Ave S,6131,40.75414519263519,-73.9960889518261,40.74275179648995,-73.9847157150507,casual
1375451,8D607993B6CF383A,classic_bike,2022-03-14 15:40:13,2022-03-14 15:48:36,W 35 St & 9 Ave,6569,E 27 St & Park Ave S,6131,40.75414519263519,-73.9960889518261,40.74275179648995,-73.9847157150507,member
1375455,E9821C4D1260E9C4,classic_bike,2022-03-08 23:26:58,2022-03-08 23:33:49,W 35 St & 9 Ave,6569,W 50 St & 10 Ave,6890,40.75414519263519,-73.9960889518261,40.76473420006519,-73.99194359779358,member
1375456,7348EA39B2B75D2D,electric_bike,2022-03-08 11:15:39,2022-03-08 11:23:55,W 35 St & 9 Ave,6569,E 27 St & Park Ave S,6131,40.75414519263519,-73.9960889518261,40.74275179648995,-73.9847157150507,member
1375466,15A00B5FCDE0BAC8,classic_bike,2022-03-08 10:40:24,2022-03-08 11:00:10,W 35 St & 9 Ave,6569,Greenwich Ave & 8 Ave,6072,40.75414519263519,-73.9960889518261,40.7390169121,-74.0026376103,casual
1375468,0AE4A8A693DC7239,classic_bike,2022-03-01 18:22:53,2022-03-01 18:55:04,W 35 St & 9 Ave,6569,Division Ave & Marcy Ave,5084,40.75414519263519,-73.9960889518261,40.70708701,-73.95796783,member
1375469,7442E9EF6E4CCF9A,classic_bike,2022-03-07 18:10:41,2022-03-07 18:40:51,W 35 St & 9 Ave,6569,Division Ave & Marcy Ave,5084,40.75414519263519,-73.9960889518261,40.70708701,-73.95796783,member
1375473,0386F007FC170F5B,classic_bike,2022-03-29 17:05:33,2022-03-29 17:17:17,W 35 St & 9 Ave,6569,E 27 St & Park Ave S,6131,40.75414519263519,-73.9960889518261,40.74275179648995,-73.9847157150507,member
1375504,ACE0E3E98EA06FC5,classic_bike,2022-03-28 08:07:17,2022-03-28 08:15:18,W 35 St & 9 Ave,6569,W 50 St & 10 Ave,6890,40.75414519263519,-73.9960889518261,40.76473420006519,-73.99194359779358,member
1375548,15394B1FA441A35A,electric_bike,2022-03-02 17:08:33,2022-03-02 17:18:21,W 35 St & 9 Ave,6569,Greenwich Ave & 8 Ave,6072,40.75414519263519,-73.9960889518261,40.7390169121,-74.0026376103,member
1375727,08736DFB77DD179E,classic_bike,2022-03-02 15:52:30,2022-03-02 16:15:32,W 35 St & 9 Ave,6569,W 50 St & 10 Ave,6890,40.75414519263519,-73.9960889518261,40.76473420006519,-73.99194359779358,member
1375787,09DEA6C839901DC1,electric_bike,2022-03-23 07:09:12,2022-03-23 07:14:52,W 35 St & 9 Ave,6569,Greenwich Ave & 8 Ave,6072,40.75414519263519,-73.9960889518261,40.7390169121,-74.0026376103,member
1376215,DB12648964109248,classic_bike,2022-03-23 17:54:44,2022-03-23 18:00:55,W 35 St & 9 Ave,6569,W 50 St & 10 Ave,6890,40.75414519263519,-73.9960889518261,40.76473420006519,-73.99194359779358,member
1376225,06FC33E6C2180F5D,classic_bike,2022-03-18 07:45:21,2022-03-18 07:57:24,W 35 St & 9 Ave,6569,W 50 St & 10 Ave,6890,40.75414519263519,-73.9960889518261,40.76473420006519,-73.99194359779358,member
1376319,114CD6062318837E,classic_bike,2022-03-10 07:46:36,2022-03-10 08:00:14,W 35 St & 9 Ave,6569,W 50 St & 10 Ave,6890,40.75414519263519,-73.9960889518261,40.76473420006519,-73.99194359779358,member
1376320,E90B39E11EF72E52,classic_bike,2022-03-22 07:47:00,2022-03-22 07:59:59,W 35 St & 9 Ave,6569,W 50 St & 10 Ave,6890,40.75414519263519,-73.9960889518261,40.76473420006519,-73.99194359779358,member
1376321,A227BFA898D024F3,classic_bike,2022-03-15 07:48:35,2022-03-15 08:00:31,W 35 St & 9 Ave,6569,W 50 St & 10 Ave,6890,40.75414519263519,-73.9960889518261,40.76473420006519,-73.99194359779358,member
1376323,3D02A906D73E2B58,classic_bike,2022-03-26 10:24:18,2022-03-26 10:50:44,W 35 St & 9 Ave,6569,E 27 St & Park Ave S,6131,40.75414519263519,-73.9960889518261,40.74275179648995,-73.9847157150507,casual
1376325,05EF56945AE9DF0F,classic_bike,2022-03-11 21:23:35,2022-03-11 21:33:25,W 35 St & 9 Ave,6569,Greenwich Ave & 8 Ave,6072,40.75414519263519,-73.9960889518261,40.7390169121,-74.0026376103,member
1376329,C68B7C1F0D26A2B8,classic_bike,2022-03-21 18:15:31,2022-03-21 18:45:20,W 35 St & 9 Ave,6569,Division Ave & Marcy Ave,5084,40.75414519263519,-73.9960889518261,40.70708701,-73.95796783,member
1376341,594B948C6C417B11,classic_bike,2022-03-10 18:00:44,2022-03-10 18:08:16,W 35 St & 9 Ave,6569,W 50 St & 10 Ave,6890,40.75414519263519,-73.9960889518261,40.76473420006519,-73.99194359779358,member
1376357,912641325C01C4CD,electric_bike,2022-03-18 18:42:31,2022-03-18 18:49:50,W 35 St & 9 Ave,6569,Greenwich Ave & 8 Ave,6072,40.75414519263519,-73.9960889518261,40.7390169121,-74.0026376103,member
1376358,54ADF2BAFA8479FA,classic_bike,2022-03-22 16:08:01,2022-03-22 16:15:52,W 35 St & 9 Ave,6569,Greenwich Ave & 8 Ave,6072,40.75414519263519,-73.9960889518261,40.7390169121,-74.0026376103,member
1376359,DE1368631EC1A57C,classic_bike,2022-03-08 07:47:09,2022-03-08 08:00:26,W 35 St & 9 Ave,6569,W 50 St & 10 Ave,6890,40.75414519263519,-73.9960889518261,40.76473420006519,-73.99194359779358,member
1376360,44CA6EB9A927B116,classic_bike,2022-03-14 07:46:25,2022-03-14 07:59:48,W 35 St & 9 Ave,6569,W 50 St & 10 Ave,6890,40.75414519263519,-73.9960889518261,40.76473420006519,-73.99194359779358,member
1376364,76EAC46707FD4C80,classic_bike,2022-03-27 23:10:54,2022-03-27 23:18:04,W 35 St & 9 Ave,6569,W 50 St & 10 Ave,6890,40.75414519263519,-73.9960889518261,40.76473420006519,-73.99194359779358,member
1376766,14D5DBEAF57A6228,classic_bike,2022-03-27 21:44:01,2022-03-27 21:50:17,W 36 St & 9 Ave,6569,W 49 St & 8 Ave,6747,40.75462324029105,-73.99516761302948,40.76227205,-73.98788205,member
1376768,E35164D0A3616E24,electric_bike,2022-03-25 09:19:49,2022-03-25 09:25:58,W 36 St & 9 Ave,6569,W 49 St & 8 Ave,6747,40.75462324029105,-73.99516761302948,40.76227205,-73.98788205,member
1376769,298A9A7D22DDA7D5,electric_bike,2022-03-05 13:12:11,2022-03-05 13:17:52,W 36 St & 9 Ave,6569,W 49 St & 8 Ave,6747,40.75462324029105,-73.99516761302948,40.76227205,-73.98788205,member
1376770,2A85DF092102B090,classic_bike,2022-03-10 13:03:18,2022-03-10 13:12:15,W 36 St & 9 Ave,6569,W 49 St & 8 Ave,6747,40.75462324029105,-73.99516761302948,40.76227205,-73.98788205,member
1376778,645BAD50C208EBF8,classic_bike,2022-03-25 07:04:17,2022-03-25 07:11:02,W 36 St & 9 Ave,6569,W 49 St & 8 Ave,6747,40.75462324029105,-73.99516761302948,40.76227205,-73.98788205,member
1376779,ACC702DAF42746AA,classic_bike,2022-03-07 07:07:58,2022-03-07 07:14:40,W 36 St & 9 Ave,6569,W 49 St & 8 Ave,6747,40.75462324029105,-73.99516761302948,40.76227205,-73.98788205,member
1376781,4D431E424F45CD39,electric_bike,2022-03-26 22:18:21,2022-03-26 22:27:42,W 36 St & 9 Ave,6569,W 21 St & 6 Ave,6140,40.75462324029105,-73.99516761302948,40.74173969,-73.99415556,member
1376789,56602347C25AB669,electric_bike,2022-03-25 14:03:38,2022-03-25 14:40:42,W 36 St & 9 Ave,6569,W 49 St & 8 Ave,6747,40.75462324029105,-73.99516761302948,40.76227205,-73.98788205,member
1376790,64BC020759F79449,electric_bike,2022-03-17 17:52:18,2022-03-17 18:02:30,W 36 St & 9 Ave,6569,W 49 St & 8 Ave,6747,40.75462324029105,-73.99516761302948,40.76227205,-73.98788205,member
1376792,2ED1E71116D0B6B4,classic_bike,2022-03-04 14:41:22,2022-03-04 14:53:37,W 36 St & 9 Ave,6569,W 21 St & 6 Ave,6140,40.75462324029105,-73.99516761302948,40.74173969,-73.99415556,member
1376797,7894BDF24E7B4AFE,classic_bike,2022-03-07 12:20:05,2022-03-07 12:32:21,W 36 St & 9 Ave,6569,W 21 St & 6 Ave,6140,40.75462324029105,-73.99516761302948,40.74173969,-73.99415556,member
1376798,3039F614F048E073,electric_bike,2022-03-23 13:20:31,2022-03-23 13:26:50,W 36 St & 9 Ave,6569,W 49 St & 8 Ave,6747,40.75462324029105,-73.99516761302948,40.76227205,-73.98788205,member
1376800,8892534DCC60ACC0,classic_bike,2022-03-15 19:55:54,2022-03-15 20:02:53,W 36 St & 9 Ave,6569,W 49 St & 8 Ave,6747,40.75462324029105,-73.99516761302948,40.76227205,-73.98788205,member
1376801,F055E2323365D9FF,electric_bike,2022-03-11 13:39:19,2022-03-11 13:46:02,W 36 St & 9 Ave,6569,W 49 St & 8 Ave,6747,40.75462324029105,-73.99516761302948,40.76227205,-73.98788205,member
1376803,0FE68317C7611C7B,classic_bike,2022-03-05 15:37:57,2022-03-05 15:46:55,W 36 St & 9 Ave,6569,W 49 St & 8 Ave,6747,40.75462324029105,-73.99516761302948,40.76227205,-73.98788205,member
1376808,60B2837D51C63FB7,classic_bike,2022-03-23 08:00:55,2022-03-23 08:08:13,W 36 St & 9 Ave,6569,W 21 St & 6 Ave,6140,40.75462324029105,-73.99516761302948,40.74173969,-73.99415556,member
1376904,42D8D97AC042D5DB,electric_bike,2022-03-18 11:10:28,2022-03-18 11:15:27,W 36 St & 9 Ave,6569,W 49 St & 8 Ave,6747,40.75462324029105,-73.99516761302948,40.76227205,-73.98788205,member
1376928,75CAF7C4065A3B20,electric_bike,2022-03-17 15:09:42,2022-03-17 15:20:11,W 36 St & 9 Ave,6569,W 21 St & 6 Ave,6140,40.75462324029105,-73.99516761302948,40.74173969,-73.99415556,member
1378660,4761F72D619ADD26,classic_bike,2022-03-26 22:58:03,2022-03-26 23:06:14,W 35 St & Dyer Ave,6569,W 49 St & 8 Ave,6747,40.754691750226016,-73.99740189313889,40.76227205,-73.98788205,member
1378664,5C5D6243CA0E5BA2,electric_bike,2022-03-26 17:43:08,2022-03-26 17:49:09,W 35 St & Dyer Ave,6569,W 21 St & 6 Ave,6140,40.754691750226016,-73.99740189313889,40.74173969,-73.99415556,member
1378667,A8C68310FEEAA0ED,electric_bike,2022-03-17 15:52:25,2022-03-17 16:16:13,W 35 St & Dyer Ave,6569,W 21 St & 6 Ave,6140,40.754691750226016,-73.99740189313889,40.74173969,-73.99415556,member
1378668,B6C42ED0513E9B00,classic_bike,2022-03-08 02:22:09,2022-03-08 02:28:13,W 35 St & Dyer Ave,6569,W 49 St & 8 Ave,6747,40.754691750226016,-73.99740189313889,40.76227205,-73.98788205,member
1378669,46FECCDFCAF022E5,classic_bike,2022-03-21 02:01:32,2022-03-21 02:08:18,W 35 St & Dyer Ave,6569,W 49 St & 8 Ave,6747,40.754691750226016,-73.99740189313889,40.76227205,-73.98788205,member
1378683,B8CCC0F06D9E9DCC,electric_bike,2022-03-28 21:37:50,2022-03-28 21:45:32,W 35 St & Dyer Ave,6569,W 49 St & 8 Ave,6747,40.754691750226016,-73.99740189313889,40.76227205,-73.98788205,member
1378696,14174DC7698B65D2,classic_bike,2022-03-22 02:21:26,2022-03-22 02:28:43,W 35 St & Dyer Ave,6569,W 49 St & 8 Ave,6747,40.754691750226016,-73.99740189313889,40.76227205,-73.98788205,member
1378698,668433835E756051,electric_bike,2022-03-28 15:09:23,2022-03-28 15:14:46,W 35 St & Dyer Ave,6569,W 49 St & 8 Ave,6747,40.754691750226016,-73.99740189313889,40.76227205,-73.98788205,member
1378710,8F2C0A8177F0744A,classic_bike,2022-03-17 21:13:50,2022-03-17 21:24:39,W 35 St & Dyer Ave,6569,W 21 St & 6 Ave,6140,40.754691750226016,-73.99740189313889,40.74173969,-73.99415556,casual
1378722,3AF919441588E99B,classic_bike,2022-03-28 19:04:23,2022-03-28 19:14:28,W 35 St & Dyer Ave,6569,W 21 St & 6 Ave,6140,40.754691750226016,-73.99740189313889,40.74173969,-73.99415556,casual
1378734,C7C39DA345314E66,electric_bike,2022-03-25 13:16:29,2022-03-25 13:21:06,W 35 St & Dyer Ave,6569,W 49 St & 8 Ave,6747,40.754691750226016,-73.99740189313889,40.76227205,-73.98788205,member
1379136,96B5125C52175C3A,classic_bike,2022-03-23 22:05:13,2022-03-23 22:12:33,W 35 St & Dyer Ave,6569,W 49 St & 8 Ave,6747,40.754691750226016,-73.99740189313889,40.76227205,-73.98788205,member
1379156,E61433575076935F,classic_bike,2022-03-25 23:39:56,2022-03-25 23:48:09,W 35 St & Dyer Ave,6569,W 49 St & 8 Ave,6747,40.754691750226016,-73.99740189313889,40.76227205,-73.98788205,member
1379194,33C3C13CB98678B6,classic_bike,2022-03-18 19:17:24,2022-03-18 19:27:05,W 35 St & Dyer Ave,6569,W 21 St & 6 Ave,6140,40.754691750226016,-73.99740189313889,40.74173969,-73.99415556,member
1380131,D711B3B58FA421AD,classic_bike,2022-03-08 20:41:29,2022-03-08 20:50:41,W 35 St & Dyer Ave,6569,W 21 St & 6 Ave,6140,40.754691750226016,-73.99740189313889,40.74173969,-73.99415556,member
1381358,6BE4373C0834B809,classic_bike,2022-03-24 06:57:07,2022-03-24 07:04:34,W 36 St & 9 Ave,6569,W 49 St & 8 Ave,6747,40.75462324029105,-73.99516761302948,40.76227205,-73.98788205,member
1381359,2AC44C1AC47BD7C7,electric_bike,2022-03-03 16:22:35,2022-03-03 16:29:23,W 36 St & 9 Ave,6569,W 21 St & 6 Ave,6140,40.75462324029105,-73.99516761302948,40.74173969,-73.99415556,member
1381360,D94C520373665431,classic_bike,2022-03-21 08:05:03,2022-03-21 08:12:43,W 36 St & 9 Ave,6569,W 21 St & 6 Ave,6140,40.75462324029105,-73.99516761302948,40.74173969,-73.99415556,member
1381365,CBF360E85F29D5D6,electric_bike,2022-03-18 10:49:55,2022-03-18 10:56:26,W 36 St & 9 Ave,6569,W 21 St & 6 Ave,6140,40.75462324029105,-73.99516761302948,40.74173969,-73.99415556,member
1381368,70732F1E6C5E165A,classic_bike,2022-03-19 11:27:29,2022-03-19 11:34:17,W 36 St & 9 Ave,6569,W 49 St & 8 Ave,6747,40.75462324029105,-73.99516761302948,40.76227205,-73.98788205,member
1381369,9BDD7507B657BC7B,classic_bike,2022-03-10 12:49:56,2022-03-10 13:00:40,W 36 St & 9 Ave,6569,W 49 St & 8 Ave,6747,40.75462324029105,-73.99516761302948,40.76227205,-73.98788205,member
1381375,936DC6CD8E29C2FE,classic_bike,2022-03-23 15:00:43,2022-03-23 15:10:43,W 36 St & 9 Ave,6569,W 49 St & 8 Ave,6747,40.75462324029105,-73.99516761302948,40.76227205,-73.98788205,member
1381377,C1FAB1B0A6E74D8A,classic_bike,2022-03-22 19:03:54,2022-03-22 19:22:34,W 36 St & 9 Ave,6569,W 21 St & 6 Ave,6140,40.75462324029105,-73.99516761302948,40.74173969,-73.99415556,member
1381378,E1882B5B4E84FC94,classic_bike,2022-03-17 17:14:54,2022-03-17 17:20:46,W 36 St & 9 Ave,6569,W 49 St & 8 Ave,6747,40.75462324029105,-73.99516761302948,40.76227205,-73.98788205,member
1381390,2A51E6E30C5F93DE,electric_bike,2022-03-27 16:09:51,2022-03-27 16:18:25,W 36 St & 9 Ave,6569,W 21 St & 6 Ave,6140,40.75462324029105,-73.99516761302948,40.74173969,-73.99415556,member
1381391,FBBF982CA5092D64,classic_bike,2022-03-13 17:04:30,2022-03-13 17:18:06,W 36 St & 9 Ave,6569,W 21 St & 6 Ave,6140,40.75462324029105,-73.99516761302948,40.74173969,-73.99415556,member
1381407,96605D396A2CE9DA,classic_bike,2022-03-21 07:02:52,2022-03-21 07:08:55,W 36 St & 9 Ave,6569,W 49 St & 8 Ave,6747,40.75462324029105,-73.99516761302948,40.76227205,-73.98788205,member
1381411,5F4448E993707112,classic_bike,2022-03-25 16:35:28,2022-03-25 16:55:34,W 36 St & 9 Ave,6569,W 21 St & 6 Ave,6140,40.75462324029105,-73.99516761302948,40.74173969,-73.99415556,casual
1381449,7F4FBC07A01B07BA,electric_bike,2022-03-30 07:55:32,2022-03-30 08:02:47,W 36 St & 9 Ave,6569,W 21 St & 6 Ave,6140,40.75462324029105,-73.99516761302948,40.74173969,-73.99415556,member
1381530,FBA094A18510F2BB,classic_bike,2022-03-10 07:24:54,2022-03-10 07:31:54,W 36 St & 9 Ave,6569,W 49 St & 8 Ave,6747,40.75462324029105,-73.99516761302948,40.76227205,-73.98788205,member
1382043,9B0983E302CF1426,classic_bike,2022-03-29 12:35:54,2022-03-29 12:43:19,W 36 St & 9 Ave,6569,W 49 St & 8 Ave,6747,40.75462324029105,-73.99516761302948,40.76227205,-73.98788205,member
1382045,1A4F0415F3595E53,electric_bike,2022-03-01 07:51:39,2022-03-01 07:59:03,W 36 St & 9 Ave,6569,W 21 St & 6 Ave,6140,40.75462324029105,-73.99516761302948,40.74173969,-73.99415556,member
1382046,E544608203578575,electric_bike,2022-03-29 07:57:28,2022-03-29 08:04:37,W 36 St & 9 Ave,6569,W 21 St & 6 Ave,6140,40.75462324029105,-73.99516761302948,40.74173969,-73.99415556,member
1382047,BAB2696D76C0A411,classic_bike,2022-03-07 11:11:41,2022-03-07 11:25:47,W 36 St & 9 Ave,6569,W 21 St & 6 Ave,6140,40.75462324029105,-73.99516761302948,40.74173969,-73.99415556,casual
1383823,7AAF3BEF4F1BDEA6,classic_bike,2022-03-27 10:13:49,2022-03-27 10:22:24,W 36 St & 9 Ave,6569,W 21 St & 6 Ave,6140,40.75462324029105,-73.99516761302948,40.74173969,-73.99415556,member
1383824,C1E23855D4284636,classic_bike,2022-03-14 07:08:11,2022-03-14 07:14:54,W 36 St & 9 Ave,6569,W 49 St & 8 Ave,6747,40.75462324029105,-73.99516761302948,40.76227205,-73.98788205,member
1383911,2B39F7902C1E0D2F,electric_bike,2022-03-24 16:10:13,2022-03-24 16:16:39,W 35 St & 9 Ave,6569,W 21 St & 6 Ave,6140,40.75414519263519,-73.9960889518261,40.74173969,-73.99415556,member
1383976,48689830878BD13B,classic_bike,2022-03-07 23:09:53,2022-03-07 23:16:10,W 35 St & 9 Ave,6569,W 49 St & 8 Ave,6747,40.75414519263519,-73.9960889518261,40.76227205,-73.98788205,member
1383996,628874FE58E3C275,classic_bike,2022-03-15 07:42:40,2022-03-15 07:51:06,W 35 St & 9 Ave,6569,W 21 St & 6 Ave,6140,40.75414519263519,-73.9960889518261,40.74173969,-73.99415556,member
1384329,3A4A0C9432792729,classic_bike,2022-03-23 19:38:22,2022-03-23 19:46:38,W 35 St & 9 Ave,6569,W 21 St & 6 Ave,6140,40.75414519263519,-73.9960889518261,40.74173969,-73.99415556,member
1384624,02475002A1EF45A8,classic_bike,2022-03-10 12:17:52,2022-03-10 12:23:47,W 35 St & 9 Ave,6569,W 49 St & 8 Ave,6747,40.75414519263519,-73.9960889518261,40.76227205,-73.98788205,member
1384909,1D4BD7385AE1311D,electric_bike,2022-03-20 16:40:52,2022-03-20 16:46:09,W 36 St & 9 Ave,6569,W 49 St & 8 Ave,6747,40.75462324029105,-73.99516761302948,40.76227205,-73.98788205,member
1384910,0A638392755F9B41,classic_bike,2022-03-25 18:42:06,2022-03-25 18:53:35,W 36 St & 9 Ave,6569,W 21 St & 6 Ave,6140,40.75462324029105,-73.99516761302948,40.74173969,-73.99415556,member
1387343,84CDE390464630ED,electric_bike,2022-03-21 05:26:20,2022-03-21 05:30:22,W 36 St & 9 Ave,6569,W 49 St & 8 Ave,6747,40.75462324029105,-73.99516761302948,40.76227205,-73.98788205,member
1387345,46B529763B7FAF99,electric_bike,2022-03-10 07:48:30,2022-03-10 07:55:18,W 36 St & 9 Ave,6569,W 21 St & 6 Ave,6140,40.75462324029105,-73.99516761302948,40.74173969,-73.99415556,member
1387348,C891C4CDB060CF27,electric_bike,2022-03-11 07:57:10,2022-03-11 08:03:17,W 36 St & 9 Ave,6569,W 21 St & 6 Ave,6140,40.75462324029105,-73.99516761302948,40.74173969,-73.99415556,member
1387353,31092B6CA027D6BC,classic_bike,2022-03-01 09:32:44,2022-03-01 09:45:27,W 36 St & 9 Ave,6569,W 21 St & 6 Ave,6140,40.75462324029105,-73.99516761302948,40.74173969,-73.99415556,member
1387356,437AC3D2AE1E53C7,electric_bike,2022-03-07 19:03:18,2022-03-07 19:10:06,W 36 St & 9 Ave,6569,W 49 St & 8 Ave,6747,40.75462324029105,-73.99516761302948,40.76227205,-73.98788205,member
1387359,557A5A82F03F9F86,classic_bike,2022-03-02 07:47:29,2022-03-02 07:55:39,W 36 St & 9 Ave,6569,W 21 St & 6 Ave,6140,40.75462324029105,-73.99516761302948,40.74173969,-73.99415556,member
1387378,F06C4E6970152A08,classic_bike,2022-03-22 07:52:54,2022-03-22 08:01:40,W 36 St & 9 Ave,6569,W 21 St & 6 Ave,6140,40.75462324029105,-73.99516761302948,40.74173969,-73.99415556,member
1387379,B2BAFA9E5FB36E1F,classic_bike,2022-03-17 07:52:58,2022-03-17 08:01:47,W 36 St & 9 Ave,6569,W 21 St & 6 Ave,6140,40.75462324029105,-73.99516761302948,40.74173969,-73.99415556,member
1387380,6307E1CB981CE5E5,classic_bike,2022-03-31 07:50:06,2022-03-31 07:58:31,W 36 St & 9 Ave,6569,W 21 St & 6 Ave,6140,40.75462324029105,-73.99516761302948,40.74173969,-73.99415556,member
1387381,8FC7511423DF68CE,classic_bike,2022-03-08 07:12:45,2022-03-08 07:21:01,W 36 St & 9 Ave,6569,W 21 St & 6 Ave,6140,40.75462324029105,-73.99516761302948,40.74173969,-73.99415556,member
1389310,389EF0D9AE8A8984,classic_bike,2022-03-07 14:14:41,2022-03-07 14:26:34,W 35 St & Dyer Ave,6569,W 21 St & 6 Ave,6140,40.754691750226016,-73.99740189313889,40.74173969,-73.99415556,member
1389349,666C296017E5C808,classic_bike,2022-03-31 03:07:16,2022-03-31 03:13:50,W 35 St & Dyer Ave,6569,W 49 St & 8 Ave,6747,40.754691750226016,-73.99740189313889,40.76227205,-73.98788205,member
1390293,78912BF160932D97,electric_bike,2022-03-06 14:22:22,2022-03-06 14:33:37,W 35 St & 9 Ave,6569,W 21 St & 6 Ave,6140,40.75414519263519,-73.9960889518261,40.74173969,-73.99415556,casual
1390336,28A4C4A5AEF4F8A4,electric_bike,2022-03-29 12:46:14,2022-03-29 12:52:43,W 35 St & 9 Ave,6569,W 21 St & 6 Ave,6140,40.75414519263519,-73.9960889518261,40.74173969,-73.99415556,casual
1390349,3EC120F7126CA1FC,electric_bike,2022-03-02 14:36:02,2022-03-02 14:43:51,W 35 St & 9 Ave,6569,W 49 St & 8 Ave,6747,40.75414519263519,-73.9960889518261,40.76227205,-73.98788205,member
1390350,55E501EAEEB8D817,electric_bike,2022-03-28 11:39:22,2022-03-28 11:48:10,W 35 St & 9 Ave,6569,W 21 St & 6 Ave,6140,40.75414519263519,-73.9960889518261,40.74173969,-73.99415556,member
1390406,BBABE1D9618E5FFE,classic_bike,2022-03-15 20:39:53,2022-03-15 20:52:04,W 35 St & 9 Ave,6569,W 21 St & 6 Ave,6140,40.75414519263519,-73.9960889518261,40.74173969,-73.99415556,casual
1390624,97E2B5371FF251EA,classic_bike,2022-03-05 10:15:37,2022-03-05 10:21:46,W 36 St & 9 Ave,6569,W 49 St & 8 Ave,6747,40.75462324029105,-73.99516761302948,40.76227205,-73.98788205,member
1390627,1739DF49F7B9EA6C,electric_bike,2022-03-03 13:28:03,2022-03-03 13:34:34,W 36 St & 9 Ave,6569,W 49 St & 8 Ave,6747,40.75462324029105,-73.99516761302948,40.76227205,-73.98788205,member
1390628,D4F92AA91D075856,classic_bike,2022-03-03 09:31:13,2022-03-03 09:39:22,W 36 St & 9 Ave,6569,W 49 St & 8 Ave,6747,40.75462324029105,-73.99516761302948,40.76227205,-73.98788205,member
1390630,E8B60001F51DD792,classic_bike,2022-03-18 08:01:13,2022-03-18 08:08:01,W 36 St & 9 Ave,6569,W 21 St & 6 Ave,6140,40.75462324029105,-73.99516761302948,40.74173969,-73.99415556,member
1390634,64F3907C93A9BB1C,electric_bike,2022-03-26 16:57:51,2022-03-26 17:05:45,W 36 St & 9 Ave,6569,W 21 St & 6 Ave,6140,40.75462324029105,-73.99516761302948,40.74173969,-73.99415556,casual
1390636,70F086FC0557A86D,classic_bike,2022-03-31 13:04:56,2022-03-31 13:11:53,W 36 St & 9 Ave,6569,W 49 St & 8 Ave,6747,40.75462324029105,-73.99516761302948,40.76227205,-73.98788205,member
1390638,ED00F65DD53F6F2C,classic_bike,2022-03-31 09:32:51,2022-03-31 09:40:33,W 36 St & 9 Ave,6569,W 49 St & 8 Ave,6747,40.75462324029105,-73.99516761302948,40.76227205,-73.98788205,member
1390646,16868AABD5F263C9,classic_bike,2022-03-01 14:32:17,2022-03-01 14:47:59,W 35 St & Dyer Ave,6569,W 21 St & 6 Ave,6140,40.754691750226016,-73.99740189313889,40.74173969,-73.99415556,member
1390654,FBDADE0E4CBD311A,classic_bike,2022-03-25 03:45:53,2022-03-25 03:53:47,W 35 St & Dyer Ave,6569,W 49 St & 8 Ave,6747,40.754691750226016,-73.99740189313889,40.76227205,-73.98788205,member
1390655,FFEA57F8DE42D702,classic_bike,2022-03-15 19:20:16,2022-03-15 19:28:39,W 35 St & Dyer Ave,6569,W 49 St & 8 Ave,6747,40.754691750226016,-73.99740189313889,40.76227205,-73.98788205,member
1390656,74BBABD3854F5E20,classic_bike,2022-03-11 01:36:06,2022-03-11 01:43:30,W 35 St & Dyer Ave,6569,W 49 St & 8 Ave,6747,40.754691750226016,-73.99740189313889,40.76227205,-73.98788205,member
1390657,4C405A42FFA1447D,classic_bike,2022-03-12 04:17:30,2022-03-12 04:27:17,W 35 St & Dyer Ave,6569,W 49 St & 8 Ave,6747,40.754691750226016,-73.99740189313889,40.76227205,-73.98788205,member
1390682,A0DBB9948FF44C57,classic_bike,2022-03-07 22:02:27,2022-03-07 22:11:08,W 35 St & Dyer Ave,6569,W 49 St & 8 Ave,6747,40.754691750226016,-73.99740189313889,40.76227205,-73.98788205,member
1390817,5685EA8189B693A9,electric_bike,2022-03-24 10:21:25,2022-03-24 10:29:21,W 35 St & 9 Ave,6569,W 21 St & 6 Ave,6140,40.75414519263519,-73.9960889518261,40.74173969,-73.99415556,member
1390893,C8CCA35B4D551288,electric_bike,2022-03-09 08:11:18,2022-03-09 08:18:14,W 36 St & 9 Ave,6569,W 21 St & 6 Ave,6140,40.75462324029105,-73.99516761302948,40.74173969,-73.99415556,member
1390898,65EDC12D7385B77E,classic_bike,2022-03-03 12:28:03,2022-03-03 12:38:20,W 35 St & 9 Ave,6569,W 21 St & 6 Ave,6140,40.75414519263519,-73.9960889518261,40.74173969,-73.99415556,member
1390902,72F0A03D4B2BD0BA,classic_bike,2022-03-18 16:35:45,2022-03-18 16:42:45,W 35 St & 9 Ave,6569,W 21 St & 6 Ave,6140,40.75414519263519,-73.9960889518261,40.74173969,-73.99415556,member
1391274,6D82972A6305E498,electric_bike,2022-03-22 12:51:57,2022-03-22 13:02:39,W 35 St & 9 Ave,6569,W 21 St & 6 Ave,6140,40.75414519263519,-73.9960889518261,40.74173969,-73.99415556,member
1391275,AED3AD46AEF368E7,electric_bike,2022-03-14 09:40:39,2022-03-14 09:58:19,W 35 St & 9 Ave,6569,W 21 St & 6 Ave,6140,40.75414519263519,-73.9960889518261,40.74173969,-73.99415556,member
1392906,DB8F11B310ECD991,classic_bike,2022-03-03 19:35:42,2022-03-03 19:46:07,W 35 St & 9 Ave,6569,W 21 St & 6 Ave,6140,40.75414519263519,-73.9960889518261,40.74173969,-73.99415556,member
1392992,0521C40566915D7D,electric_bike,2022-03-28 07:50:32,2022-03-28 07:57:09,W 35 St & 9 Ave,6569,W 21 St & 6 Ave,6140,40.75414519263519,-73.9960889518261,40.74173969,-73.99415556,member
1393535,FEC456E742EAF0B7,electric_bike,2022-03-13 17:50:49,2022-03-13 18:04:05,W 35 St & 9 Ave,6569,W 49 St & 8 Ave,6747,40.75414519263519,-73.9960889518261,40.76227205,-73.98788205,casual
1393653,79BC88D14B8702AF,classic_bike,2022-03-19 10:40:17,2022-03-19 10:46:48,W 36 St & 9 Ave,6569,W 22 St & 8 Ave,6224,40.75462324029105,-73.99516761302948,40.74475148,-73.99915362,member
1393670,0B72E2ED4FC424CD,classic_bike,2022-03-30 17:40:43,2022-03-30 17:49:03,W 36 St & 9 Ave,6569,W 22 St & 8 Ave,6224,40.75462324029105,-73.99516761302948,40.74475148,-73.99915362,member
1394200,65A18DDBAAA7D283,docked_bike,2022-03-20 18:57:08,2022-03-20 19:18:56,W 35 St & Dyer Ave,6569,W 51 St & 6 Ave,6740,40.754692,-73.997402,40.76066,-73.98042,casual
1394224,5597D996EBE7EF6B,classic_bike,2022-03-24 11:25:44,2022-03-24 11:32:43,W 35 St & Dyer Ave,6569,W 22 St & 8 Ave,6224,40.754691750226016,-73.99740189313889,40.74475148,-73.99915362,member
1394225,3C05752C5D75A69B,classic_bike,2022-03-05 18:17:47,2022-03-05 18:25:59,W 35 St & Dyer Ave,6569,W 22 St & 8 Ave,6224,40.754691750226016,-73.99740189313889,40.74475148,-73.99915362,member
1394236,112C0F0A50FB071C,classic_bike,2022-03-20 17:45:56,2022-03-20 17:55:42,W 35 St & Dyer Ave,6569,W 22 St & 8 Ave,6224,40.754691750226016,-73.99740189313889,40.74475148,-73.99915362,casual
1394505,0BABEEFC6DE4F267,classic_bike,2022-03-16 16:50:49,2022-03-16 16:58:02,W 36 St & 9 Ave,6569,W 22 St & 8 Ave,6224,40.75462324029105,-73.99516761302948,40.74475148,-73.99915362,member
1394591,ED2011A44667DB23,electric_bike,2022-03-28 09:37:47,2022-03-28 09:44:51,W 35 St & 9 Ave,6569,W 22 St & 8 Ave,6224,40.75414519263519,-73.9960889518261,40.74475148,-73.99915362,member
1394623,915CA37F662FE598,classic_bike,2022-03-10 22:57:10,2022-03-10 23:09:43,W 35 St & 9 Ave,6569,W 22 St & 8 Ave,6224,40.75414519263519,-73.9960889518261,40.74475148,-73.99915362,casual
1394797,7DF5B04F8C95BC8A,classic_bike,2022-03-25 11:20:48,2022-03-25 11:28:39,W 36 St & 9 Ave,6569,W 22 St & 8 Ave,6224,40.75462324029105,-73.99516761302948,40.74475148,-73.99915362,member
1394801,E7B3B05264531005,classic_bike,2022-03-08 07:47:37,2022-03-08 07:54:24,W 36 St & 9 Ave,6569,W 22 St & 8 Ave,6224,40.75462324029105,-73.99516761302948,40.74475148,-73.99915362,casual
1394808,1D6BF17A972FA68F,classic_bike,2022-03-20 00:35:29,2022-03-20 00:40:31,W 36 St & 9 Ave,6569,W 22 St & 8 Ave,6224,40.75462324029105,-73.99516761302948,40.74475148,-73.99915362,member
1394820,85EEE53FE88606B9,electric_bike,2022-03-22 12:04:46,2022-03-22 12:11:12,W 36 St & 9 Ave,6569,W 22 St & 8 Ave,6224,40.75462324029105,-73.99516761302948,40.74475148,-73.99915362,member
1394832,4F1FF5CC69A9555E,docked_bike,2022-03-20 19:03:15,2022-03-20 19:19:01,W 36 St & 9 Ave,6569,W 51 St & 6 Ave,6740,40.754623,-73.995168,40.76066,-73.98042,casual
1395158,2E8B1763CAE84459,classic_bike,2022-03-10 20:13:37,2022-03-10 20:20:55,W 35 St & Dyer Ave,6569,W 22 St & 8 Ave,6224,40.754691750226016,-73.99740189313889,40.74475148,-73.99915362,member
1396963,E3CE8830536BB7A0,classic_bike,2022-03-23 15:23:06,2022-03-23 15:29:59,W 35 St & Dyer Ave,6569,W 22 St & 8 Ave,6224,40.754691750226016,-73.99740189313889,40.74475148,-73.99915362,member
1396969,F125D8EACA127E27,electric_bike,2022-03-25 18:48:20,2022-03-25 18:53:58,W 35 St & Dyer Ave,6569,W 22 St & 8 Ave,6224,40.754691750226016,-73.99740189313889,40.74475148,-73.99915362,member
1396980,79B56648ED3049BC,electric_bike,2022-03-12 18:10:21,2022-03-12 18:18:43,W 35 St & Dyer Ave,6569,W 22 St & 8 Ave,6224,40.754691750226016,-73.99740189313889,40.74475148,-73.99915362,member
1396989,ABE8442698AE76B7,electric_bike,2022-03-22 07:50:48,2022-03-22 07:55:34,W 35 St & Dyer Ave,6569,W 22 St & 8 Ave,6224,40.754691750226016,-73.99740189313889,40.74475148,-73.99915362,member
1396990,DBD2E32577D6943E,electric_bike,2022-03-08 08:24:04,2022-03-08 08:28:50,W 35 St & Dyer Ave,6569,W 22 St & 8 Ave,6224,40.754691750226016,-73.99740189313889,40.74475148,-73.99915362,member
1397757,AF4D2F4F9C969EEF,classic_bike,2022-03-17 08:26:35,2022-03-17 08:41:20,W 35 St & Dyer Ave,6569,W 51 St & 6 Ave,6740,40.754691750226016,-73.99740189313889,40.7606597,-73.98042047,member
1397888,11B719B0B47394D0,classic_bike,2022-03-24 17:59:00,2022-03-24 18:07:38,W 35 St & Dyer Ave,6569,W 22 St & 8 Ave,6224,40.754691750226016,-73.99740189313889,40.74475148,-73.99915362,member
1397970,5A0EAD7B6EECCFDA,docked_bike,2022-03-20 19:02:25,2022-03-20 19:18:59,W 36 St & 9 Ave,6569,W 51 St & 6 Ave,6740,40.754623,-73.995168,40.76066,-73.98042,casual
1397972,5EC4AFE4C0E2C9C2,classic_bike,2022-03-27 10:55:04,2022-03-27 11:01:04,W 36 St & 9 Ave,6569,W 22 St & 8 Ave,6224,40.75462324029105,-73.99516761302948,40.74475148,-73.99915362,member
1397984,95F6B04B108036B4,classic_bike,2022-03-11 17:16:35,2022-03-11 17:23:58,W 36 St & 9 Ave,6569,W 22 St & 8 Ave,6224,40.75462324029105,-73.99516761302948,40.74475148,-73.99915362,casual
1398008,F06E49F9164C4C9C,docked_bike,2022-03-20 19:02:15,2022-03-20 19:19:01,W 36 St & 9 Ave,6569,W 51 St & 6 Ave,6740,40.754623,-73.995168,40.76066,-73.98042,casual
1398322,A404D89DCDBC98E8,classic_bike,2022-03-04 15:53:41,2022-03-04 16:02:34,W 36 St & 9 Ave,6569,W 51 St & 6 Ave,6740,40.75462324029105,-73.99516761302948,40.7606597,-73.98042047,member
1398323,EBEF7BC9EE52AA10,classic_bike,2022-03-20 00:35:30,2022-03-20 00:40:25,W 36 St & 9 Ave,6569,W 22 St & 8 Ave,6224,40.75462324029105,-73.99516761302948,40.74475148,-73.99915362,member
1398872,45E981CACA8CF666,classic_bike,2022-03-21 18:33:09,2022-03-21 18:43:29,W 36 St & 9 Ave,6569,W 51 St & 6 Ave,6740,40.75462324029105,-73.99516761302948,40.7606597,-73.98042047,member
1398873,42DDE73084968E97,classic_bike,2022-03-15 08:03:56,2022-03-15 08:10:51,W 36 St & 9 Ave,6569,W 22 St & 8 Ave,6224,40.75462324029105,-73.99516761302948,40.74475148,-73.99915362,casual
1399155,92F15A006D0DA6CD,electric_bike,2022-03-28 12:56:58,2022-03-28 13:01:12,W 35 St & 9 Ave,6569,W 22 St & 8 Ave,6224,40.75414519263519,-73.9960889518261,40.74475148,-73.99915362,member
1399180,214C55C8F6E21433,electric_bike,2022-03-24 10:59:52,2022-03-24 11:03:53,W 35 St & 9 Ave,6569,W 22 St & 8 Ave,6224,40.75414519263519,-73.9960889518261,40.74475148,-73.99915362,member
1399182,EC001C2456A93EF5,classic_bike,2022-03-07 10:18:57,2022-03-07 10:24:19,W 35 St & 9 Ave,6569,W 22 St & 8 Ave,6224,40.75414519263519,-73.9960889518261,40.74475148,-73.99915362,member
1399189,85C4A1B77EE2904E,classic_bike,2022-03-11 19:27:24,2022-03-11 19:35:45,W 35 St & 9 Ave,6569,W 22 St & 8 Ave,6224,40.75414519263519,-73.9960889518261,40.74475148,-73.99915362,casual
1399196,8F9B84C220B480A2,classic_bike,2022-03-15 16:40:09,2022-03-15 16:52:46,W 35 St & 9 Ave,6569,W 51 St & 6 Ave,6740,40.75414519263519,-73.9960889518261,40.7606597,-73.98042047,casual
1399200,2EF7C8E2F3727F8E,electric_bike,2022-03-22 10:53:38,2022-03-22 11:06:00,W 35 St & 9 Ave,6569,W 22 St & 8 Ave,6224,40.75414519263519,-73.9960889518261,40.74475148,-73.99915362,member
1399212,9E7AD9B8D253816D,electric_bike,2022-03-04 19:28:12,2022-03-04 19:32:52,W 35 St & 9 Ave,6569,W 22 St & 8 Ave,6224,40.75414519263519,-73.9960889518261,40.74475148,-73.99915362,member
1399216,060F4A42FAF1A83B,electric_bike,2022-03-31 09:34:13,2022-03-31 09:41:07,W 35 St & 9 Ave,6569,W 51 St & 6 Ave,6740,40.75414519263519,-73.9960889518261,40.7606597,-73.98042047,member
1399234,8FE6E0EDF073C25B,classic_bike,2022-03-25 15:21:14,2022-03-25 15:29:00,W 35 St & 9 Ave,6569,W 22 St & 8 Ave,6224,40.75414519263519,-73.9960889518261,40.74475148,-73.99915362,member
1399251,DBF71008D5934E34,electric_bike,2022-03-20 14:20:57,2022-03-20 14:25:23,W 35 St & 9 Ave,6569,W 22 St & 8 Ave,6224,40.75414519263519,-73.9960889518261,40.74475148,-73.99915362,member
1399264,0684E15F599828A2,classic_bike,2022-03-08 18:02:08,2022-03-08 18:11:36,W 35 St & 9 Ave,6569,W 51 St & 6 Ave,6740,40.75414519263519,-73.9960889518261,40.7606597,-73.98042047,member
1399265,D297E1C5D420ACE6,classic_bike,2022-03-27 15:34:15,2022-03-27 15:39:47,W 35 St & 9 Ave,6569,W 22 St & 8 Ave,6224,40.75414519263519,-73.9960889518261,40.74475148,-73.99915362,member
1399273,113C4990996997A7,classic_bike,2022-03-08 20:39:07,2022-03-08 20:46:25,W 35 St & 9 Ave,6569,W 22 St & 8 Ave,6224,40.75414519263519,-73.9960889518261,40.74475148,-73.99915362,member
1399286,6E7D273A6384B27E,classic_bike,2022-03-25 18:23:09,2022-03-25 18:40:47,W 35 St & 9 Ave,6569,W 22 St & 8 Ave,6224,40.75414519263519,-73.9960889518261,40.74475148,-73.99915362,member
1399291,9CC1FE01F9103C43,classic_bike,2022-03-15 16:40:32,2022-03-15 16:52:49,W 35 St & 9 Ave,6569,W 51 St & 6 Ave,6740,40.75414519263519,-73.9960889518261,40.7606597,-73.98042047,casual
1399293,F9BB4996A42D9210,electric_bike,2022-03-11 19:27:06,2022-03-11 19:35:43,W 35 St & 9 Ave,6569,W 22 St & 8 Ave,6224,40.75414519263519,-73.9960889518261,40.74475148,-73.99915362,casual
1399865,C965949F1D10C806,classic_bike,2022-03-08 20:38:57,2022-03-08 20:46:15,W 35 St & 9 Ave,6569,W 22 St & 8 Ave,6224,40.75414519263519,-73.9960889518261,40.74475148,-73.99915362,casual
1399866,EE56F4EF41ECA1BE,classic_bike,2022-03-09 08:22:41,2022-03-09 08:30:53,W 35 St & 9 Ave,6569,W 22 St & 8 Ave,6224,40.75414519263519,-73.9960889518261,40.74475148,-73.99915362,casual
1401677,7BDD33DF4E68DDEC,docked_bike,2022-03-20 18:57:34,2022-03-20 19:19:01,W 35 St & Dyer Ave,6569,W 51 St & 6 Ave,6740,40.754692,-73.997402,40.76066,-73.98042,casual
1402038,0D88E901652FC57A,classic_bike,2022-03-05 11:27:09,2022-03-05 11:35:15,W 36 St & 9 Ave,6569,W 22 St & 8 Ave,6224,40.75462324029105,-73.99516761302948,40.74475148,-73.99915362,member
1402039,EA8D2DCFCE7D0110,classic_bike,2022-03-18 18:24:57,2022-03-18 18:32:21,W 36 St & 9 Ave,6569,W 22 St & 8 Ave,6224,40.75462324029105,-73.99516761302948,40.74475148,-73.99915362,member
1402048,9553E58AA5CDF747,classic_bike,2022-03-25 07:45:54,2022-03-25 07:52:08,W 36 St & 9 Ave,6569,W 22 St & 8 Ave,6224,40.75462324029105,-73.99516761302948,40.74475148,-73.99915362,member
1402050,67969548461BCEC5,electric_bike,2022-03-02 13:37:36,2022-03-02 14:34:15,W 36 St & 9 Ave,6569,Ave D & E 8 St,5506,40.75462324029105,-73.99516761302948,40.72368361,-73.97574813,member
1402148,4C3FAD11032E2C3A,electric_bike,2022-03-16 12:56:38,2022-03-16 13:01:22,W 35 St & 9 Ave,6569,W 22 St & 8 Ave,6224,40.75414519263519,-73.9960889518261,40.74475148,-73.99915362,member
1402169,9329899D3F06240A,electric_bike,2022-03-04 19:28:29,2022-03-04 19:32:50,W 35 St & 9 Ave,6569,W 22 St & 8 Ave,6224,40.75414519263519,-73.9960889518261,40.74475148,-73.99915362,member
1402170,59A7140B96D2ACB3,electric_bike,2022-03-11 18:53:24,2022-03-11 18:59:25,W 35 St & 9 Ave,6569,W 22 St & 8 Ave,6224,40.75414519263519,-73.9960889518261,40.74475148,-73.99915362,member
1402175,D6092CFF0BAE65E1,electric_bike,2022-03-28 11:15:35,2022-03-28 11:20:20,W 35 St & 9 Ave,6569,W 22 St & 8 Ave,6224,40.75414519263519,-73.9960889518261,40.74475148,-73.99915362,member
1402204,31AA51B9C7B04E92,electric_bike,2022-03-07 07:41:57,2022-03-07 07:45:40,W 35 St & 9 Ave,6569,W 22 St & 8 Ave,6224,40.75414519263519,-73.9960889518261,40.74475148,-73.99915362,member
1402205,AF7A15D218361DB1,electric_bike,2022-03-05 07:55:58,2022-03-05 07:59:42,W 35 St & 9 Ave,6569,W 22 St & 8 Ave,6224,40.75414519263519,-73.9960889518261,40.74475148,-73.99915362,member
1402256,69926BF73C8F334D,electric_bike,2022-03-22 10:55:32,2022-03-22 11:07:24,W 35 St & 9 Ave,6569,W 22 St & 8 Ave,6224,40.75414519263519,-73.9960889518261,40.74475148,-73.99915362,member
1402271,C1EDD65C80BA1A42,classic_bike,2022-03-23 15:18:26,2022-03-23 15:27:10,W 36 St & 9 Ave,6569,W 22 St & 8 Ave,6224,40.75462324029105,-73.99516761302948,40.74475148,-73.99915362,member
1403055,BCB97D6B2FB3C40C,classic_bike,2022-03-02 17:50:22,2022-03-02 17:55:02,W 35 St & 9 Ave,6569,W 22 St & 8 Ave,6224,40.75414519263519,-73.9960889518261,40.74475148,-73.99915362,member
1403078,565A118565189F97,classic_bike,2022-03-10 19:47:45,2022-03-10 19:55:34,W 35 St & 9 Ave,6569,W 22 St & 8 Ave,6224,40.75414519263519,-73.9960889518261,40.74475148,-73.99915362,member
1403081,26D76F18D43C3FD3,classic_bike,2022-03-05 16:25:29,2022-03-05 16:33:49,W 35 St & 9 Ave,6569,W 22 St & 8 Ave,6224,40.75414519263519,-73.9960889518261,40.74475148,-73.99915362,member
1403321,1C61BB498E170378,classic_bike,2022-03-18 12:30:54,2022-03-18 12:44:41,W 35 St & 9 Ave,6569,W 51 St & 6 Ave,6740,40.75414519263519,-73.9960889518261,40.7606597,-73.98042047,member
1403339,CCF39DC63C37DBE6,electric_bike,2022-03-03 00:35:17,2022-03-03 00:39:10,W 35 St & 9 Ave,6569,W 22 St & 8 Ave,6224,40.75414519263519,-73.9960889518261,40.74475148,-73.99915362,member
1405221,270652D14D86398E,classic_bike,2022-03-22 10:54:39,2022-03-22 11:11:04,W 35 St & Dyer Ave,6569,Broadway & W 56 St,6847,40.754691750226016,-73.99740189313889,40.7652654,-73.98192338,member
1405290,56EC6E86A1E8B263,classic_bike,2022-03-31 18:36:11,2022-03-31 18:48:07,W 35 St & Dyer Ave,6569,8 Ave & W 52 St,6816,40.754691750226016,-73.99740189313889,40.76370739,-73.9851615,member
1405294,4754437E75A463FD,classic_bike,2022-03-21 10:27:09,2022-03-21 10:41:56,W 35 St & Dyer Ave,6569,W 42 St & 6 Ave,6517,40.754691750226016,-73.99740189313889,40.75492,-73.98455,member
1405515,DCECEFD9492CD73E,classic_bike,2022-03-16 16:02:19,2022-03-16 16:12:44,W 35 St & Dyer Ave,6569,W 18 St & 6 Ave,6064,40.754691750226016,-73.99740189313889,40.73971301,-73.99456405,member
1405523,674DD2743D9F4E08,classic_bike,2022-03-23 21:05:43,2022-03-23 21:27:05,W 35 St & Dyer Ave,6569,W 42 St & 6 Ave,6517,40.754691750226016,-73.99740189313889,40.75492,-73.98455,casual
1405533,366A79BF921B95C4,classic_bike,2022-03-16 19:13:07,2022-03-16 19:20:56,W 35 St & Dyer Ave,6569,9 Ave & W 18 St,6190,40.754691750226016,-73.99740189313889,40.74317449,-74.00366443,casual
1405535,21EE5A0F1D4C0D94,classic_bike,2022-03-04 16:12:45,2022-03-04 16:24:25,W 35 St & Dyer Ave,6569,9 Ave & W 18 St,6190,40.754691750226016,-73.99740189313889,40.74317449,-74.00366443,casual
1405538,1C9A3683A1A860E8,electric_bike,2022-03-26 19:04:25,2022-03-26 19:12:52,W 35 St & Dyer Ave,6569,W 18 St & 6 Ave,6064,40.754691750226016,-73.99740189313889,40.73971301,-73.99456405,casual
1405927,0754F83839250BE1,classic_bike,2022-03-20 16:45:59,2022-03-20 16:55:42,W 35 St & Dyer Ave,6569,9 Ave & W 18 St,6190,40.754691750226016,-73.99740189313889,40.74317449,-74.00366443,member
1406632,5B31C12E13F57490,electric_bike,2022-03-04 17:47:25,2022-03-04 17:53:42,W 35 St & Dyer Ave,6569,9 Ave & W 18 St,6190,40.754691750226016,-73.99740189313889,40.74317449,-74.00366443,member
1406644,DC9045A8FDD681CC,electric_bike,2022-03-18 20:36:14,2022-03-18 20:48:05,W 35 St & Dyer Ave,6569,W 64 St & Thelonious Monk Circle,7123,40.754691750226016,-73.99740189313889,40.77515953434235,-73.98918695747852,member
1407982,53EE2E98675B9769,electric_bike,2022-03-19 23:02:34,2022-03-20 01:01:53,W 35 St & 9 Ave,6569,Broadway & W 56 St,6847,40.75414519263519,-73.9960889518261,40.7652654,-73.98192338,casual
1407983,B324BE27ED695642,electric_bike,2022-03-25 16:06:25,2022-03-25 16:12:25,W 35 St & 9 Ave,6569,8 Ave & W 52 St,6816,40.75414519263519,-73.9960889518261,40.76370739,-73.9851615,casual
1408401,8B20F595FD9AA5EE,electric_bike,2022-03-30 09:30:02,2022-03-30 09:36:54,W 35 St & Dyer Ave,6569,9 Ave & W 18 St,6190,40.754691750226016,-73.99740189313889,40.74317449,-74.00366443,member
1408408,23AE1BED4A8ADDB1,classic_bike,2022-03-25 12:13:37,2022-03-25 12:20:02,W 35 St & Dyer Ave,6569,9 Ave & W 18 St,6190,40.754691750226016,-73.99740189313889,40.74317449,-74.00366443,member
1408427,823B3DADCAADC33B,classic_bike,2022-03-07 09:05:04,2022-03-07 09:13:18,W 35 St & Dyer Ave,6569,9 Ave & W 18 St,6190,40.754691750226016,-73.99740189313889,40.74317449,-74.00366443,member
1408433,E7FD5D1254D43D34,classic_bike,2022-03-25 19:11:09,2022-03-25 19:36:52,W 35 St & Dyer Ave,6569,Broadway & W 56 St,6847,40.754691750226016,-73.99740189313889,40.7652654,-73.98192338,member
1408451,090AA15F2FA14619,electric_bike,2022-03-05 12:43:44,2022-03-05 12:54:37,W 35 St & Dyer Ave,6569,W 18 St & 6 Ave,6064,40.754691750226016,-73.99740189313889,40.73971301,-73.99456405,casual
1408486,AE36942F63E78EAA,electric_bike,2022-03-03 08:52:27,2022-03-03 08:57:13,W 35 St & Dyer Ave,6569,9 Ave & W 18 St,6190,40.754691750226016,-73.99740189313889,40.74317449,-74.00366443,member
1408495,9CB28815DB04B770,electric_bike,2022-03-08 07:42:21,2022-03-08 07:51:05,W 35 St & Dyer Ave,6569,W 18 St & 6 Ave,6064,40.754691750226016,-73.99740189313889,40.73971301,-73.99456405,member
1408499,61CDF56498C5375C,electric_bike,2022-03-08 19:33:01,2022-03-08 19:41:53,W 35 St & Dyer Ave,6569,8 Ave & W 52 St,6816,40.754691750226016,-73.99740189313889,40.76370739,-73.9851615,casual
1408508,0DA71B4FC7DB6F25,electric_bike,2022-03-24 14:49:27,2022-03-24 14:58:59,W 35 St & Dyer Ave,6569,W 18 St & 6 Ave,6064,40.754691750226016,-73.99740189313889,40.73971301,-73.99456405,member
1408512,50D1139CE384C634,classic_bike,2022-03-10 18:51:04,2022-03-10 19:03:54,W 35 St & Dyer Ave,6569,Broadway & W 56 St,6847,40.754691750226016,-73.99740189313889,40.7652654,-73.98192338,member
1408575,F5EC8D26FBA5E1BF,electric_bike,2022-03-23 13:44:04,2022-03-23 13:55:02,W 35 St & Dyer Ave,6569,9 Ave & W 18 St,6190,40.754691750226016,-73.99740189313889,40.74317449,-74.00366443,member
1408577,C40EBAD64FFB4AFF,classic_bike,2022-03-15 08:28:41,2022-03-15 08:40:37,W 35 St & Dyer Ave,6569,9 Ave & W 18 St,6190,40.754691750226016,-73.99740189313889,40.74317449,-74.00366443,member
1414839,77211316892EC08A,classic_bike,2022-03-25 18:06:45,2022-03-25 18:35:27,W 35 St & 9 Ave,6569,Little West St & 1 Pl,5001,40.75414519263519,-73.9960889518261,40.70569254,-74.01677685,member
1414846,A56DFCBB5CBB02AD,classic_bike,2022-03-03 08:46:38,2022-03-03 08:54:04,W 35 St & 9 Ave,6569,9 Ave & W 18 St,6190,40.75414519263519,-73.9960889518261,40.74317449,-74.00366443,casual
1414862,7B42785356F21702,classic_bike,2022-03-21 11:34:15,2022-03-21 11:57:06,W 35 St & 9 Ave,6569,E 4 St & 2 Ave,5593,40.75414519263519,-73.9960889518261,40.7262807,-73.98978041,member
1414869,F66A2CCE80C3EF6E,classic_bike,2022-03-08 14:46:18,2022-03-08 14:50:57,W 35 St & 9 Ave,6569,9 Ave & W 18 St,6190,40.75414519263519,-73.9960889518261,40.74317449,-74.00366443,casual
1415056,4DDB98FE2BEDBF30,classic_bike,2022-03-19 09:28:53,2022-03-19 09:36:14,W 35 St & Dyer Ave,6569,9 Ave & W 18 St,6190,40.754691750226016,-73.99740189313889,40.74317449,-74.00366443,member
1415069,E880412E2792A110,electric_bike,2022-03-31 10:24:13,2022-03-31 10:35:57,W 35 St & Dyer Ave,6569,9 Ave & W 18 St,6190,40.754691750226016,-73.99740189313889,40.74317449,-74.00366443,member
1415084,C0C2D9DBFA44EC77,classic_bike,2022-03-17 17:31:34,2022-03-17 17:39:41,W 35 St & Dyer Ave,6569,9 Ave & W 18 St,6190,40.754691750226016,-73.99740189313889,40.74317449,-74.00366443,member
1415085,05E5261769FBD112,electric_bike,2022-03-01 10:20:47,2022-03-01 10:25:20,W 35 St & Dyer Ave,6569,9 Ave & W 18 St,6190,40.754691750226016,-73.99740189313889,40.74317449,-74.00366443,member
1415115,BDC172D0677E1185,classic_bike,2022-03-08 08:45:00,2022-03-08 08:53:26,W 35 St & Dyer Ave,6569,9 Ave & W 18 St,6190,40.754691750226016,-73.99740189313889,40.74317449,-74.00366443,member
1415116,2FF6B76556BC00AF,classic_bike,2022-03-05 10:02:31,2022-03-05 10:15:09,W 35 St & Dyer Ave,6569,W 18 St & 6 Ave,6064,40.754691750226016,-73.99740189313889,40.73971301,-73.99456405,member
1415154,27A9F3E2D2D55085,classic_bike,2022-03-16 16:05:39,2022-03-16 16:12:31,W 35 St & Dyer Ave,6569,9 Ave & W 18 St,6190,40.754691750226016,-73.99740189313889,40.74317449,-74.00366443,member
1415165,0B769E56C4B18782,classic_bike,2022-03-19 17:34:53,2022-03-19 17:45:02,W 35 St & Dyer Ave,6569,8 Ave & W 52 St,6816,40.754691750226016,-73.99740189313889,40.76370739,-73.9851615,member
1415184,BC3EC9C6AFA78FFF,classic_bike,2022-03-16 19:10:07,2022-03-16 19:21:21,W 35 St & Dyer Ave,6569,W 18 St & 6 Ave,6064,40.754691750226016,-73.99740189313889,40.73971301,-73.99456405,casual
1415203,C8F78B05D1B443F3,electric_bike,2022-03-14 12:50:11,2022-03-14 12:56:28,W 35 St & Dyer Ave,6569,W 42 St & 6 Ave,6517,40.754691750226016,-73.99740189313889,40.75492,-73.98455,casual
1415204,5AD811A47EAFE89F,classic_bike,2022-03-23 10:31:18,2022-03-23 10:38:07,W 35 St & Dyer Ave,6569,9 Ave & W 18 St,6190,40.754691750226016,-73.99740189313889,40.74317449,-74.00366443,casual
1415301,D4080A25D05E7771,classic_bike,2022-03-05 13:55:29,2022-03-05 14:08:57,W 35 St & Dyer Ave,6569,9 Ave & W 18 St,6190,40.754691750226016,-73.99740189313889,40.74317449,-74.00366443,member
1415358,11EF0E50060946CD,electric_bike,2022-03-12 13:17:26,2022-03-12 13:25:37,W 35 St & Dyer Ave,6569,W 18 St & 6 Ave,6064,40.754691750226016,-73.99740189313889,40.73971301,-73.99456405,member
1417548,B377A7D428D76457,classic_bike,2022-03-07 09:06:36,2022-03-07 09:13:57,W 35 St & Dyer Ave,6569,9 Ave & W 18 St,6190,40.754691750226016,-73.99740189313889,40.74317449,-74.00366443,casual
1420387,AC1A3036745704C7,electric_bike,2022-03-10 18:21:11,2022-03-10 18:31:46,W 35 St & 9 Ave,6569,W 18 St & 6 Ave,6064,40.75414519263519,-73.9960889518261,40.73971301,-73.99456405,member
1420391,9CBD5D0AE61C6886,classic_bike,2022-03-02 19:01:35,2022-03-02 19:26:29,W 35 St & 9 Ave,6569,E 4 St & 2 Ave,5593,40.75414519263519,-73.9960889518261,40.7262807,-73.98978041,member
1420398,CB6D4B81A15A3BA8,classic_bike,2022-03-02 16:01:22,2022-03-02 16:16:49,W 35 St & 9 Ave,6569,W 64 St & Thelonious Monk Circle,7123,40.75414519263519,-73.9960889518261,40.77515953434235,-73.98918695747852,member
1420407,C7153686B6F90541,classic_bike,2022-03-29 17:33:38,2022-03-29 17:48:55,W 35 St & 9 Ave,6569,W 64 St & Thelonious Monk Circle,7123,40.75414519263519,-73.9960889518261,40.77515953434235,-73.98918695747852,member
1420423,792C30CD1D1728E5,classic_bike,2022-03-30 17:25:59,2022-03-30 17:40:33,W 35 St & 9 Ave,6569,W 64 St & Thelonious Monk Circle,7123,40.75414519263519,-73.9960889518261,40.77515953434235,-73.98918695747852,member
1420430,D02B3EE2A95F5CE9,electric_bike,2022-03-18 09:47:14,2022-03-18 09:53:38,W 35 St & 9 Ave,6569,9 Ave & W 18 St,6190,40.75414519263519,-73.9960889518261,40.74317449,-74.00366443,member
1420433,5488A543E6319E9B,classic_bike,2022-03-25 17:21:31,2022-03-25 17:50:20,W 35 St & 9 Ave,6569,W 18 St & 6 Ave,6064,40.75414519263519,-73.9960889518261,40.73971301,-73.99456405,member
1420435,47FA0BA8A84F5C17,classic_bike,2022-03-11 16:44:00,2022-03-11 16:50:31,W 35 St & 9 Ave,6569,9 Ave & W 18 St,6190,40.75414519263519,-73.9960889518261,40.74317449,-74.00366443,member
1420437,148FFFEE0E8B2091,classic_bike,2022-03-29 15:26:06,2022-03-29 15:43:19,W 35 St & 9 Ave,6569,W 42 St & 6 Ave,6517,40.75414519263519,-73.9960889518261,40.75492,-73.98455,casual
1420445,C980B3CD9BCA582F,classic_bike,2022-03-25 20:27:06,2022-03-25 20:42:08,W 35 St & 9 Ave,6569,W 18 St & 6 Ave,6064,40.75414519263519,-73.9960889518261,40.73971301,-73.99456405,casual
1420468,865A6E00A0859712,classic_bike,2022-03-20 20:42:40,2022-03-20 20:53:03,W 35 St & 9 Ave,6569,9 Ave & W 18 St,6190,40.75414519263519,-73.9960889518261,40.74317449,-74.00366443,casual
1420472,1B9F1FE1FC2F3EC7,classic_bike,2022-03-10 16:51:22,2022-03-10 17:04:31,W 35 St & 9 Ave,6569,Broadway & W 56 St,6847,40.75414519263519,-73.9960889518261,40.7652654,-73.98192338,member
1420482,EC42FF5BDC191F9E,classic_bike,2022-03-14 11:21:29,2022-03-14 11:41:14,W 35 St & 9 Ave,6569,E 4 St & 2 Ave,5593,40.75414519263519,-73.9960889518261,40.7262807,-73.98978041,member
1421682,A121EBC21D531DD5,electric_bike,2022-03-19 14:37:37,2022-03-19 14:43:37,W 35 St & 9 Ave,6569,9 Ave & W 18 St,6190,40.75414519263519,-73.9960889518261,40.74317449,-74.00366443,member
1421692,9998F009D26D8DDB,classic_bike,2022-03-02 10:44:29,2022-03-02 10:52:19,W 35 St & 9 Ave,6569,9 Ave & W 18 St,6190,40.75414519263519,-73.9960889518261,40.74317449,-74.00366443,member
1422264,1A6E22CAEF82109E,classic_bike,2022-03-07 11:22:13,2022-03-07 11:44:13,W 35 St & 9 Ave,6569,E 4 St & 2 Ave,5593,40.75414519263519,-73.9960889518261,40.7262807,-73.98978041,member
1422266,6FB63C5EB109579D,classic_bike,2022-03-29 06:36:26,2022-03-29 06:54:47,W 35 St & 9 Ave,6569,E 4 St & 2 Ave,5593,40.75414519263519,-73.9960889518261,40.7262807,-73.98978041,member
1422679,BDBD7ECA09BBEE75,classic_bike,2022-03-11 09:35:57,2022-03-11 09:56:07,W 35 St & 9 Ave,6569,E 4 St & 2 Ave,5593,40.75414519263519,-73.9960889518261,40.7262807,-73.98978041,member
1422680,0B060615EC581267,electric_bike,2022-03-03 06:38:45,2022-03-03 06:55:58,W 35 St & 9 Ave,6569,E 4 St & 2 Ave,5593,40.75414519263519,-73.9960889518261,40.7262807,-73.98978041,member
1422687,F6A895D622F36B39,electric_bike,2022-03-06 02:15:43,2022-03-06 02:21:21,W 35 St & 9 Ave,6569,9 Ave & W 18 St,6190,40.75414519263519,-73.9960889518261,40.74317449,-74.00366443,casual
1422690,807EFE34C92D09E1,classic_bike,2022-03-23 16:04:38,2022-03-23 16:21:47,W 35 St & 9 Ave,6569,E 4 St & 2 Ave,5593,40.75414519263519,-73.9960889518261,40.7262807,-73.98978041,casual
1425638,08208A1D203C8BA4,electric_bike,2022-03-20 13:18:00,2022-03-20 13:28:07,W 35 St & Dyer Ave,6569,9 Ave & W 18 St,6190,40.754691750226016,-73.99740189313889,40.74317449,-74.00366443,member
1425645,CA7F1C08E3BE7D9A,electric_bike,2022-03-14 08:58:16,2022-03-14 09:04:47,W 35 St & Dyer Ave,6569,9 Ave & W 18 St,6190,40.754691750226016,-73.99740189313889,40.74317449,-74.00366443,casual
1425660,62B38F701260E6A6,classic_bike,2022-03-11 18:24:59,2022-03-11 18:37:15,W 35 St & Dyer Ave,6569,8 Ave & W 52 St,6816,40.754691750226016,-73.99740189313889,40.76370739,-73.9851615,member
1425669,190C6D82BE6019CF,electric_bike,2022-03-23 07:59:56,2022-03-23 08:06:17,W 35 St & Dyer Ave,6569,8 Ave & W 52 St,6816,40.754691750226016,-73.99740189313889,40.76370739,-73.9851615,casual
1425671,8FB959D4A9B81783,electric_bike,2022-03-10 11:12:36,2022-03-10 11:20:12,W 35 St & Dyer Ave,6569,9 Ave & W 18 St,6190,40.754691750226016,-73.99740189313889,40.74317449,-74.00366443,casual
1425683,CA803AEF5E143EB2,electric_bike,2022-03-17 16:48:31,2022-03-17 16:55:43,W 35 St & Dyer Ave,6569,9 Ave & W 18 St,6190,40.754691750226016,-73.99740189313889,40.74317449,-74.00366443,member
1427201,4246373AB6FF43F4,electric_bike,2022-03-01 09:15:39,2022-03-01 09:24:35,W 35 St & 9 Ave,6569,W 18 St & 6 Ave,6064,40.75414519263519,-73.9960889518261,40.73971301,-73.99456405,member
1427218,80AA5B232CFFB36B,classic_bike,2022-03-25 10:26:38,2022-03-25 10:50:03,W 35 St & 9 Ave,6569,E 4 St & 2 Ave,5593,40.75414519263519,-73.9960889518261,40.7262807,-73.98978041,member
1427219,F65CD538505D894D,electric_bike,2022-03-16 15:35:17,2022-03-16 15:42:40,W 35 St & 9 Ave,6569,9 Ave & W 18 St,6190,40.75414519263519,-73.9960889518261,40.74317449,-74.00366443,member
1427226,C4FAAB90D37E9BA8,electric_bike,2022-03-01 19:55:18,2022-03-01 20:04:25,W 35 St & 9 Ave,6569,8 Ave & W 52 St,6816,40.75414519263519,-73.9960889518261,40.76370739,-73.9851615,member
1427237,19DD2B1E64BCFF39,classic_bike,2022-03-31 19:10:49,2022-03-31 19:18:23,W 35 St & 9 Ave,6569,9 Ave & W 18 St,6190,40.75414519263519,-73.9960889518261,40.74317449,-74.00366443,member
1427257,743187E039594684,electric_bike,2022-03-18 13:17:50,2022-03-18 13:26:07,W 35 St & 9 Ave,6569,W 18 St & 6 Ave,6064,40.75414519263519,-73.9960889518261,40.73971301,-73.99456405,member
1427263,6220AA2FE497B090,classic_bike,2022-03-21 16:51:54,2022-03-21 16:59:12,W 35 St & 9 Ave,6569,W 42 St & 6 Ave,6517,40.75414519263519,-73.9960889518261,40.75492,-73.98455,member
1427264,E22BACD194A6A565,electric_bike,2022-03-29 06:24:20,2022-03-29 06:28:04,W 35 St & 9 Ave,6569,9 Ave & W 18 St,6190,40.75414519263519,-73.9960889518261,40.74317449,-74.00366443,member
1427283,87F10FC5D1185302,classic_bike,2022-03-22 15:40:29,2022-03-22 15:48:33,W 35 St & 9 Ave,6569,9 Ave & W 18 St,6190,40.75414519263519,-73.9960889518261,40.74317449,-74.00366443,casual
1427284,30AC412E3C1AC07C,electric_bike,2022-03-02 09:39:07,2022-03-02 09:44:57,W 35 St & 9 Ave,6569,9 Ave & W 18 St,6190,40.75414519263519,-73.9960889518261,40.74317449,-74.00366443,casual
1427295,82A506C686A52DF6,classic_bike,2022-03-25 12:30:06,2022-03-25 12:38:32,W 35 St & 9 Ave,6569,9 Ave & W 18 St,6190,40.75414519263519,-73.9960889518261,40.74317449,-74.00366443,member
1427296,49D4B62BA60EF3A6,classic_bike,2022-03-23 19:05:57,2022-03-23 19:17:11,W 35 St & 9 Ave,6569,W 18 St & 6 Ave,6064,40.75414519263519,-73.9960889518261,40.73971301,-73.99456405,member
1427303,8E379D31545864E8,electric_bike,2022-03-01 06:42:54,2022-03-01 06:59:04,W 35 St & 9 Ave,6569,E 4 St & 2 Ave,5593,40.75414519263519,-73.9960889518261,40.7262807,-73.98978041,member
1427317,129344CB73FE266D,classic_bike,2022-03-20 11:25:40,2022-03-20 11:39:34,W 35 St & 9 Ave,6569,W 64 St & Thelonious Monk Circle,7123,40.75414519263519,-73.9960889518261,40.77515953434235,-73.98918695747852,member
1427319,5D0D0DF5F7710C63,electric_bike,2022-03-18 10:11:03,2022-03-18 10:14:59,W 35 St & 9 Ave,6569,9 Ave & W 18 St,6190,40.75414519263519,-73.9960889518261,40.74317449,-74.00366443,member
1427320,7DD3F2B971D2B111,electric_bike,2022-03-02 09:41:18,2022-03-02 09:45:51,W 35 St & 9 Ave,6569,9 Ave & W 18 St,6190,40.75414519263519,-73.9960889518261,40.74317449,-74.00366443,member
1427617,74276FA6198FEE3B,electric_bike,2022-03-18 07:40:52,2022-03-18 07:49:35,W 35 St & Dyer Ave,6569,W 18 St & 6 Ave,6064,40.754691750226016,-73.99740189313889,40.73971301,-73.99456405,member
1428064,C6F8E9BD6C82C332,electric_bike,2022-03-24 15:18:40,2022-03-24 15:28:42,W 35 St & 9 Ave,6569,W 18 St & 6 Ave,6064,40.75414519263519,-73.9960889518261,40.73971301,-73.99456405,member
1428065,A5F5D8CEDDAC6678,classic_bike,2022-03-31 17:34:46,2022-03-31 17:49:05,W 35 St & 9 Ave,6569,W 64 St & Thelonious Monk Circle,7123,40.75414519263519,-73.9960889518261,40.77515953434235,-73.98918695747852,member
1428067,D40ECE8614B17214,classic_bike,2022-03-08 06:33:43,2022-03-08 06:51:53,W 35 St & 9 Ave,6569,E 4 St & 2 Ave,5593,40.75414519263519,-73.9960889518261,40.7262807,-73.98978041,member
1428068,39AB37864B920AE6,classic_bike,2022-03-30 11:31:17,2022-03-30 11:54:00,W 35 St & 9 Ave,6569,E 4 St & 2 Ave,5593,40.75414519263519,-73.9960889518261,40.7262807,-73.98978041,member
1428101,293004EAC6F5C62F,classic_bike,2022-03-22 06:37:13,2022-03-22 06:56:09,W 35 St & 9 Ave,6569,E 4 St & 2 Ave,5593,40.75414519263519,-73.9960889518261,40.7262807,-73.98978041,member
1428105,7B11DF47E9972BAA,classic_bike,2022-03-29 15:24:37,2022-03-29 15:36:37,W 35 St & 9 Ave,6569,W 18 St & 6 Ave,6064,40.75414519263519,-73.9960889518261,40.73971301,-73.99456405,member
1428136,5DF5CC58DA04AE19,electric_bike,2022-03-14 12:00:35,2022-03-14 12:04:50,W 35 St & 9 Ave,6569,9 Ave & W 18 St,6190,40.75414519263519,-73.9960889518261,40.74317449,-74.00366443,member
1429523,7573F1FF67A8EEC4,classic_bike,2022-03-22 17:10:59,2022-03-22 17:27:12,W 35 St & 9 Ave,6569,Broadway & W 56 St,6847,40.75414519263519,-73.9960889518261,40.7652654,-73.98192338,member
1429526,5181C6A1CB1924D4,classic_bike,2022-03-04 18:37:25,2022-03-04 18:44:32,W 35 St & 9 Ave,6569,9 Ave & W 18 St,6190,40.75414519263519,-73.9960889518261,40.74317449,-74.00366443,member
1429529,8FC20260BF053611,classic_bike,2022-03-10 06:37:34,2022-03-10 06:56:06,W 35 St & 9 Ave,6569,E 4 St & 2 Ave,5593,40.75414519263519,-73.9960889518261,40.7262807,-73.98978041,member
1429532,F1DD41F09241D0B5,classic_bike,2022-03-07 15:17:27,2022-03-07 15:22:48,W 35 St & 9 Ave,6569,9 Ave & W 18 St,6190,40.75414519263519,-73.9960889518261,40.74317449,-74.00366443,casual
1429582,6B5D9FC2D518CDCB,electric_bike,2022-03-10 09:33:06,2022-03-10 09:40:51,W 35 St & 9 Ave,6569,W 18 St & 6 Ave,6064,40.75414519263519,-73.9960889518261,40.73971301,-73.99456405,member
1433198,4CA535C2AA595767,electric_bike,2022-03-21 16:13:32,2022-03-21 16:20:14,W 36 St & 9 Ave,6569,9 Ave & W 18 St,6190,40.75462324029105,-73.99516761302948,40.74317449,-74.00366443,member
1433206,3397DD3695E1E31D,classic_bike,2022-03-07 13:39:04,2022-03-07 14:26:42,W 36 St & 9 Ave,6569,Little West St & 1 Pl,5001,40.75462324029105,-73.99516761302948,40.70569254,-74.01677685,casual
1433216,921825B063B804C4,classic_bike,2022-03-20 14:26:16,2022-03-20 14:34:25,W 36 St & 9 Ave,6569,9 Ave & W 18 St,6190,40.75462324029105,-73.99516761302948,40.74317449,-74.00366443,member
1433217,1B93E8CB5B8C99C6,classic_bike,2022-03-17 18:25:31,2022-03-17 18:33:54,W 36 St & 9 Ave,6569,8 Ave & W 52 St,6816,40.75462324029105,-73.99516761302948,40.76370739,-73.9851615,member
1433218,E04C0011F8437522,classic_bike,2022-03-16 14:22:22,2022-03-16 14:28:47,W 36 St & 9 Ave,6569,8 Ave & W 52 St,6816,40.75462324029105,-73.99516761302948,40.76370739,-73.9851615,member
1433221,0CF387541BC7BD08,electric_bike,2022-03-22 15:23:11,2022-03-22 15:29:24,W 36 St & 9 Ave,6569,8 Ave & W 52 St,6816,40.75462324029105,-73.99516761302948,40.76370739,-73.9851615,member
1433223,ADFA9CB54A23D88F,classic_bike,2022-03-08 18:09:58,2022-03-08 18:17:18,W 36 St & 9 Ave,6569,9 Ave & W 18 St,6190,40.75462324029105,-73.99516761302948,40.74317449,-74.00366443,member
1433226,8FA4D88E71C524A6,classic_bike,2022-03-03 09:25:48,2022-03-03 09:33:52,W 36 St & 9 Ave,6569,9 Ave & W 18 St,6190,40.75462324029105,-73.99516761302948,40.74317449,-74.00366443,member
1433227,32496E63F3A928CB,classic_bike,2022-03-22 08:05:02,2022-03-22 08:13:51,W 36 St & 9 Ave,6569,Broadway & W 56 St,6847,40.75462324029105,-73.99516761302948,40.7652654,-73.98192338,member
1433228,42392DC4449E34D1,electric_bike,2022-03-19 17:29:59,2022-03-19 17:37:52,W 36 St & 9 Ave,6569,9 Ave & W 18 St,6190,40.75462324029105,-73.99516761302948,40.74317449,-74.00366443,member
1433231,9E7937D50EDFADC6,classic_bike,2022-03-16 13:23:51,2022-03-16 13:29:18,W 36 St & 9 Ave,6569,9 Ave & W 18 St,6190,40.75462324029105,-73.99516761302948,40.74317449,-74.00366443,member
1433232,D1E5932E314CA1AA,classic_bike,2022-03-30 14:40:03,2022-03-30 14:49:40,W 36 St & 9 Ave,6569,9 Ave & W 18 St,6190,40.75462324029105,-73.99516761302948,40.74317449,-74.00366443,member
1433233,DF0647A32DC9E316,classic_bike,2022-03-05 14:32:01,2022-03-05 14:40:38,W 36 St & 9 Ave,6569,9 Ave & W 18 St,6190,40.75462324029105,-73.99516761302948,40.74317449,-74.00366443,member
1433234,D7BC5E62AE78ABA5,electric_bike,2022-03-20 13:15:54,2022-03-20 13:28:43,W 36 St & 9 Ave,6569,W 18 St & 6 Ave,6064,40.75462324029105,-73.99516761302948,40.73971301,-73.99456405,member
1433239,C16CFC0B1BE161EF,electric_bike,2022-03-22 05:58:53,2022-03-22 06:04:43,W 36 St & 9 Ave,6569,8 Ave & W 52 St,6816,40.75462324029105,-73.99516761302948,40.76370739,-73.9851615,member
1433240,574CA46D6E126E40,classic_bike,2022-03-18 16:06:20,2022-03-18 16:12:45,W 36 St & 9 Ave,6569,9 Ave & W 18 St,6190,40.75462324029105,-73.99516761302948,40.74317449,-74.00366443,member
1433248,18B149B708F0F54E,electric_bike,2022-03-04 10:40:40,2022-03-04 10:49:44,W 36 St & 9 Ave,6569,W 18 St & 6 Ave,6064,40.75462324029105,-73.99516761302948,40.73971301,-73.99456405,member
1433269,84605625CD1139C8,classic_bike,2022-03-05 15:30:27,2022-03-05 15:37:53,W 36 St & 9 Ave,6569,9 Ave & W 18 St,6190,40.75462324029105,-73.99516761302948,40.74317449,-74.00366443,member
1433270,4C15D86FF818690F,classic_bike,2022-03-26 13:37:52,2022-03-26 13:44:49,W 36 St & 9 Ave,6569,9 Ave & W 18 St,6190,40.75462324029105,-73.99516761302948,40.74317449,-74.00366443,member
1433271,44EC5EAFB8F89021,electric_bike,2022-03-02 16:51:45,2022-03-02 17:01:49,W 36 St & 9 Ave,6569,W 64 St & Thelonious Monk Circle,7123,40.75462324029105,-73.99516761302948,40.77515953434235,-73.98918695747852,member
1433276,362ECF54179FF5E2,electric_bike,2022-03-11 08:08:08,2022-03-11 08:18:22,W 36 St & 9 Ave,6569,9 Ave & W 18 St,6190,40.75462324029105,-73.99516761302948,40.74317449,-74.00366443,casual
1433277,5C83741758C017B5,classic_bike,2022-03-20 19:44:51,2022-03-20 19:51:57,W 36 St & 9 Ave,6569,9 Ave & W 18 St,6190,40.75462324029105,-73.99516761302948,40.74317449,-74.00366443,member
1433278,DA841C3DC147D63B,classic_bike,2022-03-19 18:24:51,2022-03-19 18:34:05,W 36 St & 9 Ave,6569,9 Ave & W 18 St,6190,40.75462324029105,-73.99516761302948,40.74317449,-74.00366443,member
1433282,3BE0136C04D05520,classic_bike,2022-03-31 23:53:27,2022-03-31 23:59:15,W 36 St & 9 Ave,6569,8 Ave & W 52 St,6816,40.75462324029105,-73.99516761302948,40.76370739,-73.9851615,member
1433284,6B2DE85F0ADD1D4B,electric_bike,2022-03-24 18:26:48,2022-03-24 18:31:56,W 36 St & 9 Ave,6569,W 42 St & 6 Ave,6517,40.75462324029105,-73.99516761302948,40.75492,-73.98455,casual
1433286,5D31E19625B77605,electric_bike,2022-03-30 14:42:04,2022-03-30 14:47:12,W 36 St & 9 Ave,6569,W 42 St & 6 Ave,6517,40.75462324029105,-73.99516761302948,40.75492,-73.98455,member
1433287,65242129C3FAB5B1,electric_bike,2022-03-21 05:59:04,2022-03-21 06:04:41,W 36 St & 9 Ave,6569,8 Ave & W 52 St,6816,40.75462324029105,-73.99516761302948,40.76370739,-73.9851615,member
1433289,407E008BF3E37DFD,classic_bike,2022-03-19 22:56:41,2022-03-19 23:03:28,W 36 St & 9 Ave,6569,9 Ave & W 18 St,6190,40.75462324029105,-73.99516761302948,40.74317449,-74.00366443,casual
1433291,D623BF287E93B940,classic_bike,2022-03-15 16:06:41,2022-03-15 16:14:31,W 36 St & 9 Ave,6569,9 Ave & W 18 St,6190,40.75462324029105,-73.99516761302948,40.74317449,-74.00366443,member
1433298,21A2114A8F066BC1,classic_bike,2022-03-22 08:11:17,2022-03-22 08:19:13,W 36 St & 9 Ave,6569,9 Ave & W 18 St,6190,40.75462324029105,-73.99516761302948,40.74317449,-74.00366443,member
1433300,F417D0496FA57271,electric_bike,2022-03-14 17:00:53,2022-03-14 17:06:51,W 36 St & 9 Ave,6569,9 Ave & W 18 St,6190,40.75462324029105,-73.99516761302948,40.74317449,-74.00366443,member
1433304,E090D7992E9257D8,classic_bike,2022-03-23 17:51:17,2022-03-23 18:08:55,W 36 St & 9 Ave,6569,W 64 St & Thelonious Monk Circle,7123,40.75462324029105,-73.99516761302948,40.77515953434235,-73.98918695747852,member
1433306,D547816F00EF05F9,classic_bike,2022-03-11 22:30:45,2022-03-11 22:36:53,W 36 St & 9 Ave,6569,9 Ave & W 18 St,6190,40.75462324029105,-73.99516761302948,40.74317449,-74.00366443,member
1433308,0F4217316C4D029C,electric_bike,2022-03-15 19:58:31,2022-03-15 20:06:12,W 36 St & 9 Ave,6569,Broadway & W 56 St,6847,40.75462324029105,-73.99516761302948,40.7652654,-73.98192338,member
1433309,26FA84DA00A266D5,classic_bike,2022-03-30 21:06:59,2022-03-30 21:16:26,W 36 St & 9 Ave,6569,Broadway & W 56 St,6847,40.75462324029105,-73.99516761302948,40.7652654,-73.98192338,member
1433310,A13B33CD90EC3074,classic_bike,2022-03-15 16:46:37,2022-03-15 16:56:52,W 36 St & 9 Ave,6569,9 Ave & W 18 St,6190,40.75462324029105,-73.99516761302948,40.74317449,-74.00366443,member
1433311,AF11368C430A00E9,classic_bike,2022-03-02 22:43:54,2022-03-02 22:53:42,W 36 St & 9 Ave,6569,8 Ave & W 52 St,6816,40.75462324029105,-73.99516761302948,40.76370739,-73.9851615,member
1433313,D5170D436AA28D55,electric_bike,2022-03-24 17:30:34,2022-03-24 17:37:07,W 36 St & 9 Ave,6569,W 42 St & 6 Ave,6517,40.75462324029105,-73.99516761302948,40.75492,-73.98455,member
1433314,C727EE5D3623819D,classic_bike,2022-03-07 08:45:06,2022-03-07 08:51:24,W 36 St & 9 Ave,6569,9 Ave & W 18 St,6190,40.75462324029105,-73.99516761302948,40.74317449,-74.00366443,member
1433317,15A609B32058EB7E,classic_bike,2022-03-23 11:01:43,2022-03-23 11:16:43,W 36 St & 9 Ave,6569,8 Ave & W 52 St,6816,40.75462324029105,-73.99516761302948,40.76370739,-73.9851615,casual
1433327,0FF2E793FDEFB5FD,electric_bike,2022-03-23 19:23:59,2022-03-23 19:29:31,W 36 St & 9 Ave,6569,9 Ave & W 18 St,6190,40.75462324029105,-73.99516761302948,40.74317449,-74.00366443,member
1433328,07AFE60A967A07A6,electric_bike,2022-03-17 12:47:07,2022-03-17 12:52:38,W 36 St & 9 Ave,6569,9 Ave & W 18 St,6190,40.75462324029105,-73.99516761302948,40.74317449,-74.00366443,member
1433331,6D275DB0CE5800D4,electric_bike,2022-03-11 16:10:55,2022-03-11 16:27:16,W 36 St & 9 Ave,6569,W 18 St & 6 Ave,6064,40.75462324029105,-73.99516761302948,40.73971301,-73.99456405,member
1433337,98895B7AB9661A5E,classic_bike,2022-03-31 10:54:44,2022-03-31 11:02:16,W 36 St & 9 Ave,6569,9 Ave & W 18 St,6190,40.75462324029105,-73.99516761302948,40.74317449,-74.00366443,member
1433339,0E68423701203F88,docked_bike,2022-03-10 12:22:40,2022-03-10 12:39:49,W 36 St & 9 Ave,6569,8 Ave & W 52 St,6816,40.754623,-73.995168,40.763707,-73.985162,casual
1433345,BD4C12EDAB13B31F,electric_bike,2022-03-02 21:12:10,2022-03-02 21:18:19,W 36 St & 9 Ave,6569,8 Ave & W 52 St,6816,40.75462324029105,-73.99516761302948,40.76370739,-73.9851615,member
1433346,91ED495B528040F7,electric_bike,2022-03-06 17:40:22,2022-03-06 17:46:42,W 36 St & 9 Ave,6569,9 Ave & W 18 St,6190,40.75462324029105,-73.99516761302948,40.74317449,-74.00366443,member
1433347,41A6848AD3E4BD4A,classic_bike,2022-03-28 14:36:48,2022-03-28 14:44:54,W 36 St & 9 Ave,6569,9 Ave & W 18 St,6190,40.75462324029105,-73.99516761302948,40.74317449,-74.00366443,member
1433352,70965B85DED37FF6,electric_bike,2022-03-02 09:19:00,2022-03-02 09:27:25,W 36 St & 9 Ave,6569,W 18 St & 6 Ave,6064,40.75462324029105,-73.99516761302948,40.73971301,-73.99456405,member
1433356,EC8C3B562F302C7F,classic_bike,2022-03-14 16:40:43,2022-03-14 16:51:13,W 36 St & 9 Ave,6569,W 18 St & 6 Ave,6064,40.75462324029105,-73.99516761302948,40.73971301,-73.99456405,member
1433361,ECD521F54A95A609,electric_bike,2022-03-25 21:36:49,2022-03-25 21:46:49,W 36 St & 9 Ave,6569,8 Ave & W 52 St,6816,40.75462324029105,-73.99516761302948,40.76370739,-73.9851615,member
1433362,232AD1770F023983,electric_bike,2022-03-24 18:45:53,2022-03-24 18:53:02,W 36 St & 9 Ave,6569,8 Ave & W 52 St,6816,40.75462324029105,-73.99516761302948,40.76370739,-73.9851615,member
1433366,EBD0DC5A3F244EBA,electric_bike,2022-03-21 19:04:40,2022-03-21 19:13:49,W 36 St & 9 Ave,6569,8 Ave & W 52 St,6816,40.75462324029105,-73.99516761302948,40.76370739,-73.9851615,member
1433369,09D01C2511B4962F,electric_bike,2022-03-16 09:40:06,2022-03-16 09:49:45,W 36 St & 9 Ave,6569,W 18 St & 6 Ave,6064,40.75462324029105,-73.99516761302948,40.73971301,-73.99456405,member
1433371,CE41997763FA5F9C,electric_bike,2022-03-26 21:06:51,2022-03-26 21:13:29,W 36 St & 9 Ave,6569,8 Ave & W 52 St,6816,40.75462324029105,-73.99516761302948,40.76370739,-73.9851615,member
1433373,83B66EA671A9D253,classic_bike,2022-03-26 15:06:54,2022-03-26 15:16:32,W 36 St & 9 Ave,6569,9 Ave & W 18 St,6190,40.75462324029105,-73.99516761302948,40.74317449,-74.00366443,casual
1433375,70BF79D0B584A7C7,classic_bike,2022-03-02 08:22:08,2022-03-02 08:31:28,W 36 St & 9 Ave,6569,Broadway & W 56 St,6847,40.75462324029105,-73.99516761302948,40.7652654,-73.98192338,member
1433382,F7A0B0C1B05D5145,classic_bike,2022-03-15 19:54:55,2022-03-15 20:00:44,W 36 St & 9 Ave,6569,9 Ave & W 18 St,6190,40.75462324029105,-73.99516761302948,40.74317449,-74.00366443,member
1433385,9D10D87FF05E930C,classic_bike,2022-03-17 18:09:40,2022-03-17 18:16:15,W 36 St & 9 Ave,6569,8 Ave & W 52 St,6816,40.75462324029105,-73.99516761302948,40.76370739,-73.9851615,member
1433388,9A674B6704613488,classic_bike,2022-03-26 13:37:55,2022-03-26 13:44:51,W 36 St & 9 Ave,6569,9 Ave & W 18 St,6190,40.75462324029105,-73.99516761302948,40.74317449,-74.00366443,member
1433389,9187A9B3FA73668A,electric_bike,2022-03-31 18:52:25,2022-03-31 19:00:15,W 36 St & 9 Ave,6569,8 Ave & W 52 St,6816,40.75462324029105,-73.99516761302948,40.76370739,-73.9851615,member
1433390,ED366E65D7510792,classic_bike,2022-03-31 08:50:59,2022-03-31 08:58:22,W 36 St & 9 Ave,6569,9 Ave & W 18 St,6190,40.75462324029105,-73.99516761302948,40.74317449,-74.00366443,member
1433392,D1CB12B3137C7987,electric_bike,2022-03-30 19:51:27,2022-03-30 19:59:56,W 36 St & 9 Ave,6569,8 Ave & W 52 St,6816,40.75462324029105,-73.99516761302948,40.76370739,-73.9851615,member
1433393,4F2DD151F9BDDD4F,electric_bike,2022-03-21 23:10:15,2022-03-21 23:40:31,W 36 St & 9 Ave,6569,9 Ave & W 18 St,6190,40.75462324029105,-73.99516761302948,40.74317449,-74.00366443,member
1433397,8113C8263C293A96,classic_bike,2022-03-18 08:21:29,2022-03-18 08:30:20,W 36 St & 9 Ave,6569,Broadway & W 56 St,6847,40.75462324029105,-73.99516761302948,40.7652654,-73.98192338,member
1433399,552195F3AA2617B0,electric_bike,2022-03-03 17:17:20,2022-03-03 17:23:49,W 36 St & 9 Ave,6569,9 Ave & W 18 St,6190,40.75462324029105,-73.99516761302948,40.74317449,-74.00366443,member
1433400,B874B8299EE687A5,electric_bike,2022-03-01 19:29:26,2022-03-01 19:34:46,W 36 St & 9 Ave,6569,8 Ave & W 52 St,6816,40.75462324029105,-73.99516761302948,40.76370739,-73.9851615,member
1433406,42DE07077B704644,electric_bike,2022-03-17 06:26:41,2022-03-17 06:32:38,W 36 St & 9 Ave,6569,W 42 St & 6 Ave,6517,40.75462324029105,-73.99516761302948,40.75492,-73.98455,member
1433407,C0B35179431A2406,electric_bike,2022-03-04 13:20:28,2022-03-04 13:30:02,W 36 St & 9 Ave,6569,Broadway & W 56 St,6847,40.75462324029105,-73.99516761302948,40.7652654,-73.98192338,member
1433408,16BE9C08C9B9F6A3,classic_bike,2022-03-21 19:42:18,2022-03-21 19:52:22,W 36 St & 9 Ave,6569,Broadway & W 56 St,6847,40.75462324029105,-73.99516761302948,40.7652654,-73.98192338,member
1433410,A891A9C7DB0B57A6,classic_bike,2022-03-09 14:39:00,2022-03-09 14:49:21,W 36 St & 9 Ave,6569,9 Ave & W 18 St,6190,40.75462324029105,-73.99516761302948,40.74317449,-74.00366443,member
1433411,6B519A727695F122,classic_bike,2022-03-16 11:10:11,2022-03-16 11:27:36,W 36 St & 9 Ave,6569,W 18 St & 6 Ave,6064,40.75462324029105,-73.99516761302948,40.73971301,-73.99456405,member
1433412,49B69B4A7B4CA540,classic_bike,2022-03-23 18:18:30,2022-03-23 18:23:13,W 36 St & 9 Ave,6569,W 42 St & 6 Ave,6517,40.75462324029105,-73.99516761302948,40.75492,-73.98455,member
1433413,1536C73D35946D29,classic_bike,2022-03-10 10:02:33,2022-03-10 10:07:45,W 36 St & 9 Ave,6569,9 Ave & W 18 St,6190,40.75462324029105,-73.99516761302948,40.74317449,-74.00366443,member
1433414,953D6710B3FFDBE9,classic_bike,2022-03-02 08:10:16,2022-03-02 08:15:31,W 36 St & 9 Ave,6569,9 Ave & W 18 St,6190,40.75462324029105,-73.99516761302948,40.74317449,-74.00366443,member
1433418,BFF94DF9C0518791,electric_bike,2022-03-25 10:52:20,2022-03-25 10:58:13,W 36 St & 9 Ave,6569,W 42 St & 6 Ave,6517,40.75462324029105,-73.99516761302948,40.75492,-73.98455,member
1433420,C1E8FAE5C9EC0BD2,electric_bike,2022-03-06 17:34:37,2022-03-06 17:42:51,W 36 St & 9 Ave,6569,W 18 St & 6 Ave,6064,40.75462324029105,-73.99516761302948,40.73971301,-73.99456405,member
1433422,14F6879AD8389857,classic_bike,2022-03-23 12:00:43,2022-03-23 12:11:01,W 36 St & 9 Ave,6569,W 42 St & 6 Ave,6517,40.75462324029105,-73.99516761302948,40.75492,-73.98455,member
1433425,D2DB74047688FBFB,electric_bike,2022-03-15 16:24:13,2022-03-15 16:31:19,W 36 St & 9 Ave,6569,9 Ave & W 18 St,6190,40.75462324029105,-73.99516761302948,40.74317449,-74.00366443,casual
1433426,4B887CC62F633A17,electric_bike,2022-03-08 10:34:31,2022-03-08 10:43:14,W 36 St & 9 Ave,6569,Broadway & W 56 St,6847,40.75462324029105,-73.99516761302948,40.7652654,-73.98192338,casual
1433430,2A4F0E520E54A541,classic_bike,2022-03-16 16:51:46,2022-03-16 17:06:12,W 36 St & 9 Ave,6569,W 18 St & 6 Ave,6064,40.75462324029105,-73.99516761302948,40.73971301,-73.99456405,casual
1433431,0B8B7EB001B365B9,electric_bike,2022-03-29 18:06:53,2022-03-29 18:14:08,W 36 St & 9 Ave,6569,W 18 St & 6 Ave,6064,40.75462324029105,-73.99516761302948,40.73971301,-73.99456405,casual
1433436,DF1036B6123A32D0,classic_bike,2022-03-18 20:22:45,2022-03-18 20:30:36,W 36 St & 9 Ave,6569,9 Ave & W 18 St,6190,40.75462324029105,-73.99516761302948,40.74317449,-74.00366443,member
1433442,3C0EB7A24281C0A9,classic_bike,2022-03-10 12:13:19,2022-03-10 12:41:04,W 36 St & 9 Ave,6569,8 Ave & W 52 St,6816,40.75462324029105,-73.99516761302948,40.76370739,-73.9851615,casual
1433445,4D9FC04C766FD18D,electric_bike,2022-03-07 16:35:57,2022-03-07 16:43:40,W 36 St & 9 Ave,6569,W 18 St & 6 Ave,6064,40.75462324029105,-73.99516761302948,40.73971301,-73.99456405,member
1433446,16FF347913404076,classic_bike,2022-03-18 12:00:04,2022-03-18 12:09:50,W 36 St & 9 Ave,6569,9 Ave & W 18 St,6190,40.75462324029105,-73.99516761302948,40.74317449,-74.00366443,member
1433447,07B6A280C9ECC1F7,electric_bike,2022-03-02 08:36:49,2022-03-02 08:45:09,W 36 St & 9 Ave,6569,W 18 St & 6 Ave,6064,40.75462324029105,-73.99516761302948,40.73971301,-73.99456405,member
1433448,B5B0D08A1A5743B5,classic_bike,2022-03-19 15:51:49,2022-03-19 16:01:07,W 36 St & 9 Ave,6569,9 Ave & W 18 St,6190,40.75462324029105,-73.99516761302948,40.74317449,-74.00366443,casual
1433451,F401C562C3357F3A,electric_bike,2022-03-29 10:00:47,2022-03-29 10:17:51,W 36 St & 9 Ave,6569,W 18 St & 6 Ave,6064,40.75462324029105,-73.99516761302948,40.73971301,-73.99456405,member
1433452,5758CA9B1B329C05,classic_bike,2022-03-01 10:51:19,2022-03-01 10:58:12,W 36 St & 9 Ave,6569,9 Ave & W 18 St,6190,40.75462324029105,-73.99516761302948,40.74317449,-74.00366443,member
1433453,C33DF74C92447386,electric_bike,2022-03-29 09:52:53,2022-03-29 10:14:57,W 36 St & 9 Ave,6569,Little West St & 1 Pl,5001,40.75462324029105,-73.99516761302948,40.70569254,-74.01677685,member
1433454,6469637A950E3BD2,classic_bike,2022-03-07 12:51:32,2022-03-07 12:58:49,W 36 St & 9 Ave,6569,W 42 St & 6 Ave,6517,40.75462324029105,-73.99516761302948,40.75492,-73.98455,member
1433457,B999252FE1E059D4,electric_bike,2022-03-24 18:22:53,2022-03-24 18:28:26,W 36 St & 9 Ave,6569,9 Ave & W 18 St,6190,40.75462324029105,-73.99516761302948,40.74317449,-74.00366443,member
1433460,FF00E9FE0C8B2C97,electric_bike,2022-03-04 12:03:14,2022-03-04 12:09:37,W 36 St & 9 Ave,6569,8 Ave & W 52 St,6816,40.75462324029105,-73.99516761302948,40.76370739,-73.9851615,member
1433461,B07EA2ABBC76C89A,classic_bike,2022-03-21 18:30:10,2022-03-21 18:40:19,W 36 St & 9 Ave,6569,9 Ave & W 18 St,6190,40.75462324029105,-73.99516761302948,40.74317449,-74.00366443,member
1433465,184FEF4994ACB7DE,electric_bike,2022-03-11 10:21:29,2022-03-11 10:31:41,W 36 St & 9 Ave,6569,W 18 St & 6 Ave,6064,40.75462324029105,-73.99516761302948,40.73971301,-73.99456405,member
1433475,133C699A63095F68,classic_bike,2022-03-08 18:46:02,2022-03-08 18:53:41,W 36 St & 9 Ave,6569,W 42 St & 6 Ave,6517,40.75462324029105,-73.99516761302948,40.75492,-73.98455,member
1433476,EBB34C6BF13453FA,classic_bike,2022-03-30 17:20:23,2022-03-30 17:30:20,W 36 St & 9 Ave,6569,8 Ave & W 52 St,6816,40.75462324029105,-73.99516761302948,40.76370739,-73.9851615,member
1433506,7FFD0E9535B5CEB6,electric_bike,2022-03-07 07:49:46,2022-03-07 08:00:16,W 36 St & 9 Ave,6569,8 Ave & W 52 St,6816,40.75462324029105,-73.99516761302948,40.76370739,-73.9851615,casual
1433508,30D294CC6C28E85E,electric_bike,2022-03-29 09:41:18,2022-03-29 09:47:54,W 36 St & 9 Ave,6569,9 Ave & W 18 St,6190,40.75462324029105,-73.99516761302948,40.74317449,-74.00366443,member
1433509,7A47E40EAC993539,classic_bike,2022-03-23 12:43:14,2022-03-23 12:53:44,W 36 St & 9 Ave,6569,8 Ave & W 52 St,6816,40.75462324029105,-73.99516761302948,40.76370739,-73.9851615,member
1433518,824ADC010FF31967,electric_bike,2022-03-22 06:27:10,2022-03-22 06:33:20,W 36 St & 9 Ave,6569,W 42 St & 6 Ave,6517,40.75462324029105,-73.99516761302948,40.75492,-73.98455,member
1433519,77960549C0527315,classic_bike,2022-03-13 15:53:58,2022-03-13 16:00:51,W 36 St & 9 Ave,6569,9 Ave & W 18 St,6190,40.75462324029105,-73.99516761302948,40.74317449,-74.00366443,member
1436343,E4DBFFB82A9510DD,electric_bike,2022-03-07 20:37:15,2022-03-07 20:56:50,W 36 St & 9 Ave,6569,9 Ave & W 18 St,6190,40.75462324029105,-73.99516761302948,40.74317449,-74.00366443,casual
1436344,859A39EA83205EE3,classic_bike,2022-03-07 20:40:16,2022-03-07 20:55:32,W 36 St & 9 Ave,6569,9 Ave & W 18 St,6190,40.75462324029105,-73.99516761302948,40.74317449,-74.00366443,casual
1440513,D6BC4E84FC910E89,electric_bike,2022-03-28 16:50:33,2022-03-28 16:55:56,W 35 St & 9 Ave,6569,W 42 St & 6 Ave,6517,40.75414519263519,-73.9960889518261,40.75492,-73.98455,member
1440515,0EC68BEC88289DEA,electric_bike,2022-03-17 19:51:48,2022-03-17 20:06:04,W 35 St & 9 Ave,6569,W 64 St & Thelonious Monk Circle,7123,40.75414519263519,-73.9960889518261,40.77515953434235,-73.98918695747852,member
1440518,29A211B5F8BDAC7F,classic_bike,2022-03-23 18:12:18,2022-03-23 18:20:17,W 35 St & 9 Ave,6569,9 Ave & W 18 St,6190,40.75414519263519,-73.9960889518261,40.74317449,-74.00366443,member
1440521,49B57544AC6A8BCD,electric_bike,2022-03-29 16:36:37,2022-03-29 16:50:19,W 35 St & 9 Ave,6569,W 18 St & 6 Ave,6064,40.75414519263519,-73.9960889518261,40.73971301,-73.99456405,casual
1440556,C20A55928104092B,classic_bike,2022-03-15 09:30:22,2022-03-15 09:39:49,W 35 St & 9 Ave,6569,W 18 St & 6 Ave,6064,40.75414519263519,-73.9960889518261,40.73971301,-73.99456405,member
1440557,94BF153E89156C61,classic_bike,2022-03-04 13:42:21,2022-03-04 14:05:31,W 35 St & 9 Ave,6569,Franklin St & W Broadway,5430,40.75414519263519,-73.9960889518261,40.71911552,-74.00666661,member
1440559,42E431DD9D173857,classic_bike,2022-03-31 11:17:46,2022-03-31 11:43:29,W 35 St & 9 Ave,6569,Little West St & 1 Pl,5001,40.75414519263519,-73.9960889518261,40.70569254,-74.01677685,member
1440564,4EA008A62881FA13,classic_bike,2022-03-08 17:58:16,2022-03-08 18:05:16,W 35 St & 9 Ave,6569,9 Ave & W 18 St,6190,40.75414519263519,-73.9960889518261,40.74317449,-74.00366443,member
1440593,27F0AAD5EAAEBC9E,classic_bike,2022-03-22 18:31:31,2022-03-22 18:39:42,W 35 St & 9 Ave,6569,9 Ave & W 18 St,6190,40.75414519263519,-73.9960889518261,40.74317449,-74.00366443,member
1440598,16B998958118547F,classic_bike,2022-03-30 18:29:51,2022-03-30 18:40:47,W 35 St & 9 Ave,6569,W 18 St & 6 Ave,6064,40.75414519263519,-73.9960889518261,40.73971301,-73.99456405,member
1440606,B2227C1B4D33F71C,electric_bike,2022-03-11 14:36:39,2022-03-11 14:43:44,W 35 St & 9 Ave,6569,Broadway & W 56 St,6847,40.75414519263519,-73.9960889518261,40.7652654,-73.98192338,casual
1440615,C439853E002D0BE0,classic_bike,2022-03-23 17:23:11,2022-03-23 17:39:46,W 35 St & 9 Ave,6569,W 64 St & Thelonious Monk Circle,7123,40.75414519263519,-73.9960889518261,40.77515953434235,-73.98918695747852,member
1440617,0AFC20720D421B94,electric_bike,2022-03-10 11:31:32,2022-03-10 11:42:18,W 35 St & 9 Ave,6569,Broadway & W 56 St,6847,40.75414519263519,-73.9960889518261,40.7652654,-73.98192338,casual
1440639,237DC96DC68EFA16,classic_bike,2022-03-07 17:39:19,2022-03-07 17:47:23,W 35 St & 9 Ave,6569,9 Ave & W 18 St,6190,40.75414519263519,-73.9960889518261,40.74317449,-74.00366443,member
1440653,DD388349DD3592DF,classic_bike,2022-03-08 08:16:11,2022-03-08 08:25:53,W 35 St & 9 Ave,6569,Broadway & W 56 St,6847,40.75414519263519,-73.9960889518261,40.7652654,-73.98192338,member
1440654,25A5DDF958CD0BFF,classic_bike,2022-03-23 16:38:48,2022-03-23 16:47:04,W 35 St & 9 Ave,6569,9 Ave & W 18 St,6190,40.75414519263519,-73.9960889518261,40.74317449,-74.00366443,member
1440664,AD9A49C8B54DB48A,electric_bike,2022-03-01 18:35:15,2022-03-01 18:39:58,W 35 St & 9 Ave,6569,9 Ave & W 18 St,6190,40.75414519263519,-73.9960889518261,40.74317449,-74.00366443,casual
1440667,AFF482DDF8663768,classic_bike,2022-03-16 16:02:33,2022-03-16 16:14:03,W 35 St & 9 Ave,6569,W 18 St & 6 Ave,6064,40.75414519263519,-73.9960889518261,40.73971301,-73.99456405,member
1440672,06600DC7ABB54CA2,classic_bike,2022-03-21 17:55:38,2022-03-21 18:04:29,W 35 St & 9 Ave,6569,W 42 St & 6 Ave,6517,40.75414519263519,-73.9960889518261,40.75492,-73.98455,member
1440685,93A4DDA712FD1EF2,electric_bike,2022-03-28 10:29:56,2022-03-28 10:34:14,W 35 St & 9 Ave,6569,9 Ave & W 18 St,6190,40.75414519263519,-73.9960889518261,40.74317449,-74.00366443,member
1440690,4009C8E3AE926F6A,classic_bike,2022-03-28 11:26:49,2022-03-28 11:47:33,W 35 St & 9 Ave,6569,E 4 St & 2 Ave,5593,40.75414519263519,-73.9960889518261,40.7262807,-73.98978041,member
1440705,DE30B889C3215E9E,classic_bike,2022-03-17 06:38:25,2022-03-17 06:59:06,W 35 St & 9 Ave,6569,E 4 St & 2 Ave,5593,40.75414519263519,-73.9960889518261,40.7262807,-73.98978041,member
1440706,522628CF2A60173D,classic_bike,2022-03-18 08:36:19,2022-03-18 08:56:21,W 35 St & 9 Ave,6569,E 4 St & 2 Ave,5593,40.75414519263519,-73.9960889518261,40.7262807,-73.98978041,member
1440713,0D367CC596CB4C0C,electric_bike,2022-03-15 17:19:59,2022-03-15 17:33:19,W 35 St & 9 Ave,6569,W 64 St & Thelonious Monk Circle,7123,40.75414519263519,-73.9960889518261,40.77515953434235,-73.98918695747852,member
1440771,6031E4B9F03274F8,electric_bike,2022-03-02 09:15:55,2022-03-02 09:30:02,W 35 St & 9 Ave,6569,9 Ave & W 18 St,6190,40.75414519263519,-73.9960889518261,40.74317449,-74.00366443,member
1440772,9F236B428793ACD1,electric_bike,2022-03-22 10:01:54,2022-03-22 10:09:12,W 35 St & 9 Ave,6569,W 18 St & 6 Ave,6064,40.75414519263519,-73.9960889518261,40.73971301,-73.99456405,member
1440775,0B74203680CC0796,classic_bike,2022-03-07 18:12:53,2022-03-07 18:21:38,W 35 St & 9 Ave,6569,9 Ave & W 18 St,6190,40.75414519263519,-73.9960889518261,40.74317449,-74.00366443,member
1440778,0E43B2E03D39C9A9,classic_bike,2022-03-02 09:31:45,2022-03-02 09:38:57,W 35 St & 9 Ave,6569,9 Ave & W 18 St,6190,40.75414519263519,-73.9960889518261,40.74317449,-74.00366443,member
1440779,64163EA7C3934037,classic_bike,2022-03-16 11:30:03,2022-03-16 11:51:46,W 35 St & 9 Ave,6569,E 4 St & 2 Ave,5593,40.75414519263519,-73.9960889518261,40.7262807,-73.98978041,member
1440780,2C2A0FE05F87C24A,electric_bike,2022-03-25 16:34:25,2022-03-25 16:42:12,W 35 St & 9 Ave,6569,8 Ave & W 52 St,6816,40.75414519263519,-73.9960889518261,40.76370739,-73.9851615,member
1440804,20C774881E566C8B,electric_bike,2022-03-22 06:15:05,2022-03-22 06:19:18,W 35 St & 9 Ave,6569,9 Ave & W 18 St,6190,40.75414519263519,-73.9960889518261,40.74317449,-74.00366443,member
1440807,34ECA6F16195FAC2,classic_bike,2022-03-15 18:48:58,2022-03-15 18:57:33,W 35 St & 9 Ave,6569,W 18 St & 6 Ave,6064,40.75414519263519,-73.9960889518261,40.73971301,-73.99456405,member
1440811,C90BD88A8BF24ED2,classic_bike,2022-03-02 09:26:14,2022-03-02 09:37:44,W 35 St & 9 Ave,6569,W 18 St & 6 Ave,6064,40.75414519263519,-73.9960889518261,40.73971301,-73.99456405,member
1441022,DBA2E429B3FB1972,electric_bike,2022-03-29 10:59:10,2022-03-29 11:05:07,W 35 St & 9 Ave,6569,9 Ave & W 18 St,6190,40.75414519263519,-73.9960889518261,40.74317449,-74.00366443,member
1441051,0D55977435462EA8,classic_bike,2022-03-15 16:09:39,2022-03-15 16:21:22,W 35 St & 9 Ave,6569,W 18 St & 6 Ave,6064,40.75414519263519,-73.9960889518261,40.73971301,-73.99456405,member
1441058,DE7719EEAC89105C,electric_bike,2022-03-01 14:58:33,2022-03-01 15:04:12,W 35 St & 9 Ave,6569,9 Ave & W 18 St,6190,40.75414519263519,-73.9960889518261,40.74317449,-74.00366443,casual
1441063,F47422E642027E97,classic_bike,2022-03-02 15:42:59,2022-03-02 15:54:24,W 35 St & 9 Ave,6569,Broadway & W 56 St,6847,40.75414519263519,-73.9960889518261,40.7652654,-73.98192338,member
1442281,2944623C775EA6DB,classic_bike,2022-03-22 13:21:38,2022-03-22 13:37:15,W 35 St & 9 Ave,6569,E 4 St & 2 Ave,5593,40.75414519263519,-73.9960889518261,40.7262807,-73.98978041,casual
1442282,1CACB29A5664B078,classic_bike,2022-03-06 13:34:27,2022-03-06 13:45:27,W 35 St & 9 Ave,6569,W 18 St & 6 Ave,6064,40.75414519263519,-73.9960889518261,40.73971301,-73.99456405,casual
1442326,F5DA418C47D0A7B5,classic_bike,2022-03-07 14:47:02,2022-03-07 15:16:21,W 35 St & 9 Ave,6569,Little West St & 1 Pl,5001,40.75414519263519,-73.9960889518261,40.70569254,-74.01677685,member
1442328,5D1361EA6E83617C,classic_bike,2022-03-06 14:04:41,2022-03-06 14:13:05,W 35 St & 9 Ave,6569,W 42 St & 6 Ave,6517,40.75414519263519,-73.9960889518261,40.75492,-73.98455,member
1442334,2588BD9EBCBD1344,classic_bike,2022-03-11 15:32:50,2022-03-11 15:39:42,W 35 St & 9 Ave,6569,W 42 St & 6 Ave,6517,40.75414519263519,-73.9960889518261,40.75492,-73.98455,member
1442651,05A8CA92B6754039,electric_bike,2022-03-01 15:10:37,2022-03-01 15:17:14,W 35 St & 9 Ave,6569,W 42 St & 6 Ave,6517,40.75414519263519,-73.9960889518261,40.75492,-73.98455,member
1442655,12320EBFF06FE800,classic_bike,2022-03-02 18:03:00,2022-03-02 18:09:39,W 35 St & 9 Ave,6569,9 Ave & W 18 St,6190,40.75414519263519,-73.9960889518261,40.74317449,-74.00366443,member
1442951,878D44198639BF09,docked_bike,2022-03-16 08:54:05,2022-03-16 10:31:16,W 36 St & 9 Ave,6569,Pier 40 - Hudson River Park,5696,40.754623,-73.995168,40.727714,-74.011296,casual
1442991,6F0CE86074A9D785,electric_bike,2022-03-11 07:46:22,2022-03-11 07:56:34,W 36 St & 9 Ave,6569,1 Ave & E 30 St,6079,40.75462324029105,-73.99516761302948,40.74144387,-73.97536082,member
1442995,780B66BA94956E3B,electric_bike,2022-03-01 17:58:35,2022-03-01 18:11:08,W 36 St & 9 Ave,6569,W 13 St & 5 Ave,5947,40.75462324029105,-73.99516761302948,40.735445,-73.99431,casual
1443795,126C8E2E1913FF94,classic_bike,2022-03-21 10:34:26,2022-03-21 11:08:58,W 36 St & 9 Ave,6569,Warren St & W Broadway,5288,40.75462324029105,-73.99516761302948,40.71473993,-74.00910627,member
1443798,51C2DB39DA490ED6,electric_bike,2022-03-31 11:39:52,2022-03-31 11:56:11,W 35 St & Dyer Ave,6569,W 13 St & 5 Ave,5947,40.754691750226016,-73.99740189313889,40.735445,-73.99431,member
1443845,D5DC44D4A1B3DF90,electric_bike,2022-03-21 20:47:12,2022-03-21 20:58:32,W 35 St & Dyer Ave,6569,Pier 40 - Hudson River Park,5696,40.754691750226016,-73.99740189313889,40.7277140777778,-74.01129573583603,member
1443849,11E9A4708FB17795,classic_bike,2022-03-29 12:02:13,2022-03-29 12:24:16,W 35 St & Dyer Ave,6569,W 13 St & 5 Ave,5947,40.754691750226016,-73.99740189313889,40.735445,-73.99431,member
1443891,A31E01C4B553DCDF,classic_bike,2022-03-18 19:08:55,2022-03-18 19:31:50,W 35 St & Dyer Ave,6569,Pier 40 - Hudson River Park,5696,40.754691750226016,-73.99740189313889,40.7277140777778,-74.01129573583603,casual
1443907,3E8190DA92262B8D,classic_bike,2022-03-11 12:21:27,2022-03-11 12:49:40,W 35 St & Dyer Ave,6569,W 44 St & 5 Ave,6551,40.754691750226016,-73.99740189313889,40.75500254,-73.98014437,casual
1443917,B8435424412C5B80,classic_bike,2022-03-11 12:13:34,2022-03-11 12:50:08,W 35 St & Dyer Ave,6569,W 44 St & 5 Ave,6551,40.754691750226016,-73.99740189313889,40.75500254,-73.98014437,casual
1443918,9309F4A54542959D,electric_bike,2022-03-28 13:42:45,2022-03-28 13:56:06,W 35 St & Dyer Ave,6569,W 13 St & 5 Ave,5947,40.754691750226016,-73.99740189313889,40.735445,-73.99431,member
1443956,64493D925913821A,electric_bike,2022-03-03 18:17:47,2022-03-03 18:27:15,W 35 St & Dyer Ave,6569,W 44 St & 5 Ave,6551,40.754691750226016,-73.99740189313889,40.75500254,-73.98014437,member
1443959,5261CB4CC62665DF,classic_bike,2022-03-25 21:44:24,2022-03-25 22:00:17,W 35 St & Dyer Ave,6569,Pier 40 - Hudson River Park,5696,40.754691750226016,-73.99740189313889,40.7277140777778,-74.01129573583603,casual
1444474,B12F2D03F230787E,classic_bike,2022-03-18 19:08:20,2022-03-18 19:30:29,W 35 St & Dyer Ave,6569,Pier 40 - Hudson River Park,5696,40.754691750226016,-73.99740189313889,40.7277140777778,-74.01129573583603,member
1444686,EDA4D512F6B5489E,classic_bike,2022-03-14 07:53:21,2022-03-14 08:00:04,W 36 St & 9 Ave,6569,W 44 St & 5 Ave,6551,40.75462324029105,-73.99516761302948,40.75500254,-73.98014437,member
1444687,B9A04314C7D76172,classic_bike,2022-03-01 07:55:30,2022-03-01 08:01:46,W 36 St & 9 Ave,6569,W 44 St & 5 Ave,6551,40.75462324029105,-73.99516761302948,40.75500254,-73.98014437,member
1444695,8495633913C7431B,classic_bike,2022-03-11 21:37:32,2022-03-11 21:56:55,W 35 St & Dyer Ave,6569,Pier 40 - Hudson River Park,5696,40.754691750226016,-73.99740189313889,40.7277140777778,-74.01129573583603,casual
1444713,5167AB885E21B8F3,classic_bike,2022-03-02 09:39:35,2022-03-02 09:59:43,W 36 St & 9 Ave,6569,Pier 40 - Hudson River Park,5696,40.75462324029105,-73.99516761302948,40.7277140777778,-74.01129573583603,casual
1444724,2450DE87A292BBE4,electric_bike,2022-03-11 06:53:41,2022-03-11 07:07:28,W 35 St & Dyer Ave,6569,Pier 40 - Hudson River Park,5696,40.754691750226016,-73.99740189313889,40.7277140777778,-74.01129573583603,member
1444748,3088551F2032E6F5,electric_bike,2022-03-07 06:01:54,2022-03-07 06:12:54,W 36 St & 9 Ave,6569,Pier 40 - Hudson River Park,5696,40.75462324029105,-73.99516761302948,40.7277140777778,-74.01129573583603,member
1445505,46B2A9608BD5E6D2,classic_bike,2022-03-08 11:08:15,2022-03-08 11:25:45,W 35 St & Dyer Ave,6569,W 13 St & 5 Ave,5947,40.754691750226016,-73.99740189313889,40.735445,-73.99431,member
1445521,C939A38C5B24A430,electric_bike,2022-03-06 10:40:26,2022-03-06 10:47:53,W 35 St & Dyer Ave,6569,W 44 St & 5 Ave,6551,40.754691750226016,-73.99740189313889,40.75500254,-73.98014437,member
1449413,CB6C25BF0EDBE80A,classic_bike,2022-03-16 16:53:10,2022-03-16 17:12:14,W 36 St & 9 Ave,6569,Pier 40 - Hudson River Park,5696,40.75462324029105,-73.99516761302948,40.7277140777778,-74.01129573583603,member
1449417,F07E249FDFC5698C,classic_bike,2022-03-18 12:19:29,2022-03-18 12:43:44,W 36 St & 9 Ave,6569,Warren St & W Broadway,5288,40.75462324029105,-73.99516761302948,40.71473993,-74.00910627,member
1449589,D383CF6567924F1A,classic_bike,2022-03-19 17:08:56,2022-03-19 17:27:31,W 36 St & 9 Ave,6569,W 13 St & 5 Ave,5947,40.75462324029105,-73.99516761302948,40.735445,-73.99431,casual
1452099,27A5622F4ABC33F0,electric_bike,2022-03-24 08:29:06,2022-03-24 08:47:51,W 35 St & Dyer Ave,6569,E 2 St & 2 Ave,5593,40.754691750226016,-73.99740189313889,40.72502876,-73.99069656,casual
1456186,45C9ED22E188177D,classic_bike,2022-03-19 09:58:56,2022-03-19 10:04:59,W 35 St & 9 Ave,6569,W 44 St & 5 Ave,6551,40.75414519263519,-73.9960889518261,40.75500254,-73.98014437,member
1456188,DE511CE306675877,classic_bike,2022-03-31 14:35:49,2022-03-31 15:22:53,W 35 St & 9 Ave,6569,Pier 40 - Hudson River Park,5696,40.75414519263519,-73.9960889518261,40.7277140777778,-74.01129573583603,casual
1456236,030F0BFF56580030,classic_bike,2022-03-08 16:38:22,2022-03-08 16:48:38,W 35 St & 9 Ave,6569,W 44 St & 5 Ave,6551,40.75414519263519,-73.9960889518261,40.75500254,-73.98014437,member
1456238,77362F84B8813179,classic_bike,2022-03-25 11:16:30,2022-03-25 11:24:44,W 35 St & 9 Ave,6569,W 44 St & 5 Ave,6551,40.75414519263519,-73.9960889518261,40.75500254,-73.98014437,member
1456239,0968693708BAD57D,electric_bike,2022-03-15 16:32:46,2022-03-15 16:43:40,W 35 St & 9 Ave,6569,W 44 St & 5 Ave,6551,40.75414519263519,-73.9960889518261,40.75500254,-73.98014437,member
1456262,94B56D916EB0E11E,electric_bike,2022-03-01 17:47:13,2022-03-01 17:58:41,W 35 St & 9 Ave,6569,E 47 St & 1 Ave,6498,40.75414519263519,-73.9960889518261,40.75206862,-73.96784384,member
1456265,11F7ACD5FEF1F12C,electric_bike,2022-03-28 06:51:03,2022-03-28 06:56:35,W 35 St & 9 Ave,6569,W 44 St & 5 Ave,6551,40.75414519263519,-73.9960889518261,40.75500254,-73.98014437,member
1456274,80B6CD935458C1C0,docked_bike,2022-03-15 20:59:55,2022-03-16 16:51:10,W 35 St & 9 Ave,6569,Warren St & W Broadway,5288,40.754145,-73.996089,40.71474,-74.009106,casual
1456289,750631D0B51D1E47,classic_bike,2022-03-14 22:27:17,2022-03-14 22:42:32,W 35 St & 9 Ave,6569,Pier 40 - Hudson River Park,5696,40.75414519263519,-73.9960889518261,40.7277140777778,-74.01129573583603,member
1456577,340B35B80F85D999,classic_bike,2022-03-15 07:35:36,2022-03-15 07:42:13,W 36 St & 9 Ave,6569,W 44 St & 5 Ave,6551,40.75462324029105,-73.99516761302948,40.75500254,-73.98014437,member
1456595,28ACD415F89435D6,classic_bike,2022-03-14 07:16:02,2022-03-14 07:24:47,W 36 St & 9 Ave,6569,W 44 St & 5 Ave,6551,40.75462324029105,-73.99516761302948,40.75500254,-73.98014437,member
1456598,26FC986C1512DBFA,classic_bike,2022-03-21 17:25:34,2022-03-21 17:35:13,W 36 St & 9 Ave,6569,W 44 St & 5 Ave,6551,40.75462324029105,-73.99516761302948,40.75500254,-73.98014437,casual
1456602,A14C6F59667DEBF7,electric_bike,2022-03-16 10:38:32,2022-03-16 10:56:35,W 36 St & 9 Ave,6569,Pier 40 - Hudson River Park,5696,40.75462324029105,-73.99516761302948,40.7277140777778,-74.01129573583603,member
1456603,D5BE55D31329094B,electric_bike,2022-03-28 18:59:10,2022-03-28 19:09:46,W 36 St & 9 Ave,6569,E 47 St & 1 Ave,6498,40.75462324029105,-73.99516761302948,40.75206862,-73.96784384,member
1456605,92C693F9FD288E53,classic_bike,2022-03-18 19:40:00,2022-03-18 19:52:37,W 36 St & 9 Ave,6569,W 13 St & 5 Ave,5947,40.75462324029105,-73.99516761302948,40.735445,-73.99431,casual
1456608,5422B50C326F9DE1,classic_bike,2022-03-07 07:15:28,2022-03-07 07:24:19,W 36 St & 9 Ave,6569,W 44 St & 5 Ave,6551,40.75462324029105,-73.99516761302948,40.75500254,-73.98014437,member
1456610,17DF5A86AD6AC7C5,classic_bike,2022-03-10 13:41:09,2022-03-10 13:55:05,W 36 St & 9 Ave,6569,W 44 St & 5 Ave,6551,40.75462324029105,-73.99516761302948,40.75500254,-73.98014437,member
1456612,90B1A4ECA05F5922,docked_bike,2022-03-16 08:55:29,2022-03-16 11:32:32,W 36 St & 9 Ave,6569,Pier 40 - Hudson River Park,5696,40.754623,-73.995168,40.727714,-74.011296,casual
1456613,9C22BB7B2CFD3740,classic_bike,2022-03-24 07:58:10,2022-03-24 08:05:03,W 36 St & 9 Ave,6569,W 44 St & 5 Ave,6551,40.75462324029105,-73.99516761302948,40.75500254,-73.98014437,member
1456631,C65E085B5EDE57C7,classic_bike,2022-03-05 18:52:20,2022-03-05 19:09:10,W 36 St & 9 Ave,6569,W 44 St & 5 Ave,6551,40.75462324029105,-73.99516761302948,40.75500254,-73.98014437,casual
1458664,6DE6F2CC76A6F1A8,electric_bike,2022-03-03 15:10:55,2022-03-03 15:32:40,W 35 St & 9 Ave,6569,Pike St & E Broadway,5270,40.75414519263519,-73.9960889518261,40.71406667,-73.99293911,member
1458731,EBACA897BD354306,classic_bike,2022-03-18 16:29:04,2022-03-18 17:10:22,W 35 St & 9 Ave,6569,Riverside Dr & W 104 St,7623,40.75414519263519,-73.9960889518261,40.8013434,-73.9711457439,member
1463938,98A22B39AA2A372B,electric_bike,2022-03-08 07:35:35,2022-03-08 07:42:04,W 36 St & 9 Ave,6569,W 44 St & 5 Ave,6551,40.75462324029105,-73.99516761302948,40.75500254,-73.98014437,member
1463939,9496BB11215FDFF3,electric_bike,2022-03-31 08:40:46,2022-03-31 08:49:12,W 36 St & 9 Ave,6569,W 44 St & 5 Ave,6551,40.75462324029105,-73.99516761302948,40.75500254,-73.98014437,member
1463940,8E5BDB1EA7EC5AE7,classic_bike,2022-03-02 07:32:24,2022-03-02 07:41:00,W 36 St & 9 Ave,6569,W 44 St & 5 Ave,6551,40.75462324029105,-73.99516761302948,40.75500254,-73.98014437,member
1463941,D0CEC2C447D81CC0,electric_bike,2022-03-19 18:38:54,2022-03-19 18:59:38,W 36 St & 9 Ave,6569,Warren St & W Broadway,5288,40.75462324029105,-73.99516761302948,40.71473993,-74.00910627,member
1463944,89B819D7A05483D2,electric_bike,2022-03-24 18:32:43,2022-03-24 18:43:45,W 36 St & 9 Ave,6569,E 47 St & 1 Ave,6498,40.75462324029105,-73.99516761302948,40.75206862,-73.96784384,member
1463946,68A05601219B0475,electric_bike,2022-03-10 17:42:43,2022-03-10 17:54:12,W 36 St & 9 Ave,6569,E 47 St & 1 Ave,6498,40.75462324029105,-73.99516761302948,40.75206862,-73.96784384,member
1463961,3C05651D15E93BFE,classic_bike,2022-03-16 07:57:55,2022-03-16 08:04:46,W 36 St & 9 Ave,6569,W 44 St & 5 Ave,6551,40.75462324029105,-73.99516761302948,40.75500254,-73.98014437,member
1463962,B6EA6431658820FD,classic_bike,2022-03-08 07:33:42,2022-03-08 07:39:30,W 36 St & 9 Ave,6569,W 44 St & 5 Ave,6551,40.75462324029105,-73.99516761302948,40.75500254,-73.98014437,member
1463963,093BA27079B4F93A,classic_bike,2022-03-23 07:46:18,2022-03-23 07:52:55,W 36 St & 9 Ave,6569,W 44 St & 5 Ave,6551,40.75462324029105,-73.99516761302948,40.75500254,-73.98014437,member
1465142,BAE99251C978FF51,classic_bike,2022-03-21 15:57:54,2022-03-21 16:09:29,W 35 St & 9 Ave,6569,W 44 St & 5 Ave,6551,40.75414519263519,-73.9960889518261,40.75500254,-73.98014437,member
1465179,24B67A2721C7DECD,classic_bike,2022-03-23 10:45:49,2022-03-23 10:58:26,W 35 St & 9 Ave,6569,1 Ave & E 30 St,6079,40.75414519263519,-73.9960889518261,40.74144387,-73.97536082,member
1465209,8623B568DF11A0A2,classic_bike,2022-03-16 21:22:58,2022-03-16 21:51:59,W 35 St & 9 Ave,6569,Pike St & E Broadway,5270,40.75414519263519,-73.9960889518261,40.71406667,-73.99293911,member
1465218,4A1090EEA0CAEC80,electric_bike,2022-03-15 21:04:28,2022-03-15 21:42:29,W 35 St & 9 Ave,6569,Warren St & W Broadway,5288,40.75414519263519,-73.9960889518261,40.71473993,-74.00910627,casual
1465237,232B8A89A56F0752,docked_bike,2022-03-15 21:01:39,2022-03-15 21:43:40,W 35 St & 9 Ave,6569,Warren St & W Broadway,5288,40.754145,-73.996089,40.71474,-74.009106,casual
1465265,661053A9DDE75800,classic_bike,2022-03-19 21:01:36,2022-03-19 21:20:18,W 35 St & 9 Ave,6569,Pier 40 - Hudson River Park,5696,40.75414519263519,-73.9960889518261,40.7277140777778,-74.01129573583603,casual
1465274,A7936010ADC5D272,electric_bike,2022-03-25 19:13:21,2022-03-25 19:24:34,W 35 St & 9 Ave,6569,E 47 St & 1 Ave,6498,40.75414519263519,-73.9960889518261,40.75206862,-73.96784384,member
1465285,17BDAD221B2A132A,classic_bike,2022-03-01 16:42:35,2022-03-01 16:53:24,W 35 St & 9 Ave,6569,W 44 St & 5 Ave,6551,40.75414519263519,-73.9960889518261,40.75500254,-73.98014437,casual
1465288,B40ED5F69CAC9E22,electric_bike,2022-03-15 21:07:53,2022-03-15 21:42:42,W 35 St & 9 Ave,6569,Warren St & W Broadway,5288,40.75414519263519,-73.9960889518261,40.71473993,-74.00910627,casual
1465297,0F690625C103BDA1,electric_bike,2022-03-10 12:24:49,2022-03-10 12:33:44,W 35 St & 9 Ave,6569,W 44 St & 5 Ave,6551,40.75414519263519,-73.9960889518261,40.75500254,-73.98014437,member
1465299,6B1D2ABB259494B3,electric_bike,2022-03-02 08:52:20,2022-03-02 09:00:26,W 35 St & 9 Ave,6569,W 44 St & 5 Ave,6551,40.75414519263519,-73.9960889518261,40.75500254,-73.98014437,member
1465320,A2AD6848403E0917,electric_bike,2022-03-16 13:39:04,2022-03-16 13:53:25,W 35 St & 9 Ave,6569,1 Ave & E 30 St,6079,40.75414519263519,-73.9960889518261,40.74144387,-73.97536082,member
1466440,850C80B6A911BCBD,classic_bike,2022-03-25 11:05:56,2022-03-25 11:25:06,W 35 St & Dyer Ave,6569,W 13 St & 5 Ave,5947,40.754691750226016,-73.99740189313889,40.735445,-73.99431,member
1466450,6807DE850F5A057D,classic_bike,2022-03-04 16:39:19,2022-03-04 16:50:39,W 35 St & 9 Ave,6569,W 44 St & 5 Ave,6551,40.75414519263519,-73.9960889518261,40.75500254,-73.98014437,casual
1466495,D90CD17435314749,classic_bike,2022-03-21 21:41:38,2022-03-21 22:00:07,W 35 St & 9 Ave,6569,Pier 40 - Hudson River Park,5696,40.75414519263519,-73.9960889518261,40.7277140777778,-74.01129573583603,casual
1469371,6AB7A5B74FBB9242,classic_bike,2022-03-18 14:57:21,2022-03-18 15:18:36,W 35 St & 9 Ave,6569,Pier 40 - Hudson River Park,5696,40.75414519263519,-73.9960889518261,40.7277140777778,-74.01129573583603,member
1469374,96FCC2F232508CD6,classic_bike,2022-03-26 14:15:24,2022-03-26 14:33:44,W 35 St & 9 Ave,6569,E 2 St & 2 Ave,5593,40.75414519263519,-73.9960889518261,40.72502876,-73.99069656,member
1469418,568C4F3749403EA9,classic_bike,2022-03-03 09:45:15,2022-03-03 10:03:29,W 35 St & 9 Ave,6569,W 13 St & 5 Ave,5947,40.75414519263519,-73.9960889518261,40.735445,-73.99431,member
1469424,C74C924F3F4398DE,electric_bike,2022-03-31 13:39:49,2022-03-31 14:01:55,W 35 St & 9 Ave,6569,Riverside Dr & W 104 St,7623,40.75414519263519,-73.9960889518261,40.8013434,-73.9711457439,member
1469426,526497FA0120C327,classic_bike,2022-03-06 20:28:39,2022-03-06 20:41:58,W 35 St & 9 Ave,6569,W 44 St & 5 Ave,6551,40.75414519263519,-73.9960889518261,40.75500254,-73.98014437,member
1469429,2622CEAF6E06D4F7,classic_bike,2022-03-02 13:13:17,2022-03-02 13:29:04,W 35 St & 9 Ave,6569,Pier 40 - Hudson River Park,5696,40.75414519263519,-73.9960889518261,40.7277140777778,-74.01129573583603,member
1469432,177375EDA658FBB4,electric_bike,2022-03-25 12:08:15,2022-03-25 12:13:30,W 35 St & 9 Ave,6569,W 44 St & 5 Ave,6551,40.75414519263519,-73.9960889518261,40.75500254,-73.98014437,member
1469444,FA60485240A39D0A,electric_bike,2022-03-02 08:57:42,2022-03-02 09:07:45,W 35 St & 9 Ave,6569,W 44 St & 5 Ave,6551,40.75414519263519,-73.9960889518261,40.75500254,-73.98014437,member
1469450,8D8EBB7F27C26F52,electric_bike,2022-03-13 12:55:10,2022-03-13 13:10:13,W 35 St & 9 Ave,6569,Pier 40 - Hudson River Park,5696,40.75414519263519,-73.9960889518261,40.7277140777778,-74.01129573583603,member
1469491,F86F1658D67820C5,electric_bike,2022-03-09 17:52:48,2022-03-09 18:03:50,W 35 St & 9 Ave,6569,E 47 St & 1 Ave,6498,40.75414519263519,-73.9960889518261,40.75206862,-73.96784384,member
1469511,6504BBBBA28EB219,classic_bike,2022-03-31 14:35:26,2022-03-31 15:22:41,W 35 St & 9 Ave,6569,Pier 40 - Hudson River Park,5696,40.75414519263519,-73.9960889518261,40.7277140777778,-74.01129573583603,member
1469522,6F06D92ACFB6CCFB,classic_bike,2022-03-09 16:40:01,2022-03-09 16:50:39,W 35 St & 9 Ave,6569,W 44 St & 5 Ave,6551,40.75414519263519,-73.9960889518261,40.75500254,-73.98014437,member
1470999,1821318945CE93D4,classic_bike,2022-03-11 17:03:19,2022-03-11 17:12:48,W 36 St & 9 Ave,6569,W 44 St & 5 Ave,6551,40.75462324029105,-73.99516761302948,40.75500254,-73.98014437,member
1471000,EE0C664629AD4AD1,classic_bike,2022-03-18 16:57:31,2022-03-18 17:18:16,W 36 St & 9 Ave,6569,Pier 40 - Hudson River Park,5696,40.75462324029105,-73.99516761302948,40.7277140777778,-74.01129573583603,member
1471001,C36EAB5B1ED62489,classic_bike,2022-03-04 16:03:26,2022-03-04 16:36:20,W 36 St & 9 Ave,6569,W 13 St & 5 Ave,5947,40.75462324029105,-73.99516761302948,40.735445,-73.99431,member
1471003,9230191D6F99DC7B,electric_bike,2022-03-10 06:43:10,2022-03-10 06:52:41,W 36 St & 9 Ave,6569,1 Ave & E 30 St,6079,40.75462324029105,-73.99516761302948,40.74144387,-73.97536082,member
1471650,086A3CFCB7C9DEF6,classic_bike,2022-03-02 16:38:53,2022-03-02 16:52:22,W 35 St & 9 Ave,6569,W 44 St & 5 Ave,6551,40.75414519263519,-73.9960889518261,40.75500254,-73.98014437,casual
1471655,02798570D11DD954,classic_bike,2022-03-19 17:16:13,2022-03-19 17:30:44,W 35 St & 9 Ave,6569,W 13 St & 5 Ave,5947,40.75414519263519,-73.9960889518261,40.735445,-73.99431,member
1471656,8DF38CC2BC414453,classic_bike,2022-03-19 07:33:35,2022-03-19 07:54:14,W 35 St & 9 Ave,6569,E 2 St & 2 Ave,5593,40.75414519263519,-73.9960889518261,40.72502876,-73.99069656,member
1472539,22D1AF2FD190882B,electric_bike,2022-03-13 14:08:20,2022-03-13 14:22:38,W 35 St & 9 Ave,6569,W 13 St & 5 Ave,5947,40.75414519263519,-73.9960889518261,40.735445,-73.99431,member
1472550,4A0AA1C5063F2AAB,electric_bike,2022-03-22 08:12:13,2022-03-22 08:23:45,W 35 St & 9 Ave,6569,1 Ave & E 30 St,6079,40.75414519263519,-73.9960889518261,40.74144387,-73.97536082,member
1472560,E6CC6E6072D54F5A,electric_bike,2022-03-30 18:04:55,2022-03-30 18:17:02,W 35 St & 9 Ave,6569,E 47 St & 1 Ave,6498,40.75414519263519,-73.9960889518261,40.75206862,-73.96784384,member
1473163,CE0A6A4857493E99,electric_bike,2022-03-29 17:48:20,2022-03-29 17:59:50,W 35 St & 9 Ave,6569,E 47 St & 1 Ave,6498,40.75414519263519,-73.9960889518261,40.75206862,-73.96784384,member
1473173,458EC4D3BC92279D,electric_bike,2022-03-07 11:10:09,2022-03-07 11:21:13,W 35 St & 9 Ave,6569,W 44 St & 5 Ave,6551,40.75414519263519,-73.9960889518261,40.75500254,-73.98014437,casual
1473631,4545166B4A2300E4,classic_bike,2022-03-07 09:23:39,2022-03-07 09:42:34,W 35 St & 9 Ave,6569,W 13 St & 5 Ave,5947,40.75414519263519,-73.9960889518261,40.735445,-73.99431,member
1474649,2BA98386DF7D09CC,classic_bike,2022-03-24 19:53:47,2022-03-24 19:59:35,W 35 St & 9 Ave,6569,W 56 St & 10 Ave,6955,40.75414519263519,-73.9960889518261,40.768254,-73.988639,member
1474650,960A3DB2705AAA1D,classic_bike,2022-03-02 20:16:16,2022-03-02 20:22:08,W 35 St & 9 Ave,6569,W 56 St & 10 Ave,6955,40.75414519263519,-73.9960889518261,40.768254,-73.988639,member
1474651,D9FB42C545C9BD4A,classic_bike,2022-03-15 15:28:42,2022-03-15 15:32:51,W 35 St & 9 Ave,6569,9 Ave & W 45 St,6717,40.75414519263519,-73.9960889518261,40.76019252,-73.9912551,member
1474853,CFCB933AE0498DF5,classic_bike,2022-03-29 11:56:42,2022-03-29 12:01:19,W 35 St & Dyer Ave,6569,9 Ave & W 45 St,6717,40.754691750226016,-73.99740189313889,40.76019252,-73.9912551,member
1474894,00FD2EF97F9F5211,electric_bike,2022-03-16 12:39:49,2022-03-16 12:50:40,W 35 St & Dyer Ave,6569,Broadway & W 58 St,6948,40.754691750226016,-73.99740189313889,40.76695317,-73.98169333,member
1474895,3900F93BD29C039F,classic_bike,2022-03-01 13:53:25,2022-03-01 14:07:02,W 35 St & Dyer Ave,6569,Broadway & W 58 St,6948,40.754691750226016,-73.99740189313889,40.76695317,-73.98169333,member
1474907,322FFBCFC482F527,electric_bike,2022-03-15 10:04:03,2022-03-15 10:21:04,W 35 St & Dyer Ave,6569,E 56 St & Madison Ave,6732,40.754691750226016,-73.99740189313889,40.761573,-73.972628,member
1474909,60A141372D05151D,electric_bike,2022-03-14 17:54:27,2022-03-14 18:05:52,W 35 St & Dyer Ave,6569,E 56 St & Madison Ave,6732,40.754691750226016,-73.99740189313889,40.761573,-73.972628,member
1475001,9BE445493D1F83B6,classic_bike,2022-03-07 20:28:58,2022-03-07 20:53:41,W 35 St & Dyer Ave,6569,Vesey Pl & River Terrace,5297,40.754691750226016,-73.99740189313889,40.7153379,-74.01658354,member
1475002,BE9CD2B65C618D6D,classic_bike,2022-03-26 16:31:54,2022-03-26 16:49:06,W 35 St & Dyer Ave,6569,Broadway & W 58 St,6948,40.754691750226016,-73.99740189313889,40.76695317,-73.98169333,member
1475813,9979C0D3D302D80A,classic_bike,2022-03-15 10:38:01,2022-03-15 11:04:04,W 36 St & 9 Ave,6569,Vesey Pl & River Terrace,5297,40.75462324029105,-73.99516761302948,40.7153379,-74.01658354,member
1475879,56E287343817238A,electric_bike,2022-03-29 08:01:34,2022-03-29 08:07:29,W 36 St & 9 Ave,6569,9 Ave & W 45 St,6717,40.75462324029105,-73.99516761302948,40.76019252,-73.9912551,member
1475889,A06249F8AAF16854,docked_bike,2022-03-20 12:36:35,2022-03-20 12:59:05,W 36 St & 9 Ave,6569,9 Ave & W 45 St,6717,40.754623,-73.995168,40.760193,-73.991255,casual
1475890,37DCCB7AEA368D30,electric_bike,2022-03-06 09:22:19,2022-03-06 09:50:04,W 36 St & 9 Ave,6569,Broadway & W 58 St,6948,40.75462324029105,-73.99516761302948,40.76695317,-73.98169333,member
1475912,17AE75DB5EF57879,classic_bike,2022-03-18 13:51:38,2022-03-18 13:57:13,W 35 St & Dyer Ave,6569,9 Ave & W 45 St,6717,40.754691750226016,-73.99740189313889,40.76019252,-73.9912551,member
1475913,888AD7781B539A41,classic_bike,2022-03-10 08:15:22,2022-03-10 08:26:15,W 35 St & Dyer Ave,6569,9 Ave & W 45 St,6717,40.754691750226016,-73.99740189313889,40.76019252,-73.9912551,member
1475919,4E905B76955B8E2A,classic_bike,2022-03-07 08:28:45,2022-03-07 08:56:16,W 35 St & Dyer Ave,6569,2 Ave & E 72 St,6925,40.754691750226016,-73.99740189313889,40.7687620293096,-73.95840793848038,member
1476023,DDE590A3023C4B3F,electric_bike,2022-03-18 08:44:12,2022-03-18 08:56:30,W 35 St & Dyer Ave,6569,Broadway & W 58 St,6948,40.754691750226016,-73.99740189313889,40.76695317,-73.98169333,member
1476653,86BC084B169B34C6,classic_bike,2022-03-19 10:06:13,2022-03-19 11:04:05,W 36 St & 9 Ave,6569,Broadway & W 58 St,6948,40.75462324029105,-73.99516761302948,40.76695317,-73.98169333,casual
1476668,559B4BF6DB26ADAE,classic_bike,2022-03-06 16:59:14,2022-03-06 17:10:19,W 36 St & 9 Ave,6569,Broadway & W 58 St,6948,40.75462324029105,-73.99516761302948,40.76695317,-73.98169333,member
1476669,F372A5EB9DBC2BAF,classic_bike,2022-03-16 09:08:25,2022-03-16 09:22:21,W 36 St & 9 Ave,6569,W 56 St & 10 Ave,6955,40.75462324029105,-73.99516761302948,40.768254,-73.988639,member
1479656,91264E0CB915422D,classic_bike,2022-03-22 08:41:16,2022-03-22 08:57:10,W 35 St & Dyer Ave,6569,Broadway & W 58 St,6948,40.754691750226016,-73.99740189313889,40.76695317,-73.98169333,member
1479678,3E9F4CCE166040A2,electric_bike,2022-03-22 18:31:48,2022-03-22 18:39:40,W 35 St & Dyer Ave,6569,W 56 St & 10 Ave,6955,40.754691750226016,-73.99740189313889,40.768254,-73.988639,member
1480345,F55AD6E1971FF252,classic_bike,2022-03-12 15:47:49,2022-03-12 15:52:16,W 36 St & 9 Ave,6569,9 Ave & W 45 St,6717,40.75462324029105,-73.99516761302948,40.76019252,-73.9912551,member
1480351,A0A05106A311CA16,classic_bike,2022-03-24 22:03:01,2022-03-24 22:06:30,W 36 St & 9 Ave,6569,9 Ave & W 45 St,6717,40.75462324029105,-73.99516761302948,40.76019252,-73.9912551,member
1480352,D0099FBE59CE280B,electric_bike,2022-03-21 11:01:24,2022-03-21 11:16:20,W 36 St & 9 Ave,6569,E 56 St & Madison Ave,6732,40.75462324029105,-73.99516761302948,40.761573,-73.972628,member
1480399,4F61B58EA3675719,electric_bike,2022-03-14 16:49:33,2022-03-14 16:56:14,W 36 St & 9 Ave,6569,W 56 St & 10 Ave,6955,40.75462324029105,-73.99516761302948,40.768254,-73.988639,member
1480402,526D19E8896CBF9F,classic_bike,2022-03-31 14:40:15,2022-03-31 14:52:51,W 36 St & 9 Ave,6569,Broadway & W 58 St,6948,40.75462324029105,-73.99516761302948,40.76695317,-73.98169333,member
1480407,C0BAD17FC66DAB66,classic_bike,2022-03-16 14:36:40,2022-03-16 15:08:03,W 36 St & 9 Ave,6569,Vesey Pl & River Terrace,5297,40.75462324029105,-73.99516761302948,40.7153379,-74.01658354,member
1480408,232E3CD8F77BEB11,electric_bike,2022-03-25 13:18:54,2022-03-25 13:26:49,W 36 St & 9 Ave,6569,W 56 St & 10 Ave,6955,40.75462324029105,-73.99516761302948,40.768254,-73.988639,member
1480409,0E7314CD131165B8,electric_bike,2022-03-25 08:35:54,2022-03-25 08:42:17,W 36 St & 9 Ave,6569,9 Ave & W 45 St,6717,40.75462324029105,-73.99516761302948,40.76019252,-73.9912551,casual
1480410,844672F2D1C46EED,classic_bike,2022-03-02 11:57:18,2022-03-02 12:09:37,W 36 St & 9 Ave,6569,W 56 St & 10 Ave,6955,40.75462324029105,-73.99516761302948,40.768254,-73.988639,casual
1480675,A06D9E8997A6318E,electric_bike,2022-03-23 10:32:07,2022-03-23 10:45:37,W 36 St & 9 Ave,6569,E 56 St & Madison Ave,6732,40.75462324029105,-73.99516761302948,40.761573,-73.972628,member
1480676,9B7170BB950EE607,classic_bike,2022-03-06 08:33:41,2022-03-06 09:01:59,W 36 St & 9 Ave,6569,Broadway & W 58 St,6948,40.75462324029105,-73.99516761302948,40.76695317,-73.98169333,member
1481682,CF83F5F1F7A60E69,classic_bike,2022-03-29 19:58:06,2022-03-29 20:06:59,W 35 St & 9 Ave,6569,W 56 St & 10 Ave,6955,40.75414519263519,-73.9960889518261,40.768254,-73.988639,member
1481759,174217F346C606B6,classic_bike,2022-03-31 18:12:52,2022-03-31 18:21:15,W 35 St & 9 Ave,6569,Broadway & W 58 St,6948,40.75414519263519,-73.9960889518261,40.76695317,-73.98169333,member
1481761,6B6E6C6E3C3F7647,classic_bike,2022-03-14 11:14:08,2022-03-14 11:33:10,W 35 St & 9 Ave,6569,E 56 St & Madison Ave,6732,40.75414519263519,-73.9960889518261,40.761573,-73.972628,member
1481769,FBD5BB35EF92F9DB,classic_bike,2022-03-02 14:43:23,2022-03-02 14:49:25,W 35 St & 9 Ave,6569,9 Ave & W 45 St,6717,40.75414519263519,-73.9960889518261,40.76019252,-73.9912551,member
1481776,2D0B952F8E3E12D8,classic_bike,2022-03-27 16:10:31,2022-03-27 16:16:42,W 35 St & 9 Ave,6569,W 56 St & 10 Ave,6955,40.75414519263519,-73.9960889518261,40.768254,-73.988639,member
1481777,58506CA9BA0AB006,classic_bike,2022-03-29 20:06:05,2022-03-29 20:13:07,W 35 St & 9 Ave,6569,W 56 St & 10 Ave,6955,40.75414519263519,-73.9960889518261,40.768254,-73.988639,member
1481778,01C51BE0E87E78BF,classic_bike,2022-03-30 19:57:17,2022-03-30 20:03:57,W 35 St & 9 Ave,6569,W 56 St & 10 Ave,6955,40.75414519263519,-73.9960889518261,40.768254,-73.988639,member
1481779,F223F89A084DB319,classic_bike,2022-03-12 13:34:19,2022-03-12 13:41:21,W 35 St & 9 Ave,6569,W 56 St & 10 Ave,6955,40.75414519263519,-73.9960889518261,40.768254,-73.988639,member
1482083,32AFC0AF48D8862B,classic_bike,2022-03-06 08:33:15,2022-03-06 09:02:06,W 36 St & 9 Ave,6569,Broadway & W 58 St,6948,40.75462324029105,-73.99516761302948,40.76695317,-73.98169333,casual
1482097,91CEF8BA76629B51,classic_bike,2022-03-09 07:12:49,2022-03-09 07:21:24,W 36 St & 9 Ave,6569,Broadway & W 58 St,6948,40.75462324029105,-73.99516761302948,40.76695317,-73.98169333,member
1482104,CA50A3DDF8916B08,classic_bike,2022-03-08 16:02:11,2022-03-08 16:08:01,W 36 St & 9 Ave,6569,9 Ave & W 45 St,6717,40.75462324029105,-73.99516761302948,40.76019252,-73.9912551,member
1482111,96133EE03196204C,electric_bike,2022-03-23 12:15:17,2022-03-23 12:20:11,W 36 St & 9 Ave,6569,9 Ave & W 45 St,6717,40.75462324029105,-73.99516761302948,40.76019252,-73.9912551,member
1482112,7E90CB9ED8B89FBF,electric_bike,2022-03-19 20:30:39,2022-03-19 20:35:21,W 36 St & 9 Ave,6569,9 Ave & W 45 St,6717,40.75462324029105,-73.99516761302948,40.76019252,-73.9912551,member
1483207,AD3AF2B329A6733D,classic_bike,2022-03-06 14:48:18,2022-03-06 15:02:56,W 35 St & Dyer Ave,6569,Broadway & W 58 St,6948,40.754691750226016,-73.99740189313889,40.76695317,-73.98169333,member
1483395,D12B5D775793C166,classic_bike,2022-03-22 20:19:34,2022-03-22 20:27:06,W 35 St & Dyer Ave,6569,W 56 St & 10 Ave,6955,40.754691750226016,-73.99740189313889,40.768254,-73.988639,member
1483396,3ACBE8724F956552,classic_bike,2022-03-03 08:24:23,2022-03-03 08:38:34,W 35 St & Dyer Ave,6569,9 Ave & W 45 St,6717,40.754691750226016,-73.99740189313889,40.76019252,-73.9912551,member
1483397,1981660F63559C91,classic_bike,2022-03-22 12:01:47,2022-03-22 12:05:47,W 35 St & Dyer Ave,6569,9 Ave & W 45 St,6717,40.754691750226016,-73.99740189313889,40.76019252,-73.9912551,member
1486569,CFEA1F65F4FE621E,classic_bike,2022-03-13 14:45:08,2022-03-13 14:59:52,W 35 St & Dyer Ave,6569,Broadway & W 58 St,6948,40.754691750226016,-73.99740189313889,40.76695317,-73.98169333,member
1486598,C9E60788DB18DF6E,electric_bike,2022-03-17 18:37:41,2022-03-17 18:43:33,W 35 St & Dyer Ave,6569,9 Ave & W 45 St,6717,40.754691750226016,-73.99740189313889,40.76019252,-73.9912551,casual
1486626,E4481D150699E6A2,classic_bike,2022-03-15 11:56:52,2022-03-15 12:00:06,W 35 St & Dyer Ave,6569,9 Ave & W 45 St,6717,40.754691750226016,-73.99740189313889,40.76019252,-73.9912551,member
1486627,F71EB70DC55D5125,classic_bike,2022-03-01 20:25:25,2022-03-01 20:32:59,W 35 St & Dyer Ave,6569,W 56 St & 10 Ave,6955,40.754691750226016,-73.99740189313889,40.768254,-73.988639,member
1486629,04BB6DB432B27766,electric_bike,2022-03-23 12:22:36,2022-03-23 12:27:03,W 35 St & Dyer Ave,6569,9 Ave & W 45 St,6717,40.754691750226016,-73.99740189313889,40.76019252,-73.9912551,member
1486647,506E7705A248B3E3,electric_bike,2022-03-31 21:19:52,2022-03-31 21:24:58,W 35 St & Dyer Ave,6569,W 56 St & 10 Ave,6955,40.754691750226016,-73.99740189313889,40.768254,-73.988639,member
1486649,AE413F90E7DB2359,classic_bike,2022-03-17 02:39:34,2022-03-17 02:45:56,W 35 St & Dyer Ave,6569,9 Ave & W 45 St,6717,40.754691750226016,-73.99740189313889,40.76019252,-73.9912551,member
1486653,68EE730C6B7BA12C,classic_bike,2022-03-19 17:59:24,2022-03-19 18:07:07,W 35 St & Dyer Ave,6569,9 Ave & W 45 St,6717,40.754691750226016,-73.99740189313889,40.76019252,-73.9912551,casual
1486662,9B5A6785F915C2A3,classic_bike,2022-03-30 17:13:37,2022-03-30 17:23:45,W 35 St & Dyer Ave,6569,Broadway & W 58 St,6948,40.754691750226016,-73.99740189313889,40.76695317,-73.98169333,member
1486667,B3554AED639EE04C,classic_bike,2022-03-05 18:12:04,2022-03-05 18:22:24,W 35 St & Dyer Ave,6569,9 Ave & W 45 St,6717,40.754691750226016,-73.99740189313889,40.76019252,-73.9912551,casual
1487429,506C97C302D55B7E,classic_bike,2022-03-17 08:21:10,2022-03-17 08:26:14,W 35 St & Dyer Ave,6569,9 Ave & W 45 St,6717,40.754691750226016,-73.99740189313889,40.76019252,-73.9912551,member
1487813,A9D4CE94D23EC1AC,classic_bike,2022-03-23 08:41:01,2022-03-23 09:09:43,W 35 St & Dyer Ave,6569,2 Ave & E 72 St,6925,40.754691750226016,-73.99740189313889,40.7687620293096,-73.95840793848038,member
1488348,746888D59505383C,classic_bike,2022-03-19 09:59:37,2022-03-19 11:03:49,W 36 St & 9 Ave,6569,Broadway & W 58 St,6948,40.75462324029105,-73.99516761302948,40.76695317,-73.98169333,casual
1488350,789C58B15C9DD141,electric_bike,2022-03-05 07:40:55,2022-03-05 07:46:20,W 36 St & 9 Ave,6569,9 Ave & W 45 St,6717,40.75462324029105,-73.99516761302948,40.76019252,-73.9912551,member
1488351,06E720ED864321BE,classic_bike,2022-03-18 18:46:30,2022-03-18 18:56:05,W 36 St & 9 Ave,6569,9 Ave & W 45 St,6717,40.75462324029105,-73.99516761302948,40.76019252,-73.9912551,member
1488383,5D3493ADABD88FED,docked_bike,2022-03-30 15:26:56,2022-03-30 15:32:36,W 36 St & 9 Ave,6569,9 Ave & W 45 St,6717,40.754623,-73.995168,40.760193,-73.991255,casual
1488390,85C77034D0823AB1,electric_bike,2022-03-24 17:48:54,2022-03-24 17:55:56,W 36 St & 9 Ave,6569,9 Ave & W 45 St,6717,40.75462324029105,-73.99516761302948,40.76019252,-73.9912551,member
1488459,66B4C42F13A84325,electric_bike,2022-03-28 11:55:09,2022-03-28 12:08:52,W 36 St & 9 Ave,6569,E 56 St & Madison Ave,6732,40.75462324029105,-73.99516761302948,40.761573,-73.972628,member
1488472,F4F5390938C3EE47,classic_bike,2022-03-19 10:06:26,2022-03-19 11:04:06,W 36 St & 9 Ave,6569,Broadway & W 58 St,6948,40.75462324029105,-73.99516761302948,40.76695317,-73.98169333,casual
1489353,A6A29AE6513E30E8,electric_bike,2022-03-02 13:04:53,2022-03-02 13:12:47,W 35 St & 9 Ave,6569,9 Ave & W 45 St,6717,40.75414519263519,-73.9960889518261,40.76019252,-73.9912551,member
1489359,BECA3822FABD07C6,classic_bike,2022-03-18 08:22:58,2022-03-18 08:32:35,W 35 St & 9 Ave,6569,W 56 St & 10 Ave,6955,40.75414519263519,-73.9960889518261,40.768254,-73.988639,member
1489360,71076946AC70DBFA,classic_bike,2022-03-18 15:34:13,2022-03-18 15:49:11,W 35 St & 9 Ave,6569,W 56 St & 10 Ave,6955,40.75414519263519,-73.9960889518261,40.768254,-73.988639,casual
1489408,753B74F964BE3BB4,electric_bike,2022-03-08 14:06:39,2022-03-08 14:15:45,W 35 St & 9 Ave,6569,Broadway & W 58 St,6948,40.75414519263519,-73.9960889518261,40.76695317,-73.98169333,member
1489411,F87F28962D331CBB,electric_bike,2022-03-31 18:18:18,2022-03-31 18:25:05,W 35 St & 9 Ave,6569,W 56 St & 10 Ave,6955,40.75414519263519,-73.9960889518261,40.768254,-73.988639,member
1489414,0CB6F1778B3F1284,classic_bike,2022-03-18 12:38:44,2022-03-18 12:45:57,W 35 St & 9 Ave,6569,W 56 St & 10 Ave,6955,40.75414519263519,-73.9960889518261,40.768254,-73.988639,member
1489423,16997AFB362034F0,classic_bike,2022-03-30 13:26:11,2022-03-30 13:36:19,W 35 St & 9 Ave,6569,Broadway & W 58 St,6948,40.75414519263519,-73.9960889518261,40.76695317,-73.98169333,member
1489424,C5F6BF28846D2BDC,classic_bike,2022-03-16 15:36:08,2022-03-16 15:49:03,W 35 St & 9 Ave,6569,W 56 St & 10 Ave,6955,40.75414519263519,-73.9960889518261,40.768254,-73.988639,member
1489911,AC611C54D1AF0C1A,classic_bike,2022-03-31 19:04:07,2022-03-31 19:10:29,W 35 St & 9 Ave,6569,9 Ave & W 45 St,6717,40.75414519263519,-73.9960889518261,40.76019252,-73.9912551,member
1489941,58000C93DAAA2F45,electric_bike,2022-03-11 10:53:06,2022-03-11 11:02:34,W 36 St & 9 Ave,6569,Broadway & W 58 St,6948,40.75462324029105,-73.99516761302948,40.76695317,-73.98169333,member
1489947,90FD52099D4D6CD8,electric_bike,2022-03-03 16:01:57,2022-03-03 16:08:02,W 35 St & 9 Ave,6569,W 56 St & 10 Ave,6955,40.75414519263519,-73.9960889518261,40.768254,-73.988639,member
1489948,B5512CE6B1291D50,classic_bike,2022-03-26 16:53:28,2022-03-26 17:28:52,W 35 St & 9 Ave,6569,Broadway & W 58 St,6948,40.75414519263519,-73.9960889518261,40.76695317,-73.98169333,casual
1489957,15D234BD4B1521A8,classic_bike,2022-03-27 13:50:51,2022-03-27 13:59:58,W 36 St & 9 Ave,6569,Broadway & W 58 St,6948,40.75462324029105,-73.99516761302948,40.76695317,-73.98169333,member
1490034,520CE65C9B0B52F5,electric_bike,2022-03-16 20:01:26,2022-03-16 20:06:54,W 36 St & 9 Ave,6569,9 Ave & W 45 St,6717,40.75462324029105,-73.99516761302948,40.76019252,-73.9912551,member
1490815,212017E42B878083,classic_bike,2022-03-06 20:45:25,2022-03-06 20:52:44,W 36 St & 9 Ave,6569,9 Ave & W 45 St,6717,40.75462324029105,-73.99516761302948,40.76019252,-73.9912551,member
1491223,8811AD9AF4BE8889,classic_bike,2022-03-26 16:51:17,2022-03-26 17:29:04,W 35 St & 9 Ave,6569,Broadway & W 58 St,6948,40.75414519263519,-73.9960889518261,40.76695317,-73.98169333,casual
1491234,C385C7F485E9D47E,classic_bike,2022-03-30 14:50:55,2022-03-30 14:55:19,W 35 St & 9 Ave,6569,9 Ave & W 45 St,6717,40.75414519263519,-73.9960889518261,40.76019252,-73.9912551,member
1496663,5455A00918DE2081,electric_bike,2022-03-06 01:36:55,2022-03-06 01:41:07,W 35 St & Dyer Ave,6569,9 Ave & W 45 St,6717,40.754691750226016,-73.99740189313889,40.76019252,-73.9912551,member
1498230,8F7F6CFB3D6BFD73,classic_bike,2022-03-08 10:14:08,2022-03-08 10:32:46,W 35 St & 9 Ave,6569,Vesey Pl & River Terrace,5297,40.75414519263519,-73.9960889518261,40.7153379,-74.01658354,member
1498241,06FEF37B2329B906,classic_bike,2022-03-09 19:30:27,2022-03-09 19:37:06,W 35 St & 9 Ave,6569,W 56 St & 10 Ave,6955,40.75414519263519,-73.9960889518261,40.768254,-73.988639,member
1498242,8DFED0387510EDB9,classic_bike,2022-03-26 17:54:23,2022-03-26 18:00:59,W 35 St & 9 Ave,6569,W 56 St & 10 Ave,6955,40.75414519263519,-73.9960889518261,40.768254,-73.988639,member
1498282,3FE5FB8976ABBA20,electric_bike,2022-03-25 18:51:12,2022-03-25 18:57:49,W 35 St & 9 Ave,6569,W 56 St & 10 Ave,6955,40.75414519263519,-73.9960889518261,40.768254,-73.988639,member
1498297,8AE318A61C6E4EE4,classic_bike,2022-03-28 20:00:15,2022-03-28 20:07:06,W 35 St & 9 Ave,6569,W 56 St & 10 Ave,6955,40.75414519263519,-73.9960889518261,40.768254,-73.988639,member
1498317,7A5A8E4773D09F81,classic_bike,2022-03-01 17:12:46,2022-03-01 17:19:56,W 35 St & 9 Ave,6569,W 56 St & 10 Ave,6955,40.75414519263519,-73.9960889518261,40.768254,-73.988639,member
1498328,73EAD79FF5F2CAC9,electric_bike,2022-03-02 18:32:04,2022-03-02 18:39:20,W 35 St & 9 Ave,6569,W 56 St & 10 Ave,6955,40.75414519263519,-73.9960889518261,40.768254,-73.988639,member
1499005,ACD71B6625A1E462,classic_bike,2022-03-09 14:43:55,2022-03-09 14:48:30,W 35 St & 9 Ave,6569,9 Ave & W 45 St,6717,40.75414519263519,-73.9960889518261,40.76019252,-73.9912551,member
1499006,646FD80704498B98,classic_bike,2022-03-11 17:46:58,2022-03-11 17:50:51,W 35 St & 9 Ave,6569,9 Ave & W 45 St,6717,40.75414519263519,-73.9960889518261,40.76019252,-73.9912551,member
1499008,C1962C886D37E4F5,classic_bike,2022-03-20 14:34:50,2022-03-20 14:45:26,W 35 St & 9 Ave,6569,Broadway & W 58 St,6948,40.75414519263519,-73.9960889518261,40.76695317,-73.98169333,member
1499009,10C23A64B80E2928,classic_bike,2022-03-31 18:34:31,2022-03-31 18:43:31,W 35 St & 9 Ave,6569,W 56 St & 10 Ave,6955,40.75414519263519,-73.9960889518261,40.768254,-73.988639,member
1499096,2CCA96E2A3D400C4,electric_bike,2022-03-09 21:25:12,2022-03-09 22:04:23,W 35 St & 9 Ave,6569,Broadway & W 58 St,6948,40.75414519263519,-73.9960889518261,40.76695317,-73.98169333,member
1499841,0071A9E91A3511B4,classic_bike,2022-03-14 14:36:46,2022-03-14 14:42:08,W 35 St & 9 Ave,6569,9 Ave & W 45 St,6717,40.75414519263519,-73.9960889518261,40.76019252,-73.9912551,member
1499842,E90FD46A9B10D88E,classic_bike,2022-03-28 15:22:45,2022-03-28 15:27:33,W 35 St & 9 Ave,6569,9 Ave & W 45 St,6717,40.75414519263519,-73.9960889518261,40.76019252,-73.9912551,member
1499878,8D63E537CE27016E,classic_bike,2022-03-17 18:24:32,2022-03-17 18:33:34,W 35 St & 9 Ave,6569,Broadway & W 58 St,6948,40.75414519263519,-73.9960889518261,40.76695317,-73.98169333,member
1499932,43C90D367EA54DC9,classic_bike,2022-03-06 21:01:50,2022-03-06 21:08:19,W 35 St & 9 Ave,6569,W 56 St & 10 Ave,6955,40.75414519263519,-73.9960889518261,40.768254,-73.988639,member
1499933,458098BF11FC430F,electric_bike,2022-03-27 17:14:15,2022-03-27 17:19:14,W 35 St & 9 Ave,6569,9 Ave & W 45 St,6717,40.75414519263519,-73.9960889518261,40.76019252,-73.9912551,member
1499936,563819865F0FC6C9,classic_bike,2022-03-17 15:11:07,2022-03-17 15:19:45,W 35 St & 9 Ave,6569,W 56 St & 10 Ave,6955,40.75414519263519,-73.9960889518261,40.768254,-73.988639,casual
1500569,1004668A65BB3229,classic_bike,2022-03-20 19:40:30,2022-03-20 19:47:22,W 35 St & 9 Ave,6569,W 56 St & 10 Ave,6955,40.75414519263519,-73.9960889518261,40.768254,-73.988639,member
1502015,AA5511CFA6C35E7E,electric_bike,2022-03-30 08:38:56,2022-03-30 09:00:23,W 35 St & 9 Ave,6569,Vesey Pl & River Terrace,5297,40.75414519263519,-73.9960889518261,40.7153379,-74.01658354,member
1502019,75F46AEC791C7D66,classic_bike,2022-03-12 19:33:04,2022-03-12 19:39:17,W 35 St & 9 Ave,6569,9 Ave & W 45 St,6717,40.75414519263519,-73.9960889518261,40.76019252,-73.9912551,member
1502020,E00908A1E1AC14E5,classic_bike,2022-03-17 18:33:57,2022-03-17 18:42:48,W 35 St & 9 Ave,6569,W 56 St & 10 Ave,6955,40.75414519263519,-73.9960889518261,40.768254,-73.988639,member
1502021,26908E47EC574B86,electric_bike,2022-03-31 17:03:27,2022-03-31 17:10:03,W 35 St & 9 Ave,6569,W 56 St & 10 Ave,6955,40.75414519263519,-73.9960889518261,40.768254,-73.988639,member
1502025,1AB1F27FE61666AD,classic_bike,2022-03-08 15:19:54,2022-03-08 15:24:16,W 35 St & 9 Ave,6569,9 Ave & W 45 St,6717,40.75414519263519,-73.9960889518261,40.76019252,-73.9912551,member
1502038,6FD3A5071114174D,classic_bike,2022-03-06 17:34:18,2022-03-06 17:47:55,W 35 St & 9 Ave,6569,W 56 St & 10 Ave,6955,40.75414519263519,-73.9960889518261,40.768254,-73.988639,casual
1502039,AD8A4CB1A7640B4B,classic_bike,2022-03-04 15:24:09,2022-03-04 15:28:44,W 35 St & 9 Ave,6569,9 Ave & W 45 St,6717,40.75414519263519,-73.9960889518261,40.76019252,-73.9912551,member
1502040,2CF3F362608570A1,classic_bike,2022-03-06 12:22:13,2022-03-06 12:43:43,W 35 St & 9 Ave,6569,E 77 St & 3 Ave,7092,40.75414519263519,-73.9960889518261,40.77314236,-73.95856158,member
1502239,05087EAE19EA6C30,electric_bike,2022-03-21 16:29:20,2022-03-21 16:34:15,W 35 St & 9 Ave,6569,9 Ave & W 45 St,6717,40.75414519263519,-73.9960889518261,40.76019252,-73.9912551,member
1502252,C6ED8BAC97758A24,classic_bike,2022-03-16 18:56:58,2022-03-16 19:06:56,W 35 St & 9 Ave,6569,W 56 St & 10 Ave,6955,40.75414519263519,-73.9960889518261,40.768254,-73.988639,member
1502253,7FBA098B27E463CC,classic_bike,2022-03-30 18:08:10,2022-03-30 18:16:46,W 35 St & 9 Ave,6569,W 56 St & 10 Ave,6955,40.75414519263519,-73.9960889518261,40.768254,-73.988639,member
1502254,9E9DFFF293F1980B,electric_bike,2022-03-16 17:48:18,2022-03-16 17:55:48,W 35 St & 9 Ave,6569,W 56 St & 10 Ave,6955,40.75414519263519,-73.9960889518261,40.768254,-73.988639,member
1502264,778A98C217195F0A,classic_bike,2022-03-20 15:35:45,2022-03-20 15:43:42,W 35 St & 9 Ave,6569,9 Ave & W 45 St,6717,40.75414519263519,-73.9960889518261,40.76019252,-73.9912551,member
1502267,4859CB4785A051D4,classic_bike,2022-03-01 17:43:30,2022-03-01 17:51:43,W 35 St & 9 Ave,6569,9 Ave & W 45 St,6717,40.75414519263519,-73.9960889518261,40.76019252,-73.9912551,member
1502975,6AA375E4FDBE3EA2,electric_bike,2022-03-21 22:53:26,2022-03-21 23:18:25,W 35 St & 9 Ave,6569,E 56 St & Madison Ave,6732,40.75414519263519,-73.9960889518261,40.761573,-73.972628,member
1502976,300B7C9501D13323,classic_bike,2022-03-20 13:32:44,2022-03-20 13:45:06,W 35 St & 9 Ave,6569,Broadway & W 58 St,6948,40.75414519263519,-73.9960889518261,40.76695317,-73.98169333,member
1503551,A382BA4DA5A1C7D4,classic_bike,2022-03-10 08:42:59,2022-03-10 09:03:02,W 35 St & 9 Ave,6569,E 56 St & Madison Ave,6732,40.75414519263519,-73.9960889518261,40.761573,-73.972628,member
1503601,66466072F1961AE1,classic_bike,2022-03-24 18:29:23,2022-03-24 18:39:02,W 35 St & 9 Ave,6569,W 56 St & 10 Ave,6955,40.75414519263519,-73.9960889518261,40.768254,-73.988639,member
1503602,1CDED0EAAE066C79,classic_bike,2022-03-04 17:46:35,2022-03-04 17:51:26,W 35 St & 9 Ave,6569,9 Ave & W 45 St,6717,40.75414519263519,-73.9960889518261,40.76019252,-73.9912551,member
1503854,63F3182F6572C614,classic_bike,2022-03-31 10:10:17,2022-03-31 10:35:26,W 35 St & 9 Ave,6569,E 77 St & 3 Ave,7092,40.75414519263519,-73.9960889518261,40.77314236,-73.95856158,member
1503857,83E299E26F767CCD,classic_bike,2022-03-23 12:12:24,2022-03-23 12:20:36,W 35 St & 9 Ave,6569,W 56 St & 10 Ave,6955,40.75414519263519,-73.9960889518261,40.768254,-73.988639,member
1503861,3F53CB9421B85698,classic_bike,2022-03-06 01:44:47,2022-03-06 01:52:37,W 35 St & 9 Ave,6569,W 56 St & 10 Ave,6955,40.75414519263519,-73.9960889518261,40.768254,-73.988639,member
1504595,3137CC3C8E20D7BD,classic_bike,2022-03-16 15:33:12,2022-03-16 15:37:51,W 36 St & 9 Ave,6569,W 43 St & 10 Ave,6756,40.75462324029105,-73.99516761302948,40.76009437,-73.99461843,member
1504616,594E5168A847196D,classic_bike,2022-03-25 10:02:55,2022-03-25 10:06:44,W 36 St & 9 Ave,6569,W 43 St & 10 Ave,6756,40.75462324029105,-73.99516761302948,40.76009437,-73.99461843,member
1504655,7A9672BE4D906897,classic_bike,2022-03-11 20:35:16,2022-03-11 20:41:20,W 36 St & 9 Ave,6569,W 43 St & 10 Ave,6756,40.75462324029105,-73.99516761302948,40.76009437,-73.99461843,member
1504656,A2E324B098A5BCED,electric_bike,2022-03-07 20:34:51,2022-03-07 20:39:33,W 36 St & 9 Ave,6569,W 43 St & 10 Ave,6756,40.75462324029105,-73.99516761302948,40.76009437,-73.99461843,member
1504658,65FCF034D31D7923,classic_bike,2022-03-19 13:09:16,2022-03-19 13:14:43,W 36 St & 9 Ave,6569,W 26 St & 10 Ave,6382,40.75462324029105,-73.99516761302948,40.749717753,-74.002950346,member
1504660,CDFB105CD946FBB1,electric_bike,2022-03-25 16:29:32,2022-03-25 16:34:52,W 36 St & 9 Ave,6569,W 43 St & 10 Ave,6756,40.75462324029105,-73.99516761302948,40.76009437,-73.99461843,member
1505207,91F3F4B8B38D1299,electric_bike,2022-03-16 20:33:35,2022-03-16 20:37:48,W 36 St & 9 Ave,6569,W 43 St & 10 Ave,6756,40.75462324029105,-73.99516761302948,40.76009437,-73.99461843,member
1506248,D9D0EC09B4552C44,classic_bike,2022-03-13 10:19:46,2022-03-13 10:41:15,W 35 St & Dyer Ave,6569,Central Park West & W 76 St,7253,40.754691750226016,-73.99740189313889,40.77896784,-73.97374737,casual
1506260,B89EE7DC7F75AA95,electric_bike,2022-03-27 16:59:10,2022-03-27 17:02:21,W 35 St & Dyer Ave,6569,W 43 St & 10 Ave,6756,40.754691750226016,-73.99740189313889,40.76009437,-73.99461843,member
1506266,EBBD6BC7C5DC9EE3,electric_bike,2022-03-13 19:48:59,2022-03-13 19:53:02,W 35 St & Dyer Ave,6569,W 43 St & 10 Ave,6756,40.754691750226016,-73.99740189313889,40.76009437,-73.99461843,member
1506268,8DF850C5FC9C614E,classic_bike,2022-03-16 19:44:04,2022-03-16 19:48:38,W 35 St & Dyer Ave,6569,W 43 St & 10 Ave,6756,40.754691750226016,-73.99740189313889,40.76009437,-73.99461843,member
1506273,7996DCB23A8721B3,classic_bike,2022-03-07 18:43:21,2022-03-07 18:49:32,W 35 St & Dyer Ave,6569,W 26 St & 10 Ave,6382,40.754691750226016,-73.99740189313889,40.749717753,-74.002950346,member
1506327,CB6A883C16AD9AEC,electric_bike,2022-03-17 17:17:34,2022-03-17 17:24:54,W 35 St & Dyer Ave,6569,W 26 St & 10 Ave,6382,40.754691750226016,-73.99740189313889,40.749717753,-74.002950346,member
1506517,1C37EB02819F4436,classic_bike,2022-03-25 09:25:51,2022-03-25 09:32:39,W 36 St & 9 Ave,6569,W 43 St & 10 Ave,6756,40.75462324029105,-73.99516761302948,40.76009437,-73.99461843,member
1506518,AB38E33D4834F52B,classic_bike,2022-03-14 18:33:44,2022-03-14 18:39:33,W 36 St & 9 Ave,6569,W 43 St & 10 Ave,6756,40.75462324029105,-73.99516761302948,40.76009437,-73.99461843,member
1507452,951D2BC89615D157,classic_bike,2022-03-14 15:15:37,2022-03-14 15:41:22,W 36 St & 9 Ave,6569,Central Park West & W 76 St,7253,40.75462324029105,-73.99516761302948,40.77896784,-73.97374737,casual
1507453,8503E6D62977367B,classic_bike,2022-03-23 13:48:31,2022-03-23 13:53:26,W 36 St & 9 Ave,6569,W 43 St & 10 Ave,6756,40.75462324029105,-73.99516761302948,40.76009437,-73.99461843,member
1507457,747C92317E0E31C1,classic_bike,2022-03-21 13:39:46,2022-03-21 13:42:59,W 36 St & 9 Ave,6569,W 43 St & 10 Ave,6756,40.75462324029105,-73.99516761302948,40.76009437,-73.99461843,member
1507458,2E55B52C0F0FE5A2,electric_bike,2022-03-29 09:40:48,2022-03-29 09:47:27,W 36 St & 9 Ave,6569,W 26 St & 10 Ave,6382,40.75462324029105,-73.99516761302948,40.749717753,-74.002950346,member
1507462,09321957FF249B62,classic_bike,2022-03-15 17:43:21,2022-03-15 17:52:08,W 36 St & 9 Ave,6569,W 43 St & 10 Ave,6756,40.75462324029105,-73.99516761302948,40.76009437,-73.99461843,member
1507463,809E3F391054BAF2,classic_bike,2022-03-05 14:42:02,2022-03-05 14:52:24,W 36 St & 9 Ave,6569,W 43 St & 10 Ave,6756,40.75462324029105,-73.99516761302948,40.76009437,-73.99461843,member
1507472,D47B87270D3A3153,electric_bike,2022-03-29 21:36:16,2022-03-29 21:40:56,W 36 St & 9 Ave,6569,W 43 St & 10 Ave,6756,40.75462324029105,-73.99516761302948,40.76009437,-73.99461843,member
1507473,C9D084E172D9A666,classic_bike,2022-03-18 20:33:36,2022-03-18 20:41:39,W 36 St & 9 Ave,6569,W 43 St & 10 Ave,6756,40.75462324029105,-73.99516761302948,40.76009437,-73.99461843,member
1507475,346EE6C42E069F7D,electric_bike,2022-03-15 12:05:40,2022-03-15 12:11:24,W 36 St & 9 Ave,6569,W 26 St & 10 Ave,6382,40.75462324029105,-73.99516761302948,40.749717753,-74.002950346,member
1507476,D8B4314180D99A67,classic_bike,2022-03-21 20:31:25,2022-03-21 20:37:00,W 36 St & 9 Ave,6569,W 43 St & 10 Ave,6756,40.75462324029105,-73.99516761302948,40.76009437,-73.99461843,member
1507477,720F4FEDCC395414,electric_bike,2022-03-02 20:11:48,2022-03-02 20:15:28,W 36 St & 9 Ave,6569,W 43 St & 10 Ave,6756,40.75462324029105,-73.99516761302948,40.76009437,-73.99461843,member
1507478,D34194D5D6B6C07B,electric_bike,2022-03-23 20:35:39,2022-03-23 20:41:08,W 36 St & 9 Ave,6569,W 43 St & 10 Ave,6756,40.75462324029105,-73.99516761302948,40.76009437,-73.99461843,member
1507479,C00495F3FDEAE44B,electric_bike,2022-03-24 08:06:54,2022-03-24 08:11:57,W 36 St & 9 Ave,6569,W 43 St & 10 Ave,6756,40.75462324029105,-73.99516761302948,40.76009437,-73.99461843,member
1507480,7BC2A6116406D305,classic_bike,2022-03-10 10:25:46,2022-03-10 10:29:18,W 36 St & 9 Ave,6569,W 43 St & 10 Ave,6756,40.75462324029105,-73.99516761302948,40.76009437,-73.99461843,member
1507482,4D1AD016553C6080,classic_bike,2022-03-20 18:32:16,2022-03-20 18:40:26,W 36 St & 9 Ave,6569,W 43 St & 10 Ave,6756,40.75462324029105,-73.99516761302948,40.76009437,-73.99461843,member
1507491,C71E91291AEA083F,classic_bike,2022-03-16 15:35:55,2022-03-16 15:42:25,W 36 St & 9 Ave,6569,W 26 St & 10 Ave,6382,40.75462324029105,-73.99516761302948,40.749717753,-74.002950346,member
1507492,CB2C0206D7A81492,electric_bike,2022-03-03 19:51:43,2022-03-03 19:55:58,W 36 St & 9 Ave,6569,W 43 St & 10 Ave,6756,40.75462324029105,-73.99516761302948,40.76009437,-73.99461843,member
1507493,D2A944C012713EB9,classic_bike,2022-03-18 09:38:17,2022-03-18 09:46:26,W 36 St & 9 Ave,6569,W 26 St & 10 Ave,6382,40.75462324029105,-73.99516761302948,40.749717753,-74.002950346,member
1507500,3A127840FC904F28,electric_bike,2022-03-14 12:10:15,2022-03-14 12:14:35,W 36 St & 9 Ave,6569,W 26 St & 10 Ave,6382,40.75462324029105,-73.99516761302948,40.749717753,-74.002950346,member
1507511,8D2A4C3ABF7AB9BA,classic_bike,2022-03-26 16:15:47,2022-03-26 16:22:27,W 36 St & 9 Ave,6569,W 26 St & 10 Ave,6382,40.75462324029105,-73.99516761302948,40.749717753,-74.002950346,member
1508824,A3906F01D3C2E7A0,classic_bike,2022-03-01 20:28:46,2022-03-01 20:35:14,W 36 St & 9 Ave,6569,W 43 St & 10 Ave,6756,40.75462324029105,-73.99516761302948,40.76009437,-73.99461843,member
1508835,6E291F5E6D1A3A77,classic_bike,2022-03-13 09:43:36,2022-03-13 09:49:22,W 36 St & 9 Ave,6569,W 43 St & 10 Ave,6756,40.75462324029105,-73.99516761302948,40.76009437,-73.99461843,member
1508836,BA7FB992E83FCFCD,electric_bike,2022-03-26 16:03:55,2022-03-26 16:09:04,W 36 St & 9 Ave,6569,W 43 St & 10 Ave,6756,40.75462324029105,-73.99516761302948,40.76009437,-73.99461843,member
1509534,AE29A5528784BCE4,classic_bike,2022-03-06 20:32:54,2022-03-06 20:36:54,W 35 St & 9 Ave,6569,W 43 St & 10 Ave,6756,40.75414519263519,-73.9960889518261,40.76009437,-73.99461843,member
1509535,FA3D24CA53FC1FBD,classic_bike,2022-03-10 17:18:43,2022-03-10 17:22:23,W 35 St & 9 Ave,6569,W 43 St & 10 Ave,6756,40.75414519263519,-73.9960889518261,40.76009437,-73.99461843,member
1509541,7B2F6A1F8E78F666,classic_bike,2022-03-08 21:10:10,2022-03-08 21:16:47,W 35 St & 9 Ave,6569,W 26 St & 10 Ave,6382,40.75414519263519,-73.9960889518261,40.749717753,-74.002950346,member
1509563,16A2AF266C80913F,classic_bike,2022-03-14 13:45:30,2022-03-14 14:07:21,W 35 St & 9 Ave,6569,E 58 St & 1 Ave (NW Corner),6723,40.75414519263519,-73.9960889518261,40.759125,-73.962658,member
1509566,DBB1F197C1AC1693,classic_bike,2022-03-24 18:17:09,2022-03-24 18:44:10,W 35 St & 9 Ave,6569,Suffolk St & Stanton St,5445,40.75414519263519,-73.9960889518261,40.72066442,-73.98517977,casual
1510231,D2D79E6F057C9946,classic_bike,2022-03-22 21:38:45,2022-03-22 21:42:02,W 35 St & Dyer Ave,6569,W 43 St & 10 Ave,6756,40.754691750226016,-73.99740189313889,40.76009437,-73.99461843,member
1510233,74F33411EC022913,classic_bike,2022-03-17 18:20:36,2022-03-17 18:25:30,W 35 St & Dyer Ave,6569,W 43 St & 10 Ave,6756,40.754691750226016,-73.99740189313889,40.76009437,-73.99461843,casual
1510235,8C3D8455D8BFA79C,classic_bike,2022-03-26 20:20:58,2022-03-26 20:23:50,W 35 St & Dyer Ave,6569,W 43 St & 10 Ave,6756,40.754691750226016,-73.99740189313889,40.76009437,-73.99461843,member
1510265,7D50F5253BDD09B7,classic_bike,2022-03-03 18:59:45,2022-03-03 19:05:56,W 35 St & Dyer Ave,6569,W 43 St & 10 Ave,6756,40.754691750226016,-73.99740189313889,40.76009437,-73.99461843,member
1510284,EB1844E952978EFD,classic_bike,2022-03-08 21:23:26,2022-03-08 21:27:43,W 35 St & Dyer Ave,6569,W 43 St & 10 Ave,6756,40.754691750226016,-73.99740189313889,40.76009437,-73.99461843,member
1510290,896F7A4AFA6EA2EC,classic_bike,2022-03-22 18:40:34,2022-03-22 18:43:58,W 35 St & Dyer Ave,6569,W 43 St & 10 Ave,6756,40.754691750226016,-73.99740189313889,40.76009437,-73.99461843,member
1510291,AEFD532A41B6BE1A,electric_bike,2022-03-14 17:18:33,2022-03-14 17:23:26,W 35 St & Dyer Ave,6569,W 26 St & 10 Ave,6382,40.754691750226016,-73.99740189313889,40.749717753,-74.002950346,member
1511210,46923043AFE262DC,classic_bike,2022-03-19 14:45:31,2022-03-19 14:49:29,W 36 St & 9 Ave,6569,W 43 St & 10 Ave,6756,40.75462324029105,-73.99516761302948,40.76009437,-73.99461843,member
1511212,42B465352168D2C2,electric_bike,2022-03-18 07:48:12,2022-03-18 07:52:57,W 36 St & 9 Ave,6569,W 43 St & 10 Ave,6756,40.75462324029105,-73.99516761302948,40.76009437,-73.99461843,member
1511221,05EFC135431A4C78,classic_bike,2022-03-19 09:05:51,2022-03-19 09:10:25,W 36 St & 9 Ave,6569,W 43 St & 10 Ave,6756,40.75462324029105,-73.99516761302948,40.76009437,-73.99461843,member
1511229,F24D7709AAD217CE,electric_bike,2022-03-27 13:48:16,2022-03-27 14:08:54,W 36 St & 9 Ave,6569,W 95 St & Broadway,7541,40.75462324029105,-73.99516761302948,40.7937704,-73.971888,member
1511231,9CA307ABD57FCD80,electric_bike,2022-03-07 19:03:34,2022-03-07 19:09:47,W 36 St & 9 Ave,6569,W 43 St & 10 Ave,6756,40.75462324029105,-73.99516761302948,40.76009437,-73.99461843,casual
1511232,84908CDA08EDA066,electric_bike,2022-03-23 16:57:27,2022-03-23 17:05:42,W 36 St & 9 Ave,6569,W 43 St & 10 Ave,6756,40.75462324029105,-73.99516761302948,40.76009437,-73.99461843,member
1511235,4078331E425D0FBC,classic_bike,2022-03-24 16:03:11,2022-03-24 16:08:06,W 36 St & 9 Ave,6569,W 43 St & 10 Ave,6756,40.75462324029105,-73.99516761302948,40.76009437,-73.99461843,member
1511243,5785AF4822E80D4A,electric_bike,2022-03-25 17:37:44,2022-03-25 17:43:56,W 36 St & 9 Ave,6569,W 43 St & 10 Ave,6756,40.75462324029105,-73.99516761302948,40.76009437,-73.99461843,member
1511245,76F973A247F81CAF,electric_bike,2022-03-26 14:37:50,2022-03-26 14:43:08,W 36 St & 9 Ave,6569,W 43 St & 10 Ave,6756,40.75462324029105,-73.99516761302948,40.76009437,-73.99461843,casual
1512586,16C454E5D3C48127,classic_bike,2022-03-12 13:43:47,2022-03-12 13:47:18,W 36 St & 9 Ave,6569,W 43 St & 10 Ave,6756,40.75462324029105,-73.99516761302948,40.76009437,-73.99461843,member
1512587,463066313C38F62D,classic_bike,2022-03-29 08:46:54,2022-03-29 08:52:27,W 36 St & 9 Ave,6569,W 26 St & 10 Ave,6382,40.75462324029105,-73.99516761302948,40.749717753,-74.002950346,member
1512588,19C7691869A0A36D,classic_bike,2022-03-02 18:53:20,2022-03-02 18:56:39,W 36 St & 9 Ave,6569,W 43 St & 10 Ave,6756,40.75462324029105,-73.99516761302948,40.76009437,-73.99461843,member
1513534,B15D2054221CDB06,classic_bike,2022-03-11 18:31:26,2022-03-11 18:37:04,W 36 St & 9 Ave,6569,W 43 St & 10 Ave,6756,40.75462324029105,-73.99516761302948,40.76009437,-73.99461843,member
1513537,2CAA91B69CC12D8E,classic_bike,2022-03-23 17:39:14,2022-03-23 18:01:54,W 36 St & 9 Ave,6569,Suffolk St & Stanton St,5445,40.75462324029105,-73.99516761302948,40.72066442,-73.98517977,member
1514234,CB8C1217D12BAE92,classic_bike,2022-03-15 17:55:33,2022-03-15 17:59:50,W 35 St & 9 Ave,6569,W 43 St & 10 Ave,6756,40.75414519263519,-73.9960889518261,40.76009437,-73.99461843,member
1514235,7B8ED2BF4746E2EB,electric_bike,2022-03-09 17:43:35,2022-03-09 18:12:15,W 35 St & 9 Ave,6569,W 43 St & 10 Ave,6756,40.75414519263519,-73.9960889518261,40.76009437,-73.99461843,member
1514246,8FF56CF0FD210665,electric_bike,2022-03-10 14:42:45,2022-03-10 15:12:49,W 35 St & 9 Ave,6569,Suffolk St & Stanton St,5445,40.75414519263519,-73.9960889518261,40.72066442,-73.98517977,member
1514249,E76443FA0EC3DC8F,classic_bike,2022-03-13 11:56:30,2022-03-13 12:01:04,W 35 St & 9 Ave,6569,W 43 St & 10 Ave,6756,40.75414519263519,-73.9960889518261,40.76009437,-73.99461843,member
1514250,90E30D8F91A24005,classic_bike,2022-03-08 21:10:29,2022-03-08 21:16:48,W 35 St & 9 Ave,6569,W 26 St & 10 Ave,6382,40.75414519263519,-73.9960889518261,40.749717753,-74.002950346,casual
1514255,92B81AE511F3A158,classic_bike,2022-03-23 18:12:17,2022-03-23 18:35:10,W 35 St & 9 Ave,6569,E 58 St & 1 Ave (NW Corner),6723,40.75414519263519,-73.9960889518261,40.759125,-73.962658,member
1514288,AB9862DE1352B539,classic_bike,2022-03-28 18:00:03,2022-03-28 18:05:16,W 35 St & 9 Ave,6569,W 43 St & 10 Ave,6756,40.75414519263519,-73.9960889518261,40.76009437,-73.99461843,member
1514290,4AE111B9E00B0726,electric_bike,2022-03-18 08:10:29,2022-03-18 08:14:00,W 35 St & 9 Ave,6569,W 43 St & 10 Ave,6756,40.75414519263519,-73.9960889518261,40.76009437,-73.99461843,member
1514299,74F2C6D420C1F241,electric_bike,2022-03-07 20:50:10,2022-03-07 20:54:49,W 35 St & 9 Ave,6569,W 43 St & 10 Ave,6756,40.75414519263519,-73.9960889518261,40.76009437,-73.99461843,member
1515406,DFEA7400209B47A9,classic_bike,2022-03-31 20:22:13,2022-03-31 20:24:55,W 35 St & Dyer Ave,6569,W 43 St & 10 Ave,6756,40.754691750226016,-73.99740189313889,40.76009437,-73.99461843,member
1515419,ADFACAED5F38A51C,electric_bike,2022-03-26 15:28:38,2022-03-26 15:56:34,W 35 St & Dyer Ave,6569,W 95 St & Broadway,7541,40.754691750226016,-73.99740189313889,40.7937704,-73.971888,casual
1515444,828D9F850FEC4D0F,classic_bike,2022-03-04 17:49:28,2022-03-04 17:53:22,W 35 St & Dyer Ave,6569,W 43 St & 10 Ave,6756,40.754691750226016,-73.99740189313889,40.76009437,-73.99461843,member
1515448,B5E8CD40CD47C4C0,classic_bike,2022-03-26 14:24:09,2022-03-26 14:31:22,W 35 St & Dyer Ave,6569,W 26 St & 10 Ave,6382,40.754691750226016,-73.99740189313889,40.749717753,-74.002950346,member
1515450,D9971A1E0AE29006,electric_bike,2022-03-18 14:31:25,2022-03-18 14:34:12,W 35 St & Dyer Ave,6569,W 43 St & 10 Ave,6756,40.754691750226016,-73.99740189313889,40.76009437,-73.99461843,member
1515468,6ED8BD8F652F8B26,classic_bike,2022-03-15 20:13:42,2022-03-15 20:32:41,W 35 St & Dyer Ave,6569,Central Park West & W 76 St,7253,40.754691750226016,-73.99740189313889,40.77896784,-73.97374737,member
1515744,B9F1B0EE7F582DF2,classic_bike,2022-03-27 14:41:34,2022-03-27 14:44:32,W 35 St & Dyer Ave,6569,W 43 St & 10 Ave,6756,40.754691750226016,-73.99740189313889,40.76009437,-73.99461843,member
1515751,FEB30C422498137C,classic_bike,2022-03-07 18:10:55,2022-03-07 18:14:51,W 35 St & Dyer Ave,6569,W 43 St & 10 Ave,6756,40.754691750226016,-73.99740189313889,40.76009437,-73.99461843,member
1515800,B1111615C3F7FD8F,classic_bike,2022-03-22 09:21:00,2022-03-22 09:45:26,W 35 St & Dyer Ave,6569,E 44 St & 2 Ave,6422,40.754691750226016,-73.99740189313889,40.75118387463277,-73.97138714790344,casual
1515833,2C7AB67F687805EB,classic_bike,2022-03-06 16:47:50,2022-03-06 16:52:01,W 35 St & Dyer Ave,6569,W 43 St & 10 Ave,6756,40.754691750226016,-73.99740189313889,40.76009437,-73.99461843,member
1519103,84DAC0B26850BAE3,classic_bike,2022-03-17 18:57:30,2022-03-17 19:05:48,W 36 St & 9 Ave,6569,W 43 St & 10 Ave,6756,40.75462324029105,-73.99516761302948,40.76009437,-73.99461843,member
1519109,DFCE3CA360F600A3,electric_bike,2022-03-05 15:06:44,2022-03-05 15:11:39,W 36 St & 9 Ave,6569,W 43 St & 10 Ave,6756,40.75462324029105,-73.99516761302948,40.76009437,-73.99461843,member
1519110,28F4E7500A9F675D,classic_bike,2022-03-29 11:53:28,2022-03-29 11:57:44,W 36 St & 9 Ave,6569,W 43 St & 10 Ave,6756,40.75462324029105,-73.99516761302948,40.76009437,-73.99461843,member
1519111,3B5C3E7EBBA5CEB0,classic_bike,2022-03-09 17:22:48,2022-03-09 17:26:45,W 36 St & 9 Ave,6569,W 43 St & 10 Ave,6756,40.75462324029105,-73.99516761302948,40.76009437,-73.99461843,member
1519112,92C4D79C8EC3C173,classic_bike,2022-03-17 15:38:24,2022-03-17 15:41:26,W 36 St & 9 Ave,6569,W 43 St & 10 Ave,6756,40.75462324029105,-73.99516761302948,40.76009437,-73.99461843,member
1519113,138BB9EC16C434EC,electric_bike,2022-03-09 00:32:35,2022-03-09 00:38:53,W 36 St & 9 Ave,6569,W 43 St & 10 Ave,6756,40.75462324029105,-73.99516761302948,40.76009437,-73.99461843,member
1519114,70902988285F9CE7,electric_bike,2022-03-14 20:32:00,2022-03-14 20:36:31,W 36 St & 9 Ave,6569,W 43 St & 10 Ave,6756,40.75462324029105,-73.99516761302948,40.76009437,-73.99461843,member
1519115,41C1ACE05C80DE50,electric_bike,2022-03-25 14:09:42,2022-03-25 14:21:21,W 36 St & 9 Ave,6569,Central Park West & W 76 St,7253,40.75462324029105,-73.99516761302948,40.77896784,-73.97374737,member
1519116,B51A870FE67796A4,classic_bike,2022-03-08 22:13:39,2022-03-08 22:23:37,W 36 St & 9 Ave,6569,W 26 St & 10 Ave,6382,40.75462324029105,-73.99516761302948,40.749717753,-74.002950346,member
1519120,94F0F553C963C124,electric_bike,2022-03-31 20:16:37,2022-03-31 20:22:17,W 36 St & 9 Ave,6569,W 26 St & 10 Ave,6382,40.75462324029105,-73.99516761302948,40.749717753,-74.002950346,casual
1519126,32EBB23F022D46AD,classic_bike,2022-03-23 09:50:25,2022-03-23 09:58:13,W 36 St & 9 Ave,6569,W 26 St & 10 Ave,6382,40.75462324029105,-73.99516761302948,40.749717753,-74.002950346,member
1519134,C7CEABE0900332CF,electric_bike,2022-03-27 17:46:52,2022-03-27 18:16:49,W 36 St & 9 Ave,6569,Suffolk St & Stanton St,5445,40.75462324029105,-73.99516761302948,40.72066442,-73.98517977,member
1520094,D06886CF2BB1CAC3,electric_bike,2022-03-20 10:47:11,2022-03-20 11:08:59,W 36 St & 9 Ave,6569,Central Park West & W 76 St,7253,40.75462324029105,-73.99516761302948,40.77896784,-73.97374737,member
1520096,F5250CA49E1F124C,electric_bike,2022-03-21 05:09:06,2022-03-21 05:25:16,W 36 St & 9 Ave,6569,E 44 St & 2 Ave,6422,40.75462324029105,-73.99516761302948,40.75118387463277,-73.97138714790344,member
1521743,8DA307A23AAF1FA7,classic_bike,2022-03-11 17:49:49,2022-03-11 17:54:40,W 35 St & 9 Ave,6569,W 43 St & 10 Ave,6756,40.75414519263519,-73.9960889518261,40.76009437,-73.99461843,member
1521744,930798A78573BE5E,classic_bike,2022-03-31 18:04:52,2022-03-31 18:12:11,W 35 St & 9 Ave,6569,W 43 St & 10 Ave,6756,40.75414519263519,-73.9960889518261,40.76009437,-73.99461843,member
1521763,8F7AAF9371E28367,electric_bike,2022-03-01 22:08:55,2022-03-01 22:19:05,W 35 St & 9 Ave,6569,E 44 St & 2 Ave,6422,40.75414519263519,-73.9960889518261,40.75118387463277,-73.97138714790344,member
1521775,9676696F0C58784B,classic_bike,2022-03-28 09:05:56,2022-03-28 09:11:07,W 35 St & 9 Ave,6569,W 26 St & 10 Ave,6382,40.75414519263519,-73.9960889518261,40.749717753,-74.002950346,member
1521776,8A639DEC60F81000,classic_bike,2022-03-23 08:41:50,2022-03-23 08:45:37,W 35 St & 9 Ave,6569,W 26 St & 10 Ave,6382,40.75414519263519,-73.9960889518261,40.749717753,-74.002950346,member
1521781,ABF21AF961C907D1,classic_bike,2022-03-19 16:53:35,2022-03-19 17:02:31,W 35 St & 9 Ave,6569,W 26 St & 10 Ave,6382,40.75414519263519,-73.9960889518261,40.749717753,-74.002950346,member
1521784,0FDAAC91B7BDADC4,classic_bike,2022-03-11 16:50:35,2022-03-11 16:58:59,W 35 St & 9 Ave,6569,W 43 St & 10 Ave,6756,40.75414519263519,-73.9960889518261,40.76009437,-73.99461843,member
1521792,4D3BCFDDDFFE67EF,electric_bike,2022-03-15 13:38:15,2022-03-15 13:41:21,W 35 St & 9 Ave,6569,W 43 St & 10 Ave,6756,40.75414519263519,-73.9960889518261,40.76009437,-73.99461843,member
1521793,48BA6D0AB55C7420,electric_bike,2022-03-06 10:58:58,2022-03-06 11:01:50,W 35 St & 9 Ave,6569,W 43 St & 10 Ave,6756,40.75414519263519,-73.9960889518261,40.76009437,-73.99461843,member
1521795,869B0A5058E0D9D6,classic_bike,2022-03-25 11:54:29,2022-03-25 11:59:06,W 35 St & 9 Ave,6569,W 43 St & 10 Ave,6756,40.75414519263519,-73.9960889518261,40.76009437,-73.99461843,member
1521802,4B5BD4FD58FFDFDF,classic_bike,2022-03-23 21:43:25,2022-03-23 21:48:38,W 35 St & 9 Ave,6569,W 43 St & 10 Ave,6756,40.75414519263519,-73.9960889518261,40.76009437,-73.99461843,member
1521803,632C2837715E8A6A,classic_bike,2022-03-31 17:44:11,2022-03-31 17:49:36,W 35 St & 9 Ave,6569,W 26 St & 10 Ave,6382,40.75414519263519,-73.9960889518261,40.749717753,-74.002950346,member
1521815,8062B5E61DEC680C,classic_bike,2022-03-22 15:46:33,2022-03-22 15:50:55,W 35 St & 9 Ave,6569,W 43 St & 10 Ave,6756,40.75414519263519,-73.9960889518261,40.76009437,-73.99461843,member
1521821,692D1616459F16BA,classic_bike,2022-03-08 16:30:04,2022-03-08 16:34:05,W 35 St & 9 Ave,6569,W 43 St & 10 Ave,6756,40.75414519263519,-73.9960889518261,40.76009437,-73.99461843,casual
1521835,E35D60AE6EF1CCB6,classic_bike,2022-03-11 17:59:01,2022-03-11 18:05:55,W 35 St & 9 Ave,6569,W 43 St & 10 Ave,6756,40.75414519263519,-73.9960889518261,40.76009437,-73.99461843,member
1524449,FBDFCA4FCF5C54BE,classic_bike,2022-03-16 12:32:02,2022-03-16 12:36:09,W 35 St & 9 Ave,6569,W 26 St & 10 Ave,6382,40.75414519263519,-73.9960889518261,40.749717753,-74.002950346,member
1524451,DCFE6E741CEFFD93,electric_bike,2022-03-16 14:12:07,2022-03-16 14:19:26,W 35 St & 9 Ave,6569,W 43 St & 10 Ave,6756,40.75414519263519,-73.9960889518261,40.76009437,-73.99461843,member
1525997,94DF508171D310A6,electric_bike,2022-03-14 09:24:34,2022-03-14 09:29:16,W 35 St & 9 Ave,6569,W 43 St & 10 Ave,6756,40.75414519263519,-73.9960889518261,40.76009437,-73.99461843,casual
1526000,3F019E1F2F07D261,electric_bike,2022-03-03 15:36:05,2022-03-03 15:40:09,W 35 St & 9 Ave,6569,W 43 St & 10 Ave,6756,40.75414519263519,-73.9960889518261,40.76009437,-73.99461843,member
1526001,3BC5A0C3717242B8,classic_bike,2022-03-24 19:00:13,2022-03-24 19:04:02,W 35 St & 9 Ave,6569,W 43 St & 10 Ave,6756,40.75414519263519,-73.9960889518261,40.76009437,-73.99461843,member
1526025,39393F9762D49696,electric_bike,2022-03-30 13:53:13,2022-03-30 13:56:28,W 35 St & 9 Ave,6569,W 43 St & 10 Ave,6756,40.75414519263519,-73.9960889518261,40.76009437,-73.99461843,member
1526031,4882881E5F9302D2,classic_bike,2022-03-30 14:04:55,2022-03-30 14:25:42,W 35 St & 9 Ave,6569,E 44 St & 2 Ave,6422,40.75414519263519,-73.9960889518261,40.75118387463277,-73.97138714790344,member
1526059,C04BD9EF0D834847,classic_bike,2022-03-11 08:32:08,2022-03-11 08:37:08,W 35 St & 9 Ave,6569,W 43 St & 10 Ave,6756,40.75414519263519,-73.9960889518261,40.76009437,-73.99461843,member
1526061,666E8385F451F033,classic_bike,2022-03-26 14:55:03,2022-03-26 15:00:32,W 35 St & 9 Ave,6569,W 43 St & 10 Ave,6756,40.75414519263519,-73.9960889518261,40.76009437,-73.99461843,member
1526213,DD33CEBC1BBEC817,classic_bike,2022-03-19 10:31:37,2022-03-19 10:35:33,W 35 St & 9 Ave,6569,W 43 St & 10 Ave,6756,40.75414519263519,-73.9960889518261,40.76009437,-73.99461843,member
1526397,2FAC65D8DAE832CC,classic_bike,2022-03-18 08:48:25,2022-03-18 09:22:09,W 35 St & 9 Ave,6569,W 26 St & 10 Ave,6382,40.75414519263519,-73.9960889518261,40.749717753,-74.002950346,member
1526402,CA08BDD0316A563E,classic_bike,2022-03-03 18:38:59,2022-03-03 19:09:23,W 35 St & 9 Ave,6569,W 95 St & Broadway,7541,40.75414519263519,-73.9960889518261,40.7937704,-73.971888,member
1526901,6B75E5F30034A4D3,classic_bike,2022-03-20 11:13:31,2022-03-20 11:17:38,W 35 St & Dyer Ave,6569,W 43 St & 10 Ave,6756,40.754691750226016,-73.99740189313889,40.76009437,-73.99461843,member
1527740,0E6EE683B37C6124,electric_bike,2022-03-26 18:34:43,2022-03-26 18:38:48,W 35 St & 9 Ave,6569,W 43 St & 10 Ave,6756,40.75414519263519,-73.9960889518261,40.76009437,-73.99461843,member
1527770,BE07E10286E19578,classic_bike,2022-03-23 17:49:49,2022-03-23 17:53:56,W 35 St & 9 Ave,6569,W 43 St & 10 Ave,6756,40.75414519263519,-73.9960889518261,40.76009437,-73.99461843,member
1527775,2FAB3AF3A593E6FC,classic_bike,2022-03-23 10:05:28,2022-03-23 10:09:10,W 35 St & 9 Ave,6569,W 43 St & 10 Ave,6756,40.75414519263519,-73.9960889518261,40.76009437,-73.99461843,member
1527782,AAA83A0FBCE42D19,classic_bike,2022-03-22 14:35:06,2022-03-22 14:41:29,W 35 St & 9 Ave,6569,W 26 St & 10 Ave,6382,40.75414519263519,-73.9960889518261,40.749717753,-74.002950346,member
1527792,FC3C1E82F25823D1,classic_bike,2022-03-18 13:55:13,2022-03-18 13:59:34,W 35 St & 9 Ave,6569,W 43 St & 10 Ave,6756,40.75414519263519,-73.9960889518261,40.76009437,-73.99461843,member
1528011,F67A5B3242B1E746,classic_bike,2022-03-14 13:54:04,2022-03-14 13:59:42,W 35 St & 9 Ave,6569,W 26 St & 10 Ave,6382,40.75414519263519,-73.9960889518261,40.749717753,-74.002950346,member
1528019,195E8B6FC32DCE25,electric_bike,2022-03-17 23:10:31,2022-03-17 23:19:27,W 35 St & 9 Ave,6569,E 44 St & 2 Ave,6422,40.75414519263519,-73.9960889518261,40.75118387463277,-73.97138714790344,member
1528343,A4A3B393E72579FA,classic_bike,2022-03-27 18:28:44,2022-03-27 19:31:18,W 35 St & 9 Ave,6569,W 43 St & 10 Ave,6756,40.75414519263519,-73.9960889518261,40.76009437,-73.99461843,member
1528344,9026C8E47E604C6E,electric_bike,2022-03-08 18:13:35,2022-03-08 18:17:22,W 35 St & 9 Ave,6569,W 43 St & 10 Ave,6756,40.75414519263519,-73.9960889518261,40.76009437,-73.99461843,member
1528346,F7842D8CE8F90190,classic_bike,2022-03-14 17:55:51,2022-03-14 18:00:49,W 35 St & 9 Ave,6569,W 43 St & 10 Ave,6756,40.75414519263519,-73.9960889518261,40.76009437,-73.99461843,member
1528347,A64CAC503150EF18,classic_bike,2022-03-30 17:49:32,2022-03-30 17:54:39,W 35 St & 9 Ave,6569,W 43 St & 10 Ave,6756,40.75414519263519,-73.9960889518261,40.76009437,-73.99461843,member
1528348,DF2CF41BCC31133E,classic_bike,2022-03-21 18:10:51,2022-03-21 18:18:14,W 35 St & 9 Ave,6569,W 43 St & 10 Ave,6756,40.75414519263519,-73.9960889518261,40.76009437,-73.99461843,member
1528349,EBC2DFDAF0689F6E,classic_bike,2022-03-25 18:33:21,2022-03-25 18:42:50,W 35 St & 9 Ave,6569,W 43 St & 10 Ave,6756,40.75414519263519,-73.9960889518261,40.76009437,-73.99461843,member
1528350,D71F3051A1A41B49,electric_bike,2022-03-07 17:39:10,2022-03-07 17:42:56,W 35 St & 9 Ave,6569,W 43 St & 10 Ave,6756,40.75414519263519,-73.9960889518261,40.76009437,-73.99461843,member
1528930,F7A7B997B9BE388E,classic_bike,2022-03-08 08:09:48,2022-03-08 08:14:33,W 35 St & 9 Ave,6569,W 43 St & 10 Ave,6756,40.75414519263519,-73.9960889518261,40.76009437,-73.99461843,member
1528940,1CCFF18E79372848,classic_bike,2022-03-20 15:46:40,2022-03-20 15:51:55,W 35 St & 9 Ave,6569,W 43 St & 10 Ave,6756,40.75414519263519,-73.9960889518261,40.76009437,-73.99461843,member
1528983,4A5462C7298D4DEB,classic_bike,2022-03-02 08:08:53,2022-03-02 08:13:10,W 35 St & 9 Ave,6569,W 43 St & 10 Ave,6756,40.75414519263519,-73.9960889518261,40.76009437,-73.99461843,member
1528984,13C5EEEFC92BE1D5,classic_bike,2022-03-10 07:10:53,2022-03-10 07:18:01,W 35 St & 9 Ave,6569,W 43 St & 10 Ave,6756,40.75414519263519,-73.9960889518261,40.76009437,-73.99461843,member
1529497,B2EED7EDC5A91A33,classic_bike,2022-03-21 08:51:42,2022-03-21 08:56:04,W 35 St & 9 Ave,6569,W 26 St & 10 Ave,6382,40.75414519263519,-73.9960889518261,40.749717753,-74.002950346,member
1529498,56699BBC72643A9C,classic_bike,2022-03-23 21:43:05,2022-03-23 21:47:47,W 35 St & 9 Ave,6569,W 43 St & 10 Ave,6756,40.75414519263519,-73.9960889518261,40.76009437,-73.99461843,member
1529499,FF10EFE96FF6453A,classic_bike,2022-03-31 09:07:14,2022-03-31 09:11:23,W 35 St & 9 Ave,6569,W 26 St & 10 Ave,6382,40.75414519263519,-73.9960889518261,40.749717753,-74.002950346,member
1529892,B52F7938FB4E7521,classic_bike,2022-03-27 15:09:13,2022-03-27 15:21:44,W 35 St & Dyer Ave,6569,Broadway & W 25 St,6173,40.754691750226016,-73.99740189313889,40.74286877312112,-73.98918628692627,member
1529913,FD4CC89190C2DBB5,classic_bike,2022-03-23 16:40:59,2022-03-23 16:47:32,W 35 St & Dyer Ave,6569,Broadway & W 38 St,6560,40.754691750226016,-73.99740189313889,40.7529728216068,-73.98734897375107,member
1529928,AD1BB2CB575EDD7F,classic_bike,2022-03-21 06:49:04,2022-03-21 06:55:21,W 35 St & Dyer Ave,6569,W 27 St & 7 Ave,6247,40.754691750226016,-73.99740189313889,40.746647,-73.993915,member
1529929,0F9777622681CF2A,electric_bike,2022-03-21 07:26:46,2022-03-21 07:46:41,W 35 St & Dyer Ave,6569,Bus Slip & State St,4889,40.754691750226016,-73.99740189313889,40.701907,-74.013942,member
1529930,D451827C2D44E279,electric_bike,2022-03-18 06:49:54,2022-03-18 06:54:51,W 35 St & Dyer Ave,6569,W 27 St & 7 Ave,6247,40.754691750226016,-73.99740189313889,40.746647,-73.993915,member
1529931,31CA956358B77016,classic_bike,2022-03-24 06:46:49,2022-03-24 06:52:33,W 35 St & Dyer Ave,6569,W 27 St & 7 Ave,6247,40.754691750226016,-73.99740189313889,40.746647,-73.993915,member
1529933,C68DC8D7A6AF8EE4,electric_bike,2022-03-10 08:21:44,2022-03-10 08:27:27,W 35 St & Dyer Ave,6569,Broadway & W 38 St,6560,40.754691750226016,-73.99740189313889,40.7529728216068,-73.98734897375107,member
1529952,E1AC2DC0FCDE0797,classic_bike,2022-03-11 12:19:34,2022-03-11 12:41:55,W 35 St & Dyer Ave,6569,W 16 St & The High Line,6233,40.754691750226016,-73.99740189313889,40.74334935,-74.00681753,casual
1530030,F622FBCCBBE599CF,classic_bike,2022-03-16 17:05:56,2022-03-16 17:36:23,W 35 St & Dyer Ave,6569,Bus Slip & State St,4889,40.754691750226016,-73.99740189313889,40.701907,-74.013942,member
1530032,4EE1A0031FECAC4A,classic_bike,2022-03-07 19:21:19,2022-03-07 19:31:44,W 35 St & Dyer Ave,6569,Broadway & W 25 St,6173,40.754691750226016,-73.99740189313889,40.74286877312112,-73.98918628692627,member
1530824,4A584D9D1FB07E58,classic_bike,2022-03-22 18:08:40,2022-03-22 18:16:39,W 35 St & Dyer Ave,6569,W 27 St & 7 Ave,6247,40.754691750226016,-73.99740189313889,40.746647,-73.993915,casual
1531171,16F018D4CE1DE58F,classic_bike,2022-03-27 15:08:47,2022-03-27 15:21:39,W 35 St & Dyer Ave,6569,Broadway & W 25 St,6173,40.754691750226016,-73.99740189313889,40.74286877312112,-73.98918628692627,member
1531705,2860A2413357519D,classic_bike,2022-03-26 07:30:05,2022-03-26 07:35:14,W 36 St & 9 Ave,6569,Broadway & W 38 St,6560,40.75462324029105,-73.99516761302948,40.7529728216068,-73.98734897375107,member
1531706,11B4DFE87179B2FE,classic_bike,2022-03-15 13:00:16,2022-03-15 13:05:58,W 36 St & 9 Ave,6569,W 27 St & 7 Ave,6247,40.75462324029105,-73.99516761302948,40.746647,-73.993915,member
1531708,7C700E44E17E3FCA,classic_bike,2022-03-29 08:44:36,2022-03-29 08:49:02,W 36 St & 9 Ave,6569,Broadway & W 38 St,6560,40.75462324029105,-73.99516761302948,40.7529728216068,-73.98734897375107,member
1531721,FD6E82B80BF3B230,classic_bike,2022-03-23 15:11:31,2022-03-23 15:17:11,W 36 St & 9 Ave,6569,Broadway & W 38 St,6560,40.75462324029105,-73.99516761302948,40.7529728216068,-73.98734897375107,member
1531722,E1C913EE343F168B,classic_bike,2022-03-10 18:32:30,2022-03-10 18:41:00,W 36 St & 9 Ave,6569,Broadway & W 25 St,6173,40.75462324029105,-73.99516761302948,40.74286877312112,-73.98918628692627,member
1531723,6BE2B3F7E5560EA2,classic_bike,2022-03-04 13:23:41,2022-03-04 13:34:08,W 36 St & 9 Ave,6569,Broadway & W 25 St,6173,40.75462324029105,-73.99516761302948,40.74286877312112,-73.98918628692627,member
1531725,66868507CBE89E02,electric_bike,2022-03-09 07:48:55,2022-03-09 07:53:09,W 36 St & 9 Ave,6569,Broadway & W 38 St,6560,40.75462324029105,-73.99516761302948,40.7529728216068,-73.98734897375107,casual
1531737,6BADC9BD5A5F67B8,classic_bike,2022-03-18 19:59:01,2022-03-18 20:03:58,W 36 St & 9 Ave,6569,Broadway & W 38 St,6560,40.75462324029105,-73.99516761302948,40.7529728216068,-73.98734897375107,member
1532255,8F26298A144A4A14,classic_bike,2022-03-24 09:06:53,2022-03-24 09:15:34,W 36 St & 9 Ave,6569,W 16 St & The High Line,6233,40.75462324029105,-73.99516761302948,40.74334935,-74.00681753,member
1532258,DB5BEF14F969CDB3,electric_bike,2022-03-25 07:47:55,2022-03-25 07:54:47,W 36 St & 9 Ave,6569,Broadway & W 38 St,6560,40.75462324029105,-73.99516761302948,40.7529728216068,-73.98734897375107,casual
1537965,1190D4D89B670AEF,classic_bike,2022-03-19 13:12:30,2022-03-19 13:21:30,W 35 St & 9 Ave,6569,Broadway & W 25 St,6173,40.75414519263519,-73.9960889518261,40.74286877312112,-73.98918628692627,member
1537981,6E2528A264762C3C,classic_bike,2022-03-22 18:17:02,2022-03-22 18:22:31,W 35 St & 9 Ave,6569,W 27 St & 7 Ave,6247,40.75414519263519,-73.9960889518261,40.746647,-73.993915,casual
1540129,6580C5AAB70B4648,electric_bike,2022-03-11 14:46:39,2022-03-11 14:55:50,W 35 St & Dyer Ave,6569,Broadway & W 25 St,6173,40.754691750226016,-73.99740189313889,40.74286877312112,-73.98918628692627,casual
1540163,1BA38E273555716E,classic_bike,2022-03-09 07:57:40,2022-03-09 08:07:05,W 35 St & Dyer Ave,6569,Broadway & W 25 St,6173,40.754691750226016,-73.99740189313889,40.74286877312112,-73.98918628692627,member
1540179,C43488D8788B30AC,classic_bike,2022-03-29 16:46:45,2022-03-29 16:54:07,W 35 St & Dyer Ave,6569,Broadway & W 38 St,6560,40.754691750226016,-73.99740189313889,40.7529728216068,-73.98734897375107,member
1540195,DB80F2990CCD497B,classic_bike,2022-03-25 08:56:14,2022-03-25 09:03:55,W 35 St & Dyer Ave,6569,Broadway & W 38 St,6560,40.754691750226016,-73.99740189313889,40.7529728216068,-73.98734897375107,member
1540206,BB8695DA75C8113D,classic_bike,2022-03-10 17:42:23,2022-03-10 17:48:34,W 35 St & Dyer Ave,6569,Broadway & W 38 St,6560,40.754691750226016,-73.99740189313889,40.7529728216068,-73.98734897375107,member
1540222,65BA2B4C8374D88C,classic_bike,2022-03-11 17:52:46,2022-03-11 18:41:50,W 35 St & Dyer Ave,6569,Broadway & W 25 St,6173,40.754691750226016,-73.99740189313889,40.74286877312112,-73.98918628692627,casual
1540225,9156B6E4186402E5,classic_bike,2022-03-19 00:36:09,2022-03-19 00:42:49,W 35 St & Dyer Ave,6569,W 27 St & 7 Ave,6247,40.754691750226016,-73.99740189313889,40.746647,-73.993915,casual
1540227,02386C1D1AE0C842,classic_bike,2022-03-28 14:18:44,2022-03-28 14:36:19,W 35 St & Dyer Ave,6569,Broadway & W 25 St,6173,40.754691750226016,-73.99740189313889,40.74286877312112,-73.98918628692627,member
1540229,423ABC22173F14A9,electric_bike,2022-03-28 20:04:11,2022-03-28 20:14:17,W 35 St & Dyer Ave,6569,W 16 St & The High Line,6233,40.754691750226016,-73.99740189313889,40.74334935,-74.00681753,member
1540236,F5DBB3A5B156D261,electric_bike,2022-03-16 08:49:27,2022-03-16 08:56:55,W 35 St & Dyer Ave,6569,Broadway & W 25 St,6173,40.754691750226016,-73.99740189313889,40.74286877312112,-73.98918628692627,member
1540240,A04F2958545AC5CD,classic_bike,2022-03-11 18:05:11,2022-03-11 18:15:44,W 35 St & Dyer Ave,6569,Broadway & W 25 St,6173,40.754691750226016,-73.99740189313889,40.74286877312112,-73.98918628692627,member
1540244,28180329C4DCB11C,classic_bike,2022-03-25 06:46:36,2022-03-25 06:52:35,W 35 St & Dyer Ave,6569,W 27 St & 7 Ave,6247,40.754691750226016,-73.99740189313889,40.746647,-73.993915,member
1540245,6C3796241591AA61,classic_bike,2022-03-16 06:44:09,2022-03-16 06:49:14,W 35 St & Dyer Ave,6569,W 27 St & 7 Ave,6247,40.754691750226016,-73.99740189313889,40.746647,-73.993915,member
1540249,2D11E62772B5359A,classic_bike,2022-03-10 09:02:14,2022-03-10 09:08:57,W 35 St & Dyer Ave,6569,W 27 St & 7 Ave,6247,40.754691750226016,-73.99740189313889,40.746647,-73.993915,casual
1540266,12078D0DD56B8322,electric_bike,2022-03-24 21:23:35,2022-03-24 21:28:59,W 35 St & Dyer Ave,6569,Broadway & W 38 St,6560,40.754691750226016,-73.99740189313889,40.7529728216068,-73.98734897375107,casual
1540409,42EC0978EC788C87,classic_bike,2022-03-17 12:19:30,2022-03-17 12:30:31,W 35 St & Dyer Ave,6569,Broadway & W 25 St,6173,40.754691750226016,-73.99740189313889,40.74286877312112,-73.98918628692627,member
1540410,EAE4CFA1818C4C0A,electric_bike,2022-03-23 10:14:48,2022-03-23 10:19:48,W 35 St & Dyer Ave,6569,W 27 St & 7 Ave,6247,40.754691750226016,-73.99740189313889,40.746647,-73.993915,member
1540412,66B4F69005F59EEB,electric_bike,2022-03-31 08:50:19,2022-03-31 08:57:22,W 35 St & Dyer Ave,6569,Broadway & W 25 St,6173,40.754691750226016,-73.99740189313889,40.74286877312112,-73.98918628692627,casual
1540469,7564409D4FBAEA03,classic_bike,2022-03-15 14:27:11,2022-03-15 14:32:42,W 35 St & Dyer Ave,6569,Broadway & W 38 St,6560,40.754691750226016,-73.99740189313889,40.7529728216068,-73.98734897375107,member
1540471,77AFD89BA2791084,electric_bike,2022-03-08 17:50:56,2022-03-08 17:55:56,W 35 St & Dyer Ave,6569,Broadway & W 38 St,6560,40.754691750226016,-73.99740189313889,40.7529728216068,-73.98734897375107,member
1540476,57328021AB8A4992,classic_bike,2022-03-11 12:19:51,2022-03-11 12:42:01,W 35 St & Dyer Ave,6569,W 16 St & The High Line,6233,40.754691750226016,-73.99740189313889,40.74334935,-74.00681753,casual
1543747,5F55B1F424AA3B64,electric_bike,2022-03-06 18:41:22,2022-03-06 18:52:00,W 36 St & 9 Ave,6569,Broadway & W 25 St,6173,40.75462324029105,-73.99516761302948,40.74286877312112,-73.98918628692627,member
1543753,8D7BE9F7EBC31C60,classic_bike,2022-03-26 09:35:15,2022-03-26 09:42:48,W 36 St & 9 Ave,6569,W 27 St & 7 Ave,6247,40.75462324029105,-73.99516761302948,40.746647,-73.993915,member
1543755,D29DB0978CECA2FD,classic_bike,2022-03-18 21:16:43,2022-03-18 21:26:00,W 36 St & 9 Ave,6569,W 16 St & The High Line,6233,40.75462324029105,-73.99516761302948,40.74334935,-74.00681753,member
1543757,B129D9AE7CF3EA10,classic_bike,2022-03-03 12:01:06,2022-03-03 12:07:06,W 36 St & 9 Ave,6569,W 27 St & 7 Ave,6247,40.75462324029105,-73.99516761302948,40.746647,-73.993915,member
1543758,7B5034949BDDB1D1,electric_bike,2022-03-09 09:10:07,2022-03-09 09:15:09,W 36 St & 9 Ave,6569,W 27 St & 7 Ave,6247,40.75462324029105,-73.99516761302948,40.746647,-73.993915,member
1543759,F092CA3BFFD5BAE1,classic_bike,2022-03-17 10:47:42,2022-03-17 10:53:42,W 36 St & 9 Ave,6569,W 27 St & 7 Ave,6247,40.75462324029105,-73.99516761302948,40.746647,-73.993915,casual
1543760,A26AC92F15F89C2B,electric_bike,2022-03-30 12:15:26,2022-03-30 12:23:35,W 36 St & 9 Ave,6569,Broadway & W 25 St,6173,40.75462324029105,-73.99516761302948,40.74286877312112,-73.98918628692627,casual
1543767,22E8D755F50904FC,classic_bike,2022-03-21 18:38:18,2022-03-21 18:50:12,W 36 St & 9 Ave,6569,W 16 St & The High Line,6233,40.75462324029105,-73.99516761302948,40.74334935,-74.00681753,member
1543769,0DE0855946137796,electric_bike,2022-03-23 21:18:10,2022-03-23 21:23:36,W 36 St & 9 Ave,6569,W 27 St & 7 Ave,6247,40.75462324029105,-73.99516761302948,40.746647,-73.993915,casual
1543770,AE8D0A60116F47A7,electric_bike,2022-03-16 07:45:20,2022-03-16 07:50:14,W 36 St & 9 Ave,6569,Broadway & W 38 St,6560,40.75462324029105,-73.99516761302948,40.7529728216068,-73.98734897375107,casual
1543781,BC58BE694E07D9E2,classic_bike,2022-03-06 19:59:28,2022-03-06 20:05:15,W 36 St & 9 Ave,6569,W 27 St & 7 Ave,6247,40.75462324029105,-73.99516761302948,40.746647,-73.993915,member
1543785,42B0DBB4A6E71237,classic_bike,2022-03-31 11:55:21,2022-03-31 12:12:18,W 36 St & 9 Ave,6569,W 16 St & The High Line,6233,40.75462324029105,-73.99516761302948,40.74334935,-74.00681753,member
1543786,E8865024CF71888A,classic_bike,2022-03-21 08:17:02,2022-03-21 08:21:46,W 36 St & 9 Ave,6569,Broadway & W 38 St,6560,40.75462324029105,-73.99516761302948,40.7529728216068,-73.98734897375107,member
1543788,538F1AD9A4243E52,electric_bike,2022-03-23 21:18:11,2022-03-23 21:23:38,W 36 St & 9 Ave,6569,W 27 St & 7 Ave,6247,40.75462324029105,-73.99516761302948,40.746647,-73.993915,member
1543792,FEB5FFC188E3833B,electric_bike,2022-03-12 12:58:29,2022-03-12 13:03:51,W 36 St & 9 Ave,6569,W 27 St & 7 Ave,6247,40.75462324029105,-73.99516761302948,40.746647,-73.993915,member
1543793,87E9C150EA6F0C3F,classic_bike,2022-03-27 16:23:52,2022-03-27 16:32:47,W 36 St & 9 Ave,6569,Broadway & W 38 St,6560,40.75462324029105,-73.99516761302948,40.7529728216068,-73.98734897375107,member
1543794,195C1202FD85ABCA,classic_bike,2022-03-16 10:22:37,2022-03-16 10:27:58,W 36 St & 9 Ave,6569,W 27 St & 7 Ave,6247,40.75462324029105,-73.99516761302948,40.746647,-73.993915,member
1543795,D8FB48E9A9B2F79E,electric_bike,2022-03-29 14:19:23,2022-03-29 14:23:03,W 36 St & 9 Ave,6569,Broadway & W 38 St,6560,40.75462324029105,-73.99516761302948,40.7529728216068,-73.98734897375107,member
1543797,B983235BB82BCBE8,classic_bike,2022-03-21 02:30:01,2022-03-21 02:55:37,W 36 St & 9 Ave,6569,W 16 St & The High Line,6233,40.75462324029105,-73.99516761302948,40.74334935,-74.00681753,member
1543798,7EAAD0E429B4C121,electric_bike,2022-03-13 20:29:14,2022-03-13 20:34:34,W 36 St & 9 Ave,6569,W 27 St & 7 Ave,6247,40.75462324029105,-73.99516761302948,40.746647,-73.993915,member
1543802,8E6853F85C491B92,electric_bike,2022-03-18 07:53:21,2022-03-18 07:59:10,W 36 St & 9 Ave,6569,Broadway & W 38 St,6560,40.75462324029105,-73.99516761302948,40.7529728216068,-73.98734897375107,casual
1543820,C07978BA2D5C6A9C,electric_bike,2022-03-15 04:52:25,2022-03-15 04:55:12,W 36 St & 9 Ave,6569,Broadway & W 38 St,6560,40.75462324029105,-73.99516761302948,40.7529728216068,-73.98734897375107,member
1543821,7CCEC9A83CC2C414,classic_bike,2022-03-31 08:29:06,2022-03-31 08:36:22,W 36 St & 9 Ave,6569,Broadway & W 25 St,6173,40.75462324029105,-73.99516761302948,40.74286877312112,-73.98918628692627,casual
1543831,EBF558BC487210C3,electric_bike,2022-03-30 06:54:58,2022-03-30 07:00:43,W 36 St & 9 Ave,6569,Broadway & W 38 St,6560,40.75462324029105,-73.99516761302948,40.7529728216068,-73.98734897375107,casual
1543832,9A5B5A587FF73D72,classic_bike,2022-03-16 10:46:27,2022-03-16 10:51:32,W 36 St & 9 Ave,6569,W 27 St & 7 Ave,6247,40.75462324029105,-73.99516761302948,40.746647,-73.993915,casual
1543833,6FEF7029E6078045,electric_bike,2022-03-28 10:07:35,2022-03-28 10:16:21,W 36 St & 9 Ave,6569,Broadway & W 38 St,6560,40.75462324029105,-73.99516761302948,40.7529728216068,-73.98734897375107,casual
1543847,33EDD33A629AD7B4,classic_bike,2022-03-17 17:10:23,2022-03-17 17:16:24,W 36 St & 9 Ave,6569,W 27 St & 7 Ave,6247,40.75462324029105,-73.99516761302948,40.746647,-73.993915,member
1543854,C67FB26BF8E4F98C,electric_bike,2022-03-02 10:11:29,2022-03-02 10:21:35,W 36 St & 9 Ave,6569,Broadway & W 25 St,6173,40.75462324029105,-73.99516761302948,40.74286877312112,-73.98918628692627,member
1543855,EF6694949717E261,classic_bike,2022-03-23 09:30:04,2022-03-23 09:36:11,W 36 St & 9 Ave,6569,Broadway & W 38 St,6560,40.75462324029105,-73.99516761302948,40.7529728216068,-73.98734897375107,member
1543864,AA433EF1F91F9DBD,classic_bike,2022-03-21 08:07:26,2022-03-21 08:23:54,W 36 St & 9 Ave,6569,Broadway & W 38 St,6560,40.75462324029105,-73.99516761302948,40.7529728216068,-73.98734897375107,member
1543865,2D21B81D03829379,electric_bike,2022-03-23 21:17:51,2022-03-23 21:23:21,W 36 St & 9 Ave,6569,W 27 St & 7 Ave,6247,40.75462324029105,-73.99516761302948,40.746647,-73.993915,member
1543866,48CDE48045B2D20D,classic_bike,2022-03-20 19:48:23,2022-03-20 19:54:38,W 36 St & 9 Ave,6569,W 27 St & 7 Ave,6247,40.75462324029105,-73.99516761302948,40.746647,-73.993915,member
1543867,ADA9B50EAA3E390A,electric_bike,2022-03-14 07:53:26,2022-03-14 07:57:41,W 36 St & 9 Ave,6569,Broadway & W 38 St,6560,40.75462324029105,-73.99516761302948,40.7529728216068,-73.98734897375107,casual
1543868,3B3F80C8265A4BDE,classic_bike,2022-03-02 16:55:03,2022-03-02 17:07:30,W 36 St & 9 Ave,6569,Broadway & W 25 St,6173,40.75462324029105,-73.99516761302948,40.74286877312112,-73.98918628692627,casual
1543876,84CF539125C70F9F,electric_bike,2022-03-23 12:56:57,2022-03-23 13:08:53,W 36 St & 9 Ave,6569,Broadway & W 25 St,6173,40.75462324029105,-73.99516761302948,40.74286877312112,-73.98918628692627,casual
1543898,1753FA9FB8653D76,electric_bike,2022-03-03 14:42:37,2022-03-03 14:46:35,W 36 St & 9 Ave,6569,Broadway & W 38 St,6560,40.75462324029105,-73.99516761302948,40.7529728216068,-73.98734897375107,member
1543902,C09BDE9E3D1DE9E6,classic_bike,2022-03-26 12:15:39,2022-03-26 12:22:15,W 36 St & 9 Ave,6569,W 27 St & 7 Ave,6247,40.75462324029105,-73.99516761302948,40.746647,-73.993915,member
1543905,3859DFE420F6471D,electric_bike,2022-03-15 10:30:29,2022-03-15 10:47:29,W 36 St & 9 Ave,6569,Broadway & W 25 St,6173,40.75462324029105,-73.99516761302948,40.74286877312112,-73.98918628692627,member
1543908,32F763E0E61401E6,electric_bike,2022-03-07 08:20:15,2022-03-07 08:24:33,W 36 St & 9 Ave,6569,Broadway & W 38 St,6560,40.75462324029105,-73.99516761302948,40.7529728216068,-73.98734897375107,member
1543909,88F1CCBE63F17567,classic_bike,2022-03-28 19:04:08,2022-03-28 19:10:34,W 36 St & 9 Ave,6569,W 27 St & 7 Ave,6247,40.75462324029105,-73.99516761302948,40.746647,-73.993915,member
1543911,834A238AC0557ADF,classic_bike,2022-03-02 09:08:25,2022-03-02 09:14:19,W 36 St & 9 Ave,6569,W 27 St & 7 Ave,6247,40.75462324029105,-73.99516761302948,40.746647,-73.993915,member
1543919,1924FD1B65DCC55B,classic_bike,2022-03-23 19:39:00,2022-03-23 19:42:56,W 36 St & 9 Ave,6569,Broadway & W 38 St,6560,40.75462324029105,-73.99516761302948,40.7529728216068,-73.98734897375107,member
1543920,CF0583E9CC2F2E2F,electric_bike,2022-03-08 07:57:34,2022-03-08 08:02:17,W 36 St & 9 Ave,6569,Broadway & W 38 St,6560,40.75462324029105,-73.99516761302948,40.7529728216068,-73.98734897375107,casual
1545095,E67F7D07D22D6350,classic_bike,2022-03-07 09:04:41,2022-03-07 09:10:55,W 36 St & 9 Ave,6569,W 27 St & 7 Ave,6247,40.75462324029105,-73.99516761302948,40.746647,-73.993915,member
1545096,CA6C2E4F5E16D5E7,electric_bike,2022-03-17 04:52:38,2022-03-17 04:56:14,W 36 St & 9 Ave,6569,Broadway & W 38 St,6560,40.75462324029105,-73.99516761302948,40.7529728216068,-73.98734897375107,member
1545252,7F6947F40526D5AE,classic_bike,2022-03-28 10:46:29,2022-03-28 10:52:13,W 36 St & 9 Ave,6569,Broadway & W 38 St,6560,40.75462324029105,-73.99516761302948,40.7529728216068,-73.98734897375107,member
1545253,4EBE1847365AFBC6,electric_bike,2022-03-04 10:21:09,2022-03-04 10:28:27,W 36 St & 9 Ave,6569,W 16 St & The High Line,6233,40.75462324029105,-73.99516761302948,40.74334935,-74.00681753,member
1545306,D0F103A41957E874,electric_bike,2022-03-08 14:00:56,2022-03-08 14:07:38,W 36 St & 9 Ave,6569,W 27 St & 7 Ave,6247,40.75462324029105,-73.99516761302948,40.746647,-73.993915,member
1545310,A6B341AC08BFD71D,classic_bike,2022-03-21 09:19:53,2022-03-21 09:31:03,W 36 St & 9 Ave,6569,Broadway & W 25 St,6173,40.75462324029105,-73.99516761302948,40.74286877312112,-73.98918628692627,member
1545312,A3187F2F1B58E0C1,classic_bike,2022-03-16 09:03:46,2022-03-16 09:11:38,W 36 St & 9 Ave,6569,W 27 St & 7 Ave,6247,40.75462324029105,-73.99516761302948,40.746647,-73.993915,member
1545313,3EC0497016B95BDB,classic_bike,2022-03-18 09:15:37,2022-03-18 09:23:40,W 36 St & 9 Ave,6569,W 27 St & 7 Ave,6247,40.75462324029105,-73.99516761302948,40.746647,-73.993915,member
1545317,A8A25051D8DE9C83,electric_bike,2022-03-22 04:51:52,2022-03-22 04:54:12,W 36 St & 9 Ave,6569,Broadway & W 38 St,6560,40.75462324029105,-73.99516761302948,40.7529728216068,-73.98734897375107,member
1545319,FD21BB9B749417B5,classic_bike,2022-03-27 19:56:51,2022-03-27 20:08:53,W 36 St & 9 Ave,6569,W 16 St & The High Line,6233,40.75462324029105,-73.99516761302948,40.74334935,-74.00681753,member
1545362,EE0D04D375E509F3,classic_bike,2022-03-23 08:50:09,2022-03-23 08:58:48,W 36 St & 9 Ave,6569,W 27 St & 7 Ave,6247,40.75462324029105,-73.99516761302948,40.746647,-73.993915,member
1545366,BF152AFA7D4A4936,electric_bike,2022-03-11 07:49:06,2022-03-11 07:54:47,W 36 St & 9 Ave,6569,Broadway & W 38 St,6560,40.75462324029105,-73.99516761302948,40.7529728216068,-73.98734897375107,casual
1545367,DDB53391CCA94286,electric_bike,2022-03-24 07:55:17,2022-03-24 08:00:52,W 36 St & 9 Ave,6569,Broadway & W 38 St,6560,40.75462324029105,-73.99516761302948,40.7529728216068,-73.98734897375107,casual
1545368,C775FBD7191D8E83,electric_bike,2022-03-10 08:57:56,2022-03-10 09:04:19,W 36 St & 9 Ave,6569,W 27 St & 7 Ave,6247,40.75462324029105,-73.99516761302948,40.746647,-73.993915,member
1545589,3205AB2BEFB27423,classic_bike,2022-03-02 11:39:01,2022-03-02 11:46:20,W 36 St & 9 Ave,6569,W 27 St & 7 Ave,6247,40.75462324029105,-73.99516761302948,40.746647,-73.993915,member
1545591,4E5E6F5641EA2530,classic_bike,2022-03-21 14:49:07,2022-03-21 14:57:11,W 36 St & 9 Ave,6569,W 27 St & 7 Ave,6247,40.75462324029105,-73.99516761302948,40.746647,-73.993915,casual
1545597,C92A4BEE8B95254C,classic_bike,2022-03-03 09:09:23,2022-03-03 09:16:29,W 36 St & 9 Ave,6569,W 27 St & 7 Ave,6247,40.75462324029105,-73.99516761302948,40.746647,-73.993915,member
1545598,8C5955489C21D388,electric_bike,2022-03-01 12:20:31,2022-03-01 12:25:04,W 36 St & 9 Ave,6569,W 27 St & 7 Ave,6247,40.75462324029105,-73.99516761302948,40.746647,-73.993915,member
1545599,1D30582CC37D861B,classic_bike,2022-03-10 14:48:27,2022-03-10 14:51:43,W 36 St & 9 Ave,6569,Broadway & W 38 St,6560,40.75462324029105,-73.99516761302948,40.7529728216068,-73.98734897375107,member
1545600,1FD91D37C22F98AF,classic_bike,2022-03-15 12:51:58,2022-03-15 12:56:04,W 36 St & 9 Ave,6569,Broadway & W 38 St,6560,40.75462324029105,-73.99516761302948,40.7529728216068,-73.98734897375107,member
1545601,B49B33E1919AE8C5,classic_bike,2022-03-01 11:56:34,2022-03-01 12:01:43,W 36 St & 9 Ave,6569,Broadway & W 38 St,6560,40.75462324029105,-73.99516761302948,40.7529728216068,-73.98734897375107,member
1546144,45B66651DE79A2C5,electric_bike,2022-03-25 07:11:24,2022-03-25 07:17:04,W 36 St & 9 Ave,6569,Broadway & W 38 St,6560,40.75462324029105,-73.99516761302948,40.7529728216068,-73.98734897375107,member
1546215,F0AF4D1AFA383652,classic_bike,2022-03-22 09:58:55,2022-03-22 10:05:30,W 36 St & 9 Ave,6569,Broadway & W 38 St,6560,40.75462324029105,-73.99516761302948,40.7529728216068,-73.98734897375107,member
1546216,93759EF88CFBBFB0,classic_bike,2022-03-29 10:30:15,2022-03-29 10:36:41,W 36 St & 9 Ave,6569,Broadway & W 38 St,6560,40.75462324029105,-73.99516761302948,40.7529728216068,-73.98734897375107,member
1547008,28D88EC16E997E51,classic_bike,2022-03-09 19:36:47,2022-03-09 19:40:56,W 36 St & 9 Ave,6569,Broadway & W 38 St,6560,40.75462324029105,-73.99516761302948,40.7529728216068,-73.98734897375107,member
1547010,04DBA0C93BB1E594,electric_bike,2022-03-22 09:20:41,2022-03-22 09:25:12,W 36 St & 9 Ave,6569,W 27 St & 7 Ave,6247,40.75462324029105,-73.99516761302948,40.746647,-73.993915,member
1547011,B4E3B73EEB7A2735,classic_bike,2022-03-16 09:17:04,2022-03-16 09:23:57,W 36 St & 9 Ave,6569,W 27 St & 7 Ave,6247,40.75462324029105,-73.99516761302948,40.746647,-73.993915,member
1547012,46378A32FCFE25D4,electric_bike,2022-03-21 14:04:54,2022-03-21 14:14:07,W 36 St & 9 Ave,6569,Broadway & W 25 St,6173,40.75462324029105,-73.99516761302948,40.74286877312112,-73.98918628692627,member
1547014,016E26A85C9F9A6D,electric_bike,2022-03-11 13:49:11,2022-03-11 13:56:40,W 36 St & 9 Ave,6569,W 27 St & 7 Ave,6247,40.75462324029105,-73.99516761302948,40.746647,-73.993915,member
1547015,97987A73C8A6A0EB,classic_bike,2022-03-05 09:25:17,2022-03-05 09:33:12,W 36 St & 9 Ave,6569,W 27 St & 7 Ave,6247,40.75462324029105,-73.99516761302948,40.746647,-73.993915,member
1550436,A1AD4A328A4125EA,electric_bike,2022-03-20 23:07:12,2022-03-20 23:13:54,W 35 St & 9 Ave,6569,Broadway & W 25 St,6173,40.75414519263519,-73.9960889518261,40.74286877312112,-73.98918628692627,member
1550442,97EEC4C03D248FEF,classic_bike,2022-03-23 09:25:21,2022-03-23 09:35:08,W 35 St & 9 Ave,6569,W 27 St & 7 Ave,6247,40.75414519263519,-73.9960889518261,40.746647,-73.993915,member
1550448,824BF671407145B3,classic_bike,2022-03-30 18:25:11,2022-03-30 18:30:30,W 35 St & 9 Ave,6569,W 27 St & 7 Ave,6247,40.75414519263519,-73.9960889518261,40.746647,-73.993915,member
1550449,FAB8ECFD382E3E62,classic_bike,2022-03-14 18:28:31,2022-03-14 18:33:01,W 35 St & 9 Ave,6569,W 27 St & 7 Ave,6247,40.75414519263519,-73.9960889518261,40.746647,-73.993915,member
1550450,4A8000DE63F5643F,classic_bike,2022-03-08 17:59:05,2022-03-08 18:11:03,W 35 St & 9 Ave,6569,Broadway & W 38 St,6560,40.75414519263519,-73.9960889518261,40.7529728216068,-73.98734897375107,member
1550469,A43E0C8EA6FBB792,electric_bike,2022-03-31 09:01:25,2022-03-31 09:08:25,W 35 St & 9 Ave,6569,W 27 St & 7 Ave,6247,40.75414519263519,-73.9960889518261,40.746647,-73.993915,member
1550475,23D17DEF04241DEA,electric_bike,2022-03-10 04:53:19,2022-03-10 04:57:17,W 35 St & 9 Ave,6569,Broadway & W 38 St,6560,40.75414519263519,-73.9960889518261,40.7529728216068,-73.98734897375107,member
1550484,FF639A85F1C4805A,electric_bike,2022-03-24 11:00:07,2022-03-24 11:09:36,W 35 St & 9 Ave,6569,Broadway & W 25 St,6173,40.75414519263519,-73.9960889518261,40.74286877312112,-73.98918628692627,member
1550526,A0795215805CFC7D,classic_bike,2022-03-03 18:13:31,2022-03-03 18:20:35,W 35 St & 9 Ave,6569,Broadway & W 25 St,6173,40.75414519263519,-73.9960889518261,40.74286877312112,-73.98918628692627,member
1550527,487B9277DAC5BC50,electric_bike,2022-03-01 17:45:51,2022-03-01 17:53:37,W 35 St & 9 Ave,6569,Broadway & W 25 St,6173,40.75414519263519,-73.9960889518261,40.74286877312112,-73.98918628692627,casual
1550548,97A015F0E77A7543,classic_bike,2022-03-16 11:40:12,2022-03-16 11:47:39,W 35 St & 9 Ave,6569,Broadway & W 38 St,6560,40.75414519263519,-73.9960889518261,40.7529728216068,-73.98734897375107,casual
1550555,697DCBFC2790E803,classic_bike,2022-03-14 11:56:35,2022-03-14 12:14:06,W 35 St & 9 Ave,6569,Broadway & W 25 St,6173,40.75414519263519,-73.9960889518261,40.74286877312112,-73.98918628692627,casual
1550557,7657B99480021014,electric_bike,2022-03-02 11:21:50,2022-03-02 11:28:01,W 35 St & 9 Ave,6569,Broadway & W 25 St,6173,40.75414519263519,-73.9960889518261,40.74286877312112,-73.98918628692627,member
1550570,70BF271A794E0B99,classic_bike,2022-03-20 09:41:49,2022-03-20 09:48:14,W 35 St & 9 Ave,6569,W 27 St & 7 Ave,6247,40.75414519263519,-73.9960889518261,40.746647,-73.993915,member
1550577,F8AC84CA176E5AC7,classic_bike,2022-03-27 20:41:04,2022-03-27 20:53:15,W 35 St & 9 Ave,6569,W 16 St & The High Line,6233,40.75414519263519,-73.9960889518261,40.74334935,-74.00681753,member
1550590,C83EEA81DE3E126D,electric_bike,2022-03-29 14:13:23,2022-03-29 14:19:26,W 35 St & 9 Ave,6569,W 27 St & 7 Ave,6247,40.75414519263519,-73.9960889518261,40.746647,-73.993915,casual
1550592,17FB610944F003BA,classic_bike,2022-03-20 18:24:46,2022-03-20 18:43:24,W 35 St & 9 Ave,6569,Broadway & W 25 St,6173,40.75414519263519,-73.9960889518261,40.74286877312112,-73.98918628692627,member
1550594,5F37CACD31A5094A,classic_bike,2022-03-08 13:02:46,2022-03-08 13:07:03,W 35 St & 9 Ave,6569,Broadway & W 38 St,6560,40.75414519263519,-73.9960889518261,40.7529728216068,-73.98734897375107,member
1550596,0F3BEB9F52EB738D,electric_bike,2022-03-12 09:00:49,2022-03-12 09:04:24,W 35 St & 9 Ave,6569,Broadway & W 38 St,6560,40.75414519263519,-73.9960889518261,40.7529728216068,-73.98734897375107,member
1550608,983FA78F3EC92500,electric_bike,2022-03-08 14:00:47,2022-03-08 14:07:32,W 35 St & 9 Ave,6569,W 27 St & 7 Ave,6247,40.75414519263519,-73.9960889518261,40.746647,-73.993915,casual
1550617,CD45B0A3A54D7DD4,electric_bike,2022-03-03 09:12:35,2022-03-03 09:20:49,W 35 St & 9 Ave,6569,Broadway & W 25 St,6173,40.75414519263519,-73.9960889518261,40.74286877312112,-73.98918628692627,member
1550620,6BCCBC188508F17A,classic_bike,2022-03-27 12:29:08,2022-03-27 12:40:55,W 35 St & 9 Ave,6569,Broadway & W 25 St,6173,40.75414519263519,-73.9960889518261,40.74286877312112,-73.98918628692627,casual
1550621,485A5078033B3291,electric_bike,2022-03-23 11:58:21,2022-03-23 12:05:13,W 35 St & 9 Ave,6569,Broadway & W 25 St,6173,40.75414519263519,-73.9960889518261,40.74286877312112,-73.98918628692627,casual
1550644,A6A02FB679541405,classic_bike,2022-03-25 12:10:59,2022-03-25 12:30:22,W 35 St & 9 Ave,6569,W 27 St & 7 Ave,6247,40.75414519263519,-73.9960889518261,40.746647,-73.993915,member
1550653,D00CFD1902CCEE28,classic_bike,2022-03-17 18:03:38,2022-03-17 18:08:46,W 35 St & 9 Ave,6569,W 27 St & 7 Ave,6247,40.75414519263519,-73.9960889518261,40.746647,-73.993915,member
1551081,76B9FA89C36B5927,classic_bike,2022-03-20 12:48:19,2022-03-20 12:55:58,W 35 St & 9 Ave,6569,Broadway & W 25 St,6173,40.75414519263519,-73.9960889518261,40.74286877312112,-73.98918628692627,casual
1551082,F905273DAF977847,electric_bike,2022-03-24 09:03:10,2022-03-24 09:07:37,W 35 St & 9 Ave,6569,W 27 St & 7 Ave,6247,40.75414519263519,-73.9960889518261,40.746647,-73.993915,casual
1551084,B67D8A693E3B2384,electric_bike,2022-03-21 13:58:31,2022-03-21 14:03:00,W 35 St & 9 Ave,6569,W 27 St & 7 Ave,6247,40.75414519263519,-73.9960889518261,40.746647,-73.993915,casual
1551100,B379C1649881FAF9,classic_bike,2022-03-22 07:55:30,2022-03-22 08:03:40,W 35 St & 9 Ave,6569,Broadway & W 25 St,6173,40.75414519263519,-73.9960889518261,40.74286877312112,-73.98918628692627,member
1551302,C2112ED0BEEC5759,classic_bike,2022-03-14 07:19:52,2022-03-14 07:52:25,W 35 St & 9 Ave,6569,Bus Slip & State St,4889,40.75414519263519,-73.9960889518261,40.701907,-74.013942,member
1551316,D659416779C06D55,electric_bike,2022-03-18 09:21:48,2022-03-18 09:26:49,W 35 St & 9 Ave,6569,W 27 St & 7 Ave,6247,40.75414519263519,-73.9960889518261,40.746647,-73.993915,casual
1551341,E68FC685D8F7FD30,classic_bike,2022-03-27 12:16:50,2022-03-27 12:23:18,W 35 St & 9 Ave,6569,W 27 St & 7 Ave,6247,40.75414519263519,-73.9960889518261,40.746647,-73.993915,casual
1551371,84BF6824278344D6,classic_bike,2022-03-01 18:36:12,2022-03-01 18:43:24,W 35 St & 9 Ave,6569,W 27 St & 7 Ave,6247,40.75414519263519,-73.9960889518261,40.746647,-73.993915,member
1551375,38F02518346724B4,classic_bike,2022-03-27 20:40:21,2022-03-27 20:53:10,W 35 St & 9 Ave,6569,W 16 St & The High Line,6233,40.75414519263519,-73.9960889518261,40.74334935,-74.00681753,member
1551693,C5F24AF24A628FDF,classic_bike,2022-03-16 19:00:06,2022-03-16 19:10:33,W 35 St & 9 Ave,6569,Broadway & W 38 St,6560,40.75414519263519,-73.9960889518261,40.7529728216068,-73.98734897375107,member
1551931,F44910FD4DAF7434,electric_bike,2022-03-04 08:35:50,2022-03-04 08:43:58,W 35 St & Dyer Ave,6569,Broadway & W 25 St,6173,40.754691750226016,-73.99740189313889,40.74286877312112,-73.98918628692627,member
1552609,81C60D7EAE21647A,classic_bike,2022-03-11 13:50:38,2022-03-11 13:58:27,W 35 St & 9 Ave,6569,W 27 St & 7 Ave,6247,40.75414519263519,-73.9960889518261,40.746647,-73.993915,member
1552689,BFA06C614C8F8D05,classic_bike,2022-03-25 21:26:16,2022-03-25 21:36:19,W 35 St & 9 Ave,6569,W 16 St & The High Line,6233,40.75414519263519,-73.9960889518261,40.74334935,-74.00681753,member
1552697,7A6C2E9980EF36BD,classic_bike,2022-03-23 13:48:04,2022-03-23 13:53:39,W 35 St & 9 Ave,6569,W 27 St & 7 Ave,6247,40.75414519263519,-73.9960889518261,40.746647,-73.993915,member
1552699,4BC4C4DC005DCCDE,classic_bike,2022-03-21 21:30:41,2022-03-21 21:37:22,W 36 St & 9 Ave,6569,W 27 St & 7 Ave,6247,40.75462324029105,-73.99516761302948,40.746647,-73.993915,member
1552700,29749FB7D299E23D,electric_bike,2022-03-01 09:28:00,2022-03-01 09:32:08,W 36 St & 9 Ave,6569,W 27 St & 7 Ave,6247,40.75462324029105,-73.99516761302948,40.746647,-73.993915,member
1552718,680948322D6A099E,classic_bike,2022-03-05 16:14:00,2022-03-05 16:22:04,W 35 St & 9 Ave,6569,Broadway & W 25 St,6173,40.75414519263519,-73.9960889518261,40.74286877312112,-73.98918628692627,casual
1552736,E3456CC294E9AAEF,classic_bike,2022-03-07 10:19:32,2022-03-07 10:30:06,W 35 St & 9 Ave,6569,W 27 St & 7 Ave,6247,40.75414519263519,-73.9960889518261,40.746647,-73.993915,casual
1552741,4EBBABD4B5B5664E,classic_bike,2022-03-22 11:35:33,2022-03-22 11:45:04,W 35 St & 9 Ave,6569,W 27 St & 7 Ave,6247,40.75414519263519,-73.9960889518261,40.746647,-73.993915,member
1552743,EF643C7A614F8D0D,classic_bike,2022-03-07 17:14:07,2022-03-07 17:20:46,W 35 St & 9 Ave,6569,W 27 St & 7 Ave,6247,40.75414519263519,-73.9960889518261,40.746647,-73.993915,member
1552745,9A8CBCF3C32599DF,classic_bike,2022-03-16 17:01:34,2022-03-16 17:46:31,W 35 St & 9 Ave,6569,Prospect Pl & 6 Ave,4166,40.75414519263519,-73.9960889518261,40.6793307,-73.97519523,casual
1552758,F58A10906B69475A,classic_bike,2022-03-07 15:25:26,2022-03-07 15:38:35,W 35 St & 9 Ave,6569,W 16 St & The High Line,6233,40.75414519263519,-73.9960889518261,40.74334935,-74.00681753,member
1552761,9C69E273FFC27217,classic_bike,2022-03-31 20:25:15,2022-03-31 20:29:53,W 35 St & 9 Ave,6569,W 27 St & 7 Ave,6247,40.75414519263519,-73.9960889518261,40.746647,-73.993915,member
1552762,EC30527C408D5AA0,classic_bike,2022-03-27 13:47:06,2022-03-27 13:51:49,W 35 St & 9 Ave,6569,W 27 St & 7 Ave,6247,40.75414519263519,-73.9960889518261,40.746647,-73.993915,member
1552768,51F5EB552ACEF417,classic_bike,2022-03-04 18:11:16,2022-03-04 18:21:19,W 35 St & 9 Ave,6569,Broadway & W 25 St,6173,40.75414519263519,-73.9960889518261,40.74286877312112,-73.98918628692627,casual
1552780,9203CCC192CCE1F8,classic_bike,2022-03-03 17:46:28,2022-03-03 17:52:55,W 35 St & 9 Ave,6569,W 27 St & 7 Ave,6247,40.75414519263519,-73.9960889518261,40.746647,-73.993915,member
1552789,0A86506D779E7362,classic_bike,2022-03-28 08:43:18,2022-03-28 08:49:57,W 35 St & 9 Ave,6569,W 16 St & The High Line,6233,40.75414519263519,-73.9960889518261,40.74334935,-74.00681753,member
1552805,D6E57E4044B9467B,classic_bike,2022-03-15 16:42:54,2022-03-15 16:50:02,W 35 St & 9 Ave,6569,W 27 St & 7 Ave,6247,40.75414519263519,-73.9960889518261,40.746647,-73.993915,casual
1552807,8076499E6B9F9BB4,classic_bike,2022-03-23 18:41:31,2022-03-23 18:48:03,W 35 St & 9 Ave,6569,Broadway & W 25 St,6173,40.75414519263519,-73.9960889518261,40.74286877312112,-73.98918628692627,casual
1552820,6134F7D5800A28BF,classic_bike,2022-03-15 19:05:57,2022-03-15 19:12:40,W 35 St & 9 Ave,6569,Broadway & W 38 St,6560,40.75414519263519,-73.9960889518261,40.7529728216068,-73.98734897375107,member
1552825,0DF4E71F69C5A14F,classic_bike,2022-03-03 08:47:37,2022-03-03 08:55:57,W 35 St & 9 Ave,6569,Broadway & W 25 St,6173,40.75414519263519,-73.9960889518261,40.74286877312112,-73.98918628692627,casual
1552839,E197BE2F3A905E57,classic_bike,2022-03-28 09:11:21,2022-03-28 09:17:21,W 35 St & 9 Ave,6569,W 27 St & 7 Ave,6247,40.75414519263519,-73.9960889518261,40.746647,-73.993915,member
1552841,F90970EAF71F3F4B,electric_bike,2022-03-21 13:26:39,2022-03-21 13:31:15,W 35 St & 9 Ave,6569,W 27 St & 7 Ave,6247,40.75414519263519,-73.9960889518261,40.746647,-73.993915,member
1552847,1F73B0EF976E5D32,classic_bike,2022-03-03 09:10:37,2022-03-03 09:15:23,W 35 St & 9 Ave,6569,Broadway & W 38 St,6560,40.75414519263519,-73.9960889518261,40.7529728216068,-73.98734897375107,casual
1552853,46C6A69CE627EA3C,electric_bike,2022-03-21 06:41:08,2022-03-21 06:59:04,W 35 St & 9 Ave,6569,W 27 St & 7 Ave,6247,40.75414519263519,-73.9960889518261,40.746647,-73.993915,member
1552855,B9401307DD9C4C49,classic_bike,2022-03-10 08:47:07,2022-03-10 08:54:56,W 35 St & 9 Ave,6569,Broadway & W 25 St,6173,40.75414519263519,-73.9960889518261,40.74286877312112,-73.98918628692627,member
1552856,2C578E67EB602F76,electric_bike,2022-03-01 17:26:10,2022-03-01 17:35:20,W 35 St & 9 Ave,6569,W 27 St & 7 Ave,6247,40.75414519263519,-73.9960889518261,40.746647,-73.993915,member
1552859,47306BD0BFA2EECF,electric_bike,2022-03-10 13:44:10,2022-03-10 13:53:10,W 35 St & 9 Ave,6569,W 16 St & The High Line,6233,40.75414519263519,-73.9960889518261,40.74334935,-74.00681753,member
1552862,7785F73A9DA32AFE,classic_bike,2022-03-15 08:00:39,2022-03-15 08:11:01,W 35 St & 9 Ave,6569,Broadway & W 25 St,6173,40.75414519263519,-73.9960889518261,40.74286877312112,-73.98918628692627,member
1552925,F29CED1B70538989,electric_bike,2022-03-08 04:47:56,2022-03-08 04:51:19,W 35 St & 9 Ave,6569,Broadway & W 38 St,6560,40.75414519263519,-73.9960889518261,40.7529728216068,-73.98734897375107,member
1553247,3D285814BFB1A153,classic_bike,2022-03-28 06:49:24,2022-03-28 06:55:12,W 35 St & Dyer Ave,6569,W 27 St & 7 Ave,6247,40.754691750226016,-73.99740189313889,40.746647,-73.993915,member
1553432,E28CD5C3A4D4E4DD,classic_bike,2022-03-05 13:08:23,2022-03-05 13:15:13,W 35 St & 9 Ave,6569,Broadway & W 25 St,6173,40.75414519263519,-73.9960889518261,40.74286877312112,-73.98918628692627,member
1553476,AB7F8F5C4B8C66F5,classic_bike,2022-03-20 07:55:39,2022-03-20 08:03:17,W 36 St & 9 Ave,6569,Broadway & W 25 St,6173,40.75462324029105,-73.99516761302948,40.74286877312112,-73.98918628692627,member
1553477,3A6BB129262690E4,classic_bike,2022-03-03 08:11:57,2022-03-03 08:15:25,W 36 St & 9 Ave,6569,Broadway & W 38 St,6560,40.75462324029105,-73.99516761302948,40.7529728216068,-73.98734897375107,member
1553478,D615D10E331DDE8C,electric_bike,2022-03-23 09:57:20,2022-03-23 10:01:33,W 36 St & 9 Ave,6569,W 27 St & 7 Ave,6247,40.75462324029105,-73.99516761302948,40.746647,-73.993915,member
1553481,E0360AC7389F94B4,classic_bike,2022-03-05 11:33:19,2022-03-05 11:40:24,W 36 St & 9 Ave,6569,W 27 St & 7 Ave,6247,40.75462324029105,-73.99516761302948,40.746647,-73.993915,member
1553482,6EB264F16707169B,electric_bike,2022-03-23 07:45:15,2022-03-23 07:52:16,W 36 St & 9 Ave,6569,Broadway & W 38 St,6560,40.75462324029105,-73.99516761302948,40.7529728216068,-73.98734897375107,casual
1553516,62C8979DABA917E1,electric_bike,2022-03-22 11:23:58,2022-03-22 11:34:35,W 35 St & 9 Ave,6569,Broadway & W 25 St,6173,40.75414519263519,-73.9960889518261,40.74286877312112,-73.98918628692627,member
1553517,15AC1705A3C5D9F8,classic_bike,2022-03-26 19:50:31,2022-03-26 20:16:17,W 35 St & 9 Ave,6569,W 16 St & The High Line,6233,40.75414519263519,-73.9960889518261,40.74334935,-74.00681753,member
1553525,2FBDC62D39637BAD,electric_bike,2022-03-01 14:39:20,2022-03-01 14:42:48,W 35 St & 9 Ave,6569,Broadway & W 38 St,6560,40.75414519263519,-73.9960889518261,40.7529728216068,-73.98734897375107,casual
1553526,3A1E8E25041EABE3,electric_bike,2022-03-21 12:17:57,2022-03-21 12:28:51,W 35 St & 9 Ave,6569,Broadway & W 25 St,6173,40.75414519263519,-73.9960889518261,40.74286877312112,-73.98918628692627,casual
1553577,FDFB3FEA86E5B643,electric_bike,2022-03-29 17:59:22,2022-03-29 18:06:57,W 35 St & 9 Ave,6569,Broadway & W 25 St,6173,40.75414519263519,-73.9960889518261,40.74286877312112,-73.98918628692627,member
1553597,AE71EA4BC2B2BC73,classic_bike,2022-03-15 17:48:50,2022-03-15 18:00:20,W 35 St & 9 Ave,6569,Broadway & W 25 St,6173,40.75414519263519,-73.9960889518261,40.74286877312112,-73.98918628692627,member
1554227,4C701C40EDC9B64E,classic_bike,2022-03-17 18:48:21,2022-03-17 18:51:45,W 36 St & 9 Ave,6569,Broadway & W 38 St,6560,40.75462324029105,-73.99516761302948,40.7529728216068,-73.98734897375107,member
1554309,7198201B69D47F00,electric_bike,2022-03-01 15:14:20,2022-03-01 15:18:51,W 35 St & 9 Ave,6569,Broadway & W 38 St,6560,40.75414519263519,-73.9960889518261,40.7529728216068,-73.98734897375107,member
1554349,46BBEA8FE5F99D21,electric_bike,2022-03-23 15:11:42,2022-03-23 15:22:07,W 35 St & 9 Ave,6569,Broadway & W 25 St,6173,40.75414519263519,-73.9960889518261,40.74286877312112,-73.98918628692627,casual
1554375,74C569E15715E844,classic_bike,2022-03-26 16:07:12,2022-03-26 16:18:47,Broadway & E 21 St,6098,W 35 St & Dyer Ave,6569,40.73988840858996,-73.98958593606949,40.754691750226016,-73.99740189313889,member
1554399,98DA1E786F1F34A4,classic_bike,2022-03-15 20:49:39,2022-03-15 20:55:38,W 37 St & Broadway,6441,W 35 St & Dyer Ave,6569,40.75227093837409,-73.98770570755005,40.754691750226016,-73.99740189313889,member
1554417,2B46FA4322E8F607,classic_bike,2022-03-10 07:45:14,2022-03-10 07:50:08,W 50 St & 9 Ave,6854,W 35 St & Dyer Ave,6569,40.76360467795863,-73.98917958140373,40.754691750226016,-73.99740189313889,member
1554419,ACAEC4AA6DAD25C5,electric_bike,2022-03-18 20:12:30,2022-03-18 20:28:37,Grand St & Greene St,5500,W 35 St & Dyer Ave,6569,40.72170005235607,-74.00238141417502,40.754691750226016,-73.99740189313889,member
1554457,D82D3C36B0578BB7,classic_bike,2022-03-22 09:26:04,2022-03-22 09:34:46,W 47 St & 10 Ave,6824,W 35 St & Dyer Ave,6569,40.76269882,-73.99301222,40.754691750226016,-73.99740189313889,member
1554486,1576AE7926E29E3C,classic_bike,2022-03-15 08:46:56,2022-03-15 09:05:00,Park Pl & Church St,5288,W 35 St & Dyer Ave,6569,40.71334184275907,-74.00935515761375,40.754691750226016,-73.99740189313889,member
1554572,DBB0B63677071535,electric_bike,2022-03-07 19:54:48,2022-03-07 19:58:30,W 29 St & 9 Ave,6416,W 35 St & Dyer Ave,6569,40.7500727,-73.99839279,40.754691750226016,-73.99740189313889,member
1554585,E9B472F181211F27,classic_bike,2022-03-22 21:13:37,2022-03-22 21:36:49,1 Ave & E 44 St,6379,W 35 St & Dyer Ave,6569,40.75001986,-73.96905301,40.754691750226016,-73.99740189313889,member
1554607,601328646264AF2A,electric_bike,2022-03-31 08:09:07,2022-03-31 08:41:06,Clinton Ave & Myrtle Ave,4651,W 35 St & Dyer Ave,6569,40.693261,-73.968896,40.754691750226016,-73.99740189313889,member
1554617,73705F988D1649EC,classic_bike,2022-03-22 09:22:28,2022-03-22 09:28:53,8 Ave & W 49 St,6747,W 35 St & Dyer Ave,6569,40.76171227910671,-73.98655101656914,40.754691750226016,-73.99740189313889,member
1554618,9A26E9C699BCD7F0,classic_bike,2022-03-19 20:59:56,2022-03-19 21:09:26,8 Ave & W 49 St,6747,W 35 St & Dyer Ave,6569,40.76171227910671,-73.98655101656914,40.754691750226016,-73.99740189313889,member
1554629,765F23670B391173,classic_bike,2022-03-25 09:04:29,2022-03-25 09:10:34,W 50 St & 9 Ave,6854,W 35 St & Dyer Ave,6569,40.76360467795863,-73.98917958140373,40.754691750226016,-73.99740189313889,member
1554630,70254CEF017D1375,classic_bike,2022-03-10 20:14:00,2022-03-10 20:17:57,W 37 St & Broadway,6441,W 35 St & Dyer Ave,6569,40.75227093837409,-73.98770570755005,40.754691750226016,-73.99740189313889,member
1554660,13AF8CE5C2C310B5,classic_bike,2022-03-04 18:30:27,2022-03-04 18:37:20,11 Ave & W 41 St,6726,W 35 St & Dyer Ave,6569,40.76030096,-73.99884222,40.754691750226016,-73.99740189313889,member
1554665,C50AF1CA7B469319,classic_bike,2022-03-15 17:56:43,2022-03-15 18:08:39,11 Ave & W 59 St,7059,W 35 St & Dyer Ave,6569,40.77149671054441,-73.99046033620834,40.754691750226016,-73.99740189313889,member
1554667,C6DF8F2010274FDC,classic_bike,2022-03-25 19:31:27,2022-03-25 19:39:35,8 Ave & W 16 St,6072,W 35 St & Dyer Ave,6569,40.740983,-74.001702,40.754691750226016,-73.99740189313889,member
1554668,5A1F9BF700740B57,classic_bike,2022-03-15 18:10:42,2022-03-15 18:18:07,8 Ave & W 16 St,6072,W 35 St & Dyer Ave,6569,40.740983,-74.001702,40.754691750226016,-73.99740189313889,member
1554669,98D897F14E707CBA,classic_bike,2022-03-03 17:56:37,2022-03-03 18:04:47,8 Ave & W 16 St,6072,W 35 St & Dyer Ave,6569,40.740983,-74.001702,40.754691750226016,-73.99740189313889,member
1554670,06AD7ABBFC8D27F0,electric_bike,2022-03-31 17:48:08,2022-03-31 17:54:17,8 Ave & W 16 St,6072,W 35 St & Dyer Ave,6569,40.740983,-74.001702,40.754691750226016,-73.99740189313889,member
1554691,305C3D08854010C5,electric_bike,2022-03-26 18:52:50,2022-03-26 18:59:42,W 15 St & 7 Ave,6030,W 35 St & Dyer Ave,6569,40.73935542,-73.99931783,40.754691750226016,-73.99740189313889,member
1554737,FB23F43AC280D6AA,electric_bike,2022-03-23 17:54:55,2022-03-23 18:03:21,E 32 St & Park Ave,6280,W 35 St & Dyer Ave,6569,40.7457121,-73.98194829,40.754691750226016,-73.99740189313889,member
1554760,D6B7BC44024A9E8A,electric_bike,2022-03-27 01:17:43,2022-03-27 01:33:48,1 Ave & E 16 St,5779,W 35 St & Dyer Ave,6569,40.73221853,-73.98165557,40.754691750226016,-73.99740189313889,casual
1554775,B51B9E1FF36E227E,classic_bike,2022-03-26 13:37:14,2022-03-26 13:54:42,W 35 St & Dyer Ave,6569,W 35 St & Dyer Ave,6569,40.754691750226016,-73.99740189313889,40.754691750226016,-73.99740189313889,casual
1554811,D7895E132C1FE3C6,electric_bike,2022-03-29 08:36:05,2022-03-29 08:36:48,W 35 St & Dyer Ave,6569,W 35 St & Dyer Ave,6569,40.754691750226016,-73.99740189313889,40.754691750226016,-73.99740189313889,member
1554823,1287DF066CEA8207,electric_bike,2022-03-19 02:13:31,2022-03-19 02:28:28,W 35 St & Dyer Ave,6569,W 35 St & Dyer Ave,6569,40.754691750226016,-73.99740189313889,40.754691750226016,-73.99740189313889,member
1554824,D2461B87598D9E74,electric_bike,2022-03-18 21:47:10,2022-03-18 22:22:24,W 35 St & Dyer Ave,6569,W 35 St & Dyer Ave,6569,40.754691750226016,-73.99740189313889,40.754691750226016,-73.99740189313889,member
1554825,57AADD9D4F0E78BC,electric_bike,2022-03-19 01:53:47,2022-03-19 02:13:02,W 35 St & Dyer Ave,6569,W 35 St & Dyer Ave,6569,40.754691750226016,-73.99740189313889,40.754691750226016,-73.99740189313889,member
1554836,DBC0FE92563AAD06,electric_bike,2022-03-08 08:51:32,2022-03-08 09:10:27,5 Ave & E 72 St,7100,W 35 St & Dyer Ave,6569,40.77282817,-73.96685276,40.754691750226016,-73.99740189313889,member
1554855,079754233A7040C3,electric_bike,2022-03-16 13:46:13,2022-03-16 13:55:49,W 44 St & 5 Ave,6551,W 35 St & Dyer Ave,6569,40.75500254,-73.98014437,40.754691750226016,-73.99740189313889,member
1554859,58E7D849447F6DAA,classic_bike,2022-03-18 22:53:01,2022-03-18 23:06:01,Greenwich St & Perry St,5922,W 35 St & Dyer Ave,6569,40.73498,-74.00697,40.754691750226016,-73.99740189313889,casual
1554861,669FAE24EDFF2E54,electric_bike,2022-03-28 08:05:18,2022-03-28 08:11:27,W 49 St & 8 Ave,6747,W 35 St & Dyer Ave,6569,40.76227205,-73.98788205,40.754691750226016,-73.99740189313889,member
1554897,011995BAA1F0816A,classic_bike,2022-03-17 15:43:32,2022-03-17 15:51:47,W 30 St & 10 Ave,6459,W 35 St & Dyer Ave,6569,40.752694,-74.002353,40.754691750226016,-73.99740189313889,member
1554941,6EA2EF084EC4C3E5,classic_bike,2022-03-15 06:34:47,2022-03-15 06:40:54,6 Ave & W 34 St,6364,W 35 St & Dyer Ave,6569,40.74964,-73.98805,40.754691750226016,-73.99740189313889,member
1554990,E0D9F077023144D1,classic_bike,2022-03-17 00:11:25,2022-03-17 00:24:36,W 15 St & 6 Ave,5989,W 35 St & Dyer Ave,6569,40.738046142482766,-73.99642959237099,40.754691750226016,-73.99740189313889,member
1555198,8C8B41F698E8C509,classic_bike,2022-03-17 18:59:20,2022-03-17 19:05:44,11 Ave & W 41 St,6726,W 35 St & Dyer Ave,6569,40.76030096,-73.99884222,40.754691750226016,-73.99740189313889,member
1555199,945BA2B26A1F1F38,electric_bike,2022-03-11 22:33:05,2022-03-11 22:37:40,11 Ave & W 41 St,6726,W 35 St & Dyer Ave,6569,40.76030096,-73.99884222,40.754691750226016,-73.99740189313889,member
1555207,B0534D2361042815,classic_bike,2022-03-18 19:01:26,2022-03-18 19:08:09,10 Ave & W 28 St,6459,W 35 St & Dyer Ave,6569,40.75066386,-74.00176802,40.754691750226016,-73.99740189313889,casual
1555217,DB0DA1105E0BA10D,electric_bike,2022-03-02 20:13:19,2022-03-02 20:28:19,E 11 St & 1 Ave,5746,W 35 St & Dyer Ave,6569,40.72953837,-73.98426726,40.754691750226016,-73.99740189313889,member
1555218,AE4B45B4FB0E58CE,classic_bike,2022-03-14 18:35:01,2022-03-14 18:39:03,Broadway & W 36 St,6441,W 35 St & Dyer Ave,6569,40.75097711,-73.98765428,40.754691750226016,-73.99740189313889,member
1555222,A7ACE3581563083F,classic_bike,2022-03-12 20:02:19,2022-03-12 20:08:06,Broadway & W 36 St,6441,W 35 St & Dyer Ave,6569,40.75097711,-73.98765428,40.754691750226016,-73.99740189313889,member
1555229,F18838EBAB27CC43,classic_bike,2022-03-24 08:52:59,2022-03-24 08:57:15,Broadway & W 36 St,6441,W 35 St & Dyer Ave,6569,40.75097711,-73.98765428,40.754691750226016,-73.99740189313889,member
1555237,8BFCBBE9E3159A6C,classic_bike,2022-03-06 18:22:43,2022-03-06 18:29:15,10 Ave & W 28 St,6459,W 35 St & Dyer Ave,6569,40.75066386,-74.00176802,40.754691750226016,-73.99740189313889,member
1555260,41807181B79E6485,classic_bike,2022-03-19 17:22:44,2022-03-19 17:24:51,Hudson Blvd E & W 36 St,6611,W 35 St & Dyer Ave,6569,40.75630628938069,-73.99951145061095,40.754691750226016,-73.99740189313889,member
1555269,A0065B52B46D678D,electric_bike,2022-03-28 13:44:39,2022-03-28 13:49:59,W 20 St & 10 Ave,6306,W 35 St & Dyer Ave,6569,40.745686,-74.005141,40.754691750226016,-73.99740189313889,member
1555301,DAFEC85DC08C3FC8,classic_bike,2022-03-28 18:12:33,2022-03-28 18:18:04,W 45 St & 8 Ave,6676,W 35 St & Dyer Ave,6569,40.75929124,-73.98859651,40.754691750226016,-73.99740189313889,member
1555304,C34908565FF75004,electric_bike,2022-03-29 18:40:22,2022-03-29 18:52:22,W 4 St & 7 Ave S,5880,W 35 St & Dyer Ave,6569,40.73401143,-74.00293877,40.754691750226016,-73.99740189313889,member
1555314,3779135E9D04F5A8,classic_bike,2022-03-16 09:02:29,2022-03-16 09:19:52,W 4 St & 7 Ave S,5880,W 35 St & Dyer Ave,6569,40.73401143,-74.00293877,40.754691750226016,-73.99740189313889,member
1555390,73B6924243F2A1FB,electric_bike,2022-03-28 10:46:11,2022-03-28 10:58:16,W 41 St & 8 Ave,6602,W 35 St & Dyer Ave,6569,40.75640548,-73.9900262,40.754691750226016,-73.99740189313889,member
1555429,666D05943E51DC03,electric_bike,2022-03-30 21:35:07,2022-03-30 21:43:44,Perry St & Greenwich Ave,5955,W 35 St & Dyer Ave,6569,40.735918,-74.000939,40.754691750226016,-73.99740189313889,member
1555440,9F136607B0D12B5C,electric_bike,2022-03-08 13:53:32,2022-03-08 13:56:48,W 26 St & 10 Ave,6382,W 35 St & Dyer Ave,6569,40.749717753,-74.002950346,40.754691750226016,-73.99740189313889,member
1555448,C6C226DE0F6EE07F,classic_bike,2022-03-10 16:11:54,2022-03-10 16:22:16,Madison Ave & E 26 St,6131,W 35 St & Dyer Ave,6569,40.742684734875695,-73.98671329021454,40.754691750226016,-73.99740189313889,member
1555456,2CEBA3043BF6FD72,classic_bike,2022-03-02 23:45:01,2022-03-02 23:52:30,Broadway & W 53 St,6779,W 35 St & Dyer Ave,6569,40.76344058,-73.98268129,40.754691750226016,-73.99740189313889,casual
1555457,1997DA1CADA0DD20,classic_bike,2022-03-20 16:12:36,2022-03-20 16:33:38,E 33 St & 1 Ave,6197,W 35 St & Dyer Ave,6569,40.74322681432173,-73.97449783980846,40.754691750226016,-73.99740189313889,member
1555579,1521F02BE1AD93EA,classic_bike,2022-03-01 15:30:08,2022-03-01 15:36:17,W 26 St & 10 Ave,6382,W 35 St & Dyer Ave,6569,40.749717753,-74.002950346,40.754691750226016,-73.99740189313889,member
1555581,62004EC43F1DA97B,classic_bike,2022-03-17 18:57:59,2022-03-17 19:03:50,W 26 St & 10 Ave,6382,W 35 St & Dyer Ave,6569,40.749717753,-74.002950346,40.754691750226016,-73.99740189313889,member
1555619,B0EB2B43DE7C53BD,classic_bike,2022-03-10 12:13:19,2022-03-10 12:17:02,8 Ave & W 33 St,6450,W 35 St & Dyer Ave,6569,40.751551,-73.993934,40.754691750226016,-73.99740189313889,member
1555620,4BCF83D2C7371164,classic_bike,2022-03-22 12:39:13,2022-03-22 12:42:01,8 Ave & W 33 St,6450,W 35 St & Dyer Ave,6569,40.751551,-73.993934,40.754691750226016,-73.99740189313889,member
1555639,8E06386C46D73B28,classic_bike,2022-03-11 13:48:45,2022-03-11 13:52:47,8 Ave & W 33 St,6450,W 35 St & Dyer Ave,6569,40.751551,-73.993934,40.754691750226016,-73.99740189313889,member
1555640,B9990FCDE1799D3A,classic_bike,2022-03-07 06:22:13,2022-03-07 06:24:39,8 Ave & W 33 St,6450,W 35 St & Dyer Ave,6569,40.751551,-73.993934,40.754691750226016,-73.99740189313889,member
1555641,C6F5D1C40E9273C5,electric_bike,2022-03-01 06:21:19,2022-03-01 06:23:54,8 Ave & W 33 St,6450,W 35 St & Dyer Ave,6569,40.751551,-73.993934,40.754691750226016,-73.99740189313889,member
1555647,51EF147F3A2BC558,classic_bike,2022-03-15 12:22:46,2022-03-15 12:25:24,8 Ave & W 33 St,6450,W 35 St & Dyer Ave,6569,40.751551,-73.993934,40.754691750226016,-73.99740189313889,member
1555650,E67B5BCBA909DD20,classic_bike,2022-03-06 15:48:55,2022-03-06 15:52:49,8 Ave & W 33 St,6450,W 35 St & Dyer Ave,6569,40.751551,-73.993934,40.754691750226016,-73.99740189313889,member
1555651,8CEB597947E88C77,classic_bike,2022-03-02 12:30:34,2022-03-02 12:35:00,8 Ave & W 33 St,6450,W 35 St & Dyer Ave,6569,40.751551,-73.993934,40.754691750226016,-73.99740189313889,member
1555657,0EC97C73068CCB00,electric_bike,2022-03-23 08:51:08,2022-03-23 08:55:40,W 43 St & 10 Ave,6756,W 35 St & Dyer Ave,6569,40.76009437,-73.99461843,40.754691750226016,-73.99740189313889,member
1555739,0C78CA87A979B35D,electric_bike,2022-03-11 15:50:15,2022-03-11 16:41:10,7 Ave & Central Park South,6912,W 35 St & Dyer Ave,6569,40.7667405590595,-73.9790689945221,40.754691750226016,-73.99740189313889,casual
1555763,79F31F0C27274B08,electric_bike,2022-03-08 07:39:31,2022-03-08 07:41:59,W 37 St & 10 Ave,6611,W 35 St & Dyer Ave,6569,40.75660359,-73.9979009,40.754691750226016,-73.99740189313889,member
1555766,FB6F790636EE4E03,classic_bike,2022-03-27 13:12:13,2022-03-27 13:15:17,W 34 St &\tHudson Blvd E,6535,W 35 St & Dyer Ave,6569,40.75516719072139,-74.00059908628464,40.754691750226016,-73.99740189313889,member
1555767,148D36DD3AB3AE99,classic_bike,2022-03-27 13:04:16,2022-03-27 13:08:23,W 34 St &\tHudson Blvd E,6535,W 35 St & Dyer Ave,6569,40.75516719072139,-74.00059908628464,40.754691750226016,-73.99740189313889,member
1555781,0A66D195CF5C398F,electric_bike,2022-03-13 16:20:58,2022-03-13 16:22:18,W 37 St & 10 Ave,6611,W 35 St & Dyer Ave,6569,40.75660359,-73.9979009,40.754691750226016,-73.99740189313889,member
1555787,C9A359970825BF9D,electric_bike,2022-03-02 15:40:32,2022-03-02 15:48:44,8 Ave & W 33 St,6450,W 35 St & Dyer Ave,6569,40.751551,-73.993934,40.754691750226016,-73.99740189313889,casual
1555788,D0CBD8429670C9B5,electric_bike,2022-03-07 21:13:03,2022-03-07 21:15:59,8 Ave & W 33 St,6450,W 35 St & Dyer Ave,6569,40.751551,-73.993934,40.754691750226016,-73.99740189313889,member
1555792,E5AB104235227A10,electric_bike,2022-03-08 19:56:58,2022-03-08 19:58:56,8 Ave & W 33 St,6450,W 35 St & Dyer Ave,6569,40.751551,-73.993934,40.754691750226016,-73.99740189313889,member
1555801,EF88083EDC002EBE,classic_bike,2022-03-08 22:36:09,2022-03-08 22:51:58,Perry St & Greenwich Ave,5955,W 35 St & Dyer Ave,6569,40.735918,-74.000939,40.754691750226016,-73.99740189313889,casual
1555807,7D7D0C8B0D3BBA56,classic_bike,2022-03-30 12:06:26,2022-03-30 12:08:58,8 Ave & W 33 St,6450,W 35 St & Dyer Ave,6569,40.751551,-73.993934,40.754691750226016,-73.99740189313889,member
1555810,F76665EC929CDDA3,electric_bike,2022-03-25 19:23:08,2022-03-25 19:25:17,8 Ave & W 33 St,6450,W 35 St & Dyer Ave,6569,40.751551,-73.993934,40.754691750226016,-73.99740189313889,member
1555828,598F2F0E4D3EC0DA,classic_bike,2022-03-17 20:41:02,2022-03-17 20:42:31,W 37 St & 10 Ave,6611,W 35 St & Dyer Ave,6569,40.75660359,-73.9979009,40.754691750226016,-73.99740189313889,member
1555829,4E4D0CB7E7AFDBBB,classic_bike,2022-03-22 08:17:54,2022-03-22 08:19:42,W 37 St & 10 Ave,6611,W 35 St & Dyer Ave,6569,40.75660359,-73.9979009,40.754691750226016,-73.99740189313889,member
1555835,3926E433018F4D42,electric_bike,2022-03-25 15:38:25,2022-03-25 16:17:37,Madison St & Clinton St,5190,W 35 St & Dyer Ave,6569,40.71269042,-73.98776323,40.754691750226016,-73.99740189313889,casual
1555846,A6288DD9016E6966,classic_bike,2022-03-10 08:24:52,2022-03-10 08:26:43,W 37 St & 10 Ave,6611,W 35 St & Dyer Ave,6569,40.75660359,-73.9979009,40.754691750226016,-73.99740189313889,member
1555847,0D80E49011703292,classic_bike,2022-03-21 18:46:11,2022-03-21 18:49:17,W 34 St & 11 Ave,6578,W 35 St & Dyer Ave,6569,40.75594159,-74.0021163,40.754691750226016,-73.99740189313889,member
1555862,FBD08A2802D27ACB,docked_bike,2022-03-19 18:07:19,2022-03-19 18:38:32,W 37 St & 10 Ave,6611,W 35 St & Dyer Ave,6569,40.756604,-73.997901,40.754692,-73.997402,casual
1555872,25ED472FBC092D51,classic_bike,2022-03-29 07:24:03,2022-03-29 07:31:58,Lexington Ave & E 36 St,6313,W 35 St & Dyer Ave,6569,40.7475739589548,-73.9788007736206,40.754691750226016,-73.99740189313889,member
1555873,AB881E4760F78D85,classic_bike,2022-03-16 06:20:27,2022-03-16 06:27:17,Lexington Ave & E 36 St,6313,W 35 St & Dyer Ave,6569,40.7475739589548,-73.9788007736206,40.754691750226016,-73.99740189313889,member
1555881,9E01E4DEC940DC60,classic_bike,2022-03-07 07:38:31,2022-03-07 07:45:28,Lexington Ave & E 36 St,6313,W 35 St & Dyer Ave,6569,40.7475739589548,-73.9788007736206,40.754691750226016,-73.99740189313889,member
1555882,5BD0284D63A9A9BF,classic_bike,2022-03-29 06:42:38,2022-03-29 06:51:58,Lexington Ave & E 36 St,6313,W 35 St & Dyer Ave,6569,40.7475739589548,-73.9788007736206,40.754691750226016,-73.99740189313889,member
1555925,A8E4CF8E02473BEE,classic_bike,2022-03-15 06:11:55,2022-03-15 06:19:56,Lexington Ave & E 36 St,6313,W 35 St & Dyer Ave,6569,40.7475739589548,-73.9788007736206,40.754691750226016,-73.99740189313889,member
1555926,E6539F98E1718FB2,electric_bike,2022-03-09 06:12:51,2022-03-09 06:18:42,Lexington Ave & E 36 St,6313,W 35 St & Dyer Ave,6569,40.7475739589548,-73.9788007736206,40.754691750226016,-73.99740189313889,member
1555997,DDB26945E0B443E2,classic_bike,2022-03-14 14:34:17,2022-03-14 14:43:49,8 Ave & W 27 St,6297,W 35 St & Dyer Ave,6569,40.747968,-73.996637,40.754691750226016,-73.99740189313889,member
1556001,E3C0C2C58800A93F,electric_bike,2022-03-02 17:05:48,2022-03-02 17:16:35,E 50 St & Park Ave,6659,W 35 St & Dyer Ave,6569,40.757334,-73.974235,40.754691750226016,-73.99740189313889,member
1556002,6C8ED715B6F4EAAF,electric_bike,2022-03-17 15:15:15,2022-03-17 15:29:29,E 50 St & Park Ave,6659,W 35 St & Dyer Ave,6569,40.757334,-73.974235,40.754691750226016,-73.99740189313889,member
1556010,D8BFB89624862A6E,electric_bike,2022-03-27 14:32:04,2022-03-27 14:34:32,8 Ave & W 33 St,6450,W 35 St & Dyer Ave,6569,40.751551,-73.993934,40.754691750226016,-73.99740189313889,member
1556020,68D70097E9D96672,electric_bike,2022-03-25 10:21:07,2022-03-25 10:44:34,6 Ave & Walker St,5430,W 35 St & Dyer Ave,6569,40.7197920901383,-74.0052238852195,40.754691750226016,-73.99740189313889,casual
1556024,84DADC5FD5782B82,classic_bike,2022-03-23 08:37:20,2022-03-23 09:18:12,Degraw St & Smith St,4298,W 35 St & Dyer Ave,6569,40.6829151,-73.99318208,40.754691750226016,-73.99740189313889,member
1556042,3ADF1F909B34471D,classic_bike,2022-03-15 18:36:08,2022-03-15 18:46:22,Broadway & W 25 St,6173,W 35 St & Dyer Ave,6569,40.74286877312112,-73.98918628692627,40.754691750226016,-73.99740189313889,member
1556048,4161D2F6F52C3A72,electric_bike,2022-03-21 08:15:05,2022-03-21 08:32:58,Columbus Ave & W 95 St,7520,W 35 St & Dyer Ave,6569,40.7919557,-73.968087,40.754691750226016,-73.99740189313889,member
1556070,29172E17B42B14D8,classic_bike,2022-03-25 08:46:32,2022-03-25 08:52:33,Broadway & W 38 St,6560,W 35 St & Dyer Ave,6569,40.7529728216068,-73.98734897375107,40.754691750226016,-73.99740189313889,member
1556082,1DAA6628B22E3B8D,electric_bike,2022-03-08 08:12:37,2022-03-08 08:18:17,8 Ave & W 49 St,6747,W 35 St & Dyer Ave,6569,40.76171227910671,-73.98655101656914,40.754691750226016,-73.99740189313889,member
1556109,57624A5E952DAF11,classic_bike,2022-03-19 20:09:54,2022-03-19 20:18:25,8 Ave & W 27 St,6297,W 35 St & Dyer Ave,6569,40.747968,-73.996637,40.754691750226016,-73.99740189313889,member
1556145,528FE8E5531099AE,electric_bike,2022-03-05 21:34:36,2022-03-05 21:43:16,8 Ave & W 52 St,6816,W 35 St & Dyer Ave,6569,40.76370739,-73.9851615,40.754691750226016,-73.99740189313889,member
1556158,3C59230FEE35E589,classic_bike,2022-03-06 18:08:24,2022-03-06 18:17:08,Broadway & W 56 St,6847,W 35 St & Dyer Ave,6569,40.7652654,-73.98192338,40.754691750226016,-73.99740189313889,member
1556174,4CE5B32900C1EA9B,classic_bike,2022-03-19 15:30:15,2022-03-19 17:59:02,FDR Drive & E 35 St,6230,W 35 St & Dyer Ave,6569,40.744219,-73.97121214,40.754691750226016,-73.99740189313889,member
1556177,74335125CB1636FD,classic_bike,2022-03-29 12:53:05,2022-03-29 12:53:08,W 35 St & Dyer Ave,6569,W 35 St & Dyer Ave,6569,40.754691750226016,-73.99740189313889,40.754691750226016,-73.99740189313889,member
1556183,C2FEF875832B3CD0,electric_bike,2022-03-08 07:45:53,2022-03-08 07:46:14,W 35 St & Dyer Ave,6569,W 35 St & Dyer Ave,6569,40.754691750226016,-73.99740189313889,40.754691750226016,-73.99740189313889,member
1556208,09F6FB28EB99208A,electric_bike,2022-03-21 17:48:41,2022-03-21 17:49:22,W 35 St & Dyer Ave,6569,W 35 St & Dyer Ave,6569,40.754691750226016,-73.99740189313889,40.754691750226016,-73.99740189313889,casual
1556209,77F8D72816EB95CF,electric_bike,2022-03-21 17:50:04,2022-03-21 17:50:36,W 35 St & Dyer Ave,6569,W 35 St & Dyer Ave,6569,40.754691750226016,-73.99740189313889,40.754691750226016,-73.99740189313889,casual
1556212,3D0510AE983B8597,electric_bike,2022-03-20 10:45:26,2022-03-20 10:45:51,W 35 St & Dyer Ave,6569,W 35 St & Dyer Ave,6569,40.754691750226016,-73.99740189313889,40.754691750226016,-73.99740189313889,casual
1556240,E53C82929771E1AF,classic_bike,2022-03-26 18:35:42,2022-03-26 18:49:08,W 35 St & Dyer Ave,6569,E 31 St & 3 Ave,6239,40.754691750226016,-73.99740189313889,40.74394314,-73.97966069,member
1556255,567D093761291413,electric_bike,2022-03-22 08:30:41,2022-03-22 08:38:05,W 35 St & Dyer Ave,6569,Broadway & W 51 St,6779,40.754691750226016,-73.99740189313889,40.76228826,-73.98336183,member
1556286,95DDDBED49360554,classic_bike,2022-03-31 22:11:57,2022-03-31 22:16:09,W 39 St & 9 Ave,6644,W 35 St & Dyer Ave,6569,40.75645824,-73.99372222,40.754691750226016,-73.99740189313889,member
1556287,EF73369DBFCDD712,classic_bike,2022-03-13 23:10:06,2022-03-13 23:13:10,W 39 St & 9 Ave,6644,W 35 St & Dyer Ave,6569,40.75645824,-73.99372222,40.754691750226016,-73.99740189313889,member
1556288,4A0ACE6C398C51C3,classic_bike,2022-03-08 21:41:36,2022-03-08 21:45:21,W 39 St & 9 Ave,6644,W 35 St & Dyer Ave,6569,40.75645824,-73.99372222,40.754691750226016,-73.99740189313889,member
1556289,21B88201214BE5BB,classic_bike,2022-03-23 23:54:29,2022-03-23 23:57:41,W 39 St & 9 Ave,6644,W 35 St & Dyer Ave,6569,40.75645824,-73.99372222,40.754691750226016,-73.99740189313889,member
1556290,0FBCA8F46A1F8E1C,classic_bike,2022-03-09 20:43:26,2022-03-09 20:46:29,W 39 St & 9 Ave,6644,W 35 St & Dyer Ave,6569,40.75645824,-73.99372222,40.754691750226016,-73.99740189313889,member
1556296,8D1C674D49D72557,electric_bike,2022-03-15 15:06:32,2022-03-15 15:30:12,W 39 St & 9 Ave,6644,W 35 St & Dyer Ave,6569,40.75645824,-73.99372222,40.754691750226016,-73.99740189313889,casual
1556347,DD1CDA916CF1A140,classic_bike,2022-03-21 21:24:12,2022-03-21 21:48:42,MacDougal St & Prince St,5687,W 35 St & Dyer Ave,6569,40.72710258,-74.00297088,40.754691750226016,-73.99740189313889,casual
1556356,9F0D5D9B0653FFE8,classic_bike,2022-03-22 00:28:00,2022-03-22 00:30:52,W 39 St & 9 Ave,6644,W 35 St & Dyer Ave,6569,40.75645824,-73.99372222,40.754691750226016,-73.99740189313889,member
1556361,6797A4FDBB5D0F0F,classic_bike,2022-03-14 07:05:52,2022-03-14 07:17:08,E 39 St & Lexington Ave,6389,W 35 St & Dyer Ave,6569,40.7494985460252,-73.97729203113158,40.754691750226016,-73.99740189313889,member
1556363,07073B8B47BFA432,electric_bike,2022-03-07 05:53:38,2022-03-07 05:56:02,W 39 St & 9 Ave,6644,W 35 St & Dyer Ave,6569,40.75645824,-73.99372222,40.754691750226016,-73.99740189313889,member
1556364,77CCF3BDA5723A1F,classic_bike,2022-03-22 05:57:24,2022-03-22 05:59:59,W 39 St & 9 Ave,6644,W 35 St & Dyer Ave,6569,40.75645824,-73.99372222,40.754691750226016,-73.99740189313889,member
1556365,3AEC09398B8E1360,electric_bike,2022-03-19 12:39:39,2022-03-19 12:49:58,Hudson St & W 13 St,6115,W 35 St & Dyer Ave,6569,40.74005708567285,-74.0052741765976,40.754691750226016,-73.99740189313889,member
1556370,610DF1A0B600578A,classic_bike,2022-03-06 01:01:36,2022-03-06 01:03:56,W 39 St & 9 Ave,6644,W 35 St & Dyer Ave,6569,40.75645824,-73.99372222,40.754691750226016,-73.99740189313889,member
1556427,CFA5C1974DC119F9,classic_bike,2022-03-02 17:51:13,2022-03-02 17:57:46,W 31 St & 7 Ave,6331,W 35 St & Dyer Ave,6569,40.749156,-73.9916,40.754691750226016,-73.99740189313889,member
1556436,1DA5A8097F53E28A,classic_bike,2022-03-28 06:34:32,2022-03-28 06:42:04,E 40 St & 5 Ave,6474,W 35 St & Dyer Ave,6569,40.752062307,-73.9816324043,40.754691750226016,-73.99740189313889,member
1556459,B4C8531A59F4EB0E,classic_bike,2022-03-05 01:54:38,2022-03-05 02:01:02,6 Ave & W 33 St,6364,W 35 St & Dyer Ave,6569,40.74901271,-73.98848395,40.754691750226016,-73.99740189313889,member
1556469,E4CEFEA42922B000,classic_bike,2022-03-30 08:32:08,2022-03-30 08:38:09,6 Ave & W 33 St,6364,W 35 St & Dyer Ave,6569,40.74901271,-73.98848395,40.754691750226016,-73.99740189313889,member
1556472,BF0AF39E6270428C,classic_bike,2022-03-01 13:56:20,2022-03-01 14:01:57,6 Ave & W 33 St,6364,W 35 St & Dyer Ave,6569,40.74901271,-73.98848395,40.754691750226016,-73.99740189313889,member
1556483,016FBA7BB5007BD9,classic_bike,2022-03-31 14:46:29,2022-03-31 15:00:38,W 20 St & 10 Ave,6306,W 35 St & Dyer Ave,6569,40.745686,-74.005141,40.754691750226016,-73.99740189313889,member
1556484,40B5FF749D374853,electric_bike,2022-03-07 22:55:19,2022-03-07 23:14:36,Vesey St & Church St,5216,W 35 St & Dyer Ave,6569,40.71221958009051,-74.01047229766846,40.754691750226016,-73.99740189313889,member
1556543,D79CAF301D14D07B,electric_bike,2022-03-29 13:29:19,2022-03-29 13:52:54,Greenwich St & Perry St,5922,W 35 St & Dyer Ave,6569,40.73498,-74.00697,40.754691750226016,-73.99740189313889,member
1556606,2E8B76C810FECE50,classic_bike,2022-03-31 20:47:31,2022-03-31 20:50:47,W 29 St & 9 Ave,6416,W 35 St & Dyer Ave,6569,40.7500727,-73.99839279,40.754691750226016,-73.99740189313889,member
1556623,E8CB6731BFE32695,electric_bike,2022-03-02 08:35:45,2022-03-02 08:40:24,6 Ave & W 33 St,6364,W 35 St & Dyer Ave,6569,40.74901271,-73.98848395,40.754691750226016,-73.99740189313889,casual
1556638,6CE1C6001C36BFE2,electric_bike,2022-03-15 22:09:16,2022-03-15 22:12:36,W 29 St & 9 Ave,6416,W 35 St & Dyer Ave,6569,40.7500727,-73.99839279,40.754691750226016,-73.99740189313889,member
1556639,080DB95459EC0F37,electric_bike,2022-03-27 00:42:32,2022-03-27 00:45:04,W 29 St & 9 Ave,6416,W 35 St & Dyer Ave,6569,40.7500727,-73.99839279,40.754691750226016,-73.99740189313889,member
1556653,5A1E85E1157F66A9,classic_bike,2022-03-02 17:52:34,2022-03-02 18:13:27,1 Ave & E 68 St,6822,W 35 St & Dyer Ave,6569,40.76500525,-73.95818491,40.754691750226016,-73.99740189313889,member
1556654,3CFD40E0F32720DC,classic_bike,2022-03-10 18:15:21,2022-03-10 18:37:24,1 Ave & E 68 St,6822,W 35 St & Dyer Ave,6569,40.76500525,-73.95818491,40.754691750226016,-73.99740189313889,member
1556657,22A7A105615618AB,classic_bike,2022-03-08 17:49:45,2022-03-08 18:12:15,1 Ave & E 68 St,6822,W 35 St & Dyer Ave,6569,40.76500525,-73.95818491,40.754691750226016,-73.99740189313889,member
1556658,DD9037B5C4FC4316,classic_bike,2022-03-25 17:57:31,2022-03-25 18:18:07,1 Ave & E 68 St,6822,W 35 St & Dyer Ave,6569,40.76500525,-73.95818491,40.754691750226016,-73.99740189313889,member
1556659,CE5E1E5F4475C3D9,classic_bike,2022-03-03 17:40:18,2022-03-03 18:04:29,1 Ave & E 68 St,6822,W 35 St & Dyer Ave,6569,40.76500525,-73.95818491,40.754691750226016,-73.99740189313889,member
1556660,CCAEE77CC4D60512,classic_bike,2022-03-16 17:35:14,2022-03-16 17:55:29,1 Ave & E 68 St,6822,W 35 St & Dyer Ave,6569,40.76500525,-73.95818491,40.754691750226016,-73.99740189313889,member
1556661,E4DC5935DA552723,classic_bike,2022-03-04 16:59:28,2022-03-04 17:22:58,1 Ave & E 68 St,6822,W 35 St & Dyer Ave,6569,40.76500525,-73.95818491,40.754691750226016,-73.99740189313889,member
1556663,10E24D4CC0037B8B,classic_bike,2022-03-16 16:01:04,2022-03-16 16:33:23,1 Ave & E 68 St,6822,W 35 St & Dyer Ave,6569,40.76500525,-73.95818491,40.754691750226016,-73.99740189313889,member
1556664,07795E522BF22C93,classic_bike,2022-03-29 17:10:08,2022-03-29 17:19:19,Madison Ave & E 26 St,6131,W 35 St & Dyer Ave,6569,40.742684734875695,-73.98671329021454,40.754691750226016,-73.99740189313889,member
1556672,37E2E84E79173AFD,classic_bike,2022-03-29 17:20:36,2022-03-29 17:43:30,1 Ave & E 68 St,6822,W 35 St & Dyer Ave,6569,40.76500525,-73.95818491,40.754691750226016,-73.99740189313889,member
1556673,2555AE00DB692964,classic_bike,2022-03-07 17:37:56,2022-03-07 17:59:54,1 Ave & E 68 St,6822,W 35 St & Dyer Ave,6569,40.76500525,-73.95818491,40.754691750226016,-73.99740189313889,member
1556681,34FF35CFD9C8EE30,electric_bike,2022-03-30 20:07:44,2022-03-30 20:16:32,Madison Ave & E 26 St,6131,W 35 St & Dyer Ave,6569,40.742684734875695,-73.98671329021454,40.754691750226016,-73.99740189313889,member
1556682,708B04F2C3552E84,classic_bike,2022-03-28 17:57:48,2022-03-28 18:20:27,1 Ave & E 68 St,6822,W 35 St & Dyer Ave,6569,40.76500525,-73.95818491,40.754691750226016,-73.99740189313889,member
1556783,C899C3A3F29E073E,classic_bike,2022-03-14 06:52:22,2022-03-14 07:03:00,FDR Drive & E 35 St,6230,W 35 St & Dyer Ave,6569,40.744219,-73.97121214,40.754691750226016,-73.99740189313889,member
1556792,88C1241E27E14D32,electric_bike,2022-03-31 18:58:27,2022-03-31 19:14:37,E 85 St & 3 Ave,7212,W 35 St & Dyer Ave,6569,40.77801203,-73.95407149,40.754691750226016,-73.99740189313889,member
1556797,4989CEC5F17A687B,electric_bike,2022-03-02 17:50:16,2022-03-02 18:05:00,W 35 St & 9 Ave,6569,Great Jones St,5636,40.75414519263519,-73.9960889518261,40.72743423,-73.99379025,member
1556835,1C3F779A16CFA510,electric_bike,2022-03-28 14:17:17,2022-03-28 14:18:52,W 37 St & 10 Ave,6611,W 35 St & Dyer Ave,6569,40.75660359,-73.9979009,40.754691750226016,-73.99740189313889,member
1556891,DD2B76CBF22377A6,classic_bike,2022-03-16 06:52:09,2022-03-16 06:59:57,Lexington Ave & E 36 St,6313,W 35 St & Dyer Ave,6569,40.7475739589548,-73.9788007736206,40.754691750226016,-73.99740189313889,member
1556896,1F16699A6F7B392F,classic_bike,2022-03-08 06:50:50,2022-03-08 06:58:51,Lexington Ave & E 36 St,6313,W 35 St & Dyer Ave,6569,40.7475739589548,-73.9788007736206,40.754691750226016,-73.99740189313889,member
1556897,87B2016E144847A3,electric_bike,2022-03-11 06:16:27,2022-03-11 06:23:07,Lexington Ave & E 36 St,6313,W 35 St & Dyer Ave,6569,40.7475739589548,-73.9788007736206,40.754691750226016,-73.99740189313889,member
1556898,39BFC27FF81BD643,classic_bike,2022-03-03 06:54:28,2022-03-03 07:03:43,Lexington Ave & E 36 St,6313,W 35 St & Dyer Ave,6569,40.7475739589548,-73.9788007736206,40.754691750226016,-73.99740189313889,member
1556906,951DDC764DB2CE1D,classic_bike,2022-03-31 18:59:16,2022-03-31 19:28:27,Liberty St & Nassau St,5105,W 35 St & Dyer Ave,6569,40.70858894240581,-74.00935482235809,40.754691750226016,-73.99740189313889,member
1556910,EDED9DEC97A24ED1,classic_bike,2022-03-03 06:22:07,2022-03-03 06:28:55,Lexington Ave & E 36 St,6313,W 35 St & Dyer Ave,6569,40.7475739589548,-73.9788007736206,40.754691750226016,-73.99740189313889,member
1556967,837627491C0A7359,electric_bike,2022-03-10 14:37:01,2022-03-10 14:46:53,E 30 St & Park Ave S,6206,W 35 St & Dyer Ave,6569,40.74444921,-73.98303529,40.754691750226016,-73.99740189313889,member
1556980,86E68F918F76878D,classic_bike,2022-03-14 18:31:41,2022-03-14 18:40:46,E 30 St & Park Ave S,6206,W 35 St & Dyer Ave,6569,40.74444921,-73.98303529,40.754691750226016,-73.99740189313889,member
1556982,37FD8CBE680BE6B0,electric_bike,2022-03-22 18:46:21,2022-03-22 18:56:58,E 30 St & Park Ave S,6206,W 35 St & Dyer Ave,6569,40.74444921,-73.98303529,40.754691750226016,-73.99740189313889,member
1556994,14759564A19744F2,classic_bike,2022-03-25 20:51:45,2022-03-25 20:53:36,W 34 St &\tHudson Blvd E,6535,W 35 St & Dyer Ave,6569,40.75516719072139,-74.00059908628464,40.754691750226016,-73.99740189313889,member
1557001,3028DFB170ABF58D,electric_bike,2022-03-17 09:38:59,2022-03-17 09:46:40,W 54 St & 9 Ave,6920,W 35 St & Dyer Ave,6569,40.76584941,-73.98690506,40.754691750226016,-73.99740189313889,member
1557003,1168953DC13E86D4,classic_bike,2022-03-09 08:07:26,2022-03-09 08:14:57,W 54 St & 9 Ave,6920,W 35 St & Dyer Ave,6569,40.76584941,-73.98690506,40.754691750226016,-73.99740189313889,member
1557007,E160707193F90D51,electric_bike,2022-03-02 17:07:03,2022-03-02 17:09:18,8 Ave & W 33 St,6450,W 35 St & Dyer Ave,6569,40.751551,-73.993934,40.754691750226016,-73.99740189313889,member
1557026,9ACB9F6981D77988,electric_bike,2022-03-04 03:06:30,2022-03-04 03:20:05,W 35 St & Dyer Ave,6569,W 35 St & Dyer Ave,6569,40.754691750226016,-73.99740189313889,40.754691750226016,-73.99740189313889,casual
1557051,6C42D98F9077E417,electric_bike,2022-03-11 16:51:53,2022-03-11 16:52:06,W 35 St & Dyer Ave,6569,W 35 St & Dyer Ave,6569,40.754691750226016,-73.99740189313889,40.754691750226016,-73.99740189313889,member
1557052,8E0FFC9B5E403E34,electric_bike,2022-03-26 17:11:58,2022-03-26 17:12:13,W 35 St & Dyer Ave,6569,W 35 St & Dyer Ave,6569,40.754691750226016,-73.99740189313889,40.754691750226016,-73.99740189313889,member
1557055,451D67BA2797C528,classic_bike,2022-03-25 13:15:36,2022-03-25 13:15:57,W 35 St & Dyer Ave,6569,W 35 St & Dyer Ave,6569,40.754691750226016,-73.99740189313889,40.754691750226016,-73.99740189313889,member
1557100,DFDA1E573177DCB4,classic_bike,2022-03-15 10:03:08,2022-03-15 10:03:40,W 35 St & Dyer Ave,6569,W 35 St & Dyer Ave,6569,40.754691750226016,-73.99740189313889,40.754691750226016,-73.99740189313889,member
1557109,F7D6F52EE0DB7103,classic_bike,2022-03-14 17:53:49,2022-03-14 17:53:56,W 35 St & Dyer Ave,6569,W 35 St & Dyer Ave,6569,40.754691750226016,-73.99740189313889,40.754691750226016,-73.99740189313889,member
1557118,4DEF7C4BE51DE69F,classic_bike,2022-03-04 16:35:25,2022-03-04 16:35:47,W 35 St & Dyer Ave,6569,W 35 St & Dyer Ave,6569,40.754691750226016,-73.99740189313889,40.754691750226016,-73.99740189313889,member
1557119,4462A698EAA6A0BD,electric_bike,2022-03-12 14:57:48,2022-03-12 15:15:13,Great Jones St,5636,W 35 St & Dyer Ave,6569,40.72743423,-73.99379025,40.754691750226016,-73.99740189313889,member
1557148,78E1F51C42F900CD,electric_bike,2022-03-13 21:30:03,2022-03-13 21:38:58,W 35 St & Dyer Ave,6569,W 35 St & Dyer Ave,6569,40.754691750226016,-73.99740189313889,40.754691750226016,-73.99740189313889,member
1557176,582D617FA3F876B3,electric_bike,2022-03-28 15:08:18,2022-03-28 15:08:51,W 35 St & Dyer Ave,6569,W 35 St & Dyer Ave,6569,40.754691750226016,-73.99740189313889,40.754691750226016,-73.99740189313889,member
1557193,6A4381F4F700F42C,electric_bike,2022-03-14 08:49:49,2022-03-14 09:04:55,W 35 St & Dyer Ave,6569,W 35 St & Dyer Ave,6569,40.754691750226016,-73.99740189313889,40.754691750226016,-73.99740189313889,member
1557210,DD4586607D66D4A2,electric_bike,2022-03-24 16:47:29,2022-03-24 16:49:14,W 35 St & Dyer Ave,6569,W 35 St & Dyer Ave,6569,40.754691750226016,-73.99740189313889,40.754691750226016,-73.99740189313889,member
1557215,2ABC0D354E75E0F5,electric_bike,2022-03-24 11:44:30,2022-03-24 12:03:20,W 35 St & Dyer Ave,6569,W 35 St & Dyer Ave,6569,40.754691750226016,-73.99740189313889,40.754691750226016,-73.99740189313889,member
1557216,83309EB1A09B234B,classic_bike,2022-03-13 12:54:05,2022-03-13 12:54:19,W 35 St & Dyer Ave,6569,W 35 St & Dyer Ave,6569,40.754691750226016,-73.99740189313889,40.754691750226016,-73.99740189313889,member
1557230,E8B6523DD91FEFD8,electric_bike,2022-03-07 07:40:01,2022-03-07 07:42:00,W 35 St & Dyer Ave,6569,W 35 St & Dyer Ave,6569,40.754691750226016,-73.99740189313889,40.754691750226016,-73.99740189313889,member
1557240,F12C6108C69D0232,classic_bike,2022-03-20 14:46:28,2022-03-20 14:57:45,W 35 St & Dyer Ave,6569,E 31 St & 3 Ave,6239,40.754691750226016,-73.99740189313889,40.74394314,-73.97966069,member
1557241,0DD727D6342F04A9,classic_bike,2022-03-20 15:18:53,2022-03-20 15:32:02,E 31 St & 3 Ave,6239,W 35 St & Dyer Ave,6569,40.74394314,-73.97966069,40.754691750226016,-73.99740189313889,member
1557258,F38AB019A557A409,electric_bike,2022-03-18 21:10:55,2022-03-18 21:12:05,W 35 St & Dyer Ave,6569,W 35 St & Dyer Ave,6569,40.754691750226016,-73.99740189313889,40.754691750226016,-73.99740189313889,member
1557265,C60255FF8EBBF8A8,classic_bike,2022-03-12 13:19:13,2022-03-12 13:45:53,W 35 St & Dyer Ave,6569,W 35 St & Dyer Ave,6569,40.754691750226016,-73.99740189313889,40.754691750226016,-73.99740189313889,member
1557287,837082A92A04FAA1,electric_bike,2022-03-18 15:40:24,2022-03-18 15:42:52,W 35 St & Dyer Ave,6569,W 35 St & Dyer Ave,6569,40.754691750226016,-73.99740189313889,40.754691750226016,-73.99740189313889,casual
1557304,B93A5F66EA08FE3E,electric_bike,2022-03-16 17:22:25,2022-03-16 17:34:08,5 Ave & E 29 St,6248,W 35 St & Dyer Ave,6569,40.7451677,-73.98683077,40.754691750226016,-73.99740189313889,casual
1557315,80806A5A269F822D,electric_bike,2022-03-08 17:51:11,2022-03-08 17:59:55,5 Ave & E 29 St,6248,W 35 St & Dyer Ave,6569,40.7451677,-73.98683077,40.754691750226016,-73.99740189313889,member
1557316,28C410D8DCE74148,electric_bike,2022-03-03 17:26:03,2022-03-03 17:32:59,5 Ave & E 29 St,6248,W 35 St & Dyer Ave,6569,40.7451677,-73.98683077,40.754691750226016,-73.99740189313889,member
1557414,3914B90A2B2099E1,electric_bike,2022-03-31 17:46:03,2022-03-31 17:54:13,5 Ave & E 29 St,6248,W 35 St & Dyer Ave,6569,40.7451677,-73.98683077,40.754691750226016,-73.99740189313889,member
1557456,2A2CD08CC1585140,electric_bike,2022-03-24 17:30:51,2022-03-24 17:38:53,5 Ave & E 29 St,6248,W 35 St & Dyer Ave,6569,40.7451677,-73.98683077,40.754691750226016,-73.99740189313889,member
1557469,C3F3C4859E11E8FD,electric_bike,2022-03-08 08:23:24,2022-03-08 08:31:02,W 35 St & Dyer Ave,6569,Broadway & W 51 St,6779,40.754691750226016,-73.99740189313889,40.76228826,-73.98336183,member
1557501,BF115A2A56098FD2,electric_bike,2022-03-31 08:50:16,2022-03-31 09:00:41,W 35 St & Dyer Ave,6569,W 35 St & Dyer Ave,6569,40.754691750226016,-73.99740189313889,40.754691750226016,-73.99740189313889,member
1557502,11BF01FFFD314CC5,classic_bike,2022-03-16 16:00:50,2022-03-16 16:01:41,W 35 St & Dyer Ave,6569,W 35 St & Dyer Ave,6569,40.754691750226016,-73.99740189313889,40.754691750226016,-73.99740189313889,member
1557523,03911FB0A3513FAD,classic_bike,2022-03-05 18:55:15,2022-03-05 19:07:40,W 35 St & Dyer Ave,6569,E 31 St & 3 Ave,6239,40.754691750226016,-73.99740189313889,40.74394314,-73.97966069,member
1557527,E53DBB7147FA9AD2,electric_bike,2022-03-03 12:58:05,2022-03-03 12:58:37,W 35 St & Dyer Ave,6569,W 35 St & Dyer Ave,6569,40.754691750226016,-73.99740189313889,40.754691750226016,-73.99740189313889,member
1557569,3E4C8EDA0F7A81B7,electric_bike,2022-03-11 14:54:45,2022-03-11 15:03:07,W 35 St & Dyer Ave,6569,W 35 St & Dyer Ave,6569,40.754691750226016,-73.99740189313889,40.754691750226016,-73.99740189313889,member
1557570,E980C52FDA892E5D,classic_bike,2022-03-22 07:49:46,2022-03-22 07:50:59,W 35 St & Dyer Ave,6569,W 35 St & Dyer Ave,6569,40.754691750226016,-73.99740189313889,40.754691750226016,-73.99740189313889,member
1557596,7726EF94958CCD15,electric_bike,2022-03-01 13:45:05,2022-03-01 13:50:52,W 54 St & 9 Ave,6920,W 35 St & Dyer Ave,6569,40.76584941,-73.98690506,40.754691750226016,-73.99740189313889,member
1557629,7D4BB279BDF3E2A9,electric_bike,2022-03-13 14:16:21,2022-03-13 14:24:37,W 49 St & 8 Ave,6747,W 35 St & Dyer Ave,6569,40.76227205,-73.98788205,40.754691750226016,-73.99740189313889,member
1557632,490B766935BC23B6,classic_bike,2022-03-27 20:32:47,2022-03-27 20:38:06,W 49 St & 8 Ave,6747,W 35 St & Dyer Ave,6569,40.76227205,-73.98788205,40.754691750226016,-73.99740189313889,member
1557656,5EF07F51BBD9A9BB,electric_bike,2022-03-19 12:52:23,2022-03-19 13:01:06,W 63 St & Broadway,7052,W 35 St & Dyer Ave,6569,40.77163851,-73.98261428,40.754691750226016,-73.99740189313889,member
1557685,4F88838BADC99F81,electric_bike,2022-03-15 18:15:51,2022-03-15 18:18:37,W 30 St & 10 Ave,6459,W 35 St & Dyer Ave,6569,40.752694,-74.002353,40.754691750226016,-73.99740189313889,member
1557705,9947ED182A36CCB6,electric_bike,2022-03-18 15:28:48,2022-03-18 15:46:40,Murray St & West St,5329,W 35 St & Dyer Ave,6569,40.7149787,-74.013012,40.754691750226016,-73.99740189313889,member
1557727,BC71E5B729F0C0D2,electric_bike,2022-03-25 21:18:29,2022-03-25 21:39:22,Allen St & Rivington St,5414,W 35 St & Dyer Ave,6569,40.72019576,-73.98997825,40.754691750226016,-73.99740189313889,member
1557749,063667C54DBF91F1,classic_bike,2022-03-11 17:57:49,2022-03-11 18:19:25,1 Ave & E 68 St,6822,W 35 St & Dyer Ave,6569,40.76500525,-73.95818491,40.754691750226016,-73.99740189313889,member
1557750,E6DB2865FAE97CF3,classic_bike,2022-03-15 17:29:04,2022-03-15 17:50:48,1 Ave & E 68 St,6822,W 35 St & Dyer Ave,6569,40.76500525,-73.95818491,40.754691750226016,-73.99740189313889,member
1557783,0B6ECA7B9A27456D,classic_bike,2022-03-16 09:21:54,2022-03-16 09:26:55,W 30 St & 10 Ave,6459,W 35 St & Dyer Ave,6569,40.752694,-74.002353,40.754691750226016,-73.99740189313889,member
1557858,D66A5E1FE8AD9A3B,classic_bike,2022-03-05 22:12:06,2022-03-05 22:19:57,W 20 St & 8 Ave,6224,W 35 St & Dyer Ave,6569,40.74345335,-74.00004031,40.754691750226016,-73.99740189313889,member
1557864,2130F29A3C20567A,electric_bike,2022-03-05 18:38:33,2022-03-05 18:45:02,W 20 St & 8 Ave,6224,W 35 St & Dyer Ave,6569,40.74345335,-74.00004031,40.754691750226016,-73.99740189313889,member
1557882,A151DAF0BE7BE00C,electric_bike,2022-03-24 09:56:04,2022-03-24 10:18:22,E 56 St & 3 Ave,6691,W 35 St & Dyer Ave,6569,40.75934501,-73.96759673,40.754691750226016,-73.99740189313889,member
1557884,C099C046DA85FC2E,classic_bike,2022-03-25 19:14:51,2022-03-25 19:18:25,8 Ave & W 38 St,6526,W 35 St & Dyer Ave,6569,40.75461,-73.99177,40.754691750226016,-73.99740189313889,member
1557893,56665301B2F0E468,electric_bike,2022-03-08 14:59:40,2022-03-08 15:16:24,8 Ave & W 38 St,6526,W 35 St & Dyer Ave,6569,40.75461,-73.99177,40.754691750226016,-73.99740189313889,member
1557895,24AE641A5B051599,electric_bike,2022-03-03 12:18:01,2022-03-03 12:21:52,8 Ave & W 38 St,6526,W 35 St & Dyer Ave,6569,40.75461,-73.99177,40.754691750226016,-73.99740189313889,member
1557979,33D6DD2B3AEE2602,docked_bike,2022-03-21 09:33:52,2022-03-21 09:48:36,E 41 St & Madison Ave (SE corner),6432,W 35 St & Dyer Ave,6569,40.752049,-73.979635,40.754692,-73.997402,casual
1558009,8B66C68461927962,classic_bike,2022-03-04 09:26:51,2022-03-04 09:33:16,9 Ave & W 45 St,6717,W 35 St & Dyer Ave,6569,40.76019252,-73.9912551,40.754691750226016,-73.99740189313889,member
1558016,65AAAA96EFECAAAB,classic_bike,2022-03-25 19:30:32,2022-03-25 19:38:11,9 Ave & W 45 St,6717,W 35 St & Dyer Ave,6569,40.76019252,-73.9912551,40.754691750226016,-73.99740189313889,member
1558030,5BD1AE17F2378EFD,electric_bike,2022-03-20 15:19:46,2022-03-20 15:29:57,Broadway & W 58 St,6948,W 35 St & Dyer Ave,6569,40.76695317,-73.98169333,40.754691750226016,-73.99740189313889,member
1558045,E101A5BDFFEA14A9,classic_bike,2022-03-07 22:36:37,2022-03-07 22:42:05,9 Ave & W 45 St,6717,W 35 St & Dyer Ave,6569,40.76019252,-73.9912551,40.754691750226016,-73.99740189313889,member
1558067,C8E2E5F9E3F85171,electric_bike,2022-03-06 00:55:12,2022-03-06 00:58:57,9 Ave & W 45 St,6717,W 35 St & Dyer Ave,6569,40.76019252,-73.9912551,40.754691750226016,-73.99740189313889,member
1558068,6F65FB999012CDC7,electric_bike,2022-03-05 22:17:47,2022-03-05 22:22:34,9 Ave & W 45 St,6717,W 35 St & Dyer Ave,6569,40.76019252,-73.9912551,40.754691750226016,-73.99740189313889,member
1558078,139666C0582D6099,classic_bike,2022-03-21 15:59:30,2022-03-21 16:19:10,Vesey Pl & River Terrace,5297,W 35 St & Dyer Ave,6569,40.7153379,-74.01658354,40.754691750226016,-73.99740189313889,member
1558083,FB6A0234DF515FE1,electric_bike,2022-03-10 09:08:04,2022-03-10 09:23:31,Broadway & W 58 St,6948,W 35 St & Dyer Ave,6569,40.76695317,-73.98169333,40.754691750226016,-73.99740189313889,member
1558098,54E8508F46510B3C,electric_bike,2022-03-03 17:24:00,2022-03-03 17:28:51,9 Ave & W 45 St,6717,W 35 St & Dyer Ave,6569,40.76019252,-73.9912551,40.754691750226016,-73.99740189313889,member
1558100,0CF4BF61218AACB5,electric_bike,2022-03-23 12:59:35,2022-03-23 13:03:23,9 Ave & W 45 St,6717,W 35 St & Dyer Ave,6569,40.76019252,-73.9912551,40.754691750226016,-73.99740189313889,member
1558169,476154463E5EEF90,classic_bike,2022-03-21 22:01:20,2022-03-21 22:06:02,W 29 St & 9 Ave,6416,W 35 St & Dyer Ave,6569,40.7500727,-73.99839279,40.754691750226016,-73.99740189313889,member
1558304,1CD7A66839C0ED79,electric_bike,2022-03-26 19:05:07,2022-03-26 19:35:33,W 133 St & 12 Ave,7925,W 35 St & Dyer Ave,6569,40.820003,-73.959089,40.754691750226016,-73.99740189313889,casual
1558367,3415889D52EBA1BF,classic_bike,2022-03-25 09:35:16,2022-03-25 09:56:48,W 36 St & 9 Ave,6569,E 31 St & 3 Ave,6239,40.75462324029105,-73.99516761302948,40.74394314,-73.97966069,member
1558401,9A59DB99D443B1D6,classic_bike,2022-03-17 02:17:19,2022-03-17 02:23:01,6 Ave & W 33 St,6364,W 35 St & Dyer Ave,6569,40.74901271,-73.98848395,40.754691750226016,-73.99740189313889,member
1558405,71E928E812D6525B,electric_bike,2022-03-23 11:16:47,2022-03-23 11:22:25,6 Ave & W 33 St,6364,W 35 St & Dyer Ave,6569,40.74901271,-73.98848395,40.754691750226016,-73.99740189313889,member
1558415,06080FC9AE622E93,classic_bike,2022-03-05 01:54:52,2022-03-05 02:01:00,6 Ave & W 33 St,6364,W 35 St & Dyer Ave,6569,40.74901271,-73.98848395,40.754691750226016,-73.99740189313889,member
1558516,AA381B8E68EEC9F7,electric_bike,2022-03-24 13:49:59,2022-03-24 14:09:02,4 Ave & E 12 St,5788,W 35 St & Dyer Ave,6569,40.732647,-73.99011,40.754691750226016,-73.99740189313889,member
1558530,15C5E82E4A214A86,classic_bike,2022-03-10 12:38:46,2022-03-10 12:48:48,W 25 St & 6 Ave,6215,W 35 St & Dyer Ave,6569,40.74395411,-73.99144871,40.754691750226016,-73.99740189313889,casual
1558548,F463327C2E2BBB09,classic_bike,2022-03-29 17:29:08,2022-03-29 17:37:38,W 18 St & 9 Ave,6190,W 35 St & Dyer Ave,6569,40.7435337324616,-74.00367558002472,40.754691750226016,-73.99740189313889,member
1558555,8037CEC7B295D6B8,classic_bike,2022-03-21 18:47:22,2022-03-21 18:54:45,8 Ave & W 16 St,6072,W 35 St & Dyer Ave,6569,40.740983,-74.001702,40.754691750226016,-73.99740189313889,member
1558561,422C0089B8E656B2,classic_bike,2022-03-15 15:19:15,2022-03-15 15:24:59,11 Ave & W 41 St,6726,W 35 St & Dyer Ave,6569,40.76030096,-73.99884222,40.754691750226016,-73.99740189313889,member
1558562,7F2DF0D2A30D9DCA,electric_bike,2022-03-22 15:24:35,2022-03-22 15:28:14,11 Ave & W 41 St,6726,W 35 St & Dyer Ave,6569,40.76030096,-73.99884222,40.754691750226016,-73.99740189313889,member
1558563,4958F2915073CB90,classic_bike,2022-03-30 14:24:10,2022-03-30 14:28:54,11 Ave & W 41 St,6726,W 35 St & Dyer Ave,6569,40.76030096,-73.99884222,40.754691750226016,-73.99740189313889,member
1558568,4463960A55CBDF91,classic_bike,2022-03-26 10:32:37,2022-03-26 10:42:02,8 Ave & W 16 St,6072,W 35 St & Dyer Ave,6569,40.740983,-74.001702,40.754691750226016,-73.99740189313889,member
1558574,EB7A3FF809A5CA6D,classic_bike,2022-03-18 16:58:27,2022-03-18 17:17:06,1 Ave & E 16 St,5779,W 35 St & Dyer Ave,6569,40.73221853,-73.98165557,40.754691750226016,-73.99740189313889,casual
1558577,5B837922DE2DF5F6,classic_bike,2022-03-14 18:52:02,2022-03-14 18:59:04,8 Ave & W 16 St,6072,W 35 St & Dyer Ave,6569,40.740983,-74.001702,40.754691750226016,-73.99740189313889,member
1558584,21FE41DB95B3B172,electric_bike,2022-03-30 19:45:14,2022-03-30 19:51:20,8 Ave & W 16 St,6072,W 35 St & Dyer Ave,6569,40.740983,-74.001702,40.754691750226016,-73.99740189313889,member
1558594,48551DE1253C1467,classic_bike,2022-03-20 05:03:00,2022-03-20 05:11:10,8 Ave & W 16 St,6072,W 35 St & Dyer Ave,6569,40.740983,-74.001702,40.754691750226016,-73.99740189313889,member
1558608,F82546104D49FF69,classic_bike,2022-03-23 14:11:17,2022-03-23 14:13:01,Hudson Blvd E & W 36 St,6611,W 35 St & Dyer Ave,6569,40.75630628938069,-73.99951145061095,40.754691750226016,-73.99740189313889,member
1558612,80E69985B0808198,electric_bike,2022-03-05 17:19:18,2022-03-05 17:31:09,5 Ave & E 63 St,6904,W 35 St & Dyer Ave,6569,40.766368,-73.971518,40.754691750226016,-73.99740189313889,member
1558626,4065589E0C497BCA,classic_bike,2022-03-23 10:30:11,2022-03-23 11:01:40,E 110 St & Madison Ave,7587,W 35 St & Dyer Ave,6569,40.7961535,-73.94782145,40.754691750226016,-73.99740189313889,member
1558646,1A6101A37334656C,classic_bike,2022-03-08 09:26:09,2022-03-08 09:49:17,Riverside Dr & W 91 St,7524,W 35 St & Dyer Ave,6569,40.79313480986663,-73.97700369358063,40.754691750226016,-73.99740189313889,member
1558673,3D3FCFE6525C5AEC,classic_bike,2022-03-01 09:26:36,2022-03-01 09:34:08,11 Ave & W 41 St,6726,W 35 St & Dyer Ave,6569,40.76030096,-73.99884222,40.754691750226016,-73.99740189313889,member
1558674,B6603CF8318F5059,classic_bike,2022-03-10 15:47:35,2022-03-10 15:54:27,11 Ave & W 41 St,6726,W 35 St & Dyer Ave,6569,40.76030096,-73.99884222,40.754691750226016,-73.99740189313889,member
1558683,E79AD25093CDC8DE,classic_bike,2022-03-22 14:40:57,2022-03-22 15:02:09,W 36 St & 9 Ave,6569,Great Jones St,5636,40.75462324029105,-73.99516761302948,40.72743423,-73.99379025,member
1558698,983836C52FD58E88,electric_bike,2022-03-31 10:23:09,2022-03-31 10:28:53,W 36 St & 9 Ave,6569,Broadway & W 51 St,6779,40.75462324029105,-73.99516761302948,40.76228826,-73.98336183,member
1558753,4548A1F3DC8BB0B2,classic_bike,2022-03-03 22:53:57,2022-03-03 22:58:24,W 42 St & Dyer Ave,6644,W 35 St & Dyer Ave,6569,40.75898481399634,-73.99379968643188,40.754691750226016,-73.99740189313889,member
1558773,6DBEADC3F32FEB95,electric_bike,2022-03-23 07:58:13,2022-03-23 08:15:42,W 100 St & Broadway,7580,W 35 St & Dyer Ave,6569,40.7973721,-73.97041192,40.754691750226016,-73.99740189313889,member
1558817,AE0594CCAAE88F81,classic_bike,2022-03-06 15:10:57,2022-03-06 15:12:32,Hudson Blvd E & W 36 St,6611,W 35 St & Dyer Ave,6569,40.75630628938069,-73.99951145061095,40.754691750226016,-73.99740189313889,member
1558819,BC17140E8CD026D4,classic_bike,2022-03-24 13:47:50,2022-03-24 13:57:41,W 20 St & 10 Ave,6306,W 35 St & Dyer Ave,6569,40.745686,-74.005141,40.754691750226016,-73.99740189313889,member
1558822,BF89A5D0FDCDAD9A,electric_bike,2022-03-22 17:05:30,2022-03-22 17:36:32,5 Ave & E 103 St,7511,W 35 St & Dyer Ave,6569,40.7922553,-73.95249933,40.754691750226016,-73.99740189313889,member
1558826,924B904E2983C7CF,classic_bike,2022-03-27 07:50:58,2022-03-27 07:52:55,Hudson Blvd E & W 36 St,6611,W 35 St & Dyer Ave,6569,40.75630628938069,-73.99951145061095,40.754691750226016,-73.99740189313889,member
1558910,78EA7DE994E942B0,electric_bike,2022-03-22 11:43:41,2022-03-22 11:58:59,Broadway & W 58 St,6948,W 35 St & Dyer Ave,6569,40.76695317,-73.98169333,40.754691750226016,-73.99740189313889,member
1558920,0ACBF5425129DB04,electric_bike,2022-03-07 22:38:36,2022-03-07 22:43:46,6 Ave & W 34 St,6364,W 35 St & Dyer Ave,6569,40.74964,-73.98805,40.754691750226016,-73.99740189313889,member
1558921,EE3C8603B11958E5,classic_bike,2022-03-12 16:02:28,2022-03-12 16:09:47,6 Ave & W 34 St,6364,W 35 St & Dyer Ave,6569,40.74964,-73.98805,40.754691750226016,-73.99740189313889,member
1558930,F5462C09E3D05462,electric_bike,2022-03-01 17:14:59,2022-03-01 17:48:24,5 Ave & E 103 St,7511,W 35 St & Dyer Ave,6569,40.7922553,-73.95249933,40.754691750226016,-73.99740189313889,member
1558946,B6004D98A66A1A49,classic_bike,2022-03-11 06:25:45,2022-03-11 06:33:08,6 Ave & W 34 St,6364,W 35 St & Dyer Ave,6569,40.74964,-73.98805,40.754691750226016,-73.99740189313889,member
1558949,970F0E0C006D6F2B,classic_bike,2022-03-03 08:38:40,2022-03-03 08:45:18,6 Ave & W 34 St,6364,W 35 St & Dyer Ave,6569,40.74964,-73.98805,40.754691750226016,-73.99740189313889,member
1558951,EF23DB46D7398B1E,electric_bike,2022-03-09 20:53:23,2022-03-09 20:58:44,6 Ave & W 34 St,6364,W 35 St & Dyer Ave,6569,40.74964,-73.98805,40.754691750226016,-73.99740189313889,member
1558955,2C4517EE1EE13DEE,electric_bike,2022-03-20 19:06:52,2022-03-20 19:18:03,6 Ave & W 34 St,6364,W 35 St & Dyer Ave,6569,40.74964,-73.98805,40.754691750226016,-73.99740189313889,member
1558960,EAF2B67A202C2667,electric_bike,2022-03-05 08:20:43,2022-03-05 08:31:30,Broadway & W 58 St,6948,W 35 St & Dyer Ave,6569,40.76695317,-73.98169333,40.754691750226016,-73.99740189313889,member
1558971,DF19AE04FE2CED08,electric_bike,2022-03-04 11:01:34,2022-03-04 11:06:21,6 Ave & W 34 St,6364,W 35 St & Dyer Ave,6569,40.74964,-73.98805,40.754691750226016,-73.99740189313889,member
1558974,1805BBD1C8132904,classic_bike,2022-03-27 17:43:16,2022-03-27 17:49:27,6 Ave & W 34 St,6364,W 35 St & Dyer Ave,6569,40.74964,-73.98805,40.754691750226016,-73.99740189313889,member
1558975,78F947953983E115,classic_bike,2022-03-20 17:10:12,2022-03-20 17:16:49,6 Ave & W 34 St,6364,W 35 St & Dyer Ave,6569,40.74964,-73.98805,40.754691750226016,-73.99740189313889,member
1558978,9AAD560FE6554E07,classic_bike,2022-03-27 20:08:29,2022-03-27 20:18:14,9 Ave & W 45 St,6717,W 35 St & Dyer Ave,6569,40.76019252,-73.9912551,40.754691750226016,-73.99740189313889,member
1558982,42CEF70EEE886240,classic_bike,2022-03-31 20:57:55,2022-03-31 21:01:53,9 Ave & W 45 St,6717,W 35 St & Dyer Ave,6569,40.76019252,-73.9912551,40.754691750226016,-73.99740189313889,member
1558987,CFFF843753CE6396,classic_bike,2022-03-21 06:40:59,2022-03-21 06:45:30,6 Ave & W 34 St,6364,W 35 St & Dyer Ave,6569,40.74964,-73.98805,40.754691750226016,-73.99740189313889,member
1559007,B568D82EC02A92C0,classic_bike,2022-03-08 09:35:46,2022-03-08 09:51:38,E 27 St & Park Ave S,6131,W 35 St & Dyer Ave,6569,40.74275179648995,-73.9847157150507,40.754691750226016,-73.99740189313889,member
1559010,B2BEA47DA63CBF71,electric_bike,2022-03-22 19:51:46,2022-03-22 20:00:01,E 27 St & Park Ave S,6131,W 35 St & Dyer Ave,6569,40.74275179648995,-73.9847157150507,40.754691750226016,-73.99740189313889,member
1559013,11652E44D291E37B,classic_bike,2022-03-09 19:43:54,2022-03-09 19:54:34,Greenwich Ave & 8 Ave,6072,W 35 St & Dyer Ave,6569,40.7390169121,-74.0026376103,40.754691750226016,-73.99740189313889,member
1559036,22753213C196F5A3,classic_bike,2022-03-02 22:25:18,2022-03-02 22:44:23,Greenwich Ave & 8 Ave,6072,W 35 St & Dyer Ave,6569,40.7390169121,-74.0026376103,40.754691750226016,-73.99740189313889,member
1559037,B27B19EEA56B670D,classic_bike,2022-03-24 08:30:49,2022-03-24 09:00:15,Avenue D & E 10 St,5575,W 35 St & Dyer Ave,6569,40.72506551015475,-73.97515833377838,40.754691750226016,-73.99740189313889,member
1559038,20A09E0350680C43,electric_bike,2022-03-21 08:06:06,2022-03-21 08:15:19,E 27 St & Park Ave S,6131,W 35 St & Dyer Ave,6569,40.74275179648995,-73.9847157150507,40.754691750226016,-73.99740189313889,member
1559049,9632F4242E4962C2,classic_bike,2022-03-10 08:18:45,2022-03-10 08:51:09,Avenue D & E 10 St,5575,W 35 St & Dyer Ave,6569,40.72506551015475,-73.97515833377838,40.754691750226016,-73.99740189313889,member
1559057,DFE78A3A0CF6FFB1,electric_bike,2022-03-07 13:30:33,2022-03-07 13:43:04,E 27 St & Park Ave S,6131,W 35 St & Dyer Ave,6569,40.74275179648995,-73.9847157150507,40.754691750226016,-73.99740189313889,member
1559059,42692F50DC61ED00,classic_bike,2022-03-30 07:43:54,2022-03-30 07:49:57,W 50 St & 10 Ave,6890,W 35 St & Dyer Ave,6569,40.76473420006519,-73.99194359779358,40.754691750226016,-73.99740189313889,member
1559118,DB478C9E288AE8CF,classic_bike,2022-03-23 09:00:49,2022-03-23 09:16:38,Barrow St & Hudson St,5805,W 35 St & Dyer Ave,6569,40.73172428,-74.00674436,40.754691750226016,-73.99740189313889,member
1559154,07E447CDE39405F5,classic_bike,2022-03-27 11:11:00,2022-03-27 11:21:42,W 20 St & 8 Ave,6224,W 35 St & Dyer Ave,6569,40.74345335,-74.00004031,40.754691750226016,-73.99740189313889,member
1559156,0A76DF5457AFF9B5,electric_bike,2022-03-11 12:12:44,2022-03-11 12:18:49,W 30 St & 10 Ave,6459,W 35 St & Dyer Ave,6569,40.752694,-74.002353,40.754691750226016,-73.99740189313889,member
1559168,9B6F893EC3F606ED,electric_bike,2022-03-31 09:12:05,2022-03-31 09:47:19,West Thames St,5114,W 35 St & Dyer Ave,6569,40.70834698,-74.01713445,40.754691750226016,-73.99740189313889,member
1559209,4107F3EA7E4125C0,electric_bike,2022-03-15 08:05:07,2022-03-15 08:23:48,W 104 St & Amsterdam Ave,7610,W 35 St & Dyer Ave,6569,40.79904139288298,-73.96649479866028,40.754691750226016,-73.99740189313889,member
1559213,7B08F28536AD5AA0,electric_bike,2022-03-27 18:00:30,2022-03-27 18:06:39,W 22 St & 8 Ave,6224,W 35 St & Dyer Ave,6569,40.74475148,-73.99915362,40.754691750226016,-73.99740189313889,member
1559215,019EE6FD2E5002F2,classic_bike,2022-03-20 00:09:14,2022-03-20 00:16:15,W 22 St & 8 Ave,6224,W 35 St & Dyer Ave,6569,40.74475148,-73.99915362,40.754691750226016,-73.99740189313889,member
1559231,140D67430033746A,classic_bike,2022-03-04 09:13:11,2022-03-04 09:43:55,1 Ave & E 78 St,7020,W 35 St & Dyer Ave,6569,40.77140426,-73.9535166,40.754691750226016,-73.99740189313889,member
1559262,EEF18CC5DBAFCB66,classic_bike,2022-03-11 16:58:49,2022-03-11 17:13:37,W 13 St & 5 Ave,5947,W 35 St & Dyer Ave,6569,40.735445,-73.99431,40.754691750226016,-73.99740189313889,member
1559314,5332934CCF207F55,electric_bike,2022-03-30 22:40:20,2022-03-30 22:50:22,Broadway & E 21 St,6098,W 35 St & Dyer Ave,6569,40.73988840858996,-73.98958593606949,40.754691750226016,-73.99740189313889,member
1559317,7F241C9C0AAF266B,classic_bike,2022-03-20 18:59:29,2022-03-20 19:08:48,Broadway & E 21 St,6098,W 35 St & Dyer Ave,6569,40.73988840858996,-73.98958593606949,40.754691750226016,-73.99740189313889,member
1559321,6A122DAC9A490752,classic_bike,2022-03-02 13:01:20,2022-03-02 13:15:24,Broadway & E 21 St,6098,W 35 St & Dyer Ave,6569,40.73988840858996,-73.98958593606949,40.754691750226016,-73.99740189313889,member
1559327,D92DFF3A4BE40F1F,classic_bike,2022-03-25 19:46:35,2022-03-25 19:57:09,Broadway & E 21 St,6098,W 35 St & Dyer Ave,6569,40.73988840858996,-73.98958593606949,40.754691750226016,-73.99740189313889,member
1559328,705FA4531FE11A1A,classic_bike,2022-03-29 19:48:15,2022-03-29 19:58:43,Broadway & E 21 St,6098,W 35 St & Dyer Ave,6569,40.73988840858996,-73.98958593606949,40.754691750226016,-73.99740189313889,member
1559329,1FE04B5DE93D0E4F,classic_bike,2022-03-19 17:31:03,2022-03-19 17:44:35,Broadway & E 21 St,6098,W 35 St & Dyer Ave,6569,40.73988840858996,-73.98958593606949,40.754691750226016,-73.99740189313889,member
1559437,5CDE3D5B1E18DC12,electric_bike,2022-03-21 15:59:19,2022-03-21 16:10:48,1 Ave & E 30 St,6079,W 35 St & Dyer Ave,6569,40.74144387,-73.97536082,40.754691750226016,-73.99740189313889,member
1559485,73E238AF2B515D08,classic_bike,2022-03-31 17:26:20,2022-03-31 17:30:55,W 26 St & 10 Ave,6382,W 35 St & Dyer Ave,6569,40.749717753,-74.002950346,40.754691750226016,-73.99740189313889,member
1559519,AE964BA3ED85D17A,classic_bike,2022-03-19 12:50:09,2022-03-19 12:57:17,W 43 St & 10 Ave,6756,W 35 St & Dyer Ave,6569,40.76009437,-73.99461843,40.754691750226016,-73.99740189313889,member
1559548,963FAA89BFCDA181,classic_bike,2022-03-17 07:33:00,2022-03-17 07:37:28,W 50 St & 9 Ave,6854,W 35 St & Dyer Ave,6569,40.76360467795863,-73.98917958140373,40.754691750226016,-73.99740189313889,member
1559572,F92B6D927C3A0B12,classic_bike,2022-03-04 08:45:25,2022-03-04 08:52:47,W 50 St & 9 Ave,6854,W 35 St & Dyer Ave,6569,40.76360467795863,-73.98917958140373,40.754691750226016,-73.99740189313889,member
1559585,D4238D8585358932,classic_bike,2022-03-31 07:57:06,2022-03-31 08:01:10,Broadway & W 36 St,6441,W 35 St & Dyer Ave,6569,40.75097711,-73.98765428,40.754691750226016,-73.99740189313889,casual
1559592,195A9791903B7D5A,classic_bike,2022-03-02 20:44:59,2022-03-03 11:21:04,Broadway & W 36 St,6441,W 35 St & Dyer Ave,6569,40.75097711,-73.98765428,40.754691750226016,-73.99740189313889,casual
1559604,4797F113D428F7B8,classic_bike,2022-03-07 19:49:24,2022-03-07 19:55:30,Broadway & W 36 St,6441,W 35 St & Dyer Ave,6569,40.75097711,-73.98765428,40.754691750226016,-73.99740189313889,member
1559620,9A7DE1AC6AA28DAD,classic_bike,2022-03-09 21:48:53,2022-03-09 21:54:19,W 37 St & Broadway,6441,W 35 St & Dyer Ave,6569,40.75227093837409,-73.98770570755005,40.754691750226016,-73.99740189313889,member
1559621,DDACCFF570CCEA1D,classic_bike,2022-03-15 18:41:45,2022-03-15 18:49:00,Broadway & W 36 St,6441,W 35 St & Dyer Ave,6569,40.75097711,-73.98765428,40.754691750226016,-73.99740189313889,member
1559629,FC0245F5D8E2AEEB,electric_bike,2022-03-01 19:31:54,2022-03-01 19:39:35,W 50 St & 9 Ave,6854,W 35 St & Dyer Ave,6569,40.76360467795863,-73.98917958140373,40.754691750226016,-73.99740189313889,member
1559666,7091DBC824184AEA,electric_bike,2022-03-06 13:40:18,2022-03-06 13:43:44,8 Ave & W 33 St,6450,W 35 St & Dyer Ave,6569,40.751551,-73.993934,40.754691750226016,-73.99740189313889,member
1559674,C5C60656E9682FC7,electric_bike,2022-03-04 06:45:29,2022-03-04 06:47:51,8 Ave & W 33 St,6450,W 35 St & Dyer Ave,6569,40.751551,-73.993934,40.754691750226016,-73.99740189313889,member
1559680,846FFA8CA0875B47,electric_bike,2022-03-11 15:48:25,2022-03-11 15:54:22,8 Ave & W 33 St,6450,W 35 St & Dyer Ave,6569,40.751551,-73.993934,40.754691750226016,-73.99740189313889,member
1559689,C0BE06242D1CB726,classic_bike,2022-03-16 09:34:33,2022-03-16 09:39:13,Broadway & W 36 St,6441,W 35 St & Dyer Ave,6569,40.75097711,-73.98765428,40.754691750226016,-73.99740189313889,member
1559691,AD70EB5B975203CC,classic_bike,2022-03-28 06:37:02,2022-03-28 06:40:53,Broadway & W 36 St,6441,W 35 St & Dyer Ave,6569,40.75097711,-73.98765428,40.754691750226016,-73.99740189313889,member
1559694,1D8AFDFF0E0BF6A0,classic_bike,2022-03-20 04:05:35,2022-03-20 04:11:05,Broadway & W 36 St,6441,W 35 St & Dyer Ave,6569,40.75097711,-73.98765428,40.754691750226016,-73.99740189313889,member
1559720,869ADC95985BCD9F,classic_bike,2022-03-22 15:38:42,2022-03-22 15:41:58,8 Ave & W 33 St,6450,W 35 St & Dyer Ave,6569,40.751551,-73.993934,40.754691750226016,-73.99740189313889,member
1559744,41578BDC68BAA493,electric_bike,2022-03-17 18:49:13,2022-03-17 18:58:23,W 50 St & 9 Ave,6854,W 35 St & Dyer Ave,6569,40.76360467795863,-73.98917958140373,40.754691750226016,-73.99740189313889,member
1559746,DC6ECBDA200E9950,classic_bike,2022-03-31 22:36:20,2022-03-31 22:47:19,W 50 St & 9 Ave,6854,W 35 St & Dyer Ave,6569,40.76360467795863,-73.98917958140373,40.754691750226016,-73.99740189313889,member
1559752,9AA5F5F80F4D1D61,classic_bike,2022-03-21 16:44:34,2022-03-21 16:52:45,W 50 St & 9 Ave,6854,W 35 St & Dyer Ave,6569,40.76360467795863,-73.98917958140373,40.754691750226016,-73.99740189313889,member
1559756,9FF2DA7FE26CBBBC,classic_bike,2022-03-30 17:57:50,2022-03-30 18:13:32,Grand Army Plaza & Central Park S,6839,W 35 St & Dyer Ave,6569,40.7643971,-73.97371465,40.754691750226016,-73.99740189313889,member
1559782,40670FC94364E772,classic_bike,2022-03-31 20:08:03,2022-03-31 20:12:07,W 37 St & Broadway,6441,W 35 St & Dyer Ave,6569,40.75227093837409,-73.98770570755005,40.754691750226016,-73.99740189313889,casual
1559798,211FFFDB8C69A29C,electric_bike,2022-03-04 08:23:45,2022-03-04 08:42:01,W 95 St & Broadway,7541,W 35 St & Dyer Ave,6569,40.7937704,-73.971888,40.754691750226016,-73.99740189313889,member
1559808,2DA501714A646202,classic_bike,2022-03-22 17:24:22,2022-03-22 17:42:05,Grand Army Plaza & Central Park S,6839,W 35 St & Dyer Ave,6569,40.7643971,-73.97371465,40.754691750226016,-73.99740189313889,member
1559813,58E160D6ED004504,classic_bike,2022-03-31 14:48:11,2022-03-31 15:09:22,E 53 St & Lexington Ave,6617,W 35 St & Dyer Ave,6569,40.75828065,-73.97069431,40.754691750226016,-73.99740189313889,casual
1559833,A8684813F1861E5F,electric_bike,2022-03-07 14:58:37,2022-03-07 15:11:58,W 67 St & Broadway,7116,W 35 St & Dyer Ave,6569,40.77492513,-73.98266566,40.754691750226016,-73.99740189313889,casual
1559846,824B58975067CE37,electric_bike,2022-03-07 18:59:24,2022-03-07 19:08:03,Broadway & E 21 St,6098,W 35 St & Dyer Ave,6569,40.73988840858996,-73.98958593606949,40.754691750226016,-73.99740189313889,member
1559867,959433196E6A0A63,electric_bike,2022-03-10 11:04:32,2022-03-10 11:06:14,W 34 St &\tHudson Blvd E,6535,W 35 St & Dyer Ave,6569,40.75516719072139,-74.00059908628464,40.754691750226016,-73.99740189313889,member
1559869,E8447F452BDC31AD,classic_bike,2022-03-06 18:54:14,2022-03-06 19:19:25,W 87 St & Amsterdam Ave,7458,W 35 St & Dyer Ave,6569,40.78839,-73.9747,40.754691750226016,-73.99740189313889,member
1559936,1BDA4A0A8DEB4337,classic_bike,2022-03-11 15:49:02,2022-03-11 16:41:32,7 Ave & Central Park South,6912,W 35 St & Dyer Ave,6569,40.7667405590595,-73.9790689945221,40.754691750226016,-73.99740189313889,casual
1559962,E6AAB25B1CF581DD,classic_bike,2022-03-02 21:35:52,2022-03-02 21:55:29,Lispenard St & Broadway,5391,W 35 St & Dyer Ave,6569,40.71939226,-74.00247214,40.754691750226016,-73.99740189313889,member
1560013,82C82AF16DC1B0E3,electric_bike,2022-03-17 03:31:46,2022-03-17 03:34:49,W 43 St & 10 Ave,6756,W 35 St & Dyer Ave,6569,40.76009437,-73.99461843,40.754691750226016,-73.99740189313889,member
1560014,9F71796A43363900,electric_bike,2022-03-10 07:58:31,2022-03-10 08:18:18,W 95 St & Broadway,7541,W 35 St & Dyer Ave,6569,40.7937704,-73.971888,40.754691750226016,-73.99740189313889,member
1560058,BFD2ED87017A0AD8,classic_bike,2022-03-17 08:27:45,2022-03-17 08:55:43,Avenue D & E 10 St,5575,W 35 St & Dyer Ave,6569,40.72506551015475,-73.97515833377838,40.754691750226016,-73.99740189313889,member
1560066,CA20AFE2239CE5C2,electric_bike,2022-03-20 09:03:15,2022-03-20 09:09:24,8 Ave & W 31 St,6450,W 35 St & Dyer Ave,6569,40.7505853470215,-73.9946848154068,40.754691750226016,-73.99740189313889,member
1560085,C9A24DD7E8A283DD,electric_bike,2022-03-23 11:21:09,2022-03-23 11:28:24,E 41 St & Madison Ave (SW corner),6474,W 35 St & Dyer Ave,6569,40.752165280621966,-73.97992193698882,40.754691750226016,-73.99740189313889,casual
1560091,8092421D8028F025,classic_bike,2022-03-18 06:31:37,2022-03-18 06:36:47,6 Ave & W 34 St,6364,W 35 St & Dyer Ave,6569,40.74964,-73.98805,40.754691750226016,-73.99740189313889,member
1560094,6B75B60EB516E9A2,classic_bike,2022-03-17 06:26:24,2022-03-17 06:33:37,E 41 St & Madison Ave (SW corner),6474,W 35 St & Dyer Ave,6569,40.752165280621966,-73.97992193698882,40.754691750226016,-73.99740189313889,member
1560097,1ACE9D572B298333,classic_bike,2022-03-30 06:31:21,2022-03-30 06:36:38,6 Ave & W 34 St,6364,W 35 St & Dyer Ave,6569,40.74964,-73.98805,40.754691750226016,-73.99740189313889,member
1560098,7678885B6ABDDA3D,classic_bike,2022-03-14 06:35:35,2022-03-14 06:40:20,6 Ave & W 34 St,6364,W 35 St & Dyer Ave,6569,40.74964,-73.98805,40.754691750226016,-73.99740189313889,member
1560110,C4C1C71521BB29E8,classic_bike,2022-03-30 09:08:58,2022-03-30 09:23:45,W 17 St & 8 Ave,6148,W 35 St & Dyer Ave,6569,40.74177603,-74.00149746,40.754691750226016,-73.99740189313889,member
1560113,D851089AE225BE4C,classic_bike,2022-03-31 18:16:32,2022-03-31 18:30:26,W 11 St & 6 Ave,5914,W 35 St & Dyer Ave,6569,40.73532427,-73.99800419,40.754691750226016,-73.99740189313889,member
1560142,20E104EB56F6806E,classic_bike,2022-03-31 17:03:12,2022-03-31 17:16:49,W 22 St & 10 Ave,6306,W 35 St & Dyer Ave,6569,40.74691959,-74.00451887,40.754691750226016,-73.99740189313889,member
1560153,66C21A566A4D5829,classic_bike,2022-03-02 17:01:55,2022-03-02 17:07:36,W 26 St & 8 Ave,6297,W 35 St & Dyer Ave,6569,40.74734825,-73.99723551,40.754691750226016,-73.99740189313889,member
1560163,3025B95B1EE501DA,classic_bike,2022-03-20 12:16:53,2022-03-20 12:23:57,W 26 St & 8 Ave,6297,W 35 St & Dyer Ave,6569,40.74734825,-73.99723551,40.754691750226016,-73.99740189313889,member
1560172,862641D6E256D738,classic_bike,2022-03-09 17:57:19,2022-03-09 18:14:48,Greenwich St & W Houston St,5730,W 35 St & Dyer Ave,6569,40.728846,-74.008591,40.754691750226016,-73.99740189313889,member
1560188,0BB96B33B8B4898C,electric_bike,2022-03-11 17:16:42,2022-03-11 17:57:40,5 Ave & E 103 St,7511,W 35 St & Dyer Ave,6569,40.7922553,-73.95249933,40.754691750226016,-73.99740189313889,member
1560199,DCB1A9B156D7D81D,classic_bike,2022-03-14 07:12:03,2022-03-14 07:21:24,E 40 St & Park Ave,6432,W 35 St & Dyer Ave,6569,40.750756,-73.978326,40.754691750226016,-73.99740189313889,member
1560232,BA8DBC4C7D83B32C,electric_bike,2022-03-21 07:53:04,2022-03-21 08:02:04,E 40 St & Park Ave,6432,W 35 St & Dyer Ave,6569,40.750756,-73.978326,40.754691750226016,-73.99740189313889,member
1560254,DF8AEB24D78F039A,classic_bike,2022-03-08 07:10:33,2022-03-08 07:18:43,E 40 St & Park Ave,6432,W 35 St & Dyer Ave,6569,40.750756,-73.978326,40.754691750226016,-73.99740189313889,member
1560275,880F92F8B224FBC9,classic_bike,2022-03-01 07:10:35,2022-03-01 07:18:43,E 40 St & Park Ave,6432,W 35 St & Dyer Ave,6569,40.750756,-73.978326,40.754691750226016,-73.99740189313889,member
1560277,8748DA0508845DA6,electric_bike,2022-03-06 16:23:49,2022-03-06 16:41:00,Greenwich Ave & Charles St,5914,W 35 St & Dyer Ave,6569,40.735238,-74.000271,40.754691750226016,-73.99740189313889,member
1560287,33A513E7A7BFAB60,classic_bike,2022-03-13 10:42:12,2022-03-13 10:54:30,W 20 St & 7 Ave,6182,W 35 St & Dyer Ave,6569,40.74238787,-73.99726235,40.754691750226016,-73.99740189313889,member
1560297,F88ED5315F6AFC89,classic_bike,2022-03-20 16:11:32,2022-03-20 16:33:37,E 33 St & 1 Ave,6197,W 35 St & Dyer Ave,6569,40.74322681432173,-73.97449783980846,40.754691750226016,-73.99740189313889,member
1560312,32A2070734C87DD3,classic_bike,2022-03-07 07:46:31,2022-03-07 08:08:47,Columbia St & Rivington St,5365,W 35 St & Dyer Ave,6569,40.71739973,-73.98016555,40.754691750226016,-73.99740189313889,member
1560413,7A14BFC1ED0D97E7,electric_bike,2022-03-03 17:01:42,2022-03-03 17:14:58,E 59 St & Madison Ave,6801,W 35 St & Dyer Ave,6569,40.76350532,-73.97109243,40.754691750226016,-73.99740189313889,member
1560415,F2B7348E481C4D36,electric_bike,2022-03-26 16:49:42,2022-03-26 16:59:00,W 20 St & 7 Ave,6182,W 35 St & Dyer Ave,6569,40.74238787,-73.99726235,40.754691750226016,-73.99740189313889,member
1560419,F8EEDD26D8C98F2A,classic_bike,2022-03-13 11:19:13,2022-03-13 11:32:08,W 20 St & 7 Ave,6182,W 35 St & Dyer Ave,6569,40.74238787,-73.99726235,40.754691750226016,-73.99740189313889,member
1560420,09F70BA6AAD7AEB2,electric_bike,2022-03-18 08:56:25,2022-03-18 09:13:55,E 33 St & 1 Ave,6197,W 35 St & Dyer Ave,6569,40.74322681432173,-73.97449783980846,40.754691750226016,-73.99740189313889,member
1560501,452128B23F01D89E,classic_bike,2022-03-07 15:25:33,2022-03-07 15:32:28,W 20 St & 10 Ave,6306,W 35 St & Dyer Ave,6569,40.745686,-74.005141,40.754691750226016,-73.99740189313889,member
1560521,D104C9BB05F16CD5,classic_bike,2022-03-28 14:22:52,2022-03-28 14:33:22,Lexington Ave & E 29 St,6164,W 35 St & Dyer Ave,6569,40.74311555376486,-73.98215353488922,40.754691750226016,-73.99740189313889,member
1560524,AD870A09F22403FE,electric_bike,2022-03-28 19:42:22,2022-03-28 19:48:25,8 Ave & W 16 St,6072,W 35 St & Dyer Ave,6569,40.740983,-74.001702,40.754691750226016,-73.99740189313889,member
1560525,C528FAC6E02A4760,electric_bike,2022-03-16 18:43:40,2022-03-16 18:49:33,8 Ave & W 16 St,6072,W 35 St & Dyer Ave,6569,40.740983,-74.001702,40.754691750226016,-73.99740189313889,member
1560526,E482403405E16FCC,electric_bike,2022-03-04 18:22:15,2022-03-04 18:29:04,8 Ave & W 16 St,6072,W 35 St & Dyer Ave,6569,40.740983,-74.001702,40.754691750226016,-73.99740189313889,member
1560542,AA26BFD02E0A11CF,classic_bike,2022-03-15 17:48:03,2022-03-15 18:13:51,Lexington Ave & E 24 St,6089,W 35 St & Dyer Ave,6569,40.74025878,-73.98409214,40.754691750226016,-73.99740189313889,member
1560572,62D9049603D32E11,classic_bike,2022-03-25 17:08:22,2022-03-25 17:17:07,Lexington Ave & E 29 St,6164,W 35 St & Dyer Ave,6569,40.74311555376486,-73.98215353488922,40.754691750226016,-73.99740189313889,member
1560682,712067BC85A2A650,electric_bike,2022-03-30 16:24:45,2022-03-30 16:28:46,8 Ave & W 27 St,6297,W 35 St & Dyer Ave,6569,40.747968,-73.996637,40.754691750226016,-73.99740189313889,member
1560702,C6B886CC4B1D5BC9,electric_bike,2022-03-28 18:19:23,2022-03-28 18:24:01,8 Ave & W 27 St,6297,W 35 St & Dyer Ave,6569,40.747968,-73.996637,40.754691750226016,-73.99740189313889,casual
1560705,9AE6F09DEBA70840,electric_bike,2022-03-15 13:42:57,2022-03-15 13:51:02,8 Ave & W 52 St,6816,W 35 St & Dyer Ave,6569,40.76370739,-73.9851615,40.754691750226016,-73.99740189313889,member
1560736,AB42D622F59DC700,classic_bike,2022-03-06 12:18:11,2022-03-06 12:24:11,8 Ave & W 27 St,6297,W 35 St & Dyer Ave,6569,40.747968,-73.996637,40.754691750226016,-73.99740189313889,member
1560737,ADD2716C66D91003,classic_bike,2022-03-14 12:30:43,2022-03-14 12:38:29,11 Ave & W 27 St,6425,W 35 St & Dyer Ave,6569,40.751396,-74.005226,40.754691750226016,-73.99740189313889,member
1560738,617094F63D8881D8,classic_bike,2022-03-14 19:38:23,2022-03-14 19:46:26,11 Ave & W 27 St,6425,W 35 St & Dyer Ave,6569,40.751396,-74.005226,40.754691750226016,-73.99740189313889,member
1560789,EAA14F4D25EF7F80,electric_bike,2022-03-30 05:44:03,2022-03-30 05:50:28,Lexington Ave & E 36 St,6313,W 35 St & Dyer Ave,6569,40.7475739589548,-73.9788007736206,40.754691750226016,-73.99740189313889,member
1560791,BA5DD9F3551DE854,electric_bike,2022-03-18 06:21:09,2022-03-18 06:28:25,Lexington Ave & E 36 St,6313,W 35 St & Dyer Ave,6569,40.7475739589548,-73.9788007736206,40.754691750226016,-73.99740189313889,member
1560792,8EB8833C9133CA8D,electric_bike,2022-03-02 06:50:38,2022-03-02 06:57:23,Lexington Ave & E 36 St,6313,W 35 St & Dyer Ave,6569,40.7475739589548,-73.9788007736206,40.754691750226016,-73.99740189313889,member
1560797,29E6BF373B9B9B2C,classic_bike,2022-03-04 16:33:33,2022-03-04 16:49:18,Morton St & Washington St,5772,W 35 St & Dyer Ave,6569,40.73115,-74.00887,40.754691750226016,-73.99740189313889,member
1560814,F683A3525E42A22A,classic_bike,2022-03-30 06:20:29,2022-03-30 06:27:28,Lexington Ave & E 36 St,6313,W 35 St & Dyer Ave,6569,40.7475739589548,-73.9788007736206,40.754691750226016,-73.99740189313889,member
1560836,DC40BFD2B8E010FD,classic_bike,2022-03-31 06:08:44,2022-03-31 06:15:31,Lexington Ave & E 36 St,6313,W 35 St & Dyer Ave,6569,40.7475739589548,-73.9788007736206,40.754691750226016,-73.99740189313889,member
1560847,39195F832899242F,classic_bike,2022-03-20 19:58:58,2022-03-20 20:09:51,Lexington Ave & E 36 St,6313,W 35 St & Dyer Ave,6569,40.7475739589548,-73.9788007736206,40.754691750226016,-73.99740189313889,member
1560864,8E3464708995EEE3,electric_bike,2022-03-28 11:46:48,2022-03-28 12:07:35,E 33 St & 1 Ave,6197,W 35 St & Dyer Ave,6569,40.74322681432173,-73.97449783980846,40.754691750226016,-73.99740189313889,member
1560865,723A1FAB1B14063C,electric_bike,2022-03-02 13:57:43,2022-03-02 14:05:56,W 20 St & 7 Ave,6182,W 35 St & Dyer Ave,6569,40.74238787,-73.99726235,40.754691750226016,-73.99740189313889,member
1560866,290D35A71FB7F11A,classic_bike,2022-03-10 07:45:41,2022-03-10 08:08:51,Columbia St & Rivington St,5365,W 35 St & Dyer Ave,6569,40.71739973,-73.98016555,40.754691750226016,-73.99740189313889,member
1560940,926A870C51D40049,docked_bike,2022-03-22 15:07:31,2022-03-22 15:26:16,Perry St & Greenwich Ave,5955,W 35 St & Dyer Ave,6569,40.735918,-74.000939,40.754692,-73.997402,casual
1560965,07F29ADE98CD5A60,classic_bike,2022-03-30 11:42:30,2022-03-30 11:53:05,E 40 St & Park Ave,6432,W 35 St & Dyer Ave,6569,40.750756,-73.978326,40.754691750226016,-73.99740189313889,member
1561000,D11C7089FD5D678E,classic_bike,2022-03-21 17:35:36,2022-03-21 17:54:30,Greenwich St & Perry St,5922,W 35 St & Dyer Ave,6569,40.73498,-74.00697,40.754691750226016,-73.99740189313889,member
1561043,28AE69CAE38223CF,electric_bike,2022-03-11 20:01:22,2022-03-11 20:22:06,W 70 St & Amsterdam Ave,7207,W 35 St & Dyer Ave,6569,40.77748046,-73.98288594,40.754691750226016,-73.99740189313889,casual
1561046,DB86EA4F5E360104,electric_bike,2022-03-16 02:25:14,2022-03-16 02:30:58,6 Ave & W 33 St,6364,W 35 St & Dyer Ave,6569,40.74901271,-73.98848395,40.754691750226016,-73.99740189313889,casual
1561061,61AB6E485F3FF85E,classic_bike,2022-03-02 10:39:26,2022-03-02 10:45:56,6 Ave & W 33 St,6364,W 35 St & Dyer Ave,6569,40.74901271,-73.98848395,40.754691750226016,-73.99740189313889,member
1561091,5EEA01E5B5B3C7E3,classic_bike,2022-03-21 09:47:39,2022-03-21 09:54:26,6 Ave & W 33 St,6364,W 35 St & Dyer Ave,6569,40.74901271,-73.98848395,40.754691750226016,-73.99740189313889,member
1561098,092D4D506AC1F943,classic_bike,2022-03-26 22:43:47,2022-03-26 22:50:15,6 Ave & W 33 St,6364,W 35 St & Dyer Ave,6569,40.74901271,-73.98848395,40.754691750226016,-73.99740189313889,member
1561100,977C6EDA7697AB4D,classic_bike,2022-03-02 12:45:15,2022-03-02 12:52:22,6 Ave & W 33 St,6364,W 35 St & Dyer Ave,6569,40.74901271,-73.98848395,40.754691750226016,-73.99740189313889,member
1561110,DDD20916D06C5F24,electric_bike,2022-03-16 08:29:33,2022-03-16 08:34:29,6 Ave & W 33 St,6364,W 35 St & Dyer Ave,6569,40.74901271,-73.98848395,40.754691750226016,-73.99740189313889,casual
1561112,B0CE4F79D10B5087,electric_bike,2022-03-31 18:38:40,2022-03-31 18:45:35,6 Ave & W 33 St,6364,W 35 St & Dyer Ave,6569,40.74901271,-73.98848395,40.754691750226016,-73.99740189313889,member
1561129,547ACF65751F60F4,electric_bike,2022-03-16 09:36:34,2022-03-16 09:40:56,6 Ave & W 33 St,6364,W 35 St & Dyer Ave,6569,40.74901271,-73.98848395,40.754691750226016,-73.99740189313889,member
1561161,CA433D2C77D74C06,classic_bike,2022-03-21 18:04:47,2022-03-21 18:12:07,W 26 St & 8 Ave,6297,W 35 St & Dyer Ave,6569,40.74734825,-73.99723551,40.754691750226016,-73.99740189313889,member
1561166,45A8B7A2419F3091,electric_bike,2022-03-29 08:31:58,2022-03-29 08:36:42,W 26 St & 8 Ave,6297,W 35 St & Dyer Ave,6569,40.74734825,-73.99723551,40.754691750226016,-73.99740189313889,member
1561168,565A880F64E7BEF0,electric_bike,2022-03-30 18:55:26,2022-03-30 18:59:58,W 22 St & 10 Ave,6306,W 35 St & Dyer Ave,6569,40.74691959,-74.00451887,40.754691750226016,-73.99740189313889,member
1561185,35C19478EA40FE6B,classic_bike,2022-03-16 11:24:36,2022-03-16 11:45:07,E 56 St & 3 Ave,6691,W 35 St & Dyer Ave,6569,40.75934501,-73.96759673,40.754691750226016,-73.99740189313889,member
1561193,3BAB022BB176E990,classic_bike,2022-03-07 18:29:05,2022-03-07 18:43:24,Greenwich St & W Houston St,5730,W 35 St & Dyer Ave,6569,40.728846,-74.008591,40.754691750226016,-73.99740189313889,member
1561194,18684B178CC6C0C9,classic_bike,2022-03-10 18:28:28,2022-03-10 18:47:54,Greenwich St & W Houston St,5730,W 35 St & Dyer Ave,6569,40.728846,-74.008591,40.754691750226016,-73.99740189313889,member
1561196,879493000DB97167,classic_bike,2022-03-30 18:34:00,2022-03-30 18:52:22,Greenwich St & W Houston St,5730,W 35 St & Dyer Ave,6569,40.728846,-74.008591,40.754691750226016,-73.99740189313889,member
1561197,4481E3A01C316A9A,classic_bike,2022-03-22 18:15:30,2022-03-22 18:32:50,Greenwich St & W Houston St,5730,W 35 St & Dyer Ave,6569,40.728846,-74.008591,40.754691750226016,-73.99740189313889,member
1561198,18CF8A84088537D5,classic_bike,2022-03-02 17:58:39,2022-03-02 18:16:42,Greenwich St & W Houston St,5730,W 35 St & Dyer Ave,6569,40.728846,-74.008591,40.754691750226016,-73.99740189313889,member
1561218,F50660245D731DAE,electric_bike,2022-03-01 08:41:22,2022-03-01 08:43:42,8 Ave & W 31 St,6450,W 35 St & Dyer Ave,6569,40.7505853470215,-73.9946848154068,40.754691750226016,-73.99740189313889,member
1561233,76D708A3D151A72D,classic_bike,2022-03-31 18:15:25,2022-03-31 18:35:51,1 Ave & E 68 St,6822,W 35 St & Dyer Ave,6569,40.76500525,-73.95818491,40.754691750226016,-73.99740189313889,member
1561244,917F5C4BD17F7FC9,electric_bike,2022-03-01 18:08:32,2022-03-01 18:26:45,Madison Ave & E 26 St,6131,W 35 St & Dyer Ave,6569,40.742684734875695,-73.98671329021454,40.754691750226016,-73.99740189313889,member
1561246,DE3D5AFA72696438,classic_bike,2022-03-16 09:25:13,2022-03-16 09:36:17,Madison Ave & E 26 St,6131,W 35 St & Dyer Ave,6569,40.742684734875695,-73.98671329021454,40.754691750226016,-73.99740189313889,member
1561251,4EB20E3F723B0AE5,classic_bike,2022-03-23 09:25:58,2022-03-23 09:41:34,Riverside Blvd & W 67 St,7183,W 35 St & Dyer Ave,6569,40.777507027547976,-73.98888587951659,40.754691750226016,-73.99740189313889,member
1561264,277A77BB3538FA9B,classic_bike,2022-03-24 18:05:38,2022-03-24 18:19:48,W 35 St & 9 Ave,6569,E 31 St & 3 Ave,6239,40.75414519263519,-73.9960889518261,40.74394314,-73.97966069,member
1561266,3539CF718EDAFC64,classic_bike,2022-03-17 08:33:39,2022-03-17 08:34:35,W 35 St & 9 Ave,6569,W 35 St & Dyer Ave,6569,40.75414519263519,-73.9960889518261,40.754691750226016,-73.99740189313889,member
1561309,172F44D31758B393,classic_bike,2022-03-17 14:14:51,2022-03-17 14:31:53,Broadway & E 14 St,5905,W 35 St & Dyer Ave,6569,40.73454567,-73.99074142,40.754691750226016,-73.99740189313889,member
1561353,FDD2B24B78A3AE43,electric_bike,2022-03-09 03:30:06,2022-03-09 03:43:19,Broadway & E 14 St,5905,W 35 St & Dyer Ave,6569,40.73454567,-73.99074142,40.754691750226016,-73.99740189313889,member
1561362,8AF5F31017BF2F42,electric_bike,2022-03-10 18:47:23,2022-03-10 18:55:14,5 Ave & E 29 St,6248,W 35 St & Dyer Ave,6569,40.7451677,-73.98683077,40.754691750226016,-73.99740189313889,member
1561364,3911856F54AE6968,classic_bike,2022-03-25 14:26:07,2022-03-25 14:43:34,Broadway & E 14 St,5905,W 35 St & Dyer Ave,6569,40.73454567,-73.99074142,40.754691750226016,-73.99740189313889,member
1561370,3CD678B75879AB62,classic_bike,2022-03-16 18:09:32,2022-03-16 18:18:19,5 Ave & E 29 St,6248,W 35 St & Dyer Ave,6569,40.7451677,-73.98683077,40.754691750226016,-73.99740189313889,member
1561379,B7815B60E6B4623B,classic_bike,2022-03-24 08:24:45,2022-03-24 09:00:10,Pitt St & Stanton St,5406,W 35 St & Dyer Ave,6569,40.71926081,-73.98178024,40.754691750226016,-73.99740189313889,member
1561410,71DB6A73D5FFA3BC,electric_bike,2022-03-07 12:08:16,2022-03-07 12:21:06,W 34 St &\tHudson Blvd E,6535,W 35 St & Dyer Ave,6569,40.75516719072139,-74.00059908628464,40.754691750226016,-73.99740189313889,member
1561435,569B94238F9DD48B,classic_bike,2022-03-14 18:29:21,2022-03-14 19:07:27,W 34 St &\tHudson Blvd E,6535,W 35 St & Dyer Ave,6569,40.75516719072139,-74.00059908628464,40.754691750226016,-73.99740189313889,member
1561492,306A4A32D2E4552C,classic_bike,2022-03-15 08:48:06,2022-03-15 09:07:45,Mercer St & Bleecker St,5679,W 35 St & Dyer Ave,6569,40.72706363348306,-73.99662137031554,40.754691750226016,-73.99740189313889,member
1561494,42CAEC9A9BA4E7F7,classic_bike,2022-03-22 21:12:55,2022-03-22 21:33:24,Christopher St & Greenwich St,5847,W 35 St & Dyer Ave,6569,40.73291553,-74.00711384,40.754691750226016,-73.99740189313889,member
1561514,76E90B8AABD8CAD3,classic_bike,2022-03-27 13:09:33,2022-03-27 13:23:12,E 26 St & 3 Ave,6089,W 35 St & Dyer Ave,6569,40.74069317733043,-73.98160636425018,40.754691750226016,-73.99740189313889,member
1561518,A1FB02876F3137AB,electric_bike,2022-03-16 16:56:01,2022-03-16 17:17:07,E 20 St & FDR Dr,5886,W 35 St & Dyer Ave,6569,40.733208626522426,-73.9756813647,40.754691750226016,-73.99740189313889,member
1561557,7754308005C57F2C,electric_bike,2022-03-18 23:02:27,2022-03-18 23:18:50,Central Park West & W 72 St,7141,W 35 St & Dyer Ave,6569,40.77579376683666,-73.9762057363987,40.754691750226016,-73.99740189313889,casual
1561631,D1D8D80E236A009C,classic_bike,2022-03-15 22:54:51,2022-03-15 23:06:19,W 4 St & 7 Ave S,5880,W 35 St & Dyer Ave,6569,40.73401143,-74.00293877,40.754691750226016,-73.99740189313889,member
1561667,35D6E51A28A3D357,electric_bike,2022-03-03 17:05:20,2022-03-03 17:16:26,W 51 St & Rockefeller Plaza,6700,W 35 St & Dyer Ave,6569,40.75973805251143,-73.97811613976955,40.754691750226016,-73.99740189313889,member
1561672,4B607D73E6DFF315,classic_bike,2022-03-23 00:09:06,2022-03-23 00:16:11,W 45 St & 8 Ave,6676,W 35 St & Dyer Ave,6569,40.75929124,-73.98859651,40.754691750226016,-73.99740189313889,member
1561694,9058EB9FC0ACC939,classic_bike,2022-03-16 09:36:20,2022-03-16 09:42:04,W 45 St & 8 Ave,6676,W 35 St & Dyer Ave,6569,40.75929124,-73.98859651,40.754691750226016,-73.99740189313889,member
1561699,FED2F116181B7FEB,classic_bike,2022-03-05 19:01:02,2022-03-05 19:14:58,W 4 St & 7 Ave S,5880,W 35 St & Dyer Ave,6569,40.73401143,-74.00293877,40.754691750226016,-73.99740189313889,member
1561713,9F7B77F38EBFBF46,classic_bike,2022-03-11 18:33:30,2022-03-11 18:40:52,W 45 St & 8 Ave,6676,W 35 St & Dyer Ave,6569,40.75929124,-73.98859651,40.754691750226016,-73.99740189313889,member
1561746,C27EFD4CB2ABE693,classic_bike,2022-03-18 08:06:30,2022-03-18 08:33:33,1 Ave & E 78 St,7020,W 35 St & Dyer Ave,6569,40.77140426,-73.9535166,40.754691750226016,-73.99740189313889,member
1561747,5FE04962B938B202,electric_bike,2022-03-22 07:39:27,2022-03-22 07:58:57,1 Ave & E 78 St,7020,W 35 St & Dyer Ave,6569,40.77140426,-73.9535166,40.754691750226016,-73.99740189313889,member
1561761,70143080215B93BE,classic_bike,2022-03-03 06:20:32,2022-03-03 06:23:24,8 Ave & W 33 St,6450,W 35 St & Dyer Ave,6569,40.751551,-73.993934,40.754691750226016,-73.99740189313889,member
1561778,E256E5DD1755792E,electric_bike,2022-03-01 21:04:48,2022-03-01 21:12:16,W 24 St & 7 Ave,6257,W 35 St & Dyer Ave,6569,40.74487634,-73.99529885,40.754691750226016,-73.99740189313889,member
1561796,A5DAF42486C883DD,electric_bike,2022-03-06 18:30:12,2022-03-06 18:32:34,8 Ave & W 33 St,6450,W 35 St & Dyer Ave,6569,40.751551,-73.993934,40.754691750226016,-73.99740189313889,member
1561822,05A23BCB25FDFBDC,classic_bike,2022-03-02 08:57:01,2022-03-02 09:11:02,E 39 St & 2 Ave,6345,W 35 St & Dyer Ave,6569,40.74803319428767,-73.973827958107,40.754691750226016,-73.99740189313889,member
1561826,15928892A5DD5707,classic_bike,2022-03-22 08:28:10,2022-03-22 08:42:26,E 39 St & 2 Ave,6345,W 35 St & Dyer Ave,6569,40.74803319428767,-73.973827958107,40.754691750226016,-73.99740189313889,member
1561834,C44CEAABA83F58A5,classic_bike,2022-03-08 08:15:49,2022-03-08 08:30:24,E 39 St & 2 Ave,6345,W 35 St & Dyer Ave,6569,40.74803319428767,-73.973827958107,40.754691750226016,-73.99740189313889,member
1561849,012133A50D6BD5FC,classic_bike,2022-03-18 23:23:08,2022-03-19 00:45:20,W 31 St & 7 Ave,6331,W 35 St & Dyer Ave,6569,40.749156,-73.9916,40.754691750226016,-73.99740189313889,member
1561852,42C3693DE713D79E,classic_bike,2022-03-19 16:01:37,2022-03-19 16:07:04,W 31 St & 7 Ave,6331,W 35 St & Dyer Ave,6569,40.749156,-73.9916,40.754691750226016,-73.99740189313889,member
1561853,589052940F5C6452,classic_bike,2022-03-09 21:20:02,2022-03-09 21:26:00,W 31 St & 7 Ave,6331,W 35 St & Dyer Ave,6569,40.749156,-73.9916,40.754691750226016,-73.99740189313889,member
1561863,E49DFB54501BC06D,classic_bike,2022-03-16 08:28:24,2022-03-16 08:41:01,E 39 St & 2 Ave,6345,W 35 St & Dyer Ave,6569,40.74803319428767,-73.973827958107,40.754691750226016,-73.99740189313889,member
1561874,D18517FEB98965AE,classic_bike,2022-03-15 17:38:59,2022-03-15 17:46:14,W 15 St & 10 Ave,6115,W 35 St & Dyer Ave,6569,40.74275382865903,-74.00747358798981,40.754691750226016,-73.99740189313889,member
1561888,8EC538EBF2BE5A75,classic_bike,2022-03-22 22:10:56,2022-03-22 22:29:36,W 15 St & 10 Ave,6115,W 35 St & Dyer Ave,6569,40.74275382865903,-74.00747358798981,40.754691750226016,-73.99740189313889,casual
1561923,02ACC5929DFA0FF6,classic_bike,2022-03-22 18:27:36,2022-03-22 18:33:02,W 31 St & 7 Ave,6331,W 35 St & Dyer Ave,6569,40.749156,-73.9916,40.754691750226016,-73.99740189313889,member
1561925,0850973ADF52517C,classic_bike,2022-03-30 08:59:38,2022-03-30 09:12:58,E 39 St & 2 Ave,6345,W 35 St & Dyer Ave,6569,40.74803319428767,-73.973827958107,40.754691750226016,-73.99740189313889,member
1561940,534411D98F00A3ED,electric_bike,2022-03-21 13:30:16,2022-03-21 13:40:15,E 39 St & 2 Ave,6345,W 35 St & Dyer Ave,6569,40.74803319428767,-73.973827958107,40.754691750226016,-73.99740189313889,casual
1561947,F8100405C002DC36,classic_bike,2022-03-10 18:31:27,2022-03-10 18:43:58,W 21 St & 6 Ave,6140,W 35 St & Dyer Ave,6569,40.74173969,-73.99415556,40.754691750226016,-73.99740189313889,member
1561966,24E7DD73D17ABCCE,classic_bike,2022-03-03 19:16:57,2022-03-03 19:24:04,W 49 St & 8 Ave,6747,W 35 St & Dyer Ave,6569,40.76227205,-73.98788205,40.754691750226016,-73.99740189313889,member
1561975,B02D21EF34DEAEA1,electric_bike,2022-03-01 07:47:07,2022-03-01 07:52:31,W 49 St & 8 Ave,6747,W 35 St & Dyer Ave,6569,40.76227205,-73.98788205,40.754691750226016,-73.99740189313889,member
1561997,C1FD18C32F0003A2,classic_bike,2022-03-29 19:52:42,2022-03-29 19:58:20,W 49 St & 8 Ave,6747,W 35 St & Dyer Ave,6569,40.76227205,-73.98788205,40.754691750226016,-73.99740189313889,member
1561998,E91EC48D0FA0AA4E,classic_bike,2022-03-31 19:45:42,2022-03-31 19:51:02,W 49 St & 8 Ave,6747,W 35 St & Dyer Ave,6569,40.76227205,-73.98788205,40.754691750226016,-73.99740189313889,member
1562011,0A3D95D4A1E81E4E,classic_bike,2022-03-12 15:54:00,2022-03-12 16:04:06,W 21 St & 6 Ave,6140,W 35 St & Dyer Ave,6569,40.74173969,-73.99415556,40.754691750226016,-73.99740189313889,member
1562072,270DDE0F7867E74F,classic_bike,2022-03-26 10:35:51,2022-03-26 11:05:02,Allen St & Rivington St,5414,W 35 St & Dyer Ave,6569,40.72019576,-73.98997825,40.754691750226016,-73.99740189313889,member
1562133,A384D8657FE466AC,classic_bike,2022-03-11 12:57:38,2022-03-11 13:20:38,E 22 St & 2 Ave,5971,W 35 St & Dyer Ave,6569,40.73716919369882,-73.98122549057007,40.754691750226016,-73.99740189313889,casual
1562179,B75C2CE3C99C5A12,classic_bike,2022-03-24 19:26:41,2022-03-24 19:37:47,W 20 St & 8 Ave,6224,W 35 St & Dyer Ave,6569,40.74345335,-74.00004031,40.754691750226016,-73.99740189313889,member
1562186,B355DE0AE9727DB6,electric_bike,2022-03-18 20:05:47,2022-03-18 20:12:30,5 Ave & E 29 St,6248,W 35 St & Dyer Ave,6569,40.7451677,-73.98683077,40.754691750226016,-73.99740189313889,member
1562189,C2EF7FC7F76B8C83,classic_bike,2022-03-31 08:31:37,2022-03-31 09:08:51,Pitt St & Stanton St,5406,W 35 St & Dyer Ave,6569,40.71926081,-73.98178024,40.754691750226016,-73.99740189313889,member
1562190,DE1FDBE2E06696A4,electric_bike,2022-03-23 17:45:55,2022-03-23 17:53:56,5 Ave & E 29 St,6248,W 35 St & Dyer Ave,6569,40.7451677,-73.98683077,40.754691750226016,-73.99740189313889,member
1562209,342318E241D24E5D,classic_bike,2022-03-11 17:25:34,2022-03-11 17:34:47,W 20 St & 8 Ave,6224,W 35 St & Dyer Ave,6569,40.74345335,-74.00004031,40.754691750226016,-73.99740189313889,member
1562213,970DF65F20FA4C25,classic_bike,2022-03-21 08:07:11,2022-03-21 08:39:03,E 95 St & 3 Ave,7365,W 35 St & Dyer Ave,6569,40.7849032,-73.950503,40.754691750226016,-73.99740189313889,member
1562237,3421FDC42528D431,electric_bike,2022-03-05 09:11:48,2022-03-05 09:17:10,W 20 St & 8 Ave,6224,W 35 St & Dyer Ave,6569,40.74345335,-74.00004031,40.754691750226016,-73.99740189313889,member
1562241,D01180FFECB3D1D7,electric_bike,2022-03-21 18:55:17,2022-03-21 19:01:50,E 33 St & 5 Ave,6322,W 35 St & Dyer Ave,6569,40.74765947,-73.98490707,40.754691750226016,-73.99740189313889,member
1562268,C5CA669AB4034625,classic_bike,2022-03-10 17:43:30,2022-03-10 17:53:34,W 35 St & 9 Ave,6569,Broadway & W 51 St,6779,40.75414519263519,-73.9960889518261,40.76228826,-73.98336183,member
1562270,DDA958A50657570F,classic_bike,2022-03-18 10:33:36,2022-03-18 10:47:07,9 Ave & W 22 St,6266,W 35 St & Dyer Ave,6569,40.7454973,-74.00197139,40.754691750226016,-73.99740189313889,casual
1562271,FD56B0CB5109AFB4,classic_bike,2022-03-25 12:34:59,2022-03-25 13:11:32,W 35 St & 9 Ave,6569,W 110 St & Amsterdam Ave,7646,40.75414519263519,-73.9960889518261,40.802692,-73.96295,casual
1562275,2683A5EE6946D9F0,electric_bike,2022-03-14 08:15:51,2022-03-14 08:22:20,E 33 St & 5 Ave,6322,W 35 St & Dyer Ave,6569,40.74765947,-73.98490707,40.754691750226016,-73.99740189313889,member
1562276,C0FE811EAFE5E630,electric_bike,2022-03-12 05:26:35,2022-03-12 05:31:44,E 33 St & 5 Ave,6322,W 35 St & Dyer Ave,6569,40.74765947,-73.98490707,40.754691750226016,-73.99740189313889,member
1562285,1D4BA9B23EC8273F,electric_bike,2022-03-02 19:30:01,2022-03-02 19:38:13,E 33 St & 5 Ave,6322,W 35 St & Dyer Ave,6569,40.74765947,-73.98490707,40.754691750226016,-73.99740189313889,member
1562286,3E95F46879A71786,electric_bike,2022-03-25 09:00:04,2022-03-25 09:07:27,E 33 St & 5 Ave,6322,W 35 St & Dyer Ave,6569,40.74765947,-73.98490707,40.754691750226016,-73.99740189313889,member
1562291,6C4423F55784063C,classic_bike,2022-03-20 22:17:37,2022-03-20 22:26:49,E 33 St & 5 Ave,6322,W 35 St & Dyer Ave,6569,40.74765947,-73.98490707,40.754691750226016,-73.99740189313889,member
1562294,C3359A39B40836FC,classic_bike,2022-03-29 21:37:38,2022-03-29 21:44:10,E 33 St & 5 Ave,6322,W 35 St & Dyer Ave,6569,40.74765947,-73.98490707,40.754691750226016,-73.99740189313889,member
1562295,5F81169AF8767C3E,electric_bike,2022-03-02 14:45:36,2022-03-02 14:50:59,E 33 St & 5 Ave,6322,W 35 St & Dyer Ave,6569,40.74765947,-73.98490707,40.754691750226016,-73.99740189313889,casual
1562297,80A41F9E8B8C8BDB,electric_bike,2022-03-18 08:59:40,2022-03-18 09:05:51,E 33 St & 5 Ave,6322,W 35 St & Dyer Ave,6569,40.74765947,-73.98490707,40.754691750226016,-73.99740189313889,member
1562298,FF29B0DA58A01D71,electric_bike,2022-03-21 08:26:52,2022-03-21 08:34:22,E 33 St & 5 Ave,6322,W 35 St & Dyer Ave,6569,40.74765947,-73.98490707,40.754691750226016,-73.99740189313889,member
1562300,457419C797C4511A,classic_bike,2022-03-17 16:57:56,2022-03-17 17:13:09,W 15 St & 7 Ave,6030,W 35 St & Dyer Ave,6569,40.73935542,-73.99931783,40.754691750226016,-73.99740189313889,member
1562301,B6D5823053CE52E3,electric_bike,2022-03-19 17:10:19,2022-03-19 17:16:50,9 Ave & W 22 St,6266,W 35 St & Dyer Ave,6569,40.7454973,-74.00197139,40.754691750226016,-73.99740189313889,member
1562315,E0A12E73B3F40E95,electric_bike,2022-03-04 18:54:22,2022-03-04 18:59:45,E 33 St & 5 Ave,6322,W 35 St & Dyer Ave,6569,40.74765947,-73.98490707,40.754691750226016,-73.99740189313889,member
1562317,6CC4E63837B4175F,electric_bike,2022-03-30 08:23:22,2022-03-30 08:29:35,E 33 St & 5 Ave,6322,W 35 St & Dyer Ave,6569,40.74765947,-73.98490707,40.754691750226016,-73.99740189313889,member
1562325,956BD79A35BB3CB9,electric_bike,2022-03-08 08:28:22,2022-03-08 08:35:47,E 33 St & 5 Ave,6322,W 35 St & Dyer Ave,6569,40.74765947,-73.98490707,40.754691750226016,-73.99740189313889,member
1562326,276C0EB3624FF0BF,electric_bike,2022-03-11 08:45:24,2022-03-11 08:52:17,E 33 St & 5 Ave,6322,W 35 St & Dyer Ave,6569,40.74765947,-73.98490707,40.754691750226016,-73.99740189313889,member
1562327,4AA2057DCE49D5DF,electric_bike,2022-03-16 08:18:12,2022-03-16 08:25:23,E 33 St & 5 Ave,6322,W 35 St & Dyer Ave,6569,40.74765947,-73.98490707,40.754691750226016,-73.99740189313889,member
1562333,28F00C8FA1D9A564,electric_bike,2022-03-05 09:31:26,2022-03-05 09:51:05,E 11 St & 3 Ave,5788,W 35 St & Dyer Ave,6569,40.73127,-73.98849,40.754691750226016,-73.99740189313889,casual
1562371,A0DA7F27300B4999,electric_bike,2022-03-21 17:07:20,2022-03-21 17:16:59,W 48 St &  Rockefeller Plaza,6626,W 35 St & Dyer Ave,6569,40.75776935448309,-73.97929430007935,40.754691750226016,-73.99740189313889,member
1562397,F3A81F92CD921849,classic_bike,2022-03-31 17:12:33,2022-03-31 17:22:21,Madison Ave & E 26 St,6131,W 35 St & Dyer Ave,6569,40.742684734875695,-73.98671329021454,40.754691750226016,-73.99740189313889,member
1562409,02530B5B5318CE7D,classic_bike,2022-03-23 08:56:14,2022-03-23 09:10:58,Riverside Blvd & W 67 St,7183,W 35 St & Dyer Ave,6569,40.777507027547976,-73.98888587951659,40.754691750226016,-73.99740189313889,member
1562421,4A464592F00EF8F8,classic_bike,2022-03-11 17:19:13,2022-03-11 17:51:21,1 Ave & E 68 St,6822,W 35 St & Dyer Ave,6569,40.76500525,-73.95818491,40.754691750226016,-73.99740189313889,member
1562430,B76B6E6E00F2C86C,electric_bike,2022-03-30 16:40:58,2022-03-30 17:01:35,E 56 St & 3 Ave,6691,W 35 St & Dyer Ave,6569,40.75934501,-73.96759673,40.754691750226016,-73.99740189313889,member
1562431,645D9FF1C2834A42,electric_bike,2022-03-23 15:19:31,2022-03-23 15:41:57,E 56 St & 3 Ave,6691,W 35 St & Dyer Ave,6569,40.75934501,-73.96759673,40.754691750226016,-73.99740189313889,member
1562470,E8AC7BE524835D9E,classic_bike,2022-03-09 07:37:58,2022-03-09 07:41:12,10 Ave & W 28 St,6459,W 35 St & Dyer Ave,6569,40.75066386,-74.00176802,40.754691750226016,-73.99740189313889,member
1562481,A2FCAF3833E762C4,classic_bike,2022-03-13 19:10:23,2022-03-13 19:32:58,W 84 St & Columbus Ave,7382,W 35 St & Dyer Ave,6569,40.78499979,-73.97283406,40.754691750226016,-73.99740189313889,member
1562553,7D67E5088E70AD1D,electric_bike,2022-03-01 21:38:37,2022-03-01 21:42:30,10 Ave & W 28 St,6459,W 35 St & Dyer Ave,6569,40.75066386,-74.00176802,40.754691750226016,-73.99740189313889,member
1562580,297FEEE894E2DCE5,classic_bike,2022-03-04 17:23:24,2022-03-04 17:27:22,8 Ave & W 38 St,6526,W 35 St & Dyer Ave,6569,40.75461,-73.99177,40.754691750226016,-73.99740189313889,member
1562581,BCBFE0BFCD42B617,classic_bike,2022-03-03 22:18:58,2022-03-03 22:22:33,8 Ave & W 38 St,6526,W 35 St & Dyer Ave,6569,40.75461,-73.99177,40.754691750226016,-73.99740189313889,member
1562584,57E831FC4E65C924,classic_bike,2022-03-25 17:50:15,2022-03-25 17:55:48,8 Ave & W 38 St,6526,W 35 St & Dyer Ave,6569,40.75461,-73.99177,40.754691750226016,-73.99740189313889,member
1562631,20F092D1CC6054A6,classic_bike,2022-03-02 17:42:48,2022-03-02 17:46:52,8 Ave & W 38 St,6526,W 35 St & Dyer Ave,6569,40.75461,-73.99177,40.754691750226016,-73.99740189313889,member
1562640,F78C14066DBADF2F,classic_bike,2022-03-20 13:23:39,2022-03-20 13:28:36,8 Ave & W 38 St,6526,W 35 St & Dyer Ave,6569,40.75461,-73.99177,40.754691750226016,-73.99740189313889,casual
1562661,A78144EB68C80380,classic_bike,2022-03-11 16:54:34,2022-03-11 16:59:21,8 Ave & W 38 St,6526,W 35 St & Dyer Ave,6569,40.75461,-73.99177,40.754691750226016,-73.99740189313889,member
1562663,98FFB6E02FFF7EA8,classic_bike,2022-03-22 17:22:04,2022-03-22 17:27:02,8 Ave & W 38 St,6526,W 35 St & Dyer Ave,6569,40.75461,-73.99177,40.754691750226016,-73.99740189313889,member
1562664,3C79BCCC60DCDC62,classic_bike,2022-03-14 17:25:53,2022-03-14 17:31:38,8 Ave & W 38 St,6526,W 35 St & Dyer Ave,6569,40.75461,-73.99177,40.754691750226016,-73.99740189313889,member
1562666,5C9E12D46C973849,classic_bike,2022-03-04 22:21:36,2022-03-04 22:24:41,8 Ave & W 38 St,6526,W 35 St & Dyer Ave,6569,40.75461,-73.99177,40.754691750226016,-73.99740189313889,member
1562742,BD6D7BAF41DD6388,classic_bike,2022-03-02 17:36:35,2022-03-02 17:46:14,Gansevoort St & Hudson St,6072,W 35 St & Dyer Ave,6569,40.73944820130404,-74.00507032871246,40.754691750226016,-73.99740189313889,member
1562743,748F19C85B592A09,classic_bike,2022-03-10 04:42:14,2022-03-10 04:47:59,W 30 St & 8 Ave,6373,W 35 St & Dyer Ave,6569,40.74965268472847,-73.9952078461647,40.754691750226016,-73.99740189313889,member
1562761,9772FFB73A04BC15,electric_bike,2022-03-01 04:24:07,2022-03-01 04:54:23,Frost St & Meeker Ave,5371,W 35 St & Dyer Ave,6569,40.71766197083994,-73.94880026578903,40.754691750226016,-73.99740189313889,member
1562798,3444DDD03C85D48C,electric_bike,2022-03-29 08:12:55,2022-03-29 08:30:44,E Houston St & Columbia St,5436,W 35 St & Dyer Ave,6569,40.71978635452822,-73.97871628403664,40.754691750226016,-73.99740189313889,member
1562887,D002A633FD046DE4,classic_bike,2022-03-29 14:48:08,2022-03-29 14:53:42,11 Ave & W 41 St,6726,W 35 St & Dyer Ave,6569,40.76030096,-73.99884222,40.754691750226016,-73.99740189313889,member
1562909,9C6D5640C2482FF1,classic_bike,2022-03-10 18:50:21,2022-03-10 18:56:33,11 Ave & W 41 St,6726,W 35 St & Dyer Ave,6569,40.76030096,-73.99884222,40.754691750226016,-73.99740189313889,member
1562945,D2DDCDE4F8FACCD6,classic_bike,2022-03-27 14:48:17,2022-03-27 14:52:26,11 Ave & W 41 St,6726,W 35 St & Dyer Ave,6569,40.76030096,-73.99884222,40.754691750226016,-73.99740189313889,member
1563036,EC754F1A208948D3,electric_bike,2022-03-31 07:57:27,2022-03-31 08:15:40,W 100 St & Broadway,7580,W 35 St & Dyer Ave,6569,40.7973721,-73.97041192,40.754691750226016,-73.99740189313889,member
1563074,65BCFC269A70DEC3,electric_bike,2022-03-17 08:09:22,2022-03-17 08:28:22,W 100 St & Broadway,7580,W 35 St & Dyer Ave,6569,40.7973721,-73.97041192,40.754691750226016,-73.99740189313889,member
1563075,EB63512CEB1B365D,electric_bike,2022-03-09 08:02:11,2022-03-09 08:22:24,W 100 St & Broadway,7580,W 35 St & Dyer Ave,6569,40.7973721,-73.97041192,40.754691750226016,-73.99740189313889,member
1563099,6D0ACB14FA4C4BB3,electric_bike,2022-03-27 16:01:45,2022-03-27 16:05:54,11 Ave & W 41 St,6726,W 35 St & Dyer Ave,6569,40.76030096,-73.99884222,40.754691750226016,-73.99740189313889,member
1563131,D9735453222441CD,electric_bike,2022-03-25 09:15:32,2022-03-25 09:46:30,St Marks Pl & 2 Ave,5669,W 35 St & Dyer Ave,6569,40.7284186,-73.98713956,40.754691750226016,-73.99740189313889,member
1563157,6FCBB74E8CE4204D,classic_bike,2022-03-30 20:26:16,2022-03-30 20:41:06,E 16 St & 5 Ave,6022,W 35 St & Dyer Ave,6569,40.73726186,-73.99238967,40.754691750226016,-73.99740189313889,member
1563197,51FDF4343ACBEA64,classic_bike,2022-03-11 07:39:06,2022-03-11 07:42:30,9 Ave & W 45 St,6717,W 35 St & Dyer Ave,6569,40.76019252,-73.9912551,40.754691750226016,-73.99740189313889,member
1563198,1EC6C71D179B5D70,classic_bike,2022-03-25 12:37:06,2022-03-25 12:45:04,W 52 St & 11 Ave,6926,W 35 St & Dyer Ave,6569,40.76727216,-73.99392888,40.754691750226016,-73.99740189313889,member
1563214,0DFDDFA7F851342A,classic_bike,2022-03-05 15:02:40,2022-03-05 15:07:58,9 Ave & W 45 St,6717,W 35 St & Dyer Ave,6569,40.76019252,-73.9912551,40.754691750226016,-73.99740189313889,member
1563216,93B44B11A0824C99,classic_bike,2022-03-06 16:38:40,2022-03-06 16:43:30,11 Ave & W 41 St,6726,W 35 St & Dyer Ave,6569,40.76030096,-73.99884222,40.754691750226016,-73.99740189313889,member
1563217,02EA0D8DFEE5E08F,classic_bike,2022-03-24 18:12:58,2022-03-24 18:18:28,11 Ave & W 41 St,6726,W 35 St & Dyer Ave,6569,40.76030096,-73.99884222,40.754691750226016,-73.99740189313889,member
1563238,69232034D787916B,classic_bike,2022-03-25 20:46:58,2022-03-25 21:09:41,7 Ave S & Bleecker St,5805,W 35 St & Dyer Ave,6569,40.73213896287381,-74.00363802909851,40.754691750226016,-73.99740189313889,casual
1563273,0396618667404987,electric_bike,2022-03-13 18:47:44,2022-03-13 18:54:00,E 33 St & 5 Ave,6322,W 35 St & Dyer Ave,6569,40.74765947,-73.98490707,40.754691750226016,-73.99740189313889,member
1563293,471D4ACFB98EDF79,classic_bike,2022-03-26 12:41:29,2022-03-26 13:04:25,W 37 St & 10 Ave,6611,W 35 St & Dyer Ave,6569,40.75660359,-73.9979009,40.754691750226016,-73.99740189313889,member
1563308,16C2D44F20972960,classic_bike,2022-03-18 06:40:56,2022-03-18 06:42:28,W 37 St & 10 Ave,6611,W 35 St & Dyer Ave,6569,40.75660359,-73.9979009,40.754691750226016,-73.99740189313889,member
1563310,319168BCF17BF6EE,electric_bike,2022-03-28 08:46:02,2022-03-28 08:55:49,Broadway & W 58 St,6948,W 35 St & Dyer Ave,6569,40.76695317,-73.98169333,40.754691750226016,-73.99740189313889,member
1563316,CEADF55CC2742736,electric_bike,2022-03-27 12:03:38,2022-03-27 12:05:48,W 37 St & 10 Ave,6611,W 35 St & Dyer Ave,6569,40.75660359,-73.9979009,40.754691750226016,-73.99740189313889,member
1563332,92FF1A9236F4D6C3,electric_bike,2022-03-15 12:03:29,2022-03-15 12:07:59,10 Ave & W 28 St,6459,W 35 St & Dyer Ave,6569,40.75066386,-74.00176802,40.754691750226016,-73.99740189313889,member
1563341,9695B9B2E7001BF9,electric_bike,2022-03-02 18:34:38,2022-03-02 18:45:16,W 12 St & Hudson St,5997,W 35 St & Dyer Ave,6569,40.73752993301071,-74.00558933615685,40.754691750226016,-73.99740189313889,member
1563361,8A98A6C80E8318A6,classic_bike,2022-03-14 18:09:48,2022-03-14 18:13:29,8 Ave & W 38 St,6526,W 35 St & Dyer Ave,6569,40.75461,-73.99177,40.754691750226016,-73.99740189313889,member
1563387,DB048C3066745D6A,electric_bike,2022-03-13 12:46:11,2022-03-13 12:49:42,8 Ave & W 38 St,6526,W 35 St & Dyer Ave,6569,40.75461,-73.99177,40.754691750226016,-73.99740189313889,member
1563412,704CC77E70C1F27E,classic_bike,2022-03-15 18:05:10,2022-03-15 18:20:33,E 66 St & Madison Ave,6969,W 35 St & Dyer Ave,6569,40.76800889305947,-73.96845281124115,40.754691750226016,-73.99740189313889,member
1563423,BB59ACEFCD5E0EAA,classic_bike,2022-03-23 15:51:10,2022-03-23 15:56:02,6 Ave & W 34 St,6364,W 35 St & Dyer Ave,6569,40.74964,-73.98805,40.754691750226016,-73.99740189313889,member
1563426,3D56BD21D6D0C0DD,electric_bike,2022-03-27 07:35:03,2022-03-27 07:38:42,6 Ave & W 34 St,6364,W 35 St & Dyer Ave,6569,40.74964,-73.98805,40.754691750226016,-73.99740189313889,casual
1563428,EFEA185912E522DD,electric_bike,2022-03-11 08:34:30,2022-03-11 08:51:20,St Marks Pl & 2 Ave,5669,W 35 St & Dyer Ave,6569,40.7284186,-73.98713956,40.754691750226016,-73.99740189313889,member
1563441,18B2D78ECA53384A,classic_bike,2022-03-16 06:32:48,2022-03-16 06:38:18,6 Ave & W 34 St,6364,W 35 St & Dyer Ave,6569,40.74964,-73.98805,40.754691750226016,-73.99740189313889,member
1563442,C14F0334A205F7F8,electric_bike,2022-03-29 08:01:27,2022-03-29 08:07:58,W 49 St & 8 Ave,6747,W 35 St & Dyer Ave,6569,40.76227205,-73.98788205,40.754691750226016,-73.99740189313889,member
1563450,1FFE9C809D1C8A44,electric_bike,2022-03-30 18:39:15,2022-03-30 18:44:07,6 Ave & W 34 St,6364,W 35 St & Dyer Ave,6569,40.74964,-73.98805,40.754691750226016,-73.99740189313889,member
1563454,55B69543B5011E2F,classic_bike,2022-03-22 06:31:29,2022-03-22 06:36:54,6 Ave & W 34 St,6364,W 35 St & Dyer Ave,6569,40.74964,-73.98805,40.754691750226016,-73.99740189313889,member
1563570,9DDB3D852EDB2784,classic_bike,2022-03-19 09:10:22,2022-03-19 09:26:21,6 Ave & Broome St,5610,W 35 St & Dyer Ave,6569,40.72431,-74.00473,40.754691750226016,-73.99740189313889,member
1563594,91A2403EF2F139AB,classic_bike,2022-03-21 06:28:29,2022-03-21 06:35:54,E 41 St & Madison Ave (SE corner),6432,W 35 St & Dyer Ave,6569,40.752049,-73.979635,40.754691750226016,-73.99740189313889,member
1563662,76A1D4E87CDB5071,electric_bike,2022-03-27 09:16:40,2022-03-27 09:19:41,W 37 St & 10 Ave,6611,W 35 St & Dyer Ave,6569,40.75660359,-73.9979009,40.754691750226016,-73.99740189313889,member
1563664,B8FAB6A425655255,classic_bike,2022-03-03 17:34:52,2022-03-03 17:37:42,W 37 St & 10 Ave,6611,W 35 St & Dyer Ave,6569,40.75660359,-73.9979009,40.754691750226016,-73.99740189313889,member
1563668,EF06075CD6B8444F,classic_bike,2022-03-06 06:27:14,2022-03-06 06:37:22,E 41 St & Madison Ave (SE corner),6432,W 35 St & Dyer Ave,6569,40.752049,-73.979635,40.754691750226016,-73.99740189313889,member
1563698,1CCD36F20F7AA8EB,electric_bike,2022-03-24 09:19:04,2022-03-24 09:53:08,West Thames St,5114,W 35 St & Dyer Ave,6569,40.70834698,-74.01713445,40.754691750226016,-73.99740189313889,member
1563699,A743311776736F1A,electric_bike,2022-03-22 07:37:34,2022-03-22 07:40:20,W 37 St & 10 Ave,6611,W 35 St & Dyer Ave,6569,40.75660359,-73.9979009,40.754691750226016,-73.99740189313889,member
1563716,E5E4F1947A9FCDBE,classic_bike,2022-03-04 07:41:02,2022-03-04 07:44:24,9 Ave & W 45 St,6717,W 35 St & Dyer Ave,6569,40.76019252,-73.9912551,40.754691750226016,-73.99740189313889,member
1563722,D5E8D732DA705240,classic_bike,2022-03-16 11:11:10,2022-03-16 13:44:40,Broadway & W 58 St,6948,W 35 St & Dyer Ave,6569,40.76695317,-73.98169333,40.754691750226016,-73.99740189313889,casual
1563746,3C436D6ADA2DEDB0,electric_bike,2022-03-30 12:17:50,2022-03-30 12:27:43,W 56 St & 10 Ave,6955,W 35 St & Dyer Ave,6569,40.768254,-73.988639,40.754691750226016,-73.99740189313889,member
1563750,5276FEC14B177A79,electric_bike,2022-03-27 15:44:55,2022-03-27 15:51:08,W 31 St & 7 Ave,6331,W 35 St & Dyer Ave,6569,40.749156,-73.9916,40.754691750226016,-73.99740189313889,member
1563762,A57C560F114A0F65,electric_bike,2022-03-03 02:10:25,2022-03-03 02:13:50,W 42 St & 8 Ave,6602,W 35 St & Dyer Ave,6569,40.7575699,-73.99098507,40.754691750226016,-73.99740189313889,member
1563823,2C4E1B2450DC2A11,classic_bike,2022-03-23 01:55:53,2022-03-23 02:03:53,W 41 St & 8 Ave,6602,W 35 St & Dyer Ave,6569,40.75640548,-73.9900262,40.754691750226016,-73.99740189313889,member
1563828,DD45C8363403F624,electric_bike,2022-03-31 13:58:01,2022-03-31 14:02:05,W 41 St & 8 Ave,6602,W 35 St & Dyer Ave,6569,40.75640548,-73.9900262,40.754691750226016,-73.99740189313889,member
1563831,B962062C8AA0942A,electric_bike,2022-03-31 12:15:14,2022-03-31 12:25:52,E 39 St & 2 Ave,6345,W 35 St & Dyer Ave,6569,40.74803319428767,-73.973827958107,40.754691750226016,-73.99740189313889,member
1563832,8DD9DB5018508609,electric_bike,2022-03-21 20:38:22,2022-03-21 20:44:03,W 31 St & 7 Ave,6331,W 35 St & Dyer Ave,6569,40.749156,-73.9916,40.754691750226016,-73.99740189313889,member
1563835,29EBB1758782A501,classic_bike,2022-03-31 22:14:25,2022-03-31 22:18:07,W 41 St & 8 Ave,6602,W 35 St & Dyer Ave,6569,40.75640548,-73.9900262,40.754691750226016,-73.99740189313889,member
1563836,EB19E5F8AA7DA9F9,classic_bike,2022-03-30 22:16:30,2022-03-30 22:21:05,W 41 St & 8 Ave,6602,W 35 St & Dyer Ave,6569,40.75640548,-73.9900262,40.754691750226016,-73.99740189313889,member
1563845,11B24FBC5182FD4B,electric_bike,2022-03-13 20:06:08,2022-03-13 20:10:11,W 41 St & 8 Ave,6602,W 35 St & Dyer Ave,6569,40.75640548,-73.9900262,40.754691750226016,-73.99740189313889,member
1563849,BC9A78C486F6935E,electric_bike,2022-03-08 19:19:59,2022-03-08 19:30:27,Broadway & W 53 St,6779,W 35 St & Dyer Ave,6569,40.76344058,-73.98268129,40.754691750226016,-73.99740189313889,casual
1563856,C5CD7109B913C6E2,electric_bike,2022-03-30 21:25:45,2022-03-30 21:34:44,W 49 St & 8 Ave,6747,W 35 St & Dyer Ave,6569,40.76227205,-73.98788205,40.754691750226016,-73.99740189313889,member
1563882,5EB93A2D5C3DB6A1,classic_bike,2022-03-18 18:55:53,2022-03-18 18:57:42,W 37 St & 10 Ave,6611,W 35 St & Dyer Ave,6569,40.75660359,-73.9979009,40.754691750226016,-73.99740189313889,member
1563883,76219B6AAE975EEF,classic_bike,2022-03-18 07:38:43,2022-03-18 07:40:26,W 37 St & 10 Ave,6611,W 35 St & Dyer Ave,6569,40.75660359,-73.9979009,40.754691750226016,-73.99740189313889,member
1563884,25BB674DFBC8F7FA,classic_bike,2022-03-02 17:32:24,2022-03-02 17:34:18,W 37 St & 10 Ave,6611,W 35 St & Dyer Ave,6569,40.75660359,-73.9979009,40.754691750226016,-73.99740189313889,member
1563912,BB8F34EFB287D80D,classic_bike,2022-03-31 06:28:20,2022-03-31 06:33:57,6 Ave & W 34 St,6364,W 35 St & Dyer Ave,6569,40.74964,-73.98805,40.754691750226016,-73.99740189313889,member
1563935,677ED8F7FDA9C301,classic_bike,2022-03-16 20:09:26,2022-03-16 20:14:33,W 31 St & 7 Ave,6331,W 35 St & Dyer Ave,6569,40.749156,-73.9916,40.754691750226016,-73.99740189313889,member
1563947,8CF9E0A54C436851,classic_bike,2022-03-03 06:31:09,2022-03-03 06:38:33,6 Ave & W 34 St,6364,W 35 St & Dyer Ave,6569,40.74964,-73.98805,40.754691750226016,-73.99740189313889,member
1563949,FF8C05324DADDCD0,classic_bike,2022-03-14 17:07:28,2022-03-14 17:12:49,6 Ave & W 34 St,6364,W 35 St & Dyer Ave,6569,40.74964,-73.98805,40.754691750226016,-73.99740189313889,member
1563950,6788B92B19025614,classic_bike,2022-03-30 15:14:33,2022-03-30 15:19:52,6 Ave & W 34 St,6364,W 35 St & Dyer Ave,6569,40.74964,-73.98805,40.754691750226016,-73.99740189313889,member
1563951,212DF7C24B45CDC0,classic_bike,2022-03-07 12:14:32,2022-03-07 12:20:57,6 Ave & W 34 St,6364,W 35 St & Dyer Ave,6569,40.74964,-73.98805,40.754691750226016,-73.99740189313889,member
1563958,81BC80D00FBD41C0,classic_bike,2022-03-14 16:35:43,2022-03-14 16:49:19,W 35 St & Dyer Ave,6569,E 31 St & 3 Ave,6239,40.754691750226016,-73.99740189313889,40.74394314,-73.97966069,member
1563959,ABD84CC32494EA53,classic_bike,2022-03-14 17:51:54,2022-03-14 18:05:01,E 31 St & 3 Ave,6239,W 35 St & Dyer Ave,6569,40.74394314,-73.97966069,40.754691750226016,-73.99740189313889,member
1563964,3192A7A124396EE8,classic_bike,2022-03-15 13:26:26,2022-03-15 13:40:59,W 35 St & Dyer Ave,6569,W 35 St & Dyer Ave,6569,40.754691750226016,-73.99740189313889,40.754691750226016,-73.99740189313889,member
1563970,6FC32EF4B73EDF46,electric_bike,2022-03-21 17:28:59,2022-03-21 17:29:37,W 35 St & Dyer Ave,6569,W 35 St & Dyer Ave,6569,40.754691750226016,-73.99740189313889,40.754691750226016,-73.99740189313889,casual
1563971,8DE170E99ED352D6,classic_bike,2022-03-21 17:52:40,2022-03-21 18:04:49,E 31 St & 3 Ave,6239,W 35 St & Dyer Ave,6569,40.74394314,-73.97966069,40.754691750226016,-73.99740189313889,member
1563972,8BF2A1A94537FABC,classic_bike,2022-03-21 16:22:51,2022-03-21 16:37:32,W 35 St & Dyer Ave,6569,E 31 St & 3 Ave,6239,40.754691750226016,-73.99740189313889,40.74394314,-73.97966069,member
1563994,F3C527E305524627,classic_bike,2022-03-03 08:44:09,2022-03-03 08:44:40,W 35 St & Dyer Ave,6569,W 35 St & Dyer Ave,6569,40.754691750226016,-73.99740189313889,40.754691750226016,-73.99740189313889,member
1563996,17CF4CECA3A9AC3B,electric_bike,2022-03-17 19:28:06,2022-03-17 20:03:53,E 31 St & 3 Ave,6239,W 35 St & Dyer Ave,6569,40.74394314,-73.97966069,40.754691750226016,-73.99740189313889,member
1564002,CB90A39F6614F28C,classic_bike,2022-03-23 20:04:38,2022-03-23 20:18:29,W 35 St & Dyer Ave,6569,Broadway & W 51 St,6779,40.754691750226016,-73.99740189313889,40.76228826,-73.98336183,member
1564006,769063101D3BEC7A,classic_bike,2022-03-21 18:58:57,2022-03-21 19:00:21,W 35 St & Dyer Ave,6569,W 35 St & Dyer Ave,6569,40.754691750226016,-73.99740189313889,40.754691750226016,-73.99740189313889,member
1564014,6F1983E1B211AF18,classic_bike,2022-03-16 19:38:10,2022-03-16 19:42:52,W 35 St & Dyer Ave,6569,W 35 St & Dyer Ave,6569,40.754691750226016,-73.99740189313889,40.754691750226016,-73.99740189313889,member
1564022,1B67187E0C5691CD,classic_bike,2022-03-30 14:48:43,2022-03-30 15:15:09,W 35 St & Dyer Ave,6569,W 35 St & Dyer Ave,6569,40.754691750226016,-73.99740189313889,40.754691750226016,-73.99740189313889,member
1564089,12A012E050E644D7,classic_bike,2022-03-05 19:39:36,2022-03-05 19:50:59,E 31 St & 3 Ave,6239,W 35 St & Dyer Ave,6569,40.74394314,-73.97966069,40.754691750226016,-73.99740189313889,member
1564106,BEF055061D1A53ED,electric_bike,2022-03-28 10:11:10,2022-03-28 10:42:21,W 35 St & Dyer Ave,6569,W 35 St & Dyer Ave,6569,40.754691750226016,-73.99740189313889,40.754691750226016,-73.99740189313889,member
1564107,18E087F78673D3E5,electric_bike,2022-03-28 10:42:55,2022-03-28 11:25:33,W 35 St & Dyer Ave,6569,W 35 St & Dyer Ave,6569,40.754691750226016,-73.99740189313889,40.754691750226016,-73.99740189313889,member
1564124,2FFD3CB67A9F30C6,classic_bike,2022-03-31 09:53:05,2022-03-31 09:54:24,W 35 St & Dyer Ave,6569,W 35 St & Dyer Ave,6569,40.754691750226016,-73.99740189313889,40.754691750226016,-73.99740189313889,casual
1564133,CB8F60A8B8B1CA61,electric_bike,2022-03-27 09:20:08,2022-03-27 09:20:29,W 35 St & Dyer Ave,6569,W 35 St & Dyer Ave,6569,40.754691750226016,-73.99740189313889,40.754691750226016,-73.99740189313889,member
1564138,9CD9AC5ADBA6672F,classic_bike,2022-03-06 14:44:10,2022-03-06 14:44:46,W 35 St & Dyer Ave,6569,W 35 St & Dyer Ave,6569,40.754691750226016,-73.99740189313889,40.754691750226016,-73.99740189313889,member
1564157,0C393C3EB78B22FB,classic_bike,2022-03-02 19:16:42,2022-03-02 19:19:02,W 35 St & Dyer Ave,6569,W 35 St & Dyer Ave,6569,40.754691750226016,-73.99740189313889,40.754691750226016,-73.99740189313889,member
1564160,49FB0A6D07E75BFE,electric_bike,2022-03-27 18:44:42,2022-03-27 18:49:50,W 49 St & 8 Ave,6747,W 35 St & Dyer Ave,6569,40.76227205,-73.98788205,40.754691750226016,-73.99740189313889,member
1564203,A31BEC764285C048,electric_bike,2022-03-10 08:00:43,2022-03-10 08:07:23,W 49 St & 8 Ave,6747,W 35 St & Dyer Ave,6569,40.76227205,-73.98788205,40.754691750226016,-73.99740189313889,member
1564204,F01581E4BF1F648D,classic_bike,2022-03-16 10:43:47,2022-03-16 10:54:00,W 21 St & 6 Ave,6140,W 35 St & Dyer Ave,6569,40.74173969,-73.99415556,40.754691750226016,-73.99740189313889,member
1564205,111343FC6243AEB7,classic_bike,2022-03-07 11:09:01,2022-03-07 11:15:07,W 49 St & 8 Ave,6747,W 35 St & Dyer Ave,6569,40.76227205,-73.98788205,40.754691750226016,-73.99740189313889,member
1564206,81F909934EDAC9F6,classic_bike,2022-03-21 09:11:05,2022-03-21 09:18:02,W 49 St & 8 Ave,6747,W 35 St & Dyer Ave,6569,40.76227205,-73.98788205,40.754691750226016,-73.99740189313889,member
1564207,96F717326C992DE0,classic_bike,2022-03-20 22:39:24,2022-03-20 22:44:18,W 49 St & 8 Ave,6747,W 35 St & Dyer Ave,6569,40.76227205,-73.98788205,40.754691750226016,-73.99740189313889,member
1564216,38C8F082246CEE0C,electric_bike,2022-03-15 19:43:18,2022-03-15 19:51:09,Broadway & E 21 St,6098,W 35 St & Dyer Ave,6569,40.73988840858996,-73.98958593606949,40.754691750226016,-73.99740189313889,member
1564220,4B72ACBBBDAD1FDC,electric_bike,2022-03-28 20:04:36,2022-03-28 20:13:57,Broadway & E 21 St,6098,W 35 St & Dyer Ave,6569,40.73988840858996,-73.98958593606949,40.754691750226016,-73.99740189313889,member
1564250,AFF9FD8C510EE891,electric_bike,2022-03-12 18:59:55,2022-03-12 19:18:04,Leonard St & Church St,5359,W 35 St & Dyer Ave,6569,40.717571,-74.005549,40.754691750226016,-73.99740189313889,member
1564266,B0458EF0ACAF4FDD,classic_bike,2022-03-07 06:47:28,2022-03-07 06:53:02,6 Ave & W 34 St,6364,W 35 St & Dyer Ave,6569,40.74964,-73.98805,40.754691750226016,-73.99740189313889,member
1564268,FBA9AF98C5B0B462,classic_bike,2022-03-31 22:50:54,2022-03-31 22:59:08,6 Ave & W 34 St,6364,W 35 St & Dyer Ave,6569,40.74964,-73.98805,40.754691750226016,-73.99740189313889,casual
1564279,D3E7FBA484735737,classic_bike,2022-03-13 18:44:42,2022-03-13 18:53:52,Broadway & E 21 St,6098,W 35 St & Dyer Ave,6569,40.73988840858996,-73.98958593606949,40.754691750226016,-73.99740189313889,member
1564298,4DE4526265CFB932,electric_bike,2022-03-17 08:11:27,2022-03-17 08:16:37,6 Ave & W 34 St,6364,W 35 St & Dyer Ave,6569,40.74964,-73.98805,40.754691750226016,-73.99740189313889,member
1564342,480D63116F490762,electric_bike,2022-03-03 08:24:08,2022-03-03 08:43:18,W 95 St & Broadway,7541,W 35 St & Dyer Ave,6569,40.7937704,-73.971888,40.754691750226016,-73.99740189313889,member
1564367,9046D5A5A872A5F8,classic_bike,2022-03-31 19:41:02,2022-03-31 19:45:24,W 43 St & 10 Ave,6756,W 35 St & Dyer Ave,6569,40.76009437,-73.99461843,40.754691750226016,-73.99740189313889,member
1564377,792B74007AD3EA03,classic_bike,2022-03-26 05:28:04,2022-03-26 05:43:01,W 43 St & 10 Ave,6756,W 35 St & Dyer Ave,6569,40.76009437,-73.99461843,40.754691750226016,-73.99740189313889,member
1564424,068BA21AC238B225,classic_bike,2022-03-07 17:58:57,2022-03-07 18:22:08,Vesey Pl & River Terrace,5297,W 35 St & Dyer Ave,6569,40.7153379,-74.01658354,40.754691750226016,-73.99740189313889,member
1564505,1C0CD8BC5C55FA83,electric_bike,2022-03-26 00:01:26,2022-03-26 00:01:36,W 35 St & Dyer Ave,6569,W 35 St & Dyer Ave,6569,40.754691750226016,-73.99740189313889,40.754691750226016,-73.99740189313889,casual
1564520,FA3C5F1E994ADD42,classic_bike,2022-03-08 19:01:33,2022-03-08 19:15:01,Broadway & E 21 St,6098,W 35 St & Dyer Ave,6569,40.73988840858996,-73.98958593606949,40.754691750226016,-73.99740189313889,member
1564521,472B66A195CA861A,classic_bike,2022-03-25 19:46:55,2022-03-25 20:01:28,Broadway & E 21 St,6098,W 35 St & Dyer Ave,6569,40.73988840858996,-73.98958593606949,40.754691750226016,-73.99740189313889,member
1564533,9662E2A195AEFED6,electric_bike,2022-03-28 13:31:24,2022-03-28 13:44:59,1 Ave & E 30 St,6079,W 35 St & Dyer Ave,6569,40.74144387,-73.97536082,40.754691750226016,-73.99740189313889,casual
1564536,7AEAAD582DCD29EE,classic_bike,2022-03-17 11:14:18,2022-03-17 11:44:56,W 35 St & Dyer Ave,6569,W 35 St & Dyer Ave,6569,40.754691750226016,-73.99740189313889,40.754691750226016,-73.99740189313889,member
1564537,59EBD46BC02EEAB5,classic_bike,2022-03-31 10:48:09,2022-03-31 10:58:52,W 35 St & Dyer Ave,6569,Broadway & W 51 St,6779,40.754691750226016,-73.99740189313889,40.76228826,-73.98336183,member
1564593,9D34C384EC85055A,classic_bike,2022-03-08 17:27:20,2022-03-08 17:47:29,W 13 St & 5 Ave,5947,W 35 St & Dyer Ave,6569,40.735445,-73.99431,40.754691750226016,-73.99740189313889,member
1564611,7B28BA16C79FF8A8,electric_bike,2022-03-11 08:00:16,2022-03-11 08:19:15,Riverside Dr & W 104 St,7623,W 35 St & Dyer Ave,6569,40.8013434,-73.9711457439,40.754691750226016,-73.99740189313889,member
1564614,DADD2CBF52091824,classic_bike,2022-03-02 17:40:17,2022-03-02 18:02:07,W 13 St & 5 Ave,5947,W 35 St & Dyer Ave,6569,40.735445,-73.99431,40.754691750226016,-73.99740189313889,member
1564622,AB96D4E5AD3E2843,classic_bike,2022-03-16 11:47:23,2022-03-16 12:00:26,1 Ave & E 30 St,6079,W 35 St & Dyer Ave,6569,40.74144387,-73.97536082,40.754691750226016,-73.99740189313889,casual
1564643,21FF66A7D9747A51,electric_bike,2022-03-31 15:01:29,2022-03-31 15:10:51,E 30 St & Park Ave S,6206,W 35 St & Dyer Ave,6569,40.74444921,-73.98303529,40.754691750226016,-73.99740189313889,member
1564649,77278E0840C8C646,classic_bike,2022-03-14 22:13:22,2022-03-14 22:17:41,W 41 St & 8 Ave,6602,W 35 St & Dyer Ave,6569,40.75640548,-73.9900262,40.754691750226016,-73.99740189313889,member
1564652,0F31B842EE806196,classic_bike,2022-03-23 07:44:26,2022-03-23 07:49:37,W 54 St & 9 Ave,6920,W 35 St & Dyer Ave,6569,40.76584941,-73.98690506,40.754691750226016,-73.99740189313889,member
1564660,5120B62C500CFE91,classic_bike,2022-03-28 22:13:37,2022-03-28 22:17:55,W 41 St & 8 Ave,6602,W 35 St & Dyer Ave,6569,40.75640548,-73.9900262,40.754691750226016,-73.99740189313889,member
1564661,A261453D7F45CEB7,classic_bike,2022-03-10 22:16:52,2022-03-10 22:21:19,W 41 St & 8 Ave,6602,W 35 St & Dyer Ave,6569,40.75640548,-73.9900262,40.754691750226016,-73.99740189313889,member
1564663,1B44834570300444,classic_bike,2022-03-10 16:36:16,2022-03-10 16:48:21,Broadway & W 53 St,6779,W 35 St & Dyer Ave,6569,40.76344058,-73.98268129,40.754691750226016,-73.99740189313889,member
1564675,0B85D56038B14389,electric_bike,2022-03-14 09:54:25,2022-03-14 10:08:57,6 Ave & Canal St,5500,W 35 St & Dyer Ave,6569,40.72243797,-74.00566443,40.754691750226016,-73.99740189313889,member
1564680,64EAF98CD963FDD7,classic_bike,2022-03-12 00:50:59,2022-03-12 01:00:42,W 54 St & 9 Ave,6920,W 35 St & Dyer Ave,6569,40.76584941,-73.98690506,40.754691750226016,-73.99740189313889,member
1564681,B0BA2358B9951ACC,electric_bike,2022-03-10 15:05:53,2022-03-10 15:16:28,E 30 St & Park Ave S,6206,W 35 St & Dyer Ave,6569,40.74444921,-73.98303529,40.754691750226016,-73.99740189313889,member
1564713,EA3BA9CF91E354A9,classic_bike,2022-03-30 14:42:26,2022-03-30 14:56:11,W 54 St & 9 Ave,6920,W 35 St & Dyer Ave,6569,40.76584941,-73.98690506,40.754691750226016,-73.99740189313889,member
1564715,2DA44CEC3CDB9CE0,electric_bike,2022-03-08 13:49:01,2022-03-08 13:55:16,W 54 St & 9 Ave,6920,W 35 St & Dyer Ave,6569,40.76584941,-73.98690506,40.754691750226016,-73.99740189313889,member
1564728,62CF69BC06FA81A8,electric_bike,2022-03-27 09:39:04,2022-03-27 09:45:18,W 54 St & 9 Ave,6920,W 35 St & Dyer Ave,6569,40.76584941,-73.98690506,40.754691750226016,-73.99740189313889,member
1564757,6672E92B59E9A097,electric_bike,2022-03-14 15:39:20,2022-03-14 16:15:42,Clinton St & Cherry St,5190,W 35 St & Dyer Ave,6569,40.711471394469264,-73.98672603070736,40.754691750226016,-73.99740189313889,member
1564763,CBD10F9AE55D48EC,electric_bike,2022-03-21 18:13:20,2022-03-21 18:15:05,W 35 St & Dyer Ave,6569,W 35 St & Dyer Ave,6569,40.754691750226016,-73.99740189313889,40.754691750226016,-73.99740189313889,member
1564771,CCC4FE180E66F0CB,electric_bike,2022-03-06 23:33:10,2022-03-06 23:41:13,W 35 St & Dyer Ave,6569,W 35 St & Dyer Ave,6569,40.754691750226016,-73.99740189313889,40.754691750226016,-73.99740189313889,member
1564779,C7C355692F11E1B9,classic_bike,2022-03-05 10:31:32,2022-03-05 10:37:13,W 35 St & Dyer Ave,6569,W 35 St & Dyer Ave,6569,40.754691750226016,-73.99740189313889,40.754691750226016,-73.99740189313889,casual
1564828,0F93658A8C684B7D,classic_bike,2022-03-26 20:56:26,2022-03-26 21:05:28,10 Ave & W 14 St,6157,W 35 St & Dyer Ave,6569,40.74198159994023,-74.00831580162048,40.754691750226016,-73.99740189313889,member
1564852,8CD933AAD97B1B69,classic_bike,2022-03-29 12:48:31,2022-03-29 12:51:06,8 Ave & W 33 St,6450,W 35 St & Dyer Ave,6569,40.751551,-73.993934,40.754691750226016,-73.99740189313889,member
1564868,26B311E07FA7E61C,classic_bike,2022-03-09 23:51:23,2022-03-10 00:03:40,8 Ave & W 33 St,6450,W 35 St & Dyer Ave,6569,40.751551,-73.993934,40.754691750226016,-73.99740189313889,member
1564871,06061BB4FA563188,electric_bike,2022-03-01 15:16:26,2022-03-01 15:26:40,Barrow St & Hudson St,5805,W 35 St & Dyer Ave,6569,40.73172428,-74.00674436,40.754691750226016,-73.99740189313889,member
1564878,51BF2E7C1DF7186C,electric_bike,2022-03-02 09:08:45,2022-03-02 14:02:08,W 35 St & Dyer Ave,6569,W 35 St & Dyer Ave,6569,40.754691750226016,-73.99740189313889,40.754691750226016,-73.99740189313889,member
1564890,477FA48006706313,electric_bike,2022-03-31 16:03:49,2022-03-31 16:07:24,8 Ave & W 33 St,6450,W 35 St & Dyer Ave,6569,40.751551,-73.993934,40.754691750226016,-73.99740189313889,member
1564897,B0AA04A6429B6144,electric_bike,2022-03-08 11:47:21,2022-03-08 11:57:59,1 Ave & E 30 St,6079,W 35 St & Dyer Ave,6569,40.74144387,-73.97536082,40.754691750226016,-73.99740189313889,casual
1564904,8981428855B6BFDA,electric_bike,2022-03-04 10:59:01,2022-03-04 11:01:21,8 Ave & W 33 St,6450,W 35 St & Dyer Ave,6569,40.751551,-73.993934,40.754691750226016,-73.99740189313889,member
1564926,138A904B0F68EB9A,classic_bike,2022-03-03 16:35:26,2022-03-03 16:36:00,W 35 St & Dyer Ave,6569,W 35 St & Dyer Ave,6569,40.754691750226016,-73.99740189313889,40.754691750226016,-73.99740189313889,member
1564959,A2F6661AF7B21231,electric_bike,2022-03-14 18:13:52,2022-03-14 18:16:45,8 Ave & W 33 St,6450,W 35 St & Dyer Ave,6569,40.751551,-73.993934,40.754691750226016,-73.99740189313889,casual
1564964,A04287D46AE7C9D4,classic_bike,2022-03-19 18:57:06,2022-03-19 19:02:15,8 Ave & W 33 St,6450,W 35 St & Dyer Ave,6569,40.751551,-73.993934,40.754691750226016,-73.99740189313889,member
1564971,5B17710E8DA2C821,electric_bike,2022-03-12 18:59:26,2022-03-12 19:02:50,8 Ave & W 33 St,6450,W 35 St & Dyer Ave,6569,40.751551,-73.993934,40.754691750226016,-73.99740189313889,member
1564973,E84543426451662D,classic_bike,2022-03-28 17:14:44,2022-03-28 17:34:26,Thompson St & Bleecker St,5721,W 35 St & Dyer Ave,6569,40.72840059450829,-73.99968780577183,40.754691750226016,-73.99740189313889,member
1564974,898FCD23599D41EA,electric_bike,2022-03-31 20:32:12,2022-03-31 20:34:36,8 Ave & W 33 St,6450,W 35 St & Dyer Ave,6569,40.751551,-73.993934,40.754691750226016,-73.99740189313889,member
1564977,E6B6E264C676F315,classic_bike,2022-03-03 17:01:37,2022-03-03 17:04:59,8 Ave & W 33 St,6450,W 35 St & Dyer Ave,6569,40.751551,-73.993934,40.754691750226016,-73.99740189313889,member
1564986,0D3DFAAC4EEEE8CF,classic_bike,2022-03-15 18:23:32,2022-03-15 18:26:40,8 Ave & W 33 St,6450,W 35 St & Dyer Ave,6569,40.751551,-73.993934,40.754691750226016,-73.99740189313889,casual
1564989,97F5134A0102A8DB,classic_bike,2022-03-07 15:29:43,2022-03-07 15:32:27,8 Ave & W 33 St,6450,W 35 St & Dyer Ave,6569,40.751551,-73.993934,40.754691750226016,-73.99740189313889,member
1565003,5FE66D481549DAE7,electric_bike,2022-03-28 10:58:36,2022-03-28 11:37:54,W 35 St & Dyer Ave,6569,W 35 St & Dyer Ave,6569,40.754691750226016,-73.99740189313889,40.754691750226016,-73.99740189313889,member
1565004,6E4DDF90AE93D2D0,electric_bike,2022-03-28 17:06:23,2022-03-28 17:21:21,W 35 St & Dyer Ave,6569,W 35 St & Dyer Ave,6569,40.754691750226016,-73.99740189313889,40.754691750226016,-73.99740189313889,member
1565009,65623F918E76E53D,classic_bike,2022-03-31 11:27:50,2022-03-31 11:31:37,8 Ave & W 33 St,6450,W 35 St & Dyer Ave,6569,40.751551,-73.993934,40.754691750226016,-73.99740189313889,member
1565011,A6FBD17F913EEC2C,electric_bike,2022-03-10 08:52:42,2022-03-10 08:53:01,W 35 St & Dyer Ave,6569,W 35 St & Dyer Ave,6569,40.754691750226016,-73.99740189313889,40.754691750226016,-73.99740189313889,member
1565030,6EDFCB2AABBD548F,classic_bike,2022-03-01 17:41:32,2022-03-01 17:44:54,8 Ave & W 33 St,6450,W 35 St & Dyer Ave,6569,40.751551,-73.993934,40.754691750226016,-73.99740189313889,member
1565031,F7218FDA9B9AFD50,classic_bike,2022-03-01 17:58:34,2022-03-01 18:02:05,8 Ave & W 33 St,6450,W 35 St & Dyer Ave,6569,40.751551,-73.993934,40.754691750226016,-73.99740189313889,member
1565032,56DE9E10AC65E3AE,classic_bike,2022-03-01 17:51:28,2022-03-01 17:53:48,8 Ave & W 33 St,6450,W 35 St & Dyer Ave,6569,40.751551,-73.993934,40.754691750226016,-73.99740189313889,member
1565033,EAF16408DD13EC6F,classic_bike,2022-03-01 17:33:19,2022-03-01 17:35:47,8 Ave & W 33 St,6450,W 35 St & Dyer Ave,6569,40.751551,-73.993934,40.754691750226016,-73.99740189313889,member
1565040,15BF25443B604BE1,classic_bike,2022-03-02 17:53:45,2022-03-02 17:56:18,8 Ave & W 33 St,6450,W 35 St & Dyer Ave,6569,40.751551,-73.993934,40.754691750226016,-73.99740189313889,member
1565056,CB56D2660248FAC6,electric_bike,2022-03-27 17:34:49,2022-03-27 17:42:23,W 35 St & Dyer Ave,6569,W 35 St & Dyer Ave,6569,40.754691750226016,-73.99740189313889,40.754691750226016,-73.99740189313889,member
1565082,140073F08861DAAD,electric_bike,2022-03-22 08:53:09,2022-03-22 08:58:35,Broadway & W 36 St,6441,W 35 St & Dyer Ave,6569,40.75097711,-73.98765428,40.754691750226016,-73.99740189313889,member
1565083,A757F541F48C86B5,electric_bike,2022-03-20 05:48:18,2022-03-20 05:52:03,Broadway & W 36 St,6441,W 35 St & Dyer Ave,6569,40.75097711,-73.98765428,40.754691750226016,-73.99740189313889,member
1565084,D40B16D527310343,classic_bike,2022-03-30 02:02:15,2022-03-30 02:06:58,Broadway & W 36 St,6441,W 35 St & Dyer Ave,6569,40.75097711,-73.98765428,40.754691750226016,-73.99740189313889,member
1565086,9CB416D490B7529E,electric_bike,2022-03-12 04:10:39,2022-03-12 04:14:48,Broadway & W 36 St,6441,W 35 St & Dyer Ave,6569,40.75097711,-73.98765428,40.754691750226016,-73.99740189313889,member
1565096,CF9E77D1011044E7,classic_bike,2022-03-12 20:01:37,2022-03-12 20:08:03,Broadway & W 36 St,6441,W 35 St & Dyer Ave,6569,40.75097711,-73.98765428,40.754691750226016,-73.99740189313889,member
1565104,F19D47B81D255AFC,electric_bike,2022-03-08 17:11:37,2022-03-08 17:11:48,W 35 St & Dyer Ave,6569,W 35 St & Dyer Ave,6569,40.754691750226016,-73.99740189313889,40.754691750226016,-73.99740189313889,member
1565125,D8057D052B057DDF,classic_bike,2022-03-11 08:50:58,2022-03-11 08:58:20,W 54 St & 9 Ave,6920,W 35 St & Dyer Ave,6569,40.76584941,-73.98690506,40.754691750226016,-73.99740189313889,member
1565126,35B228CDB7422CCA,classic_bike,2022-03-23 08:30:10,2022-03-23 08:36:32,W 54 St & 9 Ave,6920,W 35 St & Dyer Ave,6569,40.76584941,-73.98690506,40.754691750226016,-73.99740189313889,member
1565178,FDA7B0E1FF9FD9B4,classic_bike,2022-03-23 13:00:01,2022-03-23 13:05:19,Broadway & W 36 St,6441,W 35 St & Dyer Ave,6569,40.75097711,-73.98765428,40.754691750226016,-73.99740189313889,member
1565184,1D58A79E6B95AD0D,classic_bike,2022-03-09 19:56:42,2022-03-09 20:03:33,Broadway & W 36 St,6441,W 35 St & Dyer Ave,6569,40.75097711,-73.98765428,40.754691750226016,-73.99740189313889,member
1565191,1116191C9CCB79F2,classic_bike,2022-03-30 19:12:55,2022-03-30 19:21:09,W 50 St & 9 Ave,6854,W 35 St & Dyer Ave,6569,40.76360467795863,-73.98917958140373,40.754691750226016,-73.99740189313889,member
1565193,F6980838515B59DB,classic_bike,2022-03-05 19:17:18,2022-03-05 19:24:24,W 50 St & 9 Ave,6854,W 35 St & Dyer Ave,6569,40.76360467795863,-73.98917958140373,40.754691750226016,-73.99740189313889,casual
1565194,FA86EF7BC48B2D68,classic_bike,2022-03-29 01:52:57,2022-03-29 01:58:26,W 41 St & 8 Ave,6602,W 35 St & Dyer Ave,6569,40.75640548,-73.9900262,40.754691750226016,-73.99740189313889,member
1565197,35C31AE64280F211,classic_bike,2022-03-26 17:46:10,2022-03-26 17:56:24,W 41 St & 8 Ave,6602,W 35 St & Dyer Ave,6569,40.75640548,-73.9900262,40.754691750226016,-73.99740189313889,casual
1565200,C19F46B1672210ED,classic_bike,2022-03-26 23:10:17,2022-03-26 23:17:07,W 50 St & 9 Ave,6854,W 35 St & Dyer Ave,6569,40.76360467795863,-73.98917958140373,40.754691750226016,-73.99740189313889,member
1565203,77639C37D5D1CD70,electric_bike,2022-03-23 09:48:44,2022-03-23 09:52:50,Broadway & W 36 St,6441,W 35 St & Dyer Ave,6569,40.75097711,-73.98765428,40.754691750226016,-73.99740189313889,member
1565226,0F4C23CFC69793DB,electric_bike,2022-03-29 07:59:50,2022-03-29 08:22:22,W 100 St & Manhattan Ave,7538,W 35 St & Dyer Ave,6569,40.795,-73.9645,40.754691750226016,-73.99740189313889,member
1565238,E29168182407903B,classic_bike,2022-03-02 22:22:55,2022-03-02 22:27:07,W 41 St & 8 Ave,6602,W 35 St & Dyer Ave,6569,40.75640548,-73.9900262,40.754691750226016,-73.99740189313889,member
1565239,A34B1ACF62DBC7D9,classic_bike,2022-03-21 22:12:53,2022-03-21 22:16:36,W 41 St & 8 Ave,6602,W 35 St & Dyer Ave,6569,40.75640548,-73.9900262,40.754691750226016,-73.99740189313889,member
1565338,98A285D1BC7E761A,classic_bike,2022-03-15 13:27:02,2022-03-15 13:40:25,W 35 St & Dyer Ave,6569,W 35 St & Dyer Ave,6569,40.754691750226016,-73.99740189313889,40.754691750226016,-73.99740189313889,casual
1565346,F97E630A6A692527,classic_bike,2022-03-02 19:44:13,2022-03-02 19:45:58,W 34 St &\tHudson Blvd E,6535,W 35 St & Dyer Ave,6569,40.75516719072139,-74.00059908628464,40.754691750226016,-73.99740189313889,member
1565365,BE2BF0FF2BC6C736,classic_bike,2022-03-24 18:55:21,2022-03-24 18:57:53,W 34 St &\tHudson Blvd E,6535,W 35 St & Dyer Ave,6569,40.75516719072139,-74.00059908628464,40.754691750226016,-73.99740189313889,member
1565375,9AF918772ED95946,classic_bike,2022-03-27 13:12:13,2022-03-27 13:15:24,W 34 St &\tHudson Blvd E,6535,W 35 St & Dyer Ave,6569,40.75516719072139,-74.00059908628464,40.754691750226016,-73.99740189313889,member
1565376,79645D2886E2EC6E,classic_bike,2022-03-27 13:04:04,2022-03-27 13:08:21,W 34 St &\tHudson Blvd E,6535,W 35 St & Dyer Ave,6569,40.75516719072139,-74.00059908628464,40.754691750226016,-73.99740189313889,member
1565378,72A903E60C14044A,classic_bike,2022-03-05 17:41:43,2022-03-05 17:43:15,W 34 St &\tHudson Blvd E,6535,W 35 St & Dyer Ave,6569,40.75516719072139,-74.00059908628464,40.754691750226016,-73.99740189313889,member
1565386,52A574CAB5B02411,classic_bike,2022-03-26 23:50:34,2022-03-26 23:53:39,W 34 St &\tHudson Blvd E,6535,W 35 St & Dyer Ave,6569,40.75516719072139,-74.00059908628464,40.754691750226016,-73.99740189313889,member
1565387,579A4609259F93BB,classic_bike,2022-03-26 23:57:44,2022-03-27 00:00:54,W 34 St &\tHudson Blvd E,6535,W 35 St & Dyer Ave,6569,40.75516719072139,-74.00059908628464,40.754691750226016,-73.99740189313889,member
1565388,65756B328791C570,classic_bike,2022-03-05 12:54:23,2022-03-05 12:56:15,W 34 St &\tHudson Blvd E,6535,W 35 St & Dyer Ave,6569,40.75516719072139,-74.00059908628464,40.754691750226016,-73.99740189313889,member
1565389,C302DD7812B1FBE4,classic_bike,2022-03-22 10:44:52,2022-03-22 11:20:57,W 34 St &\tHudson Blvd E,6535,W 35 St & Dyer Ave,6569,40.75516719072139,-74.00059908628464,40.754691750226016,-73.99740189313889,member
1565390,9D25F3DF0EE3807C,electric_bike,2022-03-22 20:01:53,2022-03-22 20:04:34,8 Ave & W 33 St,6450,W 35 St & Dyer Ave,6569,40.751551,-73.993934,40.754691750226016,-73.99740189313889,member
1565404,41829CBBDAD21645,classic_bike,2022-03-16 22:18:15,2022-03-16 22:23:37,W 41 St & 8 Ave,6602,W 35 St & Dyer Ave,6569,40.75640548,-73.9900262,40.754691750226016,-73.99740189313889,member
1565405,0E10E7872EEB16E3,classic_bike,2022-03-23 22:16:48,2022-03-23 22:21:42,W 41 St & 8 Ave,6602,W 35 St & Dyer Ave,6569,40.75640548,-73.9900262,40.754691750226016,-73.99740189313889,member
1565407,25AF13BDD36B964B,electric_bike,2022-03-28 12:08:45,2022-03-28 12:10:16,W 34 St &\tHudson Blvd E,6535,W 35 St & Dyer Ave,6569,40.75516719072139,-74.00059908628464,40.754691750226016,-73.99740189313889,member
1565426,BEA19B0EC4693919,classic_bike,2022-03-22 16:06:04,2022-03-22 16:08:34,W 34 St &\tHudson Blvd E,6535,W 35 St & Dyer Ave,6569,40.75516719072139,-74.00059908628464,40.754691750226016,-73.99740189313889,member
1565434,912B5E3B2C4618D4,classic_bike,2022-03-19 04:08:49,2022-03-19 04:15:44,Broadway & W 36 St,6441,W 35 St & Dyer Ave,6569,40.75097711,-73.98765428,40.754691750226016,-73.99740189313889,member
1565467,CC4E3BF1C9D4D5A6,classic_bike,2022-03-22 14:24:06,2022-03-22 14:27:56,W 34 St &\tHudson Blvd E,6535,W 35 St & Dyer Ave,6569,40.75516719072139,-74.00059908628464,40.754691750226016,-73.99740189313889,member
1565475,9F87894B0A78E69C,classic_bike,2022-03-05 17:35:53,2022-03-05 17:38:14,8 Ave & W 33 St,6450,W 35 St & Dyer Ave,6569,40.751551,-73.993934,40.754691750226016,-73.99740189313889,member
1565491,B9AB54EE84D75A0C,electric_bike,2022-03-23 20:05:36,2022-03-23 20:08:06,8 Ave & W 31 St,6450,W 35 St & Dyer Ave,6569,40.7505853470215,-73.9946848154068,40.754691750226016,-73.99740189313889,member
1565505,CC02D656C70115C5,classic_bike,2022-03-23 08:52:08,2022-03-23 08:57:37,Broadway & W 36 St,6441,W 35 St & Dyer Ave,6569,40.75097711,-73.98765428,40.754691750226016,-73.99740189313889,member
1565509,69DE2B66C93EDBFB,electric_bike,2022-03-21 07:05:51,2022-03-21 07:12:12,E 41 St & Madison Ave (SW corner),6474,W 35 St & Dyer Ave,6569,40.752165280621966,-73.97992193698882,40.754691750226016,-73.99740189313889,member
1565520,F636A28EB1FFCC58,classic_bike,2022-03-25 07:52:21,2022-03-25 07:56:18,8 Ave & W 31 St,6450,W 35 St & Dyer Ave,6569,40.7505853470215,-73.9946848154068,40.754691750226016,-73.99740189313889,member
1565523,3BBE6469097223A8,classic_bike,2022-03-09 06:30:46,2022-03-09 06:37:26,E 41 St & Madison Ave (SW corner),6474,W 35 St & Dyer Ave,6569,40.752165280621966,-73.97992193698882,40.754691750226016,-73.99740189313889,member
1565549,942346B666606DA6,classic_bike,2022-03-20 06:27:23,2022-03-20 06:34:13,E 41 St & Madison Ave (SW corner),6474,W 35 St & Dyer Ave,6569,40.752165280621966,-73.97992193698882,40.754691750226016,-73.99740189313889,member
1565564,E29840FE28DE2BE9,electric_bike,2022-03-22 21:00:21,2022-03-22 21:02:54,8 Ave & W 31 St,6450,W 35 St & Dyer Ave,6569,40.7505853470215,-73.9946848154068,40.754691750226016,-73.99740189313889,member
1565567,2D2B892D718759FB,electric_bike,2022-03-09 21:45:01,2022-03-09 21:55:37,W 17 St & 8 Ave,6148,W 35 St & Dyer Ave,6569,40.74177603,-74.00149746,40.754691750226016,-73.99740189313889,casual
1565574,3BE8B192FCA86E57,classic_bike,2022-03-17 21:03:59,2022-03-17 21:07:55,8 Ave & W 31 St,6450,W 35 St & Dyer Ave,6569,40.7505853470215,-73.9946848154068,40.754691750226016,-73.99740189313889,member
1565576,FC46B629895CA8DB,electric_bike,2022-03-11 03:29:47,2022-03-11 03:32:27,8 Ave & W 31 St,6450,W 35 St & Dyer Ave,6569,40.7505853470215,-73.9946848154068,40.754691750226016,-73.99740189313889,member
1565607,E9206AA39B7E4733,electric_bike,2022-03-22 08:17:18,2022-03-22 08:17:31,W 35 St & Dyer Ave,6569,W 35 St & Dyer Ave,6569,40.754691750226016,-73.99740189313889,40.754691750226016,-73.99740189313889,member
1565744,C3BAE9EBA522A191,classic_bike,2022-03-25 07:31:35,2022-03-25 07:33:35,W 37 St & 10 Ave,6611,W 35 St & Dyer Ave,6569,40.75660359,-73.9979009,40.754691750226016,-73.99740189313889,member
1565746,696A909F69048EF1,classic_bike,2022-03-01 18:26:10,2022-03-01 18:27:42,W 37 St & 10 Ave,6611,W 35 St & Dyer Ave,6569,40.75660359,-73.9979009,40.754691750226016,-73.99740189313889,member
1565786,791B947BB37FE9F7,classic_bike,2022-03-20 10:48:50,2022-03-20 11:00:28,W 20 St & 7 Ave,6182,W 35 St & Dyer Ave,6569,40.74238787,-73.99726235,40.754691750226016,-73.99740189313889,member
1565791,6C0DE46386EAAA1E,classic_bike,2022-03-29 14:59:55,2022-03-29 15:10:49,W 20 St & 7 Ave,6182,W 35 St & Dyer Ave,6569,40.74238787,-73.99726235,40.754691750226016,-73.99740189313889,casual
1565794,0CC1B01B782E5044,classic_bike,2022-03-31 17:28:12,2022-03-31 17:31:31,8 Ave & W 33 St,6450,W 35 St & Dyer Ave,6569,40.751551,-73.993934,40.754691750226016,-73.99740189313889,member
1565796,22CAC287F8347C48,electric_bike,2022-03-11 09:08:13,2022-03-11 09:10:11,8 Ave & W 33 St,6450,W 35 St & Dyer Ave,6569,40.751551,-73.993934,40.754691750226016,-73.99740189313889,member
1565797,4A50AC9D129FF78D,electric_bike,2022-03-09 22:43:24,2022-03-09 22:47:01,8 Ave & W 33 St,6450,W 35 St & Dyer Ave,6569,40.751551,-73.993934,40.754691750226016,-73.99740189313889,member
1565798,6A15374BA61295CD,electric_bike,2022-03-27 01:56:27,2022-03-27 01:59:51,8 Ave & W 33 St,6450,W 35 St & Dyer Ave,6569,40.751551,-73.993934,40.754691750226016,-73.99740189313889,casual
1565818,7263E32E4FC80C74,electric_bike,2022-03-22 16:09:41,2022-03-22 16:20:44,E 59 St & Madison Ave,6801,W 35 St & Dyer Ave,6569,40.76350532,-73.97109243,40.754691750226016,-73.99740189313889,member
1565830,7F225215DD3695C6,electric_bike,2022-03-07 17:15:47,2022-03-07 17:28:04,E 59 St & Madison Ave,6801,W 35 St & Dyer Ave,6569,40.76350532,-73.97109243,40.754691750226016,-73.99740189313889,member
1565881,B7737D8A5C9567C1,electric_bike,2022-03-24 11:22:17,2022-03-24 11:28:33,W 54 St & 9 Ave,6920,W 35 St & Dyer Ave,6569,40.76584941,-73.98690506,40.754691750226016,-73.99740189313889,member
1565887,D300C18D1D78935D,classic_bike,2022-03-18 18:25:11,2022-03-18 18:34:07,12 Ave & W 40 St,6765,W 35 St & Dyer Ave,6569,40.76087502,-74.00277668,40.754691750226016,-73.99740189313889,member
1565905,5F687739776031B0,electric_bike,2022-03-17 21:46:17,2022-03-17 21:53:54,8 Ave & W 31 St,6450,W 35 St & Dyer Ave,6569,40.7505853470215,-73.9946848154068,40.754691750226016,-73.99740189313889,member
1565989,F40FF6394D72A125,classic_bike,2022-03-08 09:21:33,2022-03-08 09:29:23,Broadway & W 41 St,6560,W 35 St & Dyer Ave,6569,40.75513557,-73.98658032,40.754691750226016,-73.99740189313889,member
1566002,7D5F6834E377A51E,electric_bike,2022-03-08 18:01:00,2022-03-08 18:13:18,E 68 St & Madison Ave,6932,W 35 St & Dyer Ave,6569,40.7691572,-73.96703464,40.754691750226016,-73.99740189313889,member
1566027,10FE41C4B784B1C1,classic_bike,2022-03-15 11:42:31,2022-03-15 11:57:05,1 Ave & E 30 St,6079,W 35 St & Dyer Ave,6569,40.74144387,-73.97536082,40.754691750226016,-73.99740189313889,casual
1566034,0AF227CFA9F137C7,electric_bike,2022-03-20 03:41:39,2022-03-20 03:45:16,W 42 St & 8 Ave,6602,W 35 St & Dyer Ave,6569,40.7575699,-73.99098507,40.754691750226016,-73.99740189313889,member
1566042,AB09608266E6E704,classic_bike,2022-03-25 19:34:21,2022-03-25 19:52:54,W 13 St & 5 Ave,5947,W 35 St & Dyer Ave,6569,40.735445,-73.99431,40.754691750226016,-73.99740189313889,member
1566044,9C07D1C46FB2C5FC,classic_bike,2022-03-07 17:44:35,2022-03-07 18:03:08,Broadway & E 14 St,5905,W 35 St & Dyer Ave,6569,40.73454567,-73.99074142,40.754691750226016,-73.99740189313889,member
1566081,1057242514270FF4,electric_bike,2022-03-17 14:38:49,2022-03-17 15:03:28,E 72 St & York Ave,6889,W 35 St & Dyer Ave,6569,40.76663814,-73.95348296,40.754691750226016,-73.99740189313889,member
1566089,DB195820F1A2CB19,classic_bike,2022-03-11 11:50:37,2022-03-11 11:56:29,11 Ave & W 27 St,6425,W 35 St & Dyer Ave,6569,40.751396,-74.005226,40.754691750226016,-73.99740189313889,member
1566096,6DB87824A213545F,electric_bike,2022-03-21 17:13:38,2022-03-21 17:17:45,8 Ave & W 27 St,6297,W 35 St & Dyer Ave,6569,40.747968,-73.996637,40.754691750226016,-73.99740189313889,member
1566099,7C45F8EBC91BCDCF,electric_bike,2022-03-22 08:50:49,2022-03-22 08:54:33,8 Ave & W 27 St,6297,W 35 St & Dyer Ave,6569,40.747968,-73.996637,40.754691750226016,-73.99740189313889,member
1566109,ABCC01B740E93C08,classic_bike,2022-03-21 18:06:10,2022-03-21 18:25:36,E 58 St & 1 Ave (NW Corner),6723,W 35 St & Dyer Ave,6569,40.759125,-73.962658,40.754691750226016,-73.99740189313889,member
1566120,866F62776BBF476E,classic_bike,2022-03-19 20:10:28,2022-03-19 20:18:25,8 Ave & W 27 St,6297,W 35 St & Dyer Ave,6569,40.747968,-73.996637,40.754691750226016,-73.99740189313889,casual
1566153,7F2A63F51411820F,electric_bike,2022-03-23 18:16:41,2022-03-23 18:44:16,W 113 St & Broadway,7713,W 35 St & Dyer Ave,6569,40.805973,-73.964928,40.754691750226016,-73.99740189313889,member
1566181,86574A41AB747284,electric_bike,2022-03-14 08:25:35,2022-03-14 08:36:12,Lexington Ave & E 24 St,6089,W 35 St & Dyer Ave,6569,40.74025878,-73.98409214,40.754691750226016,-73.99740189313889,member
1566199,FEB95A17AB760AC2,classic_bike,2022-03-03 20:54:05,2022-03-03 21:09:44,Lexington Ave & E 24 St,6089,W 35 St & Dyer Ave,6569,40.74025878,-73.98409214,40.754691750226016,-73.99740189313889,member
1566226,65DC6BA5CB23B92C,classic_bike,2022-03-06 11:40:46,2022-03-06 11:51:14,W 44 St & 5 Ave,6551,W 35 St & Dyer Ave,6569,40.75500254,-73.98014437,40.754691750226016,-73.99740189313889,member
1566295,D609CD44AF4E21F1,electric_bike,2022-03-04 08:18:26,2022-03-04 08:30:21,W 55 St & 6 Ave,6809,W 35 St & Dyer Ave,6569,40.763189,-73.978434,40.754691750226016,-73.99740189313889,member
1566317,413B30FB7E1CD8A0,classic_bike,2022-03-15 18:11:48,2022-03-15 18:25:20,W 55 St & 6 Ave,6809,W 35 St & Dyer Ave,6569,40.763189,-73.978434,40.754691750226016,-73.99740189313889,member
1566351,756D4E1EEB33C972,classic_bike,2022-03-23 08:43:43,2022-03-23 08:54:41,W 55 St & 6 Ave,6809,W 35 St & Dyer Ave,6569,40.763189,-73.978434,40.754691750226016,-73.99740189313889,member
1566364,1CF4CD958083A4B2,classic_bike,2022-03-02 12:12:40,2022-03-02 12:50:22,E 89 St & York Ave,7204,W 35 St & Dyer Ave,6569,40.7779453,-73.946041,40.754691750226016,-73.99740189313889,member
1566400,95002F56BA559BAB,electric_bike,2022-03-26 15:04:09,2022-03-26 15:24:53,Allen St & Stanton St,5484,W 35 St & Dyer Ave,6569,40.722055,-73.989111,40.754691750226016,-73.99740189313889,member
1566440,410C023A94820F64,classic_bike,2022-03-04 17:34:35,2022-03-04 17:41:48,W 44 St & 11 Ave,6756,W 35 St & Dyer Ave,6569,40.762009,-73.996975,40.754691750226016,-73.99740189313889,member
1566453,3F22F8AC12663D00,electric_bike,2022-03-19 05:38:22,2022-03-19 05:55:44,W 44 St & 11 Ave,6756,W 35 St & Dyer Ave,6569,40.762009,-73.996975,40.754691750226016,-73.99740189313889,casual
1566474,51D77C1482CEFC91,electric_bike,2022-03-24 17:51:09,2022-03-24 17:57:30,W 42 St & 6 Ave,6517,W 35 St & Dyer Ave,6569,40.75492,-73.98455,40.754691750226016,-73.99740189313889,member
1566498,6289DA07961387AC,electric_bike,2022-03-07 10:24:43,2022-03-07 10:39:33,Franklin St & W Broadway,5430,W 35 St & Dyer Ave,6569,40.71911552,-74.00666661,40.754691750226016,-73.99740189313889,member
1566515,F784F8982BCC9DC1,electric_bike,2022-03-10 08:28:42,2022-03-10 08:39:27,Broadway & W 56 St,6847,W 35 St & Dyer Ave,6569,40.7652654,-73.98192338,40.754691750226016,-73.99740189313889,member
1566518,DB5522D2F05BB32B,electric_bike,2022-03-30 08:50:10,2022-03-30 08:56:20,8 Ave & W 52 St,6816,W 35 St & Dyer Ave,6569,40.76370739,-73.9851615,40.754691750226016,-73.99740189313889,member
1566552,0F391E2A0E31B5C9,classic_bike,2022-03-06 10:49:42,2022-03-06 11:00:10,W 20 St & 7 Ave,6182,W 35 St & Dyer Ave,6569,40.74238787,-73.99726235,40.754691750226016,-73.99740189313889,member
1566664,CD8DB880284A44DB,electric_bike,2022-03-28 11:24:58,2022-03-28 11:56:22,6 Ave & W 45 St,6593,W 35 St & Dyer Ave,6569,40.756951,-73.982631,40.754691750226016,-73.99740189313889,casual
1566667,1A18F874E2EF6FB0,electric_bike,2022-03-22 14:29:31,2022-03-22 14:50:35,E 48 St & 3 Ave,6541,W 35 St & Dyer Ave,6569,40.7546011026,-73.971878855,40.754691750226016,-73.99740189313889,casual
1566683,7C8A8EEB90FE5452,classic_bike,2022-03-11 06:32:13,2022-03-11 06:35:13,W 39 St & 9 Ave,6644,W 35 St & Dyer Ave,6569,40.75645824,-73.99372222,40.754691750226016,-73.99740189313889,casual
1566701,F70E3ED82A306030,electric_bike,2022-03-30 08:06:31,2022-03-30 08:38:27,Clinton Ave & Myrtle Ave,4651,W 35 St & Dyer Ave,6569,40.693261,-73.968896,40.754691750226016,-73.99740189313889,member
1566709,0F117FF587E28B4C,classic_bike,2022-03-16 05:55:34,2022-03-16 05:58:23,W 39 St & 9 Ave,6644,W 35 St & Dyer Ave,6569,40.75645824,-73.99372222,40.754691750226016,-73.99740189313889,member
1566746,893FE682F3E8E7EA,electric_bike,2022-03-31 11:58:32,2022-03-31 12:06:22,6 Ave & W 45 St,6593,W 35 St & Dyer Ave,6569,40.756951,-73.982631,40.754691750226016,-73.99740189313889,member
1566747,B1412F73C3B238DA,classic_bike,2022-03-04 21:58:44,2022-03-04 22:03:30,W 39 St & 9 Ave,6644,W 35 St & Dyer Ave,6569,40.75645824,-73.99372222,40.754691750226016,-73.99740189313889,member
1566764,8E3C455D36A0A341,electric_bike,2022-03-12 00:57:27,2022-03-12 01:07:16,E 48 St & 3 Ave,6541,W 35 St & Dyer Ave,6569,40.7546011026,-73.971878855,40.754691750226016,-73.99740189313889,member
1566811,04300F97CD6C97F9,classic_bike,2022-03-07 06:27:57,2022-03-07 06:34:46,E 41 St & Madison Ave (SW corner),6474,W 35 St & Dyer Ave,6569,40.752165280621966,-73.97992193698882,40.754691750226016,-73.99740189313889,member
1566842,0DEE0883511C28DA,classic_bike,2022-03-15 06:27:13,2022-03-15 06:35:01,E 41 St & Madison Ave (SW corner),6474,W 35 St & Dyer Ave,6569,40.752165280621966,-73.97992193698882,40.754691750226016,-73.99740189313889,member
1566843,EFA4934D0AC0B21A,electric_bike,2022-03-26 19:06:55,2022-03-26 19:14:00,W 17 St & 8 Ave,6148,W 35 St & Dyer Ave,6569,40.74177603,-74.00149746,40.754691750226016,-73.99740189313889,member
1566848,82D62741441B0D9F,classic_bike,2022-03-27 13:59:58,2022-03-27 14:16:04,W 17 St & 8 Ave,6148,W 35 St & Dyer Ave,6569,40.74177603,-74.00149746,40.754691750226016,-73.99740189313889,member
1566854,2B9DC059DBBD1E87,classic_bike,2022-03-28 17:35:14,2022-03-28 18:06:23,E 48 St & 3 Ave,6541,W 35 St & Dyer Ave,6569,40.7546011026,-73.971878855,40.754691750226016,-73.99740189313889,member
1566868,4AA524D23DBE21A3,classic_bike,2022-03-01 22:22:51,2022-03-01 22:25:34,W 39 St & 9 Ave,6644,W 35 St & Dyer Ave,6569,40.75645824,-73.99372222,40.754691750226016,-73.99740189313889,member
1566869,9BE0CA912CA23D48,classic_bike,2022-03-28 00:29:09,2022-03-28 00:33:10,W 39 St & 9 Ave,6644,W 35 St & Dyer Ave,6569,40.75645824,-73.99372222,40.754691750226016,-73.99740189313889,member
1566892,D4519B0D9EA95174,electric_bike,2022-03-28 11:25:07,2022-03-28 11:55:45,6 Ave & W 45 St,6593,W 35 St & Dyer Ave,6569,40.756951,-73.982631,40.754691750226016,-73.99740189313889,casual
1566905,DA4E19D984A457E1,classic_bike,2022-03-10 06:39:06,2022-03-10 06:48:25,Lexington Ave & E 36 St,6313,W 35 St & Dyer Ave,6569,40.7475739589548,-73.9788007736206,40.754691750226016,-73.99740189313889,member
1566921,F619C168B5C8E89B,classic_bike,2022-03-02 23:14:06,2022-03-02 23:22:54,Lexington Ave & E 36 St,6313,W 35 St & Dyer Ave,6569,40.7475739589548,-73.9788007736206,40.754691750226016,-73.99740189313889,casual
1566926,715E9F169EF7D259,classic_bike,2022-03-02 06:14:43,2022-03-02 06:21:21,Lexington Ave & E 36 St,6313,W 35 St & Dyer Ave,6569,40.7475739589548,-73.9788007736206,40.754691750226016,-73.99740189313889,member
1566927,1342082F144B4B62,classic_bike,2022-03-11 06:07:52,2022-03-11 06:14:44,Lexington Ave & E 36 St,6313,W 35 St & Dyer Ave,6569,40.7475739589548,-73.9788007736206,40.754691750226016,-73.99740189313889,member
1566928,01C31389014B8DCD,classic_bike,2022-03-17 06:10:35,2022-03-17 06:16:45,Lexington Ave & E 36 St,6313,W 35 St & Dyer Ave,6569,40.7475739589548,-73.9788007736206,40.754691750226016,-73.99740189313889,member
1566929,3FAF128AF0A1092B,electric_bike,2022-03-07 06:12:25,2022-03-07 06:18:18,Lexington Ave & E 36 St,6313,W 35 St & Dyer Ave,6569,40.7475739589548,-73.9788007736206,40.754691750226016,-73.99740189313889,member
1566930,14D3F5FDE7E21BCB,electric_bike,2022-03-04 06:13:30,2022-03-04 06:19:22,Lexington Ave & E 36 St,6313,W 35 St & Dyer Ave,6569,40.7475739589548,-73.9788007736206,40.754691750226016,-73.99740189313889,member
1566937,15A70914EB3B95C3,classic_bike,2022-03-31 06:38:54,2022-03-31 06:47:19,Lexington Ave & E 36 St,6313,W 35 St & Dyer Ave,6569,40.7475739589548,-73.9788007736206,40.754691750226016,-73.99740189313889,member
1566955,E0E216906A8ABA4B,electric_bike,2022-03-11 14:44:52,2022-03-11 14:53:30,Lexington Ave & E 36 St,6313,W 35 St & Dyer Ave,6569,40.7475739589548,-73.9788007736206,40.754691750226016,-73.99740189313889,member
1566956,FF7B3605A6687947,classic_bike,2022-03-28 07:46:57,2022-03-28 07:54:47,Lexington Ave & E 36 St,6313,W 35 St & Dyer Ave,6569,40.7475739589548,-73.9788007736206,40.754691750226016,-73.99740189313889,member
1566958,99875941271A9523,classic_bike,2022-03-17 06:45:51,2022-03-17 06:54:20,Lexington Ave & E 36 St,6313,W 35 St & Dyer Ave,6569,40.7475739589548,-73.9788007736206,40.754691750226016,-73.99740189313889,member
1566976,0B8EE516763C6B94,classic_bike,2022-03-25 13:04:03,2022-03-25 13:30:25,Perry St & Greenwich Ave,5955,W 35 St & Dyer Ave,6569,40.735918,-74.000939,40.754691750226016,-73.99740189313889,casual
1566982,24AA9A7413F97F69,classic_bike,2022-03-22 17:50:54,2022-03-22 18:10:44,1 Ave & E 68 St,6822,W 35 St & Dyer Ave,6569,40.76500525,-73.95818491,40.754691750226016,-73.99740189313889,member
1566988,AB80F2AE4FF71D71,classic_bike,2022-03-16 09:22:14,2022-03-16 09:26:23,W 34 St &\tHudson Blvd E,6535,W 35 St & Dyer Ave,6569,40.75516719072139,-74.00059908628464,40.754691750226016,-73.99740189313889,member
1566993,3137096782982818,electric_bike,2022-03-10 14:22:28,2022-03-10 14:31:27,Madison Ave & E 26 St,6131,W 35 St & Dyer Ave,6569,40.742684734875695,-73.98671329021454,40.754691750226016,-73.99740189313889,member
1567025,E41D5084EAFF39B2,classic_bike,2022-03-17 17:04:22,2022-03-17 17:25:23,1 Ave & E 68 St,6822,W 35 St & Dyer Ave,6569,40.76500525,-73.95818491,40.754691750226016,-73.99740189313889,member
1567026,C2920AFD5959B912,classic_bike,2022-03-24 18:46:04,2022-03-24 19:07:34,1 Ave & E 68 St,6822,W 35 St & Dyer Ave,6569,40.76500525,-73.95818491,40.754691750226016,-73.99740189313889,member
1567033,E5D946EDC7EBFDAF,classic_bike,2022-03-24 16:58:46,2022-03-24 17:09:28,Madison Ave & E 26 St,6131,W 35 St & Dyer Ave,6569,40.742684734875695,-73.98671329021454,40.754691750226016,-73.99740189313889,member
1567038,ADF05CF40604F580,classic_bike,2022-03-06 18:08:09,2022-03-06 18:19:25,Madison Ave & E 26 St,6131,W 35 St & Dyer Ave,6569,40.742684734875695,-73.98671329021454,40.754691750226016,-73.99740189313889,member
1567046,E875A5BB145941D2,electric_bike,2022-03-08 15:53:20,2022-03-08 16:03:45,Madison Ave & E 26 St,6131,W 35 St & Dyer Ave,6569,40.742684734875695,-73.98671329021454,40.754691750226016,-73.99740189313889,member
1567059,829B768511D50C48,electric_bike,2022-03-02 21:04:25,2022-03-02 21:09:00,6 Ave & W 33 St,6364,W 35 St & Dyer Ave,6569,40.74901271,-73.98848395,40.754691750226016,-73.99740189313889,member
1567063,B5F151C25D1663A0,classic_bike,2022-03-01 17:11:50,2022-03-01 17:32:51,1 Ave & E 68 St,6822,W 35 St & Dyer Ave,6569,40.76500525,-73.95818491,40.754691750226016,-73.99740189313889,member
1567093,9DC0CF6D28057226,classic_bike,2022-03-25 09:15:13,2022-03-25 09:21:46,6 Ave & W 33 St,6364,W 35 St & Dyer Ave,6569,40.74901271,-73.98848395,40.754691750226016,-73.99740189313889,casual
1567096,EF3D8C634B6BDE8D,electric_bike,2022-03-28 14:29:38,2022-03-28 14:39:01,6 Ave & W 33 St,6364,W 35 St & Dyer Ave,6569,40.74901271,-73.98848395,40.754691750226016,-73.99740189313889,casual
1567109,56FBE7EBF155BB04,electric_bike,2022-03-28 09:42:09,2022-03-28 10:10:54,6 Ave & W 33 St,6364,W 35 St & Dyer Ave,6569,40.74901271,-73.98848395,40.754691750226016,-73.99740189313889,member
1567113,A2F491FBA3CE24B4,electric_bike,2022-03-16 02:24:51,2022-03-16 02:31:03,6 Ave & W 33 St,6364,W 35 St & Dyer Ave,6569,40.74901271,-73.98848395,40.754691750226016,-73.99740189313889,casual
1567119,AC81E2DAD7DF7733,electric_bike,2022-03-07 01:23:28,2022-03-07 01:34:16,6 Ave & W 33 St,6364,W 35 St & Dyer Ave,6569,40.74901271,-73.98848395,40.754691750226016,-73.99740189313889,casual
1567124,6976FF7132445574,electric_bike,2022-03-03 00:41:03,2022-03-03 00:45:33,6 Ave & W 33 St,6364,W 35 St & Dyer Ave,6569,40.74901271,-73.98848395,40.754691750226016,-73.99740189313889,member
1567125,A0023CDC92F4B001,electric_bike,2022-03-16 02:58:51,2022-03-16 03:02:38,6 Ave & W 33 St,6364,W 35 St & Dyer Ave,6569,40.74901271,-73.98848395,40.754691750226016,-73.99740189313889,member
1567126,14EF53DD10F84D77,electric_bike,2022-03-29 20:43:47,2022-03-29 20:48:07,6 Ave & W 33 St,6364,W 35 St & Dyer Ave,6569,40.74901271,-73.98848395,40.754691750226016,-73.99740189313889,member
1567130,BFA9C5E1CB26044F,electric_bike,2022-03-24 09:40:39,2022-03-24 09:45:34,6 Ave & W 33 St,6364,W 35 St & Dyer Ave,6569,40.74901271,-73.98848395,40.754691750226016,-73.99740189313889,member
1567138,CD9370C651A81491,classic_bike,2022-03-13 13:23:41,2022-03-13 13:29:40,6 Ave & W 33 St,6364,W 35 St & Dyer Ave,6569,40.74901271,-73.98848395,40.754691750226016,-73.99740189313889,member
1567150,670F6C935916BD0A,electric_bike,2022-03-10 20:19:41,2022-03-10 20:24:25,6 Ave & W 33 St,6364,W 35 St & Dyer Ave,6569,40.74901271,-73.98848395,40.754691750226016,-73.99740189313889,member
1567155,044B9D561B422114,electric_bike,2022-03-26 05:10:31,2022-03-26 05:14:50,6 Ave & W 33 St,6364,W 35 St & Dyer Ave,6569,40.74901271,-73.98848395,40.754691750226016,-73.99740189313889,member
1567159,15D125274354C9B4,electric_bike,2022-03-31 08:09:36,2022-03-31 08:14:29,6 Ave & W 33 St,6364,W 35 St & Dyer Ave,6569,40.74901271,-73.98848395,40.754691750226016,-73.99740189313889,member
1567166,115870C9D840A10A,classic_bike,2022-03-08 10:57:47,2022-03-08 11:04:54,6 Ave & W 33 St,6364,W 35 St & Dyer Ave,6569,40.74901271,-73.98848395,40.754691750226016,-73.99740189313889,member
1567169,8A3D8D3188E44170,classic_bike,2022-03-27 06:28:59,2022-03-27 06:35:08,E 40 St & 5 Ave,6474,W 35 St & Dyer Ave,6569,40.752062307,-73.9816324043,40.754691750226016,-73.99740189313889,member
1567172,7CDF9601F67B8D02,electric_bike,2022-03-01 06:59:43,2022-03-01 07:08:59,FDR Drive & E 35 St,6230,W 35 St & Dyer Ave,6569,40.744219,-73.97121214,40.754691750226016,-73.99740189313889,member
1567173,687377754CABCA0B,classic_bike,2022-03-25 06:56:40,2022-03-25 07:09:01,FDR Drive & E 35 St,6230,W 35 St & Dyer Ave,6569,40.744219,-73.97121214,40.754691750226016,-73.99740189313889,member
1567174,C25F91199705B801,classic_bike,2022-03-22 06:53:19,2022-03-22 07:04:27,FDR Drive & E 35 St,6230,W 35 St & Dyer Ave,6569,40.744219,-73.97121214,40.754691750226016,-73.99740189313889,member
1567208,3D448D92FE70C256,classic_bike,2022-03-21 06:56:07,2022-03-21 07:09:32,FDR Drive & E 35 St,6230,W 35 St & Dyer Ave,6569,40.744219,-73.97121214,40.754691750226016,-73.99740189313889,member
1567210,EE8B541147B0D9B7,classic_bike,2022-03-17 06:52:54,2022-03-17 07:06:03,FDR Drive & E 35 St,6230,W 35 St & Dyer Ave,6569,40.744219,-73.97121214,40.754691750226016,-73.99740189313889,member
1567251,E43400F1DC1F6710,classic_bike,2022-03-30 23:01:49,2022-03-30 23:05:09,W 39 St & 9 Ave,6644,W 35 St & Dyer Ave,6569,40.75645824,-73.99372222,40.754691750226016,-73.99740189313889,member
1567252,595B48B4C436590C,classic_bike,2022-03-12 22:19:50,2022-03-12 22:22:55,W 39 St & 9 Ave,6644,W 35 St & Dyer Ave,6569,40.75645824,-73.99372222,40.754691750226016,-73.99740189313889,member
1567253,BE8325AFC2D407FF,classic_bike,2022-03-03 19:11:17,2022-03-03 19:14:08,W 39 St & 9 Ave,6644,W 35 St & Dyer Ave,6569,40.75645824,-73.99372222,40.754691750226016,-73.99740189313889,member
1567257,C79EAA3A0AB7EA47,classic_bike,2022-03-29 21:40:00,2022-03-29 21:44:04,W 39 St & 9 Ave,6644,W 35 St & Dyer Ave,6569,40.75645824,-73.99372222,40.754691750226016,-73.99740189313889,member
1567271,3CD9A0397563F978,classic_bike,2022-03-29 08:12:47,2022-03-29 08:21:48,E 40 St & 5 Ave,6474,W 35 St & Dyer Ave,6569,40.752062307,-73.9816324043,40.754691750226016,-73.99740189313889,member
1567285,741434EDAB2C48CF,classic_bike,2022-03-23 10:00:21,2022-03-23 10:21:19,Lafayette St & E 8 St,5788,W 35 St & Dyer Ave,6569,40.73020660529954,-73.99102628231049,40.754691750226016,-73.99740189313889,member
1567288,212E903E8F39EA24,classic_bike,2022-03-18 05:53:57,2022-03-18 05:56:56,W 39 St & 9 Ave,6644,W 35 St & Dyer Ave,6569,40.75645824,-73.99372222,40.754691750226016,-73.99740189313889,member
1567289,DD59D8D9F8174051,electric_bike,2022-03-11 05:51:20,2022-03-11 05:53:01,W 39 St & 9 Ave,6644,W 35 St & Dyer Ave,6569,40.75645824,-73.99372222,40.754691750226016,-73.99740189313889,member
1567341,2C98C5EFB5700BA2,classic_bike,2022-03-26 20:41:03,2022-03-26 20:48:03,9 Ave & W 22 St,6266,W 35 St & Dyer Ave,6569,40.7454973,-74.00197139,40.754691750226016,-73.99740189313889,member
1567342,EDC6F4F418DA6A82,electric_bike,2022-03-16 09:01:35,2022-03-16 09:08:18,W 35 St & 9 Ave,6569,Broadway & W 51 St,6779,40.75414519263519,-73.9960889518261,40.76228826,-73.98336183,member
1567344,1BA3856AD46CF3BD,classic_bike,2022-03-05 12:57:34,2022-03-05 12:58:15,W 35 St & 9 Ave,6569,W 35 St & Dyer Ave,6569,40.75414519263519,-73.9960889518261,40.754691750226016,-73.99740189313889,member
1567354,B9AA25440EFCB558,classic_bike,2022-03-23 16:50:52,2022-03-23 17:03:26,2 Ave & E 29 St,6122,W 35 St & Dyer Ave,6569,40.74172351097472,-73.97809267044067,40.754691750226016,-73.99740189313889,member
1567357,2561E581A94B9A11,electric_bike,2022-03-25 13:13:58,2022-03-25 13:22:18,W 15 St & 7 Ave,6030,W 35 St & Dyer Ave,6569,40.73935542,-73.99931783,40.754691750226016,-73.99740189313889,member
1567370,CCF2CD830ED7AB2E,classic_bike,2022-03-08 00:24:26,2022-03-08 00:27:00,W 39 St & 9 Ave,6644,W 35 St & Dyer Ave,6569,40.75645824,-73.99372222,40.754691750226016,-73.99740189313889,member
1567373,D09BF22A0131B19E,classic_bike,2022-03-26 15:59:47,2022-03-26 16:19:32,W 15 St & 7 Ave,6030,W 35 St & Dyer Ave,6569,40.73935542,-73.99931783,40.754691750226016,-73.99740189313889,casual
1567374,53EFC9DE9477E372,electric_bike,2022-03-10 00:07:38,2022-03-10 00:16:34,W 35 St & 9 Ave,6569,E 31 St & 3 Ave,6239,40.75414519263519,-73.9960889518261,40.74394314,-73.97966069,member
1567376,C5C2BE1C8E400A31,classic_bike,2022-03-31 08:50:20,2022-03-31 08:52:04,W 35 St & 9 Ave,6569,W 35 St & Dyer Ave,6569,40.75414519263519,-73.9960889518261,40.754691750226016,-73.99740189313889,member
1567377,49E11BB00BBF2E24,electric_bike,2022-03-08 09:56:16,2022-03-08 10:04:18,W 15 St & 7 Ave,6030,W 35 St & Dyer Ave,6569,40.73935542,-73.99931783,40.754691750226016,-73.99740189313889,casual
1567378,A051BC08A73C72C8,classic_bike,2022-03-03 19:12:50,2022-03-03 19:13:41,W 35 St & 9 Ave,6569,W 35 St & Dyer Ave,6569,40.75414519263519,-73.9960889518261,40.754691750226016,-73.99740189313889,member
1567379,AE51846F615BBF71,classic_bike,2022-03-21 18:12:03,2022-03-21 18:12:43,W 35 St & 9 Ave,6569,W 35 St & Dyer Ave,6569,40.75414519263519,-73.9960889518261,40.754691750226016,-73.99740189313889,member
1567380,8105BADDB4CB7E97,classic_bike,2022-03-10 05:53:54,2022-03-10 05:57:11,W 39 St & 9 Ave,6644,W 35 St & Dyer Ave,6569,40.75645824,-73.99372222,40.754691750226016,-73.99740189313889,member
1567382,3B2A2CCBB38D38B2,electric_bike,2022-03-05 08:48:37,2022-03-05 08:54:21,9 Ave & W 22 St,6266,W 35 St & Dyer Ave,6569,40.7454973,-74.00197139,40.754691750226016,-73.99740189313889,member
1567383,4B5DB3BCCA77BB24,electric_bike,2022-03-04 22:27:27,2022-03-04 22:33:10,9 Ave & W 22 St,6266,W 35 St & Dyer Ave,6569,40.7454973,-74.00197139,40.754691750226016,-73.99740189313889,member
1567384,CBB79FCFA748BD5E,electric_bike,2022-03-29 17:11:38,2022-03-29 17:21:09,2 Ave & E 29 St,6122,W 35 St & Dyer Ave,6569,40.74172351097472,-73.97809267044067,40.754691750226016,-73.99740189313889,member
1567386,DA75AF838E4A8CE1,classic_bike,2022-03-29 15:28:25,2022-03-29 15:29:38,W 35 St & 9 Ave,6569,W 35 St & Dyer Ave,6569,40.75414519263519,-73.9960889518261,40.754691750226016,-73.99740189313889,member
1567387,6742C89555E6D27A,classic_bike,2022-03-16 18:16:20,2022-03-16 18:29:52,9 Ave & W 22 St,6266,W 35 St & Dyer Ave,6569,40.7454973,-74.00197139,40.754691750226016,-73.99740189313889,member
1567398,EFA12C2ECA4D2644,classic_bike,2022-03-02 17:57:45,2022-03-02 17:59:57,8 Ave & W 33 St,6450,W 35 St & Dyer Ave,6569,40.751551,-73.993934,40.754691750226016,-73.99740189313889,member
1567399,11BE14C8014DB1EE,classic_bike,2022-03-10 12:41:20,2022-03-10 12:44:52,8 Ave & W 33 St,6450,W 35 St & Dyer Ave,6569,40.751551,-73.993934,40.754691750226016,-73.99740189313889,member
1567414,BF8F66E50EA68574,classic_bike,2022-03-02 14:20:06,2022-03-02 14:20:51,W 35 St & 9 Ave,6569,W 35 St & Dyer Ave,6569,40.75414519263519,-73.9960889518261,40.754691750226016,-73.99740189313889,member
1567417,C0A7D4BC1CC6AF7F,electric_bike,2022-03-15 17:23:39,2022-03-15 17:31:54,2 Ave & E 29 St,6122,W 35 St & Dyer Ave,6569,40.74172351097472,-73.97809267044067,40.754691750226016,-73.99740189313889,member
1567420,E03EB11631EDDDD9,classic_bike,2022-03-27 11:28:11,2022-03-27 11:29:16,W 35 St & 9 Ave,6569,W 35 St & Dyer Ave,6569,40.75414519263519,-73.9960889518261,40.754691750226016,-73.99740189313889,member
1567456,FF7D46DEC0141D71,classic_bike,2022-03-27 16:09:56,2022-03-27 16:19:22,5 Ave & E 29 St,6248,W 35 St & Dyer Ave,6569,40.7451677,-73.98683077,40.754691750226016,-73.99740189313889,member
1567461,352935B37FDCD8F6,classic_bike,2022-03-16 11:24:38,2022-03-16 11:45:17,E 56 St & 3 Ave,6691,W 35 St & Dyer Ave,6569,40.75934501,-73.96759673,40.754691750226016,-73.99740189313889,casual
1567469,7730EAE47AFEE460,classic_bike,2022-03-27 16:10:00,2022-03-27 16:19:25,5 Ave & E 29 St,6248,W 35 St & Dyer Ave,6569,40.7451677,-73.98683077,40.754691750226016,-73.99740189313889,member
1567474,D3E3B024B23B8CFA,electric_bike,2022-03-14 17:45:30,2022-03-14 17:53:56,5 Ave & E 29 St,6248,W 35 St & Dyer Ave,6569,40.7451677,-73.98683077,40.754691750226016,-73.99740189313889,member
1567476,81B13340C053EE71,classic_bike,2022-03-16 19:10:00,2022-03-16 19:19:54,5 Ave & E 29 St,6248,W 35 St & Dyer Ave,6569,40.7451677,-73.98683077,40.754691750226016,-73.99740189313889,member
1567535,87C832538179E745,electric_bike,2022-03-31 16:23:08,2022-03-31 16:35:47,E 56 St & 3 Ave,6691,W 35 St & Dyer Ave,6569,40.75934501,-73.96759673,40.754691750226016,-73.99740189313889,member
1567536,542931C4A68C9EFF,electric_bike,2022-03-31 09:23:00,2022-03-31 09:55:18,E 56 St & 3 Ave,6691,W 35 St & Dyer Ave,6569,40.75934501,-73.96759673,40.754691750226016,-73.99740189313889,member
1567538,F971207512243F63,electric_bike,2022-03-07 21:08:05,2022-03-07 21:19:16,E 26 St & 3 Ave,6089,W 35 St & Dyer Ave,6569,40.74069317733043,-73.98160636425018,40.754691750226016,-73.99740189313889,member
1567559,ED4FD581A0D40CDD,electric_bike,2022-03-06 07:01:38,2022-03-06 07:14:25,E 20 St & FDR Dr,5886,W 35 St & Dyer Ave,6569,40.733208626522426,-73.9756813647,40.754691750226016,-73.99740189313889,member
1567620,7F1C5AF60EB409EA,electric_bike,2022-03-05 12:38:50,2022-03-05 12:48:25,E 50 St & Park Ave,6659,W 35 St & Dyer Ave,6569,40.757334,-73.974235,40.754691750226016,-73.99740189313889,member
1567621,AD552788CB29504D,electric_bike,2022-03-11 13:48:37,2022-03-11 14:00:22,E 50 St & Park Ave,6659,W 35 St & Dyer Ave,6569,40.757334,-73.974235,40.754691750226016,-73.99740189313889,member
1567684,6B27B38D595BE3CF,electric_bike,2022-03-18 12:29:58,2022-03-18 12:41:47,E 50 St & Park Ave,6659,W 35 St & Dyer Ave,6569,40.757334,-73.974235,40.754691750226016,-73.99740189313889,member
1567688,41587415A19B3BBD,electric_bike,2022-03-23 09:15:07,2022-03-23 09:46:55,Union Ave & Wallabout St,4818,W 35 St & Dyer Ave,6569,40.70029511,-73.95032283,40.754691750226016,-73.99740189313889,member
1567728,504015BB0A101B61,electric_bike,2022-03-23 08:11:27,2022-03-23 08:17:07,8 Ave & W 49 St,6747,W 35 St & Dyer Ave,6569,40.76171227910671,-73.98655101656914,40.754691750226016,-73.99740189313889,member
1567755,D81B2683D4416CB3,classic_bike,2022-03-18 13:00:58,2022-03-18 13:11:07,8 Ave & W 49 St,6747,W 35 St & Dyer Ave,6569,40.76171227910671,-73.98655101656914,40.754691750226016,-73.99740189313889,casual
1567788,38D7B3D81D5FBF65,electric_bike,2022-03-22 08:57:15,2022-03-22 09:27:25,Metropolitan Ave & Bedford Ave,5308,W 35 St & Dyer Ave,6569,40.71534825,-73.96024116,40.754691750226016,-73.99740189313889,member
1567804,2212B5E0712B7CA6,electric_bike,2022-03-24 09:15:24,2022-03-24 09:57:05,Fulton St & Waverly Ave,4345,W 35 St & Dyer Ave,6569,40.68323865460341,-73.96599590778351,40.754691750226016,-73.99740189313889,member
1567830,0372405D8491A2BD,classic_bike,2022-03-01 16:07:00,2022-03-01 16:40:20,Fulton St & William St,5137,W 35 St & Dyer Ave,6569,40.70960089363537,-74.00655090808868,40.754691750226016,-73.99740189313889,member
1567884,30F369DBBEDD4A68,electric_bike,2022-03-03 09:51:34,2022-03-03 10:04:14,E 45 St & 3 Ave,6464,W 35 St & Dyer Ave,6569,40.75255434,-73.97282625,40.754691750226016,-73.99740189313889,member
1567885,FC60935E723B68F2,classic_bike,2022-03-25 20:52:39,2022-03-25 21:17:58,Allen St & Rivington St,5414,W 35 St & Dyer Ave,6569,40.72019576,-73.98997825,40.754691750226016,-73.99740189313889,member
1567917,479E97A5B395C06B,classic_bike,2022-03-21 11:34:57,2022-03-21 11:43:56,E 40 St & Park Ave,6432,W 35 St & Dyer Ave,6569,40.750756,-73.978326,40.754691750226016,-73.99740189313889,member
1567918,0DA299DD8A9874C2,classic_bike,2022-03-31 07:11:43,2022-03-31 07:20:26,E 40 St & Park Ave,6432,W 35 St & Dyer Ave,6569,40.750756,-73.978326,40.754691750226016,-73.99740189313889,member
1567920,8A8D48EF5E68F447,classic_bike,2022-03-29 11:45:42,2022-03-29 11:55:40,E 40 St & Park Ave,6432,W 35 St & Dyer Ave,6569,40.750756,-73.978326,40.754691750226016,-73.99740189313889,member
1567929,CAFD4EB0502A7B67,electric_bike,2022-03-22 06:52:32,2022-03-22 07:00:26,E 40 St & Park Ave,6432,W 35 St & Dyer Ave,6569,40.750756,-73.978326,40.754691750226016,-73.99740189313889,casual
1567942,B7FDDAFE841596A9,classic_bike,2022-03-29 07:11:40,2022-03-29 07:21:28,E 40 St & Park Ave,6432,W 35 St & Dyer Ave,6569,40.750756,-73.978326,40.754691750226016,-73.99740189313889,member
1567943,564EFD224242D937,classic_bike,2022-03-18 07:10:23,2022-03-18 07:19:50,E 40 St & Park Ave,6432,W 35 St & Dyer Ave,6569,40.750756,-73.978326,40.754691750226016,-73.99740189313889,member
1567947,8B69B3D0A9C7170A,classic_bike,2022-03-23 07:11:38,2022-03-23 07:20:09,E 40 St & Park Ave,6432,W 35 St & Dyer Ave,6569,40.750756,-73.978326,40.754691750226016,-73.99740189313889,member
1567957,7ABE302B185DCB34,electric_bike,2022-03-21 08:08:08,2022-03-21 08:16:51,Lexington Ave & E 24 St,6089,W 35 St & Dyer Ave,6569,40.74025878,-73.98409214,40.754691750226016,-73.99740189313889,member
1567994,83218D8A47311512,classic_bike,2022-03-16 09:18:15,2022-03-16 09:32:13,Greenwich Ave & Charles St,5914,W 35 St & Dyer Ave,6569,40.735238,-74.000271,40.754691750226016,-73.99740189313889,member
1568017,5797EAF67C1EA94C,classic_bike,2022-03-03 07:11:54,2022-03-03 07:20:08,E 40 St & Park Ave,6432,W 35 St & Dyer Ave,6569,40.750756,-73.978326,40.754691750226016,-73.99740189313889,member
1568037,A7C91874238568F1,classic_bike,2022-03-25 09:49:23,2022-03-25 10:17:05,1 Ave & E 78 St,7020,W 35 St & Dyer Ave,6569,40.77140426,-73.9535166,40.754691750226016,-73.99740189313889,member
1568052,4BD9787B67088075,classic_bike,2022-03-28 11:42:23,2022-03-28 11:52:35,E 40 St & Park Ave,6432,W 35 St & Dyer Ave,6569,40.750756,-73.978326,40.754691750226016,-73.99740189313889,member
1568105,7E1BB7457FCB3B7C,classic_bike,2022-03-25 12:36:36,2022-03-25 12:42:18,W 49 St & 8 Ave,6747,W 35 St & Dyer Ave,6569,40.76227205,-73.98788205,40.754691750226016,-73.99740189313889,member
1568107,1C37609640DDD7C0,classic_bike,2022-03-08 18:31:12,2022-03-08 18:46:46,W 21 St & 6 Ave,6140,W 35 St & Dyer Ave,6569,40.74173969,-73.99415556,40.754691750226016,-73.99740189313889,member
1568108,F12EA9BE06126C3E,electric_bike,2022-03-26 22:47:19,2022-03-26 22:51:33,W 49 St & 8 Ave,6747,W 35 St & Dyer Ave,6569,40.76227205,-73.98788205,40.754691750226016,-73.99740189313889,member
1568115,1129068ECD48B119,classic_bike,2022-03-18 15:28:57,2022-03-18 15:40:49,W 21 St & 6 Ave,6140,W 35 St & Dyer Ave,6569,40.74173969,-73.99415556,40.754691750226016,-73.99740189313889,member
1568116,CC0877CAB42F93CC,classic_bike,2022-03-24 18:17:43,2022-03-24 18:23:59,W 49 St & 8 Ave,6747,W 35 St & Dyer Ave,6569,40.76227205,-73.98788205,40.754691750226016,-73.99740189313889,member
1568125,A00098D37875149B,classic_bike,2022-03-07 14:43:09,2022-03-07 14:57:19,W 21 St & 6 Ave,6140,W 35 St & Dyer Ave,6569,40.74173969,-73.99415556,40.754691750226016,-73.99740189313889,member
1568126,4435E504CED57119,classic_bike,2022-03-11 08:55:04,2022-03-11 09:01:38,W 49 St & 8 Ave,6747,W 35 St & Dyer Ave,6569,40.76227205,-73.98788205,40.754691750226016,-73.99740189313889,member
1568127,2C1C853447A4640C,classic_bike,2022-03-16 04:07:00,2022-03-16 04:11:47,W 49 St & 8 Ave,6747,W 35 St & Dyer Ave,6569,40.76227205,-73.98788205,40.754691750226016,-73.99740189313889,member
1568129,119A2131514D9489,classic_bike,2022-03-16 16:46:37,2022-03-16 16:57:11,W 21 St & 6 Ave,6140,W 35 St & Dyer Ave,6569,40.74173969,-73.99415556,40.754691750226016,-73.99740189313889,member
1568135,99BA05278271A5E7,classic_bike,2022-03-14 09:02:23,2022-03-14 09:09:17,W 49 St & 8 Ave,6747,W 35 St & Dyer Ave,6569,40.76227205,-73.98788205,40.754691750226016,-73.99740189313889,member
1568145,E6436528761D7BA8,electric_bike,2022-03-29 11:29:17,2022-03-29 11:37:07,W 49 St & 8 Ave,6747,W 35 St & Dyer Ave,6569,40.76227205,-73.98788205,40.754691750226016,-73.99740189313889,member
1568159,566111E9CDDDE594,classic_bike,2022-03-14 17:17:50,2022-03-14 17:25:30,W 49 St & 8 Ave,6747,W 35 St & Dyer Ave,6569,40.76227205,-73.98788205,40.754691750226016,-73.99740189313889,member
1568169,6C207124601606EC,electric_bike,2022-03-13 14:15:29,2022-03-13 14:24:30,W 49 St & 8 Ave,6747,W 35 St & Dyer Ave,6569,40.76227205,-73.98788205,40.754691750226016,-73.99740189313889,member
1568171,C592F5BA2B972DDF,classic_bike,2022-03-08 09:27:58,2022-03-08 09:35:07,W 49 St & 8 Ave,6747,W 35 St & Dyer Ave,6569,40.76227205,-73.98788205,40.754691750226016,-73.99740189313889,member
1568189,710FCAFCF1F9F9AA,electric_bike,2022-03-01 15:38:41,2022-03-01 15:46:25,E 40 St & Park Ave,6432,W 35 St & Dyer Ave,6569,40.750756,-73.978326,40.754691750226016,-73.99740189313889,member
1568235,25B13B3DDEBE362D,electric_bike,2022-03-31 20:06:22,2022-03-31 20:11:16,W 31 St & 7 Ave,6331,W 35 St & Dyer Ave,6569,40.749156,-73.9916,40.754691750226016,-73.99740189313889,member
1568242,9FBB054AEC583508,classic_bike,2022-03-09 21:19:43,2022-03-09 21:25:57,W 31 St & 7 Ave,6331,W 35 St & Dyer Ave,6569,40.749156,-73.9916,40.754691750226016,-73.99740189313889,member
1568294,8E593E6EB3C426F1,classic_bike,2022-03-07 07:54:07,2022-03-07 08:01:27,E 33 St & 5 Ave,6322,W 35 St & Dyer Ave,6569,40.74765947,-73.98490707,40.754691750226016,-73.99740189313889,member
1568296,57969029A6DB2D23,electric_bike,2022-03-24 08:24:59,2022-03-24 08:31:27,E 33 St & 5 Ave,6322,W 35 St & Dyer Ave,6569,40.74765947,-73.98490707,40.754691750226016,-73.99740189313889,member
1568297,18C8E4E0485B42C2,electric_bike,2022-03-10 08:33:45,2022-03-10 08:40:24,E 33 St & 5 Ave,6322,W 35 St & Dyer Ave,6569,40.74765947,-73.98490707,40.754691750226016,-73.99740189313889,member
1568301,4FE3A5A3AFE2CD97,electric_bike,2022-03-03 08:40:03,2022-03-03 08:47:26,E 33 St & 5 Ave,6322,W 35 St & Dyer Ave,6569,40.74765947,-73.98490707,40.754691750226016,-73.99740189313889,member
1568302,3C7A5B8E6353CA48,electric_bike,2022-03-15 08:34:42,2022-03-15 08:43:24,E 33 St & 5 Ave,6322,W 35 St & Dyer Ave,6569,40.74765947,-73.98490707,40.754691750226016,-73.99740189313889,member
1568305,CD6F06F49C4F29BE,electric_bike,2022-03-15 14:35:36,2022-03-15 14:46:52,E 33 St & 5 Ave,6322,W 35 St & Dyer Ave,6569,40.74765947,-73.98490707,40.754691750226016,-73.99740189313889,casual
1568332,784E5715A8A5F546,electric_bike,2022-03-02 08:32:15,2022-03-02 08:38:56,E 33 St & 5 Ave,6322,W 35 St & Dyer Ave,6569,40.74765947,-73.98490707,40.754691750226016,-73.99740189313889,member
1568358,C5AA703AF82675AA,classic_bike,2022-03-09 21:00:11,2022-03-09 21:07:02,E 33 St & 5 Ave,6322,W 35 St & Dyer Ave,6569,40.74765947,-73.98490707,40.754691750226016,-73.99740189313889,casual
1568390,B1DAB6C751A49224,electric_bike,2022-03-08 15:23:35,2022-03-08 15:34:16,E 50 St & Park Ave,6659,W 35 St & Dyer Ave,6569,40.757334,-73.974235,40.754691750226016,-73.99740189313889,member
1568391,2E17D0E82785AB8F,electric_bike,2022-03-10 16:18:20,2022-03-10 16:32:45,E 50 St & Park Ave,6659,W 35 St & Dyer Ave,6569,40.757334,-73.974235,40.754691750226016,-73.99740189313889,member
1568398,845917E23BFC53FB,classic_bike,2022-03-19 13:54:53,2022-03-19 14:04:37,W 20 St & 8 Ave,6224,W 35 St & Dyer Ave,6569,40.74345335,-74.00004031,40.754691750226016,-73.99740189313889,casual
1568405,4D8D49E278C0FE3E,electric_bike,2022-03-27 16:06:51,2022-03-27 16:11:02,W 30 St & 8 Ave,6373,W 35 St & Dyer Ave,6569,40.74965268472847,-73.9952078461647,40.754691750226016,-73.99740189313889,member
1568437,DE2966C364ED6550,electric_bike,2022-03-04 17:30:55,2022-03-04 17:40:24,E 50 St & Park Ave,6659,W 35 St & Dyer Ave,6569,40.757334,-73.974235,40.754691750226016,-73.99740189313889,member
1568438,9685ECF52BE0F64B,electric_bike,2022-03-16 15:01:13,2022-03-16 15:11:48,E 50 St & Park Ave,6659,W 35 St & Dyer Ave,6569,40.757334,-73.974235,40.754691750226016,-73.99740189313889,member
1568449,73E8200943F6A6D5,classic_bike,2022-03-05 17:19:43,2022-03-05 17:31:18,Gansevoort St & Hudson St,6072,W 35 St & Dyer Ave,6569,40.73944820130404,-74.00507032871246,40.754691750226016,-73.99740189313889,member
1568471,99D599C40A9EEB7E,classic_bike,2022-03-15 22:08:50,2022-03-15 22:12:36,W 29 St & 9 Ave,6416,W 35 St & Dyer Ave,6569,40.7500727,-73.99839279,40.754691750226016,-73.99740189313889,member
1568493,C8A6C37F523E9799,classic_bike,2022-03-28 11:59:18,2022-03-28 12:03:04,W 29 St & 9 Ave,6416,W 35 St & Dyer Ave,6569,40.7500727,-73.99839279,40.754691750226016,-73.99740189313889,member
1568618,EE09D53847C6923B,classic_bike,2022-03-16 16:24:12,2022-03-16 16:43:04,University Pl & E 8 St,5755,W 35 St & Dyer Ave,6569,40.73143724085228,-73.99490341544151,40.754691750226016,-73.99740189313889,casual
1568634,16E484C3B95A9351,electric_bike,2022-03-22 22:55:10,2022-03-22 23:07:42,Sullivan St & Washington Sq,5721,W 35 St & Dyer Ave,6569,40.73047747,-73.99906065,40.754691750226016,-73.99740189313889,member
1568652,F9EF82C1A9E2B23A,classic_bike,2022-03-20 00:43:40,2022-03-20 00:44:35,W 35 St & 9 Ave,6569,W 35 St & Dyer Ave,6569,40.75414519263519,-73.9960889518261,40.754691750226016,-73.99740189313889,member
1568665,3263F68A1E832535,classic_bike,2022-03-18 06:54:50,2022-03-18 07:06:23,FDR Drive & E 35 St,6230,W 35 St & Dyer Ave,6569,40.744219,-73.97121214,40.754691750226016,-73.99740189313889,member
1568674,D5E0E4D3D747AB41,classic_bike,2022-03-18 18:08:45,2022-03-18 18:33:20,FDR Drive & E 35 St,6230,W 35 St & Dyer Ave,6569,40.744219,-73.97121214,40.754691750226016,-73.99740189313889,casual
1568735,E7A832E5CCECAD3E,classic_bike,2022-03-19 15:57:35,2022-03-19 16:47:31,Dock 72 Way & Market St,4804,W 35 St & Dyer Ave,6569,40.69985,-73.97141,40.754691750226016,-73.99740189313889,member
1568737,B9BEFC7EF462B93E,electric_bike,2022-03-24 10:50:49,2022-03-24 10:59:57,E 40 St & 5 Ave,6474,W 35 St & Dyer Ave,6569,40.752062307,-73.9816324043,40.754691750226016,-73.99740189313889,member
1568742,DAB7F915BEC33A4B,classic_bike,2022-03-31 18:19:30,2022-03-31 18:21:24,W 37 St & 10 Ave,6611,W 35 St & Dyer Ave,6569,40.75660359,-73.9979009,40.754691750226016,-73.99740189313889,member
1568743,64DD3B1068DC63F3,electric_bike,2022-03-02 19:33:58,2022-03-02 19:35:34,W 37 St & 10 Ave,6611,W 35 St & Dyer Ave,6569,40.75660359,-73.9979009,40.754691750226016,-73.99740189313889,member
1568751,F526D1645C9EFF24,classic_bike,2022-03-11 08:14:18,2022-03-11 08:15:36,W 37 St & 10 Ave,6611,W 35 St & Dyer Ave,6569,40.75660359,-73.9979009,40.754691750226016,-73.99740189313889,member
1568752,3557517AFCFC7624,classic_bike,2022-03-15 18:58:06,2022-03-15 19:14:12,W 34 St & 11 Ave,6578,W 35 St & Dyer Ave,6569,40.75594159,-74.0021163,40.754691750226016,-73.99740189313889,member
1568757,9D8D5C87614AD3DF,classic_bike,2022-03-23 18:02:45,2022-03-23 18:04:32,W 37 St & 10 Ave,6611,W 35 St & Dyer Ave,6569,40.75660359,-73.9979009,40.754691750226016,-73.99740189313889,member
1568769,F2D2279CC79E143E,electric_bike,2022-03-15 10:46:26,2022-03-15 11:16:53,E 76 St & Park Ave,7128,W 35 St & Dyer Ave,6569,40.773763,-73.96222088,40.754691750226016,-73.99740189313889,member
1568770,1D851B2B7080DB9A,electric_bike,2022-03-19 21:33:07,2022-03-19 21:37:22,W 30 St & 10 Ave,6459,W 35 St & Dyer Ave,6569,40.752694,-74.002353,40.754691750226016,-73.99740189313889,member
1568785,521942D62B78F022,electric_bike,2022-03-16 10:35:01,2022-03-16 10:52:13,E 76 St & Park Ave,7128,W 35 St & Dyer Ave,6569,40.773763,-73.96222088,40.754691750226016,-73.99740189313889,member
1568807,BC39349B1542576D,classic_bike,2022-03-21 14:55:13,2022-03-21 15:12:31,W 63 St & Broadway,7052,W 35 St & Dyer Ave,6569,40.77163851,-73.98261428,40.754691750226016,-73.99740189313889,member
1568835,E1C23725E0E39BFE,classic_bike,2022-03-10 08:49:54,2022-03-10 08:54:32,6 Ave & W 33 St,6364,W 35 St & Dyer Ave,6569,40.74901271,-73.98848395,40.754691750226016,-73.99740189313889,member
1568836,0DFBAC17823DE26C,classic_bike,2022-03-16 16:46:55,2022-03-16 16:58:16,6 Ave & W 33 St,6364,W 35 St & Dyer Ave,6569,40.74901271,-73.98848395,40.754691750226016,-73.99740189313889,casual
1568839,FC01467B43F8BCAB,electric_bike,2022-03-11 20:02:14,2022-03-11 20:21:59,W 70 St & Amsterdam Ave,7207,W 35 St & Dyer Ave,6569,40.77748046,-73.98288594,40.754691750226016,-73.99740189313889,casual
1568846,2E61ED396128CA54,classic_bike,2022-03-19 12:15:33,2022-03-19 12:27:34,W 63 St & Broadway,7052,W 35 St & Dyer Ave,6569,40.77163851,-73.98261428,40.754691750226016,-73.99740189313889,member
1568883,62BB3B814103BEA4,electric_bike,2022-03-31 09:13:36,2022-03-31 09:33:49,E 76 St & Park Ave,7128,W 35 St & Dyer Ave,6569,40.773763,-73.96222088,40.754691750226016,-73.99740189313889,member
1568887,641CE6FB6219114F,electric_bike,2022-03-23 19:06:39,2022-03-23 19:09:13,W 30 St & 10 Ave,6459,W 35 St & Dyer Ave,6569,40.752694,-74.002353,40.754691750226016,-73.99740189313889,member
1568920,98D0233B682C8D6B,classic_bike,2022-03-06 14:39:42,2022-03-06 14:43:40,W 30 St & 10 Ave,6459,W 35 St & Dyer Ave,6569,40.752694,-74.002353,40.754691750226016,-73.99740189313889,member
1568973,DE4482A2E6115BC6,classic_bike,2022-03-30 10:51:26,2022-03-30 11:09:14,Mott St & Prince St,5561,W 35 St & Dyer Ave,6569,40.72317958,-73.99480012,40.754691750226016,-73.99740189313889,member
1568987,C44332AAB7D273D4,classic_bike,2022-03-31 08:36:34,2022-03-31 08:38:27,W 37 St & 10 Ave,6611,W 35 St & Dyer Ave,6569,40.75660359,-73.9979009,40.754691750226016,-73.99740189313889,member
1569045,A2714E4ADF134EBF,electric_bike,2022-03-23 13:06:17,2022-03-23 13:27:00,North Moore St & Greenwich St,5470,W 35 St & Dyer Ave,6569,40.72019521437465,-74.0103006362915,40.754691750226016,-73.99740189313889,member
1569047,C9778EE871BE9EC7,classic_bike,2022-03-31 22:39:03,2022-03-31 22:41:21,Hudson Blvd E & W 36 St,6611,W 35 St & Dyer Ave,6569,40.75630628938069,-73.99951145061095,40.754691750226016,-73.99740189313889,member
1569058,F56EBB18CA72CE03,electric_bike,2022-03-18 20:29:18,2022-03-18 20:35:42,W 20 St & 10 Ave,6306,W 35 St & Dyer Ave,6569,40.745686,-74.005141,40.754691750226016,-73.99740189313889,member
1569080,00487614459F1380,electric_bike,2022-03-18 15:25:42,2022-03-18 15:39:02,University Pl & E 8 St,5755,W 35 St & Dyer Ave,6569,40.73143724085228,-73.99490341544151,40.754691750226016,-73.99740189313889,member
1569098,064D50D44BCED3B2,classic_bike,2022-03-03 09:36:46,2022-03-03 09:53:58,Hudson Blvd E & W 36 St,6611,W 35 St & Dyer Ave,6569,40.75630628938069,-73.99951145061095,40.754691750226016,-73.99740189313889,member
1569172,58D74D2D87C95471,electric_bike,2022-03-17 10:04:38,2022-03-17 10:16:46,1 Ave & E 39 St,6303,W 35 St & Dyer Ave,6569,40.74714,-73.97113,40.754691750226016,-73.99740189313889,member
1569195,604D039DB502FCB7,electric_bike,2022-03-10 16:40:11,2022-03-10 16:47:48,W 25 St & 6 Ave,6215,W 35 St & Dyer Ave,6569,40.74395411,-73.99144871,40.754691750226016,-73.99740189313889,casual
1569196,C2A64D0A2C59C14B,electric_bike,2022-03-26 15:53:18,2022-03-26 16:00:33,W 25 St & 6 Ave,6215,W 35 St & Dyer Ave,6569,40.74395411,-73.99144871,40.754691750226016,-73.99740189313889,member
1569258,04CB41F92EA0E869,electric_bike,2022-03-29 14:32:51,2022-03-29 14:48:27,W 67 St & Broadway,7116,W 35 St & Dyer Ave,6569,40.77492513,-73.98266566,40.754691750226016,-73.99740189313889,member
1569259,1EFAAA02F8994554,electric_bike,2022-03-08 07:29:30,2022-03-08 07:36:42,E 32 St & Park Ave,6280,W 35 St & Dyer Ave,6569,40.7457121,-73.98194829,40.754691750226016,-73.99740189313889,member
1569338,E7A4309B854E1135,classic_bike,2022-03-23 16:18:12,2022-03-23 16:27:30,E 33 St & 5 Ave,6322,W 35 St & Dyer Ave,6569,40.74765947,-73.98490707,40.754691750226016,-73.99740189313889,member
1569344,485B3DE1F7E9377E,classic_bike,2022-03-23 08:40:40,2022-03-23 08:56:14,Central Park West & W 68 St,7079,W 35 St & Dyer Ave,6569,40.7734066,-73.97782542,40.754691750226016,-73.99740189313889,member
1569396,34DA9F2978630623,electric_bike,2022-03-31 08:51:54,2022-03-31 08:58:12,E 33 St & 5 Ave,6322,W 35 St & Dyer Ave,6569,40.74765947,-73.98490707,40.754691750226016,-73.99740189313889,member
1569397,CE8E5F7D723CA4B0,electric_bike,2022-03-29 08:27:18,2022-03-29 08:34:17,E 33 St & 5 Ave,6322,W 35 St & Dyer Ave,6569,40.74765947,-73.98490707,40.754691750226016,-73.99740189313889,member
1569398,BD6DCE7A6AFDFA9A,electric_bike,2022-03-22 08:22:30,2022-03-22 08:30:05,E 33 St & 5 Ave,6322,W 35 St & Dyer Ave,6569,40.74765947,-73.98490707,40.754691750226016,-73.99740189313889,member
1569422,1EC089AF76EF690F,classic_bike,2022-03-26 17:39:18,2022-03-26 17:44:53,W 31 St & 7 Ave,6331,W 35 St & Dyer Ave,6569,40.749156,-73.9916,40.754691750226016,-73.99740189313889,member
1569424,023A2754F1087255,classic_bike,2022-03-18 19:20:22,2022-03-18 19:28:56,W 15 St & 10 Ave,6115,W 35 St & Dyer Ave,6569,40.74275382865903,-74.00747358798981,40.754691750226016,-73.99740189313889,member
1569426,97DD81C3F82EDBAF,classic_bike,2022-03-23 08:34:11,2022-03-23 08:43:28,E 33 St & 5 Ave,6322,W 35 St & Dyer Ave,6569,40.74765947,-73.98490707,40.754691750226016,-73.99740189313889,member
1569435,7201D17F99EB09BF,electric_bike,2022-03-18 07:15:56,2022-03-18 07:23:57,E 32 St & Park Ave,6280,W 35 St & Dyer Ave,6569,40.7457121,-73.98194829,40.754691750226016,-73.99740189313889,member
1569442,D5434D62DEE9851B,classic_bike,2022-03-28 06:15:36,2022-03-28 06:20:58,W 31 St & 7 Ave,6331,W 35 St & Dyer Ave,6569,40.749156,-73.9916,40.754691750226016,-73.99740189313889,member
1569456,3D01C01F3FDCE7FC,classic_bike,2022-03-09 22:18:19,2022-03-09 22:22:54,W 41 St & 8 Ave,6602,W 35 St & Dyer Ave,6569,40.75640548,-73.9900262,40.754691750226016,-73.99740189313889,member
1569458,78EA04931556CCCF,classic_bike,2022-03-11 22:20:40,2022-03-11 22:25:20,W 41 St & 8 Ave,6602,W 35 St & Dyer Ave,6569,40.75640548,-73.9900262,40.754691750226016,-73.99740189313889,member
1569464,21CD66E9037E02CA,electric_bike,2022-03-26 17:44:44,2022-03-26 17:56:36,W 41 St & 8 Ave,6602,W 35 St & Dyer Ave,6569,40.75640548,-73.9900262,40.754691750226016,-73.99740189313889,casual
1569465,6B6D955998FBDB03,classic_bike,2022-03-26 17:45:09,2022-03-26 17:56:43,W 41 St & 8 Ave,6602,W 35 St & Dyer Ave,6569,40.75640548,-73.9900262,40.754691750226016,-73.99740189313889,casual
1569466,4D5A866B0455BF47,electric_bike,2022-03-12 17:57:40,2022-03-12 18:05:29,W 41 St & 8 Ave,6602,W 35 St & Dyer Ave,6569,40.75640548,-73.9900262,40.754691750226016,-73.99740189313889,casual
1569468,EEC712A16BC0140F,electric_bike,2022-03-12 07:04:14,2022-03-12 07:07:53,W 41 St & 8 Ave,6602,W 35 St & Dyer Ave,6569,40.75640548,-73.9900262,40.754691750226016,-73.99740189313889,casual
1569472,D2F10434B3BD2AE5,electric_bike,2022-03-24 20:26:36,2022-03-24 20:33:43,W 31 St & 7 Ave,6331,W 35 St & Dyer Ave,6569,40.749156,-73.9916,40.754691750226016,-73.99740189313889,member
1569476,40EA9FF29591F339,electric_bike,2022-03-25 16:08:43,2022-03-25 16:21:27,E 39 St & 2 Ave,6345,W 35 St & Dyer Ave,6569,40.74803319428767,-73.973827958107,40.754691750226016,-73.99740189313889,member
1569496,A76B6D4BB1769A8A,classic_bike,2022-03-18 19:19:58,2022-03-18 19:28:43,W 15 St & 10 Ave,6115,W 35 St & Dyer Ave,6569,40.74275382865903,-74.00747358798981,40.754691750226016,-73.99740189313889,member
1569497,6E932A2E23CC2AF8,classic_bike,2022-03-30 19:26:49,2022-03-30 19:40:52,Broadway & W 53 St,6779,W 35 St & Dyer Ave,6569,40.76344058,-73.98268129,40.754691750226016,-73.99740189313889,member
1569500,218BD7FC1B08FA43,classic_bike,2022-03-07 22:15:06,2022-03-07 22:19:11,W 41 St & 8 Ave,6602,W 35 St & Dyer Ave,6569,40.75640548,-73.9900262,40.754691750226016,-73.99740189313889,member
1569501,E2A2EFD37FA3B15D,classic_bike,2022-03-17 22:14:38,2022-03-17 22:19:52,W 41 St & 8 Ave,6602,W 35 St & Dyer Ave,6569,40.75640548,-73.9900262,40.754691750226016,-73.99740189313889,member
1569505,32FA99C7F39C2635,electric_bike,2022-03-30 03:45:04,2022-03-30 03:48:33,W 41 St & 8 Ave,6602,W 35 St & Dyer Ave,6569,40.75640548,-73.9900262,40.754691750226016,-73.99740189313889,member
1569509,2A646EB8ED2658D3,classic_bike,2022-03-25 22:16:53,2022-03-25 22:21:35,W 41 St & 8 Ave,6602,W 35 St & Dyer Ave,6569,40.75640548,-73.9900262,40.754691750226016,-73.99740189313889,member
1569520,8F9F1BF135744BC0,electric_bike,2022-03-11 14:41:04,2022-03-11 14:44:55,W 41 St & 8 Ave,6602,W 35 St & Dyer Ave,6569,40.75640548,-73.9900262,40.754691750226016,-73.99740189313889,member
1569536,2BB1E1EBBA38454E,electric_bike,2022-03-20 18:41:50,2022-03-20 19:00:45,Bayard St & Baxter St,5351,W 35 St & Dyer Ave,6569,40.71602118,-73.99974372,40.754691750226016,-73.99740189313889,member
1569545,A1A0625F32985717,electric_bike,2022-03-23 09:06:05,2022-03-23 09:15:01,W 21 St & 6 Ave,6140,W 35 St & Dyer Ave,6569,40.74173969,-73.99415556,40.754691750226016,-73.99740189313889,member
1569553,9117ED953CBD55E1,electric_bike,2022-03-26 01:22:41,2022-03-26 01:26:47,W 41 St & 8 Ave,6602,W 35 St & Dyer Ave,6569,40.75640548,-73.9900262,40.754691750226016,-73.99740189313889,member
1569559,40033C60C10A429B,classic_bike,2022-03-14 07:48:20,2022-03-14 07:51:32,W 41 St & 8 Ave,6602,W 35 St & Dyer Ave,6569,40.75640548,-73.9900262,40.754691750226016,-73.99740189313889,member
1569567,2ECE58FF18E6EDE1,classic_bike,2022-03-30 14:20:05,2022-03-30 14:23:56,W 41 St & 8 Ave,6602,W 35 St & Dyer Ave,6569,40.75640548,-73.9900262,40.754691750226016,-73.99740189313889,member
1569583,E4862CE9F8A069F3,classic_bike,2022-03-05 19:18:28,2022-03-05 19:31:57,W 21 St & 6 Ave,6140,W 35 St & Dyer Ave,6569,40.74173969,-73.99415556,40.754691750226016,-73.99740189313889,member
1569587,4FD1C0C721103319,classic_bike,2022-03-30 19:10:07,2022-03-30 19:18:27,W 49 St & 8 Ave,6747,W 35 St & Dyer Ave,6569,40.76227205,-73.98788205,40.754691750226016,-73.99740189313889,member
1569599,450773EDFED117EB,classic_bike,2022-03-03 09:43:52,2022-03-03 09:54:28,E 40 St & Park Ave,6432,W 35 St & Dyer Ave,6569,40.750756,-73.978326,40.754691750226016,-73.99740189313889,member
1569601,D6C3737D1DD28A7D,electric_bike,2022-03-16 08:58:49,2022-03-16 09:05:47,E 40 St & Park Ave,6432,W 35 St & Dyer Ave,6569,40.750756,-73.978326,40.754691750226016,-73.99740189313889,member
1569604,A4A48F839B9063D9,classic_bike,2022-03-27 19:03:17,2022-03-27 19:11:24,W 21 St & 6 Ave,6140,W 35 St & Dyer Ave,6569,40.74173969,-73.99415556,40.754691750226016,-73.99740189313889,member
1569605,76AE16864595DFAF,classic_bike,2022-03-15 08:59:44,2022-03-15 09:08:17,W 49 St & 8 Ave,6747,W 35 St & Dyer Ave,6569,40.76227205,-73.98788205,40.754691750226016,-73.99740189313889,member
1569632,F6EFB43F0EC0E3F5,classic_bike,2022-03-23 09:12:15,2022-03-23 09:39:27,1 Ave & E 78 St,7020,W 35 St & Dyer Ave,6569,40.77140426,-73.9535166,40.754691750226016,-73.99740189313889,member
1569646,A356602717022223,classic_bike,2022-03-23 10:37:34,2022-03-23 11:10:20,Broadway & Roebling St,5125,W 35 St & Dyer Ave,6569,40.70924826276157,-73.96063148975372,40.754691750226016,-73.99740189313889,member
1569659,ADF9BFA62EB97673,classic_bike,2022-03-02 08:56:49,2022-03-02 09:27:08,1 Ave & E 78 St,7020,W 35 St & Dyer Ave,6569,40.77140426,-73.9535166,40.754691750226016,-73.99740189313889,member
1569671,B7C07F20B8ABD9B6,classic_bike,2022-03-31 14:53:32,2022-03-31 15:00:33,W 27 St & 7 Ave,6247,W 35 St & Dyer Ave,6569,40.746647,-73.993915,40.754691750226016,-73.99740189313889,member
1569676,0B52597C943E1295,classic_bike,2022-03-20 14:24:44,2022-03-20 14:36:56,Broadway & W 25 St,6173,W 35 St & Dyer Ave,6569,40.74286877312112,-73.98918628692627,40.754691750226016,-73.99740189313889,member
1569684,4F31237A58B21BE9,classic_bike,2022-03-22 08:13:04,2022-03-22 08:19:18,W 27 St & 7 Ave,6247,W 35 St & Dyer Ave,6569,40.746647,-73.993915,40.754691750226016,-73.99740189313889,member
1569692,25F4CDC6214C439B,classic_bike,2022-03-23 10:49:38,2022-03-23 10:59:18,W 16 St & The High Line,6233,W 35 St & Dyer Ave,6569,40.74334935,-74.00681753,40.754691750226016,-73.99740189313889,member
1569700,DBB324373DD17141,classic_bike,2022-03-22 14:48:25,2022-03-22 14:56:02,W 27 St & 7 Ave,6247,W 35 St & Dyer Ave,6569,40.746647,-73.993915,40.754691750226016,-73.99740189313889,casual
1569706,06F78E6FEE799B79,classic_bike,2022-03-15 20:12:11,2022-03-15 20:40:06,Bus Slip & State St,4889,W 35 St & Dyer Ave,6569,40.701907,-74.013942,40.754691750226016,-73.99740189313889,member
1569708,8BA69383AB2F6F7B,classic_bike,2022-03-23 19:38:29,2022-03-23 19:44:17,Broadway & W 38 St,6560,W 35 St & Dyer Ave,6569,40.7529728216068,-73.98734897375107,40.754691750226016,-73.99740189313889,member
1569709,E9246E5988A1A122,electric_bike,2022-03-07 09:16:48,2022-03-07 09:22:46,W 16 St & The High Line,6233,W 35 St & Dyer Ave,6569,40.74334935,-74.00681753,40.754691750226016,-73.99740189313889,member
1569730,6CB8025F6A4EAD74,classic_bike,2022-03-25 08:17:58,2022-03-25 08:24:01,W 27 St & 7 Ave,6247,W 35 St & Dyer Ave,6569,40.746647,-73.993915,40.754691750226016,-73.99740189313889,member
1569731,2E51ED049DECCFDB,electric_bike,2022-03-28 08:14:10,2022-03-28 08:18:45,W 27 St & 7 Ave,6247,W 35 St & Dyer Ave,6569,40.746647,-73.993915,40.754691750226016,-73.99740189313889,member
1569735,AD57139C87CCDECF,electric_bike,2022-03-10 08:58:57,2022-03-10 09:05:21,W 16 St & The High Line,6233,W 35 St & Dyer Ave,6569,40.74334935,-74.00681753,40.754691750226016,-73.99740189313889,member
1569748,9DE407A0D2DD9131,classic_bike,2022-03-07 18:56:34,2022-03-07 19:04:54,Broadway & W 25 St,6173,W 35 St & Dyer Ave,6569,40.74286877312112,-73.98918628692627,40.754691750226016,-73.99740189313889,casual
1569756,831EDB13AD5EE41E,classic_bike,2022-03-19 17:56:39,2022-03-19 18:06:08,W 27 St & 7 Ave,6247,W 35 St & Dyer Ave,6569,40.746647,-73.993915,40.754691750226016,-73.99740189313889,member
1569768,62750341DECB0EFA,classic_bike,2022-03-01 19:14:17,2022-03-01 19:21:19,W 27 St & 7 Ave,6247,W 35 St & Dyer Ave,6569,40.746647,-73.993915,40.754691750226016,-73.99740189313889,member
1569772,376F8F9F3505C511,electric_bike,2022-03-24 09:38:33,2022-03-24 09:45:24,W 16 St & The High Line,6233,W 35 St & Dyer Ave,6569,40.74334935,-74.00681753,40.754691750226016,-73.99740189313889,member
1569775,A2AC796A33A9288E,electric_bike,2022-03-21 16:34:22,2022-03-21 16:39:35,W 27 St & 7 Ave,6247,W 35 St & Dyer Ave,6569,40.746647,-73.993915,40.754691750226016,-73.99740189313889,member
1569776,09983BB510B108B9,classic_bike,2022-03-31 13:08:53,2022-03-31 13:15:23,Broadway & W 38 St,6560,W 35 St & Dyer Ave,6569,40.7529728216068,-73.98734897375107,40.754691750226016,-73.99740189313889,member
1569786,02220A4DBA5716E3,electric_bike,2022-03-29 08:09:27,2022-03-29 08:14:40,W 27 St & 7 Ave,6247,W 35 St & Dyer Ave,6569,40.746647,-73.993915,40.754691750226016,-73.99740189313889,member
1569790,EC4C6C02D2C6DE2F,classic_bike,2022-03-24 08:14:09,2022-03-24 08:20:55,W 27 St & 7 Ave,6247,W 35 St & Dyer Ave,6569,40.746647,-73.993915,40.754691750226016,-73.99740189313889,member
1569797,DDBEAEC716497F59,classic_bike,2022-03-22 17:50:29,2022-03-22 18:03:32,Broadway & W 25 St,6173,W 35 St & Dyer Ave,6569,40.74286877312112,-73.98918628692627,40.754691750226016,-73.99740189313889,member
1569798,CCBF87078B1CFA0E,classic_bike,2022-03-15 09:22:59,2022-03-15 09:30:30,W 16 St & The High Line,6233,W 35 St & Dyer Ave,6569,40.74334935,-74.00681753,40.754691750226016,-73.99740189313889,member
1569805,F5AA79F5AD9939B7,classic_bike,2022-03-16 14:36:46,2022-03-16 14:42:47,W 27 St & 7 Ave,6247,W 35 St & Dyer Ave,6569,40.746647,-73.993915,40.754691750226016,-73.99740189313889,member
1569819,9E9F22F7D5E604A5,classic_bike,2022-03-08 21:04:08,2022-03-08 21:10:26,Broadway & W 38 St,6560,W 35 St & Dyer Ave,6569,40.7529728216068,-73.98734897375107,40.754691750226016,-73.99740189313889,member
1569829,35339E1647C80092,electric_bike,2022-03-21 19:09:03,2022-03-21 19:16:50,Broadway & W 25 St,6173,W 35 St & Dyer Ave,6569,40.74286877312112,-73.98918628692627,40.754691750226016,-73.99740189313889,member
1569831,85E4B26D54152127,classic_bike,2022-03-12 17:07:49,2022-03-12 17:13:23,W 27 St & 7 Ave,6247,W 35 St & Dyer Ave,6569,40.746647,-73.993915,40.754691750226016,-73.99740189313889,member
1569834,F0A1F1DE37439C4C,electric_bike,2022-03-01 09:18:05,2022-03-01 09:23:24,W 16 St & The High Line,6233,W 35 St & Dyer Ave,6569,40.74334935,-74.00681753,40.754691750226016,-73.99740189313889,member
1569835,72DA8DE78D63D450,electric_bike,2022-03-17 09:46:12,2022-03-17 09:52:49,W 16 St & The High Line,6233,W 35 St & Dyer Ave,6569,40.74334935,-74.00681753,40.754691750226016,-73.99740189313889,member
1569836,FF5FB4491E3556EB,electric_bike,2022-03-08 08:58:48,2022-03-08 09:04:43,W 16 St & The High Line,6233,W 35 St & Dyer Ave,6569,40.74334935,-74.00681753,40.754691750226016,-73.99740189313889,member
1569842,2867F68534B33F25,electric_bike,2022-03-01 10:06:44,2022-03-01 10:12:06,W 27 St & 7 Ave,6247,W 35 St & Dyer Ave,6569,40.746647,-73.993915,40.754691750226016,-73.99740189313889,member
1569843,AC9046BD66C7CFFB,electric_bike,2022-03-02 19:28:27,2022-03-02 19:33:36,Broadway & W 38 St,6560,W 35 St & Dyer Ave,6569,40.7529728216068,-73.98734897375107,40.754691750226016,-73.99740189313889,member
1569844,158F203F1D120EBB,electric_bike,2022-03-18 09:38:56,2022-03-18 09:45:17,W 16 St & The High Line,6233,W 35 St & Dyer Ave,6569,40.74334935,-74.00681753,40.754691750226016,-73.99740189313889,member
1569848,55B0B28705A3AB4D,classic_bike,2022-03-18 22:20:32,2022-03-18 22:25:38,W 41 St & 8 Ave,6602,W 35 St & Dyer Ave,6569,40.75640548,-73.9900262,40.754691750226016,-73.99740189313889,member
1569858,FBF6C653FD5E105C,electric_bike,2022-03-31 16:18:38,2022-03-31 16:25:19,Broadway & W 25 St,6173,W 35 St & Dyer Ave,6569,40.74286877312112,-73.98918628692627,40.754691750226016,-73.99740189313889,casual
1569868,E4F45774C11EC667,electric_bike,2022-03-05 00:14:21,2022-03-05 00:20:26,W 22 St & 8 Ave,6224,W 35 St & Dyer Ave,6569,40.74475148,-73.99915362,40.754691750226016,-73.99740189313889,member
1569870,B6FA2B5B8BCFFB0E,electric_bike,2022-03-23 08:39:16,2022-03-23 08:43:27,Broadway & W 38 St,6560,W 35 St & Dyer Ave,6569,40.7529728216068,-73.98734897375107,40.754691750226016,-73.99740189313889,member
1569873,F3E8034B2A872B7E,electric_bike,2022-03-11 07:45:11,2022-03-11 07:50:15,W 27 St & 7 Ave,6247,W 35 St & Dyer Ave,6569,40.746647,-73.993915,40.754691750226016,-73.99740189313889,member
1569879,BBC51E33DCBBBD11,electric_bike,2022-03-24 16:02:23,2022-03-24 16:10:25,Broadway & W 25 St,6173,W 35 St & Dyer Ave,6569,40.74286877312112,-73.98918628692627,40.754691750226016,-73.99740189313889,casual
1569885,DDE9A77FBFAC43F0,classic_bike,2022-03-09 11:59:43,2022-03-09 12:06:20,W 22 St & 8 Ave,6224,W 35 St & Dyer Ave,6569,40.74475148,-73.99915362,40.754691750226016,-73.99740189313889,member
1569887,46DB23BD22A3E5CE,classic_bike,2022-03-18 14:06:34,2022-03-18 14:17:09,W 51 St & 6 Ave,6740,W 35 St & Dyer Ave,6569,40.7606597,-73.98042047,40.754691750226016,-73.99740189313889,member
1569896,D6D75E94E27CDC23,electric_bike,2022-03-05 16:59:02,2022-03-05 17:06:15,W 22 St & 8 Ave,6224,W 35 St & Dyer Ave,6569,40.74475148,-73.99915362,40.754691750226016,-73.99740189313889,member
1569897,C052FB6B1D507706,classic_bike,2022-03-08 18:13:01,2022-03-08 18:24:01,W 51 St & 6 Ave,6740,W 35 St & Dyer Ave,6569,40.7606597,-73.98042047,40.754691750226016,-73.99740189313889,member
1569925,1A26FC42840EE894,classic_bike,2022-03-02 22:39:43,2022-03-02 22:48:56,W 22 St & 8 Ave,6224,W 35 St & Dyer Ave,6569,40.74475148,-73.99915362,40.754691750226016,-73.99740189313889,casual
1569926,5ADF26D27D1DE2DF,classic_bike,2022-03-15 21:27:15,2022-03-15 21:36:33,W 22 St & 8 Ave,6224,W 35 St & Dyer Ave,6569,40.74475148,-73.99915362,40.754691750226016,-73.99740189313889,casual
1569937,70528B0D1AF2674E,classic_bike,2022-03-21 21:22:48,2022-03-21 21:48:48,MacDougal St & Prince St,5687,W 35 St & Dyer Ave,6569,40.72710258,-74.00297088,40.754691750226016,-73.99740189313889,casual
1569946,45FD45A0793CC47F,electric_bike,2022-03-10 00:07:08,2022-03-10 00:11:38,W 22 St & 8 Ave,6224,W 35 St & Dyer Ave,6569,40.74475148,-73.99915362,40.754691750226016,-73.99740189313889,member
1570147,D63BD1E7E7D678EE,electric_bike,2022-03-24 07:59:21,2022-03-24 08:22:22,Riverside Dr & W 104 St,7623,W 35 St & Dyer Ave,6569,40.8013434,-73.9711457439,40.754691750226016,-73.99740189313889,member
1570165,2D5B9632762B9881,electric_bike,2022-03-11 23:00:28,2022-03-11 23:16:27,Pier 40 - Hudson River Park,5696,W 35 St & Dyer Ave,6569,40.7277140777778,-74.01129573583603,40.754691750226016,-73.99740189313889,casual
1570167,CEE4EE26F8E65D10,classic_bike,2022-03-07 15:07:38,2022-03-07 15:25:51,W 13 St & 5 Ave,5947,W 35 St & Dyer Ave,6569,40.735445,-73.99431,40.754691750226016,-73.99740189313889,member
1570189,176A86857F3007C6,classic_bike,2022-03-03 19:41:58,2022-03-03 19:52:41,W 44 St & 5 Ave,6551,W 35 St & Dyer Ave,6569,40.75500254,-73.98014437,40.754691750226016,-73.99740189313889,member
1570242,1C065EA2F56ABB93,electric_bike,2022-03-18 08:11:39,2022-03-18 08:29:49,W 100 St & Manhattan Ave,7538,W 35 St & Dyer Ave,6569,40.795,-73.9645,40.754691750226016,-73.99740189313889,member
1570263,BA26D38D49A66B54,classic_bike,2022-03-07 11:25:23,2022-03-07 11:27:03,W 34 St &\tHudson Blvd E,6535,W 35 St & Dyer Ave,6569,40.75516719072139,-74.00059908628464,40.754691750226016,-73.99740189313889,member
1570264,0F922DD20C7E5018,classic_bike,2022-03-07 11:56:08,2022-03-07 11:57:49,W 34 St &\tHudson Blvd E,6535,W 35 St & Dyer Ave,6569,40.75516719072139,-74.00059908628464,40.754691750226016,-73.99740189313889,member
1570265,F2F47C9A316A3BD2,classic_bike,2022-03-07 12:01:35,2022-03-07 12:03:01,W 34 St &\tHudson Blvd E,6535,W 35 St & Dyer Ave,6569,40.75516719072139,-74.00059908628464,40.754691750226016,-73.99740189313889,member
1570266,25389F9F96620C07,classic_bike,2022-03-07 11:51:22,2022-03-07 11:52:52,W 34 St &\tHudson Blvd E,6535,W 35 St & Dyer Ave,6569,40.75516719072139,-74.00059908628464,40.754691750226016,-73.99740189313889,member
1570267,F47F225312CEB100,classic_bike,2022-03-07 11:46:08,2022-03-07 11:47:58,W 34 St &\tHudson Blvd E,6535,W 35 St & Dyer Ave,6569,40.75516719072139,-74.00059908628464,40.754691750226016,-73.99740189313889,member
1570268,10767C0EF0B4E647,classic_bike,2022-03-07 11:20:04,2022-03-07 11:21:45,W 34 St &\tHudson Blvd E,6535,W 35 St & Dyer Ave,6569,40.75516719072139,-74.00059908628464,40.754691750226016,-73.99740189313889,member
1570274,BA9FDD093387F711,classic_bike,2022-03-02 14:17:45,2022-03-02 14:20:13,W 34 St &\tHudson Blvd E,6535,W 35 St & Dyer Ave,6569,40.75516719072139,-74.00059908628464,40.754691750226016,-73.99740189313889,member
1570295,F23A85D1F3D848A5,classic_bike,2022-03-14 19:48:39,2022-03-14 19:57:18,Greenwich Ave & 8 Ave,6072,W 35 St & Dyer Ave,6569,40.7390169121,-74.0026376103,40.754691750226016,-73.99740189313889,member
1570296,8C54166D34CB598F,classic_bike,2022-03-28 20:01:32,2022-03-28 20:10:48,Greenwich Ave & 8 Ave,6072,W 35 St & Dyer Ave,6569,40.7390169121,-74.0026376103,40.754691750226016,-73.99740189313889,member
1570297,99E884C22809266C,classic_bike,2022-03-05 20:04:40,2022-03-05 20:13:07,Greenwich Ave & 8 Ave,6072,W 35 St & Dyer Ave,6569,40.7390169121,-74.0026376103,40.754691750226016,-73.99740189313889,member
1570312,D5267D61A99B3759,classic_bike,2022-03-23 22:40:56,2022-03-23 22:52:40,Greenwich Ave & 8 Ave,6072,W 35 St & Dyer Ave,6569,40.7390169121,-74.0026376103,40.754691750226016,-73.99740189313889,member
1570348,EA34B1FB93250EDE,electric_bike,2022-03-29 17:25:37,2022-03-29 17:35:50,E 27 St & Park Ave S,6131,W 35 St & Dyer Ave,6569,40.74275179648995,-73.9847157150507,40.754691750226016,-73.99740189313889,member
1570358,5FFAF5F299086A95,electric_bike,2022-03-19 19:41:39,2022-03-19 20:10:15,South St & Gouverneur Ln,4953,W 35 St & Dyer Ave,6569,40.70355377,-74.00670227,40.754691750226016,-73.99740189313889,casual
1570364,A0A0EE163803C105,electric_bike,2022-03-30 19:47:51,2022-03-30 19:53:25,W 20 St & 10 Ave,6306,W 35 St & Dyer Ave,6569,40.745686,-74.005141,40.754691750226016,-73.99740189313889,member
1570373,22846D9B65C1D201,electric_bike,2022-03-02 12:38:16,2022-03-02 12:48:18,E 27 St & Park Ave S,6131,W 35 St & Dyer Ave,6569,40.74275179648995,-73.9847157150507,40.754691750226016,-73.99740189313889,member
1570375,A8531975CB9D41F0,electric_bike,2022-03-27 10:34:56,2022-03-27 10:44:10,E 27 St & Park Ave S,6131,W 35 St & Dyer Ave,6569,40.74275179648995,-73.9847157150507,40.754691750226016,-73.99740189313889,member
1570384,D2AE3267FE04085B,electric_bike,2022-03-09 17:52:29,2022-03-09 18:01:21,E 27 St & Park Ave S,6131,W 35 St & Dyer Ave,6569,40.74275179648995,-73.9847157150507,40.754691750226016,-73.99740189313889,member
1570391,AC6081A381F0F6A0,electric_bike,2022-03-18 18:43:47,2022-03-18 18:54:35,Greenwich Ave & 8 Ave,6072,W 35 St & Dyer Ave,6569,40.7390169121,-74.0026376103,40.754691750226016,-73.99740189313889,member
1570399,8D73C09040A478DD,classic_bike,2022-03-21 19:40:31,2022-03-21 19:50:44,Greenwich Ave & 8 Ave,6072,W 35 St & Dyer Ave,6569,40.7390169121,-74.0026376103,40.754691750226016,-73.99740189313889,member
1570408,CF84CB6CD2018341,electric_bike,2022-03-23 11:10:14,2022-03-23 11:19:47,W 20 St & 10 Ave,6306,W 35 St & Dyer Ave,6569,40.745686,-74.005141,40.754691750226016,-73.99740189313889,member
1570410,2E1F562DF831F501,classic_bike,2022-03-31 08:37:15,2022-03-31 09:08:49,Avenue D & E 10 St,5575,W 35 St & Dyer Ave,6569,40.72506551015475,-73.97515833377838,40.754691750226016,-73.99740189313889,member
1570415,EF2EE82711B7B4CB,classic_bike,2022-03-03 08:26:59,2022-03-03 08:56:05,Avenue D & E 10 St,5575,W 35 St & Dyer Ave,6569,40.72506551015475,-73.97515833377838,40.754691750226016,-73.99740189313889,member
1570417,9AF9FDE824225097,electric_bike,2022-03-05 13:16:41,2022-03-05 13:23:36,W 50 St & 10 Ave,6890,W 35 St & Dyer Ave,6569,40.76473420006519,-73.99194359779358,40.754691750226016,-73.99740189313889,member
1570477,27268F14D7BECDDB,classic_bike,2022-03-31 21:48:48,2022-03-31 21:52:51,Broadway & W 37 St,6441,W 35 St & Dyer Ave,6569,40.75172632,-73.98753523,40.754691750226016,-73.99740189313889,member
1570489,115294DA87649DD4,electric_bike,2022-03-28 08:03:57,2022-03-28 08:08:18,12 Ave & W 40 St,6765,W 35 St & Dyer Ave,6569,40.76087502,-74.00277668,40.754691750226016,-73.99740189313889,member
1570555,297179DF2688E811,electric_bike,2022-03-29 23:22:20,2022-03-29 23:27:26,W 47 St & 10 Ave,6824,W 35 St & Dyer Ave,6569,40.76269882,-73.99301222,40.754691750226016,-73.99740189313889,member
1570694,BF3062735465336A,electric_bike,2022-03-14 08:38:30,2022-03-14 08:56:52,W 92 St & Broadway,7502,W 35 St & Dyer Ave,6569,40.7921,-73.9739,40.754691750226016,-73.99740189313889,member
1570710,560095010B37D115,classic_bike,2022-03-16 20:12:58,2022-03-16 20:22:43,Broadway\t& W 48 St,6708,W 35 St & Dyer Ave,6569,40.76017739537783,-73.98486793041229,40.754691750226016,-73.99740189313889,member
1570737,B0DD71FB767C1638,classic_bike,2022-03-16 22:15:27,2022-03-16 22:20:07,W 42 St & Dyer Ave,6644,W 35 St & Dyer Ave,6569,40.75898481399634,-73.99379968643188,40.754691750226016,-73.99740189313889,member
1570759,B3D3CEE99928AD2D,classic_bike,2022-03-20 13:10:27,2022-03-20 13:18:53,W 42 St & Dyer Ave,6644,W 35 St & Dyer Ave,6569,40.75898481399634,-73.99379968643188,40.754691750226016,-73.99740189313889,member
1570762,A729304A5BC32280,electric_bike,2022-03-23 09:27:25,2022-03-23 09:51:03,E 92 St & Park Ave,7344,W 35 St & Dyer Ave,6569,40.78385,-73.95416,40.754691750226016,-73.99740189313889,member
1570769,0BE3D7F8934E6904,electric_bike,2022-03-12 02:22:18,2022-03-12 02:28:58,Broadway\t& W 48 St,6708,W 35 St & Dyer Ave,6569,40.76017739537783,-73.98486793041229,40.754691750226016,-73.99740189313889,casual
1570828,947A4D5572342AF3,electric_bike,2022-03-18 18:25:14,2022-03-18 18:32:01,12 Ave & W 40 St,6765,W 35 St & Dyer Ave,6569,40.76087502,-74.00277668,40.754691750226016,-73.99740189313889,member
1570840,EFEFADB2F48E4A3C,classic_bike,2022-03-22 19:13:08,2022-03-22 19:30:21,Lexington Ave & E 24 St,6089,W 35 St & Dyer Ave,6569,40.74025878,-73.98409214,40.754691750226016,-73.99740189313889,member
1570842,41C65923972AAC54,classic_bike,2022-03-11 12:15:48,2022-03-11 12:53:20,West End Ave & W 60 St,7059,W 35 St & Dyer Ave,6569,40.77237,-73.99005,40.754691750226016,-73.99740189313889,casual
1570844,D18FED2FCB60D398,electric_bike,2022-03-18 09:17:00,2022-03-18 09:25:32,Lexington Ave & E 24 St,6089,W 35 St & Dyer Ave,6569,40.74025878,-73.98409214,40.754691750226016,-73.99740189313889,member
1570845,3BEC389CFF1E8521,electric_bike,2022-03-10 08:42:02,2022-03-10 08:55:58,Lexington Ave & E 24 St,6089,W 35 St & Dyer Ave,6569,40.74025878,-73.98409214,40.754691750226016,-73.99740189313889,member
1570904,F2DADE6FC01C64AA,electric_bike,2022-03-22 22:50:21,2022-03-22 23:04:16,E 13 St & 2 Ave,5820,W 35 St & Dyer Ave,6569,40.73153937464073,-73.9853024482727,40.754691750226016,-73.99740189313889,casual
1570908,F1C43C7EB04ABA41,electric_bike,2022-03-03 11:47:42,2022-03-03 11:55:26,W 50 St & 10 Ave,6890,W 35 St & Dyer Ave,6569,40.76473420006519,-73.99194359779358,40.754691750226016,-73.99740189313889,member
1570912,28C5944A88EE9803,classic_bike,2022-03-21 13:05:37,2022-03-21 13:18:53,Greenwich Ave & 8 Ave,6072,W 35 St & Dyer Ave,6569,40.7390169121,-74.0026376103,40.754691750226016,-73.99740189313889,casual
1570954,2224D94457D5418D,classic_bike,2022-03-29 11:54:17,2022-03-29 12:13:18,Greenwich Ave & 8 Ave,6072,W 35 St & Dyer Ave,6569,40.7390169121,-74.0026376103,40.754691750226016,-73.99740189313889,member
1571004,F521B711650D1FA8,classic_bike,2022-03-23 17:15:54,2022-03-23 17:33:06,Grand Army Plaza & Central Park S,6839,W 35 St & Dyer Ave,6569,40.7643971,-73.97371465,40.754691750226016,-73.99740189313889,member
1571020,16B584C1B07AF77F,classic_bike,2022-03-30 16:46:42,2022-03-30 16:51:24,W 36 St & 7 Ave,6483,W 35 St & Dyer Ave,6569,40.752149,-73.989539,40.754691750226016,-73.99740189313889,member
1571025,AFC48E808811DE52,classic_bike,2022-03-07 11:09:19,2022-03-07 11:14:35,W 36 St & 7 Ave,6483,W 35 St & Dyer Ave,6569,40.752149,-73.989539,40.754691750226016,-73.99740189313889,member
1571039,DE70B81E59285AF4,electric_bike,2022-03-18 16:30:52,2022-03-18 16:43:22,E 27 St & Park Ave S,6131,W 35 St & Dyer Ave,6569,40.74275179648995,-73.9847157150507,40.754691750226016,-73.99740189313889,member
1571051,40FFA1EF87341F84,electric_bike,2022-03-05 19:53:29,2022-03-05 19:59:45,W 36 St & 7 Ave,6483,W 35 St & Dyer Ave,6569,40.752149,-73.989539,40.754691750226016,-73.99740189313889,casual
1571058,34EBA5F686CE548C,electric_bike,2022-03-23 11:54:03,2022-03-23 12:01:20,W 18 St & 9 Ave,6190,W 35 St & Dyer Ave,6569,40.7435337324616,-74.00367558002472,40.754691750226016,-73.99740189313889,member
1571081,36D2FA1EE06C3FA3,classic_bike,2022-03-02 09:43:42,2022-03-02 10:00:39,E 51 St & 2 Ave,6575,W 35 St & Dyer Ave,6569,40.755293,-73.967641,40.754691750226016,-73.99740189313889,member
1571100,F493CADE358AC040,electric_bike,2022-03-06 23:27:43,2022-03-06 23:33:13,W 43 St & 10 Ave,6756,W 35 St & Dyer Ave,6569,40.76009437,-73.99461843,40.754691750226016,-73.99740189313889,member
1571108,BFF256FEED4AB00C,classic_bike,2022-03-04 17:29:54,2022-03-04 17:47:54,E 58 St & Madison Ave,6839,W 35 St & Dyer Ave,6569,40.76302594280519,-73.97209525108337,40.754691750226016,-73.99740189313889,member
1571189,14B4325A57BDDC0A,classic_bike,2022-03-10 20:38:57,2022-03-10 20:42:14,W 39 St & 9 Ave,6644,W 35 St & Dyer Ave,6569,40.75645824,-73.99372222,40.754691750226016,-73.99740189313889,member
1571219,DB93D1B4DDA1B097,electric_bike,2022-03-21 07:41:55,2022-03-21 07:49:46,6 Ave & W 45 St,6593,W 35 St & Dyer Ave,6569,40.756951,-73.982631,40.754691750226016,-73.99740189313889,member
1571232,5AA86B61826D460A,classic_bike,2022-03-16 09:34:37,2022-03-16 09:42:54,Broadway & W 29 St,6289,W 35 St & Dyer Ave,6569,40.7462009,-73.98855723,40.754691750226016,-73.99740189313889,member
1571300,40A0DE23BB832CD2,electric_bike,2022-03-08 21:21:24,2022-03-08 21:29:55,Broadway & W 53 St,6779,W 35 St & Dyer Ave,6569,40.76344058,-73.98268129,40.754691750226016,-73.99740189313889,casual
1571302,FB54E184787A53CC,electric_bike,2022-03-31 18:55:21,2022-03-31 19:12:49,Spring St & Hudson St,5653,W 35 St & Dyer Ave,6569,40.72583996792375,-74.0076532959938,40.754691750226016,-73.99740189313889,casual
1571312,F30184AE5BA6E87E,docked_bike,2022-03-07 03:27:47,2022-03-07 03:40:48,W 36 St & 9 Ave,6569,Broadway & W 51 St,6779,40.754623,-73.995168,40.762288,-73.983362,casual
1571329,400554A981110F1C,electric_bike,2022-03-11 16:27:04,2022-03-11 16:36:56,W 36 St & 9 Ave,6569,E 31 St & 3 Ave,6239,40.75462324029105,-73.99516761302948,40.74394314,-73.97966069,member
1571333,0903F0A88D2E156E,electric_bike,2022-03-26 15:04:41,2022-03-26 16:37:34,W 36 St & 9 Ave,6569,Lawrence St & Willoughby St,4596,40.75462324029105,-73.99516761302948,40.69236178,-73.98631746,casual
1571347,CADAED7B6331B724,classic_bike,2022-03-10 17:15:36,2022-03-10 17:45:18,1 Ave & E 68 St,6822,W 35 St & Dyer Ave,6569,40.76500525,-73.95818491,40.754691750226016,-73.99740189313889,member
1571352,1367FD8B4B5A83C7,classic_bike,2022-03-08 19:47:02,2022-03-08 19:55:53,Broadway & W 25 St,6173,W 35 St & Dyer Ave,6569,40.74286877312112,-73.98918628692627,40.754691750226016,-73.99740189313889,casual
1571365,FADD1D41C2348236,classic_bike,2022-03-16 20:23:15,2022-03-16 20:56:23,W 36 St & 9 Ave,6569,Center Blvd & 48 Ave,6254,40.75462324029105,-73.99516761302948,40.745038,-73.957539,member
1571387,509898985CB1726C,electric_bike,2022-03-23 10:47:58,2022-03-23 10:57:39,E 40 St & Park Ave,6432,W 35 St & Dyer Ave,6569,40.750756,-73.978326,40.754691750226016,-73.99740189313889,member
1571397,6892379E226CE2CB,classic_bike,2022-03-26 20:40:43,2022-03-26 20:48:09,9 Ave & W 22 St,6266,W 35 St & Dyer Ave,6569,40.7454973,-74.00197139,40.754691750226016,-73.99740189313889,member
1571401,49B0DE22534C1A10,classic_bike,2022-03-23 18:37:15,2022-03-23 18:43:33,W 27 St & 7 Ave,6247,W 35 St & Dyer Ave,6569,40.746647,-73.993915,40.754691750226016,-73.99740189313889,member
1571407,FC51B4874BA84681,classic_bike,2022-03-04 12:13:46,2022-03-04 12:15:14,W 35 St & 9 Ave,6569,W 35 St & Dyer Ave,6569,40.75414519263519,-73.9960889518261,40.754691750226016,-73.99740189313889,member
1571409,3B7E1D5A3C00E659,classic_bike,2022-03-31 18:15:10,2022-03-31 18:16:56,W 35 St & 9 Ave,6569,W 35 St & Dyer Ave,6569,40.75414519263519,-73.9960889518261,40.754691750226016,-73.99740189313889,member
1571411,9BC5D256D36CAADB,classic_bike,2022-03-16 09:27:56,2022-03-16 09:28:45,W 35 St & 9 Ave,6569,W 35 St & Dyer Ave,6569,40.75414519263519,-73.9960889518261,40.754691750226016,-73.99740189313889,member
1571416,C093DF3E7AC428B5,classic_bike,2022-03-21 17:26:23,2022-03-21 17:34:52,W 35 St & 9 Ave,6569,Broadway & W 51 St,6779,40.75414519263519,-73.9960889518261,40.76228826,-73.98336183,member
1571426,131C80E29F7B192E,classic_bike,2022-03-15 20:31:25,2022-03-15 20:45:52,Lexington Ave & E 24 St,6089,W 35 St & Dyer Ave,6569,40.74025878,-73.98409214,40.754691750226016,-73.99740189313889,member
1571440,3914C13B3509D419,classic_bike,2022-03-28 08:01:08,2022-03-28 08:02:01,W 35 St & 9 Ave,6569,W 35 St & Dyer Ave,6569,40.75414519263519,-73.9960889518261,40.754691750226016,-73.99740189313889,member
1571448,879CE720A03C986E,classic_bike,2022-03-08 21:04:22,2022-03-08 21:10:21,Broadway & W 38 St,6560,W 35 St & Dyer Ave,6569,40.7529728216068,-73.98734897375107,40.754691750226016,-73.99740189313889,member
1571463,F9881CDF22F2E2E4,classic_bike,2022-03-25 07:15:57,2022-03-25 07:23:13,E 40 St & 5 Ave,6474,W 35 St & Dyer Ave,6569,40.752062307,-73.9816324043,40.754691750226016,-73.99740189313889,member
1571473,ABF4E4863D794594,classic_bike,2022-03-08 09:49:43,2022-03-08 09:54:47,Broadway & W 38 St,6560,W 35 St & Dyer Ave,6569,40.7529728216068,-73.98734897375107,40.754691750226016,-73.99740189313889,member
1571476,1CBF10F321AE696C,classic_bike,2022-03-29 18:19:20,2022-03-29 18:26:06,Broadway & W 38 St,6560,W 35 St & Dyer Ave,6569,40.7529728216068,-73.98734897375107,40.754691750226016,-73.99740189313889,member
1571498,887D312B01FFBDA2,electric_bike,2022-03-18 21:21:46,2022-03-18 21:46:21,Broadway & W 38 St,6560,W 35 St & Dyer Ave,6569,40.7529728216068,-73.98734897375107,40.754691750226016,-73.99740189313889,member
1571499,1DB790E35BE24340,electric_bike,2022-03-19 03:15:37,2022-03-19 03:52:10,W 27 St & 7 Ave,6247,W 35 St & Dyer Ave,6569,40.746647,-73.993915,40.754691750226016,-73.99740189313889,member
1571504,EA50B33F78F0E228,classic_bike,2022-03-22 11:38:54,2022-03-22 11:43:40,6 Ave & W 33 St,6364,W 35 St & Dyer Ave,6569,40.74901271,-73.98848395,40.754691750226016,-73.99740189313889,member
1571513,B60B147FB87348C9,electric_bike,2022-03-17 16:30:23,2022-03-17 16:34:53,W 27 St & 7 Ave,6247,W 35 St & Dyer Ave,6569,40.746647,-73.993915,40.754691750226016,-73.99740189313889,member
1571514,5B6AFE0BD63E5783,classic_bike,2022-03-31 06:34:10,2022-03-31 06:40:21,E 40 St & 5 Ave,6474,W 35 St & Dyer Ave,6569,40.752062307,-73.9816324043,40.754691750226016,-73.99740189313889,member
1571516,FF0066C207C5188C,classic_bike,2022-03-11 08:41:29,2022-03-11 08:49:56,6 Ave & W 33 St,6364,W 35 St & Dyer Ave,6569,40.74901271,-73.98848395,40.754691750226016,-73.99740189313889,member
1571521,CBA6A71C29ADB818,electric_bike,2022-03-15 09:57:01,2022-03-15 10:03:26,6 Ave & W 33 St,6364,W 35 St & Dyer Ave,6569,40.74901271,-73.98848395,40.754691750226016,-73.99740189313889,member
1571524,67AEA414F36D30AE,classic_bike,2022-03-23 06:37:28,2022-03-23 06:42:19,6 Ave & W 33 St,6364,W 35 St & Dyer Ave,6569,40.74901271,-73.98848395,40.754691750226016,-73.99740189313889,member
1571529,4924E43AE8DABCBE,classic_bike,2022-03-31 18:37:57,2022-03-31 18:45:38,6 Ave & W 33 St,6364,W 35 St & Dyer Ave,6569,40.74901271,-73.98848395,40.754691750226016,-73.99740189313889,member
1571530,FD2BBF82760AC6A7,classic_bike,2022-03-30 06:38:10,2022-03-30 06:44:43,E 40 St & 5 Ave,6474,W 35 St & Dyer Ave,6569,40.752062307,-73.9816324043,40.754691750226016,-73.99740189313889,member
1571541,8008BFA38DBC8CF4,classic_bike,2022-03-05 22:57:58,2022-03-05 23:03:21,6 Ave & W 33 St,6364,W 35 St & Dyer Ave,6569,40.74901271,-73.98848395,40.754691750226016,-73.99740189313889,member
1571543,417533C3CE23418C,classic_bike,2022-03-23 21:44:10,2022-03-23 21:52:25,E 40 St & 5 Ave,6474,W 35 St & Dyer Ave,6569,40.752062307,-73.9816324043,40.754691750226016,-73.99740189313889,casual
1571545,76858254C2A4BAB9,classic_bike,2022-03-18 15:40:53,2022-03-18 15:45:27,6 Ave & W 33 St,6364,W 35 St & Dyer Ave,6569,40.74901271,-73.98848395,40.754691750226016,-73.99740189313889,member
1571547,361E94F6FA4BA7B7,classic_bike,2022-03-31 20:59:43,2022-04-01 10:46:52,6 Ave & W 33 St,6364,W 35 St & Dyer Ave,6569,40.74901271,-73.98848395,40.754691750226016,-73.99740189313889,member
1571569,3A75425726EFD474,electric_bike,2022-03-09 17:34:09,2022-03-09 17:35:13,W 35 St & 9 Ave,6569,W 35 St & Dyer Ave,6569,40.75414519263519,-73.9960889518261,40.754691750226016,-73.99740189313889,member
1571576,DDD6436422ADAB64,classic_bike,2022-03-28 18:55:26,2022-03-28 18:56:18,W 35 St & 9 Ave,6569,W 35 St & Dyer Ave,6569,40.75414519263519,-73.9960889518261,40.754691750226016,-73.99740189313889,member
1571619,5C05447EA6A71B53,classic_bike,2022-03-24 06:28:17,2022-03-24 06:34:51,E 41 St & Madison Ave (SE corner),6432,W 35 St & Dyer Ave,6569,40.752049,-73.979635,40.754691750226016,-73.99740189313889,member
1571620,967C73A7B6E96281,classic_bike,2022-03-02 06:26:50,2022-03-02 06:34:52,E 41 St & Madison Ave (SE corner),6432,W 35 St & Dyer Ave,6569,40.752049,-73.979635,40.754691750226016,-73.99740189313889,member
1571621,85762871B73E3316,classic_bike,2022-03-13 06:27:28,2022-03-13 06:36:09,E 41 St & Madison Ave (SE corner),6432,W 35 St & Dyer Ave,6569,40.752049,-73.979635,40.754691750226016,-73.99740189313889,member
1571627,A7618EDE31C58564,classic_bike,2022-03-29 18:26:29,2022-03-29 18:43:13,Greenwich St & W Houston St,5730,W 35 St & Dyer Ave,6569,40.728846,-74.008591,40.754691750226016,-73.99740189313889,member
1571636,929124598998E2F2,classic_bike,2022-03-31 19:06:10,2022-03-31 19:22:07,Greenwich St & W Houston St,5730,W 35 St & Dyer Ave,6569,40.728846,-74.008591,40.754691750226016,-73.99740189313889,member
1571639,E5120AADAC16EA38,classic_bike,2022-03-08 17:43:57,2022-03-08 17:59:51,Greenwich St & W Houston St,5730,W 35 St & Dyer Ave,6569,40.728846,-74.008591,40.754691750226016,-73.99740189313889,member
1571640,08D14E05E2396EB8,classic_bike,2022-03-15 18:21:08,2022-03-15 18:40:24,Greenwich St & W Houston St,5730,W 35 St & Dyer Ave,6569,40.728846,-74.008591,40.754691750226016,-73.99740189313889,member
1571643,51DEC5FC40691F04,classic_bike,2022-03-22 22:46:36,2022-03-22 22:53:05,W 26 St & 8 Ave,6297,W 35 St & Dyer Ave,6569,40.74734825,-73.99723551,40.754691750226016,-73.99740189313889,member
1571646,ABC2416EAEB9BF85,classic_bike,2022-03-21 20:17:28,2022-03-21 20:23:49,W 22 St & 10 Ave,6306,W 35 St & Dyer Ave,6569,40.74691959,-74.00451887,40.754691750226016,-73.99740189313889,member
1571662,3CC138CFF99DAB2A,classic_bike,2022-03-15 23:44:44,2022-03-15 23:50:49,8 Ave & W 27 St,6297,W 35 St & Dyer Ave,6569,40.747968,-73.996637,40.754691750226016,-73.99740189313889,casual
1571668,BC714DC798B2AD71,electric_bike,2022-03-24 12:46:38,2022-03-24 12:55:50,W 47 St & 6 Ave,6667,W 35 St & Dyer Ave,6569,40.758397,-73.98255,40.754691750226016,-73.99740189313889,member
1571676,88827EAD59A340F5,classic_bike,2022-03-03 17:41:03,2022-03-03 17:58:34,Greenwich St & W Houston St,5730,W 35 St & Dyer Ave,6569,40.728846,-74.008591,40.754691750226016,-73.99740189313889,member
1571677,27F815966D4A446A,classic_bike,2022-03-18 17:29:01,2022-03-18 17:46:20,Greenwich St & W Houston St,5730,W 35 St & Dyer Ave,6569,40.728846,-74.008591,40.754691750226016,-73.99740189313889,member
1571678,5AB8426A5E858EF8,electric_bike,2022-03-28 21:49:07,2022-03-28 21:53:08,W 22 St & 10 Ave,6306,W 35 St & Dyer Ave,6569,40.74691959,-74.00451887,40.754691750226016,-73.99740189313889,member
1571680,16B035CA73AFEFFC,classic_bike,2022-03-15 17:07:25,2022-03-15 17:13:05,W 22 St & 10 Ave,6306,W 35 St & Dyer Ave,6569,40.74691959,-74.00451887,40.754691750226016,-73.99740189313889,casual
1571697,517D65C91BC193D0,classic_bike,2022-03-30 18:09:33,2022-03-30 18:28:29,1 Ave & E 68 St,6822,W 35 St & Dyer Ave,6569,40.76500525,-73.95818491,40.754691750226016,-73.99740189313889,member
1571707,B1FD730D1FB246C1,classic_bike,2022-03-16 16:23:09,2022-03-16 16:33:15,W 47 St & 6 Ave,6667,W 35 St & Dyer Ave,6569,40.758397,-73.98255,40.754691750226016,-73.99740189313889,member
1571712,A3A5DEBE48572111,electric_bike,2022-03-24 16:51:07,2022-03-24 17:09:48,Washington Pl & Broadway,5755,W 35 St & Dyer Ave,6569,40.72903917,-73.99404649,40.754691750226016,-73.99740189313889,casual
1571720,7B9FBD81A07B3CB6,electric_bike,2022-03-10 16:12:54,2022-03-10 16:16:42,W 26 St & 8 Ave,6297,W 35 St & Dyer Ave,6569,40.74734825,-73.99723551,40.754691750226016,-73.99740189313889,member
1571722,4B23660348349E14,electric_bike,2022-03-25 13:09:41,2022-03-25 13:15:15,W 26 St & 8 Ave,6297,W 35 St & Dyer Ave,6569,40.74734825,-73.99723551,40.754691750226016,-73.99740189313889,member
1571725,6BA790B6D751F2C4,classic_bike,2022-03-09 18:50:37,2022-03-09 18:55:51,W 26 St & 8 Ave,6297,W 35 St & Dyer Ave,6569,40.74734825,-73.99723551,40.754691750226016,-73.99740189313889,member
1571730,356F9A6EFE4101C4,classic_bike,2022-03-16 08:20:02,2022-03-16 08:22:37,W 36 St & 9 Ave,6569,W 35 St & Dyer Ave,6569,40.75462324029105,-73.99516761302948,40.754691750226016,-73.99740189313889,member
1571773,B152D38F86A3BD1B,electric_bike,2022-03-11 16:24:54,2022-03-11 17:02:14,Madison St & Montgomery St,5262,W 35 St & Dyer Ave,6569,40.713126,-73.984844,40.754691750226016,-73.99740189313889,member
1571790,069AC14DCB6C1C9A,classic_bike,2022-03-30 18:10:49,2022-03-30 18:23:31,W 36 St & 9 Ave,6569,Broadway & W 51 St,6779,40.75462324029105,-73.99516761302948,40.76228826,-73.98336183,member
1571791,39DA7C0CBB023CC1,classic_bike,2022-03-22 14:40:24,2022-03-22 15:02:13,W 36 St & 9 Ave,6569,Great Jones St,5636,40.75462324029105,-73.99516761302948,40.72743423,-73.99379025,member
1571793,46ADBB732D16D995,electric_bike,2022-03-03 19:28:18,2022-03-03 19:42:39,W 36 St & 9 Ave,6569,Broadway & W 51 St,6779,40.75462324029105,-73.99516761302948,40.76228826,-73.98336183,member
1571794,60CE1BD779B3A1EB,classic_bike,2022-03-12 03:48:03,2022-03-12 03:54:26,Broadway & W 41 St,6560,W 35 St & Dyer Ave,6569,40.75513557,-73.98658032,40.754691750226016,-73.99740189313889,member
1571809,E187CD9A4C067567,classic_bike,2022-03-29 19:24:42,2022-03-29 19:33:30,Broadway & W 41 St,6560,W 35 St & Dyer Ave,6569,40.75513557,-73.98658032,40.754691750226016,-73.99740189313889,member
1571815,B1965B87BC70081E,electric_bike,2022-03-19 03:52:29,2022-03-19 03:57:32,Broadway & W 41 St,6560,W 35 St & Dyer Ave,6569,40.75513557,-73.98658032,40.754691750226016,-73.99740189313889,member
1571816,BB83C9914EDA7803,classic_bike,2022-03-16 14:48:13,2022-03-16 14:53:08,Broadway & W 41 St,6560,W 35 St & Dyer Ave,6569,40.75513557,-73.98658032,40.754691750226016,-73.99740189313889,member
1571825,E06BCBBE4B50B24E,classic_bike,2022-03-02 14:24:45,2022-03-02 14:31:25,Broadway & W 41 St,6560,W 35 St & Dyer Ave,6569,40.75513557,-73.98658032,40.754691750226016,-73.99740189313889,member
1571828,7470A4349406FE8C,classic_bike,2022-03-05 03:55:35,2022-03-05 04:03:14,Broadway & W 41 St,6560,W 35 St & Dyer Ave,6569,40.75513557,-73.98658032,40.754691750226016,-73.99740189313889,member
1571843,89D1E99CABA4DD18,electric_bike,2022-03-18 17:57:58,2022-03-18 18:05:50,W 36 St & 9 Ave,6569,E 31 St & 3 Ave,6239,40.75462324029105,-73.99516761302948,40.74394314,-73.97966069,member
1571847,742528E71938DC67,classic_bike,2022-03-22 18:49:03,2022-03-22 19:21:19,William St & Pine St,5065,W 35 St & Dyer Ave,6569,40.70717936,-74.00887308,40.754691750226016,-73.99740189313889,member
1571848,6A9F77B0D3E5D83B,electric_bike,2022-03-10 18:00:10,2022-03-10 18:16:45,E 68 St & Madison Ave,6932,W 35 St & Dyer Ave,6569,40.7691572,-73.96703464,40.754691750226016,-73.99740189313889,member
1571849,4FFF1961E7C96B13,electric_bike,2022-03-07 18:01:15,2022-03-07 18:13:53,E 68 St & Madison Ave,6932,W 35 St & Dyer Ave,6569,40.7691572,-73.96703464,40.754691750226016,-73.99740189313889,member
1571850,AA51450119C4187B,electric_bike,2022-03-03 18:05:04,2022-03-03 18:17:24,E 68 St & Madison Ave,6932,W 35 St & Dyer Ave,6569,40.7691572,-73.96703464,40.754691750226016,-73.99740189313889,member
1571881,874DDB386135561B,classic_bike,2022-03-07 09:52:17,2022-03-07 09:59:58,Broadway & W 41 St,6560,W 35 St & Dyer Ave,6569,40.75513557,-73.98658032,40.754691750226016,-73.99740189313889,member
1571898,259529E494DC6FC2,classic_bike,2022-03-19 11:53:45,2022-03-19 12:00:15,Broadway & W 41 St,6560,W 35 St & Dyer Ave,6569,40.75513557,-73.98658032,40.754691750226016,-73.99740189313889,member
1571905,32DF33C202BB2CB2,classic_bike,2022-03-25 11:13:28,2022-03-25 11:26:11,E 39 St & Lexington Ave,6389,W 35 St & Dyer Ave,6569,40.7494985460252,-73.97729203113158,40.754691750226016,-73.99740189313889,member
1571907,23DE2F04F242565F,electric_bike,2022-03-18 14:19:18,2022-03-18 14:26:37,6 Ave & W 45 St,6593,W 35 St & Dyer Ave,6569,40.756951,-73.982631,40.754691750226016,-73.99740189313889,member
1571918,CB235EE2B5E632E3,electric_bike,2022-03-17 18:06:45,2022-03-17 18:20:35,E 68 St & Madison Ave,6932,W 35 St & Dyer Ave,6569,40.7691572,-73.96703464,40.754691750226016,-73.99740189313889,member
1571919,D4129FA9BC7AC600,electric_bike,2022-03-11 18:04:00,2022-03-11 18:16:13,E 68 St & Madison Ave,6932,W 35 St & Dyer Ave,6569,40.7691572,-73.96703464,40.754691750226016,-73.99740189313889,member
1571926,979CD705CABFC118,classic_bike,2022-03-07 09:31:57,2022-03-07 09:56:08,University Pl & E 8 St,5755,W 35 St & Dyer Ave,6569,40.73143724085228,-73.99490341544151,40.754691750226016,-73.99740189313889,member
1571957,A075F475914B3CB9,electric_bike,2022-03-08 16:47:24,2022-03-08 16:56:49,W 44 St & 5 Ave,6551,W 35 St & Dyer Ave,6569,40.75500254,-73.98014437,40.754691750226016,-73.99740189313889,member
1571962,0BEA1A84734B5320,classic_bike,2022-03-16 09:16:17,2022-03-16 09:29:11,E 41 St & Madison Ave (SW corner),6474,W 35 St & Dyer Ave,6569,40.752165280621966,-73.97992193698882,40.754691750226016,-73.99740189313889,member
1571968,8EB8CF6B431FCC8D,classic_bike,2022-03-26 17:11:01,2022-03-26 17:15:31,8 Ave & W 31 St,6450,W 35 St & Dyer Ave,6569,40.7505853470215,-73.9946848154068,40.754691750226016,-73.99740189313889,casual
1571976,9FE3D99F73A5D3C1,classic_bike,2022-03-16 06:26:38,2022-03-16 06:35:04,E 41 St & Madison Ave (SW corner),6474,W 35 St & Dyer Ave,6569,40.752165280621966,-73.97992193698882,40.754691750226016,-73.99740189313889,member
1571996,403C324460A776B5,classic_bike,2022-03-16 11:47:57,2022-03-16 12:01:19,W 35 St & 9 Ave,6569,E 31 St & 3 Ave,6239,40.75414519263519,-73.9960889518261,40.74394314,-73.97966069,member
1572048,09B0245CCEA06F34,electric_bike,2022-03-16 12:00:50,2022-03-16 12:07:22,W 22 St & 8 Ave,6224,W 35 St & Dyer Ave,6569,40.74475148,-73.99915362,40.754691750226016,-73.99740189313889,member
1572050,2763D3FDD7C5B2C3,classic_bike,2022-03-25 13:04:25,2022-03-25 13:13:21,W 22 St & 8 Ave,6224,W 35 St & Dyer Ave,6569,40.74475148,-73.99915362,40.754691750226016,-73.99740189313889,member
1572125,A3AC75D39215E859,classic_bike,2022-03-23 02:09:46,2022-03-23 02:32:24,W 76 St & Columbus Ave,7281,W 35 St & Dyer Ave,6569,40.7801839724239,-73.97728532552719,40.754691750226016,-73.99740189313889,member
1572126,00C450C9E90B96F7,classic_bike,2022-03-16 18:22:44,2022-03-16 18:33:22,E 30 St & Park Ave S,6206,W 35 St & Dyer Ave,6569,40.74444921,-73.98303529,40.754691750226016,-73.99740189313889,member
1572127,752BC58BF7F4D179,electric_bike,2022-03-14 08:17:15,2022-03-14 08:28:12,W 54 St & 9 Ave,6920,W 35 St & Dyer Ave,6569,40.76584941,-73.98690506,40.754691750226016,-73.99740189313889,member
1572128,523FD7440BD5470A,electric_bike,2022-03-15 08:34:40,2022-03-15 08:41:15,W 54 St & 9 Ave,6920,W 35 St & Dyer Ave,6569,40.76584941,-73.98690506,40.754691750226016,-73.99740189313889,member
1572129,056D2F1D16730BEE,classic_bike,2022-03-30 14:42:35,2022-03-30 14:56:19,W 54 St & 9 Ave,6920,W 35 St & Dyer Ave,6569,40.76584941,-73.98690506,40.754691750226016,-73.99740189313889,member
1572202,1E20189F3D4942FC,classic_bike,2022-03-26 20:56:50,2022-03-26 21:05:19,10 Ave & W 14 St,6157,W 35 St & Dyer Ave,6569,40.74198159994023,-74.00831580162048,40.754691750226016,-73.99740189313889,member
1572249,9185F38928211CAB,electric_bike,2022-03-21 15:46:08,2022-03-21 16:21:58,Clinton St & Cherry St,5190,W 35 St & Dyer Ave,6569,40.711471394469264,-73.98672603070736,40.754691750226016,-73.99740189313889,member
1572287,2E58F0E569C9AF1F,electric_bike,2022-03-26 08:43:39,2022-03-26 08:48:48,Broadway\t& W 48 St,6708,W 35 St & Dyer Ave,6569,40.76017739537783,-73.98486793041229,40.754691750226016,-73.99740189313889,member
1572289,59E0DB68DB82EBB4,electric_bike,2022-03-24 09:22:13,2022-03-24 09:47:59,E 92 St & Park Ave,7344,W 35 St & Dyer Ave,6569,40.78385,-73.95416,40.754691750226016,-73.99740189313889,member
1572318,6231C4120035C271,classic_bike,2022-03-22 21:03:41,2022-03-22 21:17:53,E 16 St & 5 Ave,6022,W 35 St & Dyer Ave,6569,40.73726186,-73.99238967,40.754691750226016,-73.99740189313889,member
1572350,C0D0A25656BD2352,classic_bike,2022-03-05 13:01:07,2022-03-05 13:03:02,W 36 St & 9 Ave,6569,W 35 St & Dyer Ave,6569,40.75462324029105,-73.99516761302948,40.754691750226016,-73.99740189313889,member
1572357,2B08CC1133007760,classic_bike,2022-03-06 23:28:31,2022-03-06 23:32:23,W 30 St & 10 Ave,6459,W 35 St & Dyer Ave,6569,40.752694,-74.002353,40.754691750226016,-73.99740189313889,member
1572362,7E7E801933335E6E,electric_bike,2022-03-03 20:27:57,2022-03-03 20:32:04,W 30 St & 10 Ave,6459,W 35 St & Dyer Ave,6569,40.752694,-74.002353,40.754691750226016,-73.99740189313889,member
1572364,B9FDDBE9432E4A80,classic_bike,2022-03-04 07:11:27,2022-03-04 07:14:36,W 30 St & 10 Ave,6459,W 35 St & Dyer Ave,6569,40.752694,-74.002353,40.754691750226016,-73.99740189313889,member
1572380,48FF48E5E37BAC74,electric_bike,2022-03-31 12:11:01,2022-03-31 12:38:53,Stanton St & Norfolk St,5445,W 35 St & Dyer Ave,6569,40.720747,-73.986274,40.754691750226016,-73.99740189313889,member
1572392,86EBFCC7B3E23DF4,docked_bike,2022-03-22 10:58:14,2022-03-22 11:11:41,10 Ave & W 14 St,6157,W 35 St & Dyer Ave,6569,40.741982,-74.008316,40.754692,-73.997402,casual
1572419,4879B16359207206,electric_bike,2022-03-23 12:57:50,2022-03-23 13:14:59,E 76 St & Park Ave,7128,W 35 St & Dyer Ave,6569,40.773763,-73.96222088,40.754691750226016,-73.99740189313889,member
1572425,0C5497B35B0B05F6,classic_bike,2022-03-18 03:50:01,2022-03-18 03:55:03,6 Ave & W 34 St,6364,W 35 St & Dyer Ave,6569,40.74964,-73.98805,40.754691750226016,-73.99740189313889,member
1572438,4FB0BB1BC3946C77,classic_bike,2022-03-24 12:34:11,2022-03-24 12:40:33,6 Ave & W 34 St,6364,W 35 St & Dyer Ave,6569,40.74964,-73.98805,40.754691750226016,-73.99740189313889,member
1572439,E8EEF888F64655B5,classic_bike,2022-03-22 14:31:22,2022-03-22 14:36:20,6 Ave & W 34 St,6364,W 35 St & Dyer Ave,6569,40.74964,-73.98805,40.754691750226016,-73.99740189313889,member
1572447,7F554C7198144614,electric_bike,2022-03-24 14:19:04,2022-03-24 14:22:38,6 Ave & W 34 St,6364,W 35 St & Dyer Ave,6569,40.74964,-73.98805,40.754691750226016,-73.99740189313889,member
1572450,FF276F5303F81AB5,classic_bike,2022-03-13 13:12:05,2022-03-13 13:18:08,6 Ave & W 34 St,6364,W 35 St & Dyer Ave,6569,40.74964,-73.98805,40.754691750226016,-73.99740189313889,casual
1572452,365651F34C3F007A,electric_bike,2022-03-10 21:00:57,2022-03-10 21:05:52,6 Ave & W 34 St,6364,W 35 St & Dyer Ave,6569,40.74964,-73.98805,40.754691750226016,-73.99740189313889,casual
1572476,25F3A5F93E77CBC6,classic_bike,2022-03-27 02:23:58,2022-03-27 02:29:03,6 Ave & W 34 St,6364,W 35 St & Dyer Ave,6569,40.74964,-73.98805,40.754691750226016,-73.99740189313889,member
1572481,15104AFECEDB84EC,classic_bike,2022-03-28 00:06:51,2022-03-28 00:11:56,6 Ave & W 34 St,6364,W 35 St & Dyer Ave,6569,40.74964,-73.98805,40.754691750226016,-73.99740189313889,member
1572502,78762E9C9098D9C4,classic_bike,2022-03-17 19:52:13,2022-03-17 20:02:43,Broadway & W 58 St,6948,W 35 St & Dyer Ave,6569,40.76695317,-73.98169333,40.754691750226016,-73.99740189313889,member
1572513,FCE9B3B7328AABB6,classic_bike,2022-03-31 09:36:33,2022-03-31 09:43:00,9 Ave & W 45 St,6717,W 35 St & Dyer Ave,6569,40.76019252,-73.9912551,40.754691750226016,-73.99740189313889,member
1572518,9E9B6066EF1949C0,electric_bike,2022-03-20 21:22:26,2022-03-20 21:27:11,9 Ave & W 45 St,6717,W 35 St & Dyer Ave,6569,40.76019252,-73.9912551,40.754691750226016,-73.99740189313889,casual
1572534,CC919B1D1B9CC44D,electric_bike,2022-03-07 08:22:40,2022-03-07 08:34:40,Broadway & W 58 St,6948,W 35 St & Dyer Ave,6569,40.76695317,-73.98169333,40.754691750226016,-73.99740189313889,member
1572537,7E3966AEAE33F934,classic_bike,2022-03-14 20:23:31,2022-03-14 20:28:41,9 Ave & W 45 St,6717,W 35 St & Dyer Ave,6569,40.76019252,-73.9912551,40.754691750226016,-73.99740189313889,member
1572542,E9C7F0B3B48159CC,classic_bike,2022-03-25 06:26:19,2022-03-25 06:33:00,6 Ave & W 34 St,6364,W 35 St & Dyer Ave,6569,40.74964,-73.98805,40.754691750226016,-73.99740189313889,member
1572543,33B8BFFB71E9AD29,classic_bike,2022-03-08 06:30:53,2022-03-08 06:36:32,6 Ave & W 34 St,6364,W 35 St & Dyer Ave,6569,40.74964,-73.98805,40.754691750226016,-73.99740189313889,member
1572552,3838D8B7CF08F86C,electric_bike,2022-03-30 20:21:54,2022-03-30 20:29:44,Broadway & W 58 St,6948,W 35 St & Dyer Ave,6569,40.76695317,-73.98169333,40.754691750226016,-73.99740189313889,member
1572554,79D5C0E0F23A3993,electric_bike,2022-03-15 09:25:50,2022-03-15 09:30:20,9 Ave & W 45 St,6717,W 35 St & Dyer Ave,6569,40.76019252,-73.9912551,40.754691750226016,-73.99740189313889,member
1572557,CA93DF7F52EA8D52,classic_bike,2022-03-30 23:25:09,2022-03-30 23:30:56,9 Ave & W 45 St,6717,W 35 St & Dyer Ave,6569,40.76019252,-73.9912551,40.754691750226016,-73.99740189313889,casual
1572602,D91D9D7ABF6310FF,classic_bike,2022-03-23 07:37:55,2022-03-23 07:43:01,9 Ave & W 45 St,6717,W 35 St & Dyer Ave,6569,40.76019252,-73.9912551,40.754691750226016,-73.99740189313889,member
1572628,08F07F42ADB92069,classic_bike,2022-03-26 18:19:50,2022-03-26 18:23:00,9 Ave & W 45 St,6717,W 35 St & Dyer Ave,6569,40.76019252,-73.9912551,40.754691750226016,-73.99740189313889,member
1572744,E23FF9E5ED55836C,classic_bike,2022-03-22 22:39:36,2022-03-22 22:52:29,MacDougal St & Washington Sq,5797,W 35 St & Dyer Ave,6569,40.73226398,-73.99852205,40.754691750226016,-73.99740189313889,member
1572791,A52BAC0E21E5CC26,classic_bike,2022-03-03 13:25:15,2022-03-03 13:37:12,10 Ave & W 14 St,6157,W 35 St & Dyer Ave,6569,40.74198159994023,-74.00831580162048,40.754691750226016,-73.99740189313889,casual
1572810,A7423824B6F604E0,classic_bike,2022-03-30 17:28:10,2022-03-30 17:31:48,8 Ave & W 31 St,6450,W 35 St & Dyer Ave,6569,40.7505853470215,-73.9946848154068,40.754691750226016,-73.99740189313889,member
1572822,A727678BE5A5744A,classic_bike,2022-03-14 18:19:06,2022-03-14 18:30:32,E 30 St & Park Ave S,6206,W 35 St & Dyer Ave,6569,40.74444921,-73.98303529,40.754691750226016,-73.99740189313889,member
1572827,FD7E732619E9EA21,classic_bike,2022-03-15 19:55:51,2022-03-15 20:05:51,W 54 St & 9 Ave,6920,W 35 St & Dyer Ave,6569,40.76584941,-73.98690506,40.754691750226016,-73.99740189313889,member
1572831,75E1BB89F687C214,electric_bike,2022-03-29 08:09:30,2022-03-29 08:15:29,W 54 St & 9 Ave,6920,W 35 St & Dyer Ave,6569,40.76584941,-73.98690506,40.754691750226016,-73.99740189313889,member
1572838,3B621EE92E07178A,electric_bike,2022-03-06 18:30:49,2022-03-06 19:03:49,Stanton St & Chrystie St,5523,W 35 St & Dyer Ave,6569,40.72229346,-73.99147535,40.754691750226016,-73.99740189313889,member
1572849,1BDCA4E1E41BF805,classic_bike,2022-03-06 18:33:48,2022-03-06 19:03:30,Stanton St & Chrystie St,5523,W 35 St & Dyer Ave,6569,40.72229346,-73.99147535,40.754691750226016,-73.99740189313889,casual
1572880,A82D38D7624F1DB5,classic_bike,2022-03-25 10:24:56,2022-03-25 10:31:14,Broadway & W 38 St,6560,W 35 St & Dyer Ave,6569,40.7529728216068,-73.98734897375107,40.754691750226016,-73.99740189313889,member
1572888,94D8BFF2CCCBE268,electric_bike,2022-03-03 09:43:01,2022-03-03 09:49:09,W 16 St & The High Line,6233,W 35 St & Dyer Ave,6569,40.74334935,-74.00681753,40.754691750226016,-73.99740189313889,member
1572889,F14F70A633D0C3B5,classic_bike,2022-03-03 20:40:14,2022-03-03 20:46:39,Broadway & W 38 St,6560,W 35 St & Dyer Ave,6569,40.7529728216068,-73.98734897375107,40.754691750226016,-73.99740189313889,member
1572899,9B14C135E90C690C,electric_bike,2022-03-16 08:33:40,2022-03-16 09:12:54,Concord St & Bridge St,4781,W 35 St & Dyer Ave,6569,40.69766564,-73.98476437,40.754691750226016,-73.99740189313889,casual
1572901,3250DA1C098CAC94,electric_bike,2022-03-03 12:31:52,2022-03-03 12:41:03,Broadway & W 25 St,6173,W 35 St & Dyer Ave,6569,40.74286877312112,-73.98918628692627,40.754691750226016,-73.99740189313889,casual
1572904,048FB11606B6A0BF,classic_bike,2022-03-20 13:23:58,2022-03-20 13:34:09,Broadway & W 25 St,6173,W 35 St & Dyer Ave,6569,40.74286877312112,-73.98918628692627,40.754691750226016,-73.99740189313889,casual
1572933,B9C534129E2A07CF,classic_bike,2022-03-16 17:37:39,2022-03-16 18:07:53,Bus Slip & State St,4889,W 35 St & Dyer Ave,6569,40.701907,-74.013942,40.754691750226016,-73.99740189313889,member
1572934,53212410602CD348,electric_bike,2022-03-14 19:16:19,2022-03-14 19:28:57,Broadway & W 25 St,6173,W 35 St & Dyer Ave,6569,40.74286877312112,-73.98918628692627,40.754691750226016,-73.99740189313889,member
1572937,1DE3F6E812FA0340,electric_bike,2022-03-22 12:05:34,2022-03-22 12:12:17,Broadway & W 38 St,6560,W 35 St & Dyer Ave,6569,40.7529728216068,-73.98734897375107,40.754691750226016,-73.99740189313889,member
1572940,0DBAF7377C8676A7,classic_bike,2022-03-03 20:40:12,2022-03-03 20:46:55,Broadway & W 38 St,6560,W 35 St & Dyer Ave,6569,40.7529728216068,-73.98734897375107,40.754691750226016,-73.99740189313889,member
1572941,A0DC9F73796F5ECC,classic_bike,2022-03-18 19:01:52,2022-03-18 19:08:59,Broadway & W 38 St,6560,W 35 St & Dyer Ave,6569,40.7529728216068,-73.98734897375107,40.754691750226016,-73.99740189313889,member
1572945,69653488577115DC,classic_bike,2022-03-23 17:54:00,2022-03-23 18:00:46,Broadway & W 38 St,6560,W 35 St & Dyer Ave,6569,40.7529728216068,-73.98734897375107,40.754691750226016,-73.99740189313889,member
1572953,9BF4B2786968981D,electric_bike,2022-03-03 16:37:53,2022-03-03 16:44:52,Broadway & W 25 St,6173,W 35 St & Dyer Ave,6569,40.74286877312112,-73.98918628692627,40.754691750226016,-73.99740189313889,casual
1572963,8866E5F92BC1192A,classic_bike,2022-03-17 16:27:35,2022-03-17 16:36:07,Broadway & W 25 St,6173,W 35 St & Dyer Ave,6569,40.74286877312112,-73.98918628692627,40.754691750226016,-73.99740189313889,casual
1572972,5B9F4E2B3694EF7C,classic_bike,2022-03-10 06:29:32,2022-03-10 06:36:38,E 41 St & Madison Ave (SW corner),6474,W 35 St & Dyer Ave,6569,40.752165280621966,-73.97992193698882,40.754691750226016,-73.99740189313889,member
1572973,BC2F1AFEDBBF6CE5,classic_bike,2022-03-08 06:26:32,2022-03-08 06:33:44,E 41 St & Madison Ave (SW corner),6474,W 35 St & Dyer Ave,6569,40.752165280621966,-73.97992193698882,40.754691750226016,-73.99740189313889,member
1572977,9F8A7AA7C41F1378,electric_bike,2022-03-01 16:44:31,2022-03-01 16:59:03,W 17 St & 8 Ave,6148,W 35 St & Dyer Ave,6569,40.74177603,-74.00149746,40.754691750226016,-73.99740189313889,member
1572988,EC46768223B1D7C4,electric_bike,2022-03-31 18:04:01,2022-03-31 18:17:50,E 68 St & Madison Ave,6932,W 35 St & Dyer Ave,6569,40.7691572,-73.96703464,40.754691750226016,-73.99740189313889,member
1572989,0367EC869BBC2419,electric_bike,2022-03-23 18:02:37,2022-03-23 18:15:49,E 68 St & Madison Ave,6932,W 35 St & Dyer Ave,6569,40.7691572,-73.96703464,40.754691750226016,-73.99740189313889,member
1573005,900386D45E5AD5C9,electric_bike,2022-03-18 21:05:08,2022-03-18 21:11:28,W 18 St & 9 Ave,6190,W 35 St & Dyer Ave,6569,40.7435337324616,-74.00367558002472,40.754691750226016,-73.99740189313889,member
1573014,F9603ECEFD03DA74,classic_bike,2022-03-06 14:39:18,2022-03-06 14:51:47,Broadway & W 61 St,7014,W 35 St & Dyer Ave,6569,40.77003010255044,-73.9819684624672,40.754691750226016,-73.99740189313889,member
1573017,EE35AE6FA7A8982F,electric_bike,2022-03-03 15:02:38,2022-03-03 15:08:15,Broadway & W 41 St,6560,W 35 St & Dyer Ave,6569,40.75513557,-73.98658032,40.754691750226016,-73.99740189313889,member
1573020,FA094D20799891A9,electric_bike,2022-03-09 18:01:32,2022-03-09 18:14:53,E 68 St & Madison Ave,6932,W 35 St & Dyer Ave,6569,40.7691572,-73.96703464,40.754691750226016,-73.99740189313889,member
1573047,F47B91F00F8C20B6,electric_bike,2022-03-22 18:10:04,2022-03-22 18:23:39,E 68 St & Madison Ave,6932,W 35 St & Dyer Ave,6569,40.7691572,-73.96703464,40.754691750226016,-73.99740189313889,member
1573048,B884B74EC973D7D7,electric_bike,2022-03-25 18:04:16,2022-03-25 18:17:32,E 68 St & Madison Ave,6932,W 35 St & Dyer Ave,6569,40.7691572,-73.96703464,40.754691750226016,-73.99740189313889,member
1573056,6382AFC502756214,electric_bike,2022-03-22 22:15:13,2022-03-22 22:25:19,W 54 St & 11 Ave,6955,W 35 St & Dyer Ave,6569,40.768333,-73.992573,40.754691750226016,-73.99740189313889,member
1573063,4D58DBC57EE7C3A3,electric_bike,2022-03-20 16:37:04,2022-03-20 16:47:20,W 36 St & 9 Ave,6569,E 31 St & 3 Ave,6239,40.75462324029105,-73.99516761302948,40.74394314,-73.97966069,member
1573073,0ACEF5E90CECF65A,electric_bike,2022-03-31 11:19:42,2022-03-31 11:23:59,10 Ave & W 28 St,6459,W 35 St & Dyer Ave,6569,40.75066386,-74.00176802,40.754691750226016,-73.99740189313889,member
1573089,B711BCE33E6D0D09,classic_bike,2022-03-06 23:26:54,2022-03-06 23:43:21,7 Ave S & Bleecker St,5805,W 35 St & Dyer Ave,6569,40.73213896287381,-74.00363802909851,40.754691750226016,-73.99740189313889,member
1573098,A2902D5E5DAAE30A,classic_bike,2022-03-25 20:46:51,2022-03-25 21:09:29,7 Ave S & Bleecker St,5805,W 35 St & Dyer Ave,6569,40.73213896287381,-74.00363802909851,40.754691750226016,-73.99740189313889,casual
1573104,27934E46509BEDB9,electric_bike,2022-03-29 18:01:59,2022-03-29 18:16:11,E 68 St & Madison Ave,6932,W 35 St & Dyer Ave,6569,40.7691572,-73.96703464,40.754691750226016,-73.99740189313889,member
1573105,E89FAC9C1CE0E5A1,electric_bike,2022-03-02 18:03:53,2022-03-02 18:23:54,E 68 St & Madison Ave,6932,W 35 St & Dyer Ave,6569,40.7691572,-73.96703464,40.754691750226016,-73.99740189313889,member
1573121,8AC550A256DEDF32,electric_bike,2022-03-25 03:48:26,2022-03-25 03:53:00,Broadway & W 41 St,6560,W 35 St & Dyer Ave,6569,40.75513557,-73.98658032,40.754691750226016,-73.99740189313889,member
1573182,E7EF89C3324754E3,classic_bike,2022-03-11 19:24:08,2022-03-11 19:33:02,W 25 St & 6 Ave,6215,W 35 St & Dyer Ave,6569,40.74395411,-73.99144871,40.754691750226016,-73.99740189313889,member
1573183,97EC3AC269530D63,electric_bike,2022-03-10 10:40:23,2022-03-10 10:57:17,W 25 St & 6 Ave,6215,W 35 St & Dyer Ave,6569,40.74395411,-73.99144871,40.754691750226016,-73.99740189313889,member
1573193,457D870C06A9D18B,electric_bike,2022-03-30 11:56:47,2022-03-30 12:03:33,W 45 St & 8 Ave,6676,W 35 St & Dyer Ave,6569,40.75929124,-73.98859651,40.754691750226016,-73.99740189313889,member
1573194,0AF8158D95E57C3F,classic_bike,2022-03-24 17:03:23,2022-03-24 17:16:34,W 4 St & 7 Ave S,5880,W 35 St & Dyer Ave,6569,40.73401143,-74.00293877,40.754691750226016,-73.99740189313889,member
1573218,F449A5CDAD18CBEE,classic_bike,2022-03-01 12:17:01,2022-03-01 12:51:04,East End Ave & E 86 St,7113,W 35 St & Dyer Ave,6569,40.77518615,-73.94446054,40.754691750226016,-73.99740189313889,member
1573242,28ED77A7D739BAA1,classic_bike,2022-03-26 15:58:21,2022-03-26 16:04:37,W 26 St & 8 Ave,6297,W 35 St & Dyer Ave,6569,40.74734825,-73.99723551,40.754691750226016,-73.99740189313889,member
1573245,56D60841DA477AE3,classic_bike,2022-03-23 06:28:37,2022-03-23 06:35:55,E 41 St & Madison Ave (SE corner),6432,W 35 St & Dyer Ave,6569,40.752049,-73.979635,40.754691750226016,-73.99740189313889,member
1573260,E596937C2419FBCE,classic_bike,2022-03-10 09:53:20,2022-03-10 09:58:27,W 45 St & 8 Ave,6676,W 35 St & Dyer Ave,6569,40.75929124,-73.98859651,40.754691750226016,-73.99740189313889,member
1573296,102A0A89945E7CCC,classic_bike,2022-03-04 08:26:43,2022-03-04 08:34:34,W 54 St & 11 Ave,6955,W 35 St & Dyer Ave,6569,40.768333,-73.992573,40.754691750226016,-73.99740189313889,member
1573335,DD4D19EF540477DD,classic_bike,2022-03-16 08:56:48,2022-03-16 09:04:30,W 24 St & 7 Ave,6257,W 35 St & Dyer Ave,6569,40.74487634,-73.99529885,40.754691750226016,-73.99740189313889,member
1573337,620625D346B5EE9E,electric_bike,2022-03-11 17:52:28,2022-03-11 17:58:48,W 24 St & 7 Ave,6257,W 35 St & Dyer Ave,6569,40.74487634,-73.99529885,40.754691750226016,-73.99740189313889,member
1573353,CD7F2DAB72A6A761,electric_bike,2022-03-01 21:04:38,2022-03-01 21:12:30,W 24 St & 7 Ave,6257,W 35 St & Dyer Ave,6569,40.74487634,-73.99529885,40.754691750226016,-73.99740189313889,member
1573356,F7E57CD136BC06CD,electric_bike,2022-03-15 11:28:39,2022-03-15 11:43:10,W 24 St & 7 Ave,6257,W 35 St & Dyer Ave,6569,40.74487634,-73.99529885,40.754691750226016,-73.99740189313889,member
1573364,9884AD4E958B119D,classic_bike,2022-03-18 16:15:22,2022-03-18 16:27:28,W 24 St & 7 Ave,6257,W 35 St & Dyer Ave,6569,40.74487634,-73.99529885,40.754691750226016,-73.99740189313889,member
1573370,1D9150664D5E7988,electric_bike,2022-03-23 14:53:55,2022-03-23 15:01:46,E 48 St & 5 Ave,6626,W 35 St & Dyer Ave,6569,40.75724567911726,-73.97805914282799,40.754691750226016,-73.99740189313889,member
1573404,06143B12DF5BB6F4,electric_bike,2022-03-30 18:03:28,2022-03-30 18:16:53,E 68 St & Madison Ave,6932,W 35 St & Dyer Ave,6569,40.7691572,-73.96703464,40.754691750226016,-73.99740189313889,member
1573406,BDD8C075EBCB37CB,electric_bike,2022-03-14 19:36:56,2022-03-14 19:42:59,W 24 St & 7 Ave,6257,W 35 St & Dyer Ave,6569,40.74487634,-73.99529885,40.754691750226016,-73.99740189313889,member
1573469,7CCA133F4A0DFA49,classic_bike,2022-03-14 11:40:08,2022-03-14 11:54:47,1 Ave & E 30 St,6079,W 35 St & Dyer Ave,6569,40.74144387,-73.97536082,40.754691750226016,-73.99740189313889,casual
1573472,CE7ABEA6F5164FB8,classic_bike,2022-03-23 14:43:02,2022-03-23 15:07:33,W 13 St & 5 Ave,5947,W 35 St & Dyer Ave,6569,40.735445,-73.99431,40.754691750226016,-73.99740189313889,casual
1573474,4006AFC8D953BD59,classic_bike,2022-03-21 07:42:42,2022-03-21 07:53:13,W 44 St & 5 Ave,6551,W 35 St & Dyer Ave,6569,40.75500254,-73.98014437,40.754691750226016,-73.99740189313889,member
1573509,F9934546FBDEAA60,electric_bike,2022-03-21 13:51:30,2022-03-21 14:03:35,West End Ave & W 60 St,7059,W 35 St & Dyer Ave,6569,40.77237,-73.99005,40.754691750226016,-73.99740189313889,member
1573511,C7D5D0D9FAB9663F,electric_bike,2022-03-22 08:32:26,2022-03-22 08:49:39,E 13 St & 2 Ave,5820,W 35 St & Dyer Ave,6569,40.73153937464073,-73.9853024482727,40.754691750226016,-73.99740189313889,member
1573518,16664F883B7E0FD9,electric_bike,2022-03-25 19:38:16,2022-03-25 19:40:26,W 42 St & Dyer Ave,6644,W 35 St & Dyer Ave,6569,40.75898481399634,-73.99379968643188,40.754691750226016,-73.99740189313889,member
1573521,DE80AFB95FF0080A,electric_bike,2022-03-14 09:31:16,2022-03-14 09:36:51,W 16 St & The High Line,6233,W 35 St & Dyer Ave,6569,40.74334935,-74.00681753,40.754691750226016,-73.99740189313889,member
1573546,DB7ACAE5F06E64AD,classic_bike,2022-03-12 13:22:19,2022-03-12 13:30:22,W 16 St & The High Line,6233,W 35 St & Dyer Ave,6569,40.74334935,-74.00681753,40.754691750226016,-73.99740189313889,member
1573592,3A706C50478B5E0F,electric_bike,2022-03-14 16:33:52,2022-03-14 16:36:46,10 Ave & W 28 St,6459,W 35 St & Dyer Ave,6569,40.75066386,-74.00176802,40.754691750226016,-73.99740189313889,member
1573594,7DAA088A9DD5081D,classic_bike,2022-03-05 13:18:31,2022-03-05 13:19:46,W 35 St & 9 Ave,6569,W 35 St & Dyer Ave,6569,40.75414519263519,-73.9960889518261,40.754691750226016,-73.99740189313889,member
1573632,5B4F59F77B42D241,classic_bike,2022-03-17 10:58:38,2022-03-17 11:10:37,W 25 St & 6 Ave,6215,W 35 St & Dyer Ave,6569,40.74395411,-73.99144871,40.754691750226016,-73.99740189313889,casual
1573675,7853C9BBBCC05438,electric_bike,2022-03-12 10:06:01,2022-03-12 10:13:42,W 27 St & 7 Ave,6247,W 35 St & Dyer Ave,6569,40.746647,-73.993915,40.754691750226016,-73.99740189313889,member
1573677,379C3F3467813AC9,classic_bike,2022-03-11 09:25:49,2022-03-11 09:33:06,W 27 St & 7 Ave,6247,W 35 St & Dyer Ave,6569,40.746647,-73.993915,40.754691750226016,-73.99740189313889,casual
1573693,A6007F8567579E34,classic_bike,2022-03-19 17:57:10,2022-03-19 18:06:02,W 27 St & 7 Ave,6247,W 35 St & Dyer Ave,6569,40.746647,-73.993915,40.754691750226016,-73.99740189313889,member
1573694,EBC64394BC9310E7,electric_bike,2022-03-08 09:10:13,2022-03-08 09:38:01,W 16 St & The High Line,6233,W 35 St & Dyer Ave,6569,40.74334935,-74.00681753,40.754691750226016,-73.99740189313889,member
1573739,978DB80559C390D2,electric_bike,2022-03-14 23:00:42,2022-03-14 23:04:47,W 22 St & 10 Ave,6306,W 35 St & Dyer Ave,6569,40.74691959,-74.00451887,40.754691750226016,-73.99740189313889,member
1573744,A791CC4163792200,classic_bike,2022-03-24 18:53:44,2022-03-24 19:10:32,Greenwich St & W Houston St,5730,W 35 St & Dyer Ave,6569,40.728846,-74.008591,40.754691750226016,-73.99740189313889,member
1573746,2E016A19536A06C8,classic_bike,2022-03-17 18:32:45,2022-03-17 18:50:53,Greenwich St & W Houston St,5730,W 35 St & Dyer Ave,6569,40.728846,-74.008591,40.754691750226016,-73.99740189313889,member
1573747,DB32965CB978E8CB,classic_bike,2022-03-01 17:49:21,2022-03-01 18:06:12,Greenwich St & W Houston St,5730,W 35 St & Dyer Ave,6569,40.728846,-74.008591,40.754691750226016,-73.99740189313889,member
1573748,D4462C42EC5FDF50,classic_bike,2022-03-23 18:08:08,2022-03-23 18:25:32,Greenwich St & W Houston St,5730,W 35 St & Dyer Ave,6569,40.728846,-74.008591,40.754691750226016,-73.99740189313889,member
1573764,2277AA6E4F7C76F2,classic_bike,2022-03-23 22:39:17,2022-03-23 22:47:30,W 22 St & 10 Ave,6306,W 35 St & Dyer Ave,6569,40.74691959,-74.00451887,40.754691750226016,-73.99740189313889,member
1573769,12816E290E3898A3,classic_bike,2022-03-31 17:21:10,2022-03-31 17:27:10,W 26 St & 8 Ave,6297,W 35 St & Dyer Ave,6569,40.74734825,-73.99723551,40.754691750226016,-73.99740189313889,member
1573777,2C896AADBBF4F5EB,electric_bike,2022-03-12 18:56:06,2022-03-12 19:01:52,W 26 St & 8 Ave,6297,W 35 St & Dyer Ave,6569,40.74734825,-73.99723551,40.754691750226016,-73.99740189313889,member
1573784,F40D21B5392D3BA5,classic_bike,2022-03-03 20:12:47,2022-03-03 20:36:30,Washington Pl & Broadway,5755,W 35 St & Dyer Ave,6569,40.72903917,-73.99404649,40.754691750226016,-73.99740189313889,member
1573797,9170F637D6C0AFF2,electric_bike,2022-03-30 08:54:49,2022-03-30 08:59:13,W 26 St & 8 Ave,6297,W 35 St & Dyer Ave,6569,40.74734825,-73.99723551,40.754691750226016,-73.99740189313889,member
1573798,583B4940B3D0A8CD,electric_bike,2022-03-11 09:29:36,2022-03-11 09:34:04,W 22 St & 10 Ave,6306,W 35 St & Dyer Ave,6569,40.74691959,-74.00451887,40.754691750226016,-73.99740189313889,member
1573847,CCECB331E400E070,classic_bike,2022-03-10 07:33:57,2022-03-10 07:46:28,E 41 St & Madison Ave (SE corner),6432,W 35 St & Dyer Ave,6569,40.752049,-73.979635,40.754691750226016,-73.99740189313889,member
1573852,A133406B6215F4A9,classic_bike,2022-03-23 09:25:51,2022-03-23 09:33:13,9 Ave & W 45 St,6717,W 35 St & Dyer Ave,6569,40.76019252,-73.9912551,40.754691750226016,-73.99740189313889,member
1573889,DE9896C37EBCEF0B,classic_bike,2022-03-06 12:59:41,2022-03-06 13:04:42,W 26 St & 8 Ave,6297,W 35 St & Dyer Ave,6569,40.74734825,-73.99723551,40.754691750226016,-73.99740189313889,member
1573895,867602DE4359785F,electric_bike,2022-03-10 17:38:21,2022-03-10 17:44:02,9 Ave & W 45 St,6717,W 35 St & Dyer Ave,6569,40.76019252,-73.9912551,40.754691750226016,-73.99740189313889,member
1573899,DAFBDDA8B2029DE9,classic_bike,2022-03-16 11:57:02,2022-03-16 12:02:47,9 Ave & W 45 St,6717,W 35 St & Dyer Ave,6569,40.76019252,-73.9912551,40.754691750226016,-73.99740189313889,casual
1573922,0691B708C7686001,classic_bike,2022-03-24 18:06:13,2022-03-24 18:23:01,E 41 St & Madison Ave (SE corner),6432,W 35 St & Dyer Ave,6569,40.752049,-73.979635,40.754691750226016,-73.99740189313889,casual
1573984,8268ABDB77AF551E,classic_bike,2022-03-06 19:53:05,2022-03-06 19:58:11,9 Ave & W 45 St,6717,W 35 St & Dyer Ave,6569,40.76019252,-73.9912551,40.754691750226016,-73.99740189313889,member
1573989,0345321CE718287D,classic_bike,2022-03-16 09:36:00,2022-03-16 09:41:13,9 Ave & W 45 St,6717,W 35 St & Dyer Ave,6569,40.76019252,-73.9912551,40.754691750226016,-73.99740189313889,member
1574025,13C2F2F71A5F488B,classic_bike,2022-03-23 09:01:40,2022-03-23 09:06:18,6 Ave & W 34 St,6364,W 35 St & Dyer Ave,6569,40.74964,-73.98805,40.754691750226016,-73.99740189313889,member
1574056,2A86BB597A0E9941,classic_bike,2022-03-30 16:59:58,2022-03-30 17:11:55,W 4 St & 7 Ave S,5880,W 35 St & Dyer Ave,6569,40.73401143,-74.00293877,40.754691750226016,-73.99740189313889,member
1574071,76A0FE0D3BFEF11F,classic_bike,2022-03-31 16:55:57,2022-03-31 17:01:33,6 Ave & W 34 St,6364,W 35 St & Dyer Ave,6569,40.74964,-73.98805,40.754691750226016,-73.99740189313889,member
1574073,CE84DBF94E5576B1,electric_bike,2022-03-26 15:28:19,2022-03-26 15:33:41,6 Ave & W 34 St,6364,W 35 St & Dyer Ave,6569,40.74964,-73.98805,40.754691750226016,-73.99740189313889,casual
1574107,19D5AC01986FFE6D,classic_bike,2022-03-26 21:51:17,2022-03-26 22:06:44,W 63 St & Broadway,7052,W 35 St & Dyer Ave,6569,40.77163851,-73.98261428,40.754691750226016,-73.99740189313889,member
1574113,613FE39326BDDE08,classic_bike,2022-03-29 13:15:52,2022-03-29 13:31:45,E 15 St & 3 Ave,5863,W 35 St & Dyer Ave,6569,40.734232,-73.986923,40.754691750226016,-73.99740189313889,member
1574134,8148EA21617C50B6,electric_bike,2022-03-10 10:30:00,2022-03-10 10:42:50,University Pl & E 14 St,5905,W 35 St & Dyer Ave,6569,40.734814,-73.992085,40.754691750226016,-73.99740189313889,member
1574140,CFAFB26FF6947BBC,electric_bike,2022-03-27 16:22:54,2022-03-27 16:26:56,W 42 St & Dyer Ave,6644,W 35 St & Dyer Ave,6569,40.75898481399634,-73.99379968643188,40.754691750226016,-73.99740189313889,member
1574156,219D0DEA93B772B0,classic_bike,2022-03-08 09:50:58,2022-03-08 10:08:18,Amsterdam Ave & W 79 St,7311,W 35 St & Dyer Ave,6569,40.7829391,-73.9786517,40.754691750226016,-73.99740189313889,member
1574168,1D51F19853DD1456,classic_bike,2022-03-23 08:14:32,2022-03-23 08:38:12,1 Ave & E 39 St,6303,W 35 St & Dyer Ave,6569,40.74714,-73.97113,40.754691750226016,-73.99740189313889,member
1574182,10D3681ECD2A4EC1,electric_bike,2022-03-23 21:55:13,2022-03-23 21:58:19,W 29 St & 9 Ave,6416,W 35 St & Dyer Ave,6569,40.7500727,-73.99839279,40.754691750226016,-73.99740189313889,member
1574186,C1FB7A2411DFEEB0,electric_bike,2022-03-31 20:47:36,2022-03-31 20:50:47,W 29 St & 9 Ave,6416,W 35 St & Dyer Ave,6569,40.7500727,-73.99839279,40.754691750226016,-73.99740189313889,member
1574193,353764849113E051,electric_bike,2022-03-30 11:26:50,2022-03-30 11:39:24,1 Ave & E 39 St,6303,W 35 St & Dyer Ave,6569,40.74714,-73.97113,40.754691750226016,-73.99740189313889,member
1574218,5AF09DD9D83DB1FF,classic_bike,2022-03-25 18:39:28,2022-03-25 18:51:06,W 21 St & 6 Ave,6140,W 35 St & Dyer Ave,6569,40.74173969,-73.99415556,40.754691750226016,-73.99740189313889,member
1574219,B25138083091B501,electric_bike,2022-03-11 20:23:48,2022-03-11 20:30:29,W 21 St & 6 Ave,6140,W 35 St & Dyer Ave,6569,40.74173969,-73.99415556,40.754691750226016,-73.99740189313889,member
1574225,D7386C550C891EA7,classic_bike,2022-03-12 22:40:17,2022-03-12 22:43:46,W 29 St & 9 Ave,6416,W 35 St & Dyer Ave,6569,40.7500727,-73.99839279,40.754691750226016,-73.99740189313889,member
1574242,F59BAA3ECAFDEE37,classic_bike,2022-03-14 19:56:12,2022-03-14 19:59:57,W 29 St & 9 Ave,6416,W 35 St & Dyer Ave,6569,40.7500727,-73.99839279,40.754691750226016,-73.99740189313889,member
1574271,4712340B2F0B0E7D,electric_bike,2022-03-23 08:57:47,2022-03-23 09:07:13,W 49 St & 8 Ave,6747,W 35 St & Dyer Ave,6569,40.76227205,-73.98788205,40.754691750226016,-73.99740189313889,casual
1574274,AED7BBF57DDDFF00,electric_bike,2022-03-09 08:06:55,2022-03-09 08:13:33,W 49 St & 8 Ave,6747,W 35 St & Dyer Ave,6569,40.76227205,-73.98788205,40.754691750226016,-73.99740189313889,member
1574275,8AEC21BD34E0F891,electric_bike,2022-03-22 07:58:44,2022-03-22 08:04:28,W 49 St & 8 Ave,6747,W 35 St & Dyer Ave,6569,40.76227205,-73.98788205,40.754691750226016,-73.99740189313889,member
1574319,7E7C723E5C34472C,classic_bike,2022-03-25 10:50:57,2022-03-25 11:11:22,E 22 St & 2 Ave,5971,W 35 St & Dyer Ave,6569,40.73716919369882,-73.98122549057007,40.754691750226016,-73.99740189313889,casual
1574383,B12FCF57528A1EB2,electric_bike,2022-03-24 16:31:51,2022-03-24 16:37:24,W 24 St & 7 Ave,6257,W 35 St & Dyer Ave,6569,40.74487634,-73.99529885,40.754691750226016,-73.99740189313889,member
1574414,C8106EA2146E56D6,classic_bike,2022-03-07 19:47:40,2022-03-07 19:57:43,W 24 St & 7 Ave,6257,W 35 St & Dyer Ave,6569,40.74487634,-73.99529885,40.754691750226016,-73.99740189313889,member
1574432,499CCC28850BF983,classic_bike,2022-03-08 12:27:30,2022-03-08 12:34:43,W 26 St & 8 Ave,6297,W 35 St & Dyer Ave,6569,40.74734825,-73.99723551,40.754691750226016,-73.99740189313889,member
1574451,18237F6C9C0F0C30,electric_bike,2022-03-10 18:55:18,2022-03-10 19:01:04,W 22 St & 10 Ave,6306,W 35 St & Dyer Ave,6569,40.74691959,-74.00451887,40.754691750226016,-73.99740189313889,member
1574455,75AE1176BB86457A,classic_bike,2022-03-29 11:55:03,2022-03-29 12:01:46,W 22 St & 10 Ave,6306,W 35 St & Dyer Ave,6569,40.74691959,-74.00451887,40.754691750226016,-73.99740189313889,member
1574492,E3A5A69E7AC3060B,classic_bike,2022-03-14 18:21:24,2022-03-14 18:37:11,Greenwich St & W Houston St,5730,W 35 St & Dyer Ave,6569,40.728846,-74.008591,40.754691750226016,-73.99740189313889,member
1574527,5A6F0147F5A780C4,electric_bike,2022-03-22 17:31:31,2022-03-22 17:42:17,8 Ave & W 16 St,6072,W 35 St & Dyer Ave,6569,40.740983,-74.001702,40.754691750226016,-73.99740189313889,member
1574528,4CD08054B262D768,electric_bike,2022-03-30 17:59:11,2022-03-30 18:07:32,8 Ave & W 16 St,6072,W 35 St & Dyer Ave,6569,40.740983,-74.001702,40.754691750226016,-73.99740189313889,member
1574532,6D051C9C1294BF2F,electric_bike,2022-03-18 20:21:10,2022-03-18 20:28:36,8 Ave & W 16 St,6072,W 35 St & Dyer Ave,6569,40.740983,-74.001702,40.754691750226016,-73.99740189313889,member
1574538,F62CDD981D232561,classic_bike,2022-03-22 19:48:57,2022-03-22 19:57:09,8 Ave & W 16 St,6072,W 35 St & Dyer Ave,6569,40.740983,-74.001702,40.754691750226016,-73.99740189313889,member
1574540,6A0C1C84FD21A266,electric_bike,2022-03-26 19:10:06,2022-03-26 19:19:29,8 Ave & W 16 St,6072,W 35 St & Dyer Ave,6569,40.740983,-74.001702,40.754691750226016,-73.99740189313889,member
1574541,860B883A537CA19F,electric_bike,2022-03-27 01:17:29,2022-03-27 01:33:44,1 Ave & E 16 St,5779,W 35 St & Dyer Ave,6569,40.73221853,-73.98165557,40.754691750226016,-73.99740189313889,casual
1574574,17B5BA2D7CAAE3A1,electric_bike,2022-03-29 18:43:49,2022-03-29 18:49:43,8 Ave & W 16 St,6072,W 35 St & Dyer Ave,6569,40.740983,-74.001702,40.754691750226016,-73.99740189313889,member
1574601,B0AF725AAF8F72B6,electric_bike,2022-03-31 09:18:45,2022-03-31 09:29:40,Lexington Ave & E 26 St,6089,W 35 St & Dyer Ave,6569,40.741459,-73.983293,40.754691750226016,-73.99740189313889,member
1574613,DD2FD4C3C0580D87,classic_bike,2022-03-03 06:26:55,2022-03-03 06:35:04,E 41 St & Madison Ave (SE corner),6432,W 35 St & Dyer Ave,6569,40.752049,-73.979635,40.754691750226016,-73.99740189313889,member
1574614,E384D8B8A1BFC85F,classic_bike,2022-03-22 06:26:45,2022-03-22 06:35:13,E 41 St & Madison Ave (SE corner),6432,W 35 St & Dyer Ave,6569,40.752049,-73.979635,40.754691750226016,-73.99740189313889,member
1574618,489433CA8EF0FA03,electric_bike,2022-03-21 09:33:48,2022-03-21 09:48:29,E 41 St & Madison Ave (SE corner),6432,W 35 St & Dyer Ave,6569,40.752049,-73.979635,40.754691750226016,-73.99740189313889,casual
1574624,DFAB31E2B170B79F,classic_bike,2022-03-11 19:17:12,2022-03-11 19:25:19,8 Ave & W 16 St,6072,W 35 St & Dyer Ave,6569,40.740983,-74.001702,40.754691750226016,-73.99740189313889,member
1574754,4E062471EF84B3EB,classic_bike,2022-03-23 12:21:15,2022-03-23 12:22:15,W 35 St & 9 Ave,6569,W 35 St & Dyer Ave,6569,40.75414519263519,-73.9960889518261,40.754691750226016,-73.99740189313889,member
1574756,C5E055B5637BBD0D,classic_bike,2022-03-16 17:56:09,2022-03-16 17:57:08,W 35 St & 9 Ave,6569,W 35 St & Dyer Ave,6569,40.75414519263519,-73.9960889518261,40.754691750226016,-73.99740189313889,member
1574765,B329C497F5CE0FBC,classic_bike,2022-03-16 16:23:02,2022-03-16 16:33:18,W 47 St & 6 Ave,6667,W 35 St & Dyer Ave,6569,40.758397,-73.98255,40.754691750226016,-73.99740189313889,member
1574775,088BEC9D2BAB09A5,electric_bike,2022-03-29 19:13:46,2022-03-29 19:15:18,W 35 St & 9 Ave,6569,W 35 St & Dyer Ave,6569,40.75414519263519,-73.9960889518261,40.754691750226016,-73.99740189313889,member
1574778,D402B5B643F80E7F,electric_bike,2022-03-31 08:02:59,2022-03-31 08:23:22,W 35 St & 9 Ave,6569,W 35 St & Dyer Ave,6569,40.75414519263519,-73.9960889518261,40.754691750226016,-73.99740189313889,member
1574779,E8D0968333B5B345,classic_bike,2022-03-26 00:42:52,2022-03-26 00:44:01,W 35 St & 9 Ave,6569,W 35 St & Dyer Ave,6569,40.75414519263519,-73.9960889518261,40.754691750226016,-73.99740189313889,member
1574780,0055740FE9204B13,electric_bike,2022-03-21 21:18:25,2022-03-21 21:20:08,W 35 St & 9 Ave,6569,W 35 St & Dyer Ave,6569,40.75414519263519,-73.9960889518261,40.754691750226016,-73.99740189313889,casual
1574797,01432174DCB5C81B,classic_bike,2022-03-31 10:09:58,2022-03-31 10:22:23,W 35 St & 9 Ave,6569,Broadway & W 51 St,6779,40.75414519263519,-73.9960889518261,40.76228826,-73.98336183,member
1574799,8A29DF43EB82591F,classic_bike,2022-03-05 17:51:04,2022-03-05 17:51:38,W 35 St & 9 Ave,6569,W 35 St & Dyer Ave,6569,40.75414519263519,-73.9960889518261,40.754691750226016,-73.99740189313889,member
1574800,DDACB814014DE1AB,classic_bike,2022-03-05 18:00:05,2022-03-05 18:00:39,W 35 St & 9 Ave,6569,W 35 St & Dyer Ave,6569,40.75414519263519,-73.9960889518261,40.754691750226016,-73.99740189313889,member
1574801,26EE480C57031C7B,classic_bike,2022-03-05 17:55:23,2022-03-05 17:56:00,W 35 St & 9 Ave,6569,W 35 St & Dyer Ave,6569,40.75414519263519,-73.9960889518261,40.754691750226016,-73.99740189313889,member
1574802,ADB58F6525E338BE,classic_bike,2022-03-05 17:57:40,2022-03-05 17:58:20,W 35 St & 9 Ave,6569,W 35 St & Dyer Ave,6569,40.75414519263519,-73.9960889518261,40.754691750226016,-73.99740189313889,member
1574803,CF2EA04A3530F83D,classic_bike,2022-03-05 17:53:16,2022-03-05 17:53:49,W 35 St & 9 Ave,6569,W 35 St & Dyer Ave,6569,40.75414519263519,-73.9960889518261,40.754691750226016,-73.99740189313889,member
1574804,B205B5306122DD52,classic_bike,2022-03-05 17:49:10,2022-03-05 17:49:45,W 35 St & 9 Ave,6569,W 35 St & Dyer Ave,6569,40.75414519263519,-73.9960889518261,40.754691750226016,-73.99740189313889,member
1574805,7D6EC24980CF1BFC,classic_bike,2022-03-03 17:31:14,2022-03-03 17:32:01,W 35 St & 9 Ave,6569,W 35 St & Dyer Ave,6569,40.75414519263519,-73.9960889518261,40.754691750226016,-73.99740189313889,member
1574818,ADBFBA2D9A825B90,electric_bike,2022-03-21 11:56:11,2022-03-21 12:01:16,W 35 St & 9 Ave,6569,Broadway & W 51 St,6779,40.75414519263519,-73.9960889518261,40.76228826,-73.98336183,member
1574820,5C133E3C55705A0A,classic_bike,2022-03-02 19:34:20,2022-03-02 20:06:44,Greenwich Ave & 8 Ave,6072,W 35 St & Dyer Ave,6569,40.7390169121,-74.0026376103,40.754691750226016,-73.99740189313889,member
1574822,318B081EA6277699,electric_bike,2022-03-21 20:20:54,2022-03-21 20:28:53,Greenwich Ave & 8 Ave,6072,W 35 St & Dyer Ave,6569,40.7390169121,-74.0026376103,40.754691750226016,-73.99740189313889,member
1574828,B5E5D95C7B37A0B0,electric_bike,2022-03-07 08:23:09,2022-03-07 08:30:49,W 35 St & 9 Ave,6569,Broadway & W 51 St,6779,40.75414519263519,-73.9960889518261,40.76228826,-73.98336183,member
1574829,B62A39F61A63B03F,classic_bike,2022-03-10 19:11:20,2022-03-10 19:12:29,W 35 St & 9 Ave,6569,W 35 St & Dyer Ave,6569,40.75414519263519,-73.9960889518261,40.754691750226016,-73.99740189313889,member
1574830,6E7A9A93F4C2E73F,electric_bike,2022-03-13 13:24:40,2022-03-13 13:38:13,W 35 St & 9 Ave,6569,E 31 St & 3 Ave,6239,40.75414519263519,-73.9960889518261,40.74394314,-73.97966069,member
1574837,76448E2055746B16,classic_bike,2022-03-21 19:30:41,2022-03-21 19:31:22,W 35 St & 9 Ave,6569,W 35 St & Dyer Ave,6569,40.75414519263519,-73.9960889518261,40.754691750226016,-73.99740189313889,member
1574838,02668D7323DBB905,electric_bike,2022-03-19 00:48:36,2022-03-19 00:49:15,W 35 St & 9 Ave,6569,W 35 St & Dyer Ave,6569,40.75414519263519,-73.9960889518261,40.754691750226016,-73.99740189313889,member
1574839,2925171CBEE495D0,electric_bike,2022-03-19 01:52:13,2022-03-19 01:52:43,W 35 St & 9 Ave,6569,W 35 St & Dyer Ave,6569,40.75414519263519,-73.9960889518261,40.754691750226016,-73.99740189313889,member
1574890,3E0CC5C5B140F910,electric_bike,2022-03-23 12:09:21,2022-03-23 12:20:59,E 16 St & Irving Pl,5938,W 35 St & Dyer Ave,6569,40.735367055605394,-73.98797392845154,40.754691750226016,-73.99740189313889,member
1574892,8F5E927B962632F3,classic_bike,2022-03-29 09:43:34,2022-03-29 09:54:13,12 Ave & W 40 St,6765,W 35 St & Dyer Ave,6569,40.76087502,-74.00277668,40.754691750226016,-73.99740189313889,member
1574922,53B743A44FD34B3E,electric_bike,2022-03-29 17:40:08,2022-03-29 17:47:06,W 24 St & 7 Ave,6257,W 35 St & Dyer Ave,6569,40.74487634,-73.99529885,40.754691750226016,-73.99740189313889,member
1574928,7247AF0BE1E27988,classic_bike,2022-03-05 16:45:07,2022-03-05 17:00:34,W 35 St & 9 Ave,6569,W 35 St & Dyer Ave,6569,40.75414519263519,-73.9960889518261,40.754691750226016,-73.99740189313889,member
1574930,76B8989123BB7AF8,electric_bike,2022-03-17 17:04:18,2022-03-17 17:13:59,2 Ave & E 29 St,6122,W 35 St & Dyer Ave,6569,40.74172351097472,-73.97809267044067,40.754691750226016,-73.99740189313889,member
1574931,223A0F5C1E290E28,classic_bike,2022-03-31 18:14:30,2022-03-31 18:16:51,W 35 St & 9 Ave,6569,W 35 St & Dyer Ave,6569,40.75414519263519,-73.9960889518261,40.754691750226016,-73.99740189313889,member
1574933,34309137F22AD824,electric_bike,2022-03-03 21:33:47,2022-03-03 21:44:33,W 15 St & 7 Ave,6030,W 35 St & Dyer Ave,6569,40.73935542,-73.99931783,40.754691750226016,-73.99740189313889,member
1574935,09040B1324234932,classic_bike,2022-03-24 19:13:30,2022-03-24 19:14:22,W 35 St & 9 Ave,6569,W 35 St & Dyer Ave,6569,40.75414519263519,-73.9960889518261,40.754691750226016,-73.99740189313889,member
1574938,CDCD585168D83910,electric_bike,2022-03-07 14:28:47,2022-03-07 15:23:31,W 35 St & 9 Ave,6569,W 35 St & Dyer Ave,6569,40.75414519263519,-73.9960889518261,40.754691750226016,-73.99740189313889,member
1574939,72A6C03441567CD3,classic_bike,2022-03-22 11:34:27,2022-03-22 11:35:12,W 35 St & 9 Ave,6569,W 35 St & Dyer Ave,6569,40.75421381,-73.996389985,40.754691750226016,-73.99740189313889,member
1574948,DBFEE2135ED3102B,classic_bike,2022-03-06 00:15:25,2022-03-06 00:24:40,W 24 St & 7 Ave,6257,W 35 St & Dyer Ave,6569,40.74487634,-73.99529885,40.754691750226016,-73.99740189313889,member
1574955,3D71159E53485C0C,classic_bike,2022-03-30 19:59:15,2022-03-30 20:13:00,W 24 St & 7 Ave,6257,W 35 St & Dyer Ave,6569,40.74487634,-73.99529885,40.754691750226016,-73.99740189313889,member
1574962,6F3C0BFD33CC7280,classic_bike,2022-03-23 17:25:45,2022-03-23 17:26:32,W 35 St & 9 Ave,6569,W 35 St & Dyer Ave,6569,40.75414519263519,-73.9960889518261,40.754691750226016,-73.99740189313889,member
1574967,38A4651D8EA9C5A8,electric_bike,2022-03-22 18:46:56,2022-03-22 18:58:26,Madison Av & E 51 St,6659,W 35 St & Dyer Ave,6569,40.75863,-73.97513,40.754691750226016,-73.99740189313889,member
1574983,8CF9DB607EF8AD77,electric_bike,2022-03-21 17:24:19,2022-03-21 17:35:39,2 Ave & E 55 St,6650,W 35 St & Dyer Ave,6569,40.757920208794026,-73.96638214588165,40.754691750226016,-73.99740189313889,member
1575052,6A22207143933A53,classic_bike,2022-03-23 19:17:42,2022-03-23 19:18:59,W 35 St & 9 Ave,6569,W 35 St & Dyer Ave,6569,40.75414519263519,-73.9960889518261,40.754691750226016,-73.99740189313889,member
1575053,34BAD8A85B0BB56B,electric_bike,2022-03-23 16:23:32,2022-03-23 16:34:20,W 35 St & 9 Ave,6569,E 31 St & 3 Ave,6239,40.75414519263519,-73.9960889518261,40.74394314,-73.97966069,member
1575070,BFB3F9E89CC9659C,classic_bike,2022-03-17 16:07:29,2022-03-17 16:08:04,W 35 St & 9 Ave,6569,W 35 St & Dyer Ave,6569,40.75414519263519,-73.9960889518261,40.754691750226016,-73.99740189313889,member
1575071,090C59207B5BCDD8,classic_bike,2022-03-18 16:36:00,2022-03-18 16:47:36,2 Ave & E 29 St,6122,W 35 St & Dyer Ave,6569,40.74172351097472,-73.97809267044067,40.754691750226016,-73.99740189313889,member
1575099,E6EC306287BD00D5,electric_bike,2022-03-31 11:03:42,2022-03-31 11:10:29,8 Ave & W 52 St,6816,W 35 St & Dyer Ave,6569,40.76370739,-73.9851615,40.754691750226016,-73.99740189313889,member
1575117,B1478D966CDEB811,electric_bike,2022-03-22 19:30:44,2022-03-22 19:33:40,W 29 St & 9 Ave,6416,W 35 St & Dyer Ave,6569,40.7500727,-73.99839279,40.754691750226016,-73.99740189313889,member
1575118,2D1AA4AE643C2063,electric_bike,2022-03-21 22:00:59,2022-03-21 22:04:12,W 29 St & 9 Ave,6416,W 35 St & Dyer Ave,6569,40.7500727,-73.99839279,40.754691750226016,-73.99740189313889,member
1575119,8B47F3D79656E0C1,electric_bike,2022-03-07 19:54:10,2022-03-07 19:57:00,W 29 St & 9 Ave,6416,W 35 St & Dyer Ave,6569,40.7500727,-73.99839279,40.754691750226016,-73.99740189313889,member
1575126,781AC7DAF70DA34C,electric_bike,2022-03-06 19:10:45,2022-03-06 19:13:58,W 29 St & 9 Ave,6416,W 35 St & Dyer Ave,6569,40.7500727,-73.99839279,40.754691750226016,-73.99740189313889,member
1575128,328FBA08C0A04575,electric_bike,2022-03-15 22:20:05,2022-03-15 22:29:38,2 Ave & E 29 St,6122,W 35 St & Dyer Ave,6569,40.74172351097472,-73.97809267044067,40.754691750226016,-73.99740189313889,member
1575131,7B31291BF73BB771,classic_bike,2022-03-07 16:58:45,2022-03-07 17:11:03,2 Ave & E 29 St,6122,W 35 St & Dyer Ave,6569,40.74172351097472,-73.97809267044067,40.754691750226016,-73.99740189313889,member
1575132,D3ACC98161E09704,classic_bike,2022-03-20 15:35:49,2022-03-20 15:36:30,W 35 St & 9 Ave,6569,W 35 St & Dyer Ave,6569,40.75414519263519,-73.9960889518261,40.754691750226016,-73.99740189313889,member
1575133,1DF252192929CAB2,electric_bike,2022-03-24 17:31:26,2022-03-24 17:41:09,9 Ave & W 22 St,6266,W 35 St & Dyer Ave,6569,40.7454973,-74.00197139,40.754691750226016,-73.99740189313889,member
1575136,BFCC4C0764581FD5,electric_bike,2022-03-06 02:02:06,2022-03-06 02:05:45,9 Ave & W 22 St,6266,W 35 St & Dyer Ave,6569,40.7454973,-74.00197139,40.754691750226016,-73.99740189313889,member
1575177,23E473E7D0A931BA,electric_bike,2022-03-21 16:14:02,2022-03-21 16:22:28,W 48 St &  Rockefeller Plaza,6626,W 35 St & Dyer Ave,6569,40.75776935448309,-73.97929430007935,40.754691750226016,-73.99740189313889,casual
1575211,5B6CBDC2081CB494,classic_bike,2022-03-17 17:32:56,2022-03-17 17:39:19,W 42 St & 6 Ave,6517,W 35 St & Dyer Ave,6569,40.75492,-73.98455,40.754691750226016,-73.99740189313889,member
1575229,A825089BAB08EC81,classic_bike,2022-03-13 16:01:49,2022-03-13 16:02:45,W 35 St & 9 Ave,6569,W 35 St & Dyer Ave,6569,40.75414519263519,-73.9960889518261,40.754691750226016,-73.99740189313889,member
1575230,8A55A7E955830BDD,classic_bike,2022-03-13 15:56:12,2022-03-13 15:57:16,W 35 St & 9 Ave,6569,W 35 St & Dyer Ave,6569,40.75414519263519,-73.9960889518261,40.754691750226016,-73.99740189313889,member
1575231,568ADD989F448B38,classic_bike,2022-03-13 15:59:45,2022-03-13 16:00:33,W 35 St & 9 Ave,6569,W 35 St & Dyer Ave,6569,40.75414519263519,-73.9960889518261,40.754691750226016,-73.99740189313889,member
1575233,80A2C8F4D2DEE823,classic_bike,2022-03-13 16:13:45,2022-03-13 16:21:01,W 35 St & 9 Ave,6569,W 35 St & Dyer Ave,6569,40.75414519263519,-73.9960889518261,40.754691750226016,-73.99740189313889,member
1575236,4C7FD013A8BF8B24,electric_bike,2022-03-05 16:23:57,2022-03-05 19:59:45,W 35 St & 9 Ave,6569,W 35 St & Dyer Ave,6569,40.75414519263519,-73.9960889518261,40.754691750226016,-73.99740189313889,casual
1575245,A7CF4A3909EA0448,electric_bike,2022-03-01 13:01:04,2022-03-01 13:08:16,9 Ave & W 18 St,6190,W 35 St & Dyer Ave,6569,40.74317449,-74.00366443,40.754691750226016,-73.99740189313889,member
1575263,71780DAA0F6C8280,electric_bike,2022-03-29 18:58:34,2022-03-29 19:04:52,W 42 St & 6 Ave,6517,W 35 St & Dyer Ave,6569,40.75492,-73.98455,40.754691750226016,-73.99740189313889,member
1575274,B66C4A3EC26DB101,classic_bike,2022-03-12 18:01:40,2022-03-12 18:09:37,W 42 St & 6 Ave,6517,W 35 St & Dyer Ave,6569,40.75492,-73.98455,40.754691750226016,-73.99740189313889,member
1575298,CDDE38A71307ABAD,classic_bike,2022-03-22 11:27:06,2022-03-22 11:50:02,Broadway & W 56 St,6847,W 35 St & Dyer Ave,6569,40.7652654,-73.98192338,40.754691750226016,-73.99740189313889,member
1575304,4F6A49E593752523,classic_bike,2022-03-26 12:31:02,2022-03-26 12:44:17,9 Ave & W 18 St,6190,W 35 St & Dyer Ave,6569,40.74317449,-74.00366443,40.754691750226016,-73.99740189313889,casual
1575305,2AEB0AB8F5EA4F00,electric_bike,2022-03-18 04:36:35,2022-03-18 04:49:39,8 Ave & W 52 St,6816,W 35 St & Dyer Ave,6569,40.76370739,-73.9851615,40.754691750226016,-73.99740189313889,casual
1575306,E8C09D0B01778920,classic_bike,2022-03-26 12:30:57,2022-03-26 12:44:19,9 Ave & W 18 St,6190,W 35 St & Dyer Ave,6569,40.74317449,-74.00366443,40.754691750226016,-73.99740189313889,casual
1575310,B5862BA1A996A34E,electric_bike,2022-03-18 04:36:32,2022-03-18 04:50:02,8 Ave & W 52 St,6816,W 35 St & Dyer Ave,6569,40.76370739,-73.9851615,40.754691750226016,-73.99740189313889,casual
1575337,F79FEB37676792E7,classic_bike,2022-03-22 08:40:08,2022-03-22 09:11:58,Rivington St & Ridge St,5406,W 35 St & Dyer Ave,6569,40.71850211,-73.98329859,40.754691750226016,-73.99740189313889,member
1575353,ECEE4BA375116749,electric_bike,2022-03-25 15:02:18,2022-03-25 15:11:42,11 Ave & W 59 St,7059,W 35 St & Dyer Ave,6569,40.77149671054441,-73.99046033620834,40.754691750226016,-73.99740189313889,member
1575354,C808C9F6959C042A,classic_bike,2022-03-01 18:13:54,2022-03-01 18:22:51,8 Ave & W 16 St,6072,W 35 St & Dyer Ave,6569,40.740983,-74.001702,40.754691750226016,-73.99740189313889,member
1575412,3511B33767011EC2,electric_bike,2022-03-16 09:04:35,2022-03-16 09:21:25,E 15 St & 3 Ave,5863,W 35 St & Dyer Ave,6569,40.734232,-73.986923,40.754691750226016,-73.99740189313889,member
1575431,C0DCF884D1A2C335,electric_bike,2022-03-12 22:40:06,2022-03-12 22:43:46,W 29 St & 9 Ave,6416,W 35 St & Dyer Ave,6569,40.7500727,-73.99839279,40.754691750226016,-73.99740189313889,member
1575439,AE60CB1D12BFF5C9,electric_bike,2022-03-18 23:22:50,2022-03-18 23:31:59,W 21 St & 6 Ave,6140,W 35 St & Dyer Ave,6569,40.74173969,-73.99415556,40.754691750226016,-73.99740189313889,member
1575450,9C138D43140815B5,classic_bike,2022-03-11 12:57:15,2022-03-11 13:20:47,E 22 St & 2 Ave,5971,W 35 St & Dyer Ave,6569,40.73716919369882,-73.98122549057007,40.754691750226016,-73.99740189313889,casual
1575479,A9098CE02F87AC3F,electric_bike,2022-03-25 20:49:28,2022-03-25 20:54:48,W 42 St & 6 Ave,6517,W 35 St & Dyer Ave,6569,40.75492,-73.98455,40.754691750226016,-73.99740189313889,member
1575511,DBF40F19980E20C8,classic_bike,2022-03-21 15:34:17,2022-03-21 15:48:21,W 18 St & 6 Ave,6064,W 35 St & Dyer Ave,6569,40.73971301,-73.99456405,40.754691750226016,-73.99740189313889,member
1575521,1038D13229DBA342,classic_bike,2022-03-20 18:07:14,2022-03-20 18:07:59,W 35 St & 9 Ave,6569,W 35 St & Dyer Ave,6569,40.75414519263519,-73.9960889518261,40.754691750226016,-73.99740189313889,member
1575536,60FFE63E45EEBD42,electric_bike,2022-03-06 13:19:45,2022-03-06 13:31:24,9 Ave & W 18 St,6190,W 35 St & Dyer Ave,6569,40.74317449,-74.00366443,40.754691750226016,-73.99740189313889,member
1575544,3E1EAEC24E367C4E,electric_bike,2022-03-20 17:46:35,2022-03-20 17:55:35,8 Ave & W 52 St,6816,W 35 St & Dyer Ave,6569,40.76370739,-73.9851615,40.754691750226016,-73.99740189313889,casual
1575574,15071435E5BBD726,classic_bike,2022-03-20 12:55:43,2022-03-20 13:07:57,8 Ave & W 52 St,6816,W 35 St & Dyer Ave,6569,40.76370739,-73.9851615,40.754691750226016,-73.99740189313889,member
1575600,1F7F5DB6361A22A1,electric_bike,2022-03-01 11:44:16,2022-03-01 11:54:07,9 Ave & W 18 St,6190,W 35 St & Dyer Ave,6569,40.74317449,-74.00366443,40.754691750226016,-73.99740189313889,member
1575626,DE8D6F3A3C79867D,electric_bike,2022-03-26 16:50:11,2022-03-26 17:15:34,W 12 St & Hudson St,5997,W 35 St & Dyer Ave,6569,40.73752993301071,-74.00558933615685,40.754691750226016,-73.99740189313889,casual
1576064,DDB2D93F32EAE8C6,classic_bike,2022-03-26 16:53:34,2022-03-26 17:06:19,W 36 St & 9 Ave,6569,Broadway & W 36 St,6441,40.75462324029105,-73.99516761302948,40.75097711,-73.98765428,member
1576077,80E4872BF6267906,classic_bike,2022-03-25 14:44:27,2022-03-25 14:48:10,W 36 St & 9 Ave,6569,Broadway & W 36 St,6441,40.75462324029105,-73.99516761302948,40.75097711,-73.98765428,member
1576078,DAD29B0277204D02,electric_bike,2022-03-22 14:39:43,2022-03-22 14:44:03,W 36 St & 9 Ave,6569,Broadway & W 36 St,6441,40.75462324029105,-73.99516761302948,40.75097711,-73.98765428,member
1576086,C3077750833123F1,classic_bike,2022-03-05 16:37:33,2022-03-05 16:44:00,W 36 St & 9 Ave,6569,Broadway & W 36 St,6441,40.75462324029105,-73.99516761302948,40.75097711,-73.98765428,member
1576478,F41988D9BE35A612,classic_bike,2022-03-02 12:35:17,2022-03-02 12:40:31,Broadway & W 37 St,6441,W 35 St & Dyer Ave,6569,40.75172632,-73.98753523,40.754691750226016,-73.99740189313889,member
1576557,73192221039BA127,classic_bike,2022-03-25 19:42:37,2022-03-25 19:50:24,W 35 St & Dyer Ave,6569,Broadway & W 36 St,6441,40.754691750226016,-73.99740189313889,40.75097711,-73.98765428,casual
1576563,A89BA2206A5D48D3,electric_bike,2022-03-31 13:02:07,2022-03-31 13:06:17,W 35 St & Dyer Ave,6569,Broadway & W 36 St,6441,40.754691750226016,-73.99740189313889,40.75097711,-73.98765428,member
1576746,CBBF714A95C18550,classic_bike,2022-03-31 17:50:35,2022-03-31 17:51:32,W 35 St & 9 Ave,6569,W 35 St & Dyer Ave,6569,40.75414519263519,-73.9960889518261,40.754691750226016,-73.99740189313889,member
1576747,B8D69E5AA8910CA8,classic_bike,2022-03-31 17:58:28,2022-03-31 17:59:09,W 35 St & 9 Ave,6569,W 35 St & Dyer Ave,6569,40.75414519263519,-73.9960889518261,40.754691750226016,-73.99740189313889,member
1576748,FB9DCD1980F10DC2,classic_bike,2022-03-31 17:53:08,2022-03-31 17:54:29,W 35 St & 9 Ave,6569,W 35 St & Dyer Ave,6569,40.75414519263519,-73.9960889518261,40.754691750226016,-73.99740189313889,member
1576749,321FF7881A3DFD51,classic_bike,2022-03-31 17:56:12,2022-03-31 17:56:57,W 35 St & 9 Ave,6569,W 35 St & Dyer Ave,6569,40.75414519263519,-73.9960889518261,40.754691750226016,-73.99740189313889,member
1576804,672370FA8E34EAD0,classic_bike,2022-03-15 17:36:39,2022-03-15 17:38:14,W 35 St & 9 Ave,6569,W 35 St & Dyer Ave,6569,40.75414519263519,-73.9960889518261,40.754691750226016,-73.99740189313889,member
1576805,B6C1EC41E96A0D8D,electric_bike,2022-03-07 11:50:55,2022-03-07 11:57:38,W 35 St & 9 Ave,6569,Broadway & W 51 St,6779,40.75414519263519,-73.9960889518261,40.76228826,-73.98336183,member
1577007,36C02B8087316141,classic_bike,2022-03-18 17:08:59,2022-03-18 17:31:18,Central Park West & W 85 St,7354,W 35 St & Dyer Ave,6569,40.78476,-73.969862,40.754691750226016,-73.99740189313889,member
1577013,438282841E7B5CB3,classic_bike,2022-03-19 18:49:06,2022-03-19 18:49:54,W 35 St & 9 Ave,6569,W 35 St & Dyer Ave,6569,40.75414519263519,-73.9960889518261,40.754691750226016,-73.99740189313889,member
1577016,4D45AA97F819D03E,classic_bike,2022-03-16 16:59:21,2022-03-16 17:07:13,W 35 St & 9 Ave,6569,Broadway & W 51 St,6779,40.75414519263519,-73.9960889518261,40.76228826,-73.98336183,member
1577285,33D02E2CC707810E,electric_bike,2022-03-03 18:12:21,2022-03-03 18:34:18,W 35 St & 9 Ave,6569,3 Ave & E 72 St,7028,40.75414519263519,-73.9960889518261,40.7699426,-73.96060712,member
1577799,80CC73963B6F993C,electric_bike,2022-03-11 17:52:06,2022-03-11 18:12:36,W 36 St & 9 Ave,6569,E 2 St & Avenue C,5476,40.75462324029105,-73.99516761302948,40.7208736,-73.98085795,member
1577834,971FB5966B16CDBB,classic_bike,2022-03-02 17:20:15,2022-03-02 17:45:19,W 36 St & 9 Ave,6569,3 Ave & E 72 St,7028,40.75462324029105,-73.99516761302948,40.7699426,-73.96060712,member
1577836,67F488C99E48EC7F,classic_bike,2022-03-18 06:50:38,2022-03-18 06:58:33,W 36 St & 9 Ave,6569,W 50 St & 9 Ave,6854,40.75462324029105,-73.99516761302948,40.76360467795863,-73.98917958140373,member
1577879,6D6399027A0B0688,classic_bike,2022-03-20 06:52:33,2022-03-20 06:55:53,W 36 St & 9 Ave,6569,Broadway & W 36 St,6441,40.75462324029105,-73.99516761302948,40.75097711,-73.98765428,member
1577988,DC28ABC152156617,electric_bike,2022-03-11 14:39:36,2022-03-11 14:44:32,W 36 St & 9 Ave,6569,Broadway & W 36 St,6441,40.75462324029105,-73.99516761302948,40.75097711,-73.98765428,member
1577989,86483AC7795B6968,electric_bike,2022-03-14 14:38:58,2022-03-14 14:43:07,W 36 St & 9 Ave,6569,Broadway & W 36 St,6441,40.75462324029105,-73.99516761302948,40.75097711,-73.98765428,member
1577993,3766BA445C768DCB,electric_bike,2022-03-03 10:44:49,2022-03-03 10:58:04,W 36 St & 9 Ave,6569,E 11 St & 1 Ave,5746,40.75462324029105,-73.99516761302948,40.72953837,-73.98426726,member
1579097,16F10033B5DC714B,classic_bike,2022-03-17 15:13:06,2022-03-17 15:19:08,W 36 St & 9 Ave,6569,Broadway & W 36 St,6441,40.75462324029105,-73.99516761302948,40.75097711,-73.98765428,member
1579129,EF91C3A2A6B55780,electric_bike,2022-03-26 17:12:33,2022-03-26 17:18:22,W 35 St & Dyer Ave,6569,W 50 St & 9 Ave,6854,40.754691750226016,-73.99740189313889,40.76360467795863,-73.98917958140373,member
1579132,8F7C1F0ECB8BB925,electric_bike,2022-03-12 21:01:39,2022-03-12 21:06:39,W 35 St & Dyer Ave,6569,Broadway & W 36 St,6441,40.754691750226016,-73.99740189313889,40.75097711,-73.98765428,member
1579148,30F7CA7EA5CAAE7F,classic_bike,2022-03-10 01:06:02,2022-03-10 01:23:56,W 35 St & Dyer Ave,6569,Broadway & W 36 St,6441,40.754691750226016,-73.99740189313889,40.75097711,-73.98765428,member
1579158,B07C38A7480E3534,classic_bike,2022-03-03 15:48:51,2022-03-03 15:57:13,W 35 St & Dyer Ave,6569,W 50 St & 9 Ave,6854,40.754691750226016,-73.99740189313889,40.76360467795863,-73.98917958140373,member
1579213,7D4EF6707CD09707,classic_bike,2022-03-03 18:47:26,2022-03-03 18:53:16,W 35 St & Dyer Ave,6569,Broadway & W 36 St,6441,40.754691750226016,-73.99740189313889,40.75097711,-73.98765428,member
1579217,2B3850DC9FCAD833,classic_bike,2022-03-23 12:34:32,2022-03-23 12:41:12,W 35 St & Dyer Ave,6569,Broadway & W 36 St,6441,40.754691750226016,-73.99740189313889,40.75097711,-73.98765428,member
1579218,85B7541F698A0D95,classic_bike,2022-03-16 17:57:51,2022-03-16 18:20:48,W 35 St & Dyer Ave,6569,3 Ave & E 72 St,7028,40.754691750226016,-73.99740189313889,40.7699426,-73.96060712,member
1579254,3444897921CC78E8,classic_bike,2022-03-19 16:50:15,2022-03-19 16:56:50,W 35 St & Dyer Ave,6569,W 50 St & 9 Ave,6854,40.754691750226016,-73.99740189313889,40.76360467795863,-73.98917958140373,member
1579314,511F343E48FB70F1,classic_bike,2022-03-07 15:42:23,2022-03-07 15:50:32,W 35 St & Dyer Ave,6569,Broadway & W 36 St,6441,40.754691750226016,-73.99740189313889,40.75097711,-73.98765428,member
1579639,C43D52D80B79DECA,electric_bike,2022-03-13 13:17:05,2022-03-13 13:31:29,W 36 St & 9 Ave,6569,Ave A & E 14 St,5779,40.75462324029105,-73.99516761302948,40.73031071000895,-73.98047178983688,member
1580036,D3CFCE1580AEED0C,classic_bike,2022-03-22 10:14:26,2022-03-22 10:19:53,W 35 St & Dyer Ave,6569,Broadway & W 36 St,6441,40.754691750226016,-73.99740189313889,40.75097711,-73.98765428,member
1580891,57E7D058FC59E1EE,classic_bike,2022-03-11 22:27:04,2022-03-11 22:30:06,W 35 St & 9 Ave,6569,Broadway & W 36 St,6441,40.75414519263519,-73.9960889518261,40.75097711,-73.98765428,member
1586247,459B43E3BA3F29D1,classic_bike,2022-03-30 14:50:02,2022-03-30 14:55:20,W 35 St & Dyer Ave,6569,Broadway & W 36 St,6441,40.754691750226016,-73.99740189313889,40.75097711,-73.98765428,member
1586265,CE20916208D82E76,docked_bike,2022-03-18 16:11:28,2022-03-18 16:44:27,W 35 St & Dyer Ave,6569,Ave A & E 14 St,5779,40.754692,-73.997402,40.730311,-73.980472,casual
1586298,932FE07FBBE012F0,electric_bike,2022-03-06 23:45:46,2022-03-06 23:51:43,W 35 St & Dyer Ave,6569,W 50 St & 9 Ave,6854,40.754691750226016,-73.99740189313889,40.76360467795863,-73.98917958140373,member
1586378,E8E9FDE4ED2CA588,classic_bike,2022-03-19 20:33:28,2022-03-19 20:41:43,W 35 St & Dyer Ave,6569,W 50 St & 9 Ave,6854,40.754691750226016,-73.99740189313889,40.76360467795863,-73.98917958140373,member
1586451,7B8048922C17C303,electric_bike,2022-03-28 11:38:17,2022-03-28 11:49:36,W 35 St & Dyer Ave,6569,W 50 St & 9 Ave,6854,40.754691750226016,-73.99740189313889,40.76360467795863,-73.98917958140373,member
1586487,00D0CC8271AF2497,electric_bike,2022-03-23 19:12:33,2022-03-23 19:33:34,W 35 St & Dyer Ave,6569,Ave A & E 14 St,5779,40.754691750226016,-73.99740189313889,40.73031071000895,-73.98047178983688,casual
1589638,E63CFF722548363F,classic_bike,2022-03-19 20:03:35,2022-03-19 20:09:36,W 35 St & Dyer Ave,6569,W 50 St & 9 Ave,6854,40.754691750226016,-73.99740189313889,40.76360467795863,-73.98917958140373,member
1589640,1BA2E0E52A1067E1,classic_bike,2022-03-03 16:40:04,2022-03-03 16:51:15,W 35 St & Dyer Ave,6569,W 50 St & 9 Ave,6854,40.754691750226016,-73.99740189313889,40.76360467795863,-73.98917958140373,member
1599120,97533B180F897C60,classic_bike,2022-03-18 20:04:49,2022-03-18 20:38:48,W 35 St & 9 Ave,6569,5 Ave & E 78 St,7161,40.75414519263519,-73.9960889518261,40.77632142182271,-73.96427392959595,casual
1599124,3813B859D5E08A7D,classic_bike,2022-03-26 10:31:54,2022-03-26 10:57:58,W 35 St & 9 Ave,6569,Grand St & Greene St,5500,40.75414519263519,-73.9960889518261,40.72170005235607,-74.00238141417502,casual
1599132,BC0CE22CC73EE2A4,classic_bike,2022-03-10 22:19:06,2022-03-10 22:25:32,W 35 St & 9 Ave,6569,Broadway & W 36 St,6441,40.75414519263519,-73.9960889518261,40.75097711,-73.98765428,member
1599133,7B4D72D3099089EF,electric_bike,2022-03-18 20:25:38,2022-03-18 20:30:41,W 35 St & 9 Ave,6569,Broadway & W 36 St,6441,40.75414519263519,-73.9960889518261,40.75097711,-73.98765428,member
1599144,C4A9A74B88F595EB,electric_bike,2022-03-21 01:03:12,2022-03-21 01:37:23,W 35 St & 9 Ave,6569,W 37 St & Broadway,6441,40.75414519263519,-73.9960889518261,40.75227093837409,-73.98770570755005,member
1599147,98D941EE27D78368,electric_bike,2022-03-06 14:35:58,2022-03-06 15:07:33,W 35 St & 9 Ave,6569,Grand St & Greene St,5500,40.75414519263519,-73.9960889518261,40.72170005235607,-74.00238141417502,casual
1599151,48E66FDDFE007C1F,classic_bike,2022-03-21 12:34:54,2022-03-21 12:40:18,W 35 St & 9 Ave,6569,Broadway & W 36 St,6441,40.75414519263519,-73.9960889518261,40.75097711,-73.98765428,member
1599164,7B0F930091EC2797,classic_bike,2022-03-16 08:03:08,2022-03-16 08:10:35,W 35 St & 9 Ave,6569,W 50 St & 9 Ave,6854,40.75414519263519,-73.9960889518261,40.76360467795863,-73.98917958140373,member
1599165,94C2283BED01A9F8,classic_bike,2022-03-24 18:02:58,2022-03-24 18:10:33,W 35 St & 9 Ave,6569,W 50 St & 9 Ave,6854,40.75414519263519,-73.9960889518261,40.76360467795863,-73.98917958140373,member
1599181,8AB0AFDC20358A68,electric_bike,2022-03-06 14:35:42,2022-03-06 15:02:43,W 35 St & 9 Ave,6569,Grand St & Greene St,5500,40.75414519263519,-73.9960889518261,40.72170005235607,-74.00238141417502,casual
1599218,09DE69C561EFFA68,electric_bike,2022-03-15 18:40:33,2022-03-15 18:58:12,W 35 St & 9 Ave,6569,3 Ave & E 72 St,7028,40.75414519263519,-73.9960889518261,40.7699426,-73.96060712,member
1599221,1FE7B294D922858C,classic_bike,2022-03-25 17:59:35,2022-03-25 18:18:21,W 35 St & 9 Ave,6569,Ave A & E 14 St,5779,40.75414519263519,-73.9960889518261,40.73031071000895,-73.98047178983688,member
1599223,8494D02D0B1571E2,classic_bike,2022-03-01 12:27:42,2022-03-01 12:37:01,W 35 St & 9 Ave,6569,W 50 St & 9 Ave,6854,40.75414519263519,-73.9960889518261,40.76360467795863,-73.98917958140373,casual
1599227,3F03E469E777E147,classic_bike,2022-03-16 18:05:36,2022-03-16 18:27:33,W 35 St & 9 Ave,6569,E 11 St & 1 Ave,5746,40.75414519263519,-73.9960889518261,40.72953837,-73.98426726,casual
1599231,2EFC33F55441E6C5,classic_bike,2022-03-10 18:07:05,2022-03-10 18:30:04,W 35 St & 9 Ave,6569,3 Ave & E 72 St,7028,40.75414519263519,-73.9960889518261,40.7699426,-73.96060712,member
1599959,2377277A34E64CA7,classic_bike,2022-03-31 18:09:03,2022-03-31 18:15:55,W 35 St & 9 Ave,6569,Broadway & W 36 St,6441,40.75414519263519,-73.9960889518261,40.75097711,-73.98765428,member
1599994,B7035EC3B9DE1D73,electric_bike,2022-03-31 16:13:25,2022-03-31 16:27:47,W 35 St & 9 Ave,6569,E 11 St & 1 Ave,5746,40.75414519263519,-73.9960889518261,40.72953837,-73.98426726,member
1601370,87E859A047E2768A,docked_bike,2022-03-27 11:59:41,2022-03-27 12:49:02,W 35 St & 9 Ave,6569,Grand St & Greene St,5500,40.754145,-73.996089,40.7217,-74.002381,casual
1601371,CB5579F1277F2043,classic_bike,2022-03-05 20:26:46,2022-03-05 20:33:05,W 35 St & 9 Ave,6569,Broadway & W 36 St,6441,40.75414519263519,-73.9960889518261,40.75097711,-73.98765428,member
1601375,F3B89C70A4B19F65,docked_bike,2022-03-27 11:59:57,2022-03-27 12:49:24,W 35 St & 9 Ave,6569,Grand St & Greene St,5500,40.754145,-73.996089,40.7217,-74.002381,casual
1601523,E9F8EA4C32BB87D1,classic_bike,2022-03-11 20:25:07,2022-03-11 20:31:33,W 35 St & 9 Ave,6569,Broadway & W 36 St,6441,40.75414519263519,-73.9960889518261,40.75097711,-73.98765428,member
1601527,81B0E90D79F9F43D,classic_bike,2022-03-25 15:31:07,2022-03-25 20:58:29,W 35 St & 9 Ave,6569,Broadway & W 36 St,6441,40.75414519263519,-73.9960889518261,40.75097711,-73.98765428,casual
1601663,05A74E7975FDEB3C,classic_bike,2022-03-25 11:50:41,2022-03-25 11:56:51,W 35 St & Dyer Ave,6569,Broadway & W 36 St,6441,40.754691750226016,-73.99740189313889,40.75097711,-73.98765428,member
1602246,D02DD87EBD88A80E,electric_bike,2022-03-16 14:43:02,2022-03-16 14:46:51,W 36 St & 9 Ave,6569,Broadway & W 36 St,6441,40.75462324029105,-73.99516761302948,40.75097711,-73.98765428,member
1602247,93A1F6EDD2919B3D,classic_bike,2022-03-15 15:05:24,2022-03-15 15:09:31,W 36 St & 9 Ave,6569,Broadway & W 36 St,6441,40.75462324029105,-73.99516761302948,40.75097711,-73.98765428,member
1602252,7D7C352C8F464659,electric_bike,2022-03-10 17:38:19,2022-03-10 17:54:19,W 36 St & 9 Ave,6569,E 2 St & Avenue C,5476,40.75462324029105,-73.99516761302948,40.7208736,-73.98085795,member
1602269,C90643D0B1D83B9F,classic_bike,2022-03-21 15:00:36,2022-03-21 15:37:55,W 36 St & 9 Ave,6569,Broadway & W 36 St,6441,40.75462324029105,-73.99516761302948,40.75097711,-73.98765428,member
1602274,3F8A054B9DB13A5D,electric_bike,2022-03-04 19:26:54,2022-03-04 19:30:44,W 36 St & 9 Ave,6569,Broadway & W 36 St,6441,40.75462324029105,-73.99516761302948,40.75097711,-73.98765428,member
1602282,315A07993E6D5799,classic_bike,2022-03-10 20:40:52,2022-03-10 20:45:40,W 36 St & 9 Ave,6569,Broadway & W 36 St,6441,40.75462324029105,-73.99516761302948,40.75097711,-73.98765428,member
1602290,DA1BC43ADB547158,classic_bike,2022-03-14 19:47:24,2022-03-14 19:52:20,W 36 St & 9 Ave,6569,Broadway & W 36 St,6441,40.75462324029105,-73.99516761302948,40.75097711,-73.98765428,member
1602301,FE7B4C6F66A57257,electric_bike,2022-03-29 14:42:12,2022-03-29 14:46:04,W 36 St & 9 Ave,6569,Broadway & W 36 St,6441,40.75462324029105,-73.99516761302948,40.75097711,-73.98765428,member
1602302,FA1D57CE7EFD4BC3,classic_bike,2022-03-11 08:10:25,2022-03-11 08:13:50,W 36 St & 9 Ave,6569,Broadway & W 36 St,6441,40.75462324029105,-73.99516761302948,40.75097711,-73.98765428,member
1602303,FBDD6EB38523856C,electric_bike,2022-03-31 21:33:31,2022-03-31 21:51:53,W 36 St & 9 Ave,6569,E 2 St & Avenue C,5476,40.75462324029105,-73.99516761302948,40.7208736,-73.98085795,member
1602306,4031F8930BF08E70,classic_bike,2022-03-11 18:12:28,2022-03-11 18:32:13,W 36 St & 9 Ave,6569,Ave A & E 14 St,5779,40.75462324029105,-73.99516761302948,40.73031071000895,-73.98047178983688,member
1602315,459BCA0EC9FA61F8,electric_bike,2022-03-22 18:23:45,2022-03-22 18:46:15,W 36 St & 9 Ave,6569,3 Ave & E 72 St,7028,40.75462324029105,-73.99516761302948,40.7699426,-73.96060712,member
1602318,3D385E83DADCBE2D,classic_bike,2022-03-23 16:24:40,2022-03-23 16:30:49,W 36 St & 9 Ave,6569,W 50 St & 9 Ave,6854,40.75462324029105,-73.99516761302948,40.76360467795863,-73.98917958140373,member
1602321,E175ED305776241C,electric_bike,2022-03-08 22:21:21,2022-03-08 22:26:32,W 36 St & 9 Ave,6569,W 50 St & 9 Ave,6854,40.75462324029105,-73.99516761302948,40.76360467795863,-73.98917958140373,casual
1602322,EDA3EBD3F0F807C2,classic_bike,2022-03-10 18:44:18,2022-03-10 18:49:34,W 36 St & 9 Ave,6569,Broadway & W 36 St,6441,40.75462324029105,-73.99516761302948,40.75097711,-73.98765428,member
1602323,8D89316153FFF573,classic_bike,2022-03-23 17:16:30,2022-03-23 17:21:31,W 36 St & 9 Ave,6569,W 37 St & Broadway,6441,40.75462324029105,-73.99516761302948,40.75227093837409,-73.98770570755005,member
1602324,7200890158969157,classic_bike,2022-03-26 16:54:28,2022-03-26 17:06:11,W 36 St & 9 Ave,6569,Broadway & W 36 St,6441,40.75462324029105,-73.99516761302948,40.75097711,-73.98765428,member
1602337,AF9AF1153C9C4175,electric_bike,2022-03-24 14:40:30,2022-03-24 14:44:13,W 36 St & 9 Ave,6569,Broadway & W 36 St,6441,40.75462324029105,-73.99516761302948,40.75097711,-73.98765428,member
1602338,7E7EB274E86E9E72,classic_bike,2022-03-08 14:37:34,2022-03-08 14:42:10,W 36 St & 9 Ave,6569,Broadway & W 36 St,6441,40.75462324029105,-73.99516761302948,40.75097711,-73.98765428,member
1602339,955061A7439330F3,electric_bike,2022-03-21 21:28:54,2022-03-21 21:50:17,W 36 St & 9 Ave,6569,E 2 St & Avenue C,5476,40.75462324029105,-73.99516761302948,40.7208736,-73.98085795,member
1602351,C35E8FE028E58243,electric_bike,2022-03-14 21:22:47,2022-03-14 21:30:12,W 36 St & 9 Ave,6569,W 50 St & 9 Ave,6854,40.75462324029105,-73.99516761302948,40.76360467795863,-73.98917958140373,casual
1602360,59C430DB4850B04F,electric_bike,2022-03-31 17:53:16,2022-03-31 17:57:23,W 36 St & 9 Ave,6569,Broadway & W 36 St,6441,40.75462324029105,-73.99516761302948,40.75097711,-73.98765428,member
1603911,03692EB23A7B072A,classic_bike,2022-03-09 18:44:38,2022-03-09 18:48:45,W 36 St & 9 Ave,6569,Broadway & W 36 St,6441,40.75462324029105,-73.99516761302948,40.75097711,-73.98765428,member
1603952,486E566C22554F44,electric_bike,2022-03-10 14:41:01,2022-03-10 14:45:11,W 36 St & 9 Ave,6569,Broadway & W 36 St,6441,40.75462324029105,-73.99516761302948,40.75097711,-73.98765428,member
1603989,6CCD529FB95F69DA,classic_bike,2022-03-10 17:48:16,2022-03-10 18:09:21,W 35 St & 9 Ave,6569,E 11 St & 1 Ave,5746,40.75414519263519,-73.9960889518261,40.72953837,-73.98426726,member
1604008,1B47A2144C2CEC70,classic_bike,2022-03-11 22:23:34,2022-03-11 22:36:02,W 36 St & 9 Ave,6569,W 50 St & 9 Ave,6854,40.75462324029105,-73.99516761302948,40.76360467795863,-73.98917958140373,member
1604027,00ACDB987E2CCF4C,electric_bike,2022-03-17 14:37:44,2022-03-17 14:42:14,W 35 St & 9 Ave,6569,Broadway & W 36 St,6441,40.75414519263519,-73.9960889518261,40.75097711,-73.98765428,member
1604037,7458F3A8015606D9,classic_bike,2022-03-11 22:23:33,2022-03-11 22:36:04,W 36 St & 9 Ave,6569,W 50 St & 9 Ave,6854,40.75462324029105,-73.99516761302948,40.76360467795863,-73.98917958140373,casual
1604039,6995DA65B04FC635,electric_bike,2022-03-07 14:00:47,2022-03-07 14:27:47,W 35 St & 9 Ave,6569,E 11 St & 1 Ave,5746,40.75414519263519,-73.9960889518261,40.72953837,-73.98426726,member
1604040,B04FCE2F7D90C744,classic_bike,2022-03-29 15:40:08,2022-03-29 16:03:17,W 35 St & 9 Ave,6569,3 Ave & E 72 St,7028,40.75414519263519,-73.9960889518261,40.7699426,-73.96060712,member
1604479,34A4EE25A2B12F0A,classic_bike,2022-03-30 10:05:27,2022-03-30 10:10:30,W 36 St & 9 Ave,6569,Broadway & W 36 St,6441,40.75462324029105,-73.99516761302948,40.75097711,-73.98765428,member
1604486,0F2A74443B94C7F7,electric_bike,2022-03-01 11:36:11,2022-03-01 11:47:14,W 36 St & 9 Ave,6569,W 50 St & 9 Ave,6854,40.75462324029105,-73.99516761302948,40.76360467795863,-73.98917958140373,casual
1604530,9E4DAE657B24E66E,classic_bike,2022-03-24 12:37:18,2022-03-24 13:12:06,W 36 St & 9 Ave,6569,Broadway & W 36 St,6441,40.75462324029105,-73.99516761302948,40.75097711,-73.98765428,member
1604644,95A11B9E43332C70,electric_bike,2022-03-25 19:06:31,2022-03-25 19:18:23,W 35 St & 9 Ave,6569,Ave A & E 14 St,5779,40.75414519263519,-73.9960889518261,40.73031071000895,-73.98047178983688,member
1604662,A29388189586C802,classic_bike,2022-03-19 20:24:21,2022-03-19 20:29:52,W 35 St & 9 Ave,6569,Broadway & W 36 St,6441,40.75414519263519,-73.9960889518261,40.75097711,-73.98765428,member
1604663,553811077FED611B,classic_bike,2022-03-16 21:42:13,2022-03-16 21:48:00,W 35 St & 9 Ave,6569,Broadway & W 36 St,6441,40.75414519263519,-73.9960889518261,40.75097711,-73.98765428,member
1604666,4DB747F6A9DD205F,electric_bike,2022-03-06 10:06:20,2022-03-06 10:13:16,W 35 St & 9 Ave,6569,Broadway & W 36 St,6441,40.75414519263519,-73.9960889518261,40.75097711,-73.98765428,casual
1604667,303524663C54108C,electric_bike,2022-03-21 19:31:11,2022-03-21 19:35:58,W 35 St & 9 Ave,6569,Broadway & W 36 St,6441,40.75414519263519,-73.9960889518261,40.75097711,-73.98765428,casual
1604677,20B19E36CBA21E4E,electric_bike,2022-03-30 18:04:54,2022-03-30 18:16:34,W 35 St & 9 Ave,6569,W 50 St & 9 Ave,6854,40.75414519263519,-73.9960889518261,40.76360467795863,-73.98917958140373,casual
1604686,511B167E25CC6D3D,classic_bike,2022-03-24 16:56:59,2022-03-24 17:01:18,W 35 St & 9 Ave,6569,Broadway & W 36 St,6441,40.75414519263519,-73.9960889518261,40.75097711,-73.98765428,member
1604688,03B7F3A7085AFA61,classic_bike,2022-03-24 18:00:04,2022-03-24 18:26:59,W 35 St & 9 Ave,6569,3 Ave & E 72 St,7028,40.75414519263519,-73.9960889518261,40.7699426,-73.96060712,member
1604694,C8DBF5FB235E31E2,classic_bike,2022-03-26 20:53:48,2022-03-26 21:00:29,W 35 St & 9 Ave,6569,Broadway & W 36 St,6441,40.75414519263519,-73.9960889518261,40.75097711,-73.98765428,member
1604695,0C328BF81D45825C,classic_bike,2022-03-03 22:09:27,2022-03-03 22:13:18,W 35 St & 9 Ave,6569,Broadway & W 36 St,6441,40.75414519263519,-73.9960889518261,40.75097711,-73.98765428,member
1604697,2EB7D9744C26CE42,classic_bike,2022-03-31 21:30:45,2022-03-31 21:37:21,W 35 St & 9 Ave,6569,Broadway & W 36 St,6441,40.75414519263519,-73.9960889518261,40.75097711,-73.98765428,member
1604700,1368D3DCC60128ED,classic_bike,2022-03-19 20:19:32,2022-03-19 20:54:23,W 35 St & 9 Ave,6569,Grand St & Greene St,5500,40.75414519263519,-73.9960889518261,40.72170005235607,-74.00238141417502,casual
1604704,1B3246CB109F7E9B,electric_bike,2022-03-05 15:39:19,2022-03-05 15:56:31,W 35 St & 9 Ave,6569,E 11 St & 1 Ave,5746,40.75414519263519,-73.9960889518261,40.72953837,-73.98426726,casual
1604714,ECC5238D4AAC5794,classic_bike,2022-03-26 10:31:51,2022-03-26 10:57:45,W 35 St & 9 Ave,6569,Grand St & Greene St,5500,40.75414519263519,-73.9960889518261,40.72170005235607,-74.00238141417502,casual
1604722,7E48809BC25B28B3,classic_bike,2022-03-17 22:06:17,2022-03-17 22:12:21,W 35 St & 9 Ave,6569,Broadway & W 36 St,6441,40.75414519263519,-73.9960889518261,40.75097711,-73.98765428,member
1604723,BBD0B6CC05F1D98F,classic_bike,2022-03-21 09:00:02,2022-03-21 09:06:23,W 35 St & 9 Ave,6569,W 50 St & 9 Ave,6854,40.75414519263519,-73.9960889518261,40.76360467795863,-73.98917958140373,member
1604728,C152C93AFF92F026,classic_bike,2022-03-26 13:20:53,2022-03-26 13:29:09,W 35 St & 9 Ave,6569,W 50 St & 9 Ave,6854,40.75414519263519,-73.9960889518261,40.76360467795863,-73.98917958140373,member
1604753,89E3B17B460A85A4,docked_bike,2022-03-27 11:59:40,2022-03-27 12:49:08,W 35 St & 9 Ave,6569,Grand St & Greene St,5500,40.754145,-73.996089,40.7217,-74.002381,casual
1604755,AB8CEFD707645C83,classic_bike,2022-03-20 19:31:38,2022-03-20 19:42:31,W 35 St & 9 Ave,6569,W 50 St & 9 Ave,6854,40.75414519263519,-73.9960889518261,40.76360467795863,-73.98917958140373,member
1604842,96E5A0FC5B4CE631,classic_bike,2022-03-17 11:01:52,2022-03-17 11:05:33,W 36 St & 9 Ave,6569,Broadway & W 36 St,6441,40.75462324029105,-73.99516761302948,40.75097711,-73.98765428,member
1604856,B86F98DFB69E9D38,electric_bike,2022-03-07 16:41:57,2022-03-07 16:45:52,W 35 St & 9 Ave,6569,W 37 St & Broadway,6441,40.75414519263519,-73.9960889518261,40.75227093837409,-73.98770570755005,member
1604859,CEC7E1305EDF9455,electric_bike,2022-03-04 20:35:39,2022-03-04 20:41:00,W 35 St & 9 Ave,6569,Broadway & W 36 St,6441,40.75414519263519,-73.9960889518261,40.75097711,-73.98765428,member
1604861,7C7D6862CD1C08CA,docked_bike,2022-03-27 11:59:44,2022-03-27 12:49:28,W 35 St & 9 Ave,6569,Grand St & Greene St,5500,40.754145,-73.996089,40.7217,-74.002381,casual
1604862,DEC4E29F7BBB04D7,classic_bike,2022-03-25 08:24:41,2022-03-25 08:31:18,W 35 St & 9 Ave,6569,W 50 St & 9 Ave,6854,40.75414519263519,-73.9960889518261,40.76360467795863,-73.98917958140373,member
1604863,7E05A0BED6436981,classic_bike,2022-03-06 18:09:26,2022-03-06 18:16:44,W 35 St & 9 Ave,6569,W 50 St & 9 Ave,6854,40.75414519263519,-73.9960889518261,40.76360467795863,-73.98917958140373,member
1604871,48AA0B8FB34AB684,classic_bike,2022-03-03 18:06:53,2022-03-03 18:35:58,W 35 St & 9 Ave,6569,3 Ave & E 72 St,7028,40.75414519263519,-73.9960889518261,40.7699426,-73.96060712,member
1604874,A04E514B71225D93,classic_bike,2022-03-21 15:11:35,2022-03-21 15:19:57,W 35 St & 9 Ave,6569,W 50 St & 9 Ave,6854,40.75414519263519,-73.9960889518261,40.76360467795863,-73.98917958140373,member
1604875,F7D36BAC3045E0DE,electric_bike,2022-03-30 12:53:32,2022-03-30 13:06:54,W 35 St & 9 Ave,6569,E 11 St & 1 Ave,5746,40.75414519263519,-73.9960889518261,40.72953837,-73.98426726,member
1604876,096AAD5D015FF749,classic_bike,2022-03-21 14:02:43,2022-03-21 14:07:37,W 35 St & 9 Ave,6569,Broadway & W 36 St,6441,40.75414519263519,-73.9960889518261,40.75097711,-73.98765428,member
1604878,3648D9A9409B7712,electric_bike,2022-03-27 16:59:59,2022-03-27 17:05:04,W 35 St & 9 Ave,6569,W 50 St & 9 Ave,6854,40.75414519263519,-73.9960889518261,40.76360467795863,-73.98917958140373,member
1604890,F4530D73BE70035A,electric_bike,2022-03-24 18:22:03,2022-03-24 18:27:20,W 35 St & 9 Ave,6569,Broadway & W 36 St,6441,40.75414519263519,-73.9960889518261,40.75097711,-73.98765428,member
1604934,5DBD4292FD600D1E,classic_bike,2022-03-05 16:37:35,2022-03-05 16:44:28,W 36 St & 9 Ave,6569,Broadway & W 36 St,6441,40.75462324029105,-73.99516761302948,40.75097711,-73.98765428,member
1604936,FD144C701CB5A8C5,electric_bike,2022-03-06 17:45:20,2022-03-06 17:51:46,W 36 St & 9 Ave,6569,W 50 St & 9 Ave,6854,40.75462324029105,-73.99516761302948,40.76360467795863,-73.98917958140373,member
1605597,BE1FBF52B7E25AF9,electric_bike,2022-03-05 11:12:14,2022-03-05 11:24:19,W 35 St & 9 Ave,6569,E 11 St & 1 Ave,5746,40.75414519263519,-73.9960889518261,40.72953837,-73.98426726,casual
1605616,1DB436E4ABB2AF6C,classic_bike,2022-03-24 18:51:35,2022-03-24 19:02:45,W 35 St & 9 Ave,6569,W 50 St & 9 Ave,6854,40.75414519263519,-73.9960889518261,40.76360467795863,-73.98917958140373,member
1605617,9D73A5D35C50929D,classic_bike,2022-03-24 17:00:55,2022-03-24 17:10:19,W 35 St & 9 Ave,6569,W 50 St & 9 Ave,6854,40.75414519263519,-73.9960889518261,40.76360467795863,-73.98917958140373,member
1609068,14304430CDEF3BDB,classic_bike,2022-03-16 18:47:28,2022-03-16 19:02:56,W 36 St & 9 Ave,6569,West End Ave & W 60 St,7059,40.75462324029105,-73.99516761302948,40.77237,-73.99005,member
1609201,AC903C727DBCB3EC,classic_bike,2022-03-23 17:07:45,2022-03-23 17:21:34,W 35 St & Dyer Ave,6569,West End Ave & W 60 St,7059,40.754691750226016,-73.99740189313889,40.77237,-73.99005,member
1609209,C70B38D133696456,electric_bike,2022-03-21 07:57:53,2022-03-21 08:05:06,W 35 St & Dyer Ave,6569,Lexington Ave & E 24 St,6089,40.754691750226016,-73.99740189313889,40.74025878,-73.98409214,member
1609218,E5CA28FD076EFB56,classic_bike,2022-03-07 08:49:31,2022-03-07 09:00:56,W 35 St & Dyer Ave,6569,Lexington Ave & E 24 St,6089,40.754691750226016,-73.99740189313889,40.74025878,-73.98409214,member
1609225,E20A813E21F83A55,classic_bike,2022-03-23 08:54:39,2022-03-23 09:06:18,W 35 St & Dyer Ave,6569,Lexington Ave & E 24 St,6089,40.754691750226016,-73.99740189313889,40.74025878,-73.98409214,member
1612238,39CCC4DD2A8B4492,electric_bike,2022-03-15 20:01:00,2022-03-15 20:10:52,W 35 St & 9 Ave,6569,West End Ave & W 60 St,7059,40.75414519263519,-73.9960889518261,40.77237,-73.99005,member
1612248,112A9795755A3868,electric_bike,2022-03-31 21:23:09,2022-03-31 21:36:50,W 35 St & 9 Ave,6569,E 13 St & 2 Ave,5820,40.75414519263519,-73.9960889518261,40.73153937464073,-73.9853024482727,member
1612290,BC48453AC1C96CF2,classic_bike,2022-03-31 12:34:22,2022-03-31 12:54:55,W 35 St & 9 Ave,6569,E 13 St & 2 Ave,5820,40.75414519263519,-73.9960889518261,40.73153937464073,-73.9853024482727,member
1612293,93E6DD931B95F8EF,electric_bike,2022-03-16 15:24:43,2022-03-16 15:39:14,W 35 St & 9 Ave,6569,West End Ave & W 60 St,7059,40.75414519263519,-73.9960889518261,40.77237,-73.99005,casual
1613734,F38DBF360FBDE077,electric_bike,2022-03-14 20:06:58,2022-03-14 20:17:31,W 36 St & 9 Ave,6569,West End Ave & W 60 St,7059,40.75462324029105,-73.99516761302948,40.77237,-73.99005,member
1613775,15D862D608651547,electric_bike,2022-03-05 06:49:55,2022-03-05 06:58:33,W 36 St & 9 Ave,6569,Lexington Ave & E 24 St,6089,40.75462324029105,-73.99516761302948,40.74025878,-73.98409214,member
1613787,26338D647C747E69,electric_bike,2022-03-06 10:37:31,2022-03-06 10:51:24,W 36 St & 9 Ave,6569,Lexington Ave & E 24 St,6089,40.75462324029105,-73.99516761302948,40.74025878,-73.98409214,casual
1613789,F6F846827ADBCE45,classic_bike,2022-03-31 22:06:34,2022-03-31 22:21:36,W 36 St & 9 Ave,6569,West End Ave & W 60 St,7059,40.75462324029105,-73.99516761302948,40.77237,-73.99005,member
1613790,C927D3280BDF0E85,electric_bike,2022-03-21 19:52:30,2022-03-21 20:03:03,W 36 St & 9 Ave,6569,West End Ave & W 60 St,7059,40.75462324029105,-73.99516761302948,40.77237,-73.99005,member
1613791,F0D3414A5E8BA5BD,electric_bike,2022-03-09 16:18:27,2022-03-09 16:31:00,W 36 St & 9 Ave,6569,West End Ave & W 60 St,7059,40.75462324029105,-73.99516761302948,40.77237,-73.99005,member
1613793,0F38F9DA1474F992,classic_bike,2022-03-02 20:14:53,2022-03-02 20:29:59,W 36 St & 9 Ave,6569,West End Ave & W 60 St,7059,40.75462324029105,-73.99516761302948,40.77237,-73.99005,member
1614001,F737F91D3B0220F3,electric_bike,2022-03-14 11:15:40,2022-03-14 11:27:58,W 36 St & 9 Ave,6569,Lexington Ave & E 24 St,6089,40.75462324029105,-73.99516761302948,40.74025878,-73.98409214,member
1614262,CD00106821FE30D6,electric_bike,2022-03-01 10:48:15,2022-03-01 10:57:04,W 36 St & 9 Ave,6569,Lexington Ave & E 24 St,6089,40.75462324029105,-73.99516761302948,40.74025878,-73.98409214,member
1614535,1B7B57CD05AAC61F,electric_bike,2022-03-20 01:33:59,2022-03-20 01:52:14,W 36 St & 9 Ave,6569,E 13 St & 2 Ave,5820,40.75462324029105,-73.99516761302948,40.73153937464073,-73.9853024482727,casual
1614542,4EACE85676D532A5,classic_bike,2022-03-21 08:49:05,2022-03-21 08:59:50,W 35 St & Dyer Ave,6569,Lexington Ave & E 24 St,6089,40.754691750226016,-73.99740189313889,40.74025878,-73.98409214,member
1615541,2926E97AA95AD870,electric_bike,2022-03-25 18:59:39,2022-03-25 19:09:49,W 35 St & Dyer Ave,6569,Lexington Ave & E 24 St,6089,40.754691750226016,-73.99740189313889,40.74025878,-73.98409214,member
1618737,3610199C7DD25EE1,electric_bike,2022-03-25 16:23:26,2022-03-25 16:35:23,W 36 St & 9 Ave,6569,West End Ave & W 60 St,7059,40.75462324029105,-73.99516761302948,40.77237,-73.99005,member
1618738,619ACA894C9875FF,electric_bike,2022-03-10 16:05:42,2022-03-10 16:18:09,W 36 St & 9 Ave,6569,West End Ave & W 60 St,7059,40.75462324029105,-73.99516761302948,40.77237,-73.99005,member
1618961,26A6A19567D2A07E,electric_bike,2022-03-07 22:39:54,2022-03-07 22:48:04,W 35 St & Dyer Ave,6569,Lexington Ave & E 24 St,6089,40.754691750226016,-73.99740189313889,40.74025878,-73.98409214,member
1619512,3083CBDCA3DD626D,electric_bike,2022-03-08 20:12:10,2022-03-08 20:22:58,W 35 St & Dyer Ave,6569,West End Ave & W 60 St,7059,40.754691750226016,-73.99740189313889,40.77237,-73.99005,member
1620444,AC5EC89CA228CB4A,classic_bike,2022-03-14 08:45:24,2022-03-14 08:58:05,W 35 St & 9 Ave,6569,Lexington Ave & E 24 St,6089,40.75414519263519,-73.9960889518261,40.74025878,-73.98409214,member
1620467,1AB70A1E6A9C9D92,electric_bike,2022-03-07 07:15:47,2022-03-07 07:27:11,W 35 St & 9 Ave,6569,West End Ave & W 60 St,7059,40.75414519263519,-73.9960889518261,40.77237,-73.99005,member
1620499,781557F94B597EBF,electric_bike,2022-03-20 14:12:03,2022-03-20 14:23:56,W 35 St & 9 Ave,6569,E 13 St & 2 Ave,5820,40.75414519263519,-73.9960889518261,40.73153937464073,-73.9853024482727,casual
1620507,FFBF5AF1217EC0A7,electric_bike,2022-03-03 16:37:31,2022-03-03 16:54:49,W 35 St & 9 Ave,6569,E 13 St & 2 Ave,5820,40.75414519263519,-73.9960889518261,40.73153937464073,-73.9853024482727,member
1620571,723604FAD6CB1900,electric_bike,2022-03-08 14:35:23,2022-03-08 15:04:23,W 35 St & 9 Ave,6569,Washington Park,4546,40.75414519263519,-73.9960889518261,40.6917823,-73.9737299,member
1620594,CEC2BB99113F9278,electric_bike,2022-03-30 19:20:50,2022-03-30 19:34:34,W 35 St & 9 Ave,6569,E 13 St & 2 Ave,5820,40.75414519263519,-73.9960889518261,40.73153937464073,-73.9853024482727,member
1620597,95931E9E00CFDF1D,classic_bike,2022-03-25 19:34:50,2022-03-25 20:00:10,W 35 St & 9 Ave,6569,E 13 St & 2 Ave,5820,40.75414519263519,-73.9960889518261,40.73153937464073,-73.9853024482727,member
1620598,476D841D3B8C3F04,electric_bike,2022-03-21 08:23:18,2022-03-21 08:31:38,W 35 St & 9 Ave,6569,West End Ave & W 60 St,7059,40.75414519263519,-73.9960889518261,40.77237,-73.99005,member
1620632,FE32F469ED2BA8DF,classic_bike,2022-03-07 17:24:26,2022-03-07 17:38:37,W 35 St & 9 Ave,6569,Lexington Ave & E 24 St,6089,40.75414519263519,-73.9960889518261,40.74025878,-73.98409214,member
1620642,15A9E8E9B9BE02E2,electric_bike,2022-03-25 19:43:37,2022-03-25 19:54:50,W 35 St & 9 Ave,6569,West End Ave & W 60 St,7059,40.75414519263519,-73.9960889518261,40.77237,-73.99005,member
1621466,F0DB20398C216E20,electric_bike,2022-03-24 10:30:09,2022-03-24 10:58:32,W 35 St & 9 Ave,6569,Nassau St & Navy St,4812,40.75414519263519,-73.9960889518261,40.69839895,-73.98068914,casual
1621485,EEC61C954A7A4AC0,electric_bike,2022-03-02 20:06:35,2022-03-02 20:17:26,W 35 St & 9 Ave,6569,West End Ave & W 60 St,7059,40.75414519263519,-73.9960889518261,40.77237,-73.99005,member
1621550,F7123BD784E157D0,classic_bike,2022-03-29 19:21:31,2022-03-29 19:32:46,W 35 St & 9 Ave,6569,West End Ave & W 60 St,7059,40.75414519263519,-73.9960889518261,40.77237,-73.99005,member
1622560,16254BBC07137DF9,classic_bike,2022-03-22 21:34:59,2022-03-22 21:51:54,W 35 St & 9 Ave,6569,West End Ave & W 60 St,7059,40.75414519263519,-73.9960889518261,40.77237,-73.99005,member
1622564,37530F8E30827139,classic_bike,2022-03-31 18:43:51,2022-03-31 18:53:21,W 35 St & 9 Ave,6569,Lexington Ave & E 24 St,6089,40.75414519263519,-73.9960889518261,40.74025878,-73.98409214,member
1622572,F5E694B9620B9FC1,electric_bike,2022-03-23 19:58:21,2022-03-23 20:08:37,W 35 St & 9 Ave,6569,West End Ave & W 60 St,7059,40.75414519263519,-73.9960889518261,40.77237,-73.99005,member
1622604,3DB154D84BD385C5,electric_bike,2022-03-31 14:59:43,2022-03-31 15:11:21,W 35 St & 9 Ave,6569,Lexington Ave & E 24 St,6089,40.75414519263519,-73.9960889518261,40.74025878,-73.98409214,member
1623805,658AAB5CA68C9E12,electric_bike,2022-03-31 13:42:05,2022-03-31 13:54:42,W 35 St & 9 Ave,6569,West End Ave & W 60 St,7059,40.75414519263519,-73.9960889518261,40.77237,-73.99005,member
1623806,698709435DDE40AF,electric_bike,2022-03-07 07:59:08,2022-03-07 08:06:43,W 35 St & 9 Ave,6569,Lexington Ave & E 24 St,6089,40.75414519263519,-73.9960889518261,40.74025878,-73.98409214,member
1623876,B3E51B669C824CFA,electric_bike,2022-03-10 16:55:12,2022-03-10 17:00:36,6 Ave & W 45 St,6593,W 36 St & 9 Ave,6569,40.756951,-73.982631,40.75462324029105,-73.99516761302948,member
1623897,51B7BA98C9A696A0,classic_bike,2022-03-07 07:53:08,2022-03-07 07:57:20,8 Ave & W 38 St,6526,W 36 St & 9 Ave,6569,40.75461,-73.99177,40.75462324029105,-73.99516761302948,casual
1623901,0CDC7CC1013E0D0B,electric_bike,2022-03-07 05:59:42,2022-03-07 06:01:25,8 Ave & W 38 St,6526,W 36 St & 9 Ave,6569,40.75461,-73.99177,40.75462324029105,-73.99516761302948,member
1623904,174A7254EE2582AA,electric_bike,2022-03-14 10:00:25,2022-03-14 10:20:12,8 Ave & W 38 St,6526,W 36 St & 9 Ave,6569,40.75461,-73.99177,40.75462324029105,-73.99516761302948,member
1623906,87E3877643627450,classic_bike,2022-03-22 17:33:15,2022-03-22 17:50:35,Lafayette St & E 8 St,5788,W 36 St & 9 Ave,6569,40.73020660529954,-73.99102628231049,40.75462324029105,-73.99516761302948,member
1623907,1DFAC092879F5898,electric_bike,2022-03-03 16:42:06,2022-03-03 16:43:45,W 39 St & 9 Ave,6644,W 36 St & 9 Ave,6569,40.75645824,-73.99372222,40.75462324029105,-73.99516761302948,member
1623910,D42C8FFE6105B7CF,classic_bike,2022-03-17 18:53:59,2022-03-17 19:00:24,6 Ave & W 45 St,6593,W 36 St & 9 Ave,6569,40.756951,-73.982631,40.75462324029105,-73.99516761302948,member
1623911,36D59CFF41677232,classic_bike,2022-03-22 05:52:24,2022-03-22 05:54:32,8 Ave & W 38 St,6526,W 36 St & 9 Ave,6569,40.75461,-73.99177,40.75462324029105,-73.99516761302948,member
1623924,EC490E53BCA1E4C3,electric_bike,2022-03-16 20:34:49,2022-03-16 20:37:05,8 Ave & W 38 St,6526,W 36 St & 9 Ave,6569,40.75461,-73.99177,40.75462324029105,-73.99516761302948,casual
1623925,D6971DF006FA5F26,classic_bike,2022-03-03 17:07:01,2022-03-03 17:09:41,8 Ave & W 38 St,6526,W 36 St & 9 Ave,6569,40.75461,-73.99177,40.75462324029105,-73.99516761302948,member
1623926,5CBC880E7025C66A,classic_bike,2022-03-31 12:03:59,2022-03-31 12:10:29,8 Ave & W 38 St,6526,W 36 St & 9 Ave,6569,40.75461,-73.99177,40.75462324029105,-73.99516761302948,casual
1623932,BCE413BB56E8D768,classic_bike,2022-03-07 07:51:37,2022-03-07 07:57:38,8 Ave & W 38 St,6526,W 36 St & 9 Ave,6569,40.75461,-73.99177,40.75462324029105,-73.99516761302948,casual
1623933,70BAE670856D025B,electric_bike,2022-03-04 17:27:09,2022-03-04 17:39:07,E 41 St & Madison Ave (SW corner),6474,W 36 St & 9 Ave,6569,40.752165280621966,-73.97992193698882,40.75462324029105,-73.99516761302948,member
1623938,FD694C55AB491ECE,classic_bike,2022-03-18 23:42:02,2022-03-18 23:43:59,8 Ave & W 38 St,6526,W 36 St & 9 Ave,6569,40.75461,-73.99177,40.75462324029105,-73.99516761302948,member
1623942,12B95269859FA297,electric_bike,2022-03-14 20:56:31,2022-03-14 21:04:05,W 39 St & 9 Ave,6644,W 36 St & 9 Ave,6569,40.75645824,-73.99372222,40.75462324029105,-73.99516761302948,member
1623946,4A87A3CDCAA01B8C,classic_bike,2022-03-18 13:18:14,2022-03-18 13:21:17,8 Ave & W 38 St,6526,W 36 St & 9 Ave,6569,40.75461,-73.99177,40.75462324029105,-73.99516761302948,member
1623947,1F7638CCB0B23313,classic_bike,2022-03-30 08:03:35,2022-03-30 08:05:59,8 Ave & W 38 St,6526,W 36 St & 9 Ave,6569,40.75461,-73.99177,40.75462324029105,-73.99516761302948,member
1623984,7FC961B0EA5D9234,classic_bike,2022-03-25 15:19:52,2022-03-25 15:29:43,11 Ave & W 59 St,7059,W 36 St & 9 Ave,6569,40.77149671054441,-73.99046033620834,40.75462324029105,-73.99516761302948,member
1623989,69611D45057568D7,electric_bike,2022-03-14 11:59:02,2022-03-14 12:02:08,W 43 St & 10 Ave,6756,W 36 St & 9 Ave,6569,40.76009437,-73.99461843,40.75462324029105,-73.99516761302948,member
1623992,4B32A066AB487878,electric_bike,2022-03-17 10:51:09,2022-03-17 10:59:23,West End Ave & W 60 St,7059,W 36 St & 9 Ave,6569,40.77237,-73.99005,40.75462324029105,-73.99516761302948,member
1623996,B35885F36DA4FBB1,classic_bike,2022-03-19 10:56:20,2022-03-19 11:00:48,W 43 St & 10 Ave,6756,W 36 St & 9 Ave,6569,40.76009437,-73.99461843,40.75462324029105,-73.99516761302948,member
1623999,3E9AAFDF89CB397C,classic_bike,2022-03-14 19:34:03,2022-03-14 19:37:46,W 43 St & 10 Ave,6756,W 36 St & 9 Ave,6569,40.76009437,-73.99461843,40.75462324029105,-73.99516761302948,member
1624002,EE409C662890F304,classic_bike,2022-03-11 15:04:01,2022-03-11 15:09:59,W 43 St & 10 Ave,6756,W 36 St & 9 Ave,6569,40.76009437,-73.99461843,40.75462324029105,-73.99516761302948,member
1624003,34F4BC41E1F21063,electric_bike,2022-03-29 11:45:49,2022-03-29 11:51:32,W 43 St & 10 Ave,6756,W 36 St & 9 Ave,6569,40.76009437,-73.99461843,40.75462324029105,-73.99516761302948,member
1624006,D05D3326B7AB3BAD,electric_bike,2022-03-31 05:00:40,2022-03-31 05:04:01,W 26 St & 10 Ave,6382,W 36 St & 9 Ave,6569,40.749717753,-74.002950346,40.75462324029105,-73.99516761302948,member
1624007,BCE676A11D56FF1B,electric_bike,2022-03-25 04:53:37,2022-03-25 04:56:49,W 26 St & 10 Ave,6382,W 36 St & 9 Ave,6569,40.749717753,-74.002950346,40.75462324029105,-73.99516761302948,member
1624010,D7B2D98248F5A0A3,classic_bike,2022-03-29 13:36:55,2022-03-29 13:41:56,W 43 St & 10 Ave,6756,W 36 St & 9 Ave,6569,40.76009437,-73.99461843,40.75462324029105,-73.99516761302948,member
1624012,60740FA3970E26BD,classic_bike,2022-03-25 10:58:54,2022-03-25 11:03:17,W 43 St & 10 Ave,6756,W 36 St & 9 Ave,6569,40.76009437,-73.99461843,40.75462324029105,-73.99516761302948,member
1624018,7B829C160A2638FF,electric_bike,2022-03-30 09:23:00,2022-03-30 09:42:53,W 95 St & Broadway,7541,W 36 St & 9 Ave,6569,40.7937704,-73.971888,40.75462324029105,-73.99516761302948,member
1624019,3EA18CF0E553F59C,classic_bike,2022-03-28 16:51:30,2022-03-28 16:56:20,W 43 St & 10 Ave,6756,W 36 St & 9 Ave,6569,40.76009437,-73.99461843,40.75462324029105,-73.99516761302948,casual
1624027,341D0AA5F20C805F,classic_bike,2022-03-18 15:24:55,2022-03-18 15:29:59,W 43 St & 10 Ave,6756,W 36 St & 9 Ave,6569,40.76009437,-73.99461843,40.75462324029105,-73.99516761302948,member
1624029,5F0F28F4E04433A2,electric_bike,2022-03-24 13:15:14,2022-03-24 13:27:18,E 44 St & 2 Ave,6422,W 36 St & 9 Ave,6569,40.75118387463277,-73.97138714790344,40.75462324029105,-73.99516761302948,member
1624030,E5EF8EE9261C1597,electric_bike,2022-03-06 23:18:07,2022-03-06 23:22:58,W 43 St & 10 Ave,6756,W 36 St & 9 Ave,6569,40.76009437,-73.99461843,40.75462324029105,-73.99516761302948,member
1624032,29E8D30BA7A6238A,classic_bike,2022-03-30 17:17:33,2022-03-30 17:22:32,W 43 St & 10 Ave,6756,W 36 St & 9 Ave,6569,40.76009437,-73.99461843,40.75462324029105,-73.99516761302948,member
1624042,46B3327F895949C7,classic_bike,2022-03-17 17:10:49,2022-03-17 17:15:42,W 43 St & 10 Ave,6756,W 36 St & 9 Ave,6569,40.76009437,-73.99461843,40.75462324029105,-73.99516761302948,member
1624045,AEAFE643DEF5B522,electric_bike,2022-03-14 19:38:35,2022-03-14 19:42:46,W 43 St & 10 Ave,6756,W 36 St & 9 Ave,6569,40.76009437,-73.99461843,40.75462324029105,-73.99516761302948,member
1624046,FAB88188BFB64320,classic_bike,2022-03-11 06:54:39,2022-03-11 06:58:21,W 43 St & 10 Ave,6756,W 36 St & 9 Ave,6569,40.76009437,-73.99461843,40.75462324029105,-73.99516761302948,member
1624052,91235B40AE2DDDF9,classic_bike,2022-03-29 13:55:20,2022-03-29 13:58:47,W 43 St & 10 Ave,6756,W 36 St & 9 Ave,6569,40.76009437,-73.99461843,40.75462324029105,-73.99516761302948,member
1624055,02BFF4BBAD5F835A,electric_bike,2022-03-30 14:12:37,2022-03-30 14:17:03,W 43 St & 10 Ave,6756,W 36 St & 9 Ave,6569,40.76009437,-73.99461843,40.75462324029105,-73.99516761302948,member
1624056,E84FE47A415988D2,electric_bike,2022-03-30 05:03:29,2022-03-30 05:06:48,W 26 St & 10 Ave,6382,W 36 St & 9 Ave,6569,40.749717753,-74.002950346,40.75462324029105,-73.99516761302948,member
1624060,2D5DC79A5D959750,classic_bike,2022-03-04 15:00:05,2022-03-04 15:32:55,Suffolk St & Stanton St,5445,W 36 St & 9 Ave,6569,40.72066442,-73.98517977,40.75462324029105,-73.99516761302948,member
1624068,838654B52449B63A,classic_bike,2022-03-07 09:52:44,2022-03-07 09:56:13,W 43 St & 10 Ave,6756,W 36 St & 9 Ave,6569,40.76009437,-73.99461843,40.75462324029105,-73.99516761302948,member
1624083,77CA69CC051D38E9,classic_bike,2022-03-03 14:57:30,2022-03-03 15:18:09,Riverside Dr & W 82 St,7388,W 36 St & 9 Ave,6569,40.78720869,-73.98128127,40.75462324029105,-73.99516761302948,member
1624087,A3E80B9FFAF4DC1B,classic_bike,2022-03-14 15:09:22,2022-03-14 15:32:38,Riverside Dr & W 82 St,7388,W 36 St & 9 Ave,6569,40.78720869,-73.98128127,40.75462324029105,-73.99516761302948,member
1624092,6262D0BADEA49DB6,electric_bike,2022-03-17 23:29:16,2022-03-17 23:37:13,W 26 St & 10 Ave,6382,W 36 St & 9 Ave,6569,40.749717753,-74.002950346,40.75462324029105,-73.99516761302948,casual
1624093,32CBE43569C46E51,classic_bike,2022-03-14 15:08:24,2022-03-14 15:32:36,Riverside Dr & W 82 St,7388,W 36 St & 9 Ave,6569,40.78720869,-73.98128127,40.75462324029105,-73.99516761302948,member
1624099,15603056B786CFB0,classic_bike,2022-03-21 15:32:10,2022-03-21 15:44:16,W 52 St & 6 Ave,6740,W 36 St & 9 Ave,6569,40.76132983124814,-73.97982001304626,40.75462324029105,-73.99516761302948,member
1624101,88B801C0529A7174,electric_bike,2022-03-28 19:45:49,2022-03-28 19:52:25,W 52 St & 6 Ave,6740,W 36 St & 9 Ave,6569,40.76132983124814,-73.97982001304626,40.75462324029105,-73.99516761302948,member
1624102,DCDA25C99925EE34,classic_bike,2022-03-16 18:11:09,2022-03-16 18:19:33,W 26 St & 10 Ave,6382,W 36 St & 9 Ave,6569,40.749717753,-74.002950346,40.75462324029105,-73.99516761302948,member
1624103,58BD41AB41428FCD,electric_bike,2022-03-29 20:27:29,2022-03-29 20:31:31,W 43 St & 10 Ave,6756,W 36 St & 9 Ave,6569,40.76009437,-73.99461843,40.75462324029105,-73.99516761302948,member
1624104,1881B55FCA0171B7,classic_bike,2022-03-10 09:59:41,2022-03-10 10:05:19,W 43 St & 10 Ave,6756,W 36 St & 9 Ave,6569,40.76009437,-73.99461843,40.75462324029105,-73.99516761302948,member
1624105,FE56603AEA5E1C00,electric_bike,2022-03-10 04:54:52,2022-03-10 04:58:02,W 26 St & 10 Ave,6382,W 36 St & 9 Ave,6569,40.749717753,-74.002950346,40.75462324029105,-73.99516761302948,member
1624106,85D4CA14C735436C,classic_bike,2022-03-30 19:13:47,2022-03-30 19:18:19,W 43 St & 10 Ave,6756,W 36 St & 9 Ave,6569,40.76009437,-73.99461843,40.75462324029105,-73.99516761302948,member
1624116,498009C84AC52685,classic_bike,2022-03-08 09:20:18,2022-03-08 09:55:25,Frederick Douglass Blvd & W 112 St,7631,W 36 St & 9 Ave,6569,40.801694,-73.957145,40.75462324029105,-73.99516761302948,member
1624123,BB1F05360D6CEEB7,classic_bike,2022-03-06 13:13:05,2022-03-06 13:44:33,Frederick Douglass Blvd & W 112 St,7631,W 36 St & 9 Ave,6569,40.801694,-73.957145,40.75462324029105,-73.99516761302948,member
1624130,F41AEBEE4BDEB321,electric_bike,2022-03-25 17:31:13,2022-03-25 17:36:15,W 43 St & 10 Ave,6756,W 36 St & 9 Ave,6569,40.76009437,-73.99461843,40.75462324029105,-73.99516761302948,member
1624131,DC614364B4E0C610,classic_bike,2022-03-27 10:45:23,2022-03-27 10:49:02,W 43 St & 10 Ave,6756,W 36 St & 9 Ave,6569,40.76009437,-73.99461843,40.75462324029105,-73.99516761302948,member
1624149,571A634DA5CC517B,classic_bike,2022-03-21 15:18:02,2022-03-21 15:38:20,Cooper Square & Astor Pl,5712,W 36 St & 9 Ave,6569,40.72951496224949,-73.99075269699097,40.75462324029105,-73.99516761302948,member
1624161,8165B6F5B542CE9F,classic_bike,2022-03-11 20:02:06,2022-03-11 20:09:18,W 50 St & 10 Ave,6890,W 36 St & 9 Ave,6569,40.76473420006519,-73.99194359779358,40.75462324029105,-73.99516761302948,member
1624162,A8C1A8877CF311AC,classic_bike,2022-03-21 00:34:51,2022-03-21 00:58:35,W 50 St & 10 Ave,6890,W 36 St & 9 Ave,6569,40.76473420006519,-73.99194359779358,40.75462324029105,-73.99516761302948,member
1624165,777779A5459F0C5E,classic_bike,2022-03-23 14:19:18,2022-03-23 14:48:29,Suffolk St & Stanton St,5445,W 36 St & 9 Ave,6569,40.72066442,-73.98517977,40.75462324029105,-73.99516761302948,member
1624166,8DC5F75E80B6EEBE,electric_bike,2022-03-13 12:52:27,2022-03-13 13:08:34,Central Park West & W 76 St,7253,W 36 St & 9 Ave,6569,40.77896784,-73.97374737,40.75462324029105,-73.99516761302948,member
1624168,4824C9B7755ECFB9,electric_bike,2022-03-31 08:43:43,2022-03-31 08:49:27,W 43 St & 10 Ave,6756,W 36 St & 9 Ave,6569,40.76009437,-73.99461843,40.75462324029105,-73.99516761302948,casual
1624171,6C7158492B76E0EE,classic_bike,2022-03-16 09:01:49,2022-03-16 09:09:44,W 50 St & 10 Ave,6890,W 36 St & 9 Ave,6569,40.76473420006519,-73.99194359779358,40.75462324029105,-73.99516761302948,member
1624172,9AC8F383CC6F3793,electric_bike,2022-03-01 10:09:48,2022-03-01 10:18:57,W 50 St & 10 Ave,6890,W 36 St & 9 Ave,6569,40.76473420006519,-73.99194359779358,40.75462324029105,-73.99516761302948,member
1624174,A8471054E0D224C8,classic_bike,2022-03-22 06:48:08,2022-03-22 06:54:19,W 50 St & 10 Ave,6890,W 36 St & 9 Ave,6569,40.76473420006519,-73.99194359779358,40.75462324029105,-73.99516761302948,member
1624194,9F2A91B13841DDB4,classic_bike,2022-03-03 15:39:06,2022-03-03 15:54:24,Bank St & Hudson St,5922,W 36 St & 9 Ave,6569,40.73652889,-74.00618026,40.75462324029105,-73.99516761302948,member
1624210,86BCE52C90238275,classic_bike,2022-03-18 15:35:05,2022-03-18 15:49:34,Greenwich Ave & 8 Ave,6072,W 36 St & 9 Ave,6569,40.7390169121,-74.0026376103,40.75462324029105,-73.99516761302948,casual
1624223,6AEF3994193F9A2D,classic_bike,2022-03-28 07:29:28,2022-03-28 07:37:58,W 50 St & 10 Ave,6890,W 36 St & 9 Ave,6569,40.76473420006519,-73.99194359779358,40.75462324029105,-73.99516761302948,member
1624224,9EA935CC39C202DF,classic_bike,2022-03-14 06:45:39,2022-03-14 06:53:12,W 50 St & 10 Ave,6890,W 36 St & 9 Ave,6569,40.76473420006519,-73.99194359779358,40.75462324029105,-73.99516761302948,member
1624228,F43B5C1BE53A9D9A,classic_bike,2022-03-23 13:40:42,2022-03-23 13:47:42,W 50 St & 10 Ave,6890,W 36 St & 9 Ave,6569,40.76473420006519,-73.99194359779358,40.75462324029105,-73.99516761302948,member
1624229,2C312BF027751A73,electric_bike,2022-03-23 06:43:34,2022-03-23 07:36:49,W 50 St & 10 Ave,6890,W 36 St & 9 Ave,6569,40.76473420006519,-73.99194359779358,40.75462324029105,-73.99516761302948,member
1624230,BF87DEC9E42A2761,electric_bike,2022-03-26 11:45:08,2022-03-26 11:52:07,W 50 St & 10 Ave,6890,W 36 St & 9 Ave,6569,40.76473420006519,-73.99194359779358,40.75462324029105,-73.99516761302948,member
1624233,3F2EE682272FF57C,classic_bike,2022-03-17 01:13:03,2022-03-17 01:27:22,Greenwich Ave & 8 Ave,6072,W 36 St & 9 Ave,6569,40.7390169121,-74.0026376103,40.75462324029105,-73.99516761302948,member
1624234,B81F2988F6B92CC6,electric_bike,2022-03-24 07:01:48,2022-03-24 07:04:30,9 Ave & W 45 St,6717,W 36 St & 9 Ave,6569,40.76019252,-73.9912551,40.75462324029105,-73.99516761302948,member
1624235,2F47BE9EB35A3C04,classic_bike,2022-03-11 06:51:54,2022-03-11 06:54:52,9 Ave & W 45 St,6717,W 36 St & 9 Ave,6569,40.76019252,-73.9912551,40.75462324029105,-73.99516761302948,member
1624236,30D1A4DBA96C95D1,classic_bike,2022-03-25 17:16:42,2022-03-25 17:19:52,9 Ave & W 45 St,6717,W 36 St & 9 Ave,6569,40.76019252,-73.9912551,40.75462324029105,-73.99516761302948,member
1624238,F68164B926E5681B,electric_bike,2022-03-23 12:32:53,2022-03-23 12:35:57,9 Ave & W 45 St,6717,W 36 St & 9 Ave,6569,40.76019252,-73.9912551,40.75462324029105,-73.99516761302948,member
1624239,A13F693AF42933A6,electric_bike,2022-03-23 05:30:20,2022-03-23 05:33:19,9 Ave & W 45 St,6717,W 36 St & 9 Ave,6569,40.76019252,-73.9912551,40.75462324029105,-73.99516761302948,member
1624240,BCEDB67C7C1BA8F8,electric_bike,2022-03-03 05:44:31,2022-03-03 05:47:12,9 Ave & W 45 St,6717,W 36 St & 9 Ave,6569,40.76019252,-73.9912551,40.75462324029105,-73.99516761302948,member
1624241,62D54AE41FE6AD1C,classic_bike,2022-03-27 08:06:02,2022-03-27 08:09:40,9 Ave & W 45 St,6717,W 36 St & 9 Ave,6569,40.76019252,-73.9912551,40.75462324029105,-73.99516761302948,member
1624242,3C9A8FBE484A042F,electric_bike,2022-03-03 12:49:42,2022-03-03 13:09:13,E 56 St & Madison Ave,6732,W 36 St & 9 Ave,6569,40.761573,-73.972628,40.75462324029105,-73.99516761302948,member
1624243,2077555562C3B4FE,classic_bike,2022-03-04 20:37:23,2022-03-04 20:40:59,9 Ave & W 45 St,6717,W 36 St & 9 Ave,6569,40.76019252,-73.9912551,40.75462324029105,-73.99516761302948,member
1624244,CA382FD2D12A034E,electric_bike,2022-03-30 07:14:12,2022-03-30 07:16:50,9 Ave & W 45 St,6717,W 36 St & 9 Ave,6569,40.76019252,-73.9912551,40.75462324029105,-73.99516761302948,member
1624245,99175B1BA54A68A9,electric_bike,2022-03-07 05:30:38,2022-03-07 05:33:37,9 Ave & W 45 St,6717,W 36 St & 9 Ave,6569,40.76019252,-73.9912551,40.75462324029105,-73.99516761302948,member
1624246,FADBF10D58D436EC,electric_bike,2022-03-15 13:37:02,2022-03-15 13:40:28,9 Ave & W 45 St,6717,W 36 St & 9 Ave,6569,40.76019252,-73.9912551,40.75462324029105,-73.99516761302948,member
1624247,41059E579D105F0E,classic_bike,2022-03-22 22:33:11,2022-03-22 22:40:10,W 56 St & 10 Ave,6955,W 36 St & 9 Ave,6569,40.768254,-73.988639,40.75462324029105,-73.99516761302948,member
1624248,2D05C129AA176EC2,docked_bike,2022-03-30 13:23:33,2022-03-30 13:30:41,9 Ave & W 45 St,6717,W 36 St & 9 Ave,6569,40.760193,-73.991255,40.754623,-73.995168,casual
1624253,B3158DB894879E75,classic_bike,2022-03-11 16:17:52,2022-03-11 16:21:23,9 Ave & W 45 St,6717,W 36 St & 9 Ave,6569,40.76019252,-73.9912551,40.75462324029105,-73.99516761302948,member
1624254,CFA67A197214A0AF,classic_bike,2022-03-09 08:03:37,2022-03-09 08:07:16,9 Ave & W 45 St,6717,W 36 St & 9 Ave,6569,40.76019252,-73.9912551,40.75462324029105,-73.99516761302948,member
1624255,8AA67EFF08D39D18,classic_bike,2022-03-27 11:17:39,2022-03-27 11:22:21,9 Ave & W 45 St,6717,W 36 St & 9 Ave,6569,40.76019252,-73.9912551,40.75462324029105,-73.99516761302948,member
1624257,E3B1B33DCCAEC46A,electric_bike,2022-03-28 05:39:16,2022-03-28 05:41:55,9 Ave & W 45 St,6717,W 36 St & 9 Ave,6569,40.76019252,-73.9912551,40.75462324029105,-73.99516761302948,member
1624258,DE16EF7AFCC13A36,electric_bike,2022-03-24 05:43:06,2022-03-24 05:45:41,9 Ave & W 45 St,6717,W 36 St & 9 Ave,6569,40.76019252,-73.9912551,40.75462324029105,-73.99516761302948,member
1624259,BC6F99B26C02550A,electric_bike,2022-03-29 07:03:06,2022-03-29 07:05:47,9 Ave & W 45 St,6717,W 36 St & 9 Ave,6569,40.76019252,-73.9912551,40.75462324029105,-73.99516761302948,member
1624260,76B3EE945335FC9C,classic_bike,2022-03-28 07:01:46,2022-03-28 07:04:40,9 Ave & W 45 St,6717,W 36 St & 9 Ave,6569,40.76019252,-73.9912551,40.75462324029105,-73.99516761302948,member
1624261,E8C65F1D3A4FBC9B,classic_bike,2022-03-08 09:08:00,2022-03-08 09:17:09,W 56 St & 10 Ave,6955,W 36 St & 9 Ave,6569,40.768254,-73.988639,40.75462324029105,-73.99516761302948,member
1624263,7A3D73F2BB7DB986,classic_bike,2022-03-15 16:12:53,2022-03-15 16:16:56,9 Ave & W 45 St,6717,W 36 St & 9 Ave,6569,40.76019252,-73.9912551,40.75462324029105,-73.99516761302948,member
1624264,E16976C4ECCF6E97,classic_bike,2022-03-13 01:05:54,2022-03-13 01:10:31,9 Ave & W 45 St,6717,W 36 St & 9 Ave,6569,40.76019252,-73.9912551,40.75462324029105,-73.99516761302948,member
1624265,67CD22CBD8634885,classic_bike,2022-03-03 09:10:43,2022-03-03 09:14:21,9 Ave & W 45 St,6717,W 36 St & 9 Ave,6569,40.76019252,-73.9912551,40.75462324029105,-73.99516761302948,member
1624267,59F1D9C80F939E80,classic_bike,2022-03-04 10:36:23,2022-03-04 10:39:58,9 Ave & W 45 St,6717,W 36 St & 9 Ave,6569,40.76019252,-73.9912551,40.75462324029105,-73.99516761302948,member
1624271,3DA9CE1D1142D0CA,classic_bike,2022-03-11 21:17:01,2022-03-11 21:21:09,9 Ave & W 45 St,6717,W 36 St & 9 Ave,6569,40.76019252,-73.9912551,40.75462324029105,-73.99516761302948,member
1624272,8BD9C6779A72F9A3,classic_bike,2022-03-04 20:36:56,2022-03-04 20:41:03,9 Ave & W 45 St,6717,W 36 St & 9 Ave,6569,40.76019252,-73.9912551,40.75462324029105,-73.99516761302948,member
1624274,C81B61B03D0C3584,electric_bike,2022-03-04 14:54:18,2022-03-04 14:57:11,9 Ave & W 45 St,6717,W 36 St & 9 Ave,6569,40.76019252,-73.9912551,40.75462324029105,-73.99516761302948,member
1624276,2CAD334C99223F79,classic_bike,2022-03-21 11:59:29,2022-03-21 12:03:01,9 Ave & W 45 St,6717,W 36 St & 9 Ave,6569,40.76019252,-73.9912551,40.75462324029105,-73.99516761302948,member
1624278,F44673FFD1B47DC3,electric_bike,2022-03-02 05:30:25,2022-03-02 05:33:22,9 Ave & W 45 St,6717,W 36 St & 9 Ave,6569,40.76019252,-73.9912551,40.75462324029105,-73.99516761302948,member
1624279,0E1679233C69366F,classic_bike,2022-03-12 08:35:11,2022-03-12 08:37:41,9 Ave & W 45 St,6717,W 36 St & 9 Ave,6569,40.76019252,-73.9912551,40.75462324029105,-73.99516761302948,member
1624280,6B77B5FE7DD0E9A8,classic_bike,2022-03-18 05:43:16,2022-03-18 05:47:07,9 Ave & W 45 St,6717,W 36 St & 9 Ave,6569,40.76019252,-73.9912551,40.75462324029105,-73.99516761302948,member
1624285,B8E1BC6FB42EF5C8,classic_bike,2022-03-18 12:23:26,2022-03-18 12:25:16,8 Ave & W 38 St,6526,W 36 St & 9 Ave,6569,40.75461,-73.99177,40.75462324029105,-73.99516761302948,member
1624286,3E3494511F408912,classic_bike,2022-03-18 12:17:35,2022-03-18 12:19:18,8 Ave & W 38 St,6526,W 36 St & 9 Ave,6569,40.75461,-73.99177,40.75462324029105,-73.99516761302948,member
1624288,17E9FAA9619A8629,classic_bike,2022-03-26 22:57:02,2022-03-26 23:01:22,9 Ave & W 45 St,6717,W 36 St & 9 Ave,6569,40.76019252,-73.9912551,40.75462324029105,-73.99516761302948,member
1624290,E9BCE9CCF5E01551,classic_bike,2022-03-10 19:13:55,2022-03-10 19:18:25,9 Ave & W 45 St,6717,W 36 St & 9 Ave,6569,40.76019252,-73.9912551,40.75462324029105,-73.99516761302948,casual
1624291,BD4F0CCF4D4D58FF,classic_bike,2022-03-18 06:53:49,2022-03-18 06:57:04,9 Ave & W 45 St,6717,W 36 St & 9 Ave,6569,40.76019252,-73.9912551,40.75462324029105,-73.99516761302948,member
1624292,94E295AA5BE6A1BA,electric_bike,2022-03-14 07:00:26,2022-03-14 07:02:40,9 Ave & W 45 St,6717,W 36 St & 9 Ave,6569,40.76019252,-73.9912551,40.75462324029105,-73.99516761302948,member
1624293,34ED645495D1091E,docked_bike,2022-03-16 16:59:06,2022-03-16 17:04:43,9 Ave & W 45 St,6717,W 36 St & 9 Ave,6569,40.760193,-73.991255,40.754623,-73.995168,casual
1624294,668B4C1971B10A75,classic_bike,2022-03-15 06:58:55,2022-03-15 07:01:52,9 Ave & W 45 St,6717,W 36 St & 9 Ave,6569,40.76019252,-73.9912551,40.75462324029105,-73.99516761302948,member
1624295,A94261A678D5DEB0,classic_bike,2022-03-22 06:09:44,2022-03-22 06:12:54,9 Ave & W 45 St,6717,W 36 St & 9 Ave,6569,40.76019252,-73.9912551,40.75462324029105,-73.99516761302948,member
1624296,8DE1D3F914DDD4D9,electric_bike,2022-03-29 05:34:21,2022-03-29 05:37:26,9 Ave & W 45 St,6717,W 36 St & 9 Ave,6569,40.76019252,-73.9912551,40.75462324029105,-73.99516761302948,member
1624313,6E4F7EE1E4C70301,electric_bike,2022-03-14 16:13:09,2022-03-14 16:16:21,9 Ave & W 45 St,6717,W 36 St & 9 Ave,6569,40.76019252,-73.9912551,40.75462324029105,-73.99516761302948,member
1624314,413559B3883F4A81,electric_bike,2022-03-08 22:50:48,2022-03-08 22:53:09,9 Ave & W 45 St,6717,W 36 St & 9 Ave,6569,40.76019252,-73.9912551,40.75462324029105,-73.99516761302948,member
1624315,FB7B4D96DF7EB500,classic_bike,2022-03-28 10:24:46,2022-03-28 10:29:16,9 Ave & W 45 St,6717,W 36 St & 9 Ave,6569,40.76019252,-73.9912551,40.75462324029105,-73.99516761302948,member
1624316,22273061A306D037,electric_bike,2022-03-16 19:55:59,2022-03-16 20:12:24,W 56 St & 10 Ave,6955,W 36 St & 9 Ave,6569,40.768254,-73.988639,40.75462324029105,-73.99516761302948,member
1624317,4EA42D5650A27009,electric_bike,2022-03-21 20:10:21,2022-03-21 20:23:14,E 56 St & Madison Ave,6732,W 36 St & 9 Ave,6569,40.761573,-73.972628,40.75462324029105,-73.99516761302948,member
1624323,C158AD0D9E4DD25D,classic_bike,2022-03-02 05:44:39,2022-03-02 05:49:10,9 Ave & W 45 St,6717,W 36 St & 9 Ave,6569,40.76019252,-73.9912551,40.75462324029105,-73.99516761302948,casual
1624326,6CE4F8CF85C9FA82,classic_bike,2022-03-26 19:17:46,2022-03-26 19:21:47,9 Ave & W 45 St,6717,W 36 St & 9 Ave,6569,40.76019252,-73.9912551,40.75462324029105,-73.99516761302948,member
1624327,D970A21029977F0E,electric_bike,2022-03-27 13:33:57,2022-03-27 13:38:13,9 Ave & W 45 St,6717,W 36 St & 9 Ave,6569,40.76019252,-73.9912551,40.75462324029105,-73.99516761302948,member
1624328,263F7B754185C069,classic_bike,2022-03-18 15:24:46,2022-03-18 15:27:49,9 Ave & W 45 St,6717,W 36 St & 9 Ave,6569,40.76019252,-73.9912551,40.75462324029105,-73.99516761302948,member
1624329,2F6408AB49E70FB8,classic_bike,2022-03-22 18:37:40,2022-03-22 18:42:36,9 Ave & W 45 St,6717,W 36 St & 9 Ave,6569,40.76019252,-73.9912551,40.75462324029105,-73.99516761302948,member
1624332,32F13EFD75E825A8,electric_bike,2022-03-16 05:36:54,2022-03-16 05:39:22,9 Ave & W 45 St,6717,W 36 St & 9 Ave,6569,40.76019252,-73.9912551,40.75462324029105,-73.99516761302948,member
1624333,3FCF59CB3617DA75,classic_bike,2022-03-17 05:30:23,2022-03-17 05:33:33,9 Ave & W 45 St,6717,W 36 St & 9 Ave,6569,40.76019252,-73.9912551,40.75462324029105,-73.99516761302948,member
1624335,B0C05CE6F765F419,classic_bike,2022-03-19 15:23:45,2022-03-19 15:28:18,9 Ave & W 45 St,6717,W 36 St & 9 Ave,6569,40.76019252,-73.9912551,40.75462324029105,-73.99516761302948,member
1624336,D07A972E3D7C9C8A,classic_bike,2022-03-21 06:53:55,2022-03-21 06:57:17,9 Ave & W 45 St,6717,W 36 St & 9 Ave,6569,40.76019252,-73.9912551,40.75462324029105,-73.99516761302948,member
1624340,C462B67C3EBABE97,classic_bike,2022-03-16 16:14:44,2022-03-16 16:41:48,Vesey Pl & River Terrace,5297,W 36 St & 9 Ave,6569,40.7153379,-74.01658354,40.75462324029105,-73.99516761302948,member
1624342,232600F5AA5F146F,classic_bike,2022-03-22 08:46:40,2022-03-22 08:56:05,W 56 St & 10 Ave,6955,W 36 St & 9 Ave,6569,40.768254,-73.988639,40.75462324029105,-73.99516761302948,member
1624343,C894C872F1EFA87E,classic_bike,2022-03-16 07:33:07,2022-03-16 07:36:22,9 Ave & W 45 St,6717,W 36 St & 9 Ave,6569,40.76019252,-73.9912551,40.75462324029105,-73.99516761302948,member
1624344,549A36E050909F21,electric_bike,2022-03-31 12:50:06,2022-03-31 12:53:52,9 Ave & W 45 St,6717,W 36 St & 9 Ave,6569,40.76019252,-73.9912551,40.75462324029105,-73.99516761302948,member
1624346,C81D094D479AF823,electric_bike,2022-03-25 08:27:49,2022-03-25 08:30:01,9 Ave & W 45 St,6717,W 36 St & 9 Ave,6569,40.76019252,-73.9912551,40.75462324029105,-73.99516761302948,casual
1624351,BE9CC767C20F9833,classic_bike,2022-03-22 22:29:28,2022-03-22 22:33:53,9 Ave & W 45 St,6717,W 36 St & 9 Ave,6569,40.76019252,-73.9912551,40.75462324029105,-73.99516761302948,casual
1624354,37C6855C676FBAD2,electric_bike,2022-03-17 19:26:55,2022-03-17 19:29:18,9 Ave & W 45 St,6717,W 36 St & 9 Ave,6569,40.76019252,-73.9912551,40.75462324029105,-73.99516761302948,member
1624355,13040EE4BA674A40,electric_bike,2022-03-04 14:50:37,2022-03-04 15:03:11,W 10 St & Washington St,5847,W 36 St & 9 Ave,6569,40.73342399437081,-74.00851495563984,40.75462324029105,-73.99516761302948,casual
1624357,4ABCBCFE7A0E59E0,electric_bike,2022-03-21 05:34:36,2022-03-21 05:37:13,9 Ave & W 45 St,6717,W 36 St & 9 Ave,6569,40.76019252,-73.9912551,40.75462324029105,-73.99516761302948,member
1624358,65418A6B431DB712,electric_bike,2022-03-01 17:23:51,2022-03-01 17:27:09,9 Ave & W 45 St,6717,W 36 St & 9 Ave,6569,40.76019252,-73.9912551,40.75462324029105,-73.99516761302948,member
1624359,5E47C3792DF212EA,classic_bike,2022-03-03 06:57:16,2022-03-03 07:00:04,9 Ave & W 45 St,6717,W 36 St & 9 Ave,6569,40.76019252,-73.9912551,40.75462324029105,-73.99516761302948,member
1624360,22670E107AD0A6D7,classic_bike,2022-03-08 05:48:16,2022-03-08 05:51:30,9 Ave & W 45 St,6717,W 36 St & 9 Ave,6569,40.76019252,-73.9912551,40.75462324029105,-73.99516761302948,member
1624361,1F7D19810FDA6A20,electric_bike,2022-03-14 05:39:32,2022-03-14 05:42:37,9 Ave & W 45 St,6717,W 36 St & 9 Ave,6569,40.76019252,-73.9912551,40.75462324029105,-73.99516761302948,member
1624362,952EC23A7E4F9D52,electric_bike,2022-03-30 05:30:58,2022-03-30 05:34:20,9 Ave & W 45 St,6717,W 36 St & 9 Ave,6569,40.76019252,-73.9912551,40.75462324029105,-73.99516761302948,member
1624372,1B370C911656101D,electric_bike,2022-03-01 07:24:23,2022-03-01 07:33:24,Washington St & Gansevoort St,6039,W 36 St & 9 Ave,6569,40.739323,-74.008119,40.75462324029105,-73.99516761302948,member
1624387,3B5837968984C778,classic_bike,2022-03-02 19:44:13,2022-03-02 19:48:42,W 41 St & 8 Ave,6602,W 36 St & 9 Ave,6569,40.75640548,-73.9900262,40.75462324029105,-73.99516761302948,member
1624401,6602036C7D1EEADA,classic_bike,2022-03-20 18:50:32,2022-03-20 18:55:21,W 46 St & 11 Ave,6795,W 36 St & 9 Ave,6569,40.76341379,-73.99667444,40.75462324029105,-73.99516761302948,member
1624412,C48D77E5E0DF9FA9,classic_bike,2022-03-22 21:33:56,2022-03-22 21:51:48,W 35 St & 9 Ave,6569,West End Ave & W 60 St,7059,40.75414519263519,-73.9960889518261,40.77237,-73.99005,member
1624420,F087C9C2ABE5C7D5,classic_bike,2022-03-19 21:05:39,2022-03-19 21:14:37,W 56 St & 10 Ave,6955,W 36 St & 9 Ave,6569,40.768254,-73.988639,40.75462324029105,-73.99516761302948,member
1624421,346625B2DC197524,electric_bike,2022-03-17 08:17:21,2022-03-17 08:20:29,9 Ave & W 45 St,6717,W 36 St & 9 Ave,6569,40.76019252,-73.9912551,40.75462324029105,-73.99516761302948,member
1624422,33DECE64E5DF9670,classic_bike,2022-03-19 08:05:12,2022-03-19 08:09:52,9 Ave & W 45 St,6717,W 36 St & 9 Ave,6569,40.76019252,-73.9912551,40.75462324029105,-73.99516761302948,member
1624441,61D62BB129B10F7E,electric_bike,2022-03-10 14:53:27,2022-03-10 15:02:49,W 25 St & 6 Ave,6215,W 36 St & 9 Ave,6569,40.74395411,-73.99144871,40.75462324029105,-73.99516761302948,member
1624443,EAA3E086400053C0,classic_bike,2022-03-09 08:28:09,2022-03-09 08:36:31,Broadway & W 58 St,6948,W 36 St & 9 Ave,6569,40.76695317,-73.98169333,40.75462324029105,-73.99516761302948,member
1624445,08AAC46AB14F985F,classic_bike,2022-03-26 02:38:51,2022-03-26 02:42:29,9 Ave & W 45 St,6717,W 36 St & 9 Ave,6569,40.76019252,-73.9912551,40.75462324029105,-73.99516761302948,member
1624448,DE01361B5E2B7336,docked_bike,2022-03-16 16:59:40,2022-03-16 17:04:38,9 Ave & W 45 St,6717,W 36 St & 9 Ave,6569,40.760193,-73.991255,40.754623,-73.995168,casual
1624449,6C5FBE0DFC20B42C,classic_bike,2022-03-19 09:57:20,2022-03-19 10:00:14,9 Ave & W 45 St,6717,W 36 St & 9 Ave,6569,40.76019252,-73.9912551,40.75462324029105,-73.99516761302948,member
1624450,5F19D1AC58046B19,electric_bike,2022-03-05 08:30:32,2022-03-05 08:32:55,9 Ave & W 45 St,6717,W 36 St & 9 Ave,6569,40.76019252,-73.9912551,40.75462324029105,-73.99516761302948,member
1624451,A554654803128BE7,classic_bike,2022-03-02 16:43:38,2022-03-02 16:46:49,9 Ave & W 45 St,6717,W 36 St & 9 Ave,6569,40.76019252,-73.9912551,40.75462324029105,-73.99516761302948,member
1624452,9FB0516139E01189,electric_bike,2022-03-19 18:00:15,2022-03-19 18:09:45,9 Ave & W 45 St,6717,W 36 St & 9 Ave,6569,40.76019252,-73.9912551,40.75462324029105,-73.99516761302948,casual
1624458,2007F071028E906F,classic_bike,2022-03-24 16:37:38,2022-03-24 16:49:55,W 63 St & Broadway,7052,W 36 St & 9 Ave,6569,40.77163851,-73.98261428,40.75462324029105,-73.99516761302948,member
1624459,DD3C324FA0CC02E4,electric_bike,2022-03-10 15:35:55,2022-03-10 15:46:33,W 63 St & Broadway,7052,W 36 St & 9 Ave,6569,40.77163851,-73.98261428,40.75462324029105,-73.99516761302948,member
1624464,76EC879710936681,classic_bike,2022-03-06 10:05:05,2022-03-06 10:38:47,Central Park North & Adam Clayton Powell Blvd,7617,W 36 St & 9 Ave,6569,40.799484,-73.955613,40.75462324029105,-73.99516761302948,member
1624466,FD225A6DEFE8785E,electric_bike,2022-03-26 21:01:16,2022-03-26 21:30:56,Carmine St & 6 Ave,5763,W 36 St & 9 Ave,6569,40.73038599,-74.00214988,40.75462324029105,-73.99516761302948,casual
1624470,19ED3708BB144376,electric_bike,2022-03-25 13:08:23,2022-03-25 13:22:27,W 63 St & Broadway,7052,W 36 St & 9 Ave,6569,40.77163851,-73.98261428,40.75462324029105,-73.99516761302948,casual
1624477,60D4E96D4F19D383,classic_bike,2022-03-30 11:57:10,2022-03-30 12:13:02,W 63 St & Broadway,7052,W 36 St & 9 Ave,6569,40.77163851,-73.98261428,40.75462324029105,-73.99516761302948,member
1624479,25A779F3DDBE0525,electric_bike,2022-03-03 18:29:32,2022-03-03 18:35:28,W 30 St & 10 Ave,6459,W 36 St & 9 Ave,6569,40.752694,-74.002353,40.75462324029105,-73.99516761302948,member
1624483,1D03B194DA19CF07,electric_bike,2022-03-29 18:26:52,2022-03-29 18:32:11,W 30 St & 10 Ave,6459,W 36 St & 9 Ave,6569,40.752694,-74.002353,40.75462324029105,-73.99516761302948,member
1624492,63F83F64192CC30E,electric_bike,2022-03-23 14:56:05,2022-03-23 15:04:14,E 33 St & 5 Ave,6322,W 36 St & 9 Ave,6569,40.74765947,-73.98490707,40.75462324029105,-73.99516761302948,casual
1624493,CDEC79FBF2870497,classic_bike,2022-03-22 12:03:56,2022-03-22 12:16:37,W 63 St & Broadway,7052,W 36 St & 9 Ave,6569,40.77163851,-73.98261428,40.75462324029105,-73.99516761302948,member
1624499,A57DAAEC13B91A4E,electric_bike,2022-03-08 18:28:33,2022-03-08 18:33:50,W 30 St & 10 Ave,6459,W 36 St & 9 Ave,6569,40.752694,-74.002353,40.75462324029105,-73.99516761302948,member
1624509,B430FC05288B0A8A,classic_bike,2022-03-10 17:10:27,2022-03-10 17:27:19,E 47 St & 2 Ave,6498,W 36 St & 9 Ave,6569,40.75323098,-73.97032517,40.75462324029105,-73.99516761302948,member
1624510,CD4E02C67EEB705D,classic_bike,2022-03-21 09:00:45,2022-03-21 09:14:33,E 47 St & 2 Ave,6498,W 36 St & 9 Ave,6569,40.75323098,-73.97032517,40.75462324029105,-73.99516761302948,member
1624512,BDDA37A468B997FE,classic_bike,2022-03-07 18:53:48,2022-03-07 18:59:17,W 30 St & 10 Ave,6459,W 36 St & 9 Ave,6569,40.752694,-74.002353,40.75462324029105,-73.99516761302948,member
1624513,1251146EFC76E9A8,electric_bike,2022-03-24 23:36:40,2022-03-25 00:05:56,Fulton St & William St,5137,W 36 St & 9 Ave,6569,40.70960089363537,-74.00655090808868,40.75462324029105,-73.99516761302948,member
1624523,BF732C9FB77F3744,electric_bike,2022-03-19 04:05:52,2022-03-19 04:09:33,W 30 St & 10 Ave,6459,W 36 St & 9 Ave,6569,40.752694,-74.002353,40.75462324029105,-73.99516761302948,member
1624526,5CEC7D295599BA40,electric_bike,2022-03-04 17:29:29,2022-03-04 17:33:44,W 30 St & 10 Ave,6459,W 36 St & 9 Ave,6569,40.752694,-74.002353,40.75462324029105,-73.99516761302948,member
1624527,8757F65716DBE3AD,classic_bike,2022-03-06 21:38:18,2022-03-06 21:50:44,Carmine St & 6 Ave,5763,W 36 St & 9 Ave,6569,40.73038599,-74.00214988,40.75462324029105,-73.99516761302948,member
1624528,4AFE3F6E06CDF952,electric_bike,2022-03-15 01:55:50,2022-03-15 01:59:48,W 30 St & 10 Ave,6459,W 36 St & 9 Ave,6569,40.752694,-74.002353,40.75462324029105,-73.99516761302948,member
1624529,63E80684AFDD4165,classic_bike,2022-03-28 15:38:14,2022-03-28 15:51:18,W 63 St & Broadway,7052,W 36 St & 9 Ave,6569,40.77163851,-73.98261428,40.75462324029105,-73.99516761302948,member
1624530,DA49ECEAA23EBA42,electric_bike,2022-03-24 20:23:31,2022-03-24 20:43:50,E 84 St & 1 Ave,7180,W 36 St & 9 Ave,6569,40.77565541,-73.95068615,40.75462324029105,-73.99516761302948,member
1624531,A6C38024620CBE06,classic_bike,2022-03-03 07:00:41,2022-03-03 07:05:13,W 45 St & 8 Ave,6676,W 36 St & 9 Ave,6569,40.75929124,-73.98859651,40.75462324029105,-73.99516761302948,member
1624534,1F0FCFE45B558433,classic_bike,2022-03-11 10:02:05,2022-03-11 10:06:44,W 45 St & 8 Ave,6676,W 36 St & 9 Ave,6569,40.75929124,-73.98859651,40.75462324029105,-73.99516761302948,member
1624535,CBFD3EACB26B4CA3,classic_bike,2022-03-28 10:14:41,2022-03-28 10:19:27,W 30 St & 10 Ave,6459,W 36 St & 9 Ave,6569,40.752694,-74.002353,40.75462324029105,-73.99516761302948,member
1624538,76ACC5A3A1018417,classic_bike,2022-03-18 18:03:39,2022-03-18 18:15:01,W 63 St & Broadway,7052,W 36 St & 9 Ave,6569,40.77163851,-73.98261428,40.75462324029105,-73.99516761302948,member
1624600,635876AC718C7423,classic_bike,2022-03-19 17:54:39,2022-03-19 18:28:06,Broadway & W 38 St,6560,W 36 St & 9 Ave,6569,40.7529728216068,-73.98734897375107,40.75462324029105,-73.99516761302948,casual
1624602,6376BB446486B74B,electric_bike,2022-03-30 14:55:33,2022-03-30 15:03:08,Broadway & W 25 St,6173,W 36 St & 9 Ave,6569,40.74286877312112,-73.98918628692627,40.75462324029105,-73.99516761302948,casual
1624608,1E295282990FF7DB,classic_bike,2022-03-01 13:03:32,2022-03-01 13:07:01,Broadway & W 38 St,6560,W 36 St & 9 Ave,6569,40.7529728216068,-73.98734897375107,40.75462324029105,-73.99516761302948,member
1624612,C0E5C4AF9A28A143,classic_bike,2022-03-04 12:32:06,2022-03-04 12:49:13,W 56 St & 6 Ave,6809,W 36 St & 9 Ave,6569,40.76340613,-73.97722479,40.75462324029105,-73.99516761302948,casual
1624621,EFDE2E62DCF1BFA1,classic_bike,2022-03-26 16:30:28,2022-03-26 16:52:26,Amsterdam Ave & W 79 St,7311,W 36 St & 9 Ave,6569,40.7829391,-73.9786517,40.75462324029105,-73.99516761302948,member
1624622,84D852E69599AADE,classic_bike,2022-03-21 19:00:47,2022-03-21 19:13:27,W 48 St &  Rockefeller Plaza,6626,W 36 St & 9 Ave,6569,40.75776935448309,-73.97929430007935,40.75462324029105,-73.99516761302948,member
1624639,C9BB2FE7B3E1FF6E,classic_bike,2022-03-05 18:15:55,2022-03-05 18:35:55,Cleveland Pl & Spring St,5492,W 36 St & 9 Ave,6569,40.722103786686034,-73.99724900722504,40.75462324029105,-73.99516761302948,member
1624647,77A248BD3CCFDCDD,electric_bike,2022-03-08 13:10:07,2022-03-08 13:14:53,W 27 St & 7 Ave,6247,W 36 St & 9 Ave,6569,40.746647,-73.993915,40.75462324029105,-73.99516761302948,member
1624649,C2DBC6A76B021056,classic_bike,2022-03-01 17:15:58,2022-03-01 17:21:47,Broadway & W 38 St,6560,W 36 St & 9 Ave,6569,40.7529728216068,-73.98734897375107,40.75462324029105,-73.99516761302948,member
1624652,7F533C2530D1E756,classic_bike,2022-03-24 18:08:17,2022-03-24 18:17:51,6 Ave & W 34 St,6364,W 36 St & 9 Ave,6569,40.74964,-73.98805,40.75462324029105,-73.99516761302948,member
1624663,EB4A79C7F4DC3C3C,classic_bike,2022-03-16 08:52:22,2022-03-16 08:57:29,6 Ave & W 34 St,6364,W 36 St & 9 Ave,6569,40.74964,-73.98805,40.75462324029105,-73.99516761302948,member
1624675,19998FB33F7DD612,classic_bike,2022-03-20 16:29:10,2022-03-20 16:39:43,Broadway & W 25 St,6173,W 36 St & 9 Ave,6569,40.74286877312112,-73.98918628692627,40.75462324029105,-73.99516761302948,member
1624676,D1FFF38C7D091B7A,electric_bike,2022-03-02 15:38:41,2022-03-02 15:47:38,W 16 St & The High Line,6233,W 36 St & 9 Ave,6569,40.74334935,-74.00681753,40.75462324029105,-73.99516761302948,member
1624679,3722B622DBA48958,electric_bike,2022-03-07 16:19:18,2022-03-07 16:24:40,6 Ave & W 34 St,6364,W 36 St & 9 Ave,6569,40.74964,-73.98805,40.75462324029105,-73.99516761302948,member
1624680,EAD779D73487C0DB,electric_bike,2022-03-20 17:11:20,2022-03-20 17:17:05,6 Ave & W 34 St,6364,W 36 St & 9 Ave,6569,40.74964,-73.98805,40.75462324029105,-73.99516761302948,member
1624709,178061AFD904ACD5,classic_bike,2022-03-14 17:05:52,2022-03-14 17:28:38,Cleveland Pl & Spring St,5492,W 36 St & 9 Ave,6569,40.722103786686034,-73.99724900722504,40.75462324029105,-73.99516761302948,member
1624712,B011A86B7D5FF88D,electric_bike,2022-03-30 17:39:35,2022-03-30 18:01:20,Madison Ave & E 99 St,7443,W 36 St & 9 Ave,6569,40.78948541553215,-73.95242929458618,40.75462324029105,-73.99516761302948,member
1624719,57FDD0FB6C74558E,classic_bike,2022-03-19 13:03:06,2022-03-19 13:20:21,W 74 St & Columbus Ave,7230,W 36 St & 9 Ave,6569,40.7785669,-73.97754961,40.75462324029105,-73.99516761302948,member
1624723,077D349FAB4203B3,classic_bike,2022-03-22 17:37:44,2022-03-22 17:50:16,W 56 St & 6 Ave,6809,W 36 St & 9 Ave,6569,40.76340613,-73.97722479,40.75462324029105,-73.99516761302948,casual
1624726,420F23A18B5A1BFE,classic_bike,2022-03-31 17:05:56,2022-03-31 17:27:10,1 Ave & E 68 St,6822,W 36 St & 9 Ave,6569,40.76500525,-73.95818491,40.75462324029105,-73.99516761302948,member
1624741,31062A1EA0B438C0,classic_bike,2022-03-04 12:32:18,2022-03-04 12:49:19,W 56 St & 6 Ave,6809,W 36 St & 9 Ave,6569,40.76340613,-73.97722479,40.75462324029105,-73.99516761302948,casual
1624742,170307D8A47508FE,classic_bike,2022-03-21 19:03:25,2022-03-21 19:36:30,1 Ave & E 68 St,6822,W 36 St & 9 Ave,6569,40.76500525,-73.95818491,40.75462324029105,-73.99516761302948,member
1624748,D15824F1555D3915,electric_bike,2022-03-24 17:31:59,2022-03-24 17:56:07,Madison Ave & E 99 St,7443,W 36 St & 9 Ave,6569,40.78948541553215,-73.95242929458618,40.75462324029105,-73.99516761302948,member
1624751,3DF6B63871F06FD8,electric_bike,2022-03-19 20:04:48,2022-03-19 20:10:28,6 Ave & W 34 St,6364,W 36 St & 9 Ave,6569,40.74964,-73.98805,40.75462324029105,-73.99516761302948,member
1624757,BECEFD98276D6F39,classic_bike,2022-03-22 09:27:25,2022-03-22 09:42:16,Columbus Ave & W 72 St,7175,W 36 St & 9 Ave,6569,40.7770575,-73.97898475,40.75462324029105,-73.99516761302948,member
1624760,B79C389C35BA22A1,classic_bike,2022-03-04 14:59:31,2022-03-04 15:17:07,Columbus Ave & W 72 St,7175,W 36 St & 9 Ave,6569,40.7770575,-73.97898475,40.75462324029105,-73.99516761302948,member
1624773,26CCF86C5AE81925,classic_bike,2022-03-20 11:09:05,2022-03-20 11:41:57,5 Ave & W 126 St,7701,W 36 St & 9 Ave,6569,40.80722,-73.9418,40.75462324029105,-73.99516761302948,member
1624774,17411E0CCBF254F3,electric_bike,2022-03-15 11:30:07,2022-03-15 11:54:17,Amsterdam Ave & W 79 St,7311,W 36 St & 9 Ave,6569,40.7829391,-73.9786517,40.75462324029105,-73.99516761302948,casual
1624787,620F257EA059B1AB,classic_bike,2022-03-23 09:09:05,2022-03-23 09:25:11,Columbus Ave & W 72 St,7175,W 36 St & 9 Ave,6569,40.7770575,-73.97898475,40.75462324029105,-73.99516761302948,member
1624820,44C921FBCA673B98,electric_bike,2022-03-24 11:57:05,2022-03-24 12:02:06,W 30 St & 10 Ave,6459,W 36 St & 9 Ave,6569,40.752694,-74.002353,40.75462324029105,-73.99516761302948,member
1624840,841BE564B5008A8A,classic_bike,2022-03-17 19:12:10,2022-03-17 19:27:35,W 63 St & Broadway,7052,W 36 St & 9 Ave,6569,40.77163851,-73.98261428,40.75462324029105,-73.99516761302948,member
1624851,05D7460C7CF378B8,classic_bike,2022-03-21 16:26:41,2022-03-21 16:32:44,W 30 St & 10 Ave,6459,W 36 St & 9 Ave,6569,40.752694,-74.002353,40.75462324029105,-73.99516761302948,member
1624852,164CE11DC9AC8CF1,electric_bike,2022-03-19 13:34:11,2022-03-19 13:47:47,W 30 St & 10 Ave,6459,W 36 St & 9 Ave,6569,40.752694,-74.002353,40.75462324029105,-73.99516761302948,casual
1624854,73E91099ED7BD25D,electric_bike,2022-03-30 17:10:17,2022-03-30 17:18:55,W 63 St & Broadway,7052,W 36 St & 9 Ave,6569,40.77163851,-73.98261428,40.75462324029105,-73.99516761302948,member
1624861,B34AFCEA39398187,electric_bike,2022-03-10 21:48:14,2022-03-10 22:10:01,Carmine St & 6 Ave,5763,W 36 St & 9 Ave,6569,40.73038599,-74.00214988,40.75462324029105,-73.99516761302948,member
1624867,4F91F01395698E09,classic_bike,2022-03-26 16:06:40,2022-03-26 16:12:38,W 30 St & 10 Ave,6459,W 36 St & 9 Ave,6569,40.752694,-74.002353,40.75462324029105,-73.99516761302948,member
1624878,AFFAE35B3E8B4C7D,electric_bike,2022-03-31 07:26:30,2022-03-31 07:26:57,W 36 St & 9 Ave,6569,W 36 St & 9 Ave,6569,40.75462324029105,-73.99516761302948,40.75462324029105,-73.99516761302948,member
1624879,66468419447A75CB,classic_bike,2022-03-16 20:45:28,2022-03-16 20:54:39,Broadway & W 29 St,6289,W 36 St & 9 Ave,6569,40.7462009,-73.98855723,40.75462324029105,-73.99516761302948,member
1624888,8310281FE83657B4,electric_bike,2022-03-26 11:40:59,2022-03-26 11:47:34,W 63 St & Broadway,7052,W 36 St & 9 Ave,6569,40.77163851,-73.98261428,40.75462324029105,-73.99516761302948,member
1624890,E97C56111E5B415A,electric_bike,2022-03-23 10:17:09,2022-03-23 10:31:34,W 84 St & Columbus Ave,7382,W 36 St & 9 Ave,6569,40.78499979,-73.97283406,40.75462324029105,-73.99516761302948,member
1624897,C04C2F1EFCD79FDE,electric_bike,2022-03-06 17:24:17,2022-03-06 17:35:19,Broadway & W 29 St,6289,W 36 St & 9 Ave,6569,40.7462009,-73.98855723,40.75462324029105,-73.99516761302948,member
1624905,E6D42D9C79D1D729,classic_bike,2022-03-21 05:29:43,2022-03-21 05:44:03,W 36 St & 9 Ave,6569,W 36 St & 9 Ave,6569,40.75462324029105,-73.99516761302948,40.75462324029105,-73.99516761302948,member
1624906,FA73968385C325C4,classic_bike,2022-03-25 16:13:45,2022-03-25 16:37:37,W 36 St & 9 Ave,6569,W 36 St & 9 Ave,6569,40.75462324029105,-73.99516761302948,40.75462324029105,-73.99516761302948,member
1624909,27554815967666F4,classic_bike,2022-03-26 16:53:07,2022-03-26 16:54:07,W 36 St & 9 Ave,6569,W 36 St & 9 Ave,6569,40.75462324029105,-73.99516761302948,40.75462324029105,-73.99516761302948,member
1624920,FB8570531249D17E,classic_bike,2022-03-14 09:44:41,2022-03-14 10:10:02,W 36 St & 9 Ave,6569,W 36 St & 9 Ave,6569,40.75462324029105,-73.99516761302948,40.75462324029105,-73.99516761302948,member
1624927,1AB9A9B33F1B142C,classic_bike,2022-03-02 19:05:36,2022-03-02 19:15:03,W 36 St & 9 Ave,6569,Broadway & W 29 St,6289,40.75462324029105,-73.99516761302948,40.7462009,-73.98855723,casual
1624928,A4B29596D4980017,classic_bike,2022-03-25 09:08:33,2022-03-25 09:08:59,W 36 St & 9 Ave,6569,W 36 St & 9 Ave,6569,40.75462324029105,-73.99516761302948,40.75462324029105,-73.99516761302948,member
1624939,679AAF85785CD008,classic_bike,2022-03-18 12:35:17,2022-03-18 12:35:58,W 36 St & 9 Ave,6569,W 36 St & 9 Ave,6569,40.75462324029105,-73.99516761302948,40.75462324029105,-73.99516761302948,casual
1624947,311DCB4341A85AF9,classic_bike,2022-03-22 08:54:18,2022-03-22 09:03:18,Broadway & W 29 St,6289,W 36 St & 9 Ave,6569,40.7462009,-73.98855723,40.75462324029105,-73.99516761302948,member
1624948,270E7BCAA3B0C7E2,classic_bike,2022-03-18 13:20:16,2022-03-18 13:33:39,W 36 St & 9 Ave,6569,W 36 St & 9 Ave,6569,40.75462324029105,-73.99516761302948,40.75462324029105,-73.99516761302948,member
1624950,BEC9C0E8E00F4350,electric_bike,2022-03-23 22:52:02,2022-03-23 22:52:38,W 36 St & 9 Ave,6569,W 36 St & 9 Ave,6569,40.75462324029105,-73.99516761302948,40.75462324029105,-73.99516761302948,casual
1624954,1B65D434CC163B18,electric_bike,2022-03-27 13:10:47,2022-03-27 13:19:11,Broadway & W 29 St,6289,W 36 St & 9 Ave,6569,40.7462009,-73.98855723,40.75462324029105,-73.99516761302948,member
1624955,3C609E6727C7020D,electric_bike,2022-03-04 15:11:45,2022-03-04 15:19:18,Broadway & W 29 St,6289,W 36 St & 9 Ave,6569,40.7462009,-73.98855723,40.75462324029105,-73.99516761302948,member
1624963,4DC7823FD07895C0,electric_bike,2022-03-31 08:42:19,2022-03-31 08:45:01,W 36 St & 9 Ave,6569,W 36 St & 9 Ave,6569,40.75462324029105,-73.99516761302948,40.75462324029105,-73.99516761302948,member
1624965,BB95FD429D79CEDC,electric_bike,2022-03-31 06:44:47,2022-03-31 06:45:14,W 36 St & 9 Ave,6569,W 36 St & 9 Ave,6569,40.75462324029105,-73.99516761302948,40.75462324029105,-73.99516761302948,member
1624971,6A70FDCBE154F665,electric_bike,2022-03-17 16:14:18,2022-03-17 16:20:10,W 36 St & 9 Ave,6569,W 36 St & 9 Ave,6569,40.75462324029105,-73.99516761302948,40.75462324029105,-73.99516761302948,member
1624974,BC3410C2E9CA3613,classic_bike,2022-03-02 09:35:02,2022-03-02 09:35:13,W 36 St & 9 Ave,6569,W 36 St & 9 Ave,6569,40.75462324029105,-73.99516761302948,40.75462324029105,-73.99516761302948,member
1624979,4A9EAE2C968369A0,classic_bike,2022-03-14 19:10:55,2022-03-14 19:14:13,W 36 St & 9 Ave,6569,W 36 St & 9 Ave,6569,40.75462324029105,-73.99516761302948,40.75462324029105,-73.99516761302948,casual
1624980,5528B41F088B45E8,electric_bike,2022-03-14 18:26:08,2022-03-14 19:09:20,W 36 St & 9 Ave,6569,W 36 St & 9 Ave,6569,40.75462324029105,-73.99516761302948,40.75462324029105,-73.99516761302948,casual
1624981,9BC1C7C2031F4F81,electric_bike,2022-03-22 13:41:03,2022-03-22 13:43:26,W 36 St & 9 Ave,6569,W 36 St & 9 Ave,6569,40.75462324029105,-73.99516761302948,40.75462324029105,-73.99516761302948,casual
1624988,E6A916DFCE35AD9E,classic_bike,2022-03-31 16:37:59,2022-03-31 16:54:16,W 36 St & 9 Ave,6569,W 36 St & 9 Ave,6569,40.75462324029105,-73.99516761302948,40.75462324029105,-73.99516761302948,member
1625004,0627C3A234076EB4,classic_bike,2022-03-29 17:33:08,2022-03-29 17:45:37,W 13 St & 7 Ave,6030,W 36 St & 9 Ave,6569,40.73781509,-73.99994661,40.75462324029105,-73.99516761302948,member
1625031,A334656E611834E1,classic_bike,2022-03-07 15:50:05,2022-03-07 15:54:13,9 Ave & W 45 St,6717,W 36 St & 9 Ave,6569,40.76019252,-73.9912551,40.75462324029105,-73.99516761302948,member
1625032,853C499598946ED1,electric_bike,2022-03-01 05:33:30,2022-03-01 05:36:03,9 Ave & W 45 St,6717,W 36 St & 9 Ave,6569,40.76019252,-73.9912551,40.75462324029105,-73.99516761302948,member
1625033,668AF90EDF84FE4B,electric_bike,2022-03-26 08:08:52,2022-03-26 08:11:45,9 Ave & W 45 St,6717,W 36 St & 9 Ave,6569,40.76019252,-73.9912551,40.75462324029105,-73.99516761302948,member
1625035,A5BE321D86F2CF72,electric_bike,2022-03-30 14:06:04,2022-03-30 14:18:32,9 Ave & W 45 St,6717,W 36 St & 9 Ave,6569,40.76019252,-73.9912551,40.75462324029105,-73.99516761302948,member
1625044,8E7F69229ABF23E4,classic_bike,2022-03-19 10:26:57,2022-03-19 10:47:42,Riverside Dr & W 78 St,7340,W 36 St & 9 Ave,6569,40.78414472,-73.98362492,40.75462324029105,-73.99516761302948,member
1625048,B20614871D74795F,classic_bike,2022-03-30 14:45:24,2022-03-30 14:54:03,Broadway & W 58 St,6948,W 36 St & 9 Ave,6569,40.76695317,-73.98169333,40.75462324029105,-73.99516761302948,member
1625049,096CD0361B8909B1,electric_bike,2022-03-23 17:16:16,2022-03-23 17:19:28,9 Ave & W 45 St,6717,W 36 St & 9 Ave,6569,40.76019252,-73.9912551,40.75462324029105,-73.99516761302948,member
1625050,25F9BA56CEE6825D,classic_bike,2022-03-03 18:27:32,2022-03-03 18:32:02,9 Ave & W 45 St,6717,W 36 St & 9 Ave,6569,40.76019252,-73.9912551,40.75462324029105,-73.99516761302948,member
1625052,DC43B9A42494CE7E,classic_bike,2022-03-01 14:54:16,2022-03-01 14:58:38,9 Ave & W 45 St,6717,W 36 St & 9 Ave,6569,40.76019252,-73.9912551,40.75462324029105,-73.99516761302948,member
1625053,BE4D10D158D9EC30,electric_bike,2022-03-08 07:58:51,2022-03-08 08:01:30,9 Ave & W 45 St,6717,W 36 St & 9 Ave,6569,40.76019252,-73.9912551,40.75462324029105,-73.99516761302948,member
1625059,CC699B14DABA05CA,classic_bike,2022-03-08 07:01:15,2022-03-08 07:19:09,E 56 St & Madison Ave,6732,W 36 St & 9 Ave,6569,40.761573,-73.972628,40.75462324029105,-73.99516761302948,member
1625062,F5DE9B883C47536A,electric_bike,2022-03-16 17:41:12,2022-03-16 17:46:56,9 Ave & W 45 St,6717,W 36 St & 9 Ave,6569,40.76019252,-73.9912551,40.75462324029105,-73.99516761302948,member
1625063,C98FDD47BB0C8508,electric_bike,2022-03-31 21:25:29,2022-03-31 21:36:08,Broadway & W 58 St,6948,W 36 St & 9 Ave,6569,40.76695317,-73.98169333,40.75462324029105,-73.99516761302948,casual
1625064,3F2FEB095EDBCB7D,electric_bike,2022-03-08 16:12:09,2022-03-08 16:18:50,Broadway & W 58 St,6948,W 36 St & 9 Ave,6569,40.76695317,-73.98169333,40.75462324029105,-73.99516761302948,casual
1625065,E9B6418EBD7CE591,classic_bike,2022-03-27 17:38:14,2022-03-27 17:46:11,W 56 St & 10 Ave,6955,W 36 St & 9 Ave,6569,40.768254,-73.988639,40.75462324029105,-73.99516761302948,casual
1625066,A8EB8044753404A2,classic_bike,2022-03-11 16:06:21,2022-03-11 16:17:10,9 Ave & W 45 St,6717,W 36 St & 9 Ave,6569,40.76019252,-73.9912551,40.75462324029105,-73.99516761302948,casual
1625068,9A823E0C3F25D1B1,classic_bike,2022-03-22 09:59:42,2022-03-22 10:03:30,9 Ave & W 45 St,6717,W 36 St & 9 Ave,6569,40.76019252,-73.9912551,40.75462324029105,-73.99516761302948,member
1625069,F774C0B650DA4D01,electric_bike,2022-03-10 05:15:46,2022-03-10 05:21:29,W 56 St & 10 Ave,6955,W 36 St & 9 Ave,6569,40.768254,-73.988639,40.75462324029105,-73.99516761302948,member
1625078,354D3D328FBCE8D0,classic_bike,2022-03-23 09:32:15,2022-03-23 09:39:52,W 50 St & 10 Ave,6890,W 36 St & 9 Ave,6569,40.76473420006519,-73.99194359779358,40.75462324029105,-73.99516761302948,member
1625087,37663A2E31575AC6,classic_bike,2022-03-21 10:19:40,2022-03-21 10:23:13,9 Ave & W 45 St,6717,W 36 St & 9 Ave,6569,40.76019252,-73.9912551,40.75462324029105,-73.99516761302948,member
1625088,209F537E78B4F3E4,classic_bike,2022-03-23 06:47:46,2022-03-23 06:51:29,9 Ave & W 45 St,6717,W 36 St & 9 Ave,6569,40.76019252,-73.9912551,40.75462324029105,-73.99516761302948,member
1625089,55F1913C2740ADB4,electric_bike,2022-03-10 06:09:11,2022-03-10 06:11:39,9 Ave & W 45 St,6717,W 36 St & 9 Ave,6569,40.76019252,-73.9912551,40.75462324029105,-73.99516761302948,member
1625097,D4226A7E6E659F42,classic_bike,2022-03-23 15:54:05,2022-03-23 16:02:07,Broadway & W 58 St,6948,W 36 St & 9 Ave,6569,40.76695317,-73.98169333,40.75462324029105,-73.99516761302948,member
1625098,14740164813491CB,classic_bike,2022-03-26 15:40:13,2022-03-26 15:59:19,W 55 St & 6 Ave,6809,W 36 St & 9 Ave,6569,40.763189,-73.978434,40.75462324029105,-73.99516761302948,member
1625100,F257F1B5F7713BE6,electric_bike,2022-03-04 10:16:44,2022-03-04 10:28:29,E 58 St & Madison Ave,6839,W 36 St & 9 Ave,6569,40.76302594280519,-73.97209525108337,40.75462324029105,-73.99516761302948,member
1625101,60B656032EF14488,classic_bike,2022-03-26 14:23:37,2022-03-26 15:44:22,South St & Gouverneur Ln,4953,W 36 St & 9 Ave,6569,40.70355377,-74.00670227,40.75462324029105,-73.99516761302948,casual
1625106,5EF068EE1F172DB5,electric_bike,2022-03-02 12:21:02,2022-03-02 12:52:59,Lorimer St & Broadway,4965,W 36 St & 9 Ave,6569,40.70411791,-73.94818595,40.75462324029105,-73.99516761302948,member
1625109,2E8BC21502163937,classic_bike,2022-03-16 10:12:38,2022-03-16 10:42:41,W 87 St & West End Ave,7484,W 36 St & 9 Ave,6569,40.789622,-73.97757,40.75462324029105,-73.99516761302948,member
1625119,1364BE8042A50E33,classic_bike,2022-03-15 17:25:53,2022-03-15 17:51:39,E 58 St & Madison Ave,6839,W 36 St & 9 Ave,6569,40.76302594280519,-73.97209525108337,40.75462324029105,-73.99516761302948,casual
1625129,2423536F4DEE8BEC,electric_bike,2022-03-24 16:15:17,2022-03-24 16:29:57,E 27 St & 1 Ave,6004,W 36 St & 9 Ave,6569,40.739445,-73.976806,40.75462324029105,-73.99516761302948,member
1625135,2D4544C879AB567E,classic_bike,2022-03-11 17:38:11,2022-03-11 17:58:58,W 55 St & 6 Ave,6809,W 36 St & 9 Ave,6569,40.763189,-73.978434,40.75462324029105,-73.99516761302948,casual
1625137,3CBBBC12C0CD31F0,classic_bike,2022-03-25 08:07:10,2022-03-25 08:40:31,W 50 St & 10 Ave,6890,W 36 St & 9 Ave,6569,40.76473420006519,-73.99194359779358,40.75462324029105,-73.99516761302948,member
1625138,3F35FDCAEB3EABE0,electric_bike,2022-03-16 06:47:24,2022-03-16 06:53:18,W 50 St & 10 Ave,6890,W 36 St & 9 Ave,6569,40.76473420006519,-73.99194359779358,40.75462324029105,-73.99516761302948,member
1625139,3377ABA7365BC8B7,classic_bike,2022-03-10 10:20:59,2022-03-10 10:29:53,W 50 St & 10 Ave,6890,W 36 St & 9 Ave,6569,40.76473420006519,-73.99194359779358,40.75462324029105,-73.99516761302948,member
1625155,D98818162EB7862D,electric_bike,2022-03-19 15:37:58,2022-03-19 16:02:38,E 47 St & Park Ave,6584,W 36 St & 9 Ave,6569,40.75510267,-73.97498696,40.75462324029105,-73.99516761302948,member
1625171,2E5D02BDE3CE7761,classic_bike,2022-03-19 10:56:07,2022-03-19 11:05:16,E 47 St & Park Ave,6584,W 36 St & 9 Ave,6569,40.75510267,-73.97498696,40.75462324029105,-73.99516761302948,member
1625176,A4181305998A7E41,classic_bike,2022-03-19 21:05:07,2022-03-19 21:26:14,2 Ave & E 31 St,6197,W 36 St & 9 Ave,6569,40.74290902,-73.97706058,40.75462324029105,-73.99516761302948,member
1625192,FA2258F1797E2126,classic_bike,2022-03-26 12:44:17,2022-03-26 12:48:54,W 43 St & 10 Ave,6756,W 36 St & 9 Ave,6569,40.76009437,-73.99461843,40.75462324029105,-73.99516761302948,member
1625198,D82FE35EE9027463,classic_bike,2022-03-26 14:04:19,2022-03-26 14:19:44,Lexington Ave & E 29 St,6164,W 36 St & 9 Ave,6569,40.74311555376486,-73.98215353488922,40.75462324029105,-73.99516761302948,member
1625213,B774D1F20F492EAB,electric_bike,2022-03-12 05:10:21,2022-03-12 05:14:44,W 50 St & 9 Ave,6854,W 36 St & 9 Ave,6569,40.76360467795863,-73.98917958140373,40.75462324029105,-73.99516761302948,member
1625214,98825460A369E9F7,classic_bike,2022-03-23 16:51:25,2022-03-23 16:57:38,W 50 St & 9 Ave,6854,W 36 St & 9 Ave,6569,40.76360467795863,-73.98917958140373,40.75462324029105,-73.99516761302948,member
1625215,275619F8489E2A14,electric_bike,2022-03-30 22:31:37,2022-03-30 22:36:25,W 50 St & 9 Ave,6854,W 36 St & 9 Ave,6569,40.76360467795863,-73.98917958140373,40.75462324029105,-73.99516761302948,member
1625219,0CAC646364A4FD00,classic_bike,2022-03-16 07:33:41,2022-03-16 07:38:15,W 50 St & 9 Ave,6854,W 36 St & 9 Ave,6569,40.76360467795863,-73.98917958140373,40.75462324029105,-73.99516761302948,member
1625225,55BC9FEA87BA7F90,electric_bike,2022-03-05 04:38:24,2022-03-05 04:42:20,W 50 St & 9 Ave,6854,W 36 St & 9 Ave,6569,40.76360467795863,-73.98917958140373,40.75462324029105,-73.99516761302948,member
1625226,D7498B90076E01FE,classic_bike,2022-03-26 04:45:39,2022-03-26 04:50:29,W 50 St & 9 Ave,6854,W 36 St & 9 Ave,6569,40.76360467795863,-73.98917958140373,40.75462324029105,-73.99516761302948,member
1625227,542EA2F6BEBE1267,electric_bike,2022-03-07 17:58:25,2022-03-07 18:02:21,W 50 St & 9 Ave,6854,W 36 St & 9 Ave,6569,40.76360467795863,-73.98917958140373,40.75462324029105,-73.99516761302948,member
1625228,BCDA6BD86A3CDBCE,electric_bike,2022-03-23 02:22:51,2022-03-23 02:27:06,W 50 St & 9 Ave,6854,W 36 St & 9 Ave,6569,40.76360467795863,-73.98917958140373,40.75462324029105,-73.99516761302948,member
1625229,518F1F2133F104B5,classic_bike,2022-03-12 01:43:44,2022-03-12 01:48:10,W 37 St & Broadway,6441,W 36 St & 9 Ave,6569,40.75227093837409,-73.98770570755005,40.75462324029105,-73.99516761302948,member
1625237,D0D4DC42DBDA6F44,electric_bike,2022-03-27 10:37:25,2022-03-27 10:41:09,W 50 St & 9 Ave,6854,W 36 St & 9 Ave,6569,40.76360467795863,-73.98917958140373,40.75462324029105,-73.99516761302948,member
1625238,1F721E98CADDECF8,electric_bike,2022-03-22 11:38:25,2022-03-22 11:44:27,W 50 St & 9 Ave,6854,W 36 St & 9 Ave,6569,40.76360467795863,-73.98917958140373,40.75462324029105,-73.99516761302948,member
1625239,4F6379E21BA9EAB9,electric_bike,2022-03-25 03:46:28,2022-03-25 03:51:02,W 50 St & 9 Ave,6854,W 36 St & 9 Ave,6569,40.76360467795863,-73.98917958140373,40.75462324029105,-73.99516761302948,member
1625243,36390F2681BECD93,electric_bike,2022-03-29 02:11:39,2022-03-29 02:15:20,W 50 St & 9 Ave,6854,W 36 St & 9 Ave,6569,40.76360467795863,-73.98917958140373,40.75462324029105,-73.99516761302948,member
1625246,73AC05D49220CA2F,electric_bike,2022-03-06 15:54:07,2022-03-06 15:59:08,W 50 St & 9 Ave,6854,W 36 St & 9 Ave,6569,40.76360467795863,-73.98917958140373,40.75462324029105,-73.99516761302948,member
1625249,6D359ADCA8C98E77,electric_bike,2022-03-14 15:01:13,2022-03-14 15:07:00,W 50 St & 9 Ave,6854,W 36 St & 9 Ave,6569,40.76360467795863,-73.98917958140373,40.75462324029105,-73.99516761302948,casual
1625251,8E16581667059665,classic_bike,2022-03-21 19:12:01,2022-03-21 20:13:17,Grand St & Greene St,5500,W 36 St & 9 Ave,6569,40.72170005235607,-74.00238141417502,40.75462324029105,-73.99516761302948,casual
1625255,EEF06B0B168F3B48,electric_bike,2022-03-05 17:04:33,2022-03-05 17:33:13,5 Ave & E 78 St,7161,W 36 St & 9 Ave,6569,40.77632142182271,-73.96427392959595,40.75462324029105,-73.99516761302948,casual
1625256,F422FE9C9DF0EA83,classic_bike,2022-03-26 19:18:02,2022-03-26 19:23:09,Broadway & W 36 St,6441,W 36 St & 9 Ave,6569,40.75097711,-73.98765428,40.75462324029105,-73.99516761302948,member
1625264,41C635B55D5ADD5A,classic_bike,2022-03-23 17:11:17,2022-03-23 17:19:42,W 50 St & 9 Ave,6854,W 36 St & 9 Ave,6569,40.76360467795863,-73.98917958140373,40.75462324029105,-73.99516761302948,member
1625265,A2249B6153742892,classic_bike,2022-03-16 02:31:42,2022-03-16 02:36:04,W 50 St & 9 Ave,6854,W 36 St & 9 Ave,6569,40.76360467795863,-73.98917958140373,40.75462324029105,-73.99516761302948,member
1625267,CAB66FEAF5310A06,electric_bike,2022-03-20 08:37:31,2022-03-20 08:41:00,W 50 St & 9 Ave,6854,W 36 St & 9 Ave,6569,40.76360467795863,-73.98917958140373,40.75462324029105,-73.99516761302948,member
1625270,47BD057744E34860,classic_bike,2022-03-17 18:00:32,2022-03-17 18:07:58,W 50 St & 9 Ave,6854,W 36 St & 9 Ave,6569,40.76360467795863,-73.98917958140373,40.75462324029105,-73.99516761302948,member
1625274,6B5658878C879570,classic_bike,2022-03-25 21:47:16,2022-03-25 22:09:25,E 84 St & Park Ave,7243,W 36 St & 9 Ave,6569,40.77862688,-73.95772073,40.75462324029105,-73.99516761302948,member
1625289,0064611F4FFC3D45,electric_bike,2022-03-10 17:05:21,2022-03-10 18:02:11,Seaman Ave & Isham St,8665,W 36 St & 9 Ave,6569,40.86989866194045,-73.92076313495636,40.75462324029105,-73.99516761302948,member
1625301,484EF7A4BBC0AE75,electric_bike,2022-03-29 19:43:35,2022-03-29 19:54:32,W 37 St & Broadway,6441,W 36 St & 9 Ave,6569,40.75227093837409,-73.98770570755005,40.75462324029105,-73.99516761302948,member
1625302,6BE94989CD1582C8,classic_bike,2022-03-24 17:54:13,2022-03-24 18:01:46,W 50 St & 9 Ave,6854,W 36 St & 9 Ave,6569,40.76360467795863,-73.98917958140373,40.75462324029105,-73.99516761302948,member
1625303,E1939A091498433B,classic_bike,2022-03-25 18:36:18,2022-03-25 18:40:45,Broadway & W 36 St,6441,W 36 St & 9 Ave,6569,40.75097711,-73.98765428,40.75462324029105,-73.99516761302948,member
1625313,D146E182BE25708A,classic_bike,2022-03-03 10:47:33,2022-03-03 10:59:49,W 51 St & Rockefeller Plaza,6700,W 36 St & 9 Ave,6569,40.75973805251143,-73.97811613976955,40.75462324029105,-73.99516761302948,member
1625327,E2823670E0817AE1,classic_bike,2022-03-31 13:24:01,2022-03-31 13:34:49,W 51 St & Rockefeller Plaza,6700,W 36 St & 9 Ave,6569,40.75973805251143,-73.97811613976955,40.75462324029105,-73.99516761302948,member
1625332,FB2AE54D2623D340,classic_bike,2022-03-18 19:41:31,2022-03-18 19:53:07,W 50 St & 9 Ave,6854,W 36 St & 9 Ave,6569,40.76360467795863,-73.98917958140373,40.75462324029105,-73.99516761302948,casual
1625334,94886CD8BF7AE69D,classic_bike,2022-03-13 13:46:00,2022-03-13 14:09:55,E 11 St & 1 Ave,5746,W 36 St & 9 Ave,6569,40.72953837,-73.98426726,40.75462324029105,-73.99516761302948,member
1625339,BD9B9A8687039BD0,electric_bike,2022-03-08 19:56:57,2022-03-08 20:01:48,W 50 St & 9 Ave,6854,W 36 St & 9 Ave,6569,40.76360467795863,-73.98917958140373,40.75462324029105,-73.99516761302948,member
1625343,A9DE3FCC200F2531,electric_bike,2022-03-16 13:08:27,2022-03-16 13:23:03,E 47 St & Park Ave,6584,W 36 St & 9 Ave,6569,40.75510267,-73.97498696,40.75462324029105,-73.99516761302948,member
1625354,87DCA9452B9608CE,classic_bike,2022-03-25 11:40:45,2022-03-25 11:51:07,E 47 St & Park Ave,6584,W 36 St & 9 Ave,6569,40.75510267,-73.97498696,40.75462324029105,-73.99516761302948,member
1625384,B08F3D9AACEA3BC8,classic_bike,2022-03-08 20:25:53,2022-03-08 20:42:11,E 58 St & Madison Ave,6839,W 36 St & 9 Ave,6569,40.76302594280519,-73.97209525108337,40.75462324029105,-73.99516761302948,member
1625389,FBB7BF443BA73A33,classic_bike,2022-03-15 18:08:19,2022-03-15 18:39:49,Sands St & Jay St,4821,W 36 St & 9 Ave,6569,40.700119,-73.9862,40.75462324029105,-73.99516761302948,member
1625406,CF64DA9479402526,electric_bike,2022-03-05 19:23:18,2022-03-05 19:36:29,Perry St & Greenwich Ave,5955,W 36 St & 9 Ave,6569,40.735918,-74.000939,40.75462324029105,-73.99516761302948,member
1625407,23E0F8605F920826,classic_bike,2022-03-12 11:15:58,2022-03-12 11:45:22,W 37 St & 5 Ave,6398,W 36 St & 9 Ave,6569,40.75038009,-73.98338988,40.75462324029105,-73.99516761302948,casual
1625412,DEEBBA18C4C4FF45,classic_bike,2022-03-16 21:53:04,2022-03-16 21:58:07,W 37 St & 5 Ave,6398,W 36 St & 9 Ave,6569,40.75038009,-73.98338988,40.75462324029105,-73.99516761302948,member
1625436,F344D08D69871856,classic_bike,2022-03-20 17:20:21,2022-03-20 18:07:20,Crescent St & Broadway,6827,W 36 St & 9 Ave,6569,40.7633589,-73.9286471,40.75462324029105,-73.99516761302948,member
1625441,22B49575919FFA06,electric_bike,2022-03-15 15:12:39,2022-03-15 15:27:05,E 56 St & Madison Ave,6732,W 36 St & 9 Ave,6569,40.761573,-73.972628,40.75462324029105,-73.99516761302948,casual
1625453,5E05BC22F450F876,classic_bike,2022-03-05 15:08:48,2022-03-05 15:22:03,E 44 St & Lexington Ave,6464,W 36 St & 9 Ave,6569,40.752643,-73.974996,40.75462324029105,-73.99516761302948,member
1625461,17DC2DAE7EBD5D4A,classic_bike,2022-03-17 08:01:20,2022-03-17 08:10:33,E 41 St & Madison Ave (SE corner),6432,W 36 St & 9 Ave,6569,40.752049,-73.979635,40.75462324029105,-73.99516761302948,casual
1625463,06AFA73CAA8EE058,classic_bike,2022-03-31 07:59:27,2022-03-31 08:10:20,E 41 St & Madison Ave (SE corner),6432,W 36 St & 9 Ave,6569,40.752049,-73.979635,40.75462324029105,-73.99516761302948,casual
1625472,6B557C7D1A74C743,classic_bike,2022-03-16 18:17:05,2022-03-16 18:23:04,E 41 St & Madison Ave (SE corner),6432,W 36 St & 9 Ave,6569,40.752049,-73.979635,40.75462324029105,-73.99516761302948,member
1625477,CE34A376241569D7,electric_bike,2022-03-29 18:01:40,2022-03-29 18:15:05,W 12 St & Hudson St,5997,W 36 St & 9 Ave,6569,40.73752993301071,-74.00558933615685,40.75462324029105,-73.99516761302948,member
1625479,DC9A825ABB19820E,classic_bike,2022-03-08 16:20:24,2022-03-08 16:32:20,W 12 St & Hudson St,5997,W 36 St & 9 Ave,6569,40.73752993301071,-74.00558933615685,40.75462324029105,-73.99516761302948,member
1625487,9D4A6E1F0633C63D,classic_bike,2022-03-15 21:01:45,2022-03-15 21:06:05,Broadway & W 38 St,6560,W 36 St & 9 Ave,6569,40.7529728216068,-73.98734897375107,40.75462324029105,-73.99516761302948,member
1625494,BE04959D4A205035,classic_bike,2022-03-19 17:54:14,2022-03-19 18:27:41,Broadway & W 38 St,6560,W 36 St & 9 Ave,6569,40.7529728216068,-73.98734897375107,40.75462324029105,-73.99516761302948,casual
1625495,EF476A91B533FFE2,classic_bike,2022-03-19 17:54:37,2022-03-19 18:28:16,Broadway & W 38 St,6560,W 36 St & 9 Ave,6569,40.7529728216068,-73.98734897375107,40.75462324029105,-73.99516761302948,casual
1625498,9E8B40F9AA3A7F6A,classic_bike,2022-03-19 17:55:23,2022-03-19 18:21:29,Broadway & W 38 St,6560,W 36 St & 9 Ave,6569,40.7529728216068,-73.98734897375107,40.75462324029105,-73.99516761302948,casual
1625502,1C8500DFFA21046B,classic_bike,2022-03-15 12:51:02,2022-03-15 12:58:50,W 36 St & 9 Ave,6569,Broadway & W 29 St,6289,40.75462324029105,-73.99516761302948,40.7462009,-73.98855723,member
1625504,6E36DECABD89A554,electric_bike,2022-03-25 14:02:04,2022-03-25 14:49:21,W 36 St & 9 Ave,6569,W 36 St & 9 Ave,6569,40.75462324029105,-73.99516761302948,40.75462324029105,-73.99516761302948,member
1625508,F03312EEE54FA037,electric_bike,2022-03-30 14:33:28,2022-03-30 14:48:42,W 36 St & 9 Ave,6569,W 36 St & 9 Ave,6569,40.75462324029105,-73.99516761302948,40.75462324029105,-73.99516761302948,casual
1625510,5821E4A9B8356AB7,classic_bike,2022-03-26 10:58:14,2022-03-26 11:09:06,W 36 St & 9 Ave,6569,W 36 St & 9 Ave,6569,40.75462324029105,-73.99516761302948,40.75462324029105,-73.99516761302948,member
1625512,1778A4E1C6FA5362,classic_bike,2022-03-22 18:21:47,2022-03-22 18:22:03,W 36 St & 9 Ave,6569,W 36 St & 9 Ave,6569,40.75462324029105,-73.99516761302948,40.75462324029105,-73.99516761302948,member
1625514,2A825B3271B50E56,classic_bike,2022-03-20 10:43:23,2022-03-20 10:44:01,W 36 St & 9 Ave,6569,W 36 St & 9 Ave,6569,40.75462324029105,-73.99516761302948,40.75462324029105,-73.99516761302948,member
1625519,3DCE672A7CBE2F2F,classic_bike,2022-03-30 08:01:30,2022-03-30 08:11:57,E 41 St & Madison Ave (SE corner),6432,W 36 St & 9 Ave,6569,40.752049,-73.979635,40.75462324029105,-73.99516761302948,casual
1625536,D1FFEE81E4A9757B,electric_bike,2022-03-23 08:09:59,2022-03-23 08:19:07,E 41 St & Madison Ave (SE corner),6432,W 36 St & 9 Ave,6569,40.752049,-73.979635,40.75462324029105,-73.99516761302948,casual
1625541,FE02C91E03B74DE3,classic_bike,2022-03-26 15:03:24,2022-03-26 15:08:25,W 30 St & 10 Ave,6459,W 36 St & 9 Ave,6569,40.752694,-74.002353,40.75462324029105,-73.99516761302948,member
1625546,B542C4CF2D4BDE26,classic_bike,2022-03-13 11:37:11,2022-03-13 11:41:40,W 47 St & 10 Ave,6824,W 36 St & 9 Ave,6569,40.76269882,-73.99301222,40.75462324029105,-73.99516761302948,member
1625552,885BC7519FC4C435,electric_bike,2022-03-28 11:08:36,2022-03-28 11:09:30,W 36 St & 9 Ave,6569,W 36 St & 9 Ave,6569,40.75462324029105,-73.99516761302948,40.75462324029105,-73.99516761302948,member
1625556,974F15D6ED46D014,classic_bike,2022-03-21 12:00:41,2022-03-21 12:01:57,W 36 St & 9 Ave,6569,W 36 St & 9 Ave,6569,40.75462324029105,-73.99516761302948,40.75462324029105,-73.99516761302948,casual
1625562,5AFD5C15069C1947,classic_bike,2022-03-22 17:42:35,2022-03-22 17:43:44,W 36 St & 9 Ave,6569,W 36 St & 9 Ave,6569,40.75462324029105,-73.99516761302948,40.75462324029105,-73.99516761302948,casual
1625564,D481C125BC18C7F8,classic_bike,2022-03-15 22:21:50,2022-03-15 23:24:44,W 36 St & 9 Ave,6569,W 36 St & 9 Ave,6569,40.75462324029105,-73.99516761302948,40.75462324029105,-73.99516761302948,casual
1625565,76B149382EBE8EEA,electric_bike,2022-03-11 15:41:21,2022-03-11 15:45:28,W 47 St & 10 Ave,6824,W 36 St & 9 Ave,6569,40.76269882,-73.99301222,40.75462324029105,-73.99516761302948,member
1625566,0C2646445355DC37,electric_bike,2022-03-05 11:36:46,2022-03-05 11:41:57,W 47 St & 10 Ave,6824,W 36 St & 9 Ave,6569,40.76269882,-73.99301222,40.75462324029105,-73.99516761302948,member
1625580,7C7D08AE4896FB6E,classic_bike,2022-03-11 08:36:37,2022-03-11 08:43:07,W 47 St & 10 Ave,6824,W 36 St & 9 Ave,6569,40.76269882,-73.99301222,40.75462324029105,-73.99516761302948,member
1625588,AD6A43E5FCBC88B8,classic_bike,2022-03-05 11:42:31,2022-03-05 11:50:59,W 47 St & 10 Ave,6824,W 36 St & 9 Ave,6569,40.76269882,-73.99301222,40.75462324029105,-73.99516761302948,member
1625589,5C23C39004B2560C,classic_bike,2022-03-28 13:58:51,2022-03-28 14:05:02,W 47 St & 10 Ave,6824,W 36 St & 9 Ave,6569,40.76269882,-73.99301222,40.75462324029105,-73.99516761302948,member
1625590,7E6DD2D70D1B3372,classic_bike,2022-03-09 10:14:35,2022-03-09 10:19:18,W 47 St & 10 Ave,6824,W 36 St & 9 Ave,6569,40.76269882,-73.99301222,40.75462324029105,-73.99516761302948,member
1625592,0BB49B030F5AE6A0,classic_bike,2022-03-03 14:12:03,2022-03-03 14:19:50,12 Ave & W 40 St,6765,W 36 St & 9 Ave,6569,40.76087502,-74.00277668,40.75462324029105,-73.99516761302948,member
1625594,28EE3EF2DD25279F,classic_bike,2022-03-16 13:50:48,2022-03-16 14:04:33,12 Ave & W 40 St,6765,W 36 St & 9 Ave,6569,40.76087502,-74.00277668,40.75462324029105,-73.99516761302948,casual
1625598,011841709723EF70,electric_bike,2022-03-16 14:46:55,2022-03-16 14:51:09,W 47 St & 10 Ave,6824,W 36 St & 9 Ave,6569,40.76269882,-73.99301222,40.75462324029105,-73.99516761302948,member
1625599,42F644CECD274120,electric_bike,2022-03-28 14:10:19,2022-03-28 14:15:16,W 47 St & 10 Ave,6824,W 36 St & 9 Ave,6569,40.76269882,-73.99301222,40.75462324029105,-73.99516761302948,member
1625600,31AF7B1CCDFC7A0F,classic_bike,2022-03-23 14:16:53,2022-03-23 14:22:40,W 47 St & 10 Ave,6824,W 36 St & 9 Ave,6569,40.76269882,-73.99301222,40.75462324029105,-73.99516761302948,member
1625601,F79D147CEE7261C9,electric_bike,2022-03-03 07:06:26,2022-03-03 07:10:41,W 47 St & 10 Ave,6824,W 36 St & 9 Ave,6569,40.76269882,-73.99301222,40.75462324029105,-73.99516761302948,member
1625612,658C83DCB79D47DB,electric_bike,2022-03-01 20:10:09,2022-03-01 20:25:38,1 Ave & E 18 St,5854,W 36 St & 9 Ave,6569,40.73381219196632,-73.98054420948029,40.75462324029105,-73.99516761302948,member
1625613,8809573424E78562,electric_bike,2022-03-14 07:05:13,2022-03-14 07:09:52,W 47 St & 10 Ave,6824,W 36 St & 9 Ave,6569,40.76269882,-73.99301222,40.75462324029105,-73.99516761302948,member
1625621,E0926E42BCE54CF4,electric_bike,2022-03-15 10:13:00,2022-03-15 10:21:06,W 47 St & 10 Ave,6824,W 36 St & 9 Ave,6569,40.76269882,-73.99301222,40.75462324029105,-73.99516761302948,member
1625622,D0D89FADE55E9E8A,classic_bike,2022-03-11 17:31:39,2022-03-11 17:42:01,12 Ave & W 40 St,6765,W 36 St & 9 Ave,6569,40.76087502,-74.00277668,40.75462324029105,-73.99516761302948,casual
1625624,C0E9A7DC41DA93DC,classic_bike,2022-03-31 11:05:54,2022-03-31 11:13:59,Broadway & W 37 St,6441,W 36 St & 9 Ave,6569,40.75172632,-73.98753523,40.75462324029105,-73.99516761302948,member
1625626,2799626AE487FF24,classic_bike,2022-03-26 15:19:12,2022-03-26 15:23:48,W 47 St & 10 Ave,6824,W 36 St & 9 Ave,6569,40.76269882,-73.99301222,40.75462324029105,-73.99516761302948,member
1625631,21D4AA4DD3915ECC,classic_bike,2022-03-07 17:22:02,2022-03-07 17:27:21,W 47 St & 10 Ave,6824,W 36 St & 9 Ave,6569,40.76269882,-73.99301222,40.75462324029105,-73.99516761302948,member
1625632,3577088BD4EDFC87,electric_bike,2022-03-10 16:04:23,2022-03-10 16:11:08,Broadway & W 51 St,6779,W 36 St & 9 Ave,6569,40.76228826,-73.98336183,40.75462324029105,-73.99516761302948,member
1625638,969274F410F6B289,classic_bike,2022-03-17 22:14:09,2022-03-17 22:20:25,W 35 St & Dyer Ave,6569,Broadway & W 29 St,6289,40.754691750226016,-73.99740189313889,40.7462009,-73.98855723,member
1625641,6C1AADCAC8583EFC,electric_bike,2022-03-22 04:39:45,2022-03-22 04:41:16,W 35 St & Dyer Ave,6569,W 36 St & 9 Ave,6569,40.754691750226016,-73.99740189313889,40.75462324029105,-73.99516761302948,member
1625642,02DE8CE989AA3DE3,classic_bike,2022-03-23 06:29:00,2022-03-23 06:36:24,W 35 St & Dyer Ave,6569,Broadway & W 29 St,6289,40.754691750226016,-73.99740189313889,40.7462009,-73.98855723,member
1625646,04481BA054B351D4,classic_bike,2022-03-15 18:26:30,2022-03-15 18:28:07,W 35 St & Dyer Ave,6569,W 36 St & 9 Ave,6569,40.754691750226016,-73.99740189313889,40.75462324029105,-73.99516761302948,member
1625648,1D971D3950052885,classic_bike,2022-03-16 19:41:47,2022-03-16 19:49:52,W 35 St & Dyer Ave,6569,Broadway & W 29 St,6289,40.754691750226016,-73.99740189313889,40.7462009,-73.98855723,member
1625652,7AC6BD60A1B2E642,electric_bike,2022-03-10 15:43:40,2022-03-10 15:45:34,W 35 St & Dyer Ave,6569,W 36 St & 9 Ave,6569,40.754691750226016,-73.99740189313889,40.75462324029105,-73.99516761302948,member
1625653,B42830D289AD8A75,electric_bike,2022-03-23 10:31:06,2022-03-23 10:37:37,Broadway & W 51 St,6779,W 36 St & 9 Ave,6569,40.76228826,-73.98336183,40.75462324029105,-73.99516761302948,casual
1625656,395208E4D1634F4C,classic_bike,2022-03-17 07:07:05,2022-03-17 07:12:37,W 47 St & 10 Ave,6824,W 36 St & 9 Ave,6569,40.76269882,-73.99301222,40.75462324029105,-73.99516761302948,member
1625660,F598BAC333395C8B,electric_bike,2022-03-08 10:44:54,2022-03-08 10:52:40,Broadway & W 51 St,6779,W 36 St & 9 Ave,6569,40.76228826,-73.98336183,40.75462324029105,-73.99516761302948,member
1625661,5CE3680CBD4D416D,docked_bike,2022-03-07 03:43:56,2022-03-07 04:06:23,Broadway & W 51 St,6779,W 36 St & 9 Ave,6569,40.762288,-73.983362,40.754623,-73.995168,casual
1625664,F8DB987D9CF57024,classic_bike,2022-03-05 16:04:42,2022-03-05 16:05:55,W 35 St & Dyer Ave,6569,W 36 St & 9 Ave,6569,40.754691750226016,-73.99740189313889,40.75462324029105,-73.99516761302948,member
1625681,E79FEFB5CE4E3E25,classic_bike,2022-03-02 17:09:36,2022-03-02 17:20:01,Broadway & W 51 St,6779,W 36 St & 9 Ave,6569,40.76228826,-73.98336183,40.75462324029105,-73.99516761302948,member
1625689,A55C39F2A88E0C71,classic_bike,2022-03-09 10:49:43,2022-03-09 11:00:48,E 31 St & 3 Ave,6239,W 36 St & 9 Ave,6569,40.74394314,-73.97966069,40.75462324029105,-73.99516761302948,member
1625691,EDE3A54C366A5DDB,electric_bike,2022-03-02 17:51:48,2022-03-02 17:57:37,Broadway & W 51 St,6779,W 36 St & 9 Ave,6569,40.76228826,-73.98336183,40.75462324029105,-73.99516761302948,member
1625699,81733C4E1785FC0D,classic_bike,2022-03-01 10:04:16,2022-03-01 10:05:48,W 35 St & Dyer Ave,6569,W 36 St & 9 Ave,6569,40.754691750226016,-73.99740189313889,40.75462324029105,-73.99516761302948,member
1625710,DCA3381803C1FBEB,classic_bike,2022-03-30 16:48:38,2022-03-30 17:16:37,Howard St & Lafayette St,5422,W 36 St & 9 Ave,6569,40.71910537,-73.99973337,40.75462324029105,-73.99516761302948,member
1625724,5E33A1400525E163,electric_bike,2022-03-04 20:16:50,2022-03-04 20:31:34,E 31 St & 3 Ave,6239,W 36 St & 9 Ave,6569,40.74394314,-73.97966069,40.75462324029105,-73.99516761302948,member
1625725,8DE356CC75041484,classic_bike,2022-03-22 17:28:15,2022-03-22 17:48:40,Great Jones St,5636,W 36 St & 9 Ave,6569,40.72743423,-73.99379025,40.75462324029105,-73.99516761302948,casual
1625726,D0F3870F5E069B30,classic_bike,2022-03-22 12:50:42,2022-03-22 13:02:10,W 35 St & Dyer Ave,6569,Broadway & W 29 St,6289,40.754691750226016,-73.99740189313889,40.7462009,-73.98855723,casual
1625742,92261B845D7EBB80,classic_bike,2022-03-30 16:35:45,2022-03-30 17:08:25,Water St &  Fletcher St,5024,W 36 St & 9 Ave,6569,40.706410755236135,-74.00559738278389,40.75462324029105,-73.99516761302948,member
1625756,BA3F56907A1B2127,classic_bike,2022-03-31 08:27:23,2022-03-31 08:39:49,W 63 St & Broadway,7052,W 36 St & 9 Ave,6569,40.77163851,-73.98261428,40.75462324029105,-73.99516761302948,member
1625760,F7DA08F95C6B3010,electric_bike,2022-03-01 13:35:49,2022-03-01 13:39:28,W 44 St & 11 Ave,6756,W 36 St & 9 Ave,6569,40.762009,-73.996975,40.75462324029105,-73.99516761302948,member
1625764,515366C025A73137,classic_bike,2022-03-01 06:51:38,2022-03-01 06:57:39,W 44 St & 11 Ave,6756,W 36 St & 9 Ave,6569,40.762009,-73.996975,40.75462324029105,-73.99516761302948,member
1625765,0E2B2A4FAB331D1D,electric_bike,2022-03-11 08:35:58,2022-03-11 08:42:13,W 44 St & 11 Ave,6756,W 36 St & 9 Ave,6569,40.762009,-73.996975,40.75462324029105,-73.99516761302948,casual
1625766,A882A6363728F61B,electric_bike,2022-03-16 00:31:14,2022-03-16 00:35:37,W 44 St & 11 Ave,6756,W 36 St & 9 Ave,6569,40.762009,-73.996975,40.75462324029105,-73.99516761302948,casual
1625769,8E84FA82ADF6A9E0,classic_bike,2022-03-06 17:37:52,2022-03-06 17:41:50,W 44 St & 11 Ave,6756,W 36 St & 9 Ave,6569,40.762009,-73.996975,40.75462324029105,-73.99516761302948,member
1625770,C1C330EA18F57B4B,electric_bike,2022-03-08 19:45:53,2022-03-08 19:50:07,W 44 St & 11 Ave,6756,W 36 St & 9 Ave,6569,40.762009,-73.996975,40.75462324029105,-73.99516761302948,member
1625772,E4E27AA1831B97AF,classic_bike,2022-03-08 09:28:30,2022-03-08 09:34:21,W 44 St & 11 Ave,6756,W 36 St & 9 Ave,6569,40.762009,-73.996975,40.75462324029105,-73.99516761302948,member
1625773,7065210018C8E32A,electric_bike,2022-03-24 18:06:03,2022-03-24 18:09:46,9 Ave & W 45 St,6717,W 36 St & 9 Ave,6569,40.76019252,-73.9912551,40.75462324029105,-73.99516761302948,member
1625775,65F473E85CBB1B64,classic_bike,2022-03-22 09:13:26,2022-03-22 09:21:41,Broadway & W 58 St,6948,W 36 St & 9 Ave,6569,40.76695317,-73.98169333,40.75462324029105,-73.99516761302948,member
1625776,C64FC9698442DDF9,classic_bike,2022-03-26 02:05:40,2022-03-26 02:09:37,9 Ave & W 45 St,6717,W 36 St & 9 Ave,6569,40.76019252,-73.9912551,40.75462324029105,-73.99516761302948,member
1625778,A948DB338AC61A96,electric_bike,2022-03-01 16:11:29,2022-03-01 16:18:41,Broadway & W 58 St,6948,W 36 St & 9 Ave,6569,40.76695317,-73.98169333,40.75462324029105,-73.99516761302948,casual
1625786,0AFE96B5D7145E94,electric_bike,2022-03-11 10:16:50,2022-03-11 10:28:32,W 74 St & Columbus Ave,7230,W 36 St & 9 Ave,6569,40.7785669,-73.97754961,40.75462324029105,-73.99516761302948,member
1625792,AA2444F1063B82EC,classic_bike,2022-03-02 10:06:07,2022-03-02 10:10:34,W 44 St & 11 Ave,6756,W 36 St & 9 Ave,6569,40.762009,-73.996975,40.75462324029105,-73.99516761302948,member
1625795,A0EFCC191EA1DCB8,classic_bike,2022-03-25 14:59:15,2022-03-25 15:26:22,1 Ave & E 68 St,6822,W 36 St & 9 Ave,6569,40.76500525,-73.95818491,40.75462324029105,-73.99516761302948,member
1625798,8D29AE1F47A9CAA2,electric_bike,2022-03-12 14:44:16,2022-03-12 15:36:16,48 Ave & 5 St,6212,W 36 St & 9 Ave,6569,40.74436328706688,-73.9558732509613,40.75462324029105,-73.99516761302948,member
1625799,FB5189616EC68443,classic_bike,2022-03-17 17:46:35,2022-03-17 17:52:39,11 Ave & W 41 St,6726,W 36 St & 9 Ave,6569,40.76030096,-73.99884222,40.75462324029105,-73.99516761302948,member
1625801,90543A983D641F26,classic_bike,2022-03-02 17:17:16,2022-03-02 17:24:15,11 Ave & W 41 St,6726,W 36 St & 9 Ave,6569,40.76030096,-73.99884222,40.75462324029105,-73.99516761302948,casual
1625802,64EEEDAE2C21F6F0,electric_bike,2022-03-04 20:53:28,2022-03-04 20:58:02,11 Ave & W 41 St,6726,W 36 St & 9 Ave,6569,40.76030096,-73.99884222,40.75462324029105,-73.99516761302948,member
1625803,26ADB544BFF1E94D,electric_bike,2022-03-26 13:50:09,2022-03-26 13:57:59,11 Ave & W 41 St,6726,W 36 St & 9 Ave,6569,40.76030096,-73.99884222,40.75462324029105,-73.99516761302948,casual
1625805,85F84834B1C2CD11,classic_bike,2022-03-11 13:29:51,2022-03-11 13:36:57,W 44 St & 11 Ave,6756,W 36 St & 9 Ave,6569,40.762009,-73.996975,40.75462324029105,-73.99516761302948,member
1625815,604DBBE6B8062EF7,classic_bike,2022-03-25 19:21:29,2022-03-25 19:36:31,Madison Ave & E 26 St,6131,W 36 St & 9 Ave,6569,40.742684734875695,-73.98671329021454,40.75462324029105,-73.99516761302948,member
1625819,92B3AF1F57553416,classic_bike,2022-03-15 17:20:00,2022-03-15 17:28:24,11 Ave & W 41 St,6726,W 36 St & 9 Ave,6569,40.76030096,-73.99884222,40.75462324029105,-73.99516761302948,casual
1625820,C7CD788C97996A20,classic_bike,2022-03-26 13:51:05,2022-03-26 13:57:51,11 Ave & W 41 St,6726,W 36 St & 9 Ave,6569,40.76030096,-73.99884222,40.75462324029105,-73.99516761302948,casual
1625826,10731EE4FE219226,classic_bike,2022-03-23 10:18:16,2022-03-23 10:24:11,11 Ave & W 41 St,6726,W 36 St & 9 Ave,6569,40.76030096,-73.99884222,40.75462324029105,-73.99516761302948,member
1625830,C217A653C1615230,classic_bike,2022-03-05 17:20:45,2022-03-05 17:26:06,11 Ave & W 41 St,6726,W 36 St & 9 Ave,6569,40.76030096,-73.99884222,40.75462324029105,-73.99516761302948,member
1625832,6D115C5EB909CE98,classic_bike,2022-03-01 17:09:55,2022-03-01 17:16:44,11 Ave & W 41 St,6726,W 36 St & 9 Ave,6569,40.76030096,-73.99884222,40.75462324029105,-73.99516761302948,casual
1625837,2B292EC24717CB9D,classic_bike,2022-03-29 22:06:26,2022-03-29 22:10:56,11 Ave & W 41 St,6726,W 36 St & 9 Ave,6569,40.76030096,-73.99884222,40.75462324029105,-73.99516761302948,member
1625846,94992339CC714F32,electric_bike,2022-03-21 19:22:55,2022-03-21 19:28:41,W 44 St & 11 Ave,6756,W 36 St & 9 Ave,6569,40.762009,-73.996975,40.75462324029105,-73.99516761302948,member
1625847,DC1B807E5CB17285,electric_bike,2022-03-20 17:46:58,2022-03-20 17:50:50,W 44 St & 11 Ave,6756,W 36 St & 9 Ave,6569,40.762009,-73.996975,40.75462324029105,-73.99516761302948,member
1625853,3EFB759248E0C5CD,classic_bike,2022-03-26 15:34:47,2022-03-26 15:37:30,Hudson Blvd E & W 36 St,6611,W 36 St & 9 Ave,6569,40.75630628938069,-73.99951145061095,40.75462324029105,-73.99516761302948,member
1625854,B0FE2977F5D1E8D5,classic_bike,2022-03-25 09:58:27,2022-03-25 10:03:36,11 Ave & W 41 St,6726,W 36 St & 9 Ave,6569,40.76030096,-73.99884222,40.75462324029105,-73.99516761302948,member
1625855,1D1C25E85930AE86,classic_bike,2022-03-30 09:59:26,2022-03-30 10:06:06,11 Ave & W 41 St,6726,W 36 St & 9 Ave,6569,40.76030096,-73.99884222,40.75462324029105,-73.99516761302948,member
1625858,210FE32ECED531FE,electric_bike,2022-03-24 18:04:57,2022-03-24 18:13:31,W 20 St & 10 Ave,6306,W 36 St & 9 Ave,6569,40.745686,-74.005141,40.75462324029105,-73.99516761302948,member
1625864,861CCC0AAFA134B3,electric_bike,2022-03-23 09:02:06,2022-03-23 09:05:40,Hudson Blvd E & W 36 St,6611,W 36 St & 9 Ave,6569,40.75630628938069,-73.99951145061095,40.75462324029105,-73.99516761302948,member
1625865,63E493C8F89FA2A8,electric_bike,2022-03-14 14:32:51,2022-03-14 14:53:41,W 20 St & 10 Ave,6306,W 36 St & 9 Ave,6569,40.745686,-74.005141,40.75462324029105,-73.99516761302948,member
1625866,D3FD79579C448FD0,classic_bike,2022-03-23 11:56:25,2022-03-23 11:59:55,Hudson Blvd E & W 36 St,6611,W 36 St & 9 Ave,6569,40.75630628938069,-73.99951145061095,40.75462324029105,-73.99516761302948,casual
1625870,F66FAAA884EFFAB2,electric_bike,2022-03-14 09:30:19,2022-03-14 09:43:58,Hudson Blvd E & W 36 St,6611,W 36 St & 9 Ave,6569,40.75630628938069,-73.99951145061095,40.75462324029105,-73.99516761302948,member
1625875,7DE424BEC69AFF5A,classic_bike,2022-03-28 15:14:48,2022-03-28 15:23:05,6 Ave & W 34 St,6364,W 36 St & 9 Ave,6569,40.74964,-73.98805,40.75462324029105,-73.99516761302948,member
1625879,F8D63CFF6A419FC7,electric_bike,2022-03-23 09:52:22,2022-03-23 09:54:14,Hudson Blvd E & W 36 St,6611,W 36 St & 9 Ave,6569,40.75630628938069,-73.99951145061095,40.75462324029105,-73.99516761302948,member
1625880,19B6F742899C2430,electric_bike,2022-03-18 12:06:42,2022-03-18 12:10:07,Hudson Blvd E & W 36 St,6611,W 36 St & 9 Ave,6569,40.75630628938069,-73.99951145061095,40.75462324029105,-73.99516761302948,member
1625881,0EEC2C27515C3EB0,electric_bike,2022-03-12 11:41:24,2022-03-12 11:44:11,Hudson Blvd E & W 36 St,6611,W 36 St & 9 Ave,6569,40.75630628938069,-73.99951145061095,40.75462324029105,-73.99516761302948,member
1625884,00D91F26AE773384,classic_bike,2022-03-14 19:38:34,2022-03-14 19:44:10,Hudson Blvd E & W 36 St,6611,W 36 St & 9 Ave,6569,40.75630628938069,-73.99951145061095,40.75462324029105,-73.99516761302948,member
1625894,1CCC836E58545918,classic_bike,2022-03-19 19:16:48,2022-03-19 19:51:08,E 40 St & Park Ave,6432,W 36 St & 9 Ave,6569,40.750756,-73.978326,40.75462324029105,-73.99516761302948,casual
1625906,6E2C2CCB7C215604,electric_bike,2022-03-11 21:01:00,2022-03-11 21:08:02,E 40 St & Park Ave,6432,W 36 St & 9 Ave,6569,40.750756,-73.978326,40.75462324029105,-73.99516761302948,member
1625923,86C666BB79E36219,classic_bike,2022-03-14 14:44:47,2022-03-14 14:54:06,E 40 St & Park Ave,6432,W 36 St & 9 Ave,6569,40.750756,-73.978326,40.75462324029105,-73.99516761302948,member
1625926,6C955C407D4AC746,electric_bike,2022-03-01 08:28:22,2022-03-01 08:37:00,E 40 St & Park Ave,6432,W 36 St & 9 Ave,6569,40.750756,-73.978326,40.75462324029105,-73.99516761302948,member
1625928,D60B25F4AD913F35,classic_bike,2022-03-03 19:43:37,2022-03-03 19:57:18,W 21 St & 6 Ave,6140,W 36 St & 9 Ave,6569,40.74173969,-73.99415556,40.75462324029105,-73.99516761302948,member
1625929,47595B41244C4CEF,classic_bike,2022-03-22 07:01:11,2022-03-22 07:06:22,W 49 St & 8 Ave,6747,W 36 St & 9 Ave,6569,40.76227205,-73.98788205,40.75462324029105,-73.99516761302948,member
1625930,E975C9E2A28D078F,classic_bike,2022-03-23 07:00:26,2022-03-23 07:04:42,W 49 St & 8 Ave,6747,W 36 St & 9 Ave,6569,40.76227205,-73.98788205,40.75462324029105,-73.99516761302948,member
1625931,44BD5E03BE4F11BF,electric_bike,2022-03-14 20:32:48,2022-03-14 20:38:15,W 49 St & 8 Ave,6747,W 36 St & 9 Ave,6569,40.76227205,-73.98788205,40.75462324029105,-73.99516761302948,casual
1625933,0D28D7367D49D85C,electric_bike,2022-03-17 17:35:40,2022-03-17 17:42:00,W 49 St & 8 Ave,6747,W 36 St & 9 Ave,6569,40.76227205,-73.98788205,40.75462324029105,-73.99516761302948,member
1625936,79C2B5C04F6CD870,electric_bike,2022-03-05 08:16:10,2022-03-05 08:33:28,W 21 St & 6 Ave,6140,W 36 St & 9 Ave,6569,40.74173969,-73.99415556,40.75462324029105,-73.99516761302948,member
1625943,413292BF7A15833B,classic_bike,2022-03-31 09:20:19,2022-03-31 09:24:46,W 49 St & 8 Ave,6747,W 36 St & 9 Ave,6569,40.76227205,-73.98788205,40.75462324029105,-73.99516761302948,member
1625949,E0087BD53863154B,electric_bike,2022-03-21 02:20:39,2022-03-21 02:49:08,W 49 St & 8 Ave,6747,W 36 St & 9 Ave,6569,40.76227205,-73.98788205,40.75462324029105,-73.99516761302948,member
1625951,24D93643335F0909,classic_bike,2022-03-13 17:11:19,2022-03-13 17:20:26,W 21 St & 6 Ave,6140,W 36 St & 9 Ave,6569,40.74173969,-73.99415556,40.75462324029105,-73.99516761302948,member
1625954,AC7581E571470D3D,electric_bike,2022-03-22 10:17:40,2022-03-22 10:26:27,W 21 St & 6 Ave,6140,W 36 St & 9 Ave,6569,40.74173969,-73.99415556,40.75462324029105,-73.99516761302948,member
1625956,441D6E94B1B1C336,classic_bike,2022-03-10 05:39:15,2022-03-10 05:44:08,W 49 St & 8 Ave,6747,W 36 St & 9 Ave,6569,40.76227205,-73.98788205,40.75462324029105,-73.99516761302948,member
1625957,F9BDA45C61748252,classic_bike,2022-03-11 09:25:26,2022-03-11 09:32:45,W 49 St & 8 Ave,6747,W 36 St & 9 Ave,6569,40.76227205,-73.98788205,40.75462324029105,-73.99516761302948,member
1625959,3681912161797049,classic_bike,2022-03-25 05:44:01,2022-03-25 05:48:47,W 49 St & 8 Ave,6747,W 36 St & 9 Ave,6569,40.76227205,-73.98788205,40.75462324029105,-73.99516761302948,member
1625960,1CCF5A41ABB70DE8,classic_bike,2022-03-07 05:44:11,2022-03-07 05:50:00,W 49 St & 8 Ave,6747,W 36 St & 9 Ave,6569,40.76227205,-73.98788205,40.75462324029105,-73.99516761302948,member
1625965,DBA44947DDE68FEC,electric_bike,2022-03-01 10:07:15,2022-03-01 10:12:48,11 Ave & W 41 St,6726,W 36 St & 9 Ave,6569,40.76030096,-73.99884222,40.75462324029105,-73.99516761302948,member
1625971,0AC9698ED5D7F675,electric_bike,2022-03-26 13:50:05,2022-03-26 13:57:46,11 Ave & W 41 St,6726,W 36 St & 9 Ave,6569,40.76030096,-73.99884222,40.75462324029105,-73.99516761302948,casual
1625974,2D16FCEC048CFE64,classic_bike,2022-03-11 05:44:27,2022-03-11 05:49:32,W 49 St & 8 Ave,6747,W 36 St & 9 Ave,6569,40.76227205,-73.98788205,40.75462324029105,-73.99516761302948,member
1625976,35A7742CD9E0E030,classic_bike,2022-03-04 09:48:01,2022-03-04 09:59:45,W 21 St & 6 Ave,6140,W 36 St & 9 Ave,6569,40.74173969,-73.99415556,40.75462324029105,-73.99516761302948,member
1625977,EDC98EFB23F5EB2A,classic_bike,2022-03-03 15:34:26,2022-03-03 15:40:41,W 49 St & 8 Ave,6747,W 36 St & 9 Ave,6569,40.76227205,-73.98788205,40.75462324029105,-73.99516761302948,member
1625980,4F023C32C74D72BD,electric_bike,2022-03-25 13:41:48,2022-03-25 13:47:05,W 49 St & 8 Ave,6747,W 36 St & 9 Ave,6569,40.76227205,-73.98788205,40.75462324029105,-73.99516761302948,member
1625983,A0F02814FB5DA91B,classic_bike,2022-03-08 06:59:01,2022-03-08 07:03:50,W 49 St & 8 Ave,6747,W 36 St & 9 Ave,6569,40.76227205,-73.98788205,40.75462324029105,-73.99516761302948,member
1625987,CF429F5493D1643F,classic_bike,2022-03-02 06:57:25,2022-03-02 07:02:01,W 49 St & 8 Ave,6747,W 36 St & 9 Ave,6569,40.76227205,-73.98788205,40.75462324029105,-73.99516761302948,member
1625988,6136FBBB2C0BCA44,classic_bike,2022-03-18 07:02:34,2022-03-18 07:07:00,W 49 St & 8 Ave,6747,W 36 St & 9 Ave,6569,40.76227205,-73.98788205,40.75462324029105,-73.99516761302948,member
1625989,0D9A56AF59603D0D,classic_bike,2022-03-11 17:19:38,2022-03-11 17:31:20,W 21 St & 6 Ave,6140,W 36 St & 9 Ave,6569,40.74173969,-73.99415556,40.75462324029105,-73.99516761302948,member
1625992,F8753E20AF42F71E,classic_bike,2022-03-05 15:17:28,2022-03-05 15:24:58,W 49 St & 8 Ave,6747,W 36 St & 9 Ave,6569,40.76227205,-73.98788205,40.75462324029105,-73.99516761302948,member
1625993,DC1C94FDE9F9337B,classic_bike,2022-03-23 17:33:58,2022-03-23 17:39:34,W 49 St & 8 Ave,6747,W 36 St & 9 Ave,6569,40.76227205,-73.98788205,40.75462324029105,-73.99516761302948,member
1625996,85DC4AF9FBA1A448,electric_bike,2022-03-27 04:07:45,2022-03-27 04:26:19,11 Ave & W 41 St,6726,W 36 St & 9 Ave,6569,40.76030096,-73.99884222,40.75462324029105,-73.99516761302948,member
1625998,82321F0C43672437,electric_bike,2022-03-26 13:49:34,2022-03-26 13:57:32,11 Ave & W 41 St,6726,W 36 St & 9 Ave,6569,40.76030096,-73.99884222,40.75462324029105,-73.99516761302948,casual
1625999,D394A6AD43CA7AF1,electric_bike,2022-03-21 21:17:36,2022-03-21 21:21:33,11 Ave & W 41 St,6726,W 36 St & 9 Ave,6569,40.76030096,-73.99884222,40.75462324029105,-73.99516761302948,member
1626002,9C58A9D59686CDC4,electric_bike,2022-03-26 20:38:19,2022-03-26 20:42:32,11 Ave & W 41 St,6726,W 36 St & 9 Ave,6569,40.76030096,-73.99884222,40.75462324029105,-73.99516761302948,member
1626006,6DEE769F0EEAC2D7,electric_bike,2022-03-25 20:52:30,2022-03-25 21:00:35,W 21 St & 6 Ave,6140,W 36 St & 9 Ave,6569,40.74173969,-73.99415556,40.75462324029105,-73.99516761302948,member
1626009,6E4408F178B1FEC4,classic_bike,2022-03-03 09:17:26,2022-03-03 09:23:33,W 49 St & 8 Ave,6747,W 36 St & 9 Ave,6569,40.76227205,-73.98788205,40.75462324029105,-73.99516761302948,member
1626012,D34224043749089D,electric_bike,2022-03-29 14:00:07,2022-03-29 14:14:11,W 49 St & 8 Ave,6747,W 36 St & 9 Ave,6569,40.76227205,-73.98788205,40.75462324029105,-73.99516761302948,member
1626029,C71DB96949973C66,electric_bike,2022-03-23 20:02:00,2022-03-23 20:05:45,11 Ave & W 41 St,6726,W 36 St & 9 Ave,6569,40.76030096,-73.99884222,40.75462324029105,-73.99516761302948,member
1626032,6939FF45560B46A8,classic_bike,2022-03-11 21:05:43,2022-03-12 21:04:58,E 10 St & 2 Ave,5746,W 36 St & 9 Ave,6569,40.72970805644994,-73.9865979552269,40.75462324029105,-73.99516761302948,member
1626048,B91CCA1FF9AADE70,classic_bike,2022-03-26 13:55:38,2022-03-26 14:04:34,W 44 St & 11 Ave,6756,W 36 St & 9 Ave,6569,40.762009,-73.996975,40.75462324029105,-73.99516761302948,member
1626049,33F4DE5311C8EEB9,classic_bike,2022-03-07 15:22:00,2022-03-07 16:05:36,Lenox Ave & W 115 St,7627,W 36 St & 9 Ave,6569,40.8011939,-73.9500739,40.75462324029105,-73.99516761302948,member
1626058,FCD69E7192DD759B,classic_bike,2022-03-23 13:26:36,2022-03-23 14:09:35,Lenox Ave & W 115 St,7627,W 36 St & 9 Ave,6569,40.8011939,-73.9500739,40.75462324029105,-73.99516761302948,casual
1626059,84A534375ECC38D6,classic_bike,2022-03-25 13:54:32,2022-03-25 14:00:16,W 44 St & 11 Ave,6756,W 36 St & 9 Ave,6569,40.762009,-73.996975,40.75462324029105,-73.99516761302948,member
1626060,BEFD3B552C0906F5,classic_bike,2022-03-18 13:58:56,2022-03-18 14:05:05,W 44 St & 11 Ave,6756,W 36 St & 9 Ave,6569,40.762009,-73.996975,40.75462324029105,-73.99516761302948,member
1626068,5F7833AB586D2C57,classic_bike,2022-03-16 20:00:57,2022-03-16 20:15:52,Pier 40 - Hudson River Park,5696,W 36 St & 9 Ave,6569,40.7277140777778,-74.01129573583603,40.75462324029105,-73.99516761302948,member
1626069,87EBB041B1C7E0DD,classic_bike,2022-03-07 19:05:47,2022-03-07 19:23:47,Pier 40 - Hudson River Park,5696,W 36 St & 9 Ave,6569,40.7277140777778,-74.01129573583603,40.75462324029105,-73.99516761302948,casual
1626070,874C5C36D6B60B70,classic_bike,2022-03-11 17:35:32,2022-03-11 17:58:53,W 55 St & 6 Ave,6809,W 36 St & 9 Ave,6569,40.763189,-73.978434,40.75462324029105,-73.99516761302948,casual
1626076,54209737C6AD7733,electric_bike,2022-03-22 10:16:10,2022-03-22 10:22:11,W 44 St & 5 Ave,6551,W 36 St & 9 Ave,6569,40.75500254,-73.98014437,40.75462324029105,-73.99516761302948,member
1626082,4AE444692D0FBDEF,classic_bike,2022-03-07 08:53:15,2022-03-07 09:09:44,Amsterdam Ave & W 82 St,7360,W 36 St & 9 Ave,6569,40.78524672,-73.97667321,40.75462324029105,-73.99516761302948,member
1626085,820468DF017976B0,electric_bike,2022-03-15 17:19:28,2022-03-15 17:32:59,W 44 St & 5 Ave,6551,W 36 St & 9 Ave,6569,40.75500254,-73.98014437,40.75462324029105,-73.99516761302948,member
1626086,815603C5E99A6FF9,classic_bike,2022-03-03 19:32:43,2022-03-03 20:06:37,W 44 St & 5 Ave,6551,W 36 St & 9 Ave,6569,40.75500254,-73.98014437,40.75462324029105,-73.99516761302948,member
1626087,AE433A845B66BC39,electric_bike,2022-03-10 12:09:57,2022-03-10 12:26:48,Pier 40 - Hudson River Park,5696,W 36 St & 9 Ave,6569,40.7277140777778,-74.01129573583603,40.75462324029105,-73.99516761302948,member
1626093,39E89B89DAB472E7,classic_bike,2022-03-14 23:59:16,2022-03-15 00:16:41,Pier 40 - Hudson River Park,5696,W 36 St & 9 Ave,6569,40.7277140777778,-74.01129573583603,40.75462324029105,-73.99516761302948,member
1626099,B1B9E53F14C0002E,electric_bike,2022-03-16 21:24:37,2022-03-16 21:31:17,Broadway & W 51 St,6779,W 36 St & 9 Ave,6569,40.76228826,-73.98336183,40.75462324029105,-73.99516761302948,member
1626101,D38CF9FC735D0DDF,classic_bike,2022-03-07 15:29:39,2022-03-07 15:38:04,Broadway & W 51 St,6779,W 36 St & 9 Ave,6569,40.76228826,-73.98336183,40.75462324029105,-73.99516761302948,member
1626110,026FB47540A6008A,electric_bike,2022-03-28 15:44:26,2022-03-28 15:54:36,W 13 St & 5 Ave,5947,W 36 St & 9 Ave,6569,40.735445,-73.99431,40.75462324029105,-73.99516761302948,member
1626119,2A272A67B54D4412,classic_bike,2022-03-24 18:20:16,2022-03-24 18:29:46,8 Ave & W 16 St,6072,W 36 St & 9 Ave,6569,40.740983,-74.001702,40.75462324029105,-73.99516761302948,member
1626121,563C454204C528F9,classic_bike,2022-03-27 02:40:17,2022-03-27 02:46:47,8 Ave & W 16 St,6072,W 36 St & 9 Ave,6569,40.740983,-74.001702,40.75462324029105,-73.99516761302948,member
1626129,B9BE6484946AF617,classic_bike,2022-03-02 19:26:58,2022-03-02 19:46:27,8 Ave & W 16 St,6072,W 36 St & 9 Ave,6569,40.740983,-74.001702,40.75462324029105,-73.99516761302948,member
1626140,DA8EEF5E0093F75E,electric_bike,2022-03-31 17:30:00,2022-03-31 17:32:14,W 37 St & 10 Ave,6611,W 36 St & 9 Ave,6569,40.75660359,-73.9979009,40.75462324029105,-73.99516761302948,member
1626141,6DF246322837E2A7,classic_bike,2022-03-30 19:11:20,2022-03-30 19:14:08,W 37 St & 10 Ave,6611,W 36 St & 9 Ave,6569,40.75660359,-73.9979009,40.75462324029105,-73.99516761302948,member
1626142,2306A3F2FEB52A71,classic_bike,2022-03-22 15:35:55,2022-03-22 15:45:30,Broadway & W 51 St,6779,W 36 St & 9 Ave,6569,40.76228826,-73.98336183,40.75462324029105,-73.99516761302948,member
1626143,DEA0CA4BB5B5F589,electric_bike,2022-03-05 14:58:40,2022-03-05 15:00:37,W 37 St & 10 Ave,6611,W 36 St & 9 Ave,6569,40.75660359,-73.9979009,40.75462324029105,-73.99516761302948,member
1626146,34D8DDAF2D87A1C5,classic_bike,2022-03-08 08:36:41,2022-03-08 08:41:45,W 34 St & 11 Ave,6578,W 36 St & 9 Ave,6569,40.75594159,-74.0021163,40.75462324029105,-73.99516761302948,member
1626149,B13C4238332626D1,electric_bike,2022-03-01 15:14:07,2022-03-01 15:15:56,W 37 St & 10 Ave,6611,W 36 St & 9 Ave,6569,40.75660359,-73.9979009,40.75462324029105,-73.99516761302948,member
1626150,7BF350A2DF15D8D0,classic_bike,2022-03-11 14:05:05,2022-03-11 14:10:25,W 34 St & 11 Ave,6578,W 36 St & 9 Ave,6569,40.75594159,-74.0021163,40.75462324029105,-73.99516761302948,member
1626153,05F446C9567336D4,electric_bike,2022-03-11 14:14:37,2022-03-11 14:15:53,W 37 St & 10 Ave,6611,W 36 St & 9 Ave,6569,40.75660359,-73.9979009,40.75462324029105,-73.99516761302948,member
1626154,6E86E5D45B227C11,classic_bike,2022-03-14 14:40:40,2022-03-14 14:42:31,W 37 St & 10 Ave,6611,W 36 St & 9 Ave,6569,40.75660359,-73.9979009,40.75462324029105,-73.99516761302948,member
1626156,AE4B004FE96BCDDA,electric_bike,2022-03-21 15:01:46,2022-03-21 15:14:38,Grand Army Plaza & Central Park S,6839,W 36 St & 9 Ave,6569,40.7643971,-73.97371465,40.75462324029105,-73.99516761302948,member
1626157,40CBCCA919D15FA3,electric_bike,2022-03-11 07:43:59,2022-03-11 07:45:43,W 37 St & 10 Ave,6611,W 36 St & 9 Ave,6569,40.75660359,-73.9979009,40.75462324029105,-73.99516761302948,member
1626159,DF557C1E10DC67A6,classic_bike,2022-03-20 22:40:35,2022-03-20 23:14:15,W 37 St & 10 Ave,6611,W 36 St & 9 Ave,6569,40.75660359,-73.9979009,40.75462324029105,-73.99516761302948,member
1626162,289649CF1E018354,electric_bike,2022-03-25 20:43:43,2022-03-25 20:45:50,W 37 St & 10 Ave,6611,W 36 St & 9 Ave,6569,40.75660359,-73.9979009,40.75462324029105,-73.99516761302948,member
1626163,9D7746CA4CB73639,docked_bike,2022-03-02 17:25:13,2022-03-02 17:40:25,W 34 St & 11 Ave,6578,W 36 St & 9 Ave,6569,40.755942,-74.002116,40.754623,-73.995168,casual
1626166,229A26F11DF72A2A,electric_bike,2022-03-31 15:13:40,2022-03-31 15:15:11,W 37 St & 10 Ave,6611,W 36 St & 9 Ave,6569,40.75660359,-73.9979009,40.75462324029105,-73.99516761302948,member
1626167,F75E4D0F49EE9707,electric_bike,2022-03-10 19:57:28,2022-03-10 19:59:28,W 37 St & 10 Ave,6611,W 36 St & 9 Ave,6569,40.75660359,-73.9979009,40.75462324029105,-73.99516761302948,casual
1626171,1A16872B31CD71BF,classic_bike,2022-03-14 21:37:10,2022-03-14 21:52:01,W 37 St & 10 Ave,6611,W 36 St & 9 Ave,6569,40.75660359,-73.9979009,40.75462324029105,-73.99516761302948,member
1626173,836BB99A6614033A,classic_bike,2022-03-22 08:43:29,2022-03-22 09:03:09,E 53 St & Lexington Ave,6617,W 36 St & 9 Ave,6569,40.75828065,-73.97069431,40.75462324029105,-73.99516761302948,member
1626174,7BB6589D0236D129,classic_bike,2022-03-04 14:45:24,2022-03-04 14:51:46,W 47 St & 10 Ave,6824,W 36 St & 9 Ave,6569,40.76269882,-73.99301222,40.75462324029105,-73.99516761302948,member
1626175,69456C6511A5AD9B,classic_bike,2022-03-06 14:46:03,2022-03-06 14:51:43,W 47 St & 10 Ave,6824,W 36 St & 9 Ave,6569,40.76269882,-73.99301222,40.75462324029105,-73.99516761302948,member
1626180,E904D47E4E563977,classic_bike,2022-03-20 12:59:54,2022-03-20 13:04:32,W 34 St & 11 Ave,6578,W 36 St & 9 Ave,6569,40.75594159,-74.0021163,40.75462324029105,-73.99516761302948,member
1626181,D8A926F9441A3AB8,classic_bike,2022-03-07 18:12:28,2022-03-07 18:44:43,W 37 St & 10 Ave,6611,W 36 St & 9 Ave,6569,40.75660359,-73.9979009,40.75462324029105,-73.99516761302948,member
1626184,BD236ED2162D6866,electric_bike,2022-03-04 19:25:04,2022-03-04 19:30:11,W 37 St & 10 Ave,6611,W 36 St & 9 Ave,6569,40.75660359,-73.9979009,40.75462324029105,-73.99516761302948,member
1626187,1FEF198F2B83EC96,electric_bike,2022-03-31 20:09:27,2022-03-31 20:12:30,W 37 St & 10 Ave,6611,W 36 St & 9 Ave,6569,40.75660359,-73.9979009,40.75462324029105,-73.99516761302948,casual
1626188,A8850F58316B0F8A,electric_bike,2022-03-26 16:54:27,2022-03-26 16:57:27,W 37 St & 10 Ave,6611,W 36 St & 9 Ave,6569,40.75660359,-73.9979009,40.75462324029105,-73.99516761302948,casual
1626189,7DA48E95D36728D1,classic_bike,2022-03-06 10:47:36,2022-03-06 10:49:20,W 37 St & 10 Ave,6611,W 36 St & 9 Ave,6569,40.75660359,-73.9979009,40.75462324029105,-73.99516761302948,member
1626192,AD3B782047327D88,classic_bike,2022-03-21 18:15:08,2022-03-21 18:17:02,W 37 St & 10 Ave,6611,W 36 St & 9 Ave,6569,40.75660359,-73.9979009,40.75462324029105,-73.99516761302948,member
1626193,6B6546CB26395382,electric_bike,2022-03-30 10:13:03,2022-03-30 10:16:36,W 34 St & 11 Ave,6578,W 36 St & 9 Ave,6569,40.75594159,-74.0021163,40.75462324029105,-73.99516761302948,member
1626195,837DB8734C639A1C,electric_bike,2022-03-18 17:10:00,2022-03-18 17:16:02,W 34 St & 11 Ave,6578,W 36 St & 9 Ave,6569,40.75594159,-74.0021163,40.75462324029105,-73.99516761302948,member
1626196,A278B3F7BEAD60C4,classic_bike,2022-03-25 14:13:23,2022-03-25 14:14:45,W 37 St & 10 Ave,6611,W 36 St & 9 Ave,6569,40.75660359,-73.9979009,40.75462324029105,-73.99516761302948,member
1626197,3B16F1A8CC0619C7,electric_bike,2022-03-21 15:11:10,2022-03-21 15:12:28,W 37 St & 10 Ave,6611,W 36 St & 9 Ave,6569,40.75660359,-73.9979009,40.75462324029105,-73.99516761302948,member
1626198,E59E1B6C69DCF3F1,electric_bike,2022-03-20 12:36:30,2022-03-20 13:16:34,Margaret Corbin Plz & Ft Washington Ave,8532,W 36 St & 9 Ave,6569,40.859166,-73.933872,40.75462324029105,-73.99516761302948,member
1626199,4AC7D788E933FF0A,classic_bike,2022-03-02 17:18:33,2022-03-02 17:40:34,W 34 St & 11 Ave,6578,W 36 St & 9 Ave,6569,40.75594159,-74.0021163,40.75462324029105,-73.99516761302948,casual
1626200,B03FB3A4E6D24B4C,electric_bike,2022-03-18 13:36:38,2022-03-18 13:43:34,W 47 St & 10 Ave,6824,W 36 St & 9 Ave,6569,40.76269882,-73.99301222,40.75462324029105,-73.99516761302948,member
1626203,10325FD07ECF200B,electric_bike,2022-03-30 19:20:30,2022-03-30 19:25:35,W 47 St & 10 Ave,6824,W 36 St & 9 Ave,6569,40.76269882,-73.99301222,40.75462324029105,-73.99516761302948,member
1626204,1D13F621E7797A8B,electric_bike,2022-03-16 19:20:02,2022-03-16 19:24:14,W 47 St & 10 Ave,6824,W 36 St & 9 Ave,6569,40.76269882,-73.99301222,40.75462324029105,-73.99516761302948,member
1626207,62113CFBEFD3F0F5,classic_bike,2022-03-16 14:27:34,2022-03-16 14:32:14,W 37 St & 10 Ave,6611,W 36 St & 9 Ave,6569,40.75660359,-73.9979009,40.75462324029105,-73.99516761302948,casual
1626209,53F4C3A55625450F,classic_bike,2022-03-05 10:50:51,2022-03-05 10:55:59,W 34 St & 11 Ave,6578,W 36 St & 9 Ave,6569,40.75594159,-74.0021163,40.75462324029105,-73.99516761302948,member
1626221,841F459171539B63,electric_bike,2022-03-24 11:31:50,2022-03-24 11:40:41,5 Ave & E 29 St,6248,W 36 St & 9 Ave,6569,40.7451677,-73.98683077,40.75462324029105,-73.99516761302948,member
1626222,71201DE5578A321E,electric_bike,2022-03-24 15:28:20,2022-03-24 15:37:25,5 Ave & E 29 St,6248,W 36 St & 9 Ave,6569,40.7451677,-73.98683077,40.75462324029105,-73.99516761302948,member
1626223,52965D77A7D2C461,electric_bike,2022-03-04 08:26:51,2022-03-04 08:34:31,5 Ave & E 29 St,6248,W 36 St & 9 Ave,6569,40.7451677,-73.98683077,40.75462324029105,-73.99516761302948,casual
1626244,E65B0435620D1359,electric_bike,2022-03-22 13:48:51,2022-03-22 13:58:37,5 Ave & E 29 St,6248,W 36 St & 9 Ave,6569,40.7451677,-73.98683077,40.75462324029105,-73.99516761302948,member
1626249,68A5C9F96E0BEEA1,classic_bike,2022-03-05 20:30:55,2022-03-05 20:43:10,5 Ave & E 29 St,6248,W 36 St & 9 Ave,6569,40.7451677,-73.98683077,40.75462324029105,-73.99516761302948,member
1626261,895540CD77285BAE,electric_bike,2022-03-18 16:58:12,2022-03-18 17:04:44,5 Ave & E 29 St,6248,W 36 St & 9 Ave,6569,40.7451677,-73.98683077,40.75462324029105,-73.99516761302948,member
1626267,091BBBDB83DF41E0,classic_bike,2022-03-31 17:07:31,2022-03-31 17:17:48,5 Ave & E 29 St,6248,W 36 St & 9 Ave,6569,40.7451677,-73.98683077,40.75462324029105,-73.99516761302948,member
1626268,47249297E8DDE64A,classic_bike,2022-03-04 16:17:36,2022-03-04 16:24:38,W 47 St & 10 Ave,6824,W 36 St & 9 Ave,6569,40.76269882,-73.99301222,40.75462324029105,-73.99516761302948,member
1626276,87C925BD61DD90A2,electric_bike,2022-03-25 08:13:17,2022-03-25 08:24:27,West End Ave & W 60 St,7059,W 36 St & 9 Ave,6569,40.77237,-73.99005,40.75462324029105,-73.99516761302948,member
1626290,95CAC7481546F8A7,classic_bike,2022-03-06 15:53:25,2022-03-06 16:31:42,South St & Pike St,5159,W 36 St & 9 Ave,6569,40.70991806921533,-73.99161100387573,40.75462324029105,-73.99516761302948,member
1626291,81BE0B040CC9DB16,classic_bike,2022-03-31 12:57:54,2022-03-31 13:08:18,Perry St & Greenwich Ave,5955,W 36 St & 9 Ave,6569,40.735918,-74.000939,40.75462324029105,-73.99516761302948,member
1626294,F72843831B5F5E36,classic_bike,2022-03-12 11:15:15,2022-03-12 11:42:33,W 37 St & 5 Ave,6398,W 36 St & 9 Ave,6569,40.75038009,-73.98338988,40.75462324029105,-73.99516761302948,casual
1626309,B1EF148438B739C9,classic_bike,2022-03-26 14:12:47,2022-03-26 14:23:06,8 Ave & W 16 St,6072,W 36 St & 9 Ave,6569,40.740983,-74.001702,40.75462324029105,-73.99516761302948,member
1626323,F5263B1BE65D3743,electric_bike,2022-03-23 07:47:15,2022-03-23 07:56:20,W 59 St & 10 Ave,7023,W 36 St & 9 Ave,6569,40.770513,-73.988038,40.75462324029105,-73.99516761302948,member
1626324,BACCF90D47519D14,electric_bike,2022-03-14 07:45:55,2022-03-14 07:55:29,W 59 St & 10 Ave,7023,W 36 St & 9 Ave,6569,40.770513,-73.988038,40.75462324029105,-73.99516761302948,member
1626325,BE476BE2FD183CD2,electric_bike,2022-03-25 07:49:35,2022-03-25 07:57:53,W 59 St & 10 Ave,7023,W 36 St & 9 Ave,6569,40.770513,-73.988038,40.75462324029105,-73.99516761302948,member
1626329,857551283E1BD4C5,classic_bike,2022-03-07 07:46:23,2022-03-07 07:55:40,W 59 St & 10 Ave,7023,W 36 St & 9 Ave,6569,40.770513,-73.988038,40.75462324029105,-73.99516761302948,member
1626332,96BE49046EEEDE42,classic_bike,2022-03-30 09:58:59,2022-03-30 10:11:37,W 59 St & 10 Ave,7023,W 36 St & 9 Ave,6569,40.770513,-73.988038,40.75462324029105,-73.99516761302948,member
1626336,FD1F865DF5B508E3,classic_bike,2022-03-31 07:56:02,2022-03-31 08:06:46,W 59 St & 10 Ave,7023,W 36 St & 9 Ave,6569,40.770513,-73.988038,40.75462324029105,-73.99516761302948,member
1626338,A803721513EA2228,electric_bike,2022-03-30 07:53:03,2022-03-30 08:00:46,W 59 St & 10 Ave,7023,W 36 St & 9 Ave,6569,40.770513,-73.988038,40.75462324029105,-73.99516761302948,member
1626339,BF539656324D3F2E,classic_bike,2022-03-02 07:46:04,2022-03-02 07:56:24,W 59 St & 10 Ave,7023,W 36 St & 9 Ave,6569,40.770513,-73.988038,40.75462324029105,-73.99516761302948,member
1626346,9A4193AE4B5770ED,electric_bike,2022-03-10 14:07:22,2022-03-10 14:13:05,W 37 St & 5 Ave,6398,W 36 St & 9 Ave,6569,40.75038009,-73.98338988,40.75462324029105,-73.99516761302948,member
1626348,511B9396D7BA29FE,classic_bike,2022-03-02 11:23:52,2022-03-02 11:51:07,Adam Clayton Powell Blvd & W 130 St,7774,W 36 St & 9 Ave,6569,40.812346,-73.946168,40.75462324029105,-73.99516761302948,member
1626353,51C2DBD190B5A935,classic_bike,2022-03-21 14:18:24,2022-03-21 14:34:44,6 Ave & Canal St,5500,W 36 St & 9 Ave,6569,40.72243797,-74.00566443,40.75462324029105,-73.99516761302948,member
1626362,0CB19003A377189E,electric_bike,2022-03-29 08:35:47,2022-03-29 09:06:16,Clinton Ave & Myrtle Ave,4651,W 36 St & 9 Ave,6569,40.693261,-73.968896,40.75462324029105,-73.99516761302948,member
1626363,29E6EE2231E885A7,electric_bike,2022-03-16 08:53:15,2022-03-16 09:20:02,Clinton Ave & Myrtle Ave,4651,W 36 St & 9 Ave,6569,40.693261,-73.968896,40.75462324029105,-73.99516761302948,member
1626367,CEE4FBF958826410,classic_bike,2022-03-16 05:54:41,2022-03-16 06:03:31,6 Ave & W 33 St,6364,W 36 St & 9 Ave,6569,40.74901271,-73.98848395,40.75462324029105,-73.99516761302948,member
1626379,5DD17D3E5944CE69,electric_bike,2022-03-22 10:47:58,2022-03-22 10:55:03,W 20 St & 8 Ave,6224,W 36 St & 9 Ave,6569,40.74345335,-74.00004031,40.75462324029105,-73.99516761302948,member
1626388,1D459D91C7662FD9,classic_bike,2022-03-26 06:09:54,2022-03-26 06:16:15,6 Ave & W 33 St,6364,W 36 St & 9 Ave,6569,40.74901271,-73.98848395,40.75462324029105,-73.99516761302948,casual
1626391,21703483B3861938,electric_bike,2022-03-17 05:07:34,2022-03-17 05:15:19,6 Ave & W 33 St,6364,W 36 St & 9 Ave,6569,40.74901271,-73.98848395,40.75462324029105,-73.99516761302948,casual
1626395,4117C1F65A8F4DD3,classic_bike,2022-03-20 21:18:48,2022-03-20 21:32:22,E 20 St & Park Ave,6055,W 36 St & 9 Ave,6569,40.73827428,-73.98751968,40.75462324029105,-73.99516761302948,member
1626399,E09CD6FD0EB2846F,classic_bike,2022-03-20 02:00:28,2022-03-20 02:05:42,6 Ave & W 33 St,6364,W 36 St & 9 Ave,6569,40.74901271,-73.98848395,40.75462324029105,-73.99516761302948,member
1626406,7DC9667435DF0366,classic_bike,2022-03-15 09:50:11,2022-03-15 10:17:39,E 82 St & East End Ave,7049,W 36 St & 9 Ave,6569,40.7724607,-73.9468208,40.75462324029105,-73.99516761302948,member
1626407,2DBFBD08ED3F2DCF,electric_bike,2022-03-25 13:13:41,2022-03-25 14:00:41,Lenox Ave & W 111 St,7602,W 36 St & 9 Ave,6569,40.7987859,-73.9523,40.75462324029105,-73.99516761302948,member
1626424,FEADF06AD7C3FB10,electric_bike,2022-03-30 07:59:36,2022-03-30 08:10:34,W 70 St & Amsterdam Ave,7207,W 36 St & 9 Ave,6569,40.77748046,-73.98288594,40.75462324029105,-73.99516761302948,member
1626425,6AEA1D453A493851,classic_bike,2022-03-14 05:34:35,2022-03-14 05:58:08,E 20 St & Park Ave,6055,W 36 St & 9 Ave,6569,40.73827428,-73.98751968,40.75462324029105,-73.99516761302948,member
1626441,CBF6B919EA81CCED,classic_bike,2022-03-26 12:13:31,2022-03-26 12:18:29,11 Ave & W 41 St,6726,W 36 St & 9 Ave,6569,40.76030096,-73.99884222,40.75462324029105,-73.99516761302948,member
1626442,348486B55C50933A,electric_bike,2022-03-08 20:31:19,2022-03-08 20:35:06,11 Ave & W 41 St,6726,W 36 St & 9 Ave,6569,40.76030096,-73.99884222,40.75462324029105,-73.99516761302948,member
1626443,ED9924BC06C8C554,electric_bike,2022-03-22 20:57:52,2022-03-22 21:03:36,11 Ave & W 41 St,6726,W 36 St & 9 Ave,6569,40.76030096,-73.99884222,40.75462324029105,-73.99516761302948,member
1626461,2400E8636200E71F,classic_bike,2022-03-20 18:39:28,2022-03-20 18:50:43,W 26 St & 8 Ave,6297,W 36 St & 9 Ave,6569,40.74734825,-73.99723551,40.75462324029105,-73.99516761302948,member
1626462,52F4B94BD558FB55,classic_bike,2022-03-19 23:40:49,2022-03-19 23:45:43,W 26 St & 8 Ave,6297,W 36 St & 9 Ave,6569,40.74734825,-73.99723551,40.75462324029105,-73.99516761302948,member
1626471,0347D5BDE58F8913,electric_bike,2022-03-24 19:56:47,2022-03-24 20:09:22,W 49 St & 8 Ave,6747,W 36 St & 9 Ave,6569,40.76227205,-73.98788205,40.75462324029105,-73.99516761302948,member
1626472,81A715B0C99CA541,classic_bike,2022-03-19 18:27:11,2022-03-19 19:17:03,W 49 St & 8 Ave,6747,W 36 St & 9 Ave,6569,40.76227205,-73.98788205,40.75462324029105,-73.99516761302948,member
1626473,6155BDF8674952C7,electric_bike,2022-03-05 08:26:41,2022-03-05 08:30:38,W 49 St & 8 Ave,6747,W 36 St & 9 Ave,6569,40.76227205,-73.98788205,40.75462324029105,-73.99516761302948,member
1626475,37BD22A317EFE118,electric_bike,2022-03-11 17:45:18,2022-03-11 17:54:21,W 20 St & 10 Ave,6306,W 36 St & 9 Ave,6569,40.745686,-74.005141,40.75462324029105,-73.99516761302948,casual
1626490,661334DDDB334718,classic_bike,2022-03-25 19:48:37,2022-03-25 20:17:23,Washington Pl & Broadway,5755,W 36 St & 9 Ave,6569,40.72903917,-73.99404649,40.75462324029105,-73.99516761302948,member
1626492,D15ACCF3D7D758C6,classic_bike,2022-03-19 03:09:23,2022-03-19 03:47:15,W 26 St & 8 Ave,6297,W 36 St & 9 Ave,6569,40.74734825,-73.99723551,40.75462324029105,-73.99516761302948,member
1626499,34D01F496249B67A,classic_bike,2022-03-05 17:15:14,2022-03-05 17:22:10,W 26 St & 8 Ave,6297,W 36 St & 9 Ave,6569,40.74734825,-73.99723551,40.75462324029105,-73.99516761302948,member
1626502,9B077A97D2C82FEE,classic_bike,2022-03-14 20:55:31,2022-03-14 20:57:34,Hudson Blvd E & W 36 St,6611,W 36 St & 9 Ave,6569,40.75630628938069,-73.99951145061095,40.75462324029105,-73.99516761302948,member
1626504,6FAA87ABF03368DB,classic_bike,2022-03-21 12:53:46,2022-03-21 13:05:26,W 22 St & 10 Ave,6306,W 36 St & 9 Ave,6569,40.74691959,-74.00451887,40.75462324029105,-73.99516761302948,member
1626517,F3CEC83A5A78BA18,electric_bike,2022-03-08 08:32:44,2022-03-08 09:00:43,Clermont Ave & Park Ave,4692,W 36 St & 9 Ave,6569,40.69573398,-73.97129668,40.75462324029105,-73.99516761302948,member
1626530,1EF5FEB8513B0EC2,electric_bike,2022-03-29 18:49:39,2022-03-29 19:13:54,Broadway & Battery Pl,4962,W 36 St & 9 Ave,6569,40.70463334,-74.01361706,40.75462324029105,-73.99516761302948,member
1626541,1DA76E7D6FE4C0CB,classic_bike,2022-03-11 12:45:24,2022-03-11 12:52:26,11 Ave & W 41 St,6726,W 36 St & 9 Ave,6569,40.76030096,-73.99884222,40.75462324029105,-73.99516761302948,member
1626549,D28DE7AC79BCC9B4,classic_bike,2022-03-31 17:59:52,2022-03-31 18:36:45,Johnson St & Gold St,4668,W 36 St & 9 Ave,6569,40.69474881,-73.98362464,40.75462324029105,-73.99516761302948,member
1626569,D387C0C4C602CBA1,electric_bike,2022-03-18 09:51:11,2022-03-18 10:12:19,5 Ave & E 87 St,7323,W 36 St & 9 Ave,6569,40.78232260730881,-73.95987510681152,40.75462324029105,-73.99516761302948,member
1626575,1D2D2AA7738B3978,classic_bike,2022-03-11 15:18:31,2022-03-11 15:34:29,Central Park West & W 72 St,7141,W 36 St & 9 Ave,6569,40.77579376683666,-73.9762057363987,40.75462324029105,-73.99516761302948,member
1626586,121AB85E092BFAD1,classic_bike,2022-03-31 10:55:05,2022-03-31 11:48:28,5 Ave & E 87 St,7323,W 36 St & 9 Ave,6569,40.78232260730881,-73.95987510681152,40.75462324029105,-73.99516761302948,casual
1626587,8E930949D1A4BDB9,classic_bike,2022-03-23 10:23:42,2022-03-23 10:40:29,MacDougal St & Washington Sq,5797,W 36 St & 9 Ave,6569,40.73226398,-73.99852205,40.75462324029105,-73.99516761302948,casual
1626589,D3BF5EB5CEEFAC88,classic_bike,2022-03-02 18:07:44,2022-03-02 18:22:31,E 53 St & Madison Ave,6659,W 36 St & 9 Ave,6569,40.7597108,-73.97402311,40.75462324029105,-73.99516761302948,member
1626591,1B1E0ED86D3309BB,electric_bike,2022-03-23 20:11:16,2022-03-23 20:24:05,E 53 St & Madison Ave,6659,W 36 St & 9 Ave,6569,40.7597108,-73.97402311,40.75462324029105,-73.99516761302948,member
1626592,5C565F658EC16708,electric_bike,2022-03-04 18:09:40,2022-03-04 18:21:11,W 36 St & 7 Ave,6483,W 36 St & 9 Ave,6569,40.752149,-73.989539,40.75462324029105,-73.99516761302948,member
1626595,36DF102B735D93B3,classic_bike,2022-03-19 20:09:18,2022-03-19 20:31:09,W 36 St & 7 Ave,6483,W 36 St & 9 Ave,6569,40.752149,-73.989539,40.75462324029105,-73.99516761302948,member
1626601,E582DAE424400773,electric_bike,2022-03-01 17:39:20,2022-03-01 17:52:11,E 19 St & 3 Ave,5938,W 36 St & 9 Ave,6569,40.73624527,-73.98473765,40.75462324029105,-73.99516761302948,member
1626621,550DD622905B4455,classic_bike,2022-03-25 16:45:51,2022-03-25 17:03:08,E 53 St & Madison Ave,6659,W 36 St & 9 Ave,6569,40.7597108,-73.97402311,40.75462324029105,-73.99516761302948,member
1626625,42AF17E6680CF976,classic_bike,2022-03-22 09:05:16,2022-03-22 09:22:14,W 84 St & Broadway,7409,W 36 St & 9 Ave,6569,40.7867947,-73.977112,40.75462324029105,-73.99516761302948,member
1626634,EBBAE04DA1F666FB,classic_bike,2022-03-06 13:46:01,2022-03-06 13:53:11,W 22 St & 8 Ave,6224,W 36 St & 9 Ave,6569,40.74475148,-73.99915362,40.75462324029105,-73.99516761302948,member
1626637,C25DBC58B0D87415,electric_bike,2022-03-04 08:03:16,2022-03-04 08:11:08,W 51 St & 6 Ave,6740,W 36 St & 9 Ave,6569,40.7606597,-73.98042047,40.75462324029105,-73.99516761302948,member
1626644,E61F1BED0F55B1F5,classic_bike,2022-03-29 20:51:21,2022-03-29 20:58:14,6 Ave & W 33 St,6364,W 36 St & 9 Ave,6569,40.74901271,-73.98848395,40.75462324029105,-73.99516761302948,member
1626645,7B027C84676A0F51,classic_bike,2022-03-15 14:07:04,2022-03-15 14:12:02,6 Ave & W 33 St,6364,W 36 St & 9 Ave,6569,40.74901271,-73.98848395,40.75462324029105,-73.99516761302948,member
1626650,0FAAE1414A1F218E,classic_bike,2022-03-31 19:53:15,2022-03-31 20:03:25,W 22 St & 8 Ave,6224,W 36 St & 9 Ave,6569,40.74475148,-73.99915362,40.75462324029105,-73.99516761302948,member
1626657,0F81B1DFACED9782,classic_bike,2022-03-05 15:03:52,2022-03-05 15:11:30,W 22 St & 8 Ave,6224,W 36 St & 9 Ave,6569,40.74475148,-73.99915362,40.75462324029105,-73.99516761302948,member
1626659,1927902BA0B74A35,classic_bike,2022-03-02 17:48:11,2022-03-02 17:57:22,W 22 St & 8 Ave,6224,W 36 St & 9 Ave,6569,40.74475148,-73.99915362,40.75462324029105,-73.99516761302948,member
1626669,1B1765EB956AD468,classic_bike,2022-03-10 14:23:01,2022-03-10 14:30:18,Broadway\t& W 48 St,6708,W 36 St & 9 Ave,6569,40.76017739537783,-73.98486793041229,40.75462324029105,-73.99516761302948,member
1626672,7B207840BFC88187,electric_bike,2022-03-28 07:48:45,2022-03-28 07:56:37,W 59 St & 10 Ave,7023,W 36 St & 9 Ave,6569,40.770513,-73.988038,40.75462324029105,-73.99516761302948,member
1626673,8FF44497E16AC327,classic_bike,2022-03-31 22:08:53,2022-03-31 22:18:32,Broadway\t& W 48 St,6708,W 36 St & 9 Ave,6569,40.76017739537783,-73.98486793041229,40.75462324029105,-73.99516761302948,member
1626676,FC01A543120405F9,classic_bike,2022-03-11 14:38:48,2022-03-11 15:01:53,E 17 St & Broadway,5980,W 36 St & 9 Ave,6569,40.73704984,-73.99009296,40.75462324029105,-73.99516761302948,member
1626681,BC003949DF4A8914,classic_bike,2022-03-08 14:06:49,2022-03-08 14:14:10,Broadway\t& W 48 St,6708,W 36 St & 9 Ave,6569,40.76017739537783,-73.98486793041229,40.75462324029105,-73.99516761302948,member
1626692,034D864BD43DA1D1,classic_bike,2022-03-31 22:08:39,2022-03-31 22:18:32,Broadway\t& W 48 St,6708,W 36 St & 9 Ave,6569,40.76017739537783,-73.98486793041229,40.75462324029105,-73.99516761302948,member
1626696,E7C76C21BAF7E827,electric_bike,2022-03-24 18:10:53,2022-03-24 18:17:10,Broadway\t& W 48 St,6708,W 36 St & 9 Ave,6569,40.76017739537783,-73.98486793041229,40.75462324029105,-73.99516761302948,member
1626699,E7524BD0B24AA358,classic_bike,2022-03-25 22:27:02,2022-03-25 22:39:47,Broadway\t& W 48 St,6708,W 36 St & 9 Ave,6569,40.76017739537783,-73.98486793041229,40.75462324029105,-73.99516761302948,casual
1626708,7ADDDD0138811FC8,classic_bike,2022-03-14 10:41:23,2022-03-14 10:55:16,W 59 St & 10 Ave,7023,W 36 St & 9 Ave,6569,40.770513,-73.988038,40.75462324029105,-73.99516761302948,member
1626711,E120DCCE59DADE9C,classic_bike,2022-03-01 22:00:26,2022-03-01 22:04:17,W 42 St & Dyer Ave,6644,W 36 St & 9 Ave,6569,40.75898481399634,-73.99379968643188,40.75462324029105,-73.99516761302948,member
1626717,796DFB7863EB6296,classic_bike,2022-03-17 15:39:30,2022-03-17 15:45:43,W 42 St & Dyer Ave,6644,W 36 St & 9 Ave,6569,40.75898481399634,-73.99379968643188,40.75462324029105,-73.99516761302948,member
1626719,3BCCCF0B26AE9A7F,classic_bike,2022-03-21 18:09:39,2022-03-21 18:16:25,Broadway\t& W 48 St,6708,W 36 St & 9 Ave,6569,40.76017739537783,-73.98486793041229,40.75462324029105,-73.99516761302948,member
1626721,BFB6F85502A1CF81,classic_bike,2022-03-09 08:34:11,2022-03-09 08:37:43,W 42 St & Dyer Ave,6644,W 36 St & 9 Ave,6569,40.75898481399634,-73.99379968643188,40.75462324029105,-73.99516761302948,casual
1626728,39A23D0381C449FF,electric_bike,2022-03-20 16:31:53,2022-03-20 16:34:21,W 42 St & Dyer Ave,6644,W 36 St & 9 Ave,6569,40.75898481399634,-73.99379968643188,40.75462324029105,-73.99516761302948,member
1626730,9CC199098128C7BC,classic_bike,2022-03-31 13:49:50,2022-03-31 14:12:09,E 51 St & 1 Ave,6532,W 36 St & 9 Ave,6569,40.75455731,-73.96592976,40.75462324029105,-73.99516761302948,member
1626732,48C9DC3889D724D1,electric_bike,2022-03-07 09:45:32,2022-03-07 09:50:08,W 42 St & Dyer Ave,6644,W 36 St & 9 Ave,6569,40.75898481399634,-73.99379968643188,40.75462324029105,-73.99516761302948,member
1626734,08C220111CA4420C,classic_bike,2022-03-31 19:57:24,2022-03-31 20:25:36,Washington Pl & Broadway,5755,W 36 St & 9 Ave,6569,40.72903917,-73.99404649,40.75462324029105,-73.99516761302948,member
1626735,DD62AB9BCD3BE8BE,classic_bike,2022-03-15 19:43:05,2022-03-15 19:45:28,W 42 St & Dyer Ave,6644,W 36 St & 9 Ave,6569,40.75898481399634,-73.99379968643188,40.75462324029105,-73.99516761302948,member
1626743,C7DBA51AB1705B83,classic_bike,2022-03-22 18:15:23,2022-03-22 18:24:43,Broadway\t& W 48 St,6708,W 36 St & 9 Ave,6569,40.76017739537783,-73.98486793041229,40.75462324029105,-73.99516761302948,casual
1626745,4D71BA274E1A65A5,classic_bike,2022-03-25 22:27:56,2022-03-25 22:39:45,Broadway\t& W 48 St,6708,W 36 St & 9 Ave,6569,40.76017739537783,-73.98486793041229,40.75462324029105,-73.99516761302948,casual
1626749,19BBA84B0682337D,classic_bike,2022-03-02 13:16:48,2022-03-02 13:25:06,W 27 St & 7 Ave,6247,W 36 St & 9 Ave,6569,40.746647,-73.993915,40.75462324029105,-73.99516761302948,member
1626755,6A57CA54B76540AB,classic_bike,2022-03-24 15:52:12,2022-03-24 15:56:05,Broadway & W 38 St,6560,W 36 St & 9 Ave,6569,40.7529728216068,-73.98734897375107,40.75462324029105,-73.99516761302948,member
1626756,E747B2023082D2EB,classic_bike,2022-03-23 17:49:04,2022-03-23 18:18:10,W 106 St & Central Park West,7606,W 36 St & 9 Ave,6569,40.7981856,-73.9605909006,40.75462324029105,-73.99516761302948,member
1626764,6172ABD79F049713,classic_bike,2022-03-19 17:55:26,2022-03-19 18:21:18,Broadway & W 38 St,6560,W 36 St & 9 Ave,6569,40.7529728216068,-73.98734897375107,40.75462324029105,-73.99516761302948,casual
1626765,0558FA2042BA5056,electric_bike,2022-03-26 12:34:54,2022-03-26 12:43:34,Broadway & W 25 St,6173,W 36 St & 9 Ave,6569,40.74286877312112,-73.98918628692627,40.75462324029105,-73.99516761302948,casual
1626769,563ECB10D3067B04,classic_bike,2022-03-27 13:55:15,2022-03-27 14:03:56,W 27 St & 7 Ave,6247,W 36 St & 9 Ave,6569,40.746647,-73.993915,40.75462324029105,-73.99516761302948,member
1626771,961DDC6B445B8A22,classic_bike,2022-03-11 18:45:25,2022-03-11 18:53:24,Broadway & W 38 St,6560,W 36 St & 9 Ave,6569,40.7529728216068,-73.98734897375107,40.75462324029105,-73.99516761302948,member
1626772,771B8F68658A96A3,classic_bike,2022-03-21 18:19:45,2022-03-21 18:25:39,Broadway & W 38 St,6560,W 36 St & 9 Ave,6569,40.7529728216068,-73.98734897375107,40.75462324029105,-73.99516761302948,member
1626773,900EE7141805C9E0,classic_bike,2022-03-12 16:34:58,2022-03-12 16:48:36,Broadway & W 38 St,6560,W 36 St & 9 Ave,6569,40.7529728216068,-73.98734897375107,40.75462324029105,-73.99516761302948,member
1626784,D0D98D23A402CED8,electric_bike,2022-03-25 10:34:22,2022-03-25 10:47:27,W 59 St & 10 Ave,7023,W 36 St & 9 Ave,6569,40.770513,-73.988038,40.75462324029105,-73.99516761302948,member
1626789,690F34C7B5E9AD06,electric_bike,2022-03-25 17:21:29,2022-03-25 17:33:57,E 25 St & 2 Ave,6046,W 36 St & 9 Ave,6569,40.73912601,-73.97973776,40.75462324029105,-73.99516761302948,member
1626798,9E375E9FC5771DA2,classic_bike,2022-03-19 12:51:38,2022-03-19 12:58:22,Broadway & W 38 St,6560,W 36 St & 9 Ave,6569,40.7529728216068,-73.98734897375107,40.75462324029105,-73.99516761302948,member
1626810,43A67D986A78A743,electric_bike,2022-03-01 16:11:06,2022-03-01 16:15:41,W 27 St & 7 Ave,6247,W 36 St & 9 Ave,6569,40.746647,-73.993915,40.75462324029105,-73.99516761302948,member
1626811,75790E7600DD8A94,classic_bike,2022-03-06 18:51:13,2022-03-06 18:57:29,Broadway & W 38 St,6560,W 36 St & 9 Ave,6569,40.7529728216068,-73.98734897375107,40.75462324029105,-73.99516761302948,member
1626812,86CFC8C9CC026184,electric_bike,2022-03-22 14:40:30,2022-03-22 14:44:26,W 27 St & 7 Ave,6247,W 36 St & 9 Ave,6569,40.746647,-73.993915,40.75462324029105,-73.99516761302948,member
1626820,FFB6D2594FE6F99A,electric_bike,2022-03-24 08:18:02,2022-03-24 08:29:38,West End Ave & W 60 St,7059,W 36 St & 9 Ave,6569,40.77237,-73.99005,40.75462324029105,-73.99516761302948,member
1626830,514074B6619B8C14,electric_bike,2022-03-09 16:13:08,2022-03-09 16:16:32,Broadway & W 38 St,6560,W 36 St & 9 Ave,6569,40.7529728216068,-73.98734897375107,40.75462324029105,-73.99516761302948,member
1626843,C4518053CABA0C42,electric_bike,2022-03-07 11:07:59,2022-03-07 11:12:04,Broadway & W 38 St,6560,W 36 St & 9 Ave,6569,40.7529728216068,-73.98734897375107,40.75462324029105,-73.99516761302948,member
1626845,F1C3CA79728304D9,electric_bike,2022-03-29 19:59:37,2022-03-29 20:03:15,Broadway & W 38 St,6560,W 36 St & 9 Ave,6569,40.7529728216068,-73.98734897375107,40.75462324029105,-73.99516761302948,casual
1626849,096BF63FCCFDF07E,classic_bike,2022-03-19 17:56:23,2022-03-19 18:27:14,Broadway & W 38 St,6560,W 36 St & 9 Ave,6569,40.7529728216068,-73.98734897375107,40.75462324029105,-73.99516761302948,casual
1626860,8040BEF1B02AAF12,docked_bike,2022-03-05 12:19:39,2022-03-05 13:16:19,E 102 St & Park Ave,7488,W 36 St & 9 Ave,6569,40.790483,-73.950331,40.754623,-73.995168,casual
1626861,BD6E4201552F2E3C,docked_bike,2022-03-05 12:19:39,2022-03-05 13:16:10,E 102 St & Park Ave,7488,W 36 St & 9 Ave,6569,40.790483,-73.950331,40.754623,-73.995168,casual
1626863,E62D94A605179A04,classic_bike,2022-03-17 19:38:23,2022-03-17 19:53:46,Broadway & E 14 St,5905,W 36 St & 9 Ave,6569,40.73454567,-73.99074142,40.75462324029105,-73.99516761302948,casual
1626872,9B33CC7376A05084,classic_bike,2022-03-25 13:04:23,2022-03-25 13:20:56,Broadway & E 14 St,5905,W 36 St & 9 Ave,6569,40.73454567,-73.99074142,40.75462324029105,-73.99516761302948,member
1626894,F4203ED25F17B674,electric_bike,2022-03-23 15:11:32,2022-03-23 15:19:38,5 Ave & E 29 St,6248,W 36 St & 9 Ave,6569,40.7451677,-73.98683077,40.75462324029105,-73.99516761302948,casual
1626903,B486B800A9C73F87,electric_bike,2022-03-17 12:59:45,2022-03-17 13:05:25,5 Ave & E 29 St,6248,W 36 St & 9 Ave,6569,40.7451677,-73.98683077,40.75462324029105,-73.99516761302948,member
1626908,3A6AF2536043C62C,classic_bike,2022-03-15 19:16:58,2022-03-15 19:47:59,E 81 St & 3 Ave,7154,W 36 St & 9 Ave,6569,40.77573034,-73.9567526,40.75462324029105,-73.99516761302948,member
1626928,BE4CD88CFE8DEEA5,classic_bike,2022-03-02 17:11:53,2022-03-02 17:14:38,W 37 St & 10 Ave,6611,W 36 St & 9 Ave,6569,40.75660359,-73.9979009,40.75462324029105,-73.99516761302948,member
1626932,3558FA03BD73FEA6,electric_bike,2022-03-10 15:17:15,2022-03-10 15:18:47,W 37 St & 10 Ave,6611,W 36 St & 9 Ave,6569,40.75660359,-73.9979009,40.75462324029105,-73.99516761302948,member
1626958,C7677347F875F43B,electric_bike,2022-03-02 12:43:53,2022-03-02 13:01:42,E 55 St & 2 Ave,6650,W 36 St & 9 Ave,6569,40.75797322,-73.96603308,40.75462324029105,-73.99516761302948,member
1626959,2A15A8B4B8C4C811,electric_bike,2022-03-31 08:17:45,2022-03-31 08:30:43,West End Ave & W 60 St,7059,W 36 St & 9 Ave,6569,40.77237,-73.99005,40.75462324029105,-73.99516761302948,member
1626960,2835A40EF3FAA51C,classic_bike,2022-03-07 16:33:30,2022-03-07 16:35:15,W 37 St & 10 Ave,6611,W 36 St & 9 Ave,6569,40.75660359,-73.9979009,40.75462324029105,-73.99516761302948,member
1626961,6FAF1E39B6FA3BB2,classic_bike,2022-03-26 14:10:22,2022-03-26 14:13:08,W 37 St & 10 Ave,6611,W 36 St & 9 Ave,6569,40.75660359,-73.9979009,40.75462324029105,-73.99516761302948,member
1626963,D2E19C651E1A3F6F,classic_bike,2022-03-18 18:20:36,2022-03-18 18:24:01,8 Ave & W 38 St,6526,W 36 St & 9 Ave,6569,40.75461,-73.99177,40.75462324029105,-73.99516761302948,member
1626965,F65CAB33522DCC2B,classic_bike,2022-03-31 03:06:57,2022-03-31 03:22:21,8 Ave & W 38 St,6526,W 36 St & 9 Ave,6569,40.75461,-73.99177,40.75462324029105,-73.99516761302948,member
1626968,FDE42B9FFA5CD32B,classic_bike,2022-03-25 13:16:00,2022-03-25 13:18:15,8 Ave & W 38 St,6526,W 36 St & 9 Ave,6569,40.75461,-73.99177,40.75462324029105,-73.99516761302948,member
1626969,F5CCF451B7401D57,classic_bike,2022-03-07 07:51:22,2022-03-07 07:57:12,8 Ave & W 38 St,6526,W 36 St & 9 Ave,6569,40.75461,-73.99177,40.75462324029105,-73.99516761302948,casual
1626970,1CF133E13178683A,classic_bike,2022-03-17 22:05:33,2022-03-17 22:08:23,W 37 St & 10 Ave,6611,W 36 St & 9 Ave,6569,40.75660359,-73.9979009,40.75462324029105,-73.99516761302948,casual
1626971,F35EE9E94D52588D,electric_bike,2022-03-27 02:12:39,2022-03-27 02:14:56,W 37 St & 10 Ave,6611,W 36 St & 9 Ave,6569,40.75660359,-73.9979009,40.75462324029105,-73.99516761302948,member
1626978,8D061E68DC420CE9,classic_bike,2022-03-07 07:10:50,2022-03-07 07:12:41,8 Ave & W 38 St,6526,W 36 St & 9 Ave,6569,40.75461,-73.99177,40.75462324029105,-73.99516761302948,member
1626984,9D480A71176CD527,classic_bike,2022-03-16 20:56:12,2022-03-16 21:02:58,8 Ave & W 38 St,6526,W 36 St & 9 Ave,6569,40.75461,-73.99177,40.75462324029105,-73.99516761302948,member
1626986,38DE708E4BADC7FF,classic_bike,2022-03-31 12:03:53,2022-03-31 12:10:24,8 Ave & W 38 St,6526,W 36 St & 9 Ave,6569,40.75461,-73.99177,40.75462324029105,-73.99516761302948,casual
1626987,78057EFDE6F58357,classic_bike,2022-03-02 04:27:24,2022-03-02 04:43:11,8 Ave & W 38 St,6526,W 36 St & 9 Ave,6569,40.75461,-73.99177,40.75462324029105,-73.99516761302948,casual
1626990,192ABAF9B44486A2,classic_bike,2022-03-30 14:18:07,2022-03-30 14:20:25,W 37 St & 10 Ave,6611,W 36 St & 9 Ave,6569,40.75660359,-73.9979009,40.75462324029105,-73.99516761302948,member
1626996,FDA7EC0FCFB0F4B0,electric_bike,2022-03-30 15:15:41,2022-03-30 15:16:58,W 37 St & 10 Ave,6611,W 36 St & 9 Ave,6569,40.75660359,-73.9979009,40.75462324029105,-73.99516761302948,member
1627001,F1DEA61A082CF064,classic_bike,2022-03-23 19:04:38,2022-03-23 19:16:22,5 Ave & E 29 St,6248,W 36 St & 9 Ave,6569,40.7451677,-73.98683077,40.75462324029105,-73.99516761302948,member
1627006,9A56D1F43C6C21C4,classic_bike,2022-03-23 11:37:22,2022-03-23 12:00:09,Riverside Dr & W 82 St,7388,W 36 St & 9 Ave,6569,40.78720869,-73.98128127,40.75462324029105,-73.99516761302948,casual
1627007,11A439DF206AFF6C,electric_bike,2022-03-30 23:35:58,2022-03-30 23:49:52,Christopher St & Greenwich St,5847,W 36 St & 9 Ave,6569,40.73291553,-74.00711384,40.75462324029105,-73.99516761302948,casual
1627015,F64AD8EBD06514F8,electric_bike,2022-03-21 13:20:19,2022-03-21 13:29:39,5 Ave & E 29 St,6248,W 36 St & 9 Ave,6569,40.7451677,-73.98683077,40.75462324029105,-73.99516761302948,member
1627016,6D1E4B52B3C18EC4,electric_bike,2022-03-17 14:51:22,2022-03-17 15:04:30,5 Ave & E 29 St,6248,W 36 St & 9 Ave,6569,40.7451677,-73.98683077,40.75462324029105,-73.99516761302948,member
1627020,C226E10BDBFB4ABE,electric_bike,2022-03-31 19:54:55,2022-03-31 20:03:27,8 Ave & W 16 St,6072,W 36 St & 9 Ave,6569,40.740983,-74.001702,40.75462324029105,-73.99516761302948,member
1627033,510B7759DD20FC7D,electric_bike,2022-03-28 15:50:23,2022-03-28 15:59:04,Broadway & W 56 St,6847,W 36 St & 9 Ave,6569,40.7652654,-73.98192338,40.75462324029105,-73.99516761302948,member
1627039,A38ADBABC694BEE9,classic_bike,2022-03-01 17:49:26,2022-03-01 17:59:53,9 Ave & W 18 St,6190,W 36 St & 9 Ave,6569,40.74317449,-74.00366443,40.75462324029105,-73.99516761302948,member
1627042,C2C0B44E1F3795E7,classic_bike,2022-03-27 11:40:38,2022-03-27 11:42:37,W 37 St & 10 Ave,6611,W 36 St & 9 Ave,6569,40.75660359,-73.9979009,40.75462324029105,-73.99516761302948,member
1627044,F48603AB4FA3C9E0,classic_bike,2022-03-05 18:23:51,2022-03-05 18:26:05,W 37 St & 10 Ave,6611,W 36 St & 9 Ave,6569,40.75660359,-73.9979009,40.75462324029105,-73.99516761302948,member
1627045,A0F5EBCCAB099902,electric_bike,2022-03-06 18:30:54,2022-03-06 18:40:09,8 Ave & W 52 St,6816,W 36 St & 9 Ave,6569,40.76370739,-73.9851615,40.75462324029105,-73.99516761302948,member
1627046,A78CD6E1490BB48C,electric_bike,2022-03-01 18:41:42,2022-03-01 18:58:20,W 44 St & 5 Ave,6551,W 36 St & 9 Ave,6569,40.75500254,-73.98014437,40.75462324029105,-73.99516761302948,member
1627049,49D5828AFD29481C,electric_bike,2022-03-21 23:05:12,2022-03-21 23:09:33,W 41 St & 8 Ave,6602,W 36 St & 9 Ave,6569,40.75640548,-73.9900262,40.75462324029105,-73.99516761302948,member
1627050,BA3C82D605F0E146,electric_bike,2022-03-07 09:11:52,2022-03-07 10:33:06,W 41 St & 8 Ave,6602,W 36 St & 9 Ave,6569,40.75640548,-73.9900262,40.75462324029105,-73.99516761302948,member
1627052,83BF076E7454CEEE,classic_bike,2022-03-18 12:34:51,2022-03-18 12:42:42,8 Ave & W 52 St,6816,W 36 St & 9 Ave,6569,40.76370739,-73.9851615,40.75462324029105,-73.99516761302948,member
1627053,A00C3B506EC5F114,electric_bike,2022-03-16 07:57:00,2022-03-16 08:03:26,Broadway & W 56 St,6847,W 36 St & 9 Ave,6569,40.7652654,-73.98192338,40.75462324029105,-73.99516761302948,member
1627059,52D4BA15D7DD0C34,classic_bike,2022-03-25 21:48:21,2022-03-25 21:52:33,W 41 St & 8 Ave,6602,W 36 St & 9 Ave,6569,40.75640548,-73.9900262,40.75462324029105,-73.99516761302948,member
1627061,F9D9628905E2D32E,classic_bike,2022-03-19 12:47:46,2022-03-19 12:50:57,W 41 St & 8 Ave,6602,W 36 St & 9 Ave,6569,40.75640548,-73.9900262,40.75462324029105,-73.99516761302948,member
1627066,999C89C8EA1B3D3B,electric_bike,2022-03-28 12:45:18,2022-03-28 12:53:23,Broadway & W 53 St,6779,W 36 St & 9 Ave,6569,40.76344058,-73.98268129,40.75462324029105,-73.99516761302948,member
1627068,BDC2F9874CB5C07D,electric_bike,2022-03-16 14:28:08,2022-03-16 14:32:31,W 37 St & 10 Ave,6611,W 36 St & 9 Ave,6569,40.75660359,-73.9979009,40.75462324029105,-73.99516761302948,casual
1627071,5E398C346D594828,classic_bike,2022-03-25 08:51:43,2022-03-25 08:57:25,W 34 St & 11 Ave,6578,W 36 St & 9 Ave,6569,40.75594159,-74.0021163,40.75462324029105,-73.99516761302948,member
1627072,3286C891B9371A3C,classic_bike,2022-03-31 10:09:53,2022-03-31 10:15:31,W 34 St & 11 Ave,6578,W 36 St & 9 Ave,6569,40.75594159,-74.0021163,40.75462324029105,-73.99516761302948,member
1627075,C6C8A40C08031CE7,electric_bike,2022-03-03 09:31:46,2022-03-03 09:42:46,Christopher St & Greenwich St,5847,W 36 St & 9 Ave,6569,40.73291553,-74.00711384,40.75462324029105,-73.99516761302948,member
1627084,5AA4DC0122C5AD48,electric_bike,2022-03-15 09:30:53,2022-03-15 09:39:50,W 44 St & 5 Ave,6551,W 36 St & 9 Ave,6569,40.75500254,-73.98014437,40.75462324029105,-73.99516761302948,member
1627086,3FF0BDE12AA73787,electric_bike,2022-03-11 12:14:03,2022-03-11 12:24:15,W 41 St & 8 Ave,6602,W 36 St & 9 Ave,6569,40.75640548,-73.9900262,40.75462324029105,-73.99516761302948,member
1627087,60DF37B7B5E072AB,classic_bike,2022-03-23 12:13:43,2022-03-23 12:23:14,Broadway & W 53 St,6779,W 36 St & 9 Ave,6569,40.76344058,-73.98268129,40.75462324029105,-73.99516761302948,member
1627090,152CC8F6E8698055,classic_bike,2022-03-08 20:22:32,2022-03-08 20:27:19,W 41 St & 8 Ave,6602,W 36 St & 9 Ave,6569,40.75640548,-73.9900262,40.75462324029105,-73.99516761302948,member
1627091,FA1EAF3C75DE3866,classic_bike,2022-03-14 16:11:56,2022-03-14 16:15:17,W 41 St & 8 Ave,6602,W 36 St & 9 Ave,6569,40.75640548,-73.9900262,40.75462324029105,-73.99516761302948,member
1627100,468447E9448D1EF5,electric_bike,2022-03-03 07:33:56,2022-03-03 07:41:51,Washington St & Gansevoort St,6039,W 36 St & 9 Ave,6569,40.739323,-74.008119,40.75462324029105,-73.99516761302948,member
1627101,E237334C7018B4A1,electric_bike,2022-03-02 07:23:32,2022-03-02 07:30:44,Washington St & Gansevoort St,6039,W 36 St & 9 Ave,6569,40.739323,-74.008119,40.75462324029105,-73.99516761302948,member
1627102,BCBBBF44FFAFF797,electric_bike,2022-03-30 18:31:57,2022-03-30 18:52:31,Riverside Dr & W 91 St,7524,W 36 St & 9 Ave,6569,40.79313480986663,-73.97700369358063,40.75462324029105,-73.99516761302948,member
1627124,487EA5341D5B6A35,classic_bike,2022-03-29 20:18:26,2022-03-29 20:23:10,W 41 St & 8 Ave,6602,W 36 St & 9 Ave,6569,40.75640548,-73.9900262,40.75462324029105,-73.99516761302948,member
1627129,3D45B396309B073C,electric_bike,2022-03-25 15:34:46,2022-03-25 15:45:01,W 52 St & 11 Ave,6926,W 36 St & 9 Ave,6569,40.76727216,-73.99392888,40.75462324029105,-73.99516761302948,member
1627144,130A859705103FCD,electric_bike,2022-03-14 10:09:34,2022-03-14 10:16:57,W 52 St & 11 Ave,6926,W 36 St & 9 Ave,6569,40.76727216,-73.99392888,40.75462324029105,-73.99516761302948,member
1627148,2195FEAD13053952,electric_bike,2022-03-07 18:42:13,2022-03-07 18:58:51,1 Ave & E 62 St,6753,W 36 St & 9 Ave,6569,40.7612274,-73.96094022,40.75462324029105,-73.99516761302948,member
1627153,D4D888D1FB78EC53,classic_bike,2022-03-24 19:14:09,2022-03-24 19:20:14,10 Ave & W 28 St,6459,W 36 St & 9 Ave,6569,40.75066386,-74.00176802,40.75462324029105,-73.99516761302948,member
1627154,897F062408820D6E,classic_bike,2022-03-31 18:41:59,2022-03-31 18:48:59,10 Ave & W 28 St,6459,W 36 St & 9 Ave,6569,40.75066386,-74.00176802,40.75462324029105,-73.99516761302948,casual
1627159,286D2B655ACEDB98,classic_bike,2022-03-17 01:12:13,2022-03-17 01:16:58,10 Ave & W 28 St,6459,W 36 St & 9 Ave,6569,40.75066386,-74.00176802,40.75462324029105,-73.99516761302948,member
1627165,48DD14ABEAD446A3,electric_bike,2022-03-27 15:30:25,2022-03-27 15:37:52,W 52 St & 11 Ave,6926,W 36 St & 9 Ave,6569,40.76727216,-73.99392888,40.75462324029105,-73.99516761302948,member
1627166,D3EC8E786F74B15E,electric_bike,2022-03-06 02:22:55,2022-03-06 02:27:56,10 Ave & W 28 St,6459,W 36 St & 9 Ave,6569,40.75066386,-74.00176802,40.75462324029105,-73.99516761302948,member
1627169,F1E0D3DF5DF80FB0,electric_bike,2022-03-25 20:43:33,2022-03-25 21:22:17,Broadway & W 41 St,6560,W 36 St & 9 Ave,6569,40.75513557,-73.98658032,40.75462324029105,-73.99516761302948,member
1627170,D9BFEC7F93851FAE,electric_bike,2022-03-01 14:13:06,2022-03-01 14:22:31,W 54 St & 11 Ave,6955,W 36 St & 9 Ave,6569,40.768333,-73.992573,40.75462324029105,-73.99516761302948,member
1627171,E9A8ABE7ECB582E5,electric_bike,2022-03-01 10:19:02,2022-03-01 10:26:11,W 54 St & 11 Ave,6955,W 36 St & 9 Ave,6569,40.768333,-73.992573,40.75462324029105,-73.99516761302948,member
1627174,70C0BCAA6D593BF9,classic_bike,2022-03-29 09:32:56,2022-03-29 09:44:26,W 54 St & 11 Ave,6955,W 36 St & 9 Ave,6569,40.768333,-73.992573,40.75462324029105,-73.99516761302948,member
1627175,E1F63F70C2B88FC5,electric_bike,2022-03-01 09:30:45,2022-03-01 09:39:22,W 54 St & 11 Ave,6955,W 36 St & 9 Ave,6569,40.768333,-73.992573,40.75462324029105,-73.99516761302948,member
1627176,A112B10F6E4C2D58,electric_bike,2022-03-27 09:33:45,2022-03-27 09:40:58,W 54 St & 11 Ave,6955,W 36 St & 9 Ave,6569,40.768333,-73.992573,40.75462324029105,-73.99516761302948,member
1627177,BC43C0D1C63EBA10,electric_bike,2022-03-06 09:35:09,2022-03-06 09:41:44,W 54 St & 11 Ave,6955,W 36 St & 9 Ave,6569,40.768333,-73.992573,40.75462324029105,-73.99516761302948,member
1627178,95E4A6A98A210799,electric_bike,2022-03-20 09:30:05,2022-03-20 09:37:14,W 54 St & 11 Ave,6955,W 36 St & 9 Ave,6569,40.768333,-73.992573,40.75462324029105,-73.99516761302948,member
1627181,9AFBA3C0CD47688F,electric_bike,2022-03-11 14:50:02,2022-03-11 14:54:08,Broadway & W 38 St,6560,W 36 St & 9 Ave,6569,40.7529728216068,-73.98734897375107,40.75462324029105,-73.99516761302948,member
1627182,2B3D93C6BC8182DC,classic_bike,2022-03-16 01:31:46,2022-03-16 01:40:38,W 27 St & 7 Ave,6247,W 36 St & 9 Ave,6569,40.746647,-73.993915,40.75462324029105,-73.99516761302948,casual
1627183,1D85EDEC7B01F2C8,classic_bike,2022-03-19 17:54:08,2022-03-19 18:28:04,Broadway & W 38 St,6560,W 36 St & 9 Ave,6569,40.7529728216068,-73.98734897375107,40.75462324029105,-73.99516761302948,casual
1627186,C7F0F640B80F1F78,electric_bike,2022-03-18 11:42:43,2022-03-18 11:52:09,W 54 St & 11 Ave,6955,W 36 St & 9 Ave,6569,40.768333,-73.992573,40.75462324029105,-73.99516761302948,member
1627190,51460CC4DC84DC0F,classic_bike,2022-03-29 19:50:19,2022-03-29 19:55:43,Broadway & W 38 St,6560,W 36 St & 9 Ave,6569,40.7529728216068,-73.98734897375107,40.75462324029105,-73.99516761302948,member
1627193,0B66D7595DF14CC8,classic_bike,2022-03-01 19:49:58,2022-03-01 19:56:05,Broadway & W 38 St,6560,W 36 St & 9 Ave,6569,40.7529728216068,-73.98734897375107,40.75462324029105,-73.99516761302948,member
1627198,07C5B3D2BC648010,classic_bike,2022-03-20 17:50:40,2022-03-20 18:35:29,W 49 St & 8 Ave,6747,W 36 St & 9 Ave,6569,40.76227205,-73.98788205,40.75462324029105,-73.99516761302948,member
1627201,D518BA1D5108451C,electric_bike,2022-03-27 15:38:58,2022-03-27 15:47:25,Broadway & W 61 St,7014,W 36 St & 9 Ave,6569,40.77003010255044,-73.9819684624672,40.75462324029105,-73.99516761302948,member
1627207,302E814D071E1CE2,electric_bike,2022-03-16 08:29:21,2022-03-16 08:33:38,W 49 St & 8 Ave,6747,W 36 St & 9 Ave,6569,40.76227205,-73.98788205,40.75462324029105,-73.99516761302948,casual
1627208,A3AB2C147101FEA3,classic_bike,2022-03-18 12:21:19,2022-03-18 12:26:57,W 49 St & 8 Ave,6747,W 36 St & 9 Ave,6569,40.76227205,-73.98788205,40.75462324029105,-73.99516761302948,casual
1627209,20F777DE336270A6,electric_bike,2022-03-18 11:15:36,2022-03-18 11:27:19,W 49 St & 8 Ave,6747,W 36 St & 9 Ave,6569,40.76227205,-73.98788205,40.75462324029105,-73.99516761302948,casual
1627214,7BDE0338286930F1,electric_bike,2022-03-31 17:15:46,2022-03-31 17:22:39,Broadway\t& W 48 St,6708,W 36 St & 9 Ave,6569,40.76017739537783,-73.98486793041229,40.75462324029105,-73.99516761302948,casual
1627222,32E514904AB038F0,electric_bike,2022-03-23 19:03:52,2022-03-23 19:09:03,W 49 St & 8 Ave,6747,W 36 St & 9 Ave,6569,40.76227205,-73.98788205,40.75462324029105,-73.99516761302948,member
1627225,3EEFF44B58C57074,classic_bike,2022-03-22 18:15:39,2022-03-22 18:24:35,Broadway\t& W 48 St,6708,W 36 St & 9 Ave,6569,40.76017739537783,-73.98486793041229,40.75462324029105,-73.99516761302948,casual
1627232,B950AB5CD48BF886,classic_bike,2022-03-01 22:24:48,2022-03-01 22:30:56,Broadway & W 41 St,6560,W 36 St & 9 Ave,6569,40.75513557,-73.98658032,40.75462324029105,-73.99516761302948,member
1627233,A52E52A1A266BC75,classic_bike,2022-03-08 09:31:19,2022-03-08 09:41:12,W 54 St & 11 Ave,6955,W 36 St & 9 Ave,6569,40.768333,-73.992573,40.75462324029105,-73.99516761302948,member
1627236,749DDD2BFAE414BA,classic_bike,2022-03-21 12:40:18,2022-03-21 12:49:31,W 54 St & 11 Ave,6955,W 36 St & 9 Ave,6569,40.768333,-73.992573,40.75462324029105,-73.99516761302948,member
1627238,EFB1E492539E8347,classic_bike,2022-03-30 13:58:13,2022-03-30 14:46:38,Broadway & W 41 St,6560,W 36 St & 9 Ave,6569,40.75513557,-73.98658032,40.75462324029105,-73.99516761302948,casual
1627244,8A56393CCA34D7DA,electric_bike,2022-03-10 09:11:24,2022-03-10 09:20:38,W 54 St & 11 Ave,6955,W 36 St & 9 Ave,6569,40.768333,-73.992573,40.75462324029105,-73.99516761302948,member
1627245,A553C4CEDB5776CA,electric_bike,2022-03-24 09:30:37,2022-03-24 09:38:50,W 54 St & 11 Ave,6955,W 36 St & 9 Ave,6569,40.768333,-73.992573,40.75462324029105,-73.99516761302948,member
1627247,F4D803DBE25BB0CB,electric_bike,2022-03-05 17:00:29,2022-03-05 17:05:03,8 Ave & W 27 St,6297,W 36 St & 9 Ave,6569,40.747968,-73.996637,40.75462324029105,-73.99516761302948,member
1627249,A86D2049756D4A41,classic_bike,2022-03-04 11:43:09,2022-03-04 11:53:26,W 54 St & 11 Ave,6955,W 36 St & 9 Ave,6569,40.768333,-73.992573,40.75462324029105,-73.99516761302948,member
1627250,F671D01530234930,classic_bike,2022-03-27 16:10:26,2022-03-27 16:22:38,W 54 St & 11 Ave,6955,W 36 St & 9 Ave,6569,40.768333,-73.992573,40.75462324029105,-73.99516761302948,member
1627267,7918EA78AB541168,classic_bike,2022-03-06 19:18:17,2022-03-06 20:38:33,Old Fulton St,4903,W 36 St & 9 Ave,6569,40.70277159,-73.99383605,40.75462324029105,-73.99516761302948,casual
1627276,A4CC96B2734F32D7,electric_bike,2022-03-28 18:12:22,2022-03-28 18:19:13,11 Ave & W 27 St,6425,W 36 St & 9 Ave,6569,40.751396,-74.005226,40.75462324029105,-73.99516761302948,member
1627278,3E7F62777261C074,classic_bike,2022-03-16 09:46:41,2022-03-16 09:53:08,W 49 St & 8 Ave,6747,W 36 St & 9 Ave,6569,40.76227205,-73.98788205,40.75462324029105,-73.99516761302948,member
1627280,BF6C51B1AD044E61,classic_bike,2022-03-07 16:09:01,2022-03-07 16:14:04,8 Ave & W 27 St,6297,W 36 St & 9 Ave,6569,40.747968,-73.996637,40.75462324029105,-73.99516761302948,member
1627287,6F25A0E67779207D,electric_bike,2022-03-07 19:29:40,2022-03-07 19:34:39,W 43 St & 10 Ave,6756,W 36 St & 9 Ave,6569,40.76009437,-73.99461843,40.75462324029105,-73.99516761302948,member
1627291,BC39CB346BD0A27F,classic_bike,2022-03-27 17:39:45,2022-03-27 17:46:12,W 43 St & 10 Ave,6756,W 36 St & 9 Ave,6569,40.76009437,-73.99461843,40.75462324029105,-73.99516761302948,member
1627292,B279F370F538B058,electric_bike,2022-03-26 08:53:32,2022-03-26 08:57:00,W 43 St & 10 Ave,6756,W 36 St & 9 Ave,6569,40.76009437,-73.99461843,40.75462324029105,-73.99516761302948,member
1627293,399B80443BCE1EC2,classic_bike,2022-03-18 17:15:39,2022-03-18 17:21:07,W 43 St & 10 Ave,6756,W 36 St & 9 Ave,6569,40.76009437,-73.99461843,40.75462324029105,-73.99516761302948,member
1627297,93C3A280E91CD9FF,electric_bike,2022-03-30 16:53:21,2022-03-30 17:01:36,W 21 St & 6 Ave,6140,W 36 St & 9 Ave,6569,40.74173969,-73.99415556,40.75462324029105,-73.99516761302948,member
1627298,0D4272775A9BDFBB,classic_bike,2022-03-17 05:46:38,2022-03-17 05:51:34,W 49 St & 8 Ave,6747,W 36 St & 9 Ave,6569,40.76227205,-73.98788205,40.75462324029105,-73.99516761302948,member
1627299,39E37DB4A72D9F4B,classic_bike,2022-03-18 05:47:12,2022-03-18 05:52:02,W 49 St & 8 Ave,6747,W 36 St & 9 Ave,6569,40.76227205,-73.98788205,40.75462324029105,-73.99516761302948,member
1627304,E3DE67D94ABD1506,classic_bike,2022-03-22 15:17:20,2022-03-22 15:46:00,Suffolk St & Stanton St,5445,W 36 St & 9 Ave,6569,40.72066442,-73.98517977,40.75462324029105,-73.99516761302948,member
1627317,289AD13B4A8BAD29,classic_bike,2022-03-11 14:04:46,2022-03-11 14:29:59,Suffolk St & Stanton St,5445,W 36 St & 9 Ave,6569,40.72066442,-73.98517977,40.75462324029105,-73.99516761302948,member
1627318,55BD4E84C8D1B0CF,classic_bike,2022-03-11 18:18:41,2022-03-11 18:24:06,W 43 St & 10 Ave,6756,W 36 St & 9 Ave,6569,40.76009437,-73.99461843,40.75462324029105,-73.99516761302948,member
1627320,A5DBC884DC58B265,electric_bike,2022-03-22 05:02:24,2022-03-22 05:05:35,W 26 St & 10 Ave,6382,W 36 St & 9 Ave,6569,40.749717753,-74.002950346,40.75462324029105,-73.99516761302948,member
1627337,CE7FD9EB52369C03,electric_bike,2022-03-03 08:26:15,2022-03-03 08:35:13,E 40 St & Park Ave,6432,W 36 St & 9 Ave,6569,40.750756,-73.978326,40.75462324029105,-73.99516761302948,member
1627343,9E8A1B06FC912158,electric_bike,2022-03-22 19:50:45,2022-03-22 19:57:40,E 40 St & Park Ave,6432,W 36 St & 9 Ave,6569,40.750756,-73.978326,40.75462324029105,-73.99516761302948,member
1627345,FF2A5FD7EC5DE688,electric_bike,2022-03-14 18:00:37,2022-03-14 18:06:02,8 Ave & W 27 St,6297,W 36 St & 9 Ave,6569,40.747968,-73.996637,40.75462324029105,-73.99516761302948,member
1627352,B1D27E9D9CE30FFD,classic_bike,2022-03-31 19:51:49,2022-03-31 19:56:22,8 Ave & W 27 St,6297,W 36 St & 9 Ave,6569,40.747968,-73.996637,40.75462324029105,-73.99516761302948,member
1627358,3B7D1525FBBA6FC8,electric_bike,2022-03-04 09:19:36,2022-03-04 09:27:16,W 20 St & 7 Ave,6182,W 36 St & 9 Ave,6569,40.74238787,-73.99726235,40.75462324029105,-73.99516761302948,member
1627360,926E2E17721CF319,classic_bike,2022-03-17 23:29:16,2022-03-17 23:37:03,W 26 St & 10 Ave,6382,W 36 St & 9 Ave,6569,40.749717753,-74.002950346,40.75462324029105,-73.99516761302948,casual
1627361,64C648D50FEF56CF,docked_bike,2022-03-11 15:48:30,2022-03-11 15:58:38,W 20 St & 7 Ave,6182,W 36 St & 9 Ave,6569,40.742388,-73.997262,40.754623,-73.995168,casual
1627373,085338DCC3D20ED6,classic_bike,2022-03-23 14:03:56,2022-03-23 14:25:08,5 Ave & E 63 St,6904,W 36 St & 9 Ave,6569,40.766368,-73.971518,40.75462324029105,-73.99516761302948,member
1627384,3A2A7EB04F13BF09,electric_bike,2022-03-15 04:53:46,2022-03-15 04:57:10,W 26 St & 10 Ave,6382,W 36 St & 9 Ave,6569,40.749717753,-74.002950346,40.75462324029105,-73.99516761302948,member
1627388,E663E9D5997B9BD2,classic_bike,2022-03-12 12:01:15,2022-03-12 12:09:28,W 20 St & 7 Ave,6182,W 36 St & 9 Ave,6569,40.74238787,-73.99726235,40.75462324029105,-73.99516761302948,member
1627407,24E5646D94181D5B,electric_bike,2022-03-27 06:48:31,2022-03-27 06:57:08,E 33 St & 1 Ave,6197,W 36 St & 9 Ave,6569,40.74322681432173,-73.97449783980846,40.75462324029105,-73.99516761302948,member
1627411,501EEE09D662E463,classic_bike,2022-03-19 04:41:11,2022-03-19 05:45:21,E 59 St & Madison Ave,6801,W 36 St & 9 Ave,6569,40.76350532,-73.97109243,40.75462324029105,-73.99516761302948,casual
1627443,479F302B120044DC,classic_bike,2022-03-19 04:30:09,2022-03-19 11:19:53,E 59 St & Madison Ave,6801,W 36 St & 9 Ave,6569,40.76350532,-73.97109243,40.75462324029105,-73.99516761302948,casual
1627446,C309887E299923A9,docked_bike,2022-03-30 14:59:12,2022-03-30 15:08:32,E 33 St & 5 Ave,6322,W 36 St & 9 Ave,6569,40.747659,-73.984907,40.754623,-73.995168,casual
1627450,C5F6341A9DF4771C,classic_bike,2022-03-09 19:30:50,2022-03-09 19:48:20,E 33 St & 1 Ave,6197,W 36 St & 9 Ave,6569,40.74322681432173,-73.97449783980846,40.75462324029105,-73.99516761302948,member
1627465,CC0BEDEDFE5F1FB3,classic_bike,2022-03-12 13:51:37,2022-03-12 14:01:10,W 20 St & 7 Ave,6182,W 36 St & 9 Ave,6569,40.74238787,-73.99726235,40.75462324029105,-73.99516761302948,member
1627474,5B35DDB900D232C1,classic_bike,2022-03-14 18:52:49,2022-03-14 19:09:44,MacDougal St & Washington Sq,5797,W 36 St & 9 Ave,6569,40.73226398,-73.99852205,40.75462324029105,-73.99516761302948,member
1627480,9A6C0342AAF4A68E,classic_bike,2022-03-29 17:54:21,2022-03-29 18:17:49,E 19 St & 3 Ave,5938,W 36 St & 9 Ave,6569,40.73624527,-73.98473765,40.75462324029105,-73.99516761302948,casual
1627481,C10409F5CE039F68,electric_bike,2022-03-04 10:51:01,2022-03-04 11:02:00,E 53 St & Madison Ave,6659,W 36 St & 9 Ave,6569,40.7597108,-73.97402311,40.75462324029105,-73.99516761302948,casual
1627484,1D81A633001C1F73,classic_bike,2022-03-19 16:09:28,2022-03-19 16:18:41,W 21 St & 6 Ave,6140,W 36 St & 9 Ave,6569,40.74173969,-73.99415556,40.75462324029105,-73.99516761302948,member
1627485,D15437956C8C8954,classic_bike,2022-03-11 17:32:16,2022-03-11 17:34:57,W 42 St & 8 Ave,6602,W 36 St & 9 Ave,6569,40.7575699,-73.99098507,40.75462324029105,-73.99516761302948,member
1627491,4F5B62C4EFFF624E,electric_bike,2022-03-31 06:55:36,2022-03-31 06:58:09,W 42 St & 8 Ave,6602,W 36 St & 9 Ave,6569,40.7575699,-73.99098507,40.75462324029105,-73.99516761302948,member
1627493,19D7FA7E1B8F4C35,classic_bike,2022-03-08 15:49:34,2022-03-08 15:54:36,W 43 St & 10 Ave,6756,W 36 St & 9 Ave,6569,40.76009437,-73.99461843,40.75462324029105,-73.99516761302948,member
1627506,A21C620B7F1EE4C0,electric_bike,2022-03-29 06:54:50,2022-03-29 06:58:18,W 42 St & 8 Ave,6602,W 36 St & 9 Ave,6569,40.7575699,-73.99098507,40.75462324029105,-73.99516761302948,member
1627508,EF57EE96B2DA4423,classic_bike,2022-03-30 11:30:54,2022-03-30 11:35:09,W 42 St & 8 Ave,6602,W 36 St & 9 Ave,6569,40.7575699,-73.99098507,40.75462324029105,-73.99516761302948,member
1627517,44A1C81EBF739E74,classic_bike,2022-03-04 13:45:16,2022-03-04 13:48:24,W 42 St & 8 Ave,6602,W 36 St & 9 Ave,6569,40.7575699,-73.99098507,40.75462324029105,-73.99516761302948,member
1627524,4B936EF4B6FA6C88,classic_bike,2022-03-11 15:59:12,2022-03-11 16:16:42,W 42 St & 8 Ave,6602,W 36 St & 9 Ave,6569,40.7575699,-73.99098507,40.75462324029105,-73.99516761302948,casual
1627526,4CB29B989CD26B6E,docked_bike,2022-03-20 09:55:21,2022-03-20 10:17:13,8 Ave & W 27 St,6297,W 36 St & 9 Ave,6569,40.747968,-73.996637,40.754623,-73.995168,casual
1627530,F3D2139CA835AECA,classic_bike,2022-03-14 13:11:56,2022-03-14 13:24:37,8 Ave & W 27 St,6297,W 36 St & 9 Ave,6569,40.747968,-73.996637,40.75462324029105,-73.99516761302948,casual
1627535,31C53D76F1BF0592,electric_bike,2022-03-14 19:30:57,2022-03-14 19:36:07,W 42 St & 8 Ave,6602,W 36 St & 9 Ave,6569,40.7575699,-73.99098507,40.75462324029105,-73.99516761302948,casual
1627536,3244A1EBDD22C19F,classic_bike,2022-03-22 06:56:08,2022-03-22 06:59:50,W 42 St & 8 Ave,6602,W 36 St & 9 Ave,6569,40.7575699,-73.99098507,40.75462324029105,-73.99516761302948,member
1627537,29785C62661EB720,classic_bike,2022-03-27 16:59:56,2022-03-27 17:03:51,W 42 St & 8 Ave,6602,W 36 St & 9 Ave,6569,40.7575699,-73.99098507,40.75462324029105,-73.99516761302948,member
1627538,19805C2435302E3E,electric_bike,2022-03-08 06:53:25,2022-03-08 06:56:14,W 42 St & 8 Ave,6602,W 36 St & 9 Ave,6569,40.7575699,-73.99098507,40.75462324029105,-73.99516761302948,member
1627574,DC6AB7F29EEC988E,classic_bike,2022-03-11 12:30:05,2022-03-11 12:34:48,8 Ave & W 33 St,6450,W 36 St & 9 Ave,6569,40.751551,-73.993934,40.75462324029105,-73.99516761302948,member
1627575,A52ACE8297F17F9D,classic_bike,2022-03-08 16:52:30,2022-03-08 16:54:27,8 Ave & W 33 St,6450,W 36 St & 9 Ave,6569,40.751551,-73.993934,40.75462324029105,-73.99516761302948,member
1627579,7994B294DF187349,electric_bike,2022-03-31 19:12:38,2022-03-31 19:24:36,E 33 St & 1 Ave,6197,W 36 St & 9 Ave,6569,40.74322681432173,-73.97449783980846,40.75462324029105,-73.99516761302948,member
1627582,89A4A2BD171314F6,classic_bike,2022-03-31 17:10:28,2022-03-31 17:12:33,8 Ave & W 33 St,6450,W 36 St & 9 Ave,6569,40.751551,-73.993934,40.75462324029105,-73.99516761302948,member
1627589,76102F194F6541F6,classic_bike,2022-03-10 06:48:53,2022-03-10 06:51:21,8 Ave & W 33 St,6450,W 36 St & 9 Ave,6569,40.751551,-73.993934,40.75462324029105,-73.99516761302948,member
1627595,A506DFDEE46583A0,electric_bike,2022-03-23 08:27:59,2022-03-23 08:56:09,Flushing Ave & Vanderbilt Ave,4762,W 36 St & 9 Ave,6569,40.69795031569544,-73.97077560424805,40.75462324029105,-73.99516761302948,member
1627604,430CA9BD38DED9E9,classic_bike,2022-03-28 20:35:09,2022-03-28 20:37:34,8 Ave & W 33 St,6450,W 36 St & 9 Ave,6569,40.751551,-73.993934,40.75462324029105,-73.99516761302948,member
1627605,84FD01A5D9C41701,classic_bike,2022-03-29 19:56:09,2022-03-29 19:58:03,8 Ave & W 33 St,6450,W 36 St & 9 Ave,6569,40.751551,-73.993934,40.75462324029105,-73.99516761302948,member
1627607,F87A5C8158C0B4A5,electric_bike,2022-03-29 17:22:51,2022-03-29 17:25:36,8 Ave & W 33 St,6450,W 36 St & 9 Ave,6569,40.751551,-73.993934,40.75462324029105,-73.99516761302948,member
1627608,CD8701FBFB029B8C,classic_bike,2022-03-01 07:52:01,2022-03-01 08:29:47,Bridge St & Water St,4968,W 36 St & 9 Ave,6569,40.70296934155272,-73.98469090461731,40.75462324029105,-73.99516761302948,member
1627609,86EDD1E3289ED218,electric_bike,2022-03-25 20:25:16,2022-03-25 20:30:19,W 45 St & 8 Ave,6676,W 36 St & 9 Ave,6569,40.75929124,-73.98859651,40.75462324029105,-73.99516761302948,member
1627612,8611461A8493C6F7,classic_bike,2022-03-16 07:55:48,2022-03-16 08:03:38,10 Ave & W 28 St,6459,W 36 St & 9 Ave,6569,40.75066386,-74.00176802,40.75462324029105,-73.99516761302948,member
1627613,41C1E902D145DD96,classic_bike,2022-03-17 02:29:28,2022-03-17 02:34:15,10 Ave & W 28 St,6459,W 36 St & 9 Ave,6569,40.75066386,-74.00176802,40.75462324029105,-73.99516761302948,member
1627618,F18CC6C487C123BB,classic_bike,2022-03-10 18:21:23,2022-03-10 18:30:04,11 Ave & W 27 St,6425,W 36 St & 9 Ave,6569,40.751396,-74.005226,40.75462324029105,-73.99516761302948,member
1627619,2CDFDDC13B5F0E33,classic_bike,2022-03-07 03:15:03,2022-03-07 03:22:21,11 Ave & W 27 St,6425,W 36 St & 9 Ave,6569,40.751396,-74.005226,40.75462324029105,-73.99516761302948,member
1627621,F2BD42BFE604372E,classic_bike,2022-03-13 20:38:01,2022-03-13 20:41:46,W 43 St & 10 Ave,6756,W 36 St & 9 Ave,6569,40.76009437,-73.99461843,40.75462324029105,-73.99516761302948,member
1627622,ACD42840E9019BA1,classic_bike,2022-03-31 16:11:31,2022-03-31 16:17:15,W 43 St & 10 Ave,6756,W 36 St & 9 Ave,6569,40.76009437,-73.99461843,40.75462324029105,-73.99516761302948,member
1627623,643BBD1C3C81F681,classic_bike,2022-03-10 16:27:34,2022-03-10 16:32:11,W 43 St & 10 Ave,6756,W 36 St & 9 Ave,6569,40.76009437,-73.99461843,40.75462324029105,-73.99516761302948,member
1627624,625B58FF262B4B21,electric_bike,2022-03-02 17:52:38,2022-03-02 18:05:27,E 44 St & 2 Ave,6422,W 36 St & 9 Ave,6569,40.75118387463277,-73.97138714790344,40.75462324029105,-73.99516761302948,member
1627625,5C0CCF725953B719,classic_bike,2022-03-15 17:21:02,2022-03-15 17:34:48,W 43 St & 10 Ave,6756,W 36 St & 9 Ave,6569,40.76009437,-73.99461843,40.75462324029105,-73.99516761302948,member
1627626,5AE3E42243600120,electric_bike,2022-03-10 02:11:58,2022-03-10 02:16:22,11 Ave & W 27 St,6425,W 36 St & 9 Ave,6569,40.751396,-74.005226,40.75462324029105,-73.99516761302948,member
1627630,D17CF6641E8B4C6C,electric_bike,2022-03-05 21:42:50,2022-03-05 22:02:34,Lafayette St & Jersey St,5561,W 36 St & 9 Ave,6569,40.72456089,-73.99565293,40.75462324029105,-73.99516761302948,member
1627633,AB0659AC3438C6B2,electric_bike,2022-03-04 19:13:51,2022-03-04 19:42:34,W 45 St & 8 Ave,6676,W 36 St & 9 Ave,6569,40.75929124,-73.98859651,40.75462324029105,-73.99516761302948,member
1627634,6B087661C0197E11,electric_bike,2022-03-09 20:41:34,2022-03-09 20:51:31,W 4 St & 7 Ave S,5880,W 36 St & 9 Ave,6569,40.73401143,-74.00293877,40.75462324029105,-73.99516761302948,member
1627635,69196BFA7FAFFF8E,classic_bike,2022-03-26 23:55:09,2022-03-27 00:10:17,W 4 St & 7 Ave S,5880,W 36 St & 9 Ave,6569,40.73401143,-74.00293877,40.75462324029105,-73.99516761302948,casual
1627636,5DB10DF43188F0E2,electric_bike,2022-03-30 13:54:32,2022-03-30 14:20:15,Lafayette St & Jersey St,5561,W 36 St & 9 Ave,6569,40.72456089,-73.99565293,40.75462324029105,-73.99516761302948,member
1627637,7C5A9363B2610B97,classic_bike,2022-03-21 19:42:37,2022-03-21 19:47:18,W 43 St & 10 Ave,6756,W 36 St & 9 Ave,6569,40.76009437,-73.99461843,40.75462324029105,-73.99516761302948,member
1627644,AD900F1C57A78595,electric_bike,2022-03-06 16:43:52,2022-03-06 16:48:47,W 45 St & 8 Ave,6676,W 36 St & 9 Ave,6569,40.75929124,-73.98859651,40.75462324029105,-73.99516761302948,member
1627648,51E4646828116352,classic_bike,2022-03-03 11:57:38,2022-03-03 12:02:39,8 Ave & W 27 St,6297,W 36 St & 9 Ave,6569,40.747968,-73.996637,40.75462324029105,-73.99516761302948,member
1627649,34E11D48F4EB44E5,classic_bike,2022-03-14 03:37:55,2022-03-14 03:46:33,11 Ave & W 27 St,6425,W 36 St & 9 Ave,6569,40.751396,-74.005226,40.75462324029105,-73.99516761302948,member
1627666,EA460CEA8BD9B976,classic_bike,2022-03-26 17:51:28,2022-03-26 17:57:32,8 Ave & W 27 St,6297,W 36 St & 9 Ave,6569,40.747968,-73.996637,40.75462324029105,-73.99516761302948,casual
1627668,6545066C8F7EC955,classic_bike,2022-03-29 12:47:07,2022-03-29 12:52:53,W 45 St & 8 Ave,6676,W 36 St & 9 Ave,6569,40.75929124,-73.98859651,40.75462324029105,-73.99516761302948,member
1627674,B916C242A7FFBD31,classic_bike,2022-03-01 20:18:13,2022-03-01 20:22:48,W 41 St & 8 Ave,6602,W 36 St & 9 Ave,6569,40.75640548,-73.9900262,40.75462324029105,-73.99516761302948,member
1627675,0E667325E1A0F95B,classic_bike,2022-03-31 17:36:11,2022-03-31 17:47:28,Broadway & W 53 St,6779,W 36 St & 9 Ave,6569,40.76344058,-73.98268129,40.75462324029105,-73.99516761302948,member
1627683,DAE74D5077C210D9,classic_bike,2022-03-07 19:07:56,2022-03-07 19:29:38,West St & Chambers St,5329,W 36 St & 9 Ave,6569,40.71754834,-74.01322069,40.75462324029105,-73.99516761302948,casual
1627693,7DD7C5A45324F4A5,electric_bike,2022-03-25 13:18:42,2022-03-25 13:42:05,W 100 St & Broadway,7580,W 36 St & 9 Ave,6569,40.7973721,-73.97041192,40.75462324029105,-73.99516761302948,member
1627699,C84A62EFD52CE0BF,electric_bike,2022-03-18 10:31:22,2022-03-18 10:36:25,W 30 St & 10 Ave,6459,W 36 St & 9 Ave,6569,40.752694,-74.002353,40.75462324029105,-73.99516761302948,member
1627700,57F5435FBA3C94BC,electric_bike,2022-03-23 17:29:11,2022-03-23 17:33:32,W 30 St & 10 Ave,6459,W 36 St & 9 Ave,6569,40.752694,-74.002353,40.75462324029105,-73.99516761302948,member
1627704,16FAB562BCD465A5,electric_bike,2022-03-04 02:32:30,2022-03-04 02:35:41,W 30 St & 10 Ave,6459,W 36 St & 9 Ave,6569,40.752694,-74.002353,40.75462324029105,-73.99516761302948,member
1627706,7384217B8F78512B,electric_bike,2022-03-03 18:46:50,2022-03-03 18:51:52,W 30 St & 10 Ave,6459,W 36 St & 9 Ave,6569,40.752694,-74.002353,40.75462324029105,-73.99516761302948,member
1627711,EBAAA1B7C60368F5,classic_bike,2022-03-18 12:11:09,2022-03-18 12:13:28,8 Ave & W 33 St,6450,W 36 St & 9 Ave,6569,40.751551,-73.993934,40.75462324029105,-73.99516761302948,member
1627729,BBC0D83C5DFC3AF5,classic_bike,2022-03-26 13:05:03,2022-03-26 13:14:36,8 Ave & W 52 St,6816,W 36 St & 9 Ave,6569,40.76370739,-73.9851615,40.75462324029105,-73.99516761302948,member
1627735,D03651D7BDACA2F0,classic_bike,2022-03-02 09:40:35,2022-03-02 10:08:30,E 84 St & 1 Ave,7180,W 36 St & 9 Ave,6569,40.77565541,-73.95068615,40.75462324029105,-73.99516761302948,member
1627736,3A2B125D375BC1DB,classic_bike,2022-03-22 09:41:31,2022-03-22 10:14:08,E 84 St & 1 Ave,7180,W 36 St & 9 Ave,6569,40.77565541,-73.95068615,40.75462324029105,-73.99516761302948,member
1627738,D7EBF2D7DBF9A1F3,classic_bike,2022-03-27 20:03:03,2022-03-27 20:10:07,W 45 St & 8 Ave,6676,W 36 St & 9 Ave,6569,40.75929124,-73.98859651,40.75462324029105,-73.99516761302948,member
1627739,7F705BCC1511442D,electric_bike,2022-03-20 10:38:52,2022-03-20 10:47:40,W 45 St & 8 Ave,6676,W 36 St & 9 Ave,6569,40.75929124,-73.98859651,40.75462324029105,-73.99516761302948,member
1627745,019AC914EAC2B33C,classic_bike,2022-03-11 17:17:43,2022-03-11 17:30:03,W 50 St & 10 Ave,6890,W 36 St & 9 Ave,6569,40.76473420006519,-73.99194359779358,40.75462324029105,-73.99516761302948,member
1627746,60FAF5D46B144890,classic_bike,2022-03-26 08:49:32,2022-03-26 08:58:18,Greenwich Ave & 8 Ave,6072,W 36 St & 9 Ave,6569,40.7390169121,-74.0026376103,40.75462324029105,-73.99516761302948,member
1627754,B3D09D7D32ABD822,classic_bike,2022-03-03 21:43:02,2022-03-03 21:48:03,W 45 St & 8 Ave,6676,W 36 St & 9 Ave,6569,40.75929124,-73.98859651,40.75462324029105,-73.99516761302948,member
1627762,169861C507BC8A0D,classic_bike,2022-03-06 14:03:13,2022-03-06 14:13:22,Greenwich Ave & 8 Ave,6072,W 36 St & 9 Ave,6569,40.7390169121,-74.0026376103,40.75462324029105,-73.99516761302948,member
1627765,EC351FE48025EA8A,electric_bike,2022-03-11 07:06:37,2022-03-11 07:12:28,W 50 St & 10 Ave,6890,W 36 St & 9 Ave,6569,40.76473420006519,-73.99194359779358,40.75462324029105,-73.99516761302948,casual
1627766,FEA0173C91D3B4E3,classic_bike,2022-03-26 14:20:18,2022-03-26 15:42:45,South St & Gouverneur Ln,4953,W 36 St & 9 Ave,6569,40.70355377,-74.00670227,40.75462324029105,-73.99516761302948,casual
1627767,5A429556133A8D90,classic_bike,2022-03-05 08:48:12,2022-03-05 08:55:20,W 50 St & 10 Ave,6890,W 36 St & 9 Ave,6569,40.76473420006519,-73.99194359779358,40.75462324029105,-73.99516761302948,casual
1627773,35D8F2610751C12B,classic_bike,2022-03-16 18:34:35,2022-03-16 18:48:05,6 Ave & W 45 St,6593,W 36 St & 9 Ave,6569,40.756951,-73.982631,40.75462324029105,-73.99516761302948,member
1627775,E46B55F7E03B3E9E,classic_bike,2022-03-04 13:58:56,2022-03-04 14:00:26,W 39 St & 9 Ave,6644,W 36 St & 9 Ave,6569,40.75645824,-73.99372222,40.75462324029105,-73.99516761302948,member
1627778,C91EAB2B88AC8D4B,classic_bike,2022-03-22 10:16:43,2022-03-22 10:26:48,W 54 St & 11 Ave,6955,W 36 St & 9 Ave,6569,40.768333,-73.992573,40.75462324029105,-73.99516761302948,member
1627780,445122F6828E4700,classic_bike,2022-03-01 09:24:47,2022-03-01 09:35:52,W 54 St & 11 Ave,6955,W 36 St & 9 Ave,6569,40.768333,-73.992573,40.75462324029105,-73.99516761302948,member
1627783,BBF2BAD78D5BFE72,electric_bike,2022-03-31 06:30:50,2022-03-31 06:32:16,W 39 St & 9 Ave,6644,W 36 St & 9 Ave,6569,40.75645824,-73.99372222,40.75462324029105,-73.99516761302948,member
1627789,0007FE075F32B911,electric_bike,2022-03-22 03:21:29,2022-03-22 03:26:17,W 50 St & 10 Ave,6890,W 36 St & 9 Ave,6569,40.76473420006519,-73.99194359779358,40.75462324029105,-73.99516761302948,member
1627790,7FF849F68F79BC97,electric_bike,2022-03-04 18:02:26,2022-03-04 18:14:45,E 68 St & Madison Ave,6932,W 36 St & 9 Ave,6569,40.7691572,-73.96703464,40.75462324029105,-73.99516761302948,member
1627791,5F97EF00DBF46231,classic_bike,2022-03-13 14:55:42,2022-03-13 14:57:16,W 39 St & 9 Ave,6644,W 36 St & 9 Ave,6569,40.75645824,-73.99372222,40.75462324029105,-73.99516761302948,member
1627792,490990134D25EA66,classic_bike,2022-03-11 06:41:10,2022-03-11 06:42:53,W 39 St & 9 Ave,6644,W 36 St & 9 Ave,6569,40.75645824,-73.99372222,40.75462324029105,-73.99516761302948,member
1627793,8AB18F9617D9DB59,electric_bike,2022-03-19 16:48:27,2022-03-19 17:26:28,E 81 St & 2 Ave,7121,W 36 St & 9 Ave,6569,40.77477944895728,-73.95427465438843,40.75462324029105,-73.99516761302948,casual
1627797,86A4383A920BFEB6,classic_bike,2022-03-16 09:04:18,2022-03-16 09:24:00,1 Ave & E 6 St,5626,W 36 St & 9 Ave,6569,40.72633085971696,-73.98616880178452,40.75462324029105,-73.99516761302948,casual
1627798,E9026493FA16919C,classic_bike,2022-03-24 18:07:13,2022-03-24 18:14:25,6 Ave & W 45 St,6593,W 36 St & 9 Ave,6569,40.756951,-73.982631,40.75462324029105,-73.99516761302948,member
1627802,1FD3D5CACF22DA16,classic_bike,2022-03-09 09:38:49,2022-03-09 09:47:26,W 52 St & 11 Ave,6926,W 36 St & 9 Ave,6569,40.76727216,-73.99392888,40.75462324029105,-73.99516761302948,member
1627809,403A9878711833F3,classic_bike,2022-03-31 17:54:44,2022-03-31 17:55:50,W 39 St & 9 Ave,6644,W 36 St & 9 Ave,6569,40.75645824,-73.99372222,40.75462324029105,-73.99516761302948,casual
1627817,388880E0418FA0AD,electric_bike,2022-03-05 13:19:43,2022-03-05 13:21:00,W 39 St & 9 Ave,6644,W 36 St & 9 Ave,6569,40.75645824,-73.99372222,40.75462324029105,-73.99516761302948,member
1627825,B93DCA5C7C9B94D9,classic_bike,2022-03-21 17:50:53,2022-03-21 18:04:31,E 9 St & 5 Ave,5872,W 36 St & 9 Ave,6569,40.73275887045087,-73.99581670761108,40.75462324029105,-73.99516761302948,member
1627826,AE6935F9D4CB22A3,classic_bike,2022-03-10 16:38:44,2022-03-10 16:50:06,Gansevoort St & Hudson St,6072,W 36 St & 9 Ave,6569,40.73944820130404,-74.00507032871246,40.75462324029105,-73.99516761302948,member
1627827,5C72DB9B8D24CC6A,classic_bike,2022-03-11 14:48:58,2022-03-11 14:51:31,W 39 St & 9 Ave,6644,W 36 St & 9 Ave,6569,40.75645824,-73.99372222,40.75462324029105,-73.99516761302948,member
1627834,DA84D3AE310D6442,classic_bike,2022-03-10 13:10:10,2022-03-10 13:16:21,6 Ave & W 45 St,6593,W 36 St & 9 Ave,6569,40.756951,-73.982631,40.75462324029105,-73.99516761302948,member
1627835,130C36CB9675218A,classic_bike,2022-03-13 18:15:47,2022-03-13 18:27:57,6 Ave & W 45 St,6593,W 36 St & 9 Ave,6569,40.756951,-73.982631,40.75462324029105,-73.99516761302948,casual
1627836,1B6F5FB5EE11067D,classic_bike,2022-03-31 18:48:38,2022-03-31 19:01:00,E 39 St & Lexington Ave,6389,W 36 St & 9 Ave,6569,40.7494985460252,-73.97729203113158,40.75462324029105,-73.99516761302948,member
1627838,B3F654B3E65C72FD,classic_bike,2022-03-11 21:46:04,2022-03-11 21:48:06,W 39 St & 9 Ave,6644,W 36 St & 9 Ave,6569,40.75645824,-73.99372222,40.75462324029105,-73.99516761302948,member
1627857,DA295EEDE9A448DE,classic_bike,2022-03-14 15:56:56,2022-03-14 16:13:39,W 63 St & Broadway,7052,W 36 St & 9 Ave,6569,40.77163851,-73.98261428,40.75462324029105,-73.99516761302948,member
1627861,EC2EEE0A67B72C74,electric_bike,2022-03-03 09:56:22,2022-03-03 10:04:51,W 52 St & 11 Ave,6926,W 36 St & 9 Ave,6569,40.76727216,-73.99392888,40.75462324029105,-73.99516761302948,member
1627868,25E888DE35377BFC,electric_bike,2022-03-04 07:58:39,2022-03-04 08:05:10,10 Ave & W 28 St,6459,W 36 St & 9 Ave,6569,40.75066386,-74.00176802,40.75462324029105,-73.99516761302948,member
1627871,735F9F5E4400A987,electric_bike,2022-03-07 18:24:29,2022-03-07 19:15:23,7 Ave S & Bleecker St,5805,W 36 St & 9 Ave,6569,40.73213896287381,-74.00363802909851,40.75462324029105,-73.99516761302948,casual
1627872,3C2A6E96A4FAB9D4,electric_bike,2022-03-15 15:51:24,2022-03-15 16:10:19,West St & Chambers St,5329,W 36 St & 9 Ave,6569,40.71754834,-74.01322069,40.75462324029105,-73.99516761302948,casual
1627875,A1AC840186C47376,electric_bike,2022-03-22 13:01:28,2022-03-22 13:32:59,12 Ave & W 125 St,7886,W 36 St & 9 Ave,6569,40.818299,-73.960405,40.75462324029105,-73.99516761302948,member
1627886,791F33FF8A7BC010,electric_bike,2022-03-26 11:05:48,2022-03-26 11:11:12,W 30 St & 10 Ave,6459,W 36 St & 9 Ave,6569,40.752694,-74.002353,40.75462324029105,-73.99516761302948,member
1627888,59188BC9B3770E68,classic_bike,2022-03-06 18:55:07,2022-03-06 19:07:10,W 63 St & Broadway,7052,W 36 St & 9 Ave,6569,40.77163851,-73.98261428,40.75462324029105,-73.99516761302948,member
1627889,35BFF68381332D46,electric_bike,2022-03-07 17:34:27,2022-03-07 17:39:40,W 30 St & 10 Ave,6459,W 36 St & 9 Ave,6569,40.752694,-74.002353,40.75462324029105,-73.99516761302948,member
1627892,65E88027565C3208,classic_bike,2022-03-17 22:50:23,2022-03-17 22:56:31,W 30 St & 10 Ave,6459,W 36 St & 9 Ave,6569,40.752694,-74.002353,40.75462324029105,-73.99516761302948,casual
1627893,86491C52ED910A6A,classic_bike,2022-03-17 23:13:03,2022-03-17 23:18:38,W 30 St & 10 Ave,6459,W 36 St & 9 Ave,6569,40.752694,-74.002353,40.75462324029105,-73.99516761302948,casual
1627894,8C80FBDD1AEB9F6A,electric_bike,2022-03-06 00:17:57,2022-03-06 00:27:00,W 63 St & Broadway,7052,W 36 St & 9 Ave,6569,40.77163851,-73.98261428,40.75462324029105,-73.99516761302948,member
1627903,CC065A7FD63FB589,classic_bike,2022-03-28 17:31:12,2022-03-28 17:40:36,E 39 St & Lexington Ave,6389,W 36 St & 9 Ave,6569,40.7494985460252,-73.97729203113158,40.75462324029105,-73.99516761302948,member
1627919,95B39572B813C08F,classic_bike,2022-03-20 12:19:13,2022-03-20 12:29:39,E 39 St & Lexington Ave,6389,W 36 St & 9 Ave,6569,40.7494985460252,-73.97729203113158,40.75462324029105,-73.99516761302948,member
1627921,E2A833ACF9F1C295,classic_bike,2022-03-13 16:16:51,2022-03-13 16:18:45,W 39 St & 9 Ave,6644,W 36 St & 9 Ave,6569,40.75645824,-73.99372222,40.75462324029105,-73.99516761302948,member
1627927,55C95C4F34A8ED41,classic_bike,2022-03-04 17:57:45,2022-03-04 18:33:31,W 39 St & 9 Ave,6644,W 36 St & 9 Ave,6569,40.75645824,-73.99372222,40.75462324029105,-73.99516761302948,member
1627934,134DBDAE3CFA763C,electric_bike,2022-03-15 20:12:53,2022-03-15 20:18:07,8 Ave & W 49 St,6747,W 36 St & 9 Ave,6569,40.76171227910671,-73.98655101656914,40.75462324029105,-73.99516761302948,casual
1627935,484741E55AC3F93B,electric_bike,2022-03-16 12:14:37,2022-03-16 12:19:29,8 Ave & W 49 St,6747,W 36 St & 9 Ave,6569,40.76171227910671,-73.98655101656914,40.75462324029105,-73.99516761302948,casual
1627938,7D7F7664C842E4AE,classic_bike,2022-03-16 02:16:23,2022-03-16 02:22:52,8 Ave & W 49 St,6747,W 36 St & 9 Ave,6569,40.76171227910671,-73.98655101656914,40.75462324029105,-73.99516761302948,member
1627939,FB525C6B9F548F39,classic_bike,2022-03-23 16:04:53,2022-03-23 16:11:09,8 Ave & W 49 St,6747,W 36 St & 9 Ave,6569,40.76171227910671,-73.98655101656914,40.75462324029105,-73.99516761302948,member
1627941,DC5F41623E141B09,classic_bike,2022-03-19 14:17:47,2022-03-19 14:26:22,Broadway & W 56 St,6847,W 36 St & 9 Ave,6569,40.7652654,-73.98192338,40.75462324029105,-73.99516761302948,member
1627943,65107C3EFD5B9D6B,classic_bike,2022-03-01 11:30:44,2022-03-01 11:37:36,8 Ave & W 49 St,6747,W 36 St & 9 Ave,6569,40.76171227910671,-73.98655101656914,40.75462324029105,-73.99516761302948,member
1627944,26AEDC2CDFA8BB7F,classic_bike,2022-03-06 21:34:14,2022-03-06 21:41:51,8 Ave & W 49 St,6747,W 36 St & 9 Ave,6569,40.76171227910671,-73.98655101656914,40.75462324029105,-73.99516761302948,member
1627953,2A796BA91F571A78,electric_bike,2022-03-31 17:59:42,2022-03-31 18:23:52,E 102 St & Park Ave,7488,W 36 St & 9 Ave,6569,40.7904828,-73.95033068,40.75462324029105,-73.99516761302948,member
1627958,86F9E554D02F6DE1,electric_bike,2022-03-16 13:28:19,2022-03-16 13:49:17,Broadway & E 14 St,5905,W 36 St & 9 Ave,6569,40.73454567,-73.99074142,40.75462324029105,-73.99516761302948,casual
1627962,2483B08546DCEB91,electric_bike,2022-03-30 18:16:01,2022-03-30 18:30:27,King St & Varick St,5687,W 36 St & 9 Ave,6569,40.72789701409023,-74.00536268949507,40.75462324029105,-73.99516761302948,member
1627963,C7B3A382BD5834C5,classic_bike,2022-03-24 14:02:37,2022-03-24 17:04:24,7 Ave & Central Park South,6912,W 36 St & 9 Ave,6569,40.7667405590595,-73.9790689945221,40.75462324029105,-73.99516761302948,casual
1627965,AA303FE404FA5D22,classic_bike,2022-03-15 12:48:05,2022-03-15 12:55:44,E 40 St & 5 Ave,6474,W 36 St & 9 Ave,6569,40.752062307,-73.9816324043,40.75462324029105,-73.99516761302948,member
1627969,D2E0C7A5E6AABD67,electric_bike,2022-03-25 21:41:57,2022-03-25 21:54:23,Perry St & Bleecker St,5922,W 36 St & 9 Ave,6569,40.73535398,-74.00483091,40.75462324029105,-73.99516761302948,casual
1627973,532F4DA12B1A2837,electric_bike,2022-03-05 21:32:20,2022-03-05 21:42:14,Perry St & Bleecker St,5922,W 36 St & 9 Ave,6569,40.73535398,-74.00483091,40.75462324029105,-73.99516761302948,member
1627975,2BC046DAC03AE90B,electric_bike,2022-03-25 09:35:38,2022-03-25 09:41:03,W 50 St & 10 Ave,6890,W 36 St & 9 Ave,6569,40.76473420006519,-73.99194359779358,40.75462324029105,-73.99516761302948,member
1627984,AD16536F87A11D1A,electric_bike,2022-03-17 21:11:04,2022-03-17 21:21:11,Perry St & Bleecker St,5922,W 36 St & 9 Ave,6569,40.73535398,-74.00483091,40.75462324029105,-73.99516761302948,casual
1627989,2F651B7B2CCC60F0,classic_bike,2022-03-01 10:58:00,2022-03-01 11:42:08,E 40 St & 5 Ave,6474,W 36 St & 9 Ave,6569,40.752062307,-73.9816324043,40.75462324029105,-73.99516761302948,member
1627993,01D5031A5F96EACA,electric_bike,2022-03-20 15:54:31,2022-03-20 16:00:24,E 40 St & 5 Ave,6474,W 36 St & 9 Ave,6569,40.752062307,-73.9816324043,40.75462324029105,-73.99516761302948,member
1627995,4B0470755C8D9234,classic_bike,2022-03-23 02:53:40,2022-03-23 03:01:22,E 40 St & 5 Ave,6474,W 36 St & 9 Ave,6569,40.752062307,-73.9816324043,40.75462324029105,-73.99516761302948,casual
1627997,0E941D385E508ECC,electric_bike,2022-03-02 16:22:27,2022-03-02 16:32:20,W 64 St & Thelonious Monk Circle,7123,W 36 St & 9 Ave,6569,40.77515953434235,-73.98918695747852,40.75462324029105,-73.99516761302948,member
1628000,F1F3112E4937D0B8,classic_bike,2022-03-19 14:27:55,2022-03-19 14:35:34,E 40 St & 5 Ave,6474,W 36 St & 9 Ave,6569,40.752062307,-73.9816324043,40.75462324029105,-73.99516761302948,member
1628001,33F5911FB7F46CAC,electric_bike,2022-03-11 19:43:11,2022-03-11 19:54:05,Perry St & Bleecker St,5922,W 36 St & 9 Ave,6569,40.73535398,-74.00483091,40.75462324029105,-73.99516761302948,member
1628002,F977C56F0094B81B,electric_bike,2022-03-23 12:22:11,2022-03-23 12:30:53,E 40 St & 5 Ave,6474,W 36 St & 9 Ave,6569,40.752062307,-73.9816324043,40.75462324029105,-73.99516761302948,member
1628009,3C99E1F36391EE32,electric_bike,2022-03-08 19:11:17,2022-03-08 19:20:32,Columbus Ave & W 72 St,7175,W 36 St & 9 Ave,6569,40.7770575,-73.97898475,40.75462324029105,-73.99516761302948,member
1628013,E82A46731AB1FD82,classic_bike,2022-03-18 19:22:27,2022-03-18 19:28:47,W 34 St & 11 Ave,6578,W 36 St & 9 Ave,6569,40.75594159,-74.0021163,40.75462324029105,-73.99516761302948,member
1628014,F99FC6A320D245E4,electric_bike,2022-03-04 13:38:24,2022-03-04 13:42:48,Broadway\t& W 48 St,6708,W 36 St & 9 Ave,6569,40.76017739537783,-73.98486793041229,40.75462324029105,-73.99516761302948,member
1628016,7BA024E28C4B817F,electric_bike,2022-03-31 19:15:24,2022-03-31 19:29:04,Columbus Ave & W 72 St,7175,W 36 St & 9 Ave,6569,40.7770575,-73.97898475,40.75462324029105,-73.99516761302948,casual
1628017,228958FF100F472B,electric_bike,2022-03-14 17:25:43,2022-03-14 17:48:46,W 100 St & Manhattan Ave,7538,W 36 St & 9 Ave,6569,40.795,-73.9645,40.75462324029105,-73.99516761302948,casual
1628023,0E0C0EFB0FD46C35,electric_bike,2022-03-15 14:00:22,2022-03-15 14:12:03,E 40 St & 5 Ave,6474,W 36 St & 9 Ave,6569,40.752062307,-73.9816324043,40.75462324029105,-73.99516761302948,member
1628027,B4491CCEA0B82B5E,classic_bike,2022-03-19 14:28:24,2022-03-19 14:33:49,E 40 St & 5 Ave,6474,W 36 St & 9 Ave,6569,40.752062307,-73.9816324043,40.75462324029105,-73.99516761302948,member
1628031,FA73BD7871835FEA,classic_bike,2022-03-28 17:53:52,2022-03-28 17:59:22,Broadway\t& W 48 St,6708,W 36 St & 9 Ave,6569,40.76017739537783,-73.98486793041229,40.75462324029105,-73.99516761302948,member
1628035,50EF6DD047F40DC7,classic_bike,2022-03-27 13:30:07,2022-03-27 13:41:29,W 10 St & Washington St,5847,W 36 St & 9 Ave,6569,40.73342399437081,-74.00851495563984,40.75462324029105,-73.99516761302948,member
1628038,10ABF18E4D45451C,classic_bike,2022-03-01 08:35:03,2022-03-01 08:59:45,E 74 St & 1 Ave,6953,W 36 St & 9 Ave,6569,40.7689738,-73.95482273,40.75462324029105,-73.99516761302948,member
1628042,74FDDC66ED3B8F99,classic_bike,2022-03-01 20:17:33,2022-03-01 20:32:47,10 Ave & W 14 St,6157,W 36 St & 9 Ave,6569,40.74198159994023,-74.00831580162048,40.75462324029105,-73.99516761302948,casual
1628043,128996DD58257430,classic_bike,2022-03-01 20:17:39,2022-03-01 20:32:46,10 Ave & W 14 St,6157,W 36 St & 9 Ave,6569,40.74198159994023,-74.00831580162048,40.75462324029105,-73.99516761302948,casual
1628047,B5C1DFDAD7741E0A,classic_bike,2022-03-10 22:23:24,2022-03-10 22:42:16,E 20 St & 2 Ave,5971,W 36 St & 9 Ave,6569,40.73587678,-73.98205027,40.75462324029105,-73.99516761302948,member
1628060,AE330BC4544489F1,classic_bike,2022-03-23 17:04:34,2022-03-23 17:13:36,E 40 St & 5 Ave,6474,W 36 St & 9 Ave,6569,40.752062307,-73.9816324043,40.75462324029105,-73.99516761302948,casual
1628064,D28BC7247327FF9B,classic_bike,2022-03-11 12:41:54,2022-03-11 12:45:23,W 42 St & Dyer Ave,6644,W 36 St & 9 Ave,6569,40.75898481399634,-73.99379968643188,40.75462324029105,-73.99516761302948,member
1628070,08266B905C6299A8,electric_bike,2022-03-14 16:51:12,2022-03-14 16:55:45,Broadway\t& W 48 St,6708,W 36 St & 9 Ave,6569,40.76017739537783,-73.98486793041229,40.75462324029105,-73.99516761302948,member
1628076,8D5D9001AA9E2D12,classic_bike,2022-03-08 09:02:33,2022-03-08 09:28:20,E 65 St & 2 Ave,6860,W 36 St & 9 Ave,6569,40.76471851944339,-73.96222069859505,40.75462324029105,-73.99516761302948,member
1628080,56CF0D774CAC7937,classic_bike,2022-03-26 14:58:44,2022-03-26 15:27:31,10 Ave & W 14 St,6157,W 36 St & 9 Ave,6569,40.74198159994023,-74.00831580162048,40.75462324029105,-73.99516761302948,member
1628085,7E5F73322D0D85D5,electric_bike,2022-03-04 22:18:51,2022-03-04 22:30:25,Riverside Blvd & W 67 St,7183,W 36 St & 9 Ave,6569,40.777507027547976,-73.98888587951659,40.75462324029105,-73.99516761302948,member
1628088,CAFDA858EF019227,classic_bike,2022-03-28 09:29:14,2022-03-28 09:50:26,1 Ave & E 68 St,6822,W 36 St & 9 Ave,6569,40.76500525,-73.95818491,40.75462324029105,-73.99516761302948,member
1628091,250CC8119FA82392,electric_bike,2022-03-06 11:56:58,2022-03-06 12:03:59,Amsterdam Ave & W 66 St,7149,W 36 St & 9 Ave,6569,40.7746671,-73.98470567,40.75462324029105,-73.99516761302948,member
1628099,3981744E33444869,classic_bike,2022-03-01 19:42:58,2022-03-01 20:02:22,W 74 St & Columbus Ave,7230,W 36 St & 9 Ave,6569,40.7785669,-73.97754961,40.75462324029105,-73.99516761302948,member
1628101,16038BCCF6084D26,classic_bike,2022-03-22 16:10:04,2022-03-22 16:21:21,E 51 St & Lexington Ave,6659,W 36 St & 9 Ave,6569,40.75714758,-73.97207836,40.75462324029105,-73.99516761302948,member
1628110,DC03E228704F82AF,electric_bike,2022-03-08 09:29:26,2022-03-08 09:45:42,W 89 St & Columbus Ave,7432,W 36 St & 9 Ave,6569,40.7882213,-73.97041561,40.75462324029105,-73.99516761302948,member
1628112,8345B2C7CBA056DE,classic_bike,2022-03-07 07:37:40,2022-03-07 07:40:59,8 Ave & W 31 St,6450,W 36 St & 9 Ave,6569,40.7505853470215,-73.9946848154068,40.75462324029105,-73.99516761302948,member
1628116,25E13F2A8A0CDE0B,classic_bike,2022-03-13 16:45:10,2022-03-13 16:50:35,8 Ave & W 31 St,6450,W 36 St & 9 Ave,6569,40.7505853470215,-73.9946848154068,40.75462324029105,-73.99516761302948,member
1628117,05053DE33A954BEE,electric_bike,2022-03-07 18:03:16,2022-03-07 18:10:51,E 41 St & Madison Ave (SW corner),6474,W 36 St & 9 Ave,6569,40.752165280621966,-73.97992193698882,40.75462324029105,-73.99516761302948,member
1628131,55FF68D62FEB4A79,classic_bike,2022-03-18 18:43:18,2022-03-18 18:47:21,W 30 St & 8 Ave,6373,W 36 St & 9 Ave,6569,40.74965268472847,-73.9952078461647,40.75462324029105,-73.99516761302948,member
1628138,1616926E53D30312,electric_bike,2022-03-29 15:21:02,2022-03-29 15:23:49,8 Ave & W 31 St,6450,W 36 St & 9 Ave,6569,40.7505853470215,-73.9946848154068,40.75462324029105,-73.99516761302948,member
1628143,A90C1E76BFED852A,electric_bike,2022-03-21 15:42:06,2022-03-21 15:49:53,W 17 St & 8 Ave,6148,W 36 St & 9 Ave,6569,40.74177603,-74.00149746,40.75462324029105,-73.99516761302948,member
1628144,22B82A35642429A0,classic_bike,2022-03-24 08:41:47,2022-03-24 08:46:07,8 Ave & W 31 St,6450,W 36 St & 9 Ave,6569,40.7505853470215,-73.9946848154068,40.75462324029105,-73.99516761302948,member
1628145,63F5490C86601289,classic_bike,2022-03-30 07:56:40,2022-03-30 08:01:15,8 Ave & W 31 St,6450,W 36 St & 9 Ave,6569,40.7505853470215,-73.9946848154068,40.75462324029105,-73.99516761302948,member
1628154,4E9273013A3E8413,electric_bike,2022-03-07 17:03:31,2022-03-07 17:13:31,E 41 St & Madison Ave (SW corner),6474,W 36 St & 9 Ave,6569,40.752165280621966,-73.97992193698882,40.75462324029105,-73.99516761302948,member
1628157,764EA72ECF4D19A3,classic_bike,2022-03-09 15:07:42,2022-03-09 15:12:22,8 Ave & W 31 St,6450,W 36 St & 9 Ave,6569,40.7505853470215,-73.9946848154068,40.75462324029105,-73.99516761302948,member
1628158,C14556F51D7E5E97,electric_bike,2022-03-21 16:39:23,2022-03-21 16:45:12,E 41 St & Madison Ave (SW corner),6474,W 36 St & 9 Ave,6569,40.752165280621966,-73.97992193698882,40.75462324029105,-73.99516761302948,member
1628161,F10A4EEF9E14E488,classic_bike,2022-03-02 18:08:20,2022-03-02 18:25:49,E 53 St & Madison Ave,6659,W 36 St & 9 Ave,6569,40.7597108,-73.97402311,40.75462324029105,-73.99516761302948,member
1628165,CC9188D0F554DACE,classic_bike,2022-03-25 15:33:32,2022-03-25 15:43:17,Broadway\t& W 48 St,6708,W 36 St & 9 Ave,6569,40.76017739537783,-73.98486793041229,40.75462324029105,-73.99516761302948,member
1628176,8070578578B5BB8D,electric_bike,2022-03-03 09:05:13,2022-03-03 09:16:42,E 44 St & Lexington Ave,6464,W 36 St & 9 Ave,6569,40.752643,-73.974996,40.75462324029105,-73.99516761302948,member
1628188,324D822CC6F95897,electric_bike,2022-03-23 09:48:09,2022-03-23 09:57:03,E 44 St & Lexington Ave,6464,W 36 St & 9 Ave,6569,40.752643,-73.974996,40.75462324029105,-73.99516761302948,member
1628204,2BC22C55B50B9F36,electric_bike,2022-03-15 09:03:27,2022-03-15 09:09:35,E 41 St & Madison Ave (SW corner),6474,W 36 St & 9 Ave,6569,40.752165280621966,-73.97992193698882,40.75462324029105,-73.99516761302948,member
1628205,2A9678EC74FCF4FF,classic_bike,2022-03-15 13:56:11,2022-03-15 14:04:49,6 Ave & W 45 St,6593,W 36 St & 9 Ave,6569,40.756951,-73.982631,40.75462324029105,-73.99516761302948,member
1628210,291A8068B9A03393,classic_bike,2022-03-07 10:34:57,2022-03-07 10:44:11,E 44 St & Lexington Ave,6464,W 36 St & 9 Ave,6569,40.752643,-73.974996,40.75462324029105,-73.99516761302948,member
1628212,C42135E68776F239,classic_bike,2022-03-03 19:47:24,2022-03-03 20:00:14,E 44 St & Lexington Ave,6464,W 36 St & 9 Ave,6569,40.752643,-73.974996,40.75462324029105,-73.99516761302948,member
1628219,6CE47DEC9432EA04,classic_bike,2022-03-17 17:53:51,2022-03-17 18:04:37,10 Ave & W 14 St,6157,W 36 St & 9 Ave,6569,40.74198159994023,-74.00831580162048,40.75462324029105,-73.99516761302948,member
1628230,969C32591569E893,electric_bike,2022-03-10 16:43:30,2022-03-10 16:53:10,W 13 St & 7 Ave,6030,W 36 St & 9 Ave,6569,40.73781509,-73.99994661,40.75462324029105,-73.99516761302948,casual
1628237,47FEB49A8EB2A0F2,classic_bike,2022-03-11 20:24:26,2022-03-11 20:33:00,W 53 St & 10 Ave,6890,W 36 St & 9 Ave,6569,40.76669671,-73.99061728,40.75462324029105,-73.99516761302948,member
1628239,BF6D05942AB33439,electric_bike,2022-03-08 07:34:21,2022-03-08 07:40:20,W 53 St & 10 Ave,6890,W 36 St & 9 Ave,6569,40.76669671,-73.99061728,40.75462324029105,-73.99516761302948,member
1628245,9D4084870C3F3A0C,classic_bike,2022-03-30 13:19:41,2022-03-30 13:27:01,W 53 St & 10 Ave,6890,W 36 St & 9 Ave,6569,40.76669671,-73.99061728,40.75462324029105,-73.99516761302948,member
1628246,0B80A024A532718D,electric_bike,2022-03-08 14:34:58,2022-03-08 14:41:19,W 50 St & 10 Ave,6890,W 36 St & 9 Ave,6569,40.76473420006519,-73.99194359779358,40.75462324029105,-73.99516761302948,member
1628247,E52A2E0F92CFEA21,classic_bike,2022-03-08 09:37:10,2022-03-08 09:43:38,W 50 St & 10 Ave,6890,W 36 St & 9 Ave,6569,40.76473420006519,-73.99194359779358,40.75462324029105,-73.99516761302948,member
1628248,50CB165CD2A6BF75,electric_bike,2022-03-25 19:05:02,2022-03-25 19:15:54,W 50 St & 10 Ave,6890,W 36 St & 9 Ave,6569,40.76473420006519,-73.99194359779358,40.75462324029105,-73.99516761302948,casual
1628249,24986A8C0F6DC256,classic_bike,2022-03-26 14:26:49,2022-03-26 15:44:42,South St & Gouverneur Ln,4953,W 36 St & 9 Ave,6569,40.70355377,-74.00670227,40.75462324029105,-73.99516761302948,casual
1628251,295013E0CBB2637D,classic_bike,2022-03-26 14:23:58,2022-03-26 15:45:02,South St & Gouverneur Ln,4953,W 36 St & 9 Ave,6569,40.70355377,-74.00670227,40.75462324029105,-73.99516761302948,casual
1628253,7880F2587764AF3A,electric_bike,2022-03-24 16:16:03,2022-03-24 16:21:37,W 53 St & 10 Ave,6890,W 36 St & 9 Ave,6569,40.76669671,-73.99061728,40.75462324029105,-73.99516761302948,member
1628262,037A6A757CD21CD3,electric_bike,2022-03-24 17:32:00,2022-03-24 17:46:19,W 67 St & Broadway,7116,W 36 St & 9 Ave,6569,40.77492513,-73.98266566,40.75462324029105,-73.99516761302948,member
1628263,4B886644784185C1,electric_bike,2022-03-25 16:06:04,2022-03-25 16:11:53,W 53 St & 10 Ave,6890,W 36 St & 9 Ave,6569,40.76669671,-73.99061728,40.75462324029105,-73.99516761302948,casual
1628267,176AD1B2768219A0,electric_bike,2022-03-21 17:40:59,2022-03-21 17:55:59,Riverside Dr & W 78 St,7340,W 36 St & 9 Ave,6569,40.78414472,-73.98362492,40.75462324029105,-73.99516761302948,member
1628268,5A1300072EC300B8,electric_bike,2022-03-13 18:48:52,2022-03-13 19:01:50,E 27 St & Park Ave S,6131,W 36 St & 9 Ave,6569,40.74275179648995,-73.9847157150507,40.75462324029105,-73.99516761302948,member
1628269,D42B5437FB6A0C4A,classic_bike,2022-03-10 14:38:28,2022-03-10 18:23:45,W 50 St & 10 Ave,6890,W 36 St & 9 Ave,6569,40.76473420006519,-73.99194359779358,40.75462324029105,-73.99516761302948,member
1628273,27F9C8280F338B36,classic_bike,2022-03-02 13:50:40,2022-03-02 14:03:04,W 11 St & 6 Ave,5914,W 36 St & 9 Ave,6569,40.73532427,-73.99800419,40.75462324029105,-73.99516761302948,member
1628282,BC382602ADCD87B2,electric_bike,2022-03-11 09:23:43,2022-03-11 09:31:10,E 41 St & Madison Ave (SW corner),6474,W 36 St & 9 Ave,6569,40.752165280621966,-73.97992193698882,40.75462324029105,-73.99516761302948,member
1628285,A4F03ABE67418949,electric_bike,2022-03-23 07:13:30,2022-03-23 07:18:40,W 53 St & 10 Ave,6890,W 36 St & 9 Ave,6569,40.76669671,-73.99061728,40.75462324029105,-73.99516761302948,casual
1628292,D49216D52BDA3B61,electric_bike,2022-03-08 12:34:05,2022-03-08 13:39:47,8 Ave & W 31 St,6450,W 36 St & 9 Ave,6569,40.7505853470215,-73.9946848154068,40.75462324029105,-73.99516761302948,casual
1628295,228E32C8D1D6E49A,classic_bike,2022-03-01 17:56:40,2022-03-01 18:00:30,W 41 St & 8 Ave,6602,W 36 St & 9 Ave,6569,40.75640548,-73.9900262,40.75462324029105,-73.99516761302948,member
1628296,A298E4BF3F626061,classic_bike,2022-03-02 19:44:13,2022-03-02 19:48:45,W 41 St & 8 Ave,6602,W 36 St & 9 Ave,6569,40.75640548,-73.9900262,40.75462324029105,-73.99516761302948,member
1628300,76AF81CCD1798B3E,electric_bike,2022-03-20 08:58:01,2022-03-20 09:02:57,W 53 St & 10 Ave,6890,W 36 St & 9 Ave,6569,40.76669671,-73.99061728,40.75462324029105,-73.99516761302948,member
1628304,9AA102FB590D8BEC,classic_bike,2022-03-12 18:40:45,2022-03-12 18:51:33,E 32 St & Park Ave,6280,W 36 St & 9 Ave,6569,40.7457121,-73.98194829,40.75462324029105,-73.99516761302948,member
1628306,092F0E2F5AA4C3D2,classic_bike,2022-03-26 13:51:25,2022-03-26 14:03:06,W 67 St & Broadway,7116,W 36 St & 9 Ave,6569,40.77492513,-73.98266566,40.75462324029105,-73.99516761302948,member
1628308,A9ABD53F27572E56,classic_bike,2022-03-18 08:34:27,2022-03-18 08:43:09,W 53 St & 10 Ave,6890,W 36 St & 9 Ave,6569,40.76669671,-73.99061728,40.75462324029105,-73.99516761302948,member
1628310,3F23F8CA7675FBCA,classic_bike,2022-03-25 08:16:05,2022-03-25 08:24:37,W 53 St & 10 Ave,6890,W 36 St & 9 Ave,6569,40.76669671,-73.99061728,40.75462324029105,-73.99516761302948,member
1628312,F9F43BFF34C3F640,classic_bike,2022-03-14 18:31:13,2022-03-14 18:38:59,W 53 St & 10 Ave,6890,W 36 St & 9 Ave,6569,40.76669671,-73.99061728,40.75462324029105,-73.99516761302948,member
1628316,2749F4C1BEAA45D9,electric_bike,2022-03-20 03:32:02,2022-03-20 04:12:17,W 42 St & 8 Ave,6602,W 36 St & 9 Ave,6569,40.7575699,-73.99098507,40.75462324029105,-73.99516761302948,casual
1628319,1D0C5D13139E3978,electric_bike,2022-03-21 17:24:12,2022-03-21 17:30:16,W 17 St & 8 Ave,6148,W 36 St & 9 Ave,6569,40.74177603,-74.00149746,40.75462324029105,-73.99516761302948,member
1628325,17BF859FDA446840,electric_bike,2022-03-19 19:54:12,2022-03-19 20:11:16,Madison Ave & E 82 St,7188,W 36 St & 9 Ave,6569,40.7781314,-73.96069399,40.75462324029105,-73.99516761302948,member
1628330,53D9A98D1831F085,classic_bike,2022-03-04 08:55:08,2022-03-04 09:04:12,W 53 St & 10 Ave,6890,W 36 St & 9 Ave,6569,40.76669671,-73.99061728,40.75462324029105,-73.99516761302948,member
1628332,7609B9A58A00A6F3,electric_bike,2022-03-01 15:24:14,2022-03-01 15:39:47,E 47 St & Park Ave,6584,W 36 St & 9 Ave,6569,40.75510267,-73.97498696,40.75462324029105,-73.99516761302948,member
1628335,015DB5BA1ADB29CD,classic_bike,2022-03-16 14:56:31,2022-03-16 15:10:42,E 47 St & Park Ave,6584,W 36 St & 9 Ave,6569,40.75510267,-73.97498696,40.75462324029105,-73.99516761302948,member
1628336,719B09327903CEF1,electric_bike,2022-03-24 20:25:50,2022-03-24 20:36:55,W 4 St & 7 Ave S,5880,W 36 St & 9 Ave,6569,40.73401143,-74.00293877,40.75462324029105,-73.99516761302948,member
1628356,2E56CB1F43CA8F27,classic_bike,2022-03-01 14:40:26,2022-03-01 15:08:33,E 65 St & 2 Ave,6860,W 36 St & 9 Ave,6569,40.76471851944339,-73.96222069859505,40.75462324029105,-73.99516761302948,member
1628357,294B387666806A70,classic_bike,2022-03-19 02:01:48,2022-03-19 02:08:20,W 50 St & 9 Ave,6854,W 36 St & 9 Ave,6569,40.76360467795863,-73.98917958140373,40.75462324029105,-73.99516761302948,member
1628360,A5473D919EAC36B2,classic_bike,2022-03-19 14:49:59,2022-03-19 15:45:08,5 Ave & E 78 St,7161,W 36 St & 9 Ave,6569,40.77632142182271,-73.96427392959595,40.75462324029105,-73.99516761302948,member
1628362,D22485401444DB7A,electric_bike,2022-03-05 17:04:32,2022-03-05 17:33:08,5 Ave & E 78 St,7161,W 36 St & 9 Ave,6569,40.77632142182271,-73.96427392959595,40.75462324029105,-73.99516761302948,casual
1628374,16BF72D7DA2F2CE4,classic_bike,2022-03-03 11:46:48,2022-03-03 11:51:16,W 42 St & 8 Ave,6602,W 36 St & 9 Ave,6569,40.7575699,-73.99098507,40.75462324029105,-73.99516761302948,casual
1628386,7867AF294D61AE3E,electric_bike,2022-03-25 13:31:49,2022-03-25 13:45:15,MacDougal St & Prince St,5687,W 36 St & 9 Ave,6569,40.72710258,-74.00297088,40.75462324029105,-73.99516761302948,member
1628387,3CDEF70DBEFFEB5A,classic_bike,2022-03-27 12:13:27,2022-03-27 12:36:13,E 32 St & Park Ave,6280,W 36 St & 9 Ave,6569,40.7457121,-73.98194829,40.75462324029105,-73.99516761302948,casual
1628392,8D75F563ADB46BED,classic_bike,2022-03-30 08:43:31,2022-03-30 09:03:38,MacDougal St & Prince St,5687,W 36 St & 9 Ave,6569,40.72710258,-74.00297088,40.75462324029105,-73.99516761302948,member
1628393,4BAB2F8F74A35C6E,classic_bike,2022-03-16 08:30:30,2022-03-16 08:50:28,MacDougal St & Prince St,5687,W 36 St & 9 Ave,6569,40.72710258,-74.00297088,40.75462324029105,-73.99516761302948,member
1628395,284E00CD5822B7CC,electric_bike,2022-03-06 12:11:16,2022-03-06 12:30:52,Bleecker St & Crosby St,5679,W 36 St & 9 Ave,6569,40.72615604980408,-73.99510189890862,40.75462324029105,-73.99516761302948,member
1628401,6818EBFF0997E457,classic_bike,2022-03-26 10:46:02,2022-03-26 10:58:15,Columbus Ave & W 72 St,7175,W 36 St & 9 Ave,6569,40.7770575,-73.97898475,40.75462324029105,-73.99516761302948,casual
1628420,9E7B49A97E914AF8,classic_bike,2022-03-31 07:14:43,2022-03-31 07:18:56,W 42 St & 8 Ave,6602,W 36 St & 9 Ave,6569,40.7575699,-73.99098507,40.75462324029105,-73.99516761302948,member
1628428,5682511558D800F9,classic_bike,2022-03-09 18:49:37,2022-03-09 18:56:12,8 Ave & W 49 St,6747,W 36 St & 9 Ave,6569,40.76171227910671,-73.98655101656914,40.75462324029105,-73.99516761302948,casual
1628431,0F99C35C7D0C473D,electric_bike,2022-03-30 08:35:44,2022-03-30 08:57:59,E 74 St & 1 Ave,6953,W 36 St & 9 Ave,6569,40.7689738,-73.95482273,40.75462324029105,-73.99516761302948,member
1628435,9FCC5F292D07CE6F,classic_bike,2022-03-16 08:36:56,2022-03-16 08:47:24,W 53 St & 10 Ave,6890,W 36 St & 9 Ave,6569,40.76669671,-73.99061728,40.75462324029105,-73.99516761302948,member
1628436,7BF42B8DAE085FD2,electric_bike,2022-03-17 15:43:32,2022-03-17 16:05:15,Stanton St & Chrystie St,5523,W 36 St & 9 Ave,6569,40.72229346,-73.99147535,40.75462324029105,-73.99516761302948,casual
1628442,C4EAFAC1C4380AE5,classic_bike,2022-03-22 18:28:39,2022-03-22 18:36:40,W 53 St & 10 Ave,6890,W 36 St & 9 Ave,6569,40.76669671,-73.99061728,40.75462324029105,-73.99516761302948,casual
1628443,3C084D8D4B01F90B,electric_bike,2022-03-17 20:56:47,2022-03-17 21:05:24,W 53 St & 10 Ave,6890,W 36 St & 9 Ave,6569,40.76669671,-73.99061728,40.75462324029105,-73.99516761302948,casual
1628444,FE68DA09407A0E09,electric_bike,2022-03-06 16:08:52,2022-03-06 16:30:16,Central Park West & W 68 St,7079,W 36 St & 9 Ave,6569,40.7734066,-73.97782542,40.75462324029105,-73.99516761302948,casual
1628452,32D7248470D4D37E,electric_bike,2022-03-11 17:28:00,2022-03-11 17:41:05,Bleecker St & Crosby St,5679,W 36 St & 9 Ave,6569,40.72615604980408,-73.99510189890862,40.75462324029105,-73.99516761302948,member
1628460,5B123D6ACFF5BE09,electric_bike,2022-03-05 19:37:43,2022-03-05 19:56:23,Madison Ave & E 82 St,7188,W 36 St & 9 Ave,6569,40.7781314,-73.96069399,40.75462324029105,-73.99516761302948,member
1628461,F62E4145EE8E411B,classic_bike,2022-03-04 20:54:18,2022-03-04 21:23:13,Madison Ave & E 82 St,7188,W 36 St & 9 Ave,6569,40.7781314,-73.96069399,40.75462324029105,-73.99516761302948,member
1628462,0CB1E6E3C4A622EA,classic_bike,2022-03-31 17:46:47,2022-03-31 18:12:44,West St & Liberty St,5184,W 36 St & 9 Ave,6569,40.711444,-74.014847,40.75462324029105,-73.99516761302948,member
1628468,5C0B82E94C46DF36,classic_bike,2022-03-10 09:54:32,2022-03-10 10:21:02,E 85 St & York Ave,7146,W 36 St & 9 Ave,6569,40.77536905,-73.94803392,40.75462324029105,-73.99516761302948,member
1628487,AC8E1A59A9035A7A,classic_bike,2022-03-16 16:55:36,2022-03-16 17:04:19,W 20 St & 8 Ave,6224,W 36 St & 9 Ave,6569,40.74345335,-74.00004031,40.75462324029105,-73.99516761302948,member
1628494,831F4746B2D9F3F2,classic_bike,2022-03-03 09:40:46,2022-03-03 10:17:34,E 85 St & York Ave,7146,W 36 St & 9 Ave,6569,40.77536905,-73.94803392,40.75462324029105,-73.99516761302948,member
1628495,E0AE6AEB18F7F8CC,classic_bike,2022-03-14 14:21:20,2022-03-14 14:54:53,E 85 St & York Ave,7146,W 36 St & 9 Ave,6569,40.77536905,-73.94803392,40.75462324029105,-73.99516761302948,member
1628497,26EE1A27CA07B898,classic_bike,2022-03-25 18:35:13,2022-03-25 18:50:50,W 30 St & 8 Ave,6373,W 36 St & 9 Ave,6569,40.74965268472847,-73.9952078461647,40.75462324029105,-73.99516761302948,member
1628498,B67299993580A941,classic_bike,2022-03-16 17:34:17,2022-03-16 17:55:41,E 9 St & 5 Ave,5872,W 36 St & 9 Ave,6569,40.73275887045087,-73.99581670761108,40.75462324029105,-73.99516761302948,member
1628520,B6D84764D2DE678F,electric_bike,2022-03-01 08:52:51,2022-03-01 09:08:19,West End Ave & W 78 St,7340,W 36 St & 9 Ave,6569,40.783786,-73.981687,40.75462324029105,-73.99516761302948,member
1628522,3890125D5BEEA06D,electric_bike,2022-03-31 15:56:28,2022-03-31 16:11:02,Lexington Ave & E 26 St,6089,W 36 St & 9 Ave,6569,40.741459,-73.983293,40.75462324029105,-73.99516761302948,member
1628528,1878C8D2285A7761,electric_bike,2022-03-17 17:08:06,2022-03-17 17:17:57,E 41 St & Madison Ave (SE corner),6432,W 36 St & 9 Ave,6569,40.752049,-73.979635,40.75462324029105,-73.99516761302948,casual
1628530,EA14D1E9677DAB4F,classic_bike,2022-03-23 18:04:04,2022-03-23 18:19:40,W 55 St & 6 Ave,6809,W 36 St & 9 Ave,6569,40.763189,-73.978434,40.75462324029105,-73.99516761302948,member
1628531,B80BA5A564BA4D8C,electric_bike,2022-03-29 16:43:40,2022-03-29 16:53:13,E 58 St & Madison Ave,6839,W 36 St & 9 Ave,6569,40.76302594280519,-73.97209525108337,40.75462324029105,-73.99516761302948,member
1628532,5CA6D04D0B3DBB62,electric_bike,2022-03-02 19:36:06,2022-03-02 19:50:25,W 55 St & 6 Ave,6809,W 36 St & 9 Ave,6569,40.763189,-73.978434,40.75462324029105,-73.99516761302948,member
1628542,B2C90C57E6D5D039,classic_bike,2022-03-30 08:50:27,2022-03-30 08:59:46,E 41 St & Madison Ave (SE corner),6432,W 36 St & 9 Ave,6569,40.752049,-73.979635,40.75462324029105,-73.99516761302948,member
1628548,F531E2FEA7EACD16,electric_bike,2022-03-09 20:28:12,2022-03-09 22:06:41,FDR Drive & E 35 St,6230,W 36 St & 9 Ave,6569,40.744219,-73.97121214,40.75462324029105,-73.99516761302948,member
1628556,71ECBAAFF9E8C8C4,electric_bike,2022-03-10 18:48:16,2022-03-10 18:55:19,E 40 St & 5 Ave,6474,W 36 St & 9 Ave,6569,40.752062307,-73.9816324043,40.75462324029105,-73.99516761302948,member
1628575,F6952D9012496D6C,electric_bike,2022-03-13 13:08:24,2022-03-13 13:28:12,Bleecker St & Crosby St,5679,W 36 St & 9 Ave,6569,40.72615604980408,-73.99510189890862,40.75462324029105,-73.99516761302948,member
1628588,1650F8DE5A608B26,electric_bike,2022-03-25 21:06:54,2022-03-25 21:23:01,Greenwich Ave & 8 Ave,6072,W 36 St & 9 Ave,6569,40.7390169121,-74.0026376103,40.75462324029105,-73.99516761302948,member
1628592,DAFF70AD176FDB1C,electric_bike,2022-03-12 10:54:42,2022-03-12 11:01:06,W 50 St & 10 Ave,6890,W 36 St & 9 Ave,6569,40.76473420006519,-73.99194359779358,40.75462324029105,-73.99516761302948,member
1628600,352294BDBA245305,classic_bike,2022-03-20 16:17:29,2022-03-20 16:31:02,Hudson St & W 13 St,6115,W 36 St & 9 Ave,6569,40.74005708567285,-74.0052741765976,40.75462324029105,-73.99516761302948,casual
1628623,940449834ED53967,electric_bike,2022-03-06 20:35:58,2022-03-06 21:10:22,Hudson St & W 13 St,6115,W 36 St & 9 Ave,6569,40.74005708567285,-74.0052741765976,40.75462324029105,-73.99516761302948,member
1628627,0416BFE575B2B247,classic_bike,2022-03-13 11:28:51,2022-03-13 11:47:23,E 63 St & 3 Ave,6830,W 36 St & 9 Ave,6569,40.763954,-73.9646,40.75462324029105,-73.99516761302948,member
1628640,8C3CE46DC85BCF4E,classic_bike,2022-03-27 02:24:05,2022-03-27 02:43:10,W 76 St & Columbus Ave,7281,W 36 St & 9 Ave,6569,40.7801839724239,-73.97728532552719,40.75462324029105,-73.99516761302948,member
1628646,B6064D5ADA528C03,electric_bike,2022-03-20 12:50:10,2022-03-20 13:13:18,W 76 St & Columbus Ave,7281,W 36 St & 9 Ave,6569,40.7801839724239,-73.97728532552719,40.75462324029105,-73.99516761302948,member
1628648,BC91399ADFAA6749,electric_bike,2022-03-21 13:26:30,2022-03-21 13:38:57,W 76 St & Columbus Ave,7281,W 36 St & 9 Ave,6569,40.7801839724239,-73.97728532552719,40.75462324029105,-73.99516761302948,member
1628649,E628AE4862A22CCC,classic_bike,2022-03-18 19:18:44,2022-03-18 19:26:02,W 47 St & 10 Ave,6824,W 36 St & 9 Ave,6569,40.76269882,-73.99301222,40.75462324029105,-73.99516761302948,member
1628650,02EDDF237E4341B2,electric_bike,2022-03-01 17:09:02,2022-03-01 17:13:48,W 47 St & 10 Ave,6824,W 36 St & 9 Ave,6569,40.76269882,-73.99301222,40.75462324029105,-73.99516761302948,member
1628651,81F7A2C3FDA9DF46,classic_bike,2022-03-23 17:35:43,2022-03-23 17:43:01,W 47 St & 10 Ave,6824,W 36 St & 9 Ave,6569,40.76269882,-73.99301222,40.75462324029105,-73.99516761302948,member
1628652,365188D6089A678D,classic_bike,2022-03-18 17:06:20,2022-03-18 17:14:12,W 47 St & 10 Ave,6824,W 36 St & 9 Ave,6569,40.76269882,-73.99301222,40.75462324029105,-73.99516761302948,member
1628668,5F80168222AC2112,classic_bike,2022-03-14 16:12:59,2022-03-14 16:25:45,Greenwich St & Perry St,5922,W 36 St & 9 Ave,6569,40.73498,-74.00697,40.75462324029105,-73.99516761302948,member
1628670,92A69B5A246697CC,classic_bike,2022-03-17 20:32:37,2022-03-17 20:46:10,W 24 St & 7 Ave,6257,W 36 St & 9 Ave,6569,40.74487634,-73.99529885,40.75462324029105,-73.99516761302948,casual
1628673,F99A8980B08CB0A3,classic_bike,2022-03-15 19:20:29,2022-03-15 19:26:30,W 24 St & 7 Ave,6257,W 36 St & 9 Ave,6569,40.74487634,-73.99529885,40.75462324029105,-73.99516761302948,member
1628681,643B614B95A12F89,classic_bike,2022-03-16 18:04:28,2022-03-16 18:17:25,E 66 St & Madison Ave,6969,W 36 St & 9 Ave,6569,40.76800889305947,-73.96845281124115,40.75462324029105,-73.99516761302948,member
1628682,0F269D0F0F0B7B09,electric_bike,2022-03-05 13:38:24,2022-03-05 13:56:40,W 12 St & Hudson St,5997,W 36 St & 9 Ave,6569,40.73752993301071,-74.00558933615685,40.75462324029105,-73.99516761302948,member
1628685,81486863785A29AD,electric_bike,2022-03-18 11:15:12,2022-03-18 11:37:40,E 85 St & York Ave,7146,W 36 St & 9 Ave,6569,40.77536905,-73.94803392,40.75462324029105,-73.99516761302948,member
1628686,9E2BB77227AB2E90,electric_bike,2022-03-18 09:39:20,2022-03-18 10:00:52,E 85 St & York Ave,7146,W 36 St & 9 Ave,6569,40.77536905,-73.94803392,40.75462324029105,-73.99516761302948,member
1628693,453885CC52CB76AF,classic_bike,2022-03-20 17:23:43,2022-03-20 17:29:52,W 24 St & 7 Ave,6257,W 36 St & 9 Ave,6569,40.74487634,-73.99529885,40.75462324029105,-73.99516761302948,member
1628695,06A09DC3BF63E716,classic_bike,2022-03-16 17:55:22,2022-03-16 18:02:43,W 24 St & 7 Ave,6257,W 36 St & 9 Ave,6569,40.74487634,-73.99529885,40.75462324029105,-73.99516761302948,member
1628705,F009B34161B0EFBE,electric_bike,2022-03-03 19:01:18,2022-03-03 19:05:12,11 Ave & W 41 St,6726,W 36 St & 9 Ave,6569,40.76030096,-73.99884222,40.75462324029105,-73.99516761302948,member
1628707,5BA3E97DC8B1D7F0,classic_bike,2022-03-20 19:28:57,2022-03-20 19:33:49,11 Ave & W 41 St,6726,W 36 St & 9 Ave,6569,40.76030096,-73.99884222,40.75462324029105,-73.99516761302948,member
1628711,921DF9FD53D6D5C1,electric_bike,2022-03-13 13:24:16,2022-03-13 13:28:28,11 Ave & W 41 St,6726,W 36 St & 9 Ave,6569,40.76030096,-73.99884222,40.75462324029105,-73.99516761302948,member
1628712,3A2CB8DD2991EF24,classic_bike,2022-03-21 19:16:01,2022-03-21 19:21:05,11 Ave & W 41 St,6726,W 36 St & 9 Ave,6569,40.76030096,-73.99884222,40.75462324029105,-73.99516761302948,member
1628713,363A4AFBF0643E12,classic_bike,2022-03-04 09:56:02,2022-03-04 10:02:09,11 Ave & W 41 St,6726,W 36 St & 9 Ave,6569,40.76030096,-73.99884222,40.75462324029105,-73.99516761302948,member
1628714,8703630E9681C3F5,classic_bike,2022-03-08 17:37:29,2022-03-08 17:42:15,11 Ave & W 41 St,6726,W 36 St & 9 Ave,6569,40.76030096,-73.99884222,40.75462324029105,-73.99516761302948,casual
1628716,E76A12005E36EAC4,electric_bike,2022-03-02 17:02:53,2022-03-02 17:10:22,W 24 St & 7 Ave,6257,W 36 St & 9 Ave,6569,40.74487634,-73.99529885,40.75462324029105,-73.99516761302948,member
1628720,32B6F06BBD2CCE30,classic_bike,2022-03-21 09:27:50,2022-03-21 09:57:45,E 85 St & York Ave,7146,W 36 St & 9 Ave,6569,40.77536905,-73.94803392,40.75462324029105,-73.99516761302948,member
1628725,4B7206DC1F072B65,electric_bike,2022-03-24 20:24:38,2022-03-24 20:36:45,W 4 St & 7 Ave S,5880,W 36 St & 9 Ave,6569,40.73401143,-74.00293877,40.75462324029105,-73.99516761302948,casual
1628730,DE8CF2B8F9AF5D4A,electric_bike,2022-03-18 08:38:08,2022-03-18 08:44:50,W 24 St & 7 Ave,6257,W 36 St & 9 Ave,6569,40.74487634,-73.99529885,40.75462324029105,-73.99516761302948,member
1628738,59DD0D035E06EF33,electric_bike,2022-03-06 12:34:57,2022-03-06 12:52:28,W 76 St & Columbus Ave,7281,W 36 St & 9 Ave,6569,40.7801839724239,-73.97728532552719,40.75462324029105,-73.99516761302948,member
1628746,502A089AB706E2FD,classic_bike,2022-03-02 17:56:04,2022-03-02 18:08:34,W 15 St & 6 Ave,5989,W 36 St & 9 Ave,6569,40.738046142482766,-73.99642959237099,40.75462324029105,-73.99516761302948,member
1628750,00391A0B852B5D51,classic_bike,2022-03-02 00:39:05,2022-03-02 00:44:27,8 Ave & W 33 St,6450,W 36 St & 9 Ave,6569,40.751551,-73.993934,40.75462324029105,-73.99516761302948,member
1628752,8056C17409044BF1,electric_bike,2022-03-06 07:07:10,2022-03-06 07:14:13,8 Ave & W 33 St,6450,W 36 St & 9 Ave,6569,40.751551,-73.993934,40.75462324029105,-73.99516761302948,casual
1628753,16F2D5A5721D007A,classic_bike,2022-03-21 19:43:07,2022-03-21 19:48:21,8 Ave & W 49 St,6747,W 36 St & 9 Ave,6569,40.76171227910671,-73.98655101656914,40.75462324029105,-73.99516761302948,member
1628755,F67F2DC984F78303,classic_bike,2022-03-26 08:51:05,2022-03-26 08:57:25,8 Ave & W 49 St,6747,W 36 St & 9 Ave,6569,40.76171227910671,-73.98655101656914,40.75462324029105,-73.99516761302948,member
1628766,E93D2CE6899CBE3D,classic_bike,2022-03-19 23:23:25,2022-03-19 23:46:04,E 6 St & Avenue D,5506,W 36 St & 9 Ave,6569,40.72228087,-73.97668709,40.75462324029105,-73.99516761302948,member
1628768,0E7676CC0F9BD9FD,classic_bike,2022-03-03 14:05:43,2022-03-03 14:19:35,W 76 St & Columbus Ave,7281,W 36 St & 9 Ave,6569,40.7801839724239,-73.97728532552719,40.75462324029105,-73.99516761302948,member
1628769,327AC2B847581B74,classic_bike,2022-03-11 12:56:40,2022-03-11 13:12:19,Columbus Ave & W 72 St,7175,W 36 St & 9 Ave,6569,40.7770575,-73.97898475,40.75462324029105,-73.99516761302948,casual
1628771,001A7416C3930CE3,electric_bike,2022-03-02 19:19:29,2022-03-02 19:33:56,W 42 St & 8 Ave,6602,W 36 St & 9 Ave,6569,40.7575699,-73.99098507,40.75462324029105,-73.99516761302948,member
1628772,18F985098C627A31,classic_bike,2022-03-06 08:00:23,2022-03-06 08:03:28,W 42 St & 8 Ave,6602,W 36 St & 9 Ave,6569,40.7575699,-73.99098507,40.75462324029105,-73.99516761302948,casual
1628775,6213B4C139A9A6ED,electric_bike,2022-03-08 00:23:23,2022-03-08 00:39:54,E 10 St & Avenue A,5659,W 36 St & 9 Ave,6569,40.72740794,-73.98142006,40.75462324029105,-73.99516761302948,casual
1628782,30F4C6E30955D19D,classic_bike,2022-03-07 11:50:49,2022-03-07 11:55:27,W 42 St & 8 Ave,6602,W 36 St & 9 Ave,6569,40.7575699,-73.99098507,40.75462324029105,-73.99516761302948,member
1628803,83FCF0492FCA0A2E,classic_bike,2022-03-10 14:18:41,2022-03-10 14:31:37,W 44 St & 5 Ave,6551,W 36 St & 9 Ave,6569,40.75500254,-73.98014437,40.75462324029105,-73.99516761302948,member
1628807,3596897F0509D342,classic_bike,2022-03-25 21:26:16,2022-03-25 21:43:01,E 47 St & 1 Ave,6498,W 36 St & 9 Ave,6569,40.75206862,-73.96784384,40.75462324029105,-73.99516761302948,member
1628809,4B0EC748858D1F66,classic_bike,2022-03-21 21:43:36,2022-03-21 21:58:14,W 13 St & 5 Ave,5947,W 36 St & 9 Ave,6569,40.735445,-73.99431,40.75462324029105,-73.99516761302948,member
1628813,BCA4D17AB1388E57,classic_bike,2022-03-10 17:30:53,2022-03-10 17:40:34,W 44 St & 5 Ave,6551,W 36 St & 9 Ave,6569,40.75500254,-73.98014437,40.75462324029105,-73.99516761302948,member
1628814,144469F37F39BED5,electric_bike,2022-03-10 09:45:43,2022-03-10 09:51:57,W 44 St & 5 Ave,6551,W 36 St & 9 Ave,6569,40.75500254,-73.98014437,40.75462324029105,-73.99516761302948,member
1628815,403A15B7DDB5646E,electric_bike,2022-03-20 03:32:23,2022-03-20 04:12:17,W 42 St & 8 Ave,6602,W 36 St & 9 Ave,6569,40.7575699,-73.99098507,40.75462324029105,-73.99516761302948,casual
1628818,BC1A3A09F767D7DD,classic_bike,2022-03-11 16:19:17,2022-03-11 16:27:52,W 44 St & 5 Ave,6551,W 36 St & 9 Ave,6569,40.75500254,-73.98014437,40.75462324029105,-73.99516761302948,member
1628825,9945A158DFEA6692,electric_bike,2022-03-03 17:42:53,2022-03-03 17:50:55,W 44 St & 5 Ave,6551,W 36 St & 9 Ave,6569,40.75500254,-73.98014437,40.75462324029105,-73.99516761302948,member
1628830,8A50CABB45B9B7BA,electric_bike,2022-03-03 12:19:32,2022-03-03 12:28:59,Madison Av & E 51 St,6659,W 36 St & 9 Ave,6569,40.75863,-73.97513,40.75462324029105,-73.99516761302948,casual
1628833,AF41552895E36761,classic_bike,2022-03-19 14:53:11,2022-03-19 15:05:11,W 44 St & 5 Ave,6551,W 36 St & 9 Ave,6569,40.75500254,-73.98014437,40.75462324029105,-73.99516761302948,casual
1628840,1966274E94B3C571,classic_bike,2022-03-21 17:55:10,2022-03-21 18:04:27,W 44 St & 5 Ave,6551,W 36 St & 9 Ave,6569,40.75500254,-73.98014437,40.75462324029105,-73.99516761302948,member
1628858,4A81C3B45FF5FFA4,classic_bike,2022-03-16 17:11:10,2022-03-16 17:19:24,Broadway & W 29 St,6289,W 36 St & 9 Ave,6569,40.7462009,-73.98855723,40.75462324029105,-73.99516761302948,member
1628859,99DC6C0F7BDB7DE0,classic_bike,2022-03-06 22:15:11,2022-03-06 22:15:31,W 36 St & 9 Ave,6569,W 36 St & 9 Ave,6569,40.75462324029105,-73.99516761302948,40.75462324029105,-73.99516761302948,member
1628863,C4FBE5E5896C50E4,electric_bike,2022-03-14 18:43:20,2022-03-14 18:44:09,W 36 St & 9 Ave,6569,W 36 St & 9 Ave,6569,40.75462324029105,-73.99516761302948,40.75462324029105,-73.99516761302948,member
1628870,7B073A6BDC04D340,electric_bike,2022-03-31 20:56:59,2022-03-31 21:04:05,W 36 St & 9 Ave,6569,W 36 St & 9 Ave,6569,40.75462324029105,-73.99516761302948,40.75462324029105,-73.99516761302948,member
1628874,B010E02C5F049753,classic_bike,2022-03-08 07:16:21,2022-03-08 07:16:40,W 36 St & 9 Ave,6569,W 36 St & 9 Ave,6569,40.75462324029105,-73.99516761302948,40.75462324029105,-73.99516761302948,member
1628877,8E997411C94FFFE8,electric_bike,2022-03-19 18:56:48,2022-03-19 19:06:15,W 36 St & 9 Ave,6569,Broadway & W 29 St,6289,40.75462324029105,-73.99516761302948,40.7462009,-73.98855723,member
1628884,576BAAE1908E04C3,electric_bike,2022-03-23 06:07:26,2022-03-23 06:09:20,W 36 St & 9 Ave,6569,W 36 St & 9 Ave,6569,40.75462324029105,-73.99516761302948,40.75462324029105,-73.99516761302948,member
1628889,B6BCE4F3E7C19470,electric_bike,2022-03-05 13:37:00,2022-03-05 13:44:37,Broadway & W 29 St,6289,W 36 St & 9 Ave,6569,40.7462009,-73.98855723,40.75462324029105,-73.99516761302948,member
1628890,E6026A77528291B1,classic_bike,2022-03-22 10:04:10,2022-03-22 10:05:14,W 36 St & 9 Ave,6569,W 36 St & 9 Ave,6569,40.75462324029105,-73.99516761302948,40.75462324029105,-73.99516761302948,casual
1628891,51CE253E75463183,electric_bike,2022-03-04 17:15:40,2022-03-04 17:15:54,W 36 St & 9 Ave,6569,W 36 St & 9 Ave,6569,40.75462324029105,-73.99516761302948,40.75462324029105,-73.99516761302948,member
1628897,71CE01433EAADBC3,classic_bike,2022-03-12 13:41:59,2022-03-12 13:42:42,W 36 St & 9 Ave,6569,W 36 St & 9 Ave,6569,40.75462324029105,-73.99516761302948,40.75462324029105,-73.99516761302948,member
1628899,951AD6F41A30BCEE,electric_bike,2022-03-12 16:59:49,2022-03-12 17:05:14,Broadway & W 29 St,6289,W 36 St & 9 Ave,6569,40.7462009,-73.98855723,40.75462324029105,-73.99516761302948,member
1628900,3B5BC1DAF0B4836B,electric_bike,2022-03-01 14:44:26,2022-03-01 14:44:51,W 36 St & 9 Ave,6569,W 36 St & 9 Ave,6569,40.75462324029105,-73.99516761302948,40.75462324029105,-73.99516761302948,member
1628913,F2FD9249A7A447E7,classic_bike,2022-03-31 18:38:16,2022-03-31 18:41:10,W 34 St &\tHudson Blvd E,6535,W 36 St & 9 Ave,6569,40.75516719072139,-74.00059908628464,40.75462324029105,-73.99516761302948,member
1628914,3BC3EAAFF01315EF,electric_bike,2022-03-30 14:27:03,2022-03-30 14:30:08,W 34 St &\tHudson Blvd E,6535,W 36 St & 9 Ave,6569,40.75516719072139,-74.00059908628464,40.75462324029105,-73.99516761302948,member
1628916,8917D3225489DFFF,classic_bike,2022-03-26 19:49:49,2022-03-26 19:54:40,W 34 St &\tHudson Blvd E,6535,W 36 St & 9 Ave,6569,40.75516719072139,-74.00059908628464,40.75462324029105,-73.99516761302948,member
1628919,EAAEEC26B49AACE6,classic_bike,2022-03-04 17:06:21,2022-03-04 17:15:18,W 34 St &\tHudson Blvd E,6535,W 36 St & 9 Ave,6569,40.75516719072139,-74.00059908628464,40.75462324029105,-73.99516761302948,member
1628922,0548F66B43C583AF,electric_bike,2022-03-10 17:22:40,2022-03-10 17:30:26,W 36 St & 9 Ave,6569,W 36 St & 9 Ave,6569,40.75462324029105,-73.99516761302948,40.75462324029105,-73.99516761302948,member
1628926,259A6E6CF15295D0,classic_bike,2022-03-18 08:57:57,2022-03-18 09:05:33,W 36 St & 9 Ave,6569,Broadway & W 29 St,6289,40.75462324029105,-73.99516761302948,40.7462009,-73.98855723,member
1628935,01352D068B82A9E0,electric_bike,2022-03-06 17:16:55,2022-03-06 17:37:21,W 36 St & 9 Ave,6569,W 36 St & 9 Ave,6569,40.75462324029105,-73.99516761302948,40.75462324029105,-73.99516761302948,casual
1628946,371049F7D08DC8D0,classic_bike,2022-03-25 12:30:39,2022-03-25 12:39:07,W 36 St & 9 Ave,6569,Broadway & W 29 St,6289,40.75462324029105,-73.99516761302948,40.7462009,-73.98855723,member
1628955,148F12B7112E0E71,classic_bike,2022-03-01 16:08:37,2022-03-01 16:13:17,W 34 St &\tHudson Blvd E,6535,W 36 St & 9 Ave,6569,40.75516719072139,-74.00059908628464,40.75462324029105,-73.99516761302948,member
1628956,2AEAFEA1827DD538,classic_bike,2022-03-14 15:05:39,2022-03-14 15:10:04,W 34 St &\tHudson Blvd E,6535,W 36 St & 9 Ave,6569,40.75516719072139,-74.00059908628464,40.75462324029105,-73.99516761302948,member
1628962,CB5EDACF6C737619,classic_bike,2022-03-23 10:29:41,2022-03-23 10:34:36,W 34 St &\tHudson Blvd E,6535,W 36 St & 9 Ave,6569,40.75516719072139,-74.00059908628464,40.75462324029105,-73.99516761302948,member
1628971,940BDFFB6D8F568D,classic_bike,2022-03-01 13:43:33,2022-03-01 13:51:50,W 44 St & 5 Ave,6551,W 36 St & 9 Ave,6569,40.75500254,-73.98014437,40.75462324029105,-73.99516761302948,member
1628983,E3854BD984628A73,electric_bike,2022-03-02 08:14:21,2022-03-02 08:29:40,West End Ave & W 60 St,7059,W 36 St & 9 Ave,6569,40.77237,-73.99005,40.75462324029105,-73.99516761302948,member
1628986,610422F1E9691C9D,classic_bike,2022-03-25 12:55:06,2022-03-25 13:07:48,West End Ave & W 60 St,7059,W 36 St & 9 Ave,6569,40.77237,-73.99005,40.75462324029105,-73.99516761302948,member
1629001,9F08B1D899B4D6AE,electric_bike,2022-03-21 21:11:23,2022-03-21 21:23:13,Pier 40 - Hudson River Park,5696,W 36 St & 9 Ave,6569,40.7277140777778,-74.01129573583603,40.75462324029105,-73.99516761302948,member
1629003,2D165F7330E85B69,electric_bike,2022-03-16 20:21:13,2022-03-16 20:34:47,E 2 St & 2 Ave,5593,W 36 St & 9 Ave,6569,40.72502876,-73.99069656,40.75462324029105,-73.99516761302948,member
1629006,5D5FB83B54382EBB,electric_bike,2022-03-23 14:48:41,2022-03-23 15:00:00,E 53 St & Lexington Ave,6617,W 36 St & 9 Ave,6569,40.75828065,-73.97069431,40.75462324029105,-73.99516761302948,member
1629029,2EFEC8BFEF1B58F4,classic_bike,2022-03-07 09:45:12,2022-03-07 10:08:18,E 81 St & York Ave,7084,W 36 St & 9 Ave,6569,40.7728384,-73.94989233,40.75462324029105,-73.99516761302948,member
1629031,F4E4D745B00F250A,classic_bike,2022-03-02 08:57:53,2022-03-02 09:02:14,9 Ave & W 45 St,6717,W 36 St & 9 Ave,6569,40.76019252,-73.9912551,40.75462324029105,-73.99516761302948,member
1629038,20EA2AA66836866C,classic_bike,2022-03-20 11:35:24,2022-03-20 11:47:23,Broadway & W 58 St,6948,W 36 St & 9 Ave,6569,40.76695317,-73.98169333,40.75462324029105,-73.99516761302948,member
1629040,6F507579D227D514,classic_bike,2022-03-23 18:21:13,2022-03-23 18:27:00,9 Ave & W 45 St,6717,W 36 St & 9 Ave,6569,40.76019252,-73.9912551,40.75462324029105,-73.99516761302948,casual
1629042,03A2F14E6157E7B6,classic_bike,2022-03-03 05:40:33,2022-03-03 05:44:46,9 Ave & W 45 St,6717,W 36 St & 9 Ave,6569,40.76019252,-73.9912551,40.75462324029105,-73.99516761302948,casual
1629043,928790899F94E17A,classic_bike,2022-03-04 22:38:56,2022-03-04 22:49:10,W 56 St & 10 Ave,6955,W 36 St & 9 Ave,6569,40.768254,-73.988639,40.75462324029105,-73.99516761302948,casual
1629049,7BEDE18582C542C0,electric_bike,2022-03-09 08:12:40,2022-03-09 08:27:49,West End Ave & W 60 St,7059,W 36 St & 9 Ave,6569,40.77237,-73.99005,40.75462324029105,-73.99516761302948,member
1629050,033146A2888BF4F1,classic_bike,2022-03-30 10:18:51,2022-03-30 10:22:20,9 Ave & W 45 St,6717,W 36 St & 9 Ave,6569,40.76019252,-73.9912551,40.75462324029105,-73.99516761302948,member
1629052,0EEE280F5570899F,classic_bike,2022-03-05 10:50:16,2022-03-05 10:53:47,9 Ave & W 45 St,6717,W 36 St & 9 Ave,6569,40.76019252,-73.9912551,40.75462324029105,-73.99516761302948,member
1629053,8BE2BDCA20C92D68,classic_bike,2022-03-27 13:07:31,2022-03-27 13:10:26,9 Ave & W 45 St,6717,W 36 St & 9 Ave,6569,40.76019252,-73.9912551,40.75462324029105,-73.99516761302948,member
1629055,750EB3EB007A6374,electric_bike,2022-03-17 17:09:27,2022-03-17 17:19:39,Broadway & W 58 St,6948,W 36 St & 9 Ave,6569,40.76695317,-73.98169333,40.75462324029105,-73.99516761302948,member
1629056,0C8196977050ECDB,electric_bike,2022-03-31 05:38:08,2022-03-31 05:40:58,9 Ave & W 45 St,6717,W 36 St & 9 Ave,6569,40.76019252,-73.9912551,40.75462324029105,-73.99516761302948,member
1629057,E7681064808E64BF,electric_bike,2022-03-22 05:40:33,2022-03-22 05:43:21,9 Ave & W 45 St,6717,W 36 St & 9 Ave,6569,40.76019252,-73.9912551,40.75462324029105,-73.99516761302948,member
1629058,A25CC91372458450,classic_bike,2022-03-16 09:17:25,2022-03-16 09:26:14,W 56 St & 10 Ave,6955,W 36 St & 9 Ave,6569,40.768254,-73.988639,40.75462324029105,-73.99516761302948,member
1629059,19BA66437C6DE20D,electric_bike,2022-03-30 07:20:30,2022-03-30 07:23:50,9 Ave & W 45 St,6717,W 36 St & 9 Ave,6569,40.76019252,-73.9912551,40.75462324029105,-73.99516761302948,casual
1629061,EDE3E3D4DAF006A8,electric_bike,2022-03-18 07:16:35,2022-03-18 07:22:57,W 56 St & 10 Ave,6955,W 36 St & 9 Ave,6569,40.768254,-73.988639,40.75462324029105,-73.99516761302948,casual
1629063,6453C062CF09FB84,classic_bike,2022-03-14 09:32:58,2022-03-14 09:37:27,9 Ave & W 45 St,6717,W 36 St & 9 Ave,6569,40.76019252,-73.9912551,40.75462324029105,-73.99516761302948,member
1629066,EBE5960F36F4F911,classic_bike,2022-03-14 14:41:20,2022-03-14 14:50:57,Broadway & W 58 St,6948,W 36 St & 9 Ave,6569,40.76695317,-73.98169333,40.75462324029105,-73.99516761302948,member
1629067,D9BF3CE8A5F905A2,electric_bike,2022-03-26 06:05:35,2022-03-26 06:11:56,9 Ave & W 45 St,6717,W 36 St & 9 Ave,6569,40.76019252,-73.9912551,40.75462324029105,-73.99516761302948,member
1629068,7563B0A7F7D99B99,classic_bike,2022-03-05 14:37:31,2022-03-05 14:41:39,9 Ave & W 45 St,6717,W 36 St & 9 Ave,6569,40.76019252,-73.9912551,40.75462324029105,-73.99516761302948,member
1629070,D8AF3B9997749474,classic_bike,2022-03-08 16:47:58,2022-03-08 16:58:10,W 56 St & 10 Ave,6955,W 36 St & 9 Ave,6569,40.768254,-73.988639,40.75462324029105,-73.99516761302948,member
1629071,E8B7116B136F0DF2,electric_bike,2022-03-09 05:41:53,2022-03-09 05:44:39,9 Ave & W 45 St,6717,W 36 St & 9 Ave,6569,40.76019252,-73.9912551,40.75462324029105,-73.99516761302948,member
1629072,FEA6AB5795B623C0,electric_bike,2022-03-10 05:39:45,2022-03-10 05:41:53,9 Ave & W 45 St,6717,W 36 St & 9 Ave,6569,40.76019252,-73.9912551,40.75462324029105,-73.99516761302948,member
1629074,77184872B4776313,electric_bike,2022-03-21 15:01:21,2022-03-21 15:14:32,Grand Army Plaza & Central Park S,6839,W 36 St & 9 Ave,6569,40.7643971,-73.97371465,40.75462324029105,-73.99516761302948,casual
1629077,A92E5AB7FB30887A,electric_bike,2022-03-14 17:24:18,2022-03-14 17:37:26,W 44 St & 5 Ave,6551,W 36 St & 9 Ave,6569,40.75500254,-73.98014437,40.75462324029105,-73.99516761302948,member
1629081,067E210AFB8ABB3D,electric_bike,2022-03-15 19:02:16,2022-03-15 19:18:50,Lexington Ave & E 24 St,6089,W 36 St & 9 Ave,6569,40.74025878,-73.98409214,40.75462324029105,-73.99516761302948,member
1629083,76A82B742B3D42FB,classic_bike,2022-03-03 09:13:06,2022-03-03 09:24:06,W 56 St & 10 Ave,6955,W 36 St & 9 Ave,6569,40.768254,-73.988639,40.75462324029105,-73.99516761302948,member
1629085,60F2DD6CA54A5709,classic_bike,2022-03-12 07:24:25,2022-03-12 07:27:13,9 Ave & W 45 St,6717,W 36 St & 9 Ave,6569,40.76019252,-73.9912551,40.75462324029105,-73.99516761302948,member
1629086,2FEB55ACBAB85CC4,classic_bike,2022-03-02 18:35:10,2022-03-02 18:39:26,9 Ave & W 45 St,6717,W 36 St & 9 Ave,6569,40.76019252,-73.9912551,40.75462324029105,-73.99516761302948,member
1629087,EC55F6C509A6725C,classic_bike,2022-03-04 06:38:58,2022-03-04 06:42:53,9 Ave & W 45 St,6717,W 36 St & 9 Ave,6569,40.76019252,-73.9912551,40.75462324029105,-73.99516761302948,member
1629091,40E5EA7BA087522D,electric_bike,2022-03-30 16:13:09,2022-03-30 16:16:30,9 Ave & W 45 St,6717,W 36 St & 9 Ave,6569,40.76019252,-73.9912551,40.75462324029105,-73.99516761302948,member
1629092,357BD3B8DF507338,classic_bike,2022-03-21 07:15:16,2022-03-21 07:18:40,9 Ave & W 45 St,6717,W 36 St & 9 Ave,6569,40.76019252,-73.9912551,40.75462324029105,-73.99516761302948,member
1629093,A74292DA9A765F0E,classic_bike,2022-03-10 19:00:47,2022-03-10 19:04:43,9 Ave & W 45 St,6717,W 36 St & 9 Ave,6569,40.76019252,-73.9912551,40.75462324029105,-73.99516761302948,member
1629100,E6D1CDE04867C1E9,electric_bike,2022-03-10 17:09:25,2022-03-10 17:21:02,Broadway & E 21 St,6098,W 36 St & 9 Ave,6569,40.73988840858996,-73.98958593606949,40.75462324029105,-73.99516761302948,member
1629110,3D8F26472847C769,electric_bike,2022-03-28 18:57:28,2022-03-28 18:57:57,W 36 St & 9 Ave,6569,W 36 St & 9 Ave,6569,40.75462324029105,-73.99516761302948,40.75462324029105,-73.99516761302948,member
1629112,B8C7EFAC2CABF018,classic_bike,2022-03-10 15:59:20,2022-03-10 15:59:39,W 36 St & 9 Ave,6569,W 36 St & 9 Ave,6569,40.75462324029105,-73.99516761302948,40.75462324029105,-73.99516761302948,member
1629115,3E3AA29D8E476BFD,electric_bike,2022-03-19 11:52:57,2022-03-19 12:00:30,W 36 St & 9 Ave,6569,Broadway & W 29 St,6289,40.75462324029105,-73.99516761302948,40.7462009,-73.98855723,member
1629118,521930B77FC230B7,classic_bike,2022-03-18 13:16:51,2022-03-18 13:41:29,W 36 St & 9 Ave,6569,W 36 St & 9 Ave,6569,40.75462324029105,-73.99516761302948,40.75462324029105,-73.99516761302948,casual
1629119,EA9AB2B425291F57,classic_bike,2022-03-26 09:16:20,2022-03-26 09:22:42,W 36 St & 9 Ave,6569,W 36 St & 9 Ave,6569,40.75462324029105,-73.99516761302948,40.75462324029105,-73.99516761302948,casual
1629129,91C207A7CADFA6BC,electric_bike,2022-03-08 12:29:26,2022-03-08 12:34:39,W 36 St & 9 Ave,6569,W 36 St & 9 Ave,6569,40.75462324029105,-73.99516761302948,40.75462324029105,-73.99516761302948,casual
1629143,A703B52F19C6F0F8,classic_bike,2022-03-19 11:09:33,2022-03-19 11:16:05,W 47 St & 10 Ave,6824,W 36 St & 9 Ave,6569,40.76269882,-73.99301222,40.75462324029105,-73.99516761302948,member
1629155,4EBA56CBB5A8D767,electric_bike,2022-03-16 13:46:57,2022-03-16 14:04:41,12 Ave & W 40 St,6765,W 36 St & 9 Ave,6569,40.76087502,-74.00277668,40.75462324029105,-73.99516761302948,member
1629157,DAFEA8E222A6EE80,classic_bike,2022-03-27 14:52:45,2022-03-27 15:11:12,12 Ave & W 40 St,6765,W 36 St & 9 Ave,6569,40.76087502,-74.00277668,40.75462324029105,-73.99516761302948,casual
1629192,FF5DF5987DC3FD08,electric_bike,2022-03-15 18:31:54,2022-03-15 18:47:47,E 63 St & 3 Ave,6830,W 36 St & 9 Ave,6569,40.763954,-73.9646,40.75462324029105,-73.99516761302948,member
1629195,4A419E973A482F28,electric_bike,2022-03-16 01:30:28,2022-03-16 01:32:40,W 29 St & 9 Ave,6416,W 36 St & 9 Ave,6569,40.7500727,-73.99839279,40.75462324029105,-73.99516761302948,casual
1629211,561AC544AE08E9B4,electric_bike,2022-03-21 21:51:23,2022-03-21 21:57:07,W 47 St & 10 Ave,6824,W 36 St & 9 Ave,6569,40.76269882,-73.99301222,40.75462324029105,-73.99516761302948,member
1629213,43D0FAEDBD148A65,classic_bike,2022-03-27 14:53:09,2022-03-27 15:11:05,12 Ave & W 40 St,6765,W 36 St & 9 Ave,6569,40.76087502,-74.00277668,40.75462324029105,-73.99516761302948,casual
1629214,C79835B8EDEDCD1C,electric_bike,2022-03-31 18:24:36,2022-03-31 18:29:57,W 47 St & 10 Ave,6824,W 36 St & 9 Ave,6569,40.76269882,-73.99301222,40.75462324029105,-73.99516761302948,casual
1629218,F260FBA4DFE2E9AA,electric_bike,2022-03-30 15:58:05,2022-03-30 16:03:38,W 47 St & 10 Ave,6824,W 36 St & 9 Ave,6569,40.76269882,-73.99301222,40.75462324029105,-73.99516761302948,member
1629221,04AC4DCAB7F959A0,electric_bike,2022-03-06 10:22:04,2022-03-06 10:26:00,W 47 St & 10 Ave,6824,W 36 St & 9 Ave,6569,40.76269882,-73.99301222,40.75462324029105,-73.99516761302948,member
1629222,B2B4F45FF0D7744A,classic_bike,2022-03-23 06:50:19,2022-03-23 06:55:58,W 47 St & 10 Ave,6824,W 36 St & 9 Ave,6569,40.76269882,-73.99301222,40.75462324029105,-73.99516761302948,member
1629233,A35DF07AFD744854,classic_bike,2022-03-23 19:27:14,2022-03-23 19:38:26,W 36 St & 9 Ave,6569,W 36 St & 9 Ave,6569,40.75462324029105,-73.99516761302948,40.75462324029105,-73.99516761302948,member
1629234,D243CF1C2F6BC661,electric_bike,2022-03-31 19:14:22,2022-03-31 19:14:48,W 36 St & 9 Ave,6569,W 36 St & 9 Ave,6569,40.75462324029105,-73.99516761302948,40.75462324029105,-73.99516761302948,member
1629236,CD998C35B596EC4B,electric_bike,2022-03-30 17:20:41,2022-03-30 17:21:12,W 36 St & 9 Ave,6569,W 36 St & 9 Ave,6569,40.75462324029105,-73.99516761302948,40.75462324029105,-73.99516761302948,member
1629241,33D9C7DEE28278D6,electric_bike,2022-03-22 04:51:02,2022-03-22 04:51:21,W 36 St & 9 Ave,6569,W 36 St & 9 Ave,6569,40.75462324029105,-73.99516761302948,40.75462324029105,-73.99516761302948,member
1629250,64A85F85BE8D6DC3,classic_bike,2022-03-25 17:48:22,2022-03-25 17:57:37,W 36 St & 9 Ave,6569,Broadway & W 29 St,6289,40.75462324029105,-73.99516761302948,40.7462009,-73.98855723,member
1629254,B7C7343232746F0D,electric_bike,2022-03-18 11:50:56,2022-03-18 11:56:07,W 36 St & 9 Ave,6569,W 36 St & 9 Ave,6569,40.75462324029105,-73.99516761302948,40.75462324029105,-73.99516761302948,casual
1629255,7A97AFC150A48048,electric_bike,2022-03-10 13:03:53,2022-03-10 13:15:21,W 36 St & 9 Ave,6569,Broadway & W 29 St,6289,40.75462324029105,-73.99516761302948,40.7462009,-73.98855723,casual
1629256,396CC4F2E31560BA,classic_bike,2022-03-15 22:23:24,2022-03-15 23:24:37,W 36 St & 9 Ave,6569,W 36 St & 9 Ave,6569,40.75462324029105,-73.99516761302948,40.75462324029105,-73.99516761302948,casual
1629257,B69F9D648CA9AF33,classic_bike,2022-03-08 18:05:14,2022-03-08 20:04:19,W 36 St & 9 Ave,6569,W 36 St & 9 Ave,6569,40.75462324029105,-73.99516761302948,40.75462324029105,-73.99516761302948,casual
1629259,4AEA171BC41AB909,electric_bike,2022-03-20 03:35:59,2022-03-20 04:12:21,W 36 St & 9 Ave,6569,W 36 St & 9 Ave,6569,40.75462324029105,-73.99516761302948,40.75462324029105,-73.99516761302948,casual
1629275,9BEB38BC58AE1C34,classic_bike,2022-03-30 10:24:56,2022-03-30 10:43:21,E 45 St & 3 Ave,6464,W 36 St & 9 Ave,6569,40.75255434,-73.97282625,40.75462324029105,-73.99516761302948,casual
1629282,9DF954B08745739D,electric_bike,2022-03-03 05:50:42,2022-03-03 05:53:04,W 29 St & 9 Ave,6416,W 36 St & 9 Ave,6569,40.7500727,-73.99839279,40.75462324029105,-73.99516761302948,casual
1629285,3F066E699CDE65EA,electric_bike,2022-03-21 10:10:21,2022-03-21 10:22:54,W 56 St & 10 Ave,6955,W 36 St & 9 Ave,6569,40.768254,-73.988639,40.75462324029105,-73.99516761302948,member
1629286,0368934A4EA579C1,electric_bike,2022-03-11 05:37:12,2022-03-11 05:40:13,9 Ave & W 45 St,6717,W 36 St & 9 Ave,6569,40.76019252,-73.9912551,40.75462324029105,-73.99516761302948,member
1629290,89CD5EB994A67016,classic_bike,2022-03-15 12:38:52,2022-03-15 12:50:07,W 56 St & 10 Ave,6955,W 36 St & 9 Ave,6569,40.768254,-73.988639,40.75462324029105,-73.99516761302948,member
1629291,C412FBB7D3D851CD,classic_bike,2022-03-16 14:40:12,2022-03-16 14:43:34,9 Ave & W 45 St,6717,W 36 St & 9 Ave,6569,40.76019252,-73.9912551,40.75462324029105,-73.99516761302948,member
1629297,4A0BC4E27524905C,electric_bike,2022-03-13 16:50:38,2022-03-13 17:09:04,Barrow St & Hudson St,5805,W 36 St & 9 Ave,6569,40.73172428,-74.00674436,40.75462324029105,-73.99516761302948,member
1629302,1BE44AFE071BCDE6,classic_bike,2022-03-16 20:02:12,2022-03-16 20:05:47,9 Ave & W 45 St,6717,W 36 St & 9 Ave,6569,40.76019252,-73.9912551,40.75462324029105,-73.99516761302948,member
1629304,B360547E1FB4A700,electric_bike,2022-03-20 13:58:53,2022-03-20 14:05:33,Broadway & W 58 St,6948,W 36 St & 9 Ave,6569,40.76695317,-73.98169333,40.75462324029105,-73.99516761302948,member
1629305,E8667E39655324AD,classic_bike,2022-03-23 14:36:06,2022-03-23 14:39:17,9 Ave & W 45 St,6717,W 36 St & 9 Ave,6569,40.76019252,-73.9912551,40.75462324029105,-73.99516761302948,member
1629307,5C41CC431EA2C041,classic_bike,2022-03-22 22:29:24,2022-03-22 22:33:46,9 Ave & W 45 St,6717,W 36 St & 9 Ave,6569,40.76019252,-73.9912551,40.75462324029105,-73.99516761302948,casual
1629311,D8FE1E2E94159F15,classic_bike,2022-03-20 13:10:12,2022-03-20 13:30:43,Bleecker St & Crosby St,5679,W 36 St & 9 Ave,6569,40.72615604980408,-73.99510189890862,40.75462324029105,-73.99516761302948,member
1629316,35E867A586ADDD09,electric_bike,2022-03-16 18:26:40,2022-03-16 18:51:23,Allen St & Stanton St,5484,W 36 St & 9 Ave,6569,40.722055,-73.989111,40.75462324029105,-73.99516761302948,member
1629331,220A3616C7ECB46E,electric_bike,2022-03-28 17:18:38,2022-03-28 17:42:06,Madison Ave & E 99 St,7443,W 36 St & 9 Ave,6569,40.78948541553215,-73.95242929458618,40.75462324029105,-73.99516761302948,member
1629337,735E493FDBAD54FC,classic_bike,2022-03-22 17:56:56,2022-03-22 18:07:30,W 47 St & 6 Ave,6667,W 36 St & 9 Ave,6569,40.758397,-73.98255,40.75462324029105,-73.99516761302948,member
1629365,7BE5AC4A74D09BAF,electric_bike,2022-03-16 07:13:39,2022-03-16 07:20:10,W 53 St & 10 Ave,6890,W 36 St & 9 Ave,6569,40.76669671,-73.99061728,40.75462324029105,-73.99516761302948,casual
1629368,311650FCD5B8934C,electric_bike,2022-03-18 17:49:19,2022-03-18 17:56:19,W 47 St & 6 Ave,6667,W 36 St & 9 Ave,6569,40.758397,-73.98255,40.75462324029105,-73.99516761302948,casual
1629375,FB9A72A06DEDA3BA,electric_bike,2022-03-10 22:16:07,2022-03-10 22:24:57,W 55 St & 6 Ave,6809,W 36 St & 9 Ave,6569,40.763189,-73.978434,40.75462324029105,-73.99516761302948,member
1629385,4AF70DC9666B2AFC,classic_bike,2022-03-30 12:45:07,2022-03-30 12:57:33,11 Ave & W 59 St,7059,W 36 St & 9 Ave,6569,40.77149671054441,-73.99046033620834,40.75462324029105,-73.99516761302948,member
1629387,E073F6AC4A4FD801,classic_bike,2022-03-02 16:42:17,2022-03-02 16:48:37,W 26 St & 8 Ave,6297,W 36 St & 9 Ave,6569,40.74734825,-73.99723551,40.75462324029105,-73.99516761302948,member
1629388,2F85FB780160EC56,classic_bike,2022-03-16 09:34:19,2022-03-16 09:39:53,W 26 St & 8 Ave,6297,W 36 St & 9 Ave,6569,40.74734825,-73.99723551,40.75462324029105,-73.99516761302948,member
1629389,B963B61722685D58,classic_bike,2022-03-23 08:20:41,2022-03-23 08:43:24,MacDougal St & Prince St,5687,W 36 St & 9 Ave,6569,40.72710258,-74.00297088,40.75462324029105,-73.99516761302948,member
1629390,1D8E045C844DEF4E,electric_bike,2022-03-02 14:43:21,2022-03-02 15:12:22,MacDougal St & Prince St,5687,W 36 St & 9 Ave,6569,40.72710258,-74.00297088,40.75462324029105,-73.99516761302948,casual
1629399,C41794860A091FC8,electric_bike,2022-03-25 15:49:30,2022-03-25 16:02:14,1 Ave & E 16 St,5779,W 36 St & 9 Ave,6569,40.73221853,-73.98165557,40.75462324029105,-73.99516761302948,member
1629408,B4DF45B3C0277246,electric_bike,2022-03-21 15:16:27,2022-03-21 15:30:36,Amsterdam Ave & W 73 St,7260,W 36 St & 9 Ave,6569,40.77966809007312,-73.98093044757842,40.75462324029105,-73.99516761302948,casual
1629410,AC0E423B5E6FD6A6,classic_bike,2022-03-18 17:26:17,2022-03-18 17:49:09,Amsterdam Ave & W 73 St,7260,W 36 St & 9 Ave,6569,40.77966809007312,-73.98093044757842,40.75462324029105,-73.99516761302948,casual
1629413,D329CD0969346D51,electric_bike,2022-03-05 12:42:43,2022-03-05 12:47:42,W 26 St & 8 Ave,6297,W 36 St & 9 Ave,6569,40.74734825,-73.99723551,40.75462324029105,-73.99516761302948,member
1629417,AD993E7E4AC677CC,electric_bike,2022-03-17 19:10:24,2022-03-17 19:24:50,W 84 St & Broadway,7409,W 36 St & 9 Ave,6569,40.7867947,-73.977112,40.75462324029105,-73.99516761302948,member
1629423,151210F36B3C893D,classic_bike,2022-03-22 20:20:54,2022-03-22 20:27:58,W 49 St & 8 Ave,6747,W 36 St & 9 Ave,6569,40.76227205,-73.98788205,40.75462324029105,-73.99516761302948,member
1629425,3741E7F5F3BEE752,electric_bike,2022-03-30 16:14:45,2022-03-30 16:23:02,W 21 St & 6 Ave,6140,W 36 St & 9 Ave,6569,40.74173969,-73.99415556,40.75462324029105,-73.99516761302948,member
1629426,9C996571D7B23009,classic_bike,2022-03-16 18:25:08,2022-03-16 18:40:32,W 21 St & 6 Ave,6140,W 36 St & 9 Ave,6569,40.74173969,-73.99415556,40.75462324029105,-73.99516761302948,casual
1629434,6626B7EBEC5C2C08,classic_bike,2022-03-14 06:58:49,2022-03-14 07:03:18,W 49 St & 8 Ave,6747,W 36 St & 9 Ave,6569,40.76227205,-73.98788205,40.75462324029105,-73.99516761302948,member
1629437,87B36A64C0BFC5D6,classic_bike,2022-03-10 21:05:54,2022-03-10 21:13:48,W 26 St & 8 Ave,6297,W 36 St & 9 Ave,6569,40.74734825,-73.99723551,40.75462324029105,-73.99516761302948,member
1629438,EB12D86FC52D77B5,electric_bike,2022-03-14 23:06:05,2022-03-14 23:19:20,Washington Pl & Broadway,5755,W 36 St & 9 Ave,6569,40.72903917,-73.99404649,40.75462324029105,-73.99516761302948,casual
1629439,1FF280B3E28A7C7B,classic_bike,2022-03-02 20:08:28,2022-03-02 20:32:59,W 47 St & 6 Ave,6667,W 36 St & 9 Ave,6569,40.758397,-73.98255,40.75462324029105,-73.99516761302948,casual
1629441,79992A7B118F8682,classic_bike,2022-03-04 16:54:27,2022-03-04 17:00:42,W 22 St & 10 Ave,6306,W 36 St & 9 Ave,6569,40.74691959,-74.00451887,40.75462324029105,-73.99516761302948,casual
1629451,E19839A5DB021E4A,classic_bike,2022-03-02 09:23:58,2022-03-02 09:31:47,W 49 St & 8 Ave,6747,W 36 St & 9 Ave,6569,40.76227205,-73.98788205,40.75462324029105,-73.99516761302948,member
1629453,E0EAE3F10CFFA20B,electric_bike,2022-03-17 15:20:58,2022-03-17 15:26:03,W 22 St & 10 Ave,6306,W 36 St & 9 Ave,6569,40.74691959,-74.00451887,40.75462324029105,-73.99516761302948,member
1629454,8BE824EEF7712D00,classic_bike,2022-03-23 13:37:13,2022-03-23 13:42:41,W 26 St & 8 Ave,6297,W 36 St & 9 Ave,6569,40.74734825,-73.99723551,40.75462324029105,-73.99516761302948,member
1629455,F2C8187808B4FEE1,classic_bike,2022-03-23 17:08:10,2022-03-23 17:16:37,W 47 St & 6 Ave,6667,W 36 St & 9 Ave,6569,40.758397,-73.98255,40.75462324029105,-73.99516761302948,member
1629459,D6EFA3D34FFAB562,electric_bike,2022-03-14 05:43:12,2022-03-14 05:47:54,W 49 St & 8 Ave,6747,W 36 St & 9 Ave,6569,40.76227205,-73.98788205,40.75462324029105,-73.99516761302948,member
1629462,442C4DDEB63B184A,electric_bike,2022-03-01 14:50:52,2022-03-01 14:57:06,W 49 St & 8 Ave,6747,W 36 St & 9 Ave,6569,40.76227205,-73.98788205,40.75462324029105,-73.99516761302948,member
1629463,9EC5C71630FCA84A,classic_bike,2022-03-10 06:59:24,2022-03-10 07:03:49,W 49 St & 8 Ave,6747,W 36 St & 9 Ave,6569,40.76227205,-73.98788205,40.75462324029105,-73.99516761302948,member
1629473,84E0B66A778D66E4,classic_bike,2022-03-15 14:03:01,2022-03-15 14:18:27,W 49 St & 8 Ave,6747,W 36 St & 9 Ave,6569,40.76227205,-73.98788205,40.75462324029105,-73.99516761302948,casual
1629474,BF382947DC1B9E30,classic_bike,2022-03-03 12:35:12,2022-03-03 12:39:59,W 49 St & 8 Ave,6747,W 36 St & 9 Ave,6569,40.76227205,-73.98788205,40.75462324029105,-73.99516761302948,member
1629475,0710A204E7B7DAB7,electric_bike,2022-03-04 13:54:02,2022-03-04 14:08:40,W 49 St & 8 Ave,6747,W 36 St & 9 Ave,6569,40.76227205,-73.98788205,40.75462324029105,-73.99516761302948,member
1629479,2266B484CDCA1169,classic_bike,2022-03-16 07:02:01,2022-03-16 07:06:10,W 49 St & 8 Ave,6747,W 36 St & 9 Ave,6569,40.76227205,-73.98788205,40.75462324029105,-73.99516761302948,member
1629480,F48650BE7AA98A43,classic_bike,2022-03-07 07:01:54,2022-03-07 07:06:37,W 49 St & 8 Ave,6747,W 36 St & 9 Ave,6569,40.76227205,-73.98788205,40.75462324029105,-73.99516761302948,member
1629481,90004407F350AF2C,classic_bike,2022-03-10 08:53:37,2022-03-10 09:00:30,W 49 St & 8 Ave,6747,W 36 St & 9 Ave,6569,40.76227205,-73.98788205,40.75462324029105,-73.99516761302948,member
1629486,B31840CF4F1F8291,electric_bike,2022-03-04 13:53:07,2022-03-04 14:08:11,W 49 St & 8 Ave,6747,W 36 St & 9 Ave,6569,40.76227205,-73.98788205,40.75462324029105,-73.99516761302948,casual
1629487,CB7125ED42B316C5,electric_bike,2022-03-18 11:19:17,2022-03-18 11:27:39,W 49 St & 8 Ave,6747,W 36 St & 9 Ave,6569,40.76227205,-73.98788205,40.75462324029105,-73.99516761302948,casual
1629488,EA0E28E29EDD6F3E,electric_bike,2022-03-18 11:18:52,2022-03-18 11:27:22,W 49 St & 8 Ave,6747,W 36 St & 9 Ave,6569,40.76227205,-73.98788205,40.75462324029105,-73.99516761302948,casual
1629501,B9E4716ABB87A8F8,classic_bike,2022-03-10 13:16:16,2022-03-10 13:34:47,W 84 St & Columbus Ave,7382,W 36 St & 9 Ave,6569,40.78499979,-73.97283406,40.75462324029105,-73.99516761302948,member
1629514,B7B0FE6A9A6F412C,electric_bike,2022-03-08 09:19:20,2022-03-08 09:29:17,Barrow St & Hudson St,5805,W 36 St & 9 Ave,6569,40.73172428,-74.00674436,40.75462324029105,-73.99516761302948,member
1629517,F26704C84D13A61C,electric_bike,2022-03-06 16:22:02,2022-03-06 16:27:25,W 29 St & 9 Ave,6416,W 36 St & 9 Ave,6569,40.7500727,-73.99839279,40.75462324029105,-73.99516761302948,member
1629528,2AEDF705B7EA0611,electric_bike,2022-03-31 09:09:47,2022-03-31 09:20:23,Barrow St & Hudson St,5805,W 36 St & 9 Ave,6569,40.73172428,-74.00674436,40.75462324029105,-73.99516761302948,member
1629542,2F813634821D5B58,electric_bike,2022-03-17 05:02:09,2022-03-17 05:04:16,W 29 St & 9 Ave,6416,W 36 St & 9 Ave,6569,40.7500727,-73.99839279,40.75462324029105,-73.99516761302948,member
1629551,354023FE05EF59C4,electric_bike,2022-03-07 19:56:31,2022-03-07 20:01:14,Broadway & W 38 St,6560,W 36 St & 9 Ave,6569,40.7529728216068,-73.98734897375107,40.75462324029105,-73.99516761302948,member
1629560,EA97529811BC293C,classic_bike,2022-03-19 17:56:19,2022-03-19 18:27:38,Broadway & W 38 St,6560,W 36 St & 9 Ave,6569,40.7529728216068,-73.98734897375107,40.75462324029105,-73.99516761302948,casual
1629563,BDD54E8E58E39742,classic_bike,2022-03-10 20:27:35,2022-03-10 20:44:38,Greenwich St & W Houston St,5730,W 36 St & 9 Ave,6569,40.728846,-74.008591,40.75462324029105,-73.99516761302948,member
1629564,B7BB89738B4CA83E,classic_bike,2022-03-21 15:37:07,2022-03-21 15:44:03,W 22 St & 10 Ave,6306,W 36 St & 9 Ave,6569,40.74691959,-74.00451887,40.75462324029105,-73.99516761302948,member
1629565,B7F6D471D5B6B677,classic_bike,2022-03-17 11:18:51,2022-03-17 11:25:27,W 27 St & 7 Ave,6247,W 36 St & 9 Ave,6569,40.746647,-73.993915,40.75462324029105,-73.99516761302948,member
1629566,96157B54B830CEE0,classic_bike,2022-03-30 13:18:57,2022-03-30 13:25:50,W 27 St & 7 Ave,6247,W 36 St & 9 Ave,6569,40.746647,-73.993915,40.75462324029105,-73.99516761302948,member
1629572,02FE3678036197C9,electric_bike,2022-03-07 14:04:15,2022-03-07 14:19:28,Broadway & W 25 St,6173,W 36 St & 9 Ave,6569,40.74286877312112,-73.98918628692627,40.75462324029105,-73.99516761302948,member
1629576,89888F1C92228700,classic_bike,2022-03-16 13:20:44,2022-03-16 13:23:23,W 42 St & Dyer Ave,6644,W 36 St & 9 Ave,6569,40.75898481399634,-73.99379968643188,40.75462324029105,-73.99516761302948,member
1629579,A109AE7D7DDA92DB,classic_bike,2022-03-24 16:49:35,2022-03-24 16:54:07,W 42 St & Dyer Ave,6644,W 36 St & 9 Ave,6569,40.75898481399634,-73.99379968643188,40.75462324029105,-73.99516761302948,member
1629583,422316900A5DA3DF,electric_bike,2022-03-30 04:32:29,2022-03-30 04:35:29,W 42 St & Dyer Ave,6644,W 36 St & 9 Ave,6569,40.75898481399634,-73.99379968643188,40.75462324029105,-73.99516761302948,member
1629584,F438CE96D0C4AB25,classic_bike,2022-03-13 16:05:34,2022-03-13 16:10:27,W 42 St & Dyer Ave,6644,W 36 St & 9 Ave,6569,40.75898481399634,-73.99379968643188,40.75462324029105,-73.99516761302948,member
1629586,20E88B4B49E53A5F,classic_bike,2022-03-01 09:25:09,2022-03-01 09:31:38,W 42 St & Dyer Ave,6644,W 36 St & 9 Ave,6569,40.75898481399634,-73.99379968643188,40.75462324029105,-73.99516761302948,member
1629594,2C25338D82B03B24,electric_bike,2022-03-24 10:08:13,2022-03-24 10:14:01,Broadway\t& W 48 St,6708,W 36 St & 9 Ave,6569,40.76017739537783,-73.98486793041229,40.75462324029105,-73.99516761302948,casual
1629603,CD3822BB62ED0E76,classic_bike,2022-03-08 13:59:25,2022-03-08 14:14:15,E 17 St & Broadway,5980,W 36 St & 9 Ave,6569,40.73704984,-73.99009296,40.75462324029105,-73.99516761302948,member
1629608,FD9ADA665CCB9C2E,classic_bike,2022-03-25 16:46:30,2022-03-25 16:51:29,Broadway\t& W 48 St,6708,W 36 St & 9 Ave,6569,40.76017739537783,-73.98486793041229,40.75462324029105,-73.99516761302948,member
1629620,5C927C51E0857B06,classic_bike,2022-03-27 20:17:54,2022-03-27 20:27:56,W 21 St & 6 Ave,6140,W 36 St & 9 Ave,6569,40.74173969,-73.99415556,40.75462324029105,-73.99516761302948,member
1629621,7565460E5CB85848,classic_bike,2022-03-05 14:46:16,2022-03-05 14:52:24,Broadway\t& W 48 St,6708,W 36 St & 9 Ave,6569,40.76017739537783,-73.98486793041229,40.75462324029105,-73.99516761302948,member
1629625,D7881C555D726219,classic_bike,2022-03-17 16:15:44,2022-03-17 16:18:38,W 42 St & Dyer Ave,6644,W 36 St & 9 Ave,6569,40.75898481399634,-73.99379968643188,40.75462324029105,-73.99516761302948,member
1629629,3A826C72458941DB,electric_bike,2022-03-31 04:42:08,2022-03-31 04:44:50,W 42 St & Dyer Ave,6644,W 36 St & 9 Ave,6569,40.75898481399634,-73.99379968643188,40.75462324029105,-73.99516761302948,member
1629630,5E9381219DA2D962,electric_bike,2022-03-28 15:17:47,2022-03-28 15:20:24,W 42 St & Dyer Ave,6644,W 36 St & 9 Ave,6569,40.75898481399634,-73.99379968643188,40.75462324029105,-73.99516761302948,member
1629632,0945463DC50229FA,classic_bike,2022-03-05 11:04:52,2022-03-05 11:22:50,E 17 St & Broadway,5980,W 36 St & 9 Ave,6569,40.73704984,-73.99009296,40.75462324029105,-73.99516761302948,member
1629634,6915D773ABBF57D3,electric_bike,2022-03-02 17:31:27,2022-03-02 17:50:09,Central Park W & W 91 St,7453,W 36 St & 9 Ave,6569,40.78866499127884,-73.96680057048798,40.75462324029105,-73.99516761302948,member
1629635,3229D957C7E8CE6D,classic_bike,2022-03-25 10:10:01,2022-03-25 10:30:34,Central Park W & W 91 St,7453,W 36 St & 9 Ave,6569,40.78866499127884,-73.96680057048798,40.75462324029105,-73.99516761302948,member
1629638,49F11265A0A9C435,classic_bike,2022-03-25 18:36:55,2022-03-25 19:34:40,University Pl & E 14 St,5905,W 36 St & 9 Ave,6569,40.734814,-73.992085,40.75462324029105,-73.99516761302948,member
1629639,E7312A2484C486A9,electric_bike,2022-03-26 00:07:02,2022-03-26 00:23:47,E 6 St & 2 Ave,5669,W 36 St & 9 Ave,6569,40.72737869323223,-73.98840844631195,40.75462324029105,-73.99516761302948,member
1629641,3F212B9B3E9C052B,classic_bike,2022-03-08 16:58:20,2022-03-08 17:07:46,Broadway\t& W 48 St,6708,W 36 St & 9 Ave,6569,40.76017739537783,-73.98486793041229,40.75462324029105,-73.99516761302948,member
1629642,6B6175200B77CFA9,electric_bike,2022-03-25 10:17:12,2022-03-25 10:20:45,W 42 St & Dyer Ave,6644,W 36 St & 9 Ave,6569,40.75898481399634,-73.99379968643188,40.75462324029105,-73.99516761302948,member
1629655,5091A0EFA5FFB878,classic_bike,2022-03-21 05:46:27,2022-03-21 05:51:38,W 49 St & 8 Ave,6747,W 36 St & 9 Ave,6569,40.76227205,-73.98788205,40.75462324029105,-73.99516761302948,member
1629658,28DAB295C89FFA27,classic_bike,2022-03-06 15:48:40,2022-03-06 15:55:32,W 49 St & 8 Ave,6747,W 36 St & 9 Ave,6569,40.76227205,-73.98788205,40.75462324029105,-73.99516761302948,member
1629668,ECC0D827832DA9EC,electric_bike,2022-03-10 10:16:45,2022-03-10 10:44:39,E 92 St & Park Ave,7344,W 36 St & 9 Ave,6569,40.78385,-73.95416,40.75462324029105,-73.99516761302948,member
1629678,DC80631807BE65B7,classic_bike,2022-03-18 16:16:35,2022-03-18 16:53:07,W 29 St & 9 Ave,6416,W 36 St & 9 Ave,6569,40.7500727,-73.99839279,40.75462324029105,-73.99516761302948,casual
1629687,3C79586D74AFB881,electric_bike,2022-03-07 22:46:32,2022-03-07 22:54:26,W 21 St & 6 Ave,6140,W 36 St & 9 Ave,6569,40.74173969,-73.99415556,40.75462324029105,-73.99516761302948,casual
1629689,1AEABA4E73F15178,classic_bike,2022-03-05 10:29:59,2022-03-05 10:39:19,W 44 St & 11 Ave,6756,W 36 St & 9 Ave,6569,40.762009,-73.996975,40.75462324029105,-73.99516761302948,member
1629694,D67E8BC47BF5CB9F,classic_bike,2022-03-07 19:58:33,2022-03-07 20:01:42,9 Ave & W 45 St,6717,W 36 St & 9 Ave,6569,40.76019252,-73.9912551,40.75462324029105,-73.99516761302948,member
1629696,5DFE3CD872417418,electric_bike,2022-03-10 10:16:29,2022-03-10 10:19:39,9 Ave & W 45 St,6717,W 36 St & 9 Ave,6569,40.76019252,-73.9912551,40.75462324029105,-73.99516761302948,casual
1629697,2163A3260D21F373,classic_bike,2022-03-01 14:02:12,2022-03-01 14:06:52,9 Ave & W 45 St,6717,W 36 St & 9 Ave,6569,40.76019252,-73.9912551,40.75462324029105,-73.99516761302948,casual
1629698,B4B470804351F7F6,classic_bike,2022-03-19 12:35:54,2022-03-19 12:45:43,W 56 St & 10 Ave,6955,W 36 St & 9 Ave,6569,40.768254,-73.988639,40.75462324029105,-73.99516761302948,casual
1629702,2831F55FA6BDCF06,classic_bike,2022-03-26 18:39:37,2022-03-26 18:50:24,W 55 St & 6 Ave,6809,W 36 St & 9 Ave,6569,40.763189,-73.978434,40.75462324029105,-73.99516761302948,member
1629704,C1B447A8277245A2,electric_bike,2022-03-15 05:42:10,2022-03-15 05:44:46,9 Ave & W 45 St,6717,W 36 St & 9 Ave,6569,40.76019252,-73.9912551,40.75462324029105,-73.99516761302948,member
1629705,DD2EA5D96119167E,electric_bike,2022-03-13 15:17:58,2022-03-13 15:21:47,9 Ave & W 45 St,6717,W 36 St & 9 Ave,6569,40.76019252,-73.9912551,40.75462324029105,-73.99516761302948,member
1629709,6978A1572ED90267,classic_bike,2022-03-17 05:15:25,2022-03-17 05:22:51,W 56 St & 10 Ave,6955,W 36 St & 9 Ave,6569,40.768254,-73.988639,40.75462324029105,-73.99516761302948,member
1629721,361566B4915998DC,classic_bike,2022-03-28 19:01:16,2022-03-28 19:06:51,W 49 St & 8 Ave,6747,W 36 St & 9 Ave,6569,40.76227205,-73.98788205,40.75462324029105,-73.99516761302948,member
1629723,BA5A1CBB185D38C9,classic_bike,2022-03-26 22:04:30,2022-03-26 22:10:06,W 49 St & 8 Ave,6747,W 36 St & 9 Ave,6569,40.76227205,-73.98788205,40.75462324029105,-73.99516761302948,member
1629725,A0E9A90820C97288,classic_bike,2022-03-31 23:09:38,2022-03-31 23:15:37,W 22 St & 8 Ave,6224,W 36 St & 9 Ave,6569,40.74475148,-73.99915362,40.75462324029105,-73.99516761302948,casual
1629743,F12E429B366B28CB,classic_bike,2022-03-18 13:41:25,2022-03-18 13:51:14,W 22 St & 8 Ave,6224,W 36 St & 9 Ave,6569,40.74475148,-73.99915362,40.75462324029105,-73.99516761302948,member
1629748,27116E56CE5AD9B4,classic_bike,2022-03-24 22:35:43,2022-03-24 22:39:02,9 Ave & W 45 St,6717,W 36 St & 9 Ave,6569,40.76019252,-73.9912551,40.75462324029105,-73.99516761302948,member
1629749,659B9BB98421013D,classic_bike,2022-03-20 13:25:43,2022-03-20 13:31:34,9 Ave & W 45 St,6717,W 36 St & 9 Ave,6569,40.76019252,-73.9912551,40.75462324029105,-73.99516761302948,member
1629751,4F415E330A346F60,classic_bike,2022-03-26 09:21:10,2022-03-26 09:28:06,W 22 St & 8 Ave,6224,W 36 St & 9 Ave,6569,40.74475148,-73.99915362,40.75462324029105,-73.99516761302948,member
1629754,FCB0BE0CF5F3F5DD,electric_bike,2022-03-26 17:12:23,2022-03-26 17:25:56,W 84 St & Broadway,7409,W 36 St & 9 Ave,6569,40.7867947,-73.977112,40.75462324029105,-73.99516761302948,member
1629757,46FC8949576BE764,classic_bike,2022-03-29 10:44:52,2022-03-29 10:52:25,W 22 St & 8 Ave,6224,W 36 St & 9 Ave,6569,40.74475148,-73.99915362,40.75462324029105,-73.99516761302948,member
1629761,3B4B6C0B0CA88D3B,electric_bike,2022-03-04 22:28:48,2022-03-04 22:46:29,4 Ave & E 12 St,5788,W 36 St & 9 Ave,6569,40.732647,-73.99011,40.75462324029105,-73.99516761302948,member
1629767,85540C072B4EC876,classic_bike,2022-03-18 14:12:09,2022-03-18 14:18:01,W 54 St & 9 Ave,6920,W 36 St & 9 Ave,6569,40.76584941,-73.98690506,40.75462324029105,-73.99516761302948,member
1629775,F298E4AD35F9193E,electric_bike,2022-03-24 23:37:32,2022-03-25 00:05:32,Fulton St & William St,5137,W 36 St & 9 Ave,6569,40.70960089363537,-74.00655090808868,40.75462324029105,-73.99516761302948,member
1629777,2EBD8F5026DBBA61,classic_bike,2022-03-11 14:09:06,2022-03-11 14:16:27,W 54 St & 9 Ave,6920,W 36 St & 9 Ave,6569,40.76584941,-73.98690506,40.75462324029105,-73.99516761302948,member
1629778,97467242B0BBDA59,electric_bike,2022-03-03 16:27:28,2022-03-03 16:33:45,W 54 St & 9 Ave,6920,W 36 St & 9 Ave,6569,40.76584941,-73.98690506,40.75462324029105,-73.99516761302948,member
1629782,79A2EBF0193AB272,classic_bike,2022-03-15 14:01:56,2022-03-15 14:10:41,W 54 St & 9 Ave,6920,W 36 St & 9 Ave,6569,40.76584941,-73.98690506,40.75462324029105,-73.99516761302948,member
1629784,B69D5871FCE4AEF3,electric_bike,2022-03-22 13:54:10,2022-03-22 14:01:25,W 54 St & 9 Ave,6920,W 36 St & 9 Ave,6569,40.76584941,-73.98690506,40.75462324029105,-73.99516761302948,member
1629785,083D07D2BA74DEC4,electric_bike,2022-03-09 07:28:13,2022-03-09 07:36:48,W 54 St & 9 Ave,6920,W 36 St & 9 Ave,6569,40.76584941,-73.98690506,40.75462324029105,-73.99516761302948,member
1629787,E325108D77612C95,electric_bike,2022-03-04 15:53:37,2022-03-04 15:58:12,W 54 St & 9 Ave,6920,W 36 St & 9 Ave,6569,40.76584941,-73.98690506,40.75462324029105,-73.99516761302948,member
1629789,A105A5CE6BDAEC52,classic_bike,2022-03-16 21:32:19,2022-03-16 21:38:18,W 54 St & 9 Ave,6920,W 36 St & 9 Ave,6569,40.76584941,-73.98690506,40.75462324029105,-73.99516761302948,casual
1629795,41EC6BCD3CBC1541,classic_bike,2022-03-11 21:59:58,2022-03-11 22:10:49,W 54 St & 9 Ave,6920,W 36 St & 9 Ave,6569,40.76584941,-73.98690506,40.75462324029105,-73.99516761302948,casual
1629796,F93CF651A2109B99,classic_bike,2022-03-04 23:19:16,2022-03-04 23:29:12,W 54 St & 9 Ave,6920,W 36 St & 9 Ave,6569,40.76584941,-73.98690506,40.75462324029105,-73.99516761302948,casual
1629802,CCA47857AD3B37CC,classic_bike,2022-03-20 16:38:18,2022-03-20 16:45:13,W 54 St & 9 Ave,6920,W 36 St & 9 Ave,6569,40.76584941,-73.98690506,40.75462324029105,-73.99516761302948,member
1629803,34BA49FA57D73F98,electric_bike,2022-03-30 08:16:54,2022-03-30 08:23:11,W 54 St & 9 Ave,6920,W 36 St & 9 Ave,6569,40.76584941,-73.98690506,40.75462324029105,-73.99516761302948,member
1629808,2F77B056FA2348CE,classic_bike,2022-03-15 16:15:29,2022-03-15 16:22:25,W 54 St & 9 Ave,6920,W 36 St & 9 Ave,6569,40.76584941,-73.98690506,40.75462324029105,-73.99516761302948,member
1629809,4EF7A27DEB36ABD9,classic_bike,2022-03-19 12:34:21,2022-03-19 12:41:01,W 54 St & 9 Ave,6920,W 36 St & 9 Ave,6569,40.76584941,-73.98690506,40.75462324029105,-73.99516761302948,member
1629810,206992DAD17E48DB,classic_bike,2022-03-04 18:28:31,2022-03-04 18:37:43,W 54 St & 9 Ave,6920,W 36 St & 9 Ave,6569,40.76584941,-73.98690506,40.75462324029105,-73.99516761302948,member
1629814,359AF7CEB2083EF9,classic_bike,2022-03-13 16:55:28,2022-03-13 17:03:11,W 54 St & 9 Ave,6920,W 36 St & 9 Ave,6569,40.76584941,-73.98690506,40.75462324029105,-73.99516761302948,member
1629815,87C3C42AD3E8158B,classic_bike,2022-03-13 12:39:06,2022-03-13 12:46:38,W 54 St & 9 Ave,6920,W 36 St & 9 Ave,6569,40.76584941,-73.98690506,40.75462324029105,-73.99516761302948,member
1629825,67922DD50EE2C81C,classic_bike,2022-03-06 08:34:28,2022-03-06 08:45:15,E 30 St & Park Ave S,6206,W 36 St & 9 Ave,6569,40.74444921,-73.98303529,40.75462324029105,-73.99516761302948,member
1629833,2443692561B4A2F1,electric_bike,2022-03-03 18:18:51,2022-03-03 18:25:06,W 22 St & 8 Ave,6224,W 36 St & 9 Ave,6569,40.74475148,-73.99915362,40.75462324029105,-73.99516761302948,member
1629839,22746F8EDDFF59D5,electric_bike,2022-03-20 23:12:49,2022-03-20 23:15:06,W 29 St & 9 Ave,6416,W 36 St & 9 Ave,6569,40.7500727,-73.99839279,40.75462324029105,-73.99516761302948,casual
1629840,5D6AF4784B47AD16,classic_bike,2022-03-04 09:12:04,2022-03-04 09:19:57,W 22 St & 8 Ave,6224,W 36 St & 9 Ave,6569,40.74475148,-73.99915362,40.75462324029105,-73.99516761302948,member
1629841,EF0EDF189CD1FE47,classic_bike,2022-03-29 15:33:55,2022-03-29 15:44:31,W 22 St & 8 Ave,6224,W 36 St & 9 Ave,6569,40.74475148,-73.99915362,40.75462324029105,-73.99516761302948,member
1629842,F0AF07C585A15FCA,classic_bike,2022-03-29 16:05:54,2022-03-29 16:16:27,W 22 St & 8 Ave,6224,W 36 St & 9 Ave,6569,40.74475148,-73.99915362,40.75462324029105,-73.99516761302948,member
1629844,B1ACAA51D123F371,classic_bike,2022-03-14 01:16:24,2022-03-14 01:19:43,W 29 St & 9 Ave,6416,W 36 St & 9 Ave,6569,40.7500727,-73.99839279,40.75462324029105,-73.99516761302948,member
1629847,7B13C7A199BCAB80,classic_bike,2022-03-15 21:36:27,2022-03-15 21:56:52,West Broadway & Watts St,5569,W 36 St & 9 Ave,6569,40.72323,-74.00314,40.75462324029105,-73.99516761302948,member
1629848,78FA66C1EEC2F550,electric_bike,2022-03-29 12:00:26,2022-03-29 12:05:15,W 22 St & 8 Ave,6224,W 36 St & 9 Ave,6569,40.74475148,-73.99915362,40.75462324029105,-73.99516761302948,member
1629853,35DD8B7778AE9020,classic_bike,2022-03-16 11:07:24,2022-03-16 11:14:04,W 54 St & 9 Ave,6920,W 36 St & 9 Ave,6569,40.76584941,-73.98690506,40.75462324029105,-73.99516761302948,member
1629854,C149983E95FBD8F5,electric_bike,2022-03-01 17:59:24,2022-03-01 18:06:00,W 54 St & 9 Ave,6920,W 36 St & 9 Ave,6569,40.76584941,-73.98690506,40.75462324029105,-73.99516761302948,member
1629857,B4C554C061C3983E,classic_bike,2022-03-16 08:11:33,2022-03-16 08:20:52,W 54 St & 9 Ave,6920,W 36 St & 9 Ave,6569,40.76584941,-73.98690506,40.75462324029105,-73.99516761302948,member
1629858,D076058F4C890A5C,classic_bike,2022-03-07 19:32:01,2022-03-07 19:40:34,W 54 St & 9 Ave,6920,W 36 St & 9 Ave,6569,40.76584941,-73.98690506,40.75462324029105,-73.99516761302948,member
1629860,7599B03D34A79EC1,electric_bike,2022-03-15 15:03:51,2022-03-15 15:40:57,Lenox Ave & W 130 St,7753,W 36 St & 9 Ave,6569,40.8107922,-73.9430681,40.75462324029105,-73.99516761302948,member
1629861,581AD2F6889D68FF,classic_bike,2022-03-15 14:34:06,2022-03-15 14:42:28,W 54 St & 9 Ave,6920,W 36 St & 9 Ave,6569,40.76584941,-73.98690506,40.75462324029105,-73.99516761302948,member
1629864,7E93CA8E15D81272,classic_bike,2022-03-02 20:11:02,2022-03-02 20:32:36,W 47 St & 6 Ave,6667,W 36 St & 9 Ave,6569,40.758397,-73.98255,40.75462324029105,-73.99516761302948,casual
1629872,D83B7EE7EF4651E9,electric_bike,2022-03-06 16:28:21,2022-03-06 17:01:40,Madison Ave & E 82 St,7188,W 36 St & 9 Ave,6569,40.7781314,-73.96069399,40.75462324029105,-73.99516761302948,casual
1629875,F4139F3E46080C17,electric_bike,2022-03-08 20:09:24,2022-03-08 20:14:57,W 54 St & 9 Ave,6920,W 36 St & 9 Ave,6569,40.76584941,-73.98690506,40.75462324029105,-73.99516761302948,member
1629876,150675471A9547D6,electric_bike,2022-03-09 12:54:23,2022-03-09 13:01:28,W 54 St & 9 Ave,6920,W 36 St & 9 Ave,6569,40.76584941,-73.98690506,40.75462324029105,-73.99516761302948,member
1629879,CCA40422D2774E98,electric_bike,2022-03-02 07:43:22,2022-03-02 07:48:49,W 54 St & 9 Ave,6920,W 36 St & 9 Ave,6569,40.76584941,-73.98690506,40.75462324029105,-73.99516761302948,member
1629885,7DA6CF47B5748AAC,classic_bike,2022-03-18 18:13:52,2022-03-18 18:24:26,W 54 St & 9 Ave,6920,W 36 St & 9 Ave,6569,40.76584941,-73.98690506,40.75462324029105,-73.99516761302948,member
1629890,B0AA3EA273E9CEF4,electric_bike,2022-03-03 07:59:33,2022-03-03 08:21:26,5 Ave & E 87 St,7323,W 36 St & 9 Ave,6569,40.78232260730881,-73.95987510681152,40.75462324029105,-73.99516761302948,member
1629895,29C7CC4650770DB2,electric_bike,2022-03-16 18:00:24,2022-03-16 18:05:27,W 22 St & 10 Ave,6306,W 36 St & 9 Ave,6569,40.74691959,-74.00451887,40.75462324029105,-73.99516761302948,member
1629897,10E8026666AAB84D,electric_bike,2022-03-02 16:00:25,2022-03-02 16:14:15,Greenwich St & W Houston St,5730,W 36 St & 9 Ave,6569,40.728846,-74.008591,40.75462324029105,-73.99516761302948,member
1629898,07D4F122B6B2FD72,classic_bike,2022-03-06 15:11:26,2022-03-06 15:19:11,W 26 St & 8 Ave,6297,W 36 St & 9 Ave,6569,40.74734825,-73.99723551,40.75462324029105,-73.99516761302948,member
1629899,C5249D07775226C6,electric_bike,2022-03-16 16:19:18,2022-03-16 16:24:03,W 44 St & 11 Ave,6756,W 36 St & 9 Ave,6569,40.762009,-73.996975,40.75462324029105,-73.99516761302948,member
1629909,FD0834411AC165B7,classic_bike,2022-03-21 12:00:50,2022-03-21 12:41:29,1 Ave & E 78 St,7020,W 36 St & 9 Ave,6569,40.77140426,-73.9535166,40.75462324029105,-73.99516761302948,member
1629915,FA731BD3352389A3,electric_bike,2022-03-11 04:45:16,2022-03-11 04:47:51,9 Ave & W 45 St,6717,W 36 St & 9 Ave,6569,40.76019252,-73.9912551,40.75462324029105,-73.99516761302948,casual
1629916,1B77F105EE8C2708,electric_bike,2022-03-30 05:44:19,2022-03-30 05:47:47,9 Ave & W 45 St,6717,W 36 St & 9 Ave,6569,40.76019252,-73.9912551,40.75462324029105,-73.99516761302948,casual
1629918,2C0B6A83CDF683AC,electric_bike,2022-03-15 05:15:26,2022-03-15 05:21:36,W 56 St & 10 Ave,6955,W 36 St & 9 Ave,6569,40.768254,-73.988639,40.75462324029105,-73.99516761302948,member
1629919,012A5E75417AE667,electric_bike,2022-03-24 05:15:26,2022-03-24 05:21:38,W 56 St & 10 Ave,6955,W 36 St & 9 Ave,6569,40.768254,-73.988639,40.75462324029105,-73.99516761302948,member
1629935,6CC5CA9E9DB51528,electric_bike,2022-03-03 12:40:25,2022-03-03 12:44:17,W 42 St & Dyer Ave,6644,W 36 St & 9 Ave,6569,40.75898481399634,-73.99379968643188,40.75462324029105,-73.99516761302948,member
1629936,8B73E4CA9C097A64,electric_bike,2022-03-04 10:20:23,2022-03-04 10:24:06,9 Ave & W 45 St,6717,W 36 St & 9 Ave,6569,40.76019252,-73.9912551,40.75462324029105,-73.99516761302948,member
1629937,7691AE1A0E8E03AA,classic_bike,2022-03-27 17:43:40,2022-03-27 17:51:52,W 56 St & 10 Ave,6955,W 36 St & 9 Ave,6569,40.768254,-73.988639,40.75462324029105,-73.99516761302948,casual
1629939,593FCA13DA88CA3C,electric_bike,2022-03-12 02:04:26,2022-03-12 02:10:44,W 56 St & 10 Ave,6955,W 36 St & 9 Ave,6569,40.768254,-73.988639,40.75462324029105,-73.99516761302948,casual
1629942,AB59552D2580089E,classic_bike,2022-03-17 09:23:51,2022-03-17 09:49:06,Vesey Pl & River Terrace,5297,W 36 St & 9 Ave,6569,40.7153379,-74.01658354,40.75462324029105,-73.99516761302948,casual
1629953,B9C3F4D42B337847,classic_bike,2022-03-14 13:13:07,2022-03-14 13:18:15,W 41 St & 8 Ave,6602,W 36 St & 9 Ave,6569,40.75640548,-73.9900262,40.75462324029105,-73.99516761302948,member
1629954,27D80086AEA9F94E,electric_bike,2022-03-22 16:16:29,2022-03-22 16:19:50,W 41 St & 8 Ave,6602,W 36 St & 9 Ave,6569,40.75640548,-73.9900262,40.75462324029105,-73.99516761302948,member
1629956,9386788121DDCAC5,classic_bike,2022-03-25 21:48:48,2022-03-25 21:52:36,W 41 St & 8 Ave,6602,W 36 St & 9 Ave,6569,40.75640548,-73.9900262,40.75462324029105,-73.99516761302948,member
1629961,523F9E2615005642,classic_bike,2022-03-14 08:40:21,2022-03-14 09:01:14,W 47 St & 6 Ave,6667,W 36 St & 9 Ave,6569,40.758397,-73.98255,40.75462324029105,-73.99516761302948,member
1629970,37D1F6236BDF4DDE,classic_bike,2022-03-13 13:48:00,2022-03-13 13:53:19,W 41 St & 8 Ave,6602,W 36 St & 9 Ave,6569,40.75640548,-73.9900262,40.75462324029105,-73.99516761302948,member
1629971,DA986C32351F7342,electric_bike,2022-03-23 17:40:09,2022-03-23 17:46:30,W 54 St & 9 Ave,6920,W 36 St & 9 Ave,6569,40.76584941,-73.98690506,40.75462324029105,-73.99516761302948,member
1629972,8BF90AC4F2D96DC4,electric_bike,2022-03-30 15:50:53,2022-03-30 15:56:04,W 54 St & 9 Ave,6920,W 36 St & 9 Ave,6569,40.76584941,-73.98690506,40.75462324029105,-73.99516761302948,member
1629983,E43DBA92D22E44B4,classic_bike,2022-03-09 09:10:03,2022-03-09 09:17:23,W 49 St & 8 Ave,6747,W 36 St & 9 Ave,6569,40.76227205,-73.98788205,40.75462324029105,-73.99516761302948,member
1630005,5A1E0E64E91DDA95,electric_bike,2022-03-10 08:09:28,2022-03-10 08:22:33,West End Ave & W 60 St,7059,W 36 St & 9 Ave,6569,40.77237,-73.99005,40.75462324029105,-73.99516761302948,member
1630007,E1FCED58C72464A1,classic_bike,2022-03-31 11:23:43,2022-03-31 12:06:10,W 31 St & 7 Ave,6331,W 36 St & 9 Ave,6569,40.749156,-73.9916,40.75462324029105,-73.99516761302948,casual
1630012,868B987D60405C3A,classic_bike,2022-03-09 15:10:45,2022-03-09 15:53:15,W 31 St & 7 Ave,6331,W 36 St & 9 Ave,6569,40.749156,-73.9916,40.75462324029105,-73.99516761302948,member
1630013,B64F8C2BD21ED4C2,classic_bike,2022-03-14 09:36:05,2022-03-14 09:43:10,W 54 St & 9 Ave,6920,W 36 St & 9 Ave,6569,40.76584941,-73.98690506,40.75462324029105,-73.99516761302948,member
1630015,BAAA9BD6CF228EB3,classic_bike,2022-03-08 19:13:01,2022-03-08 19:17:42,W 41 St & 8 Ave,6602,W 36 St & 9 Ave,6569,40.75640548,-73.9900262,40.75462324029105,-73.99516761302948,member
1630020,E4C91AFFE3E0A01B,classic_bike,2022-03-01 17:02:38,2022-03-01 17:08:18,W 54 St & 9 Ave,6920,W 36 St & 9 Ave,6569,40.76584941,-73.98690506,40.75462324029105,-73.99516761302948,member
1630030,2F6EAA6B68AE795F,classic_bike,2022-03-22 13:22:50,2022-03-22 13:30:27,W 27 St & 7 Ave,6247,W 36 St & 9 Ave,6569,40.746647,-73.993915,40.75462324029105,-73.99516761302948,member
1630031,F2F3757BB89E3743,classic_bike,2022-03-29 10:47:17,2022-03-29 10:55:35,Broadway & W 25 St,6173,W 36 St & 9 Ave,6569,40.74286877312112,-73.98918628692627,40.75462324029105,-73.99516761302948,member
1630032,6E0AEF553281F8FA,classic_bike,2022-03-19 12:07:55,2022-03-19 12:16:22,W 27 St & 7 Ave,6247,W 36 St & 9 Ave,6569,40.746647,-73.993915,40.75462324029105,-73.99516761302948,member
1630053,D83BB34EF42C453A,classic_bike,2022-03-21 18:14:44,2022-03-21 18:26:01,W 15 St & 10 Ave,6115,W 36 St & 9 Ave,6569,40.74275382865903,-74.00747358798981,40.75462324029105,-73.99516761302948,member
1630058,631D3A222BC55EDF,classic_bike,2022-03-17 19:28:22,2022-03-17 19:36:54,W 54 St & 9 Ave,6920,W 36 St & 9 Ave,6569,40.76584941,-73.98690506,40.75462324029105,-73.99516761302948,member
1630061,14617E042D757B4B,electric_bike,2022-03-25 12:37:06,2022-03-25 12:43:35,W 54 St & 9 Ave,6920,W 36 St & 9 Ave,6569,40.76584941,-73.98690506,40.75462324029105,-73.99516761302948,member
1630062,E05BC7EB29B536FF,classic_bike,2022-03-05 14:49:53,2022-03-05 14:56:03,W 54 St & 9 Ave,6920,W 36 St & 9 Ave,6569,40.76584941,-73.98690506,40.75462324029105,-73.99516761302948,member
1630071,CA51C984C8E30F6A,classic_bike,2022-03-18 09:20:54,2022-03-18 09:27:20,W 54 St & 9 Ave,6920,W 36 St & 9 Ave,6569,40.76584941,-73.98690506,40.75462324029105,-73.99516761302948,member
1630072,C18414431CCFE069,electric_bike,2022-03-22 22:23:59,2022-03-22 22:31:11,W 54 St & 9 Ave,6920,W 36 St & 9 Ave,6569,40.76584941,-73.98690506,40.75462324029105,-73.99516761302948,member
1630090,AEC48727E486906A,classic_bike,2022-03-19 08:31:42,2022-03-19 08:35:25,9 Ave & W 45 St,6717,W 36 St & 9 Ave,6569,40.76019252,-73.9912551,40.75462324029105,-73.99516761302948,member
1630091,688FF06F69743278,classic_bike,2022-03-04 05:34:11,2022-03-04 05:38:12,9 Ave & W 45 St,6717,W 36 St & 9 Ave,6569,40.76019252,-73.9912551,40.75462324029105,-73.99516761302948,member
1630092,FDDEA26EDDC2051C,electric_bike,2022-03-25 05:42:18,2022-03-25 05:44:59,9 Ave & W 45 St,6717,W 36 St & 9 Ave,6569,40.76019252,-73.9912551,40.75462324029105,-73.99516761302948,member
1630111,91E45C0C47DB4C58,classic_bike,2022-03-05 09:57:20,2022-03-05 10:03:45,W 44 St & 11 Ave,6756,W 36 St & 9 Ave,6569,40.762009,-73.996975,40.75462324029105,-73.99516761302948,member
1630112,00D5F12ED04B41A0,electric_bike,2022-03-04 12:27:43,2022-03-04 12:34:44,W 44 St & 11 Ave,6756,W 36 St & 9 Ave,6569,40.762009,-73.996975,40.75462324029105,-73.99516761302948,member
1630114,5DE505962875F851,classic_bike,2022-03-25 14:19:14,2022-03-25 14:34:03,MacDougal St & Washington Sq,5797,W 36 St & 9 Ave,6569,40.73226398,-73.99852205,40.75462324029105,-73.99516761302948,member
1630125,12CDD76BD52B4832,electric_bike,2022-03-16 19:03:40,2022-03-16 19:08:26,W 44 St & 11 Ave,6756,W 36 St & 9 Ave,6569,40.762009,-73.996975,40.75462324029105,-73.99516761302948,member
1630128,7F22EB409C2A83A2,classic_bike,2022-03-30 15:13:48,2022-03-30 15:18:23,6 Ave & W 34 St,6364,W 36 St & 9 Ave,6569,40.74964,-73.98805,40.75462324029105,-73.99516761302948,member
1630130,989511D517A1D7EC,electric_bike,2022-03-14 19:38:58,2022-03-14 19:44:15,6 Ave & W 34 St,6364,W 36 St & 9 Ave,6569,40.74964,-73.98805,40.75462324029105,-73.99516761302948,member
1630132,FFF91F7E0F82538D,electric_bike,2022-03-07 08:16:36,2022-03-07 08:41:23,5 Ave & E 87 St,7323,W 36 St & 9 Ave,6569,40.78232260730881,-73.95987510681152,40.75462324029105,-73.99516761302948,member
1630135,139FD911FC5AB847,classic_bike,2022-03-25 12:50:50,2022-03-25 12:55:34,W 44 St & 11 Ave,6756,W 36 St & 9 Ave,6569,40.762009,-73.996975,40.75462324029105,-73.99516761302948,member
1630139,3D56F917F5B597B1,classic_bike,2022-03-30 15:23:19,2022-03-30 15:28:14,6 Ave & W 34 St,6364,W 36 St & 9 Ave,6569,40.74964,-73.98805,40.75462324029105,-73.99516761302948,member
1630147,B541A025C105D8ED,classic_bike,2022-03-02 15:48:59,2022-03-02 15:57:20,6 Ave & W 34 St,6364,W 36 St & 9 Ave,6569,40.74964,-73.98805,40.75462324029105,-73.99516761302948,member
1630162,D5665F62B45D5316,electric_bike,2022-03-11 15:58:58,2022-03-11 16:13:38,W 42 St & 8 Ave,6602,W 36 St & 9 Ave,6569,40.7575699,-73.99098507,40.75462324029105,-73.99516761302948,casual
1630166,18BC416B17121F45,electric_bike,2022-03-09 05:46:41,2022-03-09 05:55:15,W 42 St & 8 Ave,6602,W 36 St & 9 Ave,6569,40.7575699,-73.99098507,40.75462324029105,-73.99516761302948,member
1630169,02E2DB67CA9505A4,classic_bike,2022-03-24 15:54:14,2022-03-24 15:57:37,W 42 St & 8 Ave,6602,W 36 St & 9 Ave,6569,40.7575699,-73.99098507,40.75462324029105,-73.99516761302948,member
1630170,A1CFACE8D6290E07,electric_bike,2022-03-26 20:02:47,2022-03-26 20:06:41,W 42 St & 8 Ave,6602,W 36 St & 9 Ave,6569,40.7575699,-73.99098507,40.75462324029105,-73.99516761302948,member
1630182,B207066BA8341A54,classic_bike,2022-03-31 11:33:51,2022-03-31 11:41:36,E 33 St & 5 Ave,6322,W 36 St & 9 Ave,6569,40.74765947,-73.98490707,40.75462324029105,-73.99516761302948,member
1630184,41D426F9ED698E83,classic_bike,2022-03-26 08:44:46,2022-03-26 08:49:22,W 49 St & 8 Ave,6747,W 36 St & 9 Ave,6569,40.76227205,-73.98788205,40.75462324029105,-73.99516761302948,member
1630198,B8DB99774AF43EC0,electric_bike,2022-03-23 23:46:50,2022-03-23 23:54:43,W 42 St & Dyer Ave,6644,W 36 St & 9 Ave,6569,40.75898481399634,-73.99379968643188,40.75462324029105,-73.99516761302948,member
1630208,3AE50B64F3B9B0E0,classic_bike,2022-03-14 19:23:41,2022-03-14 19:33:43,Broadway\t& W 48 St,6708,W 36 St & 9 Ave,6569,40.76017739537783,-73.98486793041229,40.75462324029105,-73.99516761302948,member
1630209,C59B97058F68E05D,classic_bike,2022-03-14 18:32:01,2022-03-14 18:39:30,Broadway\t& W 48 St,6708,W 36 St & 9 Ave,6569,40.76017739537783,-73.98486793041229,40.75462324029105,-73.99516761302948,member
1630214,6A4EC76B4668C7D3,classic_bike,2022-03-22 12:11:44,2022-03-22 12:21:10,W 53 St & 10 Ave,6890,W 36 St & 9 Ave,6569,40.76669671,-73.99061728,40.75462324029105,-73.99516761302948,member
1630215,C3EAB3DD8FD7BB4F,electric_bike,2022-03-22 17:49:58,2022-03-22 18:07:46,W 82 St & Central Park West,7304,W 36 St & 9 Ave,6569,40.78275,-73.97137,40.75462324029105,-73.99516761302948,member
1630220,BC55AD4BCD537DE3,classic_bike,2022-03-11 15:50:25,2022-03-11 15:53:45,8 Ave & W 33 St,6450,W 36 St & 9 Ave,6569,40.751551,-73.993934,40.75462324029105,-73.99516761302948,member
1630227,24F37C1830CE7A0F,classic_bike,2022-03-30 17:12:44,2022-03-30 17:17:53,Broadway\t& W 48 St,6708,W 36 St & 9 Ave,6569,40.76017739537783,-73.98486793041229,40.75462324029105,-73.99516761302948,member
1630229,A235BD5685F58BF4,classic_bike,2022-03-06 19:16:59,2022-03-06 20:38:28,Old Fulton St,4903,W 36 St & 9 Ave,6569,40.70277159,-73.99383605,40.75462324029105,-73.99516761302948,casual
1630236,CE795BE65A1BC812,classic_bike,2022-03-19 17:30:40,2022-03-19 17:54:14,W 84 St & Columbus Ave,7382,W 36 St & 9 Ave,6569,40.78499979,-73.97283406,40.75462324029105,-73.99516761302948,casual
1630240,2C0D5834F48B6988,classic_bike,2022-03-28 10:48:24,2022-03-28 11:00:39,E 44 St & Lexington Ave,6464,W 36 St & 9 Ave,6569,40.752643,-73.974996,40.75462324029105,-73.99516761302948,member
1630247,633E96D5FD559417,electric_bike,2022-03-06 09:23:43,2022-03-06 09:29:08,8 Ave & W 49 St,6747,W 36 St & 9 Ave,6569,40.76171227910671,-73.98655101656914,40.75462324029105,-73.99516761302948,member
1630248,CF63E4A444196669,classic_bike,2022-03-15 17:38:50,2022-03-15 17:44:20,8 Ave & W 49 St,6747,W 36 St & 9 Ave,6569,40.76171227910671,-73.98655101656914,40.75462324029105,-73.99516761302948,member
1630250,3A0ED42D0E724025,classic_bike,2022-03-15 15:26:53,2022-03-15 15:30:52,W 42 St & Dyer Ave,6644,W 36 St & 9 Ave,6569,40.75898481399634,-73.99379968643188,40.75462324029105,-73.99516761302948,member
1630252,ACE7BA064B110D1E,classic_bike,2022-03-04 06:57:17,2022-03-04 07:00:51,W 42 St & Dyer Ave,6644,W 36 St & 9 Ave,6569,40.75898481399634,-73.99379968643188,40.75462324029105,-73.99516761302948,member
1630255,60BBA77CA6A792FD,electric_bike,2022-03-27 11:24:38,2022-03-27 11:31:51,W 15 St & 7 Ave,6030,W 36 St & 9 Ave,6569,40.73935542,-73.99931783,40.75462324029105,-73.99516761302948,member
1630268,5940076747EF50A8,classic_bike,2022-03-20 14:56:49,2022-03-20 15:20:19,W 35 St & 9 Ave,6569,Broadway & W 29 St,6289,40.75414519263519,-73.9960889518261,40.7462009,-73.98855723,member
1630272,041E9A71F394712D,classic_bike,2022-03-26 14:29:47,2022-03-26 14:43:09,2 Ave & E 29 St,6122,W 36 St & 9 Ave,6569,40.74172351097472,-73.97809267044067,40.75462324029105,-73.99516761302948,member
1630277,A8C18B7EACDAF18C,classic_bike,2022-03-25 21:32:28,2022-03-25 21:38:00,Broadway & W 38 St,6560,W 36 St & 9 Ave,6569,40.7529728216068,-73.98734897375107,40.75462324029105,-73.99516761302948,member
1630278,B9B26320F210D834,classic_bike,2022-03-26 17:33:02,2022-03-26 17:38:28,Broadway & W 38 St,6560,W 36 St & 9 Ave,6569,40.7529728216068,-73.98734897375107,40.75462324029105,-73.99516761302948,member
1630313,B947466F5DB08CF3,electric_bike,2022-03-02 21:00:47,2022-03-02 21:08:49,Bank St & Hudson St,5922,W 36 St & 9 Ave,6569,40.73652889,-74.00618026,40.75462324029105,-73.99516761302948,member
1630322,B20748EABD0C90CE,electric_bike,2022-03-17 18:58:45,2022-03-17 19:05:53,W 46 St & 11 Ave,6795,W 36 St & 9 Ave,6569,40.76341379,-73.99667444,40.75462324029105,-73.99516761302948,member
1630329,CC9627A46666DC9D,classic_bike,2022-03-16 23:04:04,2022-03-16 23:11:28,W 18 St & 9 Ave,6190,W 36 St & 9 Ave,6569,40.7435337324616,-74.00367558002472,40.75462324029105,-73.99516761302948,member
1630333,526597DC71EE1F82,classic_bike,2022-03-30 10:53:27,2022-03-30 11:10:33,W 46 St & 11 Ave,6795,W 36 St & 9 Ave,6569,40.76341379,-73.99667444,40.75462324029105,-73.99516761302948,member
1630338,1D4701D0589861D1,classic_bike,2022-03-10 00:12:54,2022-03-10 00:20:49,W 25 St & 6 Ave,6215,W 36 St & 9 Ave,6569,40.74395411,-73.99144871,40.75462324029105,-73.99516761302948,member
1630339,E9F9B0F941C50878,classic_bike,2022-03-01 22:22:34,2022-03-01 22:30:47,W 25 St & 6 Ave,6215,W 36 St & 9 Ave,6569,40.74395411,-73.99144871,40.75462324029105,-73.99516761302948,member
1630345,AF2C4485C80F6081,electric_bike,2022-03-06 00:54:11,2022-03-06 00:58:20,9 Ave & W 22 St,6266,W 36 St & 9 Ave,6569,40.7454973,-74.00197139,40.75462324029105,-73.99516761302948,member
1630347,C23AC2D2E530DA5D,electric_bike,2022-03-22 17:52:01,2022-03-22 18:13:37,3 Ave & E 62 St,6762,W 36 St & 9 Ave,6569,40.76312584,-73.96526895,40.75462324029105,-73.99516761302948,casual
1630357,51B62621770171DB,electric_bike,2022-03-27 11:52:42,2022-03-27 12:01:07,W 70 St & Amsterdam Ave,7207,W 36 St & 9 Ave,6569,40.77748046,-73.98288594,40.75462324029105,-73.99516761302948,member
1630358,50FC77B95FA8F462,electric_bike,2022-03-03 13:32:04,2022-03-03 13:41:28,W 52 St & 6 Ave,6740,W 36 St & 9 Ave,6569,40.76132983124814,-73.97982001304626,40.75462324029105,-73.99516761302948,member
1630363,7C836F0C9893BB00,classic_bike,2022-03-22 17:19:56,2022-03-22 17:20:58,W 35 St & 9 Ave,6569,W 36 St & 9 Ave,6569,40.75414519263519,-73.9960889518261,40.75462324029105,-73.99516761302948,member
1630364,943EFECE94106C21,electric_bike,2022-03-22 06:25:20,2022-03-22 06:26:47,W 35 St & 9 Ave,6569,W 36 St & 9 Ave,6569,40.75414519263519,-73.9960889518261,40.75462324029105,-73.99516761302948,member
1630370,DBA3FFD003D8A79B,electric_bike,2022-03-12 11:35:31,2022-03-12 11:45:20,W 70 St & Amsterdam Ave,7207,W 36 St & 9 Ave,6569,40.77748046,-73.98288594,40.75462324029105,-73.99516761302948,member
1630371,3ADA6FFE2BD79A2A,electric_bike,2022-03-07 10:56:51,2022-03-07 11:10:24,E 20 St & Park Ave,6055,W 36 St & 9 Ave,6569,40.73827428,-73.98751968,40.75462324029105,-73.99516761302948,casual
1630373,52131FF0F59470C9,electric_bike,2022-03-08 20:07:29,2022-03-08 20:29:37,South St & Whitehall St,4846,W 36 St & 9 Ave,6569,40.70122128,-74.01234218,40.75462324029105,-73.99516761302948,casual
1630374,8A7925A0E87F4791,electric_bike,2022-03-31 16:33:52,2022-03-31 17:32:06,Lenox Ave & W 111 St,7602,W 36 St & 9 Ave,6569,40.7987859,-73.9523,40.75462324029105,-73.99516761302948,casual
1630400,9DAF483037B71043,classic_bike,2022-03-19 21:26:59,2022-03-19 21:44:34,Perry St & Bleecker St,5922,W 36 St & 9 Ave,6569,40.73535398,-74.00483091,40.75462324029105,-73.99516761302948,casual
1630405,412A78B6F4B99ED1,electric_bike,2022-03-06 04:07:41,2022-03-06 04:14:47,Perry St & Bleecker St,5922,W 36 St & 9 Ave,6569,40.73535398,-74.00483091,40.75462324029105,-73.99516761302948,member
1630415,E77263264F5A1EF8,classic_bike,2022-03-10 08:23:32,2022-03-10 08:30:14,W 50 St & 10 Ave,6890,W 36 St & 9 Ave,6569,40.76473420006519,-73.99194359779358,40.75462324029105,-73.99516761302948,member
1630416,1E367EF7704F6E1E,electric_bike,2022-03-10 15:43:22,2022-03-10 15:49:55,W 50 St & 10 Ave,6890,W 36 St & 9 Ave,6569,40.76473420006519,-73.99194359779358,40.75462324029105,-73.99516761302948,member
1630420,8D8F5469BE38B1FC,classic_bike,2022-03-17 16:35:13,2022-03-17 16:45:07,W 50 St & 10 Ave,6890,W 36 St & 9 Ave,6569,40.76473420006519,-73.99194359779358,40.75462324029105,-73.99516761302948,member
1630422,C51C2D6D26E685C8,electric_bike,2022-03-06 14:16:54,2022-03-06 14:22:45,E 27 St & Park Ave S,6131,W 36 St & 9 Ave,6569,40.74275179648995,-73.9847157150507,40.75462324029105,-73.99516761302948,member
1630424,D423ACEFE5BBE958,classic_bike,2022-03-11 09:55:00,2022-03-11 10:02:40,W 50 St & 10 Ave,6890,W 36 St & 9 Ave,6569,40.76473420006519,-73.99194359779358,40.75462324029105,-73.99516761302948,member
1630429,F5DE9E665C155810,electric_bike,2022-03-25 06:46:13,2022-03-25 06:51:53,W 50 St & 10 Ave,6890,W 36 St & 9 Ave,6569,40.76473420006519,-73.99194359779358,40.75462324029105,-73.99516761302948,member
1630430,E061ED7B80040B21,electric_bike,2022-03-23 09:47:57,2022-03-23 09:56:51,Greenwich Ave & 8 Ave,6072,W 36 St & 9 Ave,6569,40.7390169121,-74.0026376103,40.75462324029105,-73.99516761302948,member
1630431,59F76C852E47A271,classic_bike,2022-03-14 08:42:24,2022-03-14 08:49:07,W 50 St & 10 Ave,6890,W 36 St & 9 Ave,6569,40.76473420006519,-73.99194359779358,40.75462324029105,-73.99516761302948,member
1630433,3A55DE4FFCEE2DE0,classic_bike,2022-03-15 11:17:58,2022-03-15 11:28:16,W 50 St & 10 Ave,6890,W 36 St & 9 Ave,6569,40.76473420006519,-73.99194359779358,40.75462324029105,-73.99516761302948,casual
1630435,B782A1ABB73725EC,classic_bike,2022-03-20 19:03:50,2022-03-20 19:19:36,Greenwich Ave & 8 Ave,6072,W 36 St & 9 Ave,6569,40.7390169121,-74.0026376103,40.75462324029105,-73.99516761302948,member
1630436,1F727396F639BA35,classic_bike,2022-03-17 07:14:35,2022-03-17 07:21:02,W 50 St & 10 Ave,6890,W 36 St & 9 Ave,6569,40.76473420006519,-73.99194359779358,40.75462324029105,-73.99516761302948,member
1630444,A068A25072A63509,electric_bike,2022-03-17 04:09:26,2022-03-17 04:14:36,W 50 St & 10 Ave,6890,W 36 St & 9 Ave,6569,40.76473420006519,-73.99194359779358,40.75462324029105,-73.99516761302948,member
1630446,B604879B1FDACED4,classic_bike,2022-03-26 14:24:54,2022-03-26 15:42:33,South St & Gouverneur Ln,4953,W 36 St & 9 Ave,6569,40.70355377,-74.00670227,40.75462324029105,-73.99516761302948,casual
1630449,8FB93CD56D2593F0,electric_bike,2022-03-01 18:05:03,2022-03-01 18:11:15,E 33 St & 5 Ave,6322,W 36 St & 9 Ave,6569,40.74765947,-73.98490707,40.75462324029105,-73.99516761302948,casual
1630455,51D52944B124D84E,classic_bike,2022-03-23 11:21:28,2022-03-23 11:35:29,E 51 St & Lexington Ave,6659,W 36 St & 9 Ave,6569,40.75714758,-73.97207836,40.75462324029105,-73.99516761302948,member
1630461,F56129D61707BDB7,classic_bike,2022-03-26 14:59:34,2022-03-26 15:27:42,10 Ave & W 14 St,6157,W 36 St & 9 Ave,6569,40.74198159994023,-74.00831580162048,40.75462324029105,-73.99516761302948,casual
1630486,CEDDA26714B7C951,classic_bike,2022-03-31 13:50:35,2022-03-31 13:56:11,W 30 St & 10 Ave,6459,W 36 St & 9 Ave,6569,40.752694,-74.002353,40.75462324029105,-73.99516761302948,member
1630490,5F5E56AA883EE7E0,classic_bike,2022-03-06 18:55:37,2022-03-06 19:07:11,W 63 St & Broadway,7052,W 36 St & 9 Ave,6569,40.77163851,-73.98261428,40.75462324029105,-73.99516761302948,member
1630491,311FA7A6DE1A9A9A,electric_bike,2022-03-17 22:50:25,2022-03-17 23:00:59,Carmine St & 6 Ave,5763,W 36 St & 9 Ave,6569,40.73038599,-74.00214988,40.75462324029105,-73.99516761302948,member
1630492,ED781BB14F182E39,classic_bike,2022-03-17 13:21:42,2022-03-17 13:28:05,W 30 St & 10 Ave,6459,W 36 St & 9 Ave,6569,40.752694,-74.002353,40.75462324029105,-73.99516761302948,member
1630502,490467CA165FA36C,classic_bike,2022-03-25 08:56:21,2022-03-25 09:00:22,W 42 St & Dyer Ave,6644,W 36 St & 9 Ave,6569,40.75898481399634,-73.99379968643188,40.75462324029105,-73.99516761302948,member
1630504,ED326F8A7E12B657,classic_bike,2022-03-13 16:47:38,2022-03-13 16:53:23,Broadway\t& W 48 St,6708,W 36 St & 9 Ave,6569,40.76017739537783,-73.98486793041229,40.75462324029105,-73.99516761302948,member
1630507,91633BE83935ED24,electric_bike,2022-03-31 18:22:28,2022-03-31 18:26:35,W 30 St & 10 Ave,6459,W 36 St & 9 Ave,6569,40.752694,-74.002353,40.75462324029105,-73.99516761302948,member
1630508,CC13311BF529AB46,electric_bike,2022-03-28 09:53:05,2022-03-28 10:01:32,W 63 St & Broadway,7052,W 36 St & 9 Ave,6569,40.77163851,-73.98261428,40.75462324029105,-73.99516761302948,member
1630512,44AC971859C3E1D4,classic_bike,2022-03-16 15:19:58,2022-03-16 15:29:05,W 63 St & Broadway,7052,W 36 St & 9 Ave,6569,40.77163851,-73.98261428,40.75462324029105,-73.99516761302948,casual
1630513,8E6FF8C907FCD224,classic_bike,2022-03-15 16:05:19,2022-03-15 16:14:57,W 63 St & Broadway,7052,W 36 St & 9 Ave,6569,40.77163851,-73.98261428,40.75462324029105,-73.99516761302948,casual
1630516,6B03378C9B43D8E4,classic_bike,2022-03-06 18:55:21,2022-03-06 19:07:34,W 63 St & Broadway,7052,W 36 St & 9 Ave,6569,40.77163851,-73.98261428,40.75462324029105,-73.99516761302948,casual
1630519,FF4793C6C7595B2D,electric_bike,2022-03-07 16:06:41,2022-03-07 16:13:52,W 63 St & Broadway,7052,W 36 St & 9 Ave,6569,40.77163851,-73.98261428,40.75462324029105,-73.99516761302948,casual
1630520,0CA48C5A5104499F,classic_bike,2022-03-07 18:41:10,2022-03-07 18:47:22,W 30 St & 10 Ave,6459,W 36 St & 9 Ave,6569,40.752694,-74.002353,40.75462324029105,-73.99516761302948,member
1630524,B6D93422C2537F3C,electric_bike,2022-03-06 17:06:09,2022-03-06 17:11:34,W 29 St & 9 Ave,6416,W 36 St & 9 Ave,6569,40.7500727,-73.99839279,40.75462324029105,-73.99516761302948,member
1630534,7BD02E305D7D5D85,classic_bike,2022-03-08 18:47:44,2022-03-08 19:28:47,Pearl St & Hanover Square,4993,W 36 St & 9 Ave,6569,40.7047177,-74.00926027,40.75462324029105,-73.99516761302948,casual
1630535,FCA9A587B76DE345,electric_bike,2022-03-10 17:32:56,2022-03-10 17:40:54,W 48 St &  Rockefeller Plaza,6626,W 36 St & 9 Ave,6569,40.75776935448309,-73.97929430007935,40.75462324029105,-73.99516761302948,member
1630536,439F5B7D18417A57,classic_bike,2022-03-06 18:55:47,2022-03-06 19:07:11,W 63 St & Broadway,7052,W 36 St & 9 Ave,6569,40.77163851,-73.98261428,40.75462324029105,-73.99516761302948,member
1630541,C3EE3C4EAB6AE5BB,classic_bike,2022-03-31 08:54:43,2022-03-31 09:09:54,W 48 St &  Rockefeller Plaza,6626,W 36 St & 9 Ave,6569,40.75776935448309,-73.97929430007935,40.75462324029105,-73.99516761302948,member
1630542,C88F24E392A99C48,classic_bike,2022-03-01 21:14:39,2022-03-01 22:11:51,Hicks St & Montague St,4645,W 36 St & 9 Ave,6569,40.69512845,-73.99595065,40.75462324029105,-73.99516761302948,casual
1630543,AF2A8CE615E410D5,electric_bike,2022-03-07 12:49:47,2022-03-07 12:58:25,W 56 St & 6 Ave,6809,W 36 St & 9 Ave,6569,40.76340613,-73.97722479,40.75462324029105,-73.99516761302948,member
1630544,23643C25D0330981,classic_bike,2022-03-28 16:39:47,2022-03-28 16:57:39,5 Ave & E 72 St,7100,W 36 St & 9 Ave,6569,40.77282817,-73.96685276,40.75462324029105,-73.99516761302948,member
1630548,CF059119621A76E9,electric_bike,2022-03-21 17:06:49,2022-03-21 17:18:36,W 74 St & Columbus Ave,7230,W 36 St & 9 Ave,6569,40.7785669,-73.97754961,40.75462324029105,-73.99516761302948,member
1630555,AAD2E87C5A8137A9,electric_bike,2022-03-07 11:32:55,2022-03-07 11:50:54,W 56 St & 6 Ave,6809,W 36 St & 9 Ave,6569,40.76340613,-73.97722479,40.75462324029105,-73.99516761302948,member
1630563,A95167B15D08EA61,electric_bike,2022-03-18 10:18:54,2022-03-18 10:32:30,Riverside Blvd & W 67 St,7183,W 36 St & 9 Ave,6569,40.777507027547976,-73.98888587951659,40.75462324029105,-73.99516761302948,member
1630570,6830F46AF9383982,classic_bike,2022-03-22 17:54:56,2022-03-22 18:21:07,Cleveland Pl & Spring St,5492,W 36 St & 9 Ave,6569,40.722103786686034,-73.99724900722504,40.75462324029105,-73.99516761302948,member
1630584,90145143EA5F9A63,classic_bike,2022-03-08 19:36:35,2022-03-08 19:49:59,E 44 St & Lexington Ave,6464,W 36 St & 9 Ave,6569,40.752643,-73.974996,40.75462324029105,-73.99516761302948,member
1630592,E7AC17279A8AABA5,classic_bike,2022-03-13 16:38:04,2022-03-13 16:56:36,W 54 St & 9 Ave,6920,W 36 St & 9 Ave,6569,40.76584941,-73.98690506,40.75462324029105,-73.99516761302948,member
1630599,7B5D244C9C6E5E71,electric_bike,2022-03-17 16:20:57,2022-03-17 16:34:15,2 Ave & E 55 St,6650,W 36 St & 9 Ave,6569,40.757920208794026,-73.96638214588165,40.75462324029105,-73.99516761302948,member
1630600,A5AB155A7628B3C5,classic_bike,2022-03-25 21:56:08,2022-03-25 22:03:01,W 54 St & 9 Ave,6920,W 36 St & 9 Ave,6569,40.76584941,-73.98690506,40.75462324029105,-73.99516761302948,member
1630611,E74286373250CDA5,electric_bike,2022-03-24 20:56:09,2022-03-24 21:04:14,W 39 St & 9 Ave,6644,W 36 St & 9 Ave,6569,40.75645824,-73.99372222,40.75462324029105,-73.99516761302948,member
1630617,AED3A1999F1DE666,classic_bike,2022-03-31 09:26:11,2022-03-31 09:31:04,W 49 St & 8 Ave,6747,W 36 St & 9 Ave,6569,40.76227205,-73.98788205,40.75462324029105,-73.99516761302948,member
1630618,7409AB208FB44DC2,classic_bike,2022-03-16 17:13:28,2022-03-16 17:19:39,W 49 St & 8 Ave,6747,W 36 St & 9 Ave,6569,40.76227205,-73.98788205,40.75462324029105,-73.99516761302948,member
1630622,9005F133F29CC34A,classic_bike,2022-03-07 07:46:04,2022-03-07 07:48:53,W 39 St & 9 Ave,6644,W 36 St & 9 Ave,6569,40.75645824,-73.99372222,40.75462324029105,-73.99516761302948,casual
1630625,D9C94724B16E5A0F,electric_bike,2022-03-30 16:43:55,2022-03-30 16:51:28,6 Ave & W 45 St,6593,W 36 St & 9 Ave,6569,40.756951,-73.982631,40.75462324029105,-73.99516761302948,member
1630628,826B1C3BBE1C8818,classic_bike,2022-03-26 15:54:33,2022-03-26 16:00:06,W 31 St & 7 Ave,6331,W 36 St & 9 Ave,6569,40.749156,-73.9916,40.75462324029105,-73.99516761302948,member
1630637,898F1F785B4728B0,classic_bike,2022-03-25 06:58:12,2022-03-25 06:59:41,W 39 St & 9 Ave,6644,W 36 St & 9 Ave,6569,40.75645824,-73.99372222,40.75462324029105,-73.99516761302948,member
1630657,A168DCD197B9A926,classic_bike,2022-03-10 12:51:04,2022-03-10 12:59:46,E 39 St & Lexington Ave,6389,W 36 St & 9 Ave,6569,40.7494985460252,-73.97729203113158,40.75462324029105,-73.99516761302948,member
1630665,42F233B54B3AF5C4,classic_bike,2022-03-09 13:43:39,2022-03-09 14:13:42,E 32 St & Park Ave,6280,W 36 St & 9 Ave,6569,40.7457121,-73.98194829,40.75462324029105,-73.99516761302948,member
1630669,8F1AB97C822F751E,classic_bike,2022-03-10 09:35:12,2022-03-10 09:45:59,W 53 St & 10 Ave,6890,W 36 St & 9 Ave,6569,40.76669671,-73.99061728,40.75462324029105,-73.99516761302948,member
1630678,B2DC2DD296CA13BB,classic_bike,2022-03-06 16:09:54,2022-03-06 16:30:25,Central Park West & W 68 St,7079,W 36 St & 9 Ave,6569,40.7734066,-73.97782542,40.75462324029105,-73.99516761302948,casual
1630684,E79C70D5B2C14ACC,electric_bike,2022-03-26 13:49:44,2022-03-26 14:01:28,W 67 St & Broadway,7116,W 36 St & 9 Ave,6569,40.77492513,-73.98266566,40.75462324029105,-73.99516761302948,member
1630688,AEE5C07B212C5812,classic_bike,2022-03-26 17:15:46,2022-03-26 17:19:22,W 36 St & 7 Ave,6483,W 36 St & 9 Ave,6569,40.752149,-73.989539,40.75462324029105,-73.99516761302948,member
1630690,4599EDD6795E491F,electric_bike,2022-03-23 12:20:40,2022-03-23 12:28:29,E 33 St & 1 Ave,6197,W 36 St & 9 Ave,6569,40.74322681432173,-73.97449783980846,40.75462324029105,-73.99516761302948,member
1630693,FC296C7FB3A434DA,electric_bike,2022-03-28 17:11:11,2022-03-28 17:23:12,E 59 St & Madison Ave,6801,W 36 St & 9 Ave,6569,40.76350532,-73.97109243,40.75462324029105,-73.99516761302948,member
1630716,2858B2C243176B91,electric_bike,2022-03-19 19:45:37,2022-03-19 19:52:07,W 31 St & 7 Ave,6331,W 36 St & 9 Ave,6569,40.749156,-73.9916,40.75462324029105,-73.99516761302948,member
1630737,2E0A5681592B9369,electric_bike,2022-03-09 19:45:04,2022-03-09 19:54:10,Lexington Ave & E 26 St,6089,W 36 St & 9 Ave,6569,40.741459,-73.983293,40.75462324029105,-73.99516761302948,member
1630752,76FFC63CF48A3ACC,electric_bike,2022-03-06 20:03:22,2022-03-06 20:09:26,5 Ave & E 29 St,6248,W 36 St & 9 Ave,6569,40.7451677,-73.98683077,40.75462324029105,-73.99516761302948,member
1630756,0363C2EF83678B96,electric_bike,2022-03-29 17:28:27,2022-03-29 17:54:37,Frederick Douglass Blvd & W 117 St,7688,W 36 St & 9 Ave,6569,40.805159,-73.954692,40.75462324029105,-73.99516761302948,member
1630757,8BADDD8507E50D05,classic_bike,2022-03-03 23:10:16,2022-03-03 23:21:21,5 Ave & E 29 St,6248,W 36 St & 9 Ave,6569,40.7451677,-73.98683077,40.75462324029105,-73.99516761302948,casual
1630758,6D3A5C26623B12AA,classic_bike,2022-03-01 16:50:52,2022-03-01 17:03:17,5 Ave & E 29 St,6248,W 36 St & 9 Ave,6569,40.7451677,-73.98683077,40.75462324029105,-73.99516761302948,member
1630761,1CACC7A255FC5D77,classic_bike,2022-03-03 23:10:16,2022-03-03 23:21:16,5 Ave & E 29 St,6248,W 36 St & 9 Ave,6569,40.7451677,-73.98683077,40.75462324029105,-73.99516761302948,casual
1630769,546EBC569BACDB33,electric_bike,2022-03-14 17:55:07,2022-03-14 18:13:57,E 50 St & Park Ave,6659,W 36 St & 9 Ave,6569,40.757334,-73.974235,40.75462324029105,-73.99516761302948,member
1630781,EB16745D26336B97,classic_bike,2022-03-09 09:42:23,2022-03-09 09:50:04,Broadway & W 53 St,6779,W 36 St & 9 Ave,6569,40.76344058,-73.98268129,40.75462324029105,-73.99516761302948,member
1630785,6AEA1B19CEBB8532,electric_bike,2022-03-09 19:33:05,2022-03-09 19:51:20,Riverside Dr & W 91 St,7524,W 36 St & 9 Ave,6569,40.79313480986663,-73.97700369358063,40.75462324029105,-73.99516761302948,member
1630791,E7ECA11AA13E1E00,classic_bike,2022-03-31 08:08:29,2022-03-31 08:19:15,W 54 St & 9 Ave,6920,W 36 St & 9 Ave,6569,40.76584941,-73.98690506,40.75462324029105,-73.99516761302948,member
1630793,E370EE17EF66A69A,electric_bike,2022-03-07 09:48:13,2022-03-07 09:54:36,W 54 St & 9 Ave,6920,W 36 St & 9 Ave,6569,40.76584941,-73.98690506,40.75462324029105,-73.99516761302948,member
1630795,0A51FCB1CDDE2BDE,classic_bike,2022-03-29 08:12:22,2022-03-29 08:19:17,W 54 St & 9 Ave,6920,W 36 St & 9 Ave,6569,40.76584941,-73.98690506,40.75462324029105,-73.99516761302948,member
1630797,FCE40139D74A1976,classic_bike,2022-03-18 14:00:00,2022-03-18 14:02:23,W 37 St & 10 Ave,6611,W 36 St & 9 Ave,6569,40.75660359,-73.9979009,40.75462324029105,-73.99516761302948,member
1630800,A9C6017DC29256DA,classic_bike,2022-03-15 06:56:03,2022-03-15 06:59:48,W 42 St & Dyer Ave,6644,W 36 St & 9 Ave,6569,40.75898481399634,-73.99379968643188,40.75462324029105,-73.99516761302948,member
1630801,775C84FCA5F64213,electric_bike,2022-03-21 11:20:46,2022-03-21 11:27:35,W 50 St & 10 Ave,6890,W 36 St & 9 Ave,6569,40.76473420006519,-73.99194359779358,40.75462324029105,-73.99516761302948,member
1630802,297EA2A198EDA400,classic_bike,2022-03-18 11:04:42,2022-03-18 11:11:58,W 50 St & 10 Ave,6890,W 36 St & 9 Ave,6569,40.76473420006519,-73.99194359779358,40.75462324029105,-73.99516761302948,member
1630805,5A64EE7985517CAA,classic_bike,2022-03-18 08:44:51,2022-03-18 08:48:07,W 37 St & 10 Ave,6611,W 36 St & 9 Ave,6569,40.75660359,-73.9979009,40.75462324029105,-73.99516761302948,member
1630806,A81575ACC8F1D0CD,classic_bike,2022-03-04 08:46:21,2022-03-04 08:48:23,W 37 St & 10 Ave,6611,W 36 St & 9 Ave,6569,40.75660359,-73.9979009,40.75462324029105,-73.99516761302948,member
1630808,71FE279891DD72E4,classic_bike,2022-03-17 01:17:25,2022-03-17 01:20:01,W 37 St & 10 Ave,6611,W 36 St & 9 Ave,6569,40.75660359,-73.9979009,40.75462324029105,-73.99516761302948,member
1630812,911A741E37E866BD,electric_bike,2022-03-08 18:39:51,2022-03-08 18:42:28,8 Ave & W 33 St,6450,W 36 St & 9 Ave,6569,40.751551,-73.993934,40.75462324029105,-73.99516761302948,member
1630814,BE9316969F312174,electric_bike,2022-03-23 15:12:46,2022-03-23 15:14:06,W 37 St & 10 Ave,6611,W 36 St & 9 Ave,6569,40.75660359,-73.9979009,40.75462324029105,-73.99516761302948,member
1630817,5B888E566BA3BDEB,electric_bike,2022-03-01 19:14:14,2022-03-01 19:16:39,8 Ave & W 33 St,6450,W 36 St & 9 Ave,6569,40.751551,-73.993934,40.75462324029105,-73.99516761302948,member
1630819,872C221D74474D2E,classic_bike,2022-03-02 15:14:46,2022-03-02 15:16:57,W 37 St & 10 Ave,6611,W 36 St & 9 Ave,6569,40.75660359,-73.9979009,40.75462324029105,-73.99516761302948,member
1630823,CF566A62CCAB9C44,electric_bike,2022-03-10 09:39:53,2022-03-10 09:44:27,W 34 St & 11 Ave,6578,W 36 St & 9 Ave,6569,40.75594159,-74.0021163,40.75462324029105,-73.99516761302948,member
1630824,1AF79D5857446747,electric_bike,2022-03-08 14:53:24,2022-03-08 14:56:07,W 34 St & 11 Ave,6578,W 36 St & 9 Ave,6569,40.75594159,-74.0021163,40.75462324029105,-73.99516761302948,member
1630826,6DC1B10F5E741D36,classic_bike,2022-03-03 12:37:17,2022-03-03 12:40:46,W 37 St & 10 Ave,6611,W 36 St & 9 Ave,6569,40.75660359,-73.9979009,40.75462324029105,-73.99516761302948,member
1630830,C0C2EE02FA61208F,electric_bike,2022-03-15 17:01:09,2022-03-15 17:24:28,5 Ave & E 103 St,7511,W 36 St & 9 Ave,6569,40.7922553,-73.95249933,40.75462324029105,-73.99516761302948,member
1630833,7B8019B50ADD0B45,electric_bike,2022-03-22 12:54:59,2022-03-22 13:31:35,5 Ave & E 103 St,7511,W 36 St & 9 Ave,6569,40.7922553,-73.95249933,40.75462324029105,-73.99516761302948,casual
1630835,8969E13BEEA1317C,electric_bike,2022-03-22 12:55:12,2022-03-22 13:32:30,5 Ave & E 103 St,7511,W 36 St & 9 Ave,6569,40.7922553,-73.95249933,40.75462324029105,-73.99516761302948,casual
1630838,4E0D4279E629BF58,electric_bike,2022-03-11 10:03:06,2022-03-11 10:45:03,5 Ave & E 103 St,7511,W 36 St & 9 Ave,6569,40.7922553,-73.95249933,40.75462324029105,-73.99516761302948,member
1630839,8DF9375DB22000EA,classic_bike,2022-03-17 16:53:22,2022-03-17 17:09:53,Amsterdam Ave & W 82 St,7360,W 36 St & 9 Ave,6569,40.78524672,-73.97667321,40.75462324029105,-73.99516761302948,member
1630841,1DE5503574A887F3,classic_bike,2022-03-18 15:37:14,2022-03-18 15:47:09,W 20 St & 8 Ave,6224,W 36 St & 9 Ave,6569,40.74345335,-74.00004031,40.75462324029105,-73.99516761302948,casual
1630850,51368A8012A4598B,classic_bike,2022-03-14 13:06:09,2022-03-14 13:19:42,W 20 St & 8 Ave,6224,W 36 St & 9 Ave,6569,40.74345335,-74.00004031,40.75462324029105,-73.99516761302948,casual
1630855,9FA33C2A7DB8ED06,electric_bike,2022-03-29 13:18:40,2022-03-29 13:26:35,W 20 St & 8 Ave,6224,W 36 St & 9 Ave,6569,40.74345335,-74.00004031,40.75462324029105,-73.99516761302948,member
1630869,EBEEDDC3F8010B34,electric_bike,2022-03-31 20:32:54,2022-03-31 20:41:34,Lexington Ave & E 29 St,6164,W 36 St & 9 Ave,6569,40.74311555376486,-73.98215353488922,40.75462324029105,-73.99516761302948,member
1630876,B86882F6808E84D4,classic_bike,2022-03-02 20:26:00,2022-03-02 20:33:14,W 42 St & 6 Ave,6517,W 36 St & 9 Ave,6569,40.75492,-73.98455,40.75462324029105,-73.99516761302948,member
1630880,0FE423B37EB37793,classic_bike,2022-03-20 14:21:05,2022-03-20 14:28:28,8 Ave & W 52 St,6816,W 36 St & 9 Ave,6569,40.76370739,-73.9851615,40.75462324029105,-73.99516761302948,member
1630882,C00FBD604344523E,classic_bike,2022-03-24 15:19:15,2022-03-24 15:36:19,Morton St & Washington St,5772,W 36 St & 9 Ave,6569,40.73115,-74.00887,40.75462324029105,-73.99516761302948,member
1630889,8B767819B9E5466C,classic_bike,2022-03-24 19:01:07,2022-03-24 19:09:37,Broadway & W 56 St,6847,W 36 St & 9 Ave,6569,40.7652654,-73.98192338,40.75462324029105,-73.99516761302948,member
1630891,67A41E5E8CA5E1BF,classic_bike,2022-03-11 17:30:07,2022-03-11 17:37:21,W 42 St & 6 Ave,6517,W 36 St & 9 Ave,6569,40.75492,-73.98455,40.75462324029105,-73.99516761302948,member
1630892,107F4B30F45B3AC7,classic_bike,2022-03-19 12:50:58,2022-03-19 13:02:28,Broadway & W 56 St,6847,W 36 St & 9 Ave,6569,40.7652654,-73.98192338,40.75462324029105,-73.99516761302948,member
1630893,6AA737D3E16E9191,electric_bike,2022-03-07 16:04:41,2022-03-07 16:13:00,W 64 St & Thelonious Monk Circle,7123,W 36 St & 9 Ave,6569,40.77515953434235,-73.98918695747852,40.75462324029105,-73.99516761302948,member
1630902,EE758200A9E82D60,electric_bike,2022-03-25 10:28:53,2022-03-25 10:34:04,W 42 St & 6 Ave,6517,W 36 St & 9 Ave,6569,40.75492,-73.98455,40.75462324029105,-73.99516761302948,member
1630912,DF9730326760D827,classic_bike,2022-03-23 13:50:57,2022-03-23 14:10:42,E 58 St & 3 Ave,6762,W 36 St & 9 Ave,6569,40.76095756,-73.96724467,40.75462324029105,-73.99516761302948,member
1630916,CE2EC1CC9E9D1016,classic_bike,2022-03-08 20:00:49,2022-03-08 20:24:03,Cleveland Pl & Spring St,5492,W 36 St & 9 Ave,6569,40.722103786686034,-73.99724900722504,40.75462324029105,-73.99516761302948,member
1630919,4394B24B14A8D227,electric_bike,2022-03-08 23:25:53,2022-03-08 23:31:26,6 Ave & W 34 St,6364,W 36 St & 9 Ave,6569,40.74964,-73.98805,40.75462324029105,-73.99516761302948,member
1630923,C6CA96CDBE6A201B,classic_bike,2022-03-30 11:55:43,2022-03-30 12:06:38,W 15 St & 6 Ave,5989,W 36 St & 9 Ave,6569,40.738046142482766,-73.99642959237099,40.75462324029105,-73.99516761302948,member
1630924,8CA250F422AD7DB3,electric_bike,2022-03-25 12:38:43,2022-03-25 12:53:09,E 58 St & 3 Ave,6762,W 36 St & 9 Ave,6569,40.76095756,-73.96724467,40.75462324029105,-73.99516761302948,casual
1630928,4FB6EABCFEEE1A6C,electric_bike,2022-03-21 03:54:03,2022-03-21 04:13:38,6 Ave & W 34 St,6364,W 36 St & 9 Ave,6569,40.74964,-73.98805,40.75462324029105,-73.99516761302948,member
1630934,93767B3A851F55DE,electric_bike,2022-03-07 18:41:12,2022-03-07 19:00:18,Columbus Ave & W 95 St,7520,W 36 St & 9 Ave,6569,40.7919557,-73.968087,40.75462324029105,-73.99516761302948,member
1630935,7C60A3A744D3113B,classic_bike,2022-03-25 17:09:33,2022-03-25 17:37:33,Columbus Ave & W 95 St,7520,W 36 St & 9 Ave,6569,40.7919557,-73.968087,40.75462324029105,-73.99516761302948,casual
1630960,7C05F930181713A1,classic_bike,2022-03-24 18:20:02,2022-03-24 18:28:13,10 Ave & W 28 St,6459,W 36 St & 9 Ave,6569,40.75066386,-74.00176802,40.75462324029105,-73.99516761302948,member
1630972,99E0434D570BD543,electric_bike,2022-03-14 19:08:21,2022-03-14 19:16:06,Greenwich Ave & Charles St,5914,W 36 St & 9 Ave,6569,40.735238,-74.000271,40.75462324029105,-73.99516761302948,member
1630974,24C03F895443B009,classic_bike,2022-03-23 18:54:20,2022-03-23 19:26:20,W 24 St & 7 Ave,6257,W 36 St & 9 Ave,6569,40.74487634,-73.99529885,40.75462324029105,-73.99516761302948,member
1630978,7C422A7DF1410184,classic_bike,2022-03-23 01:38:01,2022-03-23 01:46:45,8 Ave & W 38 St,6526,W 36 St & 9 Ave,6569,40.75461,-73.99177,40.75462324029105,-73.99516761302948,casual
1630983,0D249B4B9C2281EC,classic_bike,2022-03-06 19:47:11,2022-03-06 20:29:18,8 Ave & W 38 St,6526,W 36 St & 9 Ave,6569,40.75461,-73.99177,40.75462324029105,-73.99516761302948,casual
1630987,334755DB4DF0E3B4,electric_bike,2022-03-22 08:41:42,2022-03-22 08:49:05,E 40 St & Park Ave,6432,W 36 St & 9 Ave,6569,40.750756,-73.978326,40.75462324029105,-73.99516761302948,member
1630990,75D9C6EA7FB28C82,classic_bike,2022-03-21 19:19:04,2022-03-21 19:28:45,E 40 St & Park Ave,6432,W 36 St & 9 Ave,6569,40.750756,-73.978326,40.75462324029105,-73.99516761302948,member
1631003,223BF48B8DCBB4AB,classic_bike,2022-03-02 17:20:59,2022-03-02 17:21:19,W 36 St & 9 Ave,6569,W 36 St & 9 Ave,6569,40.75462324029105,-73.99516761302948,40.75462324029105,-73.99516761302948,member
1631008,886FC220425C8A91,classic_bike,2022-03-20 15:03:56,2022-03-20 15:11:36,W 36 St & 9 Ave,6569,Broadway & W 29 St,6289,40.75462324029105,-73.99516761302948,40.7462009,-73.98855723,member
1631011,00D4E63A65AB610F,electric_bike,2022-03-15 16:31:13,2022-03-15 16:31:30,W 36 St & 9 Ave,6569,W 36 St & 9 Ave,6569,40.75462324029105,-73.99516761302948,40.75462324029105,-73.99516761302948,member
1631028,59AF58C2353BAC4F,electric_bike,2022-03-26 10:26:26,2022-03-26 10:31:41,W 36 St & 9 Ave,6569,Broadway & W 29 St,6289,40.75462324029105,-73.99516761302948,40.7462009,-73.98855723,member
1631030,A8E9458D3F0F3D39,classic_bike,2022-03-31 21:01:09,2022-03-31 21:09:12,W 36 St & 9 Ave,6569,W 36 St & 9 Ave,6569,40.75462324029105,-73.99516761302948,40.75462324029105,-73.99516761302948,member
1631040,D2F83A9F0306C29F,classic_bike,2022-03-05 16:14:10,2022-03-05 16:28:04,7 Ave & Central Park South,6912,W 36 St & 9 Ave,6569,40.7667405590595,-73.9790689945221,40.75462324029105,-73.99516761302948,member
1631041,E1BACE4472A5E5EF,classic_bike,2022-03-05 17:34:30,2022-03-05 17:56:21,Lexington Ave & E 26 St,6089,W 36 St & 9 Ave,6569,40.741459,-73.983293,40.75462324029105,-73.99516761302948,member
1631044,9174E084DDF4FC3D,classic_bike,2022-03-08 17:32:12,2022-03-08 18:07:15,Johnson St & Gold St,4668,W 36 St & 9 Ave,6569,40.69474881,-73.98362464,40.75462324029105,-73.99516761302948,member
1631050,2C1ED008C1D91DF6,classic_bike,2022-03-18 17:07:46,2022-03-18 17:15:45,W 54 St & 9 Ave,6920,W 36 St & 9 Ave,6569,40.76584941,-73.98690506,40.75462324029105,-73.99516761302948,member
1631051,8CB6FF83015700FE,electric_bike,2022-03-13 09:34:00,2022-03-13 09:38:50,W 54 St & 9 Ave,6920,W 36 St & 9 Ave,6569,40.76584941,-73.98690506,40.75462324029105,-73.99516761302948,member
1631054,02BF0EACBF4A7ED9,electric_bike,2022-03-25 13:40:31,2022-03-25 13:51:16,Lexington Ave & E 36 St,6313,W 36 St & 9 Ave,6569,40.7475739589548,-73.9788007736206,40.75462324029105,-73.99516761302948,member
1631060,5E231D4E6C57E3F7,classic_bike,2022-03-08 15:26:42,2022-03-08 15:39:24,W 67 St & Broadway,7116,W 36 St & 9 Ave,6569,40.77492513,-73.98266566,40.75462324029105,-73.99516761302948,member
1631063,0AC424D7C15C7D6C,classic_bike,2022-03-24 08:38:17,2022-03-24 09:11:32,Central Park North & Adam Clayton Powell Blvd,7617,W 36 St & 9 Ave,6569,40.799484,-73.955613,40.75462324029105,-73.99516761302948,member
1631064,B7702B464515FD34,classic_bike,2022-03-20 11:21:10,2022-03-20 11:58:00,Central Park North & Adam Clayton Powell Blvd,7617,W 36 St & 9 Ave,6569,40.799484,-73.955613,40.75462324029105,-73.99516761302948,member
1631065,E92759C2710641FB,classic_bike,2022-03-31 08:43:44,2022-03-31 09:17:37,Central Park North & Adam Clayton Powell Blvd,7617,W 36 St & 9 Ave,6569,40.799484,-73.955613,40.75462324029105,-73.99516761302948,member
1631069,062C548E8DA2EE7C,classic_bike,2022-03-05 08:50:00,2022-03-05 09:24:40,Central Park North & Adam Clayton Powell Blvd,7617,W 36 St & 9 Ave,6569,40.799484,-73.955613,40.75462324029105,-73.99516761302948,member
1631071,6463B933EDC96594,classic_bike,2022-03-21 08:32:49,2022-03-21 09:06:36,Central Park North & Adam Clayton Powell Blvd,7617,W 36 St & 9 Ave,6569,40.799484,-73.955613,40.75462324029105,-73.99516761302948,member
1631077,705FD202DCBC3077,classic_bike,2022-03-15 06:29:52,2022-03-15 06:32:13,W 39 St & 9 Ave,6644,W 36 St & 9 Ave,6569,40.75645824,-73.99372222,40.75462324029105,-73.99516761302948,member
1631079,76712FAFAAB0A01F,classic_bike,2022-03-13 18:58:49,2022-03-13 19:00:57,W 39 St & 9 Ave,6644,W 36 St & 9 Ave,6569,40.75645824,-73.99372222,40.75462324029105,-73.99516761302948,member
1631081,847D65EA9A40DA3E,electric_bike,2022-03-30 14:55:41,2022-03-30 15:00:32,6 Ave & W 45 St,6593,W 36 St & 9 Ave,6569,40.756951,-73.982631,40.75462324029105,-73.99516761302948,member
1631087,9CECE8C49B6FF2DD,electric_bike,2022-03-21 14:04:30,2022-03-21 14:14:33,E 39 St & Lexington Ave,6389,W 36 St & 9 Ave,6569,40.7494985460252,-73.97729203113158,40.75462324029105,-73.99516761302948,member
1631097,750D9D74A31061A7,classic_bike,2022-03-14 08:58:27,2022-03-14 09:37:27,Central Park North & Adam Clayton Powell Blvd,7617,W 36 St & 9 Ave,6569,40.799484,-73.955613,40.75462324029105,-73.99516761302948,member
1631098,6F3FF3CA655EA5A6,classic_bike,2022-03-19 18:34:34,2022-03-19 19:02:08,E 48 St & 3 Ave,6541,W 36 St & 9 Ave,6569,40.7546011026,-73.971878855,40.75462324029105,-73.99516761302948,member
1631104,A16EEF87FA451C95,electric_bike,2022-03-31 15:16:52,2022-03-31 15:24:12,Broadway & W 51 St,6779,W 36 St & 9 Ave,6569,40.76228826,-73.98336183,40.75462324029105,-73.99516761302948,member
1631119,23BCD086A8D466A1,classic_bike,2022-03-26 18:50:04,2022-03-26 18:51:43,W 35 St & Dyer Ave,6569,W 36 St & 9 Ave,6569,40.754691750226016,-73.99740189313889,40.75462324029105,-73.99516761302948,member
1631123,52EA695620CDE26A,classic_bike,2022-03-24 19:12:11,2022-03-24 19:39:55,Reade St & Broadway,5247,W 36 St & 9 Ave,6569,40.71450451,-74.00562789,40.75462324029105,-73.99516761302948,member
1631126,E9E59014AB726030,classic_bike,2022-03-16 16:18:52,2022-03-16 16:27:40,Broadway & W 51 St,6779,W 36 St & 9 Ave,6569,40.76228826,-73.98336183,40.75462324029105,-73.99516761302948,member
1631130,8A910407203F3F99,classic_bike,2022-03-25 07:26:10,2022-03-25 07:32:38,W 39 St & 9 Ave,6644,W 36 St & 9 Ave,6569,40.75645824,-73.99372222,40.75462324029105,-73.99516761302948,member
1631133,F2BED2F31A537497,classic_bike,2022-03-17 20:34:09,2022-03-17 20:36:44,Hudson Blvd E & W 36 St,6611,W 36 St & 9 Ave,6569,40.75630628938069,-73.99951145061095,40.75462324029105,-73.99516761302948,member
1631147,F17C471661DCC697,electric_bike,2022-03-07 00:05:01,2022-03-07 00:07:53,W 29 St & 9 Ave,6416,W 36 St & 9 Ave,6569,40.7500727,-73.99839279,40.75462324029105,-73.99516761302948,casual
1631148,1D240D26B16DE200,electric_bike,2022-03-05 16:52:02,2022-03-05 17:06:44,Washington Pl & 6 Ave,5838,W 36 St & 9 Ave,6569,40.73224119,-74.00026394,40.75462324029105,-73.99516761302948,casual
1631155,6D6F5C14D1FEF087,classic_bike,2022-03-08 19:55:27,2022-03-08 20:16:39,W 59 St & 10 Ave,7023,W 36 St & 9 Ave,6569,40.770513,-73.988038,40.75462324029105,-73.99516761302948,member
1631158,0021D07C820BF11B,electric_bike,2022-03-10 10:14:56,2022-03-10 10:31:38,Columbus Ave & W 95 St,7520,W 36 St & 9 Ave,6569,40.7919557,-73.968087,40.75462324029105,-73.99516761302948,member
1631159,5E7F08E4E4D213AC,electric_bike,2022-03-16 10:05:26,2022-03-16 10:23:45,Columbus Ave & W 95 St,7520,W 36 St & 9 Ave,6569,40.7919557,-73.968087,40.75462324029105,-73.99516761302948,member
1631163,07363F0C6DD80681,electric_bike,2022-03-14 17:21:53,2022-03-14 17:29:10,W 44 St & 5 Ave,6551,W 36 St & 9 Ave,6569,40.75500254,-73.98014437,40.75462324029105,-73.99516761302948,member
1631167,30D103918467139A,electric_bike,2022-03-20 02:47:14,2022-03-20 03:04:58,E 9 St & Avenue C,5616,W 36 St & 9 Ave,6569,40.72521311,-73.97768752,40.75462324029105,-73.99516761302948,member
1631172,778A03C7C883A39E,electric_bike,2022-03-11 09:58:51,2022-03-11 10:11:18,Grand Army Plaza & Central Park S,6839,W 36 St & 9 Ave,6569,40.7643971,-73.97371465,40.75462324029105,-73.99516761302948,member
1631175,B346CCAE214A0ED3,classic_bike,2022-03-28 14:21:56,2022-03-28 14:35:28,W 56 St & 6 Ave,6809,W 36 St & 9 Ave,6569,40.76340613,-73.97722479,40.75462324029105,-73.99516761302948,member
1631177,81D733269B729F3C,electric_bike,2022-03-14 17:18:07,2022-03-14 17:22:40,W 47 St & 10 Ave,6824,W 36 St & 9 Ave,6569,40.76269882,-73.99301222,40.75462324029105,-73.99516761302948,member
1631183,F70F5E3BE6792960,electric_bike,2022-03-26 16:18:41,2022-03-26 16:27:28,W 63 St & Broadway,7052,W 36 St & 9 Ave,6569,40.77163851,-73.98261428,40.75462324029105,-73.99516761302948,member
1631225,231EE1AF5B883778,classic_bike,2022-03-17 09:47:48,2022-03-17 09:55:02,W 54 St & 9 Ave,6920,W 36 St & 9 Ave,6569,40.76584941,-73.98690506,40.75462324029105,-73.99516761302948,member
1631226,07816973E9975700,classic_bike,2022-03-14 21:08:54,2022-03-14 21:19:22,E 30 St & Park Ave S,6206,W 36 St & 9 Ave,6569,40.74444921,-73.98303529,40.75462324029105,-73.99516761302948,member
1631233,FB2270DD7A9CE8FB,electric_bike,2022-03-30 15:21:56,2022-03-30 15:30:02,W 54 St & 9 Ave,6920,W 36 St & 9 Ave,6569,40.76584941,-73.98690506,40.75462324029105,-73.99516761302948,member
1631235,24057D28B240DA6F,electric_bike,2022-03-31 08:23:26,2022-03-31 08:29:12,W 54 St & 9 Ave,6920,W 36 St & 9 Ave,6569,40.76584941,-73.98690506,40.75462324029105,-73.99516761302948,member
1631244,B936241A3CB245F7,electric_bike,2022-03-24 14:10:48,2022-03-24 14:15:53,W 50 St & 10 Ave,6890,W 36 St & 9 Ave,6569,40.76473420006519,-73.99194359779358,40.75462324029105,-73.99516761302948,member
1631245,A3F999EA6676D4CE,classic_bike,2022-03-22 16:33:25,2022-03-22 16:44:00,W 55 St & 6 Ave,6809,W 36 St & 9 Ave,6569,40.763189,-73.978434,40.75462324029105,-73.99516761302948,member
1631250,36EF738669C2528C,classic_bike,2022-03-01 09:45:06,2022-03-01 10:13:50,E 85 St & York Ave,7146,W 36 St & 9 Ave,6569,40.77536905,-73.94803392,40.75462324029105,-73.99516761302948,member
1631251,FC7D7BC9A86B5AEB,electric_bike,2022-03-19 17:09:47,2022-03-19 17:21:02,E 66 St & Madison Ave,6969,W 36 St & 9 Ave,6569,40.76800889305947,-73.96845281124115,40.75462324029105,-73.99516761302948,member
1631261,736897949C1D126D,electric_bike,2022-03-03 08:30:32,2022-03-03 08:35:09,W 44 St & 11 Ave,6756,W 36 St & 9 Ave,6569,40.762009,-73.996975,40.75462324029105,-73.99516761302948,member
1631263,0BF6DE896CD2BED5,electric_bike,2022-03-04 10:33:40,2022-03-04 10:38:11,W 44 St & 11 Ave,6756,W 36 St & 9 Ave,6569,40.762009,-73.996975,40.75462324029105,-73.99516761302948,member
1631265,5B417E4083503D07,electric_bike,2022-03-28 16:24:13,2022-03-28 16:29:12,W 44 St & 11 Ave,6756,W 36 St & 9 Ave,6569,40.762009,-73.996975,40.75462324029105,-73.99516761302948,member
1631266,B581D557F5D5918E,electric_bike,2022-03-05 02:26:35,2022-03-05 02:31:35,W 44 St & 11 Ave,6756,W 36 St & 9 Ave,6569,40.762009,-73.996975,40.75462324029105,-73.99516761302948,member
1631268,E0E97198DC4B147F,classic_bike,2022-03-04 12:53:22,2022-03-04 12:59:15,W 44 St & 11 Ave,6756,W 36 St & 9 Ave,6569,40.762009,-73.996975,40.75462324029105,-73.99516761302948,member
1631273,ADCB739040F50FFC,electric_bike,2022-03-27 19:12:18,2022-03-27 19:35:01,Grand St & Elizabeth St,5382,W 36 St & 9 Ave,6569,40.718822,-73.99596,40.75462324029105,-73.99516761302948,member
1631274,3C1D980AEBD49668,electric_bike,2022-03-29 11:50:04,2022-03-29 11:54:09,W 37 St & 5 Ave,6398,W 36 St & 9 Ave,6569,40.75038009,-73.98338988,40.75462324029105,-73.99516761302948,member
1631276,E1F41321BCE320D5,classic_bike,2022-03-16 18:10:50,2022-03-16 18:22:00,W 37 St & 5 Ave,6398,W 36 St & 9 Ave,6569,40.75038009,-73.98338988,40.75462324029105,-73.99516761302948,member
1631279,5623B1E3C3E7C53C,classic_bike,2022-03-26 09:52:06,2022-03-26 09:59:07,W 46 St & 11 Ave,6795,W 36 St & 9 Ave,6569,40.76341379,-73.99667444,40.75462324029105,-73.99516761302948,member
1631281,612B1E174A72996E,classic_bike,2022-03-15 19:26:54,2022-03-15 19:49:21,Bleecker St & Crosby St,5679,W 36 St & 9 Ave,6569,40.72615604980408,-73.99510189890862,40.75462324029105,-73.99516761302948,member
1631315,723EEBBB743307D2,classic_bike,2022-03-26 16:47:36,2022-03-26 16:53:14,W 25 St & 6 Ave,6215,W 36 St & 9 Ave,6569,40.74395411,-73.99144871,40.75462324029105,-73.99516761302948,member
1631319,38B6023D1D88495F,classic_bike,2022-03-26 12:40:57,2022-03-26 12:50:04,W 20 St & 8 Ave,6224,W 36 St & 9 Ave,6569,40.74345335,-74.00004031,40.75462324029105,-73.99516761302948,casual
1631324,D6A7CF114F0E333E,electric_bike,2022-03-03 09:25:52,2022-03-03 09:32:21,W 46 St & 11 Ave,6795,W 36 St & 9 Ave,6569,40.76341379,-73.99667444,40.75462324029105,-73.99516761302948,member
1631329,7E9605E3F6D03F74,classic_bike,2022-03-03 17:52:37,2022-03-03 17:59:45,W 37 St & Broadway,6441,W 36 St & 9 Ave,6569,40.75227093837409,-73.98770570755005,40.75462324029105,-73.99516761302948,member
1631332,A28D786D06AD5365,classic_bike,2022-03-30 09:01:07,2022-03-30 09:24:48,3 Ave & E 72 St,7028,W 36 St & 9 Ave,6569,40.7699426,-73.96060712,40.75462324029105,-73.99516761302948,member
1631339,B582A20EFA973028,electric_bike,2022-03-28 09:35:16,2022-03-28 09:38:35,Broadway & W 36 St,6441,W 36 St & 9 Ave,6569,40.75097711,-73.98765428,40.75462324029105,-73.99516761302948,member
1631341,964BF016FB4ECE7D,classic_bike,2022-03-19 09:13:12,2022-03-19 09:17:50,W 50 St & 9 Ave,6854,W 36 St & 9 Ave,6569,40.76360467795863,-73.98917958140373,40.75462324029105,-73.99516761302948,member
1631342,B4E3680EE42837FD,electric_bike,2022-03-29 17:11:03,2022-03-29 17:32:53,5 Ave & E 103 St,7511,W 36 St & 9 Ave,6569,40.7922553,-73.95249933,40.75462324029105,-73.99516761302948,member
1631349,5A3C9554ACA94432,electric_bike,2022-03-16 15:10:09,2022-03-16 15:12:32,W 37 St & 10 Ave,6611,W 36 St & 9 Ave,6569,40.75660359,-73.9979009,40.75462324029105,-73.99516761302948,member
1631351,9D40575CB154395B,classic_bike,2022-03-31 06:54:46,2022-03-31 06:59:14,W 45 St & 8 Ave,6676,W 36 St & 9 Ave,6569,40.75929124,-73.98859651,40.75462324029105,-73.99516761302948,member
1631358,153B0563513264EF,classic_bike,2022-03-23 08:53:48,2022-03-23 09:01:19,W 50 St & 10 Ave,6890,W 36 St & 9 Ave,6569,40.76473420006519,-73.99194359779358,40.75462324029105,-73.99516761302948,member
1631359,0122D875F04D4DF7,classic_bike,2022-03-10 18:47:56,2022-03-10 18:50:17,W 37 St & 10 Ave,6611,W 36 St & 9 Ave,6569,40.75660359,-73.9979009,40.75462324029105,-73.99516761302948,casual
1631361,0979AAAEFB0B3213,docked_bike,2022-03-23 00:33:08,2022-03-23 00:45:54,W 4 St & 7 Ave S,5880,W 36 St & 9 Ave,6569,40.734011,-74.002939,40.754623,-73.995168,casual
1631367,FFEBF2237147152A,classic_bike,2022-03-16 09:36:20,2022-03-16 10:01:58,E 84 St & 1 Ave,7180,W 36 St & 9 Ave,6569,40.77565541,-73.95068615,40.75462324029105,-73.99516761302948,member
1631370,AE17C4CA25C04D96,electric_bike,2022-03-08 19:50:47,2022-03-08 20:00:49,W 4 St & 7 Ave S,5880,W 36 St & 9 Ave,6569,40.73401143,-74.00293877,40.75462324029105,-73.99516761302948,member
1631371,108D3574A21F187B,classic_bike,2022-03-30 12:46:14,2022-03-30 12:50:59,W 45 St & 8 Ave,6676,W 36 St & 9 Ave,6569,40.75929124,-73.98859651,40.75462324029105,-73.99516761302948,member
1631372,57ED7CF22F99220F,classic_bike,2022-03-07 18:13:58,2022-03-07 18:18:37,W 45 St & 8 Ave,6676,W 36 St & 9 Ave,6569,40.75929124,-73.98859651,40.75462324029105,-73.99516761302948,member
1631374,E8ECE6F177E8493E,classic_bike,2022-03-14 14:40:02,2022-03-14 14:49:28,W 45 St & 8 Ave,6676,W 36 St & 9 Ave,6569,40.75929124,-73.98859651,40.75462324029105,-73.99516761302948,member
1631375,5E747361AFBA5763,classic_bike,2022-03-20 02:54:23,2022-03-20 03:01:25,W 45 St & 8 Ave,6676,W 36 St & 9 Ave,6569,40.75929124,-73.98859651,40.75462324029105,-73.99516761302948,member
1631384,77D74697C91C57F2,electric_bike,2022-03-29 19:12:35,2022-03-29 19:21:02,E 41 St & Madison Ave (SW corner),6474,W 36 St & 9 Ave,6569,40.752165280621966,-73.97992193698882,40.75462324029105,-73.99516761302948,member
1631397,9757772C48E873D7,classic_bike,2022-03-16 14:38:35,2022-03-16 14:43:07,W 34 St & 11 Ave,6578,W 36 St & 9 Ave,6569,40.75594159,-74.0021163,40.75462324029105,-73.99516761302948,member
1631398,840DFBA285CC6C92,classic_bike,2022-03-25 08:48:57,2022-03-25 08:51:27,W 37 St & 10 Ave,6611,W 36 St & 9 Ave,6569,40.75660359,-73.9979009,40.75462324029105,-73.99516761302948,member
1631403,563612330105ACC3,classic_bike,2022-03-10 06:44:40,2022-03-10 06:48:15,8 Ave & W 31 St,6450,W 36 St & 9 Ave,6569,40.7505853470215,-73.9946848154068,40.75462324029105,-73.99516761302948,member
1631414,583649D3B2F6A202,electric_bike,2022-03-12 02:10:55,2022-03-12 02:22:00,E 51 St & 2 Ave,6575,W 36 St & 9 Ave,6569,40.755293,-73.967641,40.75462324029105,-73.99516761302948,member
1631417,BAED2C7C0C77E789,electric_bike,2022-03-30 17:08:38,2022-03-30 17:22:33,W 17 St & 8 Ave,6148,W 36 St & 9 Ave,6569,40.74177603,-74.00149746,40.75462324029105,-73.99516761302948,member
1631418,13C817CD5146ABE4,classic_bike,2022-03-13 04:48:35,2022-03-13 04:52:33,8 Ave & W 31 St,6450,W 36 St & 9 Ave,6569,40.7505853470215,-73.9946848154068,40.75462324029105,-73.99516761302948,member
1631419,68B86A5992865325,electric_bike,2022-03-31 19:05:04,2022-03-31 19:12:39,E 41 St & Madison Ave (SW corner),6474,W 36 St & 9 Ave,6569,40.752165280621966,-73.97992193698882,40.75462324029105,-73.99516761302948,member
1631425,E715C5217A583D8C,electric_bike,2022-03-16 22:24:23,2022-03-16 22:34:07,Broadway & E 21 St,6098,W 36 St & 9 Ave,6569,40.73988840858996,-73.98958593606949,40.75462324029105,-73.99516761302948,member
1631430,D316C03C202AB565,classic_bike,2022-03-03 14:29:46,2022-03-03 14:36:31,W 54 St & 9 Ave,6920,W 36 St & 9 Ave,6569,40.76584941,-73.98690506,40.75462324029105,-73.99516761302948,member
1631434,F14585C7BD0E3DC3,classic_bike,2022-03-11 21:59:54,2022-03-11 22:10:48,W 54 St & 9 Ave,6920,W 36 St & 9 Ave,6569,40.76584941,-73.98690506,40.75462324029105,-73.99516761302948,casual
1631436,607BF435ED22AA58,classic_bike,2022-03-24 19:23:51,2022-03-24 19:38:26,E 30 St & Park Ave S,6206,W 36 St & 9 Ave,6569,40.74444921,-73.98303529,40.75462324029105,-73.99516761302948,member
1631443,88661F80549B791F,electric_bike,2022-03-14 20:51:03,2022-03-14 21:03:38,Broadway & E 21 St,6098,W 36 St & 9 Ave,6569,40.73988840858996,-73.98958593606949,40.75462324029105,-73.99516761302948,casual
1631454,ACC4D57195CF2DA1,electric_bike,2022-03-17 21:33:33,2022-03-17 21:38:13,10 Ave & W 28 St,6459,W 36 St & 9 Ave,6569,40.75066386,-74.00176802,40.75462324029105,-73.99516761302948,member
1631456,156C1240661B576B,classic_bike,2022-03-25 06:52:34,2022-03-25 06:58:17,W 47 St & 10 Ave,6824,W 36 St & 9 Ave,6569,40.76269882,-73.99301222,40.75462324029105,-73.99516761302948,member
1631464,6AA70D851A33BFCE,classic_bike,2022-03-21 22:14:50,2022-03-21 22:26:07,Broadway & E 21 St,6098,W 36 St & 9 Ave,6569,40.73988840858996,-73.98958593606949,40.75462324029105,-73.99516761302948,casual
1631467,A49E3C498604D880,classic_bike,2022-03-30 21:30:08,2022-03-30 21:40:11,Broadway & E 21 St,6098,W 36 St & 9 Ave,6569,40.73988840858996,-73.98958593606949,40.75462324029105,-73.99516761302948,member
1631469,19CA97EA0725768F,electric_bike,2022-03-14 15:25:39,2022-03-14 15:36:09,Broadway & E 21 St,6098,W 36 St & 9 Ave,6569,40.73988840858996,-73.98958593606949,40.75462324029105,-73.99516761302948,member
1631473,21BCF64101DAC6F7,classic_bike,2022-03-21 18:26:53,2022-03-21 18:39:04,Central Park S & 6 Ave,6876,W 36 St & 9 Ave,6569,40.76590936,-73.97634151,40.75462324029105,-73.99516761302948,casual
1631476,C610C869F82BE2A2,classic_bike,2022-03-11 19:50:24,2022-03-11 19:54:09,Broadway & W 37 St,6441,W 36 St & 9 Ave,6569,40.75172632,-73.98753523,40.75462324029105,-73.99516761302948,member
1631477,AD3E4CCC7488D000,electric_bike,2022-03-13 14:22:40,2022-03-13 14:27:24,12 Ave & W 40 St,6765,W 36 St & 9 Ave,6569,40.76087502,-74.00277668,40.75462324029105,-73.99516761302948,member
1631485,803825F60CF1759A,classic_bike,2022-03-24 13:26:45,2022-03-24 13:38:17,W 51 St & Rockefeller Plaza,6700,W 36 St & 9 Ave,6569,40.75973805251143,-73.97811613976955,40.75462324029105,-73.99516761302948,member
1631490,B99D90672F13AC70,classic_bike,2022-03-03 16:53:24,2022-03-03 17:04:43,W 54 St & 11 Ave,6955,W 36 St & 9 Ave,6569,40.768333,-73.992573,40.75462324029105,-73.99516761302948,member
1631495,68B227155FF839A0,classic_bike,2022-03-05 15:01:16,2022-03-05 15:10:33,W 15 St & 10 Ave,6115,W 36 St & 9 Ave,6569,40.74275382865903,-74.00747358798981,40.75462324029105,-73.99516761302948,member
1631496,7C32EFE18DF1570C,classic_bike,2022-03-03 09:29:58,2022-03-03 09:39:31,W 54 St & 11 Ave,6955,W 36 St & 9 Ave,6569,40.768333,-73.992573,40.75462324029105,-73.99516761302948,member
1631497,39054610ABCFD478,classic_bike,2022-03-29 17:06:24,2022-03-29 17:13:41,Broadway & W 41 St,6560,W 36 St & 9 Ave,6569,40.75513557,-73.98658032,40.75462324029105,-73.99516761302948,member
1631500,0422A7DBD301E178,classic_bike,2022-03-16 08:30:54,2022-03-16 08:42:46,Broadway & W 61 St,7014,W 36 St & 9 Ave,6569,40.77003010255044,-73.9819684624672,40.75462324029105,-73.99516761302948,member
1631501,03E95F7968EB9B9A,electric_bike,2022-03-01 17:38:21,2022-03-01 17:47:17,W 54 St & 11 Ave,6955,W 36 St & 9 Ave,6569,40.768333,-73.992573,40.75462324029105,-73.99516761302948,member
1631502,7B0E1980BC55ADA4,electric_bike,2022-03-22 09:33:17,2022-03-22 09:41:59,W 54 St & 11 Ave,6955,W 36 St & 9 Ave,6569,40.768333,-73.992573,40.75462324029105,-73.99516761302948,member
1631503,B40D79C57EFC07A8,electric_bike,2022-03-04 09:33:22,2022-03-04 09:40:30,W 54 St & 11 Ave,6955,W 36 St & 9 Ave,6569,40.768333,-73.992573,40.75462324029105,-73.99516761302948,member
1631504,B316E481FDBB715F,classic_bike,2022-03-11 11:41:01,2022-03-11 11:52:42,W 54 St & 11 Ave,6955,W 36 St & 9 Ave,6569,40.768333,-73.992573,40.75462324029105,-73.99516761302948,member
1631506,9A1E1504ECC82BA9,electric_bike,2022-03-03 18:02:49,2022-03-03 18:14:15,Broadway & W 61 St,7014,W 36 St & 9 Ave,6569,40.77003010255044,-73.9819684624672,40.75462324029105,-73.99516761302948,member
1631517,6BBD022802D33077,electric_bike,2022-03-08 18:32:21,2022-03-08 18:42:02,E 39 St & 2 Ave,6345,W 36 St & 9 Ave,6569,40.74803319428767,-73.973827958107,40.75462324029105,-73.99516761302948,member
1631519,60B513CD15F7E7AA,classic_bike,2022-03-16 11:40:18,2022-03-16 11:50:28,W 54 St & 11 Ave,6955,W 36 St & 9 Ave,6569,40.768333,-73.992573,40.75462324029105,-73.99516761302948,member
1631529,71A715415CC364FA,classic_bike,2022-03-27 16:10:43,2022-03-27 16:22:50,W 54 St & 11 Ave,6955,W 36 St & 9 Ave,6569,40.768333,-73.992573,40.75462324029105,-73.99516761302948,member
1631531,A03F1426E52ED00C,classic_bike,2022-03-23 13:25:27,2022-03-23 13:31:17,Broadway & W 41 St,6560,W 36 St & 9 Ave,6569,40.75513557,-73.98658032,40.75462324029105,-73.99516761302948,member
1631533,87A128A47DBA3F2D,electric_bike,2022-03-22 15:27:51,2022-03-22 15:31:43,Broadway & W 41 St,6560,W 36 St & 9 Ave,6569,40.75513557,-73.98658032,40.75462324029105,-73.99516761302948,member
1631534,9572FDDFB35D4409,classic_bike,2022-03-03 06:34:57,2022-03-03 06:37:39,8 Ave & W 38 St,6526,W 36 St & 9 Ave,6569,40.75461,-73.99177,40.75462324029105,-73.99516761302948,member
1631538,A2319581943C0602,classic_bike,2022-03-07 12:41:08,2022-03-07 12:52:18,W 54 St & 11 Ave,6955,W 36 St & 9 Ave,6569,40.768333,-73.992573,40.75462324029105,-73.99516761302948,member
1631542,A91A1EA089704635,electric_bike,2022-03-16 19:57:34,2022-03-16 20:00:24,W 43 St & 10 Ave,6756,W 36 St & 9 Ave,6569,40.76009437,-73.99461843,40.75462324029105,-73.99516761302948,member
1631543,00483CA95C9F9A5C,classic_bike,2022-03-18 17:08:40,2022-03-18 17:12:19,W 43 St & 10 Ave,6756,W 36 St & 9 Ave,6569,40.76009437,-73.99461843,40.75462324029105,-73.99516761302948,member
1631550,0AE6E527253577BD,classic_bike,2022-03-31 16:24:50,2022-03-31 16:33:02,W 43 St & 10 Ave,6756,W 36 St & 9 Ave,6569,40.76009437,-73.99461843,40.75462324029105,-73.99516761302948,member
1631553,45F1ABFAD662CA32,electric_bike,2022-03-23 19:57:03,2022-03-23 20:04:51,W 20 St & 10 Ave,6306,W 36 St & 9 Ave,6569,40.745686,-74.005141,40.75462324029105,-73.99516761302948,member
1631558,E3D4F5AAA8AC11E9,classic_bike,2022-03-16 15:06:15,2022-03-16 15:32:43,Suffolk St & Stanton St,5445,W 36 St & 9 Ave,6569,40.72066442,-73.98517977,40.75462324029105,-73.99516761302948,member
1631559,EECDDFE0EFFBDA79,classic_bike,2022-03-07 12:38:00,2022-03-07 12:45:38,W 26 St & 10 Ave,6382,W 36 St & 9 Ave,6569,40.749717753,-74.002950346,40.75462324029105,-73.99516761302948,member
1631560,2F82BBF7469FD6C7,classic_bike,2022-03-23 11:23:15,2022-03-23 11:27:38,W 43 St & 10 Ave,6756,W 36 St & 9 Ave,6569,40.76009437,-73.99461843,40.75462324029105,-73.99516761302948,member
1631561,7DE62A42263FDFF1,classic_bike,2022-03-02 21:19:40,2022-03-02 21:25:46,W 43 St & 10 Ave,6756,W 36 St & 9 Ave,6569,40.76009437,-73.99461843,40.75462324029105,-73.99516761302948,member
1631564,B511202BC01A9917,classic_bike,2022-03-05 16:10:53,2022-03-05 16:17:28,W 43 St & 10 Ave,6756,W 36 St & 9 Ave,6569,40.76009437,-73.99461843,40.75462324029105,-73.99516761302948,member
1631565,FAA167782260EEB6,classic_bike,2022-03-08 13:49:30,2022-03-08 14:23:42,Suffolk St & Stanton St,5445,W 36 St & 9 Ave,6569,40.72066442,-73.98517977,40.75462324029105,-73.99516761302948,member
1631569,703F14176029D842,electric_bike,2022-03-05 11:47:26,2022-03-05 11:55:51,W 70 St & Amsterdam Ave,7207,W 36 St & 9 Ave,6569,40.77748046,-73.98288594,40.75462324029105,-73.99516761302948,member
1631585,26F172C0194E72A3,classic_bike,2022-03-10 08:23:36,2022-03-10 08:27:40,W 43 St & 10 Ave,6756,W 36 St & 9 Ave,6569,40.76009437,-73.99461843,40.75462324029105,-73.99516761302948,member
1631592,7685FEDD40E9221E,classic_bike,2022-03-19 18:06:46,2022-03-19 18:09:28,W 39 St & 9 Ave,6644,W 36 St & 9 Ave,6569,40.75645824,-73.99372222,40.75462324029105,-73.99516761302948,casual
1631600,B7A461685149D5AF,electric_bike,2022-03-25 13:09:39,2022-03-25 13:17:20,Broadway & W 51 St,6779,W 36 St & 9 Ave,6569,40.76228826,-73.98336183,40.75462324029105,-73.99516761302948,member
1631602,EB7B4C15DC58D009,electric_bike,2022-03-03 17:16:42,2022-03-03 17:24:10,Broadway & W 51 St,6779,W 36 St & 9 Ave,6569,40.76228826,-73.98336183,40.75462324029105,-73.99516761302948,casual
1631605,B22B1DFC1F934321,classic_bike,2022-03-16 08:38:28,2022-03-16 08:59:27,Laight St & Hudson St,5539,W 36 St & 9 Ave,6569,40.72185379,-74.00771779,40.75462324029105,-73.99516761302948,member
1631607,23235655D187BC7E,classic_bike,2022-03-11 15:07:40,2022-03-11 15:09:07,W 39 St & 9 Ave,6644,W 36 St & 9 Ave,6569,40.75645824,-73.99372222,40.75462324029105,-73.99516761302948,member
1631618,0A10BCC3EA8ACFE7,classic_bike,2022-03-20 16:38:53,2022-03-20 16:55:13,Christopher St & Greenwich St,5847,W 36 St & 9 Ave,6569,40.73291553,-74.00711384,40.75462324029105,-73.99516761302948,member
1631621,80CDB3E6EBDC3A3C,classic_bike,2022-03-04 08:23:31,2022-03-04 08:58:18,Central Park North & Adam Clayton Powell Blvd,7617,W 36 St & 9 Ave,6569,40.799484,-73.955613,40.75462324029105,-73.99516761302948,member
1631640,1100BDDB431ECD19,electric_bike,2022-03-24 10:27:36,2022-03-24 10:42:47,W 89 St & Columbus Ave,7432,W 36 St & 9 Ave,6569,40.7882213,-73.97041561,40.75462324029105,-73.99516761302948,member
1631642,D72AA5D9DA492F2E,classic_bike,2022-03-20 11:21:08,2022-03-20 11:57:57,Central Park North & Adam Clayton Powell Blvd,7617,W 36 St & 9 Ave,6569,40.799484,-73.955613,40.75462324029105,-73.99516761302948,member
1631651,C9B8C03B5904A385,classic_bike,2022-03-27 10:14:44,2022-03-27 10:47:22,Central Park North & Adam Clayton Powell Blvd,7617,W 36 St & 9 Ave,6569,40.799484,-73.955613,40.75462324029105,-73.99516761302948,member
1631660,AF858664261EDA0A,electric_bike,2022-03-24 18:48:35,2022-03-24 19:03:07,E 23 St & 1 Ave,5929,W 36 St & 9 Ave,6569,40.736502,-73.97809472,40.75462324029105,-73.99516761302948,member
1631672,7B524EF7956C10D4,classic_bike,2022-03-25 16:21:21,2022-03-25 16:28:40,6 Ave & W 33 St,6364,W 36 St & 9 Ave,6569,40.74901271,-73.98848395,40.75462324029105,-73.99516761302948,member
1631675,DEF120C8B71EFA25,electric_bike,2022-03-26 20:07:04,2022-03-26 20:19:28,E 9 St & 5 Ave,5872,W 36 St & 9 Ave,6569,40.73275887045087,-73.99581670761108,40.75462324029105,-73.99516761302948,member
1631690,CAADECFD89268281,electric_bike,2022-03-03 14:41:32,2022-03-03 14:48:05,W 54 St & 11 Ave,6955,W 36 St & 9 Ave,6569,40.768333,-73.992573,40.75462324029105,-73.99516761302948,member
1631694,9E846F80623D9713,classic_bike,2022-03-21 09:23:40,2022-03-21 09:32:25,E 40 St & Park Ave,6432,W 36 St & 9 Ave,6569,40.750756,-73.978326,40.75462324029105,-73.99516761302948,member
1631695,DA1BC09BB8648C78,classic_bike,2022-03-29 11:26:16,2022-03-29 11:34:40,E 40 St & Park Ave,6432,W 36 St & 9 Ave,6569,40.750756,-73.978326,40.75462324029105,-73.99516761302948,casual
1631700,0740C45865FDC876,classic_bike,2022-03-07 16:53:50,2022-03-07 17:03:10,W 54 St & 11 Ave,6955,W 36 St & 9 Ave,6569,40.768333,-73.992573,40.75462324029105,-73.99516761302948,member
1631705,66A61D80FF0A6CFF,classic_bike,2022-03-18 21:02:22,2022-03-18 21:10:31,W 46 St & 11 Ave,6795,W 36 St & 9 Ave,6569,40.76341379,-73.99667444,40.75462324029105,-73.99516761302948,member
1631725,30B5DFAC4935F40A,classic_bike,2022-03-06 13:59:18,2022-03-06 14:10:59,W 10 St & Washington St,5847,W 36 St & 9 Ave,6569,40.73342399437081,-74.00851495563984,40.75462324029105,-73.99516761302948,member
1631748,2FA485375E0836D7,classic_bike,2022-03-14 16:40:19,2022-03-14 17:08:14,Columbus Ave & W 95 St,7520,W 36 St & 9 Ave,6569,40.7919557,-73.968087,40.75462324029105,-73.99516761302948,casual
1631764,B7A9EDE7578704C6,electric_bike,2022-03-16 12:26:34,2022-03-16 12:35:18,Broadway & E 21 St,6098,W 36 St & 9 Ave,6569,40.73988840858996,-73.98958593606949,40.75462324029105,-73.99516761302948,member
1631771,1B92F79299788A88,electric_bike,2022-03-18 16:52:21,2022-03-18 17:07:28,Madison Ave & E 26 St,6131,W 36 St & 9 Ave,6569,40.742684734875695,-73.98671329021454,40.75462324029105,-73.99516761302948,casual
1631772,48D43A5C9725E147,classic_bike,2022-03-25 17:33:45,2022-03-25 17:59:59,E 81 St & Park Ave,7188,W 36 St & 9 Ave,6569,40.77677702,-73.9590097,40.75462324029105,-73.99516761302948,member
1631773,7F205826A8BBC736,electric_bike,2022-03-29 09:48:09,2022-03-29 10:06:36,Columbus Ave & W 95 St,7520,W 36 St & 9 Ave,6569,40.7919557,-73.968087,40.75462324029105,-73.99516761302948,member
1631780,AE45E054863D4ADA,electric_bike,2022-03-01 18:58:58,2022-03-01 19:00:58,W 35 St & 9 Ave,6569,W 36 St & 9 Ave,6569,40.75414519263519,-73.9960889518261,40.75462324029105,-73.99516761302948,member
1631789,56A4369E86533BFA,electric_bike,2022-03-19 15:47:26,2022-03-19 15:54:04,W 35 St & 9 Ave,6569,Broadway & W 29 St,6289,40.75414519263519,-73.9960889518261,40.7462009,-73.98855723,member
1631795,20D88AD9CF128F15,electric_bike,2022-03-27 09:56:48,2022-03-27 10:02:07,W 35 St & 9 Ave,6569,Broadway & W 29 St,6289,40.75414519263519,-73.9960889518261,40.7462009,-73.98855723,member
1631796,BC30180A326BA35E,electric_bike,2022-03-29 12:21:06,2022-03-29 12:27:33,W 35 St & 9 Ave,6569,Broadway & W 29 St,6289,40.75414519263519,-73.9960889518261,40.7462009,-73.98855723,member
1631797,3E283823885EAF57,classic_bike,2022-03-18 19:42:24,2022-03-18 19:49:00,W 35 St & 9 Ave,6569,Broadway & W 29 St,6289,40.75414519263519,-73.9960889518261,40.7462009,-73.98855723,member
1631801,45FFD015E6C60E99,electric_bike,2022-03-26 02:32:56,2022-03-26 02:37:27,9 Ave & W 22 St,6266,W 36 St & 9 Ave,6569,40.7454973,-74.00197139,40.75462324029105,-73.99516761302948,casual
1631805,B3CCF97B3E41840E,electric_bike,2022-03-02 19:12:19,2022-03-02 19:25:41,2 Ave & E 29 St,6122,W 36 St & 9 Ave,6569,40.74172351097472,-73.97809267044067,40.75462324029105,-73.99516761302948,member
1631825,8FB8811B6C1F4563,electric_bike,2022-03-02 19:04:12,2022-03-02 19:08:51,8 Ave & W 31 St,6450,W 36 St & 9 Ave,6569,40.7505853470215,-73.9946848154068,40.75462324029105,-73.99516761302948,member
1631827,2DCA1B837024CFD7,classic_bike,2022-03-17 18:58:53,2022-03-17 19:00:29,W 35 St & 9 Ave,6569,W 36 St & 9 Ave,6569,40.75414519263519,-73.9960889518261,40.75462324029105,-73.99516761302948,member
1631840,00DAC5E84B9BAFD9,classic_bike,2022-03-31 15:04:58,2022-03-31 15:17:49,Broadway & W 56 St,6847,W 36 St & 9 Ave,6569,40.7652654,-73.98192338,40.75462324029105,-73.99516761302948,member
1631841,88127D296E95E30F,electric_bike,2022-03-08 18:29:11,2022-03-08 18:35:48,9 Ave & W 22 St,6266,W 36 St & 9 Ave,6569,40.7454973,-74.00197139,40.75462324029105,-73.99516761302948,member
1631843,AF0FD5DDCEC01F9B,electric_bike,2022-03-25 10:31:38,2022-03-25 10:37:46,W 35 St & 9 Ave,6569,Broadway & W 29 St,6289,40.75414519263519,-73.9960889518261,40.7462009,-73.98855723,member
1631845,B59943B764D89022,classic_bike,2022-03-22 14:47:20,2022-03-22 14:58:40,W 35 St & 9 Ave,6569,Broadway & W 29 St,6289,40.75414519263519,-73.9960889518261,40.7462009,-73.98855723,member
1631856,3273BF44EE96F5DD,classic_bike,2022-03-30 05:44:08,2022-03-30 05:50:54,8 Ave & W 52 St,6816,W 36 St & 9 Ave,6569,40.76370739,-73.9851615,40.75462324029105,-73.99516761302948,casual
1631858,4718B0408E4E86D9,electric_bike,2022-03-10 14:11:03,2022-03-10 14:29:25,Broadway & W 56 St,6847,W 36 St & 9 Ave,6569,40.7652654,-73.98192338,40.75462324029105,-73.99516761302948,casual
1631859,79CDC738C9826388,electric_bike,2022-03-11 11:33:24,2022-03-11 11:41:06,8 Ave & W 52 St,6816,W 36 St & 9 Ave,6569,40.76370739,-73.9851615,40.75462324029105,-73.99516761302948,member
1631864,96F76CD129087EDB,electric_bike,2022-03-19 19:54:33,2022-03-19 20:00:31,W 35 St & 9 Ave,6569,Broadway & W 29 St,6289,40.75414519263519,-73.9960889518261,40.7462009,-73.98855723,member
1631873,AC31B9520996ECAB,electric_bike,2022-03-13 15:32:17,2022-03-13 15:38:15,W 35 St & 9 Ave,6569,Broadway & W 29 St,6289,40.75414519263519,-73.9960889518261,40.7462009,-73.98855723,casual
1631879,02F281943F69F539,electric_bike,2022-03-14 13:05:33,2022-03-14 13:20:00,W 20 St & 8 Ave,6224,W 36 St & 9 Ave,6569,40.74345335,-74.00004031,40.75462324029105,-73.99516761302948,casual
1631881,8E057DFA20741E26,electric_bike,2022-03-22 18:25:38,2022-03-22 18:33:04,9 Ave & W 22 St,6266,W 36 St & 9 Ave,6569,40.7454973,-74.00197139,40.75462324029105,-73.99516761302948,member
1631882,01800179385DABD7,electric_bike,2022-03-22 11:27:08,2022-03-22 11:36:21,9 Ave & W 22 St,6266,W 36 St & 9 Ave,6569,40.7454973,-74.00197139,40.75462324029105,-73.99516761302948,member
1631883,C251C1F12EB090AA,electric_bike,2022-03-01 21:01:20,2022-03-01 21:08:56,9 Ave & W 22 St,6266,W 36 St & 9 Ave,6569,40.7454973,-74.00197139,40.75462324029105,-73.99516761302948,member
1631888,8BD7EECD1AF63295,electric_bike,2022-03-26 17:03:09,2022-03-26 17:15:47,E 67 St & Park Ave,6932,W 36 St & 9 Ave,6569,40.76780080148132,-73.96592080593109,40.75462324029105,-73.99516761302948,member
1631890,F5D49C76620BF012,electric_bike,2022-03-26 17:41:33,2022-03-26 18:02:53,W 35 St & 9 Ave,6569,W 36 St & 9 Ave,6569,40.75414519263519,-73.9960889518261,40.75462324029105,-73.99516761302948,member
1631892,661F8C3280EC446F,classic_bike,2022-03-08 19:40:29,2022-03-08 19:45:59,9 Ave & W 22 St,6266,W 36 St & 9 Ave,6569,40.7454973,-74.00197139,40.75462324029105,-73.99516761302948,casual
1631893,EF72F58C118589D3,classic_bike,2022-03-25 12:34:50,2022-03-25 12:43:26,W 35 St & 9 Ave,6569,Broadway & W 29 St,6289,40.75414519263519,-73.9960889518261,40.7462009,-73.98855723,member
1631894,14FD6AD7C5D30401,classic_bike,2022-03-18 15:57:48,2022-03-18 16:23:31,W 15 St & 7 Ave,6030,W 36 St & 9 Ave,6569,40.73935542,-73.99931783,40.75462324029105,-73.99516761302948,member
1631898,24DEBA824F8FBEFB,electric_bike,2022-03-25 16:39:26,2022-03-25 17:15:52,W 35 St & 9 Ave,6569,W 36 St & 9 Ave,6569,40.75414519263519,-73.9960889518261,40.75462324029105,-73.99516761302948,member
1631901,D7757744123E1A40,classic_bike,2022-03-21 13:11:14,2022-03-21 14:47:11,9 Ave & W 22 St,6266,W 36 St & 9 Ave,6569,40.7454973,-74.00197139,40.75462324029105,-73.99516761302948,member
1631904,34DC170A25DCC5AC,classic_bike,2022-03-19 12:13:37,2022-03-19 12:19:53,9 Ave & W 22 St,6266,W 36 St & 9 Ave,6569,40.7454973,-74.00197139,40.75462324029105,-73.99516761302948,member
1631915,E72AC186573F4F26,classic_bike,2022-03-19 20:28:35,2022-03-19 20:32:42,W 35 St & 9 Ave,6569,Broadway & W 29 St,6289,40.75414519263519,-73.9960889518261,40.7462009,-73.98855723,member
1631928,4B9AD4183AA7B58E,electric_bike,2022-03-06 14:40:58,2022-03-06 14:52:33,W 15 St & 7 Ave,6030,W 36 St & 9 Ave,6569,40.73935542,-73.99931783,40.75462324029105,-73.99516761302948,casual
1631930,FDCA93900D300429,classic_bike,2022-03-02 08:19:16,2022-03-02 08:30:35,W 35 St & 9 Ave,6569,Broadway & W 29 St,6289,40.75414519263519,-73.9960889518261,40.7462009,-73.98855723,casual
1631931,B4B6BEDADE6717CE,classic_bike,2022-03-02 17:04:37,2022-03-02 17:12:27,W 35 St & 9 Ave,6569,Broadway & W 29 St,6289,40.75414519263519,-73.9960889518261,40.7462009,-73.98855723,casual
1631935,4D4F4634930F2971,classic_bike,2022-03-24 18:18:26,2022-03-24 18:27:12,W 35 St & 9 Ave,6569,Broadway & W 29 St,6289,40.75414519263519,-73.9960889518261,40.7462009,-73.98855723,member
1631939,87FB76D0BBB661F6,electric_bike,2022-03-31 17:30:07,2022-03-31 17:35:38,W 35 St & 9 Ave,6569,Broadway & W 29 St,6289,40.75414519263519,-73.9960889518261,40.7462009,-73.98855723,member
1631946,5D8F8F1DFDE04029,docked_bike,2022-03-20 09:55:27,2022-03-20 10:17:09,8 Ave & W 27 St,6297,W 36 St & 9 Ave,6569,40.747968,-73.996637,40.754623,-73.995168,casual
1631947,C8C415CA3BAE16BD,electric_bike,2022-03-15 18:18:04,2022-03-15 18:25:09,9 Ave & W 22 St,6266,W 36 St & 9 Ave,6569,40.7454973,-74.00197139,40.75462324029105,-73.99516761302948,member
1631948,0C598C82CA175D01,electric_bike,2022-03-25 06:56:19,2022-03-25 06:59:37,W 42 St & 8 Ave,6602,W 36 St & 9 Ave,6569,40.7575699,-73.99098507,40.75462324029105,-73.99516761302948,member
1631950,9438668A4EDB4B1E,electric_bike,2022-03-01 06:54:52,2022-03-01 06:57:49,W 42 St & 8 Ave,6602,W 36 St & 9 Ave,6569,40.7575699,-73.99098507,40.75462324029105,-73.99516761302948,member
1631953,BBC6B5C04C58EC60,classic_bike,2022-03-13 00:49:28,2022-03-13 01:01:20,Lexington Ave & E 26 St,6089,W 36 St & 9 Ave,6569,40.741459,-73.983293,40.75462324029105,-73.99516761302948,member
1631957,7E3187283360F39A,classic_bike,2022-03-14 16:19:25,2022-03-14 16:21:12,8 Ave & W 33 St,6450,W 36 St & 9 Ave,6569,40.751551,-73.993934,40.75462324029105,-73.99516761302948,member
1631958,ED90BD00376E2F17,classic_bike,2022-03-14 16:25:57,2022-03-14 16:27:44,8 Ave & W 33 St,6450,W 36 St & 9 Ave,6569,40.751551,-73.993934,40.75462324029105,-73.99516761302948,member
1631959,2F33C061341C53DC,classic_bike,2022-03-14 16:37:47,2022-03-14 16:39:28,8 Ave & W 33 St,6450,W 36 St & 9 Ave,6569,40.751551,-73.993934,40.75462324029105,-73.99516761302948,member
1631963,0DA31D2FACB445E2,classic_bike,2022-03-29 22:29:19,2022-03-29 22:32:08,8 Ave & W 33 St,6450,W 36 St & 9 Ave,6569,40.751551,-73.993934,40.75462324029105,-73.99516761302948,member
1631964,338B51CF6DB49015,classic_bike,2022-03-25 03:06:32,2022-03-25 03:10:06,W 42 St & 8 Ave,6602,W 36 St & 9 Ave,6569,40.7575699,-73.99098507,40.75462324029105,-73.99516761302948,member
1631966,69A65E165E4689C5,electric_bike,2022-03-02 12:35:29,2022-03-02 13:37:12,E 10 St & Avenue A,5659,W 36 St & 9 Ave,6569,40.72740794,-73.98142006,40.75462324029105,-73.99516761302948,member
1631968,B44B7BA061B501AE,classic_bike,2022-03-05 21:27:27,2022-03-05 21:31:22,W 42 St & 8 Ave,6602,W 36 St & 9 Ave,6569,40.7575699,-73.99098507,40.75462324029105,-73.99516761302948,member
1631980,E7AE0EADC1D5ADAB,classic_bike,2022-03-21 00:26:15,2022-03-21 00:26:57,W 35 St & 9 Ave,6569,W 36 St & 9 Ave,6569,40.75414519263519,-73.9960889518261,40.75462324029105,-73.99516761302948,member
1632000,54A9234B4CBBA6BB,classic_bike,2022-03-20 10:56:47,2022-03-20 10:57:41,W 35 St & 9 Ave,6569,W 36 St & 9 Ave,6569,40.75414519263519,-73.9960889518261,40.75462324029105,-73.99516761302948,member
1632015,939BB7E97DCFFDAD,classic_bike,2022-03-09 19:14:24,2022-03-09 19:21:30,W 42 St & 6 Ave,6517,W 36 St & 9 Ave,6569,40.75492,-73.98455,40.75462324029105,-73.99516761302948,member
1632018,BEA6CFC3D3794819,classic_bike,2022-03-03 18:18:40,2022-03-03 18:28:43,Broadway & W 56 St,6847,W 36 St & 9 Ave,6569,40.7652654,-73.98192338,40.75462324029105,-73.99516761302948,member
1632020,67BFAAFA19B5BF16,electric_bike,2022-03-19 12:51:30,2022-03-19 13:02:20,Broadway & W 56 St,6847,W 36 St & 9 Ave,6569,40.7652654,-73.98192338,40.75462324029105,-73.99516761302948,member
1632028,A18DAA1E552097CC,classic_bike,2022-03-01 17:56:24,2022-03-01 18:12:14,9 Ave & W 18 St,6190,W 36 St & 9 Ave,6569,40.74317449,-74.00366443,40.75462324029105,-73.99516761302948,member
1632029,9A771DA31B75A97B,classic_bike,2022-03-02 18:45:32,2022-03-02 18:53:18,W 42 St & 6 Ave,6517,W 36 St & 9 Ave,6569,40.75492,-73.98455,40.75462324029105,-73.99516761302948,member
1632031,29520E837D1B5198,electric_bike,2022-03-11 22:46:30,2022-03-11 22:58:40,Broadway & W 56 St,6847,W 36 St & 9 Ave,6569,40.7652654,-73.98192338,40.75462324029105,-73.99516761302948,member
1632033,46CBC6FE8FF1B3CB,classic_bike,2022-03-20 17:29:17,2022-03-20 18:16:20,8 Ave & W 52 St,6816,W 36 St & 9 Ave,6569,40.76370739,-73.9851615,40.75462324029105,-73.99516761302948,member
1632040,A3AB19DB73D31BCF,electric_bike,2022-03-25 11:51:11,2022-03-25 11:58:24,Broadway & W 56 St,6847,W 36 St & 9 Ave,6569,40.7652654,-73.98192338,40.75462324029105,-73.99516761302948,member
1632046,9B96ADF8CF08740E,classic_bike,2022-03-27 09:42:05,2022-03-27 09:48:29,8 Ave & W 52 St,6816,W 36 St & 9 Ave,6569,40.76370739,-73.9851615,40.75462324029105,-73.99516761302948,member
1632047,92CD0EE859BA09F2,electric_bike,2022-03-28 11:50:59,2022-03-28 11:59:06,Broadway & W 56 St,6847,W 36 St & 9 Ave,6569,40.7652654,-73.98192338,40.75462324029105,-73.99516761302948,member
1632048,1BBA08DB486E5DC3,classic_bike,2022-03-21 11:40:02,2022-03-21 11:51:35,Broadway & W 56 St,6847,W 36 St & 9 Ave,6569,40.7652654,-73.98192338,40.75462324029105,-73.99516761302948,member
1632049,9A1C08B5D43D365A,classic_bike,2022-03-30 07:06:20,2022-03-30 07:14:32,Broadway & W 56 St,6847,W 36 St & 9 Ave,6569,40.7652654,-73.98192338,40.75462324029105,-73.99516761302948,member
1632050,5A53372C95B76AFF,classic_bike,2022-03-10 07:49:21,2022-03-10 07:57:42,Broadway & W 56 St,6847,W 36 St & 9 Ave,6569,40.7652654,-73.98192338,40.75462324029105,-73.99516761302948,member
1632052,BBB863A3317548C6,classic_bike,2022-03-02 07:01:03,2022-03-02 07:09:04,Broadway & W 56 St,6847,W 36 St & 9 Ave,6569,40.7652654,-73.98192338,40.75462324029105,-73.99516761302948,member
1632053,30B10FDE8B220383,classic_bike,2022-03-14 08:03:53,2022-03-14 08:14:07,Broadway & W 56 St,6847,W 36 St & 9 Ave,6569,40.7652654,-73.98192338,40.75462324029105,-73.99516761302948,member
1632055,30651FAE0D58508C,classic_bike,2022-03-16 19:13:49,2022-03-16 19:17:52,W 42 St & 6 Ave,6517,W 36 St & 9 Ave,6569,40.75492,-73.98455,40.75462324029105,-73.99516761302948,member
1632062,6FD1450364104DFA,electric_bike,2022-03-31 22:07:46,2022-03-31 22:36:52,9 Ave & W 18 St,6190,W 36 St & 9 Ave,6569,40.74317449,-74.00366443,40.75462324029105,-73.99516761302948,member
1632071,BA993C18782C49EF,classic_bike,2022-03-02 22:56:49,2022-03-02 23:09:46,Perry St & Bleecker St,5922,W 36 St & 9 Ave,6569,40.73535398,-74.00483091,40.75462324029105,-73.99516761302948,member
1632078,F24F4F1DEBD5257F,classic_bike,2022-03-29 15:53:19,2022-03-29 15:58:27,W 49 St & 8 Ave,6747,W 36 St & 9 Ave,6569,40.76227205,-73.98788205,40.75462324029105,-73.99516761302948,member
1632079,8AB6BF5B362502A7,classic_bike,2022-03-24 06:58:34,2022-03-24 07:03:43,W 49 St & 8 Ave,6747,W 36 St & 9 Ave,6569,40.76227205,-73.98788205,40.75462324029105,-73.99516761302948,member
1632080,4971522D876E0A3B,classic_bike,2022-03-04 06:59:07,2022-03-04 07:03:49,W 49 St & 8 Ave,6747,W 36 St & 9 Ave,6569,40.76227205,-73.98788205,40.75462324029105,-73.99516761302948,member
1632087,E853A63B9B86A849,electric_bike,2022-03-07 03:24:00,2022-03-07 03:31:18,W 46 St & 11 Ave,6795,W 36 St & 9 Ave,6569,40.76341379,-73.99667444,40.75462324029105,-73.99516761302948,casual
1632090,6AD43E8F129C00DA,classic_bike,2022-03-29 10:43:37,2022-03-29 10:54:11,W 46 St & 11 Ave,6795,W 36 St & 9 Ave,6569,40.76341379,-73.99667444,40.75462324029105,-73.99516761302948,member
1632093,9F45F1754FE2B14A,classic_bike,2022-03-15 09:09:21,2022-03-15 09:30:41,Bank St & Hudson St,5922,W 36 St & 9 Ave,6569,40.73652889,-74.00618026,40.75462324029105,-73.99516761302948,member
1632102,0582DB3A462A3754,classic_bike,2022-03-06 10:04:29,2022-03-06 10:38:42,Central Park North & Adam Clayton Powell Blvd,7617,W 36 St & 9 Ave,6569,40.799484,-73.955613,40.75462324029105,-73.99516761302948,member
1632107,7613137159E48907,classic_bike,2022-03-06 00:14:08,2022-03-06 00:19:34,6 Ave & W 34 St,6364,W 36 St & 9 Ave,6569,40.74964,-73.98805,40.75462324029105,-73.99516761302948,member
1632112,AAAE7AE15EA2B411,classic_bike,2022-03-10 18:05:38,2022-03-10 18:29:12,Forsyth St\t& Grand St,5382,W 36 St & 9 Ave,6569,40.71779817737835,-73.99316132068634,40.75462324029105,-73.99516761302948,member
1632113,7D76DF327538BDDA,classic_bike,2022-03-22 12:53:48,2022-03-22 13:00:31,6 Ave & W 34 St,6364,W 36 St & 9 Ave,6569,40.74964,-73.98805,40.75462324029105,-73.99516761302948,member
1632126,3EABE6CEBCBC40A3,classic_bike,2022-03-22 08:29:30,2022-03-22 09:36:48,Park Cir & East Dr,3344,W 36 St & 9 Ave,6569,40.651566,-73.972212,40.75462324029105,-73.99516761302948,member
1632130,DB3EDDEFD9E5CFB5,classic_bike,2022-03-25 16:13:04,2022-03-25 16:35:56,Cleveland Pl & Spring St,5492,W 36 St & 9 Ave,6569,40.722103786686034,-73.99724900722504,40.75462324029105,-73.99516761302948,member
1632138,508F1B6FE143B0F0,classic_bike,2022-03-26 00:30:58,2022-03-26 00:38:23,6 Ave & W 34 St,6364,W 36 St & 9 Ave,6569,40.74964,-73.98805,40.75462324029105,-73.99516761302948,member
1632147,178B2BDF3EB613E7,classic_bike,2022-03-17 18:27:20,2022-03-17 18:45:17,E 45 St & 3 Ave,6464,W 36 St & 9 Ave,6569,40.75255434,-73.97282625,40.75462324029105,-73.99516761302948,member
1632152,447EA04C5022F380,electric_bike,2022-03-22 15:21:37,2022-03-22 15:37:37,E 26 St & 3 Ave,6089,W 36 St & 9 Ave,6569,40.74069317733043,-73.98160636425018,40.75462324029105,-73.99516761302948,member
1632157,40173E38A1C5CD69,electric_bike,2022-03-29 07:35:38,2022-03-29 07:46:21,Columbus Ave & W 72 St,7175,W 36 St & 9 Ave,6569,40.7770575,-73.97898475,40.75462324029105,-73.99516761302948,member
1632166,3AD447B8874BF9CD,electric_bike,2022-03-14 19:39:37,2022-03-14 19:58:46,E 78 St & 2 Ave,7057,W 36 St & 9 Ave,6569,40.7727966,-73.95577801,40.75462324029105,-73.99516761302948,member
1632169,C086930D5531425A,electric_bike,2022-03-26 15:18:39,2022-03-26 15:32:58,Christopher St & Greenwich St,5847,W 36 St & 9 Ave,6569,40.73291553,-74.00711384,40.75462324029105,-73.99516761302948,member
1632179,4F19DFC8932E6E17,electric_bike,2022-03-27 12:54:31,2022-03-27 13:10:41,Columbus Ave & W 72 St,7175,W 36 St & 9 Ave,6569,40.7770575,-73.97898475,40.75462324029105,-73.99516761302948,member
1632182,F552DF6EC36B52FB,classic_bike,2022-03-11 12:56:33,2022-03-11 13:12:22,Columbus Ave & W 72 St,7175,W 36 St & 9 Ave,6569,40.7770575,-73.97898475,40.75462324029105,-73.99516761302948,casual
1632186,F9607D408A59F888,electric_bike,2022-03-01 14:38:37,2022-03-01 14:44:13,W 43 St & 10 Ave,6756,W 36 St & 9 Ave,6569,40.76009437,-73.99461843,40.75462324029105,-73.99516761302948,member
1632190,F03CACC749434834,electric_bike,2022-03-05 22:35:39,2022-03-05 22:41:16,W 27 St & 7 Ave,6247,W 36 St & 9 Ave,6569,40.746647,-73.993915,40.75462324029105,-73.99516761302948,member
1632196,61549CA03EC114B8,electric_bike,2022-03-08 09:14:21,2022-03-08 09:28:16,Riverside Dr & W 82 St,7388,W 36 St & 9 Ave,6569,40.78720869,-73.98128127,40.75462324029105,-73.99516761302948,member
1632202,639F6C3BFCE26C24,electric_bike,2022-03-19 23:54:28,2022-03-19 23:59:17,W 47 St & 10 Ave,6824,W 36 St & 9 Ave,6569,40.76269882,-73.99301222,40.75462324029105,-73.99516761302948,member
1632203,D1F11B8CDBA2039C,classic_bike,2022-03-31 22:50:01,2022-03-31 22:54:38,W 47 St & 10 Ave,6824,W 36 St & 9 Ave,6569,40.76269882,-73.99301222,40.75462324029105,-73.99516761302948,member
1632204,E29514B5539E8622,electric_bike,2022-03-11 18:22:01,2022-03-11 18:28:30,W 47 St & 10 Ave,6824,W 36 St & 9 Ave,6569,40.76269882,-73.99301222,40.75462324029105,-73.99516761302948,member
1632206,FCAEDBE0802A9353,classic_bike,2022-03-22 07:05:33,2022-03-22 07:11:19,W 47 St & 10 Ave,6824,W 36 St & 9 Ave,6569,40.76269882,-73.99301222,40.75462324029105,-73.99516761302948,member
1632209,158217A96E9CFAFB,classic_bike,2022-03-30 09:30:06,2022-03-30 09:40:08,W 54 St & 11 Ave,6955,W 36 St & 9 Ave,6569,40.768333,-73.992573,40.75462324029105,-73.99516761302948,member
1632210,CF45A205B3CAC04F,electric_bike,2022-03-22 11:22:57,2022-03-22 11:53:50,Cherry St,5181,W 36 St & 9 Ave,6569,40.71219906,-73.97948148,40.75462324029105,-73.99516761302948,member
1632211,A2312E1EEECCDA85,electric_bike,2022-03-01 18:00:56,2022-03-01 18:13:21,E 68 St & Madison Ave,6932,W 36 St & 9 Ave,6569,40.7691572,-73.96703464,40.75462324029105,-73.99516761302948,member
1632212,F713A255ED482CA1,electric_bike,2022-03-24 16:03:07,2022-03-24 16:09:07,W 54 St & 9 Ave,6920,W 36 St & 9 Ave,6569,40.76584941,-73.98690506,40.75462324029105,-73.99516761302948,member
1632216,D3551437858FA2AC,electric_bike,2022-03-18 19:21:27,2022-03-18 19:27:25,W 47 St & 10 Ave,6824,W 36 St & 9 Ave,6569,40.76269882,-73.99301222,40.75462324029105,-73.99516761302948,member
1632224,E3BB2648C67EF2DA,classic_bike,2022-03-18 11:21:51,2022-03-18 11:41:03,E 68 St & Madison Ave,6932,W 36 St & 9 Ave,6569,40.7691572,-73.96703464,40.75462324029105,-73.99516761302948,member
1632227,F273210C0A535881,electric_bike,2022-03-04 17:21:18,2022-03-04 17:25:56,W 47 St & 10 Ave,6824,W 36 St & 9 Ave,6569,40.76269882,-73.99301222,40.75462324029105,-73.99516761302948,member
1632231,373189C6AE4E8B64,electric_bike,2022-03-10 14:35:33,2022-03-10 14:43:40,W 54 St & 11 Ave,6955,W 36 St & 9 Ave,6569,40.768333,-73.992573,40.75462324029105,-73.99516761302948,member
1632232,A2F8C40EC3C847D1,electric_bike,2022-03-19 12:01:28,2022-03-19 12:11:37,W 54 St & 11 Ave,6955,W 36 St & 9 Ave,6569,40.768333,-73.992573,40.75462324029105,-73.99516761302948,member
1632237,FEFE9EE90D22F9C7,classic_bike,2022-03-10 14:18:41,2022-03-10 14:31:48,W 44 St & 5 Ave,6551,W 36 St & 9 Ave,6569,40.75500254,-73.98014437,40.75462324029105,-73.99516761302948,member
1632240,02A1F4586BD134A7,classic_bike,2022-03-18 15:03:43,2022-03-18 15:29:31,E 47 St & 1 Ave,6498,W 36 St & 9 Ave,6569,40.75206862,-73.96784384,40.75462324029105,-73.99516761302948,casual
1632255,6F81E298EA9DAE89,electric_bike,2022-03-31 10:25:50,2022-03-31 10:32:40,W 54 St & 11 Ave,6955,W 36 St & 9 Ave,6569,40.768333,-73.992573,40.75462324029105,-73.99516761302948,member
1632256,75CE81EFA30F14C8,classic_bike,2022-03-18 16:52:56,2022-03-18 16:59:09,Broadway & W 41 St,6560,W 36 St & 9 Ave,6569,40.75513557,-73.98658032,40.75462324029105,-73.99516761302948,member
1632257,1736ADC38B5321A9,classic_bike,2022-03-06 07:55:51,2022-03-06 08:04:47,W 22 St & 10 Ave,6306,W 36 St & 9 Ave,6569,40.74691959,-74.00451887,40.75462324029105,-73.99516761302948,casual
1632265,A3AEF60C6FFA8DA2,electric_bike,2022-03-11 13:54:30,2022-03-11 14:07:16,Greenwich St & W Houston St,5730,W 36 St & 9 Ave,6569,40.728846,-74.008591,40.75462324029105,-73.99516761302948,casual
1632266,7CBCE7F0247F72F1,electric_bike,2022-03-11 13:39:34,2022-03-11 13:46:08,W 47 St & 6 Ave,6667,W 36 St & 9 Ave,6569,40.758397,-73.98255,40.75462324029105,-73.99516761302948,member
1632267,29BC7954E5BC8129,classic_bike,2022-03-29 16:57:15,2022-03-29 17:07:41,W 26 St & 8 Ave,6297,W 36 St & 9 Ave,6569,40.74734825,-73.99723551,40.75462324029105,-73.99516761302948,casual
1632275,00F56DE756CA5B5E,electric_bike,2022-03-11 07:09:14,2022-03-11 07:14:18,W 47 St & 10 Ave,6824,W 36 St & 9 Ave,6569,40.76269882,-73.99301222,40.75462324029105,-73.99516761302948,member
1632280,DEF50C0C7B377A05,electric_bike,2022-03-13 19:06:32,2022-03-13 19:10:31,W 26 St & 8 Ave,6297,W 36 St & 9 Ave,6569,40.74734825,-73.99723551,40.75462324029105,-73.99516761302948,casual
1632289,619A92B6FBF2D4E3,classic_bike,2022-03-15 17:25:41,2022-03-15 17:51:48,E 58 St & Madison Ave,6839,W 36 St & 9 Ave,6569,40.76302594280519,-73.97209525108337,40.75462324029105,-73.99516761302948,casual
1632301,83819813FC105B0E,classic_bike,2022-03-08 14:28:01,2022-03-08 14:44:29,Broadway & E 21 St,6098,W 36 St & 9 Ave,6569,40.73988840858996,-73.98958593606949,40.75462324029105,-73.99516761302948,member
1632315,963E690235C73394,classic_bike,2022-03-18 08:27:25,2022-03-18 08:32:05,W 26 St & 8 Ave,6297,W 36 St & 9 Ave,6569,40.74734825,-73.99723551,40.75462324029105,-73.99516761302948,member
1632327,DBEADBD22058135F,electric_bike,2022-03-21 19:46:24,2022-03-21 19:53:50,W 34 St &\tHudson Blvd E,6535,W 36 St & 9 Ave,6569,40.75516719072139,-74.00059908628464,40.75462324029105,-73.99516761302948,member
1632342,D5C8C91C0BF8CC96,electric_bike,2022-03-05 21:23:13,2022-03-05 21:25:53,8 Ave & W 31 St,6450,W 36 St & 9 Ave,6569,40.7505853470215,-73.9946848154068,40.75462324029105,-73.99516761302948,member
1632343,4DCB7CAADA57A2C7,classic_bike,2022-03-08 06:53:20,2022-03-08 06:58:05,8 Ave & W 31 St,6450,W 36 St & 9 Ave,6569,40.7505853470215,-73.9946848154068,40.75462324029105,-73.99516761302948,member
1632344,079BD2AF6EAB0E47,classic_bike,2022-03-20 14:47:05,2022-03-20 14:49:49,W 34 St &\tHudson Blvd E,6535,W 36 St & 9 Ave,6569,40.75516719072139,-74.00059908628464,40.75462324029105,-73.99516761302948,member
1632351,D32B47F23DFA9DAC,classic_bike,2022-03-30 11:46:34,2022-03-30 11:57:18,W 54 St & 11 Ave,6955,W 36 St & 9 Ave,6569,40.768333,-73.992573,40.75462324029105,-73.99516761302948,member
1632352,10C23FCDB300F5AA,electric_bike,2022-03-25 09:14:04,2022-03-25 09:21:52,Broadway & W 61 St,7014,W 36 St & 9 Ave,6569,40.77003010255044,-73.9819684624672,40.75462324029105,-73.99516761302948,member
1632360,CCC0CB59FB364E27,classic_bike,2022-03-06 18:55:05,2022-03-06 19:07:07,W 63 St & Broadway,7052,W 36 St & 9 Ave,6569,40.77163851,-73.98261428,40.75462324029105,-73.99516761302948,member
1632366,0EE009A692888EA5,classic_bike,2022-03-04 19:56:58,2022-03-04 20:00:37,8 Ave & W 31 St,6450,W 36 St & 9 Ave,6569,40.7505853470215,-73.9946848154068,40.75462324029105,-73.99516761302948,member
1632374,68A1C0CD982199A0,electric_bike,2022-03-28 12:10:32,2022-03-28 12:22:14,W 35 St & Dyer Ave,6569,Broadway & W 29 St,6289,40.754691750226016,-73.99740189313889,40.7462009,-73.98855723,member
1632383,A0922AAA75A13808,electric_bike,2022-03-17 10:55:05,2022-03-17 11:12:33,Central Park W & W 91 St,7453,W 36 St & 9 Ave,6569,40.78866499127884,-73.96680057048798,40.75462324029105,-73.99516761302948,member
1632385,53FC684DAE029405,classic_bike,2022-03-19 19:48:37,2022-03-19 19:53:24,9 Ave & W 45 St,6717,W 36 St & 9 Ave,6569,40.76019252,-73.9912551,40.75462324029105,-73.99516761302948,member
1632387,29EA503964DBE259,classic_bike,2022-03-12 13:50:48,2022-03-12 13:54:53,9 Ave & W 45 St,6717,W 36 St & 9 Ave,6569,40.76019252,-73.9912551,40.75462324029105,-73.99516761302948,member
1632389,26EB86AF6096F513,classic_bike,2022-03-25 14:23:23,2022-03-25 14:27:27,9 Ave & W 45 St,6717,W 36 St & 9 Ave,6569,40.76019252,-73.9912551,40.75462324029105,-73.99516761302948,member
1632390,1E166D9034DF8CB3,classic_bike,2022-03-11 16:44:24,2022-03-11 16:54:00,Broadway & W 58 St,6948,W 36 St & 9 Ave,6569,40.76695317,-73.98169333,40.75462324029105,-73.99516761302948,member
1632391,71FF6EA0A385E210,electric_bike,2022-03-14 19:43:51,2022-03-14 20:15:17,Broadway & W 58 St,6948,W 36 St & 9 Ave,6569,40.76695317,-73.98169333,40.75462324029105,-73.99516761302948,member
1632393,8900BA04D50F3AB7,electric_bike,2022-03-03 06:50:56,2022-03-03 06:54:14,9 Ave & W 45 St,6717,W 36 St & 9 Ave,6569,40.76019252,-73.9912551,40.75462324029105,-73.99516761302948,member
1632399,4AD7873F13FDC353,classic_bike,2022-03-26 17:26:26,2022-03-26 17:39:44,E 56 St & Madison Ave,6732,W 36 St & 9 Ave,6569,40.761573,-73.972628,40.75462324029105,-73.99516761302948,member
1632402,41E6B8DAA05745A7,electric_bike,2022-03-21 18:24:45,2022-03-21 18:27:41,9 Ave & W 45 St,6717,W 36 St & 9 Ave,6569,40.76019252,-73.9912551,40.75462324029105,-73.99516761302948,member
1632403,443280DD3CD59BFA,classic_bike,2022-03-16 12:33:27,2022-03-16 12:37:54,9 Ave & W 45 St,6717,W 36 St & 9 Ave,6569,40.76019252,-73.9912551,40.75462324029105,-73.99516761302948,member
1632407,3345B34D45298142,classic_bike,2022-03-18 08:10:08,2022-03-18 08:14:13,9 Ave & W 45 St,6717,W 36 St & 9 Ave,6569,40.76019252,-73.9912551,40.75462324029105,-73.99516761302948,casual
1632408,415068063DC9B402,electric_bike,2022-03-18 17:33:48,2022-03-18 17:45:12,Broadway & W 58 St,6948,W 36 St & 9 Ave,6569,40.76695317,-73.98169333,40.75462324029105,-73.99516761302948,casual
1632409,446BA69F29194192,electric_bike,2022-03-03 23:22:34,2022-03-04 00:09:22,9 Ave & W 45 St,6717,W 36 St & 9 Ave,6569,40.76019252,-73.9912551,40.75462324029105,-73.99516761302948,member
1632420,C1E7FE3A3BC37C20,electric_bike,2022-03-13 00:24:44,2022-03-13 00:36:38,W 4 St & 7 Ave S,5880,W 36 St & 9 Ave,6569,40.73401143,-74.00293877,40.75462324029105,-73.99516761302948,member
1632421,5718D7A44BDB94E1,classic_bike,2022-03-04 16:57:29,2022-03-04 17:15:29,Lafayette St & Jersey St,5561,W 36 St & 9 Ave,6569,40.72456089,-73.99565293,40.75462324029105,-73.99516761302948,member
1632425,DBF9D2AF1646C6BE,electric_bike,2022-03-22 08:22:35,2022-03-22 08:53:00,Clinton Ave & Myrtle Ave,4651,W 36 St & 9 Ave,6569,40.693261,-73.968896,40.75462324029105,-73.99516761302948,member
1632431,EC9175236DBAA5F1,electric_bike,2022-03-04 14:58:45,2022-03-04 15:12:05,West End Ave & W 60 St,7059,W 36 St & 9 Ave,6569,40.77237,-73.99005,40.75462324029105,-73.99516761302948,casual
1632443,98E2B1F869D5FF8E,classic_bike,2022-03-27 15:52:33,2022-03-27 16:05:06,Greenwich Ave & 8 Ave,6072,W 36 St & 9 Ave,6569,40.7390169121,-74.0026376103,40.75462324029105,-73.99516761302948,casual
1632447,CBD232220E929A45,classic_bike,2022-03-26 14:23:11,2022-03-26 15:44:36,South St & Gouverneur Ln,4953,W 36 St & 9 Ave,6569,40.70355377,-74.00670227,40.75462324029105,-73.99516761302948,casual
1632450,D8D532916D1B1CCA,electric_bike,2022-03-15 17:56:32,2022-03-15 18:03:14,W 50 St & 10 Ave,6890,W 36 St & 9 Ave,6569,40.76473420006519,-73.99194359779358,40.75462324029105,-73.99516761302948,casual
1632451,FF6FFB1C6555F728,electric_bike,2022-03-02 09:27:03,2022-03-02 09:35:26,E 27 St & Park Ave S,6131,W 36 St & 9 Ave,6569,40.74275179648995,-73.9847157150507,40.75462324029105,-73.99516761302948,casual
1632455,CD0D86E3D699549B,electric_bike,2022-03-03 20:28:13,2022-03-03 20:30:46,W 34 St &\tHudson Blvd E,6535,W 36 St & 9 Ave,6569,40.75516719072139,-74.00059908628464,40.75462324029105,-73.99516761302948,member
1632465,9DB91E313BB3CC93,classic_bike,2022-03-01 08:40:50,2022-03-01 08:47:55,E 41 St & Madison Ave (SW corner),6474,W 36 St & 9 Ave,6569,40.752165280621966,-73.97992193698882,40.75462324029105,-73.99516761302948,member
1632472,FD25DF27A0A5CF24,electric_bike,2022-03-09 02:36:30,2022-03-09 02:40:46,W 50 St & 9 Ave,6854,W 36 St & 9 Ave,6569,40.76360467795863,-73.98917958140373,40.75462324029105,-73.99516761302948,member
1632474,566AB39F4AC0B4B1,classic_bike,2022-03-21 19:13:05,2022-03-21 20:13:44,Grand St & Greene St,5500,W 36 St & 9 Ave,6569,40.72170005235607,-74.00238141417502,40.75462324029105,-73.99516761302948,casual
1632497,12861D50B504A326,classic_bike,2022-03-25 12:37:42,2022-03-25 12:44:24,W 35 St & 9 Ave,6569,Broadway & W 29 St,6289,40.75414519263519,-73.9960889518261,40.7462009,-73.98855723,member
1632499,E8AF9EC238544501,electric_bike,2022-03-15 20:05:21,2022-03-15 20:17:11,W 15 St & 7 Ave,6030,W 36 St & 9 Ave,6569,40.73935542,-73.99931783,40.75462324029105,-73.99516761302948,casual
1632517,8337A31D6B4DA001,classic_bike,2022-03-24 22:57:03,2022-03-24 22:59:19,W 36 St & 9 Ave,6569,W 36 St & 9 Ave,6569,40.75462324029105,-73.99516761302948,40.75462324029105,-73.99516761302948,casual
1632521,E7917A52C12E6934,electric_bike,2022-03-28 04:50:06,2022-03-28 04:55:21,W 26 St & 10 Ave,6382,W 36 St & 9 Ave,6569,40.749717753,-74.002950346,40.75462324029105,-73.99516761302948,member
1632522,6B866FB59A167617,electric_bike,2022-03-21 05:00:20,2022-03-21 05:03:53,W 26 St & 10 Ave,6382,W 36 St & 9 Ave,6569,40.749717753,-74.002950346,40.75462324029105,-73.99516761302948,member
1632528,32D5DA4E12C6D901,classic_bike,2022-03-07 08:22:33,2022-03-07 08:28:46,W 43 St & 10 Ave,6756,W 36 St & 9 Ave,6569,40.76009437,-73.99461843,40.75462324029105,-73.99516761302948,casual
1632542,7D61505413F4832B,classic_bike,2022-03-26 13:49:39,2022-03-26 14:06:05,E 56 St & 3 Ave,6691,W 36 St & 9 Ave,6569,40.75934501,-73.96759673,40.75462324029105,-73.99516761302948,member
1632549,B6DBD444DD0012C9,classic_bike,2022-03-10 18:52:47,2022-03-10 18:57:43,W 42 St & Dyer Ave,6644,W 36 St & 9 Ave,6569,40.75898481399634,-73.99379968643188,40.75462324029105,-73.99516761302948,member
1632553,C3C9651E6410A14F,classic_bike,2022-03-14 17:17:06,2022-03-14 17:25:34,Broadway\t& W 48 St,6708,W 36 St & 9 Ave,6569,40.76017739537783,-73.98486793041229,40.75462324029105,-73.99516761302948,member
1632564,41A27FF7BE1CC0DB,electric_bike,2022-03-08 18:23:07,2022-03-08 18:40:56,Central Park W & W 91 St,7453,W 36 St & 9 Ave,6569,40.78866499127884,-73.96680057048798,40.75462324029105,-73.99516761302948,member
1632565,0A26DC7804674C79,electric_bike,2022-03-24 00:44:59,2022-03-24 01:25:53,Allen St & Stanton St,5484,W 36 St & 9 Ave,6569,40.722055,-73.989111,40.75462324029105,-73.99516761302948,member
1632587,B1595315702B800E,electric_bike,2022-03-08 10:02:58,2022-03-08 10:09:06,W 37 St & 5 Ave,6398,W 36 St & 9 Ave,6569,40.75038009,-73.98338988,40.75462324029105,-73.99516761302948,casual
1632595,416F4B3E55172468,electric_bike,2022-03-11 12:34:53,2022-03-11 12:38:08,W 34 St &\tHudson Blvd E,6535,W 36 St & 9 Ave,6569,40.75516719072139,-74.00059908628464,40.75462324029105,-73.99516761302948,member
1632596,E9C885E1F9711B8C,electric_bike,2022-03-03 14:02:50,2022-03-03 14:22:34,8 Ave & W 52 St,6816,W 36 St & 9 Ave,6569,40.76370739,-73.9851615,40.75462324029105,-73.99516761302948,member
1632597,2CE65B642DDB9B28,electric_bike,2022-03-03 21:45:41,2022-03-03 21:52:31,8 Ave & W 52 St,6816,W 36 St & 9 Ave,6569,40.76370739,-73.9851615,40.75462324029105,-73.99516761302948,casual
1632598,A6097E925D22D8C7,classic_bike,2022-03-03 21:28:29,2022-03-03 21:36:08,8 Ave & W 52 St,6816,W 36 St & 9 Ave,6569,40.76370739,-73.9851615,40.75462324029105,-73.99516761302948,member
1632603,01D5839A7001177A,electric_bike,2022-03-01 19:16:16,2022-03-01 19:24:00,Broadway & W 56 St,6847,W 36 St & 9 Ave,6569,40.7652654,-73.98192338,40.75462324029105,-73.99516761302948,casual
1632607,06456C06B99E19FA,classic_bike,2022-03-29 05:43:26,2022-03-29 05:50:01,8 Ave & W 52 St,6816,W 36 St & 9 Ave,6569,40.76370739,-73.9851615,40.75462324029105,-73.99516761302948,casual
1632608,47B645BB5BAECF7C,electric_bike,2022-03-26 18:50:28,2022-03-26 18:55:33,8 Ave & W 52 St,6816,W 36 St & 9 Ave,6569,40.76370739,-73.9851615,40.75462324029105,-73.99516761302948,casual
1632613,8C3A7AD30A2FD215,electric_bike,2022-03-30 12:26:01,2022-03-30 12:33:59,Broadway & W 56 St,6847,W 36 St & 9 Ave,6569,40.7652654,-73.98192338,40.75462324029105,-73.99516761302948,member
1632614,83A3375DB2F66DD7,classic_bike,2022-03-22 08:53:06,2022-03-22 09:03:14,Broadway & W 56 St,6847,W 36 St & 9 Ave,6569,40.7652654,-73.98192338,40.75462324029105,-73.99516761302948,member
1632618,5DC445E374A6D61B,classic_bike,2022-03-30 09:49:15,2022-03-30 09:55:56,8 Ave & W 52 St,6816,W 36 St & 9 Ave,6569,40.76370739,-73.9851615,40.75462324029105,-73.99516761302948,member
1632620,E7375B226420CFE9,classic_bike,2022-03-11 13:35:45,2022-03-11 13:40:11,W 42 St & 6 Ave,6517,W 36 St & 9 Ave,6569,40.75492,-73.98455,40.75462324029105,-73.99516761302948,member
1632624,5459455D1CB08760,classic_bike,2022-03-23 09:34:53,2022-03-23 09:41:30,W 42 St & 6 Ave,6517,W 36 St & 9 Ave,6569,40.75492,-73.98455,40.75462324029105,-73.99516761302948,member
1632625,1CE80DC11729351C,classic_bike,2022-03-01 09:26:26,2022-03-01 09:38:17,Broadway & W 56 St,6847,W 36 St & 9 Ave,6569,40.7652654,-73.98192338,40.75462324029105,-73.99516761302948,member
1632630,4213B7294406208D,electric_bike,2022-03-17 18:15:25,2022-03-17 18:22:08,9 Ave & W 22 St,6266,W 36 St & 9 Ave,6569,40.7454973,-74.00197139,40.75462324029105,-73.99516761302948,member
1632638,C1D2970440654F4F,classic_bike,2022-03-20 09:09:18,2022-03-20 09:15:28,8 Ave & W 52 St,6816,W 36 St & 9 Ave,6569,40.76370739,-73.9851615,40.75462324029105,-73.99516761302948,member
1632642,3040149DCAECC53E,electric_bike,2022-03-23 19:47:05,2022-03-23 19:57:43,E 39 St & 2 Ave,6345,W 36 St & 9 Ave,6569,40.74803319428767,-73.973827958107,40.75462324029105,-73.99516761302948,member
1632644,C2133970DF63C3EF,classic_bike,2022-03-09 07:02:27,2022-03-09 07:12:38,Broadway & W 56 St,6847,W 36 St & 9 Ave,6569,40.7652654,-73.98192338,40.75462324029105,-73.99516761302948,member
1632645,513435EA9AFA66E4,classic_bike,2022-03-22 08:14:38,2022-03-22 08:23:11,Broadway & W 56 St,6847,W 36 St & 9 Ave,6569,40.7652654,-73.98192338,40.75462324029105,-73.99516761302948,member
1632650,9FB70DA103D0C634,electric_bike,2022-03-11 10:11:04,2022-03-11 10:36:43,East End Ave & E 86 St,7113,W 36 St & 9 Ave,6569,40.77518615,-73.94446054,40.75462324029105,-73.99516761302948,member
1632653,D86A21DFA472498B,electric_bike,2022-03-07 17:04:11,2022-03-07 17:09:38,W 22 St & 10 Ave,6306,W 36 St & 9 Ave,6569,40.74691959,-74.00451887,40.75462324029105,-73.99516761302948,member
1632655,3A6B45D7163DAB71,classic_bike,2022-03-10 21:05:04,2022-03-10 21:13:30,W 26 St & 8 Ave,6297,W 36 St & 9 Ave,6569,40.74734825,-73.99723551,40.75462324029105,-73.99516761302948,member
1632670,72FC76561A633670,classic_bike,2022-03-05 17:14:34,2022-03-05 17:22:10,W 26 St & 8 Ave,6297,W 36 St & 9 Ave,6569,40.74734825,-73.99723551,40.75462324029105,-73.99516761302948,member
1632673,55D0ED55E09E4108,classic_bike,2022-03-18 17:35:01,2022-03-18 17:46:00,W 26 St & 8 Ave,6297,W 36 St & 9 Ave,6569,40.74734825,-73.99723551,40.75462324029105,-73.99516761302948,casual
1632677,B64C7F8C295EC3A7,classic_bike,2022-03-18 19:18:57,2022-03-18 19:26:07,W 47 St & 10 Ave,6824,W 36 St & 9 Ave,6569,40.76269882,-73.99301222,40.75462324029105,-73.99516761302948,member
1632678,7B3E651E4635C7C7,classic_bike,2022-03-16 18:24:58,2022-03-16 18:31:02,W 47 St & 10 Ave,6824,W 36 St & 9 Ave,6569,40.76269882,-73.99301222,40.75462324029105,-73.99516761302948,member
1632680,6B66BC50D30D0D7A,classic_bike,2022-03-18 20:07:03,2022-03-18 20:13:39,W 47 St & 10 Ave,6824,W 36 St & 9 Ave,6569,40.76269882,-73.99301222,40.75462324029105,-73.99516761302948,member
1632686,729828F487762F62,classic_bike,2022-03-18 14:47:33,2022-03-18 15:00:18,Columbus Ave & W 72 St,7175,W 36 St & 9 Ave,6569,40.7770575,-73.97898475,40.75462324029105,-73.99516761302948,member
1632689,840C3658A69F1554,classic_bike,2022-03-18 08:27:56,2022-03-18 08:56:36,W 100 St & Manhattan Ave,7538,W 36 St & 9 Ave,6569,40.795,-73.9645,40.75462324029105,-73.99516761302948,member
1632693,2567B196CBA76278,electric_bike,2022-03-03 19:52:52,2022-03-03 20:26:42,9 Ave & W 22 St,6266,W 36 St & 9 Ave,6569,40.7454973,-74.00197139,40.75462324029105,-73.99516761302948,member
1632694,FCD0652BBCAB053A,electric_bike,2022-03-03 20:29:24,2022-03-03 21:32:10,W 35 St & 9 Ave,6569,W 36 St & 9 Ave,6569,40.75414519263519,-73.9960889518261,40.75462324029105,-73.99516761302948,member
1632714,A5B66BF7D4768DED,electric_bike,2022-03-21 13:52:43,2022-03-21 14:02:40,W 18 St & 9 Ave,6190,W 36 St & 9 Ave,6569,40.7435337324616,-74.00367558002472,40.75462324029105,-73.99516761302948,casual
1632726,09F660E8D3AB3ECE,classic_bike,2022-03-15 14:03:04,2022-03-15 14:18:34,W 49 St & 8 Ave,6747,W 36 St & 9 Ave,6569,40.76227205,-73.98788205,40.75462324029105,-73.99516761302948,casual
1632727,B7BA95F4B98F77D9,classic_bike,2022-03-21 07:01:51,2022-03-21 07:06:56,W 49 St & 8 Ave,6747,W 36 St & 9 Ave,6569,40.76227205,-73.98788205,40.75462324029105,-73.99516761302948,member
1632739,F76C67153BFC98B0,classic_bike,2022-03-01 07:35:57,2022-03-01 07:44:39,Broadway & W 56 St,6847,W 36 St & 9 Ave,6569,40.7652654,-73.98192338,40.75462324029105,-73.99516761302948,member
1632742,432C3834376AD8ED,electric_bike,2022-03-03 17:20:14,2022-03-03 17:30:00,W 35 St & 9 Ave,6569,Broadway & W 29 St,6289,40.75414519263519,-73.9960889518261,40.7462009,-73.98855723,member
1632747,1F40C0ACF426DFE4,electric_bike,2022-03-22 11:55:25,2022-03-22 12:03:13,W 35 St & 9 Ave,6569,Broadway & W 29 St,6289,40.75414519263519,-73.9960889518261,40.7462009,-73.98855723,member
1632753,D0CF790EA0E34000,electric_bike,2022-03-28 14:00:15,2022-03-28 14:09:56,E 39 St & 2 Ave,6345,W 36 St & 9 Ave,6569,40.74803319428767,-73.973827958107,40.75462324029105,-73.99516761302948,member
1632770,B564945AA0988B5B,classic_bike,2022-03-10 18:57:52,2022-03-10 18:59:44,W 35 St & 9 Ave,6569,W 36 St & 9 Ave,6569,40.75414519263519,-73.9960889518261,40.75462324029105,-73.99516761302948,member
1632783,23752A4D7A8353CC,classic_bike,2022-03-05 23:14:17,2022-03-05 23:22:27,8 Ave & W 52 St,6816,W 36 St & 9 Ave,6569,40.76370739,-73.9851615,40.75462324029105,-73.99516761302948,member
1632784,C40735546333B6FF,docked_bike,2022-03-20 21:13:45,2022-03-20 21:27:52,W 18 St & 6 Ave,6064,W 36 St & 9 Ave,6569,40.739713,-73.994564,40.754623,-73.995168,casual
1632785,28BC273A23ECE732,electric_bike,2022-03-15 19:45:19,2022-03-15 19:56:29,W 18 St & 6 Ave,6064,W 36 St & 9 Ave,6569,40.73971301,-73.99456405,40.75462324029105,-73.99516761302948,member
1632789,04D6F25DA9F98C96,classic_bike,2022-03-12 03:53:32,2022-03-12 04:11:35,E 4 St & 2 Ave,5593,W 36 St & 9 Ave,6569,40.7262807,-73.98978041,40.75462324029105,-73.99516761302948,casual
1632790,0D519B1E3179C82E,electric_bike,2022-03-06 13:48:50,2022-03-06 14:02:11,Broadway & W 56 St,6847,W 36 St & 9 Ave,6569,40.7652654,-73.98192338,40.75462324029105,-73.99516761302948,casual
1632792,A25A50E7572B842C,classic_bike,2022-03-17 17:54:33,2022-03-17 18:00:36,8 Ave & W 52 St,6816,W 36 St & 9 Ave,6569,40.76370739,-73.9851615,40.75462324029105,-73.99516761302948,member
1632795,DBCE1FB51C1E28A3,electric_bike,2022-03-14 14:11:28,2022-03-14 14:17:17,8 Ave & W 52 St,6816,W 36 St & 9 Ave,6569,40.76370739,-73.9851615,40.75462324029105,-73.99516761302948,member
1632812,1BDCCB275601DB40,classic_bike,2022-03-19 17:25:39,2022-03-19 17:55:17,Central Park West & W 72 St,7141,W 36 St & 9 Ave,6569,40.77579376683666,-73.9762057363987,40.75462324029105,-73.99516761302948,casual
1632813,159046AD1846D678,electric_bike,2022-03-08 08:42:12,2022-03-08 08:54:47,Greenwich Ave & Charles St,5914,W 36 St & 9 Ave,6569,40.735238,-74.000271,40.75462324029105,-73.99516761302948,member
1632820,508082366EF14471,classic_bike,2022-03-04 19:27:26,2022-03-04 19:31:29,9 Ave & W 45 St,6717,W 36 St & 9 Ave,6569,40.76019252,-73.9912551,40.75462324029105,-73.99516761302948,member
1632823,5BD583422D1081D8,classic_bike,2022-03-07 14:44:53,2022-03-07 14:53:53,W 56 St & 10 Ave,6955,W 36 St & 9 Ave,6569,40.768254,-73.988639,40.75462324029105,-73.99516761302948,member
1632831,97585733C8F38FAA,classic_bike,2022-03-20 11:23:22,2022-03-20 11:25:55,W 39 St & 9 Ave,6644,W 36 St & 9 Ave,6569,40.75645824,-73.99372222,40.75462324029105,-73.99516761302948,member
1632832,49196CE831C0827B,electric_bike,2022-03-22 04:34:47,2022-03-22 04:40:22,6 Ave & W 45 St,6593,W 36 St & 9 Ave,6569,40.756951,-73.982631,40.75462324029105,-73.99516761302948,member
1632839,6E37CC1CE685D371,classic_bike,2022-03-21 07:45:54,2022-03-21 07:54:14,Broadway & W 56 St,6847,W 36 St & 9 Ave,6569,40.7652654,-73.98192338,40.75462324029105,-73.99516761302948,member
1632840,C45F7EA66426E473,classic_bike,2022-03-15 08:14:08,2022-03-15 08:23:07,Broadway & W 56 St,6847,W 36 St & 9 Ave,6569,40.7652654,-73.98192338,40.75462324029105,-73.99516761302948,member
1632841,08E6E26E83EC75E9,classic_bike,2022-03-31 08:36:09,2022-03-31 08:43:23,Broadway & W 56 St,6847,W 36 St & 9 Ave,6569,40.7652654,-73.98192338,40.75462324029105,-73.99516761302948,member
1632852,E9008AD7B4E98CFC,electric_bike,2022-03-19 18:21:38,2022-03-19 18:34:15,9 Ave & W 22 St,6266,W 36 St & 9 Ave,6569,40.7454973,-74.00197139,40.75462324029105,-73.99516761302948,member
1632853,8998D5454B844927,electric_bike,2022-03-04 21:27:19,2022-03-04 21:35:47,9 Ave & W 22 St,6266,W 36 St & 9 Ave,6569,40.7454973,-74.00197139,40.75462324029105,-73.99516761302948,member
1632857,49DD0A5A198DA4ED,classic_bike,2022-03-07 09:01:39,2022-03-07 09:12:12,Broadway & W 56 St,6847,W 36 St & 9 Ave,6569,40.7652654,-73.98192338,40.75462324029105,-73.99516761302948,member
1632861,34937545D27CBBF0,classic_bike,2022-03-26 13:04:35,2022-03-26 13:14:33,8 Ave & W 52 St,6816,W 36 St & 9 Ave,6569,40.76370739,-73.9851615,40.75462324029105,-73.99516761302948,member
1632864,1F36AF5BF54B06C1,classic_bike,2022-03-28 18:54:59,2022-03-28 19:02:02,8 Ave & W 52 St,6816,W 36 St & 9 Ave,6569,40.76370739,-73.9851615,40.75462324029105,-73.99516761302948,member
1632866,C4E64364BD6C6D2C,classic_bike,2022-03-20 15:50:57,2022-03-20 16:00:33,9 Ave & W 18 St,6190,W 36 St & 9 Ave,6569,40.74317449,-74.00366443,40.75462324029105,-73.99516761302948,casual
1632867,C2555641D7F82707,classic_bike,2022-03-10 23:09:12,2022-03-10 23:20:14,Broadway & W 56 St,6847,W 36 St & 9 Ave,6569,40.7652654,-73.98192338,40.75462324029105,-73.99516761302948,casual
1632869,5DEE51C9381E003A,electric_bike,2022-03-04 18:12:58,2022-03-04 18:18:27,8 Ave & W 52 St,6816,W 36 St & 9 Ave,6569,40.76370739,-73.9851615,40.75462324029105,-73.99516761302948,casual
1632870,668B03C019FC2B0B,electric_bike,2022-03-14 20:49:18,2022-03-14 20:54:18,8 Ave & W 52 St,6816,W 36 St & 9 Ave,6569,40.76370739,-73.9851615,40.75462324029105,-73.99516761302948,casual
1632871,0B01DE1BCF00E0D3,classic_bike,2022-03-22 18:16:29,2022-03-22 18:27:50,9 Ave & W 18 St,6190,W 36 St & 9 Ave,6569,40.74317449,-74.00366443,40.75462324029105,-73.99516761302948,member
1632876,8FCF4C23AB5CC791,classic_bike,2022-03-21 16:39:05,2022-03-21 16:49:56,Broadway & W 56 St,6847,W 36 St & 9 Ave,6569,40.7652654,-73.98192338,40.75462324029105,-73.99516761302948,member
1632883,75F6C579A7A7B0D1,classic_bike,2022-03-23 15:57:01,2022-03-23 16:08:41,W 18 St & 6 Ave,6064,W 36 St & 9 Ave,6569,40.73971301,-73.99456405,40.75462324029105,-73.99516761302948,member
1632885,319AE7C321DF52FC,classic_bike,2022-03-08 18:31:07,2022-03-08 18:42:30,Broadway & W 56 St,6847,W 36 St & 9 Ave,6569,40.7652654,-73.98192338,40.75462324029105,-73.99516761302948,member
1632888,4D114ED5491E06D2,electric_bike,2022-03-07 22:08:30,2022-03-07 22:28:13,9 Ave & W 18 St,6190,W 36 St & 9 Ave,6569,40.74317449,-74.00366443,40.75462324029105,-73.99516761302948,casual
1632889,450F71C442A9D5F5,classic_bike,2022-03-07 22:10:13,2022-03-07 22:28:00,9 Ave & W 18 St,6190,W 36 St & 9 Ave,6569,40.74317449,-74.00366443,40.75462324029105,-73.99516761302948,casual
1632890,8F1E763A8FFE293B,electric_bike,2022-03-01 11:01:29,2022-03-01 11:07:32,8 Ave & W 52 St,6816,W 36 St & 9 Ave,6569,40.76370739,-73.9851615,40.75462324029105,-73.99516761302948,casual
1632893,EBDE74EF4347BB6D,classic_bike,2022-03-14 16:32:06,2022-03-14 16:57:34,W 18 St & 6 Ave,6064,W 36 St & 9 Ave,6569,40.73971301,-73.99456405,40.75462324029105,-73.99516761302948,casual
1632895,D1EC918328A17948,classic_bike,2022-03-24 05:39:19,2022-03-24 05:48:03,8 Ave & W 52 St,6816,W 36 St & 9 Ave,6569,40.76370739,-73.9851615,40.75462324029105,-73.99516761302948,casual
1632911,C99A9D98F9663298,classic_bike,2022-03-10 16:10:51,2022-03-10 16:18:26,W 35 St & 9 Ave,6569,Broadway & W 29 St,6289,40.75414519263519,-73.9960889518261,40.7462009,-73.98855723,casual
1633019,8FDE86B95C8DB858,classic_bike,2022-03-19 18:47:03,2022-03-19 18:51:24,W 36 St & 9 Ave,6569,8 Ave & W 27 St,6297,40.75462324029105,-73.99516761302948,40.747968,-73.996637,member
1633023,14C235BB07CF6CE6,classic_bike,2022-03-14 07:26:42,2022-03-14 07:31:54,W 36 St & 9 Ave,6569,8 Ave & W 27 St,6297,40.75462324029105,-73.99516761302948,40.747968,-73.996637,member
1633024,99C5BA85BF1C0D5A,classic_bike,2022-03-06 19:28:15,2022-03-06 19:33:50,W 36 St & 9 Ave,6569,11 Ave & W 27 St,6425,40.75462324029105,-73.99516761302948,40.751396,-74.005226,member
1633039,383A31EF595A398D,classic_bike,2022-03-16 18:46:37,2022-03-16 18:51:38,W 36 St & 9 Ave,6569,8 Ave & W 27 St,6297,40.75462324029105,-73.99516761302948,40.747968,-73.996637,member
1633518,67852E81B6C6D8B9,electric_bike,2022-03-10 20:49:04,2022-03-10 21:12:47,St Nicholas Ave & Manhattan Ave,7723,W 36 St & 9 Ave,6569,40.809725,-73.953149,40.75462324029105,-73.99516761302948,member
1633727,509C3CB132592DD2,electric_bike,2022-03-22 16:57:15,2022-03-22 17:18:59,Franklin St & W Broadway,5430,W 36 St & 9 Ave,6569,40.71911552,-74.00666661,40.75462324029105,-73.99516761302948,member
1633756,8A7D8EC402DB3690,classic_bike,2022-03-22 20:19:18,2022-03-22 20:31:17,W 18 St & 6 Ave,6064,W 36 St & 9 Ave,6569,40.73971301,-73.99456405,40.75462324029105,-73.99516761302948,member
1633757,EE34E38069A20E78,electric_bike,2022-03-23 09:12:52,2022-03-23 09:20:57,W 18 St & 6 Ave,6064,W 36 St & 9 Ave,6569,40.73971301,-73.99456405,40.75462324029105,-73.99516761302948,member
1633764,C9D62544B8924CDC,classic_bike,2022-03-20 15:51:34,2022-03-20 16:00:34,9 Ave & W 18 St,6190,W 36 St & 9 Ave,6569,40.74317449,-74.00366443,40.75462324029105,-73.99516761302948,member
1633766,D2A8966719EC602F,electric_bike,2022-03-07 09:03:42,2022-03-07 09:08:43,8 Ave & W 52 St,6816,W 36 St & 9 Ave,6569,40.76370739,-73.9851615,40.75462324029105,-73.99516761302948,member
1633770,3170D3A878555409,classic_bike,2022-03-29 14:15:28,2022-03-29 14:20:54,W 49 St & 8 Ave,6747,W 36 St & 9 Ave,6569,40.76227205,-73.98788205,40.75462324029105,-73.99516761302948,member
1633780,9CDE06A732FF64AC,classic_bike,2022-03-02 14:15:57,2022-03-02 14:27:54,W 21 St & 6 Ave,6140,W 36 St & 9 Ave,6569,40.74173969,-73.99415556,40.75462324029105,-73.99516761302948,member
1633800,165C6B441DFB66D8,classic_bike,2022-03-19 03:37:06,2022-03-19 03:46:19,W 43 St & 10 Ave,6756,W 36 St & 9 Ave,6569,40.76009437,-73.99461843,40.75462324029105,-73.99516761302948,member
1633801,34C6024DD1661560,classic_bike,2022-03-15 17:30:49,2022-03-15 17:34:44,W 43 St & 10 Ave,6756,W 36 St & 9 Ave,6569,40.76009437,-73.99461843,40.75462324029105,-73.99516761302948,member
1633927,314FF83940DD7A18,classic_bike,2022-03-09 15:57:56,2022-03-09 16:01:31,W 42 St & Dyer Ave,6644,W 36 St & 9 Ave,6569,40.75898481399634,-73.99379968643188,40.75462324029105,-73.99516761302948,member
1633931,891C5AB946DFF26E,classic_bike,2022-03-04 17:41:35,2022-03-04 17:48:16,Broadway\t& W 48 St,6708,W 36 St & 9 Ave,6569,40.76017739537783,-73.98486793041229,40.75462324029105,-73.99516761302948,casual
1633984,C43D32860A4847E4,classic_bike,2022-03-14 11:02:10,2022-03-14 11:06:58,W 35 St & Dyer Ave,6569,8 Ave & W 27 St,6297,40.754691750226016,-73.99740189313889,40.747968,-73.996637,member
1634074,B6E631186129E363,electric_bike,2022-03-01 10:53:54,2022-03-01 11:00:15,W 50 St & 10 Ave,6890,W 36 St & 9 Ave,6569,40.76473420006519,-73.99194359779358,40.75462324029105,-73.99516761302948,member
1634079,CD17B38630B57E09,classic_bike,2022-03-18 08:31:50,2022-03-18 08:49:50,West End Ave & W 78 St,7340,W 36 St & 9 Ave,6569,40.783786,-73.981687,40.75462324029105,-73.99516761302948,member
1634080,D163FC0E59D336CD,electric_bike,2022-03-10 21:01:49,2022-03-10 21:10:03,2 Ave & E 31 St,6197,W 36 St & 9 Ave,6569,40.74290902,-73.97706058,40.75462324029105,-73.99516761302948,member
1634221,4313A6509D2B6C9C,classic_bike,2022-03-18 11:14:12,2022-03-18 11:20:22,W 35 St & Dyer Ave,6569,8 Ave & W 27 St,6297,40.754691750226016,-73.99740189313889,40.747968,-73.996637,casual
1634257,6A6934896D2C133E,electric_bike,2022-03-28 14:20:30,2022-03-28 14:23:49,W 35 St & Dyer Ave,6569,8 Ave & W 27 St,6297,40.754691750226016,-73.99740189313889,40.747968,-73.996637,casual
1634260,10732D23CEDC6381,classic_bike,2022-03-26 21:39:05,2022-03-26 21:44:02,W 35 St & Dyer Ave,6569,8 Ave & W 27 St,6297,40.754691750226016,-73.99740189313889,40.747968,-73.996637,casual
1635147,236BACD89F227045,classic_bike,2022-03-14 10:17:12,2022-03-14 10:24:19,W 36 St & 9 Ave,6569,8 Ave & W 27 St,6297,40.75462324029105,-73.99516761302948,40.747968,-73.996637,member
1635149,54BFC387902F492A,electric_bike,2022-03-17 10:05:39,2022-03-17 10:10:52,W 36 St & 9 Ave,6569,11 Ave & W 27 St,6425,40.75462324029105,-73.99516761302948,40.751396,-74.005226,member
1635150,036384E0B602A7E2,classic_bike,2022-03-02 10:08:22,2022-03-02 10:16:01,W 36 St & 9 Ave,6569,11 Ave & W 27 St,6425,40.75462324029105,-73.99516761302948,40.751396,-74.005226,member
1635159,A4B32F4D0CEA67E7,electric_bike,2022-03-04 19:43:46,2022-03-04 20:40:51,W 36 St & 9 Ave,6569,8 Ave & W 27 St,6297,40.75462324029105,-73.99516761302948,40.747968,-73.996637,member
1635161,D3E48618F793D9CB,classic_bike,2022-03-26 02:32:56,2022-03-26 05:04:00,W 36 St & 9 Ave,6569,11 Ave & W 27 St,6425,40.75462324029105,-73.99516761302948,40.751396,-74.005226,member
1635162,FD1F3C188B1394E3,classic_bike,2022-03-02 10:33:15,2022-03-02 10:37:48,W 36 St & 9 Ave,6569,8 Ave & W 27 St,6297,40.75462324029105,-73.99516761302948,40.747968,-73.996637,member
1635534,DFC8418BF284E67E,classic_bike,2022-03-13 14:48:35,2022-03-13 14:53:54,W 35 St & Dyer Ave,6569,11 Ave & W 27 St,6425,40.754691750226016,-73.99740189313889,40.751396,-74.005226,member
1635904,216E9928C9313981,classic_bike,2022-03-02 18:32:07,2022-03-02 18:38:31,W 36 St & 9 Ave,6569,11 Ave & W 27 St,6425,40.75462324029105,-73.99516761302948,40.751396,-74.005226,casual
1637781,CEF614C97E7C6091,electric_bike,2022-03-15 14:00:27,2022-03-15 14:07:16,W 35 St & Dyer Ave,6569,8 Ave & W 27 St,6297,40.754691750226016,-73.99740189313889,40.747968,-73.996637,casual
1637801,CD8481A5EDBF76E4,electric_bike,2022-03-21 01:44:09,2022-03-21 01:49:14,W 35 St & Dyer Ave,6569,8 Ave & W 27 St,6297,40.754691750226016,-73.99740189313889,40.747968,-73.996637,member
1637802,56F5CE5B81D795EA,classic_bike,2022-03-06 13:29:40,2022-03-06 13:36:08,W 35 St & Dyer Ave,6569,11 Ave & W 27 St,6425,40.754691750226016,-73.99740189313889,40.751396,-74.005226,member
1637811,ABA86256C7DA3DBF,electric_bike,2022-03-30 14:42:13,2022-03-30 14:46:06,W 35 St & Dyer Ave,6569,8 Ave & W 27 St,6297,40.754691750226016,-73.99740189313889,40.747968,-73.996637,casual
1638235,68B7FEDF26CD7F98,classic_bike,2022-03-16 09:58:19,2022-03-16 10:05:45,W 36 St & 9 Ave,6569,11 Ave & W 27 St,6425,40.75462324029105,-73.99516761302948,40.751396,-74.005226,member
1638236,8F98CBA33BA898CD,electric_bike,2022-03-16 15:12:52,2022-03-16 15:18:28,W 36 St & 9 Ave,6569,11 Ave & W 27 St,6425,40.75462324029105,-73.99516761302948,40.751396,-74.005226,member
1638238,6762436C61940D05,classic_bike,2022-03-23 12:18:57,2022-03-23 12:24:39,W 36 St & 9 Ave,6569,11 Ave & W 27 St,6425,40.75462324029105,-73.99516761302948,40.751396,-74.005226,member
1638241,737F9847AB8529B8,electric_bike,2022-03-30 09:49:23,2022-03-30 09:55:20,W 36 St & 9 Ave,6569,11 Ave & W 27 St,6425,40.75462324029105,-73.99516761302948,40.751396,-74.005226,member
1638242,8A3970F1A2C26DE0,classic_bike,2022-03-13 23:22:50,2022-03-13 23:27:36,W 36 St & 9 Ave,6569,8 Ave & W 27 St,6297,40.75462324029105,-73.99516761302948,40.747968,-73.996637,member
1638247,2D2878AE992077BF,classic_bike,2022-03-10 08:33:12,2022-03-10 08:37:10,W 36 St & 9 Ave,6569,8 Ave & W 27 St,6297,40.75462324029105,-73.99516761302948,40.747968,-73.996637,member
1638248,A956D76B5CFC482D,classic_bike,2022-03-19 13:09:32,2022-03-19 13:15:07,W 36 St & 9 Ave,6569,8 Ave & W 27 St,6297,40.75462324029105,-73.99516761302948,40.747968,-73.996637,member
1638252,63477C4B9FDF3FFE,electric_bike,2022-03-22 13:44:09,2022-03-22 13:48:24,W 36 St & 9 Ave,6569,8 Ave & W 27 St,6297,40.75462324029105,-73.99516761302948,40.747968,-73.996637,casual
1638257,109C3B475DC01714,classic_bike,2022-03-18 11:58:39,2022-03-18 12:25:03,W 36 St & 9 Ave,6569,11 Ave & W 27 St,6425,40.75462324029105,-73.99516761302948,40.751396,-74.005226,member
1638262,F38DEAEBA9B3B5F0,electric_bike,2022-03-28 10:02:59,2022-03-28 10:11:16,W 36 St & 9 Ave,6569,11 Ave & W 27 St,6425,40.75462324029105,-73.99516761302948,40.751396,-74.005226,member
1638263,A3777C104801F3E6,classic_bike,2022-03-31 14:28:15,2022-03-31 14:34:34,W 36 St & 9 Ave,6569,11 Ave & W 27 St,6425,40.75462324029105,-73.99516761302948,40.751396,-74.005226,member
1638264,13FF3B65297D00E9,classic_bike,2022-03-15 10:51:03,2022-03-15 10:56:26,W 36 St & 9 Ave,6569,11 Ave & W 27 St,6425,40.75462324029105,-73.99516761302948,40.751396,-74.005226,member
1638265,8982B474B65250D6,classic_bike,2022-03-21 09:35:28,2022-03-21 09:42:07,W 36 St & 9 Ave,6569,11 Ave & W 27 St,6425,40.75462324029105,-73.99516761302948,40.751396,-74.005226,member
1638267,0A9D17BA963210CF,electric_bike,2022-03-29 12:05:19,2022-03-29 12:11:30,W 36 St & 9 Ave,6569,11 Ave & W 27 St,6425,40.75462324029105,-73.99516761302948,40.751396,-74.005226,member
1638268,F253762111694231,classic_bike,2022-03-04 15:36:00,2022-03-04 16:01:45,W 36 St & 9 Ave,6569,11 Ave & W 27 St,6425,40.75462324029105,-73.99516761302948,40.751396,-74.005226,member
1638274,DC3DAB7E21B4A3D9,electric_bike,2022-03-19 08:10:19,2022-03-19 08:15:27,W 36 St & 9 Ave,6569,8 Ave & W 27 St,6297,40.75462324029105,-73.99516761302948,40.747968,-73.996637,member
1638276,230C16710A77BB57,classic_bike,2022-03-09 22:40:46,2022-03-09 22:47:35,W 36 St & 9 Ave,6569,11 Ave & W 27 St,6425,40.75462324029105,-73.99516761302948,40.751396,-74.005226,member
1638279,E7F97E27FAF8CC02,classic_bike,2022-03-10 12:30:45,2022-03-10 12:33:52,W 36 St & 9 Ave,6569,8 Ave & W 27 St,6297,40.75462324029105,-73.99516761302948,40.747968,-73.996637,member
1638280,EBD2616EBEC72650,classic_bike,2022-03-13 23:22:43,2022-03-13 23:27:38,W 36 St & 9 Ave,6569,8 Ave & W 27 St,6297,40.75462324029105,-73.99516761302948,40.747968,-73.996637,member
1638281,994BCA2A59F04B5B,electric_bike,2022-03-16 15:01:47,2022-03-16 15:05:34,W 36 St & 9 Ave,6569,8 Ave & W 27 St,6297,40.75462324029105,-73.99516761302948,40.747968,-73.996637,casual
1638282,02FD183BA91C71E7,electric_bike,2022-03-28 00:43:16,2022-03-28 00:52:32,W 36 St & 9 Ave,6569,11 Ave & W 27 St,6425,40.75462324029105,-73.99516761302948,40.751396,-74.005226,casual
1638283,AA56DFD433E90329,classic_bike,2022-03-22 17:44:29,2022-03-22 19:57:10,W 36 St & 9 Ave,6569,8 Ave & W 27 St,6297,40.75462324029105,-73.99516761302948,40.747968,-73.996637,casual
1638302,4BC775BE9AA92B56,electric_bike,2022-03-21 16:06:33,2022-03-21 16:12:16,W 36 St & 9 Ave,6569,8 Ave & W 27 St,6297,40.75462324029105,-73.99516761302948,40.747968,-73.996637,member
1638332,F25507B0E9CF9C6A,electric_bike,2022-03-01 18:09:55,2022-03-01 18:14:56,W 36 St & 9 Ave,6569,8 Ave & W 27 St,6297,40.75462324029105,-73.99516761302948,40.747968,-73.996637,casual
1638465,1563E5393A8CBFA7,classic_bike,2022-03-23 17:07:02,2022-03-23 17:15:28,W 35 St & Dyer Ave,6569,8 Ave & W 27 St,6297,40.754691750226016,-73.99740189313889,40.747968,-73.996637,member
1638477,7CE2EB2151CBBAAD,classic_bike,2022-03-17 07:20:45,2022-03-17 07:47:04,W 35 St & Dyer Ave,6569,E 72 St & York Ave,6889,40.754691750226016,-73.99740189313889,40.76663814,-73.95348296,member
1638517,12C5E03ECC4CCB12,classic_bike,2022-03-11 12:05:00,2022-03-11 12:12:47,W 35 St & Dyer Ave,6569,11 Ave & W 27 St,6425,40.754691750226016,-73.99740189313889,40.751396,-74.005226,member
1638518,F0BFB2124C0C564F,electric_bike,2022-03-12 02:05:36,2022-03-12 02:08:36,W 35 St & Dyer Ave,6569,8 Ave & W 27 St,6297,40.754691750226016,-73.99740189313889,40.747968,-73.996637,member
1639993,C6DB3A1CE7252913,classic_bike,2022-03-26 02:29:18,2022-03-26 05:03:51,W 36 St & 9 Ave,6569,11 Ave & W 27 St,6425,40.75462324029105,-73.99516761302948,40.751396,-74.005226,casual
1640024,74ACEA7B08F6155B,classic_bike,2022-03-23 18:15:09,2022-03-23 18:18:49,W 35 St & 9 Ave,6569,8 Ave & W 27 St,6297,40.75414519263519,-73.9960889518261,40.747968,-73.996637,member
1640025,435677D3286D95D8,classic_bike,2022-03-23 08:01:15,2022-03-23 08:04:30,W 35 St & 9 Ave,6569,8 Ave & W 27 St,6297,40.75414519263519,-73.9960889518261,40.747968,-73.996637,member
1640053,3D1BF382EC2B9109,electric_bike,2022-03-01 13:52:12,2022-03-01 13:56:23,W 35 St & 9 Ave,6569,8 Ave & W 27 St,6297,40.75414519263519,-73.9960889518261,40.747968,-73.996637,member
1640056,FBE1FB656D119D12,classic_bike,2022-03-02 17:52:44,2022-03-02 18:01:19,W 35 St & 9 Ave,6569,11 Ave & W 27 St,6425,40.75414519263519,-73.9960889518261,40.751396,-74.005226,member
1640061,190318BB810F612F,electric_bike,2022-03-21 19:11:41,2022-03-21 19:15:16,W 35 St & 9 Ave,6569,11 Ave & W 27 St,6425,40.75414519263519,-73.9960889518261,40.751396,-74.005226,member
1640068,612F514494521853,electric_bike,2022-03-24 09:15:38,2022-03-24 09:19:04,W 35 St & 9 Ave,6569,8 Ave & W 27 St,6297,40.75414519263519,-73.9960889518261,40.747968,-73.996637,member
1640069,2E465ADBAD0E130C,electric_bike,2022-03-24 16:13:23,2022-03-24 16:16:38,W 35 St & 9 Ave,6569,8 Ave & W 27 St,6297,40.75414519263519,-73.9960889518261,40.747968,-73.996637,member
1640071,77A4A79BBCF1C7FE,classic_bike,2022-03-10 18:42:27,2022-03-10 18:50:15,W 35 St & 9 Ave,6569,11 Ave & W 27 St,6425,40.75414519263519,-73.9960889518261,40.751396,-74.005226,member
1640448,08B6B4C63F321BB4,electric_bike,2022-03-22 13:40:52,2022-03-22 13:44:04,W 35 St & 9 Ave,6569,8 Ave & W 27 St,6297,40.75414519263519,-73.9960889518261,40.747968,-73.996637,member
1640451,2A0D9AFFC24D7543,classic_bike,2022-03-06 15:32:13,2022-03-06 15:43:05,W 35 St & 9 Ave,6569,11 Ave & W 27 St,6425,40.75414519263519,-73.9960889518261,40.751396,-74.005226,casual
1640456,B6509AFF46D77216,classic_bike,2022-03-19 12:51:29,2022-03-19 13:16:04,W 35 St & 9 Ave,6569,6 Ave & Walker St,5430,40.75414519263519,-73.9960889518261,40.7197920901383,-74.0052238852195,member
1640458,9A85B6111AE97656,electric_bike,2022-03-07 08:00:15,2022-03-07 08:04:09,W 35 St & 9 Ave,6569,8 Ave & W 27 St,6297,40.75414519263519,-73.9960889518261,40.747968,-73.996637,casual
1640459,A16688D54A650F0C,electric_bike,2022-03-10 09:09:34,2022-03-10 09:13:21,W 35 St & 9 Ave,6569,8 Ave & W 27 St,6297,40.75414519263519,-73.9960889518261,40.747968,-73.996637,casual
1640460,72D5E09096329FFE,electric_bike,2022-03-10 13:37:33,2022-03-10 13:43:07,W 35 St & 9 Ave,6569,8 Ave & W 27 St,6297,40.75414519263519,-73.9960889518261,40.747968,-73.996637,casual
1640716,A04BC979EF8C83AF,classic_bike,2022-03-14 10:06:05,2022-03-14 10:12:03,W 35 St & 9 Ave,6569,8 Ave & W 27 St,6297,40.75414519263519,-73.9960889518261,40.747968,-73.996637,casual
1640728,70A71A9B0653EA56,classic_bike,2022-03-23 09:09:18,2022-03-23 09:13:11,W 35 St & 9 Ave,6569,8 Ave & W 27 St,6297,40.75414519263519,-73.9960889518261,40.747968,-73.996637,member
1641680,CD6D709F38F45657,classic_bike,2022-03-20 16:57:26,2022-03-20 17:02:50,W 35 St & 9 Ave,6569,11 Ave & W 27 St,6425,40.75414519263519,-73.9960889518261,40.751396,-74.005226,member
1641681,365B2134E3CF3D48,classic_bike,2022-03-10 09:00:17,2022-03-10 09:04:44,W 35 St & 9 Ave,6569,8 Ave & W 27 St,6297,40.75414519263519,-73.9960889518261,40.747968,-73.996637,member
1642080,AC8B54111250D665,classic_bike,2022-03-18 11:59:32,2022-03-18 12:04:28,W 35 St & 9 Ave,6569,8 Ave & W 27 St,6297,40.75414519263519,-73.9960889518261,40.747968,-73.996637,casual
1642398,FF2A7996A210B341,classic_bike,2022-03-16 11:08:54,2022-03-16 11:13:09,W 35 St & Dyer Ave,6569,8 Ave & W 27 St,6297,40.754691750226016,-73.99740189313889,40.747968,-73.996637,casual
1643896,46241690D6B42B67,classic_bike,2022-03-26 02:45:59,2022-03-26 05:05:31,W 35 St & 9 Ave,6569,11 Ave & W 27 St,6425,40.75414519263519,-73.9960889518261,40.751396,-74.005226,casual
1643911,AB0B4E64B9FD3E30,classic_bike,2022-03-06 13:45:49,2022-03-06 13:51:28,W 35 St & 9 Ave,6569,8 Ave & W 27 St,6297,40.75414519263519,-73.9960889518261,40.747968,-73.996637,member
1643931,EAB19CB749918D19,classic_bike,2022-03-20 17:21:26,2022-03-20 17:28:13,W 35 St & 9 Ave,6569,8 Ave & W 27 St,6297,40.75414519263519,-73.9960889518261,40.747968,-73.996637,member
1645211,5B97187C9D42CBEB,classic_bike,2022-03-06 15:32:27,2022-03-06 15:43:07,W 35 St & 9 Ave,6569,11 Ave & W 27 St,6425,40.75414519263519,-73.9960889518261,40.751396,-74.005226,casual
1645362,F2586E583E024862,classic_bike,2022-03-25 17:18:58,2022-03-25 17:43:35,W 36 St & 9 Ave,6569,11 Ave & W 27 St,6425,40.75462324029105,-73.99516761302948,40.751396,-74.005226,casual
1645363,91DF2F66B644B3DC,classic_bike,2022-03-07 15:01:05,2022-03-07 15:17:56,W 36 St & 9 Ave,6569,8 Ave & W 27 St,6297,40.75462324029105,-73.99516761302948,40.747968,-73.996637,casual
1645364,5F0A8CCC5613354E,classic_bike,2022-03-20 17:17:39,2022-03-20 17:28:08,W 36 St & 9 Ave,6569,8 Ave & W 27 St,6297,40.75462324029105,-73.99516761302948,40.747968,-73.996637,member
1645803,F2E880414108C0A3,electric_bike,2022-03-14 13:54:34,2022-03-14 13:59:22,W 35 St & 9 Ave,6569,8 Ave & W 27 St,6297,40.75414519263519,-73.9960889518261,40.747968,-73.996637,member
1645814,2BDFF4EBF65C22DF,classic_bike,2022-03-21 10:48:39,2022-03-21 10:54:42,W 35 St & 9 Ave,6569,11 Ave & W 27 St,6425,40.75414519263519,-73.9960889518261,40.751396,-74.005226,member
1645823,A46EA0A8DE5280CC,electric_bike,2022-03-16 08:52:04,2022-03-16 08:58:08,W 35 St & 9 Ave,6569,8 Ave & W 27 St,6297,40.75414519263519,-73.9960889518261,40.747968,-73.996637,member
1646218,5AC76F3FA42952C0,electric_bike,2022-03-08 13:57:39,2022-03-08 14:00:27,W 35 St & 9 Ave,6569,8 Ave & W 27 St,6297,40.75414519263519,-73.9960889518261,40.747968,-73.996637,member
1646231,7C312F78AED17C0E,classic_bike,2022-03-26 11:08:22,2022-03-26 11:11:59,W 35 St & 9 Ave,6569,8 Ave & W 27 St,6297,40.75414519263519,-73.9960889518261,40.747968,-73.996637,member
1646232,3653BCF400AB2E3E,classic_bike,2022-03-02 17:51:55,2022-03-02 18:01:16,W 35 St & 9 Ave,6569,11 Ave & W 27 St,6425,40.75414519263519,-73.9960889518261,40.751396,-74.005226,member
1646235,691367D30A066D6E,electric_bike,2022-03-09 15:07:52,2022-03-09 15:11:15,W 35 St & 9 Ave,6569,8 Ave & W 27 St,6297,40.75414519263519,-73.9960889518261,40.747968,-73.996637,member
1646236,50EAC39F41F83238,electric_bike,2022-03-09 09:04:15,2022-03-09 09:07:39,W 35 St & 9 Ave,6569,8 Ave & W 27 St,6297,40.75414519263519,-73.9960889518261,40.747968,-73.996637,member
1646239,4E51B4A1D5A99C2A,electric_bike,2022-03-06 18:09:56,2022-03-06 18:37:51,W 35 St & 9 Ave,6569,6 Ave & Walker St,5430,40.75414519263519,-73.9960889518261,40.7197920901383,-74.0052238852195,member
1646242,BB27F492F3ADA8FD,classic_bike,2022-03-17 14:57:44,2022-03-17 15:01:30,W 35 St & 9 Ave,6569,8 Ave & W 27 St,6297,40.75414519263519,-73.9960889518261,40.747968,-73.996637,member
1646255,04AD70BEFCEE8D52,electric_bike,2022-03-01 13:52:23,2022-03-01 13:56:33,W 35 St & 9 Ave,6569,8 Ave & W 27 St,6297,40.75414519263519,-73.9960889518261,40.747968,-73.996637,member
1646257,FA4F6007B38CDE31,classic_bike,2022-03-31 09:27:49,2022-03-31 09:33:27,W 35 St & 9 Ave,6569,8 Ave & W 27 St,6297,40.75414519263519,-73.9960889518261,40.747968,-73.996637,member
1646262,CC29E5669EBB12DF,classic_bike,2022-03-22 09:07:44,2022-03-22 09:13:05,W 35 St & 9 Ave,6569,8 Ave & W 27 St,6297,40.75414519263519,-73.9960889518261,40.747968,-73.996637,casual
1646263,06D17DAED7EF8B3B,classic_bike,2022-03-07 18:47:48,2022-03-07 18:54:10,W 35 St & 9 Ave,6569,11 Ave & W 27 St,6425,40.75414519263519,-73.9960889518261,40.751396,-74.005226,member
1646480,F62AF297BED44890,electric_bike,2022-03-10 09:00:19,2022-03-10 09:04:46,W 35 St & 9 Ave,6569,8 Ave & W 27 St,6297,40.75414519263519,-73.9960889518261,40.747968,-73.996637,member
1646481,8E7197F4D03211B8,electric_bike,2022-03-02 09:07:05,2022-03-02 09:10:41,W 35 St & 9 Ave,6569,8 Ave & W 27 St,6297,40.75414519263519,-73.9960889518261,40.747968,-73.996637,member
1646585,2C27DB23D9A92DE7,electric_bike,2022-03-20 16:57:45,2022-03-20 17:02:47,W 35 St & 9 Ave,6569,11 Ave & W 27 St,6425,40.75414519263519,-73.9960889518261,40.751396,-74.005226,member
1646598,F56C9409EFA960A6,electric_bike,2022-03-21 11:01:58,2022-03-21 11:05:48,W 35 St & 9 Ave,6569,8 Ave & W 27 St,6297,40.75414519263519,-73.9960889518261,40.747968,-73.996637,member
1646600,46F620AA908ADE6D,electric_bike,2022-03-21 14:56:05,2022-03-21 15:01:14,W 35 St & 9 Ave,6569,8 Ave & W 27 St,6297,40.75414519263519,-73.9960889518261,40.747968,-73.996637,casual
1646603,260473A4F05E6913,classic_bike,2022-03-21 14:02:47,2022-03-21 14:06:24,W 35 St & 9 Ave,6569,8 Ave & W 27 St,6297,40.75414519263519,-73.9960889518261,40.747968,-73.996637,casual
1646691,816AA0AEA8702A02,classic_bike,2022-03-04 17:52:13,2022-03-04 17:59:48,W 36 St & 9 Ave,6569,W 20 St & 8 Ave,6224,40.75462324029105,-73.99516761302948,40.74345335,-74.00004031,casual
1646692,3305820E6C0A2864,classic_bike,2022-03-27 09:42:58,2022-03-27 09:51:16,W 36 St & 9 Ave,6569,W 20 St & 8 Ave,6224,40.75462324029105,-73.99516761302948,40.74345335,-74.00004031,casual
1646696,0861B4ECCEA1A584,classic_bike,2022-03-05 23:19:42,2022-03-05 23:38:44,W 36 St & 9 Ave,6569,W 20 St & 8 Ave,6224,40.75462324029105,-73.99516761302948,40.74345335,-74.00004031,member
1646699,E2C1C00F660A5EB4,classic_bike,2022-03-09 16:02:05,2022-03-09 16:07:49,W 36 St & 9 Ave,6569,W 20 St & 8 Ave,6224,40.75462324029105,-73.99516761302948,40.74345335,-74.00004031,member
1646701,3DB30C6D208CF77F,classic_bike,2022-03-13 11:44:07,2022-03-13 11:52:04,W 36 St & 9 Ave,6569,W 20 St & 8 Ave,6224,40.75462324029105,-73.99516761302948,40.74345335,-74.00004031,casual
1646723,45AA266D03D10258,electric_bike,2022-03-09 18:23:25,2022-03-09 18:29:41,W 35 St & Dyer Ave,6569,W 20 St & 8 Ave,6224,40.754691750226016,-73.99740189313889,40.74345335,-74.00004031,member
1646725,FDCDB43B0E8D7B1A,electric_bike,2022-03-19 12:52:58,2022-03-19 12:59:22,W 35 St & Dyer Ave,6569,W 20 St & 8 Ave,6224,40.754691750226016,-73.99740189313889,40.74345335,-74.00004031,member
1646942,0ED505090E635216,classic_bike,2022-03-16 15:17:12,2022-03-16 15:26:47,W 36 St & 9 Ave,6569,W 20 St & 8 Ave,6224,40.75462324029105,-73.99516761302948,40.74345335,-74.00004031,member
1646943,D34BA8040BCB91E1,classic_bike,2022-03-14 12:08:09,2022-03-14 12:14:59,W 36 St & 9 Ave,6569,W 20 St & 8 Ave,6224,40.75462324029105,-73.99516761302948,40.74345335,-74.00004031,member
1646972,B06E51370F4F2527,electric_bike,2022-03-22 10:31:54,2022-03-22 10:40:28,W 35 St & Dyer Ave,6569,W 20 St & 8 Ave,6224,40.754691750226016,-73.99740189313889,40.74345335,-74.00004031,member
1647251,9DA31A339CF0E195,classic_bike,2022-03-10 13:39:13,2022-03-10 13:46:47,W 35 St & 9 Ave,6569,W 20 St & 8 Ave,6224,40.75414519263519,-73.9960889518261,40.74345335,-74.00004031,member
1647273,2BA1738CB6141637,electric_bike,2022-03-22 18:03:33,2022-03-22 18:15:45,W 35 St & Dyer Ave,6569,Amsterdam Ave & W 82 St,7360,40.754691750226016,-73.99740189313889,40.78524672,-73.97667321,member
1647281,3721B81C9E12D318,classic_bike,2022-03-26 14:57:44,2022-03-26 15:04:01,W 35 St & Dyer Ave,6569,W 20 St & 8 Ave,6224,40.754691750226016,-73.99740189313889,40.74345335,-74.00004031,member
1647314,FB0465F127DF1398,classic_bike,2022-03-23 11:41:48,2022-03-23 12:05:34,W 36 St & 9 Ave,6569,W 20 St & 8 Ave,6224,40.75462324029105,-73.99516761302948,40.74345335,-74.00004031,casual
1647331,A28AB3545CA62625,classic_bike,2022-03-14 14:17:19,2022-03-14 14:23:40,W 35 St & 9 Ave,6569,8 Ave & W 27 St,6297,40.75414519263519,-73.9960889518261,40.747968,-73.996637,member
1647336,8D4710B6AA79FDAF,electric_bike,2022-03-25 09:45:22,2022-03-25 09:51:23,W 36 St & 9 Ave,6569,W 20 St & 8 Ave,6224,40.75462324029105,-73.99516761302948,40.74345335,-74.00004031,member
1647341,E5F9C1C5248DF1B0,classic_bike,2022-03-05 10:13:55,2022-03-05 10:20:14,W 36 St & 9 Ave,6569,W 20 St & 8 Ave,6224,40.75462324029105,-73.99516761302948,40.74345335,-74.00004031,member
1647549,A87C2DE10A8C0E59,classic_bike,2022-03-20 09:25:57,2022-03-20 09:34:00,W 35 St & Dyer Ave,6569,W 20 St & 8 Ave,6224,40.754691750226016,-73.99740189313889,40.74345335,-74.00004031,member
1648825,1ADF6BAF9D5B3712,electric_bike,2022-03-11 19:22:49,2022-03-11 19:28:31,W 36 St & 9 Ave,6569,W 20 St & 8 Ave,6224,40.75462324029105,-73.99516761302948,40.74345335,-74.00004031,member
1648844,FFEBA6DADFE3F6E4,classic_bike,2022-03-29 15:19:09,2022-03-29 15:28:21,W 36 St & 9 Ave,6569,W 20 St & 8 Ave,6224,40.75462324029105,-73.99516761302948,40.74345335,-74.00004031,member
1648847,BBFA299702E51C9F,classic_bike,2022-03-03 15:18:15,2022-03-03 15:29:41,W 36 St & 9 Ave,6569,W 20 St & 8 Ave,6224,40.75462324029105,-73.99516761302948,40.74345335,-74.00004031,member
1648848,859AA3E9C210C470,electric_bike,2022-03-11 17:58:41,2022-03-11 18:07:30,W 36 St & 9 Ave,6569,W 20 St & 8 Ave,6224,40.75462324029105,-73.99516761302948,40.74345335,-74.00004031,casual
1648849,B80C0F0D6C18DC36,classic_bike,2022-03-30 15:20:52,2022-03-30 15:30:10,W 36 St & 9 Ave,6569,W 20 St & 8 Ave,6224,40.75462324029105,-73.99516761302948,40.74345335,-74.00004031,member
1648853,D30459563EF01BF1,classic_bike,2022-03-16 13:02:07,2022-03-16 13:11:52,W 36 St & 9 Ave,6569,W 20 St & 8 Ave,6224,40.75462324029105,-73.99516761302948,40.74345335,-74.00004031,member
1648861,796D411F8EB9A8F4,classic_bike,2022-03-22 18:42:06,2022-03-22 18:55:22,W 36 St & 9 Ave,6569,W 20 St & 8 Ave,6224,40.75462324029105,-73.99516761302948,40.74345335,-74.00004031,member
1648896,ACC89F42C3DFA278,classic_bike,2022-03-05 09:06:54,2022-03-05 09:14:50,W 35 St & Dyer Ave,6569,W 20 St & 8 Ave,6224,40.754691750226016,-73.99740189313889,40.74345335,-74.00004031,member
1648897,A29AB9F6419E3769,classic_bike,2022-03-06 09:37:35,2022-03-06 09:45:04,W 35 St & Dyer Ave,6569,W 20 St & 8 Ave,6224,40.754691750226016,-73.99740189313889,40.74345335,-74.00004031,member
1648907,D43CFB72D2393C22,electric_bike,2022-03-06 16:50:44,2022-03-06 16:58:54,W 35 St & Dyer Ave,6569,W 20 St & 8 Ave,6224,40.754691750226016,-73.99740189313889,40.74345335,-74.00004031,member
1649405,2E8C869DFA89E2E5,classic_bike,2022-03-11 10:53:18,2022-03-11 11:01:23,W 35 St & Dyer Ave,6569,W 20 St & 8 Ave,6224,40.754691750226016,-73.99740189313889,40.74345335,-74.00004031,member
1649419,9093DF80BBBAD1E4,classic_bike,2022-03-27 09:43:22,2022-03-27 09:51:19,W 35 St & Dyer Ave,6569,W 20 St & 8 Ave,6224,40.754691750226016,-73.99740189313889,40.74345335,-74.00004031,member
1649421,C078049595C58E3B,classic_bike,2022-03-12 09:01:23,2022-03-12 09:08:38,W 35 St & Dyer Ave,6569,W 20 St & 8 Ave,6224,40.754691750226016,-73.99740189313889,40.74345335,-74.00004031,member
1649431,F34797FF7EB27B9E,classic_bike,2022-03-02 18:22:24,2022-03-02 18:28:47,W 35 St & Dyer Ave,6569,W 20 St & 8 Ave,6224,40.754691750226016,-73.99740189313889,40.74345335,-74.00004031,member
1649495,C6DC7CB5412EFC81,classic_bike,2022-03-26 11:13:36,2022-03-26 11:20:06,W 36 St & 9 Ave,6569,W 20 St & 8 Ave,6224,40.75462324029105,-73.99516761302948,40.74345335,-74.00004031,member
1649517,FCE389917ABEE6E0,classic_bike,2022-03-18 15:18:10,2022-03-18 15:28:17,W 36 St & 9 Ave,6569,W 20 St & 8 Ave,6224,40.75462324029105,-73.99516761302948,40.74345335,-74.00004031,member
1651525,342A293C38002633,classic_bike,2022-03-14 17:16:53,2022-03-14 17:23:44,W 35 St & 9 Ave,6569,W 20 St & 8 Ave,6224,40.75414519263519,-73.9960889518261,40.74345335,-74.00004031,casual
1651529,33B8309068FE5F5A,classic_bike,2022-03-16 15:53:41,2022-03-16 16:26:48,W 35 St & 9 Ave,6569,Amsterdam Ave & W 82 St,7360,40.75414519263519,-73.9960889518261,40.78524672,-73.97667321,casual
1651694,532381D2F19B1CB9,classic_bike,2022-03-13 09:31:00,2022-03-13 09:39:01,W 35 St & Dyer Ave,6569,W 20 St & 8 Ave,6224,40.754691750226016,-73.99740189313889,40.74345335,-74.00004031,member
1651696,C50CAC777D3CC8A0,classic_bike,2022-03-06 14:30:55,2022-03-06 14:37:17,W 35 St & Dyer Ave,6569,W 20 St & 8 Ave,6224,40.754691750226016,-73.99740189313889,40.74345335,-74.00004031,member
1651702,AB5CDCB43C845C37,electric_bike,2022-03-26 15:29:32,2022-03-26 15:46:47,W 35 St & Dyer Ave,6569,W 20 St & 8 Ave,6224,40.754691750226016,-73.99740189313889,40.74345335,-74.00004031,member
1651712,14A2F14B8CB243E1,classic_bike,2022-03-06 12:31:15,2022-03-06 12:40:02,W 35 St & Dyer Ave,6569,W 20 St & 8 Ave,6224,40.754691750226016,-73.99740189313889,40.74345335,-74.00004031,member
1651716,2D0E4683C6325245,electric_bike,2022-03-31 12:15:04,2022-03-31 12:20:37,W 35 St & Dyer Ave,6569,W 20 St & 8 Ave,6224,40.754691750226016,-73.99740189313889,40.74345335,-74.00004031,member
1651722,4BB36037B2CB58EA,electric_bike,2022-03-19 17:25:32,2022-03-19 17:32:01,W 35 St & Dyer Ave,6569,W 20 St & 8 Ave,6224,40.754691750226016,-73.99740189313889,40.74345335,-74.00004031,member
1651734,A3CC83EA08D6D111,classic_bike,2022-03-07 13:29:45,2022-03-07 13:36:02,W 35 St & Dyer Ave,6569,W 20 St & 8 Ave,6224,40.754691750226016,-73.99740189313889,40.74345335,-74.00004031,member
1651757,2D7A8A6106FFC2B8,classic_bike,2022-03-30 18:17:43,2022-03-30 18:25:26,W 35 St & Dyer Ave,6569,W 20 St & 8 Ave,6224,40.754691750226016,-73.99740189313889,40.74345335,-74.00004031,member
1651762,AB2A6F8BEE15C165,classic_bike,2022-03-07 09:20:00,2022-03-07 09:27:46,W 35 St & Dyer Ave,6569,W 20 St & 8 Ave,6224,40.754691750226016,-73.99740189313889,40.74345335,-74.00004031,member
1651763,4A710697DAC4D023,classic_bike,2022-03-18 10:39:47,2022-03-18 10:47:59,W 35 St & Dyer Ave,6569,W 20 St & 8 Ave,6224,40.754691750226016,-73.99740189313889,40.74345335,-74.00004031,member
1652183,4B26C3E76CF42440,classic_bike,2022-03-07 16:09:55,2022-03-07 16:36:17,W 36 St & 9 Ave,6569,W 20 St & 8 Ave,6224,40.75462324029105,-73.99516761302948,40.74345335,-74.00004031,member
1653076,AF593992C75C1F05,electric_bike,2022-03-27 13:12:16,2022-03-27 13:20:50,W 36 St & 9 Ave,6569,W 20 St & 8 Ave,6224,40.75462324029105,-73.99516761302948,40.74345335,-74.00004031,member
1653077,5B7537A29F5F62A4,classic_bike,2022-03-21 18:22:42,2022-03-21 18:28:58,W 36 St & 9 Ave,6569,W 20 St & 8 Ave,6224,40.75462324029105,-73.99516761302948,40.74345335,-74.00004031,member
1653163,6191C92456CBC63F,electric_bike,2022-03-01 07:19:44,2022-03-01 07:36:47,W 36 St & 9 Ave,6569,Amsterdam Ave & W 82 St,7360,40.75462324029105,-73.99516761302948,40.78524672,-73.97667321,member
1653164,B1E0D4972646D224,electric_bike,2022-03-05 08:14:13,2022-03-05 08:21:48,W 36 St & 9 Ave,6569,W 20 St & 8 Ave,6224,40.75462324029105,-73.99516761302948,40.74345335,-74.00004031,member
1654760,F68BBC28166D343A,classic_bike,2022-03-16 04:35:06,2022-03-16 04:42:35,W 35 St & 9 Ave,6569,W 20 St & 8 Ave,6224,40.75414519263519,-73.9960889518261,40.74345335,-74.00004031,casual
1654761,5C4080DA9787A86C,classic_bike,2022-03-31 19:46:52,2022-03-31 19:59:24,W 35 St & 9 Ave,6569,W 20 St & 8 Ave,6224,40.75414519263519,-73.9960889518261,40.74345335,-74.00004031,member
1655054,8EB6D11F1478CD2D,classic_bike,2022-03-02 18:04:21,2022-03-02 18:12:20,W 35 St & 9 Ave,6569,W 20 St & 8 Ave,6224,40.75414519263519,-73.9960889518261,40.74345335,-74.00004031,member
1655251,7BD9CE35375669E6,electric_bike,2022-03-18 17:28:43,2022-03-18 17:56:05,W 35 St & 9 Ave,6569,Amsterdam Ave & W 82 St,7360,40.75414519263519,-73.9960889518261,40.78524672,-73.97667321,member
1655500,4190E65BE86C3D14,electric_bike,2022-03-23 18:22:41,2022-03-23 18:28:49,W 35 St & 9 Ave,6569,W 20 St & 8 Ave,6224,40.75414519263519,-73.9960889518261,40.74345335,-74.00004031,member
1657630,9BD862F0D0C5463B,classic_bike,2022-03-31 18:34:55,2022-03-31 18:45:30,W 35 St & 9 Ave,6569,W 20 St & 8 Ave,6224,40.75414519263519,-73.9960889518261,40.74345335,-74.00004031,casual
1657646,61E51E730C42E1E6,electric_bike,2022-03-24 16:53:42,2022-03-24 17:07:05,W 35 St & 9 Ave,6569,Amsterdam Ave & W 82 St,7360,40.75414519263519,-73.9960889518261,40.78524672,-73.97667321,member
1657648,AF20A6A0D5AE9B74,classic_bike,2022-03-27 15:26:56,2022-03-27 15:33:39,W 35 St & 9 Ave,6569,W 20 St & 8 Ave,6224,40.75414519263519,-73.9960889518261,40.74345335,-74.00004031,member
1657672,2408627D7E6A9B3F,electric_bike,2022-03-30 10:35:12,2022-03-30 10:39:38,W 35 St & 9 Ave,6569,W 20 St & 8 Ave,6224,40.75414519263519,-73.9960889518261,40.74345335,-74.00004031,member
1657673,3CF0DDEBE9D2AD8D,classic_bike,2022-03-14 18:48:57,2022-03-14 18:54:58,W 35 St & 9 Ave,6569,W 20 St & 8 Ave,6224,40.75414519263519,-73.9960889518261,40.74345335,-74.00004031,member
1657676,934AFBE55C563C26,classic_bike,2022-03-02 16:01:06,2022-03-02 16:06:44,W 35 St & 9 Ave,6569,W 20 St & 8 Ave,6224,40.75414519263519,-73.9960889518261,40.74345335,-74.00004031,member
1657794,1DCF27260FAB6E1E,classic_bike,2022-03-30 00:07:08,2022-03-30 00:12:36,W 35 St & 9 Ave,6569,W 20 St & 8 Ave,6224,40.75414519263519,-73.9960889518261,40.74345335,-74.00004031,member
1657909,FF7DE0C79E6764E2,classic_bike,2022-03-02 19:28:39,2022-03-02 19:38:10,W 35 St & 9 Ave,6569,W 20 St & 8 Ave,6224,40.75414519263519,-73.9960889518261,40.74345335,-74.00004031,member
1657998,D04830C72CA1772E,classic_bike,2022-03-24 11:14:24,2022-03-24 11:21:13,W 35 St & 9 Ave,6569,W 20 St & 8 Ave,6224,40.75414519263519,-73.9960889518261,40.74345335,-74.00004031,member
1657999,0D7D59E818437B7E,classic_bike,2022-03-16 18:21:24,2022-03-16 18:30:01,W 35 St & 9 Ave,6569,W 20 St & 8 Ave,6224,40.75414519263519,-73.9960889518261,40.74345335,-74.00004031,member
1658002,FEA0D2F317D9790F,classic_bike,2022-03-30 18:22:23,2022-03-30 18:30:50,W 35 St & 9 Ave,6569,W 20 St & 8 Ave,6224,40.75414519263519,-73.9960889518261,40.74345335,-74.00004031,member
1658025,795AB31115E0552A,electric_bike,2022-03-23 18:07:55,2022-03-23 18:20:29,W 35 St & 9 Ave,6569,Amsterdam Ave & W 82 St,7360,40.75414519263519,-73.9960889518261,40.78524672,-73.97667321,member
1658027,9025B57D41A31A44,classic_bike,2022-03-05 17:39:48,2022-03-05 17:46:05,W 35 St & 9 Ave,6569,W 20 St & 8 Ave,6224,40.75414519263519,-73.9960889518261,40.74345335,-74.00004031,member
1658028,20394117D3D29F59,classic_bike,2022-03-21 18:14:59,2022-03-21 18:58:20,W 35 St & 9 Ave,6569,Sands St & Jay St,4821,40.75414519263519,-73.9960889518261,40.700119,-73.9862,member
1658118,9E4FE5A1DF1BF2F3,classic_bike,2022-03-19 09:13:08,2022-03-19 09:19:51,W 35 St & 9 Ave,6569,W 20 St & 8 Ave,6224,40.75414519263519,-73.9960889518261,40.74345335,-74.00004031,member
1658122,32DDFC22C8C6A850,classic_bike,2022-03-02 15:21:37,2022-03-02 15:29:54,W 35 St & 9 Ave,6569,W 20 St & 8 Ave,6224,40.75414519263519,-73.9960889518261,40.74345335,-74.00004031,member
1658125,E1D366E180F54181,classic_bike,2022-03-31 10:09:39,2022-03-31 10:14:29,W 35 St & 9 Ave,6569,W 20 St & 8 Ave,6224,40.75414519263519,-73.9960889518261,40.74345335,-74.00004031,member
1658153,27899E1CA9F8AAAA,classic_bike,2022-03-31 15:15:58,2022-03-31 15:27:52,W 35 St & 9 Ave,6569,W 20 St & 8 Ave,6224,40.75414519263519,-73.9960889518261,40.74345335,-74.00004031,member
1658154,08C7973FEF17F5B0,classic_bike,2022-03-13 20:49:55,2022-03-13 20:54:58,W 35 St & 9 Ave,6569,W 20 St & 8 Ave,6224,40.75414519263519,-73.9960889518261,40.74345335,-74.00004031,member
1658874,3498A34EB3DAF4D0,electric_bike,2022-03-15 12:10:14,2022-03-15 12:18:23,W 35 St & Dyer Ave,6569,W 37 St & 5 Ave,6398,40.754691750226016,-73.99740189313889,40.75038009,-73.98338988,member
1658894,A299724D5DBB19B2,classic_bike,2022-03-16 17:34:43,2022-03-16 17:48:16,W 35 St & Dyer Ave,6569,Perry St & Greenwich Ave,5955,40.754691750226016,-73.99740189313889,40.735918,-74.000939,member
1660252,74B494443B6E6C5C,classic_bike,2022-03-19 19:48:19,2022-03-19 20:00:49,W 35 St & Dyer Ave,6569,W 37 St & 5 Ave,6398,40.754691750226016,-73.99740189313889,40.75038009,-73.98338988,casual
1660261,17F6A9020D37ADAA,classic_bike,2022-03-23 14:13:18,2022-03-23 14:40:23,W 35 St & Dyer Ave,6569,Grand St & Elizabeth St,5382,40.754691750226016,-73.99740189313889,40.718822,-73.99596,member
1660318,3C19DA10CAD81843,electric_bike,2022-03-02 15:57:02,2022-03-02 16:04:45,W 35 St & Dyer Ave,6569,W 37 St & 5 Ave,6398,40.754691750226016,-73.99740189313889,40.75038009,-73.98338988,member
1660321,D56732EFE52D456F,classic_bike,2022-03-11 09:06:36,2022-03-11 09:31:49,W 35 St & Dyer Ave,6569,Grand St & Elizabeth St,5382,40.754691750226016,-73.99740189313889,40.718822,-73.99596,member
1660617,DA198185BB768403,classic_bike,2022-03-20 17:21:36,2022-03-20 17:48:20,W 35 St & 9 Ave,6569,Grand St & Elizabeth St,5382,40.75414519263519,-73.9960889518261,40.718822,-73.99596,member
1660626,5B3916CB2E7D0C2F,docked_bike,2022-03-30 17:10:11,2022-03-30 17:21:02,W 35 St & 9 Ave,6569,W 37 St & 5 Ave,6398,40.754145,-73.996089,40.75038,-73.98339,casual
1660629,05049357F273ACC7,electric_bike,2022-03-25 12:19:34,2022-03-25 12:29:31,W 35 St & 9 Ave,6569,Perry St & Greenwich Ave,5955,40.75414519263519,-73.9960889518261,40.735918,-74.000939,member
1660662,9EA7DD0A6E6D5206,electric_bike,2022-03-26 14:15:11,2022-03-26 14:37:54,W 36 St & 9 Ave,6569,Grand St & Elizabeth St,5382,40.75462324029105,-73.99516761302948,40.718822,-73.99596,member
1660671,7BE45D12FD63AC34,classic_bike,2022-03-11 17:58:24,2022-03-11 18:03:28,W 36 St & 9 Ave,6569,W 37 St & 5 Ave,6398,40.75462324029105,-73.99516761302948,40.75038009,-73.98338988,member
1661444,FB120F67AE41ABA7,classic_bike,2022-03-17 08:21:52,2022-03-17 08:28:51,W 36 St & 9 Ave,6569,W 37 St & 5 Ave,6398,40.75462324029105,-73.99516761302948,40.75038009,-73.98338988,member
1661467,53498A69281DED5E,classic_bike,2022-03-07 17:46:16,2022-03-07 17:53:01,W 36 St & 9 Ave,6569,W 37 St & 5 Ave,6398,40.75462324029105,-73.99516761302948,40.75038009,-73.98338988,member
1661468,7B7718D80FCA5706,electric_bike,2022-03-03 10:11:45,2022-03-03 10:22:21,W 36 St & 9 Ave,6569,Perry St & Greenwich Ave,5955,40.75462324029105,-73.99516761302948,40.735918,-74.000939,member
1661805,0FDA1B35A07034EE,classic_bike,2022-03-17 18:38:24,2022-03-17 18:47:24,W 36 St & 9 Ave,6569,W 37 St & 5 Ave,6398,40.75462324029105,-73.99516761302948,40.75038009,-73.98338988,casual
1661930,953FBAA767F3F76D,classic_bike,2022-03-25 11:44:37,2022-03-25 12:01:27,W 35 St & Dyer Ave,6569,Perry St & Greenwich Ave,5955,40.754691750226016,-73.99740189313889,40.735918,-74.000939,member
1663503,C95E10D132D2BE6D,classic_bike,2022-03-29 08:50:53,2022-03-29 09:23:45,W 35 St & 9 Ave,6569,Grand St & Elizabeth St,5382,40.75414519263519,-73.9960889518261,40.718822,-73.99596,member
1663504,0830908BBA3A48F6,electric_bike,2022-03-24 10:59:34,2022-03-24 11:20:31,W 35 St & 9 Ave,6569,Grand St & Elizabeth St,5382,40.75414519263519,-73.9960889518261,40.718822,-73.99596,casual
1663515,C819E48FE43A443D,classic_bike,2022-03-16 11:49:33,2022-03-16 11:58:01,W 35 St & 9 Ave,6569,W 37 St & 5 Ave,6398,40.75414519263519,-73.9960889518261,40.75038009,-73.98338988,member
1663819,AE9860D59917C7AA,electric_bike,2022-03-27 18:25:51,2022-03-27 18:45:09,W 35 St & Dyer Ave,6569,W 37 St & 5 Ave,6398,40.754691750226016,-73.99740189313889,40.75038009,-73.98338988,casual
1663920,A7CE54654742171A,classic_bike,2022-03-16 18:17:53,2022-03-16 18:35:30,W 35 St & 9 Ave,6569,Perry St & Greenwich Ave,5955,40.75414519263519,-73.9960889518261,40.735918,-74.000939,member
1663922,594CC8DB399372D6,classic_bike,2022-03-02 10:21:16,2022-03-02 10:51:23,W 35 St & 9 Ave,6569,Adam Clayton Powell Blvd & W 130 St,7774,40.75414519263519,-73.9960889518261,40.812346,-73.946168,member
1663924,D54EE990A61B5760,electric_bike,2022-03-27 12:56:10,2022-03-27 13:16:20,W 35 St & 9 Ave,6569,Grand St & Elizabeth St,5382,40.75414519263519,-73.9960889518261,40.718822,-73.99596,member
1665885,CBF79D61ADA3F6EE,classic_bike,2022-03-11 14:48:01,2022-03-11 15:08:39,W 35 St & Dyer Ave,6569,Perry St & Greenwich Ave,5955,40.754691750226016,-73.99740189313889,40.735918,-74.000939,member
1666949,329D266AF5BD3EAA,classic_bike,2022-03-29 17:23:20,2022-03-29 17:50:32,W 36 St & 9 Ave,6569,Grand St & Elizabeth St,5382,40.75462324029105,-73.99516761302948,40.718822,-73.99596,member
1666960,381341DE350279FD,electric_bike,2022-03-16 14:44:01,2022-03-16 14:54:25,W 36 St & 9 Ave,6569,Perry St & Greenwich Ave,5955,40.75462324029105,-73.99516761302948,40.735918,-74.000939,member
1666962,430AF77DA29D4DB4,electric_bike,2022-03-27 02:46:46,2022-03-27 03:09:58,W 36 St & 9 Ave,6569,South St & Pike St,5159,40.75462324029105,-73.99516761302948,40.70991806921533,-73.99161100387573,member
1666982,9A09CB93FB4D9E62,electric_bike,2022-03-11 15:24:33,2022-03-11 15:31:53,W 36 St & 9 Ave,6569,W 37 St & 5 Ave,6398,40.75462324029105,-73.99516761302948,40.75038009,-73.98338988,casual
1667686,676B89CAFA653C71,electric_bike,2022-03-08 09:04:32,2022-03-08 09:10:38,W 36 St & 9 Ave,6569,W 37 St & 5 Ave,6398,40.75462324029105,-73.99516761302948,40.75038009,-73.98338988,casual
1667742,3509D26B65DF73E2,electric_bike,2022-03-30 17:27:53,2022-03-30 17:32:53,W 36 St & 9 Ave,6569,W 37 St & 5 Ave,6398,40.75462324029105,-73.99516761302948,40.75038009,-73.98338988,member
1667743,0C22A905BE638D55,electric_bike,2022-03-15 16:33:01,2022-03-15 16:52:54,W 36 St & 9 Ave,6569,Grand St & Elizabeth St,5382,40.75462324029105,-73.99516761302948,40.718822,-73.99596,member
1667744,DA638A4DC8EE33B5,classic_bike,2022-03-12 03:57:06,2022-03-12 04:15:16,W 36 St & 9 Ave,6569,W 37 St & 5 Ave,6398,40.75462324029105,-73.99516761302948,40.75038009,-73.98338988,casual
1668225,067605BF9F04B888,electric_bike,2022-03-23 22:02:43,2022-03-23 22:07:24,W 35 St & 9 Ave,6569,W 37 St & 5 Ave,6398,40.75414519263519,-73.9960889518261,40.75038009,-73.98338988,member
1668240,A4EBFF3E057FE0B0,electric_bike,2022-03-06 18:09:44,2022-03-06 18:39:13,W 35 St & 9 Ave,6569,Grand St & Elizabeth St,5382,40.75414519263519,-73.9960889518261,40.718822,-73.99596,member
1669030,FA0ABB4FC12976A0,classic_bike,2022-03-06 15:06:13,2022-03-06 15:52:32,W 35 St & 9 Ave,6569,South St & Pike St,5159,40.75414519263519,-73.9960889518261,40.70991806921533,-73.99161100387573,member
1669691,4C2241C343925AD7,classic_bike,2022-03-21 17:08:15,2022-03-21 17:24:46,W 35 St & 9 Ave,6569,Perry St & Greenwich Ave,5955,40.75414519263519,-73.9960889518261,40.735918,-74.000939,member
1669695,B86BEC08E87BEA34,classic_bike,2022-03-04 13:24:41,2022-03-04 13:53:32,W 35 St & 9 Ave,6569,Grand St & Elizabeth St,5382,40.75414519263519,-73.9960889518261,40.718822,-73.99596,casual
1669725,FF143792B6DB6C9A,electric_bike,2022-03-23 17:19:45,2022-03-23 17:29:22,W 35 St & 9 Ave,6569,Perry St & Greenwich Ave,5955,40.75414519263519,-73.9960889518261,40.735918,-74.000939,casual
1669732,7E82CB3B703E42FD,classic_bike,2022-03-09 18:03:41,2022-03-09 18:19:42,W 35 St & 9 Ave,6569,Perry St & Greenwich Ave,5955,40.75414519263519,-73.9960889518261,40.735918,-74.000939,member
1669739,C89FC086DDC9076D,classic_bike,2022-03-23 17:19:08,2022-03-23 17:26:19,W 35 St & 9 Ave,6569,W 37 St & 5 Ave,6398,40.75414519263519,-73.9960889518261,40.75038009,-73.98338988,member
1669741,869C2E88D6959E62,electric_bike,2022-03-30 16:31:51,2022-03-30 16:43:37,W 35 St & 9 Ave,6569,W 37 St & 5 Ave,6398,40.75414519263519,-73.9960889518261,40.75038009,-73.98338988,member
1670039,F88B1371737E639D,classic_bike,2022-03-11 16:26:01,2022-03-11 16:33:47,W 35 St & 9 Ave,6569,W 37 St & 5 Ave,6398,40.75414519263519,-73.9960889518261,40.75038009,-73.98338988,member
1670378,EA38516D794166B1,electric_bike,2022-03-25 14:19:34,2022-03-25 14:25:38,W 35 St & 9 Ave,6569,W 37 St & 5 Ave,6398,40.75414519263519,-73.9960889518261,40.75038009,-73.98338988,member
1670382,BC674653039023F5,electric_bike,2022-03-29 18:57:13,2022-03-29 19:03:19,W 35 St & 9 Ave,6569,W 37 St & 5 Ave,6398,40.75414519263519,-73.9960889518261,40.75038009,-73.98338988,member
1670384,4379403946ACC8BD,classic_bike,2022-03-14 18:04:53,2022-03-14 18:24:20,W 35 St & 9 Ave,6569,Grand St & Elizabeth St,5382,40.75414519263519,-73.9960889518261,40.718822,-73.99596,member
1670447,6C5B5654767F16F8,electric_bike,2022-03-23 17:50:45,2022-03-23 18:21:12,W 35 St & 9 Ave,6569,South St & Pike St,5159,40.75414519263519,-73.9960889518261,40.70991806921533,-73.99161100387573,member
1670642,99D1D79B0544FA3B,electric_bike,2022-03-31 11:08:32,2022-03-31 11:36:23,W 35 St & Dyer Ave,6569,Bleecker St & Crosby St,5679,40.754691750226016,-73.99740189313889,40.72615604980408,-73.99510189890862,member
1671902,9566F66551E92D3B,electric_bike,2022-03-21 22:37:06,2022-03-21 22:55:50,W 35 St & Dyer Ave,6569,Stanton St & Chrystie St,5523,40.754691750226016,-73.99740189313889,40.72229346,-73.99147535,member
1671907,F27D24E57BBCAC43,classic_bike,2022-03-21 17:18:17,2022-03-21 17:34:56,W 35 St & Dyer Ave,6569,Greenwich St & Perry St,5922,40.754691750226016,-73.99740189313889,40.73498,-74.00697,member
1671940,C88F5BC62619E4C9,docked_bike,2022-03-02 15:50:03,2022-03-02 16:29:26,W 35 St & Dyer Ave,6569,Centre St & Chambers St,5207,40.754692,-73.997402,40.712733,-74.004607,casual
1674404,FD9F007972C8F157,classic_bike,2022-03-02 15:50:01,2022-03-02 16:29:22,W 35 St & Dyer Ave,6569,Centre St & Chambers St,5207,40.754691750226016,-73.99740189313889,40.71273266,-74.0046073,casual
1674710,1110213758E55BAC,docked_bike,2022-03-20 11:07:05,2022-03-20 11:45:03,W 36 St & 9 Ave,6569,Centre St & Chambers St,5207,40.754623,-73.995168,40.712733,-74.004607,casual
1674751,CFD1CE81A004DF8D,electric_bike,2022-03-02 08:40:24,2022-03-02 08:57:12,W 36 St & 9 Ave,6569,Stanton St & Chrystie St,5523,40.75462324029105,-73.99516761302948,40.72229346,-73.99147535,member
1674759,E74F40221F2BA65F,classic_bike,2022-03-25 23:36:27,2022-03-25 23:46:56,W 36 St & 9 Ave,6569,Greenwich St & Perry St,5922,40.75462324029105,-73.99516761302948,40.73498,-74.00697,member
1674770,37FC358A07F31257,electric_bike,2022-03-06 16:33:54,2022-03-06 16:49:54,W 36 St & 9 Ave,6569,Greenwich St & Perry St,5922,40.75462324029105,-73.99516761302948,40.73498,-74.00697,casual
1674771,11A7C3F120231E97,classic_bike,2022-03-18 16:56:44,2022-03-18 17:09:47,W 36 St & 9 Ave,6569,Greenwich St & Perry St,5922,40.75462324029105,-73.99516761302948,40.73498,-74.00697,casual
1674777,C0434DDC3DA6717D,classic_bike,2022-03-17 19:47:43,2022-03-17 20:04:20,W 36 St & 9 Ave,6569,Bleecker St & Crosby St,5679,40.75462324029105,-73.99516761302948,40.72615604980408,-73.99510189890862,member
1675062,E60EF35F7200DC33,classic_bike,2022-03-29 20:47:43,2022-03-29 21:07:41,W 36 St & 9 Ave,6569,Greenwich St & Perry St,5922,40.75462324029105,-73.99516761302948,40.73498,-74.00697,member
1678644,64FA695480ED84E8,classic_bike,2022-03-31 17:28:23,2022-03-31 17:43:41,W 35 St & 9 Ave,6569,Greenwich St & Perry St,5922,40.75414519263519,-73.9960889518261,40.73498,-74.00697,member
1683797,8959592293F93136,classic_bike,2022-03-06 18:06:36,2022-03-06 18:42:27,W 35 St & 9 Ave,6569,Greenwich St & Perry St,5922,40.75414519263519,-73.9960889518261,40.73498,-74.00697,member
1686528,C3A0448FCFDE03F2,classic_bike,2022-03-06 18:05:46,2022-03-06 18:42:27,W 35 St & 9 Ave,6569,Greenwich St & Perry St,5922,40.75414519263519,-73.9960889518261,40.73498,-74.00697,member
1686546,03C4F078F0D26574,classic_bike,2022-03-14 18:53:57,2022-03-14 19:06:10,W 35 St & 9 Ave,6569,Greenwich St & Perry St,5922,40.75414519263519,-73.9960889518261,40.73498,-74.00697,member
1686568,7B05D75E875114EB,classic_bike,2022-03-17 19:41:16,2022-03-17 19:53:48,W 35 St & 9 Ave,6569,Bleecker St & Crosby St,5679,40.75414519263519,-73.9960889518261,40.72615604980408,-73.99510189890862,member
1686583,18CB616D6A301AB5,electric_bike,2022-03-18 17:13:31,2022-03-18 17:31:33,W 35 St & 9 Ave,6569,Greenwich St & Perry St,5922,40.75414519263519,-73.9960889518261,40.73498,-74.00697,member
1686629,B3F0D6A3A2D0611D,electric_bike,2022-03-03 16:23:55,2022-03-03 16:46:15,W 35 St & 9 Ave,6569,Stanton St & Chrystie St,5523,40.75414519263519,-73.9960889518261,40.72229346,-73.99147535,casual
1687181,712270F55C7F7A09,electric_bike,2022-03-31 21:46:23,2022-03-31 22:03:39,W 35 St & 9 Ave,6569,Stanton St & Chrystie St,5523,40.75414519263519,-73.9960889518261,40.72229346,-73.99147535,member
1687203,F9D2ED1F89B8D035,electric_bike,2022-03-08 17:39:51,2022-03-08 17:53:36,W 35 St & 9 Ave,6569,Bleecker St & Crosby St,5679,40.75414519263519,-73.9960889518261,40.72615604980408,-73.99510189890862,member
1687221,F43057247C5382B0,electric_bike,2022-03-23 16:48:00,2022-03-23 17:31:38,W 35 St & 9 Ave,6569,Prospect Pl & Vanderbilt Ave,4157,40.75414519263519,-73.9960889518261,40.67767534269111,-73.96902143955231,member
1687222,F2F94890667C6633,classic_bike,2022-03-18 15:50:27,2022-03-18 16:23:48,W 35 St & 9 Ave,6569,Centre St & Chambers St,5207,40.75414519263519,-73.9960889518261,40.71273266,-74.0046073,casual
1687468,ED6B732A0C1520F6,electric_bike,2022-03-30 17:58:45,2022-03-30 18:44:18,W 35 St & 9 Ave,6569,Prospect Pl & Vanderbilt Ave,4157,40.75414519263519,-73.9960889518261,40.67767534269111,-73.96902143955231,member
1688855,1D3B59A1643B6B2A,electric_bike,2022-03-03 08:49:39,2022-03-03 08:59:14,W 36 St & 9 Ave,6569,E 41 St & Madison Ave (SW corner),6474,40.75462324029105,-73.99516761302948,40.752165280621966,-73.97992193698882,member
1688856,DBCE6483BDB05C8A,classic_bike,2022-03-07 09:48:43,2022-03-07 09:56:37,W 36 St & 9 Ave,6569,E 41 St & Madison Ave (SW corner),6474,40.75462324029105,-73.99516761302948,40.752165280621966,-73.97992193698882,member
1688857,8C8DE26FF6DAFC39,classic_bike,2022-03-03 09:51:52,2022-03-03 10:02:28,W 36 St & 9 Ave,6569,E 41 St & Madison Ave (SW corner),6474,40.75462324029105,-73.99516761302948,40.752165280621966,-73.97992193698882,member
1688875,F79ABF53DC316299,classic_bike,2022-03-10 19:24:05,2022-03-10 19:32:02,W 36 St & 9 Ave,6569,W 17 St & 8 Ave,6148,40.75462324029105,-73.99516761302948,40.74177603,-74.00149746,member
1688877,2711E6812D054881,electric_bike,2022-03-25 14:52:54,2022-03-25 14:59:37,W 36 St & 9 Ave,6569,E 41 St & Madison Ave (SW corner),6474,40.75462324029105,-73.99516761302948,40.752165280621966,-73.97992193698882,member
1688884,A26B5DD8EA1B6A2D,classic_bike,2022-03-23 18:41:16,2022-03-23 18:58:24,W 36 St & 9 Ave,6569,W 17 St & 8 Ave,6148,40.75462324029105,-73.99516761302948,40.74177603,-74.00149746,casual
1688885,2C4E852F0464A3F9,classic_bike,2022-03-03 09:56:44,2022-03-03 10:08:02,W 36 St & 9 Ave,6569,W 17 St & 8 Ave,6148,40.75462324029105,-73.99516761302948,40.74177603,-74.00149746,casual
1688890,4EBC0FFAE20FEBDA,electric_bike,2022-03-02 19:23:42,2022-03-02 19:31:43,W 36 St & 9 Ave,6569,W 17 St & 8 Ave,6148,40.75462324029105,-73.99516761302948,40.74177603,-74.00149746,member
1688891,8343019415A74069,classic_bike,2022-03-31 12:18:37,2022-03-31 12:37:03,W 36 St & 9 Ave,6569,W 11 St & 6 Ave,5914,40.75462324029105,-73.99516761302948,40.73532427,-73.99800419,member
1688925,C6A2F90CF48CD7A5,classic_bike,2022-03-03 13:49:58,2022-03-03 13:58:35,W 36 St & 9 Ave,6569,E 41 St & Madison Ave (SW corner),6474,40.75462324029105,-73.99516761302948,40.752165280621966,-73.97992193698882,member
1689734,9E9BD2C5EE84FB0F,electric_bike,2022-03-31 07:22:08,2022-03-31 07:29:12,W 36 St & 9 Ave,6569,E 41 St & Madison Ave (SW corner),6474,40.75462324029105,-73.99516761302948,40.752165280621966,-73.97992193698882,member
1689834,FA220A85BFBAF2DF,classic_bike,2022-03-03 15:04:07,2022-03-03 15:13:37,W 35 St & Dyer Ave,6569,E 41 St & Madison Ave (SW corner),6474,40.754691750226016,-73.99740189313889,40.752165280621966,-73.97992193698882,member
1689835,324E5CA68935C855,classic_bike,2022-03-22 15:56:38,2022-03-22 16:04:54,W 35 St & Dyer Ave,6569,E 41 St & Madison Ave (SW corner),6474,40.754691750226016,-73.99740189313889,40.752165280621966,-73.97992193698882,member
1690016,8D301F3FAC11A92B,electric_bike,2022-03-27 10:37:03,2022-03-27 10:55:21,W 35 St & Dyer Ave,6569,E 7 St & Avenue A,5626,40.754691750226016,-73.99740189313889,40.72621788,-73.98379855,member
1692241,44F5316BDA6C13F6,classic_bike,2022-03-12 14:22:13,2022-03-12 14:26:53,W 36 St & 9 Ave,6569,8 Ave & W 31 St,6450,40.75462324029105,-73.99516761302948,40.7505853470215,-73.9946848154068,member
1692244,524AA7C7FE23CE71,classic_bike,2022-03-26 23:56:15,2022-03-26 23:59:47,W 36 St & 9 Ave,6569,8 Ave & W 31 St,6450,40.75462324029105,-73.99516761302948,40.7505853470215,-73.9946848154068,casual
1692246,BAE14D5B90001C4C,classic_bike,2022-03-18 16:23:09,2022-03-18 16:34:33,W 36 St & 9 Ave,6569,W 17 St & 8 Ave,6148,40.75462324029105,-73.99516761302948,40.74177603,-74.00149746,casual
1692247,B3B30760F46EA158,electric_bike,2022-03-02 09:42:23,2022-03-02 09:51:15,W 36 St & 9 Ave,6569,E 41 St & Madison Ave (SW corner),6474,40.75462324029105,-73.99516761302948,40.752165280621966,-73.97992193698882,member
1692257,B7B33E2499E35ADD,classic_bike,2022-03-21 18:25:49,2022-03-21 18:34:25,W 36 St & 9 Ave,6569,W 17 St & 8 Ave,6148,40.75462324029105,-73.99516761302948,40.74177603,-74.00149746,member
1692258,C18D6E376763AA21,classic_bike,2022-03-09 14:13:14,2022-03-09 14:22:51,W 36 St & 9 Ave,6569,E 41 St & Madison Ave (SW corner),6474,40.75462324029105,-73.99516761302948,40.752165280621966,-73.97992193698882,member
1692265,75AD5E81E3ADF88E,electric_bike,2022-03-15 09:39:17,2022-03-15 09:48:09,W 36 St & 9 Ave,6569,E 41 St & Madison Ave (SW corner),6474,40.75462324029105,-73.99516761302948,40.752165280621966,-73.97992193698882,member
1692284,67DDD3524129C77C,electric_bike,2022-03-25 08:48:54,2022-03-25 08:57:36,W 35 St & 9 Ave,6569,W 17 St & 8 Ave,6148,40.75414519263519,-73.9960889518261,40.74177603,-74.00149746,casual
1692300,78D07EB4CA108030,electric_bike,2022-03-14 08:23:13,2022-03-14 08:30:33,W 36 St & 9 Ave,6569,E 41 St & Madison Ave (SW corner),6474,40.75462324029105,-73.99516761302948,40.752165280621966,-73.97992193698882,member
1692301,ED654F697D41B95A,electric_bike,2022-03-29 09:59:42,2022-03-29 10:10:25,W 36 St & 9 Ave,6569,E 41 St & Madison Ave (SW corner),6474,40.75462324029105,-73.99516761302948,40.752165280621966,-73.97992193698882,member
1695335,9A2742B36CD5D52A,classic_bike,2022-03-16 15:47:50,2022-03-16 15:51:13,W 35 St & Dyer Ave,6569,8 Ave & W 31 St,6450,40.754691750226016,-73.99740189313889,40.7505853470215,-73.9946848154068,member
1697529,E7D007289FC82014,classic_bike,2022-03-18 15:25:33,2022-03-18 15:33:13,W 35 St & 9 Ave,6569,W 17 St & 8 Ave,6148,40.75414519263519,-73.9960889518261,40.74177603,-74.00149746,member
1697533,C0DD8B86994EFEE3,electric_bike,2022-03-06 16:55:43,2022-03-06 17:00:56,W 35 St & 9 Ave,6569,W 17 St & 8 Ave,6148,40.75414519263519,-73.9960889518261,40.74177603,-74.00149746,member
1697538,522E5BFEB6642E37,electric_bike,2022-03-21 10:40:14,2022-03-21 10:59:53,W 35 St & 9 Ave,6569,8 Ave & W 31 St,6450,40.75414519263519,-73.9960889518261,40.7505853470215,-73.9946848154068,member
1697593,8A77121F0FC732A7,electric_bike,2022-03-04 05:59:54,2022-03-04 06:05:53,W 36 St & 9 Ave,6569,E 41 St & Madison Ave (SW corner),6474,40.75462324029105,-73.99516761302948,40.752165280621966,-73.97992193698882,member
1697603,21043E37A9CA4AFE,electric_bike,2022-03-10 11:55:52,2022-03-10 12:02:18,W 36 St & 9 Ave,6569,E 41 St & Madison Ave (SW corner),6474,40.75462324029105,-73.99516761302948,40.752165280621966,-73.97992193698882,casual
1697608,112A3EDA38A0A036,electric_bike,2022-03-14 13:01:02,2022-03-14 13:15:59,W 36 St & 9 Ave,6569,E 7 St & Avenue A,5626,40.75462324029105,-73.99516761302948,40.72621788,-73.98379855,member
1697612,E6EB1968E097F52E,electric_bike,2022-03-08 08:56:15,2022-03-08 08:59:17,W 36 St & 9 Ave,6569,8 Ave & W 31 St,6450,40.75462324029105,-73.99516761302948,40.7505853470215,-73.9946848154068,member
1697614,40190AC8D7F8AA87,classic_bike,2022-03-16 21:03:35,2022-03-16 21:07:36,W 36 St & 9 Ave,6569,8 Ave & W 31 St,6450,40.75462324029105,-73.99516761302948,40.7505853470215,-73.9946848154068,member
1697617,DB2F5000326C1C3B,classic_bike,2022-03-22 19:06:58,2022-03-22 19:16:34,W 36 St & 9 Ave,6569,E 41 St & Madison Ave (SW corner),6474,40.75462324029105,-73.99516761302948,40.752165280621966,-73.97992193698882,casual
1697621,84EE811231691745,electric_bike,2022-03-03 17:27:22,2022-03-03 17:32:32,W 36 St & 9 Ave,6569,E 41 St & Madison Ave (SW corner),6474,40.75462324029105,-73.99516761302948,40.752165280621966,-73.97992193698882,member
1698059,A3BF6F9409A8C10C,classic_bike,2022-03-16 11:17:46,2022-03-16 11:22:24,W 36 St & 9 Ave,6569,8 Ave & W 31 St,6450,40.75462324029105,-73.99516761302948,40.7505853470215,-73.9946848154068,member
1698093,3525B1470DD67A66,classic_bike,2022-03-25 21:10:22,2022-03-25 21:19:54,W 35 St & 9 Ave,6569,W 17 St & 8 Ave,6148,40.75414519263519,-73.9960889518261,40.74177603,-74.00149746,member
1698216,B9C191A091545F65,classic_bike,2022-03-26 17:19:42,2022-03-26 17:24:13,W 36 St & 9 Ave,6569,8 Ave & W 31 St,6450,40.75462324029105,-73.99516761302948,40.7505853470215,-73.9946848154068,member
1698218,E8DBF34C3FB85B6D,electric_bike,2022-03-23 06:41:04,2022-03-23 06:47:10,W 36 St & 9 Ave,6569,W 17 St & 8 Ave,6148,40.75462324029105,-73.99516761302948,40.74177603,-74.00149746,member
1698258,E473CB4AC7841F6D,electric_bike,2022-03-15 18:36:41,2022-03-15 19:11:06,W 35 St & 9 Ave,6569,Madison Ave & E 120 St,7667,40.75414519263519,-73.9960889518261,40.80295,-73.942954,member
1698682,A96B89BBD756122D,classic_bike,2022-03-23 09:49:20,2022-03-23 10:00:01,W 36 St & 9 Ave,6569,E 41 St & Madison Ave (SW corner),6474,40.75462324029105,-73.99516761302948,40.752165280621966,-73.97992193698882,member
1698683,E507C377299AE427,classic_bike,2022-03-31 10:10:16,2022-03-31 10:18:44,W 36 St & 9 Ave,6569,E 41 St & Madison Ave (SW corner),6474,40.75462324029105,-73.99516761302948,40.752165280621966,-73.97992193698882,member
1702569,C4DC4FFB4667B8AD,electric_bike,2022-03-30 08:54:17,2022-03-30 09:02:38,W 35 St & Dyer Ave,6569,W 17 St & 8 Ave,6148,40.754691750226016,-73.99740189313889,40.74177603,-74.00149746,casual
1702574,22B92B67284CF633,classic_bike,2022-03-27 07:54:38,2022-03-27 07:57:24,W 35 St & Dyer Ave,6569,8 Ave & W 31 St,6450,40.754691750226016,-73.99740189313889,40.7505853470215,-73.9946848154068,member
1703421,D8F94820A268106C,classic_bike,2022-03-10 09:56:37,2022-03-10 09:59:38,W 35 St & Dyer Ave,6569,8 Ave & W 31 St,6450,40.754691750226016,-73.99740189313889,40.7505853470215,-73.9946848154068,member
1704232,3D34CC0205ABC658,classic_bike,2022-03-02 16:05:47,2022-03-02 16:13:50,W 35 St & 9 Ave,6569,E 41 St & Madison Ave (SW corner),6474,40.75414519263519,-73.9960889518261,40.752165280621966,-73.97992193698882,member
1704241,0EE3A44D5F99944F,classic_bike,2022-03-23 13:46:48,2022-03-23 13:55:48,W 35 St & 9 Ave,6569,E 41 St & Madison Ave (SW corner),6474,40.75414519263519,-73.9960889518261,40.752165280621966,-73.97992193698882,member
1704259,6A52DB7441563812,classic_bike,2022-03-08 13:42:53,2022-03-08 13:54:11,W 35 St & 9 Ave,6569,W 17 St & 8 Ave,6148,40.75414519263519,-73.9960889518261,40.74177603,-74.00149746,casual
1704282,49DE0EB99234C8C6,classic_bike,2022-03-27 21:42:53,2022-03-27 21:46:40,W 35 St & 9 Ave,6569,8 Ave & W 31 St,6450,40.75414519263519,-73.9960889518261,40.7505853470215,-73.9946848154068,casual
1704283,8A15F4D0A9023148,classic_bike,2022-03-10 21:03:24,2022-03-10 21:12:49,W 35 St & 9 Ave,6569,W 17 St & 8 Ave,6148,40.75414519263519,-73.9960889518261,40.74177603,-74.00149746,casual
1704326,5B42B165C214042B,classic_bike,2022-03-21 14:19:03,2022-03-21 14:27:04,W 35 St & 9 Ave,6569,E 41 St & Madison Ave (SW corner),6474,40.75414519263519,-73.9960889518261,40.752165280621966,-73.97992193698882,member
1704327,24BA29A41CF4AD09,classic_bike,2022-03-22 14:13:18,2022-03-22 14:22:45,W 35 St & 9 Ave,6569,E 41 St & Madison Ave (SW corner),6474,40.75414519263519,-73.9960889518261,40.752165280621966,-73.97992193698882,member
1704942,B5BBD990C38B6BE8,electric_bike,2022-03-15 09:59:08,2022-03-15 10:10:22,W 36 St & 9 Ave,6569,E 41 St & Madison Ave (SW corner),6474,40.75462324029105,-73.99516761302948,40.752165280621966,-73.97992193698882,member
1704984,5A1DD839D84195FA,electric_bike,2022-03-29 07:48:17,2022-03-29 07:57:30,W 36 St & 9 Ave,6569,E 41 St & Madison Ave (SW corner),6474,40.75462324029105,-73.99516761302948,40.752165280621966,-73.97992193698882,member
1704985,F394C08D586E2B05,classic_bike,2022-03-21 09:51:52,2022-03-21 10:02:44,W 36 St & 9 Ave,6569,E 41 St & Madison Ave (SW corner),6474,40.75462324029105,-73.99516761302948,40.752165280621966,-73.97992193698882,member
1704986,D84D23F707FFD043,classic_bike,2022-03-17 10:15:58,2022-03-17 10:25:34,W 36 St & 9 Ave,6569,E 41 St & Madison Ave (SW corner),6474,40.75462324029105,-73.99516761302948,40.752165280621966,-73.97992193698882,member
1705239,081EF2DCB5B42325,classic_bike,2022-03-04 13:16:42,2022-03-04 13:25:43,W 35 St & 9 Ave,6569,E 41 St & Madison Ave (SW corner),6474,40.75414519263519,-73.9960889518261,40.752165280621966,-73.97992193698882,member
1705253,3A023DD8F3E2A11A,classic_bike,2022-03-14 18:53:37,2022-03-14 19:03:51,W 35 St & 9 Ave,6569,W 17 St & 8 Ave,6148,40.75414519263519,-73.9960889518261,40.74177603,-74.00149746,member
1705300,7932C2A77730085C,classic_bike,2022-03-01 18:34:26,2022-03-01 18:41:23,W 35 St & 9 Ave,6569,W 17 St & 8 Ave,6148,40.75414519263519,-73.9960889518261,40.74177603,-74.00149746,member
1705381,CF1EC7CA136992B3,electric_bike,2022-03-14 21:12:28,2022-03-14 21:19:01,W 35 St & 9 Ave,6569,W 17 St & 8 Ave,6148,40.75414519263519,-73.9960889518261,40.74177603,-74.00149746,casual
1707040,AEC4B9A43C846D0A,classic_bike,2022-03-18 16:24:13,2022-03-18 16:34:41,W 36 St & 9 Ave,6569,W 17 St & 8 Ave,6148,40.75462324029105,-73.99516761302948,40.74177603,-74.00149746,member
1708163,0CF5C468D25EC9D5,electric_bike,2022-03-25 17:36:36,2022-03-25 17:44:59,W 36 St & 9 Ave,6569,W 17 St & 8 Ave,6148,40.75462324029105,-73.99516761302948,40.74177603,-74.00149746,member
1708656,EA1DFD2BECBD5F0A,classic_bike,2022-03-21 08:43:40,2022-03-21 08:56:11,W 35 St & 9 Ave,6569,W 17 St & 8 Ave,6148,40.75414519263519,-73.9960889518261,40.74177603,-74.00149746,member
1708705,03F48ABC06F097CE,electric_bike,2022-03-25 16:00:41,2022-03-25 16:06:42,W 35 St & 9 Ave,6569,W 17 St & 8 Ave,6148,40.75414519263519,-73.9960889518261,40.74177603,-74.00149746,member
1708719,4369E80141F53C64,classic_bike,2022-03-16 15:32:51,2022-03-16 15:43:27,W 35 St & 9 Ave,6569,E 41 St & Madison Ave (SW corner),6474,40.75414519263519,-73.9960889518261,40.752165280621966,-73.97992193698882,member
1708721,406DBF3FF875F1AF,classic_bike,2022-03-26 19:16:12,2022-03-26 19:26:00,W 35 St & 9 Ave,6569,W 17 St & 8 Ave,6148,40.75414519263519,-73.9960889518261,40.74177603,-74.00149746,casual
1708726,F568A19D88552201,electric_bike,2022-03-02 17:19:51,2022-03-02 17:28:50,W 35 St & 9 Ave,6569,E 41 St & Madison Ave (SW corner),6474,40.75414519263519,-73.9960889518261,40.752165280621966,-73.97992193698882,casual
1708902,3614EAC1E7A70731,classic_bike,2022-03-24 19:54:07,2022-03-24 20:03:50,W 35 St & 9 Ave,6569,W 17 St & 8 Ave,6148,40.75414519263519,-73.9960889518261,40.74177603,-74.00149746,member
1708913,6DEA8D2C560FA039,classic_bike,2022-03-31 08:27:18,2022-03-31 08:37:45,W 35 St & 9 Ave,6569,E 41 St & Madison Ave (SW corner),6474,40.75414519263519,-73.9960889518261,40.752165280621966,-73.97992193698882,member
1708925,F81AAEB452B4E5BF,classic_bike,2022-03-26 23:53:42,2022-03-27 00:04:48,W 35 St & 9 Ave,6569,W 17 St & 8 Ave,6148,40.75414519263519,-73.9960889518261,40.74177603,-74.00149746,member
1708928,31DB046E92B98EA1,classic_bike,2022-03-28 13:40:51,2022-03-28 14:03:30,W 35 St & 9 Ave,6569,E 7 St & Avenue A,5626,40.75414519263519,-73.9960889518261,40.72621788,-73.98379855,member
1708948,C609395CD7AD6316,classic_bike,2022-03-08 17:27:17,2022-03-08 17:43:10,W 35 St & 9 Ave,6569,W 11 St & 6 Ave,5914,40.75414519263519,-73.9960889518261,40.73532427,-73.99800419,member
1708957,1C80BEE5CEBA9D1C,electric_bike,2022-03-03 11:30:14,2022-03-03 11:37:56,W 35 St & 9 Ave,6569,W 17 St & 8 Ave,6148,40.75414519263519,-73.9960889518261,40.74177603,-74.00149746,member
1709695,8BE5013C52593DB1,classic_bike,2022-03-14 22:48:08,2022-03-14 22:51:52,W 35 St & 9 Ave,6569,8 Ave & W 31 St,6450,40.75414519263519,-73.9960889518261,40.7505853470215,-73.9946848154068,member
1711192,D3888D6C9F954B39,electric_bike,2022-03-25 19:22:50,2022-03-25 19:32:49,W 36 St & 9 Ave,6569,Gansevoort St & Hudson St,6072,40.75462324029105,-73.99516761302948,40.73944820130404,-74.00507032871246,casual
1711369,0EBFA8BA28353EEC,electric_bike,2022-03-20 13:16:57,2022-03-20 14:07:38,W 36 St & 9 Ave,6569,Gansevoort St & Hudson St,6072,40.75462324029105,-73.99516761302948,40.73944820130404,-74.00507032871246,member
1711372,58A7C5177B8A7A1C,electric_bike,2022-03-26 10:06:47,2022-03-26 10:10:04,W 36 St & 9 Ave,6569,W 30 St & 8 Ave,6373,40.75462324029105,-73.99516761302948,40.74965268472847,-73.9952078461647,casual
1712141,B83AA8BDA1E69207,electric_bike,2022-03-29 17:49:27,2022-03-29 17:52:10,W 35 St & Dyer Ave,6569,W 30 St & 8 Ave,6373,40.754691750226016,-73.99740189313889,40.74965268472847,-73.9952078461647,member
1712155,399886F00373A87B,classic_bike,2022-03-06 18:35:11,2022-03-06 18:51:08,W 35 St & Dyer Ave,6569,Gansevoort St & Hudson St,6072,40.754691750226016,-73.99740189313889,40.73944820130404,-74.00507032871246,member
1712158,035CB4BBA51DC65A,classic_bike,2022-03-15 09:53:10,2022-03-15 09:56:24,W 35 St & Dyer Ave,6569,W 30 St & 8 Ave,6373,40.754691750226016,-73.99740189313889,40.74965268472847,-73.9952078461647,member
1712159,7443742BAADD72D1,classic_bike,2022-03-20 09:47:57,2022-03-20 09:51:31,W 35 St & Dyer Ave,6569,W 30 St & 8 Ave,6373,40.754691750226016,-73.99740189313889,40.74965268472847,-73.9952078461647,member
1712162,F2D62348C1A3201A,classic_bike,2022-03-26 20:51:34,2022-03-26 21:05:14,W 35 St & Dyer Ave,6569,E 9 St & 5 Ave,5872,40.754691750226016,-73.99740189313889,40.73275887045087,-73.99581670761108,member
1712164,F04882736BB73F28,electric_bike,2022-03-23 18:20:57,2022-03-23 18:26:31,W 35 St & Dyer Ave,6569,W 30 St & 8 Ave,6373,40.754691750226016,-73.99740189313889,40.74965268472847,-73.9952078461647,member
1712168,E0D56A714B0C2FF5,classic_bike,2022-03-09 07:24:31,2022-03-09 07:28:15,W 35 St & Dyer Ave,6569,W 30 St & 8 Ave,6373,40.754691750226016,-73.99740189313889,40.74965268472847,-73.9952078461647,member
1712169,7B147355CC2B39F6,classic_bike,2022-03-28 09:54:18,2022-03-28 09:57:55,W 35 St & Dyer Ave,6569,W 30 St & 8 Ave,6373,40.754691750226016,-73.99740189313889,40.74965268472847,-73.9952078461647,member
1712170,D23238B620CCB1EA,classic_bike,2022-03-07 18:18:12,2022-03-08 06:06:40,W 35 St & Dyer Ave,6569,E 9 St & 5 Ave,5872,40.754691750226016,-73.99740189313889,40.73275887045087,-73.99581670761108,member
1712184,7E7AC5954BE0F08F,classic_bike,2022-03-20 13:43:49,2022-03-20 13:49:12,W 35 St & Dyer Ave,6569,W 30 St & 8 Ave,6373,40.754691750226016,-73.99740189313889,40.74965268472847,-73.9952078461647,member
1712204,27E1844D5ECE3051,classic_bike,2022-03-09 19:37:05,2022-03-09 19:41:31,W 35 St & Dyer Ave,6569,W 30 St & 8 Ave,6373,40.754691750226016,-73.99740189313889,40.74965268472847,-73.9952078461647,member
1712212,2806B28CCD9B96AF,classic_bike,2022-03-08 18:57:41,2022-03-08 19:15:35,W 35 St & Dyer Ave,6569,E 23 St & 1 Ave,5929,40.754691750226016,-73.99740189313889,40.736502,-73.97809472,member
1712213,BDDE932F60F505A8,classic_bike,2022-03-06 17:25:35,2022-03-06 17:40:10,W 35 St & Dyer Ave,6569,E 9 St & 5 Ave,5872,40.754691750226016,-73.99740189313889,40.73275887045087,-73.99581670761108,member
1712226,0A1B07B90411C80F,classic_bike,2022-03-22 09:38:52,2022-03-22 09:42:51,W 35 St & Dyer Ave,6569,W 30 St & 8 Ave,6373,40.754691750226016,-73.99740189313889,40.74965268472847,-73.9952078461647,member
1712227,EC1F2C40DC7E7FD5,classic_bike,2022-03-02 09:58:47,2022-03-02 10:02:24,W 35 St & Dyer Ave,6569,W 30 St & 8 Ave,6373,40.754691750226016,-73.99740189313889,40.74965268472847,-73.9952078461647,member
1712240,408740D8403BE4F2,electric_bike,2022-03-12 10:55:42,2022-03-12 10:59:11,W 35 St & Dyer Ave,6569,W 30 St & 8 Ave,6373,40.754691750226016,-73.99740189313889,40.74965268472847,-73.9952078461647,member
1712242,7E7E1387AEBACB82,classic_bike,2022-03-18 10:33:18,2022-03-18 10:36:52,W 35 St & Dyer Ave,6569,W 30 St & 8 Ave,6373,40.754691750226016,-73.99740189313889,40.74965268472847,-73.9952078461647,member
1712244,F7036F1151D7F084,classic_bike,2022-03-16 11:16:21,2022-03-16 11:20:41,W 35 St & Dyer Ave,6569,W 30 St & 8 Ave,6373,40.754691750226016,-73.99740189313889,40.74965268472847,-73.9952078461647,member
1712438,DDF7D0AC33A282B2,classic_bike,2022-03-26 21:11:54,2022-03-26 21:21:28,W 36 St & 9 Ave,6569,Gansevoort St & Hudson St,6072,40.75462324029105,-73.99516761302948,40.73944820130404,-74.00507032871246,member
1712778,DE59DD6A367E0AB9,classic_bike,2022-03-21 17:06:39,2022-03-21 17:15:19,W 35 St & Dyer Ave,6569,Gansevoort St & Hudson St,6072,40.754691750226016,-73.99740189313889,40.73944820130404,-74.00507032871246,member
1712784,747DD01743BDAA41,electric_bike,2022-03-23 09:48:37,2022-03-23 09:51:44,W 35 St & Dyer Ave,6569,W 30 St & 8 Ave,6373,40.754691750226016,-73.99740189313889,40.74965268472847,-73.9952078461647,member
1712785,EBA390DDAF48176A,electric_bike,2022-03-03 09:50:38,2022-03-03 09:53:28,W 35 St & Dyer Ave,6569,W 30 St & 8 Ave,6373,40.754691750226016,-73.99740189313889,40.74965268472847,-73.9952078461647,member
1712786,6C60BCE41047168E,classic_bike,2022-03-16 07:25:46,2022-03-16 07:29:16,W 35 St & Dyer Ave,6569,W 30 St & 8 Ave,6373,40.754691750226016,-73.99740189313889,40.74965268472847,-73.9952078461647,member
1713576,690DC4CFB640EBBE,classic_bike,2022-03-13 09:47:52,2022-03-13 09:51:32,W 35 St & Dyer Ave,6569,W 30 St & 8 Ave,6373,40.754691750226016,-73.99740189313889,40.74965268472847,-73.9952078461647,member
1713587,610D11D89BFCE0A4,classic_bike,2022-03-14 09:54:53,2022-03-14 09:58:18,W 35 St & Dyer Ave,6569,W 30 St & 8 Ave,6373,40.754691750226016,-73.99740189313889,40.74965268472847,-73.9952078461647,member
1716901,16F829AEB8A84723,classic_bike,2022-03-09 19:36:44,2022-03-09 19:41:30,W 35 St & Dyer Ave,6569,W 30 St & 8 Ave,6373,40.754691750226016,-73.99740189313889,40.74965268472847,-73.9952078461647,member
1716907,5F4CFC050724B9F8,classic_bike,2022-03-05 12:37:06,2022-03-05 12:41:18,W 35 St & Dyer Ave,6569,W 30 St & 8 Ave,6373,40.754691750226016,-73.99740189313889,40.74965268472847,-73.9952078461647,member
1716917,6F55F800536B2D40,classic_bike,2022-03-31 17:45:22,2022-03-31 18:02:49,W 35 St & Dyer Ave,6569,E 9 St & 5 Ave,5872,40.754691750226016,-73.99740189313889,40.73275887045087,-73.99581670761108,member
1716921,C9F1A18C22A7E7DA,electric_bike,2022-03-27 09:49:39,2022-03-27 09:52:02,W 35 St & Dyer Ave,6569,W 30 St & 8 Ave,6373,40.754691750226016,-73.99740189313889,40.74965268472847,-73.9952078461647,member
1716940,2F8137DF783943C8,electric_bike,2022-03-30 20:18:22,2022-03-30 20:24:27,W 35 St & Dyer Ave,6569,W 30 St & 8 Ave,6373,40.754691750226016,-73.99740189313889,40.74965268472847,-73.9952078461647,member
1716944,37D9446BA99CFE83,classic_bike,2022-03-08 11:50:24,2022-03-08 11:54:02,W 35 St & Dyer Ave,6569,W 30 St & 8 Ave,6373,40.754691750226016,-73.99740189313889,40.74965268472847,-73.9952078461647,member
1716945,29025972682ECE97,electric_bike,2022-03-21 09:49:50,2022-03-21 09:53:14,W 35 St & Dyer Ave,6569,W 30 St & 8 Ave,6373,40.754691750226016,-73.99740189313889,40.74965268472847,-73.9952078461647,member
1717025,3C7593B842905EFF,electric_bike,2022-03-03 17:29:10,2022-03-03 17:54:03,W 35 St & Dyer Ave,6569,Allen St & Hester St,5342,40.754691750226016,-73.99740189313889,40.71605866,-73.99190759,member
1717061,E8907EEF13C56952,classic_bike,2022-03-03 16:36:32,2022-03-03 16:46:15,W 35 St & Dyer Ave,6569,Gansevoort St & Hudson St,6072,40.754691750226016,-73.99740189313889,40.73944820130404,-74.00507032871246,member
1717601,AC3F2855B4E3E1E6,classic_bike,2022-03-22 17:38:18,2022-03-22 17:41:25,W 35 St & 9 Ave,6569,W 30 St & 8 Ave,6373,40.75414519263519,-73.9960889518261,40.74965268472847,-73.9952078461647,member
1717638,FE92D65BD537ED79,classic_bike,2022-03-14 18:30:10,2022-03-14 18:40:08,W 35 St & 9 Ave,6569,Gansevoort St & Hudson St,6072,40.75414519263519,-73.9960889518261,40.73944820130404,-74.00507032871246,member
1718171,B09D3DAE700AD476,electric_bike,2022-03-20 10:56:01,2022-03-20 11:00:49,W 35 St & 9 Ave,6569,W 30 St & 8 Ave,6373,40.75414519263519,-73.9960889518261,40.74965268472847,-73.9952078461647,member
1718277,F6330BCD7752C96B,classic_bike,2022-03-19 18:10:18,2022-03-19 18:22:14,W 36 St & 9 Ave,6569,W 30 St & 8 Ave,6373,40.75462324029105,-73.99516761302948,40.74965268472847,-73.9952078461647,casual
1718336,BCA584532B486D2F,classic_bike,2022-03-23 11:42:34,2022-03-23 11:58:29,W 36 St & 9 Ave,6569,Gansevoort St & Hudson St,6072,40.75462324029105,-73.99516761302948,40.73944820130404,-74.00507032871246,casual
1718414,F5464975EBE98184,electric_bike,2022-03-23 01:47:42,2022-03-23 01:55:03,W 36 St & 9 Ave,6569,W 30 St & 8 Ave,6373,40.75462324029105,-73.99516761302948,40.74965268472847,-73.9952078461647,casual
1719142,31E23E8842475F41,electric_bike,2022-03-30 18:25:40,2022-03-30 18:30:52,W 36 St & 9 Ave,6569,W 30 St & 8 Ave,6373,40.75462324029105,-73.99516761302948,40.74965268472847,-73.9952078461647,member
1722771,8040005835FC5C10,electric_bike,2022-03-24 16:41:17,2022-03-24 16:44:40,W 35 St & 9 Ave,6569,W 30 St & 8 Ave,6373,40.75414519263519,-73.9960889518261,40.74965268472847,-73.9952078461647,member
1722795,60468C01343C6D96,electric_bike,2022-03-14 08:51:42,2022-03-14 09:06:39,W 35 St & 9 Ave,6569,E 23 St & 1 Ave,5929,40.75414519263519,-73.9960889518261,40.736502,-73.97809472,member
1722852,AADBCB63C2AE8A0E,classic_bike,2022-03-23 17:56:28,2022-03-23 18:04:05,W 35 St & 9 Ave,6569,Gansevoort St & Hudson St,6072,40.75414519263519,-73.9960889518261,40.73944820130404,-74.00507032871246,casual
1724176,CE627074307AFE26,classic_bike,2022-03-01 23:16:50,2022-03-01 23:20:18,W 35 St & 9 Ave,6569,W 30 St & 8 Ave,6373,40.75414519263519,-73.9960889518261,40.74965268472847,-73.9952078461647,member
1724319,A332EEF1BF5B10FD,classic_bike,2022-03-25 18:19:06,2022-03-25 18:23:36,W 35 St & 9 Ave,6569,W 30 St & 8 Ave,6373,40.75414519263519,-73.9960889518261,40.74965268472847,-73.9952078461647,member
1724327,9F574811A3F27FE0,classic_bike,2022-03-31 08:08:28,2022-03-31 08:26:09,W 35 St & 9 Ave,6569,E 23 St & 1 Ave,5929,40.75414519263519,-73.9960889518261,40.736502,-73.97809472,member
1724341,1EB6D41DEF668ADC,classic_bike,2022-03-16 08:46:00,2022-03-16 09:02:09,W 35 St & 9 Ave,6569,E 23 St & 1 Ave,5929,40.75414519263519,-73.9960889518261,40.736502,-73.97809472,member
1724366,F7A1F72969C31C39,classic_bike,2022-03-23 17:28:52,2022-03-23 17:33:14,W 35 St & 9 Ave,6569,W 30 St & 8 Ave,6373,40.75414519263519,-73.9960889518261,40.74965268472847,-73.9952078461647,member
1724446,6E10B69C86FA3C52,electric_bike,2022-03-30 08:13:38,2022-03-30 08:27:34,W 35 St & 9 Ave,6569,E 23 St & 1 Ave,5929,40.75414519263519,-73.9960889518261,40.736502,-73.97809472,member
1724447,4D2757E7555BFFE9,classic_bike,2022-03-30 18:25:53,2022-03-30 18:30:57,W 36 St & 9 Ave,6569,W 30 St & 8 Ave,6373,40.75462324029105,-73.99516761302948,40.74965268472847,-73.9952078461647,member
1725950,3F299A1353FAC434,electric_bike,2022-03-16 10:46:18,2022-03-16 11:03:15,W 35 St & Dyer Ave,6569,E 68 St & Madison Ave,6932,40.754691750226016,-73.99740189313889,40.7691572,-73.96703464,member
1726719,83C2808E85E6D3C3,electric_bike,2022-03-10 19:12:56,2022-03-10 19:21:35,W 35 St & Dyer Ave,6569,W 54 St & 11 Ave,6955,40.754691750226016,-73.99740189313889,40.768333,-73.992573,member
1726720,FE2C7CBC89D7037C,electric_bike,2022-03-18 10:20:49,2022-03-18 10:25:20,W 35 St & Dyer Ave,6569,Broadway & W 41 St,6560,40.754691750226016,-73.99740189313889,40.75513557,-73.98658032,member
1726733,22F3AA7BD610A896,classic_bike,2022-03-22 07:51:25,2022-03-22 08:05:16,W 35 St & Dyer Ave,6569,Broadway & W 41 St,6560,40.754691750226016,-73.99740189313889,40.75513557,-73.98658032,member
1726771,9AE25BD4C806D85E,electric_bike,2022-03-17 10:26:33,2022-03-17 10:40:10,W 35 St & Dyer Ave,6569,E 68 St & Madison Ave,6932,40.754691750226016,-73.99740189313889,40.7691572,-73.96703464,member
1726772,6892C929D4CE7927,electric_bike,2022-03-11 10:47:41,2022-03-11 11:00:51,W 35 St & Dyer Ave,6569,E 68 St & Madison Ave,6932,40.754691750226016,-73.99740189313889,40.7691572,-73.96703464,member
1726789,CEDF420957570A5D,classic_bike,2022-03-04 12:15:46,2022-03-04 12:28:54,W 35 St & Dyer Ave,6569,W 54 St & 11 Ave,6955,40.754691750226016,-73.99740189313889,40.768333,-73.992573,member
1726911,B20983784814AB9F,electric_bike,2022-03-01 09:58:42,2022-03-01 10:03:55,W 35 St & 9 Ave,6569,Broadway & W 41 St,6560,40.75414519263519,-73.9960889518261,40.75513557,-73.98658032,member
1727102,42BE85EAF1D2D15C,classic_bike,2022-03-15 08:13:39,2022-03-15 08:24:57,W 35 St & Dyer Ave,6569,Broadway & W 41 St,6560,40.754691750226016,-73.99740189313889,40.75513557,-73.98658032,member
1727210,C331F283BF815D42,electric_bike,2022-03-24 16:12:47,2022-03-24 16:30:19,W 36 St & 9 Ave,6569,W 54 St & 11 Ave,6955,40.75462324029105,-73.99516761302948,40.768333,-73.992573,member
1727212,9387CCC8E883ACB4,electric_bike,2022-03-17 13:11:39,2022-03-17 13:17:40,W 36 St & 9 Ave,6569,W 54 St & 11 Ave,6955,40.75462324029105,-73.99516761302948,40.768333,-73.992573,casual
1727221,C308D1313A91B709,electric_bike,2022-03-30 10:37:05,2022-03-30 10:44:35,W 36 St & 9 Ave,6569,Broadway & W 61 St,7014,40.75462324029105,-73.99516761302948,40.77003010255044,-73.9819684624672,member
1727222,0C24D66D2B08F41A,electric_bike,2022-03-25 12:51:51,2022-03-25 12:58:03,W 36 St & 9 Ave,6569,W 54 St & 11 Ave,6955,40.75462324029105,-73.99516761302948,40.768333,-73.992573,member
1727224,C8F3E8E3135EE57F,electric_bike,2022-03-30 13:31:30,2022-03-30 13:44:55,W 36 St & 9 Ave,6569,Broadway & W 61 St,7014,40.75462324029105,-73.99516761302948,40.77003010255044,-73.9819684624672,member
1727225,C50E3A9D2A26784F,electric_bike,2022-03-12 03:25:07,2022-03-12 03:40:59,W 36 St & 9 Ave,6569,W 54 St & 11 Ave,6955,40.75462324029105,-73.99516761302948,40.768333,-73.992573,member
1727336,4D4D6370535BD8A3,electric_bike,2022-03-04 16:49:31,2022-03-04 16:55:57,W 36 St & 9 Ave,6569,W 54 St & 11 Ave,6955,40.75462324029105,-73.99516761302948,40.768333,-73.992573,member
1727359,D27836B35616DE82,classic_bike,2022-03-16 19:18:20,2022-03-16 19:30:42,W 36 St & 9 Ave,6569,Broadway & W 61 St,7014,40.75462324029105,-73.99516761302948,40.77003010255044,-73.9819684624672,member
1727685,555EC686E6F26700,classic_bike,2022-03-27 11:00:43,2022-03-27 11:16:23,W 35 St & Dyer Ave,6569,Broadway & W 61 St,7014,40.754691750226016,-73.99740189313889,40.77003010255044,-73.9819684624672,casual
1727688,A74B79798B7FDCC4,electric_bike,2022-03-25 19:04:24,2022-03-25 19:12:30,W 35 St & Dyer Ave,6569,W 54 St & 11 Ave,6955,40.754691750226016,-73.99740189313889,40.768333,-73.992573,casual
1729954,75BDAD6E0E13F22F,electric_bike,2022-03-26 10:39:16,2022-03-26 10:53:51,W 35 St & Dyer Ave,6569,E 68 St & Madison Ave,6932,40.754691750226016,-73.99740189313889,40.7691572,-73.96703464,member
1729958,07143504F1E7FF19,electric_bike,2022-03-08 10:07:16,2022-03-08 10:12:24,W 35 St & Dyer Ave,6569,Broadway & W 41 St,6560,40.754691750226016,-73.99740189313889,40.75513557,-73.98658032,member
1729966,134C8C852C37824E,classic_bike,2022-03-24 20:23:57,2022-03-24 20:32:31,W 35 St & Dyer Ave,6569,W 54 St & 11 Ave,6955,40.754691750226016,-73.99740189313889,40.768333,-73.992573,member
1729967,1F6B9C88CBC553FC,electric_bike,2022-03-29 19:15:57,2022-03-29 19:24:27,W 35 St & Dyer Ave,6569,W 54 St & 11 Ave,6955,40.754691750226016,-73.99740189313889,40.768333,-73.992573,member
1729974,AA7AA121D23688B1,classic_bike,2022-03-16 08:48:05,2022-03-16 09:02:24,W 35 St & Dyer Ave,6569,Broadway & W 41 St,6560,40.754691750226016,-73.99740189313889,40.75513557,-73.98658032,member
1730000,196AB87E1D3024D0,electric_bike,2022-03-10 06:49:27,2022-03-10 06:54:09,W 35 St & Dyer Ave,6569,Broadway & W 41 St,6560,40.754691750226016,-73.99740189313889,40.75513557,-73.98658032,member
1730001,039DFFFA1ED21AE6,electric_bike,2022-03-10 10:24:48,2022-03-10 10:44:26,W 35 St & Dyer Ave,6569,E 68 St & Madison Ave,6932,40.754691750226016,-73.99740189313889,40.7691572,-73.96703464,member
1730002,9EC0CC232206A2A4,electric_bike,2022-03-07 10:43:03,2022-03-07 10:55:49,W 35 St & Dyer Ave,6569,E 68 St & Madison Ave,6932,40.754691750226016,-73.99740189313889,40.7691572,-73.96703464,member
1730003,12752FE9A46AF458,electric_bike,2022-03-05 10:20:05,2022-03-05 10:45:01,W 35 St & Dyer Ave,6569,E 68 St & Madison Ave,6932,40.754691750226016,-73.99740189313889,40.7691572,-73.96703464,member
1730970,1D3EF907C0CC9635,electric_bike,2022-03-10 20:09:55,2022-03-10 20:15:18,W 36 St & 9 Ave,6569,Broadway & W 41 St,6560,40.75462324029105,-73.99516761302948,40.75513557,-73.98658032,member
1730978,C88740A8ADB6BC20,electric_bike,2022-03-29 18:12:52,2022-03-29 18:22:32,W 36 St & 9 Ave,6569,W 54 St & 11 Ave,6955,40.75462324029105,-73.99516761302948,40.768333,-73.992573,member
1730990,CBB3FDD5F20AFF7F,electric_bike,2022-03-20 18:13:20,2022-03-20 18:24:18,W 36 St & 9 Ave,6569,W 54 St & 11 Ave,6955,40.75462324029105,-73.99516761302948,40.768333,-73.992573,member
1730992,DE5828B944DCD004,electric_bike,2022-03-03 18:08:48,2022-03-03 18:14:54,W 36 St & 9 Ave,6569,W 54 St & 11 Ave,6955,40.75462324029105,-73.99516761302948,40.768333,-73.992573,member
1730994,40EE2BC86A8C3294,electric_bike,2022-03-16 13:58:39,2022-03-16 14:10:11,W 36 St & 9 Ave,6569,Broadway & W 61 St,7014,40.75462324029105,-73.99516761302948,40.77003010255044,-73.9819684624672,casual
1730995,D287C14FDF526037,electric_bike,2022-03-01 13:00:58,2022-03-01 13:08:52,W 36 St & 9 Ave,6569,W 54 St & 11 Ave,6955,40.75462324029105,-73.99516761302948,40.768333,-73.992573,member
1730996,020D08302F832788,electric_bike,2022-03-01 15:31:01,2022-03-01 15:37:27,W 36 St & 9 Ave,6569,W 54 St & 11 Ave,6955,40.75462324029105,-73.99516761302948,40.768333,-73.992573,member
1731002,07281EFE2F6813EF,classic_bike,2022-03-29 17:34:08,2022-03-29 17:50:43,W 36 St & 9 Ave,6569,Broadway & W 61 St,7014,40.75462324029105,-73.99516761302948,40.77003010255044,-73.9819684624672,casual
1731011,BE3C8B6B4E62D7FC,electric_bike,2022-03-27 19:09:17,2022-03-27 19:16:22,W 36 St & 9 Ave,6569,W 54 St & 11 Ave,6955,40.75462324029105,-73.99516761302948,40.768333,-73.992573,casual
1731012,0A20B479820F7481,electric_bike,2022-03-24 16:49:55,2022-03-24 17:05:24,W 36 St & 9 Ave,6569,Broadway & W 61 St,7014,40.75462324029105,-73.99516761302948,40.77003010255044,-73.9819684624672,member
1731013,10FD03DCC760E474,electric_bike,2022-03-31 19:15:08,2022-03-31 19:22:47,W 36 St & 9 Ave,6569,W 54 St & 11 Ave,6955,40.75462324029105,-73.99516761302948,40.768333,-73.992573,member
1731014,22FDE39F8D366A79,electric_bike,2022-03-23 19:17:04,2022-03-23 19:24:27,W 36 St & 9 Ave,6569,W 54 St & 11 Ave,6955,40.75462324029105,-73.99516761302948,40.768333,-73.992573,member
1731198,E53500E6997A6AE3,classic_bike,2022-03-05 13:20:00,2022-03-05 13:30:00,W 35 St & Dyer Ave,6569,W 54 St & 11 Ave,6955,40.754691750226016,-73.99740189313889,40.768333,-73.992573,member
1731433,9FB10D67BCB5CDB3,classic_bike,2022-03-02 19:06:42,2022-03-02 19:18:18,W 36 St & 9 Ave,6569,W 54 St & 11 Ave,6955,40.75462324029105,-73.99516761302948,40.768333,-73.992573,member
1732045,7DBF96EFA5B4D412,classic_bike,2022-03-27 11:29:32,2022-03-27 11:42:07,W 35 St & Dyer Ave,6569,W 54 St & 11 Ave,6955,40.754691750226016,-73.99740189313889,40.768333,-73.992573,member
1732049,A50474BDE784474D,electric_bike,2022-03-31 09:57:18,2022-03-31 10:18:20,W 35 St & Dyer Ave,6569,E 68 St & Madison Ave,6932,40.754691750226016,-73.99740189313889,40.7691572,-73.96703464,member
1733098,D9CC78A82CB77B4F,classic_bike,2022-03-20 12:29:55,2022-03-20 12:35:35,W 36 St & 9 Ave,6569,Broadway & W 41 St,6560,40.75462324029105,-73.99516761302948,40.75513557,-73.98658032,casual
1733099,F66DC8F80C0FA1AC,classic_bike,2022-03-20 03:37:21,2022-03-20 03:42:32,W 36 St & 9 Ave,6569,Broadway & W 41 St,6560,40.75462324029105,-73.99516761302948,40.75513557,-73.98658032,casual
1739706,F64748C34E98553A,electric_bike,2022-03-14 16:41:46,2022-03-14 16:50:32,W 36 St & 9 Ave,6569,Broadway & W 61 St,7014,40.75462324029105,-73.99516761302948,40.77003010255044,-73.9819684624672,member
1739713,8A2AF3CEEF9D3FAC,classic_bike,2022-03-31 09:29:19,2022-03-31 09:37:00,W 36 St & 9 Ave,6569,Broadway & W 41 St,6560,40.75462324029105,-73.99516761302948,40.75513557,-73.98658032,member
1739717,EB24C8B02EABCFFB,classic_bike,2022-03-29 17:34:08,2022-03-29 17:51:00,W 36 St & 9 Ave,6569,Broadway & W 61 St,7014,40.75462324029105,-73.99516761302948,40.77003010255044,-73.9819684624672,casual
1739727,1837110CBEB32730,classic_bike,2022-03-21 09:50:03,2022-03-21 09:58:16,W 36 St & 9 Ave,6569,Broadway & W 41 St,6560,40.75462324029105,-73.99516761302948,40.75513557,-73.98658032,member
1740069,D5E418B4327215D5,electric_bike,2022-03-01 10:30:47,2022-03-01 10:47:37,W 35 St & 9 Ave,6569,E 68 St & Madison Ave,6932,40.75414519263519,-73.9960889518261,40.7691572,-73.96703464,member
1740070,7304B07905BA7393,classic_bike,2022-03-01 12:15:41,2022-03-01 12:27:45,W 35 St & 9 Ave,6569,W 54 St & 11 Ave,6955,40.75414519263519,-73.9960889518261,40.768333,-73.992573,member
1740079,8376020689DCA714,classic_bike,2022-03-02 14:39:57,2022-03-02 14:58:27,W 35 St & 9 Ave,6569,E 68 St & Madison Ave,6932,40.75414519263519,-73.9960889518261,40.7691572,-73.96703464,member
1740086,A3E4BB87D7896D67,classic_bike,2022-03-15 09:40:34,2022-03-15 09:58:34,W 35 St & 9 Ave,6569,E 68 St & Madison Ave,6932,40.75414519263519,-73.9960889518261,40.7691572,-73.96703464,member
1740087,7241578544EFBB78,classic_bike,2022-03-16 18:19:18,2022-03-16 18:31:20,W 35 St & 9 Ave,6569,Broadway & W 61 St,7014,40.75414519263519,-73.9960889518261,40.77003010255044,-73.9819684624672,member
1740097,C4FCF272425CBE2D,electric_bike,2022-03-31 11:42:05,2022-03-31 12:11:32,W 35 St & 9 Ave,6569,Broadway & W 61 St,7014,40.75414519263519,-73.9960889518261,40.77003010255044,-73.9819684624672,casual
1740109,D8DA93EBD161A3FC,electric_bike,2022-03-22 20:05:31,2022-03-22 20:13:43,W 35 St & 9 Ave,6569,W 54 St & 11 Ave,6955,40.75414519263519,-73.9960889518261,40.768333,-73.992573,member
1740112,B0AC19F9F3E6CB10,classic_bike,2022-03-11 12:11:54,2022-03-11 12:24:05,W 35 St & 9 Ave,6569,W 54 St & 11 Ave,6955,40.75414519263519,-73.9960889518261,40.768333,-73.992573,member
1740152,853359F00A3390EB,classic_bike,2022-03-08 09:38:09,2022-03-08 09:58:38,W 35 St & 9 Ave,6569,E 68 St & Madison Ave,6932,40.75414519263519,-73.9960889518261,40.7691572,-73.96703464,member
1740870,6561200607F99B87,classic_bike,2022-03-22 12:07:33,2022-03-22 12:20:16,W 35 St & 9 Ave,6569,W 54 St & 11 Ave,6955,40.75414519263519,-73.9960889518261,40.768333,-73.992573,member
1740871,362D1F725ECBCE7A,classic_bike,2022-03-27 13:09:48,2022-03-27 13:27:49,W 35 St & 9 Ave,6569,E 72 St & Park Ave,6998,40.75414519263519,-73.9960889518261,40.77118287540658,-73.96409422159195,member
1740975,FC8B1FFABAB42C89,classic_bike,2022-03-17 06:46:17,2022-03-17 09:22:19,W 35 St & Dyer Ave,6569,Broadway & W 41 St,6560,40.754691750226016,-73.99740189313889,40.75513557,-73.98658032,member
1740991,2A41C6BF8CBC8A15,electric_bike,2022-03-03 10:08:09,2022-03-03 10:14:06,W 35 St & Dyer Ave,6569,Broadway & W 41 St,6560,40.754691750226016,-73.99740189313889,40.75513557,-73.98658032,member
1740993,4F39D6A94F102023,classic_bike,2022-03-22 17:10:58,2022-03-22 17:40:21,W 35 St & Dyer Ave,6569,William St & Pine St,5065,40.754691750226016,-73.99740189313889,40.70717936,-74.00887308,member
1741001,42A300DF6881ABB1,electric_bike,2022-03-03 19:14:05,2022-03-03 19:19:56,W 35 St & Dyer Ave,6569,W 54 St & 11 Ave,6955,40.754691750226016,-73.99740189313889,40.768333,-73.992573,member
1741004,418A371C9E781AB1,classic_bike,2022-03-23 09:59:12,2022-03-23 10:13:22,W 35 St & Dyer Ave,6569,Broadway & W 41 St,6560,40.754691750226016,-73.99740189313889,40.75513557,-73.98658032,member
1741014,9D71F2174687E474,electric_bike,2022-03-03 12:06:57,2022-03-03 12:16:15,W 35 St & Dyer Ave,6569,W 54 St & 11 Ave,6955,40.754691750226016,-73.99740189313889,40.768333,-73.992573,member
1741073,15F37E17C2146660,electric_bike,2022-03-22 10:39:16,2022-03-22 10:54:45,W 35 St & Dyer Ave,6569,E 68 St & Madison Ave,6932,40.754691750226016,-73.99740189313889,40.7691572,-73.96703464,member
1741074,23C842F2FF475D4C,electric_bike,2022-03-25 10:18:57,2022-03-25 10:34:47,W 35 St & Dyer Ave,6569,E 68 St & Madison Ave,6932,40.754691750226016,-73.99740189313889,40.7691572,-73.96703464,member
1741108,0FC83A2B7CCBB1AD,electric_bike,2022-03-14 15:29:35,2022-03-14 15:51:45,W 36 St & 9 Ave,6569,Broadway & W 61 St,7014,40.75462324029105,-73.99516761302948,40.77003010255044,-73.9819684624672,casual
1741563,64BDF494834DB0AA,electric_bike,2022-03-22 22:49:12,2022-03-22 23:00:16,W 35 St & Dyer Ave,6569,W 54 St & 11 Ave,6955,40.754691750226016,-73.99740189313889,40.768333,-73.992573,casual
1741590,1EEF2A9F08438C02,classic_bike,2022-03-31 10:07:13,2022-03-31 10:36:10,W 35 St & Dyer Ave,6569,William St & Pine St,5065,40.754691750226016,-73.99740189313889,40.70717936,-74.00887308,member
1747085,240BE6E9B5FF367A,electric_bike,2022-03-24 10:24:39,2022-03-24 10:37:59,W 35 St & 9 Ave,6569,E 68 St & Madison Ave,6932,40.75414519263519,-73.9960889518261,40.7691572,-73.96703464,member
1747094,04BBB19BC3B9DC4D,classic_bike,2022-03-26 11:26:42,2022-03-26 11:39:38,W 35 St & 9 Ave,6569,W 54 St & 11 Ave,6955,40.75414519263519,-73.9960889518261,40.768333,-73.992573,member
1747095,C4C5535316035DFB,classic_bike,2022-03-29 12:06:01,2022-03-29 12:19:43,W 35 St & 9 Ave,6569,W 54 St & 11 Ave,6955,40.75414519263519,-73.9960889518261,40.768333,-73.992573,member
1747096,13B8556FF9DBAFB6,classic_bike,2022-03-28 12:07:27,2022-03-28 12:21:09,W 35 St & 9 Ave,6569,W 54 St & 11 Ave,6955,40.75414519263519,-73.9960889518261,40.768333,-73.992573,member
1747097,FD0D250A63811CF6,classic_bike,2022-03-18 12:13:32,2022-03-18 12:26:06,W 35 St & 9 Ave,6569,W 54 St & 11 Ave,6955,40.75414519263519,-73.9960889518261,40.768333,-73.992573,member
1747103,35098B40EB651E34,classic_bike,2022-03-25 12:12:06,2022-03-25 12:26:40,W 35 St & 9 Ave,6569,W 54 St & 11 Ave,6955,40.75414519263519,-73.9960889518261,40.768333,-73.992573,member
1747105,C601F7F9666CEE4F,classic_bike,2022-03-07 08:51:44,2022-03-07 09:03:52,W 35 St & 9 Ave,6569,W 54 St & 11 Ave,6955,40.75414519263519,-73.9960889518261,40.768333,-73.992573,member
1747106,C0E85AD99389BA15,classic_bike,2022-03-20 18:04:19,2022-03-20 18:16:41,W 35 St & 9 Ave,6569,Broadway & W 41 St,6560,40.75414519263519,-73.9960889518261,40.75513557,-73.98658032,member
1747110,374A048F477D75B2,classic_bike,2022-03-16 09:41:36,2022-03-16 10:02:38,W 35 St & 9 Ave,6569,E 68 St & Madison Ave,6932,40.75414519263519,-73.9960889518261,40.7691572,-73.96703464,member
1747112,EB8AA4CD014E5A7D,electric_bike,2022-03-04 13:12:25,2022-03-04 13:18:49,W 35 St & 9 Ave,6569,W 54 St & 11 Ave,6955,40.75414519263519,-73.9960889518261,40.768333,-73.992573,member
1747125,830B08830F4B90F1,classic_bike,2022-03-13 12:38:23,2022-03-13 12:51:48,W 35 St & 9 Ave,6569,W 54 St & 11 Ave,6955,40.75414519263519,-73.9960889518261,40.768333,-73.992573,member
1747126,99DB39E4E1D14E81,classic_bike,2022-03-07 12:12:12,2022-03-07 12:24:33,W 35 St & 9 Ave,6569,W 54 St & 11 Ave,6955,40.75414519263519,-73.9960889518261,40.768333,-73.992573,member
1747162,FD48BCAC2A826982,electric_bike,2022-03-23 10:17:38,2022-03-23 10:37:31,W 35 St & 9 Ave,6569,E 68 St & Madison Ave,6932,40.75414519263519,-73.9960889518261,40.7691572,-73.96703464,member
1747167,3AB75325DC2800EC,classic_bike,2022-03-14 12:13:44,2022-03-14 12:25:51,W 35 St & 9 Ave,6569,W 54 St & 11 Ave,6955,40.75414519263519,-73.9960889518261,40.768333,-73.992573,member
1747174,6BF4A7EACC2502D1,classic_bike,2022-03-20 11:56:01,2022-03-20 12:32:28,W 35 St & 9 Ave,6569,William St & Pine St,5065,40.75414519263519,-73.9960889518261,40.70717936,-74.00887308,member
1747179,0FFD2510328438B5,electric_bike,2022-03-30 10:33:59,2022-03-30 10:50:32,W 35 St & 9 Ave,6569,E 68 St & Madison Ave,6932,40.75414519263519,-73.9960889518261,40.7691572,-73.96703464,member
1747184,58CE1007DBAC45EC,classic_bike,2022-03-08 18:34:38,2022-03-08 18:47:24,W 35 St & 9 Ave,6569,Broadway & W 61 St,7014,40.75414519263519,-73.9960889518261,40.77003010255044,-73.9819684624672,member
1747193,7EEB303D93F585CD,electric_bike,2022-03-03 10:22:35,2022-03-03 10:35:44,W 35 St & 9 Ave,6569,E 68 St & Madison Ave,6932,40.75414519263519,-73.9960889518261,40.7691572,-73.96703464,member
1747194,6BDEE02DDF3771B5,electric_bike,2022-03-29 10:16:30,2022-03-29 10:33:51,W 35 St & 9 Ave,6569,E 68 St & Madison Ave,6932,40.75414519263519,-73.9960889518261,40.7691572,-73.96703464,member
1747195,14C76A86B6627798,classic_bike,2022-03-15 22:05:03,2022-03-15 22:13:21,W 35 St & 9 Ave,6569,W 54 St & 11 Ave,6955,40.75414519263519,-73.9960889518261,40.768333,-73.992573,casual
1747203,7BDC80082F152DA7,electric_bike,2022-03-02 19:21:07,2022-03-02 19:27:55,W 35 St & 9 Ave,6569,W 54 St & 11 Ave,6955,40.75414519263519,-73.9960889518261,40.768333,-73.992573,member
1747206,8B9E18DC6DC46069,classic_bike,2022-03-03 19:49:16,2022-03-03 20:10:21,W 35 St & 9 Ave,6569,Broadway & W 61 St,7014,40.75414519263519,-73.9960889518261,40.77003010255044,-73.9819684624672,casual
1747208,CF25CD2FE5A7A18F,classic_bike,2022-03-06 12:32:47,2022-03-06 12:47:05,W 35 St & 9 Ave,6569,W 54 St & 11 Ave,6955,40.75414519263519,-73.9960889518261,40.768333,-73.992573,member
1747210,4E3D3FB1489A653E,electric_bike,2022-03-25 12:20:12,2022-03-25 12:32:19,W 35 St & 9 Ave,6569,W 54 St & 11 Ave,6955,40.75414519263519,-73.9960889518261,40.768333,-73.992573,member
1747252,76E7BD4F5FA6B692,electric_bike,2022-03-18 12:31:20,2022-03-18 12:38:43,W 35 St & 9 Ave,6569,Broadway & W 41 St,6560,40.75414519263519,-73.9960889518261,40.75513557,-73.98658032,member
1747253,5FC39B005F85D1A7,electric_bike,2022-03-28 17:49:30,2022-03-28 17:56:40,W 35 St & 9 Ave,6569,W 54 St & 11 Ave,6955,40.75414519263519,-73.9960889518261,40.768333,-73.992573,member
1747302,68A4ABCD704F983B,classic_bike,2022-03-30 18:57:50,2022-03-30 19:10:44,W 35 St & 9 Ave,6569,Broadway & W 61 St,7014,40.75414519263519,-73.9960889518261,40.77003010255044,-73.9819684624672,member
1747303,CA26B32DCC20B0BF,electric_bike,2022-03-27 19:56:30,2022-03-27 20:04:57,W 35 St & 9 Ave,6569,W 54 St & 11 Ave,6955,40.75414519263519,-73.9960889518261,40.768333,-73.992573,member
1747343,2A626B6CAFE54E15,classic_bike,2022-03-26 09:50:40,2022-03-26 09:55:37,W 35 St & 9 Ave,6569,Broadway & W 41 St,6560,40.75414519263519,-73.9960889518261,40.75513557,-73.98658032,member
1747371,63F7CA4BC1448C6B,classic_bike,2022-03-02 18:07:43,2022-03-02 18:21:02,W 35 St & 9 Ave,6569,Broadway & W 61 St,7014,40.75414519263519,-73.9960889518261,40.77003010255044,-73.9819684624672,member
1747380,0D991DED2B31B6AD,electric_bike,2022-03-04 10:20:04,2022-03-04 10:35:20,W 35 St & 9 Ave,6569,E 68 St & Madison Ave,6932,40.75414519263519,-73.9960889518261,40.7691572,-73.96703464,member
1747382,D4C5F9BC2EDD119E,classic_bike,2022-03-01 09:29:42,2022-03-01 09:50:01,W 35 St & 9 Ave,6569,E 68 St & Madison Ave,6932,40.75414519263519,-73.9960889518261,40.7691572,-73.96703464,member
1747383,56A3727FBB95FEF1,classic_bike,2022-03-25 15:31:03,2022-03-25 16:17:30,W 35 St & 9 Ave,6569,Broadway & W 61 St,7014,40.75414519263519,-73.9960889518261,40.77003010255044,-73.9819684624672,casual
1747394,8611EAE704542E60,electric_bike,2022-03-06 18:12:03,2022-03-06 18:20:43,W 35 St & 9 Ave,6569,W 54 St & 11 Ave,6955,40.75414519263519,-73.9960889518261,40.768333,-73.992573,member
1747399,076129CB1B5FEEDE,classic_bike,2022-03-02 21:58:48,2022-03-02 22:08:11,W 35 St & 9 Ave,6569,W 54 St & 11 Ave,6955,40.75414519263519,-73.9960889518261,40.768333,-73.992573,member
1747400,D06E179BBAD979C3,classic_bike,2022-03-18 09:51:50,2022-03-18 10:10:39,W 35 St & 9 Ave,6569,E 68 St & Madison Ave,6932,40.75414519263519,-73.9960889518261,40.7691572,-73.96703464,member
1747405,390224C194E7ACF8,classic_bike,2022-03-14 18:32:58,2022-03-14 18:45:13,W 35 St & 9 Ave,6569,Broadway & W 61 St,7014,40.75414519263519,-73.9960889518261,40.77003010255044,-73.9819684624672,member
1747411,1D35998B3F944C61,classic_bike,2022-03-19 09:46:15,2022-03-19 09:51:08,W 35 St & 9 Ave,6569,Broadway & W 41 St,6560,40.75414519263519,-73.9960889518261,40.75513557,-73.98658032,member
1747412,BC9720B11922C1D0,electric_bike,2022-03-31 11:42:04,2022-03-31 12:12:27,W 35 St & 9 Ave,6569,Broadway & W 61 St,7014,40.75414519263519,-73.9960889518261,40.77003010255044,-73.9819684624672,casual
1747415,968512E8AB7EE00A,electric_bike,2022-03-15 10:30:50,2022-03-15 10:47:37,W 35 St & 9 Ave,6569,E 68 St & Madison Ave,6932,40.75414519263519,-73.9960889518261,40.7691572,-73.96703464,member
1747426,54956EC2477A0CE0,electric_bike,2022-03-08 19:12:30,2022-03-08 19:19:34,W 35 St & 9 Ave,6569,W 54 St & 11 Ave,6955,40.75414519263519,-73.9960889518261,40.768333,-73.992573,member
1747432,65A1FE76629B70D0,electric_bike,2022-03-02 10:08:31,2022-03-02 10:26:26,W 35 St & 9 Ave,6569,E 68 St & Madison Ave,6932,40.75414519263519,-73.9960889518261,40.7691572,-73.96703464,member
1747437,1D76CDE5D1C2415E,classic_bike,2022-03-09 19:14:06,2022-03-09 19:24:36,W 35 St & 9 Ave,6569,W 54 St & 11 Ave,6955,40.75414519263519,-73.9960889518261,40.768333,-73.992573,member
1747447,4DE6D33C120C01FC,classic_bike,2022-03-08 12:12:06,2022-03-08 12:26:41,W 35 St & 9 Ave,6569,W 54 St & 11 Ave,6955,40.75414519263519,-73.9960889518261,40.768333,-73.992573,member
1747448,4BF751ACB3138454,classic_bike,2022-03-15 12:15:05,2022-03-15 12:27:11,W 35 St & 9 Ave,6569,W 54 St & 11 Ave,6955,40.75414519263519,-73.9960889518261,40.768333,-73.992573,member
1747449,66E5A0F0B7C5B1EF,classic_bike,2022-03-19 11:27:30,2022-03-19 11:39:05,W 35 St & 9 Ave,6569,W 54 St & 11 Ave,6955,40.75414519263519,-73.9960889518261,40.768333,-73.992573,member
1748257,4E16760118F71375,classic_bike,2022-03-09 09:40:22,2022-03-09 09:59:44,W 35 St & 9 Ave,6569,E 68 St & Madison Ave,6932,40.75414519263519,-73.9960889518261,40.7691572,-73.96703464,member
1748271,210A93C2DF1828FB,classic_bike,2022-03-07 15:00:01,2022-03-07 15:12:34,W 35 St & 9 Ave,6569,W 54 St & 11 Ave,6955,40.75414519263519,-73.9960889518261,40.768333,-73.992573,member
1748273,9659C85A89BDD0C1,electric_bike,2022-03-30 19:16:13,2022-03-30 19:23:17,W 35 St & 9 Ave,6569,W 54 St & 11 Ave,6955,40.75414519263519,-73.9960889518261,40.768333,-73.992573,member
1748279,CD7BD93D0CE05861,electric_bike,2022-03-08 18:23:31,2022-03-08 18:32:09,W 35 St & 9 Ave,6569,W 54 St & 11 Ave,6955,40.75414519263519,-73.9960889518261,40.768333,-73.992573,member
1748317,CAE6ABA51A003CB0,classic_bike,2022-03-07 18:36:55,2022-03-07 18:48:18,W 35 St & 9 Ave,6569,Broadway & W 61 St,7014,40.75414519263519,-73.9960889518261,40.77003010255044,-73.9819684624672,member
1748322,3234803833064263,electric_bike,2022-03-22 08:52:38,2022-03-22 09:01:42,W 35 St & 9 Ave,6569,W 54 St & 11 Ave,6955,40.75414519263519,-73.9960889518261,40.768333,-73.992573,casual
1748388,565986DFF574E621,electric_bike,2022-03-31 18:07:59,2022-03-31 18:17:55,W 35 St & 9 Ave,6569,W 54 St & 11 Ave,6955,40.75414519263519,-73.9960889518261,40.768333,-73.992573,member
1748394,6F92BC1A4CCBD193,electric_bike,2022-03-25 14:13:30,2022-03-25 14:20:29,W 35 St & 9 Ave,6569,W 54 St & 11 Ave,6955,40.75414519263519,-73.9960889518261,40.768333,-73.992573,member
1748397,25A6411974D4089F,electric_bike,2022-03-08 10:37:21,2022-03-08 10:49:29,W 35 St & 9 Ave,6569,E 68 St & Madison Ave,6932,40.75414519263519,-73.9960889518261,40.7691572,-73.96703464,member
1748408,2AC73A13DD0933B0,electric_bike,2022-03-01 19:14:13,2022-03-01 19:21:23,W 35 St & 9 Ave,6569,W 54 St & 11 Ave,6955,40.75414519263519,-73.9960889518261,40.768333,-73.992573,member
1748411,7BD196EACE8D4C4E,electric_bike,2022-03-30 10:28:17,2022-03-30 10:35:51,W 35 St & 9 Ave,6569,W 54 St & 11 Ave,6955,40.75414519263519,-73.9960889518261,40.768333,-73.992573,member
1748413,CFECFDBFCB984C09,electric_bike,2022-03-17 12:03:34,2022-03-17 12:12:24,W 35 St & 9 Ave,6569,Broadway & W 61 St,7014,40.75414519263519,-73.9960889518261,40.77003010255044,-73.9819684624672,member
1748415,FCA8A4E3C5BCF1CD,electric_bike,2022-03-31 07:41:07,2022-03-31 07:47:30,W 35 St & 9 Ave,6569,Broadway & W 41 St,6560,40.75414519263519,-73.9960889518261,40.75513557,-73.98658032,casual
1748624,03CD057008B76A71,classic_bike,2022-03-08 17:29:59,2022-03-08 17:42:57,W 35 St & 9 Ave,6569,W 54 St & 11 Ave,6955,40.75414519263519,-73.9960889518261,40.768333,-73.992573,casual
1748777,3B5CA092B75112CE,classic_bike,2022-03-24 08:35:53,2022-03-24 08:51:46,W 35 St & Dyer Ave,6569,Morton St & Washington St,5772,40.754691750226016,-73.99740189313889,40.73115,-74.00887,member
1749448,C2A22668D3D441ED,electric_bike,2022-03-16 10:03:48,2022-03-16 10:15:37,W 35 St & 9 Ave,6569,Lexington Ave & E 29 St,6164,40.75414519263519,-73.9960889518261,40.74311555376486,-73.98215353488922,member
1751159,09689A5EF10B7BF5,classic_bike,2022-03-31 12:27:37,2022-03-31 12:53:07,W 35 St & 9 Ave,6569,Morton St & Washington St,5772,40.75414519263519,-73.9960889518261,40.73115,-74.00887,member
1751162,EA6E20D99FD335BB,electric_bike,2022-03-31 08:55:49,2022-03-31 09:09:14,W 35 St & 9 Ave,6569,Morton St & Washington St,5772,40.75414519263519,-73.9960889518261,40.73115,-74.00887,member
1752533,E465231C77DA13FC,electric_bike,2022-03-06 13:26:48,2022-03-06 13:34:57,W 36 St & 9 Ave,6569,Lexington Ave & E 29 St,6164,40.75462324029105,-73.99516761302948,40.74311555376486,-73.98215353488922,casual
1752667,E67355749195DEEC,classic_bike,2022-03-14 07:57:40,2022-03-14 08:12:48,W 35 St & Dyer Ave,6569,Morton St & Washington St,5772,40.754691750226016,-73.99740189313889,40.73115,-74.00887,member
1752691,0EB627E702B44A7D,classic_bike,2022-03-04 21:07:12,2022-03-04 21:15:33,W 35 St & Dyer Ave,6569,Lexington Ave & E 29 St,6164,40.754691750226016,-73.99740189313889,40.74311555376486,-73.98215353488922,member
1752694,A7D52D1F7A680AA4,electric_bike,2022-03-11 11:51:39,2022-03-11 12:03:31,W 35 St & Dyer Ave,6569,Lexington Ave & E 29 St,6164,40.754691750226016,-73.99740189313889,40.74311555376486,-73.98215353488922,member
1753218,3A87B2CD632703DF,electric_bike,2022-03-16 08:58:28,2022-03-16 09:14:51,W 35 St & 9 Ave,6569,Morton St & Washington St,5772,40.75414519263519,-73.9960889518261,40.73115,-74.00887,member
1753220,C45A2650BAC9612B,classic_bike,2022-03-03 19:40:30,2022-03-03 19:53:37,W 35 St & 9 Ave,6569,Morton St & Washington St,5772,40.75414519263519,-73.9960889518261,40.73115,-74.00887,member
1753239,58018FFEF0B6C9D3,electric_bike,2022-03-10 09:15:11,2022-03-10 09:29:59,W 35 St & 9 Ave,6569,Morton St & Washington St,5772,40.75414519263519,-73.9960889518261,40.73115,-74.00887,member
1754182,231A0CA955A4A786,classic_bike,2022-03-07 18:17:12,2022-03-07 18:30:21,W 35 St & 9 Ave,6569,Lexington Ave & E 29 St,6164,40.75414519263519,-73.9960889518261,40.74311555376486,-73.98215353488922,casual
1754337,97A8233AE3B74AA5,electric_bike,2022-03-29 19:27:51,2022-03-29 19:38:43,W 36 St & 9 Ave,6569,Morton St & Washington St,5772,40.75462324029105,-73.99516761302948,40.73115,-74.00887,member
1754341,0E7CC206D018BC89,electric_bike,2022-03-20 09:11:23,2022-03-20 09:21:14,W 36 St & 9 Ave,6569,Morton St & Washington St,5772,40.75462324029105,-73.99516761302948,40.73115,-74.00887,member
1754345,BC550C5234D8EEDF,electric_bike,2022-03-24 09:04:19,2022-03-24 09:18:10,W 36 St & 9 Ave,6569,Morton St & Washington St,5772,40.75462324029105,-73.99516761302948,40.73115,-74.00887,member
1754352,384125B2C6ACAD20,electric_bike,2022-03-27 09:49:48,2022-03-27 09:56:57,W 36 St & 9 Ave,6569,Lexington Ave & E 29 St,6164,40.75462324029105,-73.99516761302948,40.74311555376486,-73.98215353488922,member
1754353,7AF1CC70FCA778B9,classic_bike,2022-03-26 09:49:52,2022-03-26 09:58:33,W 36 St & 9 Ave,6569,Lexington Ave & E 29 St,6164,40.75462324029105,-73.99516761302948,40.74311555376486,-73.98215353488922,member
1754356,C08DBE745FB4565E,electric_bike,2022-03-18 17:11:26,2022-03-18 17:27:30,W 36 St & 9 Ave,6569,Lexington Ave & E 29 St,6164,40.75462324029105,-73.99516761302948,40.74311555376486,-73.98215353488922,casual
1755141,BA2795B6A18C1EAC,classic_bike,2022-03-08 10:56:24,2022-03-08 11:09:15,W 35 St & 9 Ave,6569,Morton St & Washington St,5772,40.75414519263519,-73.9960889518261,40.73115,-74.00887,member
1755159,F5BF036C2FA58074,classic_bike,2022-03-30 19:08:16,2022-03-30 19:21:27,W 35 St & 9 Ave,6569,Morton St & Washington St,5772,40.75414519263519,-73.9960889518261,40.73115,-74.00887,member
1756088,9633A0CD544A4DED,classic_bike,2022-03-22 08:36:56,2022-03-22 08:50:05,W 35 St & Dyer Ave,6569,Morton St & Washington St,5772,40.754691750226016,-73.99740189313889,40.73115,-74.00887,member
1756234,53555A732AF54218,classic_bike,2022-03-15 19:39:28,2022-03-15 19:52:58,W 35 St & 9 Ave,6569,Morton St & Washington St,5772,40.75414519263519,-73.9960889518261,40.73115,-74.00887,member
1756355,C7C3527816162DBD,electric_bike,2022-03-16 10:03:00,2022-03-16 10:15:37,W 35 St & 9 Ave,6569,Morton St & Washington St,5772,40.75414519263519,-73.9960889518261,40.73115,-74.00887,member
1756600,BCDF97D8730E638F,electric_bike,2022-03-18 20:09:45,2022-03-18 20:21:38,W 35 St & 9 Ave,6569,Lexington Ave & E 29 St,6164,40.75414519263519,-73.9960889518261,40.74311555376486,-73.98215353488922,casual
1757323,7CFFD9EC4BEA0C3B,classic_bike,2022-03-17 18:43:06,2022-03-17 18:56:47,W 35 St & 9 Ave,6569,Lexington Ave & E 29 St,6164,40.75414519263519,-73.9960889518261,40.74311555376486,-73.98215353488922,member
1757395,129D9F9AEA3ABD19,electric_bike,2022-03-12 13:15:22,2022-03-12 13:29:01,W 35 St & Dyer Ave,6569,E 14 St & 1 Ave,5779,40.754691750226016,-73.99740189313889,40.73139303364151,-73.98286700248718,member
1757405,876F4085B393A633,electric_bike,2022-03-16 10:44:21,2022-03-16 10:57:47,W 35 St & Dyer Ave,6569,W Broadway & Spring St,5569,40.754691750226016,-73.99740189313889,40.72494672359416,-74.00165855884552,member
1759810,85456AF3F220876A,classic_bike,2022-03-19 08:45:22,2022-03-19 09:00:26,W 35 St & 9 Ave,6569,W Broadway & Spring St,5569,40.75414519263519,-73.9960889518261,40.72494672359416,-74.00165855884552,member
1760956,0B0C37C33AE2DEE4,classic_bike,2022-03-16 18:12:59,2022-03-16 18:31:08,W 36 St & 9 Ave,6569,E 14 St & 1 Ave,5779,40.75462324029105,-73.99516761302948,40.73139303364151,-73.98286700248718,member
1763999,C12C731B444BB9CB,classic_bike,2022-03-16 17:13:55,2022-03-16 17:34:50,W 35 St & 9 Ave,6569,W Broadway & Spring St,5569,40.75414519263519,-73.9960889518261,40.72494672359416,-74.00165855884552,member
1764022,FEF30DE8A3178784,classic_bike,2022-03-17 18:55:45,2022-03-17 19:16:20,W 35 St & 9 Ave,6569,W Broadway & Spring St,5569,40.75414519263519,-73.9960889518261,40.72494672359416,-74.00165855884552,member
1764048,808874AEC2EB588C,electric_bike,2022-03-23 18:07:02,2022-03-23 18:20:37,W 35 St & 9 Ave,6569,E 14 St & 1 Ave,5779,40.75414519263519,-73.9960889518261,40.73139303364151,-73.98286700248718,member
1764051,0953250D77072168,electric_bike,2022-03-10 16:30:41,2022-03-10 16:43:55,W 35 St & 9 Ave,6569,E 14 St & 1 Ave,5779,40.75414519263519,-73.9960889518261,40.73139303364151,-73.98286700248718,member
1764085,6009B6C25B1AB195,classic_bike,2022-03-02 17:49:13,2022-03-02 18:07:37,W 35 St & 9 Ave,6569,W Broadway & Spring St,5569,40.75414519263519,-73.9960889518261,40.72494672359416,-74.00165855884552,member
1764279,07CBD4FA38DCCC9A,electric_bike,2022-03-10 11:31:51,2022-03-10 12:06:22,W 35 St & 9 Ave,6569,W Broadway & Spring St,5569,40.75414519263519,-73.9960889518261,40.72494672359416,-74.00165855884552,member
1764317,F183DF2A93FADDE4,electric_bike,2022-03-30 19:33:15,2022-03-30 19:48:57,W 35 St & 9 Ave,6569,E 14 St & 1 Ave,5779,40.75414519263519,-73.9960889518261,40.73139303364151,-73.98286700248718,member
1764330,871C477A54E9420E,classic_bike,2022-03-31 16:42:52,2022-03-31 16:58:18,W 35 St & 9 Ave,6569,W Broadway & Spring St,5569,40.75414519263519,-73.9960889518261,40.72494672359416,-74.00165855884552,member
1764340,19EC2071299CBCA6,electric_bike,2022-03-01 20:03:09,2022-03-01 20:17:25,W 35 St & 9 Ave,6569,E 14 St & 1 Ave,5779,40.75414519263519,-73.9960889518261,40.73139303364151,-73.98286700248718,casual
1764746,92FB05E7979B2A0B,classic_bike,2022-03-15 10:44:01,2022-03-15 11:09:06,W 36 St & 9 Ave,6569,Howard St & Lafayette St,5422,40.75462324029105,-73.99516761302948,40.71910537,-73.99973337,casual
1774811,DF1FFF8C95637908,electric_bike,2022-03-21 18:15:39,2022-03-21 18:58:03,W 35 St & Dyer Ave,6569,Clinton Ave & Myrtle Ave,4651,40.754691750226016,-73.99740189313889,40.693261,-73.968896,member
1776084,6C940733D3D44472,electric_bike,2022-03-30 18:04:38,2022-03-30 18:47:17,W 35 St & 9 Ave,6569,Clinton Ave & Myrtle Ave,4651,40.75414519263519,-73.9960889518261,40.693261,-73.968896,member
1778205,B40BAE0C5022CAB6,electric_bike,2022-03-24 18:03:32,2022-03-24 18:41:04,W 35 St & 9 Ave,6569,Clinton Ave & Myrtle Ave,4651,40.75414519263519,-73.9960889518261,40.693261,-73.968896,member
1778209,8F0305F92A3EA4FF,electric_bike,2022-03-27 14:26:19,2022-03-27 14:43:11,W 35 St & 9 Ave,6569,Howard St & Lafayette St,5422,40.75414519263519,-73.9960889518261,40.71910537,-73.99973337,member
1778225,11901725EDC30C98,electric_bike,2022-03-23 17:42:17,2022-03-23 18:16:55,W 35 St & 9 Ave,6569,Clinton Ave & Myrtle Ave,4651,40.75414519263519,-73.9960889518261,40.693261,-73.968896,member
1780536,9F9C4CE1F255349F,classic_bike,2022-03-15 18:48:34,2022-03-15 19:23:09,W 35 St & 9 Ave,6569,Division Ave & Hooper St,5045,40.75414519263519,-73.9960889518261,40.70684203101325,-73.9544353965357,member
1781023,5780374FA3F5CBA2,electric_bike,2022-03-15 17:14:49,2022-03-15 17:45:29,W 35 St & 9 Ave,6569,Clinton Ave & Myrtle Ave,4651,40.75414519263519,-73.9960889518261,40.693261,-73.968896,member
1781058,134140FFB7031FB1,classic_bike,2022-03-03 13:55:49,2022-03-03 14:15:21,W 35 St & 9 Ave,6569,E 2 St & Avenue B,5515,40.75414519263519,-73.9960889518261,40.72217444,-73.98368779,casual
1782937,236152EBB05A3874,classic_bike,2022-03-16 17:23:26,2022-03-16 17:53:44,W 36 St & 9 Ave,6569,Liberty St & Nassau St,5105,40.75462324029105,-73.99516761302948,40.70858894240581,-74.00935482235809,member
1783205,BD8721532DB8886D,classic_bike,2022-03-01 13:20:09,2022-03-01 13:46:49,W 35 St & Dyer Ave,6569,Liberty St & Nassau St,5105,40.754691750226016,-73.99740189313889,40.70858894240581,-74.00935482235809,member
1784667,5A8486DBEE0FBF2B,electric_bike,2022-03-28 13:14:00,2022-03-28 13:49:14,W 35 St & Dyer Ave,6569,Albany St & Greenwich St,5145,40.754691750226016,-73.99740189313889,40.709267,-74.013247,member
1784771,2F9DDC97B7EA5927,classic_bike,2022-03-31 11:43:19,2022-03-31 12:28:09,W 36 St & 9 Ave,6569,Broadway & Battery Pl,4962,40.75462324029105,-73.99516761302948,40.70463334,-74.01361706,casual
1786750,92EE63700688D26B,classic_bike,2022-03-04 12:50:45,2022-03-04 13:46:43,W 36 St & 9 Ave,6569,Broadway & Battery Pl,4962,40.75462324029105,-73.99516761302948,40.70463334,-74.01361706,casual
1787050,0018493ACA2B05A2,classic_bike,2022-03-05 11:39:47,2022-03-05 12:11:47,W 35 St & 9 Ave,6569,St Marks Pl & 1 Ave,5626,40.75414519263519,-73.9960889518261,40.72779126,-73.98564945,casual
1789967,FE877BFA62249A28,electric_bike,2022-03-23 08:48:40,2022-03-23 09:09:49,W 35 St & 9 Ave,6569,Albany St & Greenwich St,5145,40.75414519263519,-73.9960889518261,40.709267,-74.013247,casual
1790099,6F50F9FFC37BF82A,classic_bike,2022-03-02 17:07:27,2022-03-02 17:24:58,W 35 St & 9 Ave,6569,St Marks Pl & 1 Ave,5626,40.75414519263519,-73.9960889518261,40.72779126,-73.98564945,member
1790208,E6E239F64EA5C2BC,classic_bike,2022-03-16 15:39:25,2022-03-16 16:04:03,W 35 St & 9 Ave,6569,Albany St & Greenwich St,5145,40.75414519263519,-73.9960889518261,40.709267,-74.013247,member
1790217,7B1CF8B35E6C4BFA,classic_bike,2022-03-21 18:10:08,2022-03-21 18:34:17,W 35 St & 9 Ave,6569,Albany St & Greenwich St,5145,40.75414519263519,-73.9960889518261,40.709267,-74.013247,member
1790926,3892EFF7EB4CA2BA,classic_bike,2022-03-23 14:43:17,2022-03-23 14:55:49,W 36 St & 9 Ave,6569,W 31 St & 7 Ave,6331,40.75462324029105,-73.99516761302948,40.749156,-73.9916,casual
1791013,D4BC0AA7309FDE31,electric_bike,2022-03-31 10:46:13,2022-03-31 10:55:05,W 36 St & 9 Ave,6569,E 39 St & 2 Ave,6345,40.75462324029105,-73.99516761302948,40.74803319428767,-73.973827958107,member
1791014,87EB62F2BF2E3FD5,electric_bike,2022-03-22 16:21:11,2022-03-22 16:31:12,W 36 St & 9 Ave,6569,E 39 St & 2 Ave,6345,40.75462324029105,-73.99516761302948,40.74803319428767,-73.973827958107,member
1791365,9533A100758C688C,electric_bike,2022-03-05 13:21:36,2022-03-05 13:30:00,W 36 St & 9 Ave,6569,W 15 St & 10 Ave,6115,40.75462324029105,-73.99516761302948,40.74275382865903,-74.00747358798981,member
1791514,201FCE1BB24580EF,classic_bike,2022-03-08 18:36:14,2022-03-08 18:46:17,W 36 St & 9 Ave,6569,W 31 St & 7 Ave,6331,40.75462324029105,-73.99516761302948,40.749156,-73.9916,member
1791956,82E4426387691EA4,classic_bike,2022-03-06 14:08:09,2022-03-06 14:12:18,W 35 St & 9 Ave,6569,W 31 St & 7 Ave,6331,40.75414519263519,-73.9960889518261,40.749156,-73.9916,member
1791977,3DA76BDE7B477093,electric_bike,2022-03-09 16:07:26,2022-03-09 16:18:26,W 35 St & 9 Ave,6569,E 39 St & 2 Ave,6345,40.75414519263519,-73.9960889518261,40.74803319428767,-73.973827958107,member
1795049,677F84B42606AC74,electric_bike,2022-03-20 08:02:15,2022-03-20 08:05:19,W 36 St & 9 Ave,6569,W 31 St & 7 Ave,6331,40.75462324029105,-73.99516761302948,40.749156,-73.9916,casual
1795057,A4D1A13F0D4C3702,classic_bike,2022-03-18 16:19:22,2022-03-18 16:25:08,W 36 St & 9 Ave,6569,W 31 St & 7 Ave,6331,40.75462324029105,-73.99516761302948,40.749156,-73.9916,member
1795059,D408ECEE7AE485AC,classic_bike,2022-03-25 19:57:29,2022-03-25 20:02:27,W 36 St & 9 Ave,6569,W 31 St & 7 Ave,6331,40.75462324029105,-73.99516761302948,40.749156,-73.9916,casual
1795061,4F85D918A3F66DE5,electric_bike,2022-03-01 19:03:21,2022-03-01 19:08:13,W 36 St & 9 Ave,6569,W 31 St & 7 Ave,6331,40.75462324029105,-73.99516761302948,40.749156,-73.9916,casual
1795069,115A531354A256D4,electric_bike,2022-03-28 13:06:40,2022-03-28 13:17:54,W 36 St & 9 Ave,6569,E 39 St & 2 Ave,6345,40.75462324029105,-73.99516761302948,40.74803319428767,-73.973827958107,member
1795071,42F5E0383EA7AEC7,electric_bike,2022-03-08 19:45:42,2022-03-08 19:57:39,W 36 St & 9 Ave,6569,E 39 St & 2 Ave,6345,40.75462324029105,-73.99516761302948,40.74803319428767,-73.973827958107,member
1795072,737406A1108CB7FB,electric_bike,2022-03-29 07:03:48,2022-03-29 07:11:25,W 36 St & 9 Ave,6569,E 39 St & 2 Ave,6345,40.75462324029105,-73.99516761302948,40.74803319428767,-73.973827958107,member
1795073,C1CBB411ABCBDF62,electric_bike,2022-03-30 07:16:02,2022-03-30 07:25:00,W 36 St & 9 Ave,6569,E 39 St & 2 Ave,6345,40.75462324029105,-73.99516761302948,40.74803319428767,-73.973827958107,member
1795223,A9F0EAA5667670A1,classic_bike,2022-03-27 09:18:55,2022-03-27 09:23:34,W 36 St & 9 Ave,6569,W 31 St & 7 Ave,6331,40.75462324029105,-73.99516761302948,40.749156,-73.9916,member
1795225,D80E0D5DAB5311D4,electric_bike,2022-03-03 18:07:47,2022-03-03 18:17:09,W 36 St & 9 Ave,6569,E 39 St & 2 Ave,6345,40.75462324029105,-73.99516761302948,40.74803319428767,-73.973827958107,member
1796242,8F983D8490551B88,electric_bike,2022-03-14 07:17:50,2022-03-14 07:26:39,W 36 St & 9 Ave,6569,E 39 St & 2 Ave,6345,40.75462324029105,-73.99516761302948,40.74803319428767,-73.973827958107,member
1796243,DCA666AEB873E50C,classic_bike,2022-03-10 18:53:54,2022-03-10 19:03:16,W 36 St & 9 Ave,6569,W 15 St & 10 Ave,6115,40.75462324029105,-73.99516761302948,40.74275382865903,-74.00747358798981,member
1796244,B9843060EF6B4C29,electric_bike,2022-03-05 13:21:36,2022-03-05 13:30:00,W 36 St & 9 Ave,6569,W 15 St & 10 Ave,6115,40.75462324029105,-73.99516761302948,40.74275382865903,-74.00747358798981,casual
1796311,A6948655818812BB,classic_bike,2022-03-31 14:55:08,2022-03-31 15:23:49,W 36 St & 9 Ave,6569,W 31 St & 7 Ave,6331,40.75462324029105,-73.99516761302948,40.749156,-73.9916,casual
1796716,EF529A995E1D83FF,electric_bike,2022-03-28 18:25:51,2022-03-28 18:30:58,W 36 St & 9 Ave,6569,W 31 St & 7 Ave,6331,40.75462324029105,-73.99516761302948,40.749156,-73.9916,casual
1796942,F111E0966A953D47,electric_bike,2022-03-30 09:53:53,2022-03-30 10:13:01,W 35 St & Dyer Ave,6569,E 39 St & 2 Ave,6345,40.754691750226016,-73.99740189313889,40.74803319428767,-73.973827958107,member
1796994,AB444E8242A96B76,classic_bike,2022-03-16 18:10:13,2022-03-16 18:15:49,W 35 St & Dyer Ave,6569,W 31 St & 7 Ave,6331,40.754691750226016,-73.99740189313889,40.749156,-73.9916,member
1797008,9AE5AF25BF46D091,electric_bike,2022-03-19 13:06:37,2022-03-19 13:18:18,W 35 St & Dyer Ave,6569,E 39 St & 2 Ave,6345,40.754691750226016,-73.99740189313889,40.74803319428767,-73.973827958107,casual
1797086,B2C8978DCBCD0812,classic_bike,2022-03-19 13:46:00,2022-03-19 13:51:20,W 35 St & Dyer Ave,6569,W 31 St & 7 Ave,6331,40.754691750226016,-73.99740189313889,40.749156,-73.9916,member
1797099,C27862E1D461093B,classic_bike,2022-03-20 13:23:14,2022-03-20 13:29:13,W 35 St & Dyer Ave,6569,W 31 St & 7 Ave,6331,40.754691750226016,-73.99740189313889,40.749156,-73.9916,member
1797104,CBD95420ADAB43F4,classic_bike,2022-03-14 00:13:56,2022-03-14 00:46:33,W 35 St & Dyer Ave,6569,E 39 St & 2 Ave,6345,40.754691750226016,-73.99740189313889,40.74803319428767,-73.973827958107,casual
1798876,EA9F111C1024F66F,electric_bike,2022-03-31 10:48:55,2022-03-31 10:58:04,W 36 St & 9 Ave,6569,E 39 St & 2 Ave,6345,40.75462324029105,-73.99516761302948,40.74803319428767,-73.973827958107,member
1798877,9CBEAF7805C0B253,electric_bike,2022-03-05 13:21:31,2022-03-05 13:29:49,W 36 St & 9 Ave,6569,W 15 St & 10 Ave,6115,40.75462324029105,-73.99516761302948,40.74275382865903,-74.00747358798981,member
1798882,9968AC3C22DD1D2C,classic_bike,2022-03-10 17:30:36,2022-03-10 17:39:28,W 36 St & 9 Ave,6569,E 39 St & 2 Ave,6345,40.75462324029105,-73.99516761302948,40.74803319428767,-73.973827958107,member
1798885,CDD799D01CA6742E,classic_bike,2022-03-24 21:33:01,2022-03-24 21:44:20,W 36 St & 9 Ave,6569,E 39 St & 2 Ave,6345,40.75462324029105,-73.99516761302948,40.74803319428767,-73.973827958107,member
1798887,9D8BE2AEC8531F66,electric_bike,2022-03-05 13:20:57,2022-03-05 13:30:05,W 36 St & 9 Ave,6569,W 15 St & 10 Ave,6115,40.75462324029105,-73.99516761302948,40.74275382865903,-74.00747358798981,casual
1798890,5E00F5D92CE5C319,electric_bike,2022-03-04 02:46:26,2022-03-04 02:49:34,W 36 St & 9 Ave,6569,W 31 St & 7 Ave,6331,40.75462324029105,-73.99516761302948,40.749156,-73.9916,member
1798893,98FFEB7CDE6F9720,classic_bike,2022-03-17 07:11:14,2022-03-17 07:21:48,W 36 St & 9 Ave,6569,E 39 St & 2 Ave,6345,40.75462324029105,-73.99516761302948,40.74803319428767,-73.973827958107,member
1798896,D7F3A5CE956C4FD8,classic_bike,2022-03-23 14:43:51,2022-03-23 14:55:54,W 36 St & 9 Ave,6569,W 31 St & 7 Ave,6331,40.75462324029105,-73.99516761302948,40.749156,-73.9916,casual
1798898,72142DC93B5868FA,classic_bike,2022-03-22 12:32:42,2022-03-22 12:38:31,W 36 St & 9 Ave,6569,W 31 St & 7 Ave,6331,40.75462324029105,-73.99516761302948,40.749156,-73.9916,member
1798899,A1303F2466C334F5,classic_bike,2022-03-20 17:40:35,2022-03-20 17:57:51,W 36 St & 9 Ave,6569,E 39 St & 2 Ave,6345,40.75462324029105,-73.99516761302948,40.74803319428767,-73.973827958107,casual
1798922,A8F06A8B8C641E31,classic_bike,2022-03-30 14:21:01,2022-03-30 14:26:35,W 36 St & 9 Ave,6569,W 31 St & 7 Ave,6331,40.75462324029105,-73.99516761302948,40.749156,-73.9916,member
1799381,E36C266EFE1CFB08,docked_bike,2022-03-25 12:31:36,2022-03-25 12:44:54,W 35 St & Dyer Ave,6569,E 39 St & 2 Ave,6345,40.754692,-73.997402,40.748033,-73.973828,casual
1799744,B0F898B362E375E7,electric_bike,2022-03-24 10:29:31,2022-03-24 10:35:26,W 35 St & 9 Ave,6569,W 15 St & 10 Ave,6115,40.75414519263519,-73.9960889518261,40.74275382865903,-74.00747358798981,member
1799759,AEA5FDFFF0DDD2D5,electric_bike,2022-03-18 05:59:31,2022-03-18 06:31:14,W 35 St & 9 Ave,6569,Market St & Cherry St,5198,40.75414519263519,-73.9960889518261,40.71076228,-73.99400398,member
1801661,A875405A3ADAAE43,electric_bike,2022-03-30 10:10:38,2022-03-30 10:14:47,W 35 St & Dyer Ave,6569,W 31 St & 7 Ave,6331,40.754691750226016,-73.99740189313889,40.749156,-73.9916,member
1801698,D1E84B360F1A209D,classic_bike,2022-03-16 13:51:13,2022-03-16 14:08:50,W 35 St & Dyer Ave,6569,E 39 St & 2 Ave,6345,40.754691750226016,-73.99740189313889,40.74803319428767,-73.973827958107,member
1801992,6940903BB0E3DAA5,electric_bike,2022-03-25 10:14:10,2022-03-25 10:36:28,W 35 St & Dyer Ave,6569,W 90 St & Amsterdam Ave,7432,40.754691750226016,-73.99740189313889,40.79017948095081,-73.97288918495178,member
1803105,18C68C3417239422,classic_bike,2022-03-08 08:57:09,2022-03-08 09:03:38,W 35 St & Dyer Ave,6569,W 31 St & 7 Ave,6331,40.754691750226016,-73.99740189313889,40.749156,-73.9916,member
1803722,3A0D910207281709,electric_bike,2022-03-01 14:45:07,2022-03-01 15:02:23,W 36 St & 9 Ave,6569,E 39 St & 2 Ave,6345,40.75462324029105,-73.99516761302948,40.74803319428767,-73.973827958107,member
1804483,88F4C21ED5130D65,classic_bike,2022-03-15 13:08:40,2022-03-15 13:15:45,W 35 St & 9 Ave,6569,W 15 St & 10 Ave,6115,40.75414519263519,-73.9960889518261,40.74275382865903,-74.00747358798981,member
1804486,3C177DE79EC15C84,classic_bike,2022-03-20 16:59:22,2022-03-20 17:04:13,W 36 St & 9 Ave,6569,W 31 St & 7 Ave,6331,40.75462324029105,-73.99516761302948,40.749156,-73.9916,member
1804488,8E64A53E090A2E8B,electric_bike,2022-03-20 09:20:08,2022-03-20 09:23:30,W 36 St & 9 Ave,6569,W 31 St & 7 Ave,6331,40.75462324029105,-73.99516761302948,40.749156,-73.9916,member
1804492,F4449D852F1509A6,electric_bike,2022-03-13 12:26:41,2022-03-13 12:32:45,W 36 St & 9 Ave,6569,W 31 St & 7 Ave,6331,40.75462324029105,-73.99516761302948,40.749156,-73.9916,member
1804502,DDC20C4DBE6B8E5A,classic_bike,2022-03-05 16:29:38,2022-03-05 16:33:57,W 35 St & 9 Ave,6569,W 31 St & 7 Ave,6331,40.75414519263519,-73.9960889518261,40.749156,-73.9916,member
1804527,AA21E4C17E6ADEAF,classic_bike,2022-03-22 17:35:05,2022-03-22 17:43:45,W 35 St & 9 Ave,6569,W 15 St & 10 Ave,6115,40.75414519263519,-73.9960889518261,40.74275382865903,-74.00747358798981,member
1804551,24319C08FDBC772D,classic_bike,2022-03-15 19:04:22,2022-03-15 19:12:41,W 35 St & 9 Ave,6569,W 15 St & 10 Ave,6115,40.75414519263519,-73.9960889518261,40.74275382865903,-74.00747358798981,member
1804588,AF7D555AD5F1FBFD,electric_bike,2022-03-12 19:43:51,2022-03-12 19:55:24,W 35 St & 9 Ave,6569,E 39 St & 2 Ave,6345,40.75414519263519,-73.9960889518261,40.74803319428767,-73.973827958107,casual
1804590,C2B120BAC650C6FF,classic_bike,2022-03-21 18:02:21,2022-03-21 18:06:18,W 35 St & 9 Ave,6569,W 31 St & 7 Ave,6331,40.75414519263519,-73.9960889518261,40.749156,-73.9916,member
1804608,783E122CDE4FBCE7,electric_bike,2022-03-27 13:55:34,2022-03-27 13:58:53,W 35 St & 9 Ave,6569,W 31 St & 7 Ave,6331,40.75414519263519,-73.9960889518261,40.749156,-73.9916,member
1804609,1F3A11BF6A1C420B,classic_bike,2022-03-13 16:33:56,2022-03-13 16:42:15,W 35 St & 9 Ave,6569,W 31 St & 7 Ave,6331,40.75414519263519,-73.9960889518261,40.749156,-73.9916,member
1804629,DB3A4DD7FC6E50D4,electric_bike,2022-03-20 21:25:04,2022-03-20 21:29:10,W 35 St & 9 Ave,6569,W 31 St & 7 Ave,6331,40.75414519263519,-73.9960889518261,40.749156,-73.9916,member
1804646,09B8A090F217DAEF,electric_bike,2022-03-21 10:28:35,2022-03-21 10:33:19,W 35 St & 9 Ave,6569,W 31 St & 7 Ave,6331,40.75414519263519,-73.9960889518261,40.749156,-73.9916,member
1804650,491FC3405914D30E,electric_bike,2022-03-31 18:15:46,2022-03-31 18:22:53,W 35 St & 9 Ave,6569,W 15 St & 10 Ave,6115,40.75414519263519,-73.9960889518261,40.74275382865903,-74.00747358798981,member
1805360,B580C5FB9562DAD1,classic_bike,2022-03-26 12:03:00,2022-03-26 12:10:54,W 35 St & 9 Ave,6569,W 15 St & 10 Ave,6115,40.75414519263519,-73.9960889518261,40.74275382865903,-74.00747358798981,casual
1807178,7ED196C0586FEA44,electric_bike,2022-03-31 12:58:32,2022-03-31 13:01:41,W 35 St & 9 Ave,6569,W 31 St & 7 Ave,6331,40.75414519263519,-73.9960889518261,40.749156,-73.9916,member
1808108,C1A488B61DF260CE,classic_bike,2022-03-24 09:32:48,2022-03-24 09:39:34,W 35 St & 9 Ave,6569,W 15 St & 10 Ave,6115,40.75414519263519,-73.9960889518261,40.74275382865903,-74.00747358798981,member
1808113,41D1B0D20EF21533,electric_bike,2022-03-19 16:03:07,2022-03-19 16:24:45,W 35 St & 9 Ave,6569,E 39 St & 2 Ave,6345,40.75414519263519,-73.9960889518261,40.74803319428767,-73.973827958107,member
1808125,7501EB467BB82397,classic_bike,2022-03-25 13:47:10,2022-03-25 13:54:49,W 35 St & 9 Ave,6569,W 31 St & 7 Ave,6331,40.75414519263519,-73.9960889518261,40.749156,-73.9916,member
1808131,93F98E14E9743A3B,classic_bike,2022-03-10 13:36:35,2022-03-10 13:58:54,W 35 St & 9 Ave,6569,W 90 St & Amsterdam Ave,7432,40.75414519263519,-73.9960889518261,40.79017948095081,-73.97288918495178,member
1808136,4A58C5D2BB8F9F97,electric_bike,2022-03-12 14:57:35,2022-03-12 15:01:56,W 35 St & 9 Ave,6569,W 31 St & 7 Ave,6331,40.75414519263519,-73.9960889518261,40.749156,-73.9916,member
1808236,FDC2EC7E91EE6A54,classic_bike,2022-03-20 15:02:40,2022-03-20 15:07:03,W 35 St & 9 Ave,6569,W 31 St & 7 Ave,6331,40.75414519263519,-73.9960889518261,40.749156,-73.9916,member
1808346,692B616AE7B0ADB0,classic_bike,2022-03-03 18:46:58,2022-03-03 18:55:11,W 35 St & 9 Ave,6569,W 15 St & 10 Ave,6115,40.75414519263519,-73.9960889518261,40.74275382865903,-74.00747358798981,member
1808459,9D6616A61BFBEFD3,classic_bike,2022-03-19 20:18:34,2022-03-19 20:38:10,W 35 St & 9 Ave,6569,E 39 St & 2 Ave,6345,40.75414519263519,-73.9960889518261,40.74803319428767,-73.973827958107,member
1808857,0EA1B3AE1194A02C,classic_bike,2022-03-19 21:05:47,2022-03-19 21:12:26,W 35 St & Dyer Ave,6569,W 44 St & 11 Ave,6756,40.754691750226016,-73.99740189313889,40.762009,-73.996975,member
1810617,63C89B561D929DDF,electric_bike,2022-03-11 15:05:14,2022-03-11 15:10:51,W 36 St & 9 Ave,6569,W 44 St & 11 Ave,6756,40.75462324029105,-73.99516761302948,40.762009,-73.996975,member
1811343,05AD1456FA6560C5,classic_bike,2022-03-31 21:12:00,2022-03-31 21:18:11,W 36 St & 9 Ave,6569,W 44 St & 11 Ave,6756,40.75462324029105,-73.99516761302948,40.762009,-73.996975,member
1811843,7ADFC65E1C9582E8,electric_bike,2022-03-15 06:11:03,2022-03-15 06:30:23,W 36 St & 9 Ave,6569,Queens Plaza North & Crescent St,6429,40.75462324029105,-73.99516761302948,40.75110165,-73.94073717,member
1812241,B93468FFD3F63279,electric_bike,2022-03-14 13:58:06,2022-03-14 14:23:55,W 35 St & 9 Ave,6569,Queens Plaza North & Crescent St,6429,40.75414519263519,-73.9960889518261,40.75110165,-73.94073717,member
1812244,4E5D285AADCECA4A,classic_bike,2022-03-04 13:18:45,2022-03-04 13:23:21,W 35 St & 9 Ave,6569,W 44 St & 11 Ave,6756,40.75414519263519,-73.9960889518261,40.762009,-73.996975,member
1812250,A758B2720D7C7C2F,classic_bike,2022-03-29 18:15:10,2022-03-29 18:20:29,W 35 St & 9 Ave,6569,W 44 St & 11 Ave,6756,40.75414519263519,-73.9960889518261,40.762009,-73.996975,member
1812907,2B2A67B9D8F8C9E8,classic_bike,2022-03-15 18:52:53,2022-03-15 19:00:07,W 35 St & Dyer Ave,6569,W 44 St & 11 Ave,6756,40.754691750226016,-73.99740189313889,40.762009,-73.996975,member
1812936,92837F1AC445BACA,electric_bike,2022-03-10 17:09:13,2022-03-10 17:14:16,W 35 St & Dyer Ave,6569,W 44 St & 11 Ave,6756,40.754691750226016,-73.99740189313889,40.762009,-73.996975,member
1812953,D35AE1C5EFE71A3E,classic_bike,2022-03-07 18:22:28,2022-03-07 18:55:55,W 35 St & Dyer Ave,6569,31 St & Broadway,6789,40.754691750226016,-73.99740189313889,40.761584,-73.925921,member
1813461,B82187C13F4EB47A,electric_bike,2022-03-01 06:09:19,2022-03-01 06:12:59,W 35 St & Dyer Ave,6569,W 44 St & 11 Ave,6756,40.754691750226016,-73.99740189313889,40.762009,-73.996975,member
1814068,611ECADF32015536,electric_bike,2022-03-29 12:25:42,2022-03-29 12:31:13,W 36 St & 9 Ave,6569,W 44 St & 11 Ave,6756,40.75462324029105,-73.99516761302948,40.762009,-73.996975,member
1814071,B1318E7861B5671F,electric_bike,2022-03-31 05:22:19,2022-03-31 05:27:34,W 36 St & 9 Ave,6569,W 44 St & 11 Ave,6756,40.75462324029105,-73.99516761302948,40.762009,-73.996975,member
1814073,2607FE1753BF3237,electric_bike,2022-03-12 13:56:50,2022-03-12 14:15:22,W 36 St & 9 Ave,6569,Queens Plaza North & Crescent St,6429,40.75462324029105,-73.99516761302948,40.75110165,-73.94073717,member
1814074,72DDAF9A19C2CF49,electric_bike,2022-03-30 05:28:32,2022-03-30 05:32:30,W 36 St & 9 Ave,6569,W 44 St & 11 Ave,6756,40.75462324029105,-73.99516761302948,40.762009,-73.996975,member
1818251,3D25EB8AC1B0EB0E,electric_bike,2022-03-10 23:35:01,2022-03-10 23:40:24,W 36 St & 9 Ave,6569,W 44 St & 11 Ave,6756,40.75462324029105,-73.99516761302948,40.762009,-73.996975,member
1818267,00E82E052E29BDB6,electric_bike,2022-03-31 21:41:19,2022-03-31 21:46:24,W 36 St & 9 Ave,6569,W 44 St & 11 Ave,6756,40.75462324029105,-73.99516761302948,40.762009,-73.996975,member
1818960,26E1870F4AB2DCEA,electric_bike,2022-03-04 21:51:25,2022-03-04 21:56:38,W 35 St & 9 Ave,6569,W 44 St & 11 Ave,6756,40.75414519263519,-73.9960889518261,40.762009,-73.996975,member
1818972,68ADA66E17F685CD,electric_bike,2022-03-10 14:35:30,2022-03-10 14:41:42,W 35 St & 9 Ave,6569,W 44 St & 11 Ave,6756,40.75414519263519,-73.9960889518261,40.762009,-73.996975,casual
1818974,D00865D6ED6706B5,electric_bike,2022-03-26 18:50:42,2022-03-26 18:54:01,W 35 St & 9 Ave,6569,W 44 St & 11 Ave,6756,40.75414519263519,-73.9960889518261,40.762009,-73.996975,member
1818975,7706D82B29547D5E,classic_bike,2022-03-05 13:05:03,2022-03-05 13:10:20,W 35 St & 9 Ave,6569,W 44 St & 11 Ave,6756,40.75414519263519,-73.9960889518261,40.762009,-73.996975,member
1818988,72D4C2D45222B722,classic_bike,2022-03-16 07:13:43,2022-03-16 07:20:04,W 35 St & 9 Ave,6569,W 44 St & 11 Ave,6756,40.75414519263519,-73.9960889518261,40.762009,-73.996975,member
1818995,D443FBF4454FD16E,classic_bike,2022-03-26 00:20:44,2022-03-26 00:27:05,W 35 St & 9 Ave,6569,W 44 St & 11 Ave,6756,40.75414519263519,-73.9960889518261,40.762009,-73.996975,member
1818997,6DC82A2818D44534,classic_bike,2022-03-30 21:38:56,2022-03-30 21:43:46,W 35 St & 9 Ave,6569,W 44 St & 11 Ave,6756,40.75414519263519,-73.9960889518261,40.762009,-73.996975,member
1819011,CECBCBDA3B2435D1,classic_bike,2022-03-24 20:52:08,2022-03-24 20:58:32,W 35 St & 9 Ave,6569,W 44 St & 11 Ave,6756,40.75414519263519,-73.9960889518261,40.762009,-73.996975,member
1819016,90086BA3B08FF770,electric_bike,2022-03-02 13:25:37,2022-03-02 13:28:49,W 35 St & 9 Ave,6569,W 44 St & 11 Ave,6756,40.75414519263519,-73.9960889518261,40.762009,-73.996975,member
1820126,7370E2ECB500943E,electric_bike,2022-03-26 00:02:00,2022-03-26 00:09:36,W 35 St & 9 Ave,6569,W 44 St & 11 Ave,6756,40.75414519263519,-73.9960889518261,40.762009,-73.996975,member
1820883,EE92D6A7DB2BC1C5,classic_bike,2022-03-15 14:36:06,2022-03-15 14:39:42,W 35 St & Dyer Ave,6569,W 44 St & 11 Ave,6756,40.754691750226016,-73.99740189313889,40.762009,-73.996975,member
1820884,372E3FBE670634B1,classic_bike,2022-03-29 17:21:32,2022-03-29 17:26:36,W 35 St & Dyer Ave,6569,W 44 St & 11 Ave,6756,40.754691750226016,-73.99740189313889,40.762009,-73.996975,member
1820885,792373067181CB96,classic_bike,2022-03-29 14:29:09,2022-03-29 14:34:17,W 35 St & Dyer Ave,6569,W 44 St & 11 Ave,6756,40.754691750226016,-73.99740189313889,40.762009,-73.996975,member
1820909,7F67E407AD789CDD,classic_bike,2022-03-14 14:41:43,2022-03-14 14:45:49,W 35 St & Dyer Ave,6569,W 44 St & 11 Ave,6756,40.754691750226016,-73.99740189313889,40.762009,-73.996975,member
1820920,51B476B5C3C38584,electric_bike,2022-03-27 17:58:33,2022-03-27 18:51:59,W 35 St & Dyer Ave,6569,John St & William St,5065,40.754691750226016,-73.99740189313889,40.70862144,-74.00722156,casual
1820994,048CF7967C669DE0,electric_bike,2022-03-24 17:24:24,2022-03-24 17:35:43,W 35 St & Dyer Ave,6569,W 44 St & 11 Ave,6756,40.754691750226016,-73.99740189313889,40.762009,-73.996975,member
1821316,D95CE5BD6A891264,electric_bike,2022-03-21 12:52:32,2022-03-21 13:23:00,W 35 St & 9 Ave,6569,31 St & Broadway,6789,40.75414519263519,-73.9960889518261,40.761584,-73.925921,member
1821341,F73AE516A95AFA0C,classic_bike,2022-03-09 16:39:49,2022-03-09 16:45:47,W 35 St & 9 Ave,6569,W 44 St & 11 Ave,6756,40.75414519263519,-73.9960889518261,40.762009,-73.996975,member
1821354,00A7EFB42A08D6DF,electric_bike,2022-03-08 06:37:04,2022-03-08 06:41:30,W 35 St & 9 Ave,6569,W 44 St & 11 Ave,6756,40.75414519263519,-73.9960889518261,40.762009,-73.996975,member
1821911,3CAC92694733D470,classic_bike,2022-03-11 04:24:59,2022-03-11 04:33:26,W 35 St & 9 Ave,6569,W 44 St & 11 Ave,6756,40.75414519263519,-73.9960889518261,40.762009,-73.996975,member
1821915,5114388916019D33,electric_bike,2022-03-31 12:14:48,2022-03-31 13:08:17,W 35 St & 9 Ave,6569,John St & William St,5065,40.75414519263519,-73.9960889518261,40.70862144,-74.00722156,casual
1822264,1C7D67D357971CDC,classic_bike,2022-03-07 14:34:45,2022-03-07 14:38:45,W 35 St & Dyer Ave,6569,W 44 St & 11 Ave,6756,40.754691750226016,-73.99740189313889,40.762009,-73.996975,member
1822296,9DE5728978C83114,classic_bike,2022-03-08 13:59:41,2022-03-08 14:04:15,W 35 St & 9 Ave,6569,W 44 St & 11 Ave,6756,40.75414519263519,-73.9960889518261,40.762009,-73.996975,member
1822301,C409D7B2DD4A08B6,electric_bike,2022-03-03 17:34:34,2022-03-03 17:47:19,W 35 St & 9 Ave,6569,W 44 St & 11 Ave,6756,40.75414519263519,-73.9960889518261,40.762009,-73.996975,member
1822308,18224E4BDA037A16,classic_bike,2022-03-23 08:07:28,2022-03-23 08:13:11,W 35 St & 9 Ave,6569,W 44 St & 11 Ave,6756,40.75414519263519,-73.9960889518261,40.762009,-73.996975,member
1822310,3A5B6734387A7200,classic_bike,2022-03-23 07:34:22,2022-03-23 07:40:13,W 35 St & 9 Ave,6569,W 44 St & 11 Ave,6756,40.75414519263519,-73.9960889518261,40.762009,-73.996975,member
1822319,E9B5566C0612BF86,classic_bike,2022-03-09 19:23:11,2022-03-09 19:37:46,W 35 St & 9 Ave,6569,W 44 St & 11 Ave,6756,40.75414519263519,-73.9960889518261,40.762009,-73.996975,member
1822348,DC6D91A58F993A0C,classic_bike,2022-03-14 15:54:18,2022-03-14 16:01:58,W 35 St & 9 Ave,6569,W 44 St & 11 Ave,6756,40.75414519263519,-73.9960889518261,40.762009,-73.996975,member
1822423,89FD5921F7C548D1,electric_bike,2022-03-17 13:39:57,2022-03-17 14:06:47,W 35 St & 9 Ave,6569,Queens Plaza North & Crescent St,6429,40.75414519263519,-73.9960889518261,40.75110165,-73.94073717,member
1822931,6CD98FDA8C964992,classic_bike,2022-03-08 14:32:27,2022-03-08 14:37:37,W 35 St & Dyer Ave,6569,W 44 St & 11 Ave,6756,40.754691750226016,-73.99740189313889,40.762009,-73.996975,member
1822932,635BF0FE57E3FEE1,classic_bike,2022-03-08 17:17:17,2022-03-08 17:21:57,W 35 St & Dyer Ave,6569,W 44 St & 11 Ave,6756,40.754691750226016,-73.99740189313889,40.762009,-73.996975,member
1823340,B7F1FA0D405B4992,electric_bike,2022-03-21 17:11:53,2022-03-21 17:35:54,W 35 St & 9 Ave,6569,Queens Plaza North & Crescent St,6429,40.75414519263519,-73.9960889518261,40.75110165,-73.94073717,member
1823560,52CD697163661900,classic_bike,2022-03-11 19:28:22,2022-03-11 19:37:59,W 36 St & 9 Ave,6569,7 Ave S & Bleecker St,5805,40.75462324029105,-73.99516761302948,40.73213896287381,-74.00363802909851,member
1823565,894BBEADC14A4BF7,classic_bike,2022-03-31 22:19:20,2022-03-31 22:24:21,W 36 St & 9 Ave,6569,10 Ave & W 28 St,6459,40.75462324029105,-73.99516761302948,40.75066386,-74.00176802,member
1823573,8180C5E663479066,electric_bike,2022-03-04 16:58:54,2022-03-04 17:02:36,W 36 St & 9 Ave,6569,10 Ave & W 28 St,6459,40.75462324029105,-73.99516761302948,40.75066386,-74.00176802,member
1823582,109A80CC01845486,classic_bike,2022-03-08 21:29:12,2022-03-08 21:36:04,W 35 St & Dyer Ave,6569,W 52 St & 11 Ave,6926,40.754691750226016,-73.99740189313889,40.76727216,-73.99392888,member
1823949,F7A64001D92C83B3,electric_bike,2022-03-08 16:38:57,2022-03-08 16:43:43,W 36 St & 9 Ave,6569,10 Ave & W 28 St,6459,40.75462324029105,-73.99516761302948,40.75066386,-74.00176802,member
1823951,AA1A986E5482C82D,classic_bike,2022-03-04 12:39:59,2022-03-04 12:43:58,W 36 St & 9 Ave,6569,10 Ave & W 28 St,6459,40.75462324029105,-73.99516761302948,40.75066386,-74.00176802,member
1823964,7C0D388E8B31190E,classic_bike,2022-03-17 13:08:38,2022-03-17 13:14:56,W 36 St & 9 Ave,6569,10 Ave & W 28 St,6459,40.75462324029105,-73.99516761302948,40.75066386,-74.00176802,member
1824035,1F4A2F1F4F3D24A9,classic_bike,2022-03-31 16:59:35,2022-03-31 17:05:03,W 35 St & Dyer Ave,6569,10 Ave & W 28 St,6459,40.754691750226016,-73.99740189313889,40.75066386,-74.00176802,member
1824053,03E086937E76EB53,electric_bike,2022-03-20 06:06:13,2022-03-20 06:14:21,W 35 St & Dyer Ave,6569,10 Ave & W 28 St,6459,40.754691750226016,-73.99740189313889,40.75066386,-74.00176802,member
1824251,7C0D0621EC28F8EF,classic_bike,2022-03-14 16:34:00,2022-03-14 16:55:52,W 35 St & 9 Ave,6569,West St & Chambers St,5329,40.75414519263519,-73.9960889518261,40.71754834,-74.01322069,casual
1824390,06CF7B9CB81950E3,classic_bike,2022-03-02 22:59:07,2022-03-02 23:02:58,W 36 St & 9 Ave,6569,10 Ave & W 28 St,6459,40.75462324029105,-73.99516761302948,40.75066386,-74.00176802,member
1825896,15C0F034AE8B5C3C,classic_bike,2022-03-13 19:54:43,2022-03-13 19:58:40,W 35 St & 9 Ave,6569,10 Ave & W 28 St,6459,40.75414519263519,-73.9960889518261,40.75066386,-74.00176802,casual
1827188,3317080CC5425F78,electric_bike,2022-03-10 17:57:06,2022-03-10 18:05:38,W 35 St & Dyer Ave,6569,W 52 St & 11 Ave,6926,40.754691750226016,-73.99740189313889,40.76727216,-73.99392888,member
1829281,90703A751B6F6155,electric_bike,2022-03-19 08:48:45,2022-03-19 08:58:37,W 35 St & Dyer Ave,6569,7 Ave S & Bleecker St,5805,40.754691750226016,-73.99740189313889,40.73213896287381,-74.00363802909851,member
1829398,06C5E9F198D09AAB,electric_bike,2022-03-24 18:35:22,2022-03-24 18:56:02,W 35 St & Dyer Ave,6569,W Broadway & W Houston St,5644,40.754691750226016,-73.99740189313889,40.726378,-74.000472,member
1831083,972DBBF8699DAB82,electric_bike,2022-03-21 22:26:05,2022-03-21 22:29:14,W 36 St & 9 Ave,6569,10 Ave & W 28 St,6459,40.75462324029105,-73.99516761302948,40.75066386,-74.00176802,casual
1831085,22506BBA1E9C3FBC,classic_bike,2022-03-23 22:45:16,2022-03-23 22:48:46,W 36 St & 9 Ave,6569,10 Ave & W 28 St,6459,40.75462324029105,-73.99516761302948,40.75066386,-74.00176802,member
1831090,7FDEE2460A220C0D,electric_bike,2022-03-16 18:21:48,2022-03-16 18:39:08,W 36 St & 9 Ave,6569,10 Ave & W 28 St,6459,40.75462324029105,-73.99516761302948,40.75066386,-74.00176802,casual
1831096,F778C97B9EC639E9,classic_bike,2022-03-16 16:58:21,2022-03-16 17:04:48,W 36 St & 9 Ave,6569,10 Ave & W 28 St,6459,40.75462324029105,-73.99516761302948,40.75066386,-74.00176802,member
1831097,833E6D0D8C21F97C,classic_bike,2022-03-15 07:31:02,2022-03-15 07:34:16,W 36 St & 9 Ave,6569,10 Ave & W 28 St,6459,40.75462324029105,-73.99516761302948,40.75066386,-74.00176802,member
1831098,E27DF9EA869E7B30,electric_bike,2022-03-09 14:18:21,2022-03-09 14:29:48,W 36 St & 9 Ave,6569,7 Ave S & Bleecker St,5805,40.75462324029105,-73.99516761302948,40.73213896287381,-74.00363802909851,member
1831099,D98C6D4F89C9AFA1,classic_bike,2022-03-02 19:49:12,2022-03-02 19:53:42,W 36 St & 9 Ave,6569,10 Ave & W 28 St,6459,40.75462324029105,-73.99516761302948,40.75066386,-74.00176802,member
1831101,D6A85CDB3D26A28E,classic_bike,2022-03-11 13:01:52,2022-03-11 13:18:35,W 36 St & 9 Ave,6569,7 Ave S & Bleecker St,5805,40.75462324029105,-73.99516761302948,40.73213896287381,-74.00363802909851,member
1831105,00569785DE239EFD,electric_bike,2022-03-31 18:42:22,2022-03-31 18:56:41,W 36 St & 9 Ave,6569,West St & Chambers St,5329,40.75462324029105,-73.99516761302948,40.71754834,-74.01322069,member
1831106,E98007158BE6747E,classic_bike,2022-03-21 18:28:42,2022-03-21 18:49:13,W 36 St & 9 Ave,6569,West St & Chambers St,5329,40.75462324029105,-73.99516761302948,40.71754834,-74.01322069,member
1831110,A73F35DC9F42D681,electric_bike,2022-03-10 17:33:23,2022-03-10 17:39:50,W 36 St & 9 Ave,6569,10 Ave & W 28 St,6459,40.75462324029105,-73.99516761302948,40.75066386,-74.00176802,member
1831111,417CAA29707C3810,classic_bike,2022-03-18 20:31:46,2022-03-18 20:35:43,W 36 St & 9 Ave,6569,10 Ave & W 28 St,6459,40.75462324029105,-73.99516761302948,40.75066386,-74.00176802,member
1831114,2546FA709E008E90,classic_bike,2022-03-31 22:19:22,2022-03-31 22:24:18,W 36 St & 9 Ave,6569,10 Ave & W 28 St,6459,40.75462324029105,-73.99516761302948,40.75066386,-74.00176802,member
1831131,4ADF2821AB047D8F,electric_bike,2022-03-25 14:44:55,2022-03-25 14:49:55,W 36 St & 9 Ave,6569,10 Ave & W 28 St,6459,40.75462324029105,-73.99516761302948,40.75066386,-74.00176802,member
1831135,280089C428FB1CBB,classic_bike,2022-03-25 21:53:00,2022-03-25 21:57:57,W 36 St & 9 Ave,6569,10 Ave & W 28 St,6459,40.75462324029105,-73.99516761302948,40.75066386,-74.00176802,member
1831137,3AEEF4B37BFAA9B4,electric_bike,2022-03-03 16:13:05,2022-03-03 16:27:09,W 36 St & 9 Ave,6569,W 52 St & 11 Ave,6926,40.75462324029105,-73.99516761302948,40.76727216,-73.99392888,member
1831140,E795A3941C00197A,electric_bike,2022-03-03 05:23:49,2022-03-03 05:35:21,W 36 St & 9 Ave,6569,W 52 St & 11 Ave,6926,40.75462324029105,-73.99516761302948,40.76727216,-73.99392888,member
1831150,A7971415E88E0F2A,classic_bike,2022-03-16 22:40:14,2022-03-16 22:43:58,W 36 St & 9 Ave,6569,10 Ave & W 28 St,6459,40.75462324029105,-73.99516761302948,40.75066386,-74.00176802,member
1831154,6DA1981BCC20BAF0,electric_bike,2022-03-25 16:15:19,2022-03-25 16:28:52,W 36 St & 9 Ave,6569,W 52 St & 11 Ave,6926,40.75462324029105,-73.99516761302948,40.76727216,-73.99392888,member
1831162,E154042C18488765,electric_bike,2022-03-09 08:08:56,2022-03-09 08:22:19,W 36 St & 9 Ave,6569,W Broadway & W Houston St,5644,40.75462324029105,-73.99516761302948,40.726378,-74.000472,member
1831163,564B93E230E9380F,electric_bike,2022-03-01 12:35:15,2022-03-01 12:39:10,W 36 St & 9 Ave,6569,10 Ave & W 28 St,6459,40.75462324029105,-73.99516761302948,40.75066386,-74.00176802,member
1831164,9898C2A2F7A8950C,classic_bike,2022-03-30 22:19:10,2022-03-30 22:23:18,W 36 St & 9 Ave,6569,10 Ave & W 28 St,6459,40.75462324029105,-73.99516761302948,40.75066386,-74.00176802,member
1831166,2195DE21D6D75F75,classic_bike,2022-03-06 14:38:26,2022-03-06 14:50:14,W 36 St & 9 Ave,6569,W 52 St & 11 Ave,6926,40.75462324029105,-73.99516761302948,40.76727216,-73.99392888,member
1831167,30F67A1AFDCB8F93,electric_bike,2022-03-27 19:47:54,2022-03-27 19:54:24,W 36 St & 9 Ave,6569,10 Ave & W 28 St,6459,40.75462324029105,-73.99516761302948,40.75066386,-74.00176802,member
1831168,E16396BFECF6A045,classic_bike,2022-03-16 20:06:27,2022-03-16 20:11:23,W 36 St & 9 Ave,6569,10 Ave & W 28 St,6459,40.75462324029105,-73.99516761302948,40.75066386,-74.00176802,member
1831174,29BB12E9BFCF145A,classic_bike,2022-03-14 18:24:53,2022-03-14 18:48:13,W 36 St & 9 Ave,6569,West St & Chambers St,5329,40.75462324029105,-73.99516761302948,40.71754834,-74.01322069,member
1831176,9D304501E3AFDDEC,electric_bike,2022-03-23 06:10:09,2022-03-23 06:25:03,W 36 St & 9 Ave,6569,West St & Chambers St,5329,40.75462324029105,-73.99516761302948,40.71754834,-74.01322069,member
1831177,72DAD2679C91357E,electric_bike,2022-03-22 06:01:13,2022-03-22 06:17:14,W 36 St & 9 Ave,6569,West St & Chambers St,5329,40.75462324029105,-73.99516761302948,40.71754834,-74.01322069,member
1831180,19B3E1670076B52E,classic_bike,2022-03-15 18:33:46,2022-03-15 18:48:32,W 36 St & 9 Ave,6569,7 Ave S & Bleecker St,5805,40.75462324029105,-73.99516761302948,40.73213896287381,-74.00363802909851,member
1833060,E97F948A37E918CF,classic_bike,2022-03-15 10:47:07,2022-03-15 10:52:57,W 35 St & 9 Ave,6569,10 Ave & W 28 St,6459,40.75414519263519,-73.9960889518261,40.75066386,-74.00176802,member
1833072,D525D204584410BB,classic_bike,2022-03-02 14:54:39,2022-03-02 15:18:47,W 35 St & 9 Ave,6569,West St & Chambers St,5329,40.75414519263519,-73.9960889518261,40.71754834,-74.01322069,member
1833074,CA553A6107FEF791,electric_bike,2022-03-18 08:01:06,2022-03-18 08:18:30,W 35 St & 9 Ave,6569,West St & Chambers St,5329,40.75414519263519,-73.9960889518261,40.71754834,-74.01322069,member
1833079,884FC869A4859A96,classic_bike,2022-03-25 15:14:43,2022-03-25 15:30:23,W 35 St & 9 Ave,6569,W Broadway & W Houston St,5644,40.75414519263519,-73.9960889518261,40.726378,-74.000472,casual
1833082,B38C9FAAD19F082C,electric_bike,2022-03-14 16:33:57,2022-03-14 16:55:51,W 35 St & 9 Ave,6569,West St & Chambers St,5329,40.75414519263519,-73.9960889518261,40.71754834,-74.01322069,casual
1833445,C138B52C305698AB,classic_bike,2022-03-18 16:12:13,2022-03-18 16:32:37,W 35 St & 9 Ave,6569,7 Ave S & Bleecker St,5805,40.75414519263519,-73.9960889518261,40.73213896287381,-74.00363802909851,member
1833520,CE1F5A248DC1A176,classic_bike,2022-03-14 18:25:02,2022-03-14 18:48:13,W 36 St & 9 Ave,6569,West St & Chambers St,5329,40.75462324029105,-73.99516761302948,40.71754834,-74.01322069,member
1833523,1FAB57B626AECC6B,electric_bike,2022-03-04 15:43:43,2022-03-04 16:09:50,W 36 St & 9 Ave,6569,10 Ave & W 28 St,6459,40.75462324029105,-73.99516761302948,40.75066386,-74.00176802,member
1833525,AF7479638CFAB9F6,electric_bike,2022-03-15 23:19:01,2022-03-15 23:24:27,W 36 St & 9 Ave,6569,10 Ave & W 28 St,6459,40.75462324029105,-73.99516761302948,40.75066386,-74.00176802,member
1833584,F6F53D2011AB7D39,electric_bike,2022-03-31 22:37:38,2022-03-31 22:53:11,W 36 St & 9 Ave,6569,W Broadway & W Houston St,5644,40.75462324029105,-73.99516761302948,40.726378,-74.000472,member
1835502,7AD6F159404F9B49,electric_bike,2022-03-20 15:31:56,2022-03-20 15:36:11,W 35 St & Dyer Ave,6569,10 Ave & W 28 St,6459,40.754691750226016,-73.99740189313889,40.75066386,-74.00176802,member
1835530,7BC0670327B67D77,electric_bike,2022-03-31 10:00:59,2022-03-31 10:28:29,W 35 St & Dyer Ave,6569,West St & Chambers St,5329,40.754691750226016,-73.99740189313889,40.71754834,-74.01322069,casual
1835555,0A10740388C0D644,electric_bike,2022-03-24 18:58:17,2022-03-24 19:15:53,W 35 St & Dyer Ave,6569,West St & Chambers St,5329,40.754691750226016,-73.99740189313889,40.71754834,-74.01322069,member
1835557,8A34E6D57BEED29C,electric_bike,2022-03-01 21:19:46,2022-03-01 21:25:40,W 35 St & Dyer Ave,6569,W 52 St & 11 Ave,6926,40.754691750226016,-73.99740189313889,40.76727216,-73.99392888,member
1835605,D10A752EAE7C2B44,classic_bike,2022-03-24 10:57:07,2022-03-24 11:03:25,W 35 St & Dyer Ave,6569,10 Ave & W 28 St,6459,40.754691750226016,-73.99740189313889,40.75066386,-74.00176802,member
1836457,429690F39384654B,electric_bike,2022-03-17 21:22:40,2022-03-17 21:26:42,W 36 St & 9 Ave,6569,10 Ave & W 28 St,6459,40.75462324029105,-73.99516761302948,40.75066386,-74.00176802,member
1836477,E7E543A8F83D686B,classic_bike,2022-03-29 12:55:55,2022-03-29 13:03:54,W 36 St & 9 Ave,6569,10 Ave & W 28 St,6459,40.75462324029105,-73.99516761302948,40.75066386,-74.00176802,member
1836478,F820B59972247CD7,electric_bike,2022-03-12 11:59:26,2022-03-12 12:03:42,W 36 St & 9 Ave,6569,10 Ave & W 28 St,6459,40.75462324029105,-73.99516761302948,40.75066386,-74.00176802,member
1836479,C51AD95C8DB876C5,classic_bike,2022-03-26 19:30:55,2022-03-26 19:35:25,W 36 St & 9 Ave,6569,10 Ave & W 28 St,6459,40.75462324029105,-73.99516761302948,40.75066386,-74.00176802,member
1836480,AB0B33C9B38FD28F,electric_bike,2022-03-23 05:36:54,2022-03-23 05:48:26,W 36 St & 9 Ave,6569,W 52 St & 11 Ave,6926,40.75462324029105,-73.99516761302948,40.76727216,-73.99392888,casual
1836487,CD271DD13DDFDABF,classic_bike,2022-03-24 09:37:34,2022-03-24 09:50:14,W 36 St & 9 Ave,6569,10 Ave & W 28 St,6459,40.75462324029105,-73.99516761302948,40.75066386,-74.00176802,member
1836489,332405C4A4F10FBB,classic_bike,2022-03-26 02:29:31,2022-03-26 04:49:22,W 36 St & 9 Ave,6569,10 Ave & W 28 St,6459,40.75462324029105,-73.99516761302948,40.75066386,-74.00176802,casual
1836493,4876E6A90392706C,classic_bike,2022-03-25 21:52:59,2022-03-25 21:58:00,W 36 St & 9 Ave,6569,10 Ave & W 28 St,6459,40.75462324029105,-73.99516761302948,40.75066386,-74.00176802,member
1836494,F1D00BF5AB6319B0,electric_bike,2022-03-03 10:58:30,2022-03-03 11:01:26,W 36 St & 9 Ave,6569,10 Ave & W 28 St,6459,40.75462324029105,-73.99516761302948,40.75066386,-74.00176802,casual
1837211,D726EFD331EA39C3,classic_bike,2022-03-25 10:14:27,2022-03-25 10:19:31,W 36 St & 9 Ave,6569,10 Ave & W 28 St,6459,40.75462324029105,-73.99516761302948,40.75066386,-74.00176802,member
1838967,2CCD48468FD61CF9,electric_bike,2022-03-29 15:00:32,2022-03-29 15:14:33,W 35 St & 9 Ave,6569,W 52 St & 11 Ave,6926,40.75414519263519,-73.9960889518261,40.76727216,-73.99392888,member
1838969,12BDDFF361964701,classic_bike,2022-03-18 23:03:19,2022-03-18 23:27:02,W 35 St & 9 Ave,6569,7 Ave S & Bleecker St,5805,40.75414519263519,-73.9960889518261,40.73213896287381,-74.00363802909851,member
1838972,12028BB4D2A6F7F5,electric_bike,2022-03-22 10:12:57,2022-03-22 10:24:16,W 35 St & 9 Ave,6569,West St & Chambers St,5329,40.75414519263519,-73.9960889518261,40.71754834,-74.01322069,member
1839000,6F786610230A0504,electric_bike,2022-03-17 22:46:27,2022-03-17 22:49:49,W 35 St & 9 Ave,6569,10 Ave & W 28 St,6459,40.75414519263519,-73.9960889518261,40.75066386,-74.00176802,member
1840197,BCFD5E0988CDD3E7,classic_bike,2022-03-26 02:48:00,2022-03-26 04:49:04,W 35 St & 9 Ave,6569,10 Ave & W 28 St,6459,40.75414519263519,-73.9960889518261,40.75066386,-74.00176802,casual
1841296,6442058ECF97AF10,classic_bike,2022-03-31 17:18:01,2022-03-31 17:22:25,W 35 St & 9 Ave,6569,10 Ave & W 28 St,6459,40.75414519263519,-73.9960889518261,40.75066386,-74.00176802,member
1841297,E4993D9C4058F70D,classic_bike,2022-03-21 23:44:23,2022-03-21 23:47:19,W 35 St & 9 Ave,6569,10 Ave & W 28 St,6459,40.75414519263519,-73.9960889518261,40.75066386,-74.00176802,member
1843971,1A5528F4EDB4BD26,classic_bike,2022-03-11 11:45:38,2022-03-11 12:04:20,W 35 St & 9 Ave,6569,7 Ave S & Bleecker St,5805,40.75414519263519,-73.9960889518261,40.73213896287381,-74.00363802909851,member
1843978,687B33B128493FB8,electric_bike,2022-03-01 09:06:58,2022-03-01 09:19:36,W 35 St & 9 Ave,6569,10 Ave & W 28 St,6459,40.75414519263519,-73.9960889518261,40.75066386,-74.00176802,member
1843987,AECD1EC1D5B31BB9,docked_bike,2022-03-10 18:18:23,2022-03-10 19:26:23,W 35 St & 9 Ave,6569,West St & Chambers St,5329,40.754145,-73.996089,40.717548,-74.013221,casual
1844359,D47B481FF42B2B5F,classic_bike,2022-03-29 09:13:15,2022-03-29 09:33:55,W 35 St & 9 Ave,6569,West St & Chambers St,5329,40.75414519263519,-73.9960889518261,40.71754834,-74.01322069,member
1844360,2196DD85B6B0D3D4,classic_bike,2022-03-21 17:07:06,2022-03-21 17:24:32,W 35 St & 9 Ave,6569,W Broadway & W Houston St,5644,40.75414519263519,-73.9960889518261,40.726378,-74.000472,member
1844361,FB810A47341ED694,classic_bike,2022-03-27 10:45:57,2022-03-27 11:02:22,W 35 St & 9 Ave,6569,W Broadway & W Houston St,5644,40.75414519263519,-73.9960889518261,40.726378,-74.000472,member
1844364,095504850C042743,classic_bike,2022-03-14 11:37:41,2022-03-14 11:54:02,W 35 St & 9 Ave,6569,7 Ave S & Bleecker St,5805,40.75414519263519,-73.9960889518261,40.73213896287381,-74.00363802909851,member
1844422,AE696E31E797F411,classic_bike,2022-03-16 19:41:59,2022-03-16 19:52:38,W 35 St & 9 Ave,6569,7 Ave S & Bleecker St,5805,40.75414519263519,-73.9960889518261,40.73213896287381,-74.00363802909851,member
1845563,E79B05BCAC4FF758,classic_bike,2022-03-27 13:29:41,2022-03-27 13:33:57,W 35 St & 9 Ave,6569,10 Ave & W 28 St,6459,40.75414519263519,-73.9960889518261,40.75066386,-74.00176802,member
1845564,5522831C285BA5C9,classic_bike,2022-03-31 12:09:13,2022-03-31 12:28:35,W 35 St & 9 Ave,6569,West St & Chambers St,5329,40.75414519263519,-73.9960889518261,40.71754834,-74.01322069,member
1845599,DFB4E06ADF26AFE7,classic_bike,2022-03-28 11:41:05,2022-03-28 11:54:14,W 35 St & 9 Ave,6569,7 Ave S & Bleecker St,5805,40.75414519263519,-73.9960889518261,40.73213896287381,-74.00363802909851,member
1845613,FBF50108F87013BD,classic_bike,2022-03-11 11:45:21,2022-03-11 12:04:17,W 35 St & 9 Ave,6569,7 Ave S & Bleecker St,5805,40.75414519263519,-73.9960889518261,40.73213896287381,-74.00363802909851,member
1845623,654F4F4335E17DA6,classic_bike,2022-03-11 11:45:42,2022-03-11 12:04:27,W 35 St & 9 Ave,6569,7 Ave S & Bleecker St,5805,40.75414519263519,-73.9960889518261,40.73213896287381,-74.00363802909851,casual
1845640,DE7C22BD417C58FA,classic_bike,2022-03-06 14:22:15,2022-03-06 14:53:17,W 35 St & 9 Ave,6569,West St & Chambers St,5329,40.75414519263519,-73.9960889518261,40.71754834,-74.01322069,member
1845645,015A136E9D3DBBB7,classic_bike,2022-03-15 09:10:25,2022-03-15 09:25:12,W 35 St & 9 Ave,6569,7 Ave S & Bleecker St,5805,40.75414519263519,-73.9960889518261,40.73213896287381,-74.00363802909851,casual
1845649,6B69370ACC11DEE9,electric_bike,2022-03-08 14:12:43,2022-03-08 14:15:58,W 35 St & 9 Ave,6569,10 Ave & W 28 St,6459,40.75414519263519,-73.9960889518261,40.75066386,-74.00176802,casual
1845678,76A1E869378AD8B0,classic_bike,2022-03-25 17:38:49,2022-03-25 17:53:13,W 35 St & 9 Ave,6569,7 Ave S & Bleecker St,5805,40.75414519263519,-73.9960889518261,40.73213896287381,-74.00363802909851,member
1845681,159C62280961373C,classic_bike,2022-03-29 20:50:17,2022-03-29 20:53:16,W 35 St & 9 Ave,6569,10 Ave & W 28 St,6459,40.75414519263519,-73.9960889518261,40.75066386,-74.00176802,member
1845694,5156DE8D359CBCE8,classic_bike,2022-03-16 11:37:47,2022-03-16 11:51:14,W 35 St & 9 Ave,6569,7 Ave S & Bleecker St,5805,40.75414519263519,-73.9960889518261,40.73213896287381,-74.00363802909851,member
1845702,DC465DD394F559BF,classic_bike,2022-03-17 13:20:46,2022-03-17 13:26:31,W 35 St & 9 Ave,6569,10 Ave & W 28 St,6459,40.75414519263519,-73.9960889518261,40.75066386,-74.00176802,member
1845708,C641F1DB95AD92BD,classic_bike,2022-03-18 16:18:19,2022-03-18 16:32:39,W 35 St & 9 Ave,6569,7 Ave S & Bleecker St,5805,40.75414519263519,-73.9960889518261,40.73213896287381,-74.00363802909851,casual
1845709,8873DE429650EB75,classic_bike,2022-03-17 07:52:58,2022-03-17 08:00:23,W 35 St & 9 Ave,6569,W 52 St & 11 Ave,6926,40.75414519263519,-73.9960889518261,40.76727216,-73.99392888,casual
1845860,6448B408D33F1E84,classic_bike,2022-03-20 11:26:41,2022-03-20 11:42:37,W 35 St & 9 Ave,6569,W Broadway & W Houston St,5644,40.75414519263519,-73.9960889518261,40.726378,-74.000472,member
1845994,8C06378F2A51CE26,classic_bike,2022-03-30 22:28:57,2022-03-30 22:34:12,W 35 St & 9 Ave,6569,10 Ave & W 28 St,6459,40.75414519263519,-73.9960889518261,40.75066386,-74.00176802,member
1846275,0F4878489B908120,electric_bike,2022-03-18 11:27:14,2022-03-18 11:34:04,W 35 St & 9 Ave,6569,10 Ave & W 28 St,6459,40.75414519263519,-73.9960889518261,40.75066386,-74.00176802,casual
1846284,DAAE77DE46CC5D8E,electric_bike,2022-03-19 08:41:32,2022-03-19 08:58:44,W 35 St & 9 Ave,6569,W Broadway & W Houston St,5644,40.75414519263519,-73.9960889518261,40.726378,-74.000472,member
1846298,BBD82C7DEF59ED89,electric_bike,2022-03-25 18:55:58,2022-03-25 19:02:29,W 35 St & 9 Ave,6569,10 Ave & W 28 St,6459,40.75414519263519,-73.9960889518261,40.75066386,-74.00176802,casual
1846367,4EBAC881B82B6B72,classic_bike,2022-03-04 17:52:35,2022-03-04 17:56:23,W 35 St & 9 Ave,6569,10 Ave & W 28 St,6459,40.75414519263519,-73.9960889518261,40.75066386,-74.00176802,member
1846620,8F709A0B37258589,classic_bike,2022-03-30 18:50:26,2022-03-30 18:53:26,W 35 St & 9 Ave,6569,10 Ave & W 28 St,6459,40.75414519263519,-73.9960889518261,40.75066386,-74.00176802,member
1846643,4C10BCD41A9B6DB0,classic_bike,2022-03-01 18:14:24,2022-03-01 18:27:42,W 35 St & 9 Ave,6569,7 Ave S & Bleecker St,5805,40.75414519263519,-73.9960889518261,40.73213896287381,-74.00363802909851,member
1846663,7283D58717327C43,classic_bike,2022-03-15 17:53:08,2022-03-15 18:15:42,W 35 St & 9 Ave,6569,West St & Chambers St,5329,40.75414519263519,-73.9960889518261,40.71754834,-74.01322069,casual
1846693,1FA544219D6EF62E,classic_bike,2022-03-08 12:47:01,2022-03-08 12:51:16,W 35 St & 9 Ave,6569,10 Ave & W 28 St,6459,40.75414519263519,-73.9960889518261,40.75066386,-74.00176802,member
1847335,F608D3DF7369FEF7,classic_bike,2022-03-06 14:22:32,2022-03-06 14:53:17,W 35 St & 9 Ave,6569,West St & Chambers St,5329,40.75414519263519,-73.9960889518261,40.71754834,-74.01322069,member
1847355,391AFE5A0159B704,classic_bike,2022-03-04 18:15:07,2022-03-04 18:19:50,W 35 St & 9 Ave,6569,10 Ave & W 28 St,6459,40.75414519263519,-73.9960889518261,40.75066386,-74.00176802,member
1847357,B7DD147DEBA697CE,classic_bike,2022-03-06 01:45:09,2022-03-06 01:49:45,W 35 St & 9 Ave,6569,10 Ave & W 28 St,6459,40.75414519263519,-73.9960889518261,40.75066386,-74.00176802,member
1849239,3000BAD9728E3589,classic_bike,2022-03-03 17:52:21,2022-03-03 18:16:06,W 36 St & 9 Ave,6569,Riverside Dr & W 82 St,7388,40.75462324029105,-73.99516761302948,40.78720869,-73.98128127,member
1849263,6DAC2EA6CA6B637E,classic_bike,2022-03-15 16:54:38,2022-03-15 17:06:54,W 36 St & 9 Ave,6569,Christopher St & Greenwich St,5847,40.75462324029105,-73.99516761302948,40.73291553,-74.00711384,member
1849264,D3D9C67DB939015A,electric_bike,2022-03-14 18:19:04,2022-03-14 18:35:03,W 36 St & 9 Ave,6569,Mercer St & Bleecker St,5679,40.75462324029105,-73.99516761302948,40.72706363348306,-73.99662137031554,member
1849267,72CAF46500A4E313,classic_bike,2022-03-10 08:57:42,2022-03-10 09:15:41,W 36 St & 9 Ave,6569,Greenwich St & Hubert St,5470,40.75462324029105,-73.99516761302948,40.721319,-74.010065,member
1849290,680B0446A6A379D7,electric_bike,2022-03-09 08:38:22,2022-03-09 08:50:34,W 36 St & 9 Ave,6569,Christopher St & Greenwich St,5847,40.75462324029105,-73.99516761302948,40.73291553,-74.00711384,casual
1849296,C12528302AC8F984,classic_bike,2022-03-04 17:07:29,2022-03-04 17:35:59,W 36 St & 9 Ave,6569,E 4 St & Ave B,5515,40.75462324029105,-73.99516761302948,40.72334683218016,-73.98265913128853,member
1849390,AB4797A9CBA50CA0,classic_bike,2022-03-22 18:18:41,2022-03-22 18:31:36,W 35 St & Dyer Ave,6569,Christopher St & Greenwich St,5847,40.754691750226016,-73.99740189313889,40.73291553,-74.00711384,member
1849569,EB26A9FBA0A42CCE,electric_bike,2022-03-31 06:59:40,2022-03-31 07:13:33,W 36 St & 9 Ave,6569,Greenwich St & Hubert St,5470,40.75462324029105,-73.99516761302948,40.721319,-74.010065,member
1851825,59C6C63B0D2DB4C3,classic_bike,2022-03-29 18:15:27,2022-03-29 18:26:36,W 35 St & 9 Ave,6569,E 22 St & 2 Ave,5971,40.75414519263519,-73.9960889518261,40.73716919369882,-73.98122549057007,member
1852003,B1300EC632E82A40,classic_bike,2022-03-08 18:08:44,2022-03-08 18:23:10,W 35 St & 9 Ave,6569,E 26 St & 3 Ave,6089,40.75414519263519,-73.9960889518261,40.74069317733043,-73.98160636425018,member
1852055,946359F06368AB5C,classic_bike,2022-03-25 13:56:45,2022-03-25 14:12:23,W 35 St & 9 Ave,6569,Mercer St & Bleecker St,5679,40.75414519263519,-73.9960889518261,40.72706363348306,-73.99662137031554,member
1852129,7F5A7B5D9C1FFB86,classic_bike,2022-03-24 18:48:54,2022-03-24 19:07:30,W 35 St & 9 Ave,6569,Mercer St & Bleecker St,5679,40.75414519263519,-73.9960889518261,40.72706363348306,-73.99662137031554,member
1855886,1EAD84358C4DFD5B,classic_bike,2022-03-15 18:22:37,2022-03-15 18:38:02,W 35 St & Dyer Ave,6569,Mercer St & Bleecker St,5679,40.754691750226016,-73.99740189313889,40.72706363348306,-73.99662137031554,member
1855937,AA83B0700FCDC015,classic_bike,2022-03-01 09:37:37,2022-03-01 09:58:44,W 36 St & 9 Ave,6569,E 22 St & 2 Ave,5971,40.75462324029105,-73.99516761302948,40.73716919369882,-73.98122549057007,member
1855938,BB52A702A004AF64,electric_bike,2022-03-13 23:25:58,2022-03-13 23:38:32,W 36 St & 9 Ave,6569,E 20 St & FDR Dr,5886,40.75462324029105,-73.99516761302948,40.733208626522426,-73.9756813647,member
1857023,6BFE32E676F1955B,electric_bike,2022-03-13 14:50:39,2022-03-13 15:00:28,W 36 St & 9 Ave,6569,E 26 St & 3 Ave,6089,40.75462324029105,-73.99516761302948,40.74069317733043,-73.98160636425018,member
1857033,811712CEFBB1A95E,electric_bike,2022-03-03 07:05:30,2022-03-03 07:18:07,W 36 St & 9 Ave,6569,Greenwich St & Hubert St,5470,40.75462324029105,-73.99516761302948,40.721319,-74.010065,member
1857034,4F7CA7DB92835E74,classic_bike,2022-03-16 15:27:26,2022-03-16 15:39:30,W 36 St & 9 Ave,6569,Christopher St & Greenwich St,5847,40.75462324029105,-73.99516761302948,40.73291553,-74.00711384,member
1857080,029B993145A38DA6,classic_bike,2022-03-28 14:43:54,2022-03-28 15:04:59,W 35 St & Dyer Ave,6569,Mercer St & Bleecker St,5679,40.754691750226016,-73.99740189313889,40.72706363348306,-73.99662137031554,member
1858068,020F0FE100CAE94C,electric_bike,2022-03-02 16:25:30,2022-03-02 16:37:16,W 36 St & 9 Ave,6569,Christopher St & Greenwich St,5847,40.75462324029105,-73.99516761302948,40.73291553,-74.00711384,member
1859157,E241EA3A8033E8C5,electric_bike,2022-03-01 20:13:20,2022-03-01 20:23:41,W 35 St & 9 Ave,6569,E 22 St & 2 Ave,5971,40.75414519263519,-73.9960889518261,40.73716919369882,-73.98122549057007,member
1859184,E46964EC9C2E60D3,electric_bike,2022-03-13 17:43:55,2022-03-13 17:54:41,W 35 St & 9 Ave,6569,E 22 St & 2 Ave,5971,40.75414519263519,-73.9960889518261,40.73716919369882,-73.98122549057007,member
1859185,59EC5D612C60A775,classic_bike,2022-03-27 17:53:58,2022-03-27 18:04:03,W 35 St & 9 Ave,6569,E 22 St & 2 Ave,5971,40.75414519263519,-73.9960889518261,40.73716919369882,-73.98122549057007,member
1862372,BC4F65871BD2FBFD,classic_bike,2022-03-19 18:21:17,2022-03-19 18:35:14,W 36 St & 9 Ave,6569,E 26 St & 3 Ave,6089,40.75462324029105,-73.99516761302948,40.74069317733043,-73.98160636425018,casual
1862998,DE1B96DA77DB79DE,electric_bike,2022-03-08 18:18:22,2022-03-08 18:30:51,W 35 St & Dyer Ave,6569,Christopher St & Greenwich St,5847,40.754691750226016,-73.99740189313889,40.73291553,-74.00711384,casual
1864498,B61402A1D0C9DA15,electric_bike,2022-03-18 11:51:21,2022-03-18 12:03:44,W 35 St & 9 Ave,6569,Christopher St & Greenwich St,5847,40.75414519263519,-73.9960889518261,40.73291553,-74.00711384,casual
1864536,2E777FD2B52F0DD8,classic_bike,2022-03-20 11:33:29,2022-03-20 11:50:55,W 35 St & 9 Ave,6569,Mercer St & Bleecker St,5679,40.75414519263519,-73.9960889518261,40.72706363348306,-73.99662137031554,member
1864542,6C523DDDF5DCC00D,electric_bike,2022-03-06 18:18:22,2022-03-06 18:30:57,W 35 St & 9 Ave,6569,E 22 St & 2 Ave,5971,40.75414519263519,-73.9960889518261,40.73716919369882,-73.98122549057007,member
1864662,5CCE280F4FBFA122,classic_bike,2022-03-12 11:57:59,2022-03-12 12:13:42,W 35 St & 9 Ave,6569,Mercer St & Bleecker St,5679,40.75414519263519,-73.9960889518261,40.72706363348306,-73.99662137031554,member
1864672,E9517F5B78609609,electric_bike,2022-03-08 12:43:25,2022-03-08 12:57:45,W 35 St & 9 Ave,6569,E 22 St & 2 Ave,5971,40.75414519263519,-73.9960889518261,40.73716919369882,-73.98122549057007,member
1865819,D19E97D70ABC9712,electric_bike,2022-03-25 16:28:12,2022-03-25 16:39:24,W 35 St & 9 Ave,6569,E 26 St & 3 Ave,6089,40.75414519263519,-73.9960889518261,40.74069317733043,-73.98160636425018,member
1866463,0BFD5E19BCDBE323,classic_bike,2022-03-16 17:18:07,2022-03-16 17:35:59,W 35 St & 9 Ave,6569,Christopher St & Greenwich St,5847,40.75414519263519,-73.9960889518261,40.73291553,-74.00711384,member
1866490,DA121719F3D8519A,classic_bike,2022-03-22 17:08:24,2022-03-22 17:21:24,W 36 St & 9 Ave,6569,Christopher St & Greenwich St,5847,40.75462324029105,-73.99516761302948,40.73291553,-74.00711384,member
1866495,E688FFB19392F75E,electric_bike,2022-03-20 17:39:50,2022-03-20 18:02:47,W 36 St & 9 Ave,6569,E 4 St & Ave B,5515,40.75462324029105,-73.99516761302948,40.72334683218016,-73.98265913128853,member
1867021,A65E13C5D4C8BECC,classic_bike,2022-03-30 20:02:15,2022-03-30 20:36:42,W 35 St & 9 Ave,6569,Christopher St & Greenwich St,5847,40.75414519263519,-73.9960889518261,40.73291553,-74.00711384,member
1870498,EFFB3EBD6699C7F8,classic_bike,2022-03-20 13:45:51,2022-03-20 14:13:20,W 35 St & Dyer Ave,6569,Canal St & Rutgers St,5303,40.754691750226016,-73.99740189313889,40.71427487,-73.98990025,member
1870509,BBBFB07C9AD1BD7E,classic_bike,2022-03-28 09:05:34,2022-03-28 09:20:57,W 35 St & Dyer Ave,6569,W 12 St & Hudson St,5997,40.754691750226016,-73.99740189313889,40.73752993301071,-74.00558933615685,member
1870511,2712D76B22C6D9EF,classic_bike,2022-03-31 10:26:52,2022-03-31 10:41:07,W 35 St & Dyer Ave,6569,W 15 St & 6 Ave,5989,40.754691750226016,-73.99740189313889,40.738046142482766,-73.99642959237099,member
1870526,27F529A81D790D63,classic_bike,2022-03-16 14:58:45,2022-03-16 15:06:24,W 35 St & Dyer Ave,6569,E 41 St & Madison Ave (SE corner),6432,40.754691750226016,-73.99740189313889,40.752049,-73.979635,member
1870527,2A44F5DB5940E199,classic_bike,2022-03-17 15:01:07,2022-03-17 15:08:54,W 35 St & Dyer Ave,6569,E 41 St & Madison Ave (SE corner),6432,40.754691750226016,-73.99740189313889,40.752049,-73.979635,member
1870528,763371A9797C60C7,classic_bike,2022-03-29 15:55:24,2022-03-29 16:04:35,W 35 St & Dyer Ave,6569,E 41 St & Madison Ave (SE corner),6432,40.754691750226016,-73.99740189313889,40.752049,-73.979635,member
1870799,9283057394DC439D,classic_bike,2022-03-26 16:25:31,2022-03-26 17:08:23,W 35 St & Dyer Ave,6569,W 15 St & 6 Ave,5989,40.754691750226016,-73.99740189313889,40.738046142482766,-73.99642959237099,casual
1870805,3294FA1026FB09FF,electric_bike,2022-03-06 12:27:35,2022-03-06 12:42:57,W 35 St & Dyer Ave,6569,E 41 St & Madison Ave (SE corner),6432,40.754691750226016,-73.99740189313889,40.752049,-73.979635,casual
1870835,AB072FCF1CF90614,classic_bike,2022-03-16 13:52:20,2022-03-16 14:06:29,W 35 St & Dyer Ave,6569,E 41 St & Madison Ave (SE corner),6432,40.754691750226016,-73.99740189313889,40.752049,-73.979635,member
1870836,34B5A058B37A49B9,classic_bike,2022-03-27 14:29:02,2022-03-27 14:37:30,W 35 St & Dyer Ave,6569,E 41 St & Madison Ave (SE corner),6432,40.754691750226016,-73.99740189313889,40.752049,-73.979635,member
1870885,3E1CCE8551463F44,classic_bike,2022-03-16 16:11:03,2022-03-16 16:23:59,W 35 St & Dyer Ave,6569,Bank St & Washington St,5964,40.754691750226016,-73.99740189313889,40.7361967,-74.00859207,member
1871551,9A2CF9D4146C7670,docked_bike,2022-03-16 17:25:08,2022-03-16 17:41:00,W 36 St & 9 Ave,6569,W 12 St & Hudson St,5997,40.754623,-73.995168,40.73753,-74.005589,casual
1871559,AA3FB7C682C8B875,electric_bike,2022-03-17 16:47:18,2022-03-17 16:55:49,W 36 St & 9 Ave,6569,Bank St & Washington St,5964,40.75462324029105,-73.99516761302948,40.7361967,-74.00859207,member
1871560,1345C5322A21B4D0,classic_bike,2022-03-30 07:13:20,2022-03-30 07:25:43,W 36 St & 9 Ave,6569,W 12 St & Hudson St,5997,40.75462324029105,-73.99516761302948,40.73752993301071,-74.00558933615685,member
1871567,85AB4D2E1FF44549,classic_bike,2022-03-08 14:35:54,2022-03-08 14:44:14,W 36 St & 9 Ave,6569,W 12 St & Hudson St,5997,40.75462324029105,-73.99516761302948,40.73752993301071,-74.00558933615685,member
1871568,14839F3151155DF3,electric_bike,2022-03-04 15:28:21,2022-03-04 15:38:29,W 36 St & 9 Ave,6569,W 12 St & Hudson St,5997,40.75462324029105,-73.99516761302948,40.73752993301071,-74.00558933615685,member
1871576,C3C873F5EBE84D2A,classic_bike,2022-03-08 17:06:03,2022-03-08 17:15:53,W 36 St & 9 Ave,6569,Bank St & Washington St,5964,40.75462324029105,-73.99516761302948,40.7361967,-74.00859207,member
1871583,08C79CD8DB818257,classic_bike,2022-03-18 13:12:53,2022-03-18 13:22:35,W 36 St & 9 Ave,6569,E 41 St & Madison Ave (SE corner),6432,40.75462324029105,-73.99516761302948,40.752049,-73.979635,member
1871588,0508BA9E8A7B07CE,electric_bike,2022-03-28 18:02:36,2022-03-28 18:09:21,W 36 St & 9 Ave,6569,E 41 St & Madison Ave (SE corner),6432,40.75462324029105,-73.99516761302948,40.752049,-73.979635,casual
1871597,0B84587D7ECF3BEC,classic_bike,2022-03-11 10:29:45,2022-03-11 10:46:10,W 36 St & 9 Ave,6569,W 12 St & Hudson St,5997,40.75462324029105,-73.99516761302948,40.73752993301071,-74.00558933615685,member
1871600,C1751F78DCB96D4D,classic_bike,2022-03-07 17:20:32,2022-03-07 17:27:00,W 36 St & 9 Ave,6569,E 41 St & Madison Ave (SE corner),6432,40.75462324029105,-73.99516761302948,40.752049,-73.979635,member
1871632,47F963432E47AC1B,classic_bike,2022-03-03 12:42:35,2022-03-03 12:55:43,W 36 St & 9 Ave,6569,W 15 St & 6 Ave,5989,40.75462324029105,-73.99516761302948,40.738046142482766,-73.99642959237099,member
1871638,2D24B6ECB15D45D7,docked_bike,2022-03-14 09:15:02,2022-03-14 10:08:34,W 36 St & 9 Ave,6569,Bank St & Washington St,5964,40.754623,-73.995168,40.736197,-74.008592,casual
1871639,CF1DA8FA3CC43F74,electric_bike,2022-03-29 17:43:27,2022-03-29 17:52:30,W 36 St & 9 Ave,6569,Bank St & Washington St,5964,40.75462324029105,-73.99516761302948,40.7361967,-74.00859207,member
1871640,E9E455317DB75911,classic_bike,2022-03-18 13:22:07,2022-03-18 13:35:21,W 36 St & 9 Ave,6569,W 12 St & Hudson St,5997,40.75462324029105,-73.99516761302948,40.73752993301071,-74.00558933615685,member
1871649,780963D92A03DFBE,classic_bike,2022-03-29 16:14:40,2022-03-29 16:21:54,W 36 St & 9 Ave,6569,E 41 St & Madison Ave (SE corner),6432,40.75462324029105,-73.99516761302948,40.752049,-73.979635,member
1873124,FE8BF027418367D2,classic_bike,2022-03-24 13:46:34,2022-03-24 13:56:01,W 35 St & 9 Ave,6569,E 41 St & Madison Ave (SE corner),6432,40.75414519263519,-73.9960889518261,40.752049,-73.979635,member
1874091,512060DFE37514F7,electric_bike,2022-03-24 09:52:46,2022-03-24 10:01:09,W 36 St & 9 Ave,6569,W 15 St & 6 Ave,5989,40.75462324029105,-73.99516761302948,40.738046142482766,-73.99642959237099,member
1874093,469BA76701AFAAEE,classic_bike,2022-03-01 09:23:00,2022-03-01 09:36:43,W 36 St & 9 Ave,6569,W 15 St & 6 Ave,5989,40.75462324029105,-73.99516761302948,40.738046142482766,-73.99642959237099,member
1874692,18A6453D92A8F4B6,electric_bike,2022-03-07 09:40:28,2022-03-07 09:48:54,W 36 St & 9 Ave,6569,W 15 St & 6 Ave,5989,40.75462324029105,-73.99516761302948,40.738046142482766,-73.99642959237099,member
1875435,D310C1C29F8BA6C0,classic_bike,2022-03-01 14:35:23,2022-03-01 15:02:07,W 35 St & 9 Ave,6569,Bank St & Washington St,5964,40.75414519263519,-73.9960889518261,40.7361967,-74.00859207,casual
1875754,125A03BA28CD37FD,classic_bike,2022-03-30 13:44:49,2022-03-30 13:54:25,W 35 St & 9 Ave,6569,E 41 St & Madison Ave (SE corner),6432,40.75414519263519,-73.9960889518261,40.752049,-73.979635,member
1877793,8883A94AEF81F763,classic_bike,2022-03-09 16:01:12,2022-03-09 16:08:55,W 35 St & Dyer Ave,6569,E 41 St & Madison Ave (SE corner),6432,40.754691750226016,-73.99740189313889,40.752049,-73.979635,member
1877794,17F729153DBDFE9F,classic_bike,2022-03-24 14:59:26,2022-03-24 15:07:43,W 35 St & Dyer Ave,6569,E 41 St & Madison Ave (SE corner),6432,40.754691750226016,-73.99740189313889,40.752049,-73.979635,member
1877795,BED99126C76B877A,classic_bike,2022-03-10 14:56:29,2022-03-10 15:04:35,W 35 St & Dyer Ave,6569,E 41 St & Madison Ave (SE corner),6432,40.754691750226016,-73.99740189313889,40.752049,-73.979635,member
1877796,76CC621ED3DBCE2F,classic_bike,2022-03-08 15:57:09,2022-03-08 16:07:45,W 35 St & Dyer Ave,6569,E 41 St & Madison Ave (SE corner),6432,40.754691750226016,-73.99740189313889,40.752049,-73.979635,member
1879315,DF6C09F8C7206248,electric_bike,2022-03-27 10:29:36,2022-03-27 10:36:30,W 35 St & 9 Ave,6569,W 12 St & Hudson St,5997,40.75414519263519,-73.9960889518261,40.73752993301071,-74.00558933615685,member
1879331,930541E107EE0586,electric_bike,2022-03-08 05:28:53,2022-03-08 05:43:39,W 35 St & 9 Ave,6569,E 63 St & 3 Ave,6830,40.75414519263519,-73.9960889518261,40.763954,-73.9646,member
1879332,2903A807646AE937,classic_bike,2022-03-01 10:39:11,2022-03-01 10:57:04,W 35 St & 9 Ave,6569,W 12 St & Hudson St,5997,40.75414519263519,-73.9960889518261,40.73752993301071,-74.00558933615685,casual
1879345,8BAA2086D15D42A5,electric_bike,2022-03-10 12:19:32,2022-03-10 12:38:27,W 35 St & 9 Ave,6569,Duane St & Hudson St,5359,40.75414519263519,-73.9960889518261,40.71703,-74.00925,member
1879402,9DD7E2A91A48BBEA,classic_bike,2022-03-01 14:34:18,2022-03-01 15:02:16,W 35 St & 9 Ave,6569,Bank St & Washington St,5964,40.75414519263519,-73.9960889518261,40.7361967,-74.00859207,casual
1879415,BA2E02941BBE782F,classic_bike,2022-03-20 15:13:25,2022-03-20 15:21:16,W 35 St & 9 Ave,6569,E 41 St & Madison Ave (SE corner),6432,40.75414519263519,-73.9960889518261,40.752049,-73.979635,member
1879466,34442A499F3FC000,electric_bike,2022-03-31 16:15:21,2022-03-31 16:27:27,W 35 St & 9 Ave,6569,W 15 St & 6 Ave,5989,40.75414519263519,-73.9960889518261,40.738046142482766,-73.99642959237099,member
1881848,6A558916B6133045,classic_bike,2022-03-16 13:44:00,2022-03-16 13:52:38,W 35 St & 9 Ave,6569,E 41 St & Madison Ave (SE corner),6432,40.75414519263519,-73.9960889518261,40.752049,-73.979635,member
1881849,C8B3525B54402744,classic_bike,2022-03-18 15:40:01,2022-03-18 15:52:50,W 35 St & 9 Ave,6569,W 15 St & 6 Ave,5989,40.75414519263519,-73.9960889518261,40.738046142482766,-73.99642959237099,member
1881883,A86F6D7399178184,electric_bike,2022-03-29 16:11:49,2022-03-29 16:31:25,W 35 St & 9 Ave,6569,E 58 St & 3 Ave,6762,40.75414519263519,-73.9960889518261,40.76095756,-73.96724467,member
1881980,EE4B8FD0056564F2,classic_bike,2022-03-30 18:39:41,2022-03-30 18:59:15,W 35 St & 9 Ave,6569,E 58 St & 3 Ave,6762,40.75414519263519,-73.9960889518261,40.76095756,-73.96724467,member
1885267,C8BB9767D523C10C,classic_bike,2022-03-14 13:45:29,2022-03-14 13:54:33,W 36 St & 9 Ave,6569,E 41 St & Madison Ave (SE corner),6432,40.75462324029105,-73.99516761302948,40.752049,-73.979635,member
1885293,9A9254024C4DAE2E,docked_bike,2022-03-14 09:15:17,2022-03-14 10:09:00,W 36 St & 9 Ave,6569,Bank St & Washington St,5964,40.754623,-73.995168,40.736197,-74.008592,casual
1885295,95FAFBB3DF301B04,classic_bike,2022-03-08 20:31:00,2022-03-08 20:42:31,W 36 St & 9 Ave,6569,Bank St & Washington St,5964,40.75462324029105,-73.99516761302948,40.7361967,-74.00859207,member
1885298,0691FEB09A691E24,classic_bike,2022-03-01 17:48:12,2022-03-01 17:55:11,W 36 St & 9 Ave,6569,E 41 St & Madison Ave (SE corner),6432,40.75462324029105,-73.99516761302948,40.752049,-73.979635,member
1885301,AAFAB9BFF72448FE,electric_bike,2022-03-26 15:54:25,2022-03-26 16:09:30,W 36 St & 9 Ave,6569,W 12 St & Hudson St,5997,40.75462324029105,-73.99516761302948,40.73752993301071,-74.00558933615685,member
1885304,1D432C80996834E5,classic_bike,2022-03-25 16:20:15,2022-03-25 16:31:55,W 36 St & 9 Ave,6569,W 15 St & 6 Ave,5989,40.75462324029105,-73.99516761302948,40.738046142482766,-73.99642959237099,member
1885319,E9F7DB5B37FE29B7,classic_bike,2022-03-31 07:19:47,2022-03-31 07:32:09,W 36 St & 9 Ave,6569,W 12 St & Hudson St,5997,40.75462324029105,-73.99516761302948,40.73752993301071,-74.00558933615685,member
1885323,3427470A5FB8060C,electric_bike,2022-03-11 08:43:39,2022-03-11 08:53:43,W 36 St & 9 Ave,6569,W 15 St & 6 Ave,5989,40.75462324029105,-73.99516761302948,40.738046142482766,-73.99642959237099,member
1885346,1694F81F74BBB899,electric_bike,2022-03-08 11:12:55,2022-03-08 11:20:19,W 36 St & 9 Ave,6569,W 15 St & 6 Ave,5989,40.75462324029105,-73.99516761302948,40.738046142482766,-73.99642959237099,member
1885347,4A5B8BFE811FB9CB,electric_bike,2022-03-28 17:30:31,2022-03-28 17:35:48,W 36 St & 9 Ave,6569,E 41 St & Madison Ave (SE corner),6432,40.75462324029105,-73.99516761302948,40.752049,-73.979635,member
1885944,A022634B00FF686F,classic_bike,2022-03-08 17:43:00,2022-03-08 17:49:14,W 36 St & 9 Ave,6569,E 41 St & Madison Ave (SE corner),6432,40.75462324029105,-73.99516761302948,40.752049,-73.979635,member
1885945,8F73BC13A9849558,classic_bike,2022-03-21 17:26:32,2022-03-21 17:32:51,W 36 St & 9 Ave,6569,E 41 St & Madison Ave (SE corner),6432,40.75462324029105,-73.99516761302948,40.752049,-73.979635,member
1885946,74AE1B589A988E81,electric_bike,2022-03-15 10:45:51,2022-03-15 10:53:18,W 36 St & 9 Ave,6569,E 41 St & Madison Ave (SE corner),6432,40.75462324029105,-73.99516761302948,40.752049,-73.979635,member
1885947,DC17221C3813A6DE,electric_bike,2022-03-14 20:41:48,2022-03-14 20:49:52,W 36 St & 9 Ave,6569,W 15 St & 6 Ave,5989,40.75462324029105,-73.99516761302948,40.738046142482766,-73.99642959237099,member
1885961,C7DF4F92BE4BB2A7,classic_bike,2022-03-06 14:23:19,2022-03-06 14:32:28,W 36 St & 9 Ave,6569,W 12 St & Hudson St,5997,40.75462324029105,-73.99516761302948,40.73752993301071,-74.00558933615685,member
1886006,18A551EAA1CE2E2B,electric_bike,2022-03-08 13:26:41,2022-03-08 13:34:13,W 36 St & 9 Ave,6569,E 41 St & Madison Ave (SE corner),6432,40.75462324029105,-73.99516761302948,40.752049,-73.979635,member
1886007,1C67073D0FF5A99A,classic_bike,2022-03-08 10:03:39,2022-03-08 10:14:50,W 36 St & 9 Ave,6569,E 41 St & Madison Ave (SE corner),6432,40.75462324029105,-73.99516761302948,40.752049,-73.979635,member
1886008,4B86B527DA5B0B74,classic_bike,2022-03-08 13:45:51,2022-03-08 13:54:22,W 36 St & 9 Ave,6569,E 41 St & Madison Ave (SE corner),6432,40.75462324029105,-73.99516761302948,40.752049,-73.979635,member
1886035,6017971E996826C0,classic_bike,2022-03-22 17:41:47,2022-03-22 17:48:42,W 36 St & 9 Ave,6569,E 41 St & Madison Ave (SE corner),6432,40.75462324029105,-73.99516761302948,40.752049,-73.979635,member
1890456,6B5426B730D9CA76,classic_bike,2022-03-19 21:35:45,2022-03-19 21:44:54,W 36 St & 9 Ave,6569,W 12 St & Hudson St,5997,40.75462324029105,-73.99516761302948,40.73752993301071,-74.00558933615685,member
1891166,AE71E04092894615,classic_bike,2022-03-06 15:12:55,2022-03-06 15:26:05,W 35 St & Dyer Ave,6569,Bank St & Washington St,5964,40.754691750226016,-73.99740189313889,40.7361967,-74.00859207,member
1891575,51E57975AC7E75AD,electric_bike,2022-03-10 11:40:31,2022-03-10 11:48:01,W 35 St & 9 Ave,6569,E 41 St & Madison Ave (SE corner),6432,40.75414519263519,-73.9960889518261,40.752049,-73.979635,casual
1891586,CEC6C61A79D24E3B,classic_bike,2022-03-04 09:55:48,2022-03-04 10:20:16,W 35 St & 9 Ave,6569,W 12 St & Hudson St,5997,40.75414519263519,-73.9960889518261,40.73752993301071,-74.00558933615685,casual
1891589,EC7AFC1A249C2327,classic_bike,2022-03-07 14:48:39,2022-03-07 15:14:15,W 35 St & 9 Ave,6569,Bank St & Washington St,5964,40.75414519263519,-73.9960889518261,40.7361967,-74.00859207,member
1891592,BBFAC968C661491F,classic_bike,2022-03-11 12:16:08,2022-03-11 12:26:33,W 35 St & 9 Ave,6569,E 41 St & Madison Ave (SE corner),6432,40.75414519263519,-73.9960889518261,40.752049,-73.979635,member
1891599,0CB77E5997ADF223,electric_bike,2022-03-31 16:46:01,2022-03-31 16:52:23,W 35 St & 9 Ave,6569,W 15 St & 6 Ave,5989,40.75414519263519,-73.9960889518261,40.738046142482766,-73.99642959237099,casual
1891612,B48FB804EC539649,electric_bike,2022-03-11 20:07:38,2022-03-11 20:21:17,W 35 St & 9 Ave,6569,E 58 St & 3 Ave,6762,40.75414519263519,-73.9960889518261,40.76095756,-73.96724467,casual
1891628,2CA6AD27B002F31F,classic_bike,2022-03-01 14:34:41,2022-03-01 15:02:25,W 35 St & 9 Ave,6569,Bank St & Washington St,5964,40.75414519263519,-73.9960889518261,40.7361967,-74.00859207,casual
1891650,31A6B0F0C860635E,classic_bike,2022-03-25 13:49:11,2022-03-25 13:57:36,W 35 St & 9 Ave,6569,E 41 St & Madison Ave (SE corner),6432,40.75414519263519,-73.9960889518261,40.752049,-73.979635,member
1891651,52984A6E9B01172E,classic_bike,2022-03-15 13:44:08,2022-03-15 13:54:16,W 35 St & 9 Ave,6569,E 41 St & Madison Ave (SE corner),6432,40.75414519263519,-73.9960889518261,40.752049,-73.979635,member
1891683,F1037C9D7DEC4CC4,electric_bike,2022-03-14 11:42:23,2022-03-14 11:50:24,W 35 St & 9 Ave,6569,W 15 St & 6 Ave,5989,40.75414519263519,-73.9960889518261,40.738046142482766,-73.99642959237099,casual
1891684,A5EE23AE0B48A5E9,electric_bike,2022-03-14 17:01:01,2022-03-14 17:07:53,W 35 St & 9 Ave,6569,W 15 St & 6 Ave,5989,40.75414519263519,-73.9960889518261,40.738046142482766,-73.99642959237099,casual
1891693,70AD1499D65C1E19,electric_bike,2022-03-09 05:57:04,2022-03-09 06:02:42,W 35 St & 9 Ave,6569,E 41 St & Madison Ave (SE corner),6432,40.75414519263519,-73.9960889518261,40.752049,-73.979635,member
1891694,3C2856778F969632,classic_bike,2022-03-02 19:02:57,2022-03-02 19:16:16,W 35 St & 9 Ave,6569,W 12 St & Hudson St,5997,40.75414519263519,-73.9960889518261,40.73752993301071,-74.00558933615685,member
1891730,59D864F181596C07,electric_bike,2022-03-25 15:09:29,2022-03-25 15:25:45,W 35 St & 9 Ave,6569,E 54 St & 1 Ave,6608,40.75414519263519,-73.9960889518261,40.756265,-73.964179,member
1891767,D23E8BCB34F49FB9,electric_bike,2022-03-18 15:58:56,2022-03-18 16:06:07,W 35 St & 9 Ave,6569,E 41 St & Madison Ave (SE corner),6432,40.75414519263519,-73.9960889518261,40.752049,-73.979635,member
1891796,CB56B22FB0ED02A4,classic_bike,2022-03-07 14:13:15,2022-03-07 14:22:02,W 35 St & 9 Ave,6569,E 41 St & Madison Ave (SE corner),6432,40.75414519263519,-73.9960889518261,40.752049,-73.979635,member
1891852,9548887BD2065F72,electric_bike,2022-03-17 17:12:41,2022-03-17 17:20:25,W 35 St & 9 Ave,6569,W 15 St & 6 Ave,5989,40.75414519263519,-73.9960889518261,40.738046142482766,-73.99642959237099,casual
1892174,BE91EDC53EFC87F4,classic_bike,2022-03-30 18:16:17,2022-03-30 18:36:04,W 35 St & 9 Ave,6569,E 41 St & Madison Ave (SE corner),6432,40.75414519263519,-73.9960889518261,40.752049,-73.979635,member
1892191,3E4C98AA769CEA37,classic_bike,2022-03-31 22:46:29,2022-03-31 23:31:26,W 35 St & 9 Ave,6569,Canal St & Rutgers St,5303,40.75414519263519,-73.9960889518261,40.71427487,-73.98990025,member
1892199,56BC80D692EC6306,docked_bike,2022-03-01 10:38:45,2022-03-01 10:57:14,W 35 St & 9 Ave,6569,W 12 St & Hudson St,5997,40.754145,-73.996089,40.73753,-74.005589,casual
1892612,43ECF53C26C2F54F,classic_bike,2022-03-01 08:48:59,2022-03-01 09:11:34,W 35 St & 9 Ave,6569,E 58 St & 3 Ave,6762,40.75414519263519,-73.9960889518261,40.76095756,-73.96724467,member
1892891,F7BFB9951B29B8C5,electric_bike,2022-03-22 17:08:54,2022-03-22 17:15:57,W 35 St & 9 Ave,6569,W 15 St & 6 Ave,5989,40.75414519263519,-73.9960889518261,40.738046142482766,-73.99642959237099,casual
1892895,AAA697F9CF8FC6A5,electric_bike,2022-03-21 09:16:28,2022-03-21 09:26:49,W 35 St & 9 Ave,6569,W 15 St & 6 Ave,5989,40.75414519263519,-73.9960889518261,40.738046142482766,-73.99642959237099,member
1892921,2097A56148345845,electric_bike,2022-03-24 16:45:05,2022-03-24 16:52:15,W 35 St & 9 Ave,6569,W 15 St & 6 Ave,5989,40.75414519263519,-73.9960889518261,40.738046142482766,-73.99642959237099,casual
1892937,B6F19779348E1559,electric_bike,2022-03-14 05:37:47,2022-03-14 05:44:23,W 35 St & 9 Ave,6569,E 41 St & Madison Ave (SE corner),6432,40.75414519263519,-73.9960889518261,40.752049,-73.979635,member
1892943,06D5E055DDCC1F5F,classic_bike,2022-03-10 19:28:24,2022-03-10 19:41:00,W 35 St & 9 Ave,6569,E 41 St & Madison Ave (SE corner),6432,40.75414519263519,-73.9960889518261,40.752049,-73.979635,member
1892958,3B732B0D47A7ADB3,electric_bike,2022-03-03 05:59:48,2022-03-03 06:05:29,W 35 St & 9 Ave,6569,E 41 St & Madison Ave (SE corner),6432,40.75414519263519,-73.9960889518261,40.752049,-73.979635,member
1892969,55D2287C24B96DD9,electric_bike,2022-03-06 22:10:59,2022-03-06 22:19:05,W 35 St & 9 Ave,6569,W 12 St & Hudson St,5997,40.75414519263519,-73.9960889518261,40.73752993301071,-74.00558933615685,member
1892994,B483C2453FCD784B,classic_bike,2022-03-14 13:35:31,2022-03-14 13:53:28,W 35 St & 9 Ave,6569,W 12 St & Hudson St,5997,40.75414519263519,-73.9960889518261,40.73752993301071,-74.00558933615685,member
1893041,1E0AE75812FFCAD3,electric_bike,2022-03-07 10:36:10,2022-03-07 10:52:53,W 35 St & 9 Ave,6569,E 58 St & 3 Ave,6762,40.75414519263519,-73.9960889518261,40.76095756,-73.96724467,casual
1893053,0A76234BACB4D3BA,docked_bike,2022-03-04 09:54:59,2022-03-04 10:21:06,W 35 St & 9 Ave,6569,W 12 St & Hudson St,5997,40.754145,-73.996089,40.73753,-74.005589,casual
1893060,29A3AFC340772C02,electric_bike,2022-03-20 15:28:09,2022-03-20 15:38:45,W 35 St & 9 Ave,6569,E 54 St & 1 Ave,6608,40.75414519263519,-73.9960889518261,40.756265,-73.964179,member
1893061,2ACB6986BE089E0F,classic_bike,2022-03-18 11:52:21,2022-03-18 12:03:58,W 35 St & 9 Ave,6569,Bank St & Washington St,5964,40.75414519263519,-73.9960889518261,40.7361967,-74.00859207,member
1893071,581B250D6EC327AB,electric_bike,2022-03-23 01:05:13,2022-03-23 01:12:17,W 35 St & 9 Ave,6569,W 15 St & 6 Ave,5989,40.75414519263519,-73.9960889518261,40.738046142482766,-73.99642959237099,member
1893072,55001DDB2D78BD18,classic_bike,2022-03-01 13:44:47,2022-03-01 13:54:09,W 35 St & 9 Ave,6569,E 41 St & Madison Ave (SE corner),6432,40.75414519263519,-73.9960889518261,40.752049,-73.979635,member
1893081,E57C46168D9BB2AE,electric_bike,2022-03-05 11:31:52,2022-03-05 11:41:23,W 35 St & 9 Ave,6569,W 12 St & Hudson St,5997,40.75414519263519,-73.9960889518261,40.73752993301071,-74.00558933615685,casual
1893179,ECD3C5B54E0B698F,classic_bike,2022-03-10 07:58:48,2022-03-10 08:07:35,W 35 St & 9 Ave,6569,E 41 St & Madison Ave (SE corner),6432,40.75414519263519,-73.9960889518261,40.752049,-73.979635,member
1893180,E8DBCD16323934B2,classic_bike,2022-03-17 08:22:27,2022-03-17 08:31:42,W 35 St & 9 Ave,6569,E 41 St & Madison Ave (SE corner),6432,40.75414519263519,-73.9960889518261,40.752049,-73.979635,member
1893181,C543265FAEC8ED3A,electric_bike,2022-03-13 15:28:42,2022-03-13 15:38:32,W 35 St & 9 Ave,6569,W 12 St & Hudson St,5997,40.75414519263519,-73.9960889518261,40.73752993301071,-74.00558933615685,member
